1.0,0.881854240283114,0.8428683405655519,0.8321256977958521,0.811764499543838,0.775984546589246,0.743259435838045,0.7281357303662191,0.706071092529473,0.672307941750405,0.650089987801599,0.6407158696198361,0.620802772577237,0.5905482609038399,0.524549234202665,0.480487573075755,0.369238408072833,0.27949582391690897,0.16006802325529298,0.0700681979439555,0.0187534931638853,0.0574197264342352,0.089043207745608,0.14527875681896602,0.24386475064264104,0.3636696775574671,0.44808433137142206,0.42935502540584297,0.351920492544294,0.26229672278023897,0.133502737696392,0.0634824426616607
0.881854240283114,1.0,0.9439260520155149,0.915899126575913,0.8968330686176741,0.841312009081563,0.8050979480039681,0.786080644949522,0.7624626838083031,0.734249938754823,0.709225876528056,0.691455177592886,0.673015327191678,0.642459922949136,0.566772940046719,0.506468890895077,0.40069720203785,0.306607944122834,0.175776157930749,0.0801393618153657,0.0203280045861936,0.0561282874011974,0.0880152460154276,0.156689173650725,0.27024617808245605,0.38888018150414505,0.46367369825909793,0.452682188858504,0.39332182670030497,0.291477355026466,0.141697300368983,0.0663431028360583
0.8428683405655519,0.9439260520155149,1.0,0.972358168860404,0.9459081216953801,0.907904465305315,0.8708388475860891,0.8499591194911291,0.821631663766631,0.7899708633376742,0.7671202490571719,0.7485798306734979,0.7327276259089258,0.7012840114025991,0.6203496285969521,0.559662296583971,0.44312710371990793,0.34535200811564,0.20959298362127396,0.107800372841109,0.0451437836606265,0.0336447382659028,0.064791306782709,0.135163710745387,0.257626400450712,0.38763879857785205,0.47433702301549097,0.465123084896511,0.40424103799584704,0.300960361794877,0.13848252671894,0.0726430092017318
0.8321256977958521,0.915899126575913,0.972358168860404,1.0,0.9796226408514559,0.939777697019017,0.901394230441887,0.879952653401652,0.853276139894016,0.8209415000218689,0.802077201204646,0.786017512670715,0.7683602649990641,0.739390661413604,0.6603607700722091,0.604229368034808,0.485232162042415,0.38932919527922494,0.252270860264138,0.144703820777035,0.0819613842886607,0.00407725684033592,0.0257701765708213,0.0990683855207706,0.22285167863373997,0.36237652423735606,0.45725971505423607,0.452053829432171,0.39228652004721903,0.29411655677397,0.12476649763690302,0.0508775322250351
0.811764499543838,0.8968330686176741,0.9459081216953801,0.9796226408514559,1.0,0.9709917947881609,0.934753792419488,0.912568746495519,0.884292074619704,0.8558437731256999,0.834899482883193,0.815387267111499,0.797261540260683,0.7633540202374008,0.682067795992334,0.628142956716796,0.516412191155012,0.42132362893564596,0.287896115624058,0.18145735008067299,0.116096748713067,0.03794099258864,0.00350901801209228,0.0805685048202102,0.204930958074245,0.344239851829822,0.43948901367135396,0.443659324207672,0.388200664210937,0.290453654487519,0.127251097285824,0.0497123847259536
0.775984546589246,0.841312009081563,0.907904465305315,0.939777697019017,0.9709917947881609,1.0,0.973774998677819,0.954306800013883,0.92707465664313,0.9030615162108041,0.88325843491639,0.861624132323744,0.846601535397854,0.8155178530132321,0.737783439765223,0.687844035793318,0.5848991987623411,0.488381927779051,0.357193834094188,0.255225984377431,0.18899094218363102,0.109268549766759,0.0726563142930366,0.0153033416812894,0.14748909054890602,0.287509087534012,0.38722709864281296,0.396814792122823,0.34536103114312106,0.254798828174175,0.109824485193437,0.031972482652182
0.743259435838045,0.8050979480039681,0.8708388475860891,0.901394230441887,0.934753792419488,0.973774998677819,1.0,0.985528593079865,0.961313039775381,0.940455748133685,0.92209673566418,0.9065144511783192,0.8913977557908809,0.8640960180698251,0.801031487175144,0.756470549843034,0.664104719735484,0.572989715858515,0.44956430933242497,0.355716295274541,0.293208711564348,0.21485107333195802,0.17452018058707996,0.0797467711923594,0.0502150665156971,0.191805343469095,0.293984293203582,0.31074875035750205,0.27200206484895395,0.188065519440061,0.0670476991209955,0.00942718446333287
0.7281357303662191,0.786080644949522,0.8499591194911291,0.879952653401652,0.912568746495519,0.954306800013883,0.985528593079865,1.0,0.9820886625568991,0.9619856707193171,0.944505849410976,0.930799062254384,0.918978462532595,0.893292935486718,0.8351006837119129,0.792487087978688,0.7078327773691371,0.619748881793675,0.4993571964641,0.41389393774467403,0.350710157583589,0.273329252169399,0.23134776472348803,0.14131962565156697,0.00269799650859895,0.142306141836875,0.24124427530152,0.253687716415622,0.205971832331214,0.129371973369129,0.0389598152238356,0.000697716905981311
0.706071092529473,0.7624626838083031,0.821631663766631,0.853276139894016,0.884292074619704,0.92707465664313,0.961313039775381,0.9820886625568991,1.0,0.9862828042578149,0.971854233109508,0.9588891179367541,0.9443893866325301,0.9220541678376959,0.872230705293136,0.8318539768420541,0.7550022189937851,0.673597608407335,0.558131843187516,0.47248088160577295,0.411429103937908,0.337263196687297,0.293938388512596,0.207525792929811,0.0697658360162926,0.0718758141208016,0.175605610996562,0.18637234842175,0.145713419607474,0.0858339168270351,0.0156439201087196,0.0185941487577301
0.672307941750405,0.734249938754823,0.7899708633376742,0.8209415000218689,0.8558437731256999,0.9030615162108041,0.940455748133685,0.9619856707193171,0.9862828042578149,1.0,0.9871163346011139,0.9697045361802711,0.953299144956691,0.9304491364085551,0.882751359515827,0.8423278525478771,0.7764254680369129,0.6995370940600041,0.5893848450635419,0.505598717360341,0.44382296956274897,0.373208880576325,0.330919159970228,0.241410169712632,0.10368505845944699,0.0321517847606424,0.133011836584609,0.150430519852684,0.119235424352474,0.0588865956676504,0.0027412689770874897,0.0214596243533768
0.650089987801599,0.709225876528056,0.7671202490571719,0.802077201204646,0.834899482883193,0.88325843491639,0.92209673566418,0.944505849410976,0.971854233109508,0.9871163346011139,1.0,0.9862881504684459,0.9721324364603621,0.9519441273458069,0.9102119870275459,0.8735399012503541,0.809637718639506,0.740384685124239,0.6375666484091279,0.553437604512705,0.49584476708209296,0.427569051775564,0.387961588320529,0.299324724976172,0.16130020506977802,0.0198573760785923,0.0846432826497217,0.10278562409357599,0.0725631696481405,0.0253859327318478,0.0138145543287188,0.0338575717871495
0.6407158696198361,0.691455177592886,0.7485798306734979,0.786017512670715,0.815387267111499,0.861624132323744,0.9065144511783192,0.930799062254384,0.9588891179367541,0.9697045361802711,0.9862881504684459,1.0,0.988457772298959,0.973165985044256,0.9387497948525471,0.904695422682348,0.8406026035315591,0.773971954932397,0.673509614377872,0.593004183558109,0.537672995500276,0.47108825723366604,0.433094741727591,0.34925555619668996,0.21477710264056002,0.0711872084265759,0.0391896773786439,0.0585694405004436,0.0257041716572885,0.0157910337361969,0.0431106001908993,0.0502389390444771
0.620802772577237,0.673015327191678,0.7327276259089258,0.7683602649990641,0.797261540260683,0.846601535397854,0.8913977557908809,0.918978462532595,0.9443893866325301,0.953299144956691,0.9721324364603621,0.988457772298959,1.0,0.987086307230944,0.9527322214523659,0.9196027833631049,0.857218726637677,0.792726138106076,0.6976832678582341,0.621826115552663,0.56736429322345,0.500721786787611,0.4656308744824821,0.381071755753383,0.245621228882193,0.0992319878412097,0.0118808115256299,0.0310779219321763,0.0028186585563369604,0.0381568989145698,0.0538078944815879,0.0585803168919533
0.5905482609038399,0.642459922949136,0.7012840114025991,0.739390661413604,0.7633540202374008,0.8155178530132321,0.8640960180698251,0.893292935486718,0.9220541678376959,0.9304491364085551,0.9519441273458069,0.973165985044256,0.987086307230944,1.0,0.976690918788993,0.946380660006925,0.887230337528525,0.826247647763789,0.733952421090535,0.660765746034318,0.607914070965842,0.5440555810396029,0.510617673025944,0.4289599528730229,0.29081589699740695,0.148527847261791,0.0380743650680301,0.0189002697589421,0.0489003437201458,0.0803163601816475,0.0735450187213645,0.0602660833503923
0.524549234202665,0.566772940046719,0.6203496285969521,0.6603607700722091,0.682067795992334,0.737783439765223,0.801031487175144,0.8351006837119129,0.872230705293136,0.882751359515827,0.9102119870275459,0.9387497948525471,0.9527322214523659,0.976690918788993,1.0,0.9818283890119441,0.9369985137310011,0.8884468890264531,0.806023679502688,0.741574697210962,0.69428622458002,0.63603884714719,0.6025944998675289,0.5302146774847359,0.39857254738947295,0.269983477942086,0.16314202705251502,0.143877160301938,0.161431540884271,0.17530537047632003,0.123428219740934,0.0731394770734673
0.480487573075755,0.506468890895077,0.559662296583971,0.604229368034808,0.628142956716796,0.687844035793318,0.756470549843034,0.792487087978688,0.8318539768420541,0.8423278525478771,0.8735399012503541,0.904695422682348,0.9196027833631049,0.946380660006925,0.9818283890119441,1.0,0.9707022560631959,0.9312555804469229,0.8604330364179179,0.7999440095107259,0.7576911447679359,0.701345436015816,0.669839387724098,0.602388552819094,0.48538706732690506,0.356766237734771,0.24499235981168102,0.222460233338903,0.238972043088457,0.233622249706963,0.14497298128347,0.0852845657157593
0.369238408072833,0.40069720203785,0.44312710371990793,0.485232162042415,0.516412191155012,0.5848991987623411,0.664104719735484,0.7078327773691371,0.7550022189937851,0.7764254680369129,0.809637718639506,0.8406026035315591,0.857218726637677,0.887230337528525,0.9369985137310011,0.9707022560631959,1.0,0.9790296280576449,0.930588230346461,0.8836149663631679,0.8458707108450692,0.797462216377042,0.768396734942774,0.708523953355662,0.604510143312318,0.48875535216545396,0.38533381454668797,0.35768613846325303,0.362201600091913,0.332546394113802,0.18878790087194602,0.10073225680370097
0.27949582391690897,0.306607944122834,0.34535200811564,0.38932919527922494,0.42132362893564596,0.488381927779051,0.572989715858515,0.619748881793675,0.673597608407335,0.6995370940600041,0.740384685124239,0.773971954932397,0.792726138106076,0.826247647763789,0.8884468890264531,0.9312555804469229,0.9790296280576449,1.0,0.972715361167361,0.932992952652094,0.900545648347547,0.8632686381471829,0.837253144464407,0.7816128552329169,0.6901407626455389,0.583751304990674,0.487082308672689,0.45762223200595,0.454752861395666,0.40210249911209295,0.225516148099843,0.125612181158044
0.16006802325529298,0.175776157930749,0.20959298362127396,0.252270860264138,0.287896115624058,0.357193834094188,0.44956430933242497,0.4993571964641,0.558131843187516,0.5893848450635419,0.6375666484091279,0.673509614377872,0.6976832678582341,0.733952421090535,0.806023679502688,0.8604330364179179,0.930588230346461,0.972715361167361,1.0,0.977403297309502,0.9569056123774108,0.9309737688999592,0.9061159331816259,0.853296084418257,0.7803091930422521,0.681790247249821,0.595344580115308,0.564227123512697,0.557215319405986,0.483834490818591,0.262765268799883,0.14187662334273302
0.0700681979439555,0.0801393618153657,0.107800372841109,0.144703820777035,0.18145735008067299,0.255225984377431,0.355716295274541,0.41389393774467403,0.47248088160577295,0.505598717360341,0.553437604512705,0.593004183558109,0.621826115552663,0.660765746034318,0.741574697210962,0.7999440095107259,0.8836149663631679,0.932992952652094,0.977403297309502,1.0,0.984932157257715,0.964893075434973,0.938770425368716,0.893080592540885,0.825836067736065,0.7391769284980859,0.667427294894755,0.6364075310044339,0.6302526350047399,0.553919347199999,0.30541675964819,0.157815082969762
0.0187534931638853,0.0203280045861936,0.0451437836606265,0.0819613842886607,0.116096748713067,0.18899094218363102,0.293208711564348,0.350710157583589,0.411429103937908,0.44382296956274897,0.49584476708209296,0.537672995500276,0.56736429322345,0.607914070965842,0.69428622458002,0.7576911447679359,0.8458707108450692,0.900545648347547,0.9569056123774108,0.984932157257715,1.0,0.9852075832374829,0.9631460788012091,0.920431619350338,0.862678412544543,0.7814625802443871,0.714133650797747,0.6835715443433941,0.673936109555621,0.590432511896957,0.329816678218605,0.175962668551442
0.0574197264342352,0.0561282874011974,0.0336447382659028,0.00407725684033592,0.03794099258864,0.109268549766759,0.21485107333195802,0.273329252169399,0.337263196687297,0.373208880576325,0.427569051775564,0.47108825723366604,0.500721786787611,0.5440555810396029,0.63603884714719,0.701345436015816,0.797462216377042,0.8632686381471829,0.9309737688999592,0.964893075434973,0.9852075832374829,1.0,0.983149962103695,0.945166242063335,0.8952406916397719,0.828643964658777,0.7676743242832149,0.7355440705133951,0.714813464372875,0.625594820692358,0.348960024639659,0.187396064819353
0.089043207745608,0.0880152460154276,0.064791306782709,0.0257701765708213,0.00350901801209228,0.0726563142930366,0.17452018058707996,0.23134776472348803,0.293938388512596,0.330919159970228,0.387961588320529,0.433094741727591,0.4656308744824821,0.510617673025944,0.6025944998675289,0.669839387724098,0.768396734942774,0.837253144464407,0.9061159331816259,0.938770425368716,0.9631460788012091,0.983149962103695,1.0,0.9745867478429641,0.925677353308641,0.862641049870083,0.8053521082164191,0.773919098122102,0.7521829570719009,0.658887832527541,0.36890482870937497,0.20207616597091602
0.14527875681896602,0.156689173650725,0.135163710745387,0.0990683855207706,0.0805685048202102,0.0153033416812894,0.0797467711923594,0.14131962565156697,0.207525792929811,0.241410169712632,0.299324724976172,0.34925555619668996,0.381071755753383,0.4289599528730229,0.5302146774847359,0.602388552819094,0.708523953355662,0.7816128552329169,0.853296084418257,0.893080592540885,0.920431619350338,0.945166242063335,0.9745867478429641,1.0,0.9653667959441771,0.9166898881442159,0.866889613420977,0.8458327397648909,0.82868320047335,0.7170404002273449,0.389653226520047,0.21009934217336498
0.24386475064264104,0.27024617808245605,0.257626400450712,0.22285167863373997,0.204930958074245,0.14748909054890602,0.0502150665156971,0.00269799650859895,0.0697658360162926,0.10368505845944699,0.16130020506977802,0.21477710264056002,0.245621228882193,0.29081589699740695,0.39857254738947295,0.48538706732690506,0.604510143312318,0.6901407626455389,0.7803091930422521,0.825836067736065,0.862678412544543,0.8952406916397719,0.925677353308641,0.9653667959441771,1.0,0.9711712487930391,0.9212314583643009,0.896938734747293,0.8722993020882241,0.732774357548782,0.38408036717805,0.20457508850141
0.3636696775574671,0.38888018150414505,0.38763879857785205,0.36237652423735606,0.344239851829822,0.287509087534012,0.191805343469095,0.142306141836875,0.0718758141208016,0.0321517847606424,0.0198573760785923,0.0711872084265759,0.0992319878412097,0.148527847261791,0.269983477942086,0.356766237734771,0.48875535216545396,0.583751304990674,0.681790247249821,0.7391769284980859,0.7814625802443871,0.828643964658777,0.862641049870083,0.9166898881442159,0.9711712487930391,1.0,0.972980992659686,0.9432689460109301,0.890891361810421,0.7393466428154251,0.39465136609258794,0.194580474958123
0.44808433137142206,0.46367369825909793,0.47433702301549097,0.45725971505423607,0.43948901367135396,0.38722709864281296,0.293984293203582,0.24124427530152,0.175605610996562,0.133011836584609,0.0846432826497217,0.0391896773786439,0.0118808115256299,0.0380743650680301,0.16314202705251502,0.24499235981168102,0.38533381454668797,0.487082308672689,0.595344580115308,0.667427294894755,0.714133650797747,0.7676743242832149,0.8053521082164191,0.866889613420977,0.9212314583643009,0.972980992659686,1.0,0.9737182631731831,0.91386318496702,0.7648627784813992,0.412809340434454,0.19761967015019802
0.42935502540584297,0.452682188858504,0.465123084896511,0.452053829432171,0.443659324207672,0.396814792122823,0.31074875035750205,0.253687716415622,0.18637234842175,0.150430519852684,0.10278562409357599,0.0585694405004436,0.0310779219321763,0.0189002697589421,0.143877160301938,0.222460233338903,0.35768613846325303,0.45762223200595,0.564227123512697,0.6364075310044339,0.6835715443433941,0.7355440705133951,0.773919098122102,0.8458327397648909,0.896938734747293,0.9432689460109301,0.9737182631731831,1.0,0.957685447418382,0.806887764038292,0.450078779567503,0.21218825490883603
0.351920492544294,0.39332182670030497,0.40424103799584704,0.39228652004721903,0.388200664210937,0.34536103114312106,0.27200206484895395,0.205971832331214,0.145713419607474,0.119235424352474,0.0725631696481405,0.0257041716572885,0.0028186585563369604,0.0489003437201458,0.161431540884271,0.238972043088457,0.362201600091913,0.454752861395666,0.557215319405986,0.6302526350047399,0.673936109555621,0.714813464372875,0.7521829570719009,0.82868320047335,0.8722993020882241,0.890891361810421,0.91386318496702,0.957685447418382,1.0,0.8761006077819009,0.5041004809659241,0.23657773396411397
0.26229672278023897,0.291477355026466,0.300960361794877,0.29411655677397,0.290453654487519,0.254798828174175,0.188065519440061,0.129371973369129,0.0858339168270351,0.0588865956676504,0.0253859327318478,0.0157910337361969,0.0381568989145698,0.0803163601816475,0.17530537047632003,0.233622249706963,0.332546394113802,0.40210249911209295,0.483834490818591,0.553919347199999,0.590432511896957,0.625594820692358,0.658887832527541,0.7170404002273449,0.732774357548782,0.7393466428154251,0.7648627784813992,0.806887764038292,0.8761006077819009,1.0,0.655073120716656,0.31511706789188204
0.133502737696392,0.141697300368983,0.13848252671894,0.12476649763690302,0.127251097285824,0.109824485193437,0.0670476991209955,0.0389598152238356,0.0156439201087196,0.0027412689770874897,0.0138145543287188,0.0431106001908993,0.0538078944815879,0.0735450187213645,0.123428219740934,0.14497298128347,0.18878790087194602,0.225516148099843,0.262765268799883,0.30541675964819,0.329816678218605,0.348960024639659,0.36890482870937497,0.389653226520047,0.38408036717805,0.39465136609258794,0.412809340434454,0.450078779567503,0.5041004809659241,0.655073120716656,1.0,0.5827245836473249
0.0634824426616607,0.0663431028360583,0.0726430092017318,0.0508775322250351,0.0497123847259536,0.031972482652182,0.00942718446333287,0.000697716905981311,0.0185941487577301,0.0214596243533768,0.0338575717871495,0.0502389390444771,0.0585803168919533,0.0602660833503923,0.0731394770734673,0.0852845657157593,0.10073225680370097,0.125612181158044,0.14187662334273302,0.157815082969762,0.175962668551442,0.187396064819353,0.20207616597091602,0.21009934217336498,0.20457508850141,0.194580474958123,0.19761967015019802,0.21218825490883603,0.23657773396411397,0.31511706789188204,0.5827245836473249,1.0
