1.0,0.8851734687080429,0.8418300380196759,0.816304823307886,0.7881232410838629,0.770428789921979,0.7549616007375501,0.7323825825097579,0.711821197395037,0.694689566157408,0.678506070198837,0.6589739982685129,0.6440531913285,0.631905835052728,0.6140367695234351,0.594765837912413,0.5804035764822421,0.558872155224783,0.5426894866689079,0.524576112411188,0.50801501899463,0.48871600427012707,0.47422420099910495,0.45860268207689003,0.436786033816245,0.410146672442125,0.391649256968809,0.357171937498445,0.315372816533917,0.269432163901538,0.187139708168426,0.0324701295522941
0.8851734687080429,1.0,0.972579197182232,0.9584467908166608,0.9388281085014529,0.9250110793939391,0.914917039034196,0.897582004510834,0.881855360502057,0.8680582399493509,0.8575074303085759,0.8428850730685171,0.8302288082472521,0.819271210622513,0.805092064013188,0.787327303817343,0.7747760480767691,0.7545157669769749,0.7409121734135,0.724131378690084,0.7091870026159971,0.692199673261429,0.678251295405538,0.663154713768041,0.64457760528075,0.620124241370324,0.603082326892697,0.569323096336355,0.524195549956704,0.46965472256037705,0.37747903153391704,0.0678677466308087
0.8418300380196759,0.972579197182232,1.0,0.9877365391155408,0.9756737740341,0.9655583740329109,0.9585607729368321,0.94536286876096,0.932913717469523,0.923034223952827,0.9133225450489301,0.90166647898789,0.890372080593357,0.8815894007612379,0.8691157009811519,0.8544788368119108,0.844137333387018,0.826028314582261,0.8133462915460441,0.7985693780239141,0.7849714593350899,0.7696497442337242,0.75695663996234,0.7424987060699441,0.724727116910299,0.7013057066763629,0.684052001036094,0.6519333916991059,0.607336936891477,0.550468763409484,0.457206920621641,0.114969410430635
0.816304823307886,0.9584467908166608,0.9877365391155408,1.0,0.990308988842772,0.9819069544168392,0.975576090760937,0.964529144166552,0.9539894506225329,0.9451792123570201,0.9368521263953822,0.925476541634583,0.9152735399634611,0.9072743754034258,0.896096852720255,0.8823527555445891,0.8733451433462399,0.8566900891045791,0.8442655392182271,0.8298035603666251,0.816195529757341,0.8018278674254209,0.7903496337529771,0.7771920697319041,0.760731783544782,0.739560461436055,0.7229047791699391,0.6926246661780329,0.6483159489832071,0.5931617739951089,0.5007673434016741,0.14363050334842
0.7881232410838629,0.9388281085014529,0.9756737740341,0.990308988842772,1.0,0.9935877342709041,0.98734026219769,0.979075453484926,0.970713428239303,0.963996414389395,0.955971463605908,0.9452594677160029,0.93604405852953,0.928546996311852,0.9186181761608571,0.906275645984517,0.89796458988549,0.8829631626589929,0.87092314669579,0.858490889212087,0.8463870518129509,0.833255497966342,0.822962604993229,0.8103268354977049,0.7946670829122429,0.774743718874743,0.7581766539885659,0.730163833538708,0.687980442395551,0.632739762803048,0.539940691229166,0.166795381521957
0.770428789921979,0.9250110793939391,0.9655583740329109,0.9819069544168392,0.9935877342709041,1.0,0.995421056746167,0.9892963234610089,0.9825723832379181,0.976236470291112,0.9696281240477859,0.9602429242229809,0.9517011516474692,0.944825272499681,0.935504833813999,0.9239890256348849,0.915277062698423,0.9012188953807908,0.889894207109471,0.877979522249798,0.8667591263834921,0.8548302716149799,0.845359982998351,0.8339551807710258,0.819297823466871,0.8003527245788051,0.783425838344335,0.7560337924889869,0.714814839800823,0.6604381785652951,0.56411533189687,0.181543433705464
0.7549616007375501,0.914917039034196,0.9585607729368321,0.975576090760937,0.98734026219769,0.995421056746167,1.0,0.995728032414647,0.9898840549283711,0.9846077660398969,0.9788789732570741,0.970939989079165,0.962714848012467,0.9561137819652851,0.947317097073524,0.936392370082612,0.927944303365407,0.915213693580053,0.9044242314098729,0.893079828359317,0.882241200170922,0.8708874315497992,0.861933273056131,0.851054123009925,0.83692809451693,0.818903202585256,0.80238048084298,0.775860671445952,0.7357505020066479,0.6822868175700821,0.586057586035624,0.19913478638297896
0.7323825825097579,0.897582004510834,0.94536286876096,0.964529144166552,0.979075453484926,0.9892963234610089,0.995728032414647,1.0,0.9960400432558149,0.9919166381020992,0.9866638997474191,0.979239089579762,0.9717769683750351,0.9656992959917671,0.957743254036285,0.9476661661237129,0.939955386839798,0.928426892908085,0.9178635341009541,0.9072929032189609,0.897236792238545,0.886746267992626,0.8782913593978292,0.8677465818330771,0.854681399406838,0.837430165727562,0.8217532267775001,0.796190036323058,0.7563131363842371,0.703234820664514,0.607126020174404,0.21991662234343398
0.711821197395037,0.881855360502057,0.932913717469523,0.9539894506225329,0.970713428239303,0.9825723832379181,0.9898840549283711,0.9960400432558149,1.0,0.9972138188070351,0.993333548727532,0.987051841038095,0.9805870008862341,0.9750563126026559,0.9677198360505749,0.9587962437827731,0.9516168915954971,0.9408916871094071,0.9314216557505959,0.9221021738756751,0.9134193849328149,0.9038581323812379,0.896225196738732,0.886478197040858,0.874497440367592,0.8578810914371501,0.8423285503754041,0.818113800449383,0.7792375274269191,0.7284687339673841,0.633172228377539,0.24873127339056197
0.694689566157408,0.8680582399493509,0.923034223952827,0.9451792123570201,0.963996414389395,0.976236470291112,0.9846077660398969,0.9919166381020992,0.9972138188070351,1.0,0.9970684282378779,0.9921350612573442,0.9864228118526659,0.9814020191998141,0.9746546428909649,0.9663890243755909,0.959866458006447,0.9498850451619859,0.9407975844619119,0.9321322636074629,0.924127383703891,0.9153289693596421,0.9081286736113601,0.8988746900309449,0.8873033007846829,0.8716782463770029,0.8568566754389509,0.833803354895061,0.7970641665349449,0.7479136009030309,0.655388846660458,0.265093600833802
0.678506070198837,0.8575074303085759,0.9133225450489301,0.9368521263953822,0.955971463605908,0.9696281240477859,0.9788789732570741,0.9866638997474191,0.993333548727532,0.9970684282378779,1.0,0.9969196899826691,0.9923730942954591,0.9881455141845199,0.9824020922826501,0.974909069925425,0.968725776013302,0.959042430960827,0.950429852310912,0.941723168386134,0.9342332300813722,0.9261553094302979,0.9195302736179659,0.9112112746043859,0.900044059786639,0.885553537932899,0.871430304378062,0.8491719495382769,0.8131202009868969,0.7651222923620591,0.673924865574968,0.281238566202038
0.6589739982685129,0.8428850730685171,0.90166647898789,0.925476541634583,0.9452594677160029,0.9602429242229809,0.970939989079165,0.979239089579762,0.987051841038095,0.9921350612573442,0.9969196899826691,1.0,0.997239373589755,0.993922577086325,0.98918958574199,0.9828400608664709,0.977135124922038,0.9682299043926129,0.9599947021051529,0.9518333162149699,0.945015312528325,0.937584466526358,0.9318428797266891,0.9238239614262299,0.913348684655742,0.900360567443831,0.8874591838615501,0.8668389525693159,0.8328956398654079,0.7873037453091559,0.697900498207419,0.30093580914948803
0.6440531913285,0.8302288082472521,0.890372080593357,0.9152735399634611,0.93604405852953,0.9517011516474692,0.962714848012467,0.9717769683750351,0.9805870008862341,0.9864228118526659,0.9923730942954591,0.997239373589755,1.0,0.997585668949954,0.993697206689131,0.988358227111485,0.9832367253208459,0.97498589232233,0.967438265926361,0.959736911474423,0.9531278760797759,0.9461380023836851,0.9409661456802391,0.9336526007987109,0.9240437864304679,0.911763018982385,0.899527925321266,0.879691440983603,0.847329933170646,0.803692615491333,0.715483392003239,0.31641570149552195
0.631905835052728,0.819271210622513,0.8815894007612379,0.9072743754034258,0.928546996311852,0.944825272499681,0.9561137819652851,0.9656992959917671,0.9750563126026559,0.9814020191998141,0.9881455141845199,0.993922577086325,0.997585668949954,1.0,0.997558735443432,0.993336000610165,0.988724563793621,0.981393052743822,0.974338454848116,0.966922227603982,0.9607443246893491,0.9543379029498249,0.9492743839687081,0.9426289120834209,0.93330755589891,0.92172077633801,0.910180604217667,0.8909788525848471,0.859960862920826,0.8169391269991991,0.7305465778370279,0.33081695645956705
0.6140367695234351,0.805092064013188,0.8691157009811519,0.896096852720255,0.9186181761608571,0.935504833813999,0.947317097073524,0.957743254036285,0.9677198360505749,0.9746546428909649,0.9824020922826501,0.98918958574199,0.993697206689131,0.997558735443432,1.0,0.99711102340954,0.9935168679367049,0.987298410114937,0.9811004071863242,0.9742371923955259,0.9684272600582571,0.962506526683333,0.957470549262612,0.9509987288558471,0.942105794826313,0.931760242138929,0.9212952962640379,0.903137618628504,0.8727525154208531,0.830579413579126,0.747137517176598,0.345607915916639
0.594765837912413,0.787327303817343,0.8544788368119108,0.8823527555445891,0.906275645984517,0.9239890256348849,0.936392370082612,0.9476661661237129,0.9587962437827731,0.9663890243755909,0.974909069925425,0.9828400608664709,0.988358227111485,0.993336000610165,0.99711102340954,1.0,0.9976242701801709,0.992918770610391,0.987976870673587,0.982290042176557,0.9772858245818299,0.9721461749255229,0.967319441028052,0.961309467585353,0.953632714668504,0.944752846921969,0.935078288815971,0.9183821672872551,0.890340761565988,0.84995004560472,0.7686322736239741,0.362065339506056
0.5804035764822421,0.7747760480767691,0.844137333387018,0.8733451433462399,0.89796458988549,0.915277062698423,0.927944303365407,0.939955386839798,0.9516168915954971,0.959866458006447,0.968725776013302,0.977135124922038,0.9832367253208459,0.988724563793621,0.9935168679367049,0.9976242701801709,1.0,0.9971156697065909,0.9930992373265349,0.988101346034515,0.9834310018188129,0.978546491369136,0.9737351210388281,0.9679095681573491,0.9606224227683801,0.951992722427283,0.942274995563904,0.926034965468711,0.8990643737458291,0.8608016306940921,0.781764622671943,0.372618648704948
0.558872155224783,0.7545157669769749,0.826028314582261,0.8566900891045791,0.8829631626589929,0.9012188953807908,0.915213693580053,0.928426892908085,0.9408916871094071,0.9498850451619859,0.959042430960827,0.9682299043926129,0.97498589232233,0.981393052743822,0.987298410114937,0.992918770610391,0.9971156697065909,1.0,0.9973402904102691,0.993732117167332,0.9896898097493779,0.985170651014206,0.9806791290477149,0.9754430733362691,0.969096836693764,0.961685810600172,0.9527810924836759,0.9379071380339978,0.912723348584319,0.87592077257487,0.7981744050597199,0.38643100079925896
0.5426894866689079,0.7409121734135,0.8133462915460441,0.8442655392182271,0.87092314669579,0.889894207109471,0.9044242314098729,0.9178635341009541,0.9314216557505959,0.9407975844619119,0.950429852310912,0.9599947021051529,0.967438265926361,0.974338454848116,0.9811004071863242,0.987976870673587,0.9930992373265349,0.9973402904102691,1.0,0.997277949918183,0.9937853605605459,0.989825302151898,0.985629869148685,0.980906696940562,0.9751581634487451,0.968033949794105,0.9597221810162472,0.9457696172072672,0.92083381643275,0.88540555726443,0.8101886810984279,0.399783100048336
0.524576112411188,0.724131378690084,0.7985693780239141,0.8298035603666251,0.858490889212087,0.877979522249798,0.893079828359317,0.9072929032189609,0.9221021738756751,0.9321322636074629,0.941723168386134,0.9518333162149699,0.959736911474423,0.966922227603982,0.9742371923955259,0.982290042176557,0.988101346034515,0.993732117167332,0.997277949918183,1.0,0.9975650568704391,0.993903059141037,0.990273571522015,0.9859586370714379,0.980806571080453,0.9741213400997659,0.96615668987846,0.953126171779924,0.9298400438147031,0.895445867154069,0.820704641497904,0.4095376995656
0.50801501899463,0.7091870026159971,0.7849714593350899,0.816195529757341,0.8463870518129509,0.8667591263834921,0.882241200170922,0.897236792238545,0.9134193849328149,0.924127383703891,0.9342332300813722,0.945015312528325,0.9531278760797759,0.9607443246893491,0.9684272600582571,0.9772858245818299,0.9834310018188129,0.9896898097493779,0.9937853605605459,0.9975650568704391,1.0,0.997417209253756,0.9942636627060991,0.990338186481134,0.9858070819699409,0.979754809514537,0.972126655522749,0.960178447319871,0.938052899045787,0.9044095728772329,0.830375411166822,0.421703184606712
0.48871600427012707,0.692199673261429,0.7696497442337242,0.8018278674254209,0.833255497966342,0.8548302716149799,0.8708874315497992,0.886746267992626,0.9038581323812379,0.9153289693596421,0.9261553094302979,0.937584466526358,0.9461380023836851,0.9543379029498249,0.962506526683333,0.9721461749255229,0.978546491369136,0.985170651014206,0.989825302151898,0.993903059141037,0.997417209253756,1.0,0.997615608679558,0.994363900315223,0.9901726448645559,0.9847760653968051,0.9774357773973229,0.96630282747413,0.945307586457152,0.912879051465688,0.8407836485533801,0.43467217939060204
0.47422420099910495,0.678251295405538,0.75695663996234,0.7903496337529771,0.822962604993229,0.845359982998351,0.861933273056131,0.8782913593978292,0.896225196738732,0.9081286736113601,0.9195302736179659,0.9318428797266891,0.9409661456802391,0.9492743839687081,0.957470549262612,0.967319441028052,0.9737351210388281,0.9806791290477149,0.985629869148685,0.990273571522015,0.9942636627060991,0.997615608679558,1.0,0.997437961548692,0.9940035973120029,0.989427776857713,0.9826436700622461,0.9728133351991209,0.952987487539016,0.92219754353637,0.8505688486031641,0.446975601132048
0.45860268207689003,0.663154713768041,0.7424987060699441,0.7771920697319041,0.8103268354977049,0.8339551807710258,0.851054123009925,0.8677465818330771,0.886478197040858,0.8988746900309449,0.9112112746043859,0.9238239614262299,0.9336526007987109,0.9426289120834209,0.9509987288558471,0.961309467585353,0.9679095681573491,0.9754430733362691,0.980906696940562,0.9859586370714379,0.990338186481134,0.994363900315223,0.997437961548692,1.0,0.997151952131751,0.992893842555452,0.986365128119142,0.9769856052038219,0.958706509061933,0.930087439383995,0.8609179823981931,0.463368480583421
0.436786033816245,0.64457760528075,0.724727116910299,0.760731783544782,0.7946670829122429,0.819297823466871,0.83692809451693,0.854681399406838,0.874497440367592,0.8873033007846829,0.900044059786639,0.913348684655742,0.9240437864304679,0.93330755589891,0.942105794826313,0.953632714668504,0.9606224227683801,0.969096836693764,0.9751581634487451,0.980806571080453,0.9858070819699409,0.9901726448645559,0.9940035973120029,0.997151952131751,1.0,0.996185889500319,0.9900095889745429,0.981291251753266,0.9640722276943101,0.937241554830749,0.8687052678808319,0.47084308047874196
0.410146672442125,0.620124241370324,0.7013057066763629,0.739560461436055,0.774743718874743,0.8003527245788051,0.818903202585256,0.837430165727562,0.8578810914371501,0.8716782463770029,0.885553537932899,0.900360567443831,0.911763018982385,0.92172077633801,0.931760242138929,0.944752846921969,0.951992722427283,0.961685810600172,0.968033949794105,0.9741213400997659,0.979754809514537,0.9847760653968051,0.989427776857713,0.992893842555452,0.996185889500319,1.0,0.995955781308658,0.989089217806888,0.974521864762067,0.9489808613248492,0.8853880614533549,0.487356065964957
0.391649256968809,0.603082326892697,0.684052001036094,0.7229047791699391,0.7581766539885659,0.783425838344335,0.80238048084298,0.8217532267775001,0.8423285503754041,0.8568566754389509,0.871430304378062,0.8874591838615501,0.899527925321266,0.910180604217667,0.9212952962640379,0.935078288815971,0.942274995563904,0.9527810924836759,0.9597221810162472,0.96615668987846,0.972126655522749,0.9774357773973229,0.9826436700622461,0.986365128119142,0.9900095889745429,0.995955781308658,1.0,0.995065962850683,0.982337716470467,0.957653870284397,0.899248519950384,0.504308504418926
0.357171937498445,0.569323096336355,0.6519333916991059,0.6926246661780329,0.730163833538708,0.7560337924889869,0.775860671445952,0.796190036323058,0.818113800449383,0.833803354895061,0.8491719495382769,0.8668389525693159,0.879691440983603,0.8909788525848471,0.903137618628504,0.9183821672872551,0.926034965468711,0.9379071380339978,0.9457696172072672,0.953126171779924,0.960178447319871,0.96630282747413,0.9728133351991209,0.9769856052038219,0.981291251753266,0.989089217806888,0.995065962850683,1.0,0.9906333551563721,0.9680741891197849,0.9136976558496229,0.525564082073386
0.315372816533917,0.524195549956704,0.607336936891477,0.6483159489832071,0.687980442395551,0.714814839800823,0.7357505020066479,0.7563131363842371,0.7792375274269191,0.7970641665349449,0.8131202009868969,0.8328956398654079,0.847329933170646,0.859960862920826,0.8727525154208531,0.890340761565988,0.8990643737458291,0.912723348584319,0.92083381643275,0.9298400438147031,0.938052899045787,0.945307586457152,0.952987487539016,0.958706509061933,0.9640722276943101,0.974521864762067,0.982337716470467,0.9906333551563721,1.0,0.9852640001504879,0.941391191550241,0.555298655101201
0.269432163901538,0.46965472256037705,0.550468763409484,0.5931617739951089,0.632739762803048,0.6604381785652951,0.6822868175700821,0.703234820664514,0.7284687339673841,0.7479136009030309,0.7651222923620591,0.7873037453091559,0.803692615491333,0.8169391269991991,0.830579413579126,0.84995004560472,0.8608016306940921,0.87592077257487,0.88540555726443,0.895445867154069,0.9044095728772329,0.912879051465688,0.92219754353637,0.930087439383995,0.937241554830749,0.9489808613248492,0.957653870284397,0.9680741891197849,0.9852640001504879,1.0,0.967068753793782,0.61507762872515
0.187139708168426,0.37747903153391704,0.457206920621641,0.5007673434016741,0.539940691229166,0.56411533189687,0.586057586035624,0.607126020174404,0.633172228377539,0.655388846660458,0.673924865574968,0.697900498207419,0.715483392003239,0.7305465778370279,0.747137517176598,0.7686322736239741,0.781764622671943,0.7981744050597199,0.8101886810984279,0.820704641497904,0.830375411166822,0.8407836485533801,0.8505688486031641,0.8609179823981931,0.8687052678808319,0.8853880614533549,0.899248519950384,0.9136976558496229,0.941391191550241,0.967068753793782,1.0,0.6847355470523679
0.0324701295522941,0.0678677466308087,0.114969410430635,0.14363050334842,0.166795381521957,0.181543433705464,0.19913478638297896,0.21991662234343398,0.24873127339056197,0.265093600833802,0.281238566202038,0.30093580914948803,0.31641570149552195,0.33081695645956705,0.345607915916639,0.362065339506056,0.372618648704948,0.38643100079925896,0.399783100048336,0.4095376995656,0.421703184606712,0.43467217939060204,0.446975601132048,0.463368480583421,0.47084308047874196,0.487356065964957,0.504308504418926,0.525564082073386,0.555298655101201,0.61507762872515,0.6847355470523679,1.0
