1.0,0.7600142761659721,0.699361782924234,0.650485644712974,0.617632778799306,0.590494826830556,0.5696578391076811,0.540617349061807,0.515673716525443,0.49263899053559995,0.46600364449501597,0.44285310482660495,0.41752848823771,0.38880280430777797,0.36312674087254904,0.34903598308624795,0.328762668607921,0.29426470348018197,0.269943968005686,0.23230907367306103,0.189429397832087,0.161716048854691,0.142665056976043,0.113166179811217,0.09217121300496099,0.0573906886466915,0.0486372288718601,0.0483210688637132,0.0471831272750577,0.0415945231737456,0.0361533212701931,0.0673415421094161
0.7600142761659721,1.0,0.9387379289616709,0.883912959819105,0.840139737271423,0.8180057390571591,0.797471214386016,0.7714808228565699,0.74072191995196,0.712819021215384,0.6868202758517601,0.656604840163717,0.627502672776603,0.59779489187332,0.5638291413788871,0.537951762613063,0.515656720825892,0.477796987546763,0.444703744198451,0.409182601401257,0.36201080379725603,0.321716803899623,0.294256500882972,0.255236585988143,0.23064329723978003,0.194290479224473,0.173614162504923,0.16126498836414402,0.12555479801489902,0.083521554466677,0.00228722759101347,0.0827552622094339
0.699361782924234,0.9387379289616709,1.0,0.966255629635021,0.9266585043652679,0.9038722215641809,0.8824794451607959,0.8621223228863371,0.8356597694502901,0.811093224448448,0.7873155282576608,0.757772830391693,0.726438092031189,0.69874325595113,0.6672999546643,0.643023355236057,0.621261464318782,0.584919315332827,0.552475020297033,0.520070229468367,0.47926300347593503,0.43560261562126795,0.40271626015499706,0.363607985864701,0.33984613964109006,0.303056357590049,0.272836428370886,0.25460826468576603,0.19315297147323002,0.13602805679639302,0.0280382165068691,0.0345530814163219
0.650485644712974,0.883912959819105,0.966255629635021,1.0,0.9706268009722709,0.950398126521088,0.9286526147306969,0.910226839512538,0.8887694644395191,0.865488086852683,0.842240356299477,0.8154219852613179,0.785944088343734,0.7621266774485809,0.7342896703044441,0.7107612248567601,0.689242033511573,0.65412930490918,0.623631053992422,0.591973848317582,0.555389472574534,0.513064537869299,0.47917729252402796,0.44066314380649296,0.417973218730055,0.37935035759771707,0.345632566630078,0.323364008030112,0.23977118284863,0.171193090263509,0.0603459117340876,0.0125675478416555
0.617632778799306,0.840139737271423,0.9266585043652679,0.9706268009722709,1.0,0.9822662269426629,0.9631515052962479,0.9435770258010391,0.9237939200886071,0.902473453245813,0.8813274187699109,0.8579143157747621,0.8307742723290841,0.8090883722499581,0.7829850793196279,0.761741320960631,0.7406458510343471,0.706371047488468,0.675652777289725,0.644511191983269,0.6098782666695071,0.569081084840072,0.5351017684653929,0.49616448342906294,0.4705549080097511,0.43000332825395293,0.393564598273303,0.36580755882970506,0.266065917345212,0.186905214664831,0.0779601408904272,0.000388656960731987
0.590494826830556,0.8180057390571591,0.9038722215641809,0.950398126521088,0.9822662269426629,1.0,0.9882446154824069,0.969000130829705,0.950082597431317,0.9294330725232031,0.909482999315823,0.887181505021445,0.8611868633145391,0.8412769045166479,0.8172730664125072,0.796657876651467,0.7760948772825942,0.743850862317062,0.7158408247841459,0.6855636290368671,0.6520421153493721,0.611723595230109,0.577204614439504,0.538505943641236,0.513593543148008,0.473340772212552,0.43876311659994804,0.4055107924679551,0.302093776668021,0.21388571053993502,0.11180616330089599,0.0220886218136015
0.5696578391076811,0.797471214386016,0.8824794451607959,0.9286526147306969,0.9631515052962479,0.9882446154824069,1.0,0.984927588661212,0.968791062420503,0.9491777399486241,0.9313343500523821,0.9096814445918359,0.8855772757929051,0.8674414454162142,0.8456365857389749,0.825816599642646,0.8068319630907671,0.7757035565558029,0.7485989831293329,0.719797117052998,0.686222614630553,0.647087029965881,0.613321024667667,0.575040963997841,0.5494098222784749,0.5091261086390839,0.469556751196209,0.4337186931358811,0.318268921000366,0.22598996343760602,0.126239728735976,0.0292891350423831
0.540617349061807,0.7714808228565699,0.8621223228863371,0.910226839512538,0.9435770258010391,0.969000130829705,0.984927588661212,1.0,0.989244159454125,0.9717472355436909,0.955643935256636,0.9362361883304541,0.9140122064489108,0.8972897033329409,0.876440846736815,0.856052922581622,0.838083091033493,0.808748960355292,0.7842688682890799,0.756130913402616,0.725167687794677,0.6867631624855051,0.65391547271418,0.6159439405289721,0.589508241673626,0.549588430442786,0.5067737490129011,0.46856413232918204,0.34222069804591304,0.244339100082379,0.134744865031929,0.0421967303262735
0.515673716525443,0.74072191995196,0.8356597694502901,0.8887694644395191,0.9237939200886071,0.950082597431317,0.968791062420503,0.989244159454125,1.0,0.988955085069418,0.9758694164881091,0.9596390964998891,0.9399647413466999,0.9244638529817509,0.9061265884864309,0.8866476818670309,0.870250121845432,0.845427441174784,0.8222357166304309,0.7948027117593219,0.7658833570733491,0.7292429975697841,0.6977337428507779,0.661346812710792,0.63651962445663,0.5991189087069899,0.556515649126334,0.518799298866943,0.380621633467974,0.273831874985464,0.154613302360504,0.0638062358038165
0.49263899053559995,0.712819021215384,0.811093224448448,0.865488086852683,0.902473453245813,0.9294330725232031,0.9491777399486241,0.9717472355436909,0.988955085069418,1.0,0.9894063741513409,0.9750835549387992,0.9582532895857221,0.9441261050488001,0.9277996100047808,0.9098050813522759,0.895015162683054,0.8732669121971619,0.851121010351229,0.8262539382243821,0.798842313134703,0.7642457395957559,0.734404353340539,0.699895051225657,0.6771133921261411,0.63997407761028,0.595143099366166,0.55642846202231,0.408224265641841,0.293356818702039,0.179631490133112,0.093595396877364
0.46600364449501597,0.6868202758517601,0.7873155282576608,0.842240356299477,0.8813274187699109,0.909482999315823,0.9313343500523821,0.955643935256636,0.9758694164881091,0.9894063741513409,1.0,0.991785925892636,0.977431730648033,0.9656973241166501,0.951219407845025,0.935042419319903,0.9219580383534859,0.90312380801513,0.883086263575708,0.8611179381928851,0.8362728381010258,0.8037414579695401,0.776597982428716,0.744522189744874,0.7225711690839302,0.68529737930511,0.640847542896342,0.598287981892308,0.43850396268134206,0.316584606447516,0.202846955255419,0.12424542179437499
0.44285310482660495,0.656604840163717,0.757772830391693,0.8154219852613179,0.8579143157747621,0.887181505021445,0.9096814445918359,0.9362361883304541,0.9596390964998891,0.9750835549387992,0.991785925892636,1.0,0.9906566300426851,0.980888577995934,0.9686021981214531,0.9547118477580179,0.9413551672241859,0.9245314943420981,0.9060191660087521,0.8855263874198241,0.863321579068122,0.833551545764539,0.8087671848962149,0.77894353492624,0.757010744037739,0.7201372425702819,0.6764019342177691,0.630727478474816,0.46262245124570794,0.33555637409880695,0.222533786188103,0.14546105691668
0.41752848823771,0.627502672776603,0.726438092031189,0.785944088343734,0.8307742723290841,0.8611868633145391,0.8855772757929051,0.9140122064489108,0.9399647413466999,0.9582532895857221,0.977431730648033,0.9906566300426851,1.0,0.99276775278094,0.981295694390874,0.968882414918561,0.95681916350658,0.9399724586122958,0.9231385243393929,0.903928322294976,0.882391512432923,0.854326660240907,0.8318633868344828,0.8038956193889479,0.7816474862216259,0.7456672481120479,0.703088010354474,0.654209554590245,0.477812860024182,0.343507547864421,0.23188448044720703,0.15667494291224898
0.38880280430777797,0.59779489187332,0.69874325595113,0.7621266774485809,0.8090883722499581,0.8412769045166479,0.8674414454162142,0.8972897033329409,0.9244638529817509,0.9441261050488001,0.9656973241166501,0.980888577995934,0.99276775278094,1.0,0.9930299641233531,0.981748568746324,0.9701675633354391,0.9542995257729749,0.9384710670407671,0.9208674269052229,0.90197774295009,0.8753597441439208,0.8539589411453109,0.8279692084146759,0.805356374201317,0.7696344402943249,0.728886155905221,0.678657805883549,0.49733602581617997,0.35744389227632395,0.250843117452314,0.174981005882491
0.36312674087254904,0.5638291413788871,0.6672999546643,0.7342896703044441,0.7829850793196279,0.8172730664125072,0.8456365857389749,0.876440846736815,0.9061265884864309,0.9277996100047808,0.951219407845025,0.9686021981214531,0.981295694390874,0.9930299641233531,1.0,0.9912607692788149,0.9807006204447279,0.967476545211875,0.954394228185904,0.9384168853022901,0.9213793277550891,0.896363860324594,0.8757159219863809,0.852456360419078,0.830901988103523,0.7959051685415259,0.7540192592649541,0.703408605702371,0.514797979368966,0.37482998531852096,0.270378162201801,0.19887317185245
0.34903598308624795,0.537951762613063,0.643023355236057,0.7107612248567601,0.761741320960631,0.796657876651467,0.825816599642646,0.856052922581622,0.8866476818670309,0.9098050813522759,0.935042419319903,0.9547118477580179,0.968882414918561,0.981748568746324,0.9912607692788149,1.0,0.9933928557991322,0.981103084713022,0.969780267032364,0.954221747251995,0.938146539856095,0.915158327860255,0.896835373991249,0.875656608219098,0.8532134107727269,0.817691401578792,0.776023446979884,0.7226533821544548,0.5285574373549529,0.3825725078064821,0.27610381064658196,0.202357207428416
0.328762668607921,0.515656720825892,0.621261464318782,0.689242033511573,0.7406458510343471,0.7760948772825942,0.8068319630907671,0.838083091033493,0.870250121845432,0.895015162683054,0.9219580383534859,0.9413551672241859,0.95681916350658,0.9701675633354391,0.9807006204447279,0.9933928557991322,1.0,0.9919409331079321,0.981785172328976,0.9672019288843829,0.951646150775193,0.9311154577752191,0.9138900349773091,0.89389316896911,0.871954430118636,0.835179648211311,0.789960793013678,0.735676644513557,0.535436017226113,0.38311157930465795,0.2767066756316,0.210112504736436
0.29426470348018197,0.477796987546763,0.584919315332827,0.65412930490918,0.706371047488468,0.743850862317062,0.7757035565558029,0.808748960355292,0.845427441174784,0.8732669121971619,0.90312380801513,0.9245314943420981,0.9399724586122958,0.9542995257729749,0.967476545211875,0.981103084713022,0.9919409331079321,1.0,0.992414068689927,0.9807900268694391,0.968136254711367,0.9498552713928861,0.9337080772637341,0.914410755282583,0.893528038546398,0.857505813268023,0.8117867088689001,0.7553308503903009,0.552049598487558,0.399508062238627,0.29080092947139596,0.223331156851818
0.269943968005686,0.444703744198451,0.552475020297033,0.623631053992422,0.675652777289725,0.7158408247841459,0.7485989831293329,0.7842688682890799,0.8222357166304309,0.851121010351229,0.883086263575708,0.9060191660087521,0.9231385243393929,0.9384710670407671,0.954394228185904,0.969780267032364,0.981785172328976,0.992414068689927,1.0,0.9929642599661501,0.9814334428983721,0.9647178350871509,0.9497862078253029,0.931355628601985,0.908651150464303,0.872946931018252,0.826013148726936,0.766765359778324,0.559799302509583,0.40774814633934403,0.302354272958111,0.239775254957963
0.23230907367306103,0.409182601401257,0.520070229468367,0.591973848317582,0.644511191983269,0.6855636290368671,0.719797117052998,0.756130913402616,0.7948027117593219,0.8262539382243821,0.8611179381928851,0.8855263874198241,0.903928322294976,0.9208674269052229,0.9384168853022901,0.954221747251995,0.9672019288843829,0.9807900268694391,0.9929642599661501,1.0,0.991708139785755,0.9771845280571009,0.962332654791709,0.9458747662670239,0.923058164315212,0.8889278900509641,0.8394763791982549,0.777889516431521,0.564607419705825,0.411480891220306,0.308951289120935,0.248119713378488
0.189429397832087,0.36201080379725603,0.47926300347593503,0.555389472574534,0.6098782666695071,0.6520421153493721,0.686222614630553,0.725167687794677,0.7658833570733491,0.798842313134703,0.8362728381010258,0.863321579068122,0.882391512432923,0.90197774295009,0.9213793277550891,0.938146539856095,0.951646150775193,0.968136254711367,0.9814334428983721,0.991708139785755,1.0,0.9916129295964851,0.9782934388947091,0.9639787937245609,0.9413285287115799,0.909352523058119,0.857839544463619,0.7959372078961692,0.5725250455738299,0.41934706661929294,0.318977221368471,0.260102343258636
0.161716048854691,0.321716803899623,0.43560261562126795,0.513064537869299,0.569081084840072,0.611723595230109,0.647087029965881,0.6867631624855051,0.7292429975697841,0.7642457395957559,0.8037414579695401,0.833551545764539,0.854326660240907,0.8753597441439208,0.896363860324594,0.915158327860255,0.9311154577752191,0.9498552713928861,0.9647178350871509,0.9771845280571009,0.9916129295964851,1.0,0.9917302550186999,0.979598363808992,0.9588868324393579,0.929483891536268,0.8804776409836608,0.8165540260926059,0.589460844664366,0.434820269160247,0.33630345930461697,0.281815319592308
0.142665056976043,0.294256500882972,0.40271626015499706,0.47917729252402796,0.5351017684653929,0.577204614439504,0.613321024667667,0.65391547271418,0.6977337428507779,0.734404353340539,0.776597982428716,0.8087671848962149,0.8318633868344828,0.8539589411453109,0.8757159219863809,0.896835373991249,0.9138900349773091,0.9337080772637341,0.9497862078253029,0.962332654791709,0.9782934388947091,0.9917302550186999,1.0,0.9893529491418029,0.9713457600420171,0.9440991663809921,0.8966677925477192,0.832697388586989,0.604620292717711,0.44933463712138,0.34818233775919,0.29624498317707204
0.113166179811217,0.255236585988143,0.363607985864701,0.44066314380649296,0.49616448342906294,0.538505943641236,0.575040963997841,0.6159439405289721,0.661346812710792,0.699895051225657,0.744522189744874,0.77894353492624,0.8038956193889479,0.8279692084146759,0.852456360419078,0.875656608219098,0.89389316896911,0.914410755282583,0.931355628601985,0.9458747662670239,0.9639787937245609,0.979598363808992,0.9893529491418029,1.0,0.987862435559665,0.9618688654703671,0.914059434317649,0.848881848404434,0.617920518882806,0.462838548392535,0.367469540798893,0.315755097358666
0.09217121300496099,0.23064329723978003,0.33984613964109006,0.417973218730055,0.4705549080097511,0.513593543148008,0.5494098222784749,0.589508241673626,0.63651962445663,0.6771133921261411,0.7225711690839302,0.757010744037739,0.7816474862216259,0.805356374201317,0.830901988103523,0.8532134107727269,0.871954430118636,0.893528038546398,0.908651150464303,0.923058164315212,0.9413285287115799,0.9588868324393579,0.9713457600420171,0.987862435559665,1.0,0.9837750185617671,0.9337720916172499,0.87500645361005,0.645670242629641,0.48954736361276596,0.39799912376845503,0.342535053563514
0.0573906886466915,0.194290479224473,0.303056357590049,0.37935035759771707,0.43000332825395293,0.473340772212552,0.5091261086390839,0.549588430442786,0.5991189087069899,0.63997407761028,0.68529737930511,0.7201372425702819,0.7456672481120479,0.7696344402943249,0.7959051685415259,0.817691401578792,0.835179648211311,0.857505813268023,0.872946931018252,0.8889278900509641,0.909352523058119,0.929483891536268,0.9440991663809921,0.9618688654703671,0.9837750185617671,1.0,0.958582709303765,0.911879228603802,0.69490772330015,0.534463206532427,0.439781943762355,0.36846503594024604
0.0486372288718601,0.173614162504923,0.272836428370886,0.345632566630078,0.393564598273303,0.43876311659994804,0.469556751196209,0.5067737490129011,0.556515649126334,0.595143099366166,0.640847542896342,0.6764019342177691,0.703088010354474,0.728886155905221,0.7540192592649541,0.776023446979884,0.789960793013678,0.8117867088689001,0.826013148726936,0.8394763791982549,0.857839544463619,0.8804776409836608,0.8966677925477192,0.914059434317649,0.9337720916172499,0.958582709303765,1.0,0.966008903492951,0.8218998087084609,0.6729545476171279,0.565236095340514,0.416370451963469
0.0483210688637132,0.16126498836414402,0.25460826468576603,0.323364008030112,0.36580755882970506,0.4055107924679551,0.4337186931358811,0.46856413232918204,0.518799298866943,0.55642846202231,0.598287981892308,0.630727478474816,0.654209554590245,0.678657805883549,0.703408605702371,0.7226533821544548,0.735676644513557,0.7553308503903009,0.766765359778324,0.777889516431521,0.7959372078961692,0.8165540260926059,0.832697388586989,0.848881848404434,0.87500645361005,0.911879228603802,0.966008903492951,1.0,0.8922217092217621,0.7464122769348059,0.593155808369125,0.44731546320723703
0.0471831272750577,0.12555479801489902,0.19315297147323002,0.23977118284863,0.266065917345212,0.302093776668021,0.318268921000366,0.34222069804591304,0.380621633467974,0.408224265641841,0.43850396268134206,0.46262245124570794,0.477812860024182,0.49733602581617997,0.514797979368966,0.5285574373549529,0.535436017226113,0.552049598487558,0.559799302509583,0.564607419705825,0.5725250455738299,0.589460844664366,0.604620292717711,0.617920518882806,0.645670242629641,0.69490772330015,0.8218998087084609,0.8922217092217621,1.0,0.9159535263527689,0.7397958973359069,0.463718111480282
0.0415945231737456,0.083521554466677,0.13602805679639302,0.171193090263509,0.186905214664831,0.21388571053993502,0.22598996343760602,0.244339100082379,0.273831874985464,0.293356818702039,0.316584606447516,0.33555637409880695,0.343507547864421,0.35744389227632395,0.37482998531852096,0.3825725078064821,0.38311157930465795,0.399508062238627,0.40774814633934403,0.411480891220306,0.41934706661929294,0.434820269160247,0.44933463712138,0.462838548392535,0.48954736361276596,0.534463206532427,0.6729545476171279,0.7464122769348059,0.9159535263527689,1.0,0.8407476716121229,0.4677936598715
0.0361533212701931,0.00228722759101347,0.0280382165068691,0.0603459117340876,0.0779601408904272,0.11180616330089599,0.126239728735976,0.134744865031929,0.154613302360504,0.179631490133112,0.202846955255419,0.222533786188103,0.23188448044720703,0.250843117452314,0.270378162201801,0.27610381064658196,0.2767066756316,0.29080092947139596,0.302354272958111,0.308951289120935,0.318977221368471,0.33630345930461697,0.34818233775919,0.367469540798893,0.39799912376845503,0.439781943762355,0.565236095340514,0.593155808369125,0.7397958973359069,0.8407476716121229,1.0,0.58967024460763
0.0673415421094161,0.0827552622094339,0.0345530814163219,0.0125675478416555,0.000388656960731987,0.0220886218136015,0.0292891350423831,0.0421967303262735,0.0638062358038165,0.093595396877364,0.12424542179437499,0.14546105691668,0.15667494291224898,0.174981005882491,0.19887317185245,0.202357207428416,0.210112504736436,0.223331156851818,0.239775254957963,0.248119713378488,0.260102343258636,0.281815319592308,0.29624498317707204,0.315755097358666,0.342535053563514,0.36846503594024604,0.416370451963469,0.44731546320723703,0.463718111480282,0.4677936598715,0.58967024460763,1.0
