1.0,0.8906032565256942,0.829895587104385,0.7911889883211299,0.765872427269247,0.745460386664001,0.7202164359224,0.7078625572519341,0.701761484806223,0.697083103594076,0.6903362719814711,0.6758759326404311,0.669110894708541,0.6614562779560831,0.6516279991385071,0.635153141421589,0.6216147453524019,0.6100809452020359,0.601154015671436,0.5946748357079841,0.5867209924237359,0.585291210370836,0.572350203117172,0.555478571204195,0.545651934885175,0.548395190337596,0.5307902183211121,0.489580657288672,0.451313192595021,0.42999799078623496,0.4152135900459771,0.41549141570577897
0.8906032565256942,1.0,0.9490579962733879,0.909920622949254,0.8816535140429559,0.8597469672737651,0.8361685277424821,0.826303497945595,0.8179494355863031,0.810129892429896,0.802058548051866,0.7900014304479499,0.782675006220705,0.776360595724625,0.7678944142272099,0.7507016390706679,0.7374090300060491,0.7235297722385441,0.71339786004727,0.7064388079659409,0.697111903881671,0.694962840352048,0.6780757650572828,0.6585318060037221,0.647652861704249,0.6489772667321829,0.631471840043344,0.5879324396782061,0.5369445346009419,0.5035920105828801,0.48834673596083594,0.507415234490514
0.829895587104385,0.9490579962733879,1.0,0.980605148012957,0.950396471994289,0.928346764526909,0.908700190714182,0.89914045691673,0.8919595887645211,0.8845593699045708,0.875517491726273,0.861123243341672,0.8533380756618159,0.8496981911447721,0.844104405312468,0.827882406887445,0.817615972133126,0.803799744947619,0.7933140364381359,0.7845403016825621,0.770843891602615,0.7695804899507901,0.751156984038491,0.72889198878301,0.715121149768649,0.713545375763778,0.7002623792297429,0.6627442134537839,0.6102896857770339,0.5714800299602671,0.552154425226728,0.574230874314157
0.7911889883211299,0.909920622949254,0.980605148012957,1.0,0.9894286431345191,0.967493658191332,0.949447577816779,0.938827609902498,0.9307938408549861,0.9227845814053149,0.913417398804113,0.8990009670669972,0.892247427993861,0.888868510390999,0.8838169806389141,0.868456197194962,0.857779668538744,0.847400970276881,0.8388535216815749,0.830400495269413,0.816024187790887,0.815560744326153,0.7967978446766422,0.7754725342623601,0.7627395670251559,0.759730505923718,0.74607904796923,0.707213377070678,0.656172074056158,0.619035547222851,0.596902649917069,0.620046439889216
0.765872427269247,0.8816535140429559,0.950396471994289,0.9894286431345191,1.0,0.99078816885832,0.972531377036635,0.960410688711029,0.950309624483236,0.941442451469812,0.9325374269572951,0.917986009397095,0.911899784737755,0.908146234737272,0.9031233609349408,0.8883933601147249,0.8758718225455691,0.8677519349480981,0.8600539631479108,0.851710505074054,0.8379261010389829,0.838002434656891,0.8208182421295109,0.800599526683968,0.788027079357881,0.7839706840607908,0.7688846542699399,0.7280357472478691,0.6771074940802709,0.639605314876942,0.612340846354515,0.6351066340089789
0.745460386664001,0.8597469672737651,0.928346764526909,0.967493658191332,0.99078816885832,1.0,0.9876890154624302,0.974858083440903,0.9629617510585,0.953363705523022,0.944945031985613,0.9298590089820041,0.9243379155331869,0.9206400467290992,0.9160967456522191,0.9022481420980251,0.8883642668696571,0.881340039890129,0.8735014076304359,0.8648896873212929,0.8519923463339859,0.852351676258693,0.837412679425141,0.8177192565596401,0.804106210883351,0.798693310869496,0.7827544929737529,0.7421104144201278,0.6909845328528249,0.6507750419442679,0.615998136796849,0.635335583254986
0.7202164359224,0.8361685277424821,0.908700190714182,0.949447577816779,0.972531377036635,0.9876890154624302,1.0,0.988723412550437,0.9772442382965558,0.967216664824591,0.9580238591798341,0.942977957344834,0.939416795708088,0.9368896339289581,0.9337767543000319,0.921923542834075,0.909103579164543,0.904654050306706,0.8977942596031949,0.8896409020431111,0.8777973967080219,0.878280636640293,0.8638706954011179,0.8449756205168341,0.831397094893447,0.8238507426847741,0.8082746324994441,0.7707503634776149,0.723210291811313,0.6828269213514822,0.6402176841330389,0.65014644241197
0.7078625572519341,0.826303497945595,0.89914045691673,0.938827609902498,0.960410688711029,0.974858083440903,0.988723412550437,1.0,0.994200583751562,0.9832984292469379,0.972798904199228,0.957769279858438,0.9544052029048471,0.9510301870578891,0.947919878538314,0.9376751552252559,0.9263894201645211,0.920823312857091,0.9144810583482209,0.907481563808559,0.8956984857468809,0.8946487008115451,0.878996664636785,0.8588554645554041,0.844853375442935,0.8386805976883159,0.8246620521967429,0.7923770190834929,0.7463946910816741,0.704937488326077,0.6623731633249139,0.666078038657053
0.701761484806223,0.8179494355863031,0.8919595887645211,0.9307938408549861,0.950309624483236,0.9629617510585,0.9772442382965558,0.994200583751562,1.0,0.9959168210002131,0.9851891918261941,0.969677417275282,0.9651677517065109,0.9610628688195001,0.9574305597532808,0.9467776670854391,0.9362393360077921,0.9292089971249899,0.923753862345396,0.917895906410595,0.9051031642305329,0.90353913246003,0.88659376192187,0.86482382260304,0.8501865617583759,0.845769578226609,0.834509488598547,0.8043852611386071,0.7584492945408831,0.716358126588475,0.674322355726172,0.674067740619068
0.697083103594076,0.810129892429896,0.8845593699045708,0.9227845814053149,0.941442451469812,0.953363705523022,0.967216664824591,0.9832984292469379,0.9959168210002131,1.0,0.994888498332766,0.9796480192865009,0.973736524995737,0.968373612233572,0.963276774842131,0.95095719054491,0.9401851112927879,0.9317348325289029,0.9265484068202678,0.9212810173462901,0.907888363981847,0.9065015289701239,0.889207780163639,0.866534186096535,0.8512116613542192,0.8472476574301441,0.8380744951573291,0.8088660658765658,0.7619837593953709,0.7189526751821209,0.677983848251389,0.675088920799626
0.6903362719814711,0.802058548051866,0.875517491726273,0.913417398804113,0.9325374269572951,0.944945031985613,0.9580238591798341,0.972798904199228,0.9851891918261941,0.994888498332766,1.0,0.9899667544545991,0.983231148728218,0.9764193360749759,0.9694505821348961,0.955091871180871,0.9438857005293649,0.934309780304604,0.928590426476805,0.9231474432858001,0.9095518782511941,0.908376861110518,0.891101876229317,0.8681309632929329,0.8521223222882479,0.8470047387574291,0.838466419547994,0.8104152165447521,0.763429552367482,0.7202679956954878,0.681153556949846,0.676215205026194
0.6758759326404311,0.7900014304479499,0.861123243341672,0.8990009670669972,0.917986009397095,0.9298590089820041,0.942977957344834,0.957769279858438,0.969677417275282,0.9796480192865009,0.9899667544545991,1.0,0.993997984229833,0.987455297248115,0.9803093814731859,0.9650135388380309,0.95551660838633,0.9455022880565749,0.939201873885461,0.9328369487297159,0.9175877284176551,0.9153980679481051,0.895835012978567,0.8716639274420691,0.8550226078909041,0.84834490937272,0.839101871164476,0.8138981478450529,0.77219090846646,0.734035424117276,0.69821153203676,0.691533652472437
0.669110894708541,0.782675006220705,0.8533380756618159,0.892247427993861,0.911899784737755,0.9243379155331869,0.939416795708088,0.9544052029048471,0.9651677517065109,0.973736524995737,0.983231148728218,0.993997984229833,1.0,0.9969567777816959,0.9896689776151191,0.974976386999259,0.9651522068152181,0.9550996040220309,0.947806773666059,0.94137131688484,0.928278804330375,0.9253475012301942,0.9067007200970658,0.883285795933,0.8665142347136601,0.85845780352166,0.8484013678290251,0.823041644233026,0.781585832776802,0.743123953912257,0.705316594336011,0.692948162165762
0.6614562779560831,0.776360595724625,0.8496981911447721,0.888868510390999,0.908146234737272,0.9206400467290992,0.9368896339289581,0.9510301870578891,0.9610628688195001,0.968373612233572,0.9764193360749759,0.987455297248115,0.9969567777816959,1.0,0.996499563497787,0.981275606992473,0.9720498672971549,0.9620989500895389,0.9543575720499492,0.947322673662025,0.9337921205809191,0.9303196578516629,0.9106628969567511,0.886077892075288,0.8680625744831949,0.858620661173152,0.8494370572728529,0.825898046096303,0.785482778405153,0.7472597812921031,0.7096313194844399,0.693693925463083
0.6516279991385071,0.7678944142272099,0.844104405312468,0.8838169806389141,0.9031233609349408,0.9160967456522191,0.9337767543000319,0.947919878538314,0.9574305597532808,0.963276774842131,0.9694505821348961,0.9803093814731859,0.9896689776151191,0.996499563497787,1.0,0.9921334700123459,0.9830734232195429,0.9739223750079431,0.966137400887779,0.959452407710032,0.947524072988667,0.9429239562101559,0.9259465894597919,0.9026096857758219,0.883692153943229,0.871938269426994,0.8621177593002379,0.8400957828785279,0.799243460503762,0.758463292777565,0.7170570368057371,0.6993457982930159
0.635153141421589,0.7507016390706679,0.827882406887445,0.868456197194962,0.8883933601147249,0.9022481420980251,0.921923542834075,0.9376751552252559,0.9467776670854391,0.95095719054491,0.955091871180871,0.9650135388380309,0.974976386999259,0.981275606992473,0.9921334700123459,1.0,0.9923486301221691,0.9847593644066339,0.9771313890779741,0.971980042316088,0.964692707674192,0.9585817670678071,0.948591488257498,0.929913629117192,0.9113178322158859,0.896584063040007,0.8839653075797859,0.862222682681538,0.819725159654125,0.7740870642633821,0.7241512143386641,0.70476983510377
0.6216147453524019,0.7374090300060491,0.817615972133126,0.857779668538744,0.8758718225455691,0.8883642668696571,0.909103579164543,0.9263894201645211,0.9362393360077921,0.9401851112927879,0.9438857005293649,0.95551660838633,0.9651522068152181,0.9720498672971549,0.9830734232195429,0.9923486301221691,1.0,0.9932187355797142,0.9855338922129642,0.979323384947705,0.9685220098214631,0.9633677998920791,0.9496380964996171,0.929054807833537,0.9102738032881791,0.8947331240880899,0.8834991333433969,0.8639566068479619,0.825895712094758,0.783984377620371,0.734074490048722,0.7076428842599709
0.6100809452020359,0.7235297722385441,0.803799744947619,0.847400970276881,0.8677519349480981,0.881340039890129,0.904654050306706,0.920823312857091,0.9292089971249899,0.9317348325289029,0.934309780304604,0.9455022880565749,0.9550996040220309,0.9620989500895389,0.9739223750079431,0.9847593644066339,0.9932187355797142,1.0,0.996944672932093,0.98993472912811,0.9793012560933321,0.97476532465936,0.9617661998389742,0.9440751516144019,0.9279492648096781,0.9112158700553671,0.897344721040677,0.8750997467999649,0.8414263546152021,0.804086688604414,0.7492672253013539,0.7201361979050991
0.601154015671436,0.71339786004727,0.7933140364381359,0.8388535216815749,0.8600539631479108,0.8735014076304359,0.8977942596031949,0.9144810583482209,0.923753862345396,0.9265484068202678,0.928590426476805,0.939201873885461,0.947806773666059,0.9543575720499492,0.966137400887779,0.9771313890779741,0.9855338922129642,0.996944672932093,1.0,0.996970621678973,0.985878505563299,0.9817813622672841,0.9677453196607,0.950699276103822,0.9363642700251171,0.9208652312391951,0.906301277589464,0.883592713344222,0.850796668137928,0.8142688747048391,0.758241154408733,0.726181427361476
0.5946748357079841,0.7064388079659409,0.7845403016825621,0.830400495269413,0.851710505074054,0.8648896873212929,0.8896409020431111,0.907481563808559,0.917895906410595,0.9212810173462901,0.9231474432858001,0.9328369487297159,0.94137131688484,0.947322673662025,0.959452407710032,0.971980042316088,0.979323384947705,0.98993472912811,0.996970621678973,1.0,0.99347088564714,0.9888987748108141,0.975530401700463,0.9593700628362791,0.946184815540854,0.9324408923927391,0.917375566206115,0.8946940680929231,0.8591757504241221,0.819573965459425,0.763259049218513,0.727790099871018
0.5867209924237359,0.697111903881671,0.770843891602615,0.816024187790887,0.8379261010389829,0.8519923463339859,0.8777973967080219,0.8956984857468809,0.9051031642305329,0.907888363981847,0.9095518782511941,0.9175877284176551,0.928278804330375,0.9337921205809191,0.947524072988667,0.964692707674192,0.9685220098214631,0.9793012560933321,0.985878505563299,0.99347088564714,1.0,0.9945393933234109,0.986693644274794,0.974367101927292,0.9624346582689391,0.9489567453657819,0.9317847566465992,0.907500642653522,0.867250727148068,0.822381729840949,0.7633057575129358,0.724357650403516
0.585291210370836,0.694962840352048,0.7695804899507901,0.815560744326153,0.838002434656891,0.852351676258693,0.878280636640293,0.8946487008115451,0.90353913246003,0.9065015289701239,0.908376861110518,0.9153980679481051,0.9253475012301942,0.9303196578516629,0.9429239562101559,0.9585817670678071,0.9633677998920791,0.97476532465936,0.9817813622672841,0.9888987748108141,0.9945393933234109,1.0,0.992628587523736,0.9799058652196129,0.9681811593435871,0.954053937494027,0.939080794563329,0.9152960038509971,0.87638995817314,0.831327904532186,0.766795801975785,0.720665880698484
0.572350203117172,0.6780757650572828,0.751156984038491,0.7967978446766422,0.8208182421295109,0.837412679425141,0.8638706954011179,0.878996664636785,0.88659376192187,0.889207780163639,0.891101876229317,0.895835012978567,0.9067007200970658,0.9106628969567511,0.9259465894597919,0.948591488257498,0.9496380964996171,0.9617661998389742,0.9677453196607,0.975530401700463,0.986693644274794,0.992628587523736,1.0,0.994927814106108,0.982674582344712,0.9656511453668142,0.948848756702477,0.922993531219364,0.8800479306750401,0.8300169522490289,0.760340562507428,0.713835869683048
0.555478571204195,0.6585318060037221,0.72889198878301,0.7754725342623601,0.800599526683968,0.8177192565596401,0.8449756205168341,0.8588554645554041,0.86482382260304,0.866534186096535,0.8681309632929329,0.8716639274420691,0.883285795933,0.886077892075288,0.9026096857758219,0.929913629117192,0.929054807833537,0.9440751516144019,0.950699276103822,0.9593700628362791,0.974367101927292,0.9799058652196129,0.994927814106108,1.0,0.9947170599309141,0.976815540897546,0.9583579902243691,0.9298787202390021,0.8869128591461009,0.8369690362837221,0.7632093357436791,0.713860526541345
0.545651934885175,0.647652861704249,0.715121149768649,0.7627395670251559,0.788027079357881,0.804106210883351,0.831397094893447,0.844853375442935,0.8501865617583759,0.8512116613542192,0.8521223222882479,0.8550226078909041,0.8665142347136601,0.8680625744831949,0.883692153943229,0.9113178322158859,0.9102738032881791,0.9279492648096781,0.9363642700251171,0.946184815540854,0.9624346582689391,0.9681811593435871,0.982674582344712,0.9947170599309141,1.0,0.9892650181277909,0.9712848613975291,0.9400908636014891,0.8993317781236642,0.8529334329270029,0.7772612066680581,0.72296187422323
0.548395190337596,0.6489772667321829,0.713545375763778,0.759730505923718,0.7839706840607908,0.798693310869496,0.8238507426847741,0.8386805976883159,0.845769578226609,0.8472476574301441,0.8470047387574291,0.84834490937272,0.85845780352166,0.858620661173152,0.871938269426994,0.896584063040007,0.8947331240880899,0.9112158700553671,0.9208652312391951,0.9324408923927391,0.9489567453657819,0.954053937494027,0.9656511453668142,0.976815540897546,0.9892650181277909,1.0,0.986039772571907,0.952099849525135,0.910830479882112,0.866676408326879,0.792812949768447,0.7350925920536571
0.5307902183211121,0.631471840043344,0.7002623792297429,0.74607904796923,0.7688846542699399,0.7827544929737529,0.8082746324994441,0.8246620521967429,0.834509488598547,0.8380744951573291,0.838466419547994,0.839101871164476,0.8484013678290251,0.8494370572728529,0.8621177593002379,0.8839653075797859,0.8834991333433969,0.897344721040677,0.906301277589464,0.917375566206115,0.9317847566465992,0.939080794563329,0.948848756702477,0.9583579902243691,0.9712848613975291,0.986039772571907,1.0,0.97267724112701,0.928467065915183,0.8806653421889991,0.805691047801779,0.737613472571397
0.489580657288672,0.5879324396782061,0.6627442134537839,0.707213377070678,0.7280357472478691,0.7421104144201278,0.7707503634776149,0.7923770190834929,0.8043852611386071,0.8088660658765658,0.8104152165447521,0.8138981478450529,0.823041644233026,0.825898046096303,0.8400957828785279,0.862222682681538,0.8639566068479619,0.8750997467999649,0.883592713344222,0.8946940680929231,0.907500642653522,0.9152960038509971,0.922993531219364,0.9298787202390021,0.9400908636014891,0.952099849525135,0.97267724112701,1.0,0.9781018453558521,0.9227876533587099,0.8466736815190039,0.768434513627544
0.451313192595021,0.5369445346009419,0.6102896857770339,0.656172074056158,0.6771074940802709,0.6909845328528249,0.723210291811313,0.7463946910816741,0.7584492945408831,0.7619837593953709,0.763429552367482,0.77219090846646,0.781585832776802,0.785482778405153,0.799243460503762,0.819725159654125,0.825895712094758,0.8414263546152021,0.850796668137928,0.8591757504241221,0.867250727148068,0.87638995817314,0.8800479306750401,0.8869128591461009,0.8993317781236642,0.910830479882112,0.928467065915183,0.9781018453558521,1.0,0.9765547571374491,0.893848388669479,0.79286170373819
0.42999799078623496,0.5035920105828801,0.5714800299602671,0.619035547222851,0.639605314876942,0.6507750419442679,0.6828269213514822,0.704937488326077,0.716358126588475,0.7189526751821209,0.7202679956954878,0.734035424117276,0.743123953912257,0.7472597812921031,0.758463292777565,0.7740870642633821,0.783984377620371,0.804086688604414,0.8142688747048391,0.819573965459425,0.822381729840949,0.831327904532186,0.8300169522490289,0.8369690362837221,0.8529334329270029,0.866676408326879,0.8806653421889991,0.9227876533587099,0.9765547571374491,1.0,0.9446482598913041,0.8186538900995679
0.4152135900459771,0.48834673596083594,0.552154425226728,0.596902649917069,0.612340846354515,0.615998136796849,0.6402176841330389,0.6623731633249139,0.674322355726172,0.677983848251389,0.681153556949846,0.69821153203676,0.705316594336011,0.7096313194844399,0.7170570368057371,0.7241512143386641,0.734074490048722,0.7492672253013539,0.758241154408733,0.763259049218513,0.7633057575129358,0.766795801975785,0.760340562507428,0.7632093357436791,0.7772612066680581,0.792812949768447,0.805691047801779,0.8466736815190039,0.893848388669479,0.9446482598913041,1.0,0.859719534983402
0.41549141570577897,0.507415234490514,0.574230874314157,0.620046439889216,0.6351066340089789,0.635335583254986,0.65014644241197,0.666078038657053,0.674067740619068,0.675088920799626,0.676215205026194,0.691533652472437,0.692948162165762,0.693693925463083,0.6993457982930159,0.70476983510377,0.7076428842599709,0.7201361979050991,0.726181427361476,0.727790099871018,0.724357650403516,0.720665880698484,0.713835869683048,0.713860526541345,0.72296187422323,0.7350925920536571,0.737613472571397,0.768434513627544,0.79286170373819,0.8186538900995679,0.859719534983402,1.0
