1.0,0.933165118662312,0.834142247865957,0.786237749590285,0.7625282357104329,0.7337742306079559,0.7277273400467621,0.711874455015735,0.6983912113153261,0.682086048609664,0.666279411797689,0.6535786102036301,0.635388381663539,0.621786009763131,0.603521675218843,0.5932918012594329,0.580392875281316,0.565595949899346,0.547999809445615,0.52283472652145,0.50631382540689,0.4783870580061939,0.43164266685921104,0.39168143502749,0.35689827368461996,0.278249762822355,0.19749590946432102,0.118214550812688,0.0514662819020442,0.0304688811455766,0.0666054249514448,0.0635660254483354
0.933165118662312,1.0,0.971502205703225,0.912186043137984,0.882166300717351,0.8464895578612691,0.8363265871487209,0.816156237359695,0.8025379725538409,0.784231258119882,0.765049497461697,0.7500157546780959,0.728929187769496,0.717976045513798,0.700247360231673,0.6876102262525059,0.671436474267315,0.652616736597711,0.6313124931956461,0.601583312481567,0.58253179257488,0.5512218090265489,0.500777976592084,0.460892732419914,0.42927861839612996,0.348933351615778,0.261644586672997,0.17797793162631798,0.106103338564095,0.0132091775981968,0.0345112658431969,0.0420766848259317
0.834142247865957,0.971502205703225,1.0,0.9685208635553559,0.943491422546091,0.9056726238039731,0.8935482479697829,0.871390981301322,0.8581815942236759,0.839490955220333,0.819377663504202,0.803939580542055,0.782141155432743,0.7740657088183771,0.7578983991787851,0.7448230855125579,0.727887191653634,0.7080546758894191,0.686453828451377,0.6559270351202929,0.635676015227816,0.6034819010585389,0.554698591614113,0.516631117258755,0.48681487265418394,0.412308087425001,0.326169045544365,0.24396826973352,0.171393226107935,0.071609032852768,0.0144014388812085,0.00568238418730305
0.786237749590285,0.912186043137984,0.9685208635553559,1.0,0.9897418010140191,0.9531045882986279,0.941149858939902,0.918614225795474,0.9053627057734309,0.886889124495831,0.8674410928898509,0.8527996285360749,0.831405143897942,0.82508851575616,0.810051956222803,0.797967516435688,0.7821306625776892,0.763575643241973,0.744103440695953,0.715099177805119,0.694031372436021,0.6617197417138491,0.6167393241566421,0.579214039885565,0.54695153317158,0.479898026284175,0.39713818352551,0.316726871879945,0.243436243694834,0.136057534507678,0.0702126042202283,0.0373953958994054
0.7625282357104329,0.882166300717351,0.943491422546091,0.9897418010140191,1.0,0.98565233878063,0.973577355802249,0.9500174120086999,0.9345623442804609,0.9152148182860258,0.8963575695289829,0.8821761416544169,0.860933771729451,0.8552130271592321,0.8403955839137509,0.828443677782293,0.812677107251831,0.7941697772781959,0.7750802770072679,0.746128753814847,0.724793877009728,0.692151285222947,0.6475944903137111,0.609695228259,0.576292825249683,0.5105928541535071,0.42750772995777897,0.34977178952840904,0.2773111099755,0.166782214373621,0.0956811836289343,0.0560057994944506
0.7337742306079559,0.8464895578612691,0.9056726238039731,0.9531045882986279,0.98565233878063,1.0,0.988838293176505,0.9650964011943391,0.946965971788048,0.9266645837116549,0.908640044617652,0.895071140689537,0.874258820159631,0.8688785628197341,0.854217369624339,0.842341645769897,0.8265765480803711,0.80801366795957,0.789099656085677,0.760200513851206,0.7390579033478969,0.7064783068404721,0.6620316476560361,0.624038066753528,0.590328324757313,0.525186017935223,0.441812202858153,0.36819132874563204,0.298050465564505,0.18706688333311,0.11259427229478698,0.0680539699164799
0.7277273400467621,0.8363265871487209,0.8935482479697829,0.941149858939902,0.973577355802249,0.988838293176505,1.0,0.9927956473929459,0.9731149450317521,0.9517356411556059,0.933238069335728,0.9204297997989092,0.9005136383398341,0.8944210424354009,0.8790248640991379,0.867239164774542,0.8510945502329691,0.8317115518225959,0.8125247363941122,0.7832275513621841,0.7622216049486109,0.7293374277397621,0.6839660022000059,0.6457363390453629,0.612333447149559,0.544864008984944,0.45810166630730503,0.38518488596126793,0.31521790104559494,0.202795199661436,0.128901771865744,0.0827424653306337
0.711874455015735,0.816156237359695,0.871390981301322,0.918614225795474,0.9500174120086999,0.9650964011943391,0.9927956473929459,1.0,0.9865758478179499,0.968037154775723,0.9489697317568149,0.9367069246291531,0.917519222066388,0.910657489849087,0.894538446031505,0.882739965075347,0.866498031933076,0.84695297906716,0.827926097586581,0.798677776001575,0.7776736637703051,0.744551029292105,0.698703009084226,0.6603728922974971,0.6271587524854929,0.558342613817011,0.469491563658146,0.397494200424563,0.32796471858618603,0.21479439696133604,0.142579012307285,0.0958304907923177
0.6983912113153261,0.8025379725538409,0.8581815942236759,0.9053627057734309,0.9345623442804609,0.946965971788048,0.9731149450317521,0.9865758478179499,1.0,0.994230540833545,0.9736749266924959,0.960781808312069,0.9409830091477579,0.933052971714478,0.915741345824136,0.903183732974962,0.8870324735556411,0.8684626350546091,0.8500602823338491,0.8209883203203249,0.798790005144327,0.76437372508505,0.717624725693761,0.678111656208546,0.64343396486172,0.573612046267146,0.483266857459561,0.409859827392651,0.33875132522101703,0.222537917695039,0.15204395412640398,0.105915840158873
0.682086048609664,0.784231258119882,0.839490955220333,0.886889124495831,0.9152148182860258,0.9266645837116549,0.9517356411556059,0.968037154775723,0.994230540833545,1.0,0.9894502789646301,0.9789735080272429,0.959071160737835,0.950687298504736,0.932797930330106,0.919916579838843,0.9044183778051609,0.8875088960913491,0.870403681436265,0.8421689075156659,0.820519547968013,0.7864947701545291,0.740349363994116,0.7011192127721271,0.6663857609656949,0.594974471852172,0.501903183022714,0.42689668549834897,0.35574123551406606,0.241454015844093,0.17132416905706901,0.122162548368108
0.666279411797689,0.765049497461697,0.819377663504202,0.8674410928898509,0.8963575695289829,0.908640044617652,0.933238069335728,0.9489697317568149,0.9736749266924959,0.9894502789646301,1.0,0.9948550010474141,0.975274042623457,0.9670255611924828,0.949112129973371,0.9362957702253449,0.9219264727892719,0.90724023119983,0.891992274599524,0.865110192411154,0.845636975721688,0.8135263860784151,0.769271275666479,0.731610262072892,0.6980779994480469,0.624246632758965,0.526916910543358,0.449857089361727,0.37988370845567704,0.27193260923789603,0.20051578322539199,0.14457175187805898
0.6535786102036301,0.7500157546780959,0.803939580542055,0.8527996285360749,0.8821761416544169,0.895071140689537,0.9204297997989092,0.9367069246291531,0.960781808312069,0.9789735080272429,0.9948550010474141,1.0,0.99224185933683,0.983598929575523,0.9651845170740201,0.952133769406326,0.9376461929133131,0.922979885078907,0.908704695980747,0.882836845436773,0.86349092496105,0.831707720778635,0.788949744451987,0.7519935032493891,0.7184222527567491,0.642738558526319,0.542608943659197,0.464717001773803,0.394517493843335,0.286649000615588,0.21314677729378,0.153786243340811
0.635388381663539,0.728929187769496,0.782141155432743,0.831405143897942,0.860933771729451,0.874258820159631,0.9005136383398341,0.917519222066388,0.9409830091477579,0.959071160737835,0.975274042623457,0.99224185933683,1.0,0.99113650417842,0.972436855636362,0.959176256633237,0.944308733429255,0.9291004646986669,0.9156441985416751,0.8909127660624491,0.871239697031346,0.839591725489899,0.7986255871534571,0.7624692441719451,0.7288058331204259,0.652266018752515,0.550801062510123,0.47321424511186494,0.40301291339927003,0.29424636941467797,0.21906857095710397,0.157818852189138
0.621786009763131,0.717976045513798,0.7740657088183771,0.82508851575616,0.8552130271592321,0.8688785628197341,0.8944210424354009,0.910657489849087,0.933052971714478,0.950687298504736,0.9670255611924828,0.983598929575523,0.99113650417842,1.0,0.9944546812307241,0.9808400548454909,0.965167595692361,0.948728688107606,0.933923057225315,0.9076177354833891,0.88772393755186,0.855872381119774,0.815192913824172,0.7796893022498059,0.7469467950194109,0.67811240447682,0.581965205709384,0.5060801025854629,0.435663658161496,0.322472115299899,0.245313322998132,0.17981997239542802
0.603521675218843,0.700247360231673,0.7578983991787851,0.810051956222803,0.8403955839137509,0.854217369624339,0.8790248640991379,0.894538446031505,0.915741345824136,0.932797930330106,0.949112129973371,0.9651845170740201,0.972436855636362,0.9944546812307241,1.0,0.9909000497399159,0.9771434900419499,0.960009521793012,0.9443919849149509,0.917131830240532,0.897521902638832,0.8660927095428052,0.826491009015798,0.792292600584957,0.7610102385650029,0.698448221756514,0.606504865108566,0.533257726751981,0.463684669448433,0.347912403022191,0.272337800370908,0.204670179963844
0.5932918012594329,0.6876102262525059,0.7448230855125579,0.797967516435688,0.828443677782293,0.842341645769897,0.867239164774542,0.882739965075347,0.903183732974962,0.919916579838843,0.9362957702253449,0.952133769406326,0.959176256633237,0.9808400548454909,0.9909000497399159,1.0,0.995550944088007,0.9787545265345501,0.9634223097861929,0.936156807645291,0.9176255160297351,0.8873583035479341,0.849738365647929,0.8175118066477459,0.788113369554438,0.7250882791153341,0.630681989050658,0.56015755988076,0.492111261586788,0.375393727652359,0.309189207342222,0.243254488152159
0.580392875281316,0.671436474267315,0.727887191653634,0.7821306625776892,0.812677107251831,0.8265765480803711,0.8510945502329691,0.866498031933076,0.8870324735556411,0.9044183778051609,0.9219264727892719,0.9376461929133131,0.944308733429255,0.965167595692361,0.9771434900419499,0.995550944088007,1.0,0.991674934771354,0.9793053912179351,0.9528179009760659,0.936015173620736,0.907762494510506,0.8735345499053571,0.8434294861067021,0.814969745939121,0.7514469679112159,0.654784994725777,0.584078155799292,0.516616185796057,0.40115223315179105,0.34033789077876503,0.273500353788133
0.565595949899346,0.652616736597711,0.7080546758894191,0.763575643241973,0.7941697772781959,0.80801366795957,0.8317115518225959,0.84695297906716,0.8684626350546091,0.8875088960913491,0.90724023119983,0.922979885078907,0.9291004646986669,0.948728688107606,0.960009521793012,0.9787545265345501,0.991674934771354,1.0,0.99327217625966,0.968316516658369,0.9538722383358991,0.928452695982479,0.8989872197014649,0.8711102224522629,0.8425956093238101,0.778457329099191,0.679625982711128,0.605711919368072,0.53779274816677,0.42564599304388595,0.366113245474181,0.29562663845344106
0.547999809445615,0.6313124931956461,0.686453828451377,0.744103440695953,0.7750802770072679,0.789099656085677,0.8125247363941122,0.827926097586581,0.8500602823338491,0.870403681436265,0.891992274599524,0.908704695980747,0.9156441985416751,0.933923057225315,0.9443919849149509,0.9634223097861929,0.9793053912179351,0.99327217625966,1.0,0.9903576678271221,0.9785021927124541,0.9553851592730358,0.928691451859987,0.9009269762907439,0.8701443645401509,0.8058617710760981,0.705790781673911,0.631005441757192,0.562123586479306,0.44753873450594894,0.39096520890551,0.31960431845075393
0.52283472652145,0.601583312481567,0.6559270351202929,0.715099177805119,0.746128753814847,0.760200513851206,0.7832275513621841,0.798677776001575,0.8209883203203249,0.8421689075156659,0.865110192411154,0.882836845436773,0.8909127660624491,0.9076177354833891,0.917131830240532,0.936156807645291,0.9528179009760659,0.968316516658369,0.9903576678271221,1.0,0.9908481028755041,0.970063377745781,0.945713538843759,0.917733684673381,0.884477505840217,0.8210911161621199,0.721513746549283,0.6476939939019001,0.5786679090287601,0.46141677243965706,0.40898984299331004,0.338690450499932
0.50631382540689,0.58253179257488,0.635676015227816,0.694031372436021,0.724793877009728,0.7390579033478969,0.7622216049486109,0.7776736637703051,0.798790005144327,0.820519547968013,0.845636975721688,0.86349092496105,0.871239697031346,0.88772393755186,0.897521902638832,0.9176255160297351,0.936015173620736,0.9538722383358991,0.9785021927124541,0.9908481028755041,1.0,0.993500140609908,0.971389973527053,0.9448575423995459,0.912282286133447,0.8475942657640609,0.745074351144305,0.671550171302831,0.602989956961703,0.485741828476638,0.43230328325495004,0.357829601385507
0.4783870580061939,0.5512218090265489,0.6034819010585389,0.6617197417138491,0.692151285222947,0.7064783068404721,0.7293374277397621,0.744551029292105,0.76437372508505,0.7864947701545291,0.8135263860784151,0.831707720778635,0.839591725489899,0.855872381119774,0.8660927095428052,0.8873583035479341,0.907762494510506,0.928452695982479,0.9553851592730358,0.970063377745781,0.993500140609908,1.0,0.9865426165972759,0.964913106044555,0.933904180691437,0.870499944474004,0.767420621345729,0.695221686869939,0.627932025902535,0.511588159623461,0.45799373805730204,0.379409039232449
0.43164266685921104,0.500777976592084,0.554698591614113,0.6167393241566421,0.6475944903137111,0.6620316476560361,0.6839660022000059,0.698703009084226,0.717624725693761,0.740349363994116,0.769271275666479,0.788949744451987,0.7986255871534571,0.815192913824172,0.826491009015798,0.849738365647929,0.8735345499053571,0.8989872197014649,0.928691451859987,0.945713538843759,0.971389973527053,0.9865426165972759,1.0,0.992599796606708,0.9646531948762029,0.908274110492309,0.808670035178601,0.7386354079971451,0.672889907511255,0.556441206066666,0.503803091070009,0.41921714768909096
0.39168143502749,0.460892732419914,0.516631117258755,0.579214039885565,0.609695228259,0.624038066753528,0.6457363390453629,0.6603728922974971,0.678111656208546,0.7011192127721271,0.731610262072892,0.7519935032493891,0.7624692441719451,0.7796893022498059,0.792292600584957,0.8175118066477459,0.8434294861067021,0.8711102224522629,0.9009269762907439,0.917733684673381,0.9448575423995459,0.964913106044555,0.992599796606708,1.0,0.9872175392128009,0.9394298417513258,0.8422914068021821,0.7763681953279159,0.714206556813791,0.600850516896541,0.543853665538009,0.449410111508302
0.35689827368461996,0.42927861839612996,0.48681487265418394,0.54695153317158,0.576292825249683,0.590328324757313,0.612333447149559,0.6271587524854929,0.64343396486172,0.6663857609656949,0.6980779994480469,0.7184222527567491,0.7288058331204259,0.7469467950194109,0.7610102385650029,0.788113369554438,0.814969745939121,0.8425956093238101,0.8701443645401509,0.884477505840217,0.912282286133447,0.933904180691437,0.9646531948762029,0.9872175392128009,1.0,0.962217397716559,0.86689945829644,0.80691153325827,0.75023222255096,0.643004689998418,0.577223617882186,0.46989779065992293
0.278249762822355,0.348933351615778,0.412308087425001,0.479898026284175,0.5105928541535071,0.525186017935223,0.544864008984944,0.558342613817011,0.573612046267146,0.594974471852172,0.624246632758965,0.642738558526319,0.652266018752515,0.67811240447682,0.698448221756514,0.7250882791153341,0.7514469679112159,0.778457329099191,0.8058617710760981,0.8210911161621199,0.8475942657640609,0.870499944474004,0.908274110492309,0.9394298417513258,0.962217397716559,1.0,0.969512353246779,0.925651757981428,0.870626640664301,0.7403822140476429,0.661178862424083,0.537201941780674
0.19749590946432102,0.261644586672997,0.326169045544365,0.39713818352551,0.42750772995777897,0.441812202858153,0.45810166630730503,0.469491563658146,0.483266857459561,0.501903183022714,0.526916910543358,0.542608943659197,0.550801062510123,0.581965205709384,0.606504865108566,0.630681989050658,0.654784994725777,0.679625982711128,0.705790781673911,0.721513746549283,0.745074351144305,0.767420621345729,0.808670035178601,0.8422914068021821,0.86689945829644,0.969512353246779,1.0,0.972190086753057,0.9206896638893729,0.775647529414214,0.690914848878978,0.562084582660842
0.118214550812688,0.17797793162631798,0.24396826973352,0.316726871879945,0.34977178952840904,0.36819132874563204,0.38518488596126793,0.397494200424563,0.409859827392651,0.42689668549834897,0.449857089361727,0.464717001773803,0.47321424511186494,0.5060801025854629,0.533257726751981,0.56015755988076,0.584078155799292,0.605711919368072,0.631005441757192,0.6476939939019001,0.671550171302831,0.695221686869939,0.7386354079971451,0.7763681953279159,0.80691153325827,0.925651757981428,0.972190086753057,1.0,0.9821983999772671,0.846909083348505,0.7465559287765621,0.595640106617843
0.0514662819020442,0.106103338564095,0.171393226107935,0.243436243694834,0.2773111099755,0.298050465564505,0.31521790104559494,0.32796471858618603,0.33875132522101703,0.35574123551406606,0.37988370845567704,0.394517493843335,0.40301291339927003,0.435663658161496,0.463684669448433,0.492111261586788,0.516616185796057,0.53779274816677,0.562123586479306,0.5786679090287601,0.602989956961703,0.627932025902535,0.672889907511255,0.714206556813791,0.75023222255096,0.870626640664301,0.9206896638893729,0.9821983999772671,1.0,0.919603972049471,0.8066202704320091,0.6241941241084741
0.0304688811455766,0.0132091775981968,0.071609032852768,0.136057534507678,0.166782214373621,0.18706688333311,0.202795199661436,0.21479439696133604,0.222537917695039,0.241454015844093,0.27193260923789603,0.286649000615588,0.29424636941467797,0.322472115299899,0.347912403022191,0.375393727652359,0.40115223315179105,0.42564599304388595,0.44753873450594894,0.46141677243965706,0.485741828476638,0.511588159623461,0.556441206066666,0.600850516896541,0.643004689998418,0.7403822140476429,0.775647529414214,0.846909083348505,0.919603972049471,1.0,0.877208201755947,0.6380443894998471
0.0666054249514448,0.0345112658431969,0.0144014388812085,0.0702126042202283,0.0956811836289343,0.11259427229478698,0.128901771865744,0.142579012307285,0.15204395412640398,0.17132416905706901,0.20051578322539199,0.21314677729378,0.21906857095710397,0.245313322998132,0.272337800370908,0.309189207342222,0.34033789077876503,0.366113245474181,0.39096520890551,0.40898984299331004,0.43230328325495004,0.45799373805730204,0.503803091070009,0.543853665538009,0.577223617882186,0.661178862424083,0.690914848878978,0.7465559287765621,0.8066202704320091,0.877208201755947,1.0,0.926523348587548
0.0635660254483354,0.0420766848259317,0.00568238418730305,0.0373953958994054,0.0560057994944506,0.0680539699164799,0.0827424653306337,0.0958304907923177,0.105915840158873,0.122162548368108,0.14457175187805898,0.153786243340811,0.157818852189138,0.17981997239542802,0.204670179963844,0.243254488152159,0.273500353788133,0.29562663845344106,0.31960431845075393,0.338690450499932,0.357829601385507,0.379409039232449,0.41921714768909096,0.449410111508302,0.46989779065992293,0.537201941780674,0.562084582660842,0.595640106617843,0.6241941241084741,0.6380443894998471,0.926523348587548,1.0
