1.0,0.9931380539226159,0.967170771523295,0.9133916523122808,0.8255171944758549,0.7095225203704091,0.666679461303039,0.605622718336678,0.535140901570072,0.46360477714522297,0.39651844401030706,0.33783204408967704,0.27902726449092896,0.228150367360341,0.187211490859282,0.154865758867931,0.133169224357159,0.114975320750425,0.0994647030929739,0.0875739816440063,0.0785641345460747,0.0707386572044846,0.0584836553624627,0.0470376869800647,0.0381390350711294,0.0314820067936407,0.0264639223906502,0.0114343111225478,0.000559361575862533,0.00944323470356723,0.0160386885536531,0.0210222549062168
0.9931380539226159,1.0,0.990253749218638,0.954731374194423,0.885855227994197,0.7870599525077371,0.7466309831870308,0.685453933341503,0.6128377771085849,0.5379384762899471,0.46695700703776205,0.40856105928817493,0.348187580242138,0.29435743933945197,0.250291841089932,0.215087619400875,0.19285209286918498,0.173011295222402,0.154655129446767,0.140078576169014,0.12881539825229,0.119758437301083,0.10562729716768801,0.0905093336442726,0.0780922676232807,0.0685238799999837,0.0611765276013199,0.0469414121737962,0.0346462450058136,0.0249779339974037,0.0174858088447533,0.0116393536809823
0.967170771523295,0.990253749218638,1.0,0.9868563495434259,0.9418397125238199,0.865297692412818,0.8284681143079509,0.768243974507027,0.694387155891953,0.61682466260573,0.54247628154273,0.48547259038584595,0.42431271072918,0.367930049826084,0.320930370640822,0.282952729218718,0.26047373071841395,0.23902713490774502,0.217611074146984,0.200097110352032,0.186352223884852,0.17599095576715695,0.15987870007466598,0.140658590717056,0.12427388543568901,0.11140976571571301,0.10142010534679198,0.0883862350031417,0.0759523214237487,0.0655230509220453,0.0570973124099148,0.0503279884382755
0.9133916523122808,0.954731374194423,0.9868563495434259,1.0,0.9837681738006321,0.9349181011852091,0.903165439915251,0.845519567338278,0.772029174611145,0.693273165228192,0.6168361543911689,0.562841754861995,0.5022649107842391,0.44429925354666705,0.39504442071211504,0.354777431531736,0.332565594175824,0.30978021548609397,0.285337444713065,0.264843474212138,0.24855516738185196,0.23693387438793104,0.218916920924242,0.195407087889276,0.17481939437689598,0.158445810624087,0.145634563843516,0.13431319794443902,0.12202233385663001,0.11096514457930802,0.10166216725996198,0.0939875683928272
0.8255171944758549,0.885855227994197,0.9418397125238199,0.9837681738006321,1.0,0.9834055575127091,0.958269248132402,0.905263378214828,0.834445347837259,0.7567918296855921,0.680391869132165,0.6314035277846279,0.5733414905036789,0.515404936768334,0.465164302392091,0.42359647515220894,0.402366019626056,0.37879642822672904,0.351746226057688,0.32857495556714195,0.30996449643239693,0.297302292058341,0.27772572635640097,0.250177224717399,0.22555709524815998,0.20579127221203897,0.19024180482286301,0.181171042625804,0.16941791204482098,0.158004326155921,0.14801402509042802,0.13957077286846897
0.7095225203704091,0.7870599525077371,0.865297692412818,0.9349181011852091,0.9834055575127091,1.0,0.983730912482607,0.9384096992366301,0.873687261710327,0.800555840336783,0.7273658711792008,0.6850980693649059,0.6312040138136831,0.5748657279045749,0.524967229521974,0.483181530164629,0.46379214283647296,0.44041360840041993,0.411624814475537,0.386455400063649,0.366043061721524,0.35266387114996,0.331817091304268,0.30066792342504,0.272413857853117,0.249578307056594,0.231545494748341,0.22536321197802,0.21471673939292102,0.203401994835489,0.19308129017298498,0.18415025038135502
0.666679461303039,0.7466309831870308,0.8284681143079509,0.903165439915251,0.958269248132402,0.983730912482607,1.0,0.985215514271059,0.9468698814569878,0.8951872045038108,0.838815877442123,0.800117892280083,0.741988702360533,0.67964098165724,0.6238043087741221,0.5767566202861031,0.5615392951114361,0.543275206614106,0.5147550967455979,0.488360091496969,0.466399732359782,0.451289128246375,0.42302563648193897,0.38214376171360404,0.34535314026661,0.31572331796876696,0.29237213770166,0.29402349383155896,0.28777169204844705,0.278551498455523,0.269135693978653,0.260504998658406
0.605622718336678,0.685453933341503,0.768243974507027,0.845519567338278,0.905263378214828,0.9384096992366301,0.985215514271059,1.0,0.9879701611392109,0.9583077914644301,0.9196833888541651,0.885562242418391,0.8251555385343209,0.7589660805568891,0.699158346662918,0.648518133587727,0.637740523837737,0.62490715947089,0.5975074171269,0.570743391494254,0.54797216345418,0.531668257054753,0.49718826480991796,0.448263595071602,0.404446912609223,0.369235572119935,0.341520114120764,0.35059189815420194,0.34872045079705,0.341777068107611,0.333509504137515,0.325426733196805
0.535140901570072,0.6128377771085849,0.694387155891953,0.772029174611145,0.834445347837259,0.873687261710327,0.9468698814569878,0.9879701611392109,1.0,0.990967342089734,0.969342621089623,0.940218673947146,0.879288971029675,0.81131127940263,0.7494366372338621,0.6968385797395639,0.6903420428820729,0.682736468363778,0.657043322706864,0.6306253399161079,0.607699993837155,0.590732648810489,0.551516163191002,0.496573001323392,0.44752598282179795,0.408169885142451,0.3772182231889629,0.39275798829559794,0.39488803388769,0.39017604535340794,0.38315475303221597,0.375771678591173
0.46360477714522297,0.5379384762899471,0.61682466260573,0.693273165228192,0.7567918296855921,0.800555840336783,0.8951872045038108,0.9583077914644301,0.990967342089734,1.0,0.9935378353658271,0.9693142029474008,0.909116941947565,0.840911703016449,0.7784490614749681,0.725177016745667,0.7225193568784251,0.7195952123118721,0.6958820853149089,0.670278396276317,0.647665635922994,0.630453238247338,0.587892733278804,0.52879995256659,0.47617201572353496,0.43398775296252795,0.400832208521405,0.421678347521457,0.42723691342966497,0.424551643323709,0.41874774889014105,0.41211513986670795
0.39651844401030706,0.46695700703776205,0.54247628154273,0.6168361543911689,0.680391869132165,0.7273658711792008,0.838815877442123,0.9196833888541651,0.969342621089623,0.9935378353658271,1.0,0.9802655843844649,0.9215374539910871,0.8541018072455829,0.7920226695581929,0.738931697767812,0.73956064876571,0.740639987826702,0.718937218387517,0.694383920179858,0.672354725425076,0.655177739962953,0.610387357567102,0.5486160857758211,0.493699789604726,0.44971694643113397,0.415163827490935,0.440207054226964,0.44858900893703496,0.44765697853124703,0.442965332292229,0.437061463597111
0.33783204408967704,0.40856105928817493,0.48547259038584595,0.562841754861995,0.6314035277846279,0.6850980693649059,0.800117892280083,0.885562242418391,0.940218673947146,0.9693142029474008,0.9802655843844649,1.0,0.979972327725177,0.939759661407783,0.8966428743171109,0.8570119126281109,0.8546886907810509,0.8382774184280841,0.802053838793735,0.766505164588888,0.736203618803499,0.714887531263652,0.670033980611928,0.6052206037489251,0.546907995393052,0.499950447945097,0.46294570869574503,0.498758196453435,0.514042207330968,0.517184955238178,0.514937226059572,0.510537215531483
0.27902726449092896,0.348187580242138,0.42431271072918,0.5022649107842391,0.5733414905036789,0.6312040138136831,0.741988702360533,0.8251555385343209,0.879288971029675,0.909116941947565,0.9215374539910871,0.979972327725177,1.0,0.989009514870982,0.96685255554224,0.9424608849225999,0.9365156763294509,0.9019886673384291,0.8518577353285,0.806185083995135,0.7684450039991391,0.7436942318942841,0.70094467236506,0.636037881191308,0.5769410415458411,0.529097370631873,0.49128025406957204,0.5358752147519129,0.557050798580494,0.563876681273728,0.563981984192343,0.561135034760319
0.228150367360341,0.29435743933945197,0.367930049826084,0.44429925354666705,0.515404936768334,0.5748657279045749,0.67964098165724,0.7589660805568891,0.81131127940263,0.840911703016449,0.8541018072455829,0.939759661407783,0.989009514870982,1.0,0.9939781878830741,0.9815320975987908,0.9730513992801191,0.925966788714152,0.866806402736575,0.814798066908631,0.7725110371274159,0.745850164564232,0.705768293313452,0.642470668912324,0.584319832955702,0.537055500289122,0.49961318457893394,0.5495756655592371,0.574577985305599,0.583961983932342,0.5858116320860141,0.584191415944383
0.187211490859282,0.250291841089932,0.320930370640822,0.39504442071211504,0.465164302392091,0.524967229521974,0.6238043087741221,0.699158346662918,0.7494366372338621,0.7784490614749681,0.7920226695581929,0.8966428743171109,0.96685255554224,0.9939781878830741,1.0,0.9965835163182941,0.9863438275509671,0.930619406036021,0.865605120867326,0.8096380061292149,0.7645801661103341,0.7368813634222842,0.699344456995744,0.638136193877496,0.581510310487396,0.535344950350385,0.49871086662777797,0.551943570891708,0.579427802244736,0.5905747631094389,0.593691001023443,0.593002913045457
0.154865758867931,0.215087619400875,0.282952729218718,0.354777431531736,0.42359647515220894,0.483181530164629,0.5767566202861031,0.648518133587727,0.6968385797395639,0.725177016745667,0.738931697767812,0.8570119126281109,0.9424608849225999,0.9815320975987908,0.9965835163182941,1.0,0.9885159854273761,0.926722873103894,0.857813595568555,0.799307904714659,0.752520097557437,0.7242593375506601,0.688939235210553,0.629792690325001,0.574766665518834,0.529796878639636,0.4940634078420779,0.549337463473757,0.5784737157675429,0.590860778484852,0.594906879078459,0.594926827955974
0.133169224357159,0.19285209286918498,0.26047373071841395,0.332565594175824,0.402366019626056,0.46379214283647296,0.5615392951114361,0.637740523837737,0.6903420428820729,0.7225193568784251,0.73956064876571,0.8546886907810509,0.9365156763294509,0.9730513992801191,0.9863438275509671,0.9885159854273761,1.0,0.9723610296738531,0.9246549024203069,0.879634947222092,0.841867567505883,0.8178807074949319,0.7745724524815041,0.7055768203778471,0.642068029037931,0.590404918711249,0.549458453183237,0.6063987288350561,0.6354005073396911,0.646780910550037,0.649571591465131,0.648343303111403
0.114975320750425,0.173011295222402,0.23902713490774502,0.30978021548609397,0.37879642822672904,0.44041360840041993,0.543275206614106,0.62490715947089,0.682736468363778,0.7195952123118721,0.740639987826702,0.8382774184280841,0.9019886673384291,0.925966788714152,0.930619406036021,0.926722873103894,0.9723610296738531,1.0,0.9880099204719871,0.966378505232242,0.9446059654279201,0.9283050640273159,0.8737389335390991,0.7919444301830191,0.717695547333874,0.6576655628525749,0.610251877890303,0.665951018074189,0.6924988484262291,0.70115007001159,0.701404021689398,0.6979578583822049
0.0994647030929739,0.154655129446767,0.217611074146984,0.285337444713065,0.351746226057688,0.411624814475537,0.5147550967455979,0.5975074171269,0.657043322706864,0.6958820853149089,0.718937218387517,0.802053838793735,0.8518577353285,0.866806402736575,0.865605120867326,0.857813595568555,0.9246549024203069,0.9880099204719871,1.0,0.9944889784434431,0.983952014044854,0.9732268275378521,0.9128679372357079,0.8250857934531569,0.745982261265417,0.68223656474535,0.631981466251337,0.685174093960852,0.7092957428578721,0.715880450017019,0.7144493014216851,0.709640869517134
0.0875739816440063,0.140078576169014,0.200097110352032,0.264843474212138,0.32857495556714195,0.386455400063649,0.488360091496969,0.570743391494254,0.6306253399161079,0.670278396276317,0.694383920179858,0.766505164588888,0.806185083995135,0.814798066908631,0.8096380061292149,0.799307904714659,0.879634947222092,0.966378505232242,0.9944889784434431,1.0,0.9972365874332679,0.9904441074162249,0.9269756387515451,0.836325991509825,0.755005841167183,0.689607257755236,0.6381087901228281,0.6888730894441091,0.711017868046798,0.7161093754050649,0.7135534731760781,0.707885621724668
0.0785641345460747,0.12881539825229,0.186352223884852,0.24855516738185196,0.30996449643239693,0.366043061721524,0.466399732359782,0.54797216345418,0.607699993837155,0.647665635922994,0.672354725425076,0.736203618803499,0.7684450039991391,0.7725110371274159,0.7645801661103341,0.752520097557437,0.841867567505883,0.9446059654279201,0.983952014044854,0.9972365874332679,1.0,0.9960395613887429,0.930790865701645,0.8387137869529431,0.756365212967343,0.6902314961295961,0.638195388614806,0.686900431256469,0.707496710870767,0.7114961726074891,0.7081603057135141,0.701921259553268
0.0707386572044846,0.119758437301083,0.17599095576715695,0.23693387438793104,0.297302292058341,0.35266387114996,0.451289128246375,0.531668257054753,0.590732648810489,0.630453238247338,0.655177739962953,0.714887531263652,0.7436942318942841,0.745850164564232,0.7368813634222842,0.7242593375506601,0.8178807074949319,0.9283050640273159,0.9732268275378521,0.9904441074162249,0.9960395613887429,1.0,0.9570512026307081,0.87913239966723,0.8054855880710551,0.7448914218184429,0.696563143127575,0.738565958750033,0.752331169991206,0.750551393683162,0.742522033454674,0.732498917315583
0.0584836553624627,0.10562729716768801,0.15987870007466598,0.218916920924242,0.27772572635640097,0.331817091304268,0.42302563648193897,0.49718826480991796,0.551516163191002,0.587892733278804,0.610387357567102,0.670033980611928,0.70094467236506,0.705768293313452,0.699344456995744,0.688939235210553,0.7745724524815041,0.8737389335390991,0.9128679372357079,0.9269756387515451,0.930790865701645,0.9570512026307081,1.0,0.9795436006661999,0.9427013722315342,0.9063290088289979,0.874662132334481,0.895025771043568,0.8868865900737779,0.8667219368550999,0.843833623389193,0.8218694577727241
0.0470376869800647,0.0905093336442726,0.140658590717056,0.195407087889276,0.250177224717399,0.30066792342504,0.38214376171360404,0.448263595071602,0.496573001323392,0.52879995256659,0.5486160857758211,0.6052206037489251,0.636037881191308,0.642470668912324,0.638136193877496,0.629792690325001,0.7055768203778471,0.7919444301830191,0.8250857934531569,0.836325991509825,0.8387137869529431,0.87913239966723,0.9795436006661999,1.0,0.9905556942832041,0.9728239574158171,0.954313520632903,0.9586338386972509,0.935700004616147,0.9037880704495741,0.871736721531035,0.84258837622898
0.0381390350711294,0.0780922676232807,0.12427388543568901,0.17481939437689598,0.22555709524815998,0.272413857853117,0.34535314026661,0.404446912609223,0.44752598282179795,0.47617201572353496,0.493699789604726,0.546907995393052,0.5769410415458411,0.584319832955702,0.581510310487396,0.574766665518834,0.642068029037931,0.717695547333874,0.745982261265417,0.755005841167183,0.756365212967343,0.8054855880710551,0.9427013722315342,0.9905556942832041,1.0,0.9953838052236079,0.9862704264991979,0.979558487893481,0.9470804543833711,0.907910600495573,0.870365386809655,0.837003605724915
0.0314820067936407,0.0685238799999837,0.11140976571571301,0.158445810624087,0.20579127221203897,0.249578307056594,0.31572331796876696,0.369235572119935,0.408169885142451,0.43398775296252795,0.44971694643113397,0.499950447945097,0.529097370631873,0.537055500289122,0.535344950350385,0.529796878639636,0.590404918711249,0.6576655628525749,0.68223656474535,0.689607257755236,0.6902314961295961,0.7448914218184429,0.9063290088289979,0.9728239574158171,0.9953838052236079,1.0,0.997566651353047,0.9832077535624449,0.944413640568154,0.9006031768768321,0.859633909568537,0.823697376996131
0.0264639223906502,0.0611765276013199,0.10142010534679198,0.145634563843516,0.19024180482286301,0.231545494748341,0.29237213770166,0.341520114120764,0.3772182231889629,0.400832208521405,0.415163827490935,0.46294570869574503,0.49128025406957204,0.49961318457893394,0.49871086662777797,0.4940634078420779,0.549458453183237,0.610251877890303,0.631981466251337,0.6381087901228281,0.638195388614806,0.696563143127575,0.874662132334481,0.954313520632903,0.9862704264991979,0.997566651353047,1.0,0.980169164561857,0.9370113129648149,0.890083260846418,0.8468637144473721,0.8092647436391329
0.0114343111225478,0.0469414121737962,0.0883862350031417,0.13431319794443902,0.181171042625804,0.22536321197802,0.29402349383155896,0.35059189815420194,0.39275798829559794,0.421678347521457,0.440207054226964,0.498758196453435,0.5358752147519129,0.5495756655592371,0.551943570891708,0.549337463473757,0.6063987288350561,0.665951018074189,0.685174093960852,0.6888730894441091,0.686900431256469,0.738565958750033,0.895025771043568,0.9586338386972509,0.979558487893481,0.9832077535624449,0.980169164561857,1.0,0.9876465582015022,0.9627519148110392,0.9354510898199001,0.909621476587171
0.000559361575862533,0.0346462450058136,0.0759523214237487,0.12202233385663001,0.16941791204482098,0.21471673939292102,0.28777169204844705,0.34872045079705,0.39488803388769,0.42723691342966497,0.44858900893703496,0.514042207330968,0.557050798580494,0.574577985305599,0.579427802244736,0.5784737157675429,0.6354005073396911,0.6924988484262291,0.7092957428578721,0.711017868046798,0.707496710870767,0.752331169991206,0.8868865900737779,0.935700004616147,0.9470804543833711,0.944413640568154,0.9370113129648149,0.9876465582015022,1.0,0.9932276184022399,0.9792809374351701,0.963482848470165
0.00944323470356723,0.0249779339974037,0.0655230509220453,0.11096514457930802,0.158004326155921,0.203401994835489,0.278551498455523,0.341777068107611,0.39017604535340794,0.424551643323709,0.44765697853124703,0.517184955238178,0.563876681273728,0.583961983932342,0.5905747631094389,0.590860778484852,0.646780910550037,0.70115007001159,0.715880450017019,0.7161093754050649,0.7114961726074891,0.750551393683162,0.8667219368550999,0.9037880704495741,0.907910600495573,0.9006031768768321,0.890083260846418,0.9627519148110392,0.9932276184022399,1.0,0.996177031371889,0.988068573698433
0.0160386885536531,0.0174858088447533,0.0570973124099148,0.10166216725996198,0.14801402509042802,0.19308129017298498,0.269135693978653,0.333509504137515,0.38315475303221597,0.41874774889014105,0.442965332292229,0.514937226059572,0.563981984192343,0.5858116320860141,0.593691001023443,0.594906879078459,0.649571591465131,0.701404021689398,0.7144493014216851,0.7135534731760781,0.7081603057135141,0.742522033454674,0.843833623389193,0.871736721531035,0.870365386809655,0.859633909568537,0.8468637144473721,0.9354510898199001,0.9792809374351701,0.996177031371889,1.0,0.9977455386313829
0.0210222549062168,0.0116393536809823,0.0503279884382755,0.0939875683928272,0.13957077286846897,0.18415025038135502,0.260504998658406,0.325426733196805,0.375771678591173,0.41211513986670795,0.437061463597111,0.510537215531483,0.561135034760319,0.584191415944383,0.593002913045457,0.594926827955974,0.648343303111403,0.6979578583822049,0.709640869517134,0.707885621724668,0.701921259553268,0.732498917315583,0.8218694577727241,0.84258837622898,0.837003605724915,0.823697376996131,0.8092647436391329,0.909621476587171,0.963482848470165,0.988068573698433,0.9977455386313829,1.0
