1.0,0.9634042021934609,0.805126484996806,0.792278844425782,0.739665367010711,0.7070542798373921,0.666526243741749,0.634149890744875,0.606003856287657,0.579334144071789,0.564958640314447,0.54708460801892,0.5248160560922529,0.4974918648634771,0.48857704805219704,0.480217166443426,0.47707679809076503,0.47316450754917705,0.46546065429163597,0.45874810073483296,0.448249005786384,0.447867899901576,0.43935235984068,0.44000306212515994,0.4391902063750999,0.438719816022669,0.42828225801371095,0.417796200985813,0.424936425209289,0.41881108337052203,0.45089861268393205,0.433038240902896
0.9634042021934609,1.0,0.9346197226988859,0.916591860841798,0.852215599134083,0.816060345248394,0.7717267975558131,0.738543641022373,0.7110580123019108,0.6838724005791511,0.669535698674617,0.6506407872514051,0.626495125062688,0.595739589668256,0.5864989554997829,0.5775680819742199,0.574022917769085,0.5689089467526,0.5596997217944051,0.5527178864293929,0.5409089103415229,0.541105527291617,0.5313548357774149,0.531445999202517,0.5294758819279779,0.529207222856363,0.51795106588814,0.505517192955224,0.5116979856349431,0.502479662178239,0.537584427760591,0.514691512620909
0.805126484996806,0.9346197226988859,1.0,0.979301866116649,0.908928551945935,0.8726461478897158,0.82817142909051,0.7976271104473291,0.7741055377893651,0.749258425724429,0.7365839909945642,0.718421011704427,0.694386817326605,0.662383131281573,0.6538515925141689,0.6452753437385389,0.6416194930522491,0.635423261841463,0.6251659601012629,0.618533749739655,0.606216592066786,0.6071157329150301,0.596730350082025,0.595991201542801,0.592613497172808,0.59257166820587,0.581382494547617,0.567642931261621,0.5717956881984859,0.5593957675846251,0.5948828170889449,0.567849646257864
0.792278844425782,0.916591860841798,0.979301866116649,1.0,0.9745086496637221,0.947656270470847,0.9013716586775858,0.8700469369978729,0.846103564977432,0.820307699056354,0.8074318190735892,0.788365057553862,0.7619848092580619,0.726860741931181,0.7201781238485699,0.7135746973506899,0.7104240579978779,0.703031636290619,0.6910997121331189,0.6829107586129339,0.66865280118553,0.668728522010182,0.656533474350915,0.654348145829624,0.649225828946584,0.647820301314849,0.634396119751369,0.618334904443154,0.621470740684266,0.606943561041891,0.6489059445656179,0.6211441354867839
0.739665367010711,0.852215599134083,0.908928551945935,0.9745086496637221,1.0,0.9849006050669991,0.9388516009943441,0.9081790332742751,0.8849277935256541,0.859329695912009,0.846854154888187,0.827709094543553,0.800006123038183,0.7631245470260369,0.7588149725706351,0.754718089164107,0.7522800328509301,0.743919771158735,0.73070956786789,0.72119170948727,0.705473094765375,0.704632452990436,0.691022186511343,0.687339726539578,0.6805317384841401,0.677682734793768,0.6624314070109321,0.6445747283872879,0.6464315096980849,0.630250036979015,0.677357421587375,0.650132578998921
0.7070542798373921,0.816060345248394,0.8726461478897158,0.947656270470847,0.9849006050669991,1.0,0.983688602993006,0.9641400827380591,0.939096440332932,0.912179941084331,0.900456683846223,0.8814941747440541,0.8573668868522478,0.822091276366746,0.8168539699774559,0.8108586037648531,0.8069867101403699,0.79701208104819,0.781903231731405,0.770614626157313,0.7529683570717199,0.7521291050855029,0.737661998063097,0.733650449243075,0.7262691918251569,0.7221140172916021,0.7040180308624029,0.683092354341595,0.6816858895203599,0.6620576680907809,0.7148457331915191,0.687786472182526
0.666526243741749,0.7717267975558131,0.82817142909051,0.9013716586775858,0.9388516009943441,0.983688602993006,1.0,0.99285182520285,0.9663110639255291,0.938570028771264,0.92785601248188,0.909568658101024,0.890208636460073,0.857931111490557,0.8512726081651769,0.842790174987354,0.8372931084484041,0.826028134122453,0.809515418424294,0.796880826608953,0.7779022111234101,0.777293664452,0.762569294711843,0.7586388927229871,0.751198279435272,0.7460548313455502,0.725725474422991,0.7023841902689519,0.6977609232662759,0.675243434533394,0.731747231273932,0.705400506714032
0.634149890744875,0.738543641022373,0.7976271104473291,0.8700469369978729,0.9081790332742751,0.9641400827380591,0.99285182520285,1.0,0.988016245104148,0.9688939581592091,0.958431281950401,0.940126607948151,0.924004032345272,0.893536800083057,0.886942803376128,0.8777874550839609,0.871067408947241,0.857871041599907,0.840299144961048,0.828999859233434,0.810658831995143,0.8095369404459991,0.79377370474163,0.789239300242646,0.7810949890165301,0.774200377279422,0.750740668122662,0.724338983021042,0.7162672965127149,0.6906178294121359,0.7460186571066609,0.7180740945200649
0.606003856287657,0.7110580123019108,0.7741055377893651,0.846103564977432,0.8849277935256541,0.939096440332932,0.9663110639255291,0.988016245104148,1.0,0.995086837330373,0.9844243671083941,0.9657485061477141,0.951752872948994,0.9223660533258891,0.9168165794868491,0.9082387030516671,0.900664728595954,0.885314419323754,0.867057653652353,0.8587810012500809,0.842388045167572,0.84031442591068,0.8231547270902411,0.8176380769536491,0.808461907644602,0.79947332324006,0.772623624964501,0.7430733013649219,0.7316657813275892,0.703054743618422,0.754066496793445,0.7232817949814491
0.579334144071789,0.6838724005791511,0.749258425724429,0.820307699056354,0.859329695912009,0.912179941084331,0.938570028771264,0.9688939581592091,0.995086837330373,1.0,0.993402140441826,0.97803193757845,0.9650351354831942,0.93615075470704,0.9308375175616559,0.9222631138520999,0.9139554867361741,0.897221516538001,0.8785012879907091,0.871944973157783,0.8567052908913441,0.855058530774013,0.8379653974354759,0.8321623935174092,0.822489120625038,0.8123108056130279,0.7834973618734381,0.7518508398852679,0.737259822850288,0.706070206206585,0.7528025716912191,0.719943844868232
0.564958640314447,0.669535698674617,0.7365839909945642,0.8074318190735892,0.846854154888187,0.900456683846223,0.92785601248188,0.958431281950401,0.9844243671083941,0.993402140441826,1.0,0.9954815388745379,0.981194146551991,0.951006168815586,0.944276430816351,0.9343524620021101,0.925115606108511,0.9076504076311821,0.888242294102978,0.881151993923054,0.8653980079122271,0.86691091727347,0.8522476940217311,0.8472650254874431,0.8377244095239399,0.827504921711104,0.7981544002745471,0.7649999039104479,0.746270494029862,0.711681519830278,0.754549424575793,0.7196222970220479
0.54708460801892,0.6506407872514051,0.718421011704427,0.788365057553862,0.827709094543553,0.8814941747440541,0.909568658101024,0.940126607948151,0.9657485061477141,0.97803193757845,0.9954815388745379,1.0,0.985413330142366,0.9549137882991899,0.9471023925222171,0.9360739777075671,0.926101423970657,0.908157241317009,0.888323113111923,0.880814616026008,0.864746614537611,0.868859769054683,0.85634010102527,0.852062824125561,0.8426963968263459,0.8324766924822259,0.802865940508658,0.768695307558568,0.7466201171164679,0.709471638725048,0.7488048226024521,0.712538306036818
0.5248160560922529,0.626495125062688,0.694386817326605,0.7619848092580619,0.800006123038183,0.8573668868522478,0.890208636460073,0.924004032345272,0.951752872948994,0.9650351354831942,0.981194146551991,0.985413330142366,1.0,0.9915077866879379,0.9849847018802671,0.9702087956376422,0.9577245038983192,0.9378611624788811,0.9160255962646291,0.906489167429067,0.888577248631217,0.8924360174030501,0.87928989024511,0.873944278562648,0.863278366234687,0.8500617820951271,0.815889252225305,0.7777314910787719,0.751276384400287,0.710663003319701,0.753923036944447,0.719403461094201
0.4974918648634771,0.595739589668256,0.662383131281573,0.726860741931181,0.7631245470260369,0.822091276366746,0.857931111490557,0.893536800083057,0.9223660533258891,0.93615075470704,0.951006168815586,0.9549137882991899,0.9915077866879379,1.0,0.9945895293432242,0.9772400360049921,0.9630814948211579,0.9421416614794549,0.919205459610328,0.9083066048898729,0.889337368274729,0.89292595675183,0.8795592778531172,0.8735022449514308,0.8620527560791309,0.8468055664993129,0.809818117357465,0.7693628414166009,0.740080227886475,0.6976166345543019,0.7430279150487841,0.710521257066031
0.48857704805219704,0.5864989554997829,0.6538515925141689,0.7201781238485699,0.7588149725706351,0.8168539699774559,0.8512726081651769,0.886942803376128,0.9168165794868491,0.9308375175616559,0.944276430816351,0.9471023925222171,0.9849847018802671,0.9945895293432242,1.0,0.993798858336843,0.9841271027368801,0.9626989384963242,0.9389922668607711,0.9269836808489309,0.906950989951397,0.910053280686953,0.895975434995124,0.8894943235347791,0.8775963641532422,0.8613490111546039,0.8226478963943729,0.7804843138459471,0.7491254105716979,0.704833152358885,0.752292519492231,0.7201886154988821
0.480217166443426,0.5775680819742199,0.6452753437385389,0.7135746973506899,0.754718089164107,0.8108586037648531,0.842790174987354,0.8777874550839609,0.9082387030516671,0.9222631138520999,0.9343524620021101,0.9360739777075671,0.9702087956376422,0.9772400360049921,0.993798858336843,1.0,0.995527817197768,0.974026178233431,0.9499753726583292,0.937205008620985,0.916472879185978,0.919088576260117,0.9044450023246321,0.8977324848868531,0.8856462393934241,0.868938530015644,0.829412733117658,0.7863529021760299,0.7537162641134579,0.708325211801191,0.757019372538688,0.7252244647313539
0.47707679809076503,0.574022917769085,0.6416194930522491,0.7104240579978779,0.7522800328509301,0.8069867101403699,0.8372931084484041,0.871067408947241,0.900664728595954,0.9139554867361741,0.925115606108511,0.926101423970657,0.9577245038983192,0.9630814948211579,0.9841271027368801,0.995527817197768,1.0,0.9900461382324509,0.9730051146209849,0.9596390485031701,0.938190132090244,0.937964107709067,0.9206013310841901,0.912307406594981,0.8989862566685469,0.880468673006783,0.8385368253881659,0.7937862791331171,0.760706628113458,0.7147876475723051,0.7634765354424459,0.731194099622537
0.47316450754917705,0.5689089467526,0.635423261841463,0.703031636290619,0.743919771158735,0.79701208104819,0.826028134122453,0.857871041599907,0.885314419323754,0.897221516538001,0.9076504076311821,0.908157241317009,0.9378611624788811,0.9421416614794549,0.9626989384963242,0.974026178233431,0.9900461382324509,1.0,0.9953615528787808,0.981646937942522,0.959674173503928,0.954935157025467,0.93348770283713,0.922731436002888,0.907557632054615,0.886447072094185,0.8413838945075749,0.7948039393971691,0.7621922354935101,0.716589460937567,0.763926311773764,0.730894138954168
0.46546065429163597,0.5596997217944051,0.6251659601012629,0.6910997121331189,0.73070956786789,0.781903231731405,0.809515418424294,0.840299144961048,0.867057653652353,0.8785012879907091,0.888242294102978,0.888323113111923,0.9160255962646291,0.919205459610328,0.9389922668607711,0.9499753726583292,0.9730051146209849,0.9953615528787808,1.0,0.991206786937085,0.972863666667818,0.96464672635626,0.9400583650758549,0.927623788595798,0.911311991213125,0.888818662514436,0.842228167923113,0.79477337242757,0.762432204569248,0.7170290868539101,0.7617141109378069,0.72746098397762
0.45874810073483296,0.5527178864293929,0.618533749739655,0.6829107586129339,0.72119170948727,0.770614626157313,0.796880826608953,0.828999859233434,0.8587810012500809,0.871944973157783,0.881151993923054,0.880814616026008,0.906489167429067,0.9083066048898729,0.9269836808489309,0.937205008620985,0.9596390485031701,0.981646937942522,0.991206786937085,1.0,0.9949256085293608,0.984404789164822,0.957337368945678,0.9442110294902579,0.9276410870359251,0.905521379705506,0.85940213982379,0.811790114538243,0.7785673731626959,0.7320531460014791,0.7716246001024251,0.7339614238658709
0.448249005786384,0.5409089103415229,0.606216592066786,0.66865280118553,0.705473094765375,0.7529683570717199,0.7779022111234101,0.810658831995143,0.842388045167572,0.8567052908913441,0.8653980079122271,0.864746614537611,0.888577248631217,0.889337368274729,0.906950989951397,0.916472879185978,0.938190132090244,0.959674173503928,0.972863666667818,0.9949256085293608,1.0,0.9878511163384391,0.9592170264589491,0.945719064964598,0.9291477076514051,0.907572227720442,0.862353698015982,0.8151820597739491,0.7816797136261,0.734867664121745,0.770085548909116,0.730272419510738
0.447867899901576,0.541105527291617,0.6071157329150301,0.668728522010182,0.704632452990436,0.7521291050855029,0.777293664452,0.8095369404459991,0.84031442591068,0.855058530774013,0.86691091727347,0.868859769054683,0.8924360174030501,0.89292595675183,0.910053280686953,0.919088576260117,0.937964107709067,0.954935157025467,0.96464672635626,0.984404789164822,0.9878511163384391,1.0,0.9914910228671829,0.9824516021619158,0.965000613974462,0.941961089301891,0.8941104696275319,0.844938637540682,0.8115685571265949,0.7640437048248969,0.791235133365512,0.7456114156486892
0.43935235984068,0.5313548357774149,0.596730350082025,0.656533474350915,0.691022186511343,0.737661998063097,0.762569294711843,0.79377370474163,0.8231547270902411,0.8379653974354759,0.8522476940217311,0.85634010102527,0.87928989024511,0.8795592778531172,0.895975434995124,0.9044450023246321,0.9206013310841901,0.93348770283713,0.9400583650758549,0.957337368945678,0.9592170264589491,0.9914910228671829,1.0,0.9948643508189009,0.9770024713562859,0.953159646824427,0.903985670476113,0.8540501360466249,0.821416126310941,0.7741842080564101,0.794213996559068,0.744608321809098
0.44000306212515994,0.531445999202517,0.595991201542801,0.654348145829624,0.687339726539578,0.733650449243075,0.7586388927229871,0.789239300242646,0.8176380769536491,0.8321623935174092,0.8472650254874431,0.852062824125561,0.873944278562648,0.8735022449514308,0.8894943235347791,0.8977324848868531,0.912307406594981,0.922731436002888,0.927623788595798,0.9442110294902579,0.945719064964598,0.9824516021619158,0.9948643508189009,1.0,0.9932525398293871,0.975989760128625,0.928595998269628,0.879379953920808,0.8466366708968099,0.7986349373863709,0.8069330474540841,0.7502314654281079
0.4391902063750999,0.5294758819279779,0.592613497172808,0.649225828946584,0.6805317384841401,0.7262691918251569,0.751198279435272,0.7810949890165301,0.808461907644602,0.822489120625038,0.8377244095239399,0.8426963968263459,0.863278366234687,0.8620527560791309,0.8775963641532422,0.8856462393934241,0.8989862566685469,0.907557632054615,0.911311991213125,0.9276410870359251,0.9291477076514051,0.965000613974462,0.9770024713562859,0.9932525398293871,1.0,0.9910132238486229,0.946577775059932,0.898902961258675,0.866117375587015,0.817553113631317,0.8138148049927869,0.75030312042227
0.438719816022669,0.529207222856363,0.59257166820587,0.647820301314849,0.677682734793768,0.7221140172916021,0.7460548313455502,0.774200377279422,0.79947332324006,0.8123108056130279,0.827504921711104,0.8324766924822259,0.8500617820951271,0.8468055664993129,0.8613490111546039,0.868938530015644,0.880468673006783,0.886447072094185,0.888818662514436,0.905521379705506,0.907572227720442,0.941961089301891,0.953159646824427,0.975989760128625,0.9910132238486229,1.0,0.979842965761391,0.946529361075425,0.9140432995995771,0.864402720557426,0.8404003295162199,0.764269225793467
0.42828225801371095,0.51795106588814,0.581382494547617,0.634396119751369,0.6624314070109321,0.7040180308624029,0.725725474422991,0.750740668122662,0.772623624964501,0.7834973618734381,0.7981544002745471,0.802865940508658,0.815889252225305,0.809818117357465,0.8226478963943729,0.829412733117658,0.8385368253881659,0.8413838945075749,0.842228167923113,0.85940213982379,0.862353698015982,0.8941104696275319,0.903985670476113,0.928595998269628,0.946577775059932,0.979842965761391,1.0,0.991206242824828,0.9600382546910571,0.9101502091364241,0.861326166774561,0.770608169555353
0.417796200985813,0.505517192955224,0.567642931261621,0.618334904443154,0.6445747283872879,0.683092354341595,0.7023841902689519,0.724338983021042,0.7430733013649219,0.7518508398852679,0.7649999039104479,0.768695307558568,0.7777314910787719,0.7693628414166009,0.7804843138459471,0.7863529021760299,0.7937862791331171,0.7948039393971691,0.79477337242757,0.811790114538243,0.8151820597739491,0.844938637540682,0.8540501360466249,0.879379953920808,0.898902961258675,0.946529361075425,0.991206242824828,1.0,0.979693601795482,0.9375486768213029,0.869921317688024,0.76851024099934
0.424936425209289,0.5116979856349431,0.5717956881984859,0.621470740684266,0.6464315096980849,0.6816858895203599,0.6977609232662759,0.7162672965127149,0.7316657813275892,0.737259822850288,0.746270494029862,0.7466201171164679,0.751276384400287,0.740080227886475,0.7491254105716979,0.7537162641134579,0.760706628113458,0.7621922354935101,0.762432204569248,0.7785673731626959,0.7816797136261,0.8115685571265949,0.821416126310941,0.8466366708968099,0.866117375587015,0.9140432995995771,0.9600382546910571,0.979693601795482,1.0,0.9882553587156608,0.9021023832731679,0.787743496179543
0.41881108337052203,0.502479662178239,0.5593957675846251,0.606943561041891,0.630250036979015,0.6620576680907809,0.675243434533394,0.6906178294121359,0.703054743618422,0.706070206206585,0.711681519830278,0.709471638725048,0.710663003319701,0.6976166345543019,0.704833152358885,0.708325211801191,0.7147876475723051,0.716589460937567,0.7170290868539101,0.7320531460014791,0.734867664121745,0.7640437048248969,0.7741842080564101,0.7986349373863709,0.817553113631317,0.864402720557426,0.9101502091364241,0.9375486768213029,0.9882553587156608,1.0,0.9020729082957941,0.7809588281352271
0.45089861268393205,0.537584427760591,0.5948828170889449,0.6489059445656179,0.677357421587375,0.7148457331915191,0.731747231273932,0.7460186571066609,0.754066496793445,0.7528025716912191,0.754549424575793,0.7488048226024521,0.753923036944447,0.7430279150487841,0.752292519492231,0.757019372538688,0.7634765354424459,0.763926311773764,0.7617141109378069,0.7716246001024251,0.770085548909116,0.791235133365512,0.794213996559068,0.8069330474540841,0.8138148049927869,0.8404003295162199,0.861326166774561,0.869921317688024,0.9021023832731679,0.9020729082957941,1.0,0.974036267589761
0.433038240902896,0.514691512620909,0.567849646257864,0.6211441354867839,0.650132578998921,0.687786472182526,0.705400506714032,0.7180740945200649,0.7232817949814491,0.719943844868232,0.7196222970220479,0.712538306036818,0.719403461094201,0.710521257066031,0.7201886154988821,0.7252244647313539,0.731194099622537,0.730894138954168,0.72746098397762,0.7339614238658709,0.730272419510738,0.7456114156486892,0.744608321809098,0.7502314654281079,0.75030312042227,0.764269225793467,0.770608169555353,0.76851024099934,0.787743496179543,0.7809588281352271,0.974036267589761,1.0
