1.0,0.7874351711614391,0.7070132235830171,0.660444142666907,0.625639708726202,0.606732421306559,0.575655969257315,0.553367024767819,0.545955220657557,0.524000293152513,0.520930144221024,0.50623419984242,0.502530750485024,0.486248327043121,0.47318422538918303,0.453535603457276,0.441964688276685,0.429267277998756,0.415155423473055,0.409251063807796,0.404856774368303,0.40494773310294,0.40183472854201296,0.392950570786753,0.36974197606945397,0.364525316572101,0.354071782222396,0.33677244026468606,0.319964091254398,0.25209026006205,0.18861477626803,0.141281835540359
0.7874351711614391,1.0,0.9353282244793529,0.864851762918027,0.817000425689209,0.7773058731274879,0.7415233362895821,0.723861205280509,0.7120179076569009,0.6929169339110289,0.682127517084821,0.6647825313680671,0.6589638272325811,0.6425215802408449,0.6236370797079179,0.607543021155031,0.601555370198378,0.591543377933522,0.5826524699854749,0.584345407973901,0.582694741815728,0.5762102764242171,0.5670198523204829,0.5537773397788051,0.534033445542042,0.5303252517385839,0.506878874122622,0.48614358364716,0.463103747870917,0.37055930042961105,0.274147454334751,0.27991458676182696
0.7070132235830171,0.9353282244793529,1.0,0.96221639067112,0.90700852423016,0.862960255940987,0.830660216741227,0.8112277195397951,0.794748834758105,0.773396252646173,0.7615358423390279,0.7416820426382821,0.7325108277226942,0.7169852468903158,0.6973776611428579,0.679460860470908,0.672148886144468,0.658583553444251,0.645314591195667,0.640066535912416,0.638209240371946,0.631683727124494,0.624021864066358,0.6097949487042671,0.59458343017509,0.591152331561719,0.5641507871273471,0.543193022093798,0.514237783251226,0.41406267055602297,0.30253635009106294,0.29383555311699605
0.660444142666907,0.864851762918027,0.96221639067112,1.0,0.9693319599174408,0.9263914299908091,0.8937873834478779,0.8686632157862991,0.8490264077922378,0.826529243637185,0.812443594018162,0.7898295461062721,0.7754238574362651,0.760674583086512,0.7428828758143291,0.724725078969053,0.7149036305653721,0.70095041167652,0.687160054577619,0.677331690489667,0.672971523856729,0.667081134856019,0.656701625526543,0.639416256530081,0.624638037429917,0.615902376614016,0.588035574846144,0.564489703934899,0.5330662567950479,0.423460382629622,0.30201750511678804,0.298284642773479
0.625639708726202,0.817000425689209,0.90700852423016,0.9693319599174408,1.0,0.977180588034029,0.9405074631074509,0.9114973567742499,0.891202637436933,0.8697515007052241,0.8505749016399771,0.827839488155103,0.813219227304276,0.797408386672131,0.7819014958295929,0.7654880077667271,0.7552480559905359,0.7400284181088249,0.7253421670769359,0.7148667984675879,0.708964293695354,0.703044577364598,0.690137464141153,0.668293541365749,0.651153042550683,0.639419811930105,0.6119955372983691,0.5871779732317951,0.552822643625575,0.433901823185122,0.30305085280976096,0.30521652121866805
0.606732421306559,0.7773058731274879,0.862960255940987,0.9263914299908091,0.977180588034029,1.0,0.977276444500143,0.9479600766753841,0.9279635234800899,0.9068078290018341,0.883181573435248,0.8611665968053479,0.8451328004082141,0.829769948019453,0.815194009898119,0.795571592385371,0.782807596813035,0.764970131634001,0.749215205034968,0.7353947060143431,0.726951672496603,0.7218631625087951,0.7092628468020541,0.686118200410631,0.666405981445719,0.653895593099236,0.6277313936234921,0.60110089342981,0.565090943112992,0.439731829033731,0.30281259939260496,0.310438580463354
0.575655969257315,0.7415233362895821,0.830660216741227,0.8937873834478779,0.9405074631074509,0.977276444500143,1.0,0.9800433798329822,0.955392613174508,0.9300408172113621,0.903337923588595,0.881272787428806,0.862941032972035,0.84762218128591,0.8318268135925841,0.810877639076899,0.7954713247946971,0.777340782679133,0.7626974915128649,0.746695925410662,0.735421269974148,0.730102639056687,0.7152520419341729,0.692741520767539,0.6720260984569519,0.65865039187854,0.631590513961366,0.604135158059941,0.567379369943309,0.43769320924152294,0.294551488460341,0.303789345480754
0.553367024767819,0.723861205280509,0.8112277195397951,0.8686632157862991,0.9114973567742499,0.9479600766753841,0.9800433798329822,1.0,0.9769708462824179,0.949701811338042,0.92305499927808,0.9018600457923821,0.881271052032064,0.8637782225302459,0.8455907029036179,0.823131675908673,0.8083132664129878,0.792019218419648,0.7782386262250941,0.7618362455790301,0.7485982077736301,0.743166357835019,0.726456676496578,0.70468916333306,0.6851261583347149,0.672575559512615,0.64256921700307,0.6148282294775159,0.5745349634285021,0.440003338716832,0.288629976586494,0.29743417737934397
0.545955220657557,0.7120179076569009,0.794748834758105,0.8490264077922378,0.891202637436933,0.9279635234800899,0.955392613174508,0.9769708462824179,1.0,0.9750401659417471,0.9492591227497409,0.9294938089238342,0.905424041666047,0.886412051699012,0.866943368119537,0.843375061997634,0.829124067780792,0.813615150968593,0.798116444891925,0.780687621141386,0.767754002029638,0.760739047444903,0.7423683231314309,0.723310224932255,0.7040262897003909,0.690929784692734,0.6631099376667421,0.635006397334501,0.596611107020635,0.455407785896841,0.297700974951478,0.312174603184694
0.524000293152513,0.6929169339110289,0.773396252646173,0.826529243637185,0.8697515007052241,0.9068078290018341,0.9300408172113621,0.949701811338042,0.9750401659417471,1.0,0.976865553240059,0.9582081534742071,0.9319432314303571,0.9108398769519019,0.889994862309318,0.86562948589716,0.852463436112253,0.8372636534667951,0.821294772881034,0.8024580189725541,0.7882226936365071,0.780630442534967,0.759974127034142,0.7432854780762191,0.7253700070423921,0.7093605792853771,0.679188851294151,0.650404329105748,0.613044699612675,0.462314041917506,0.303361524233637,0.313039440117921
0.520930144221024,0.682127517084821,0.7615358423390279,0.812443594018162,0.8505749016399771,0.883181573435248,0.903337923588595,0.92305499927808,0.9492591227497409,0.976865553240059,1.0,0.9849952910785699,0.959874573803735,0.9400145024811449,0.918385617735336,0.8935311989361991,0.877825095870595,0.860557563014298,0.843596479366855,0.824887818961562,0.808365486362679,0.799854597914577,0.779876228450208,0.761915029091078,0.7414785051674769,0.7258890027242959,0.693574347701281,0.664184449463489,0.624791911705764,0.47687659224206896,0.32740939827948196,0.33500613826807896
0.50623419984242,0.6647825313680671,0.7416820426382821,0.7898295461062721,0.827839488155103,0.8611665968053479,0.881272787428806,0.9018600457923821,0.9294938089238342,0.9582081534742071,0.9849952910785699,1.0,0.983351346470342,0.964709424873856,0.9413619912768091,0.915801228909145,0.898850521102874,0.88364417241872,0.869289918648259,0.849573418777634,0.834581801201264,0.8257511052292009,0.8050769247790359,0.788562423682864,0.765640857603609,0.750343658893629,0.71706657982319,0.68611365572319,0.641921793862532,0.483380621441543,0.335228822664702,0.35556625584090895
0.502530750485024,0.6589638272325811,0.7325108277226942,0.7754238574362651,0.813219227304276,0.8451328004082141,0.862941032972035,0.881271052032064,0.905424041666047,0.9319432314303571,0.959874573803735,0.983351346470342,1.0,0.987451144046932,0.9637741238537351,0.9385021051137379,0.919709109762505,0.903622794067442,0.8891535873017049,0.8691890730497751,0.8557311550414171,0.849168687293535,0.829263371684362,0.8132912530954051,0.7886678552744621,0.772152807353217,0.737922067528223,0.7056488577661,0.660554850026606,0.501629255373158,0.349025355568905,0.371192572809801
0.486248327043121,0.6425215802408449,0.7169852468903158,0.760674583086512,0.797408386672131,0.829769948019453,0.84762218128591,0.8637782225302459,0.886412051699012,0.9108398769519019,0.9400145024811449,0.964709424873856,0.987451144046932,1.0,0.9856972011618921,0.9613320215141129,0.94276757339017,0.9262102578150531,0.911921201545548,0.8914853796363679,0.8784480784766721,0.87151295137649,0.852773997161555,0.836604260412672,0.812146388176801,0.7957343535697691,0.763052556977683,0.73250074031508,0.6891723030602079,0.530155243262811,0.370165552223085,0.39249351434299795
0.47318422538918303,0.6236370797079179,0.6973776611428579,0.7428828758143291,0.7819014958295929,0.815194009898119,0.8318268135925841,0.8455907029036179,0.866943368119537,0.889994862309318,0.918385617735336,0.9413619912768091,0.9637741238537351,0.9856972011618921,1.0,0.988025451469276,0.970137546356582,0.9530820870227891,0.9371483185012021,0.9168913721487499,0.9025650456242041,0.892724613905168,0.8729441948370409,0.855546775572383,0.829249313708354,0.810318708342728,0.7792033590674878,0.7485536590566491,0.703926160787703,0.539584589121068,0.37736478124681205,0.40436660282004105
0.453535603457276,0.607543021155031,0.679460860470908,0.724725078969053,0.7654880077667271,0.795571592385371,0.810877639076899,0.823131675908673,0.843375061997634,0.86562948589716,0.8935311989361991,0.915801228909145,0.9385021051137379,0.9613320215141129,0.988025451469276,1.0,0.990685082122293,0.9739003885514341,0.957475020867327,0.9371091785127701,0.92157551120011,0.9091709364854309,0.886016333716283,0.867928000741854,0.8406431985696229,0.8181455856938821,0.7885005742804579,0.7591726505339971,0.71495737426091,0.546933550647347,0.38258166463251203,0.41214539295861796
0.441964688276685,0.601555370198378,0.672148886144468,0.7149036305653721,0.7552480559905359,0.782807596813035,0.7954713247946971,0.8083132664129878,0.829124067780792,0.852463436112253,0.877825095870595,0.898850521102874,0.919709109762505,0.94276757339017,0.970137546356582,0.990685082122293,1.0,0.9912116762787511,0.974934789647199,0.9547903719901791,0.9383052775278209,0.925027310217301,0.901260613679773,0.884021571943593,0.858973965486701,0.8340642472490429,0.804657642991644,0.7758121593811479,0.730399376923185,0.560673200818951,0.399167918459758,0.42551921285868505
0.429267277998756,0.591543377933522,0.658583553444251,0.70095041167652,0.7400284181088249,0.764970131634001,0.777340782679133,0.792019218419648,0.813615150968593,0.8372636534667951,0.860557563014298,0.88364417241872,0.903622794067442,0.9262102578150531,0.9530820870227891,0.9739003885514341,0.9912116762787511,1.0,0.989918100834552,0.969767639722437,0.9524829802796451,0.9389053331112109,0.914401822772212,0.8982476571450471,0.874079861068649,0.8473097218634941,0.8165988826028879,0.7867459979422622,0.739029916052503,0.568142696268058,0.40553518516269105,0.43527571582056895
0.415155423473055,0.5826524699854749,0.645314591195667,0.687160054577619,0.7253421670769359,0.749215205034968,0.7626974915128649,0.7782386262250941,0.798116444891925,0.821294772881034,0.843596479366855,0.869289918648259,0.8891535873017049,0.911921201545548,0.9371483185012021,0.957475020867327,0.974934789647199,0.989918100834552,1.0,0.987792496893583,0.9703656546138499,0.955775567927693,0.930008718023732,0.9125001757108459,0.88736696980884,0.859223944196009,0.825149271991265,0.794827334454735,0.746030329639337,0.572740051493661,0.40925348854648097,0.434444569440099
0.409251063807796,0.584345407973901,0.640066535912416,0.677331690489667,0.7148667984675879,0.7353947060143431,0.746695925410662,0.7618362455790301,0.780687621141386,0.8024580189725541,0.824887818961562,0.849573418777634,0.8691890730497751,0.8914853796363679,0.9168913721487499,0.9371091785127701,0.9547903719901791,0.969767639722437,0.987792496893583,1.0,0.987599791094055,0.972254351316729,0.945182851301997,0.926156829837125,0.89949722817419,0.8705152538470309,0.83632795421892,0.8055099393330258,0.7553301870904391,0.5828588494628921,0.4151301565045829,0.442277012370823
0.404856774368303,0.582694741815728,0.638209240371946,0.672971523856729,0.708964293695354,0.726951672496603,0.735421269974148,0.7485982077736301,0.767754002029638,0.7882226936365071,0.808365486362679,0.834581801201264,0.8557311550414171,0.8784480784766721,0.9025650456242041,0.92157551120011,0.9383052775278209,0.9524829802796451,0.9703656546138499,0.987599791094055,1.0,0.98821761974397,0.9597560723555649,0.941721548176228,0.9146368467601301,0.8877564228017341,0.8548595416911371,0.8236094937151909,0.773311917587547,0.594737186189439,0.415954533724661,0.46411722974282205
0.40494773310294,0.5762102764242171,0.631683727124494,0.667081134856019,0.703044577364598,0.7218631625087951,0.730102639056687,0.743166357835019,0.760739047444903,0.780630442534967,0.799854597914577,0.8257511052292009,0.849168687293535,0.87151295137649,0.892724613905168,0.9091709364854309,0.925027310217301,0.9389053331112109,0.955775567927693,0.972254351316729,0.98821761974397,1.0,0.9770467285144091,0.9596266200456491,0.9307608909486941,0.90335781467069,0.8710991756297009,0.8424238012842921,0.7924849463005841,0.6045498238354859,0.4115224146939439,0.461767911568164
0.40183472854201296,0.5670198523204829,0.624021864066358,0.656701625526543,0.690137464141153,0.7092628468020541,0.7152520419341729,0.726456676496578,0.7423683231314309,0.759974127034142,0.779876228450208,0.8050769247790359,0.829263371684362,0.852773997161555,0.8729441948370409,0.886016333716283,0.901260613679773,0.914401822772212,0.930008718023732,0.945182851301997,0.9597560723555649,0.9770467285144091,1.0,0.982748278996965,0.957873289102093,0.9330581095765759,0.8989138337593999,0.8680720693969279,0.819315558276697,0.6491945016474829,0.439159049218826,0.474310128176182
0.392950570786753,0.5537773397788051,0.6097949487042671,0.639416256530081,0.668293541365749,0.686118200410631,0.692741520767539,0.70468916333306,0.723310224932255,0.7432854780762191,0.761915029091078,0.788562423682864,0.8132912530954051,0.836604260412672,0.855546775572383,0.867928000741854,0.884021571943593,0.8982476571450471,0.9125001757108459,0.926156829837125,0.941721548176228,0.9596266200456491,0.982748278996965,1.0,0.9791572125920021,0.955592047767968,0.924647564040792,0.8929255792892329,0.842189246154871,0.6709057207675481,0.45648129083199,0.48608173660057896
0.36974197606945397,0.534033445542042,0.59458343017509,0.624638037429917,0.651153042550683,0.666405981445719,0.6720260984569519,0.6851261583347149,0.7040262897003909,0.7253700070423921,0.7414785051674769,0.765640857603609,0.7886678552744621,0.812146388176801,0.829249313708354,0.8406431985696229,0.858973965486701,0.874079861068649,0.88736696980884,0.89949722817419,0.9146368467601301,0.9307608909486941,0.957873289102093,0.9791572125920021,1.0,0.9775827613869479,0.9443052970315841,0.9116778125435648,0.8632686251205699,0.695594205998458,0.464918194134443,0.4711716647176649
0.364525316572101,0.5303252517385839,0.591152331561719,0.615902376614016,0.639419811930105,0.653895593099236,0.65865039187854,0.672575559512615,0.690929784692734,0.7093605792853771,0.7258890027242959,0.750343658893629,0.772152807353217,0.7957343535697691,0.810318708342728,0.8181455856938821,0.8340642472490429,0.8473097218634941,0.859223944196009,0.8705152538470309,0.8877564228017341,0.90335781467069,0.9330581095765759,0.955592047767968,0.9775827613869479,1.0,0.978309232115735,0.9442125348742321,0.8888252604934509,0.716520289930369,0.47613831485714897,0.499008605876471
0.354071782222396,0.506878874122622,0.5641507871273471,0.588035574846144,0.6119955372983691,0.6277313936234921,0.631590513961366,0.64256921700307,0.6631099376667421,0.679188851294151,0.693574347701281,0.71706657982319,0.737922067528223,0.763052556977683,0.7792033590674878,0.7885005742804579,0.804657642991644,0.8165988826028879,0.825149271991265,0.83632795421892,0.8548595416911371,0.8710991756297009,0.8989138337593999,0.924647564040792,0.9443052970315841,0.978309232115735,1.0,0.9744882235154609,0.9103527729263119,0.7431377517267349,0.5097340089200879,0.539649253048544
0.33677244026468606,0.48614358364716,0.543193022093798,0.564489703934899,0.5871779732317951,0.60110089342981,0.604135158059941,0.6148282294775159,0.635006397334501,0.650404329105748,0.664184449463489,0.68611365572319,0.7056488577661,0.73250074031508,0.7485536590566491,0.7591726505339971,0.7758121593811479,0.7867459979422622,0.794827334454735,0.8055099393330258,0.8236094937151909,0.8424238012842921,0.8680720693969279,0.8929255792892329,0.9116778125435648,0.9442125348742321,0.9744882235154609,1.0,0.959928436416499,0.7768752958588231,0.545581483583953,0.54263540569724
0.319964091254398,0.463103747870917,0.514237783251226,0.5330662567950479,0.552822643625575,0.565090943112992,0.567379369943309,0.5745349634285021,0.596611107020635,0.613044699612675,0.624791911705764,0.641921793862532,0.660554850026606,0.6891723030602079,0.703926160787703,0.71495737426091,0.730399376923185,0.739029916052503,0.746030329639337,0.7553301870904391,0.773311917587547,0.7924849463005841,0.819315558276697,0.842189246154871,0.8632686251205699,0.8888252604934509,0.9103527729263119,0.959928436416499,1.0,0.843759474460707,0.569727025610033,0.529576203042938
0.25209026006205,0.37055930042961105,0.41406267055602297,0.423460382629622,0.433901823185122,0.439731829033731,0.43769320924152294,0.440003338716832,0.455407785896841,0.462314041917506,0.47687659224206896,0.483380621441543,0.501629255373158,0.530155243262811,0.539584589121068,0.546933550647347,0.560673200818951,0.568142696268058,0.572740051493661,0.5828588494628921,0.594737186189439,0.6045498238354859,0.6491945016474829,0.6709057207675481,0.695594205998458,0.716520289930369,0.7431377517267349,0.7768752958588231,0.843759474460707,1.0,0.7668197351411229,0.537073235627108
0.18861477626803,0.274147454334751,0.30253635009106294,0.30201750511678804,0.30305085280976096,0.30281259939260496,0.294551488460341,0.288629976586494,0.297700974951478,0.303361524233637,0.32740939827948196,0.335228822664702,0.349025355568905,0.370165552223085,0.37736478124681205,0.38258166463251203,0.399167918459758,0.40553518516269105,0.40925348854648097,0.4151301565045829,0.415954533724661,0.4115224146939439,0.439159049218826,0.45648129083199,0.464918194134443,0.47613831485714897,0.5097340089200879,0.545581483583953,0.569727025610033,0.7668197351411229,1.0,0.643748127533347
0.141281835540359,0.27991458676182696,0.29383555311699605,0.298284642773479,0.30521652121866805,0.310438580463354,0.303789345480754,0.29743417737934397,0.312174603184694,0.313039440117921,0.33500613826807896,0.35556625584090895,0.371192572809801,0.39249351434299795,0.40436660282004105,0.41214539295861796,0.42551921285868505,0.43527571582056895,0.434444569440099,0.442277012370823,0.46411722974282205,0.461767911568164,0.474310128176182,0.48608173660057896,0.4711716647176649,0.499008605876471,0.539649253048544,0.54263540569724,0.529576203042938,0.537073235627108,0.643748127533347,1.0
