1.0,0.991791382297859,0.9540840976082459,0.856775345629881,0.6687740672923579,0.6160698524502121,0.603867963445729,0.581771065506505,0.549585582345941,0.5191553785868229,0.508656323805747,0.49148359052558005,0.469238592408961,0.443774241747146,0.42411870080186403,0.403109745279496,0.380430882513754,0.35787102283956296,0.33841051507956804,0.322554317354722,0.30470710440622495,0.287323910107659,0.27144226817164,0.273536635776983,0.270153444450585,0.26269151807128305,0.25507762205747797,0.253205553534856,0.2267705793623,0.200456616503645,0.18410750333939604,0.17354047315295998
0.991791382297859,1.0,0.9845533871902441,0.915681883352626,0.758348748962428,0.7111100285772329,0.697430611793146,0.672347392054641,0.6356174472769499,0.6007769981153771,0.588620912835323,0.568742224902956,0.5429943255762391,0.5135215578023811,0.492443753865154,0.470071000182505,0.445463469628207,0.42071564470737205,0.39883455882862,0.379539546884339,0.35802608532515995,0.337165871590308,0.318157465865434,0.31978333844456197,0.315130097525136,0.305949836653768,0.296740024645441,0.293926373175194,0.26204037707247,0.23105910287079104,0.21188299147265602,0.19950773138707298
0.9540840976082459,0.9845533871902441,1.0,0.971904883325928,0.86076357818838,0.8222692647932559,0.8069317597306469,0.7784288231951991,0.736456447806276,0.696506923128494,0.6824063084014431,0.659352913130468,0.62949569503164,0.595320821174315,0.5728580386194859,0.549214918474566,0.5226231972007179,0.495539875664776,0.47092827871410103,0.44743949595461296,0.42148004567115205,0.396415517347605,0.373632975548784,0.37457396018918104,0.36830584910383596,0.35701770240852604,0.34586841793662304,0.341840565721978,0.30334153954623305,0.26679620774540197,0.24426089761030104,0.229739923329617
0.856775345629881,0.915681883352626,0.971904883325928,1.0,0.956386837622552,0.9315288725216341,0.914711727481374,0.8830041883173101,0.8360349820107191,0.791169063668835,0.7751432982311691,0.748948409028615,0.715025697212159,0.6761993832170721,0.652972259865203,0.628776549166842,0.600816682705676,0.5719169599693629,0.54483715641206,0.5168581812895859,0.486190189524031,0.456698286373856,0.429955178201671,0.429929460780295,0.421796673000205,0.408226349357101,0.395014508507305,0.389551156523384,0.34404303222623306,0.30180332321195097,0.275853185271008,0.25915713784483896
0.6687740672923579,0.758348748962428,0.86076357818838,0.956386837622552,1.0,0.9940158210490679,0.976682221733068,0.943486113594496,0.894001883198071,0.8465556994009209,0.8293984860451709,0.8013607158240921,0.7650549005435909,0.7235031467148209,0.7011503206355931,0.678167707302694,0.650704230733433,0.621818364147812,0.593800688429973,0.562445089012676,0.5283405311391011,0.495668695438813,0.466109247419112,0.464885854535601,0.4550772297492729,0.439739680244067,0.42500503279213897,0.418188963219663,0.36755389163887603,0.321562322234875,0.29341088327140996,0.27532583343719
0.6160698524502121,0.7111100285772329,0.8222692647932559,0.9315288725216341,0.9940158210490679,1.0,0.9930315213892199,0.9705626254550821,0.931661288548736,0.89173840944435,0.875140617339355,0.847009347099214,0.81004945749163,0.767417543216116,0.745222330456505,0.722219647992132,0.694245885736936,0.66456401533117,0.635680458454415,0.6031559919466041,0.567468954600932,0.5331331671968189,0.501988328615574,0.49911998838140204,0.486930380012011,0.46937807197915005,0.452824998523825,0.445374509881784,0.39237969425634006,0.34373658210223196,0.313908662721469,0.29473247977281297
0.603867963445729,0.697430611793146,0.8069317597306469,0.914711727481374,0.976682221733068,0.9930315213892199,1.0,0.9921830929094251,0.967986886064527,0.93870871955221,0.92313217992953,0.8953218881226059,0.8580646675394079,0.8146489309601009,0.792324257232796,0.768851944078044,0.7399502498925191,0.709096848930091,0.6792339872832629,0.646037190957081,0.6091331871075251,0.573400601209729,0.540867221502098,0.536152517331403,0.521244285865892,0.5012026038272009,0.482619230055139,0.47469814155988105,0.419890144460999,0.36865270455384797,0.33713711221555503,0.31685039498009493
0.581771065506505,0.672347392054641,0.7784288231951991,0.8830041883173101,0.943486113594496,0.9705626254550821,0.9921830929094251,1.0,0.991742776053029,0.9741812303488392,0.959922796395173,0.9328749904509599,0.8958690803545891,0.8522830911806341,0.8301605732300199,0.8065476485886001,0.7771025505700241,0.7454774563847729,0.715031397823461,0.6816271231321651,0.6439952578540079,0.6073265852705041,0.573817247975858,0.567219068085699,0.549658622660796,0.5272854862613731,0.506834612239462,0.498535571970375,0.442640446188939,0.389434462099796,0.3566106945474461,0.335456303485985
0.549585582345941,0.6356174472769499,0.736456447806276,0.8360349820107191,0.894001883198071,0.931661288548736,0.967986886064527,0.991742776053029,1.0,0.994765299528912,0.982093711997785,0.956270105260755,0.920125298696025,0.877074379463788,0.855519994273378,0.832147231779225,0.802623368672827,0.770720417366897,0.7401710057947729,0.70709768136945,0.6693308559879039,0.632297546716037,0.598331132013928,0.589904856982033,0.5699048905806129,0.545500267202834,0.523463381199001,0.514911127694227,0.458809350990382,0.404447108982609,0.370813687406471,0.34911223152823306
0.5191553785868229,0.6007769981153771,0.696506923128494,0.791169063668835,0.8465556994009209,0.89173840944435,0.93870871955221,0.9741812303488392,0.994765299528912,1.0,0.992696779510604,0.971906316055415,0.9403008295252441,0.901214602859534,0.8812538173612641,0.858405685929423,0.829041688708131,0.7970578588243531,0.7666151687293721,0.734163500221904,0.6964705945287589,0.659221724415597,0.62490553175745,0.6148943152877989,0.5925891755181011,0.566196771658503,0.542581749217335,0.533072854948772,0.474490153649931,0.418028209954796,0.38312573378399295,0.360613284999166
0.508656323805747,0.588620912835323,0.6824063084014431,0.7751432982311691,0.8293984860451709,0.875140617339355,0.92313217992953,0.959922796395173,0.982093711997785,0.992696779510604,1.0,0.9932021864365459,0.9744914831251501,0.946913337402051,0.9305592037590771,0.9083226638420508,0.8789290013343659,0.8465084847191929,0.8158831776246709,0.78389216619702,0.745786445255875,0.7077075451107819,0.672405566184446,0.6612351851676639,0.6364732957043799,0.6075842708779129,0.5818465381628061,0.5693670429582429,0.5010115808707051,0.438605922255219,0.400373881496709,0.37580398900128903
0.49148359052558005,0.568742224902956,0.659352913130468,0.748948409028615,0.8013607158240921,0.847009347099214,0.8953218881226059,0.9328749904509599,0.956270105260755,0.971906316055415,0.9932021864365459,1.0,0.9939905221359872,0.9778983393053899,0.965250683455404,0.943912126525044,0.914896786231713,0.8825037625444759,0.852126246237442,0.8210226287723079,0.783046144276833,0.744693538539763,0.7089291191424141,0.696794910296669,0.670005322852037,0.6391072671626121,0.6116776614869661,0.596504607042361,0.5196657646113649,0.45238900033465795,0.411473572276214,0.385258614162933
0.469238592408961,0.5429943255762391,0.62949569503164,0.715025697212159,0.7650549005435909,0.81004945749163,0.8580646675394079,0.8958690803545891,0.920125298696025,0.9403008295252441,0.9744914831251501,0.9939905221359872,1.0,0.994908969765013,0.985903801071616,0.9656743669415709,0.937374661935841,0.905409239219377,0.8756414985100051,0.8457581544364371,0.8083741995032551,0.770239855283202,0.734484108944878,0.7215939932428421,0.6932297789341071,0.6608256054496949,0.632145125506753,0.6146271871045329,0.530763419479476,0.459740176578689,0.41680869362483597,0.389371815221752
0.443774241747146,0.5135215578023811,0.595320821174315,0.6761993832170721,0.7235031467148209,0.767417543216116,0.8146489309601009,0.8522830911806341,0.877074379463788,0.901214602859534,0.946913337402051,0.9778983393053899,0.994908969765013,1.0,0.994443875834185,0.9754504398298359,0.948110211834034,0.9168780363488829,0.8879879109083431,0.859545451951645,0.823104146154751,0.7855758609836608,0.7502079514646239,0.736758864785881,0.707246331952994,0.6737998299704179,0.644272447261626,0.6247818439116309,0.535341658241236,0.46162381732129104,0.417292380348956,0.38902204360483206
0.42411870080186403,0.492443753865154,0.5728580386194859,0.652972259865203,0.7011503206355931,0.745222330456505,0.792324257232796,0.8301605732300199,0.855519994273378,0.8812538173612641,0.9305592037590771,0.965250683455404,0.985903801071616,0.994443875834185,1.0,0.9930583453770471,0.9759432519647341,0.953239027172229,0.930642765624373,0.904571851199551,0.8693300982691221,0.832294801561693,0.797018334330805,0.784208952352909,0.753702383485979,0.718695058882562,0.6876668814540711,0.666298688367011,0.568448845206292,0.488937220062581,0.441253497435878,0.41088086840851
0.403109745279496,0.470071000182505,0.549214918474566,0.628776549166842,0.678167707302694,0.722219647992132,0.768851944078044,0.8065476485886001,0.832147231779225,0.858405685929423,0.9083226638420508,0.943912126525044,0.9656743669415709,0.9754504398298359,0.9930583453770471,1.0,0.9948132660543141,0.9821696273931229,0.9669739852047929,0.943592068279636,0.90990006634561,0.87369558118057,0.838817460272283,0.8270505807034029,0.796025324417603,0.7598566272749642,0.7276409009554009,0.704835253706896,0.599702437635152,0.515002769880877,0.464293595385956,0.432017028439289
0.380430882513754,0.445463469628207,0.5226231972007179,0.600816682705676,0.650704230733433,0.694245885736936,0.7399502498925191,0.7771025505700241,0.802623368672827,0.829041688708131,0.8789290013343659,0.914896786231713,0.937374661935841,0.948110211834034,0.9759432519647341,0.9948132660543141,1.0,0.9961980535248449,0.9875723686296658,0.966777485968055,0.934802685804533,0.8997217906297009,0.8655784299213142,0.854844756046407,0.8237181131616451,0.7869498007706991,0.7540675896062641,0.7302740475075941,0.620019458195682,0.531781033203862,0.47902292568182603,0.44546103440091206
0.35787102283956296,0.42071564470737205,0.495539875664776,0.5719169599693629,0.621818364147812,0.66456401533117,0.709096848930091,0.7454774563847729,0.770720417366897,0.7970578588243531,0.8465084847191929,0.8825037625444759,0.905409239219377,0.9168780363488829,0.953239027172229,0.9821696273931229,0.9961980535248449,1.0,0.997072327428292,0.9786645707930199,0.9484240897433861,0.9145947165668761,0.8813621317906469,0.8716018467496359,0.8406449837950541,0.803666249697506,0.7704843080522621,0.7460408323434341,0.632308610849205,0.541766837309765,0.487688849098199,0.45330281993262894
0.33841051507956804,0.39883455882862,0.47092827871410103,0.54483715641206,0.593800688429973,0.635680458454415,0.6792339872832629,0.715031397823461,0.7401710057947729,0.7666151687293721,0.8158831776246709,0.852126246237442,0.8756414985100051,0.8879879109083431,0.930642765624373,0.9669739852047929,0.9875723686296658,0.997072327428292,1.0,0.989145474261566,0.9648201952336329,0.9355637280437499,0.9058773550866601,0.8959879377239691,0.86324088456081,0.824622909520919,0.7901040215135648,0.7650276731745309,0.6492176532120361,0.556668022195735,0.501348334880004,0.46616126036508204
0.322554317354722,0.379539546884339,0.44743949595461296,0.5168581812895859,0.562445089012676,0.6031559919466041,0.646037190957081,0.6816271231321651,0.70709768136945,0.734163500221904,0.78389216619702,0.8210226287723079,0.8457581544364371,0.859545451951645,0.904571851199551,0.943592068279636,0.966777485968055,0.9786645707930199,0.989145474261566,1.0,0.992979496336827,0.977301491409146,0.958279277061016,0.94555486164086,0.9058354662017579,0.861704337773828,0.8229940579965509,0.7971480956275729,0.682008813651316,0.587581790170491,0.530851316733396,0.494688794529545
0.30470710440622495,0.35802608532515995,0.42148004567115205,0.486190189524031,0.5283405311391011,0.567468954600932,0.6091331871075251,0.6439952578540079,0.6693308559879039,0.6964705945287589,0.745786445255875,0.783046144276833,0.8083741995032551,0.823104146154751,0.8693300982691221,0.90990006634561,0.934802685804533,0.9484240897433861,0.9648201952336329,0.992979496336827,1.0,0.99549974215615,0.9853619546517259,0.9705558773309358,0.925849648586966,0.877975858460086,0.836501513474417,0.810443301864146,0.697658377924684,0.603208070488537,0.546235894109004,0.509857998843845
0.287323910107659,0.337165871590308,0.396415517347605,0.456698286373856,0.495668695438813,0.5331331671968189,0.573400601209729,0.6073265852705041,0.632297546716037,0.659221724415597,0.7077075451107819,0.744693538539763,0.770239855283202,0.7855758609836608,0.832294801561693,0.87369558118057,0.8997217906297009,0.9145947165668761,0.9355637280437499,0.977301491409146,0.99549974215615,1.0,0.9970825333301121,0.9807586578743659,0.9325099081329979,0.8821224244762349,0.8388535875023471,0.8128891651449491,0.7031323243880511,0.6096196415583891,0.5530306516016711,0.516848526376257
0.27144226817164,0.318157465865434,0.373632975548784,0.429955178201671,0.466109247419112,0.501988328615574,0.540867221502098,0.573817247975858,0.598331132013928,0.62490553175745,0.672405566184446,0.7089291191424141,0.734484108944878,0.7502079514646239,0.797018334330805,0.838817460272283,0.8655784299213142,0.8813621317906469,0.9058773550866601,0.958279277061016,0.9853619546517259,0.9970825333301121,1.0,0.982560360306697,0.93177382996675,0.879691261169675,0.83526007106224,0.809541062653258,0.702941359132726,0.610795709591514,0.554885594691844,0.519097874983163
0.273536635776983,0.31978333844456197,0.37457396018918104,0.429929460780295,0.464885854535601,0.49911998838140204,0.536152517331403,0.567219068085699,0.589904856982033,0.6148943152877989,0.6612351851676639,0.696794910296669,0.7215939932428421,0.736758864785881,0.784208952352909,0.8270505807034029,0.854844756046407,0.8716018467496359,0.8959879377239691,0.94555486164086,0.9705558773309358,0.9807586578743659,0.982560360306697,1.0,0.9829449901815921,0.952598968666438,0.9226917842251371,0.9005001282248241,0.766755204690388,0.658750635743822,0.594058862500676,0.552874192206544
0.270153444450585,0.315130097525136,0.36830584910383596,0.421796673000205,0.4550772297492729,0.486930380012011,0.521244285865892,0.549658622660796,0.5699048905806129,0.5925891755181011,0.6364732957043799,0.670005322852037,0.6932297789341071,0.707246331952994,0.753702383485979,0.796025324417603,0.8237181131616451,0.8406449837950541,0.86324088456081,0.9058354662017579,0.925849648586966,0.9325099081329979,0.93177382996675,0.9829449901815921,1.0,0.992300020251961,0.977855714956951,0.9597962983318199,0.8032991940802181,0.6831209165606961,0.6118711151697579,0.566709520718494
0.26269151807128305,0.305949836653768,0.35701770240852604,0.408226349357101,0.439739680244067,0.46937807197915005,0.5012026038272009,0.5272854862613731,0.545500267202834,0.566196771658503,0.6075842708779129,0.6391072671626121,0.6608256054496949,0.6737998299704179,0.718695058882562,0.7598566272749642,0.7869498007706991,0.803666249697506,0.824622909520919,0.861704337773828,0.877975858460086,0.8821224244762349,0.879691261169675,0.952598968666438,0.992300020251961,1.0,0.9962471588472329,0.981317325276864,0.812499162578984,0.6864276454406429,0.612128021608895,0.565154446855845
0.25507762205747797,0.296740024645441,0.34586841793662304,0.395014508507305,0.42500503279213897,0.452824998523825,0.482619230055139,0.506834612239462,0.523463381199001,0.542581749217335,0.5818465381628061,0.6116776614869661,0.632145125506753,0.644272447261626,0.6876668814540711,0.7276409009554009,0.7540675896062641,0.7704843080522621,0.7901040215135648,0.8229940579965509,0.836501513474417,0.8388535875023471,0.83526007106224,0.9226917842251371,0.977855714956951,0.9962471588472329,1.0,0.9873935456383359,0.8115071265130269,0.682468802152795,0.606716535881567,0.558905758080486
0.253205553534856,0.293926373175194,0.341840565721978,0.389551156523384,0.418188963219663,0.445374509881784,0.47469814155988105,0.498535571970375,0.514911127694227,0.533072854948772,0.5693670429582429,0.596504607042361,0.6146271871045329,0.6247818439116309,0.666298688367011,0.704835253706896,0.7302740475075941,0.7460408323434341,0.7650276731745309,0.7971480956275729,0.810443301864146,0.8128891651449491,0.809541062653258,0.9005001282248241,0.9597962983318199,0.981317325276864,0.9873935456383359,1.0,0.890805611557546,0.7851424914608229,0.719784036557718,0.677616234762602
0.2267705793623,0.26204037707247,0.30334153954623305,0.34404303222623306,0.36755389163887603,0.39237969425634006,0.419890144460999,0.442640446188939,0.458809350990382,0.474490153649931,0.5010115808707051,0.5196657646113649,0.530763419479476,0.535341658241236,0.568448845206292,0.599702437635152,0.620019458195682,0.632308610849205,0.6492176532120361,0.682008813651316,0.697658377924684,0.7031323243880511,0.702941359132726,0.766755204690388,0.8032991940802181,0.812499162578984,0.8115071265130269,0.890805611557546,1.0,0.9808166072046199,0.95662056303715,0.937785907080376
0.200456616503645,0.23105910287079104,0.26679620774540197,0.30180332321195097,0.321562322234875,0.34373658210223196,0.36865270455384797,0.389434462099796,0.404447108982609,0.418028209954796,0.438605922255219,0.45238900033465795,0.459740176578689,0.46162381732129104,0.488937220062581,0.515002769880877,0.531781033203862,0.541766837309765,0.556668022195735,0.587581790170491,0.603208070488537,0.6096196415583891,0.610795709591514,0.658750635743822,0.6831209165606961,0.6864276454406429,0.682468802152795,0.7851424914608229,0.9808166072046199,1.0,0.995060412184605,0.9874793854907459
0.18410750333939604,0.21188299147265602,0.24426089761030104,0.275853185271008,0.29341088327140996,0.313908662721469,0.33713711221555503,0.3566106945474461,0.370813687406471,0.38312573378399295,0.400373881496709,0.411473572276214,0.41680869362483597,0.417292380348956,0.441253497435878,0.464293595385956,0.47902292568182603,0.487688849098199,0.501348334880004,0.530851316733396,0.546235894109004,0.5530306516016711,0.554885594691844,0.594058862500676,0.6118711151697579,0.612128021608895,0.606716535881567,0.719784036557718,0.95662056303715,0.995060412184605,1.0,0.9982614915264609
0.17354047315295998,0.19950773138707298,0.229739923329617,0.25915713784483896,0.27532583343719,0.29473247977281297,0.31685039498009493,0.335456303485985,0.34911223152823306,0.360613284999166,0.37580398900128903,0.385258614162933,0.389371815221752,0.38902204360483206,0.41088086840851,0.432017028439289,0.44546103440091206,0.45330281993262894,0.46616126036508204,0.494688794529545,0.509857998843845,0.516848526376257,0.519097874983163,0.552874192206544,0.566709520718494,0.565154446855845,0.558905758080486,0.677616234762602,0.937785907080376,0.9874793854907459,0.9982614915264609,1.0
