1.0,0.9382145741095179,0.7956429789335129,0.7566892604396899,0.6970572467836569,0.6673962892690171,0.627101075071667,0.5954772004672121,0.5670803311314611,0.5477556792609221,0.523345098511652,0.49722566446825495,0.47908913163292893,0.46530606901285604,0.450514437578635,0.43184120513969704,0.412931491231466,0.39199775861383507,0.37863580963689203,0.36940961512695203,0.34981929896207603,0.317530659656678,0.298341360189149,0.279591037202443,0.27608871645475896,0.26889594893212,0.252142859570834,0.224589109072029,0.21643164876253895,0.20890129314809802,0.22822166785126102,0.22629414144948798
0.9382145741095179,1.0,0.9544125944461049,0.9057397043290341,0.833849870684188,0.8009428661251429,0.756808093266816,0.725337165422107,0.6951141202599,0.6723250139363379,0.6461984340043471,0.6210846229130711,0.6019008521084761,0.584321812117401,0.5618099407196079,0.531996331458499,0.506081468701249,0.48051391052153997,0.46352507411214894,0.451248907547992,0.426187055397984,0.38576394606411607,0.365412927202533,0.34731644814747303,0.344058998208622,0.33431415109415,0.31732030758054,0.287120594767592,0.28168969745542305,0.275855807197431,0.305084770281644,0.30447877666842
0.7956429789335129,0.9544125944461049,1.0,0.9672373056857209,0.90450742181787,0.870870301305649,0.8265830654997629,0.798376176027782,0.769353136511868,0.7455388552089359,0.720119415748721,0.698062058753958,0.6791202885862261,0.6586260766922011,0.6316446700001179,0.5958741588104179,0.5666336161619151,0.539230474960368,0.5200085491544401,0.50522581323337,0.47680623102132796,0.431584237914401,0.411280235635781,0.39447299757994303,0.39173585386535204,0.380281748853464,0.36493426982671096,0.334659001880591,0.33127404667453303,0.326183797828427,0.3613414424407171,0.36069424384059995
0.7566892604396899,0.9057397043290341,0.9672373056857209,1.0,0.981562803506297,0.9456254816621441,0.899521303022888,0.872993707125657,0.8447489545698861,0.821018842216047,0.7955775339103,0.77388422613435,0.7534347835386491,0.72920103607509,0.702950602647509,0.670562178016894,0.642874594354204,0.615403011132732,0.594353620944605,0.5765319074907429,0.545545304925647,0.496278436946106,0.473832902722977,0.45451125282212196,0.451907673025614,0.43931699843026506,0.425393491996139,0.394020401136196,0.388275016520771,0.37932808477640795,0.41426432786908,0.409659481528548
0.6970572467836569,0.833849870684188,0.90450742181787,0.981562803506297,1.0,0.978685121256903,0.942017408905965,0.91771943775077,0.8908593308223979,0.867673182678366,0.8426721233576999,0.821613694477621,0.8005169245492031,0.7741270897417,0.7491719416442031,0.7201512033787851,0.6940443104512409,0.666685669230422,0.644081825802665,0.6236346663320121,0.592367636581485,0.542566729048312,0.520092173119811,0.499987168580416,0.496728749431919,0.481977489380188,0.46873408163272096,0.43661614375789204,0.429102965812855,0.417300997702905,0.453143328912493,0.44653458551637
0.6673962892690171,0.8009428661251429,0.870870301305649,0.9456254816621441,0.978685121256903,1.0,0.9896587644479641,0.9661725535461841,0.939392885514711,0.9156606238762601,0.889894268467772,0.868156731013505,0.846573906628012,0.819561867295394,0.7946899933167109,0.765846087026764,0.738887867273103,0.709775317888791,0.6847247089315049,0.6614745823803101,0.631990698866361,0.5847057780651739,0.564566502552952,0.545667818108007,0.540101922496084,0.520523118916005,0.505263204487078,0.47070165943383097,0.46242214249661795,0.44949686994695903,0.491119401857877,0.486320362097818
0.627101075071667,0.756808093266816,0.8265830654997629,0.899521303022888,0.942017408905965,0.9896587644479641,1.0,0.987354256384887,0.9666088187547779,0.9426305848201201,0.916638742592894,0.89487788439215,0.8735031364421592,0.846720889227062,0.822142732834432,0.7933551562637141,0.7659263046766691,0.735860550571578,0.709234888038198,0.684082697807784,0.655722745010772,0.610127442011005,0.592418907242156,0.575595648664025,0.57033489283603,0.549146927120536,0.533499620235004,0.497645002117966,0.48882218578084996,0.474902226429649,0.5200175869993771,0.51586331246567
0.5954772004672121,0.725337165422107,0.798376176027782,0.872993707125657,0.91771943775077,0.9661725535461841,0.987354256384887,1.0,0.993420090824365,0.96881997252888,0.9425268991590029,0.9209860138532551,0.900120542073125,0.8739199217426279,0.849061341072831,0.819104763671308,0.79084644790298,0.760062035189268,0.7323725068308491,0.7059501578512279,0.67659108132275,0.629644278500181,0.6137140012860289,0.5995764792381071,0.598486592009644,0.5800587412642729,0.566029909967287,0.529477789610771,0.520179855931588,0.505033864525839,0.551455732815706,0.545935971289187
0.5670803311314611,0.6951141202599,0.769353136511868,0.8447489545698861,0.8908593308223979,0.939392885514711,0.9666088187547779,0.993420090824365,1.0,0.9867891934658871,0.966609376473672,0.9455733506187489,0.92490209655325,0.8984300344556401,0.873769662196216,0.8441155572933441,0.8162211423113729,0.7857103677766619,0.7573434203443341,0.729627376443788,0.699975078509666,0.65254945628284,0.6370534130571789,0.6232528732436861,0.623561343397795,0.605687355809401,0.591949519518427,0.554285200124708,0.543380108312741,0.5261591155915329,0.5717422227768211,0.5641968196649
0.5477556792609221,0.6723250139363379,0.7455388552089359,0.821018842216047,0.867673182678366,0.9156606238762601,0.9426305848201201,0.96881997252888,0.9867891934658871,1.0,0.993872464975646,0.9735503131313861,0.952519440512958,0.9245043427258359,0.900489941319302,0.872835104889872,0.846650403750055,0.817484586001088,0.788777802527167,0.7596027194276659,0.7303851930148649,0.6833133442445201,0.6663896928719261,0.649777552030424,0.647839721712823,0.627520022727329,0.612250083128401,0.572727890842875,0.558738451796751,0.538308043115184,0.5806097749406159,0.570211671111967
0.523345098511652,0.6461984340043471,0.720119415748721,0.7955775339103,0.8426721233576999,0.889894268467772,0.916638742592894,0.9425268991590029,0.966609376473672,0.993872464975646,1.0,0.9898800373672171,0.9735777657474591,0.944984226212304,0.9213961543956078,0.8946958341216139,0.869139291455255,0.8402639221043811,0.8113787545442841,0.781658641859226,0.752572417224475,0.705259442326203,0.687103606281945,0.668413738876527,0.665876240276186,0.6449883699651021,0.628672335732927,0.587432078532634,0.573323025197322,0.5528027539733821,0.590242885246068,0.574940276016496
0.49722566446825495,0.6210846229130711,0.698062058753958,0.77388422613435,0.821613694477621,0.868156731013505,0.89487788439215,0.9209860138532551,0.9455733506187489,0.9735503131313861,0.9898800373672171,1.0,0.993746512161103,0.965432767279353,0.9418724285201759,0.9148107768997622,0.8885385584941891,0.8586212566578579,0.8295426972699459,0.800073344535539,0.770596709820109,0.7220905028956641,0.702808544410443,0.6827349325566191,0.681364557322675,0.6618023648296851,0.6448695532883121,0.601810490018982,0.590687535812228,0.57330724185266,0.604490979663986,0.582031488975697
0.47908913163292893,0.6019008521084761,0.6791202885862261,0.7534347835386491,0.8005169245492031,0.846573906628012,0.8735031364421592,0.900120542073125,0.92490209655325,0.952519440512958,0.9735777657474591,0.993746512161103,1.0,0.986210654938797,0.968149189803859,0.939047496023065,0.9122221157087199,0.882632100194278,0.8553697332858199,0.8283075405402129,0.7985558399716771,0.747658667938286,0.727070780687713,0.7057254291708921,0.7043310292362129,0.6843702107713139,0.669132689820046,0.626789850201677,0.619474573194451,0.60509238489265,0.6317287402087141,0.602454878946199
0.46530606901285604,0.584321812117401,0.6586260766922011,0.72920103607509,0.7741270897417,0.819561867295394,0.846720889227062,0.8739199217426279,0.8984300344556401,0.9245043427258359,0.944984226212304,0.965432767279353,0.986210654938797,1.0,0.992542472889222,0.9600839856559309,0.9330543562331508,0.905263742503422,0.881841221198543,0.859334275585052,0.8296283832764101,0.775628882675407,0.75373580839185,0.73139482381125,0.728881894848031,0.7070705012371491,0.695750062323312,0.656759619575079,0.653998889550105,0.642531937621895,0.666098154345213,0.630652346905002
0.450514437578635,0.5618099407196079,0.6316446700001179,0.702950602647509,0.7491719416442031,0.7946899933167109,0.822142732834432,0.849061341072831,0.873769662196216,0.900489941319302,0.9213961543956078,0.9418724285201759,0.968149189803859,0.992542472889222,1.0,0.9844577860505579,0.964771998745558,0.9376914568791179,0.9154578802195358,0.894153105551201,0.8669922195298929,0.8146470359793431,0.7927785725409799,0.7688803561110459,0.765897820883414,0.742744634110737,0.7297149172883292,0.6876949016236611,0.685141356827571,0.6738004937988271,0.692862517099371,0.651283917628098
0.43184120513969704,0.531996331458499,0.5958741588104179,0.670562178016894,0.7201512033787851,0.765846087026764,0.7933551562637141,0.819104763671308,0.8441155572933441,0.872835104889872,0.8946958341216139,0.9148107768997622,0.939047496023065,0.9600839856559309,0.9844577860505579,1.0,0.992981993919207,0.965986931444518,0.943048417717746,0.9205093631240159,0.897844376474424,0.851128926565994,0.8305007501917251,0.8049726832705509,0.802078986837908,0.77829890401325,0.759553799303275,0.7103079403498391,0.7046716620133671,0.691439417083478,0.7050890216105821,0.6582970631110561
0.412931491231466,0.506081468701249,0.5666336161619151,0.642874594354204,0.6940443104512409,0.738887867273103,0.7659263046766691,0.79084644790298,0.8162211423113729,0.846650403750055,0.869139291455255,0.8885385584941891,0.9122221157087199,0.9330543562331508,0.964771998745558,0.992981993919207,1.0,0.987766774480946,0.970901192899813,0.948494860597553,0.92652624167352,0.879792812837947,0.86230922093547,0.840567183019493,0.83828199654126,0.8123468128812259,0.7907007357707191,0.7375572767376658,0.730732567048647,0.7165308570000251,0.726471621761274,0.6749123979081779
0.39199775861383507,0.48051391052153997,0.539230474960368,0.615403011132732,0.666685669230422,0.709775317888791,0.735860550571578,0.760062035189268,0.7857103677766619,0.817484586001088,0.8402639221043811,0.8586212566578579,0.882632100194278,0.905263742503422,0.9376914568791179,0.965986931444518,0.987766774480946,1.0,0.9937535531282892,0.9725041182642791,0.9487963550370949,0.8985068700037341,0.885493435809469,0.8712231860747829,0.869898496013984,0.840940971062572,0.818414243838641,0.763905671707645,0.7572051608703859,0.74273167504427,0.750092160233381,0.6943743521588901
0.37863580963689203,0.46352507411214894,0.5200085491544401,0.594353620944605,0.644081825802665,0.6847247089315049,0.709234888038198,0.7323725068308491,0.7573434203443341,0.788777802527167,0.8113787545442841,0.8295426972699459,0.8553697332858199,0.881841221198543,0.9154578802195358,0.943048417717746,0.970901192899813,0.9937535531282892,1.0,0.991084303994197,0.9711843176938091,0.9192847421172321,0.905161577354317,0.8896374670851309,0.8866279700086149,0.8555550213637991,0.8316130860502,0.7756141983998291,0.770631698657098,0.757983853889933,0.758550560750611,0.6960017477683829
0.36940961512695203,0.451248907547992,0.50522581323337,0.5765319074907429,0.6236346663320121,0.6614745823803101,0.684082697807784,0.7059501578512279,0.729627376443788,0.7596027194276659,0.781658641859226,0.800073344535539,0.8283075405402129,0.859334275585052,0.894153105551201,0.9205093631240159,0.948494860597553,0.9725041182642791,0.991084303994197,1.0,0.986939196693192,0.934994608576159,0.916596254697177,0.8947898406489759,0.888694115680774,0.8564036246902241,0.830978174605111,0.773820522914347,0.771361123849729,0.7616699999937699,0.7535982086312499,0.683590070800696
0.34981929896207603,0.426187055397984,0.47680623102132796,0.545545304925647,0.592367636581485,0.631990698866361,0.655722745010772,0.67659108132275,0.699975078509666,0.7303851930148649,0.752572417224475,0.770596709820109,0.7985558399716771,0.8296283832764101,0.8669922195298929,0.897844376474424,0.92652624167352,0.9487963550370949,0.9711843176938091,0.986939196693192,1.0,0.979060250741306,0.96331601967986,0.930050820240172,0.9152360408141009,0.8762383795761809,0.846304152598815,0.7856800960622209,0.7824415372425241,0.7725331572803259,0.75600387191938,0.6787192794142571
0.317530659656678,0.38576394606411607,0.431584237914401,0.496278436946106,0.542566729048312,0.5847057780651739,0.610127442011005,0.629644278500181,0.65254945628284,0.6833133442445201,0.705259442326203,0.7220905028956641,0.747658667938286,0.775628882675407,0.8146470359793431,0.851128926565994,0.879792812837947,0.8985068700037341,0.9192847421172321,0.934994608576159,0.979060250741306,1.0,0.990341384577305,0.945912236976891,0.9214588486638671,0.875331519064108,0.8410412456557099,0.778230028593805,0.7728305284050201,0.76150219802719,0.738429081339616,0.657460915711921
0.298341360189149,0.365412927202533,0.411280235635781,0.473832902722977,0.520092173119811,0.564566502552952,0.592418907242156,0.6137140012860289,0.6370534130571789,0.6663896928719261,0.687103606281945,0.702808544410443,0.727070780687713,0.75373580839185,0.7927785725409799,0.8305007501917251,0.86230922093547,0.885493435809469,0.905161577354317,0.916596254697177,0.96331601967986,0.990341384577305,1.0,0.9799499611075029,0.9559007604888299,0.899322077768763,0.863365164567701,0.800825097260047,0.792830048172957,0.778104214462334,0.7586107253694351,0.6796206810606271
0.279591037202443,0.34731644814747303,0.39447299757994303,0.45451125282212196,0.499987168580416,0.545667818108007,0.575595648664025,0.5995764792381071,0.6232528732436861,0.649777552030424,0.668413738876527,0.6827349325566191,0.7057254291708921,0.73139482381125,0.7688803561110459,0.8049726832705509,0.840567183019493,0.8712231860747829,0.8896374670851309,0.8947898406489759,0.930050820240172,0.945912236976891,0.9799499611075029,1.0,0.981458499802682,0.914545963614349,0.8789926937150171,0.819174909175195,0.8086633070812859,0.7900880824050971,0.7790856933987559,0.706274628443626
0.27608871645475896,0.344058998208622,0.39173585386535204,0.451907673025614,0.496728749431919,0.540101922496084,0.57033489283603,0.598486592009644,0.623561343397795,0.647839721712823,0.665876240276186,0.681364557322675,0.7043310292362129,0.728881894848031,0.765897820883414,0.802078986837908,0.83828199654126,0.869898496013984,0.8866279700086149,0.888694115680774,0.9152360408141009,0.9214588486638671,0.9559007604888299,0.981458499802682,1.0,0.9736754296690591,0.94177202744672,0.870731055301124,0.856328770486045,0.8352614545021642,0.8159925295726881,0.733556621878693
0.26889594893212,0.33431415109415,0.380281748853464,0.43931699843026506,0.481977489380188,0.520523118916005,0.549146927120536,0.5800587412642729,0.605687355809401,0.627520022727329,0.6449883699651021,0.6618023648296851,0.6843702107713139,0.7070705012371491,0.742744634110737,0.77829890401325,0.8123468128812259,0.840940971062572,0.8555550213637991,0.8564036246902241,0.8762383795761809,0.875331519064108,0.899322077768763,0.914545963614349,0.9736754296690591,1.0,0.973426882748783,0.8908551468555309,0.873432279408448,0.851762548935128,0.820186592896588,0.72716244110203
0.252142859570834,0.31732030758054,0.36493426982671096,0.425393491996139,0.46873408163272096,0.505263204487078,0.533499620235004,0.566029909967287,0.591949519518427,0.612250083128401,0.628672335732927,0.6448695532883121,0.669132689820046,0.695750062323312,0.7297149172883292,0.759553799303275,0.7907007357707191,0.818414243838641,0.8316130860502,0.830978174605111,0.846304152598815,0.8410412456557099,0.863365164567701,0.8789926937150171,0.94177202744672,0.973426882748783,1.0,0.97007732188263,0.9523330142373679,0.9139338762332679,0.870562443504838,0.766774263070371
0.224589109072029,0.287120594767592,0.334659001880591,0.394020401136196,0.43661614375789204,0.47070165943383097,0.497645002117966,0.529477789610771,0.554285200124708,0.572727890842875,0.587432078532634,0.601810490018982,0.626789850201677,0.656759619575079,0.6876949016236611,0.7103079403498391,0.7375572767376658,0.763905671707645,0.7756141983998291,0.773820522914347,0.7856800960622209,0.778230028593805,0.800825097260047,0.819174909175195,0.870731055301124,0.8908551468555309,0.97007732188263,1.0,0.9836705078383221,0.9298316142703641,0.8798750756744971,0.7729899871585258
0.21643164876253895,0.28168969745542305,0.33127404667453303,0.388275016520771,0.429102965812855,0.46242214249661795,0.48882218578084996,0.520179855931588,0.543380108312741,0.558738451796751,0.573323025197322,0.590687535812228,0.619474573194451,0.653998889550105,0.685141356827571,0.7046716620133671,0.730732567048647,0.7572051608703859,0.770631698657098,0.771361123849729,0.7824415372425241,0.7728305284050201,0.792830048172957,0.8086633070812859,0.856328770486045,0.873432279408448,0.9523330142373679,0.9836705078383221,1.0,0.9798374907010029,0.924534752669664,0.802200190146475
0.20890129314809802,0.275855807197431,0.326183797828427,0.37932808477640795,0.417300997702905,0.44949686994695903,0.474902226429649,0.505033864525839,0.5261591155915329,0.538308043115184,0.5528027539733821,0.57330724185266,0.60509238489265,0.642531937621895,0.6738004937988271,0.691439417083478,0.7165308570000251,0.74273167504427,0.757983853889933,0.7616699999937699,0.7725331572803259,0.76150219802719,0.778104214462334,0.7900880824050971,0.8352614545021642,0.851762548935128,0.9139338762332679,0.9298316142703641,0.9798374907010029,1.0,0.942414017800452,0.808126529374004
0.22822166785126102,0.305084770281644,0.3613414424407171,0.41426432786908,0.453143328912493,0.491119401857877,0.5200175869993771,0.551455732815706,0.5717422227768211,0.5806097749406159,0.590242885246068,0.604490979663986,0.6317287402087141,0.666098154345213,0.692862517099371,0.7050890216105821,0.726471621761274,0.750092160233381,0.758550560750611,0.7535982086312499,0.75600387191938,0.738429081339616,0.7586107253694351,0.7790856933987559,0.8159925295726881,0.820186592896588,0.870562443504838,0.8798750756744971,0.924534752669664,0.942414017800452,1.0,0.958080765917698
0.22629414144948798,0.30447877666842,0.36069424384059995,0.409659481528548,0.44653458551637,0.486320362097818,0.51586331246567,0.545935971289187,0.5641968196649,0.570211671111967,0.574940276016496,0.582031488975697,0.602454878946199,0.630652346905002,0.651283917628098,0.6582970631110561,0.6749123979081779,0.6943743521588901,0.6960017477683829,0.683590070800696,0.6787192794142571,0.657460915711921,0.6796206810606271,0.706274628443626,0.733556621878693,0.72716244110203,0.766774263070371,0.7729899871585258,0.802200190146475,0.808126529374004,0.958080765917698,1.0
