1.0,0.804920163479116,0.7360865983749799,0.6988059413613139,0.670642020968675,0.649931977885473,0.6341896147343821,0.624645746838077,0.615814290416834,0.60862973261276,0.600273094975494,0.5816752360315279,0.5677394841893261,0.5548088969577629,0.545448476619503,0.53721994669544,0.5196623777615189,0.5108423024895471,0.49796026318502895,0.487054091332175,0.47692808389391494,0.4735877537333039,0.46120041590796396,0.457705828021514,0.443115605462863,0.43277156900137,0.41581367592227103,0.392492658821067,0.35234249630432896,0.263416539532159,0.0711391942946085,0.0679032794903375
0.804920163479116,1.0,0.932840697468969,0.8907905212140942,0.862209868716743,0.8452644653102378,0.8262953746596129,0.8131070881762071,0.7995679522421859,0.78918609921636,0.7778888652015279,0.758684934758963,0.7458920549273291,0.732921220440494,0.7241771429919099,0.7166440812105691,0.700711670239561,0.689611746952,0.677365826998704,0.666330518898961,0.656085054236373,0.6517342995724,0.6401675663536021,0.630889448839688,0.609032397336712,0.59704787105485,0.5738350133576129,0.540703258595522,0.493703259118689,0.38245658564848994,0.11118024927849698,0.12781318901116098
0.7360865983749799,0.932840697468969,1.0,0.963407009011401,0.9355529499991541,0.9178941371788358,0.900368788828519,0.8875832410070009,0.8740279147224499,0.8640890178290601,0.85290907180097,0.837670151212236,0.825342587526932,0.8107465300467821,0.8018494859608739,0.7929164490644359,0.779351987957861,0.770353890993361,0.7611843467853159,0.749861441143187,0.7367867191386221,0.733352628633925,0.7221533349113319,0.7106953679631071,0.6889046462600179,0.6747529924219461,0.6511843030197061,0.6199998904392471,0.5704562858293131,0.435369556767229,0.145844861251988,0.15320900177240698
0.6988059413613139,0.8907905212140942,0.963407009011401,1.0,0.978842198188883,0.9595323347148679,0.9434975785242091,0.930957583951557,0.9177713513295229,0.906215474690635,0.8942693942912991,0.8809918329636359,0.868877093072598,0.8554640448955371,0.845803503972157,0.836347075354475,0.822194503059031,0.8134873279065742,0.8041274180344351,0.7939428854775551,0.781792109908908,0.776914491744625,0.766593701185198,0.7572617733971759,0.73889101485333,0.723086145721453,0.6984362654057491,0.6653526888180831,0.610370376108095,0.46492197527117995,0.16485643957810098,0.15302323281486999
0.670642020968675,0.862209868716743,0.9355529499991541,0.978842198188883,1.0,0.982189551424362,0.9662349011252042,0.9527503206597909,0.939048254943746,0.92692872594484,0.9146818732990959,0.900775032802008,0.890064464723683,0.878543446397973,0.867161715075402,0.8568157763164399,0.8449998194296781,0.83589391336805,0.8259203033435991,0.8159988151784671,0.8045289658713929,0.8007997987374901,0.79073085160152,0.780056101550956,0.7620520722770459,0.7477246837121599,0.7216560302191309,0.6882832550102521,0.630603573879925,0.479223311997801,0.17883607673286397,0.15373927924654598
0.649931977885473,0.8452644653102378,0.9178941371788358,0.9595323347148679,0.982189551424362,1.0,0.984760649296859,0.97116220183593,0.958118163939001,0.943208264675396,0.92785635716309,0.9135384229837459,0.9034364149973071,0.8926574603819649,0.8801894194068449,0.8695191548369609,0.8567980857060731,0.847760081631328,0.8387732911217589,0.829840449284254,0.8203175271009259,0.816730725364108,0.8053813309555021,0.7952014716679481,0.7765600451934821,0.763049748419071,0.737410977145828,0.7048489499631959,0.646393805742312,0.49771330739217795,0.18922972791212,0.16893655265832402
0.6341896147343821,0.8262953746596129,0.900368788828519,0.9434975785242091,0.9662349011252042,0.984760649296859,1.0,0.9900517348432791,0.9775029582623092,0.965029675291308,0.9523803726804009,0.9402689818903149,0.9299278091080161,0.919380573650751,0.9078029610622379,0.8975863514814221,0.8857191557611591,0.8761251776275991,0.8676930980064841,0.85983701438621,0.850603463622066,0.846014366850886,0.8348936266736899,0.823936797980112,0.8045241563187571,0.7911975294342249,0.763337373387657,0.7315018608528531,0.6725441877419209,0.523976290952153,0.20562501891381302,0.177437473311724
0.624645746838077,0.8131070881762071,0.8875832410070009,0.930957583951557,0.9527503206597909,0.97116220183593,0.9900517348432791,1.0,0.990385084303996,0.9782474573997081,0.9653621439777,0.9537914539947081,0.9444495045274309,0.934736668529817,0.9228720910594809,0.912948882590831,0.9005386726616071,0.8899986197175841,0.88092925865383,0.8737884656885659,0.86589073925278,0.861333188541615,0.8517008408288922,0.8402599435131141,0.82063708206623,0.8084024365401401,0.7800966659985641,0.7474103199158559,0.687871502949457,0.545107030145643,0.22006732022051897,0.184489869964291
0.615814290416834,0.7995679522421859,0.8740279147224499,0.9177713513295229,0.939048254943746,0.958118163939001,0.9775029582623092,0.990385084303996,1.0,0.9908586776694229,0.98003828017812,0.96918567349832,0.959913245212753,0.9492043193381271,0.93748966961803,0.926839161282951,0.9145245698458009,0.904073279354735,0.8942957764152459,0.887242311639577,0.878817139942942,0.873381240971377,0.864407639592274,0.853325268133706,0.8352404920153341,0.8230908119485941,0.7947547659622641,0.761651468565346,0.703594205749546,0.557629111325297,0.23429014588196198,0.19119957845270802
0.60862973261276,0.78918609921636,0.8640890178290601,0.906215474690635,0.92692872594484,0.943208264675396,0.965029675291308,0.9782474573997081,0.9908586776694229,1.0,0.9920418750295571,0.9815115366842121,0.9720295942681271,0.9607330601137359,0.948882333891924,0.938411636111218,0.925921032378271,0.916731740299415,0.907248030111164,0.8998079930105641,0.8914846082848149,0.884715699534384,0.876216836526227,0.86438533595428,0.8462971613204939,0.835319504995115,0.8060992310741709,0.7735994006677891,0.715161364485703,0.570183948088584,0.23696174324091102,0.19686174455125197
0.600273094975494,0.7778888652015279,0.85290907180097,0.8942693942912991,0.9146818732990959,0.92785635716309,0.9523803726804009,0.9653621439777,0.98003828017812,0.9920418750295571,1.0,0.99245643386632,0.9840731804090791,0.973185428986805,0.961947460642692,0.950609866391484,0.9385503195911701,0.928850811017746,0.9199758705564242,0.912789276204603,0.9034911400629559,0.8971549915399109,0.8891912813378491,0.8763134115998978,0.859718954998769,0.8486995092811128,0.8194260823178791,0.787480127419138,0.72881153621845,0.58115566280708,0.24065555907019395,0.20390658008041698
0.5816752360315279,0.758684934758963,0.837670151212236,0.8809918329636359,0.900775032802008,0.9135384229837459,0.9402689818903149,0.9537914539947081,0.96918567349832,0.9815115366842121,0.99245643386632,1.0,0.9934768424594329,0.9826986325433309,0.972015193645003,0.960412931555907,0.948694157065485,0.938328531905511,0.929962411380652,0.9226371740023901,0.913819656970902,0.9082987827265858,0.9011345170933021,0.889520702776096,0.875280386132468,0.864141279275513,0.8347886239335292,0.8040205178772,0.7458237274502991,0.599415411081593,0.25553231761121603,0.216346072004618
0.5677394841893261,0.7458920549273291,0.825342587526932,0.868877093072598,0.890064464723683,0.9034364149973071,0.9299278091080161,0.9444495045274309,0.959913245212753,0.9720295942681271,0.9840731804090791,0.9934768424594329,1.0,0.9931944124434989,0.983104095577153,0.9712150524411299,0.959606860074271,0.949411076758935,0.9415719028729179,0.934363152793765,0.9263025895227809,0.9203953218088008,0.9140748291051859,0.9033705740244108,0.888236806406644,0.8779486949866949,0.8492482875716629,0.8191519068506421,0.7610476944214091,0.6143199237624251,0.25936721799329604,0.220538607020582
0.5548088969577629,0.732921220440494,0.8107465300467821,0.8554640448955371,0.878543446397973,0.8926574603819649,0.919380573650751,0.934736668529817,0.9492043193381271,0.9607330601137359,0.973185428986805,0.9826986325433309,0.9931944124434989,1.0,0.99241441721827,0.9818671447533142,0.9715239903357179,0.9617976204356421,0.953931707790218,0.9472455727366421,0.940320436897125,0.9345596604076519,0.928739239785648,0.9182692142410591,0.903908591495187,0.893479570956271,0.8659439826484809,0.838013155343332,0.7836336522890699,0.6354666489812131,0.262779638312334,0.223874836865424
0.545448476619503,0.7241771429919099,0.8018494859608739,0.845803503972157,0.867161715075402,0.8801894194068449,0.9078029610622379,0.9228720910594809,0.93748966961803,0.948882333891924,0.961947460642692,0.972015193645003,0.983104095577153,0.99241441721827,1.0,0.992842971349912,0.984216508796072,0.9758749661857851,0.9690143850404699,0.961395241447977,0.954118143850818,0.948170017408412,0.942138213827298,0.9322932875897869,0.9185106906133901,0.907844427723348,0.8813403959065029,0.854520339061466,0.801558295875268,0.6507492203293039,0.26947724831311,0.228963934546417
0.53721994669544,0.7166440812105691,0.7929164490644359,0.836347075354475,0.8568157763164399,0.8695191548369609,0.8975863514814221,0.912948882590831,0.926839161282951,0.938411636111218,0.950609866391484,0.960412931555907,0.9712150524411299,0.9818671447533142,0.992842971349912,1.0,0.9942517619697081,0.9867027843093091,0.9790532117796821,0.9716073457224821,0.964218683919439,0.9591701749068371,0.952594457502009,0.9428628222885659,0.9296014933531099,0.9187474572927199,0.8925788875721941,0.867118513642548,0.813257559132067,0.662475614239848,0.274630568455827,0.23428686567243104
0.5196623777615189,0.700711670239561,0.779351987957861,0.822194503059031,0.8449998194296781,0.8567980857060731,0.8857191557611591,0.9005386726616071,0.9145245698458009,0.925921032378271,0.9385503195911701,0.948694157065485,0.959606860074271,0.9715239903357179,0.984216508796072,0.9942517619697081,1.0,0.9942725281919359,0.9861981554689581,0.9787637600528191,0.97124422297774,0.9657522371142879,0.959319383787802,0.949290125335537,0.9369142329464771,0.9255597257839658,0.8999479580949241,0.874293750346355,0.820446415325188,0.668937209827326,0.272455765025853,0.237017839012337
0.5108423024895471,0.689611746952,0.770353890993361,0.8134873279065742,0.83589391336805,0.847760081631328,0.8761251776275991,0.8899986197175841,0.904073279354735,0.916731740299415,0.928850811017746,0.938328531905511,0.949411076758935,0.9617976204356421,0.9758749661857851,0.9867027843093091,0.9942725281919359,1.0,0.993455402584783,0.9856326969899429,0.977879561710071,0.971496995073805,0.9647716482167341,0.9551258638990441,0.942424189164007,0.9314100808785771,0.906298894827389,0.8814516601020721,0.826274402529512,0.673697560945006,0.268185492318564,0.233631414686552
0.49796026318502895,0.677365826998704,0.7611843467853159,0.8041274180344351,0.8259203033435991,0.8387732911217589,0.8676930980064841,0.88092925865383,0.8942957764152459,0.907248030111164,0.9199758705564242,0.929962411380652,0.9415719028729179,0.953931707790218,0.9690143850404699,0.9790532117796821,0.9861981554689581,0.993455402584783,1.0,0.993431761757979,0.986059190775163,0.9791225219777241,0.972610864614438,0.963032871549471,0.9488945797413041,0.938231403753598,0.915088580316726,0.889289244725149,0.8334478786480659,0.6795873439766271,0.267557010513767,0.230054120749624
0.487054091332175,0.666330518898961,0.749861441143187,0.7939428854775551,0.8159988151784671,0.829840449284254,0.85983701438621,0.8737884656885659,0.887242311639577,0.8998079930105641,0.912789276204603,0.9226371740023901,0.934363152793765,0.9472455727366421,0.961395241447977,0.9716073457224821,0.9787637600528191,0.9856326969899429,0.993431761757979,1.0,0.9944386731743449,0.9871458783104259,0.9800141013592378,0.9702367559086791,0.955527162723932,0.94361781915986,0.920050969013283,0.8943534081113571,0.8407408470023909,0.689401098671509,0.269991109554308,0.23177628574589398
0.47692808389391494,0.656085054236373,0.7367867191386221,0.781792109908908,0.8045289658713929,0.8203175271009259,0.850603463622066,0.86589073925278,0.878817139942942,0.8914846082848149,0.9034911400629559,0.913819656970902,0.9263025895227809,0.940320436897125,0.954118143850818,0.964218683919439,0.97124422297774,0.977879561710071,0.986059190775163,0.9944386731743449,1.0,0.99366981208204,0.9859893494543109,0.976021883440481,0.9618161152164009,0.949653025671717,0.92523863081888,0.898915770786052,0.8473772011949009,0.7009848503994679,0.276220865057379,0.233362283913565
0.4735877537333039,0.6517342995724,0.733352628633925,0.776914491744625,0.8007997987374901,0.816730725364108,0.846014366850886,0.861333188541615,0.873381240971377,0.884715699534384,0.8971549915399109,0.9082987827265858,0.9203953218088008,0.9345596604076519,0.948170017408412,0.9591701749068371,0.9657522371142879,0.971496995073805,0.9791225219777241,0.9871458783104259,0.99366981208204,1.0,0.992890174280854,0.9831995840090891,0.968956543424733,0.9552976987922901,0.931118796966466,0.905589725914568,0.8554285637199042,0.711538879697076,0.288843259468617,0.247185190539703
0.46120041590796396,0.6401675663536021,0.7221533349113319,0.766593701185198,0.79073085160152,0.8053813309555021,0.8348936266736899,0.8517008408288922,0.864407639592274,0.876216836526227,0.8891912813378491,0.9011345170933021,0.9140748291051859,0.928739239785648,0.942138213827298,0.952594457502009,0.959319383787802,0.9647716482167341,0.972610864614438,0.9800141013592378,0.9859893494543109,0.992890174280854,1.0,0.9913862521134649,0.978870611505446,0.9662725683652871,0.9433686806460251,0.919047995778192,0.8698137061228279,0.7258922289715071,0.30258862457826896,0.26242826049479606
0.457705828021514,0.630889448839688,0.7106953679631071,0.7572617733971759,0.780056101550956,0.7952014716679481,0.823936797980112,0.8402599435131141,0.853325268133706,0.86438533595428,0.8763134115998978,0.889520702776096,0.9033705740244108,0.9182692142410591,0.9322932875897869,0.9428628222885659,0.949290125335537,0.9551258638990441,0.963032871549471,0.9702367559086791,0.976021883440481,0.9831995840090891,0.9913862521134649,1.0,0.9901441223018379,0.9781782370644541,0.957105553041355,0.931603157402197,0.8836615823228761,0.7443843081256599,0.306537881180936,0.273149016641025
0.443115605462863,0.609032397336712,0.6889046462600179,0.73889101485333,0.7620520722770459,0.7765600451934821,0.8045241563187571,0.82063708206623,0.8352404920153341,0.8462971613204939,0.859718954998769,0.875280386132468,0.888236806406644,0.903908591495187,0.9185106906133901,0.9296014933531099,0.9369142329464771,0.942424189164007,0.9488945797413041,0.955527162723932,0.9618161152164009,0.968956543424733,0.978870611505446,0.9901441223018379,1.0,0.9899508811038679,0.96982999552155,0.9446657391733492,0.895876087609822,0.7603653400265609,0.32718124526467895,0.287650407168677
0.43277156900137,0.59704787105485,0.6747529924219461,0.723086145721453,0.7477246837121599,0.763049748419071,0.7911975294342249,0.8084024365401401,0.8230908119485941,0.835319504995115,0.8486995092811128,0.864141279275513,0.8779486949866949,0.893479570956271,0.907844427723348,0.9187474572927199,0.9255597257839658,0.9314100808785771,0.938231403753598,0.94361781915986,0.949653025671717,0.9552976987922901,0.9662725683652871,0.9781782370644541,0.9899508811038679,1.0,0.985425769846403,0.9614906822480391,0.911819030117162,0.7777593995455091,0.340905737964402,0.310045097257995
0.41581367592227103,0.5738350133576129,0.6511843030197061,0.6984362654057491,0.7216560302191309,0.737410977145828,0.763337373387657,0.7800966659985641,0.7947547659622641,0.8060992310741709,0.8194260823178791,0.8347886239335292,0.8492482875716629,0.8659439826484809,0.8813403959065029,0.8925788875721941,0.8999479580949241,0.906298894827389,0.915088580316726,0.920050969013283,0.92523863081888,0.931118796966466,0.9433686806460251,0.957105553041355,0.96982999552155,0.985425769846403,1.0,0.9811495288119209,0.936745778757792,0.805851422090824,0.34966203067918894,0.33157975893958197
0.392492658821067,0.540703258595522,0.6199998904392471,0.6653526888180831,0.6882832550102521,0.7048489499631959,0.7315018608528531,0.7474103199158559,0.761651468565346,0.7735994006677891,0.787480127419138,0.8040205178772,0.8191519068506421,0.838013155343332,0.854520339061466,0.867118513642548,0.874293750346355,0.8814516601020721,0.889289244725149,0.8943534081113571,0.898915770786052,0.905589725914568,0.919047995778192,0.931603157402197,0.9446657391733492,0.9614906822480391,0.9811495288119209,1.0,0.9641201393271129,0.8371528593937742,0.38069370932755103,0.349644544210388
0.35234249630432896,0.493703259118689,0.5704562858293131,0.610370376108095,0.630603573879925,0.646393805742312,0.6725441877419209,0.687871502949457,0.703594205749546,0.715161364485703,0.72881153621845,0.7458237274502991,0.7610476944214091,0.7836336522890699,0.801558295875268,0.813257559132067,0.820446415325188,0.826274402529512,0.8334478786480659,0.8407408470023909,0.8473772011949009,0.8554285637199042,0.8698137061228279,0.8836615823228761,0.895876087609822,0.911819030117162,0.936745778757792,0.9641201393271129,1.0,0.907009008479307,0.413681733028005,0.37620627470151097
0.263416539532159,0.38245658564848994,0.435369556767229,0.46492197527117995,0.479223311997801,0.49771330739217795,0.523976290952153,0.545107030145643,0.557629111325297,0.570183948088584,0.58115566280708,0.599415411081593,0.6143199237624251,0.6354666489812131,0.6507492203293039,0.662475614239848,0.668937209827326,0.673697560945006,0.6795873439766271,0.689401098671509,0.7009848503994679,0.711538879697076,0.7258922289715071,0.7443843081256599,0.7603653400265609,0.7777593995455091,0.805851422090824,0.8371528593937742,0.907009008479307,1.0,0.488968445577227,0.432068179402197
0.0711391942946085,0.11118024927849698,0.145844861251988,0.16485643957810098,0.17883607673286397,0.18922972791212,0.20562501891381302,0.22006732022051897,0.23429014588196198,0.23696174324091102,0.24065555907019395,0.25553231761121603,0.25936721799329604,0.262779638312334,0.26947724831311,0.274630568455827,0.272455765025853,0.268185492318564,0.267557010513767,0.269991109554308,0.276220865057379,0.288843259468617,0.30258862457826896,0.306537881180936,0.32718124526467895,0.340905737964402,0.34966203067918894,0.38069370932755103,0.413681733028005,0.488968445577227,1.0,0.546937471028187
0.0679032794903375,0.12781318901116098,0.15320900177240698,0.15302323281486999,0.15373927924654598,0.16893655265832402,0.177437473311724,0.184489869964291,0.19119957845270802,0.19686174455125197,0.20390658008041698,0.216346072004618,0.220538607020582,0.223874836865424,0.228963934546417,0.23428686567243104,0.237017839012337,0.233631414686552,0.230054120749624,0.23177628574589398,0.233362283913565,0.247185190539703,0.26242826049479606,0.273149016641025,0.287650407168677,0.310045097257995,0.33157975893958197,0.349644544210388,0.37620627470151097,0.432068179402197,0.546937471028187,1.0
