1.0,0.8076124085413109,0.734031923729056,0.649839541100525,0.590723658919249,0.557675556695178,0.526142362964902,0.4949043875712679,0.46927289721842796,0.43062275262711397,0.3831223850210921,0.33838887727333394,0.29944762237836303,0.27786134861421996,0.251947705484644,0.22366799108948998,0.195105745533545,0.18815241336336397,0.180636760549393,0.169706622551224,0.165755324379957,0.162435453216361,0.158436084989682,0.15263172773578199,0.14466112978405,0.127856003276129,0.113528378196218,0.11691439500143401,0.103870763860208,0.0930756779753186,0.0845878148508126,0.0548791954160402
0.8076124085413109,1.0,0.938576857712028,0.835603645598494,0.7765769551139491,0.736605347903962,0.7000376432111012,0.6588735368606811,0.61987463382131,0.57810257708176,0.525177839502196,0.474267586418656,0.42847321847244896,0.406065755483815,0.376219308012114,0.34016853976656297,0.29890031141864004,0.288138115426261,0.277770957887929,0.26362946937737197,0.256988918846831,0.250443630518607,0.243932471115559,0.237435749510158,0.22891236670207799,0.21137841607238397,0.19595785726462397,0.19774678044832397,0.17613983060206,0.153901297458349,0.132021890405324,0.0810305136611382
0.734031923729056,0.938576857712028,1.0,0.9669476623089058,0.9034319143824008,0.8625828502432651,0.8236290701934958,0.7788027306311329,0.736629874430052,0.691020125941181,0.631629250328452,0.573340015517364,0.519443367659972,0.492760422324036,0.45813543360829495,0.416044980229948,0.36584608777891703,0.35493323409006106,0.34344767751180894,0.325837270118459,0.31895708726784,0.31289199606631296,0.307088149142536,0.301179283752633,0.290146722795311,0.267222929832426,0.247151948500013,0.249720938118365,0.22589614820232898,0.196368918053024,0.16413832974909,0.106402396642707
0.649839541100525,0.835603645598494,0.9669476623089058,1.0,0.9709784495066122,0.9354526665034001,0.8991934483861279,0.855846922318581,0.8154924285674359,0.771245843176655,0.7111037327469659,0.65057258126246,0.5928930569466769,0.5656169732148051,0.5289965184485971,0.48280320067215204,0.425212567494141,0.41601417088802295,0.405440466362669,0.38623244503860704,0.38025701209568397,0.375244692123169,0.371030696182601,0.367628192964349,0.35651997730290597,0.329775147500005,0.3056563813098,0.30869271509812,0.28320642711021005,0.248129786545898,0.20855480994711303,0.150841037223218
0.590723658919249,0.7765769551139491,0.9034319143824008,0.9709784495066122,1.0,0.97918292365906,0.9498419207772958,0.910469058364386,0.8736066926359141,0.833597844130505,0.776310938856112,0.7170083789684258,0.658624000812798,0.633670014388845,0.597184347908405,0.548230991919383,0.484130279590761,0.477347100914865,0.468750799970091,0.44924905267309206,0.44460302400878793,0.440569682375498,0.43797792240080996,0.437701559547716,0.42813941643722103,0.399070438612213,0.37180035857864396,0.37521873904756603,0.34870109978422603,0.309919028882784,0.26581713350839103,0.21081248444861603
0.557675556695178,0.736605347903962,0.8625828502432651,0.9354526665034001,0.97918292365906,1.0,0.98314125694066,0.9474561128036809,0.912520307965843,0.874526787756078,0.819758320011165,0.762148607028825,0.70370655662064,0.6798800576873351,0.644845140628598,0.596138416611964,0.528687769112926,0.523770605658272,0.5160921931781121,0.49554465264638,0.491905986237941,0.489520908531116,0.48832738497920497,0.48844822551178,0.47743600092259003,0.44491417472162104,0.415021483109457,0.42087565171923397,0.399997795602556,0.361541126688177,0.31419042055518204,0.260481774583124
0.526142362964902,0.7000376432111012,0.8236290701934958,0.8991934483861279,0.9498419207772958,0.98314125694066,1.0,0.988405712106395,0.960768456781798,0.9299058049594471,0.882883034075928,0.831930795501756,0.7782395808366321,0.7546549956740691,0.721412204830437,0.67718415246068,0.620163453019163,0.6185109323421,0.611763526543718,0.591003311649464,0.589653459916396,0.5906055618235561,0.591690586457713,0.5911728004863339,0.577635491907287,0.543136024953736,0.511580246220765,0.515613093379283,0.49476734010347095,0.45230816731961,0.398163596462674,0.336782726631947
0.4949043875712679,0.6588735368606811,0.7788027306311329,0.855846922318581,0.910469058364386,0.9474561128036809,0.988405712106395,1.0,0.988302768391197,0.963169049534434,0.923112566542121,0.8781924593893209,0.828477653160271,0.8057394468677349,0.7734200694215692,0.732129194576211,0.684610121678533,0.686061129629564,0.6802957928039761,0.659467654864668,0.660482136147551,0.6643058282648691,0.6673447292250461,0.666560359144407,0.65244932387138,0.616720607600569,0.584352878761615,0.590202574623201,0.5668357693171779,0.520300898502539,0.461964867791485,0.39727151947081396
0.46927289721842796,0.61987463382131,0.736629874430052,0.8154924285674359,0.8736066926359141,0.912520307965843,0.960768456781798,0.988302768391197,1.0,0.979788997263927,0.945137773898135,0.9043841014146858,0.8566701375888109,0.8357135687031059,0.8032509811802859,0.7617849877702941,0.7181326945947141,0.7218891987785842,0.7171006699210342,0.696137740112927,0.699021139584741,0.7043774555082579,0.708460118578663,0.707998437658985,0.695613821285574,0.6591636524607729,0.6266890619931059,0.6390746880670971,0.6117600018704029,0.5618649271783089,0.502553354421252,0.44038830251273997
0.43062275262711397,0.57810257708176,0.691020125941181,0.771245843176655,0.833597844130505,0.874526787756078,0.9299058049594471,0.963169049534434,0.979788997263927,1.0,0.98904273959125,0.9641413703822559,0.931586796024497,0.9160617431022919,0.89042592354181,0.8553409699371171,0.8149707198798349,0.817576115219716,0.8138918098960809,0.796661969793379,0.7979281486967671,0.799673227081484,0.8003300836276999,0.79834222717744,0.785744081739144,0.7558127255319771,0.728820411696364,0.734946443299315,0.7090787572853551,0.6593844859888339,0.598287233503419,0.525194474642539
0.3831223850210921,0.525177839502196,0.631629250328452,0.7111037327469659,0.776310938856112,0.819758320011165,0.882883034075928,0.923112566542121,0.945137773898135,0.98904273959125,1.0,0.992345655984402,0.971713907601565,0.960987853594245,0.9425696660529971,0.914511486689354,0.8768786466540921,0.878888029489999,0.876069903706391,0.861461134225744,0.8616239069699,0.861210103242442,0.8598128517546461,0.8567898364068359,0.8439335824734471,0.8175155704602571,0.793861080601072,0.7981177503218929,0.7774813550156809,0.730087143991847,0.6680092597470639,0.584947801144443
0.33838887727333394,0.474267586418656,0.573340015517364,0.65057258126246,0.7170083789684258,0.762148607028825,0.831930795501756,0.8781924593893209,0.9043841014146858,0.9641413703822559,0.992345655984402,1.0,0.991741149583355,0.985027587635147,0.973001828713903,0.951962648572616,0.9192115618396122,0.92043792285589,0.9180105160656451,0.905761039438338,0.904816234582288,0.9027063470745028,0.899604289927569,0.8953168583867621,0.8821432191052391,0.859288355371911,0.838968804372569,0.8408546444989631,0.82529518391636,0.780434340083017,0.7177290689488721,0.6254559810347521
0.29944762237836303,0.42847321847244896,0.519443367659972,0.5928930569466769,0.658624000812798,0.70370655662064,0.7782395808366321,0.828477653160271,0.8566701375888109,0.931586796024497,0.971713907601565,0.991741149583355,1.0,0.9967657979677079,0.990057912075137,0.9762757983239091,0.9530058801784879,0.95267090937582,0.950024092800475,0.9407008289266681,0.938190106992634,0.9340315074505459,0.9287348770973248,0.9223497685836222,0.908799246287025,0.8920560806712758,0.876907550168909,0.8723146997686179,0.8594627541643521,0.8164539065975469,0.7533079231371892,0.651914296095766
0.27786134861421996,0.406065755483815,0.492760422324036,0.5656169732148051,0.633670014388845,0.6798800576873351,0.7546549956740691,0.8057394468677349,0.8357135687031059,0.9160617431022919,0.960987853594245,0.985027587635147,0.9967657979677079,1.0,0.99615782653548,0.9827150674144849,0.9601667792157471,0.959917889708016,0.9582393704633929,0.950658192391489,0.947589452013966,0.9420219739268308,0.935742662111814,0.929868235764984,0.9185803798026441,0.904433879320705,0.890987285624928,0.8859112855364509,0.8715070598354979,0.8287305063505709,0.7673607363944641,0.667105158155085
0.251947705484644,0.376219308012114,0.45813543360829495,0.5289965184485971,0.597184347908405,0.644845140628598,0.721412204830437,0.7734200694215692,0.8032509811802859,0.89042592354181,0.9425696660529971,0.973001828713903,0.990057912075137,0.99615782653548,1.0,0.994414752341626,0.9719256127864051,0.9701982692756759,0.9683753662712521,0.9621370447017221,0.9573598830243221,0.950402099135527,0.943282920852802,0.937414327639932,0.925893548941473,0.913112463703857,0.9008577747475341,0.8941689671625541,0.890806056840284,0.8548582085670491,0.7952792874872849,0.6892398340452769
0.22366799108948998,0.34016853976656297,0.416044980229948,0.48280320067215204,0.548230991919383,0.596138416611964,0.67718415246068,0.732129194576211,0.7617849877702941,0.8553409699371171,0.914511486689354,0.951962648572616,0.9762757983239091,0.9827150674144849,0.994414752341626,1.0,0.9847917827380308,0.9815380215996851,0.978944195463327,0.9742356199991948,0.9680701340533321,0.9605859401317092,0.95286241270593,0.9455839871732891,0.9324557575843408,0.9218916773855749,0.9117077238813891,0.9007736841134591,0.9087530224395579,0.879969294260162,0.8219374560878331,0.7075341434624879
0.195105745533545,0.29890031141864004,0.36584608777891703,0.425212567494141,0.484130279590761,0.528687769112926,0.620163453019163,0.684610121678533,0.7181326945947141,0.8149707198798349,0.8768786466540921,0.9192115618396122,0.9530058801784879,0.9601667792157471,0.9719256127864051,0.9847917827380308,1.0,0.9981095768727459,0.99511562971739,0.993457853511149,0.9889634647541371,0.983365324372005,0.975386120046554,0.963479443582102,0.9496245138774391,0.9462840382594601,0.941760356986778,0.920790538514124,0.917313403148495,0.884325327148001,0.82717637369748,0.7092929831378759
0.18815241336336397,0.288138115426261,0.35493323409006106,0.41601417088802295,0.477347100914865,0.523770605658272,0.6185109323421,0.686061129629564,0.7218891987785842,0.817576115219716,0.878888029489999,0.92043792285589,0.95267090937582,0.959917889708016,0.9701982692756759,0.9815380215996851,0.9981095768727459,1.0,0.9991150414926859,0.9972872976409829,0.995094429099903,0.991510506270266,0.985447183262021,0.975462246525068,0.962864127791174,0.957842003748436,0.951462110706375,0.9325943745665028,0.9257397954213069,0.8900388743438851,0.832108420206058,0.7219139205074759
0.180636760549393,0.277770957887929,0.34344767751180894,0.405440466362669,0.468750799970091,0.5160921931781121,0.611763526543718,0.6802957928039761,0.7171006699210342,0.8138918098960809,0.876069903706391,0.9180105160656451,0.950024092800475,0.9582393704633929,0.9683753662712521,0.978944195463327,0.99511562971739,0.9991150414926859,1.0,0.998943494637783,0.997832627977383,0.994887657752333,0.989677755288288,0.9812962286512281,0.970096653362372,0.9647706392537941,0.957657306707804,0.939555826086204,0.930979485150473,0.894498623617128,0.837235958971971,0.7321447138017749
0.169706622551224,0.26362946937737197,0.325837270118459,0.38623244503860704,0.44924905267309206,0.49554465264638,0.591003311649464,0.659467654864668,0.696137740112927,0.796661969793379,0.861461134225744,0.905761039438338,0.9407008289266681,0.950658192391489,0.9621370447017221,0.9742356199991948,0.993457853511149,0.9972872976409829,0.998943494637783,1.0,0.9986542704879731,0.9949980873099521,0.9891775780078229,0.9807517199372231,0.9705593967865109,0.967793272856564,0.962397214616793,0.941653319594611,0.931652902639228,0.896013298543649,0.840997445933255,0.7361341307057829
0.165755324379957,0.256988918846831,0.31895708726784,0.38025701209568397,0.44460302400878793,0.491905986237941,0.589653459916396,0.660482136147551,0.699021139584741,0.7979281486967671,0.8616239069699,0.904816234582288,0.938190106992634,0.947589452013966,0.9573598830243221,0.9680701340533321,0.9889634647541371,0.995094429099903,0.997832627977383,0.9986542704879731,1.0,0.998401185052889,0.994122619186525,0.986693700756518,0.9771184088850821,0.9729400647140319,0.9662040673204442,0.947379433145891,0.9337986853222521,0.895309745813536,0.8392419456088052,0.740391863185295
0.162435453216361,0.250443630518607,0.31289199606631296,0.375244692123169,0.440569682375498,0.489520908531116,0.5906055618235561,0.6643058282648691,0.7043774555082579,0.799673227081484,0.861210103242442,0.9027063470745028,0.9340315074505459,0.9420219739268308,0.950402099135527,0.9605859401317092,0.983365324372005,0.991510506270266,0.994887657752333,0.9949980873099521,0.998401185052889,1.0,0.998440917520494,0.991897354930636,0.98175413982608,0.975617300067234,0.9674549464125408,0.9504909428598629,0.9361656378323001,0.8966726622578151,0.8402633097102759,0.7470390720921999
0.158436084989682,0.243932471115559,0.307088149142536,0.371030696182601,0.43797792240080996,0.48832738497920497,0.591690586457713,0.6673447292250461,0.708460118578663,0.8003300836276999,0.8598128517546461,0.899604289927569,0.9287348770973248,0.935742662111814,0.943282920852802,0.95286241270593,0.975386120046554,0.985447183262021,0.989677755288288,0.9891775780078229,0.994122619186525,0.998440917520494,1.0,0.99643132874383,0.987116878985246,0.979355138361721,0.96963309438291,0.9547976819882241,0.9404657372449459,0.900724934141018,0.8446913402529491,0.7572914874228591
0.15263172773578199,0.237435749510158,0.301179283752633,0.367628192964349,0.437701559547716,0.48844822551178,0.5911728004863339,0.666560359144407,0.707998437658985,0.79834222717744,0.8567898364068359,0.8953168583867621,0.9223497685836222,0.929868235764984,0.937414327639932,0.9455839871732891,0.963479443582102,0.975462246525068,0.9812962286512281,0.9807517199372231,0.986693700756518,0.991897354930636,0.99643132874383,1.0,0.995154361413005,0.986855754924971,0.9753942567753191,0.9632409520140129,0.948194759484468,0.9082953980269979,0.8535116592959321,0.772581200457542
0.14466112978405,0.22891236670207799,0.290146722795311,0.35651997730290597,0.42813941643722103,0.47743600092259003,0.577635491907287,0.65244932387138,0.695613821285574,0.785744081739144,0.8439335824734471,0.8821432191052391,0.908799246287025,0.9185803798026441,0.925893548941473,0.9324557575843408,0.9496245138774391,0.962864127791174,0.970096653362372,0.9705593967865109,0.9771184088850821,0.98175413982608,0.987116878985246,0.995154361413005,1.0,0.995521670953735,0.9850147142684721,0.9769727007104909,0.955661806056493,0.913193032898698,0.8603174989952109,0.785289197197688
0.127856003276129,0.21137841607238397,0.267222929832426,0.329775147500005,0.399070438612213,0.44491417472162104,0.543136024953736,0.616720607600569,0.6591636524607729,0.7558127255319771,0.8175155704602571,0.859288355371911,0.8920560806712758,0.904433879320705,0.913112463703857,0.9218916773855749,0.9462840382594601,0.957842003748436,0.9647706392537941,0.967793272856564,0.9729400647140319,0.975617300067234,0.979355138361721,0.986855754924971,0.995521670953735,1.0,0.996496350293568,0.9841020339925179,0.9575063570537842,0.91502787862709,0.86562446754025,0.78713019493972
0.113528378196218,0.19595785726462397,0.247151948500013,0.3056563813098,0.37180035857864396,0.415021483109457,0.511580246220765,0.584352878761615,0.6266890619931059,0.728820411696364,0.793861080601072,0.838968804372569,0.876907550168909,0.890987285624928,0.9008577747475341,0.9117077238813891,0.941760356986778,0.951462110706375,0.957657306707804,0.962397214616793,0.9662040673204442,0.9674549464125408,0.96963309438291,0.9753942567753191,0.9850147142684721,0.996496350293568,1.0,0.98711220078226,0.9581083611785649,0.916504994139775,0.8700811787448299,0.787014948502478
0.11691439500143401,0.19774678044832397,0.249720938118365,0.30869271509812,0.37521873904756603,0.42087565171923397,0.515613093379283,0.590202574623201,0.6390746880670971,0.734946443299315,0.7981177503218929,0.8408546444989631,0.8723146997686179,0.8859112855364509,0.8941689671625541,0.9007736841134591,0.920790538514124,0.9325943745665028,0.939555826086204,0.941653319594611,0.947379433145891,0.9504909428598629,0.9547976819882241,0.9632409520140129,0.9769727007104909,0.9841020339925179,0.98711220078226,1.0,0.9733821367103399,0.930421974226051,0.8836803790011359,0.806835769174763
0.103870763860208,0.17613983060206,0.22589614820232898,0.28320642711021005,0.34870109978422603,0.399997795602556,0.49476734010347095,0.5668357693171779,0.6117600018704029,0.7090787572853551,0.7774813550156809,0.82529518391636,0.8594627541643521,0.8715070598354979,0.890806056840284,0.9087530224395579,0.917313403148495,0.9257397954213069,0.930979485150473,0.931652902639228,0.9337986853222521,0.9361656378323001,0.9404657372449459,0.948194759484468,0.955661806056493,0.9575063570537842,0.9581083611785649,0.9733821367103399,1.0,0.9855545251099821,0.9422971247783699,0.854471825799641
0.0930756779753186,0.153901297458349,0.196368918053024,0.248129786545898,0.309919028882784,0.361541126688177,0.45230816731961,0.520300898502539,0.5618649271783089,0.6593844859888339,0.730087143991847,0.780434340083017,0.8164539065975469,0.8287305063505709,0.8548582085670491,0.879969294260162,0.884325327148001,0.8900388743438851,0.894498623617128,0.896013298543649,0.895309745813536,0.8966726622578151,0.900724934141018,0.9082953980269979,0.913193032898698,0.91502787862709,0.916504994139775,0.930421974226051,0.9855545251099821,1.0,0.9808950140523359,0.890354466434175
0.0845878148508126,0.132021890405324,0.16413832974909,0.20855480994711303,0.26581713350839103,0.31419042055518204,0.398163596462674,0.461964867791485,0.502553354421252,0.598287233503419,0.6680092597470639,0.7177290689488721,0.7533079231371892,0.7673607363944641,0.7952792874872849,0.8219374560878331,0.82717637369748,0.832108420206058,0.837235958971971,0.840997445933255,0.8392419456088052,0.8402633097102759,0.8446913402529491,0.8535116592959321,0.8603174989952109,0.86562446754025,0.8700811787448299,0.8836803790011359,0.9422971247783699,0.9808950140523359,1.0,0.9261828502802729
0.0548791954160402,0.0810305136611382,0.106402396642707,0.150841037223218,0.21081248444861603,0.260481774583124,0.336782726631947,0.39727151947081396,0.44038830251273997,0.525194474642539,0.584947801144443,0.6254559810347521,0.651914296095766,0.667105158155085,0.6892398340452769,0.7075341434624879,0.7092929831378759,0.7219139205074759,0.7321447138017749,0.7361341307057829,0.740391863185295,0.7470390720921999,0.7572914874228591,0.772581200457542,0.785289197197688,0.78713019493972,0.787014948502478,0.806835769174763,0.854471825799641,0.890354466434175,0.9261828502802729,1.0
