1.0,0.945331358746837,0.9322456556554709,0.92804911993266,0.925031858701088,0.923094957229896,0.9193872734559871,0.915616501603519,0.913162878571773,0.9109933257670191,0.907545582639836,0.9051620997507759,0.9026323548854549,0.8999688404256719,0.89704514814348,0.8929192474762809,0.890211264991162,0.8884558059548001,0.8865070123267809,0.883742439610909,0.8816471603127449,0.880199227265304,0.879839514035473,0.877845276541225,0.875679659669127,0.87414076803892,0.8713537384897901,0.8673372505611171,0.8597569877121921,0.832136748199393,0.7682469080191751,0.28180098714609303
0.945331358746837,1.0,0.9883569581753671,0.9827594288142109,0.978393394538124,0.9746792487659991,0.9709913145208872,0.9673253808612621,0.9650903445482969,0.9641076031011451,0.962017143214836,0.95984921755347,0.9573575322537281,0.9559960321022271,0.9534043455435871,0.9501034199962629,0.947446247818583,0.9455327064281109,0.943626537358537,0.941422486763958,0.9405040764371121,0.938850007510345,0.9377902777474301,0.9369891361532691,0.9347831181792529,0.93198980526474,0.928720632039687,0.924304243861275,0.916282631107282,0.891968788910376,0.8245602680133921,0.309569911203223
0.9322456556554709,0.9883569581753671,1.0,0.9938768098042711,0.989930119734177,0.986767466193341,0.9832253978220591,0.9798131207656411,0.9767519714900792,0.975017482067535,0.9723365567365359,0.9702870170309742,0.9679704610322809,0.9668594147027031,0.9648934655006429,0.962177944009698,0.960091663095563,0.958609688165687,0.9568480445889151,0.955158487309343,0.9544048907708199,0.952822146919908,0.95192386525911,0.9508262567115592,0.949181235989228,0.9469540704418901,0.943650246909891,0.939285991277538,0.9314750468219409,0.9071004696800681,0.8396199529855091,0.31394190886923806
0.92804911993266,0.9827594288142109,0.9938768098042711,1.0,0.9964176051437159,0.9935102946483341,0.989941352032004,0.986196654576363,0.9827839715410219,0.9805300275552191,0.977274601670356,0.974954082309737,0.972612434287359,0.9715838886288759,0.969772366777063,0.967122687261093,0.965155814222991,0.9637280252731079,0.961958801930793,0.9601791447743679,0.959242064669615,0.958096898921294,0.957025288264236,0.956108134765628,0.954527597325062,0.952791963595361,0.9498743198902321,0.9459153277602191,0.9384410375033109,0.9149451610596171,0.849140142451262,0.32472995041741304
0.925031858701088,0.978393394538124,0.989930119734177,0.9964176051437159,1.0,0.9973174062985369,0.9938553699690121,0.9899269345517578,0.986529455593049,0.9840445722388721,0.9811398668163149,0.978813122312012,0.9766458346633409,0.9752835279216899,0.9734154779134581,0.9708218205385241,0.9690354649550471,0.967759657463867,0.9659775744543879,0.9644114360705359,0.963617879637447,0.9623826814275009,0.9613050928380871,0.960798254733883,0.959270538371258,0.957410061648043,0.954599358779217,0.9506537383037809,0.943163441011716,0.920034705851167,0.8542409097209491,0.32879188870353004
0.923094957229896,0.9746792487659991,0.986767466193341,0.9935102946483341,0.9973174062985369,1.0,0.997507037135787,0.9938183259526329,0.9907145348735971,0.988178065783101,0.985528493665096,0.9831553665564621,0.981190659017747,0.9796309604981249,0.977731092502133,0.9754067821068341,0.9735800598357179,0.9723862112401691,0.970594807375211,0.969023104157172,0.9682536245302691,0.96720527757009,0.9661653411698841,0.965551650915646,0.9641260000003721,0.962579260214258,0.9601024857568191,0.9562416841483459,0.9488695481528041,0.925238508510955,0.859873833835513,0.333371963173855
0.9193872734559871,0.9709913145208872,0.9832253978220591,0.989941352032004,0.9938553699690121,0.997507037135787,1.0,0.9976783027348821,0.995089137560798,0.992357822251292,0.9894324215114442,0.987070747203475,0.9852288482763721,0.983713419829003,0.9818410730312891,0.979560767416043,0.977813045031068,0.9764545616384229,0.974684027482605,0.9731279464590541,0.9723090299961229,0.9711633441283621,0.970178073384547,0.9695868552040291,0.9681472086967149,0.9665632873268549,0.9640265663082079,0.9601806138115121,0.952671467633183,0.9291349114102291,0.864568882874047,0.336510710875005
0.915616501603519,0.9673253808612621,0.9798131207656411,0.986196654576363,0.9899269345517578,0.9938183259526329,0.9976783027348821,1.0,0.998225663309459,0.9959091820800021,0.993394181404403,0.991153018783545,0.9894201238905149,0.9878393250420492,0.986233095854952,0.984124690051533,0.9825881992228102,0.9811679966342829,0.979356669967769,0.9778915371555,0.97698076805502,0.975740799806319,0.9748379451204671,0.9740666916190909,0.9725244153267399,0.970990996370157,0.968306788859022,0.9645066647026109,0.9572617484628029,0.9331995401924641,0.86824711912936,0.33866932157250607
0.913162878571773,0.9650903445482969,0.9767519714900792,0.9827839715410219,0.986529455593049,0.9907145348735971,0.995089137560798,0.998225663309459,1.0,0.9986050188036389,0.9964780436043991,0.994290432455663,0.9927067620625591,0.9913456270919859,0.989764353489021,0.987702875761963,0.9861277270937879,0.984768133889647,0.9830771092457409,0.9816881194857621,0.980707287065973,0.9792549514959971,0.9781968770678431,0.977537107577054,0.9759415070719659,0.974336155236769,0.9716212011612501,0.967768171138242,0.9607715333271609,0.937067653290506,0.8722613564830041,0.344446652277833
0.9109933257670191,0.9641076031011451,0.975017482067535,0.9805300275552191,0.9840445722388721,0.988178065783101,0.992357822251292,0.9959091820800021,0.9986050188036389,1.0,0.998691874329119,0.996923982697188,0.995343950094076,0.993878052371376,0.992215016296251,0.990274742175708,0.988655485760494,0.987283199950657,0.985701133715789,0.984490003765202,0.9835637797810991,0.982068530830616,0.981015204272501,0.980157678300492,0.978336568527964,0.976649196435908,0.9739396232411329,0.9702217138516751,0.963137572978715,0.940063622551658,0.8752623505261129,0.34927471769179297
0.907545582639836,0.962017143214836,0.9723365567365359,0.977274601670356,0.9811398668163149,0.985528493665096,0.9894324215114442,0.993394181404403,0.9964780436043991,0.998691874329119,1.0,0.99889050443765,0.9975452156973851,0.996160627478361,0.9944549670512529,0.99254135911794,0.990883460095559,0.98955049563504,0.988121143369623,0.9870861020151921,0.9861711315108102,0.9846508793058572,0.983636185231963,0.9828707021655991,0.9811341494006259,0.979482529229185,0.976554481119938,0.972892614868446,0.965946736381063,0.943659524727873,0.879217421711244,0.354290292586343
0.9051620997507759,0.95984921755347,0.9702870170309742,0.974954082309737,0.978813122312012,0.9831553665564621,0.987070747203475,0.991153018783545,0.994290432455663,0.996923982697188,0.99889050443765,1.0,0.9989927092260559,0.997776365546425,0.9962099748133001,0.9944358588263342,0.992859862923212,0.991610089947381,0.990140953969924,0.9891141377153041,0.9880615202558941,0.986580688661284,0.9855792080195941,0.9846934766712908,0.983016475507226,0.981326656736305,0.978313823557466,0.9745193729889471,0.9673877639976741,0.9455055354210842,0.881145525099732,0.35536862067622604
0.9026323548854549,0.9573575322537281,0.9679704610322809,0.972612434287359,0.9766458346633409,0.981190659017747,0.9852288482763721,0.9894201238905149,0.9927067620625591,0.995343950094076,0.9975452156973851,0.9989927092260559,1.0,0.9991090729303,0.997716388340539,0.996057230607989,0.994593768508204,0.9933643114285869,0.9919282432740449,0.991016988599601,0.9901512488360029,0.9887650908468281,0.987734739872185,0.9866598178861781,0.9849416616101709,0.9831474453264649,0.9801830136797149,0.976506367009107,0.96962672755576,0.9481134622686469,0.8843753476005181,0.357587638833351
0.8999688404256719,0.9559960321022271,0.9668594147027031,0.9715838886288759,0.9752835279216899,0.9796309604981249,0.983713419829003,0.9878393250420492,0.9913456270919859,0.993878052371376,0.996160627478361,0.997776365546425,0.9991090729303,1.0,0.9989790959798021,0.997627453712506,0.9962346488939251,0.9951104183339229,0.9936275690534809,0.99273931857998,0.991939077377859,0.9905825991489929,0.989437837894263,0.988289110419011,0.9866113243568599,0.984667028828682,0.981720421677559,0.9780391832709959,0.97127006913837,0.950037767634666,0.8866829015287571,0.36023995783847995
0.89704514814348,0.9534043455435871,0.9648934655006429,0.969772366777063,0.9734154779134581,0.977731092502133,0.9818410730312891,0.986233095854952,0.989764353489021,0.992215016296251,0.9944549670512529,0.9962099748133001,0.997716388340539,0.9989790959798021,1.0,0.9990682722035821,0.997815880955159,0.9967445034657629,0.995346930575468,0.994420507013591,0.9935355582522399,0.992192289761619,0.9910264585842149,0.989717769730687,0.988050548205186,0.986256722031616,0.983475145812304,0.9798262470948459,0.973165746692052,0.9519680920214151,0.8892097046689741,0.364189466080316
0.8929192474762809,0.9501034199962629,0.962177944009698,0.967122687261093,0.9708218205385241,0.9754067821068341,0.979560767416043,0.984124690051533,0.987702875761963,0.990274742175708,0.99254135911794,0.9944358588263342,0.996057230607989,0.997627453712506,0.9990682722035821,1.0,0.99915778620094,0.998167286436393,0.996943336891032,0.9959739094921221,0.995015252284423,0.9937394663602309,0.9925915752406821,0.991211721112589,0.989611078131682,0.9878618459303109,0.985070518980141,0.9815575168103381,0.975105984517213,0.95430081028714,0.8921035087871391,0.36554826706905497
0.890211264991162,0.947446247818583,0.960091663095563,0.965155814222991,0.9690354649550471,0.9735800598357179,0.977813045031068,0.9825881992228102,0.9861277270937879,0.988655485760494,0.990883460095559,0.992859862923212,0.994593768508204,0.9962346488939251,0.997815880955159,0.99915778620094,1.0,0.9991990660245441,0.9981547696805259,0.997205112593461,0.996071317031876,0.9948570507925609,0.993602695533966,0.9922270922363241,0.9905889505971841,0.988843077938115,0.9860366277269329,0.9824735244892701,0.976101330530896,0.9555258186782729,0.893978313944886,0.36892263920287793
0.8884558059548001,0.9455327064281109,0.958609688165687,0.9637280252731079,0.967759657463867,0.9723862112401691,0.9764545616384229,0.9811679966342829,0.984768133889647,0.987283199950657,0.98955049563504,0.991610089947381,0.9933643114285869,0.9951104183339229,0.9967445034657629,0.998167286436393,0.9991990660245441,1.0,0.99909135137952,0.9982291168732009,0.99705337072487,0.9958741570221321,0.9945495460191791,0.993215952761115,0.9916436389726241,0.9898983433002141,0.986996069316259,0.98357627237663,0.977296805615475,0.95693900730318,0.895564577071653,0.370950372924123
0.8865070123267809,0.943626537358537,0.9568480445889151,0.961958801930793,0.9659775744543879,0.970594807375211,0.974684027482605,0.979356669967769,0.9830771092457409,0.985701133715789,0.988121143369623,0.990140953969924,0.9919282432740449,0.9936275690534809,0.995346930575468,0.996943336891032,0.9981547696805259,0.99909135137952,1.0,0.999208292097725,0.9980795375531221,0.9969490978432521,0.995686738985462,0.994302544019152,0.9927573804041959,0.990892344604872,0.9880841644536701,0.984635325578168,0.9785108567110309,0.958684766801092,0.897316244162485,0.375273657554877
0.883742439610909,0.941422486763958,0.955158487309343,0.9601791447743679,0.9644114360705359,0.969023104157172,0.9731279464590541,0.9778915371555,0.9816881194857621,0.984490003765202,0.9870861020151921,0.9891141377153041,0.991016988599601,0.99273931857998,0.994420507013591,0.9959739094921221,0.997205112593461,0.9982291168732009,0.999208292097725,1.0,0.9991786002997359,0.9979685608843071,0.996674402278482,0.9953419236675741,0.9937705079538399,0.991953039204865,0.989213967433535,0.9857463082400021,0.9797672034064359,0.960478684095975,0.900126441477147,0.381474553028395
0.8816471603127449,0.9405040764371121,0.9544048907708199,0.959242064669615,0.963617879637447,0.9682536245302691,0.9723090299961229,0.97698076805502,0.980707287065973,0.9835637797810991,0.9861711315108102,0.9880615202558941,0.9901512488360029,0.991939077377859,0.9935355582522399,0.995015252284423,0.996071317031876,0.99705337072487,0.9980795375531221,0.9991786002997359,1.0,0.998990502853218,0.997785724205592,0.996426951489187,0.9948127297517749,0.992913745250313,0.99026621136585,0.9870492235330899,0.9812354239913971,0.962432572825057,0.9029170532956791,0.38627951926128296
0.880199227265304,0.938850007510345,0.952822146919908,0.958096898921294,0.9623826814275009,0.96720527757009,0.9711633441283621,0.975740799806319,0.9792549514959971,0.982068530830616,0.9846508793058572,0.986580688661284,0.9887650908468281,0.9905825991489929,0.992192289761619,0.9937394663602309,0.9948570507925609,0.9958741570221321,0.9969490978432521,0.9979685608843071,0.998990502853218,1.0,0.9989596782267081,0.9976746445362622,0.996119666330447,0.9941269820374659,0.9916500244951241,0.988563400228312,0.9831188636515491,0.965040316261535,0.9058342923945331,0.389581645528425
0.879839514035473,0.9377902777474301,0.95192386525911,0.957025288264236,0.9613050928380871,0.9661653411698841,0.970178073384547,0.9748379451204671,0.9781968770678431,0.981015204272501,0.983636185231963,0.9855792080195941,0.987734739872185,0.989437837894263,0.9910264585842149,0.9925915752406821,0.993602695533966,0.9945495460191791,0.995686738985462,0.996674402278482,0.997785724205592,0.9989596782267081,1.0,0.998887329109287,0.997324668036132,0.99536124341927,0.9928847584224371,0.989701157703034,0.984494134848375,0.966702327258832,0.908219278886986,0.392067052514887
0.877845276541225,0.9369891361532691,0.9508262567115592,0.956108134765628,0.960798254733883,0.965551650915646,0.9695868552040291,0.9740666916190909,0.977537107577054,0.980157678300492,0.9828707021655991,0.9846934766712908,0.9866598178861781,0.988289110419011,0.989717769730687,0.991211721112589,0.9922270922363241,0.993215952761115,0.994302544019152,0.9953419236675741,0.996426951489187,0.9976746445362622,0.998887329109287,1.0,0.9987216190531001,0.9968758094739271,0.9945721800129259,0.9914974272676171,0.9866199870767671,0.9699698002403628,0.9130836725150161,0.399285723699445
0.875679659669127,0.9347831181792529,0.949181235989228,0.954527597325062,0.959270538371258,0.9641260000003721,0.9681472086967149,0.9725244153267399,0.9759415070719659,0.978336568527964,0.9811341494006259,0.983016475507226,0.9849416616101709,0.9866113243568599,0.988050548205186,0.989611078131682,0.9905889505971841,0.9916436389726241,0.9927573804041959,0.9937705079538399,0.9948127297517749,0.996119666330447,0.997324668036132,0.9987216190531001,1.0,0.9984992266697271,0.996407286871886,0.993515476410513,0.9887925523159861,0.9728749558341421,0.9176974905974179,0.40653524180855
0.87414076803892,0.93198980526474,0.9469540704418901,0.952791963595361,0.957410061648043,0.962579260214258,0.9665632873268549,0.970990996370157,0.974336155236769,0.976649196435908,0.979482529229185,0.981326656736305,0.9831474453264649,0.984667028828682,0.986256722031616,0.9878618459303109,0.988843077938115,0.9898983433002141,0.990892344604872,0.991953039204865,0.992913745250313,0.9941269820374659,0.99536124341927,0.9968758094739271,0.9984992266697271,1.0,0.998119121682718,0.995192163385537,0.990773373969099,0.976218922506439,0.9232394835026041,0.41736833700835896
0.8713537384897901,0.928720632039687,0.943650246909891,0.9498743198902321,0.954599358779217,0.9601024857568191,0.9640265663082079,0.968306788859022,0.9716212011612501,0.9739396232411329,0.976554481119938,0.978313823557466,0.9801830136797149,0.981720421677559,0.983475145812304,0.985070518980141,0.9860366277269329,0.986996069316259,0.9880841644536701,0.989213967433535,0.99026621136585,0.9916500244951241,0.9928847584224371,0.9945721800129259,0.996407286871886,0.998119121682718,1.0,0.99773752785738,0.993495357917828,0.9801986392003991,0.9300805094856791,0.4310079216337371
0.8673372505611171,0.924304243861275,0.939285991277538,0.9459153277602191,0.9506537383037809,0.9562416841483459,0.9601806138115121,0.9645066647026109,0.967768171138242,0.9702217138516751,0.972892614868446,0.9745193729889471,0.976506367009107,0.9780391832709959,0.9798262470948459,0.9815575168103381,0.9824735244892701,0.98357627237663,0.984635325578168,0.9857463082400021,0.9870492235330899,0.988563400228312,0.989701157703034,0.9914974272676171,0.993515476410513,0.995192163385537,0.99773752785738,1.0,0.9962312856626729,0.9839508605584809,0.935982753099723,0.44066719562271794
0.8597569877121921,0.916282631107282,0.9314750468219409,0.9384410375033109,0.943163441011716,0.9488695481528041,0.952671467633183,0.9572617484628029,0.9607715333271609,0.963137572978715,0.965946736381063,0.9673877639976741,0.96962672755576,0.97127006913837,0.973165746692052,0.975105984517213,0.976101330530896,0.977296805615475,0.9785108567110309,0.9797672034064359,0.9812354239913971,0.9831188636515491,0.984494134848375,0.9866199870767671,0.9887925523159861,0.990773373969099,0.993495357917828,0.9962312856626729,1.0,0.988909791979462,0.9469849767117271,0.46582853822379
0.832136748199393,0.891968788910376,0.9071004696800681,0.9149451610596171,0.920034705851167,0.925238508510955,0.9291349114102291,0.9331995401924641,0.937067653290506,0.940063622551658,0.943659524727873,0.9455055354210842,0.9481134622686469,0.950037767634666,0.9519680920214151,0.95430081028714,0.9555258186782729,0.95693900730318,0.958684766801092,0.960478684095975,0.962432572825057,0.965040316261535,0.966702327258832,0.9699698002403628,0.9728749558341421,0.976218922506439,0.9801986392003991,0.9839508605584809,0.988909791979462,1.0,0.971973073753895,0.511382331074956
0.7682469080191751,0.8245602680133921,0.8396199529855091,0.849140142451262,0.8542409097209491,0.859873833835513,0.864568882874047,0.86824711912936,0.8722613564830041,0.8752623505261129,0.879217421711244,0.881145525099732,0.8843753476005181,0.8866829015287571,0.8892097046689741,0.8921035087871391,0.893978313944886,0.895564577071653,0.897316244162485,0.900126441477147,0.9029170532956791,0.9058342923945331,0.908219278886986,0.9130836725150161,0.9176974905974179,0.9232394835026041,0.9300805094856791,0.935982753099723,0.9469849767117271,0.971973073753895,1.0,0.601225164019308
0.28180098714609303,0.309569911203223,0.31394190886923806,0.32472995041741304,0.32879188870353004,0.333371963173855,0.336510710875005,0.33866932157250607,0.344446652277833,0.34927471769179297,0.354290292586343,0.35536862067622604,0.357587638833351,0.36023995783847995,0.364189466080316,0.36554826706905497,0.36892263920287793,0.370950372924123,0.375273657554877,0.381474553028395,0.38627951926128296,0.389581645528425,0.392067052514887,0.399285723699445,0.40653524180855,0.41736833700835896,0.4310079216337371,0.44066719562271794,0.46582853822379,0.511382331074956,0.601225164019308,1.0
