1.0,0.9804944070683379,0.903093206671704,0.7520582022027801,0.550899876461307,0.48479437357876204,0.44490532819131,0.40348866941685796,0.365702130642711,0.33569023002077,0.31328243332612105,0.29189419877640504,0.273030011249898,0.25687858353404397,0.24037513729072799,0.221088487860988,0.203696435742079,0.18924985463132601,0.180597110291502,0.17747303590018498,0.16980652771699697,0.16102051396161,0.15265799835398097,0.147262784262251,0.14023526977760697,0.13284227497712,0.126165408763174,0.122391184384836,0.122930932600953,0.12018526240183999,0.11651654247453601,0.112879332444159
0.9804944070683379,1.0,0.969883878980999,0.8669323310024379,0.704186729745833,0.643975749395043,0.598956895979446,0.5500373759731071,0.50440008980273,0.46932062839217403,0.445980152365326,0.42207503271403796,0.40021993202721096,0.381095834127329,0.362789178155433,0.339035389390197,0.31650905490799897,0.297341249758362,0.28522191007818704,0.278095081476867,0.264346576445993,0.249285339615977,0.235220500783751,0.22879763242009196,0.220225063042285,0.21042051023337302,0.20126504744977303,0.19736833706511603,0.203084504269927,0.20208741388207,0.198578786392184,0.19443664735380703
0.903093206671704,0.969883878980999,1.0,0.962224168921731,0.855916088159889,0.806278543610328,0.7573466448938471,0.701785070415461,0.6488964309798921,0.609441472262705,0.586212298577353,0.5604859325096121,0.536110861876149,0.51434114034073,0.49479371890852203,0.46679364622812897,0.439127645089856,0.41514972109727294,0.399392393596961,0.38769211664049896,0.367152972741156,0.34513291020947395,0.3247651102705,0.31741742289721303,0.307395557119851,0.295134789556916,0.28340479765345,0.27956784349054903,0.29138848691195,0.292612426846387,0.28949266819961,0.28494967274072996
0.7520582022027801,0.8669323310024379,0.962224168921731,1.0,0.964371988943945,0.9300994377064671,0.880289230141678,0.8212724989520659,0.764056679756252,0.7225294592664279,0.701084177489308,0.675159911312433,0.649709376329376,0.6265376109440051,0.6069997268393771,0.5762534957319211,0.544818853062283,0.517177179744704,0.498479028382287,0.48250244269075,0.455840073005673,0.427614582557493,0.40165643904293796,0.39379990978429896,0.38287398659728994,0.368743580919322,0.35497378158784904,0.35147773234166996,0.369277458241495,0.3728966133748571,0.370434403483288,0.36576788241185504
0.550899876461307,0.704186729745833,0.855916088159889,0.964371988943945,1.0,0.983136491574846,0.936075828832506,0.8779707005966608,0.8206888833231701,0.780151915295738,0.7619912470798,0.73774989735084,0.713095294162015,0.690237294379925,0.672121936543422,0.6409313061609699,0.608108526577386,0.5789062769802901,0.558703083204289,0.539726919471786,0.50904329530678,0.47682974287844504,0.44731719982732304,0.439534532057911,0.4285204670571121,0.413595471443808,0.398839646687047,0.395927734509655,0.41824972577580394,0.42393449103634295,0.422289314836224,0.4178403150376371
0.48479437357876204,0.643975749395043,0.806278543610328,0.9300994377064671,0.983136491574846,1.0,0.984013383663593,0.9493045342217621,0.9092717682868441,0.878815200754216,0.8608379943754729,0.835393157364902,0.809023618045743,0.7843482374204209,0.757773481401853,0.7164035914652191,0.6750845038823211,0.639106757907325,0.615099558559167,0.59599595249994,0.563552768881269,0.5290539525631489,0.497261707176919,0.48780112978384793,0.4744639741240329,0.457101694285385,0.44014720781057,0.43701413461160993,0.46370289389055996,0.47142914325854296,0.4706319388798171,0.46645039720586895
0.44490532819131,0.598956895979446,0.7573466448938471,0.880289230141678,0.936075828832506,0.984013383663593,1.0,0.9901137919563331,0.968859047704225,0.9493359450244949,0.9313143863868679,0.9048775812253459,0.8771829990900859,0.8511326766395619,0.8161366229869791,0.765274065462002,0.7163882209216229,0.6745352182517341,0.6474408825826221,0.6292355657681391,0.596510057193302,0.5612257471441789,0.528506101904547,0.517512498936302,0.502095857872299,0.482767671861858,0.4641225003668279,0.460717512150924,0.490419396622234,0.49967304684140795,0.4996104233703271,0.49575881054017107
0.40348866941685796,0.5500373759731071,0.701785070415461,0.8212724989520659,0.8779707005966608,0.9493045342217621,0.9901137919563331,1.0,0.99401248907404,0.983539359239078,0.9658879430636691,0.9392640934512819,0.911148410041195,0.884600727731394,0.843758710708215,0.786563018122182,0.7328164461942929,0.687276855648561,0.658360109847801,0.641271486115602,0.60905919732927,0.57394932826374,0.54123471290415,0.529280811185595,0.5125728995365759,0.49213081800090497,0.472573161683256,0.469030548997753,0.500437942380099,0.510686570600806,0.511203907382191,0.5076987184966321
0.365702130642711,0.50440008980273,0.6488964309798921,0.764056679756252,0.8206888833231701,0.9092717682868441,0.968859047704225,0.99401248907404,1.0,0.9967200955206509,0.97959864411953,0.953193536643842,0.925134688266715,0.8985629720834921,0.8537260714213559,0.79237985418461,0.735582537823533,0.687794505035751,0.6578539507737571,0.6418691451908299,0.610497598107926,0.576004228977915,0.5437413554455061,0.5312030226980979,0.513717932104138,0.49268796173999707,0.4726872073044989,0.46908588028189296,0.501391922994442,0.512275340255589,0.513237380000349,0.510050034568976
0.33569023002077,0.46932062839217403,0.609441472262705,0.7225294592664279,0.780151915295738,0.878815200754216,0.9493359450244949,0.983539359239078,0.9967200955206509,1.0,0.989912201299584,0.9687437033126551,0.9446033666557659,0.9210126840532459,0.877066709600954,0.815349908629007,0.7579081603171651,0.7094567832888571,0.6792046928525339,0.663190883355115,0.631167593920632,0.595819463973577,0.562701060691079,0.550019320980931,0.532161626972868,0.510563626552683,0.48998254094098403,0.486130592667745,0.518741795590503,0.529405663596571,0.529971050904989,0.526358961439134
0.31328243332612105,0.445980152365326,0.586212298577353,0.701084177489308,0.7619912470798,0.8608379943754729,0.9313143863868679,0.9658879430636691,0.97959864411953,0.989912201299584,1.0,0.9941174228852859,0.9815764764133699,0.9669115106947971,0.9325496810329291,0.8768404372488772,0.822655883601366,0.7760184759451779,0.746536658096405,0.7284340804580469,0.6928611967938789,0.653737951863707,0.617140348662038,0.60501703932128,0.5873518235608071,0.5650122672998571,0.5434004395751749,0.5388859326448979,0.570936452342197,0.579855184451098,0.578445052445921,0.572983061350438
0.29189419877640504,0.42207503271403796,0.5604859325096121,0.675159911312433,0.73774989735084,0.835393157364902,0.9048775812253459,0.9392640934512819,0.953193536643842,0.9687437033126551,0.9941174228852859,1.0,0.9964965868288991,0.988854162845847,0.9622859654929979,0.911926462514403,0.860968432777049,0.8163516916361429,0.787859480718969,0.7684062512456421,0.7306034934454579,0.6891262410342671,0.650366506144165,0.638834889456327,0.6215569547705071,0.5989542090318671,0.5768482331452349,0.5718886098401961,0.603074822121944,0.610538258481587,0.607637127841219,0.600835246825837
0.273030011249898,0.40021993202721096,0.536110861876149,0.649709376329376,0.713095294162015,0.809023618045743,0.8771829990900859,0.911148410041195,0.925134688266715,0.9446033666557659,0.9815764764133699,0.9964965868288991,1.0,0.997841759994308,0.977505444244425,0.9316821101605458,0.883625550901306,0.840928115452474,0.8134293070651971,0.793089643552513,0.753869167798533,0.71090790806729,0.6707904645454089,0.659808525044705,0.642968658183972,0.620344539935448,0.5980348520099621,0.5927714213318579,0.62303930984522,0.6293189404909221,0.625289826639395,0.617508030974659
0.25687858353404397,0.381095834127329,0.51434114034073,0.6265376109440051,0.690237294379925,0.7843482374204209,0.8511326766395619,0.884600727731394,0.8985629720834921,0.9210126840532459,0.9669115106947971,0.988854162845847,0.997841759994308,1.0,0.984656451014697,0.9426196155834109,0.8970770407284291,0.8560961393175,0.8295122867506941,0.808576489062588,0.768435428273505,0.7245198999238509,0.6835333906016,0.673036937553691,0.6566236836577739,0.634093845103085,0.6117337301946479,0.606257604177156,0.635655891439438,0.640975235437187,0.636080268670437,0.627567297192264
0.24037513729072799,0.362789178155433,0.49479371890852203,0.6069997268393771,0.672121936543422,0.757773481401853,0.8161366229869791,0.843758710708215,0.8537260714213559,0.877066709600954,0.9325496810329291,0.9622859654929979,0.977505444244425,0.984656451014697,1.0,0.9863804578350881,0.96034017369429,0.9330313438183391,0.9136093668324959,0.888128378600937,0.8421052619413671,0.7924280661117791,0.746338718373369,0.740153919943307,0.728038349852563,0.70751610224137,0.6860078692910729,0.678999638911847,0.6992343731709101,0.696207365511764,0.6844197497263481,0.670372246436023
0.221088487860988,0.339035389390197,0.46679364622812897,0.5762534957319211,0.6409313061609699,0.7164035914652191,0.765274065462002,0.786563018122182,0.79237985418461,0.815349908629007,0.8768404372488772,0.911926462514403,0.9316821101605458,0.9426196155834109,0.9863804578350881,1.0,0.9931228441188499,0.9795028962491329,0.967387020734449,0.9382967047707359,0.887986386536385,0.834244905852966,0.784617555196292,0.782695279577486,0.775001262952302,0.756968427664587,0.736881648944739,0.7286163294919179,0.73956693950817,0.728699204646105,0.710702895218497,0.6918014868197391
0.203696435742079,0.31650905490799897,0.439127645089856,0.544818853062283,0.608108526577386,0.6750845038823211,0.7163882209216229,0.7328164461942929,0.735582537823533,0.7579081603171651,0.822655883601366,0.860968432777049,0.883625550901306,0.8970770407284291,0.96034017369429,0.9931228441188499,1.0,0.996349524963336,0.989634923664599,0.958457554397016,0.9059293198558008,0.8501854551013871,0.798862151141001,0.800005801456393,0.7955865558511229,0.7796245207541591,0.760882404946351,0.75185925671276,0.756019942898259,0.7397512608130419,0.7176338200220591,0.695590619896602
0.18924985463132601,0.297341249758362,0.41514972109727294,0.517177179744704,0.5789062769802901,0.639106757907325,0.6745352182517341,0.687276855648561,0.687794505035751,0.7094567832888571,0.7760184759451779,0.8163516916361429,0.840928115452474,0.8560961393175,0.9330313438183391,0.9795028962491329,0.996349524963336,1.0,0.997281961885377,0.9648529535785,0.911162665613,0.854441767898522,0.8023265631670451,0.8056958474937109,0.803702719449583,0.7893889355652378,0.771789691741793,0.7622921523968991,0.761465860419137,0.7414000038849041,0.716469255870202,0.692326198340869
0.180597110291502,0.28522191007818704,0.399392393596961,0.498479028382287,0.558703083204289,0.615099558559167,0.6474408825826221,0.658360109847801,0.6578539507737571,0.6792046928525339,0.746536658096405,0.787859480718969,0.8134293070651971,0.8295122867506941,0.9136093668324959,0.967387020734449,0.989634923664599,0.997281961885377,1.0,0.9786132002985429,0.9331037715030379,0.882244310293377,0.834340500674957,0.837649239637514,0.8337974561377719,0.817640220711187,0.7984188725877459,0.78728420250791,0.7836751502270709,0.761000536959853,0.7338833040424371,0.7079687450017671
0.17747303590018498,0.278095081476867,0.38769211664049896,0.48250244269075,0.539726919471786,0.59599595249994,0.6292355657681391,0.641271486115602,0.6418691451908299,0.663190883355115,0.7284340804580469,0.7684062512456421,0.793089643552513,0.808576489062588,0.888128378600937,0.9382967047707359,0.958457554397016,0.9648529535785,0.9786132002985429,1.0,0.9871221194240101,0.960222064183622,0.9298936109766609,0.928197811667347,0.912541982766861,0.8864745187559799,0.8592618932864692,0.8434034491673249,0.8404347501214159,0.8167793135761291,0.788175076553414,0.760732480493193
0.16980652771699697,0.264346576445993,0.367152972741156,0.455840073005673,0.50904329530678,0.563552768881269,0.596510057193302,0.60905919732927,0.610497598107926,0.631167593920632,0.6928611967938789,0.7306034934454579,0.753869167798533,0.768435428273505,0.8421052619413671,0.887986386536385,0.9059293198558008,0.911162665613,0.9331037715030379,0.9871221194240101,1.0,0.9925256451728341,0.9767595404496808,0.971222031006308,0.946848841846292,0.9138439729812621,0.881219997406082,0.86215610636142,0.8597729784670809,0.836052863269375,0.8071363540259001,0.7793152976181509
0.16102051396161,0.249285339615977,0.34513291020947395,0.427614582557493,0.47682974287844504,0.5290539525631489,0.5612257471441789,0.57394932826374,0.576004228977915,0.595819463973577,0.653737951863707,0.6891262410342671,0.71090790806729,0.7245198999238509,0.7924280661117791,0.834244905852966,0.8501854551013871,0.854441767898522,0.882244310293377,0.960222064183622,0.9925256451728341,1.0,0.9956159027313679,0.9872434333148999,0.956641595089933,0.9189152795168941,0.8827274598985558,0.861547986569935,0.859652802003655,0.8362936695087908,0.807639149896599,0.780010639952611
0.15265799835398097,0.235220500783751,0.3247651102705,0.40165643904293796,0.44731719982732304,0.497261707176919,0.528506101904547,0.54123471290415,0.5437413554455061,0.562701060691079,0.617140348662038,0.650366506144165,0.6707904645454089,0.6835333906016,0.746338718373369,0.784617555196292,0.798862151141001,0.8023265631670451,0.834340500674957,0.9298936109766609,0.9767595404496808,0.9956159027313679,1.0,0.9895393157713259,0.954472937510927,0.913509341997238,0.874955940457018,0.8523691427495099,0.8508671132508508,0.8280208881696759,0.799856953388606,0.7726554269061842
0.147262784262251,0.22879763242009196,0.31741742289721303,0.39379990978429896,0.439534532057911,0.48780112978384793,0.517512498936302,0.529280811185595,0.5312030226980979,0.550019320980931,0.60501703932128,0.638834889456327,0.659808525044705,0.673036937553691,0.740153919943307,0.782695279577486,0.800005801456393,0.8056958474937109,0.837649239637514,0.928197811667347,0.971222031006308,0.9872434333148999,0.9895393157713259,1.0,0.9873918371094941,0.962360917286118,0.9352547320402859,0.91807869836218,0.9087279101689241,0.87864586796235,0.844468733134848,0.8124202568870358
0.14023526977760697,0.220225063042285,0.307395557119851,0.38287398659728994,0.4285204670571121,0.4744639741240329,0.502095857872299,0.5125728995365759,0.513717932104138,0.532161626972868,0.5873518235608071,0.6215569547705071,0.642968658183972,0.6566236836577739,0.728038349852563,0.775001262952302,0.7955865558511229,0.803702719449583,0.8337974561377719,0.912541982766861,0.946848841846292,0.956641595089933,0.954472937510927,0.9873918371094941,1.0,0.993247929097293,0.979495483753577,0.968804756170791,0.951251942166745,0.9140668988775341,0.874183013211432,0.8376307360777929
0.13284227497712,0.21042051023337302,0.295134789556916,0.368743580919322,0.413595471443808,0.457101694285385,0.482767671861858,0.49213081800090497,0.49268796173999707,0.510563626552683,0.5650122672998571,0.5989542090318671,0.620344539935448,0.634093845103085,0.70751610224137,0.756968427664587,0.7796245207541591,0.7893889355652378,0.817640220711187,0.8864745187559799,0.9138439729812621,0.9189152795168941,0.913509341997238,0.962360917286118,0.993247929097293,1.0,0.996254146112967,0.990487324135802,0.967204138480792,0.925408138984986,0.8819797384961819,0.8427112815990742
0.126165408763174,0.20126504744977303,0.28340479765345,0.35497378158784904,0.398839646687047,0.44014720781057,0.4641225003668279,0.472573161683256,0.4726872073044989,0.48998254094098403,0.5434004395751749,0.5768482331452349,0.5980348520099621,0.6117337301946479,0.6860078692910729,0.736881648944739,0.760882404946351,0.771789691741793,0.7984188725877459,0.8592618932864692,0.881219997406082,0.8827274598985558,0.874955940457018,0.9352547320402859,0.979495483753577,0.996254146112967,1.0,0.9979540388984119,0.970603883627502,0.9257378368216379,0.8800486353872741,0.8391002918255809
0.122391184384836,0.19736833706511603,0.27956784349054903,0.35147773234166996,0.395927734509655,0.43701413461160993,0.460717512150924,0.469030548997753,0.46908588028189296,0.486130592667745,0.5388859326448979,0.5718886098401961,0.5927714213318579,0.606257604177156,0.678999638911847,0.7286163294919179,0.75185925671276,0.7622921523968991,0.78728420250791,0.8434034491673249,0.86215610636142,0.861547986569935,0.8523691427495099,0.91807869836218,0.968804756170791,0.990487324135802,0.9979540388984119,1.0,0.9798618599809059,0.9400493077914179,0.897877495419976,0.8594298533964659
0.122930932600953,0.203084504269927,0.29138848691195,0.369277458241495,0.41824972577580394,0.46370289389055996,0.490419396622234,0.500437942380099,0.501391922994442,0.518741795590503,0.570936452342197,0.603074822121944,0.62303930984522,0.635655891439438,0.6992343731709101,0.73956693950817,0.756019942898259,0.761465860419137,0.7836751502270709,0.8404347501214159,0.8597729784670809,0.859652802003655,0.8508671132508508,0.9087279101689241,0.951251942166745,0.967204138480792,0.970603883627502,0.9798618599809059,1.0,0.989215875309081,0.9677026051150059,0.9442079197592859
0.12018526240183999,0.20208741388207,0.292612426846387,0.3728966133748571,0.42393449103634295,0.47142914325854296,0.49967304684140795,0.510686570600806,0.512275340255589,0.529405663596571,0.579855184451098,0.610538258481587,0.6293189404909221,0.640975235437187,0.696207365511764,0.728699204646105,0.7397512608130419,0.7414000038849041,0.761000536959853,0.8167793135761291,0.836052863269375,0.8362936695087908,0.8280208881696759,0.87864586796235,0.9140668988775341,0.925408138984986,0.9257378368216379,0.9400493077914179,0.989215875309081,1.0,0.99418977151294,0.9822636578310621
0.11651654247453601,0.198578786392184,0.28949266819961,0.370434403483288,0.422289314836224,0.4706319388798171,0.4996104233703271,0.511203907382191,0.513237380000349,0.529971050904989,0.578445052445921,0.607637127841219,0.625289826639395,0.636080268670437,0.6844197497263481,0.710702895218497,0.7176338200220591,0.716469255870202,0.7338833040424371,0.788175076553414,0.8071363540259001,0.807639149896599,0.799856953388606,0.844468733134848,0.874183013211432,0.8819797384961819,0.8800486353872741,0.897877495419976,0.9677026051150059,0.99418977151294,1.0,0.996739800647663
0.112879332444159,0.19443664735380703,0.28494967274072996,0.36576788241185504,0.4178403150376371,0.46645039720586895,0.49575881054017107,0.5076987184966321,0.510050034568976,0.526358961439134,0.572983061350438,0.600835246825837,0.617508030974659,0.627567297192264,0.670372246436023,0.6918014868197391,0.695590619896602,0.692326198340869,0.7079687450017671,0.760732480493193,0.7793152976181509,0.780010639952611,0.7726554269061842,0.8124202568870358,0.8376307360777929,0.8427112815990742,0.8391002918255809,0.8594298533964659,0.9442079197592859,0.9822636578310621,0.996739800647663,1.0
