1.0,0.852153676261062,0.7808900656376759,0.7179983851563508,0.6868826888383311,0.6606856841359631,0.648589451352031,0.620982538497402,0.595782579743152,0.579073368317931,0.535635266826493,0.510416429306227,0.487592440004678,0.45651106534614294,0.38002461116752706,0.30641708183328903,0.22593119756560198,0.16667474288264802,0.16397709441166197,0.15949229328506698,0.15254275711265,0.136490357657923,0.0987931825511991,0.0851552738739293,0.0548194934768564,0.0184396632168891,0.016589998002322,0.0828601904018027,0.0981017893364936,0.131039614744277,0.17649686789471303,0.140373851738699
0.852153676261062,1.0,0.936270816090405,0.8631018193648929,0.8185645524235708,0.7861709807955151,0.7630920193369051,0.7296443193758381,0.6994821806845171,0.6760842173218331,0.636369661766432,0.616772496989994,0.597509149947876,0.568709144016832,0.500702720151031,0.430580112791996,0.350277940893669,0.288491405315851,0.283185768141806,0.27734028072329997,0.268250622899101,0.251668380049654,0.219293907323483,0.20277763806311,0.16924198329662,0.129704571318723,0.0996677716294251,0.0332173759370505,0.0116836135314057,0.0246706486945713,0.0775001991409558,0.07705468206715
0.7808900656376759,0.936270816090405,1.0,0.9742710410296519,0.922613210565578,0.8875449418009921,0.860802084860442,0.826462659269125,0.79557352266406,0.769512930277342,0.72977521532316,0.707026095239888,0.684441775631779,0.6538385004075601,0.583760511512986,0.511585710190571,0.424678426568489,0.35555310855227096,0.34994215633732295,0.343252041457022,0.331015783241042,0.31129186690437105,0.279976086019989,0.26222456620066503,0.22337793320941002,0.17915884990489103,0.151889196501607,0.0782445990221402,0.0522289790357972,0.0165450649051801,0.0354844270691786,0.0364469059629945
0.7179983851563508,0.8631018193648929,0.9742710410296519,1.0,0.9798079341577379,0.942342776408588,0.9125944521906109,0.878248119315405,0.847352798171207,0.8192972624848291,0.78133162055519,0.7578061319852941,0.734254320742786,0.70368648385335,0.633357922583448,0.55950476075941,0.468887672142927,0.39625109737667796,0.39162548729919894,0.38467788422573795,0.371678868830019,0.351340864445962,0.320264109539791,0.302569377225142,0.262555040499348,0.216938236526846,0.191754663098535,0.11297281718608301,0.0836701845135024,0.0465360502475625,0.008096976196917521,0.00970747834617243
0.6868826888383311,0.8185645524235708,0.922613210565578,0.9798079341577379,1.0,0.97691660309871,0.945968230711704,0.911556384461408,0.8801082708415009,0.850077901238894,0.813218351129516,0.7896289381892779,0.76620270003261,0.7363994353449058,0.665364940640875,0.589073526055785,0.496144575712791,0.42220198309055895,0.41861232998098,0.41162384869914503,0.39886493413101703,0.378769138184252,0.346907502986988,0.330073606037375,0.29009400431472304,0.243132436405184,0.217161237185474,0.136063031064129,0.106124720855851,0.0663078637264972,0.0056067005387353,0.00637224779873474
0.6606856841359631,0.7861709807955151,0.8875449418009921,0.942342776408588,0.97691660309871,1.0,0.9732895879625172,0.939893648013888,0.9074389785432629,0.875481059671838,0.8382545328763891,0.813757045236471,0.790264916897572,0.761493114233744,0.689575679276315,0.611874064740371,0.518812155644902,0.44529803794981204,0.441588599821752,0.4344802611066911,0.421222367983625,0.400507668131545,0.3683603226169261,0.353058483741198,0.31150697161507396,0.26072920500353003,0.230967259462834,0.152596473772832,0.12596298245728801,0.0850731917469626,0.0179729459965547,0.0256166909975745
0.648589451352031,0.7630920193369051,0.860802084860442,0.9125944521906109,0.945968230711704,0.9732895879625172,1.0,0.98595127066083,0.9555886828825719,0.922379761723657,0.886223038249087,0.86097915125956,0.835601587138052,0.804591017397687,0.730969994094148,0.6519495694910699,0.557424862491662,0.482527807349745,0.47875351546102596,0.47168185087241604,0.458209193218868,0.4368728476450971,0.403358265768601,0.38889783676507206,0.34386477103450797,0.28832243860758694,0.257029780100029,0.17647994170223702,0.146481007994054,0.100582138376782,0.0271334710433883,0.0313417880432596
0.620982538497402,0.7296443193758381,0.826462659269125,0.878248119315405,0.911556384461408,0.939893648013888,0.98595127066083,1.0,0.988679466570432,0.954489072310275,0.921297035753693,0.8957482925559771,0.8696848674024621,0.839279592449356,0.768089562113994,0.690925611585512,0.597086624423407,0.521803042765605,0.5180746880587179,0.510791751882294,0.497175813930267,0.475742442425502,0.441856287910448,0.428215544007651,0.37989833670661605,0.319827193467511,0.28739637887467606,0.205662881496224,0.172874804204764,0.12313329281505199,0.0443218537474965,0.048803324257913
0.595782579743152,0.6994821806845171,0.79557352266406,0.847352798171207,0.8801082708415009,0.9074389785432629,0.9555886828825719,0.988679466570432,1.0,0.981120246318545,0.951828300200352,0.9270788334598191,0.9013444738613,0.872238054107813,0.803445246497103,0.7279314178374681,0.634098984133063,0.557946454526677,0.5551863200881889,0.547896372505883,0.534270256455048,0.512944101907602,0.47902410709791793,0.466356262322625,0.416218498774269,0.352530093880551,0.31813766973352503,0.23359914534798998,0.200249053464222,0.149258014151367,0.0660245473044924,0.07160063863827
0.579073368317931,0.6760842173218331,0.769512930277342,0.8192972624848291,0.850077901238894,0.875481059671838,0.922379761723657,0.954489072310275,0.981120246318545,1.0,0.978520195459096,0.956934565461565,0.9325514784739051,0.904570169416558,0.837730693850417,0.763187037844525,0.668625909477672,0.5913830116220711,0.5909253658700551,0.58406912370961,0.5707126486274201,0.549701000103164,0.515823529926679,0.503808012797412,0.453155761210664,0.38648021899258894,0.348488796851473,0.258855450941257,0.22780438730789698,0.17829463064207104,0.0909170949352315,0.0947448223184239
0.535635266826493,0.636369661766432,0.72977521532316,0.78133162055519,0.813218351129516,0.8382545328763891,0.886223038249087,0.921297035753693,0.951828300200352,0.978520195459096,1.0,0.9894221858523672,0.967597349237453,0.9461789942283441,0.901870592281293,0.842332315643015,0.7598485918322719,0.689455276592065,0.690782689904916,0.68345444617062,0.6708148980456079,0.6514337338709499,0.6181205956528121,0.600411771292759,0.538256376412514,0.459041202664114,0.4149390786934461,0.324983839302774,0.29219505048442895,0.236329719200097,0.135440906218703,0.12265305924644901
0.510416429306227,0.616772496989994,0.707026095239888,0.7578061319852941,0.7896289381892779,0.813757045236471,0.86097915125956,0.8957482925559771,0.9270788334598191,0.956934565461565,0.9894221858523672,1.0,0.992539569638018,0.9736929823369641,0.933080748118822,0.875205751385903,0.7936279993953129,0.7238065902034009,0.7273736138241729,0.720368772848555,0.708971520390027,0.692275615435971,0.663016765765101,0.6460282853630699,0.584468036192909,0.505423277722007,0.464485321608657,0.375871923509724,0.34173065986626605,0.284914226425978,0.180312618950154,0.158000902881643
0.487592440004678,0.597509149947876,0.684441775631779,0.734254320742786,0.76620270003261,0.790264916897572,0.835601587138052,0.8696848674024621,0.9013444738613,0.9325514784739051,0.967597349237453,0.992539569638018,1.0,0.9907780402189499,0.9495092840093979,0.89031165958387,0.807047219249065,0.7362916189722009,0.742010828531377,0.735785707783978,0.725720202048758,0.7113257280269251,0.6854617037628989,0.6709114888181529,0.6134204883361011,0.536891877267721,0.497605512966025,0.417735832424641,0.38433116912855697,0.328580300149393,0.223812891329854,0.195043509029318
0.45651106534614294,0.568709144016832,0.6538385004075601,0.70368648385335,0.7363994353449058,0.761493114233744,0.804591017397687,0.839279592449356,0.872238054107813,0.904570169416558,0.9461789942283441,0.9736929823369641,0.9907780402189499,1.0,0.968721018905557,0.914467029603441,0.834727532666255,0.766087134453453,0.7730641085944079,0.7679480315247409,0.7590967504824839,0.7460420163871371,0.7215107839812529,0.7080287717246851,0.651738895072959,0.573312663351599,0.529761987222278,0.46474314027083596,0.43379602473781803,0.377692183464346,0.26977404931611,0.23359767046686605
0.38002461116752706,0.500702720151031,0.583760511512986,0.633357922583448,0.665364940640875,0.689575679276315,0.730969994094148,0.768089562113994,0.803445246497103,0.837730693850417,0.901870592281293,0.933080748118822,0.9495092840093979,0.968721018905557,1.0,0.981650761710441,0.933241063601441,0.88433831603874,0.888912284602893,0.885335375468345,0.8778507932878101,0.866155965960897,0.8441069963173801,0.825497167709742,0.7568626120660559,0.664428070578271,0.614662853027287,0.5529808438417328,0.521575532098027,0.456421221110676,0.328323796878084,0.273762004843078
0.30641708183328903,0.430580112791996,0.511585710190571,0.55950476075941,0.589073526055785,0.611874064740371,0.6519495694910699,0.690925611585512,0.7279314178374681,0.763187037844525,0.842332315643015,0.875205751385903,0.89031165958387,0.914467029603441,0.981650761710441,1.0,0.9830137864903141,0.951065951201821,0.9522271070872041,0.948710780309553,0.9416858146818359,0.931199385885426,0.912434594219022,0.886137132645438,0.80432400960948,0.701836703173089,0.651924032616785,0.5939813347202719,0.565790189021903,0.498926651480586,0.361710355810062,0.29847224993812604
0.22593119756560198,0.350277940893669,0.424678426568489,0.468887672142927,0.496144575712791,0.518812155644902,0.557424862491662,0.597086624423407,0.634098984133063,0.668625909477672,0.7598485918322719,0.7936279993953129,0.807047219249065,0.834727532666255,0.933241063601441,0.9830137864903141,1.0,0.99089358834159,0.987831378650809,0.983355108755879,0.9758461441991549,0.966149569105602,0.9515627414241651,0.918131258478636,0.822862687384534,0.7113915508645742,0.6631348524475501,0.612179847738328,0.5883883254223861,0.5212052797015471,0.37843475845744395,0.306812793937522
0.16667474288264802,0.288491405315851,0.35555310855227096,0.39625109737667796,0.42220198309055895,0.44529803794981204,0.482527807349745,0.521803042765605,0.557946454526677,0.5913830116220711,0.689455276592065,0.7238065902034009,0.7362916189722009,0.766087134453453,0.88433831603874,0.951065951201821,0.99089358834159,1.0,0.995532626665856,0.990348107722499,0.9824773081592441,0.973543478305008,0.9622832659478879,0.926099639298667,0.8235545344535992,0.7072890745107941,0.6603127873322261,0.616356606177794,0.5953569071157879,0.528050312300858,0.383257173044682,0.305963971139464
0.16397709441166197,0.283185768141806,0.34994215633732295,0.39162548729919894,0.41861232998098,0.441588599821752,0.47875351546102596,0.5180746880587179,0.5551863200881889,0.5909253658700551,0.690782689904916,0.7273736138241729,0.742010828531377,0.7730641085944079,0.888912284602893,0.9522271070872041,0.987831378650809,0.995532626665856,1.0,0.996279061160055,0.9900020862932379,0.983023539191818,0.972138122847915,0.942200591350093,0.844751119129628,0.7291954296018051,0.679450953600308,0.6373845139667691,0.6134538961951429,0.543888426042725,0.39804632378328003,0.3213913961271
0.15949229328506698,0.27734028072329997,0.343252041457022,0.38467788422573795,0.41162384869914503,0.4344802611066911,0.47168185087241604,0.510791751882294,0.547896372505883,0.58406912370961,0.68345444617062,0.720368772848555,0.735785707783978,0.7679480315247409,0.885335375468345,0.948710780309553,0.983355108755879,0.990348107722499,0.996279061160055,1.0,0.9976286539725059,0.990920026037726,0.979642781109467,0.953198524635716,0.8639462576839151,0.75358715060709,0.7035621498038269,0.662619785751561,0.63925828822742,0.5692762633812851,0.42027531708187,0.34152336733778305
0.15254275711265,0.268250622899101,0.331015783241042,0.371678868830019,0.39886493413101703,0.421222367983625,0.458209193218868,0.497175813930267,0.534270256455048,0.5707126486274201,0.6708148980456079,0.708971520390027,0.725720202048758,0.7590967504824839,0.8778507932878101,0.9416858146818359,0.9758461441991549,0.9824773081592441,0.9900020862932379,0.9976286539725059,1.0,0.997052080066338,0.9860270752319641,0.962028640141544,0.878171409079711,0.7710823939066259,0.720677393367031,0.681464689714365,0.657737488231806,0.58760641614162,0.43777935741131896,0.360523898724261
0.136490357657923,0.251668380049654,0.31129186690437105,0.351340864445962,0.378769138184252,0.400507668131545,0.4368728476450971,0.475742442425502,0.512944101907602,0.549701000103164,0.6514337338709499,0.692275615435971,0.7113257280269251,0.7460420163871371,0.866155965960897,0.931199385885426,0.966149569105602,0.973543478305008,0.983023539191818,0.990920026037726,0.997052080066338,1.0,0.993182832584769,0.971479136038053,0.890846912705638,0.7862077031031289,0.737796022320931,0.699865621726887,0.6743666870718671,0.604749387646814,0.45680701998512396,0.38066312395576
0.0987931825511991,0.219293907323483,0.279976086019989,0.320264109539791,0.346907502986988,0.3683603226169261,0.403358265768601,0.441856287910448,0.47902410709791793,0.515823529926679,0.6181205956528121,0.663016765765101,0.6854617037628989,0.7215107839812529,0.8441069963173801,0.912434594219022,0.9515627414241651,0.9622832659478879,0.972138122847915,0.979642781109467,0.9860270752319641,0.993182832584769,1.0,0.9817113802676031,0.905743799168277,0.8073427483727691,0.768688537927832,0.729560008370325,0.701533796782354,0.6345926329414521,0.49114284842088396,0.40712249871334205
0.0851552738739293,0.20277763806311,0.26222456620066503,0.302569377225142,0.330073606037375,0.353058483741198,0.38889783676507206,0.428215544007651,0.466356262322625,0.503808012797412,0.600411771292759,0.6460282853630699,0.6709114888181529,0.7080287717246851,0.825497167709742,0.886137132645438,0.918131258478636,0.926099639298667,0.942200591350093,0.953198524635716,0.962028640141544,0.971479136038053,0.9817113802676031,1.0,0.959738190671961,0.8771737302306859,0.8353682913489409,0.7954333023345279,0.760276508951841,0.68685212584554,0.536418765408681,0.460249246711383
0.0548194934768564,0.16924198329662,0.22337793320941002,0.262555040499348,0.29009400431472304,0.31150697161507396,0.34386477103450797,0.37989833670661605,0.416218498774269,0.453155761210664,0.538256376412514,0.584468036192909,0.6134204883361011,0.651738895072959,0.7568626120660559,0.80432400960948,0.822862687384534,0.8235545344535992,0.844751119129628,0.8639462576839151,0.878171409079711,0.890846912705638,0.905743799168277,0.959738190671961,1.0,0.9744332994251221,0.935355182647591,0.895405230108593,0.8559870712246209,0.782533906059168,0.629052560617694,0.550025600675785
0.0184396632168891,0.129704571318723,0.17915884990489103,0.216938236526846,0.243132436405184,0.26072920500353003,0.28832243860758694,0.319827193467511,0.352530093880551,0.38648021899258894,0.459041202664114,0.505423277722007,0.536891877267721,0.573312663351599,0.664428070578271,0.701836703173089,0.7113915508645742,0.7072890745107941,0.7291954296018051,0.75358715060709,0.7710823939066259,0.7862077031031289,0.8073427483727691,0.8771737302306859,0.9744332994251221,1.0,0.979894782664662,0.9339417306752908,0.892615609352306,0.827177469191655,0.6836484178343211,0.6032367818109251
0.016589998002322,0.0996677716294251,0.151889196501607,0.191754663098535,0.217161237185474,0.230967259462834,0.257029780100029,0.28739637887467606,0.31813766973352503,0.348488796851473,0.4149390786934461,0.464485321608657,0.497605512966025,0.529761987222278,0.614662853027287,0.651924032616785,0.6631348524475501,0.6603127873322261,0.679450953600308,0.7035621498038269,0.720677393367031,0.737796022320931,0.768688537927832,0.8353682913489409,0.935355182647591,0.979894782664662,1.0,0.933192976162723,0.887075950413177,0.8321302240775881,0.704791095216424,0.628941002420332
0.0828601904018027,0.0332173759370505,0.0782445990221402,0.11297281718608301,0.136063031064129,0.152596473772832,0.17647994170223702,0.205662881496224,0.23359914534798998,0.258855450941257,0.324983839302774,0.375871923509724,0.417735832424641,0.46474314027083596,0.5529808438417328,0.5939813347202719,0.612179847738328,0.616356606177794,0.6373845139667691,0.662619785751561,0.681464689714365,0.699865621726887,0.729560008370325,0.7954333023345279,0.895405230108593,0.9339417306752908,0.933192976162723,1.0,0.980826989087417,0.93085169913474,0.811643254099303,0.695434179563302
0.0981017893364936,0.0116836135314057,0.0522289790357972,0.0836701845135024,0.106124720855851,0.12596298245728801,0.146481007994054,0.172874804204764,0.200249053464222,0.22780438730789698,0.29219505048442895,0.34173065986626605,0.38433116912855697,0.43379602473781803,0.521575532098027,0.565790189021903,0.5883883254223861,0.5953569071157879,0.6134538961951429,0.63925828822742,0.657737488231806,0.6743666870718671,0.701533796782354,0.760276508951841,0.8559870712246209,0.892615609352306,0.887075950413177,0.980826989087417,1.0,0.972718626535522,0.850738797090866,0.7189603522390551
0.131039614744277,0.0246706486945713,0.0165450649051801,0.0465360502475625,0.0663078637264972,0.0850731917469626,0.100582138376782,0.12313329281505199,0.149258014151367,0.17829463064207104,0.236329719200097,0.284914226425978,0.328580300149393,0.377692183464346,0.456421221110676,0.498926651480586,0.5212052797015471,0.528050312300858,0.543888426042725,0.5692762633812851,0.58760641614162,0.604749387646814,0.6345926329414521,0.68685212584554,0.782533906059168,0.827177469191655,0.8321302240775881,0.93085169913474,0.972718626535522,1.0,0.9415970052524351,0.783672084719602
0.17649686789471303,0.0775001991409558,0.0354844270691786,0.008096976196917521,0.0056067005387353,0.0179729459965547,0.0271334710433883,0.0443218537474965,0.0660245473044924,0.0909170949352315,0.135440906218703,0.180312618950154,0.223812891329854,0.26977404931611,0.328323796878084,0.361710355810062,0.37843475845744395,0.383257173044682,0.39804632378328003,0.42027531708187,0.43777935741131896,0.45680701998512396,0.49114284842088396,0.536418765408681,0.629052560617694,0.6836484178343211,0.704791095216424,0.811643254099303,0.850738797090866,0.9415970052524351,1.0,0.818750969044981
0.140373851738699,0.07705468206715,0.0364469059629945,0.00970747834617243,0.00637224779873474,0.0256166909975745,0.0313417880432596,0.048803324257913,0.07160063863827,0.0947448223184239,0.12265305924644901,0.158000902881643,0.195043509029318,0.23359767046686605,0.273762004843078,0.29847224993812604,0.306812793937522,0.305963971139464,0.3213913961271,0.34152336733778305,0.360523898724261,0.38066312395576,0.40712249871334205,0.460249246711383,0.550025600675785,0.6032367818109251,0.628941002420332,0.695434179563302,0.7189603522390551,0.783672084719602,0.818750969044981,1.0
