1.0,0.927348998172258,0.8662546023665629,0.788504884726746,0.755737212842875,0.630383796214289,0.486538586924146,0.442212778781697,0.416922395814649,0.386447890412483,0.341560972555828,0.316503791402179,0.29314525669430697,0.264239477165949,0.24284114573661603,0.225338807531091,0.21181491741663103,0.190782959905454,0.172729802408777,0.16148123775102402,0.150269362126304,0.14114593690602897,0.138384983745556,0.12982908044557198,0.12166233518057701,0.120059383997145,0.0965235384505139,0.0752699442679642,0.062465647034366,0.0525698737842995,0.0391597299892573,0.0181799841486578
0.927348998172258,1.0,0.9689922164107869,0.8835675614419499,0.8537567020756279,0.71881246080003,0.558382649946403,0.506543769014835,0.47768079559342896,0.4439147139227229,0.395092996438692,0.36553359426680604,0.337704953248897,0.30506988646566996,0.280432632828197,0.26027354349691195,0.24513072540666603,0.223937854064615,0.20577203390597898,0.193703667837015,0.180816002413328,0.170228230203336,0.167634172068919,0.156195695639374,0.145355468246337,0.144578655961245,0.11479403638007302,0.0883905573338942,0.074850587702095,0.0600185092426298,0.0434047090688301,0.0246163688970844
0.8662546023665629,0.9689922164107869,1.0,0.9690593562676519,0.936161508649128,0.791863821253342,0.6178676848396689,0.5607624825742371,0.52867776274159,0.49189599293181896,0.44017355692786003,0.40830405954162396,0.378261333233507,0.343500825779693,0.31705113641477695,0.29543491825744606,0.279522972815351,0.25722640247393397,0.23801267677629395,0.225119755725383,0.21028446286496602,0.198044969082263,0.195787229354187,0.183803470551855,0.172427967058429,0.17236119909429698,0.140740829586956,0.112706320454733,0.10024106999468699,0.0810091851341118,0.0616561348482126,0.0455734247600518
0.788504884726746,0.8835675614419499,0.9690593562676519,1.0,0.9773668585594208,0.840145454247877,0.6644718369672571,0.605727676545809,0.572026430681439,0.5339332602368271,0.481965225864261,0.449342923402973,0.418440604879538,0.382981150975707,0.35573682923736205,0.33338132050076397,0.317010222108244,0.294708762680747,0.27534233446449996,0.26186389931613896,0.24635488538069503,0.233446038258383,0.231423586388615,0.21953228842774106,0.208133260714603,0.208368635544334,0.174604299298211,0.14475596579799,0.133722490853241,0.111082729378362,0.0903055489197137,0.0778986644748284
0.755737212842875,0.8537567020756279,0.936161508649128,0.9773668585594208,1.0,0.8980243052218979,0.733783270664282,0.6761567390918809,0.64219401585289,0.6039622330491489,0.553142623485276,0.519224512406922,0.48652329001242495,0.44970108552975996,0.420863795676585,0.396807565731336,0.37870011981340795,0.35804423322855605,0.33995193353741,0.32546876132356295,0.311674573060416,0.29988090730387396,0.297414980026996,0.284158109560167,0.271199811415488,0.27067982297098203,0.227740205077185,0.19040129573918,0.17868699051941397,0.15383398114962302,0.133257520276552,0.12427749870829198
0.630383796214289,0.71881246080003,0.791863821253342,0.840145454247877,0.8980243052218979,1.0,0.9569815057806909,0.9211621490321921,0.8959492314947471,0.866723009013122,0.831668946690228,0.801787777366995,0.7699831618534579,0.7337888544850741,0.7028441747024129,0.675436572937759,0.65341988624124,0.645523783022266,0.6378186375331469,0.6226074441952479,0.6143895200832421,0.6050262192404399,0.6010069490914871,0.581532464458634,0.560190303876569,0.5510936003504189,0.47032355947811405,0.400379127540081,0.375474890639844,0.33096108335279306,0.310607436535668,0.33154865443423803
0.486538586924146,0.558382649946403,0.6178676848396689,0.6644718369672571,0.733783270664282,0.9569815057806909,1.0,0.9883862932292509,0.974024478681626,0.9552535582322199,0.935224398212365,0.9127462026810509,0.886236676903144,0.8546095451816059,0.82688716304764,0.801421801668237,0.779639111918249,0.7797649719745559,0.7787228773763929,0.7650893844568171,0.760552550499104,0.7528659858252159,0.748278720620684,0.726686217336871,0.7018628622678101,0.687655888123819,0.591757402587556,0.508360054241113,0.476640987605353,0.425358910421139,0.40859771047712495,0.44610745864188894
0.442212778781697,0.506543769014835,0.5607624825742371,0.605727676545809,0.6761567390918809,0.9211621490321921,0.9883862932292509,1.0,0.995253310730389,0.9833595862985359,0.9701947033632429,0.954130274933963,0.93287828563217,0.9037836800061071,0.881042215839019,0.8599264822442779,0.839755789484493,0.8385244955783159,0.8364152625494641,0.824529947576659,0.819055850710334,0.8097750386895061,0.8051698904868521,0.7832367411801501,0.7574703381961371,0.7413060063079159,0.646252540129136,0.562391251097717,0.528125004500666,0.480986679805261,0.469434147781372,0.5073177324439799
0.416922395814649,0.47768079559342896,0.52867776274159,0.572026430681439,0.64219401585289,0.8959492314947471,0.974024478681626,0.995253310730389,1.0,0.9961323662822321,0.98632422173604,0.973819148776876,0.9555509655122421,0.9278147041846079,0.9081594299787641,0.889864759187867,0.8709819122724091,0.868334395899148,0.8650703021735581,0.854336166976933,0.8476109841898629,0.8368765614934569,0.8325749145343461,0.811239615212255,0.7858054045338531,0.769362321397043,0.675770049994214,0.592323851994597,0.557094487908943,0.511852369947914,0.504193438424267,0.545945617022937
0.386447890412483,0.4439147139227229,0.49189599293181896,0.5339332602368271,0.6039622330491489,0.866723009013122,0.9552535582322199,0.9833595862985359,0.9961323662822321,1.0,0.9952077868476,0.98654497740714,0.9714028158016859,0.94560594468608,0.9289737115540341,0.913364600800679,0.8958653019332451,0.892463276489729,0.8885742891724829,0.8789742414245899,0.8713512447794141,0.8594966962781,0.855453488412185,0.8348487759418242,0.80991999089883,0.793293500170056,0.7013806040250029,0.618561183788813,0.582414604876141,0.538728907653913,0.534185927114179,0.5787838825041851
0.341560972555828,0.395092996438692,0.44017355692786003,0.481965225864261,0.553142623485276,0.831668946690228,0.935224398212365,0.9701947033632429,0.98632422173604,0.9952077868476,1.0,0.9965630833111779,0.9854227772403579,0.963014214132072,0.949638401227807,0.9366609191438979,0.9206024901726179,0.9180740285519341,0.914885351866173,0.9064487105136461,0.89902114761977,0.8868807064019071,0.88276083631936,0.862466090697354,0.8375595317386658,0.820040419692717,0.729308428568303,0.646696592294635,0.608934102908169,0.566796202519896,0.563737709390623,0.606671400016115
0.316503791402179,0.36553359426680604,0.40830405954162396,0.449342923402973,0.519224512406922,0.801787777366995,0.9127462026810509,0.954130274933963,0.973819148776876,0.98654497740714,0.9965630833111779,1.0,0.9958638720722229,0.979442126569407,0.96965522187733,0.959419368896376,0.9459380948503392,0.9433202388569291,0.9398739070400741,0.9327716052468209,0.924836248615903,0.911885412274016,0.90814621616772,0.889718270550119,0.866394187130899,0.848893742394681,0.765279557658625,0.6870936910537889,0.648721268464126,0.607936434449442,0.6032620799183069,0.6372924851061329
0.29314525669430697,0.337704953248897,0.378261333233507,0.418440604879538,0.48652329001242495,0.7699831618534579,0.886236676903144,0.93287828563217,0.9555509655122421,0.9714028158016859,0.9854227772403579,0.9958638720722229,1.0,0.9926970781588441,0.986646804524073,0.9789329541720821,0.9689294832415509,0.9667680312987641,0.963367126202877,0.9576932716506441,0.949428554627973,0.9358716876329342,0.9327751374196559,0.9173169696490409,0.89666413491925,0.879690751085709,0.8068912287625991,0.735797378212566,0.697600443124194,0.656747714842517,0.6469676275030269,0.666663344549721
0.264239477165949,0.30506988646566996,0.343500825779693,0.382981150975707,0.44970108552975996,0.7337888544850741,0.8546095451816059,0.9037836800061071,0.9278147041846079,0.94560594468608,0.963014214132072,0.979442126569407,0.9926970781588441,1.0,0.9976264443439041,0.991686939032928,0.9864507859569341,0.986584400525958,0.984502772751945,0.98029318700494,0.972538171484677,0.959178815538494,0.9570469764105209,0.9461087796952641,0.9296484755194441,0.913833618052305,0.8565404936596179,0.7959640401144871,0.759164732104432,0.714872879454896,0.69367340791337,0.691031986859385
0.24284114573661603,0.280432632828197,0.31705113641477695,0.35573682923736205,0.420863795676585,0.7028441747024129,0.82688716304764,0.881042215839019,0.9081594299787641,0.9289737115540341,0.949638401227807,0.96965522187733,0.986646804524073,0.9976264443439041,1.0,0.9981231062771921,0.994828798034001,0.9937481569355799,0.990603786758736,0.987564115062768,0.9785092462805679,0.963841562210484,0.9621360770960921,0.952868585635746,0.9379623696767591,0.9226194577548821,0.8706572972601,0.813710277602321,0.777312567104337,0.7351961830624929,0.71502700935275,0.709637810142743
0.225338807531091,0.26027354349691195,0.29543491825744606,0.33338132050076397,0.396807565731336,0.675436572937759,0.801421801668237,0.8599264822442779,0.889864759187867,0.913364600800679,0.9366609191438979,0.959419368896376,0.9789329541720821,0.991686939032928,0.9981231062771921,1.0,0.9984028522626321,0.9959537823281831,0.991630383120258,0.9895857068430429,0.9792669916878181,0.96337281064744,0.9619953400173579,0.9538933620227701,0.9400896102697059,0.925138888657056,0.8769465622981121,0.822615126411278,0.7865093664203471,0.7469880138326579,0.72900317718146,0.7230805769688431
0.21181491741663103,0.24513072540666603,0.279522972815351,0.317010222108244,0.37870011981340795,0.65341988624124,0.779639111918249,0.839755789484493,0.8709819122724091,0.8958653019332451,0.9206024901726179,0.9459380948503392,0.9689294832415509,0.9864507859569341,0.994828798034001,0.9984028522626321,1.0,0.998117858119577,0.993867763762024,0.9926569577878008,0.9822861820240179,0.9662649378855899,0.965364995207718,0.9592058492899109,0.947245144058267,0.932944332150749,0.891815755035311,0.8423668980368849,0.806866255160961,0.7671652080584771,0.745721180449885,0.7311361889377279
0.190782959905454,0.223937854064615,0.25722640247393397,0.294708762680747,0.35804423322855605,0.645523783022266,0.7797649719745559,0.8385244955783159,0.868334395899148,0.892463276489729,0.9180740285519341,0.9433202388569291,0.9667680312987641,0.986584400525958,0.9937481569355799,0.9959537823281831,0.998117858119577,1.0,0.9987381058879911,0.9976104213259851,0.989327953540178,0.975045199028182,0.9741434291822042,0.9682742499214059,0.956520436449299,0.9420492570328259,0.900868084088853,0.8512566782106259,0.8156945874333091,0.773294969606298,0.7482684531541859,0.7304156131347971
0.172729802408777,0.20577203390597898,0.23801267677629395,0.27534233446449996,0.33995193353741,0.6378186375331469,0.7787228773763929,0.8364152625494641,0.8650703021735581,0.8885742891724829,0.914885351866173,0.9398739070400741,0.963367126202877,0.984502772751945,0.990603786758736,0.991630383120258,0.993867763762024,0.9987381058879911,1.0,0.999210652183996,0.9930043770007401,0.980419447555077,0.979505684789237,0.97383357708551,0.9622691357840469,0.947878155447941,0.906188339163193,0.85613348558009,0.820679037183718,0.7768510794345641,0.750016268494035,0.7307226282045749
0.16148123775102402,0.193703667837015,0.225119755725383,0.26186389931613896,0.32546876132356295,0.6226074441952479,0.7650893844568171,0.824529947576659,0.854336166976933,0.8789742414245899,0.9064487105136461,0.9327716052468209,0.9576932716506441,0.98029318700494,0.987564115062768,0.9895857068430429,0.9926569577878008,0.9976104213259851,0.999210652183996,1.0,0.9950535630509352,0.9832886375785209,0.982666729669815,0.9781750007697259,0.967897531728235,0.954665019171088,0.91593308195929,0.8678021401007601,0.833085033446368,0.7916773764193811,0.766343746888684,0.7453353574600609
0.150269362126304,0.180816002413328,0.21028446286496602,0.24635488538069503,0.311674573060416,0.6143895200832421,0.760552550499104,0.819055850710334,0.8476109841898629,0.8713512447794141,0.89902114761977,0.924836248615903,0.949428554627973,0.972538171484677,0.9785092462805679,0.9792669916878181,0.9822861820240179,0.989327953540178,0.9930043770007401,0.9950535630509352,1.0,0.996485782659702,0.995798239502983,0.991467763552253,0.981345546613557,0.968243421864139,0.9294362528931829,0.880989627978811,0.846189043186741,0.8161059410078689,0.796304078176907,0.763170677561507
0.14114593690602897,0.170228230203336,0.198044969082263,0.233446038258383,0.29988090730387396,0.6050262192404399,0.7528659858252159,0.8097750386895061,0.8368765614934569,0.8594966962781,0.8868807064019071,0.911885412274016,0.9358716876329342,0.959178815538494,0.963841562210484,0.96337281064744,0.9662649378855899,0.975045199028182,0.980419447555077,0.9832886375785209,0.996485782659702,1.0,0.9994531433047891,0.995360379129534,0.985471824536554,0.9726286186897671,0.933904949507463,0.885491967726303,0.8511016400600709,0.830426914495756,0.815081774273088,0.7720218575075241
0.138384983745556,0.167634172068919,0.195787229354187,0.231423586388615,0.297414980026996,0.6010069490914871,0.748278720620684,0.8051698904868521,0.8325749145343461,0.855453488412185,0.88276083631936,0.90814621616772,0.9327751374196559,0.9570469764105209,0.9621360770960921,0.9619953400173579,0.965364995207718,0.9741434291822042,0.979505684789237,0.982666729669815,0.995798239502983,0.9994531433047891,1.0,0.997243524786361,0.9886093404186991,0.9770162402649408,0.94034299854374,0.893448704758912,0.8607152366552091,0.839555240431787,0.823492590346144,0.7803204683072901
0.12982908044557198,0.156195695639374,0.183803470551855,0.21953228842774106,0.284158109560167,0.581532464458634,0.726686217336871,0.7832367411801501,0.811239615212255,0.8348487759418242,0.862466090697354,0.889718270550119,0.9173169696490409,0.9461087796952641,0.952868585635746,0.9538933620227701,0.9592058492899109,0.9682742499214059,0.97383357708551,0.9781750007697259,0.991467763552253,0.995360379129534,0.997243524786361,1.0,0.99698737953247,0.9887820943337751,0.960202921259417,0.919248412315952,0.89112273450232,0.868768029427976,0.850128288002591,0.804704269207761
0.12166233518057701,0.145355468246337,0.172427967058429,0.208133260714603,0.271199811415488,0.560190303876569,0.7018628622678101,0.7574703381961371,0.7858054045338531,0.80991999089883,0.8375595317386658,0.866394187130899,0.89666413491925,0.9296484755194441,0.9379623696767591,0.9400896102697059,0.947245144058267,0.956520436449299,0.9622691357840469,0.967897531728235,0.981345546613557,0.985471824536554,0.9886093404186991,0.99698737953247,1.0,0.996343749622035,0.9759824846453291,0.941008667598447,0.91800097576352,0.8949779871366899,0.8742287846654759,0.826963307537369
0.120059383997145,0.144578655961245,0.17236119909429698,0.208368635544334,0.27067982297098203,0.5510936003504189,0.687655888123819,0.7413060063079159,0.769362321397043,0.793293500170056,0.820040419692717,0.848893742394681,0.879690751085709,0.913833618052305,0.9226194577548821,0.925138888657056,0.932944332150749,0.9420492570328259,0.947878155447941,0.954665019171088,0.968243421864139,0.9726286186897671,0.9770162402649408,0.9887820943337751,0.996343749622035,1.0,0.98407818538359,0.9518627295433241,0.9337364124072729,0.9118841520725891,0.891499501879088,0.844730901615976
0.0965235384505139,0.11479403638007302,0.140740829586956,0.174604299298211,0.227740205077185,0.47032355947811405,0.591757402587556,0.646252540129136,0.675770049994214,0.7013806040250029,0.729308428568303,0.765279557658625,0.8068912287625991,0.8565404936596179,0.8706572972601,0.8769465622981121,0.891815755035311,0.900868084088853,0.906188339163193,0.91593308195929,0.9294362528931829,0.933904949507463,0.94034299854374,0.960202921259417,0.9759824846453291,0.98407818538359,1.0,0.9910532826217979,0.9788244497074279,0.9599723065626129,0.928674724575835,0.84955328442212
0.0752699442679642,0.0883905573338942,0.112706320454733,0.14475596579799,0.19040129573918,0.400379127540081,0.508360054241113,0.562391251097717,0.592323851994597,0.618561183788813,0.646696592294635,0.6870936910537889,0.735797378212566,0.7959640401144871,0.813710277602321,0.822615126411278,0.8423668980368849,0.8512566782106259,0.85613348558009,0.8678021401007601,0.880989627978811,0.885491967726303,0.893448704758912,0.919248412315952,0.941008667598447,0.9518627295433241,0.9910532826217979,1.0,0.9940513483063,0.9773731803929359,0.9380169842951159,0.836866776105507
0.062465647034366,0.074850587702095,0.10024106999468699,0.133722490853241,0.17868699051941397,0.375474890639844,0.476640987605353,0.528125004500666,0.557094487908943,0.582414604876141,0.608934102908169,0.648721268464126,0.697600443124194,0.759164732104432,0.777312567104337,0.7865093664203471,0.806866255160961,0.8156945874333091,0.820679037183718,0.833085033446368,0.846189043186741,0.8511016400600709,0.8607152366552091,0.89112273450232,0.91800097576352,0.9337364124072729,0.9788244497074279,0.9940513483063,1.0,0.983066117548706,0.9411947787101179,0.840914253848525
0.0525698737842995,0.0600185092426298,0.0810091851341118,0.111082729378362,0.15383398114962302,0.33096108335279306,0.425358910421139,0.480986679805261,0.511852369947914,0.538728907653913,0.566796202519896,0.607936434449442,0.656747714842517,0.714872879454896,0.7351961830624929,0.7469880138326579,0.7671652080584771,0.773294969606298,0.7768510794345641,0.7916773764193811,0.8161059410078689,0.830426914495756,0.839555240431787,0.868768029427976,0.8949779871366899,0.9118841520725891,0.9599723065626129,0.9773731803929359,0.983066117548706,1.0,0.981172207333602,0.8629726478688822
0.0391597299892573,0.0434047090688301,0.0616561348482126,0.0903055489197137,0.133257520276552,0.310607436535668,0.40859771047712495,0.469434147781372,0.504193438424267,0.534185927114179,0.563737709390623,0.6032620799183069,0.6469676275030269,0.69367340791337,0.71502700935275,0.72900317718146,0.745721180449885,0.7482684531541859,0.750016268494035,0.766343746888684,0.796304078176907,0.815081774273088,0.823492590346144,0.850128288002591,0.8742287846654759,0.891499501879088,0.928674724575835,0.9380169842951159,0.9411947787101179,0.981172207333602,1.0,0.9244162753405879
0.0181799841486578,0.0246163688970844,0.0455734247600518,0.0778986644748284,0.12427749870829198,0.33154865443423803,0.44610745864188894,0.5073177324439799,0.545945617022937,0.5787838825041851,0.606671400016115,0.6372924851061329,0.666663344549721,0.691031986859385,0.709637810142743,0.7230805769688431,0.7311361889377279,0.7304156131347971,0.7307226282045749,0.7453353574600609,0.763170677561507,0.7720218575075241,0.7803204683072901,0.804704269207761,0.826963307537369,0.844730901615976,0.84955328442212,0.836866776105507,0.840914253848525,0.8629726478688822,0.9244162753405879,1.0
