1.0,0.819694525402756,0.7303157667450529,0.666121651850678,0.6061859437939,0.553181615822938,0.502890862410535,0.44111700983089397,0.41774197298771,0.385108297678276,0.32604466751321004,0.286338953480699,0.25068644829688796,0.220482605420205,0.166684939508975,0.113839862273221,0.0648176438768094,0.00869788200244771,0.0477018560135069,0.0945703973683745,0.1369092766942,0.18688693593042802,0.217717838491244,0.24164679508467202,0.260364682055805,0.2988284914935119,0.21970739001975498,0.11951945867848801,0.0937935559396642,0.0968277074929871,0.0993949179451529,0.119010387064033
0.819694525402756,1.0,0.9082717988984159,0.8505098250782159,0.793296015968203,0.7495591822731109,0.7071151661112809,0.653937106933743,0.6340459907202829,0.598286387101242,0.5287758440133901,0.49046671733674496,0.45142471254941796,0.41685490022082106,0.36165662169431,0.306129315527724,0.25129044887114005,0.18697881884193,0.12505488974910303,0.067710810855088,0.0124561000227583,0.0600601632040082,0.0942178871846014,0.126059402826978,0.15732928653818398,0.22240068071140803,0.176674726899102,0.13289346375525599,0.12276949782072501,0.129263658522658,0.13344295895438799,0.122618400632206
0.7303157667450529,0.9082717988984159,1.0,0.9490502188478409,0.911858047085975,0.8692081585379541,0.8239608517058771,0.7742694972027808,0.7538324593661371,0.7208343373269859,0.6639441158370749,0.623911507948124,0.585033906682701,0.548948356968387,0.5061931365862801,0.451139344810514,0.394050757908781,0.32304698741426,0.256023933369066,0.19526043696546397,0.13443042604531402,0.0794344985331578,0.0377931836042292,0.00456714967732509,0.0462660180269492,0.127829252285567,0.10361768625944401,0.11022368076505301,0.116140550951381,0.120755009650282,0.118111811541132,0.11445671864192403
0.666121651850678,0.8505098250782159,0.9490502188478409,1.0,0.9653569252230291,0.929520791617914,0.889478180762317,0.8433781252118309,0.823691743709985,0.7918257368595749,0.739373268253835,0.7040854164221829,0.671883823750125,0.635589869077489,0.5951929569819621,0.541067219367668,0.485543475608536,0.417879199639571,0.350563520582875,0.291433335739998,0.22955120729318898,0.17586483024583702,0.133661307121783,0.0963175243960221,0.0444349673063999,0.040031495183611,0.0414860238513995,0.0871847235906929,0.10383501235257302,0.11685093908302199,0.10799372863380302,0.0974246058415427
0.6061859437939,0.793296015968203,0.911858047085975,0.9653569252230291,1.0,0.976002909074945,0.9436767643571329,0.906993798858783,0.8877507546544839,0.855132426709995,0.809158805723615,0.7762758527165909,0.7452941330488171,0.7123427433862859,0.6734355111725201,0.624957046253645,0.573272247577,0.50791538632541,0.44309252231115104,0.384117153550565,0.319212741380247,0.269426904492647,0.22523140652558302,0.182758374590088,0.12569064997569301,0.0362308921990065,0.0207060228144092,0.0553367110237057,0.0875541151411226,0.0958439666868243,0.0909251502183298,0.104061054552651
0.553181615822938,0.7495591822731109,0.8692081585379541,0.929520791617914,0.976002909074945,1.0,0.97770743881191,0.948309869181308,0.927573979727677,0.896170935002305,0.857577534922673,0.825667784811443,0.79674410332609,0.765386383815871,0.7294545962739208,0.685344072697283,0.635472757340583,0.575126021370428,0.5125966522245661,0.457511924250456,0.396953914384549,0.347304294969265,0.303987689188319,0.259866025583217,0.199834550089566,0.107900235667649,0.0745391618691111,0.030756763282925,0.0696743459344558,0.0751046142644694,0.0660846055871125,0.0828573803957253
0.502890862410535,0.7071151661112809,0.8239608517058771,0.889478180762317,0.9436767643571329,0.97770743881191,1.0,0.9789404626452959,0.96013524118615,0.9350749102024859,0.901347332252404,0.872993316853103,0.846913144361396,0.8205958737806309,0.78596014022341,0.7451980859417551,0.700888624117636,0.6436907023147529,0.582740682312224,0.531477807844796,0.4724898482442079,0.42227859172886,0.378875044953498,0.335195535179792,0.271831641199072,0.178086424860255,0.124168429977805,0.0027991139197111,0.0492226624547839,0.0427924250892331,0.0376374535300433,0.054594341905248
0.44111700983089397,0.653937106933743,0.7742694972027808,0.8433781252118309,0.906993798858783,0.948309869181308,0.9789404626452959,1.0,0.9845837488494821,0.962916525772373,0.934070411201788,0.9128572619845551,0.8886167627226078,0.8673482807937769,0.8360455158319909,0.800480752663821,0.7617187519317299,0.711052003242723,0.6534345574835251,0.604544790848552,0.546377668165833,0.49815375342064594,0.453620473328961,0.409540643689039,0.3441316231663039,0.24736692768519603,0.17780991034376398,0.0326992510482714,0.019340885198577,0.0112503050433427,0.00699077329031876,0.0298864333408441
0.41774197298771,0.6340459907202829,0.7538324593661371,0.823691743709985,0.8877507546544839,0.927573979727677,0.96013524118615,0.9845837488494821,1.0,0.984101804074469,0.957147734820175,0.93719103135891,0.9148661443252499,0.894829149185721,0.8630021751660191,0.8277403236598531,0.7887504264438729,0.740502734777438,0.68677133398059,0.6388814822326689,0.5821298825437061,0.5336651882318171,0.49271595955563,0.44853640577209497,0.384140540352488,0.289310709905211,0.216364062636815,0.06644064081397799,0.0216618167956357,0.0255564898261261,0.0185910203661159,0.00439571326325059
0.385108297678276,0.598286387101242,0.7208343373269859,0.7918257368595749,0.855132426709995,0.896170935002305,0.9350749102024859,0.962916525772373,0.984101804074469,1.0,0.9815108866729542,0.9632823186446899,0.9439400526691542,0.926139169914035,0.8973057735644759,0.864494030414588,0.8304684336528991,0.785463173908122,0.735896336494662,0.690758681805453,0.636818336948014,0.587679806972343,0.548813826202439,0.506605079449771,0.445680880633587,0.348972387431948,0.265488050136071,0.10917222413645901,0.0748248610750714,0.07390549713633901,0.0555627966923659,0.0333377627457121
0.32604466751321004,0.5287758440133901,0.6639441158370749,0.739373268253835,0.809158805723615,0.857577534922673,0.901347332252404,0.934070411201788,0.957147734820175,0.9815108866729542,1.0,0.983948370978184,0.96842652646964,0.950297919866993,0.9258499261287699,0.8958837752183771,0.8650512676465691,0.824962093086561,0.7790235398804078,0.7386044323340041,0.686018565671375,0.641932669147148,0.605943614315096,0.5661497159891221,0.5061131603165151,0.412975128972314,0.32189071607653996,0.155513346857748,0.11542552987219501,0.11681371906561999,0.091843827467205,0.06366335648518599
0.286338953480699,0.49046671733674496,0.623911507948124,0.7040854164221829,0.7762758527165909,0.825667784811443,0.872993316853103,0.9128572619845551,0.93719103135891,0.9632823186446899,0.983948370978184,1.0,0.986723461857249,0.970690241664729,0.9489415830700492,0.922519494405048,0.892784890247604,0.858885949621173,0.818851695187147,0.780934356746342,0.730018240333297,0.688820765790686,0.6548876072598261,0.6153975999394761,0.554919835681273,0.46429137378102203,0.365149595997744,0.19005294016701602,0.13935339936966198,0.141991310326593,0.12313410105516599,0.0924916539269449
0.25068644829688796,0.45142471254941796,0.585033906682701,0.671883823750125,0.7452941330488171,0.79674410332609,0.846913144361396,0.8886167627226078,0.9148661443252499,0.9439400526691542,0.96842652646964,0.986723461857249,1.0,0.987430109274447,0.966547420535372,0.943318251892466,0.9153315144575369,0.8826100176487991,0.844902051152018,0.809526349853298,0.7612219874733309,0.719342567243506,0.6880656020164571,0.652126162443415,0.593141241484708,0.505550734974191,0.40505861761418105,0.223756146167762,0.16957080808299602,0.17338334716102202,0.156236472098462,0.118414199086092
0.220482605420205,0.41685490022082106,0.548948356968387,0.635589869077489,0.7123427433862859,0.765386383815871,0.8205958737806309,0.8673482807937769,0.894829149185721,0.926139169914035,0.950297919866993,0.970690241664729,0.987430109274447,1.0,0.9843889072800609,0.9651849782357471,0.9410559319428359,0.909340776019352,0.8740837429126659,0.840989281631404,0.7967978249750071,0.7553269560583941,0.726406177473467,0.69212895823545,0.635547970836074,0.546196744988558,0.44557742175358506,0.25655024218144,0.19339299773117602,0.20131168617062195,0.18096054422213503,0.135041206854019
0.166684939508975,0.36165662169431,0.5061931365862801,0.5951929569819621,0.6734355111725201,0.7294545962739208,0.78596014022341,0.8360455158319909,0.8630021751660191,0.8973057735644759,0.9258499261287699,0.9489415830700492,0.966547420535372,0.9843889072800609,1.0,0.986419299648864,0.965763664108622,0.9375020464729641,0.905174846977086,0.875325054159085,0.8365145191481399,0.8016595199003191,0.773188456812919,0.7399964895619591,0.6824825203820939,0.5931616365971579,0.48124684670441703,0.279418698214205,0.21737885197686801,0.21853155734674398,0.193274955983078,0.146084875980607
0.113839862273221,0.306129315527724,0.451139344810514,0.541067219367668,0.624957046253645,0.685344072697283,0.7451980859417551,0.800480752663821,0.8277403236598531,0.864494030414588,0.8958837752183771,0.922519494405048,0.943318251892466,0.9651849782357471,0.986419299648864,1.0,0.986909556915671,0.9623890679473929,0.935890319830542,0.9085744441568059,0.874371610519392,0.841058982249025,0.8142302107993671,0.7816312853076061,0.7247242933112981,0.637226644941454,0.5186596016984161,0.304354006610752,0.238105820727595,0.23907094010152696,0.21609019556630302,0.16136279708014098
0.0648176438768094,0.25129044887114005,0.394050757908781,0.485543475608536,0.573272247577,0.635472757340583,0.700888624117636,0.7617187519317299,0.7887504264438729,0.8304684336528991,0.8650512676465691,0.892784890247604,0.9153315144575369,0.9410559319428359,0.965763664108622,0.986909556915671,1.0,0.983787773490742,0.960278517447271,0.936694291720079,0.9107322346618859,0.878760587988772,0.8533683285252031,0.8233054138203679,0.768144512621447,0.68225920055932,0.560880152029195,0.34001847432423504,0.260472261896108,0.26394495233230497,0.246599337292193,0.18817380462832
0.00869788200244771,0.18697881884193,0.32304698741426,0.417879199639571,0.50791538632541,0.575126021370428,0.6436907023147529,0.711052003242723,0.740502734777438,0.785463173908122,0.824962093086561,0.858885949621173,0.8826100176487991,0.909340776019352,0.9375020464729641,0.9623890679473929,0.983787773490742,1.0,0.984912691467139,0.9661761490093241,0.945510437363278,0.91809148462936,0.895108605239353,0.8670387472913941,0.8137130144031909,0.7335020480929059,0.6023238822368411,0.38518431900378003,0.30933026294531396,0.316898335046206,0.29177668157605496,0.225789182495414
0.0477018560135069,0.12505488974910303,0.256023933369066,0.350563520582875,0.44309252231115104,0.5125966522245661,0.582740682312224,0.6534345574835251,0.68677133398059,0.735896336494662,0.7790235398804078,0.818851695187147,0.844902051152018,0.8740837429126659,0.905174846977086,0.935890319830542,0.960278517447271,0.984912691467139,1.0,0.9884294814565079,0.968422068240553,0.9450662209804369,0.925290822949793,0.89991113523066,0.848170168847505,0.774414361514996,0.637503175438775,0.41246312488931003,0.33247874534250704,0.343829408995746,0.313981746509383,0.249230659821475
0.0945703973683745,0.067710810855088,0.19526043696546397,0.291433335739998,0.384117153550565,0.457511924250456,0.531477807844796,0.604544790848552,0.6388814822326689,0.690758681805453,0.7386044323340041,0.780934356746342,0.809526349853298,0.840989281631404,0.875325054159085,0.9085744441568059,0.936694291720079,0.9661761490093241,0.9884294814565079,1.0,0.985765529060119,0.967043432186545,0.949833603651019,0.927244545046835,0.8809098755973249,0.8146209257759971,0.672509108789989,0.435033919959623,0.34442555078959003,0.35747749913393295,0.326699210676216,0.264823556924826
0.1369092766942,0.0124561000227583,0.13443042604531402,0.22955120729318898,0.319212741380247,0.396953914384549,0.4724898482442079,0.546377668165833,0.5821298825437061,0.636818336948014,0.686018565671375,0.730018240333297,0.7612219874733309,0.7967978249750071,0.8365145191481399,0.874371610519392,0.9107322346618859,0.945510437363278,0.968422068240553,0.985765529060119,1.0,0.984438182880966,0.9695089484261,0.9500974607342629,0.909182591475856,0.846934040887593,0.703047499845355,0.46367421978986206,0.371688923170786,0.3860764776050829,0.35949518522481,0.295954542720575
0.18688693593042802,0.0600601632040082,0.0794344985331578,0.17586483024583702,0.269426904492647,0.347304294969265,0.42227859172886,0.49815375342064594,0.5336651882318171,0.587679806972343,0.641932669147148,0.688820765790686,0.719342567243506,0.7553269560583941,0.8016595199003191,0.841058982249025,0.878760587988772,0.91809148462936,0.9450662209804369,0.967043432186545,0.984438182880966,1.0,0.987011700914115,0.9680394707451099,0.9282492722208491,0.873012977036854,0.7262164150520949,0.48000479832485704,0.38382468298594297,0.401696955620526,0.370665265426366,0.30425554125808196
0.217717838491244,0.0942178871846014,0.0377931836042292,0.133661307121783,0.22523140652558302,0.303987689188319,0.378875044953498,0.453620473328961,0.49271595955563,0.548813826202439,0.605943614315096,0.6548876072598261,0.6880656020164571,0.726406177473467,0.773188456812919,0.8142302107993671,0.8533683285252031,0.895108605239353,0.925290822949793,0.949833603651019,0.9695089484261,0.987011700914115,1.0,0.985056598173378,0.950004429746715,0.8977189897871071,0.7627052916525892,0.519730229369511,0.4129527330638111,0.428502744025565,0.38685481017960205,0.32355725858422196
0.24164679508467202,0.126059402826978,0.00456714967732509,0.0963175243960221,0.182758374590088,0.259866025583217,0.335195535179792,0.409540643689039,0.44853640577209497,0.506605079449771,0.5661497159891221,0.6153975999394761,0.652126162443415,0.69212895823545,0.7399964895619591,0.7816312853076061,0.8233054138203679,0.8670387472913941,0.89991113523066,0.927244545046835,0.9500974607342629,0.9680394707451099,0.985056598173378,1.0,0.9724882927015541,0.9285021101860459,0.792765048099255,0.5481758715077579,0.43791343505901503,0.4524284748183379,0.41382828580388703,0.347548703190815
0.260364682055805,0.15732928653818398,0.0462660180269492,0.0444349673063999,0.12569064997569301,0.199834550089566,0.271831641199072,0.3441316231663039,0.384140540352488,0.445680880633587,0.5061131603165151,0.554919835681273,0.593141241484708,0.635547970836074,0.6824825203820939,0.7247242933112981,0.768144512621447,0.8137130144031909,0.848170168847505,0.8809098755973249,0.909182591475856,0.9282492722208491,0.950004429746715,0.9724882927015541,1.0,0.9690166700852659,0.8579671762967579,0.61818056300043,0.48702615557322293,0.492678216132365,0.455165952957384,0.40111333317427394
0.2988284914935119,0.22240068071140803,0.127829252285567,0.040031495183611,0.0362308921990065,0.107900235667649,0.178086424860255,0.24736692768519603,0.289310709905211,0.348972387431948,0.412975128972314,0.46429137378102203,0.505550734974191,0.546196744988558,0.5931616365971579,0.637226644941454,0.68225920055932,0.7335020480929059,0.774414361514996,0.8146209257759971,0.846934040887593,0.873012977036854,0.8977189897871071,0.9285021101860459,0.9690166700852659,1.0,0.9019923575988961,0.658572070365093,0.5129084971512821,0.518783239533396,0.48315685520308005,0.413879771348959
0.21970739001975498,0.176674726899102,0.10361768625944401,0.0414860238513995,0.0207060228144092,0.0745391618691111,0.124168429977805,0.17780991034376398,0.216364062636815,0.265488050136071,0.32189071607653996,0.365149595997744,0.40505861761418105,0.44557742175358506,0.48124684670441703,0.5186596016984161,0.560880152029195,0.6023238822368411,0.637503175438775,0.672509108789989,0.703047499845355,0.7262164150520949,0.7627052916525892,0.792765048099255,0.8579671762967579,0.9019923575988961,1.0,0.8106514920383041,0.6018574727960949,0.58207954473084,0.51558011154425,0.43036308870808004
0.11951945867848801,0.13289346375525599,0.11022368076505301,0.0871847235906929,0.0553367110237057,0.030756763282925,0.0027991139197111,0.0326992510482714,0.06644064081397799,0.10917222413645901,0.155513346857748,0.19005294016701602,0.223756146167762,0.25655024218144,0.279418698214205,0.304354006610752,0.34001847432423504,0.38518431900378003,0.41246312488931003,0.435033919959623,0.46367421978986206,0.48000479832485704,0.519730229369511,0.5481758715077579,0.61818056300043,0.658572070365093,0.8106514920383041,1.0,0.828303681919653,0.725310179344424,0.60488026165164,0.450215022677099
0.0937935559396642,0.12276949782072501,0.116140550951381,0.10383501235257302,0.0875541151411226,0.0696743459344558,0.0492226624547839,0.019340885198577,0.0216618167956357,0.0748248610750714,0.11542552987219501,0.13935339936966198,0.16957080808299602,0.19339299773117602,0.21737885197686801,0.238105820727595,0.260472261896108,0.30933026294531396,0.33247874534250704,0.34442555078959003,0.371688923170786,0.38382468298594297,0.4129527330638111,0.43791343505901503,0.48702615557322293,0.5129084971512821,0.6018574727960949,0.828303681919653,1.0,0.856646882815331,0.660551731644058,0.437940166776794
0.0968277074929871,0.129263658522658,0.120755009650282,0.11685093908302199,0.0958439666868243,0.0751046142644694,0.0427924250892331,0.0112503050433427,0.0255564898261261,0.07390549713633901,0.11681371906561999,0.141991310326593,0.17338334716102202,0.20131168617062195,0.21853155734674398,0.23907094010152696,0.26394495233230497,0.316898335046206,0.343829408995746,0.35747749913393295,0.3860764776050829,0.401696955620526,0.428502744025565,0.4524284748183379,0.492678216132365,0.518783239533396,0.58207954473084,0.725310179344424,0.856646882815331,1.0,0.806084832522043,0.5364204476299129
0.0993949179451529,0.13344295895438799,0.118111811541132,0.10799372863380302,0.0909251502183298,0.0660846055871125,0.0376374535300433,0.00699077329031876,0.0185910203661159,0.0555627966923659,0.091843827467205,0.12313410105516599,0.156236472098462,0.18096054422213503,0.193274955983078,0.21609019556630302,0.246599337292193,0.29177668157605496,0.313981746509383,0.326699210676216,0.35949518522481,0.370665265426366,0.38685481017960205,0.41382828580388703,0.455165952957384,0.48315685520308005,0.51558011154425,0.60488026165164,0.660551731644058,0.806084832522043,1.0,0.7318946630498241
0.119010387064033,0.122618400632206,0.11445671864192403,0.0974246058415427,0.104061054552651,0.0828573803957253,0.054594341905248,0.0298864333408441,0.00439571326325059,0.0333377627457121,0.06366335648518599,0.0924916539269449,0.118414199086092,0.135041206854019,0.146084875980607,0.16136279708014098,0.18817380462832,0.225789182495414,0.249230659821475,0.264823556924826,0.295954542720575,0.30425554125808196,0.32355725858422196,0.347548703190815,0.40111333317427394,0.413879771348959,0.43036308870808004,0.450215022677099,0.437940166776794,0.5364204476299129,0.7318946630498241,1.0
