1.0,0.855878416064388,0.7925523017035301,0.7660233091575809,0.7409386286064521,0.7056546878506729,0.6591217206147729,0.633728118695009,0.6121074580622271,0.561246375299018,0.522801940985551,0.47891609178429606,0.437253283765743,0.372510748411056,0.336762228793771,0.29106398206017897,0.23381055787598998,0.17578181928786699,0.115582673769234,0.0527920093561524,0.00713354402414344,0.0878320747965745,0.13624088154116099,0.16156144722243804,0.21049042164711698,0.27937441442464195,0.30709110163775105,0.329030658927223,0.31271042068630395,0.275432987918053,0.128827613024506,0.0177035721102052
0.855878416064388,1.0,0.946179485875376,0.9081045000854929,0.879226646363695,0.8388632004539051,0.7903876920690469,0.7574203365612601,0.7217617011578609,0.6767996977030529,0.6279111698562171,0.5820077123844661,0.5361372061352679,0.469735715522325,0.42262948289158003,0.366504340797692,0.298764181440172,0.23016028604843602,0.150390249766182,0.0858927875506797,0.0122936320657821,0.068436763304437,0.11987270084506402,0.16070192166302602,0.214757317769452,0.27949114773144,0.303512015386328,0.337326504893383,0.32662163554224,0.28541027362877003,0.16709862493246203,0.0213866685212149
0.7925523017035301,0.946179485875376,1.0,0.9651761359897671,0.9348171649329979,0.904676596035029,0.8674074613535508,0.835107286304415,0.798261094687235,0.7522386545183749,0.707120830992632,0.665047403681952,0.617215222317091,0.555671285591977,0.509359843061136,0.451563985426031,0.38240461107883095,0.308950705237571,0.221343690257635,0.152989748796492,0.0731049304182851,0.00520805670779257,0.0560994564751593,0.101338837307435,0.16050456128526802,0.228469070235068,0.258734721961651,0.29515908988111894,0.28991852385687894,0.247582779636031,0.130715162155144,0.0109930395703364
0.7660233091575809,0.9081045000854929,0.9651761359897671,1.0,0.9759294467794709,0.950020377888948,0.915648501578206,0.8850178802916329,0.854321607606657,0.8113957024321992,0.768623789520278,0.726656412566472,0.679118335627473,0.615442991450135,0.561605513444154,0.5014467590966479,0.428321410718351,0.3555663313849489,0.268827727000825,0.199578311955751,0.11962920558727401,0.0424264072205475,0.0119287986599819,0.0592247246084197,0.11918950203614,0.18693692783573898,0.216291260356745,0.253108718636125,0.24612120756271302,0.205206998392633,0.108961482057753,0.0176131702310733
0.7409386286064521,0.879226646363695,0.9348171649329979,0.9759294467794709,1.0,0.977447791334203,0.943884522546023,0.9168802931353629,0.888453622609862,0.8478617649153979,0.8097291598146659,0.767474798346782,0.719857683627665,0.6589975187361999,0.6025835000391271,0.544404552234361,0.47008942410552895,0.39849311499918105,0.30939213784412,0.24156381514010802,0.16186165534236902,0.0823940535569374,0.0241396747536232,0.0209198988790608,0.0814618413446808,0.151989934114894,0.18765285829748998,0.22689429938138395,0.222441451591786,0.184020740132948,0.0841441053257389,0.0239563581671045
0.7056546878506729,0.8388632004539051,0.904676596035029,0.950020377888948,0.977447791334203,1.0,0.9782125106955729,0.950815703038152,0.9246968294559079,0.887501211817854,0.8524574994197389,0.8110610358732909,0.7654762199232009,0.706440407795813,0.6502475677156321,0.5952707664255589,0.5226007801774379,0.45674103365420604,0.36988913445981003,0.299925358326708,0.221752715404635,0.141394243188602,0.0813856879653856,0.0359934169310876,0.0239864953211148,0.0973455368384007,0.136930807266118,0.176752204571636,0.18221957145535897,0.149730969844977,0.0756413083026181,0.0287103655054089
0.6591217206147729,0.7903876920690469,0.8674074613535508,0.915648501578206,0.943884522546023,0.9782125106955729,1.0,0.982053444108457,0.9582631145138081,0.92711194427064,0.8982099239492031,0.8586679705650172,0.8156956921213779,0.763575712766293,0.711783920224019,0.657661815652189,0.588012593166812,0.524728257970835,0.44160629122127504,0.372860853315002,0.292074795876082,0.215166940086483,0.154035932200762,0.107101780109774,0.0475260114151535,0.0277484256933304,0.0718397903390333,0.11518100324826,0.12946836952169302,0.0999117039597989,0.0480047279148958,0.0325979778419997
0.633728118695009,0.7574203365612601,0.835107286304415,0.8850178802916329,0.9168802931353629,0.950815703038152,0.982053444108457,1.0,0.982523068764756,0.9544870410767409,0.9292911882682379,0.894575909343647,0.8545970162534571,0.805191134239254,0.756086273563253,0.7036335010587751,0.634028067116813,0.5741908080675021,0.496387618663511,0.42865224572069704,0.34714683245108696,0.268141116943352,0.209774495947728,0.16328048659304598,0.104327047798862,0.0265503274664279,0.0159654033076212,0.0586419999481644,0.0727953388440186,0.0484843553981056,0.00802717501471156,0.038276038610862
0.6121074580622271,0.7217617011578609,0.798261094687235,0.854321607606657,0.888453622609862,0.9246968294559079,0.9582631145138081,0.982523068764756,1.0,0.9795477872220971,0.9548332348820201,0.923096325081071,0.883842023870615,0.8353642077039399,0.788531373432685,0.7389811158751399,0.674194179163212,0.618807446887099,0.544871229069245,0.478707694337928,0.40115500376520796,0.32522224768913804,0.265545891432041,0.218966316042393,0.161273076105813,0.0810992138495739,0.0400240766446078,0.0049462118197505,0.0262348187693727,0.014002188735982999,0.0203467171048927,0.0324110433604771
0.561246375299018,0.6767996977030529,0.7522386545183749,0.8113957024321992,0.8478617649153979,0.887501211817854,0.92711194427064,0.9544870410767409,0.9795477872220971,1.0,0.97731839421081,0.9519719456530641,0.9165235978962151,0.876230443983817,0.835355349215794,0.78624567653998,0.7217846189531221,0.6690649932662989,0.5978866182066259,0.535546373558426,0.46084130817980495,0.388930634211618,0.329879508804697,0.28256358283263694,0.228293472045481,0.15023069398544597,0.10553125855177699,0.0527941611090656,0.0217701795283145,0.0232326474043989,0.0433345516745187,0.0376241077183257
0.522801940985551,0.6279111698562171,0.707120830992632,0.768623789520278,0.8097291598146659,0.8524574994197389,0.8982099239492031,0.9292911882682379,0.9548332348820201,0.97731839421081,1.0,0.981759630744115,0.950483524152427,0.916832479668902,0.880703024897614,0.835238877378833,0.776939969477928,0.726442229515193,0.655783806288984,0.5939704231479599,0.5206275911187079,0.447558476953163,0.39316910580909603,0.350570864999518,0.29693022661735696,0.21577707814508498,0.17018012864639004,0.116603476555758,0.0857938801375551,0.0792598517159468,0.067698644750883,0.0465624206596735
0.47891609178429606,0.5820077123844661,0.665047403681952,0.726656412566472,0.767474798346782,0.8110610358732909,0.8586679705650172,0.894575909343647,0.923096325081071,0.9519719456530641,0.981759630744115,1.0,0.9804553083330941,0.9513258110877609,0.9165630460573241,0.8718769409429421,0.8165628356845258,0.7697071459020219,0.70166676316828,0.644899771008937,0.578347083862385,0.507082341998073,0.45346055022082,0.4137375668693929,0.358742745576085,0.281673966592234,0.23545974048380497,0.17901128567927901,0.14464677917001,0.12741087682051402,0.0901645662434464,0.0647241280980299
0.437253283765743,0.5361372061352679,0.617215222317091,0.679118335627473,0.719857683627665,0.7654762199232009,0.8156956921213779,0.8545970162534571,0.883842023870615,0.9165235978962151,0.950483524152427,0.9804553083330941,1.0,0.97943176548676,0.9480365313091619,0.9079405232387858,0.8541308396803,0.8078410736086129,0.7452551084674899,0.693688792418644,0.6300417763589499,0.561521371186709,0.510326222939931,0.472977288283351,0.41776030565294503,0.34458446348911204,0.29766293611289196,0.23912120862027203,0.202896184886452,0.16977589684249497,0.10987321659761601,0.0705252436407149
0.372510748411056,0.469735715522325,0.555671285591977,0.615442991450135,0.6589975187361999,0.706440407795813,0.763575712766293,0.805191134239254,0.8353642077039399,0.876230443983817,0.916832479668902,0.9513258110877609,0.97943176548676,1.0,0.9779111334118271,0.9431431865264641,0.8948834829614181,0.853063243372138,0.797753196055704,0.751395212877086,0.69053734717905,0.625281514393879,0.5776771018578929,0.542418694279355,0.491897898970954,0.4198621604338139,0.372847659553864,0.30913292710196005,0.26558759888384803,0.22056704827089202,0.141822858692873,0.08622610382737798
0.336762228793771,0.42262948289158003,0.509359843061136,0.561605513444154,0.6025835000391271,0.6502475677156321,0.711783920224019,0.756086273563253,0.788531373432685,0.835355349215794,0.880703024897614,0.9165630460573241,0.9480365313091619,0.9779111334118271,1.0,0.9788825742642281,0.938812276757958,0.901144637800825,0.8506509156134491,0.8105661149757671,0.756410617629153,0.695688557351941,0.649369717066454,0.613729245796246,0.565816679273042,0.49393863365510904,0.443877537469741,0.37609396377221505,0.329135391139711,0.277379393059862,0.186380099198864,0.09698449812108802
0.29106398206017897,0.366504340797692,0.451563985426031,0.5014467590966479,0.544404552234361,0.5952707664255589,0.657661815652189,0.7036335010587751,0.7389811158751399,0.78624567653998,0.835238877378833,0.8718769409429421,0.9079405232387858,0.9431431865264641,0.9788825742642281,1.0,0.9740747931347059,0.942247402719364,0.8996230675503871,0.8639757179696429,0.814679916050172,0.755397795183095,0.7105135804447981,0.6741007995524979,0.6294107818652529,0.558057733684194,0.50663368463132,0.440630779837634,0.388987259095185,0.326212268895368,0.21419568162898298,0.0992048856363379
0.23381055787598998,0.298764181440172,0.38240461107883095,0.428321410718351,0.47008942410552895,0.5226007801774379,0.588012593166812,0.634028067116813,0.674194179163212,0.7217846189531221,0.776939969477928,0.8165628356845258,0.8541308396803,0.8948834829614181,0.938812276757958,0.9740747931347059,1.0,0.97780093176201,0.9425217148329341,0.911141330217903,0.8652475586871059,0.809795394661157,0.769684652515752,0.7345033432388499,0.690065287856258,0.619511143151301,0.568337346683819,0.504451942839222,0.44775833352946603,0.371605806420746,0.244426689515545,0.11237166432463498
0.17578181928786699,0.23016028604843602,0.308950705237571,0.3555663313849489,0.39849311499918105,0.45674103365420604,0.524728257970835,0.5741908080675021,0.618807446887099,0.6690649932662989,0.726442229515193,0.7697071459020219,0.8078410736086129,0.853063243372138,0.901144637800825,0.942247402719364,0.97780093176201,1.0,0.9773240963667551,0.9514770570139399,0.912803058971509,0.861599871337698,0.8235005491788109,0.789664242436962,0.748738093660147,0.682495399827563,0.6271295272846271,0.5642220015441399,0.502929888045679,0.423411982411904,0.28381351021922996,0.121084691367779
0.115582673769234,0.150390249766182,0.221343690257635,0.268827727000825,0.30939213784412,0.36988913445981003,0.44160629122127504,0.496387618663511,0.544871229069245,0.5978866182066259,0.655783806288984,0.70166676316828,0.7452551084674899,0.797753196055704,0.8506509156134491,0.8996230675503871,0.9425217148329341,0.9773240963667551,1.0,0.983724575195114,0.9540123473739509,0.9096576132753579,0.8787466407244771,0.847617084665947,0.8131298298404541,0.7512035316161971,0.695087701134684,0.6326789212907329,0.567842999887654,0.47327886430386795,0.304669581389502,0.12565098014626
0.0527920093561524,0.0858927875506797,0.152989748796492,0.199578311955751,0.24156381514010802,0.299925358326708,0.372860853315002,0.42865224572069704,0.478707694337928,0.535546373558426,0.5939704231479599,0.644899771008937,0.693688792418644,0.751395212877086,0.8105661149757671,0.8639757179696429,0.911141330217903,0.9514770570139399,0.983724575195114,1.0,0.980318695756433,0.9442120615045649,0.917222361093007,0.8882926298896422,0.8558671635363281,0.7982732095933049,0.744133943561734,0.683672785654514,0.6161492761887989,0.516043013580997,0.33084287791071604,0.13588778721339098
0.00713354402414344,0.0122936320657821,0.0731049304182851,0.11962920558727401,0.16186165534236902,0.221752715404635,0.292074795876082,0.34714683245108696,0.40115500376520796,0.46084130817980495,0.5206275911187079,0.578347083862385,0.6300417763589499,0.69053734717905,0.756410617629153,0.814679916050172,0.8652475586871059,0.912803058971509,0.9540123473739509,0.980318695756433,1.0,0.9766082441573309,0.949588586127256,0.92241291981134,0.893316367936703,0.843903162728061,0.7890700073566329,0.7299606201365809,0.656389753350334,0.549622565674322,0.35072337280542,0.153709989642053
0.0878320747965745,0.068436763304437,0.00520805670779257,0.0424264072205475,0.0823940535569374,0.141394243188602,0.215166940086483,0.268141116943352,0.32522224768913804,0.388930634211618,0.447558476953163,0.507082341998073,0.561521371186709,0.625281514393879,0.695688557351941,0.755397795183095,0.809795394661157,0.861599871337698,0.9096576132753579,0.9442120615045649,0.9766082441573309,1.0,0.9806234611398341,0.956389179785648,0.931823766413999,0.891244813931135,0.838041864477873,0.7817191947306179,0.7087160879172499,0.5889903779727079,0.381371772626068,0.160304837500014
0.13624088154116099,0.11987270084506402,0.0560994564751593,0.0119287986599819,0.0241396747536232,0.0813856879653856,0.154035932200762,0.209774495947728,0.265545891432041,0.329879508804697,0.39316910580909603,0.45346055022082,0.510326222939931,0.5776771018578929,0.649369717066454,0.7105135804447981,0.769684652515752,0.8235005491788109,0.8787466407244771,0.917222361093007,0.949588586127256,0.9806234611398341,1.0,0.980383469487623,0.9593263738566411,0.9245293999926759,0.878032816304492,0.8242205740430529,0.7627872312247191,0.6354867917900141,0.3974424797128279,0.15529744873328
0.16156144722243804,0.16070192166302602,0.101338837307435,0.0592247246084197,0.0209198988790608,0.0359934169310876,0.107101780109774,0.16328048659304598,0.218966316042393,0.28256358283263694,0.350570864999518,0.4137375668693929,0.472977288283351,0.542418694279355,0.613729245796246,0.6741007995524979,0.7345033432388499,0.789664242436962,0.847617084665947,0.8882926298896422,0.92241291981134,0.956389179785648,0.980383469487623,1.0,0.984264071639255,0.9516274814468298,0.908186042949383,0.86149469781465,0.8014836870538409,0.6730171488266731,0.424910889576285,0.17368675126247599
0.21049042164711698,0.214757317769452,0.16050456128526802,0.11918950203614,0.0814618413446808,0.0239864953211148,0.0475260114151535,0.104327047798862,0.161273076105813,0.228293472045481,0.29693022661735696,0.358742745576085,0.41776030565294503,0.491897898970954,0.565816679273042,0.6294107818652529,0.690065287856258,0.748738093660147,0.8131298298404541,0.8558671635363281,0.893316367936703,0.931823766413999,0.9593263738566411,0.984264071639255,1.0,0.9759892212989729,0.930962374024367,0.8864772764863651,0.824965651700503,0.6993406151314878,0.436571595873908,0.18195855848598302
0.27937441442464195,0.27949114773144,0.228469070235068,0.18693692783573898,0.151989934114894,0.0973455368384007,0.0277484256933304,0.0265503274664279,0.0810992138495739,0.15023069398544597,0.21577707814508498,0.281673966592234,0.34458446348911204,0.4198621604338139,0.49393863365510904,0.558057733684194,0.619511143151301,0.682495399827563,0.7512035316161971,0.7982732095933049,0.843903162728061,0.891244813931135,0.9245293999926759,0.9516274814468298,0.9759892212989729,1.0,0.966559294606917,0.9209219736525219,0.8626055866353659,0.720056651099645,0.440136504764756,0.184265757575669
0.30709110163775105,0.303512015386328,0.258734721961651,0.216291260356745,0.18765285829748998,0.136930807266118,0.0718397903390333,0.0159654033076212,0.0400240766446078,0.10553125855177699,0.17018012864639004,0.23545974048380497,0.29766293611289196,0.372847659553864,0.443877537469741,0.50663368463132,0.568337346683819,0.6271295272846271,0.695087701134684,0.744133943561734,0.7890700073566329,0.838041864477873,0.878032816304492,0.908186042949383,0.930962374024367,0.966559294606917,1.0,0.9734587750149,0.923297375703472,0.7668813293995121,0.49496512124340103,0.20827090797391198
0.329030658927223,0.337326504893383,0.29515908988111894,0.253108718636125,0.22689429938138395,0.176752204571636,0.11518100324826,0.0586419999481644,0.0049462118197505,0.0527941611090656,0.116603476555758,0.17901128567927901,0.23912120862027203,0.30913292710196005,0.37609396377221505,0.440630779837634,0.504451942839222,0.5642220015441399,0.6326789212907329,0.683672785654514,0.7299606201365809,0.7817191947306179,0.8242205740430529,0.86149469781465,0.8864772764863651,0.9209219736525219,0.9734587750149,1.0,0.958318787301838,0.812243263528984,0.543750136630165,0.230190243642336
0.31271042068630395,0.32662163554224,0.28991852385687894,0.24612120756271302,0.222441451591786,0.18221957145535897,0.12946836952169302,0.0727953388440186,0.0262348187693727,0.0217701795283145,0.0857938801375551,0.14464677917001,0.202896184886452,0.26558759888384803,0.329135391139711,0.388987259095185,0.44775833352946603,0.502929888045679,0.567842999887654,0.6161492761887989,0.656389753350334,0.7087160879172499,0.7627872312247191,0.8014836870538409,0.824965651700503,0.8626055866353659,0.923297375703472,0.958318787301838,1.0,0.8715304496740329,0.5848538693666391,0.24218250104905104
0.275432987918053,0.28541027362877003,0.247582779636031,0.205206998392633,0.184020740132948,0.149730969844977,0.0999117039597989,0.0484843553981056,0.014002188735982999,0.0232326474043989,0.0792598517159468,0.12741087682051402,0.16977589684249497,0.22056704827089202,0.277379393059862,0.326212268895368,0.371605806420746,0.423411982411904,0.47327886430386795,0.516043013580997,0.549622565674322,0.5889903779727079,0.6354867917900141,0.6730171488266731,0.6993406151314878,0.720056651099645,0.7668813293995121,0.812243263528984,0.8715304496740329,1.0,0.7177909884070441,0.289543908717329
0.128827613024506,0.16709862493246203,0.130715162155144,0.108961482057753,0.0841441053257389,0.0756413083026181,0.0480047279148958,0.00802717501471156,0.0203467171048927,0.0433345516745187,0.067698644750883,0.0901645662434464,0.10987321659761601,0.141822858692873,0.186380099198864,0.21419568162898298,0.244426689515545,0.28381351021922996,0.304669581389502,0.33084287791071604,0.35072337280542,0.381371772626068,0.3974424797128279,0.424910889576285,0.436571595873908,0.440136504764756,0.49496512124340103,0.543750136630165,0.5848538693666391,0.7177909884070441,1.0,0.353285889558186
0.0177035721102052,0.0213866685212149,0.0109930395703364,0.0176131702310733,0.0239563581671045,0.0287103655054089,0.0325979778419997,0.038276038610862,0.0324110433604771,0.0376241077183257,0.0465624206596735,0.0647241280980299,0.0705252436407149,0.08622610382737798,0.09698449812108802,0.0992048856363379,0.11237166432463498,0.121084691367779,0.12565098014626,0.13588778721339098,0.153709989642053,0.160304837500014,0.15529744873328,0.17368675126247599,0.18195855848598302,0.184265757575669,0.20827090797391198,0.230190243642336,0.24218250104905104,0.289543908717329,0.353285889558186,1.0
