1.0,0.824478309162531,0.699309577095772,0.633503086934293,0.59431276989001,0.568546674374423,0.5503800680997011,0.536905031656773,0.526520982620004,0.518277934858998,0.511577693944008,0.5060253088470711,0.501349726346877,0.497358841005195,0.493912753627676,0.49090719214305395,0.49754864460491904,0.49457132217459204,0.475995490957698,0.451628119849115,0.42696065979875697,0.404291596318582,0.384280224948197,0.36689063171192604,0.351842556370065,0.338802360111933,0.327455661513103,0.317529889096498,0.308796952141256,0.301068835744723,0.29419134709607203,0.288038013935105
0.824478309162531,1.0,0.9810770095547029,0.9601641265436199,0.9451088281431129,0.9342873051024051,0.9262490143613901,0.9200785147902879,0.9152064036821459,0.9112680140386559,0.908021407707846,0.905300626343906,0.9029883954861669,0.9009996552002421,0.899271288977065,0.8977555176833101,0.8965951918782019,0.8647791401378009,0.81064465220589,0.751456683475992,0.6958637183901429,0.646822298502425,0.604632252896386,0.568614185111238,0.537846913467403,0.511446757634655,0.48865294205358506,0.468838345741515,0.451495018546452,0.4362137579003061,0.422664670004557,0.41058074763165997
0.699309577095772,0.9810770095547029,1.0,0.9960988976383071,0.9904903083945309,0.9856366541955329,0.981698560540165,0.978514602491678,0.975913160515393,0.973758632197369,0.9719500783990459,0.9704129964702758,0.9690919886378041,0.9679453378769342,0.9669411832768309,0.966054847957855,0.962316817921519,0.923146459679308,0.861121114317259,0.79469392021814,0.7329104957055742,0.678719034619311,0.632272696632582,0.5927255773135921,0.559009958719678,0.530123756670059,0.5052135475962639,0.483580431101814,0.46466082074465104,0.44800215316394704,0.43324047326560294,0.42008177783239403
0.633503086934293,0.9601641265436199,0.9960988976383071,1.0,0.9987671223670909,0.9966941968795849,0.9946741482575508,0.992891226231247,0.9913572557686031,0.9900427321233609,0.988912242614292,0.9879338999034492,0.9870812012118458,0.9863327061392769,0.9856711979963828,0.985082838148021,0.980216806410725,0.9381852552515179,0.873340447073825,0.804445915358845,0.7406149764726859,0.684755092065337,0.636950656906717,0.5962904737584179,0.561653412563897,0.531995976647465,0.50643320645836,0.48424224127255,0.464841196884833,0.447763416269747,0.4326339791728929,0.419150261139865
0.59431276989001,0.9451088281431129,0.9904903083945309,0.9987671223670909,1.0,0.999498461145278,0.99856432052293,0.9975756535219692,0.996647440158881,0.995809961403511,0.9950647874546321,0.994404113247563,0.993817781540907,0.9932958319101949,0.9928293446916759,0.9924106256688431,0.9869267214348979,0.943429683510717,0.8772210541659949,0.8071746672498679,0.7424106870944509,0.6858036966179789,0.637399118060353,0.596252147170574,0.5612154498178771,0.531225809482164,0.5053835593666199,0.48295483755861496,0.463349460919594,0.446094443548716,0.430809981816767,0.41718963866608294
0.568546674374423,0.9342873051024051,0.9856366541955329,0.9966941968795849,0.999498461145278,1.0,0.999759793819682,0.9992790778596841,0.998738489545009,0.998206409832065,0.997707999316133,0.997250825744877,0.996835172237689,0.996458414598686,0.996116937558789,0.995806976509251,0.989935977449657,0.945560089637111,0.8785667188712829,0.807875752715489,0.742599977001646,0.685589297842586,0.636864217300525,0.595459709198822,0.56021320088739,0.530050265453627,0.504063012729323,0.48151150806767,0.46180103437851705,0.44445517761169,0.429091508092889,0.415401551296582
0.5503800680997011,0.9262490143613901,0.981698560540165,0.9946741482575508,0.99856432052293,0.999759793819682,1.0,0.999871118744729,0.9995991228087491,0.999278721946725,0.998951388864707,0.9986353263725859,0.998338043185976,0.998061994046164,0.997807236973256,0.997572729246848,0.9914372704330451,0.946479194432725,0.8789820515638609,0.807886491074628,0.7422948400172759,0.685038251905293,0.6361199695313791,0.594561537925695,0.559190520678247,0.528925363208962,0.5028530171857849,0.48022977960802704,0.46045814473214797,0.44305960569732705,0.427650139955135,0.4139200440241861
0.536905031656773,0.9200785147902879,0.978514602491678,0.992891226231247,0.9975756535219692,0.9992790778596841,0.999871118744729,1.0,0.9999248341793578,0.999759588333237,0.999557671345927,0.999345070791578,0.999134585934456,0.998932391151136,0.998741235173276,0.9985620694148221,0.992234760901518,0.946863929740362,0.8790183431528922,0.8076480847983271,0.7418450458350692,0.6844257802330029,0.6353808871703679,0.593722373189651,0.558270933956035,0.527940123481804,0.501813393346109,0.4791445068898329,0.45933409778753004,0.44190227203473503,0.426463957346839,0.41270864442579797
0.526520982620004,0.9152064036821459,0.975913160515393,0.9913572557686031,0.996647440158881,0.998738489545009,0.9995991228087491,0.9999248341793578,1.0,0.999953274278741,0.9998471722535109,0.999713622189302,0.999569461505321,0.9994237041810942,0.999281153359796,0.999144283204886,0.9926715579982901,0.9469933829239449,0.878893468325987,0.807325813312071,0.7413727608983199,0.6838392264937291,0.634706155016437,0.59297844000115,0.557471736816484,0.527096052519177,0.5009323247861621,0.47823251155143,0.458395929613721,0.440941708916749,0.4254840423408979,0.411711859090207
0.518277934858998,0.9112680140386559,0.973758632197369,0.9900427321233609,0.995809961403511,0.998206409832065,0.999278721946725,0.999759588333237,0.999953274278741,1.0,0.999969453959528,0.9998982449407371,0.9998063924375741,0.999705148342292,0.9996009350775691,0.9994974271474542,0.992910735053443,0.946995077911274,0.8787018577947441,0.8069861519936691,0.7409218127125551,0.6833042817137089,0.6341068940907509,0.592329040640654,0.5567825282684921,0.526374682983017,0.50018455780106,0.477462766479053,0.45760765119907393,0.44013762330987,0.42466633720712393,0.410882312355493
0.511577693944008,0.908021407707846,0.9719500783990459,0.988912242614292,0.9950647874546321,0.997707999316133,0.998951388864707,0.999557671345927,0.9998471722535109,0.999969453959528,1.0,0.999979201040776,0.9999296480409001,0.999864401564542,0.999791192846912,0.99971466666371,0.993036277885858,0.946931744340903,0.8784868952651991,0.80665638458379,0.7405065793684201,0.682825070564058,0.6335790422429379,0.591763504388786,0.556187233456143,0.5257554623783529,0.4995457832745,0.476807774282726,0.456939030677746,0.43945741570077895,0.4239761747586939,0.410183517307799
0.5060253088470711,0.905300626343906,0.9704129964702758,0.9879338999034492,0.994404113247563,0.997250825744877,0.9986353263725859,0.999345070791578,0.999713622189302,0.9998982449407371,0.999979201040776,1.0,0.9999853536387429,0.9999498143854649,0.9999021931149459,0.9998479350300491,0.993094187968104,0.946835919959218,0.878269099720483,0.806347159825245,0.740129873729057,0.682398225861237,0.633114326154074,0.5912696159018199,0.5556704257184489,0.525220311754841,0.49899570307348706,0.476245357772407,0.45636628251283506,0.43887591043364704,0.42338716724818604,0.40958802094642605
0.501349726346877,0.9029883954861669,0.9690919886378041,0.9870812012118458,0.993817781540907,0.996835172237689,0.998338043185976,0.999134585934456,0.999569461505321,0.9998063924375741,0.9999296480409001,0.9999853536387429,1.0,0.999989390998725,0.9999632432171359,0.999927673369703,0.993110905450853,0.9467251145312859,0.87805814197603,0.806061787043566,0.7397899992720971,0.682018129898102,0.6327040320552281,0.590836184711273,0.5552189043456179,0.524754375216356,0.498518080042132,0.47575811289102793,0.455871005839531,0.43837384659226397,0.42287930501366794,0.409075156481077
0.497358841005195,0.9009996552002421,0.9679453378769342,0.9863327061392769,0.9932958319101949,0.996458414598686,0.998061994046164,0.998932391151136,0.9994237041810942,0.999705148342292,0.999864401564542,0.9999498143854649,0.999989390998725,1.0,0.9999921285811059,0.999972464828678,0.993102218110542,0.9466089647035479,0.877858338479242,0.8058003113072741,0.7394836671649828,0.681678898924947,0.632340237796836,0.5904536648976609,0.554821810097085,0.524345715387471,0.49810007940121503,0.47533244841033706,0.45543896450406796,0.437936432536066,0.42243731355903297,0.40862922622498604
0.493912753627676,0.899271288977065,0.9669411832768309,0.9856711979963828,0.9928293446916759,0.996116937558789,0.997807236973256,0.998741235173276,0.999281153359796,0.9996009350775691,0.999791192846912,0.9999021931149459,0.9999632432171359,0.9999921285811059,1.0,0.9999940376093249,0.993077842738037,0.9464928152431209,0.8776713017151541,0.805561377633377,0.739207223600828,0.6813751005177121,0.632016120556871,0.590114130510635,0.554470327821165,0.52398478926074,0.497731553812761,0.47495770869335496,0.455059070340011,0.43755220818615104,0.422049410012305,0.40823816478556896
0.49090719214305395,0.8977555176833101,0.966054847957855,0.985082838148021,0.9924106256688431,0.995806976509251,0.997572729246848,0.9985620694148221,0.999144283204886,0.9994974271474542,0.99971466666371,0.9998479350300491,0.999927673369703,0.999972464828678,0.9999940376093249,1.0,0.993043903694723,0.9463795993656801,0.8774972723154799,0.8053431047540659,0.738957154945942,0.6811019651347321,0.631725933528641,0.5898110623734879,0.554157317787332,0.523663950575997,0.497404437475081,0.474625475817803,0.454722606358676,0.437212199832104,0.42170639818246797,0.40789258151243896
0.49754864460491904,0.8965951918782019,0.962316817921519,0.980216806410725,0.9869267214348979,0.989935977449657,0.9914372704330451,0.992234760901518,0.9926715579982901,0.992910735053443,0.993036277885858,0.993094187968104,0.993110905450853,0.993102218110542,0.993077842738037,0.993043903694723,1.0,0.9778333054519021,0.927858518157401,0.869536932131926,0.813142489818073,0.76256958708585,0.718599884552422,0.6807851380079761,0.648307466076098,0.620323496779735,0.596082525236136,0.5749535539135939,0.556418854836604,0.540057477673025,0.525527682567394,0.512551356637743
0.49457132217459204,0.8647791401378009,0.923146459679308,0.9381852552515179,0.943429683510717,0.945560089637111,0.946479194432725,0.946863929740362,0.9469933829239449,0.946995077911274,0.946931744340903,0.946835919959218,0.9467251145312859,0.9466089647035479,0.9464928152431209,0.9463795993656801,0.9778333054519021,1.0,0.98537736521822,0.953670646546797,0.916993350014369,0.8811183140534441,0.848282118906313,0.8190652805323709,0.7933578048960971,0.770803181001976,0.75098931603386,0.733524519409698,0.7180631916463579,0.704310392515769,0.6920182040589671,0.6809794878323341
0.475995490957698,0.81064465220589,0.861121114317259,0.873340447073825,0.8772210541659949,0.8785667188712829,0.8789820515638609,0.8790183431528922,0.878893468325987,0.8787018577947441,0.8784868952651991,0.878269099720483,0.87805814197603,0.877858338479242,0.8776713017151541,0.8774972723154799,0.927858518157401,0.98537736521822,1.0,0.9909865953894721,0.9715519599188679,0.9488089627964091,0.926105071478923,0.904838991671012,0.885480362539091,0.86808049831943,0.852516309759697,0.838603634316774,0.8261482289563701,0.8149673266636491,0.8048974538771071,0.7957959926280029
0.451628119849115,0.751456683475992,0.79469392021814,0.804445915358845,0.8071746672498679,0.807875752715489,0.807886491074628,0.8076480847983271,0.807325813312071,0.8069861519936691,0.80665638458379,0.806347159825245,0.806061787043566,0.8058003113072741,0.805561377633377,0.8053431047540659,0.869536932131926,0.953670646546797,0.9909865953894721,1.0,0.9945204993469019,0.982568636966463,0.9682966257781529,0.953717761394131,0.9397477700622571,0.926757554038157,0.914853769100164,0.9040191926386141,0.894182565059421,0.8852530607594301,0.877136950921962,0.8697452699822059
0.42696065979875697,0.6958637183901429,0.7329104957055742,0.7406149764726859,0.7424106870944509,0.742599977001646,0.7422948400172759,0.7418450458350692,0.7413727608983199,0.7409218127125551,0.7405065793684201,0.740129873729057,0.7397899992720971,0.7394836671649828,0.739207223600828,0.738957154945942,0.813142489818073,0.916993350014369,0.9715519599188679,0.9945204993469019,1.0,0.9966189797096642,0.9891057073458279,0.979927904428162,0.9703379597522509,0.960951537278806,0.952053248649049,0.9437563648564251,0.936086492935683,0.9290256938932628,0.92253583981657,0.916570948154187
0.404291596318582,0.646822298502425,0.678719034619311,0.684755092065337,0.6858036966179789,0.685589297842586,0.685038251905293,0.6844257802330029,0.6838392264937291,0.6833042817137089,0.682825070564058,0.682398225861237,0.682018129898102,0.681678898924947,0.6813751005177121,0.6811019651347321,0.76256958708585,0.8811183140534441,0.9488089627964091,0.982568636966463,0.9966189797096642,1.0,0.997856355564173,0.9929939425114509,0.986920113796541,0.9804381650874799,0.9739703802398341,0.9677317178117759,0.9618237180011341,0.9562858632133101,0.951124016848965,0.946326331322177
0.384280224948197,0.604632252896386,0.632272696632582,0.636950656906717,0.637399118060353,0.636864217300525,0.6361199695313791,0.6353808871703679,0.634706155016437,0.6341068940907509,0.6335790422429379,0.633114326154074,0.6327040320552281,0.632340237796836,0.632016120556871,0.631725933528641,0.718599884552422,0.848282118906313,0.926105071478923,0.9682966257781529,0.9891057073458279,0.997856355564173,1.0,0.9985983224969379,0.995354465026077,0.991217287088945,0.9867166863398861,0.9821475760374191,0.9776714862034549,0.973373444556175,0.96929432531809,0.9654495267833051
0.36689063171192604,0.568614185111238,0.5927255773135921,0.5962904737584179,0.596252147170574,0.595459709198822,0.594561537925695,0.593722373189651,0.59297844000115,0.592329040640654,0.591763504388786,0.5912696159018199,0.590836184711273,0.5904536648976609,0.590114130510635,0.5898110623734879,0.6807851380079761,0.8190652805323709,0.904838991671012,0.953717761394131,0.979927904428162,0.9929939425114509,0.9985983224969379,1.0,0.999055126426193,0.996827314765981,0.9939318366972671,0.990727346256,0.98742338533748,0.9841415510236271,0.9809509052953929,0.9778888339833979
0.351842556370065,0.537846913467403,0.559009958719678,0.561653412563897,0.5612154498178771,0.56021320088739,0.559190520678247,0.558270933956035,0.557471736816484,0.5567825282684921,0.556187233456143,0.5556704257184489,0.5552189043456179,0.554821810097085,0.554470327821165,0.554157317787332,0.648307466076098,0.7933578048960971,0.885480362539091,0.9397477700622571,0.9703379597522509,0.986920113796541,0.995354465026077,0.999055126426193,1.0,0.9993446972235759,0.997773303521025,0.995696060774459,0.9933614957496479,0.9909209789178399,0.988466573358598,0.986053641194945
0.338802360111933,0.511446757634655,0.530123756670059,0.531995976647465,0.531225809482164,0.530050265453627,0.528925363208962,0.527940123481804,0.527096052519177,0.526374682983017,0.5257554623783529,0.525220311754841,0.524754375216356,0.524345715387471,0.52398478926074,0.523663950575997,0.620323496779735,0.770803181001976,0.86808049831943,0.926757554038157,0.960951537278806,0.9804381650874799,0.991217287088945,0.996827314765981,0.9993446972235759,1.0,0.999533633277088,0.9983982120907091,0.9968743732325099,0.9951380655610359,0.9933003757916279,0.991431557716192
0.327455661513103,0.48865294205358506,0.5052135475962639,0.50643320645836,0.5053835593666199,0.504063012729323,0.5028530171857849,0.501813393346109,0.5009323247861621,0.50018455780106,0.4995457832745,0.49899570307348706,0.498518080042132,0.49810007940121503,0.497731553812761,0.497404437475081,0.596082525236136,0.75098931603386,0.852516309759697,0.914853769100164,0.952053248649049,0.9739703802398341,0.9867166863398861,0.9939318366972671,0.997773303521025,0.999533633277088,1.0,0.9996603056059341,0.998821990542098,0.997681559940774,0.996366036622746,0.9949581661611059
0.317529889096498,0.468838345741515,0.483580431101814,0.48424224127255,0.48295483755861496,0.48151150806767,0.48022977960802704,0.4791445068898329,0.47823251155143,0.477462766479053,0.476807774282726,0.476245357772407,0.47575811289102793,0.47533244841033706,0.47495770869335496,0.474625475817803,0.5749535539135939,0.733524519409698,0.838603634316774,0.9040191926386141,0.9437563648564251,0.9677317178117759,0.9821475760374191,0.990727346256,0.995696060774459,0.9983982120907091,0.9996603056059341,1.0,0.9997473853392901,0.9991163661900381,0.998247472837465,0.997234051316332
0.308796952141256,0.451495018546452,0.46466082074465104,0.464841196884833,0.463349460919594,0.46180103437851705,0.46045814473214797,0.45933409778753004,0.458395929613721,0.45760765119907393,0.456939030677746,0.45636628251283506,0.455871005839531,0.45543896450406796,0.455059070340011,0.454722606358676,0.556418854836604,0.7180631916463579,0.8261482289563701,0.894182565059421,0.936086492935683,0.9618237180011341,0.9776714862034549,0.98742338533748,0.9933614957496479,0.9968743732325099,0.998821990542098,0.9997473853392901,1.0,0.9998086271742329,0.999325368936158,0.998652661934016
0.301068835744723,0.4362137579003061,0.44800215316394704,0.447763416269747,0.446094443548716,0.44445517761169,0.44305960569732705,0.44190227203473503,0.440941708916749,0.44013762330987,0.43945741570077895,0.43887591043364704,0.43837384659226397,0.437936432536066,0.43755220818615104,0.437212199832104,0.540057477673025,0.704310392515769,0.8149673266636491,0.8852530607594301,0.9290256938932628,0.9562858632133101,0.973373444556175,0.9841415510236271,0.9909209789178399,0.9951380655610359,0.997681559940774,0.9991163661900381,0.9998086271742329,1.0,0.999852596243091,0.99947672286984
0.29419134709607203,0.422664670004557,0.43324047326560294,0.4326339791728929,0.430809981816767,0.429091508092889,0.427650139955135,0.426463957346839,0.4254840423408979,0.42466633720712393,0.4239761747586939,0.42338716724818604,0.42287930501366794,0.42243731355903297,0.422049410012305,0.42170639818246797,0.525527682567394,0.6920182040589671,0.8048974538771071,0.877136950921962,0.92253583981657,0.951124016848965,0.96929432531809,0.9809509052953929,0.988466573358598,0.9933003757916279,0.996366036622746,0.998247472837465,0.999325368936158,0.999852596243091,1.0,0.9998847597325321
0.288038013935105,0.41058074763165997,0.42008177783239403,0.419150261139865,0.41718963866608294,0.415401551296582,0.4139200440241861,0.41270864442579797,0.411711859090207,0.410882312355493,0.410183517307799,0.40958802094642605,0.409075156481077,0.40862922622498604,0.40823816478556896,0.40789258151243896,0.512551356637743,0.6809794878323341,0.7957959926280029,0.8697452699822059,0.916570948154187,0.946326331322177,0.9654495267833051,0.9778888339833979,0.986053641194945,0.991431557716192,0.9949581661611059,0.997234051316332,0.998652661934016,0.99947672286984,0.9998847597325321,1.0
