1.0,0.734156073714926,0.649832386004345,0.54648288901208,0.4914013804477321,0.44184859148004907,0.41587966894644296,0.38749401378475107,0.3575804881191839,0.33568024306046096,0.314560455020998,0.29052278015707594,0.27446237936039397,0.246399526964288,0.218183398436631,0.19072653902302303,0.165194705054961,0.137692510714431,0.10263502240547699,0.0618156111484131,0.0488035161296748,0.0401651294935334,0.00761553603734418,0.00437245692015368,0.00485783484694867,0.0301705816888944,0.0615894418634267,0.0683977269842021,0.085946708173927,0.09144857648674902,0.0983819203287995,0.135302954484686
0.734156073714926,1.0,0.894012369475749,0.7923899385778309,0.744109871827756,0.6995548940162281,0.6796274376109411,0.6348973337136989,0.606641391131356,0.5838169970241021,0.556817135564937,0.5285047951657701,0.503183386185225,0.474958867189499,0.441077178930948,0.41414640813036896,0.382511811967966,0.356255558464308,0.32001274194252005,0.284442206841059,0.26194152888334504,0.252809992772847,0.221211039922814,0.218193189100596,0.19175645178061604,0.147453404021625,0.11347401686008,0.10646015039529301,0.0812905618062767,0.0315368896154095,0.0013464699446073302,0.0219737287844736
0.649832386004345,0.894012369475749,1.0,0.9238895039789009,0.8680939860287191,0.824532875476218,0.7985591976534119,0.759082583303605,0.728656551890399,0.7093656784546891,0.6823529408533311,0.651450744587385,0.620397169944505,0.588198015273191,0.559692229465327,0.532208728544166,0.5005197774665129,0.47275206532019,0.43531426763088105,0.39816759248697103,0.375749794010304,0.36857456957598606,0.33864179524541305,0.330424390550026,0.299654260503793,0.255381739823281,0.22260113271057003,0.21024387766240699,0.17736938857041798,0.100851091033112,0.0416836684062999,0.0120939120817528
0.54648288901208,0.7923899385778309,0.9238895039789009,1.0,0.9567687315301031,0.9206330946044359,0.891798492350135,0.86119534027052,0.8336642115651051,0.8111465403277901,0.788672732020525,0.758806376785935,0.7289173912537579,0.6985428151918,0.6723964610102979,0.644159258408692,0.612751810076405,0.5885202375082379,0.558778695072011,0.526072549656561,0.50297814201422,0.49160421277986,0.464680031884609,0.4514500733817539,0.4208060732158379,0.37899210718051896,0.34481088570896096,0.31690208218335697,0.272778543495293,0.17528018266873002,0.0996698057315993,0.0164718912436285
0.4914013804477321,0.744109871827756,0.8680939860287191,0.9567687315301031,1.0,0.970317830319455,0.9384481525785991,0.90926202830177,0.883322645660979,0.8641135430079749,0.8423577000601791,0.8130367754106641,0.78545989555213,0.7525792034976059,0.7288070998726942,0.703285834047422,0.6708968158623061,0.6497194601667061,0.6235534192227421,0.5902658920699039,0.571312701197106,0.5587791740052571,0.534310693555757,0.5212745589296839,0.48809920759289704,0.44727338867667293,0.410424300904187,0.378694129226457,0.332225704848841,0.22561452780053304,0.123270456538164,0.0375112577379114
0.44184859148004907,0.6995548940162281,0.824532875476218,0.9206330946044359,0.970317830319455,1.0,0.969497001055751,0.941970417992408,0.9179794611515542,0.9009319186240681,0.877309896090463,0.846963658074779,0.8199988790581461,0.7883758304197709,0.7653655735491299,0.7410870143566608,0.7121122555394129,0.691363868028866,0.668013266561578,0.635553896528692,0.616260994095446,0.605685182298142,0.5826692647073879,0.569188183441332,0.537190853470579,0.49660549057702297,0.455197864861926,0.41964960905130605,0.373715880193912,0.257987063244789,0.146820876577366,0.054605443833819
0.41587966894644296,0.6796274376109411,0.7985591976534119,0.891798492350135,0.9384481525785991,0.969497001055751,1.0,0.977703491662655,0.957307460817851,0.9394492292050249,0.9151846249444321,0.887110551264418,0.86535396546589,0.8360088364349041,0.8133285644901159,0.7892402015228079,0.762168481811697,0.7424087255037679,0.7175188050372959,0.683692485346639,0.662518731126031,0.651719442705063,0.628034223918175,0.6122794751910831,0.57821444785885,0.534437277402688,0.49482742319228096,0.460219499481818,0.40801050819428397,0.285237530932491,0.169560167078212,0.0775910458933773
0.38749401378475107,0.6348973337136989,0.759082583303605,0.86119534027052,0.90926202830177,0.941970417992408,0.977703491662655,1.0,0.980422621463774,0.9596849060691371,0.938131207342335,0.9145733261257091,0.8936672291388621,0.8655278769001659,0.8419443403767081,0.8188770468950871,0.7923160752758192,0.7737959995794851,0.7518950507271941,0.719136785304902,0.698808542797222,0.686265068027775,0.665885893526911,0.6494670259575479,0.617162977335045,0.57514251169856,0.538025916932225,0.5041130363474939,0.44995180479109204,0.330943920511029,0.20590698777355998,0.11948352316115302
0.3575804881191839,0.606641391131356,0.728656551890399,0.8336642115651051,0.883322645660979,0.9179794611515542,0.957307460817851,0.980422621463774,1.0,0.9815185668789259,0.961213900085655,0.937586579281797,0.918067311991374,0.8922762608485991,0.869462152619158,0.8468536118660029,0.821550031596713,0.8058515626227709,0.78221178111162,0.749391287673163,0.730828536928007,0.7190689340501429,0.700472842759795,0.6864007931811911,0.654131476661412,0.616409970379147,0.578375939842995,0.5453456786038909,0.49039304092865105,0.367582706129038,0.23770744372132802,0.132097949666261
0.33568024306046096,0.5838169970241021,0.7093656784546891,0.8111465403277901,0.8641135430079749,0.9009319186240681,0.9394492292050249,0.9596849060691371,0.9815185668789259,1.0,0.9845489175782719,0.962928573004109,0.9427803329522471,0.9182497173484799,0.8951997082635859,0.871006698310331,0.845461754079808,0.8281998340304101,0.80601250334313,0.774131165829145,0.7567197228584559,0.746500253579986,0.729272403132136,0.715369493612018,0.681451007530234,0.64399137298472,0.6070309608350921,0.5727827264553579,0.515786347356289,0.39628559820230796,0.26637218916105,0.15678942774604
0.314560455020998,0.556817135564937,0.6823529408533311,0.788672732020525,0.8423577000601791,0.877309896090463,0.9151846249444321,0.938131207342335,0.961213900085655,0.9845489175782719,1.0,0.982585263067425,0.9623726888821981,0.93913551835836,0.91983573282578,0.8968799698601,0.871351612094654,0.8530785315895529,0.8317780848873609,0.8033409822845999,0.786514078571828,0.7769561281852241,0.7587179467294679,0.745757161324721,0.7139085423243001,0.677901810975956,0.643076887591905,0.6067220236912649,0.551536625505472,0.434981337768099,0.297085666285078,0.19591696642967701
0.29052278015707594,0.5285047951657701,0.651450744587385,0.758806376785935,0.8130367754106641,0.846963658074779,0.887110551264418,0.9145733261257091,0.937586579281797,0.962928573004109,0.982585263067425,1.0,0.9832702143575319,0.961674151525165,0.941390357097578,0.9179741171324491,0.892804967222615,0.875046353492226,0.8542958739734209,0.8269188312499909,0.8117414381298751,0.802857478810996,0.7842510847879591,0.771034833242966,0.740517349434555,0.707378047480135,0.6762215756231851,0.645600375431062,0.5909998340615229,0.48441426670682297,0.340782092865109,0.24651313498161498
0.27446237936039397,0.503183386185225,0.620397169944505,0.7289173912537579,0.78545989555213,0.8199988790581461,0.86535396546589,0.8936672291388621,0.918067311991374,0.9427803329522471,0.9623726888821981,0.9832702143575319,1.0,0.9846789577082671,0.963673896968601,0.9387997973263851,0.913045985410295,0.8944841250452299,0.8720548968892721,0.844330890932949,0.83024948509875,0.8224775028621079,0.804976992081759,0.7925137633880849,0.763217289493818,0.731454433077407,0.6990396038982479,0.6700998767009859,0.6193211334840351,0.508222545285095,0.35373532972247496,0.258097218202229
0.246399526964288,0.474958867189499,0.588198015273191,0.6985428151918,0.7525792034976059,0.7883758304197709,0.8360088364349041,0.8655278769001659,0.8922762608485991,0.9182497173484799,0.93913551835836,0.961674151525165,0.9846789577082671,1.0,0.981594244044646,0.956609683001994,0.930937221726389,0.9086884368107792,0.883069687097366,0.853887711827057,0.83902513896272,0.8298838434418041,0.8144980860781039,0.8028639662352879,0.773102639873417,0.741936490096403,0.711096675789019,0.6859452894598311,0.63440306429148,0.5244306114613929,0.37027710371320705,0.273815958705199
0.218183398436631,0.441077178930948,0.559692229465327,0.6723964610102979,0.7288070998726942,0.7653655735491299,0.8133285644901159,0.8419443403767081,0.869462152619158,0.8951997082635859,0.91983573282578,0.941390357097578,0.963673896968601,0.981594244044646,1.0,0.9836904913254659,0.9590999940257929,0.935645746324576,0.908814671503138,0.8821877056781,0.8658889889584058,0.856920506023797,0.8422977695994641,0.830877576588259,0.8048791872860309,0.776269853558995,0.745008157538919,0.71939663955016,0.665827038722516,0.552402155668457,0.392339638927518,0.29929497725404197
0.19072653902302303,0.41414640813036896,0.532208728544166,0.644159258408692,0.703285834047422,0.7410870143566608,0.7892402015228079,0.8188770468950871,0.8468536118660029,0.871006698310331,0.8968799698601,0.9179741171324491,0.9387997973263851,0.956609683001994,0.9836904913254659,1.0,0.9847752499133091,0.9642988931583901,0.937111735932137,0.9108077293250291,0.8932873263810199,0.8838021973606209,0.867912556769395,0.8563984786406569,0.831731049344625,0.8047847797638,0.7762650814559979,0.7491724528307522,0.6968876427077021,0.5824465900000521,0.418280400656419,0.32182796267242303
0.165194705054961,0.382511811967966,0.5005197774665129,0.612751810076405,0.6708968158623061,0.7121122555394129,0.762168481811697,0.7923160752758192,0.821550031596713,0.845461754079808,0.871351612094654,0.892804967222615,0.913045985410295,0.930937221726389,0.9590999940257929,0.9847752499133091,1.0,0.985470046817538,0.9611947134579789,0.935185337145731,0.9154494717033559,0.903346603277435,0.887363626644039,0.873748919326044,0.8518375116737791,0.8273628766093271,0.8022005003013549,0.7745514368471791,0.7221533854361899,0.6036052470760389,0.433747859244735,0.337567113431523
0.137692510714431,0.356255558464308,0.47275206532019,0.5885202375082379,0.6497194601667061,0.691363868028866,0.7424087255037679,0.7737959995794851,0.8058515626227709,0.8281998340304101,0.8530785315895529,0.875046353492226,0.8944841250452299,0.9086884368107792,0.935645746324576,0.9642988931583901,0.985470046817538,1.0,0.9824460341584431,0.957729228286846,0.93736224486782,0.923917469264242,0.9075791268170659,0.892740689023162,0.872053236032722,0.848976191074177,0.8244096092721429,0.795270694407374,0.744536978560725,0.622686798223886,0.449850110595098,0.33573636958114306
0.10263502240547699,0.32001274194252005,0.43531426763088105,0.558778695072011,0.6235534192227421,0.668013266561578,0.7175188050372959,0.7518950507271941,0.78221178111162,0.80601250334313,0.8317780848873609,0.8542958739734209,0.8720548968892721,0.883069687097366,0.908814671503138,0.937111735932137,0.9611947134579789,0.9824460341584431,1.0,0.9839376537620079,0.9656729661689721,0.95009998592882,0.9332844624048009,0.916132488567513,0.8951140562466259,0.870482267474021,0.84710677301283,0.817544767070255,0.764974333707734,0.640896346755383,0.46636354767141297,0.35349197172250396
0.0618156111484131,0.284442206841059,0.39816759248697103,0.526072549656561,0.5902658920699039,0.635553896528692,0.683692485346639,0.719136785304902,0.749391287673163,0.774131165829145,0.8033409822845999,0.8269188312499909,0.844330890932949,0.853887711827057,0.8821877056781,0.9108077293250291,0.935185337145731,0.957729228286846,0.9839376537620079,1.0,0.985854918535943,0.9717328037400401,0.953639246318093,0.9342976630296801,0.917378833153487,0.894767775955638,0.8758763393172321,0.8477927269315441,0.801565255174289,0.6793759094587961,0.495533312208565,0.396123714298441
0.0488035161296748,0.26194152888334504,0.375749794010304,0.50297814201422,0.571312701197106,0.616260994095446,0.662518731126031,0.698808542797222,0.730828536928007,0.7567197228584559,0.786514078571828,0.8117414381298751,0.83024948509875,0.83902513896272,0.8658889889584058,0.8932873263810199,0.9154494717033559,0.93736224486782,0.9656729661689721,0.985854918535943,1.0,0.985748194795398,0.967973562606903,0.9495603233854599,0.932297647630567,0.9090644374187561,0.8872472690963191,0.861315195949698,0.814935647169489,0.6913672428321651,0.49945650904804206,0.4133467029988421
0.0401651294935334,0.252809992772847,0.36857456957598606,0.49160421277986,0.5587791740052571,0.605685182298142,0.651719442705063,0.686265068027775,0.7190689340501429,0.746500253579986,0.7769561281852241,0.802857478810996,0.8224775028621079,0.8298838434418041,0.856920506023797,0.8838021973606209,0.903346603277435,0.923917469264242,0.95009998592882,0.9717328037400401,0.985748194795398,1.0,0.985850435435423,0.966189954624009,0.9476194497798531,0.9245440312881941,0.9013188710365021,0.8752756752185509,0.8330694633003679,0.708791579980928,0.518189593969519,0.415036912328629
0.00761553603734418,0.221211039922814,0.33864179524541305,0.464680031884609,0.534310693555757,0.5826692647073879,0.628034223918175,0.665885893526911,0.700472842759795,0.729272403132136,0.7587179467294679,0.7842510847879591,0.804976992081759,0.8144980860781039,0.8422977695994641,0.867912556769395,0.887363626644039,0.9075791268170659,0.9332844624048009,0.953639246318093,0.967973562606903,0.985850435435423,1.0,0.9834741998112979,0.9642649638435171,0.9415608817761899,0.918820554209266,0.8907165959983571,0.8469717963921779,0.7227742414293241,0.5339965702957179,0.420087061688432
0.00437245692015368,0.218193189100596,0.330424390550026,0.4514500733817539,0.5212745589296839,0.569188183441332,0.6122794751910831,0.6494670259575479,0.6864007931811911,0.715369493612018,0.745757161324721,0.771034833242966,0.7925137633880849,0.8028639662352879,0.830877576588259,0.8563984786406569,0.873748919326044,0.892740689023162,0.916132488567513,0.9342976630296801,0.9495603233854599,0.966189954624009,0.9834741998112979,1.0,0.9825069297543471,0.959715609931328,0.9359594912880799,0.9084602010817809,0.865026301387207,0.7346736417191311,0.542886351051185,0.422262489159526
0.00485783484694867,0.19175645178061604,0.299654260503793,0.4208060732158379,0.48809920759289704,0.537190853470579,0.57821444785885,0.617162977335045,0.654131476661412,0.681451007530234,0.7139085423243001,0.740517349434555,0.763217289493818,0.773102639873417,0.8048791872860309,0.831731049344625,0.8518375116737791,0.872053236032722,0.8951140562466259,0.917378833153487,0.932297647630567,0.9476194497798531,0.9642649638435171,0.9825069297543471,1.0,0.97930131297547,0.9537338932952091,0.9252264026410429,0.883291485069861,0.7619174838144541,0.5689157015102679,0.44557655185117795
0.0301705816888944,0.147453404021625,0.255381739823281,0.37899210718051896,0.44727338867667293,0.49660549057702297,0.534437277402688,0.57514251169856,0.616409970379147,0.64399137298472,0.677901810975956,0.707378047480135,0.731454433077407,0.741936490096403,0.776269853558995,0.8047847797638,0.8273628766093271,0.848976191074177,0.870482267474021,0.894767775955638,0.9090644374187561,0.9245440312881941,0.9415608817761899,0.959715609931328,0.97930131297547,1.0,0.976501342934075,0.943940236651462,0.9011317420088579,0.776568908703595,0.580065231913634,0.43611881364963
0.0615894418634267,0.11347401686008,0.22260113271057003,0.34481088570896096,0.410424300904187,0.455197864861926,0.49482742319228096,0.538025916932225,0.578375939842995,0.6070309608350921,0.643076887591905,0.6762215756231851,0.6990396038982479,0.711096675789019,0.745008157538919,0.7762650814559979,0.8022005003013549,0.8244096092721429,0.84710677301283,0.8758763393172321,0.8872472690963191,0.9013188710365021,0.918820554209266,0.9359594912880799,0.9537338932952091,0.976501342934075,1.0,0.969441999517666,0.925384765052843,0.8069799919423071,0.626178136484364,0.458011103008864
0.0683977269842021,0.10646015039529301,0.21024387766240699,0.31690208218335697,0.378694129226457,0.41964960905130605,0.460219499481818,0.5041130363474939,0.5453456786038909,0.5727827264553579,0.6067220236912649,0.645600375431062,0.6700998767009859,0.6859452894598311,0.71939663955016,0.7491724528307522,0.7745514368471791,0.795270694407374,0.817544767070255,0.8477927269315441,0.861315195949698,0.8752756752185509,0.8907165959983571,0.9084602010817809,0.9252264026410429,0.943940236651462,0.969441999517666,1.0,0.960141595450418,0.843288419486163,0.651535775559942,0.516714790228892
0.085946708173927,0.0812905618062767,0.17736938857041798,0.272778543495293,0.332225704848841,0.373715880193912,0.40801050819428397,0.44995180479109204,0.49039304092865105,0.515786347356289,0.551536625505472,0.5909998340615229,0.6193211334840351,0.63440306429148,0.665827038722516,0.6968876427077021,0.7221533854361899,0.744536978560725,0.764974333707734,0.801565255174289,0.814935647169489,0.8330694633003679,0.8469717963921779,0.865026301387207,0.883291485069861,0.9011317420088579,0.925384765052843,0.960141595450418,1.0,0.8928952137018641,0.6903951486966121,0.555434531062448
0.09144857648674902,0.0315368896154095,0.100851091033112,0.17528018266873002,0.22561452780053304,0.257987063244789,0.285237530932491,0.330943920511029,0.367582706129038,0.39628559820230796,0.434981337768099,0.48441426670682297,0.508222545285095,0.5244306114613929,0.552402155668457,0.5824465900000521,0.6036052470760389,0.622686798223886,0.640896346755383,0.6793759094587961,0.6913672428321651,0.708791579980928,0.7227742414293241,0.7346736417191311,0.7619174838144541,0.776568908703595,0.8069799919423071,0.843288419486163,0.8928952137018641,1.0,0.883522370940288,0.676228396985958
0.0983819203287995,0.0013464699446073302,0.0416836684062999,0.0996698057315993,0.123270456538164,0.146820876577366,0.169560167078212,0.20590698777355998,0.23770744372132802,0.26637218916105,0.297085666285078,0.340782092865109,0.35373532972247496,0.37027710371320705,0.392339638927518,0.418280400656419,0.433747859244735,0.449850110595098,0.46636354767141297,0.495533312208565,0.49945650904804206,0.518189593969519,0.5339965702957179,0.542886351051185,0.5689157015102679,0.580065231913634,0.626178136484364,0.651535775559942,0.6903951486966121,0.883522370940288,1.0,0.619584562580422
0.135302954484686,0.0219737287844736,0.0120939120817528,0.0164718912436285,0.0375112577379114,0.054605443833819,0.0775910458933773,0.11948352316115302,0.132097949666261,0.15678942774604,0.19591696642967701,0.24651313498161498,0.258097218202229,0.273815958705199,0.29929497725404197,0.32182796267242303,0.337567113431523,0.33573636958114306,0.35349197172250396,0.396123714298441,0.4133467029988421,0.415036912328629,0.420087061688432,0.422262489159526,0.44557655185117795,0.43611881364963,0.458011103008864,0.516714790228892,0.555434531062448,0.676228396985958,0.619584562580422,1.0
