1.0,0.9839055194287759,0.8641557029789029,0.6685364631520021,0.667246557099391,0.6220754917149389,0.582239098985676,0.596101491075482,0.517420973129728,0.39301259953956996,0.31755528532311605,0.22990370750867198,0.18271649804319698,0.150950956135435,0.13176867404420403,0.140744664803186,0.14274905116158498,0.144285194850452,0.16195530091164997,0.15691346028428302,0.162354304895242,0.187247157102366,0.18909007082004997,0.194355622504844,0.194996101078935,0.186385520435915,0.17284247078792497,0.12815707842048402,0.10904078539441699,0.124308040318944,0.12263553074619099,0.117164480351536
0.9839055194287759,1.0,0.9401684922200151,0.79028045958111,0.783007669565784,0.7209511179086159,0.666740014356722,0.6757441845757439,0.5706872003118261,0.42392908314084393,0.342081114987498,0.24720765270894,0.195195633303402,0.1604258714176,0.13952350103459601,0.14933795925037,0.15169841732077802,0.153458213743434,0.171934362823651,0.166416280088744,0.171258121427949,0.194835058253428,0.19561158116552396,0.201366644648062,0.203756033662698,0.195759676784647,0.18234629588808898,0.13558485792754102,0.11552177382882,0.131155334931642,0.128975883267904,0.12304726641501701
0.8641557029789029,0.9401684922200151,1.0,0.950876062287808,0.932853945621507,0.8442188911755659,0.7675064545436591,0.7664323322465191,0.620592613790911,0.444504322637614,0.3578800041517371,0.257824327936544,0.201320853055899,0.163970227919372,0.14168020341655702,0.152204984048322,0.155030702778845,0.15705764599138197,0.175398244950919,0.169471596206697,0.172733030106328,0.19166672879765,0.190339658502424,0.19650713822622198,0.202014915221335,0.19591353080058999,0.18396155826854602,0.137474496448718,0.11742224399863699,0.132339110748098,0.129390347114618,0.123125934563262
0.6685364631520021,0.79028045958111,0.950876062287808,1.0,0.9841124673097509,0.8955168913843601,0.8136560316856959,0.8009048233789109,0.621013239426224,0.42746975483854205,0.343851171925431,0.247404339957073,0.190552332700005,0.15336404329621303,0.131364744290906,0.141249631681647,0.14400351034831302,0.145900032708951,0.16205069082918697,0.156109878396775,0.15730323159037699,0.16948758070150197,0.16607656253934303,0.171953077164016,0.179941216265787,0.17630020742092697,0.167038730773725,0.12554698248148,0.107536215537851,0.120569255970753,0.117369069837041,0.111468365189205
0.667246557099391,0.783007669565784,0.932853945621507,0.9841124673097509,1.0,0.9603022814890079,0.9032700656744731,0.8827458539331869,0.6691757634731271,0.451504917119258,0.36441589542596603,0.263430723645525,0.201083069326294,0.160372149187984,0.136436310087081,0.14552087217504903,0.147586701729184,0.14893511252546,0.164276699005656,0.157650490838299,0.157936143678549,0.168217747436633,0.163943121173504,0.169621906374637,0.178082599053821,0.17480221995518,0.16606745688981198,0.12510254909483998,0.10727470725999001,0.12106088768908199,0.118376555523004,0.11265095446568199
0.6220754917149389,0.7209511179086159,0.8442188911755659,0.8955168913843601,0.9603022814890079,1.0,0.9856663999284171,0.95425630584039,0.701579873452151,0.46007465012956394,0.3731640584635039,0.271577954132082,0.204626927854317,0.161013611812271,0.13558276910319,0.14282244541300398,0.14367363143544598,0.144073657819561,0.15715203519694002,0.14987738220873997,0.148718381080581,0.15534556981039,0.149990436543011,0.15499135631561098,0.16364745679072798,0.161145811322394,0.15380341575191,0.116315085479194,0.0999274100230753,0.11400550950501598,0.11230525951320501,0.107225001183498
0.582239098985676,0.666740014356722,0.7675064545436591,0.8136560316856959,0.9032700656744731,0.9856663999284171,1.0,0.977435402848147,0.741337348205158,0.504734606975374,0.41374431267861106,0.30542734019464196,0.229138533984236,0.17901740759414603,0.14990986456399602,0.15605638145007,0.15572433669627,0.154949203503278,0.164363115340422,0.154256988066604,0.15085801587460998,0.154709089179894,0.14802655348070598,0.15207414956853102,0.15996617468320498,0.157189465604975,0.148953731315852,0.11182313646404302,0.0957264697423811,0.110123643559657,0.109196766752179,0.104558912097194
0.596101491075482,0.6757441845757439,0.7664323322465191,0.8009048233789109,0.8827458539331869,0.95425630584039,0.977435402848147,1.0,0.8663757545746089,0.6683571710040589,0.55671891761766,0.4196458303607021,0.31692485790323904,0.248079059492628,0.20805450691232,0.21485024934022698,0.21315697408427,0.21051124322197798,0.213832563926395,0.195456994387667,0.18764966924210197,0.190207206486196,0.18092268312805604,0.18369032929128698,0.189587737575127,0.18428561078028102,0.17003051030455898,0.12428222730322801,0.104986825833563,0.12106472818428,0.12057411218060801,0.11567442944681698
0.517420973129728,0.5706872003118261,0.620592613790911,0.621013239426224,0.6691757634731271,0.701579873452151,0.741337348205158,0.8663757545746089,1.0,0.930224270281246,0.7906439690489658,0.6112154068554859,0.465210314426891,0.364968499013272,0.30661778238519,0.31367779506468607,0.309082943104682,0.302509490248468,0.29080594924283004,0.256315770062343,0.23954612477046602,0.238567348935833,0.22486723824370197,0.22409140696348198,0.224170575943437,0.21388929445383298,0.188068722061297,0.13050041262158601,0.107250357003946,0.12429567868164301,0.124928184659333,0.12032559459555
0.39301259953956996,0.42392908314084393,0.444504322637614,0.42746975483854205,0.451504917119258,0.46007465012956394,0.504734606975374,0.6683571710040589,0.930224270281246,1.0,0.941006293082431,0.8135396587344008,0.671447354695963,0.55526401857188,0.485042446708471,0.4874351625264411,0.473249503272942,0.45687831106036,0.41906017592267497,0.357087091556784,0.322339632957685,0.30633954083673304,0.281510690543807,0.275285899219666,0.270984420160608,0.255997124588362,0.21058507027542397,0.13348375986450697,0.10398879264807301,0.121023034426762,0.123377120309532,0.119550265075111
0.31755528532311605,0.342081114987498,0.3578800041517371,0.343851171925431,0.36441589542596603,0.3731640584635039,0.41374431267861106,0.55671891761766,0.7906439690489658,0.941006293082431,1.0,0.962322370215606,0.8503316774824201,0.732006053362866,0.6572273158686249,0.6537500625404761,0.6291154270658621,0.602696969541706,0.541811360016493,0.45466296200424394,0.40255717695839505,0.36975135458537295,0.333159495800282,0.322512476764386,0.316918438312584,0.299062789242752,0.235700079782787,0.13930231336849402,0.103523760786195,0.12068379541357599,0.124452062179108,0.121170944134366
0.22990370750867198,0.24720765270894,0.257824327936544,0.247404339957073,0.263430723645525,0.271577954132082,0.30542734019464196,0.4196458303607021,0.6112154068554859,0.8135396587344008,0.962322370215606,1.0,0.9217256985211221,0.811746002160873,0.7396676810937691,0.7317694894480258,0.7008345812959799,0.6685904149686229,0.5943492885094879,0.494386112831306,0.432765369785783,0.38924655066330893,0.34631587585796403,0.333021261497323,0.32686454307077,0.308223230867236,0.23582735928266702,0.132125699423647,0.0943421008690488,0.11014320957950899,0.11472722465955,0.11216379480896901
0.18271649804319698,0.195195633303402,0.201320853055899,0.190552332700005,0.201083069326294,0.204626927854317,0.229138533984236,0.31692485790323904,0.465210314426891,0.671447354695963,0.8503316774824201,0.9217256985211221,1.0,0.974526616360395,0.942421543216134,0.9215413972045121,0.872502168231626,0.824283840475502,0.7175807513101609,0.586894478156511,0.513094067421476,0.479560836710411,0.43652708000633,0.41946907355621005,0.40074786369359905,0.37139084268992,0.281748838709708,0.157494618371043,0.112255236232919,0.124525035603678,0.125575431025,0.12112126937890598
0.150950956135435,0.1604258714176,0.163970227919372,0.15336404329621303,0.160372149187984,0.161013611812271,0.17901740759414603,0.248079059492628,0.364968499013272,0.55526401857188,0.732006053362866,0.811746002160873,0.974526616360395,1.0,0.993417520714537,0.9666185673774649,0.910637123545308,0.856640929491037,0.738905185978216,0.5997308438150141,0.524410250846281,0.499970161282114,0.460268886259276,0.442339296264311,0.41744893854696796,0.383732348118961,0.29055797719646004,0.16291092813486802,0.116391841977071,0.12589511577854498,0.12470843799359599,0.11935852331780199
0.13176867404420403,0.13952350103459601,0.14168020341655702,0.131364744290906,0.136436310087081,0.13558276910319,0.14990986456399602,0.20805450691232,0.30661778238519,0.485042446708471,0.6572273158686249,0.7396676810937691,0.942421543216134,0.993417520714537,1.0,0.970703022112605,0.912272617637024,0.85638327095917,0.7353192957768141,0.594536454462709,0.519915190560655,0.500598399976485,0.463377112093736,0.445353650220183,0.41780000763335706,0.382517332577019,0.289364357039464,0.16248540883715698,0.116224161579269,0.124128196860522,0.12182215676377099,0.116119547605773
0.140744664803186,0.14933795925037,0.152204984048322,0.141249631681647,0.14552087217504903,0.14282244541300398,0.15605638145007,0.21485024934022698,0.31367779506468607,0.4874351625264411,0.6537500625404761,0.7317694894480258,0.9215413972045121,0.9666185673774649,0.970703022112605,1.0,0.983957146322587,0.955056866963926,0.830267072099871,0.678279087795227,0.6006886570622171,0.5893572962822429,0.5511373260364649,0.5288672723684089,0.488639905098776,0.4427181604445829,0.33508332952908193,0.18997348159917002,0.136900237791785,0.15436227009466902,0.156928679065367,0.15188336059465699
0.14274905116158498,0.15169841732077802,0.155030702778845,0.14400351034831302,0.147586701729184,0.14367363143544598,0.15572433669627,0.21315697408427,0.309082943104682,0.473249503272942,0.6291154270658621,0.7008345812959799,0.872502168231626,0.910637123545308,0.912272617637024,0.983957146322587,1.0,0.9922433728178071,0.8694990613889849,0.71498080298491,0.638085221961573,0.6329222754402261,0.595316050015407,0.570740917413309,0.522728018832059,0.47070503619803294,0.35638954524029903,0.20320594069963702,0.14707377027593202,0.17101346743548698,0.17713057382476602,0.172773818915095
0.144285194850452,0.153458213743434,0.15705764599138197,0.145900032708951,0.14893511252546,0.144073657819561,0.154949203503278,0.21051124322197798,0.302509490248468,0.45687831106036,0.602696969541706,0.6685904149686229,0.824283840475502,0.856640929491037,0.85638327095917,0.955056866963926,0.9922433728178071,1.0,0.89632087195665,0.750419753955908,0.6776123920475831,0.6711729133826261,0.6308205220241929,0.604243945978354,0.552658744244003,0.49717795904979495,0.379103212818807,0.21914122737163896,0.16024880823889903,0.187700230593254,0.194844055938998,0.190224047672099
0.16195530091164997,0.171934362823651,0.175398244950919,0.16205069082918697,0.164276699005656,0.15715203519694002,0.164363115340422,0.213832563926395,0.29080594924283004,0.41906017592267497,0.541811360016493,0.5943492885094879,0.7175807513101609,0.738905185978216,0.7353192957768141,0.830267072099871,0.8694990613889849,0.89632087195665,1.0,0.9656912228969091,0.9299484802559631,0.8566493750781321,0.7732008060731809,0.7380242762229979,0.700681891250551,0.6466704755382421,0.524524297345963,0.330283889007039,0.25621642023818997,0.276844494124317,0.268349488943929,0.254368732501753
0.15691346028428302,0.166416280088744,0.169471596206697,0.156109878396775,0.157650490838299,0.14987738220873997,0.154256988066604,0.195456994387667,0.256315770062343,0.357087091556784,0.45466296200424394,0.494386112831306,0.586894478156511,0.5997308438150141,0.594536454462709,0.678279087795227,0.71498080298491,0.750419753955908,0.9656912228969091,1.0,0.9893618586785291,0.883870272741352,0.783111462085951,0.746241003503827,0.7207890152040469,0.6727709531148979,0.5598479418211171,0.363990350025919,0.28807392318699,0.302745400738088,0.285898372918278,0.267763844904022
0.162354304895242,0.171258121427949,0.172733030106328,0.15730323159037699,0.157936143678549,0.148718381080581,0.15085801587460998,0.18764966924210197,0.23954612477046602,0.322339632957685,0.40255717695839505,0.432765369785783,0.513094067421476,0.524410250846281,0.519915190560655,0.6006886570622171,0.638085221961573,0.6776123920475831,0.9299484802559631,0.9893618586785291,1.0,0.923534137233538,0.8348248791015892,0.801422256584592,0.769865077677134,0.716033177304966,0.5994103791195771,0.39405310450376796,0.313960569818977,0.33096814776925,0.31277155111696997,0.293029676934916
0.187247157102366,0.194835058253428,0.19166672879765,0.16948758070150197,0.168217747436633,0.15534556981039,0.154709089179894,0.190207206486196,0.238567348935833,0.30633954083673304,0.36975135458537295,0.38924655066330893,0.479560836710411,0.499970161282114,0.500598399976485,0.5893572962822429,0.6329222754402261,0.6711729133826261,0.8566493750781321,0.883870272741352,0.923534137233538,1.0,0.982120939384896,0.9636414723111351,0.891833548805504,0.808958550930221,0.66569204271502,0.43355022360871703,0.34348495861702005,0.37821250464692496,0.369803357364543,0.351907095829157
0.18909007082004997,0.19561158116552396,0.190339658502424,0.16607656253934303,0.163943121173504,0.149990436543011,0.14802655348070598,0.18092268312805604,0.22486723824370197,0.281510690543807,0.333159495800282,0.34631587585796403,0.43652708000633,0.460268886259276,0.463377112093736,0.5511373260364649,0.595316050015407,0.6308205220241929,0.7732008060731809,0.783111462085951,0.8348248791015892,0.982120939384896,1.0,0.9898696442342361,0.9022834952456079,0.8097448643471229,0.6613389354323461,0.428913391752678,0.338943721189452,0.38044486245862297,0.37730591269337393,0.3613072613991711
0.194355622504844,0.201366644648062,0.19650713822622198,0.171953077164016,0.169621906374637,0.15499135631561098,0.15207414956853102,0.18369032929128698,0.22409140696348198,0.275285899219666,0.322512476764386,0.333021261497323,0.41946907355621005,0.442339296264311,0.445353650220183,0.5288672723684089,0.570740917413309,0.604243945978354,0.7380242762229979,0.746241003503827,0.801422256584592,0.9636414723111351,0.9898696442342361,1.0,0.9496451134436059,0.8765914801014079,0.723527439448638,0.46798409282186704,0.36920866995410395,0.409182185440098,0.402343890771026,0.38383301888579296
0.194996101078935,0.203756033662698,0.202014915221335,0.179941216265787,0.178082599053821,0.16364745679072798,0.15996617468320498,0.189587737575127,0.224170575943437,0.270984420160608,0.316918438312584,0.32686454307077,0.40074786369359905,0.41744893854696796,0.41780000763335706,0.488639905098776,0.522728018832059,0.552658744244003,0.700681891250551,0.7207890152040469,0.769865077677134,0.891833548805504,0.9022834952456079,0.9496451134436059,1.0,0.9832350848385241,0.831947691005455,0.537215048191003,0.42339276107269896,0.451691820581789,0.431981478340395,0.406967933350579
0.186385520435915,0.195759676784647,0.19591353080058999,0.17630020742092697,0.17480221995518,0.161145811322394,0.157189465604975,0.18428561078028102,0.21388929445383298,0.255997124588362,0.299062789242752,0.308223230867236,0.37139084268992,0.383732348118961,0.382517332577019,0.4427181604445829,0.47070503619803294,0.49717795904979495,0.6466704755382421,0.6727709531148979,0.716033177304966,0.808958550930221,0.8097448643471229,0.8765914801014079,0.9832350848385241,1.0,0.8567162200777919,0.5527552726064421,0.435420091271303,0.45562143176090897,0.429328180127902,0.40168272738744
0.17284247078792497,0.18234629588808898,0.18396155826854602,0.167038730773725,0.16606745688981198,0.15380341575191,0.148953731315852,0.17003051030455898,0.188068722061297,0.21058507027542397,0.235700079782787,0.23582735928266702,0.281748838709708,0.29055797719646004,0.289364357039464,0.33508332952908193,0.35638954524029903,0.379103212818807,0.524524297345963,0.5598479418211171,0.5994103791195771,0.66569204271502,0.6613389354323461,0.723527439448638,0.831947691005455,0.8567162200777919,1.0,0.902343293910871,0.835795385099821,0.791675366847947,0.65276656646429,0.5696266780867351
0.12815707842048402,0.13558485792754102,0.137474496448718,0.12554698248148,0.12510254909483998,0.116315085479194,0.11182313646404302,0.12428222730322801,0.13050041262158601,0.13348375986450697,0.13930231336849402,0.132125699423647,0.157494618371043,0.16291092813486802,0.16248540883715698,0.18997348159917002,0.20320594069963702,0.21914122737163896,0.330283889007039,0.363990350025919,0.39405310450376796,0.43355022360871703,0.428913391752678,0.46798409282186704,0.537215048191003,0.5527552726064421,0.902343293910871,1.0,0.990820976496229,0.904910688532515,0.7033035624377539,0.592143916362459
0.10904078539441699,0.11552177382882,0.11742224399863699,0.107536215537851,0.10727470725999001,0.0999274100230753,0.0957264697423811,0.104986825833563,0.107250357003946,0.10398879264807301,0.103523760786195,0.0943421008690488,0.112255236232919,0.116391841977071,0.116224161579269,0.136900237791785,0.14707377027593202,0.16024880823889903,0.25621642023818997,0.28807392318699,0.313960569818977,0.34348495861702005,0.338943721189452,0.36920866995410395,0.42339276107269896,0.435420091271303,0.835795385099821,0.990820976496229,1.0,0.9044028383291641,0.6911569913136091,0.575634435677382
0.124308040318944,0.131155334931642,0.132339110748098,0.120569255970753,0.12106088768908199,0.11400550950501598,0.110123643559657,0.12106472818428,0.12429567868164301,0.121023034426762,0.12068379541357599,0.11014320957950899,0.124525035603678,0.12589511577854498,0.124128196860522,0.15436227009466902,0.17101346743548698,0.187700230593254,0.276844494124317,0.302745400738088,0.33096814776925,0.37821250464692496,0.38044486245862297,0.409182185440098,0.451691820581789,0.45562143176090897,0.791675366847947,0.904910688532515,0.9044028383291641,1.0,0.933235672046019,0.8691492530577071
0.12263553074619099,0.128975883267904,0.129390347114618,0.117369069837041,0.118376555523004,0.11230525951320501,0.109196766752179,0.12057411218060801,0.124928184659333,0.123377120309532,0.124452062179108,0.11472722465955,0.125575431025,0.12470843799359599,0.12182215676377099,0.156928679065367,0.17713057382476602,0.194844055938998,0.268349488943929,0.285898372918278,0.31277155111696997,0.369803357364543,0.37730591269337393,0.402343890771026,0.431981478340395,0.429328180127902,0.65276656646429,0.7033035624377539,0.6911569913136091,0.933235672046019,1.0,0.988795437064707
0.117164480351536,0.12304726641501701,0.123125934563262,0.111468365189205,0.11265095446568199,0.107225001183498,0.104558912097194,0.11567442944681698,0.12032559459555,0.119550265075111,0.121170944134366,0.11216379480896901,0.12112126937890598,0.11935852331780199,0.116119547605773,0.15188336059465699,0.172773818915095,0.190224047672099,0.254368732501753,0.267763844904022,0.293029676934916,0.351907095829157,0.3613072613991711,0.38383301888579296,0.406967933350579,0.40168272738744,0.5696266780867351,0.592143916362459,0.575634435677382,0.8691492530577071,0.988795437064707,1.0
