1.0,0.998774125489587,0.9940648503210271,0.9836246208327719,0.963854440267341,0.9291735481967209,0.871568481041375,0.7813596493128009,0.6510527390976679,0.482645501527931,0.292391829449647,0.215456378220888,0.16440642612066197,0.13278570796858802,0.11339821396688499,0.10064626356161199,0.0917115601463658,0.0851334653819668,0.0801002486164684,0.0761302707928775,0.0729214798748081,0.0749221871057999,0.0813085181994464,0.0792346979342338,0.0759025039701848,0.072962308784337,0.0705948170561896,0.0687091871778887,0.0671932277984165,0.0659567673103055,0.0649331601514705,0.0640739081985779
0.998774125489587,1.0,0.998231309046414,0.991340164657203,0.975861120222462,0.9463318506932409,0.894768581184506,0.8112937864648929,0.68782670999018,0.525406687779619,0.339370138407426,0.25776316575058394,0.19748717169185798,0.160021757098036,0.137020664924333,0.12188155228634,0.11126980876990801,0.10345477817442501,0.0974738879775128,0.0927556902013217,0.0889416728769362,0.0905296721969734,0.0953263614479874,0.09126614105986999,0.0864172615177744,0.0823891968446957,0.0792288720233799,0.0767479135725001,0.07477164010097401,0.0731700034940529,0.071850292060882,0.0707464524721059
0.9940648503210271,0.998231309046414,1.0,0.997393650449131,0.9871184392810941,0.963871985888336,0.919732046760077,0.844615388058582,0.729763123532269,0.5750601615890029,0.39469132684322206,0.307738329971025,0.23657718710982603,0.19221370047443498,0.16494721291559,0.14699017735208,0.134398696454389,0.12512343084060198,0.118023766160277,0.112422245723054,0.107893710953996,0.108980900293912,0.11185287944795402,0.10542014616465699,0.0987654381925891,0.0934438941439571,0.0893416171397014,0.0861537081661193,0.0836310012612594,0.0815959779987418,0.0799249216719898,0.0785309091783382
0.9836246208327719,0.991340164657203,0.997393650449131,1.0,0.996089343653229,0.9805786219364971,0.945657923925605,0.8810422792807192,0.777191409103318,0.632589678896557,0.4599568426878429,0.366928839459517,0.28289498330376,0.23037039629161102,0.19805673820202802,0.176765033342439,0.16183065851284803,0.150827239690401,0.142403500434759,0.13575654476778998,0.13038234812995697,0.130856553899443,0.13137892682823,0.12209732897334499,0.113282577322904,0.10641647393377698,0.10119047919333302,0.0971597201417695,0.0939858156743327,0.0914344779816985,0.089344948632809,0.0876053887248721
0.963854440267341,0.975861120222462,0.9871184392810941,0.996089343653229,1.0,0.994072013291077,0.9706884938094291,0.919390486200943,0.829748635813759,0.6985430766389,0.5366092131922071,0.4368029324811721,0.33760297786660104,0.27545798207428196,0.237193449492587,0.211969585869974,0.194272352236785,0.181230919861234,0.171245648924676,0.163365742579382,0.15699418279707997,0.156714408696461,0.154355926723393,0.141651750708602,0.130254581722203,0.121545895544791,0.11498099952818598,0.10994677908446199,0.105998010435331,0.102832554359888,0.100245435751067,0.0980951000575109
0.9291735481967209,0.9463318506932409,0.963871985888336,0.9805786219364971,0.994072013291077,1.0,0.9910650281352399,0.956706373072908,0.8855126178994119,0.7722012889745641,0.625172575303705,0.518097049031697,0.401299467113782,0.32798326538782296,0.282806691092338,0.25301491189539305,0.232107839040652,0.21669854124359,0.20489892882787197,0.195586413256636,0.18805595295248498,0.18685135253852103,0.18097308427835104,0.16419360557624402,0.149740979771927,0.138858385777678,0.130716376361909,0.12450138752628001,0.119641499089801,0.11575432044660698,0.112582665917785,0.109949933869001
0.871568481041375,0.894768581184506,0.919732046760077,0.945657923925605,0.9706884938094291,0.9910650281352399,1.0,0.986978997340282,0.939570780859223,0.8500481338344191,0.7236876369697121,0.6094297778362421,0.47293681986680297,0.387104306806081,0.334180394880878,0.29926765010612105,0.274761670252075,0.256697274742749,0.24286311133168698,0.23194403566422803,0.22311391226964,0.22079428038951698,0.21069329339119602,0.189186280751564,0.171219531526392,0.157846416789151,0.147901602293393,0.14033880316856,0.134439940394596,0.129730370402107,0.12589302511466402,0.12271117020891902
0.7813596493128009,0.8112937864648929,0.844615388058582,0.8810422792807192,0.919390486200943,0.956706373072908,0.986978997340282,1.0,0.98240410177401,0.9236997243489291,0.825270968731253,0.705070466385287,0.548073862132486,0.44918977761049395,0.38818234354842207,0.34792475550028995,0.319661819090424,0.298825369618234,0.282866837774007,0.270270161746043,0.260082831637927,0.256473725118213,0.24152071219865198,0.214824310778457,0.193047241375887,0.176988910014979,0.165106649740268,0.15609842333342,0.14908697893495698,0.14349771513808998,0.138948893645919,0.135180539532581
0.6510527390976679,0.68782670999018,0.729763123532269,0.777191409103318,0.829748635813759,0.8855126178994119,0.939570780859223,0.98240410177401,1.0,0.9790003309036199,0.9162242175834909,0.793055865589236,0.617387898067786,0.506584166167474,0.43818652748490294,0.39303988027814796,0.361339230986092,0.337965716270406,0.32006258863375703,0.305930091876725,0.294500139658604,0.289511850249951,0.269414165564171,0.23756555385894898,0.212076623715172,0.193425740674976,0.17968257174400198,0.16929071274424298,0.16121678989385002,0.15478893528971802,0.14956280832290803,0.145236730954455
0.482645501527931,0.525406687779619,0.5750601615890029,0.632589678896557,0.6985430766389,0.7722012889745641,0.8500481338344191,0.9236997243489291,0.9790003309036199,1.0,0.9786630295409341,0.8572073189116379,0.6682222518677341,0.548863064171609,0.4751489286543279,0.4264809839595611,0.39230258833864,0.367099593648133,0.347793730786794,0.332553079442095,0.32022634375125,0.31393322164890697,0.289028123637927,0.25283632509658,0.224320666916303,0.20358986299878304,0.18836804984476,0.17688375583485197,0.167974746263988,0.160889998921071,0.15513470725450598,0.15037380309182097
0.292391829449647,0.339370138407426,0.39469132684322206,0.4599568426878429,0.5366092131922071,0.625172575303705,0.7236876369697121,0.825270968731253,0.9162242175834909,0.9786630295409341,1.0,0.885432692759234,0.691057542379169,0.568148299146326,0.492208654443964,0.442060072105345,0.40683700122710603,0.380861247703039,0.360962102980671,0.34525229856065004,0.332545603917833,0.325204799103609,0.296512782440676,0.257481681797443,0.22712734016457503,0.205181274024374,0.18911608572014899,0.17701882684615,0.16764678031612698,0.16020106380375101,0.154157036138052,0.149160216130163
0.215456378220888,0.25776316575058394,0.307738329971025,0.366928839459517,0.4368029324811721,0.518097049031697,0.6094297778362421,0.705070466385287,0.793055865589236,0.8572073189116379,0.885432692759234,1.0,0.9475027473071691,0.8849373464457329,0.8396294880530859,0.8074365790409971,0.7838484448390821,0.7659664780145881,0.7519988630355899,0.740811445644369,0.731661126581768,0.7230182365349251,0.6434941169880429,0.548341857688077,0.47642384910045504,0.42507030440735205,0.387738449695163,0.35975171688736496,0.33813642485717793,0.321002789733388,0.30711874737575606,0.29565603491682896
0.16440642612066197,0.19748717169185798,0.23657718710982603,0.28289498330376,0.33760297786660104,0.401299467113782,0.47293681986680297,0.548073862132486,0.617387898067786,0.6682222518677341,0.691057542379169,0.9475027473071691,1.0,0.9873902639740341,0.969225230551577,0.9536848890150259,0.941246541360396,0.9313148597475379,0.9232872411529109,0.916699527913315,0.9112128237942609,0.902932529895629,0.7991466361615931,0.6779357286421889,0.586861757216575,0.522001274392286,0.47492081361714295,0.439659680189761,0.412444302641783,0.390882336102928,0.37341646946867696,0.359000920615049
0.13278570796858802,0.160021757098036,0.19221370047443498,0.23037039629161102,0.27545798207428196,0.32798326538782296,0.387104306806081,0.44918977761049395,0.506584166167474,0.548863064171609,0.568148299146326,0.8849373464457329,0.9873902639740341,1.0,0.9959743881111659,0.9892784943493291,0.9828404638455941,0.977228287701063,0.9724513952584809,0.968395256682795,0.964934175701925,0.9571530266626641,0.8453615026387049,0.7159279633551021,0.618885525598572,0.549841510748016,0.499751921001194,0.462250386376971,0.43331297770095295,0.41039088179747707,0.39182587332788604,0.37650484580418103
0.11339821396688499,0.137020664924333,0.16494721291559,0.19805673820202802,0.237193449492587,0.282806691092338,0.334180394880878,0.38818234354842207,0.43818652748490294,0.4751489286543279,0.492208654443964,0.8396294880530859,0.969225230551577,0.9959743881111659,1.0,0.9983869313551259,0.995418392476673,0.9923147475915459,0.989431876616647,0.986854501016742,0.98457904988657,0.97716741767315,0.862091036153286,0.7294467507579631,0.630108290557374,0.559466327953413,0.508232142029686,0.46988073923916296,0.44029135848190004,0.41685504765042797,0.397874955233911,0.382212281781243
0.10064626356161199,0.12188155228634,0.14699017735208,0.176765033342439,0.211969585869974,0.25301491189539305,0.29926765010612105,0.34792475550028995,0.39303988027814796,0.4264809839595611,0.442060072105345,0.8074365790409971,0.9536848890150259,0.9892784943493291,0.9983869313551259,1.0,0.9992413680274029,0.99773952757559,0.9960683162104119,0.9944383069528391,0.9929232970302281,0.9857765675194101,0.8690986294351031,0.734972861784127,0.6345936507638079,0.563233632967951,0.5114877493900221,0.47275769817332,0.44287853977401004,0.419214091251039,0.400050099329068,0.384236231494846
0.0917115601463658,0.11126980876990801,0.134398696454389,0.16183065851284803,0.194272352236785,0.232107839040652,0.274761670252075,0.319661819090424,0.361339230986092,0.39230258833864,0.40683700122710603,0.7838484448390821,0.941246541360396,0.9828404638455941,0.995418392476673,0.9992413680274029,1.0,0.9995996918277981,0.998762715256317,0.997785576358837,0.9967950041130079,0.9898433095136421,0.872284425057119,0.7373926157835979,0.636486735212553,0.564767272187557,0.51276690879516,0.47384936498293295,0.44382716572118,0.420050366247318,0.400795974070056,0.38490789123655
0.0851334653819668,0.10345477817442501,0.12512343084060198,0.150827239690401,0.181230919861234,0.21669854124359,0.256697274742749,0.298825369618234,0.337965716270406,0.367099593648133,0.380861247703039,0.7659664780145881,0.9313148597475379,0.977228287701063,0.9923147475915459,0.99773952757559,0.9995996918277981,1.0,0.999769870338597,0.999267955010242,0.998659316002544,0.9918559234445808,0.873768903282346,0.7384489248666629,0.637256437529877,0.5653440830147629,0.5132083214185429,0.47419159647592896,0.444094045805105,0.42025824827725605,0.40095650189637294,0.3850296202151471
0.0801002486164684,0.0974738879775128,0.118023766160277,0.142403500434759,0.171245648924676,0.20489892882787197,0.24286311133168698,0.282866837774007,0.32006258863375703,0.347793730786794,0.360962102980671,0.7519988630355899,0.9232872411529109,0.9724513952584809,0.989431876616647,0.9960683162104119,0.998762715256317,0.999769870338597,1.0,0.999858686755991,0.9995399701862121,0.992852657088688,0.8744282008273441,0.7388557816490291,0.6374999795438361,0.565479743437897,0.5132691400713271,0.47419803354228995,0.444059410162773,0.4201915980719829,0.400864246337313,0.38491644529813795
0.0761302707928775,0.0927556902013217,0.112422245723054,0.13575654476778998,0.163365742579382,0.195586413256636,0.23194403566422803,0.270270161746043,0.305930091876725,0.332553079442095,0.34525229856065004,0.740811445644369,0.916699527913315,0.968395256682795,0.986854501016742,0.9944383069528391,0.997785576358837,0.999267955010242,0.999858686755991,1.0,0.999908579813985,0.9933143818269721,0.87466358962782,0.738936955642861,0.6374857753135029,0.5654041646339829,0.513151706116301,0.474050551451365,0.443889436116442,0.420004213351287,0.40066301298892604,0.38470394840360106
0.0729214798748081,0.0889416728769362,0.107893710953996,0.13038234812995697,0.15699418279707997,0.18805595295248498,0.22311391226964,0.260082831637927,0.294500139658604,0.32022634375125,0.332545603917833,0.731661126581768,0.9112128237942609,0.964934175701925,0.98457904988657,0.9929232970302281,0.9967950041130079,0.998659316002544,0.9995399701862121,0.999908579813985,1.0,0.99348204977917,0.874673541718359,0.738850703126259,0.6373436129933979,0.5652274195193749,0.5129520116725991,0.473834707324775,0.44366168653144894,0.41976735826383793,0.400418985563936,0.384454134285274
0.0749221871057999,0.0905296721969734,0.108980900293912,0.130856553899443,0.156714408696461,0.18685135253852103,0.22079428038951698,0.256473725118213,0.289511850249951,0.31393322164890697,0.325204799103609,0.7230182365349251,0.902932529895629,0.9571530266626641,0.97716741767315,0.9857765675194101,0.9898433095136421,0.9918559234445808,0.992852657088688,0.9933143818269721,0.99348204977917,1.0,0.924122909922148,0.810677263955989,0.7208170910099359,0.6553439161645439,0.607211077337322,0.5708687654592091,0.542661099722303,0.520220740326231,0.501985951452075,0.4868982286168429
0.0813085181994464,0.0953263614479874,0.11185287944795402,0.13137892682823,0.154355926723393,0.18097308427835104,0.21069329339119602,0.24152071219865198,0.269414165564171,0.289028123637927,0.296512782440676,0.6434941169880429,0.7991466361615931,0.8453615026387049,0.862091036153286,0.8690986294351031,0.872284425057119,0.873768903282346,0.8744282008273441,0.87466358962782,0.874673541718359,0.924122909922148,1.0,0.972879682564397,0.930963544450275,0.8942266369185129,0.864727913051375,0.841268966244304,0.822427199824987,0.8070694884228371,0.794361719451328,0.78369830825346
0.0792346979342338,0.09126614105986999,0.10542014616465699,0.12209732897334499,0.141651750708602,0.16419360557624402,0.189186280751564,0.214824310778457,0.23756555385894898,0.25283632509658,0.257481681797443,0.548341857688077,0.6779357286421889,0.7159279633551021,0.7294467507579631,0.734972861784127,0.7373926157835979,0.7384489248666629,0.7388557816490291,0.738936955642861,0.738850703126259,0.810677263955989,0.972879682564397,1.0,0.990170245039966,0.97351341277693,0.9574503707257259,0.943504500499469,0.931709111547246,0.92176102355843,0.913327546077832,0.906121522436131
0.0759025039701848,0.0864172615177744,0.0987654381925891,0.113282577322904,0.130254581722203,0.149740979771927,0.171219531526392,0.193047241375887,0.212076623715172,0.224320666916303,0.22712734016457503,0.47642384910045504,0.586861757216575,0.618885525598572,0.630108290557374,0.6345936507638079,0.636486735212553,0.637256437529877,0.6374999795438361,0.6374857753135029,0.6373436129933979,0.7208170910099359,0.930963544450275,0.990170245039966,1.0,0.995921882307413,0.988404311872912,0.9805764991484559,0.9733512233940209,0.9669350995854609,0.961307358443116,0.9563809190262769
0.072962308784337,0.0823891968446957,0.0934438941439571,0.10641647393377698,0.121545895544791,0.138858385777678,0.157846416789151,0.176988910014979,0.193425740674976,0.20358986299878304,0.205181274024374,0.42507030440735205,0.522001274392286,0.549841510748016,0.559466327953413,0.563233632967951,0.564767272187557,0.5653440830147629,0.565479743437897,0.5654041646339829,0.5652274195193749,0.6553439161645439,0.8942266369185129,0.97351341277693,0.995921882307413,1.0,0.998072905222629,0.9942730265329001,0.9900709245344979,0.9859998987939941,0.982240597379052,0.97883590303177
0.0705948170561896,0.0792288720233799,0.0893416171397014,0.10119047919333302,0.11498099952818598,0.130716376361909,0.147901602293393,0.165106649740268,0.17968257174400198,0.18836804984476,0.18911608572014899,0.387738449695163,0.47492081361714295,0.499751921001194,0.508232142029686,0.5114877493900221,0.51276690879516,0.5132083214185429,0.5132691400713271,0.513151706116301,0.5129520116725991,0.607211077337322,0.864727913051375,0.9574503707257259,0.988404311872912,0.998072905222629,1.0,0.998988473088585,0.996885562590236,0.9944467347462841,0.99199031554207,0.989648372458583
0.0687091871778887,0.0767479135725001,0.0861537081661193,0.0971597201417695,0.10994677908446199,0.12450138752628001,0.14033880316856,0.15609842333342,0.16929071274424298,0.17688375583485197,0.17701882684615,0.35975171688736496,0.439659680189761,0.462250386376971,0.46988073923916296,0.47275769817332,0.47384936498293295,0.47419159647592896,0.47419803354228995,0.474050551451365,0.473834707324775,0.5708687654592091,0.841268966244304,0.943504500499469,0.9805764991484559,0.9942730265329001,0.998988473088585,1.0,0.9994233617846991,0.998173201686302,0.9966668493789251,0.995100683288116
0.0671932277984165,0.07477164010097401,0.0836310012612594,0.0939858156743327,0.105998010435331,0.119641499089801,0.134439940394596,0.14908697893495698,0.16121678989385002,0.167974746263988,0.16764678031612698,0.33813642485717793,0.412444302641783,0.43331297770095295,0.44029135848190004,0.44287853977401004,0.44382716572118,0.444094045805105,0.444059410162773,0.443889436116442,0.44366168653144894,0.542661099722303,0.822427199824987,0.931709111547246,0.9733512233940209,0.9900709245344979,0.996885562590236,0.9994233617846991,1.0,0.999649090591444,0.9988621624987641,0.9978838927493991
0.0659567673103055,0.0731700034940529,0.0815959779987418,0.0914344779816985,0.102832554359888,0.11575432044660698,0.129730370402107,0.14349771513808998,0.15478893528971802,0.160889998921071,0.16020106380375101,0.321002789733388,0.390882336102928,0.41039088179747707,0.41685504765042797,0.419214091251039,0.420050366247318,0.42025824827725605,0.4201915980719829,0.420004213351287,0.41976735826383793,0.520220740326231,0.8070694884228371,0.92176102355843,0.9669350995854609,0.9859998987939941,0.9944467347462841,0.998173201686302,0.999649090591444,1.0,0.9997749507692459,0.999256103474932
0.0649331601514705,0.071850292060882,0.0799249216719898,0.089344948632809,0.100245435751067,0.112582665917785,0.12589302511466402,0.138948893645919,0.14956280832290803,0.15513470725450598,0.154157036138052,0.30711874737575606,0.37341646946867696,0.39182587332788604,0.397874955233911,0.400050099329068,0.400795974070056,0.40095650189637294,0.400864246337313,0.40066301298892604,0.400418985563936,0.501985951452075,0.794361719451328,0.913327546077832,0.961307358443116,0.982240597379052,0.99199031554207,0.9966668493789251,0.9988621624987641,0.9997749507692459,1.0,0.9998493469303492
0.0640739081985779,0.0707464524721059,0.0785309091783382,0.0876053887248721,0.0980951000575109,0.109949933869001,0.12271117020891902,0.135180539532581,0.145236730954455,0.15037380309182097,0.149160216130163,0.29565603491682896,0.359000920615049,0.37650484580418103,0.382212281781243,0.384236231494846,0.38490789123655,0.3850296202151471,0.38491644529813795,0.38470394840360106,0.384454134285274,0.4868982286168429,0.78369830825346,0.906121522436131,0.9563809190262769,0.97883590303177,0.989648372458583,0.995100683288116,0.9978838927493991,0.999256103474932,0.9998493469303492,1.0
