1.0,0.7824176991634509,0.699809246815857,0.6544017661250671,0.6178061930490699,0.583561874949783,0.567233945557333,0.5526998582041359,0.5299867280699879,0.518038937900301,0.503148018968517,0.480669686197444,0.46337065496822705,0.44826673205212897,0.431479973110034,0.409812381116829,0.38637636286158,0.362116979633545,0.338924867528902,0.32243766540974894,0.296305453266999,0.27618107892614,0.252206658789534,0.22890978597733497,0.20924910957669396,0.17810815169682997,0.144431618613529,0.0965582152471813,0.0433016215097455,0.0349436135321406,0.128033697205753,0.22304372849535997
0.7824176991634509,1.0,0.954642755442447,0.926411166463243,0.9052627652087909,0.8818352527022489,0.867365030709797,0.854882268933523,0.8382934573538192,0.826539396746105,0.812500606458164,0.794162549873005,0.777193783437436,0.7598174814475441,0.739484244025827,0.716688628774548,0.693031632311485,0.66848750816447,0.6444648628091729,0.6244500293491629,0.5952797698565029,0.5718141053477409,0.5446096434322361,0.516066263512889,0.491432847341514,0.45091263201128795,0.408125470125163,0.3445313543531551,0.286775670434897,0.18447352137677103,0.0388275184099568,0.148401462560625
0.699809246815857,0.954642755442447,1.0,0.984686899354369,0.970846827620326,0.956435156017908,0.945834709396181,0.9347016340941829,0.922228816876775,0.9119864193704309,0.900637585695397,0.8836570041167,0.8695810118247821,0.8532238732719358,0.8334953337378709,0.8126725588591249,0.7915443149076601,0.7676482514762092,0.7445054400307171,0.724972804728965,0.6965788665969149,0.674984021480375,0.6495452238828431,0.622234928659255,0.5991533379313211,0.560764466496067,0.517317093274394,0.453127330597217,0.39286147591025605,0.29154680783251596,0.143305408519678,0.0773768993332466
0.6544017661250671,0.926411166463243,0.984686899354369,1.0,0.98964615744202,0.978837636601362,0.9697437064303701,0.959878805802961,0.9491722744684151,0.9408404918228771,0.930888908058632,0.915799664100137,0.903671802339506,0.888922103917294,0.870380230349779,0.851225579867151,0.831611291313297,0.80883358225574,0.7873102735836809,0.768596780965227,0.7407215013525259,0.7202571471796949,0.69582007464958,0.670033642360279,0.648058177101906,0.610780593546682,0.5683234476547111,0.504050236712088,0.44353621267227394,0.34035161115079,0.186638748383739,0.0515744544135885
0.6178061930490699,0.9052627652087909,0.970846827620326,0.98964615744202,1.0,0.9924179380606879,0.985752959943024,0.97773078744339,0.969201959715167,0.9614513301233271,0.952747218199767,0.939902278540889,0.9290149184239841,0.9155837933269321,0.8988277620390109,0.881318149020624,0.8633711762030509,0.842493837089504,0.8227961284482901,0.8045251618378051,0.778259612295828,0.7596691236198678,0.736105993951509,0.711438265972548,0.689440084549131,0.65279801248647,0.6114506894452839,0.5480324651059311,0.488940638928729,0.38735668319910793,0.23276133773762397,0.0162198777578368
0.583561874949783,0.8818352527022489,0.956435156017908,0.978837636601362,0.9924179380606879,1.0,0.9940009800597199,0.9872852250416,0.9802064878117719,0.974149174726822,0.9657513154219229,0.9539858388811729,0.943761105746315,0.931165892920937,0.915427904790827,0.898690283115014,0.8814506086482591,0.8613528938222359,0.8430128018503141,0.8257108130775759,0.8011165252450909,0.7840122043863199,0.762029891015037,0.7389166797872799,0.7177365651703249,0.6830324467312211,0.643401048669633,0.5808566306914411,0.5213352005027979,0.420226219817773,0.263670241954086,0.00559044218880163
0.567233945557333,0.867365030709797,0.945834709396181,0.9697437064303701,0.985752959943024,0.9940009800597199,1.0,0.995162955994665,0.9891553239698109,0.983682389580435,0.9762168205256079,0.9650364089336411,0.955308249215501,0.9431397634114499,0.9281956394847758,0.913276204817554,0.8971310942717979,0.8781486081402479,0.860963686643448,0.844497777376506,0.8204064843670771,0.8044831846183009,0.7836154180793421,0.7612214367677459,0.7410453423012209,0.70756654695436,0.6672990819824399,0.604963259937549,0.546029340769989,0.445053460063121,0.285922106388513,0.0169461827655389
0.5526998582041359,0.854882268933523,0.9347016340941829,0.959878805802961,0.97773078744339,0.9872852250416,0.995162955994665,1.0,0.9957276935324091,0.9905380538417791,0.9834210669431859,0.9730051184954449,0.963784840252205,0.9521874133886351,0.937603726573485,0.9240786429010379,0.9087587292372379,0.890272302156859,0.874073691233203,0.8582307048644281,0.8353569527448471,0.820420593444413,0.8008618107418929,0.778468649732534,0.758820700370811,0.726099826966096,0.6867166873451479,0.625225538097705,0.5668126796252378,0.4665492908811071,0.30530285018301395,0.0286818731007299
0.5299867280699879,0.8382934573538192,0.922228816876775,0.9491722744684151,0.969201959715167,0.9802064878117719,0.9891553239698109,0.9957276935324091,1.0,0.996269283569312,0.9903658750320851,0.981719817138515,0.973413526445874,0.963066021729275,0.9493513129711669,0.936688848724625,0.922390334862432,0.9049520471338871,0.890124484517917,0.8756194384061808,0.854437041056009,0.840537739320399,0.821838309583772,0.8003594287100629,0.7812715040529029,0.749839701074489,0.711712807070391,0.6524111787548871,0.5950675664056271,0.496113887043951,0.33663000093759904,0.0514560992682956
0.518038937900301,0.826539396746105,0.9119864193704309,0.9408404918228771,0.9614513301233271,0.974149174726822,0.983682389580435,0.9905380538417791,0.996269283569312,1.0,0.9960386035233191,0.9888080298205151,0.981382438860378,0.971430934154093,0.958770534029096,0.9467101205604741,0.93273120891489,0.915786401707633,0.9019904236487042,0.887955798874722,0.868089962604869,0.854760660166569,0.8366435825153009,0.8158794291972409,0.7977490433381,0.7669723132882109,0.7299374419271071,0.671302687175958,0.615355911826119,0.516360667867217,0.352449029550791,0.0627697211185307
0.503148018968517,0.812500606458164,0.900637585695397,0.930888908058632,0.952747218199767,0.9657513154219229,0.9762168205256079,0.9834210669431859,0.9903658750320851,0.9960386035233191,1.0,0.9953065389667242,0.988777233422162,0.979562392717374,0.96824598646603,0.9568854245221999,0.9438887966277221,0.92818170965415,0.9148785400296829,0.9015595506557521,0.882727835077585,0.8703340694337579,0.8530243251120799,0.832564209321579,0.814831860731823,0.784998370273999,0.748199630501979,0.689804923012926,0.6339328816740469,0.533989671639456,0.36740693477240505,0.0727550179075064
0.480669686197444,0.794162549873005,0.8836570041167,0.915799664100137,0.939902278540889,0.9539858388811729,0.9650364089336411,0.9730051184954449,0.981719817138515,0.9888080298205151,0.9953065389667242,1.0,0.9959707666234692,0.9889446966283629,0.9791683574741791,0.9687559328274951,0.9567928558589641,0.94251755593015,0.930362472169709,0.9183142317904541,0.9015872425652729,0.889691062255271,0.8739436789729741,0.8545086925166729,0.837679054363908,0.80949547873379,0.773872691056553,0.716948973876683,0.6620970229252261,0.563370604672176,0.39225864413659706,0.0949180846128452
0.46337065496822705,0.777193783437436,0.8695810118247821,0.903671802339506,0.9290149184239841,0.943761105746315,0.955308249215501,0.963784840252205,0.973413526445874,0.981382438860378,0.988777233422162,0.9959707666234692,1.0,0.99589440342697,0.9879700860989091,0.979304567010912,0.9689546961755731,0.956224037592172,0.9452935896293481,0.9345773795785309,0.9193030271292141,0.907837972619437,0.893479518532685,0.87568219325854,0.859726745684408,0.8330232841507041,0.798884117529005,0.743565871087637,0.690676224776292,0.592764870472697,0.419344375283577,0.110277580193034
0.44826673205212897,0.7598174814475441,0.8532238732719358,0.888922103917294,0.9155837933269321,0.931165892920937,0.9431397634114499,0.9521874133886351,0.963066021729275,0.971430934154093,0.979562392717374,0.9889446966283629,0.99589440342697,1.0,0.995512919899043,0.9887418409403579,0.979943653657473,0.969505910967537,0.95984321805402,0.9504068813631781,0.9367183233964219,0.925950673343412,0.912517836606524,0.8966412106876249,0.8819280720601271,0.8572712414209521,0.824749584293908,0.7719521597129491,0.7211974194883258,0.625403408409865,0.452483519383608,0.131247467743797
0.431479973110034,0.739484244025827,0.8334953337378709,0.870380230349779,0.8988277620390109,0.915427904790827,0.9281956394847758,0.937603726573485,0.9493513129711669,0.958770534029096,0.96824598646603,0.9791683574741791,0.9879700860989091,0.995512919899043,1.0,0.9955071569979641,0.988623570007309,0.980334947681078,0.9715000282017779,0.962935018626334,0.9503508145081371,0.9402318370185161,0.927500394976772,0.912945738333314,0.899327797281542,0.8766467430359979,0.845398853243676,0.7940290635570051,0.7445907855244109,0.6498605720691,0.47671230927924896,0.147506727868236
0.409812381116829,0.716688628774548,0.8126725588591249,0.851225579867151,0.881318149020624,0.898690283115014,0.913276204817554,0.9240786429010379,0.936688848724625,0.9467101205604741,0.9568854245221999,0.9687559328274951,0.979304567010912,0.9887418409403579,0.9955071569979641,1.0,0.996136268931465,0.990092618913462,0.9827168391282429,0.975163697369615,0.9635852253296779,0.954128816632981,0.942828162785427,0.9290491302487719,0.9164843495100551,0.895513605698923,0.865544384924266,0.8158015871316099,0.7672812266864979,0.674842798376707,0.505026417079106,0.16592052437670998
0.38637636286158,0.693031632311485,0.7915443149076601,0.831611291313297,0.8633711762030509,0.8814506086482591,0.8971310942717979,0.9087587292372379,0.922390334862432,0.93273120891489,0.9438887966277221,0.9567928558589641,0.9689546961755731,0.979943653657473,0.988623570007309,0.996136268931465,1.0,0.9964066212801941,0.9904828771190479,0.9840358485254671,0.973743772959007,0.96501112692672,0.9547583918049259,0.9417585812459791,0.9300260475111508,0.9101670074217829,0.8810924417989681,0.833001515770606,0.78557986379932,0.6949811697056921,0.526624895219024,0.18220968189156397
0.362116979633545,0.66848750816447,0.7676482514762092,0.80883358225574,0.842493837089504,0.8613528938222359,0.8781486081402479,0.890272302156859,0.9049520471338871,0.915786401707633,0.92818170965415,0.94251755593015,0.956224037592172,0.969505910967537,0.980334947681078,0.990092618913462,0.9964066212801941,1.0,0.99652600840426,0.991126725340495,0.9828547349944259,0.97493353747698,0.965958607337465,0.954078296692231,0.943357618318437,0.9254546940768309,0.8983566242173959,0.8519853012231229,0.806507053614154,0.718199564699758,0.5538762628014879,0.20018782684589398
0.338924867528902,0.6444648628091729,0.7445054400307171,0.7873102735836809,0.8227961284482901,0.8430128018503141,0.860963686643448,0.874073691233203,0.890124484517917,0.9019904236487042,0.9148785400296829,0.930362472169709,0.9452935896293481,0.95984321805402,0.9715000282017779,0.9827168391282429,0.9904828771190479,0.99652600840426,1.0,0.996698033979429,0.9902601414157991,0.9838792551476709,0.976257534125559,0.965581286695038,0.9562084156041579,0.940205546526269,0.9156011555971829,0.872720308797996,0.8304089543215251,0.7447117913337241,0.582537893321007,0.21940189024232398
0.32243766540974894,0.6244500293491629,0.724972804728965,0.768596780965227,0.8045251618378051,0.8257108130775759,0.844497777376506,0.8582307048644281,0.8756194384061808,0.887955798874722,0.9015595506557521,0.9183142317904541,0.9345773795785309,0.9504068813631781,0.962935018626334,0.975163697369615,0.9840358485254671,0.991126725340495,0.996698033979429,1.0,0.995918425225942,0.9906825195143629,0.9843330895718199,0.9754119717939921,0.967126631215395,0.952603518964629,0.930125582878557,0.890343466320424,0.849976952002696,0.76608285228819,0.601195183032099,0.22914133164512301
0.296305453266999,0.5952797698565029,0.6965788665969149,0.7407215013525259,0.778259612295828,0.8011165252450909,0.8204064843670771,0.8353569527448471,0.854437041056009,0.868089962604869,0.882727835077585,0.9015872425652729,0.9193030271292141,0.9367183233964219,0.9503508145081371,0.9635852253296779,0.973743772959007,0.9828547349944259,0.9902601414157991,0.995918425225942,1.0,0.996621043557481,0.991691214217823,0.984142578390248,0.977141661203681,0.964160314639668,0.9436681925124301,0.906063327835598,0.8687159063403299,0.7879696254366401,0.6234944000517231,0.252549336303824
0.27618107892614,0.5718141053477409,0.674984021480375,0.7202571471796949,0.7596691236198678,0.7840122043863199,0.8044831846183009,0.820420593444413,0.840537739320399,0.854760660166569,0.8703340694337579,0.889691062255271,0.907837972619437,0.925950673343412,0.9402318370185161,0.954128816632981,0.96501112692672,0.97493353747698,0.9838792551476709,0.9906825195143629,0.996621043557481,1.0,0.9965692980906691,0.9905049320584359,0.9842914629370971,0.9723055913128342,0.9534739268440451,0.918509652158589,0.882784666110312,0.80472791942624,0.640598035243165,0.26772933174264496
0.252206658789534,0.5446096434322361,0.6495452238828431,0.69582007464958,0.736105993951509,0.762029891015037,0.7836154180793421,0.8008618107418929,0.821838309583772,0.8366435825153009,0.8530243251120799,0.8739436789729741,0.893479518532685,0.912517836606524,0.927500394976772,0.942828162785427,0.9547583918049259,0.965958607337465,0.976257534125559,0.9843330895718199,0.991691214217823,0.9965692980906691,1.0,0.9957254861437901,0.990571828435888,0.98094728143238,0.964200035094298,0.9324821155693199,0.898691670142484,0.8237679725377671,0.660414564945724,0.279399371463465
0.22890978597733497,0.516066263512889,0.622234928659255,0.670033642360279,0.711438265972548,0.7389166797872799,0.7612214367677459,0.778468649732534,0.8003594287100629,0.8158794291972409,0.832564209321579,0.8545086925166729,0.87568219325854,0.8966412106876249,0.912945738333314,0.9290491302487719,0.9417585812459791,0.954078296692231,0.965581286695038,0.9754119717939921,0.984142578390248,0.9905049320584359,0.9957254861437901,1.0,0.996353044174618,0.9891402331864559,0.976088929924549,0.948913149704923,0.9179855592401021,0.847800249254785,0.6843511611193749,0.296201132157784
0.20924910957669396,0.491432847341514,0.5991533379313211,0.648058177101906,0.689440084549131,0.7177365651703249,0.7410453423012209,0.758820700370811,0.7812715040529029,0.7977490433381,0.814831860731823,0.837679054363908,0.859726745684408,0.8819280720601271,0.899327797281542,0.9164843495100551,0.9300260475111508,0.943357618318437,0.9562084156041579,0.967126631215395,0.977141661203681,0.9842914629370971,0.990571828435888,0.996353044174618,1.0,0.99467939649289,0.983518478755355,0.959738667874571,0.9319706278040061,0.8654133594315891,0.7042727690364301,0.313549850136992
0.17810815169682997,0.45091263201128795,0.560764466496067,0.610780593546682,0.65279801248647,0.6830324467312211,0.70756654695436,0.726099826966096,0.749839701074489,0.7669723132882109,0.784998370273999,0.80949547873379,0.8330232841507041,0.8572712414209521,0.8766467430359979,0.895513605698923,0.9101670074217829,0.9254546940768309,0.940205546526269,0.952603518964629,0.964160314639668,0.9723055913128342,0.98094728143238,0.9891402331864559,0.99467939649289,1.0,0.9928579025689979,0.974136755503025,0.9505672265078771,0.892014079565561,0.7384338176131159,0.34711551105218
0.144431618613529,0.408125470125163,0.517317093274394,0.5683234476547111,0.6114506894452839,0.643401048669633,0.6672990819824399,0.6867166873451479,0.711712807070391,0.7299374419271071,0.748199630501979,0.773872691056553,0.798884117529005,0.824749584293908,0.845398853243676,0.865544384924266,0.8810924417989681,0.8983566242173959,0.9156011555971829,0.930125582878557,0.9436681925124301,0.9534739268440451,0.964200035094298,0.976088929924549,0.983518478755355,0.9928579025689979,1.0,0.988927526176821,0.969921492369956,0.92115482328675,0.772807983606028,0.377629416749996
0.0965582152471813,0.3445313543531551,0.453127330597217,0.504050236712088,0.5480324651059311,0.5808566306914411,0.604963259937549,0.625225538097705,0.6524111787548871,0.671302687175958,0.689804923012926,0.716948973876683,0.743565871087637,0.7719521597129491,0.7940290635570051,0.8158015871316099,0.833001515770606,0.8519853012231229,0.872720308797996,0.890343466320424,0.906063327835598,0.918509652158589,0.9324821155693199,0.948913149704923,0.959738667874571,0.974136755503025,0.988927526176821,1.0,0.9882051063059549,0.9520343622289309,0.8127387536481321,0.416425067843597
0.0433016215097455,0.286775670434897,0.39286147591025605,0.44353621267227394,0.488940638928729,0.5213352005027979,0.546029340769989,0.5668126796252378,0.5950675664056271,0.615355911826119,0.6339328816740469,0.6620970229252261,0.690676224776292,0.7211974194883258,0.7445907855244109,0.7672812266864979,0.78557986379932,0.806507053614154,0.8304089543215251,0.849976952002696,0.8687159063403299,0.882784666110312,0.898691670142484,0.9179855592401021,0.9319706278040061,0.9505672265078771,0.969921492369956,0.9882051063059549,1.0,0.9759270063153671,0.8520468517277409,0.450663705620545
0.0349436135321406,0.18447352137677103,0.29154680783251596,0.34035161115079,0.38735668319910793,0.420226219817773,0.445053460063121,0.4665492908811071,0.496113887043951,0.516360667867217,0.533989671639456,0.563370604672176,0.592764870472697,0.625403408409865,0.6498605720691,0.674842798376707,0.6949811697056921,0.718199564699758,0.7447117913337241,0.76608285228819,0.7879696254366401,0.80472791942624,0.8237679725377671,0.847800249254785,0.8654133594315891,0.892014079565561,0.92115482328675,0.9520343622289309,0.9759270063153671,1.0,0.910111012961722,0.525679606472226
0.128033697205753,0.0388275184099568,0.143305408519678,0.186638748383739,0.23276133773762397,0.263670241954086,0.285922106388513,0.30530285018301395,0.33663000093759904,0.352449029550791,0.36740693477240505,0.39225864413659706,0.419344375283577,0.452483519383608,0.47671230927924896,0.505026417079106,0.526624895219024,0.5538762628014879,0.582537893321007,0.601195183032099,0.6234944000517231,0.640598035243165,0.660414564945724,0.6843511611193749,0.7042727690364301,0.7384338176131159,0.772807983606028,0.8127387536481321,0.8520468517277409,0.910111012961722,1.0,0.6849861810940351
0.22304372849535997,0.148401462560625,0.0773768993332466,0.0515744544135885,0.0162198777578368,0.00559044218880163,0.0169461827655389,0.0286818731007299,0.0514560992682956,0.0627697211185307,0.0727550179075064,0.0949180846128452,0.110277580193034,0.131247467743797,0.147506727868236,0.16592052437670998,0.18220968189156397,0.20018782684589398,0.21940189024232398,0.22914133164512301,0.252549336303824,0.26772933174264496,0.279399371463465,0.296201132157784,0.313549850136992,0.34711551105218,0.377629416749996,0.416425067843597,0.450663705620545,0.525679606472226,0.6849861810940351,1.0
