1.0,0.7626834259171501,0.697546047798543,0.666349843951566,0.631103714438467,0.611422819367688,0.59595025492247,0.584547765315256,0.565142962473655,0.551011972994217,0.532272021334313,0.5186874242412001,0.504148553722279,0.48779000032443004,0.46989533735526795,0.44540710519366294,0.419197683444385,0.39392001307603003,0.373345959442193,0.35063654826613394,0.335203885876239,0.31330083939152004,0.30554781592112396,0.28416720741476,0.264865244424085,0.23517800892147198,0.20901401449048101,0.175722659547577,0.128664950895388,0.0758545996298014,0.00196142624915785,0.10891980284610199
0.7626834259171501,1.0,0.950995171856751,0.9238100412966801,0.896941818366453,0.8780667735606529,0.865485453630484,0.85077424511583,0.830735488321937,0.820666864247645,0.797928594828455,0.782935844194365,0.766873529059744,0.74846725974777,0.727096142003578,0.7015767038343491,0.672221741516965,0.643378183956541,0.6209599318125439,0.597670692355368,0.5749324938264039,0.550110348600397,0.536884452776924,0.5057454380405839,0.482280444019235,0.450066451927183,0.41636670617635896,0.375528137933708,0.32489878252778004,0.250499257537534,0.162676624055435,0.0236981910853855
0.697546047798543,0.950995171856751,1.0,0.9765430836242859,0.954718840619721,0.937176309160961,0.924544760300577,0.911575402532475,0.894529171057854,0.8836453689747441,0.863427726029199,0.848970288594619,0.8342783344259691,0.8177574218622758,0.797905435284554,0.774665489353782,0.7491130911804978,0.7205593562640341,0.698992474080787,0.6765473744876601,0.6534908962348299,0.6302120019432479,0.616910407995268,0.586588259459782,0.55915403833737,0.527893120604296,0.492676466281984,0.45429119843777904,0.4061066701046421,0.332243515573938,0.235630470621823,0.00225268067343159
0.666349843951566,0.9238100412966801,0.9765430836242859,1.0,0.979714132573541,0.962285636484396,0.9501083227006378,0.938791259495203,0.9220423778878829,0.909984598835155,0.892875023473668,0.87802704184185,0.863938521958853,0.8480049173608001,0.8299667944541509,0.806749567982792,0.7823960277336809,0.7552632748382699,0.7341880467425179,0.7135764915663799,0.6908743394229169,0.66867613768581,0.6544460623308521,0.624871239479821,0.599562600788126,0.567479962951606,0.530885174502328,0.490998608928175,0.44369207624146795,0.36823017280049103,0.262659918687401,0.007525243309233009
0.631103714438467,0.896941818366453,0.954718840619721,0.979714132573541,1.0,0.9896218320352641,0.978577970497646,0.9689514508570891,0.957717988606499,0.9484380261511859,0.9358452417290941,0.923035423814258,0.9125061723519421,0.8989373359312282,0.8825796687263321,0.862523265223132,0.8400368924081519,0.8166689550002509,0.79926682099545,0.780483313598713,0.7599892917501619,0.7390960450554691,0.724082282624678,0.696826674546127,0.6709246339263709,0.641504534911052,0.607789277117663,0.570424297060177,0.526184232086004,0.45338580836460607,0.34176429667152597,0.0675038869356467
0.611422819367688,0.8780667735606529,0.937176309160961,0.962285636484396,0.9896218320352641,1.0,0.990722397330557,0.9813187235309321,0.9722415405487921,0.963182464825321,0.9524809414516379,0.9407921599979859,0.930123668942876,0.9173586520109871,0.901606570435355,0.882810140966198,0.8617041606723329,0.840610215209807,0.824238767689155,0.806592509179712,0.787923847325016,0.7685147901676621,0.7541501863383441,0.7290918127691,0.7035360240267641,0.67647443238703,0.6438805165798721,0.6091617819070649,0.5665559529454871,0.49490219080112896,0.37754303617061696,0.0917646169150518
0.59595025492247,0.865485453630484,0.924544760300577,0.9501083227006378,0.978577970497646,0.990722397330557,1.0,0.9920255763147751,0.983618670961026,0.975415394764097,0.9653445942855,0.9530380630278559,0.942196904890339,0.9304817362655409,0.914847336943205,0.896862585910978,0.8771873740165749,0.8572296299423728,0.8408162364264399,0.824246337528069,0.806808190586826,0.788281863625766,0.7750733012661619,0.751826698654172,0.727647836314165,0.701596567985793,0.668528825027823,0.63364977066901,0.591829313351656,0.522008071886424,0.40203505312147103,0.10306928040446901
0.584547765315256,0.85077424511583,0.911575402532475,0.938791259495203,0.9689514508570891,0.9813187235309321,0.9920255763147751,1.0,0.992920151483138,0.9851688924189169,0.976567213268837,0.9655672557924029,0.955573730159302,0.9436373163211791,0.9288871631096421,0.912343473678018,0.8940641296931541,0.875316525858244,0.859262759577615,0.8431700786975509,0.8280166704448501,0.8111894475713821,0.798752563224175,0.776899003534798,0.7546892984953689,0.7284852820983149,0.6966097115655411,0.662634116183533,0.621264747615741,0.550519985651242,0.424013213572003,0.104877805489884
0.565142962473655,0.830735488321937,0.894529171057854,0.9220423778878829,0.957717988606499,0.9722415405487921,0.983618670961026,0.992920151483138,1.0,0.994081864992142,0.987010436123176,0.9762485507489559,0.9673205032815909,0.956413049538609,0.9418772679278109,0.925824529161082,0.908269098851282,0.890020386820326,0.874951294504234,0.859650165848033,0.845720065800048,0.829352065112371,0.817453339232122,0.796743116838129,0.775649756162727,0.75161818541766,0.720836082931491,0.6875899046037289,0.646236503671453,0.576336998940678,0.448022607625076,0.116346249540237
0.551011972994217,0.820666864247645,0.8836453689747441,0.909984598835155,0.9484380261511859,0.963182464825321,0.975415394764097,0.9851688924189169,0.994081864992142,1.0,0.994035303770101,0.985800458256851,0.9766557291424659,0.965844410726954,0.952461826674723,0.9366581212987679,0.9195705010457229,0.901419720484307,0.886420071658819,0.871865613499452,0.85836959393749,0.842506730415377,0.8312237032623822,0.8120982737192242,0.791475935073937,0.7678564380369179,0.7381849821095819,0.705865325770317,0.663559022221818,0.592885801297725,0.46446605325783297,0.126756874301786
0.532272021334313,0.797928594828455,0.863427726029199,0.892875023473668,0.9358452417290941,0.9524809414516379,0.9653445942855,0.976567213268837,0.987010436123176,0.994035303770101,1.0,0.9938171258713878,0.985468696941555,0.975524559127027,0.962525157823423,0.947678788592434,0.931715231220915,0.914412536512742,0.9002408581549091,0.8866691333168342,0.874083740468747,0.8588959248734771,0.8486961950799309,0.830622523998505,0.8111638051248442,0.7896703212302769,0.761799457706285,0.7305237811878291,0.689816423407529,0.619840274890968,0.492087095945648,0.148414754527944
0.5186874242412001,0.782935844194365,0.848970288594619,0.87802704184185,0.923035423814258,0.9407921599979859,0.9530380630278559,0.9655672557924029,0.9762485507489559,0.985800458256851,0.9938171258713878,1.0,0.993652191376738,0.984277414890253,0.9726828822479731,0.959046596605075,0.9442602699199442,0.9276673246511971,0.914475235621902,0.9013750801244409,0.8895447115066859,0.8748298485964541,0.8645382253045881,0.847179043324826,0.82779405742627,0.807095140141466,0.7807370826667149,0.7486454462662329,0.709268893408317,0.639171939824014,0.5147913660968779,0.164302270475353
0.504148553722279,0.766873529059744,0.8342783344259691,0.863938521958853,0.9125061723519421,0.930123668942876,0.942196904890339,0.955573730159302,0.9673205032815909,0.9766557291424659,0.985468696941555,0.993652191376738,1.0,0.993663213315565,0.9840356949154471,0.972299278956168,0.958346217727312,0.94241240330072,0.930331821535552,0.917838328590404,0.9055926999537329,0.891919329374035,0.8821397378219621,0.866023460055611,0.8475083139366492,0.827551207448135,0.8011910131177179,0.7684492446242499,0.7296778251796301,0.658584666746551,0.532956989054452,0.17304547112625301
0.48779000032443004,0.74846725974777,0.8177574218622758,0.8480049173608001,0.8989373359312282,0.9173586520109871,0.9304817362655409,0.9436373163211791,0.956413049538609,0.965844410726954,0.975524559127027,0.984277414890253,0.993663213315565,1.0,0.993004285110095,0.983191773332068,0.97000298176034,0.955366124641967,0.944052925764292,0.9318203604203209,0.9192979606783069,0.906438848392854,0.897489763169013,0.8821974908146851,0.8650091521156691,0.8466730358330029,0.8213062736798531,0.7892427916935719,0.750633452702726,0.6789356257062601,0.55223415848557,0.183932549506618
0.46989533735526795,0.727096142003578,0.797905435284554,0.8299667944541509,0.8825796687263321,0.901606570435355,0.914847336943205,0.9288871631096421,0.9418772679278109,0.952461826674723,0.962525157823423,0.9726828822479731,0.9840356949154471,0.993004285110095,1.0,0.9940312022494692,0.983780876626027,0.970732783216838,0.959436426489687,0.947647647925359,0.93547807537892,0.9242210620761959,0.915976354430465,0.9020854900071078,0.8862839768127281,0.8689239731688209,0.844298332836785,0.8140671129977751,0.776150396722644,0.706456643870773,0.58444697488229,0.20502646597502303
0.44540710519366294,0.7015767038343491,0.774665489353782,0.806749567982792,0.862523265223132,0.882810140966198,0.896862585910978,0.912343473678018,0.925824529161082,0.9366581212987679,0.947678788592434,0.959046596605075,0.972299278956168,0.983191773332068,0.9940312022494692,1.0,0.993371056857868,0.982423995789485,0.9727097622730442,0.9609324604661159,0.949984786295422,0.939427416420342,0.9321224397935881,0.919263054494088,0.90406964024171,0.888652940659792,0.8658769922573071,0.837789608173015,0.800754460397172,0.732190641643283,0.60806339054664,0.21780883410585
0.419197683444385,0.672221741516965,0.7491130911804978,0.7823960277336809,0.8400368924081519,0.8617041606723329,0.8771873740165749,0.8940641296931541,0.908269098851282,0.9195705010457229,0.931715231220915,0.9442602699199442,0.958346217727312,0.97000298176034,0.983780876626027,0.993371056857868,1.0,0.993104161568723,0.985003626080417,0.9745922122310909,0.964127660353466,0.954136522834103,0.946988499673318,0.9359109925688459,0.9217140134248659,0.9077985798880159,0.886812663110715,0.8618180781116751,0.8266708359729241,0.760304972628765,0.637347630488557,0.232836059200306
0.39392001307603003,0.643378183956541,0.7205593562640341,0.7552632748382699,0.8166689550002509,0.840610215209807,0.8572296299423728,0.875316525858244,0.890020386820326,0.901419720484307,0.914412536512742,0.9276673246511971,0.94241240330072,0.955366124641967,0.970732783216838,0.982423995789485,0.993104161568723,1.0,0.9945113945814541,0.9853438758674741,0.976209953509631,0.967586154287888,0.9612959724971271,0.9507405415845641,0.937875063966131,0.9249718529142981,0.905810549114246,0.8836490469561179,0.85139665293324,0.789059837836835,0.662626325089151,0.24504592123977104
0.373345959442193,0.6209599318125439,0.698992474080787,0.7341880467425179,0.79926682099545,0.824238767689155,0.8408162364264399,0.859262759577615,0.874951294504234,0.886420071658819,0.9002408581549091,0.914475235621902,0.930331821535552,0.944052925764292,0.959436426489687,0.9727097622730442,0.985003626080417,0.9945113945814541,1.0,0.9936091021490758,0.9857584211417042,0.977488062750471,0.9705871054409521,0.960448436173631,0.9475398865664141,0.9353949216470091,0.9174939086717769,0.896442070736496,0.8661815032338291,0.8049379398631391,0.682122434719604,0.259930614838151
0.35063654826613394,0.597670692355368,0.6765473744876601,0.7135764915663799,0.780483313598713,0.806592509179712,0.824246337528069,0.8431700786975509,0.859650165848033,0.871865613499452,0.8866691333168342,0.9013750801244409,0.917838328590404,0.9318203604203209,0.947647647925359,0.9609324604661159,0.9745922122310909,0.9853438758674741,0.9936091021490758,1.0,0.9940900381154358,0.9870307513937869,0.980095322511895,0.9708740287454369,0.958611885843575,0.945766596052396,0.929238950614032,0.909101671438233,0.8794207334588109,0.8197820894251802,0.699507846476462,0.270590096809967
0.335203885876239,0.5749324938264039,0.6534908962348299,0.6908743394229169,0.7599892917501619,0.787923847325016,0.806808190586826,0.8280166704448501,0.845720065800048,0.85836959393749,0.874083740468747,0.8895447115066859,0.9055926999537329,0.9192979606783069,0.93547807537892,0.949984786295422,0.964127660353466,0.976209953509631,0.9857584211417042,0.9940900381154358,1.0,0.9951060414890941,0.988590566195515,0.9801494090141509,0.969186258646927,0.957272665333058,0.941955532596499,0.9234226011928409,0.895647259116617,0.8391139734618871,0.716847543406785,0.283834169188313
0.31330083939152004,0.550110348600397,0.6302120019432479,0.66867613768581,0.7390960450554691,0.7685147901676621,0.788281863625766,0.8111894475713821,0.829352065112371,0.842506730415377,0.8588959248734771,0.8748298485964541,0.891919329374035,0.906438848392854,0.9242210620761959,0.939427416420342,0.954136522834103,0.967586154287888,0.977488062750471,0.9870307513937869,0.9951060414890941,1.0,0.9945662902212091,0.987185874876205,0.977456065926607,0.9664625085228059,0.95285145874778,0.935605026996878,0.9088946945044141,0.8542277301799158,0.7289268515433249,0.289773690896768
0.30554781592112396,0.536884452776924,0.616910407995268,0.6544460623308521,0.724082282624678,0.7541501863383441,0.7750733012661619,0.798752563224175,0.817453339232122,0.8312237032623822,0.8486961950799309,0.8645382253045881,0.8821397378219621,0.897489763169013,0.915976354430465,0.9321224397935881,0.946988499673318,0.9612959724971271,0.9705871054409521,0.980095322511895,0.988590566195515,0.9945662902212091,1.0,0.993047494515851,0.9840111941113628,0.9737363506958531,0.961704498484938,0.9448192046130691,0.919055660168139,0.8657518080928319,0.7359075472361758,0.288063814711704
0.28416720741476,0.5057454380405839,0.586588259459782,0.624871239479821,0.696826674546127,0.7290918127691,0.751826698654172,0.776899003534798,0.796743116838129,0.8120982737192242,0.830622523998505,0.847179043324826,0.866023460055611,0.8821974908146851,0.9020854900071078,0.919263054494088,0.9359109925688459,0.9507405415845641,0.960448436173631,0.9708740287454369,0.9801494090141509,0.987185874876205,0.993047494515851,1.0,0.9928575570931489,0.9841272806002841,0.9725622843293961,0.955857947691993,0.9312011340793149,0.882488537305205,0.7557181926544709,0.303030835267114
0.264865244424085,0.482280444019235,0.55915403833737,0.599562600788126,0.6709246339263709,0.7035360240267641,0.727647836314165,0.7546892984953689,0.775649756162727,0.791475935073937,0.8111638051248442,0.82779405742627,0.8475083139366492,0.8650091521156691,0.8862839768127281,0.90406964024171,0.9217140134248659,0.937875063966131,0.9475398865664141,0.958611885843575,0.969186258646927,0.977456065926607,0.9840111941113628,0.9928575570931489,1.0,0.992586108756682,0.9815583522688879,0.9672027384509809,0.9431573900982909,0.896310087307264,0.771845747887875,0.313220693536362
0.23517800892147198,0.450066451927183,0.527893120604296,0.567479962951606,0.641504534911052,0.67647443238703,0.701596567985793,0.7284852820983149,0.75161818541766,0.7678564380369179,0.7896703212302769,0.807095140141466,0.827551207448135,0.8466730358330029,0.8689239731688209,0.888652940659792,0.9077985798880159,0.9249718529142981,0.9353949216470091,0.945766596052396,0.957272665333058,0.9664625085228059,0.9737363506958531,0.9841272806002841,0.992586108756682,1.0,0.991351887442631,0.9781083107101421,0.955753702851578,0.911298519311501,0.7863665783205809,0.32773722776072806
0.20901401449048101,0.41636670617635896,0.492676466281984,0.530885174502328,0.607789277117663,0.6438805165798721,0.668528825027823,0.6966097115655411,0.720836082931491,0.7381849821095819,0.761799457706285,0.7807370826667149,0.8011910131177179,0.8213062736798531,0.844298332836785,0.8658769922573071,0.886812663110715,0.905810549114246,0.9174939086717769,0.929238950614032,0.941955532596499,0.95285145874778,0.961704498484938,0.9725622843293961,0.9815583522688879,0.991351887442631,1.0,0.9881407979272769,0.968091204815976,0.924351827177389,0.797543074806498,0.336923621503263
0.175722659547577,0.375528137933708,0.45429119843777904,0.490998608928175,0.570424297060177,0.6091617819070649,0.63364977066901,0.662634116183533,0.6875899046037289,0.705865325770317,0.7305237811878291,0.7486454462662329,0.7684492446242499,0.7892427916935719,0.8140671129977751,0.837789608173015,0.8618180781116751,0.8836490469561179,0.896442070736496,0.909101671438233,0.9234226011928409,0.935605026996878,0.9448192046130691,0.955857947691993,0.9672027384509809,0.9781083107101421,0.9881407979272769,1.0,0.983143139181279,0.943524053549429,0.8213053663020929,0.351684002663847
0.128664950895388,0.32489878252778004,0.4061066701046421,0.44369207624146795,0.526184232086004,0.5665559529454871,0.591829313351656,0.621264747615741,0.646236503671453,0.663559022221818,0.689816423407529,0.709268893408317,0.7296778251796301,0.750633452702726,0.776150396722644,0.800754460397172,0.8266708359729241,0.85139665293324,0.8661815032338291,0.8794207334588109,0.895647259116617,0.9088946945044141,0.919055660168139,0.9312011340793149,0.9431573900982909,0.955753702851578,0.968091204815976,0.983143139181279,1.0,0.9718941328436009,0.852730200792038,0.376947109741183
0.0758545996298014,0.250499257537534,0.332243515573938,0.36823017280049103,0.45338580836460607,0.49490219080112896,0.522008071886424,0.550519985651242,0.576336998940678,0.592885801297725,0.619840274890968,0.639171939824014,0.658584666746551,0.6789356257062601,0.706456643870773,0.732190641643283,0.760304972628765,0.789059837836835,0.8049379398631391,0.8197820894251802,0.8391139734618871,0.8542277301799158,0.8657518080928319,0.882488537305205,0.896310087307264,0.911298519311501,0.924351827177389,0.943524053549429,0.9718941328436009,1.0,0.893606723486963,0.43043783338766406
0.00196142624915785,0.162676624055435,0.235630470621823,0.262659918687401,0.34176429667152597,0.37754303617061696,0.40203505312147103,0.424013213572003,0.448022607625076,0.46446605325783297,0.492087095945648,0.5147913660968779,0.532956989054452,0.55223415848557,0.58444697488229,0.60806339054664,0.637347630488557,0.662626325089151,0.682122434719604,0.699507846476462,0.716847543406785,0.7289268515433249,0.7359075472361758,0.7557181926544709,0.771845747887875,0.7863665783205809,0.797543074806498,0.8213053663020929,0.852730200792038,0.893606723486963,1.0,0.574990010600535
0.10891980284610199,0.0236981910853855,0.00225268067343159,0.007525243309233009,0.0675038869356467,0.0917646169150518,0.10306928040446901,0.104877805489884,0.116346249540237,0.126756874301786,0.148414754527944,0.164302270475353,0.17304547112625301,0.183932549506618,0.20502646597502303,0.21780883410585,0.232836059200306,0.24504592123977104,0.259930614838151,0.270590096809967,0.283834169188313,0.289773690896768,0.288063814711704,0.303030835267114,0.313220693536362,0.32773722776072806,0.336923621503263,0.351684002663847,0.376947109741183,0.43043783338766406,0.574990010600535,1.0
