1.0,0.8659318264602259,0.759340835944514,0.725260723196573,0.6696573610382061,0.629573217856814,0.578667555431893,0.535376368075893,0.484466341624452,0.45469487325250396,0.418692279807706,0.36468076247705494,0.30276227839171505,0.250912481690548,0.189582788770114,0.157302989804235,0.112337151121572,0.0522061282257631,0.0388055634098934,0.0103473303938965,0.0203701799390055,0.0529445923207111,0.121713813633291,0.158715618764841,0.16449805255082597,0.141712581966372,0.0719143717370556,0.0136690338397733,0.0704135128354564,0.08005458186070799,0.0761624691716453,0.10458073173245801
0.8659318264602259,1.0,0.9017581907643271,0.8526121823077301,0.7900541617446479,0.7402502479934999,0.675980086648749,0.6339871784034029,0.5962157526850861,0.566176745983636,0.5216019828881749,0.47111452168701395,0.405515378415038,0.361244759326846,0.295410984712695,0.263618492699332,0.22768809065033202,0.17680694866350502,0.15696343227328102,0.11467132180066901,0.0701339696506517,0.0258552963168101,0.0419606780467083,0.0834483015135544,0.0985368740363595,0.0905147488293431,0.0374334099313039,0.0414319188062545,0.0961751945479698,0.11534089635666199,0.124885173311973,0.149842313847649
0.759340835944514,0.9017581907643271,1.0,0.959304688209223,0.8814270064255909,0.8361979005768091,0.785667890801218,0.7439753805514009,0.694958486835634,0.664364462705854,0.626723734795285,0.5776136569792522,0.519835707642419,0.47270671464074393,0.40754693124079494,0.37284755016859206,0.332521358535399,0.28638263829625504,0.256107232660548,0.214604467305753,0.17118533196657798,0.119257274578878,0.0591057657903664,0.0132621710912766,0.00173254283945927,0.00255278614054108,0.0289905197682949,0.08924011442213,0.124793363980526,0.16498322015821,0.192211810577697,0.201867034298645
0.725260723196573,0.8526121823077301,0.959304688209223,1.0,0.9491720453968391,0.9006220740597131,0.850913825879196,0.814367325564062,0.767696657537934,0.739955057403423,0.7072594469019731,0.659789253401699,0.6011383529197429,0.551297773663524,0.483109128483145,0.44506465214820207,0.403707391127764,0.361660956535411,0.32912812506959604,0.28403249041296097,0.238064025023872,0.183679821383833,0.115837090676368,0.0655209264731889,0.0499129582804982,0.0412121638833256,0.0662356992654805,0.121550682879882,0.136944778536726,0.17929846617130604,0.209372387630932,0.22823522946359304
0.6696573610382061,0.7900541617446479,0.8814270064255909,0.9491720453968391,1.0,0.96598805256441,0.9132891199180451,0.883231298189016,0.8399977996829109,0.812865363839637,0.7788536414435359,0.7353806463894,0.6756984855438161,0.6240165637726489,0.558186363628677,0.514689903457712,0.47161235010564,0.42227002922652507,0.39563825724907203,0.360628629792051,0.311329904686705,0.255976510431041,0.178206374296201,0.12991270865858098,0.113269815038554,0.0900232262444678,0.0998573764426207,0.15172067964747302,0.156445415405737,0.19839390398024698,0.228052727679746,0.251271403614186
0.629573217856814,0.7402502479934999,0.8361979005768091,0.9006220740597131,0.96598805256441,1.0,0.964506483533908,0.9287647759185881,0.8832715410845849,0.851902669435772,0.819069476872621,0.7792762781575291,0.722741104915208,0.667607541659651,0.603103750961423,0.55887194808386,0.514383078035032,0.460238567795552,0.434162628131149,0.40126876976634207,0.353835416321291,0.298564082037996,0.22633321162245498,0.177408322821679,0.15988733540091798,0.132440079360731,0.136185956100537,0.17672557611910802,0.177351862222907,0.22160023655337602,0.247290481991975,0.27965416090240097
0.578667555431893,0.675980086648749,0.785667890801218,0.850913825879196,0.9132891199180451,0.964506483533908,1.0,0.970971190601745,0.929470958120107,0.8948561810217058,0.864712913070182,0.828468389227568,0.77788491017969,0.728072726644768,0.672676770669698,0.6285416046998149,0.5828644377525121,0.529483831441028,0.501353060460828,0.4658165559230071,0.421961688372221,0.365470871876115,0.29993705853511604,0.25306292290328103,0.23902605341495897,0.21172258873393104,0.20472414570158298,0.227894534047767,0.22682090576109398,0.260936794887612,0.289871835559338,0.314627946395765
0.535376368075893,0.6339871784034029,0.7439753805514009,0.814367325564062,0.883231298189016,0.9287647759185881,0.970971190601745,1.0,0.9695696138887081,0.93448599196659,0.905372545003317,0.8666629704910791,0.815585410363422,0.76735662057788,0.7209413090725172,0.6779665450369861,0.629976425970794,0.580047465861038,0.555107604576133,0.5184684943847101,0.47476159038748494,0.417338919972084,0.353468515321715,0.30463901361041995,0.289674736039965,0.254825242656245,0.240020410526805,0.250239660965102,0.23664588130365,0.27404017662523,0.30298766914048,0.333483886488861
0.484466341624452,0.5962157526850861,0.694958486835634,0.767696657537934,0.8399977996829109,0.8832715410845849,0.929470958120107,0.9695696138887081,1.0,0.9729418305654409,0.9457180440751949,0.911786543398391,0.8624268108597991,0.8149677190508801,0.772689784400468,0.736827837835637,0.6902568730718001,0.643182267050691,0.6201266681438821,0.582347221696227,0.5379901676897151,0.483288943628405,0.414206881386008,0.36406869085939103,0.3466076887849361,0.30683484167366104,0.280975691116792,0.27145757242269697,0.25014783065764395,0.29189232152544803,0.319884721346226,0.352271797463524
0.45469487325250396,0.566176745983636,0.664364462705854,0.739955057403423,0.812865363839637,0.851902669435772,0.8948561810217058,0.93448599196659,0.9729418305654409,1.0,0.978872207925442,0.946265020092129,0.896661878419053,0.8513170388728091,0.804403454119447,0.7650777053433401,0.7208504403098801,0.669876520653225,0.646073693324024,0.6137293518081121,0.571521448332384,0.521020470974007,0.451444901982927,0.402437973663202,0.38381356390806104,0.33912903981620096,0.309504882018605,0.29073725968241,0.268122484671799,0.30381451403101095,0.330894103948014,0.361993963650382
0.418692279807706,0.5216019828881749,0.626723734795285,0.7072594469019731,0.7788536414435359,0.819069476872621,0.864712913070182,0.905372545003317,0.9457180440751949,0.978872207925442,1.0,0.9737823120171679,0.925867105829891,0.884364990365604,0.839505151226009,0.8008504370924809,0.7562511988751229,0.704674390969962,0.681273853683245,0.649976588346376,0.61027671000803,0.560451754448319,0.4916486225563271,0.443531678996288,0.42176946436697205,0.37122710329313896,0.33698114323169703,0.32008189645961105,0.29261033847011,0.32007254004025604,0.33813255559368394,0.36025748887055603
0.36468076247705494,0.47111452168701395,0.5776136569792522,0.659789253401699,0.7353806463894,0.7792762781575291,0.828468389227568,0.8666629704910791,0.911786543398391,0.946265020092129,0.9737823120171679,1.0,0.96337903938147,0.926746811873388,0.8830867238597941,0.8454444904622901,0.800867804708003,0.7514104296731559,0.7293375320040999,0.6974713856897579,0.657325067535996,0.6116040825334089,0.54567564966822,0.498368802440475,0.472417732980695,0.41819524103803,0.37826107983872204,0.357535757248124,0.31279751322984195,0.33374772128784697,0.350685341031552,0.365858015516967
0.30276227839171505,0.405515378415038,0.519835707642419,0.6011383529197429,0.6756984855438161,0.722741104915208,0.77788491017969,0.815585410363422,0.8624268108597991,0.896661878419053,0.925867105829891,0.96337903938147,1.0,0.967295262945073,0.9264152526613281,0.889160861504863,0.847622618278124,0.801772592720028,0.7764398960660529,0.747046315585279,0.711028883937476,0.665195516666212,0.615162213791204,0.564461284910077,0.532894049774443,0.4714411006650279,0.428553704511507,0.40774646501064704,0.34656002848965006,0.355580398019621,0.360351042404665,0.371572952747529
0.250912481690548,0.361244759326846,0.47270671464074393,0.551297773663524,0.6240165637726489,0.667607541659651,0.728072726644768,0.76735662057788,0.8149677190508801,0.8513170388728091,0.884364990365604,0.926746811873388,0.967295262945073,1.0,0.965937127276527,0.9305871596032901,0.8903827063197841,0.8467215437763209,0.822939482157675,0.7947230609360979,0.758960160711569,0.7157041438503661,0.667497493838342,0.613342573500298,0.575859057624491,0.513031618457683,0.46154821366670706,0.43456604501837,0.370027881769011,0.363068522230476,0.36351017633053295,0.3815851875543161
0.189582788770114,0.295410984712695,0.40754693124079494,0.483109128483145,0.558186363628677,0.603103750961423,0.672676770669698,0.7209413090725172,0.772689784400468,0.804403454119447,0.839505151226009,0.8830867238597941,0.9264152526613281,0.965937127276527,1.0,0.9664853968241529,0.934081718308871,0.8929231631620741,0.8699373740753141,0.839461972027488,0.80637158335942,0.7629510437643721,0.7144003351865921,0.6671670869949909,0.629796556312344,0.560550855133769,0.49273624391471793,0.46283915578357304,0.38449303505919,0.372573480181761,0.37366090745332203,0.38586688887196996
0.157302989804235,0.263618492699332,0.37284755016859206,0.44506465214820207,0.514689903457712,0.55887194808386,0.6285416046998149,0.6779665450369861,0.736827837835637,0.7650777053433401,0.8008504370924809,0.8454444904622901,0.889160861504863,0.9305871596032901,0.9664853968241529,1.0,0.971292636990206,0.935905305142442,0.9137741851436829,0.878009548679131,0.846282112028052,0.804012340928593,0.75877373507943,0.717614179062153,0.677471190697172,0.609657288234295,0.540346344118218,0.483556699270141,0.39462974812820895,0.40138569238694705,0.40675642582750393,0.408417782213539
0.112337151121572,0.22768809065033202,0.332521358535399,0.403707391127764,0.47161235010564,0.514383078035032,0.5828644377525121,0.629976425970794,0.6902568730718001,0.7208504403098801,0.7562511988751229,0.800867804708003,0.847622618278124,0.8903827063197841,0.934081718308871,0.971292636990206,1.0,0.970305984222766,0.944722055837417,0.910658398778146,0.881391582802678,0.838993789655816,0.795823171174455,0.757523104804938,0.7169373320491891,0.6469974017947769,0.563259274249558,0.505498769614372,0.40289269547853795,0.40363592637377704,0.404657130729094,0.40348357982334704
0.0522061282257631,0.17680694866350502,0.28638263829625504,0.361660956535411,0.42227002922652507,0.460238567795552,0.529483831441028,0.580047465861038,0.643182267050691,0.669876520653225,0.704674390969962,0.7514104296731559,0.801772592720028,0.8467215437763209,0.8929231631620741,0.935905305142442,0.970305984222766,1.0,0.974112660240404,0.939636956937453,0.9093408992500749,0.8680787347781078,0.830493617038082,0.788907392801811,0.7488681396139921,0.6794285084965309,0.5966132137254949,0.534647440566821,0.43295694749010205,0.42436365439703,0.409878848166081,0.41809854485671105
0.0388055634098934,0.15696343227328102,0.256107232660548,0.32912812506959604,0.39563825724907203,0.434162628131149,0.501353060460828,0.555107604576133,0.6201266681438821,0.646073693324024,0.681273853683245,0.7293375320040999,0.7764398960660529,0.822939482157675,0.8699373740753141,0.9137741851436829,0.944722055837417,0.974112660240404,1.0,0.9682605849969581,0.9346432114708559,0.896743167072175,0.856811624572876,0.8127057733161349,0.773082956830386,0.7035827198766801,0.617483827415742,0.5531452896359661,0.44682160796113596,0.44134674470761404,0.42607378509122995,0.42911072023804503
0.0103473303938965,0.11467132180066901,0.214604467305753,0.28403249041296097,0.360628629792051,0.40126876976634207,0.4658165559230071,0.5184684943847101,0.582347221696227,0.6137293518081121,0.649976588346376,0.6974713856897579,0.747046315585279,0.7947230609360979,0.839461972027488,0.878009548679131,0.910658398778146,0.939636956937453,0.9682605849969581,1.0,0.9721997329609069,0.941393985342955,0.895444096496407,0.850424186403635,0.809246058192613,0.738956439233139,0.6486785302208741,0.5768701836421779,0.485630721131024,0.461206782052718,0.436576329977757,0.43649005246492895
0.0203701799390055,0.0701339696506517,0.17118533196657798,0.238064025023872,0.311329904686705,0.353835416321291,0.421961688372221,0.47476159038748494,0.5379901676897151,0.571521448332384,0.61027671000803,0.657325067535996,0.711028883937476,0.758960160711569,0.80637158335942,0.846282112028052,0.881391582802678,0.9093408992500749,0.9346432114708559,0.9721997329609069,1.0,0.972649019859624,0.9313387292959251,0.893340113596399,0.857889363174908,0.791133558407518,0.699244219976227,0.6088191837478609,0.487196294630435,0.4660946087798621,0.444002358538014,0.43737633938090004
0.0529445923207111,0.0258552963168101,0.119257274578878,0.183679821383833,0.255976510431041,0.298564082037996,0.365470871876115,0.417338919972084,0.483288943628405,0.521020470974007,0.560451754448319,0.6116040825334089,0.665195516666212,0.7157041438503661,0.7629510437643721,0.804012340928593,0.838993789655816,0.8680787347781078,0.896743167072175,0.941393985342955,0.972649019859624,1.0,0.962190162670522,0.9231271744903959,0.886528799969428,0.814318562011584,0.717754700438575,0.6283090999526301,0.511980356350068,0.47387609415521204,0.457309685403901,0.440313469211651
0.121713813633291,0.0419606780467083,0.0591057657903664,0.115837090676368,0.178206374296201,0.22633321162245498,0.29993705853511604,0.353468515321715,0.414206881386008,0.451444901982927,0.4916486225563271,0.54567564966822,0.615162213791204,0.667497493838342,0.7144003351865921,0.75877373507943,0.795823171174455,0.830493617038082,0.856811624572876,0.895444096496407,0.9313387292959251,0.962190162670522,1.0,0.9660768081613399,0.9293093186483009,0.855946505763641,0.7653072241764979,0.6593072023655999,0.53119388327963,0.48840013286915,0.47283214617759495,0.4445318557779
0.158715618764841,0.0834483015135544,0.0132621710912766,0.0655209264731889,0.12991270865858098,0.177408322821679,0.25306292290328103,0.30463901361041995,0.36406869085939103,0.402437973663202,0.443531678996288,0.498368802440475,0.564461284910077,0.613342573500298,0.6671670869949909,0.717614179062153,0.757523104804938,0.788907392801811,0.8127057733161349,0.850424186403635,0.893340113596399,0.9231271744903959,0.9660768081613399,1.0,0.9663843561733149,0.897337343061665,0.7959486782084491,0.6739994652871538,0.5334504658031239,0.51745842758598,0.506174907060997,0.4497729837174261
0.16449805255082597,0.0985368740363595,0.00173254283945927,0.0499129582804982,0.113269815038554,0.15988733540091798,0.23902605341495897,0.289674736039965,0.3466076887849361,0.38381356390806104,0.42176946436697205,0.472417732980695,0.532894049774443,0.575859057624491,0.629796556312344,0.677471190697172,0.7169373320491891,0.7488681396139921,0.773082956830386,0.809246058192613,0.857889363174908,0.886528799969428,0.9293093186483009,0.9663843561733149,1.0,0.9354053821136411,0.8286806055932321,0.711202954371708,0.562285936277181,0.535119551035541,0.5202257056727899,0.45612357616416105
0.141712581966372,0.0905147488293431,0.00255278614054108,0.0412121638833256,0.0900232262444678,0.132440079360731,0.21172258873393104,0.254825242656245,0.30683484167366104,0.33912903981620096,0.37122710329313896,0.41819524103803,0.4714411006650279,0.513031618457683,0.560550855133769,0.609657288234295,0.6469974017947769,0.6794285084965309,0.7035827198766801,0.738956439233139,0.791133558407518,0.814318562011584,0.855946505763641,0.897337343061665,0.9354053821136411,1.0,0.932854352255061,0.797947237113171,0.5919725596283829,0.589278546557016,0.545186942912014,0.455260295607221
0.0719143717370556,0.0374334099313039,0.0289905197682949,0.0662356992654805,0.0998573764426207,0.136185956100537,0.20472414570158298,0.240020410526805,0.280975691116792,0.309504882018605,0.33698114323169703,0.37826107983872204,0.428553704511507,0.46154821366670706,0.49273624391471793,0.540346344118218,0.563259274249558,0.5966132137254949,0.617483827415742,0.6486785302208741,0.699244219976227,0.717754700438575,0.7653072241764979,0.7959486782084491,0.8286806055932321,0.932854352255061,1.0,0.838681743008067,0.6240872239078671,0.626398033510154,0.5834418459150941,0.48552493279840797
0.0136690338397733,0.0414319188062545,0.08924011442213,0.121550682879882,0.15172067964747302,0.17672557611910802,0.227894534047767,0.250239660965102,0.27145757242269697,0.29073725968241,0.32008189645961105,0.357535757248124,0.40774646501064704,0.43456604501837,0.46283915578357304,0.483556699270141,0.505498769614372,0.534647440566821,0.5531452896359661,0.5768701836421779,0.6088191837478609,0.6283090999526301,0.6593072023655999,0.6739994652871538,0.711202954371708,0.797947237113171,0.838681743008067,1.0,0.7872304396060591,0.6678402739195911,0.545551039061894,0.45351208288107
0.0704135128354564,0.0961751945479698,0.124793363980526,0.136944778536726,0.156445415405737,0.177351862222907,0.22682090576109398,0.23664588130365,0.25014783065764395,0.268122484671799,0.29261033847011,0.31279751322984195,0.34656002848965006,0.370027881769011,0.38449303505919,0.39462974812820895,0.40289269547853795,0.43295694749010205,0.44682160796113596,0.485630721131024,0.487196294630435,0.511980356350068,0.53119388327963,0.5334504658031239,0.562285936277181,0.5919725596283829,0.6240872239078671,0.7872304396060591,1.0,0.781493714682396,0.586969015552331,0.449089963058724
0.08005458186070799,0.11534089635666199,0.16498322015821,0.17929846617130604,0.19839390398024698,0.22160023655337602,0.260936794887612,0.27404017662523,0.29189232152544803,0.30381451403101095,0.32007254004025604,0.33374772128784697,0.355580398019621,0.363068522230476,0.372573480181761,0.40138569238694705,0.40363592637377704,0.42436365439703,0.44134674470761404,0.461206782052718,0.4660946087798621,0.47387609415521204,0.48840013286915,0.51745842758598,0.535119551035541,0.589278546557016,0.626398033510154,0.6678402739195911,0.781493714682396,1.0,0.822664145185283,0.610860484105276
0.0761624691716453,0.124885173311973,0.192211810577697,0.209372387630932,0.228052727679746,0.247290481991975,0.289871835559338,0.30298766914048,0.319884721346226,0.330894103948014,0.33813255559368394,0.350685341031552,0.360351042404665,0.36351017633053295,0.37366090745332203,0.40675642582750393,0.404657130729094,0.409878848166081,0.42607378509122995,0.436576329977757,0.444002358538014,0.457309685403901,0.47283214617759495,0.506174907060997,0.5202257056727899,0.545186942912014,0.5834418459150941,0.545551039061894,0.586969015552331,0.822664145185283,1.0,0.780706089907795
0.10458073173245801,0.149842313847649,0.201867034298645,0.22823522946359304,0.251271403614186,0.27965416090240097,0.314627946395765,0.333483886488861,0.352271797463524,0.361993963650382,0.36025748887055603,0.365858015516967,0.371572952747529,0.3815851875543161,0.38586688887196996,0.408417782213539,0.40348357982334704,0.41809854485671105,0.42911072023804503,0.43649005246492895,0.43737633938090004,0.440313469211651,0.4445318557779,0.4497729837174261,0.45612357616416105,0.455260295607221,0.48552493279840797,0.45351208288107,0.449089963058724,0.610860484105276,0.780706089907795,1.0
