1.0,0.757796932539453,0.700999413807526,0.67766184187856,0.6599719810450899,0.634374862203129,0.62332307206189,0.612811033691595,0.607327742454465,0.605522750968903,0.598807205220981,0.593905528126217,0.585885364316572,0.5822498960735351,0.573598784993023,0.562349227213424,0.55322317929625,0.54255784111479,0.536370017459233,0.523975345680334,0.509574781930508,0.49367154975280797,0.47983585215407,0.455477361722092,0.42685291501971,0.372457069331183,0.297591382137206,0.21815663983501102,0.16399998455832698,0.130516258802141,0.10491981459861399,0.0484849080967668
0.757796932539453,1.0,0.948082626041787,0.91865930787237,0.9032369183968149,0.886473819044168,0.8729481365577191,0.860369832529228,0.8564309066760959,0.8505987135137572,0.841307955895327,0.833684600831588,0.8219548094006079,0.81449459390598,0.801146979430952,0.7884755799238549,0.7763085667430791,0.761160116367576,0.7524610223012249,0.737343488891896,0.7206454112499541,0.6990545896198879,0.674634360174596,0.643926756909976,0.604962804840245,0.530000812692216,0.435979048230075,0.328550691714479,0.252774082227534,0.190369407599082,0.15816739662151003,0.0876108334139577
0.700999413807526,0.948082626041787,1.0,0.977816920966528,0.9648724893202559,0.9530860488511179,0.9414064735795501,0.9311320793822171,0.9265978925353101,0.9214697718641721,0.913214468961928,0.905543334155128,0.894322333275935,0.8869465975585841,0.8751797220746871,0.8625883355942379,0.851390706691708,0.8381229554974771,0.8284434917982879,0.8126448355303341,0.795701541566818,0.7762294115860771,0.7517149603965229,0.721266775870617,0.6792001476736871,0.5995177786825179,0.49857220900270394,0.3803597031783211,0.288890773564423,0.22127803440374103,0.190144681590675,0.10811463235244301
0.67766184187856,0.91865930787237,0.977816920966528,1.0,0.986223698288648,0.975402796044104,0.965645062045504,0.957218545961511,0.952093392541851,0.9460517123349541,0.938200063156371,0.9301639271749259,0.920669154878386,0.914048063360174,0.903568070619293,0.8918931690514921,0.880381861299945,0.867415090286294,0.857619003239577,0.842098590422631,0.8262392855773771,0.807579851642133,0.7838295541154531,0.7538579995238979,0.7110954377777929,0.6310901221478149,0.527713535188274,0.40461611622854404,0.31050950637162394,0.24369918798343104,0.213619595126239,0.12906097875729303
0.6599719810450899,0.9032369183968149,0.9648724893202559,0.986223698288648,1.0,0.991648966245766,0.983629067462426,0.976473459562722,0.971168703024873,0.9644256539291399,0.957249068550748,0.95037265558222,0.9422140933799209,0.936975624880604,0.9276819000050591,0.917216440611989,0.9067007438985891,0.894765509747187,0.885406779838638,0.870242044388272,0.854551791617887,0.837548772327117,0.815113683359995,0.7870282731086701,0.7450732591367221,0.665338541455229,0.560755901164622,0.43815080977086107,0.337774425273851,0.26622209402927,0.231602136671925,0.136851083761198
0.634374862203129,0.886473819044168,0.9530860488511179,0.975402796044104,0.991648966245766,1.0,0.993806268063161,0.98742657983063,0.982216468562277,0.9760388141914141,0.969935808834919,0.9636222487440641,0.9565419480058021,0.9513470345898521,0.9420037000244219,0.932499641727231,0.9232961294985041,0.9130134260742441,0.9036516416067091,0.889518267570542,0.874505616861825,0.858779274777697,0.8369739544495151,0.80980440873139,0.768996007830237,0.6896253022335089,0.583389641556916,0.45631155643828497,0.35471699222127506,0.284663884266969,0.24979962192059302,0.152385282910279
0.62332307206189,0.8729481365577191,0.9414064735795501,0.965645062045504,0.983629067462426,0.993806268063161,1.0,0.9947617961486942,0.9895333895665179,0.984042966557198,0.977852217231205,0.9719957512087058,0.965248565208138,0.960431932312388,0.9515055760844978,0.942293326354237,0.9336227477628242,0.9248039257843359,0.9158623512642041,0.9023181544490309,0.8887199992466329,0.8740414714395129,0.853005775356216,0.827025249172654,0.7870802862419101,0.7080465775930479,0.6009620919211589,0.47041356839336207,0.366996097334589,0.297608908080826,0.26015343967818,0.160280581937177
0.612811033691595,0.860369832529228,0.9311320793822171,0.957218545961511,0.976473459562722,0.98742657983063,0.9947617961486942,1.0,0.9954738478408779,0.990961508186723,0.9855769888690958,0.9807954442744209,0.9750408601615029,0.969560357717457,0.961289830683513,0.9521787777875079,0.943923194533658,0.936142606164822,0.9275637516747809,0.9146082187735508,0.90151850127283,0.887311490070751,0.867549028845584,0.842819964744514,0.8033251627990259,0.7263092253298041,0.6211873724414511,0.48933403831257394,0.38606195995492,0.31621586888487,0.278596328324185,0.17408682925931399
0.607327742454465,0.8564309066760959,0.9265978925353101,0.952093392541851,0.971168703024873,0.982216468562277,0.9895333895665179,0.9954738478408779,1.0,0.9960868407180591,0.990741182729427,0.985785954698058,0.9799336289145291,0.974056134889312,0.966354262905206,0.9573838899174529,0.9489598446923292,0.9409559483567209,0.932604903045826,0.9198712929413,0.906687532259639,0.89304375916409,0.873760666630639,0.848362561477923,0.8086718892519659,0.730982419068199,0.6256130154463171,0.49251948494866604,0.39018445509210103,0.32111754647182106,0.28109584657928305,0.179653563787339
0.605522750968903,0.8505987135137572,0.9214697718641721,0.9460517123349541,0.9644256539291399,0.9760388141914141,0.984042966557198,0.990961508186723,0.9960868407180591,1.0,0.996027178783731,0.9914082635043392,0.9859032490610541,0.9799453138324109,0.9718883621622659,0.9634528999359301,0.9551902679005191,0.9472830153182241,0.939050190782578,0.9266050100886309,0.913459898468132,0.899675325086626,0.8814450552802672,0.856594644838746,0.816768348776321,0.739196509005914,0.632814382349557,0.498722408373398,0.39548034256557,0.323951038980073,0.28459763056417303,0.185089549105189
0.598807205220981,0.841307955895327,0.913214468961928,0.938200063156371,0.957249068550748,0.969935808834919,0.977852217231205,0.9855769888690958,0.990741182729427,0.996027178783731,1.0,0.996520697913949,0.9917125152388779,0.986199861701172,0.9789132064719549,0.9708519537082622,0.9632153259878871,0.9554946201909301,0.9473055194071759,0.935901311768702,0.9233642534216521,0.91012332108337,0.8933598476175449,0.8697226782669051,0.830476494656544,0.7525610485842541,0.645745267002202,0.511676136884773,0.408096634525735,0.33560597269466996,0.29714237188789,0.19465891365555302
0.593905528126217,0.833684600831588,0.905543334155128,0.9301639271749259,0.95037265558222,0.9636222487440641,0.9719957512087058,0.9807954442744209,0.985785954698058,0.9914082635043392,0.996520697913949,1.0,0.996402938268984,0.9915258136829319,0.985036671497284,0.976970454685749,0.9692667009352149,0.961227906238437,0.9529209719057521,0.941715225063577,0.928960535276583,0.915587474296259,0.8993109110139631,0.8766905334703399,0.83878863679758,0.7615525531155231,0.6545481692806651,0.521381794279158,0.41645824802094294,0.34491208362246506,0.30511346768451697,0.19830857366835003
0.585885364316572,0.8219548094006079,0.894322333275935,0.920669154878386,0.9422140933799209,0.9565419480058021,0.965248565208138,0.9750408601615029,0.9799336289145291,0.9859032490610541,0.9917125152388779,0.996402938268984,1.0,0.996287121341396,0.9909284917859499,0.98399846285766,0.976886675856124,0.968973874892838,0.960737013060022,0.9499368069861619,0.9379918417823391,0.924929344100781,0.9091249687427071,0.8874327960341769,0.8501626960624961,0.7729551221423531,0.665568951116538,0.531956625636303,0.42487473366577605,0.352154765518274,0.31158482002126003,0.20087796546039202
0.5822498960735351,0.81449459390598,0.8869465975585841,0.914048063360174,0.936975624880604,0.9513470345898521,0.960431932312388,0.969560357717457,0.974056134889312,0.9799453138324109,0.986199861701172,0.9915258136829319,0.996287121341396,1.0,0.996155527592943,0.9902845125053409,0.9837457078033341,0.9759828190091849,0.9679422991067951,0.956574165100684,0.9445787508687981,0.931708961400338,0.9158462557137729,0.8947377604939041,0.8587241081158431,0.7828699595460621,0.6756529401244101,0.541731361422617,0.43337591821838295,0.358311480776392,0.319484629563132,0.203934000982278
0.573598784993023,0.801146979430952,0.8751797220746871,0.903568070619293,0.9276819000050591,0.9420037000244219,0.9515055760844978,0.961289830683513,0.966354262905206,0.9718883621622659,0.9789132064719549,0.985036671497284,0.9909284917859499,0.996155527592943,1.0,0.995843300207841,0.990248098068303,0.98332939000029,0.9761460666626399,0.965540087400787,0.9542795477759599,0.94172945540333,0.9260563660685949,0.9056484974326421,0.869968930281653,0.795919840067993,0.6901574532343879,0.558615477007421,0.44782897362790897,0.37009780400849296,0.32695148414422603,0.20760189441722895
0.562349227213424,0.7884755799238549,0.8625883355942379,0.8918931690514921,0.917216440611989,0.932499641727231,0.942293326354237,0.9521787777875079,0.9573838899174529,0.9634528999359301,0.9708519537082622,0.976970454685749,0.98399846285766,0.9902845125053409,0.995843300207841,1.0,0.9962923069163709,0.990586222717941,0.984333153895527,0.974440854912511,0.964035804374791,0.9523383614551642,0.9375242984117241,0.9182360540498559,0.884265973839357,0.812637106910104,0.7088289625949841,0.578986705068989,0.466948960182423,0.38507213391771705,0.33989575259277394,0.21297929029717397
0.55322317929625,0.7763085667430791,0.851390706691708,0.880381861299945,0.9067007438985891,0.9232961294985041,0.9336227477628242,0.943923194533658,0.9489598446923292,0.9551902679005191,0.9632153259878871,0.9692667009352149,0.976886675856124,0.9837457078033341,0.990248098068303,0.9962923069163709,1.0,0.9961368012032109,0.9911297552349742,0.9825320203853459,0.9731729355013891,0.9624252945831959,0.9485912044001199,0.930423477164223,0.8983274099130891,0.8299010820085699,0.72896238481131,0.5991938293049139,0.485021892618159,0.400718481959972,0.35354222555277504,0.21948598446054604
0.54255784111479,0.761160116367576,0.8381229554974771,0.867415090286294,0.894765509747187,0.9130134260742441,0.9248039257843359,0.936142606164822,0.9409559483567209,0.9472830153182241,0.9554946201909301,0.961227906238437,0.968973874892838,0.9759828190091849,0.98332939000029,0.990586222717941,0.9961368012032109,1.0,0.9965894916883481,0.989532642517261,0.9812109100675841,0.9715989998405741,0.958565178656653,0.9411263401259791,0.9111093391028381,0.8439933399080649,0.7454390889591579,0.616313448125454,0.500984035079458,0.41853669479924893,0.36765822610195503,0.23409922549332499
0.536370017459233,0.7524610223012249,0.8284434917982879,0.857619003239577,0.885406779838638,0.9036516416067091,0.9158623512642041,0.9275637516747809,0.932604903045826,0.939050190782578,0.9473055194071759,0.9529209719057521,0.960737013060022,0.9679422991067951,0.9761460666626399,0.984333153895527,0.9911297552349742,0.9965894916883481,1.0,0.9951823851428309,0.988130883716822,0.979409271937577,0.9673159486605121,0.950628456479128,0.922310199530818,0.858011639952828,0.762602853382019,0.635903858777385,0.520935605213635,0.43792810915566704,0.38681883794881605,0.24629297131618202
0.523975345680334,0.737343488891896,0.8126448355303341,0.842098590422631,0.870242044388272,0.889518267570542,0.9023181544490309,0.9146082187735508,0.9198712929413,0.9266050100886309,0.935901311768702,0.941715225063577,0.9499368069861619,0.956574165100684,0.965540087400787,0.974440854912511,0.9825320203853459,0.989532642517261,0.9951823851428309,1.0,0.995132570512448,0.9883827925501859,0.9779842185720071,0.963557964263142,0.93702596018811,0.87686768243047,0.7848199396600699,0.657567787120679,0.543497167633739,0.456841772863454,0.402795148793915,0.26092655232571105
0.509574781930508,0.7206454112499541,0.795701541566818,0.8262392855773771,0.854551791617887,0.874505616861825,0.8887199992466329,0.90151850127283,0.906687532259639,0.913459898468132,0.9233642534216521,0.928960535276583,0.9379918417823391,0.9445787508687981,0.9542795477759599,0.964035804374791,0.9731729355013891,0.9812109100675841,0.988130883716822,0.995132570512448,1.0,0.995012579710774,0.986132810115415,0.974209967725165,0.9505661852303671,0.8951050247405501,0.80787553944571,0.6837189942672449,0.574798723440328,0.487670876416958,0.428923627316378,0.27991793130099496
0.49367154975280797,0.6990545896198879,0.7762294115860771,0.807579851642133,0.837548772327117,0.858779274777697,0.8740414714395129,0.887311490070751,0.89304375916409,0.899675325086626,0.91012332108337,0.915587474296259,0.924929344100781,0.931708961400338,0.94172945540333,0.9523383614551642,0.9624252945831959,0.9715989998405741,0.979409271937577,0.9883827925501859,0.995012579710774,1.0,0.9940363364669409,0.9836639958436851,0.9627514627817472,0.9123310730856959,0.8291808260544442,0.7088283155886321,0.602884391885731,0.514778157497136,0.4537462861253329,0.30084742224864397
0.47983585215407,0.674634360174596,0.7517149603965229,0.7838295541154531,0.815113683359995,0.8369739544495151,0.853005775356216,0.867549028845584,0.873760666630639,0.8814450552802672,0.8933598476175449,0.8993109110139631,0.9091249687427071,0.9158462557137729,0.9260563660685949,0.9375242984117241,0.9485912044001199,0.958565178656653,0.9673159486605121,0.9779842185720071,0.986132810115415,0.9940363364669409,1.0,0.9927366554005659,0.974368705997261,0.928489655751899,0.85001880207471,0.7340630025656609,0.630069351790951,0.540475085972719,0.471984349127481,0.31742575653619104
0.455477361722092,0.643926756909976,0.721266775870617,0.7538579995238979,0.7870282731086701,0.80980440873139,0.827025249172654,0.842819964744514,0.848362561477923,0.856594644838746,0.8697226782669051,0.8766905334703399,0.8874327960341769,0.8947377604939041,0.9056484974326421,0.9182360540498559,0.930423477164223,0.9411263401259791,0.950628456479128,0.963557964263142,0.974209967725165,0.9836639958436851,0.9927366554005659,1.0,0.9886018093775051,0.9509821500886899,0.8817664027932041,0.770393519662559,0.6681313540399539,0.5736097057075551,0.5020286569425301,0.339556129611542
0.42685291501971,0.604962804840245,0.6792001476736871,0.7110954377777929,0.7450732591367221,0.768996007830237,0.7870802862419101,0.8033251627990259,0.8086718892519659,0.816768348776321,0.830476494656544,0.83878863679758,0.8501626960624961,0.8587241081158431,0.869968930281653,0.884265973839357,0.8983274099130891,0.9111093391028381,0.922310199530818,0.93702596018811,0.9505661852303671,0.9627514627817472,0.974368705997261,0.9886018093775051,1.0,0.976598145551565,0.922044938845154,0.8190545335386609,0.718440584609109,0.620230318742964,0.55275902644498,0.380368676108375
0.372457069331183,0.530000812692216,0.5995177786825179,0.6310901221478149,0.665338541455229,0.6896253022335089,0.7080465775930479,0.7263092253298041,0.730982419068199,0.739196509005914,0.7525610485842541,0.7615525531155231,0.7729551221423531,0.7828699595460621,0.795919840067993,0.812637106910104,0.8299010820085699,0.8439933399080649,0.858011639952828,0.87686768243047,0.8951050247405501,0.9123310730856959,0.928489655751899,0.9509821500886899,0.976598145551565,1.0,0.972327494552716,0.885705025312432,0.793330428119405,0.6878679843070351,0.6109197599983199,0.432738600315063
0.297591382137206,0.435979048230075,0.49857220900270394,0.527713535188274,0.560755901164622,0.583389641556916,0.6009620919211589,0.6211873724414511,0.6256130154463171,0.632814382349557,0.645745267002202,0.6545481692806651,0.665568951116538,0.6756529401244101,0.6901574532343879,0.7088289625949841,0.72896238481131,0.7454390889591579,0.762602853382019,0.7848199396600699,0.80787553944571,0.8291808260544442,0.85001880207471,0.8817664027932041,0.922044938845154,0.972327494552716,1.0,0.94087448671205,0.863602888128586,0.7513056283909809,0.665561191832876,0.467376649642849
0.21815663983501102,0.328550691714479,0.3803597031783211,0.40461611622854404,0.43815080977086107,0.45631155643828497,0.47041356839336207,0.48933403831257394,0.49251948494866604,0.498722408373398,0.511676136884773,0.521381794279158,0.531956625636303,0.541731361422617,0.558615477007421,0.578986705068989,0.5991938293049139,0.616313448125454,0.635903858777385,0.657567787120679,0.6837189942672449,0.7088283155886321,0.7340630025656609,0.770393519662559,0.8190545335386609,0.885705025312432,0.94087448671205,1.0,0.929162695541033,0.799584879349986,0.707018778790624,0.490559910734721
0.16399998455832698,0.252774082227534,0.288890773564423,0.31050950637162394,0.337774425273851,0.35471699222127506,0.366996097334589,0.38606195995492,0.39018445509210103,0.39548034256557,0.408096634525735,0.41645824802094294,0.42487473366577605,0.43337591821838295,0.44782897362790897,0.466948960182423,0.485021892618159,0.500984035079458,0.520935605213635,0.543497167633739,0.574798723440328,0.602884391885731,0.630069351790951,0.6681313540399539,0.718440584609109,0.793330428119405,0.863602888128586,0.929162695541033,1.0,0.8921307900683199,0.7832993256556671,0.545657494079674
0.130516258802141,0.190369407599082,0.22127803440374103,0.24369918798343104,0.26622209402927,0.284663884266969,0.297608908080826,0.31621586888487,0.32111754647182106,0.323951038980073,0.33560597269466996,0.34491208362246506,0.352154765518274,0.358311480776392,0.37009780400849296,0.38507213391771705,0.400718481959972,0.41853669479924893,0.43792810915566704,0.456841772863454,0.487670876416958,0.514778157497136,0.540475085972719,0.5736097057075551,0.620230318742964,0.6878679843070351,0.7513056283909809,0.799584879349986,0.8921307900683199,1.0,0.8698874587334459,0.621176020597317
0.10491981459861399,0.15816739662151003,0.190144681590675,0.213619595126239,0.231602136671925,0.24979962192059302,0.26015343967818,0.278596328324185,0.28109584657928305,0.28459763056417303,0.29714237188789,0.30511346768451697,0.31158482002126003,0.319484629563132,0.32695148414422603,0.33989575259277394,0.35354222555277504,0.36765822610195503,0.38681883794881605,0.402795148793915,0.428923627316378,0.4537462861253329,0.471984349127481,0.5020286569425301,0.55275902644498,0.6109197599983199,0.665561191832876,0.707018778790624,0.7832993256556671,0.8698874587334459,1.0,0.688167308093576
0.0484849080967668,0.0876108334139577,0.10811463235244301,0.12906097875729303,0.136851083761198,0.152385282910279,0.160280581937177,0.17408682925931399,0.179653563787339,0.185089549105189,0.19465891365555302,0.19830857366835003,0.20087796546039202,0.203934000982278,0.20760189441722895,0.21297929029717397,0.21948598446054604,0.23409922549332499,0.24629297131618202,0.26092655232571105,0.27991793130099496,0.30084742224864397,0.31742575653619104,0.339556129611542,0.380368676108375,0.432738600315063,0.467376649642849,0.490559910734721,0.545657494079674,0.621176020597317,0.688167308093576,1.0
