1.0,0.981987961358231,0.8876485404923171,0.822455354232869,0.770962836868223,0.610555934840188,0.5998914342908941,0.557580181837567,0.50485183280328,0.456101980601348,0.36738554377075,0.31677625795659603,0.271809895634219,0.22107475883180303,0.186715868148219,0.14566611333586402,0.0922608286061853,0.0288177063394265,0.0265791950337015,0.066339515447167,0.0976879646342162,0.11569740042662499,0.10912045414093301,0.0997991745163608,0.07917068317658099,0.0543689076847882,0.0381168509776043,0.00900819945932223,0.0023939405481360897,0.00163946100965491,0.0045863889187106105,0.00633669384755083
0.981987961358231,1.0,0.958672725141817,0.9127772443720791,0.855436770895096,0.677146723328637,0.664915684391005,0.617535498824323,0.561026884076921,0.5133264044626,0.421782729120889,0.369255298608246,0.32169481179980103,0.266883721087818,0.228857737830814,0.182485127436274,0.125519539111313,0.059805978506888,0.0012940675464699401,0.0423270877003447,0.0780286148920739,0.0997719838298571,0.09565660686285099,0.08874573192437699,0.0669149729612077,0.0408633168770213,0.0244170207347311,0.00475383015126439,0.0147575106481334,0.0138520479408965,0.00550828173746416,0.0025455336930361103
0.8876485404923171,0.958672725141817,1.0,0.986304546915906,0.9240831637445559,0.7310685897061129,0.717315869052787,0.6655460470653461,0.6072131108890029,0.564357865516813,0.474823080575016,0.42300279972997906,0.37479158567446796,0.31759473096227897,0.276649709844969,0.22543613817116603,0.167008727195325,0.102374420463939,0.043177056193885996,0.00327188561821587,0.0430845163142974,0.0689621134925313,0.0688350651227511,0.0660268263619459,0.0438800037065177,0.0177295079049592,0.00211647177767687,0.0251512997883376,0.032364429515346,0.031293595054998,0.0203317990723973,0.0157461533487556
0.822455354232869,0.9127772443720791,0.986304546915906,1.0,0.9670743024324091,0.8106033586013791,0.794812405242165,0.736800096836893,0.673840095633569,0.632249354941442,0.539382933464545,0.48606316738764205,0.43579586176351504,0.37528860888248206,0.335111960098289,0.282161150921319,0.223336160702659,0.15889776072377,0.0977312321453545,0.049432051661904994,0.0062026684578416,0.0236077058228706,0.0278912347449628,0.0300643720861921,0.0114553520922662,0.0102529055305027,0.022253385636721003,0.0465893959788779,0.0505616754025248,0.0513856720444503,0.0401142514982099,0.0343821780715248
0.770962836868223,0.855436770895096,0.9240831637445559,0.9670743024324091,1.0,0.932931164427502,0.9141439216796291,0.846686464244104,0.775403986677104,0.732074765881818,0.63014060329698,0.5728779130631341,0.518702862520398,0.453146431381521,0.41703660600173703,0.364534918862355,0.30598108982109395,0.240805291270932,0.175911039473761,0.12606266643184402,0.0791344999258529,0.04460108266757701,0.0345389170245887,0.0254932227648731,0.0364359074171064,0.0487755795811767,0.0539453365729925,0.0738643799197959,0.0734890142380391,0.0784488067623316,0.0687992126496914,0.0620677278204798
0.610555934840188,0.677146723328637,0.7310685897061129,0.8106033586013791,0.932931164427502,1.0,0.9806341454163879,0.9091964002083801,0.835230750295994,0.794178887165759,0.6904956700608161,0.633956399201306,0.580236311664425,0.514726767027238,0.488291594080181,0.44209936118472204,0.3903875103834821,0.33144556041012,0.268460847475096,0.22199202444046198,0.17503038144742902,0.13762064968628301,0.12047769282702,0.102638945633684,0.10140829391799301,0.0989349997787866,0.0937179149126784,0.105213007621672,0.0986444929076538,0.10898248943591402,0.102637727682363,0.0951727857587226
0.5998914342908941,0.664915684391005,0.717315869052787,0.794812405242165,0.9141439216796291,0.9806341454163879,1.0,0.9731340280735992,0.9255427871399091,0.880604261582312,0.7663108250443871,0.70572693998972,0.648727147790943,0.577995687692882,0.54749392072338,0.494870364850633,0.43926321662515605,0.37823479799613796,0.311695199530908,0.26379865012352,0.21441525439377804,0.17476717084166898,0.15674119873772302,0.13679971148808198,0.133495090775473,0.12714919504523198,0.11863588630869501,0.132134806227534,0.12356590210384699,0.135974238050111,0.127585642575362,0.118145625986284
0.557580181837567,0.617535498824323,0.6655460470653461,0.736800096836893,0.846686464244104,0.9091964002083801,0.9731340280735992,1.0,0.9857765503936009,0.9384992783720691,0.8174051441792908,0.7550733422227921,0.6970469725012751,0.6236872106011689,0.589918638173446,0.532346262983876,0.474919726840863,0.414467448003168,0.34705125365529904,0.29985349383965004,0.25007410739275304,0.209762451686644,0.191593081070485,0.17016936007405098,0.16459060045656798,0.15400704155039002,0.142041232561685,0.157225864785595,0.14673060108795002,0.160956969356615,0.15058199207128697,0.139288611331698
0.50485183280328,0.561026884076921,0.6072131108890029,0.673840095633569,0.775403986677104,0.835230750295994,0.9255427871399091,0.9857765503936009,1.0,0.971831067315695,0.8705241782581159,0.814451556371011,0.7573934960092958,0.682956340827256,0.647064618238652,0.5850222950666271,0.5263121019200611,0.466843701362613,0.39828962836929105,0.35366487593741797,0.304830921461017,0.26403568093105895,0.24378665986204104,0.21871879245304,0.208560605775292,0.191070239444357,0.173735441488856,0.18378898183546397,0.168739645904188,0.186861830532943,0.178126968071409,0.16590038282317598
0.456101980601348,0.5133264044626,0.564357865516813,0.632249354941442,0.732074765881818,0.794178887165759,0.880604261582312,0.9384992783720691,0.971831067315695,1.0,0.961985898381182,0.9241931659959219,0.869313314902367,0.7935418390274301,0.756178837934575,0.6880922625141321,0.6266584126355861,0.566391543712948,0.4933905808750661,0.45279501577684605,0.40527153469686,0.36262797496915006,0.335995466578687,0.30242017798493104,0.283214730795531,0.25345935373138,0.22672218619902,0.219825393879772,0.194961132128915,0.22138960144364397,0.22047796700942002,0.20851376136983701
0.36738554377075,0.421782729120889,0.474823080575016,0.539382933464545,0.63014060329698,0.6904956700608161,0.7663108250443871,0.8174051441792908,0.8705241782581159,0.961985898381182,1.0,0.986059872011269,0.9375816531256791,0.865617678027398,0.82918969854876,0.7589098770485521,0.698660561673302,0.6417266394761689,0.568730648241233,0.535672322691834,0.49302519149436497,0.45125284816564,0.419105031806584,0.37804381391012,0.349711573083397,0.307846156144086,0.27210286092505204,0.24605169255447198,0.211570910639627,0.24575719980525101,0.253975362363968,0.24316053508898397
0.31677625795659603,0.369255298608246,0.42300279972997906,0.48606316738764205,0.5728779130631341,0.633956399201306,0.70572693998972,0.7550733422227921,0.814451556371011,0.9241931659959219,0.986059872011269,1.0,0.98103578684431,0.9335973966298678,0.8990377869691071,0.827598886681995,0.7680480464926179,0.7126875182622209,0.638355684625415,0.606563238059635,0.562979261946998,0.5193958518574989,0.48544469133471,0.44039319453323206,0.410546548748495,0.363948177024397,0.32334489328353,0.287856606705226,0.245665166069392,0.278819458508247,0.282189172720577,0.268328514635965
0.271809895634219,0.32169481179980103,0.37479158567446796,0.43579586176351504,0.518702862520398,0.580236311664425,0.648727147790943,0.6970469725012751,0.7573934960092958,0.869313314902367,0.9375816531256791,0.98103578684431,1.0,0.985129010798475,0.9533903154480329,0.8823678072819549,0.824427960798804,0.7710860107648109,0.696274333522519,0.664311859893488,0.6186661830231629,0.5731398440617529,0.539148141107592,0.491950465080747,0.463545228553725,0.415323540895231,0.371817564043461,0.330462935661311,0.28176343359601,0.31043808157264696,0.30428426593310104,0.286205050895162
0.22107475883180303,0.266883721087818,0.31759473096227897,0.37528860888248206,0.453146431381521,0.514726767027238,0.577995687692882,0.6236872106011689,0.682956340827256,0.7935418390274301,0.865617678027398,0.9335973966298678,0.985129010798475,1.0,0.9776144228674871,0.9145849454942259,0.8622759056726071,0.811966138984966,0.738204546872412,0.707007645071999,0.660570279403884,0.6140448293787121,0.579872061072417,0.5309321005114461,0.5032999919152489,0.453575899510706,0.40774095920864395,0.361618001281683,0.30798662512887104,0.33119621575547303,0.315812039510391,0.29416756747461
0.186715868148219,0.228857737830814,0.276649709844969,0.335111960098289,0.41703660600173703,0.488291594080181,0.54749392072338,0.589918638173446,0.647064618238652,0.756178837934575,0.82918969854876,0.8990377869691071,0.9533903154480329,0.9776144228674871,1.0,0.979197704373322,0.9466835828171679,0.895313042568865,0.817492502149912,0.786677716668739,0.7384463262732659,0.6878643659458621,0.645861345354871,0.5883416551917221,0.551603217029634,0.49154007232209496,0.4383417793500429,0.386134393292986,0.3278349291348,0.34490788514873805,0.32076882161498105,0.296059184236496
0.14566611333586402,0.182485127436274,0.22543613817116603,0.282161150921319,0.364534918862355,0.44209936118472204,0.494870364850633,0.532346262983876,0.5850222950666271,0.6880922625141321,0.7589098770485521,0.827598886681995,0.8823678072819549,0.9145849454942259,0.979197704373322,1.0,0.987953857923923,0.937737951097956,0.8593019086979251,0.830161875691487,0.7822449210625849,0.7298951568820471,0.682121371432939,0.618765897452626,0.574802911825883,0.507315157064772,0.449270936390609,0.393408978658835,0.333079069033747,0.34351028868579303,0.31195150736754806,0.285333356037221
0.0922608286061853,0.125519539111313,0.167008727195325,0.223336160702659,0.30598108982109395,0.3903875103834821,0.43926321662515605,0.474919726840863,0.5263121019200611,0.6266584126355861,0.698660561673302,0.7680480464926179,0.824427960798804,0.8622759056726071,0.9466835828171679,0.987953857923923,1.0,0.976168862912022,0.918865362602843,0.892593911679492,0.842862519383667,0.7878757054652271,0.7370145856217281,0.669138982879293,0.615987789849809,0.537144107957607,0.471468797746479,0.41691498705261404,0.35473507825016903,0.362285137435351,0.323917745675571,0.294486411976252
0.0288177063394265,0.059805978506888,0.102374420463939,0.15889776072377,0.240805291270932,0.33144556041012,0.37823479799613796,0.414467448003168,0.466843701362613,0.566391543712948,0.6417266394761689,0.7126875182622209,0.7710860107648109,0.811966138984966,0.895313042568865,0.937737951097956,0.976168862912022,1.0,0.9825945751029059,0.9604077395458871,0.9075842812255709,0.8498505531644659,0.798835951630557,0.7284081688237719,0.665188998219593,0.5727357177895931,0.4979209122869179,0.44948707197200605,0.38630533584007504,0.394235184833502,0.350183797229222,0.317542261170062
0.0265791950337015,0.0012940675464699401,0.043177056193885996,0.0977312321453545,0.175911039473761,0.268460847475096,0.311695199530908,0.34705125365529904,0.39828962836929105,0.4933905808750661,0.568730648241233,0.638355684625415,0.696274333522519,0.738204546872412,0.817492502149912,0.8593019086979251,0.918865362602843,0.9825945751029059,1.0,0.982148375800768,0.928675089405032,0.870772616429588,0.821555237668014,0.7516053005884971,0.682157915693417,0.581549979231701,0.50174011444629,0.460376019959534,0.398725298566109,0.406680461072786,0.35942892033801205,0.325273455089586
0.066339515447167,0.0423270877003447,0.00327188561821587,0.049432051661904994,0.12606266643184402,0.22199202444046198,0.26379865012352,0.29985349383965004,0.35366487593741797,0.45279501577684605,0.535672322691834,0.606563238059635,0.664311859893488,0.707007645071999,0.786677716668739,0.830161875691487,0.892593911679492,0.9604077395458871,0.982148375800768,1.0,0.9817317585886429,0.946739950870371,0.8980908871188891,0.8255605157987471,0.749441692201442,0.6375506358464781,0.549144724354462,0.499818285396413,0.43128718979040004,0.4354152165839729,0.38024009700221395,0.34244624745867996
0.0976879646342162,0.0780286148920739,0.0430845163142974,0.0062026684578416,0.0791344999258529,0.17503038144742902,0.21441525439377804,0.25007410739275304,0.304830921461017,0.40527153469686,0.49302519149436497,0.562979261946998,0.6186661830231629,0.660570279403884,0.7384463262732659,0.7822449210625849,0.842862519383667,0.9075842812255709,0.928675089405032,0.9817317585886429,1.0,0.9895331622166021,0.9428804153221508,0.8701106755258431,0.7905429169639209,0.671954625278285,0.578401653999101,0.521754247050754,0.448340455356104,0.448429975289596,0.38744801184732,0.347413591839051
0.11569740042662499,0.0997719838298571,0.0689621134925313,0.0236077058228706,0.04460108266757701,0.13762064968628301,0.17476717084166898,0.209762451686644,0.26403568093105895,0.36262797496915006,0.45125284816564,0.5193958518574989,0.5731398440617529,0.6140448293787121,0.6878643659458621,0.7298951568820471,0.7878757054652271,0.8498505531644659,0.870772616429588,0.946739950870371,0.9895331622166021,1.0,0.9706838588804351,0.9100604344715029,0.834042219848499,0.711675847955788,0.614438077267191,0.548022603005405,0.46836418645410405,0.4629366178858761,0.394515192818539,0.35172499455408296
0.10912045414093301,0.09565660686285099,0.0688350651227511,0.0278912347449628,0.0345389170245887,0.12047769282702,0.15674119873772302,0.191593081070485,0.24378665986204104,0.335995466578687,0.419105031806584,0.48544469133471,0.539148141107592,0.579872061072417,0.645861345354871,0.682121371432939,0.7370145856217281,0.798835951630557,0.821555237668014,0.8980908871188891,0.9428804153221508,0.9706838588804351,1.0,0.9830042525363001,0.9259313048551221,0.8014738162361079,0.6995885707666629,0.6124212930697521,0.518571426281559,0.502416170264122,0.41808105141917795,0.36894871580248206
0.0997991745163608,0.08874573192437699,0.0660268263619459,0.0300643720861921,0.0254932227648731,0.102638945633684,0.13679971148808198,0.17016936007405098,0.21871879245304,0.30242017798493104,0.37804381391012,0.44039319453323206,0.491950465080747,0.5309321005114461,0.5883416551917221,0.618765897452626,0.669138982879293,0.7284081688237719,0.7516053005884971,0.8255605157987471,0.8701106755258431,0.9100604344715029,0.9830042525363001,1.0,0.9596450558278391,0.838492404902173,0.737070442720489,0.637486537910188,0.536493937889252,0.512781360717884,0.41961333139774104,0.36757214958599205
0.07917068317658099,0.0669149729612077,0.0438800037065177,0.0114553520922662,0.0364359074171064,0.10140829391799301,0.133495090775473,0.16459060045656798,0.208560605775292,0.283214730795531,0.349711573083397,0.410546548748495,0.463545228553725,0.5032999919152489,0.551603217029634,0.574802911825883,0.615987789849809,0.665188998219593,0.682157915693417,0.749441692201442,0.7905429169639209,0.834042219848499,0.9259313048551221,0.9596450558278391,1.0,0.9568934836732091,0.8954800835571751,0.742587797810835,0.6107206926932889,0.565833472435876,0.447631033962573,0.386092167021021
0.0543689076847882,0.0408633168770213,0.0177295079049592,0.0102529055305027,0.0487755795811767,0.0989349997787866,0.12714919504523198,0.15400704155039002,0.191070239444357,0.25345935373138,0.307846156144086,0.363948177024397,0.415323540895231,0.453575899510706,0.49154007232209496,0.507315157064772,0.537144107957607,0.5727357177895931,0.581549979231701,0.6375506358464781,0.671954625278285,0.711675847955788,0.8014738162361079,0.838492404902173,0.9568934836732091,1.0,0.986153952549327,0.791614026148175,0.6388364834053679,0.577169275105555,0.44394526487417496,0.37779259302409796
0.0381168509776043,0.0244170207347311,0.00211647177767687,0.022253385636721003,0.0539453365729925,0.0937179149126784,0.11863588630869501,0.142041232561685,0.173735441488856,0.22672218619902,0.27210286092505204,0.32334489328353,0.371817564043461,0.40774095920864395,0.4383417793500429,0.449270936390609,0.471468797746479,0.4979209122869179,0.50174011444629,0.549144724354462,0.578401653999101,0.614438077267191,0.6995885707666629,0.737070442720489,0.8954800835571751,0.986153952549327,1.0,0.789162204178116,0.630321016340047,0.561444552376748,0.42476726853206603,0.358524387637951
0.00900819945932223,0.00475383015126439,0.0251512997883376,0.0465893959788779,0.0738643799197959,0.105213007621672,0.132134806227534,0.157225864785595,0.18378898183546397,0.219825393879772,0.24605169255447198,0.287856606705226,0.330462935661311,0.361618001281683,0.386134393292986,0.393408978658835,0.41691498705261404,0.44948707197200605,0.460376019959534,0.499818285396413,0.521754247050754,0.548022603005405,0.6124212930697521,0.637486537910188,0.742587797810835,0.791614026148175,0.789162204178116,1.0,0.974236848925154,0.8972297219540281,0.623286511380936,0.502590137261544
0.0023939405481360897,0.0147575106481334,0.032364429515346,0.0505616754025248,0.0734890142380391,0.0986444929076538,0.12356590210384699,0.14673060108795002,0.168739645904188,0.194961132128915,0.211570910639627,0.245665166069392,0.28176343359601,0.30798662512887104,0.3278349291348,0.333079069033747,0.35473507825016903,0.38630533584007504,0.398725298566109,0.43128718979040004,0.448340455356104,0.46836418645410405,0.518571426281559,0.536493937889252,0.6107206926932889,0.6388364834053679,0.630321016340047,0.974236848925154,1.0,0.928039766142475,0.632051704755915,0.503833958521337
0.00163946100965491,0.0138520479408965,0.031293595054998,0.0513856720444503,0.0784488067623316,0.10898248943591402,0.135974238050111,0.160956969356615,0.186861830532943,0.22138960144364397,0.24575719980525101,0.278819458508247,0.31043808157264696,0.33119621575547303,0.34490788514873805,0.34351028868579303,0.362285137435351,0.394235184833502,0.406680461072786,0.4354152165839729,0.448429975289596,0.4629366178858761,0.502416170264122,0.512781360717884,0.565833472435876,0.577169275105555,0.561444552376748,0.8972297219540281,0.928039766142475,1.0,0.8729525380981609,0.78606505397094
0.0045863889187106105,0.00550828173746416,0.0203317990723973,0.0401142514982099,0.0687992126496914,0.102637727682363,0.127585642575362,0.15058199207128697,0.178126968071409,0.22047796700942002,0.253975362363968,0.282189172720577,0.30428426593310104,0.315812039510391,0.32076882161498105,0.31195150736754806,0.323917745675571,0.350183797229222,0.35942892033801205,0.38024009700221395,0.38744801184732,0.394515192818539,0.41808105141917795,0.41961333139774104,0.447631033962573,0.44394526487417496,0.42476726853206603,0.623286511380936,0.632051704755915,0.8729525380981609,1.0,0.9877312037571859
0.00633669384755083,0.0025455336930361103,0.0157461533487556,0.0343821780715248,0.0620677278204798,0.0951727857587226,0.118145625986284,0.139288611331698,0.16590038282317598,0.20851376136983701,0.24316053508898397,0.268328514635965,0.286205050895162,0.29416756747461,0.296059184236496,0.285333356037221,0.294486411976252,0.317542261170062,0.325273455089586,0.34244624745867996,0.347413591839051,0.35172499455408296,0.36894871580248206,0.36757214958599205,0.386092167021021,0.37779259302409796,0.358524387637951,0.502590137261544,0.503833958521337,0.78606505397094,0.9877312037571859,1.0
