1.0,0.49360077035758204,0.40983553719932303,0.382434581520787,0.308386753151582,0.286600905139828,0.271826031578764,0.266771756491117,0.275533459665624,0.28752599897630604,0.29247332387271696,0.288802904461837,0.274183178715444,0.252592979222415,0.232426780875557,0.227431667276504,0.212719203751289,0.217799049195177,0.19590992651536301,0.18626479797119,0.184812536714258,0.17857199905257798,0.18734223578772696,0.18558507328375698,0.187519696620535,0.205286537633966,0.194162348965225,0.17277005154842998,0.18534104211939004,0.232413782090018,0.245441805272751,0.188969644654812
0.49360077035758204,1.0,0.675630510236334,0.618508622483347,0.499882895240916,0.46068051788626097,0.42626242050142105,0.402505483716166,0.3898048988718879,0.36975059198571897,0.35672389611683203,0.342792739301516,0.328985303339292,0.30525948013116105,0.273960191569245,0.27038683182962603,0.252183138932909,0.24307021512651603,0.22836564129414896,0.22764264482261698,0.230978424657702,0.229209420424691,0.241438912254328,0.252854506526834,0.261848996995162,0.26162521574707104,0.23795941279107702,0.198879160415445,0.20249907512118698,0.251545503442051,0.30166281791738103,0.17639704033159603
0.40983553719932303,0.675630510236334,1.0,0.8658457285248821,0.6355257876797329,0.566175306238886,0.507908345283647,0.4832747606980529,0.47480468220158206,0.46133977089232503,0.44754003906660494,0.426988524946447,0.408647326147902,0.38278264356253006,0.34875692347006,0.343930915289194,0.3237039014527511,0.30831718726764695,0.30790178293521003,0.30800594888263105,0.298849545258721,0.286317976162176,0.29060158205188696,0.296497310938936,0.301413426294592,0.298652420170659,0.25672970105188697,0.199928100217451,0.19636284401615697,0.239465523125267,0.28013689279153603,0.15427117276256197
0.382434581520787,0.618508622483347,0.8658457285248821,1.0,0.903412612189928,0.8090203831565601,0.723973567547722,0.686450647118749,0.6593620149526199,0.632554560018413,0.6140138476944039,0.590747493514602,0.572251512636486,0.547125592359485,0.511821168601277,0.5057558070375721,0.482761175051275,0.45864862515738003,0.45265474644272996,0.447054329138961,0.434568943189583,0.423044213167726,0.427769128114194,0.42914190219294607,0.427397420992528,0.417017692618955,0.349593289078044,0.26006358029618104,0.245151661995384,0.28871817029491603,0.31454622298331497,0.17072980473057597
0.308386753151582,0.499882895240916,0.6355257876797329,0.903412612189928,1.0,0.954141795941203,0.843835992271635,0.796842364156926,0.7557378533824191,0.7162531876871451,0.688337648700209,0.657854822639292,0.636343449883478,0.614023736288933,0.583410536725547,0.5754624729257211,0.549751623738344,0.5225173824914461,0.5127844964799311,0.500533909967887,0.48386591470212603,0.473264015878915,0.47677134761814793,0.47451735581973004,0.46421794402066496,0.447454290960914,0.36766183035632105,0.26257317704376104,0.24156917635407396,0.283246560169252,0.294908191489173,0.15786220279311902
0.286600905139828,0.46068051788626097,0.566175306238886,0.8090203831565601,0.954141795941203,1.0,0.9501857069339301,0.892388500035771,0.841890462249033,0.799831212496095,0.765711602307511,0.728025576031591,0.699227643837438,0.674725036920798,0.646347303308634,0.635049160549687,0.607653135476593,0.580124434322078,0.5703241677023331,0.55293865787236,0.53012940053043,0.515479961325991,0.511803087062966,0.505647700946389,0.48898412086261694,0.467547235709873,0.37494876045712894,0.254884155897524,0.22909772157758398,0.2708592813882,0.274813341203975,0.152085950012074
0.271826031578764,0.42626242050142105,0.507908345283647,0.723973567547722,0.843835992271635,0.9501857069339301,1.0,0.9678547385099701,0.912136150202689,0.8716542631102769,0.8380239238300359,0.7989442022233879,0.764112945608,0.7347369835961941,0.705562087439241,0.691042761209349,0.663739307525692,0.635961564029468,0.625013600158459,0.60270672374109,0.574881332100187,0.557378317450124,0.548533881345474,0.538279295537069,0.514296824726928,0.48712604523400105,0.38049020668633504,0.246018659316172,0.21439496342663103,0.25264535570158,0.251371934527472,0.14105072325796802
0.266771756491117,0.402505483716166,0.4832747606980529,0.686450647118749,0.796842364156926,0.892388500035771,0.9678547385099701,1.0,0.9656820093182099,0.9225930106503409,0.8909764760960709,0.8522976458435502,0.81402260336318,0.7789110994815891,0.7444200200795971,0.7273349956581541,0.697655102249662,0.668485809279929,0.654584549297133,0.6297230604590811,0.6005583104407131,0.5831316537271739,0.576467179259798,0.565635462962273,0.5328036806193879,0.4973394839081389,0.38147349502795896,0.240269004377005,0.205850449065632,0.24233967293077105,0.24730068546142198,0.13063856353815098
0.275533459665624,0.3898048988718879,0.47480468220158206,0.6593620149526199,0.7557378533824191,0.841890462249033,0.912136150202689,0.9656820093182099,1.0,0.964022927473032,0.934686299796511,0.895712575072103,0.855715538448828,0.817496516211193,0.77854365556023,0.7578796806230139,0.725246431547979,0.695955014213036,0.6811741214747521,0.660180287936209,0.633750018176283,0.612305800487938,0.600589842546904,0.590188682382152,0.550374838034271,0.504027884906369,0.380300787770782,0.23439470838384402,0.20031782046717397,0.24210487623773702,0.261632407533401,0.14219017747684198
0.28752599897630604,0.36975059198571897,0.46133977089232503,0.632554560018413,0.7162531876871451,0.799831212496095,0.8716542631102769,0.9225930106503409,0.964022927473032,1.0,0.9760828822206129,0.9379788847744559,0.8963198927369079,0.8556648183245409,0.81553685658591,0.794376639983641,0.7606715279189509,0.7341652698918242,0.717095441353855,0.695930920377423,0.6707465024047801,0.6479209958418221,0.632095345995318,0.6160248767279219,0.570922839471208,0.522715855837918,0.39061580101565,0.23920078745498602,0.209302223874342,0.262980896868737,0.285615771230681,0.166013859097545
0.29247332387271696,0.35672389611683203,0.44754003906660494,0.6140138476944039,0.688337648700209,0.765711602307511,0.8380239238300359,0.8909764760960709,0.934686299796511,0.9760828822206129,1.0,0.9765196242757229,0.9353337095243991,0.893352623130351,0.8516539800375341,0.828578196439757,0.7929276903356228,0.770639198199338,0.7552666163510879,0.733523879962543,0.707414094305277,0.683210366881077,0.6628055050325439,0.6482836739026371,0.6034698311013679,0.548615266521142,0.403265016848808,0.246475987312517,0.214731970636184,0.264596820277189,0.286013628602258,0.172169229436557
0.288802904461837,0.342792739301516,0.426988524946447,0.590747493514602,0.657854822639292,0.728025576031591,0.7989442022233879,0.8522976458435502,0.895712575072103,0.9379788847744559,0.9765196242757229,1.0,0.981965258820132,0.9401100488185831,0.898175492611655,0.870348549940272,0.8324137983277479,0.8095990356483449,0.79213559846921,0.768406617372244,0.7421434102394499,0.7182477340795809,0.6940168022848741,0.677276708990897,0.62681826168486,0.569972030101823,0.41215681032995,0.24629358956843397,0.21358846131604,0.265229769357255,0.290933537403442,0.159887076885626
0.274183178715444,0.328985303339292,0.408647326147902,0.572251512636486,0.636343449883478,0.699227643837438,0.764112945608,0.81402260336318,0.855715538448828,0.8963198927369079,0.9353337095243991,0.981965258820132,1.0,0.982357937077483,0.941772232986027,0.911941956751765,0.87308286363032,0.847975529100407,0.828194863386535,0.8032002137390759,0.7769540986943909,0.7533470414721851,0.7279237555649841,0.71100089940649,0.66076320339242,0.60345889373833,0.43110632096281604,0.255519870149876,0.21976118868244898,0.26781677285617395,0.29605828316537897,0.151531901239331
0.252592979222415,0.30525948013116105,0.38278264356253006,0.547125592359485,0.614023736288933,0.674725036920798,0.7347369835961941,0.7789110994815891,0.817496516211193,0.8556648183245409,0.893352623130351,0.9401100488185831,0.982357937077483,1.0,0.980515474913553,0.9506800940873441,0.9099815404309108,0.881568334408895,0.8586920455387159,0.833067183252188,0.8079917896723191,0.7854524752897181,0.759985467786715,0.7430491092092429,0.695838818519959,0.6357718046062529,0.45110850991394696,0.265456208739767,0.22539026859615502,0.26957169449151197,0.297865482474859,0.150344238518184
0.232426780875557,0.273960191569245,0.34875692347006,0.511821168601277,0.583410536725547,0.646347303308634,0.705562087439241,0.7444200200795971,0.77854365556023,0.81553685658591,0.8516539800375341,0.898175492611655,0.941772232986027,0.980515474913553,1.0,0.980484971571341,0.9374988135448331,0.9056861557655319,0.8781997154701999,0.851280614501103,0.827851633749327,0.8068750837043589,0.7810042330964491,0.7626277753332099,0.7154815035790371,0.650872095917645,0.46110505336435,0.26863854745691396,0.226188228234412,0.27161391856855804,0.299331716606174,0.14849058145712
0.227431667276504,0.27038683182962603,0.343930915289194,0.5057558070375721,0.5754624729257211,0.635049160549687,0.691042761209349,0.7273349956581541,0.7578796806230139,0.794376639983641,0.828578196439757,0.870348549940272,0.911941956751765,0.9506800940873441,0.980484971571341,1.0,0.9662463240093729,0.934521056774943,0.904337450025794,0.8746973365303721,0.848700411264734,0.8253083734222759,0.799385039765136,0.7838415866934692,0.738104043353958,0.6712736905521689,0.477505412610674,0.286526248326942,0.24474298094666394,0.28813083153628805,0.31284660312112605,0.14593452364391699
0.212719203751289,0.252183138932909,0.3237039014527511,0.482761175051275,0.549751623738344,0.607653135476593,0.663739307525692,0.697655102249662,0.725246431547979,0.7606715279189509,0.7929276903356228,0.8324137983277479,0.87308286363032,0.9099815404309108,0.9374988135448331,0.9662463240093729,1.0,0.974558193472427,0.9443430897400941,0.9141288572328791,0.886550599748023,0.860258709746177,0.8311567987680408,0.8152542787887921,0.7699850780469699,0.693994874425883,0.48542190315549,0.285456924448426,0.244945195999493,0.295484361713867,0.307946636122678,0.137959743706182
0.217799049195177,0.24307021512651603,0.30831718726764695,0.45864862515738003,0.5225173824914461,0.580124434322078,0.635961564029468,0.668485809279929,0.695955014213036,0.7341652698918242,0.770639198199338,0.8095990356483449,0.847975529100407,0.881568334408895,0.9056861557655319,0.934521056774943,0.974558193472427,1.0,0.9818988081841241,0.949206768880837,0.918712837614646,0.88961746043964,0.858796176307519,0.84503789256005,0.7970155904982079,0.722679460847018,0.511264921622735,0.29272724235828496,0.24483081985783103,0.299483280890829,0.317813752125651,0.148361073591708
0.19590992651536301,0.22836564129414896,0.30790178293521003,0.45265474644272996,0.5127844964799311,0.5703241677023331,0.625013600158459,0.654584549297133,0.6811741214747521,0.717095441353855,0.7552666163510879,0.79213559846921,0.828194863386535,0.8586920455387159,0.8781997154701999,0.904337450025794,0.9443430897400941,0.9818988081841241,1.0,0.984213719448744,0.9511246482804749,0.919333032193861,0.8869433840737142,0.8717134058334941,0.821504785240366,0.7411778063908822,0.5239775466596029,0.29654333570281705,0.244099258749156,0.297473385187803,0.316576143879083,0.15567179500187
0.18626479797119,0.22764264482261698,0.30800594888263105,0.447054329138961,0.500533909967887,0.55293865787236,0.60270672374109,0.6297230604590811,0.660180287936209,0.695930920377423,0.733523879962543,0.768406617372244,0.8032002137390759,0.833067183252188,0.851280614501103,0.8746973365303721,0.9141288572328791,0.949206768880837,0.984213719448744,1.0,0.985709540283913,0.948616224288441,0.911076316680517,0.8931156961074179,0.8436591748413791,0.7551937457072601,0.5290728114682829,0.298521542759522,0.24589592528933701,0.30002334061817304,0.32351804086872,0.18403438833800898
0.184812536714258,0.230978424657702,0.298849545258721,0.434568943189583,0.48386591470212603,0.53012940053043,0.574881332100187,0.6005583104407131,0.633750018176283,0.6707465024047801,0.707414094305277,0.7421434102394499,0.7769540986943909,0.8079917896723191,0.827851633749327,0.848700411264734,0.886550599748023,0.918712837614646,0.9511246482804749,0.985709540283913,1.0,0.9793151647539301,0.937589343815183,0.917342693120673,0.870472197284343,0.778362276282279,0.5413023738693921,0.305986521251515,0.252614689012943,0.30601271614382203,0.337054872313786,0.20781980102054998
0.17857199905257798,0.229209420424691,0.286317976162176,0.423044213167726,0.473264015878915,0.515479961325991,0.557378317450124,0.5831316537271739,0.612305800487938,0.6479209958418221,0.683210366881077,0.7182477340795809,0.7533470414721851,0.7854524752897181,0.8068750837043589,0.8253083734222759,0.860258709746177,0.88961746043964,0.919333032193861,0.948616224288441,0.9793151647539301,1.0,0.972886036901038,0.9502092539198442,0.904760157496433,0.8149151276110141,0.569069649815621,0.326604289103655,0.268432178801293,0.313886049772354,0.346445468718004,0.205969356048351
0.18734223578772696,0.241438912254328,0.29060158205188696,0.427769128114194,0.47677134761814793,0.511803087062966,0.548533881345474,0.576467179259798,0.600589842546904,0.632095345995318,0.6628055050325439,0.6940168022848741,0.7279237555649841,0.759985467786715,0.7810042330964491,0.799385039765136,0.8311567987680408,0.858796176307519,0.8869433840737142,0.911076316680517,0.937589343815183,0.972886036901038,1.0,0.9762491016644391,0.9287612908430519,0.8429903636842869,0.60087028748696,0.35871781876767206,0.295410799414384,0.328986049101936,0.348214252478237,0.206052214868644
0.18558507328375698,0.252854506526834,0.296497310938936,0.42914190219294607,0.47451735581973004,0.505647700946389,0.538279295537069,0.565635462962273,0.590188682382152,0.6160248767279219,0.6482836739026371,0.677276708990897,0.71100089940649,0.7430491092092429,0.7626277753332099,0.7838415866934692,0.8152542787887921,0.84503789256005,0.8717134058334941,0.8931156961074179,0.917342693120673,0.9502092539198442,0.9762491016644391,1.0,0.953483301737725,0.862387125127568,0.622030893876561,0.36653882195894605,0.294800120888659,0.328075041491044,0.34855243644730605,0.19949514936266396
0.187519696620535,0.261848996995162,0.301413426294592,0.427397420992528,0.46421794402066496,0.48898412086261694,0.514296824726928,0.5328036806193879,0.550374838034271,0.570922839471208,0.6034698311013679,0.62681826168486,0.66076320339242,0.695838818519959,0.7154815035790371,0.738104043353958,0.7699850780469699,0.7970155904982079,0.821504785240366,0.8436591748413791,0.870472197284343,0.904760157496433,0.9287612908430519,0.953483301737725,1.0,0.9305925118266709,0.6782824231554879,0.4383428869510129,0.368444381888945,0.379801266053884,0.38031919863438396,0.22920909697324302
0.205286537633966,0.26162521574707104,0.298652420170659,0.417017692618955,0.447454290960914,0.467547235709873,0.48712604523400105,0.4973394839081389,0.504027884906369,0.522715855837918,0.548615266521142,0.569972030101823,0.60345889373833,0.6357718046062529,0.650872095917645,0.6712736905521689,0.693994874425883,0.722679460847018,0.7411778063908822,0.7551937457072601,0.778362276282279,0.8149151276110141,0.8429903636842869,0.862387125127568,0.9305925118266709,1.0,0.8141950279635211,0.5502664124724229,0.454396527322004,0.4375022644390061,0.428427952124734,0.254350047802761
0.194162348965225,0.23795941279107702,0.25672970105188697,0.349593289078044,0.36766183035632105,0.37494876045712894,0.38049020668633504,0.38147349502795896,0.380300787770782,0.39061580101565,0.403265016848808,0.41215681032995,0.43110632096281604,0.45110850991394696,0.46110505336435,0.477505412610674,0.48542190315549,0.511264921622735,0.5239775466596029,0.5290728114682829,0.5413023738693921,0.569069649815621,0.60087028748696,0.622030893876561,0.6782824231554879,0.8141950279635211,1.0,0.815502072876101,0.6387883939515,0.544433732335961,0.47251932838189,0.332778501346013
0.17277005154842998,0.198879160415445,0.199928100217451,0.26006358029618104,0.26257317704376104,0.254884155897524,0.246018659316172,0.240269004377005,0.23439470838384402,0.23920078745498602,0.246475987312517,0.24629358956843397,0.255519870149876,0.265456208739767,0.26863854745691396,0.286526248326942,0.285456924448426,0.29272724235828496,0.29654333570281705,0.298521542759522,0.305986521251515,0.326604289103655,0.35871781876767206,0.36653882195894605,0.4383428869510129,0.5502664124724229,0.815502072876101,1.0,0.9416758514225442,0.7118177754204549,0.533070870166423,0.411032596683555
0.18534104211939004,0.20249907512118698,0.19636284401615697,0.245151661995384,0.24156917635407396,0.22909772157758398,0.21439496342663103,0.205850449065632,0.20031782046717397,0.209302223874342,0.214731970636184,0.21358846131604,0.21976118868244898,0.22539026859615502,0.226188228234412,0.24474298094666394,0.244945195999493,0.24483081985783103,0.244099258749156,0.24589592528933701,0.252614689012943,0.268432178801293,0.295410799414384,0.294800120888659,0.368444381888945,0.454396527322004,0.6387883939515,0.9416758514225442,1.0,0.846780605502145,0.615845640727741,0.4394681218339361
0.232413782090018,0.251545503442051,0.239465523125267,0.28871817029491603,0.283246560169252,0.2708592813882,0.25264535570158,0.24233967293077105,0.24210487623773702,0.262980896868737,0.264596820277189,0.265229769357255,0.26781677285617395,0.26957169449151197,0.27161391856855804,0.28813083153628805,0.295484361713867,0.299483280890829,0.297473385187803,0.30002334061817304,0.30601271614382203,0.313886049772354,0.328986049101936,0.328075041491044,0.379801266053884,0.4375022644390061,0.544433732335961,0.7118177754204549,0.846780605502145,1.0,0.768454908628985,0.45455534563141
0.245441805272751,0.30166281791738103,0.28013689279153603,0.31454622298331497,0.294908191489173,0.274813341203975,0.251371934527472,0.24730068546142198,0.261632407533401,0.285615771230681,0.286013628602258,0.290933537403442,0.29605828316537897,0.297865482474859,0.299331716606174,0.31284660312112605,0.307946636122678,0.317813752125651,0.316576143879083,0.32351804086872,0.337054872313786,0.346445468718004,0.348214252478237,0.34855243644730605,0.38031919863438396,0.428427952124734,0.47251932838189,0.533070870166423,0.615845640727741,0.768454908628985,1.0,0.427486842148536
0.188969644654812,0.17639704033159603,0.15427117276256197,0.17072980473057597,0.15786220279311902,0.152085950012074,0.14105072325796802,0.13063856353815098,0.14219017747684198,0.166013859097545,0.172169229436557,0.159887076885626,0.151531901239331,0.150344238518184,0.14849058145712,0.14593452364391699,0.137959743706182,0.148361073591708,0.15567179500187,0.18403438833800898,0.20781980102054998,0.205969356048351,0.206052214868644,0.19949514936266396,0.22920909697324302,0.254350047802761,0.332778501346013,0.411032596683555,0.4394681218339361,0.45455534563141,0.427486842148536,1.0
