1.0,0.8408185074335269,0.8031015222560529,0.7789547390997871,0.764421887290267,0.748410220738645,0.7330366923316209,0.724724270512999,0.714157064980678,0.7071341345894459,0.700230864719673,0.691850498328596,0.681042373650925,0.666643968737676,0.657463779722013,0.643779331738693,0.634574409591829,0.627935544028552,0.612186740278107,0.5967578480606469,0.584597863700438,0.5747575548294069,0.566962913072011,0.550266429769543,0.5281993206207971,0.5104335430476429,0.48292122407260707,0.440724619367562,0.376329198536308,0.21912413211056198,0.03282928810258601,0.240957673540257
0.8408185074335269,1.0,0.9700033617235351,0.9535051922486809,0.943695968077342,0.934965148089963,0.925209417773319,0.9184562734810391,0.910467908352077,0.9034182288163101,0.898614074639937,0.894025139226014,0.8867981062069731,0.8776799459777379,0.8694795358664841,0.860006317035359,0.8513226542284641,0.843365327395771,0.829521347936332,0.8158885104748309,0.804697308308042,0.795214160502024,0.7864788278234089,0.77104624573377,0.7512570731612108,0.7309728039455171,0.7014770426087988,0.6550772519565621,0.5780622406595489,0.400275866332934,0.117312045793015,0.13200417997385402
0.8031015222560529,0.9700033617235351,1.0,0.987471491813586,0.9792367822067191,0.9712171584873409,0.9640278327106411,0.957788826133838,0.950532442796918,0.943588283067562,0.939250448648821,0.9348884861219129,0.9289711625221229,0.920160978527047,0.913686297859761,0.905286394597563,0.897302626582962,0.8902962968576209,0.877659703077643,0.864181094436519,0.853606306816112,0.846217758245593,0.838471217477745,0.8249715004358491,0.8073150797748241,0.7880902173350541,0.7605306266556751,0.7142724207495891,0.6373300890100939,0.45504563031472794,0.159284805936689,0.0847604296372033
0.7789547390997871,0.9535051922486809,0.987471491813586,1.0,0.992037977329976,0.9854104344560759,0.979304013311958,0.973846139252712,0.9673695859222808,0.960881240239138,0.956427633185433,0.9519635915786199,0.9458009731512049,0.938343086061982,0.931967643953395,0.9237142232638249,0.915515137981127,0.909654171366487,0.8981760710864342,0.887157706637021,0.8781334402489971,0.8715249211262901,0.8646873313245781,0.851989826411146,0.83457634316426,0.8165168407239671,0.790449353367364,0.7454011398262541,0.669077079896519,0.49128072243617893,0.190953433167549,0.0509945399064235
0.764421887290267,0.943695968077342,0.9792367822067191,0.992037977329976,1.0,0.99329009301805,0.987267439789972,0.982402488893573,0.975791150568552,0.9689683441187479,0.9646912374238921,0.9605989875172791,0.954481030674208,0.9476567342851869,0.941938741278763,0.933917452907857,0.926951115939621,0.9217253374603459,0.9109360762835219,0.900706148001065,0.8926290181213209,0.8871081105722779,0.880793137175896,0.8689239345010009,0.8528578379285779,0.8349876872430329,0.809857164025865,0.7665053400123121,0.6908898733246751,0.515097026594826,0.216104752319089,0.0287588285084622
0.748410220738645,0.934965148089963,0.9712171584873409,0.9854104344560759,0.99329009301805,1.0,0.995434816429393,0.9911055226258371,0.9851208906748911,0.9789956278073509,0.974845303155136,0.9698387007917041,0.9634192848169191,0.95702157108621,0.951939523934997,0.944698754985249,0.9386128875375971,0.933491607323073,0.923493483713909,0.914328861939612,0.90738226538486,0.9029901757915899,0.897199620136071,0.886006965947967,0.8706034662861191,0.8537545018881229,0.8293881817169209,0.787820712980491,0.713568316586396,0.540688285472679,0.240755237639075,0.0028759898336548104
0.7330366923316209,0.925209417773319,0.9640278327106411,0.979304013311958,0.987267439789972,0.995434816429393,1.0,0.996366535410311,0.9913730685651859,0.986173927036148,0.981885976299078,0.9764345391948299,0.9698257342353891,0.963190745359292,0.9573134119189151,0.9501654924748979,0.94399379205698,0.9387399077984899,0.9292506565753549,0.921159185240355,0.914795393189756,0.911173134575401,0.9064184611159809,0.8959995079639101,0.8812113403130749,0.8639368330249999,0.840137107493147,0.799164223917335,0.72684915947959,0.554536875454414,0.252905028812072,0.0164342140770111
0.724724270512999,0.9184562734810391,0.957788826133838,0.973846139252712,0.982402488893573,0.9911055226258371,0.996366535410311,1.0,0.996279129492807,0.99161112324983,0.987129279729822,0.9814675378123009,0.974942310486048,0.9682995598545849,0.9621931325667049,0.9552813902979809,0.9487377475671992,0.9433719301361608,0.934560846794864,0.927213724381721,0.920825990593072,0.9173304518831641,0.9134281242526859,0.9038830282190171,0.889903691583505,0.8731564844174909,0.8501324479540509,0.810488899872195,0.740743275164067,0.570820465680536,0.269139917981602,0.0352190449733564
0.714157064980678,0.910467908352077,0.950532442796918,0.9673695859222808,0.975791150568552,0.9851208906748911,0.9913730685651859,0.996279129492807,1.0,0.9965515172220601,0.9918207313141779,0.985720497778825,0.9787971510654859,0.9719485231759242,0.9658230821751271,0.95944473385672,0.9534281332590641,0.9480072874355191,0.9397539236357421,0.9332927472494871,0.927220270811477,0.923754093169626,0.9200040490929929,0.9107580963376729,0.897145394280994,0.8812306641700859,0.859436745543499,0.8215189003180151,0.754473545617249,0.588154714038427,0.287733091245605,0.0551870008839209
0.7071341345894459,0.9034182288163101,0.943588283067562,0.960881240239138,0.9689683441187479,0.9789956278073509,0.986173927036148,0.99161112324983,0.9965515172220601,1.0,0.996510202016259,0.990705535236591,0.983836808149942,0.9764021061336691,0.970363482037245,0.9640897248176591,0.9580855268941221,0.952477511476105,0.9439730039212209,0.9375412395166801,0.931784237757196,0.9286150098607591,0.925089841581682,0.916634335300258,0.903898003457865,0.8885984612579351,0.868315701526225,0.8319555131625409,0.766983978810492,0.602635067898306,0.30197430767128003,0.0697560358459569
0.700230864719673,0.898614074639937,0.939250448648821,0.956427633185433,0.9646912374238921,0.974845303155136,0.981885976299078,0.987129279729822,0.9918207313141779,0.996510202016259,1.0,0.9963092010245229,0.9907426689449459,0.983300933890098,0.9766912574070041,0.96990635194202,0.9639400323562349,0.958137237616958,0.9491445678583679,0.942634236919294,0.936962835718354,0.9336992065262041,0.930221710126006,0.922089421338391,0.910111265700808,0.8953930390305859,0.876103632972609,0.8407170665669409,0.777208721648857,0.6142025107144929,0.31413307634569604,0.0801179300306716
0.691850498328596,0.894025139226014,0.9348884861219129,0.9519635915786199,0.9605989875172791,0.9698387007917041,0.9764345391948299,0.9814675378123009,0.985720497778825,0.990705535236591,0.9963092010245229,1.0,0.9965897494187759,0.990220672373491,0.983063336491766,0.9754376073218008,0.9689719884766509,0.9623288636520859,0.953096153403389,0.9466039869599359,0.940626792089989,0.937438414302755,0.9339190890651842,0.926114613714101,0.9150849853091079,0.90081284663909,0.8816498790217351,0.8467189296652521,0.7829829030413661,0.617985727518417,0.31746653430211996,0.0864807210753542
0.681042373650925,0.8867981062069731,0.9289711625221229,0.9458009731512049,0.954481030674208,0.9634192848169191,0.9698257342353891,0.974942310486048,0.9787971510654859,0.983836808149942,0.9907426689449459,0.9965897494187759,1.0,0.99585396993046,0.9895896784646491,0.9818287656208359,0.9750186797281921,0.967828435389519,0.9584618179314759,0.9520784039568401,0.946050012807975,0.9426811283825329,0.939404618558734,0.9323395887639708,0.9216453558043229,0.908182155695015,0.8894149956904019,0.856213617171537,0.793883194861394,0.630611468199779,0.331231239634364,0.100018362462675
0.666643968737676,0.8776799459777379,0.920160978527047,0.938343086061982,0.9476567342851869,0.95702157108621,0.963190745359292,0.9682995598545849,0.9719485231759242,0.9764021061336691,0.983300933890098,0.990220672373491,0.99585396993046,1.0,0.9964784318933471,0.990042712591981,0.983279048714229,0.9757213549923309,0.966733454141397,0.960655048802053,0.954542022501754,0.950957137447755,0.947616803131756,0.941351025899178,0.931705930817167,0.91967348335399,0.901724849421027,0.869584728206598,0.810333473421167,0.6494375985787479,0.35200160696977795,0.121404931899901
0.657463779722013,0.8694795358664841,0.913686297859761,0.931967643953395,0.941938741278763,0.951939523934997,0.9573134119189151,0.9621931325667049,0.9658230821751271,0.970363482037245,0.9766912574070041,0.983063336491766,0.9895896784646491,0.9964784318933471,1.0,0.9962504073372661,0.990265258215287,0.9826409658721079,0.9740230741929642,0.9680837147361121,0.962004371469658,0.9580946618258679,0.9542188171188709,0.9491102537605749,0.940155025499646,0.9288168645333509,0.9109889685426609,0.8804677665080601,0.8231048995597829,0.663808414777319,0.367458388454794,0.13982487119806
0.643779331738693,0.860006317035359,0.905286394597563,0.9237142232638249,0.933917452907857,0.944698754985249,0.9501654924748979,0.9552813902979809,0.95944473385672,0.9640897248176591,0.96990635194202,0.9754376073218008,0.9818287656208359,0.990042712591981,0.9962504073372661,1.0,0.9965881993553459,0.9901142857310641,0.982352330160756,0.9768131507842791,0.971048763839404,0.9665370988606999,0.962382989776134,0.9580434638663811,0.949690853647242,0.9387086496891051,0.921955000128143,0.8925606721912159,0.836840558219397,0.680010150436293,0.3852144516140779,0.15662729679404802
0.634574409591829,0.8513226542284641,0.897302626582962,0.915515137981127,0.926951115939621,0.9386128875375971,0.94399379205698,0.9487377475671992,0.9534281332590641,0.9580855268941221,0.9639400323562349,0.9689719884766509,0.9750186797281921,0.983279048714229,0.990265258215287,0.9965881993553459,1.0,0.996549291897947,0.99032824998362,0.9847275591244341,0.9790073154513059,0.973879417285134,0.9690299250344642,0.9645955097321309,0.9562732317760971,0.9458533931802251,0.92958186522009,0.901051895818792,0.846672325133085,0.691898379318542,0.39811023431842996,0.165865601051953
0.627935544028552,0.843365327395771,0.8902962968576209,0.909654171366487,0.9217253374603459,0.933491607323073,0.9387399077984899,0.9433719301361608,0.9480072874355191,0.952477511476105,0.958137237616958,0.9623288636520859,0.967828435389519,0.9757213549923309,0.9826409658721079,0.9901142857310641,0.996549291897947,1.0,0.9965437025255729,0.991262860519424,0.9853105122081719,0.9796810316541199,0.9742608181778841,0.9695172800120521,0.9608400176008249,0.9509077379697809,0.934429437937951,0.9065642984197422,0.853454759547168,0.70106588448303,0.407651769914473,0.17474998167208702
0.612186740278107,0.829521347936332,0.877659703077643,0.8981760710864342,0.9109360762835219,0.923493483713909,0.9292506565753549,0.934560846794864,0.9397539236357421,0.9439730039212209,0.9491445678583679,0.953096153403389,0.9584618179314759,0.966733454141397,0.9740230741929642,0.982352330160756,0.99032824998362,0.9965437025255729,1.0,0.996718251207293,0.991562118766287,0.9856835123859459,0.9799951621586009,0.975099789225542,0.9671189270275591,0.9583383987681741,0.94329130345396,0.916747963187652,0.8650754575327391,0.716585711955609,0.425739527381534,0.195230021283638
0.5967578480606469,0.8158885104748309,0.864181094436519,0.887157706637021,0.900706148001065,0.914328861939612,0.921159185240355,0.927213724381721,0.9332927472494871,0.9375412395166801,0.942634236919294,0.9466039869599359,0.9520784039568401,0.960655048802053,0.9680837147361121,0.9768131507842791,0.9847275591244341,0.991262860519424,0.996718251207293,1.0,0.9969160502176779,0.991855978763297,0.9863307122000791,0.9814728321029091,0.9743231965920369,0.966036820871391,0.9522000828897909,0.927035812944355,0.8779059225289308,0.733593016556087,0.44586477498075394,0.219317573273945
0.584597863700438,0.804697308308042,0.853606306816112,0.8781334402489971,0.8926290181213209,0.90738226538486,0.914795393189756,0.920825990593072,0.927220270811477,0.931784237757196,0.936962835718354,0.940626792089989,0.946050012807975,0.954542022501754,0.962004371469658,0.971048763839404,0.9790073154513059,0.9853105122081719,0.991562118766287,0.9969160502176779,1.0,0.996813534896601,0.9919068731321791,0.98734538915384,0.980821014803457,0.9729925906676701,0.959900602987352,0.9360142067213629,0.888490474426593,0.7482873654662711,0.461721309325883,0.239784848232738
0.5747575548294069,0.795214160502024,0.846217758245593,0.8715249211262901,0.8871081105722779,0.9029901757915899,0.911173134575401,0.9173304518831641,0.923754093169626,0.9286150098607591,0.9336992065262041,0.937438414302755,0.9426811283825329,0.950957137447755,0.9580946618258679,0.9665370988606999,0.973879417285134,0.9796810316541199,0.9856835123859459,0.991855978763297,0.996813534896601,1.0,0.996769249126895,0.992191800639614,0.9861659830701159,0.9783104967732571,0.965825655254399,0.9426288265468991,0.8966843578407779,0.75834778511375,0.47328470049484606,0.2550397956496
0.566962913072011,0.7864788278234089,0.838471217477745,0.8646873313245781,0.880793137175896,0.897199620136071,0.9064184611159809,0.9134281242526859,0.9200040490929929,0.925089841581682,0.930221710126006,0.9339190890651842,0.939404618558734,0.947616803131756,0.9542188171188709,0.962382989776134,0.9690299250344642,0.9742608181778841,0.9799951621586009,0.9863307122000791,0.9919068731321791,0.996769249126895,1.0,0.996262249323152,0.9905948508234571,0.9828924489190408,0.9715387035510491,0.948896529857009,0.9041745704393059,0.7671828431435551,0.48272767772865705,0.269888415255852
0.550266429769543,0.77104624573377,0.8249715004358491,0.851989826411146,0.8689239345010009,0.886006965947967,0.8959995079639101,0.9038830282190171,0.9107580963376729,0.916634335300258,0.922089421338391,0.926114613714101,0.9323395887639708,0.941351025899178,0.9491102537605749,0.9580434638663811,0.9645955097321309,0.9695172800120521,0.975099789225542,0.9814728321029091,0.98734538915384,0.992191800639614,0.996262249323152,1.0,0.995947210921535,0.989490388918708,0.9794926358911898,0.959667965976683,0.917962038504137,0.785760021850444,0.5074185082831889,0.29322558631182105
0.5281993206207971,0.7512570731612108,0.8073150797748241,0.83457634316426,0.8528578379285779,0.8706034662861191,0.8812113403130749,0.889903691583505,0.897145394280994,0.903898003457865,0.910111265700808,0.9150849853091079,0.9216453558043229,0.931705930817167,0.940155025499646,0.949690853647242,0.9562732317760971,0.9608400176008249,0.9671189270275591,0.9743231965920369,0.980821014803457,0.9861659830701159,0.9905948508234571,0.995947210921535,1.0,0.9954551546299409,0.987464501985397,0.969958877531472,0.9319474667212979,0.8069073052860231,0.536243612577342,0.320543513751241
0.5104335430476429,0.7309728039455171,0.7880902173350541,0.8165168407239671,0.8349876872430329,0.8537545018881229,0.8639368330249999,0.8731564844174909,0.8812306641700859,0.8885984612579351,0.8953930390305859,0.90081284663909,0.908182155695015,0.91967348335399,0.9288168645333509,0.9387086496891051,0.9458533931802251,0.9509077379697809,0.9583383987681741,0.966036820871391,0.9729925906676701,0.9783104967732571,0.9828924489190408,0.989490388918708,0.9954551546299409,1.0,0.994144667217359,0.9795285458969909,0.9465143290455329,0.829531255543713,0.5641933340197081,0.348760961648879
0.48292122407260707,0.7014770426087988,0.7605306266556751,0.790449353367364,0.809857164025865,0.8293881817169209,0.840137107493147,0.8501324479540509,0.859436745543499,0.868315701526225,0.876103632972609,0.8816498790217351,0.8894149956904019,0.901724849421027,0.9109889685426609,0.921955000128143,0.92958186522009,0.934429437937951,0.94329130345396,0.9522000828897909,0.959900602987352,0.965825655254399,0.9715387035510491,0.9794926358911898,0.987464501985397,0.994144667217359,1.0,0.99076901351778,0.9643213390751759,0.8591245997249789,0.602751684695913,0.3876687544111
0.440724619367562,0.6550772519565621,0.7142724207495891,0.7454011398262541,0.7665053400123121,0.787820712980491,0.799164223917335,0.810488899872195,0.8215189003180151,0.8319555131625409,0.8407170665669409,0.8467189296652521,0.856213617171537,0.869584728206598,0.8804677665080601,0.8925606721912159,0.901051895818792,0.9065642984197422,0.916747963187652,0.927035812944355,0.9360142067213629,0.9426288265468991,0.948896529857009,0.959667965976683,0.969958877531472,0.9795285458969909,0.99076901351778,1.0,0.9830604868177959,0.8971991940532359,0.659584732858694,0.448242806628025
0.376329198536308,0.5780622406595489,0.6373300890100939,0.669077079896519,0.6908898733246751,0.713568316586396,0.72684915947959,0.740743275164067,0.754473545617249,0.766983978810492,0.777208721648857,0.7829829030413661,0.793883194861394,0.810333473421167,0.8231048995597829,0.836840558219397,0.846672325133085,0.853454759547168,0.8650754575327391,0.8779059225289308,0.888490474426593,0.8966843578407779,0.9041745704393059,0.917962038504137,0.9319474667212979,0.9465143290455329,0.9643213390751759,0.9830604868177959,1.0,0.9442273025907,0.737209533804785,0.52724045198278
0.21912413211056198,0.400275866332934,0.45504563031472794,0.49128072243617893,0.515097026594826,0.540688285472679,0.554536875454414,0.570820465680536,0.588154714038427,0.602635067898306,0.6142025107144929,0.617985727518417,0.630611468199779,0.6494375985787479,0.663808414777319,0.680010150436293,0.691898379318542,0.70106588448303,0.716585711955609,0.733593016556087,0.7482873654662711,0.75834778511375,0.7671828431435551,0.785760021850444,0.8069073052860231,0.829531255543713,0.8591245997249789,0.8971991940532359,0.9442273025907,1.0,0.895142121308412,0.66053610389438
0.03282928810258601,0.117312045793015,0.159284805936689,0.190953433167549,0.216104752319089,0.240755237639075,0.252905028812072,0.269139917981602,0.287733091245605,0.30197430767128003,0.31413307634569604,0.31746653430211996,0.331231239634364,0.35200160696977795,0.367458388454794,0.3852144516140779,0.39811023431842996,0.407651769914473,0.425739527381534,0.44586477498075394,0.461721309325883,0.47328470049484606,0.48272767772865705,0.5074185082831889,0.536243612577342,0.5641933340197081,0.602751684695913,0.659584732858694,0.737209533804785,0.895142121308412,1.0,0.757027853190452
0.240957673540257,0.13200417997385402,0.0847604296372033,0.0509945399064235,0.0287588285084622,0.0028759898336548104,0.0164342140770111,0.0352190449733564,0.0551870008839209,0.0697560358459569,0.0801179300306716,0.0864807210753542,0.100018362462675,0.121404931899901,0.13982487119806,0.15662729679404802,0.165865601051953,0.17474998167208702,0.195230021283638,0.219317573273945,0.239784848232738,0.2550397956496,0.269888415255852,0.29322558631182105,0.320543513751241,0.348760961648879,0.3876687544111,0.448242806628025,0.52724045198278,0.66053610389438,0.757027853190452,1.0
