1.0,0.683867526625274,0.5927902799130109,0.546468341255641,0.511933902008105,0.49415307314545,0.481699721711457,0.478818228787108,0.46953716912475196,0.4514058301215179,0.435162931577139,0.430738428658271,0.42096857257492104,0.414104164940216,0.3978369703469,0.38886162078822395,0.391865641662303,0.38702100252497906,0.3876107207041471,0.387613262603811,0.38086980269760706,0.37752592674536795,0.37282762916223205,0.354312686580739,0.337104135738786,0.319153412262284,0.30537704128782,0.278351033205264,0.248584530529378,0.19803932185218598,0.0831859488380561,0.0197883521291484
0.683867526625274,1.0,0.9129321629257969,0.879939283570264,0.8445637043986429,0.8229733785238621,0.8026774733335501,0.7934838469411061,0.780500555960533,0.7602401066073989,0.746303344587863,0.731072378682345,0.7144851397712679,0.7023253833799139,0.6929922258758541,0.684361791288383,0.68480786158972,0.6761142719611861,0.6741083608911589,0.672389024046731,0.663055230958666,0.6583427756740601,0.654457792886007,0.6355937651481,0.61909254731065,0.5940343072051569,0.5707991221767921,0.5275434965582511,0.483755328180892,0.37833072341973106,0.12384233251506699,0.0671221567950592
0.5927902799130109,0.9129321629257969,1.0,0.964074667269859,0.9315671190611,0.91050714703146,0.8879810152960749,0.878050260081666,0.865388097647908,0.8450209616696089,0.833117989070259,0.819402552867243,0.8048802562835831,0.790334562181665,0.7789506271625259,0.770469913639663,0.7700677140257409,0.7609472395756771,0.7570519635536891,0.7546894555995971,0.747461439037605,0.743626122167585,0.738172984343895,0.7229470430960699,0.7051623543696,0.675273441962322,0.6512971595356191,0.6109588038725141,0.5601823771324169,0.43985553193699894,0.139838878019095,0.0469360678512154
0.546468341255641,0.879939283570264,0.964074667269859,1.0,0.970881908344715,0.949809212121247,0.9318469749549619,0.9205202926789,0.906223121538601,0.8911181217147959,0.881039637243299,0.8688798100294151,0.855861173263144,0.843954769126571,0.8321424450147741,0.8250970888604219,0.822982195844989,0.814797073293331,0.8103166679613442,0.8072400646462672,0.801989697023136,0.799074855994646,0.794365464792255,0.782059268197792,0.7652288367593679,0.738377742932405,0.7127247627082969,0.672326379853195,0.618797771937136,0.49552460303819107,0.180692193156237,0.0643876682976874
0.511933902008105,0.8445637043986429,0.9315671190611,0.970881908344715,1.0,0.979919685131288,0.9585174436407429,0.946382918050464,0.93293873788322,0.9182773134265519,0.9077836889666758,0.897180117975516,0.8861906913225809,0.8756059011683249,0.8637743958936641,0.8572640235677991,0.853397876671769,0.8447199760125621,0.8399957046602109,0.8360637458061959,0.8321385472593079,0.827656870291223,0.8236626224041569,0.813971774721461,0.795379899670053,0.7709509711363121,0.7473557136554929,0.7089855288927449,0.654758724154834,0.5318257499363079,0.21004368122911102,0.0923563352032204
0.49415307314545,0.8229733785238621,0.91050714703146,0.949809212121247,0.979919685131288,1.0,0.9828415729278821,0.9701764232031178,0.959722587571562,0.9447794075419809,0.9330495134267521,0.9214648356953391,0.9104526279086691,0.900521429223172,0.888710031705152,0.8820545908664159,0.8775223928749021,0.8692600557336551,0.8641117244222709,0.8597146585751251,0.8555103599915591,0.852052071658944,0.847773106187797,0.838451708600477,0.820091019791932,0.7962701132676899,0.770546389193709,0.732061043196759,0.67829498737104,0.5506114153349029,0.22033098752845603,0.097113757322721
0.481699721711457,0.8026774733335501,0.8879810152960749,0.9318469749549619,0.9585174436407429,0.9828415729278821,1.0,0.988779535617457,0.9775358611974742,0.962778536675252,0.9498096343747849,0.9379772657249079,0.9277638876880129,0.9192200628325291,0.906065920544501,0.897879562875853,0.8934341627148549,0.8856095083325308,0.8802981430800991,0.877361791336388,0.8739040502088101,0.871826991492722,0.8683659499911921,0.858049366558935,0.839918469519639,0.817167306109481,0.792577654737527,0.7563379554537021,0.703715457856977,0.580363931758932,0.23452954213372101,0.11336563708670999
0.478818228787108,0.7934838469411061,0.878050260081666,0.9205202926789,0.946382918050464,0.9701764232031178,0.988779535617457,1.0,0.9899675765343221,0.976069507622695,0.962226747114743,0.950291219212437,0.940696886541609,0.930823540990088,0.9167486649277851,0.9070524825138359,0.90259058677256,0.894655986157539,0.8885202784002121,0.8861114193728009,0.8823980037997751,0.880939326724372,0.878279479260727,0.868691543259566,0.850576445124465,0.829476075343823,0.804265774784282,0.7690500235201121,0.716468457206066,0.591886980421154,0.244901603916277,0.12147195168157801
0.46953716912475196,0.780500555960533,0.865388097647908,0.906223121538601,0.93293873788322,0.959722587571562,0.9775358611974742,0.9899675765343221,1.0,0.9889061347107869,0.975164624949865,0.962704902474979,0.95187398720552,0.940674493438478,0.92538681637347,0.9142220414446741,0.9080392226270508,0.899480122579145,0.893763046981823,0.8923055610470191,0.8886738238124491,0.888495967841904,0.8858180219052991,0.8771944466300171,0.859616980855433,0.8395388451413399,0.812602237218509,0.778568577506839,0.7273294368905949,0.6027158490426769,0.24726589600714396,0.125827243230437
0.4514058301215179,0.7602401066073989,0.8450209616696089,0.8911181217147959,0.9182773134265519,0.9447794075419809,0.962778536675252,0.976069507622695,0.9889061347107869,1.0,0.9896040615701601,0.9774382453404321,0.9654038139721071,0.95297889124563,0.9367032973740849,0.9246690632520841,0.917239211246784,0.908099212141017,0.9026475049490491,0.9014420320676341,0.8975660198454251,0.897649162047487,0.894695133957925,0.886620939805973,0.869333783571274,0.8511643039785999,0.825142401184116,0.7913457174811591,0.7398341091999521,0.6174637391557529,0.262790605747781,0.145193097611225
0.435162931577139,0.746303344587863,0.833117989070259,0.881039637243299,0.9077836889666758,0.9330495134267521,0.9498096343747849,0.962226747114743,0.975164624949865,0.9896040615701601,1.0,0.9904735926449899,0.9767187826680981,0.9615163331688,0.943801291350777,0.930116445000516,0.9224295080512249,0.913318778547609,0.9086798208294891,0.90741788378681,0.9038213043220891,0.902981992544341,0.9001379640804921,0.892567130661466,0.8764358002680109,0.8581078901443471,0.832733242912039,0.800769223682046,0.7510021749349008,0.630973367644348,0.27488630308512396,0.15356715300297302
0.430738428658271,0.731072378682345,0.819402552867243,0.8688798100294151,0.897180117975516,0.9214648356953391,0.9379772657249079,0.950291219212437,0.962704902474979,0.9774382453404321,0.9904735926449899,1.0,0.989327423486723,0.973637555617206,0.954301257118631,0.938295974006308,0.928779904837717,0.918076219380044,0.912109093837563,0.9110871233532131,0.9085417349955429,0.9074782538835141,0.90433471347737,0.8978564861942941,0.883679204530133,0.86578902643209,0.84079580404472,0.81086530151495,0.7604356317612041,0.641897502765276,0.28706212785113,0.161361365171966
0.42096857257492104,0.7144851397712679,0.8048802562835831,0.855861173263144,0.8861906913225809,0.9104526279086691,0.9277638876880129,0.940696886541609,0.95187398720552,0.9654038139721071,0.9767187826680981,0.989327423486723,1.0,0.989709735582905,0.9709617668910191,0.9527757254820709,0.940786597006236,0.928946217892614,0.9212542931886759,0.918910384730265,0.9157041907585591,0.9136948040252729,0.911458343345552,0.9049840837019649,0.8910726432843609,0.8754287359859679,0.8517756604851949,0.8228832172951491,0.770885975042013,0.6531567095759829,0.299678470257215,0.16899581535133998
0.414104164940216,0.7023253833799139,0.790334562181665,0.843954769126571,0.8756059011683249,0.900521429223172,0.9192200628325291,0.930823540990088,0.940674493438478,0.95297889124563,0.9615163331688,0.973637555617206,0.989709735582905,1.0,0.9876507434692879,0.970085612353749,0.954899609391498,0.9418056110591221,0.932364757440901,0.927775252906159,0.9224018676632171,0.920482547592165,0.9181992999259799,0.912660272616043,0.8996335226546569,0.8848866594865992,0.8602530123747879,0.831122363014639,0.778954814572397,0.663640030685799,0.31318524588519703,0.17259868149631102
0.3978369703469,0.6929922258758541,0.7789506271625259,0.8321424450147741,0.8637743958936641,0.888710031705152,0.906065920544501,0.9167486649277851,0.92538681637347,0.9367032973740849,0.943801291350777,0.954301257118631,0.9709617668910191,0.9876507434692879,1.0,0.9893296243803191,0.9736922670351771,0.959115403095018,0.9483990357618449,0.941087655364022,0.934581672576858,0.930634755146603,0.927712667698882,0.922638059671933,0.9105161373376881,0.8973218221645529,0.8734687469076658,0.844225639170011,0.792195741907881,0.678081851213087,0.33110135208096997,0.186798734415004
0.38886162078822395,0.684361791288383,0.770469913639663,0.8250970888604219,0.8572640235677991,0.8820545908664159,0.897879562875853,0.9070524825138359,0.9142220414446741,0.9246690632520841,0.930116445000516,0.938295974006308,0.9527757254820709,0.970085612353749,0.9893296243803191,1.0,0.989548105138236,0.975848620816347,0.9635429405620329,0.9536751027270749,0.9462952364129399,0.942011521846076,0.938570117441197,0.932265614168241,0.9212666653843571,0.9092773521315258,0.8863743874290079,0.8567221255137059,0.806190103138503,0.695143667329137,0.3542177123819579,0.19956175100840698
0.391865641662303,0.68480786158972,0.7700677140257409,0.822982195844989,0.853397876671769,0.8775223928749021,0.8934341627148549,0.90259058677256,0.9080392226270508,0.917239211246784,0.9224295080512249,0.928779904837717,0.940786597006236,0.954899609391498,0.9736922670351771,0.989548105138236,1.0,0.991344653026559,0.979669774407223,0.968299510050917,0.959644057887652,0.9547463190278309,0.949623692431386,0.940323506540668,0.928929291588973,0.9164293070993259,0.895083535679763,0.866572723156571,0.818610399088614,0.7094029716308791,0.37333137096862207,0.214250875261258
0.38702100252497906,0.6761142719611861,0.7609472395756771,0.814797073293331,0.8447199760125621,0.8692600557336551,0.8856095083325308,0.894655986157539,0.899480122579145,0.908099212141017,0.913318778547609,0.918076219380044,0.928946217892614,0.9418056110591221,0.959115403095018,0.975848620816347,0.991344653026559,1.0,0.9913959589379481,0.979869619095969,0.970560547339869,0.9642147717171631,0.9578861217023079,0.9476191703175991,0.936859668901078,0.9250809818897,0.9049751041407099,0.8778999390960122,0.830949242398139,0.7260437947394599,0.385732655630364,0.22660486758321502
0.3876107207041471,0.6741083608911589,0.7570519635536891,0.8103166679613442,0.8399957046602109,0.8641117244222709,0.8802981430800991,0.8885202784002121,0.893763046981823,0.9026475049490491,0.9086798208294891,0.912109093837563,0.9212542931886759,0.932364757440901,0.9483990357618449,0.9635429405620329,0.979669774407223,0.9913959589379481,1.0,0.991675521693535,0.9819124777872941,0.974309789085873,0.967044918586897,0.9562771450119971,0.945372572744299,0.9344027053802819,0.9144280250013609,0.8891639063330958,0.843888760285957,0.7414812798093441,0.39758537869110494,0.24180751069454998
0.387613262603811,0.672389024046731,0.7546894555995971,0.8072400646462672,0.8360637458061959,0.8597146585751251,0.877361791336388,0.8861114193728009,0.8923055610470191,0.9014420320676341,0.90741788378681,0.9110871233532131,0.918910384730265,0.927775252906159,0.941087655364022,0.9536751027270749,0.968299510050917,0.979869619095969,0.991675521693535,1.0,0.993365973596915,0.9851719683811079,0.976511042841759,0.967446623522591,0.955857284935147,0.943738414968495,0.9242040657266609,0.9005669219957579,0.858317680187672,0.7531329956781021,0.40095758844589097,0.24088169305358
0.38086980269760706,0.663055230958666,0.747461439037605,0.801989697023136,0.8321385472593079,0.8555103599915591,0.8739040502088101,0.8823980037997751,0.8886738238124491,0.8975660198454251,0.9038213043220891,0.9085417349955429,0.9157041907585591,0.9224018676632171,0.934581672576858,0.9462952364129399,0.959644057887652,0.970560547339869,0.9819124777872941,0.993365973596915,1.0,0.9929659234706619,0.9841774081427859,0.9756046380190121,0.963996051580558,0.9532942581135799,0.9347897637584129,0.9104821193524442,0.867627596595169,0.7628092744475571,0.40466782342010604,0.23688025928218104
0.37752592674536795,0.6583427756740601,0.743626122167585,0.799074855994646,0.827656870291223,0.852052071658944,0.871826991492722,0.880939326724372,0.888495967841904,0.897649162047487,0.902981992544341,0.9074782538835141,0.9136948040252729,0.920482547592165,0.930634755146603,0.942011521846076,0.9547463190278309,0.9642147717171631,0.974309789085873,0.9851719683811079,0.9929659234706619,1.0,0.99179320655426,0.9825124057092349,0.971468581168128,0.9603058910924871,0.9424425832171,0.9169464753869809,0.8746506167597321,0.768068346334002,0.4078818493754,0.238133086560129
0.37282762916223205,0.654457792886007,0.738172984343895,0.794365464792255,0.8236626224041569,0.847773106187797,0.8683659499911921,0.878279479260727,0.8858180219052991,0.894695133957925,0.9001379640804921,0.90433471347737,0.911458343345552,0.9181992999259799,0.927712667698882,0.938570117441197,0.949623692431386,0.9578861217023079,0.967044918586897,0.976511042841759,0.9841774081427859,0.99179320655426,1.0,0.9920275731871091,0.981429494073792,0.9697142180134599,0.9520361946547871,0.9255274575060479,0.884041295822947,0.7836314890815601,0.419869770912098,0.24285330755525
0.354312686580739,0.6355937651481,0.7229470430960699,0.782059268197792,0.813971774721461,0.838451708600477,0.858049366558935,0.868691543259566,0.8771944466300171,0.886620939805973,0.892567130661466,0.8978564861942941,0.9049840837019649,0.912660272616043,0.922638059671933,0.932265614168241,0.940323506540668,0.9476191703175991,0.9562771450119971,0.967446623522591,0.9756046380190121,0.9825124057092349,0.9920275731871091,1.0,0.99093594196258,0.979042310204307,0.9621128396122891,0.936668406878498,0.897130389368408,0.799794638779342,0.429488607296268,0.244247264505785
0.337104135738786,0.61909254731065,0.7051623543696,0.7652288367593679,0.795379899670053,0.820091019791932,0.839918469519639,0.850576445124465,0.859616980855433,0.869333783571274,0.8764358002680109,0.883679204530133,0.8910726432843609,0.8996335226546569,0.9105161373376881,0.9212666653843571,0.928929291588973,0.936859668901078,0.945372572744299,0.955857284935147,0.963996051580558,0.971468581168128,0.981429494073792,0.99093594196258,1.0,0.9893406476982131,0.9737143303033471,0.9483478142741659,0.911749684691557,0.8150437578991251,0.444992204069099,0.25573986317126396
0.319153412262284,0.5940343072051569,0.675273441962322,0.738377742932405,0.7709509711363121,0.7962701132676899,0.817167306109481,0.829476075343823,0.8395388451413399,0.8511643039785999,0.8581078901443471,0.86578902643209,0.8754287359859679,0.8848866594865992,0.8973218221645529,0.9092773521315258,0.9164293070993259,0.9250809818897,0.9344027053802819,0.943738414968495,0.9532942581135799,0.9603058910924871,0.9697142180134599,0.979042310204307,0.9893406476982131,1.0,0.984183318908521,0.9581318764267079,0.9217402850600078,0.832092316165736,0.46973931802307395,0.27884204743990004
0.30537704128782,0.5707991221767921,0.6512971595356191,0.7127247627082969,0.7473557136554929,0.770546389193709,0.792577654737527,0.804265774784282,0.812602237218509,0.825142401184116,0.832733242912039,0.84079580404472,0.8517756604851949,0.8602530123747879,0.8734687469076658,0.8863743874290079,0.895083535679763,0.9049751041407099,0.9144280250013609,0.9242040657266609,0.9347897637584129,0.9424425832171,0.9520361946547871,0.9621128396122891,0.9737143303033471,0.984183318908521,1.0,0.978790463961772,0.943603579629048,0.8618811572891469,0.502163976763881,0.308718825375271
0.278351033205264,0.5275434965582511,0.6109588038725141,0.672326379853195,0.7089855288927449,0.732061043196759,0.7563379554537021,0.7690500235201121,0.778568577506839,0.7913457174811591,0.800769223682046,0.81086530151495,0.8228832172951491,0.831122363014639,0.844225639170011,0.8567221255137059,0.866572723156571,0.8778999390960122,0.8891639063330958,0.9005669219957579,0.9104821193524442,0.9169464753869809,0.9255274575060479,0.936668406878498,0.9483478142741659,0.9581318764267079,0.978790463961772,1.0,0.972152030233278,0.898003658843243,0.551680710130645,0.33694940127525397
0.248584530529378,0.483755328180892,0.5601823771324169,0.618797771937136,0.654758724154834,0.67829498737104,0.703715457856977,0.716468457206066,0.7273294368905949,0.7398341091999521,0.7510021749349008,0.7604356317612041,0.770885975042013,0.778954814572397,0.792195741907881,0.806190103138503,0.818610399088614,0.830949242398139,0.843888760285957,0.858317680187672,0.867627596595169,0.8746506167597321,0.884041295822947,0.897130389368408,0.911749684691557,0.9217402850600078,0.943603579629048,0.972152030233278,1.0,0.9400742811074351,0.6001131074171989,0.36801967418711207
0.19803932185218598,0.37833072341973106,0.43985553193699894,0.49552460303819107,0.5318257499363079,0.5506114153349029,0.580363931758932,0.591886980421154,0.6027158490426769,0.6174637391557529,0.630973367644348,0.641897502765276,0.6531567095759829,0.663640030685799,0.678081851213087,0.695143667329137,0.7094029716308791,0.7260437947394599,0.7414812798093441,0.7531329956781021,0.7628092744475571,0.768068346334002,0.7836314890815601,0.799794638779342,0.8150437578991251,0.832092316165736,0.8618811572891469,0.898003658843243,0.9400742811074351,1.0,0.7238866682973671,0.44184952926405496
0.0831859488380561,0.12384233251506699,0.139838878019095,0.180692193156237,0.21004368122911102,0.22033098752845603,0.23452954213372101,0.244901603916277,0.24726589600714396,0.262790605747781,0.27488630308512396,0.28706212785113,0.299678470257215,0.31318524588519703,0.33110135208096997,0.3542177123819579,0.37333137096862207,0.385732655630364,0.39758537869110494,0.40095758844589097,0.40466782342010604,0.4078818493754,0.419869770912098,0.429488607296268,0.444992204069099,0.46973931802307395,0.502163976763881,0.551680710130645,0.6001131074171989,0.7238866682973671,1.0,0.5320927460365301
0.0197883521291484,0.0671221567950592,0.0469360678512154,0.0643876682976874,0.0923563352032204,0.097113757322721,0.11336563708670999,0.12147195168157801,0.125827243230437,0.145193097611225,0.15356715300297302,0.161361365171966,0.16899581535133998,0.17259868149631102,0.186798734415004,0.19956175100840698,0.214250875261258,0.22660486758321502,0.24180751069454998,0.24088169305358,0.23688025928218104,0.238133086560129,0.24285330755525,0.244247264505785,0.25573986317126396,0.27884204743990004,0.308718825375271,0.33694940127525397,0.36801967418711207,0.44184952926405496,0.5320927460365301,1.0
