1.0,0.843812878014712,0.8129977402623231,0.787133008049545,0.7710666884648341,0.7602322979863991,0.746068880689705,0.7334207346227901,0.7247856667759379,0.710364706258495,0.69578544407187,0.6839975880717629,0.6713662980434101,0.6605211700760041,0.648928807068354,0.63899140351991,0.62526101967353,0.616232094545619,0.6024820096768461,0.5922316116989921,0.5815787265256229,0.5687667755879771,0.552381079777519,0.535004084618548,0.515373629547584,0.49906695741903,0.47149236804631106,0.436582182962333,0.385132745667404,0.27495671313044107,0.0571811636656233,0.12351131789686501
0.843812878014712,1.0,0.976203323459788,0.960982702339122,0.9495912546245531,0.9401424205597391,0.931886797156324,0.923992060552378,0.916935823495021,0.908074145517305,0.8987608462833921,0.8918775941172309,0.8825745957273591,0.875732858773743,0.865911472266558,0.8574124974812349,0.8470308578754829,0.8400675927352321,0.830310830545141,0.822775510653404,0.8124867168730441,0.80063662715037,0.7879408186377249,0.7735087790538392,0.755248020640971,0.7422608987182221,0.7177933153977409,0.684638495707734,0.6351410506244979,0.5080020680017829,0.23502177208370398,0.00488711619732158
0.8129977402623231,0.976203323459788,1.0,0.9880330193501751,0.9792569358780471,0.971779090804388,0.964494046159718,0.957018678095963,0.9497461125871991,0.9405813278879571,0.932106110660353,0.926503423592263,0.917671368593213,0.9110203815457621,0.9019242165734591,0.8939059589787671,0.8845694270649991,0.878051498753593,0.8692319899709,0.8629798215163879,0.8531096709825009,0.8425150661084341,0.8305545252473059,0.8177563939033341,0.801314540254327,0.7896098495096199,0.7680203584143258,0.735803576151842,0.6873195191851801,0.562632871937427,0.289794367372472,0.045575571842067
0.787133008049545,0.960982702339122,0.9880330193501751,1.0,0.992167117121346,0.984987000876843,0.979113909340097,0.9727914316572109,0.9662059276149291,0.9584679197038249,0.951258236409148,0.9460710533229392,0.937851940011463,0.9322087140942991,0.9236685834247479,0.9157621828293191,0.907308934663409,0.9010231364578609,0.8922643491260821,0.8862921189257941,0.8773168924386899,0.8674956304176099,0.856661577323344,0.845044324454237,0.829860042845146,0.8196724320925601,0.7991013543774169,0.7682691636730992,0.7208584032380909,0.596325762261969,0.314217762492013,0.0669771030914973
0.7710666884648341,0.9495912546245531,0.9792569358780471,0.992167117121346,1.0,0.994480285975817,0.989434667125524,0.98413829327351,0.978453389030391,0.971712061612907,0.966004155400412,0.9608396928375821,0.9538958949851221,0.948763499628888,0.9413619035307701,0.934310455905698,0.9263573529907191,0.9201925695262909,0.9123292194317,0.9072598782628492,0.898930804853685,0.8900564234588679,0.879817753141515,0.868895066012093,0.8542514029208029,0.8437775046923751,0.8240533622043019,0.79421823770541,0.7473213953370899,0.62096810512915,0.331801533396733,0.0962648584524586
0.7602322979863991,0.9401424205597391,0.971779090804388,0.984987000876843,0.994480285975817,1.0,0.9951969100563199,0.9903041328815679,0.9850289933790329,0.978969042595415,0.9735424129481658,0.968488091481961,0.961594980956816,0.956122285618213,0.948641265524361,0.941726859364236,0.933680921229755,0.9275365855958759,0.919936147589933,0.9149832060312271,0.9068761851526171,0.8985882409196609,0.8890881060497141,0.8783939022209001,0.864135274858618,0.8534053576463572,0.8344336087715791,0.804531982189549,0.756908935292953,0.630989099299075,0.338866280495803,0.10220090943585901
0.746068880689705,0.931886797156324,0.964494046159718,0.979113909340097,0.989434667125524,0.9951969100563199,1.0,0.9965122090921609,0.9920293688059799,0.9864035117544091,0.9811574050555358,0.9765086376510329,0.9701478022502809,0.965005249024256,0.9580505878050941,0.951591057909912,0.9435529788151801,0.937297136900183,0.9303783888852429,0.925598134894557,0.9179375353375329,0.9099120383206079,0.9008694039576008,0.8910420487219121,0.8775078772539079,0.8673254800168242,0.849547632100439,0.8204394420560941,0.7747026551928571,0.650230391628158,0.35468822945798606,0.11814477240778301
0.7334207346227901,0.923992060552378,0.957018678095963,0.9727914316572109,0.98413829327351,0.9903041328815679,0.9965122090921609,1.0,0.9968209994239742,0.992161410544015,0.9874206689192191,0.9830541665759659,0.977332059614878,0.9719488835294491,0.9651515070341279,0.958594269436005,0.950400698832674,0.9440575092513991,0.9376821431212891,0.9329330870121701,0.9259220223549829,0.9182561369341591,0.9098313428692428,0.9002966767815551,0.8877617114929229,0.87810889424062,0.860554776793958,0.8319248357410791,0.7873166025670509,0.664215867177058,0.36363588882266296,0.130993945712354
0.7247856667759379,0.916935823495021,0.9497461125871991,0.9662059276149291,0.978453389030391,0.9850289933790329,0.9920293688059799,0.9968209994239742,1.0,0.9968468713108141,0.9926637742045121,0.988574402652058,0.982944046028005,0.97754773807707,0.9711357878853241,0.9648036596782759,0.956845166124462,0.950564922507962,0.9447189236532009,0.9401464749910301,0.9335395136630291,0.9261338824140559,0.9182295892425341,0.909163575162966,0.897201581782179,0.887428636122322,0.870322916545058,0.8420737996378459,0.7980651713253629,0.674866386211972,0.37218343761871503,0.142811679151025
0.710364706258495,0.908074145517305,0.9405813278879571,0.9584679197038249,0.971712061612907,0.978969042595415,0.9864035117544091,0.992161410544015,0.9968468713108141,1.0,0.997433979138481,0.9939854752729409,0.9892046701874109,0.9844294235991808,0.9787964870342291,0.9734053662502741,0.966091331221489,0.960089942699948,0.9546110622430591,0.9501622215089609,0.943962151223522,0.936782545235815,0.929264257880518,0.9206242575248091,0.909338306418855,0.899997280996155,0.8839911705024709,0.857358438520258,0.8143249031352892,0.6923578887488709,0.386420843115722,0.161950017783901
0.69578544407187,0.8987608462833921,0.932106110660353,0.951258236409148,0.966004155400412,0.9735424129481658,0.9811574050555358,0.9874206689192191,0.9926637742045121,0.997433979138481,1.0,0.997603293905745,0.9936420438545629,0.9894760604061021,0.9846401230507879,0.9798367430080742,0.9729811334141909,0.9672331203122709,0.962259295007555,0.9577677931445241,0.951977586651535,0.945023462553082,0.9377668039253441,0.9295684354617829,0.919022299068837,0.910286593467035,0.89469851569922,0.869352413717032,0.827607561979222,0.707632109645845,0.397752618366716,0.18101811217865502
0.6839975880717629,0.8918775941172309,0.926503423592263,0.9460710533229392,0.9608396928375821,0.968488091481961,0.9765086376510329,0.9830541665759659,0.988574402652058,0.9939854752729409,0.997603293905745,1.0,0.997178483963595,0.9938448717231071,0.9896867562297041,0.985357070960708,0.979069120368389,0.973725043182475,0.9691266061328091,0.9649751313011942,0.959377933520979,0.9528394996742651,0.945675337109009,0.937964890304301,0.9278550512134309,0.9193320560075159,0.904364351009563,0.879819741633295,0.838781064070358,0.7205513476207199,0.409073219049834,0.197951818424185
0.6713662980434101,0.8825745957273591,0.917671368593213,0.937851940011463,0.9538958949851221,0.961594980956816,0.9701478022502809,0.977332059614878,0.982944046028005,0.9892046701874109,0.9936420438545629,0.997178483963595,1.0,0.997742839603755,0.9944178987314041,0.9908640610995121,0.985369334064064,0.9802131411780011,0.975503460913544,0.971397989053404,0.966065369149197,0.959281799885798,0.9526707296924959,0.945454449252795,0.9359206729780501,0.927885810827259,0.9139484532203442,0.8902541270011429,0.8503160055469158,0.7339722138900749,0.41668285811907896,0.213251854478503
0.6605211700760041,0.875732858773743,0.9110203815457621,0.9322087140942991,0.948763499628888,0.956122285618213,0.965005249024256,0.9719488835294491,0.97754773807707,0.9844294235991808,0.9894760604061021,0.9938448717231071,0.997742839603755,1.0,0.9979291564177429,0.9950245734047621,0.990380922776328,0.9857750953451809,0.9813732141232181,0.9775424342902049,0.9728053366216161,0.9664489007839849,0.960198370527016,0.9534650437776508,0.944506499577808,0.9366977508132289,0.9233175983461991,0.9008528066140291,0.862286260297286,0.7491769637486279,0.43685172212462603,0.228429519274655
0.648928807068354,0.865911472266558,0.9019242165734591,0.9236685834247479,0.9413619035307701,0.948641265524361,0.9580505878050941,0.9651515070341279,0.9711357878853241,0.9787964870342291,0.9846401230507879,0.9896867562297041,0.9944178987314041,0.9979291564177429,1.0,0.9978432175101559,0.994098984170604,0.990240100899855,0.98626083781258,0.982766761471895,0.9782933530668241,0.9725905964303821,0.9669154418546109,0.9607761128321691,0.9523620259605681,0.944869422345526,0.932280190004918,0.910908564401467,0.8736421903767121,0.7631325230193811,0.448255347300011,0.245137611901698
0.63899140351991,0.8574124974812349,0.8939059589787671,0.9157621828293191,0.934310455905698,0.941726859364236,0.951591057909912,0.958594269436005,0.9648036596782759,0.9734053662502741,0.9798367430080742,0.985357070960708,0.9908640610995121,0.9950245734047621,0.9978432175101559,1.0,0.997372433355491,0.994233548972296,0.990912029239262,0.9873618317810291,0.9832700908860992,0.9778225046080041,0.972657610330143,0.9669156497716659,0.9589898204365559,0.9520261351277529,0.939987862350499,0.9194373869080559,0.8830490289423059,0.774054324923303,0.46022419684431104,0.26155758710879395
0.62526101967353,0.8470308578754829,0.8845694270649991,0.907308934663409,0.9263573529907191,0.933680921229755,0.9435529788151801,0.950400698832674,0.956845166124462,0.966091331221489,0.9729811334141909,0.979069120368389,0.985369334064064,0.990380922776328,0.994098984170604,0.997372433355491,1.0,0.9979231790975199,0.9951170382087899,0.991940976067131,0.988020957875706,0.9829812368669059,0.97825604378287,0.972890122806836,0.9655101439532621,0.9588215339310471,0.9474829948916859,0.9276431423851171,0.89250323639384,0.7869532957255301,0.473180693094508,0.279048129650547
0.616232094545619,0.8400675927352321,0.878051498753593,0.9010231364578609,0.9201925695262909,0.9275365855958759,0.937297136900183,0.9440575092513991,0.950564922507962,0.960089942699948,0.9672331203122709,0.973725043182475,0.9802131411780011,0.9857750953451809,0.990240100899855,0.994233548972296,0.9979231790975199,1.0,0.997885343065065,0.9950707064137501,0.991441679732906,0.987059125341442,0.9827947366784409,0.977791273512672,0.9707759422527209,0.964432470598644,0.9534315193466311,0.9337914180635101,0.8997506744047271,0.7958928711312521,0.481625575827056,0.288528464988086
0.6024820096768461,0.830310830545141,0.8692319899709,0.8922643491260821,0.9123292194317,0.919936147589933,0.9303783888852429,0.9376821431212891,0.9447189236532009,0.9546110622430591,0.962259295007555,0.9691266061328091,0.975503460913544,0.9813732141232181,0.98626083781258,0.990912029239262,0.9951170382087899,0.997885343065065,1.0,0.99797687911798,0.995090199681067,0.991315809464308,0.9875409616626529,0.98276987926075,0.9763036649428231,0.9699751458731259,0.959670221808659,0.9413665498800021,0.9087351304966821,0.8055687576482191,0.49106746664496104,0.299262715977611
0.5922316116989921,0.822775510653404,0.8629798215163879,0.8862921189257941,0.9072598782628492,0.9149832060312271,0.925598134894557,0.9329330870121701,0.9401464749910301,0.9501622215089609,0.9577677931445241,0.9649751313011942,0.971397989053404,0.9775424342902049,0.982766761471895,0.9873618317810291,0.991940976067131,0.9950707064137501,0.99797687911798,1.0,0.9979605093797159,0.9948707863763822,0.991350620595291,0.9868611035751059,0.9806491560012729,0.9744549473278001,0.964334203785773,0.9467147056564091,0.9147195985408672,0.813117439538766,0.498543332117673,0.309201216115687
0.5815787265256229,0.8124867168730441,0.8531096709825009,0.8773168924386899,0.898930804853685,0.9068761851526171,0.9179375353375329,0.9259220223549829,0.9335395136630291,0.943962151223522,0.951977586651535,0.959377933520979,0.966065369149197,0.9728053366216161,0.9782933530668241,0.9832700908860992,0.988020957875706,0.991441679732906,0.995090199681067,0.9979605093797159,1.0,0.9976107760766301,0.994703421598352,0.990624729650044,0.984749001570565,0.9787427516668209,0.969121629154692,0.9527656452725319,0.921704062458687,0.821587290329425,0.5085228914856479,0.322122658910101
0.5687667755879771,0.80063662715037,0.8425150661084341,0.8674956304176099,0.8900564234588679,0.8985882409196609,0.9099120383206079,0.9182561369341591,0.9261338824140559,0.936782545235815,0.945023462553082,0.9528394996742651,0.959281799885798,0.9664489007839849,0.9725905964303821,0.9778225046080041,0.9829812368669059,0.987059125341442,0.991315809464308,0.9948707863763822,0.9976107760766301,1.0,0.997741085577018,0.9943740905592791,0.989498715304191,0.9837242816258991,0.9746571825370028,0.9592906946350479,0.9291321341391741,0.8321044426308679,0.522839557141384,0.335465144563072
0.552381079777519,0.7879408186377249,0.8305545252473059,0.856661577323344,0.879817753141515,0.8890881060497141,0.9008694039576008,0.9098313428692428,0.9182295892425341,0.929264257880518,0.9377668039253441,0.945675337109009,0.9526707296924959,0.960198370527016,0.9669154418546109,0.972657610330143,0.97825604378287,0.9827947366784409,0.9875409616626529,0.991350620595291,0.994703421598352,0.997741085577018,1.0,0.997541545084164,0.993390064118744,0.987947931021014,0.9794862324233641,0.964592600295657,0.9353413073253709,0.8398955522095258,0.529514409967435,0.35192763431044705
0.535004084618548,0.7735087790538392,0.8177563939033341,0.845044324454237,0.868895066012093,0.8783939022209001,0.8910420487219121,0.9002966767815551,0.909163575162966,0.9206242575248091,0.9295684354617829,0.937964890304301,0.945454449252795,0.9534650437776508,0.9607761128321691,0.9669156497716659,0.972890122806836,0.977791273512672,0.98276987926075,0.9868611035751059,0.990624729650044,0.9943740905592791,0.997541545084164,1.0,0.9970252502878321,0.9925450105286341,0.98532926766536,0.971894679953438,0.944820638500446,0.854462924970731,0.545220847335887,0.36764837892414004
0.515373629547584,0.755248020640971,0.801314540254327,0.829860042845146,0.8542514029208029,0.864135274858618,0.8775078772539079,0.8877617114929229,0.897201581782179,0.909338306418855,0.919022299068837,0.9278550512134309,0.9359206729780501,0.944506499577808,0.9523620259605681,0.9589898204365559,0.9655101439532621,0.9707759422527209,0.9763036649428231,0.9806491560012729,0.984749001570565,0.989498715304191,0.993390064118744,0.9970252502878321,1.0,0.996635658644035,0.9907349146719759,0.978351831107914,0.953984913515605,0.8681022023595609,0.5619071102768979,0.385740891468028
0.49906695741903,0.7422608987182221,0.7896098495096199,0.8196724320925601,0.8437775046923751,0.8534053576463572,0.8673254800168242,0.87810889424062,0.887428636122322,0.899997280996155,0.910286593467035,0.9193320560075159,0.927885810827259,0.9366977508132289,0.944869422345526,0.9520261351277529,0.9588215339310471,0.964432470598644,0.9699751458731259,0.9744549473278001,0.9787427516668209,0.9837242816258991,0.987947931021014,0.9925450105286341,0.996635658644035,1.0,0.9955674866072769,0.985386047410514,0.9639812593830579,0.8831407090680121,0.5801232763793829,0.398275378097374
0.47149236804631106,0.7177933153977409,0.7680203584143258,0.7991013543774169,0.8240533622043019,0.8344336087715791,0.849547632100439,0.860554776793958,0.870322916545058,0.8839911705024709,0.89469851569922,0.904364351009563,0.9139484532203442,0.9233175983461991,0.932280190004918,0.939987862350499,0.9474829948916859,0.9534315193466311,0.959670221808659,0.964334203785773,0.969121629154692,0.9746571825370028,0.9794862324233641,0.98532926766536,0.9907349146719759,0.9955674866072769,1.0,0.99285929165335,0.9753566460625192,0.9020818444276351,0.6026078330657261,0.418019593329
0.436582182962333,0.684638495707734,0.735803576151842,0.7682691636730992,0.79421823770541,0.804531982189549,0.8204394420560941,0.8319248357410791,0.8420737996378459,0.857358438520258,0.869352413717032,0.879819741633295,0.8902541270011429,0.9008528066140291,0.910908564401467,0.9194373869080559,0.9276431423851171,0.9337914180635101,0.9413665498800021,0.9467147056564091,0.9527656452725319,0.9592906946350479,0.964592600295657,0.971894679953438,0.978351831107914,0.985386047410514,0.99285929165335,1.0,0.9877456053086039,0.922100805913687,0.6347819413749821,0.4483240857314871
0.385132745667404,0.6351410506244979,0.6873195191851801,0.7208584032380909,0.7473213953370899,0.756908935292953,0.7747026551928571,0.7873166025670509,0.7980651713253629,0.8143249031352892,0.827607561979222,0.838781064070358,0.8503160055469158,0.862286260297286,0.8736421903767121,0.8830490289423059,0.89250323639384,0.8997506744047271,0.9087351304966821,0.9147195985408672,0.921704062458687,0.9291321341391741,0.9353413073253709,0.944820638500446,0.953984913515605,0.9639812593830579,0.9753566460625192,0.9877456053086039,1.0,0.955273126511867,0.672941425838066,0.47594652167695095
0.27495671313044107,0.5080020680017829,0.562632871937427,0.596325762261969,0.62096810512915,0.630989099299075,0.650230391628158,0.664215867177058,0.674866386211972,0.6923578887488709,0.707632109645845,0.7205513476207199,0.7339722138900749,0.7491769637486279,0.7631325230193811,0.774054324923303,0.7869532957255301,0.7958928711312521,0.8055687576482191,0.813117439538766,0.821587290329425,0.8321044426308679,0.8398955522095258,0.854462924970731,0.8681022023595609,0.8831407090680121,0.9020818444276351,0.922100805913687,0.955273126511867,1.0,0.770141970164426,0.5255706639859129
0.0571811636656233,0.23502177208370398,0.289794367372472,0.314217762492013,0.331801533396733,0.338866280495803,0.35468822945798606,0.36363588882266296,0.37218343761871503,0.386420843115722,0.397752618366716,0.409073219049834,0.41668285811907896,0.43685172212462603,0.448255347300011,0.46022419684431104,0.473180693094508,0.481625575827056,0.49106746664496104,0.498543332117673,0.5085228914856479,0.522839557141384,0.529514409967435,0.545220847335887,0.5619071102768979,0.5801232763793829,0.6026078330657261,0.6347819413749821,0.672941425838066,0.770141970164426,1.0,0.585210725763442
0.12351131789686501,0.00488711619732158,0.045575571842067,0.0669771030914973,0.0962648584524586,0.10220090943585901,0.11814477240778301,0.130993945712354,0.142811679151025,0.161950017783901,0.18101811217865502,0.197951818424185,0.213251854478503,0.228429519274655,0.245137611901698,0.26155758710879395,0.279048129650547,0.288528464988086,0.299262715977611,0.309201216115687,0.322122658910101,0.335465144563072,0.35192763431044705,0.36764837892414004,0.385740891468028,0.398275378097374,0.418019593329,0.4483240857314871,0.47594652167695095,0.5255706639859129,0.585210725763442,1.0
