1.0,0.7362583976942,0.615123355418705,0.58111460015121,0.5740607354469661,0.562355609257494,0.5393484297058471,0.530790999033902,0.514746705686815,0.509695591484122,0.505000806371922,0.500572263162157,0.496015548110307,0.48279342513475604,0.475031711869235,0.466687696462461,0.46182268285533296,0.45948702907840205,0.454973059231762,0.444967968172284,0.441108936750068,0.434591276645514,0.42897845073515295,0.4156890529291621,0.402722237356892,0.39728103563364797,0.38670658107627004,0.368213570473659,0.343520648083957,0.28455306002428005,0.186097688727285,0.0384378847782154
0.7362583976942,1.0,0.922312335965859,0.8883189700970441,0.872354649523595,0.8561626982488779,0.8391674831796421,0.829397140444929,0.816873544618417,0.8093014977265279,0.802565535226768,0.7996164365939741,0.79438818869997,0.7854307379298728,0.780587057334006,0.775236580153563,0.769432987120496,0.767527288121366,0.7624976199086752,0.755876816898322,0.751242054979993,0.7432328689181501,0.7335186592945129,0.7213899897557409,0.710317901642953,0.6977905773021379,0.6840281654327829,0.663240430050949,0.6311897754224489,0.556627403980412,0.3840956806501599,0.103475586409607
0.615123355418705,0.922312335965859,1.0,0.963088771097288,0.9389298612438579,0.919402196115192,0.901123729005817,0.892302667783927,0.8844654096771859,0.876584788332834,0.869310192999941,0.8649144986057521,0.856486093323497,0.8479380765150408,0.8425239661403342,0.8369819628175971,0.8290951039982378,0.826470321397385,0.823674261630205,0.8178016803032591,0.813546319058237,0.808090071537119,0.8008917877277181,0.7911939482306,0.7806670073801891,0.7674879431992351,0.7606367364810179,0.7407371920482572,0.7073011041094319,0.6339504305284399,0.4350083084894,0.13048287690163302
0.58111460015121,0.8883189700970441,0.963088771097288,1.0,0.9815879824888359,0.9613552555794491,0.943952690004439,0.931139597779139,0.9207785507061741,0.913133710824443,0.9070605880109599,0.9002838001661658,0.8916863932289789,0.8821035384321609,0.875599377246499,0.870578272028905,0.863012841852005,0.860548229166547,0.8580080918859591,0.8532391585579079,0.849685108212498,0.843662267274172,0.8357105760292142,0.827230264626216,0.8154068023132249,0.801377781137693,0.7952873239710309,0.7767685209396831,0.7378303816177321,0.66379617232719,0.461152912852007,0.137207989335711
0.5740607354469661,0.872354649523595,0.9389298612438579,0.9815879824888359,1.0,0.982494091909962,0.964805000295925,0.9518940227737092,0.940639266480912,0.9328569206543399,0.925712450232967,0.9194157681444499,0.9113793520978171,0.901558285309134,0.895717163198637,0.8900707139666079,0.8834400903230659,0.880670912471105,0.877718642744966,0.8736649136948259,0.868764101954848,0.8622634055359079,0.855144766294692,0.846982251638665,0.835610767058239,0.82199324243479,0.8146949911251301,0.7957514645297908,0.754173960883091,0.679868456711126,0.48230926176536204,0.152400093012054
0.562355609257494,0.8561626982488779,0.919402196115192,0.9613552555794491,0.982494091909962,1.0,0.987245592343985,0.9750007378033709,0.9634147944454872,0.953747219630675,0.944586772758088,0.9374161540636509,0.9305882119696899,0.9205630924594341,0.9131530923195219,0.90885906904693,0.9021174311035199,0.898772646992413,0.895380709279271,0.890930118712308,0.8868712581049419,0.880864618852881,0.8725663341201809,0.864149387383782,0.8533825419912321,0.841349100405759,0.8339365242988961,0.81619198962336,0.7760950723051422,0.703696983546226,0.5118364077794241,0.15867871013133802
0.5393484297058471,0.8391674831796421,0.901123729005817,0.943952690004439,0.964805000295925,0.987245592343985,1.0,0.9883839551727919,0.9767135093075459,0.9665019402244499,0.9566232962098871,0.9492865208967709,0.9412160288173449,0.9322253900982399,0.923618451891989,0.918327027599874,0.9110768737095011,0.907410864489433,0.9038670130264871,0.899225566101649,0.8948137650020122,0.88870826387395,0.8800809790146701,0.87212170268741,0.860851841560908,0.8504189096256021,0.841713037347983,0.8268823149150029,0.7867142558376821,0.715218689201652,0.5233694894851679,0.168677052707037
0.530790999033902,0.829397140444929,0.892302667783927,0.931139597779139,0.9518940227737092,0.9750007378033709,0.9883839551727919,1.0,0.992947821550335,0.9833734625415089,0.973822740279246,0.9654630346411629,0.956916484357917,0.946133094071571,0.9366109819516429,0.931083897521802,0.9242442462881959,0.9211655030868359,0.917866071153701,0.9133414660542241,0.90891028295461,0.9033748428538241,0.8961076185766139,0.888847044040751,0.879061887423294,0.8685759119057029,0.85900981946647,0.844127744191061,0.8055096710501221,0.7336205523846009,0.5423308297803929,0.18279722430373002
0.514746705686815,0.816873544618417,0.8844654096771859,0.9207785507061741,0.940639266480912,0.9634147944454872,0.9767135093075459,0.992947821550335,1.0,0.993288052434479,0.984304469616712,0.975924166705548,0.9671104686809009,0.956308373693313,0.9461742390363531,0.939725164324328,0.932920526498356,0.9294600787851609,0.92647104979957,0.9216109782942951,0.9163335488282549,0.91143086656737,0.9042111095322428,0.8980403429251329,0.8896001820353109,0.8799403677263421,0.8703209854692858,0.855081670723785,0.817743845586178,0.744614832947842,0.5567514256857149,0.187371798337061
0.509695591484122,0.8093014977265279,0.876584788332834,0.913133710824443,0.9328569206543399,0.953747219630675,0.9665019402244499,0.9833734625415089,0.993288052434479,1.0,0.9924584258971679,0.9847167221796659,0.9759614831550041,0.9654505695156391,0.955648310418702,0.949497295870222,0.942577130839045,0.9391827407131851,0.936498231373754,0.9322656983058358,0.926685460235727,0.9207587321318941,0.9131386606109629,0.907478144682839,0.899920805427586,0.8913044932838181,0.8804327162922059,0.8655949835303299,0.8278830071536021,0.7533328603716579,0.5633195628090171,0.18385531286633
0.505000806371922,0.802565535226768,0.869310192999941,0.9070605880109599,0.925712450232967,0.944586772758088,0.9566232962098871,0.973822740279246,0.984304469616712,0.9924584258971679,1.0,0.9938444305668109,0.9849936370306759,0.9748042804660592,0.9649432184445491,0.958487275134182,0.9513200879399221,0.946472177141341,0.943066888517777,0.937484136580894,0.9313492135404209,0.925164790040115,0.9179553655974341,0.9125935409167301,0.904643074590813,0.8959339392436371,0.884954954169473,0.8691742141009009,0.8313871332965408,0.7551442831049959,0.5673280874051999,0.188460089543318
0.500572263162157,0.7996164365939741,0.8649144986057521,0.9002838001661658,0.9194157681444499,0.9374161540636509,0.9492865208967709,0.9654630346411629,0.975924166705548,0.9847167221796659,0.9938444305668109,1.0,0.993560643161578,0.984293637365385,0.975239554024027,0.9684232433817409,0.960007801772601,0.9539599124616851,0.9493780185672951,0.9429751477670542,0.9358563521487341,0.9293428359287471,0.922340998880422,0.9174412379305291,0.910253063277069,0.9016104873026469,0.8907038399407059,0.8737068589005691,0.8375136373553079,0.757966612224723,0.570075705561419,0.192227782405432
0.496015548110307,0.79438818869997,0.856486093323497,0.8916863932289789,0.9113793520978171,0.9305882119696899,0.9412160288173449,0.956916484357917,0.9671104686809009,0.9759614831550041,0.9849936370306759,0.993560643161578,1.0,0.993937157951442,0.985683244697586,0.9787263593624329,0.9701416177204001,0.9637452052366249,0.95817567878767,0.9517885888159399,0.94407110348518,0.9377955347041019,0.9312234208832181,0.9262412027031429,0.919529199507505,0.909474299287793,0.8989162656260758,0.8816705404357779,0.8470393337866651,0.7688923054792571,0.58958557017579,0.20129558945643203
0.48279342513475604,0.7854307379298728,0.8479380765150408,0.8821035384321609,0.901558285309134,0.9205630924594341,0.9322253900982399,0.946133094071571,0.956308373693313,0.9654505695156391,0.9748042804660592,0.984293637365385,0.993937157951442,1.0,0.9939042974341841,0.986779372156762,0.977923008395643,0.97102459072885,0.9643198320880679,0.9580471188115219,0.9500921277555351,0.9436547417120121,0.936903760219493,0.9316436523672819,0.9243729921830091,0.913656329379503,0.9042483719176551,0.887869585293993,0.854746645902198,0.7777455215422049,0.599570072321688,0.20194166963466198
0.475031711869235,0.780587057334006,0.8425239661403342,0.875599377246499,0.895717163198637,0.9131530923195219,0.923618451891989,0.9366109819516429,0.9461742390363531,0.955648310418702,0.9649432184445491,0.975239554024027,0.985683244697586,0.9939042974341841,1.0,0.9945067618897391,0.98548669518973,0.978935991530237,0.9721243413483749,0.9660969388762729,0.957897161273413,0.95104053527345,0.9442954780301229,0.938856311132604,0.9314836234026529,0.920999168034994,0.9124678987771461,0.895135457738029,0.860992012080795,0.783023649113096,0.6076087529118511,0.207010348059978
0.466687696462461,0.775236580153563,0.8369819628175971,0.870578272028905,0.8900707139666079,0.90885906904693,0.918327027599874,0.931083897521802,0.939725164324328,0.949497295870222,0.958487275134182,0.9684232433817409,0.9787263593624329,0.986779372156762,0.9945067618897391,1.0,0.994491755569751,0.987921346972062,0.9810025174455931,0.9745183130060071,0.9664775438569251,0.959471157064233,0.9521393403611991,0.946586175754165,0.939052072613354,0.928675975866466,0.919685909860825,0.903192148788272,0.8694454627126721,0.792215785147139,0.6140550948478299,0.215867517120185
0.46182268285533296,0.769432987120496,0.8290951039982378,0.863012841852005,0.8834400903230659,0.9021174311035199,0.9110768737095011,0.9242442462881959,0.932920526498356,0.942577130839045,0.9513200879399221,0.960007801772601,0.9701416177204001,0.977923008395643,0.98548669518973,0.994491755569751,1.0,0.995090376356581,0.987823668600475,0.981280490860995,0.973541454083523,0.966627357022945,0.95889680547148,0.9526023391323291,0.944717095936244,0.9353499441859711,0.925550839921312,0.9079877897241551,0.875124507215004,0.8026980961040551,0.623147719599073,0.224493305868479
0.45948702907840205,0.767527288121366,0.826470321397385,0.860548229166547,0.880670912471105,0.898772646992413,0.907410864489433,0.9211655030868359,0.9294600787851609,0.9391827407131851,0.946472177141341,0.9539599124616851,0.9637452052366249,0.97102459072885,0.978935991530237,0.987921346972062,0.995090376356581,1.0,0.9939214331971701,0.987366583729608,0.979451252163534,0.97300534894372,0.9656410115537479,0.958819887518602,0.9508119585681879,0.9410035195707691,0.9318525369835259,0.913125199192347,0.880815467231903,0.8074185034146291,0.625590657239254,0.225666137543748
0.454973059231762,0.7624976199086752,0.823674261630205,0.8580080918859591,0.877718642744966,0.895380709279271,0.9038670130264871,0.917866071153701,0.92647104979957,0.936498231373754,0.943066888517777,0.9493780185672951,0.95817567878767,0.9643198320880679,0.9721243413483749,0.9810025174455931,0.987823668600475,0.9939214331971701,1.0,0.9951803547873891,0.987849832893355,0.9808342915185541,0.973916455522256,0.9673964554849499,0.9600234089283051,0.950300945500706,0.9412394164667609,0.921450354136741,0.8878877669929629,0.8155703041834691,0.635045718568691,0.23931236779885395
0.444967968172284,0.755876816898322,0.8178016803032591,0.8532391585579079,0.8736649136948259,0.890930118712308,0.899225566101649,0.9133414660542241,0.9216109782942951,0.9322656983058358,0.937484136580894,0.9429751477670542,0.9517885888159399,0.9580471188115219,0.9660969388762729,0.9745183130060071,0.981280490860995,0.987366583729608,0.9951803547873891,1.0,0.9949228769060992,0.9882154368595369,0.980944662283058,0.9750963072794241,0.967633421694867,0.9581772795885241,0.948310236620807,0.929216264307619,0.8959258352260071,0.8236238505179571,0.6378126382818959,0.247196252889501
0.441108936750068,0.751242054979993,0.813546319058237,0.849685108212498,0.868764101954848,0.8868712581049419,0.8948137650020122,0.90891028295461,0.9163335488282549,0.926685460235727,0.9313492135404209,0.9358563521487341,0.94407110348518,0.9500921277555351,0.957897161273413,0.9664775438569251,0.973541454083523,0.979451252163534,0.987849832893355,0.9949228769060992,1.0,0.994758041360137,0.9867574756279192,0.980589506484205,0.9722245674543392,0.962569650566107,0.951860217434131,0.932954926858636,0.898589462990288,0.8281634636961781,0.6430521291116379,0.24991377876933502
0.434591276645514,0.7432328689181501,0.808090071537119,0.843662267274172,0.8622634055359079,0.880864618852881,0.88870826387395,0.9033748428538241,0.91143086656737,0.9207587321318941,0.925164790040115,0.9293428359287471,0.9377955347041019,0.9436547417120121,0.95104053527345,0.959471157064233,0.966627357022945,0.97300534894372,0.9808342915185541,0.9882154368595369,0.994758041360137,1.0,0.992744132031105,0.986372310283222,0.977115965602275,0.9671280088523609,0.956320821239312,0.9370598640886859,0.902815688915835,0.8337876273199522,0.648479720671738,0.264984781933314
0.42897845073515295,0.7335186592945129,0.8008917877277181,0.8357105760292142,0.855144766294692,0.8725663341201809,0.8800809790146701,0.8961076185766139,0.9042111095322428,0.9131386606109629,0.9179553655974341,0.922340998880422,0.9312234208832181,0.936903760219493,0.9442954780301229,0.9521393403611991,0.95889680547148,0.9656410115537479,0.973916455522256,0.980944662283058,0.9867574756279192,0.992744132031105,1.0,0.9938300910607991,0.9843031460622409,0.974631354273605,0.965625108134203,0.9467026476884058,0.9123783340047992,0.844393005205956,0.664370880231554,0.285672213710911
0.4156890529291621,0.7213899897557409,0.7911939482306,0.827230264626216,0.846982251638665,0.864149387383782,0.87212170268741,0.888847044040751,0.8980403429251329,0.907478144682839,0.9125935409167301,0.9174412379305291,0.9262412027031429,0.9316436523672819,0.938856311132604,0.946586175754165,0.9526023391323291,0.958819887518602,0.9673964554849499,0.9750963072794241,0.980589506484205,0.986372310283222,0.9938300910607991,1.0,0.9931931237605021,0.983756347949544,0.974170946109869,0.9541521650470409,0.919744749614134,0.85331138000275,0.672035011726273,0.290860325759373
0.402722237356892,0.710317901642953,0.7806670073801891,0.8154068023132249,0.835610767058239,0.8533825419912321,0.860851841560908,0.879061887423294,0.8896001820353109,0.899920805427586,0.904643074590813,0.910253063277069,0.919529199507505,0.9243729921830091,0.9314836234026529,0.939052072613354,0.944717095936244,0.9508119585681879,0.9600234089283051,0.967633421694867,0.9722245674543392,0.977115965602275,0.9843031460622409,0.9931931237605021,1.0,0.992235154064955,0.981033379870396,0.960056372762004,0.928477850207086,0.86167150494034,0.6823100799409421,0.299488463828942
0.39728103563364797,0.6977905773021379,0.7674879431992351,0.801377781137693,0.82199324243479,0.841349100405759,0.8504189096256021,0.8685759119057029,0.8799403677263421,0.8913044932838181,0.8959339392436371,0.9016104873026469,0.909474299287793,0.913656329379503,0.920999168034994,0.928675975866466,0.9353499441859711,0.9410035195707691,0.950300945500706,0.9581772795885241,0.962569650566107,0.9671280088523609,0.974631354273605,0.983756347949544,0.992235154064955,1.0,0.98865805839967,0.9687699673620258,0.9372696875551421,0.872873768057172,0.700311451033294,0.320082123644388
0.38670658107627004,0.6840281654327829,0.7606367364810179,0.7952873239710309,0.8146949911251301,0.8339365242988961,0.841713037347983,0.85900981946647,0.8703209854692858,0.8804327162922059,0.884954954169473,0.8907038399407059,0.8989162656260758,0.9042483719176551,0.9124678987771461,0.919685909860825,0.925550839921312,0.9318525369835259,0.9412394164667609,0.948310236620807,0.951860217434131,0.956320821239312,0.965625108134203,0.974170946109869,0.981033379870396,0.98865805839967,1.0,0.983960351107627,0.952389276834677,0.8890420447690139,0.7183462383020529,0.338985405774046
0.368213570473659,0.663240430050949,0.7407371920482572,0.7767685209396831,0.7957514645297908,0.81619198962336,0.8268823149150029,0.844127744191061,0.855081670723785,0.8655949835303299,0.8691742141009009,0.8737068589005691,0.8816705404357779,0.887869585293993,0.895135457738029,0.903192148788272,0.9079877897241551,0.913125199192347,0.921450354136741,0.929216264307619,0.932954926858636,0.9370598640886859,0.9467026476884058,0.9541521650470409,0.960056372762004,0.9687699673620258,0.983960351107627,1.0,0.975056809207088,0.9144366370212209,0.746086710081665,0.36515869364367104
0.343520648083957,0.6311897754224489,0.7073011041094319,0.7378303816177321,0.754173960883091,0.7760950723051422,0.7867142558376821,0.8055096710501221,0.817743845586178,0.8278830071536021,0.8313871332965408,0.8375136373553079,0.8470393337866651,0.854746645902198,0.860992012080795,0.8694454627126721,0.875124507215004,0.880815467231903,0.8878877669929629,0.8959258352260071,0.898589462990288,0.902815688915835,0.9123783340047992,0.919744749614134,0.928477850207086,0.9372696875551421,0.952389276834677,0.975056809207088,1.0,0.952469881896206,0.7907425938835141,0.396808869354141
0.28455306002428005,0.556627403980412,0.6339504305284399,0.66379617232719,0.679868456711126,0.703696983546226,0.715218689201652,0.7336205523846009,0.744614832947842,0.7533328603716579,0.7551442831049959,0.757966612224723,0.7688923054792571,0.7777455215422049,0.783023649113096,0.792215785147139,0.8026980961040551,0.8074185034146291,0.8155703041834691,0.8236238505179571,0.8281634636961781,0.8337876273199522,0.844393005205956,0.85331138000275,0.86167150494034,0.872873768057172,0.8890420447690139,0.9144366370212209,0.952469881896206,1.0,0.832479054606205,0.41904644978716604
0.186097688727285,0.3840956806501599,0.4350083084894,0.461152912852007,0.48230926176536204,0.5118364077794241,0.5233694894851679,0.5423308297803929,0.5567514256857149,0.5633195628090171,0.5673280874051999,0.570075705561419,0.58958557017579,0.599570072321688,0.6076087529118511,0.6140550948478299,0.623147719599073,0.625590657239254,0.635045718568691,0.6378126382818959,0.6430521291116379,0.648479720671738,0.664370880231554,0.672035011726273,0.6823100799409421,0.700311451033294,0.7183462383020529,0.746086710081665,0.7907425938835141,0.832479054606205,1.0,0.53554803592586
0.0384378847782154,0.103475586409607,0.13048287690163302,0.137207989335711,0.152400093012054,0.15867871013133802,0.168677052707037,0.18279722430373002,0.187371798337061,0.18385531286633,0.188460089543318,0.192227782405432,0.20129558945643203,0.20194166963466198,0.207010348059978,0.215867517120185,0.224493305868479,0.225666137543748,0.23931236779885395,0.247196252889501,0.24991377876933502,0.264984781933314,0.285672213710911,0.290860325759373,0.299488463828942,0.320082123644388,0.338985405774046,0.36515869364367104,0.396808869354141,0.41904644978716604,0.53554803592586,1.0
