1.0,0.9233725985307859,0.904146459013045,0.8909513686186411,0.8794954059423779,0.8697020236087741,0.8592341265413491,0.8532879380057571,0.8439141551138809,0.8324315034122579,0.823266793913953,0.81463791885087,0.804738086193315,0.794966973404168,0.7861155456943041,0.7787468810340831,0.768255530618823,0.756826987957422,0.746219319429055,0.73525688986009,0.7248036060292271,0.715824357690587,0.7034481991753461,0.691295296990114,0.678277752894537,0.664987403291919,0.647695327457098,0.616966370676432,0.580829334809802,0.488362299930515,0.298967379357146,0.17448297005965802
0.9233725985307859,1.0,0.985714624604248,0.9777191395920509,0.971046810525037,0.9647637609732701,0.957774933646097,0.9525157204757281,0.9462548885013059,0.9379684891390621,0.931280437431779,0.9242836613130792,0.91649115908067,0.9087762784472659,0.9002114863470791,0.8934666343546759,0.884487661343925,0.8751102547078891,0.8659677638398109,0.856730778019357,0.847609391414935,0.8385101611770458,0.827456709371577,0.8162586532255129,0.80455494226091,0.7919792423023109,0.7757055327825451,0.74635325298453,0.70845988990454,0.610688567299907,0.38173889793181703,0.268714180622042
0.904146459013045,0.985714624604248,1.0,0.9927400069417891,0.9873687283213091,0.982233016483937,0.9762556510438521,0.972019146966362,0.967185569693483,0.96089444966736,0.95514389845423,0.9493497814219879,0.9430882004357042,0.936220976295573,0.9286922151861541,0.922397765886747,0.914883405939405,0.906312843979787,0.898654956116342,0.890540085848774,0.8820600896804209,0.873928758093147,0.863678292000725,0.8537099731337009,0.8428255387595621,0.830302040482803,0.8150540763985391,0.787232637468413,0.75016418688136,0.653525165290235,0.41939969562986107,0.308286902634588
0.8909513686186411,0.9777191395920509,0.9927400069417891,1.0,0.995608315411199,0.9915352374126729,0.987090229831519,0.983003252623868,0.9784427587032679,0.972470781133795,0.9672982307276079,0.961844313295619,0.9560198057369749,0.949624024522989,0.9426836282236579,0.93655100995784,0.9295466825699079,0.921515942144081,0.914191881616796,0.906646712522742,0.898674118461062,0.891031540535497,0.881628881288832,0.8722912985913379,0.8619979188153242,0.850375223436655,0.835931962622797,0.8086252208321569,0.77182944166555,0.673804921975937,0.430213930232118,0.323403311250768
0.8794954059423779,0.971046810525037,0.9873687283213091,0.995608315411199,1.0,0.996707641664345,0.9928645246310691,0.989200082236374,0.985524138725323,0.9802998899111921,0.9756677716661629,0.9709089471561809,0.9657792085349491,0.9598293230168891,0.9534650881168271,0.948032725866268,0.9417602187431391,0.934559375703147,0.9279176204415,0.9208445916397621,0.913277020968919,0.9063410596750171,0.897464391034316,0.888803137710189,0.879470126772637,0.868607662606332,0.855035479861996,0.8289004541665491,0.793712170010869,0.696917680636884,0.45097212525903396,0.344052691590076
0.8697020236087741,0.9647637609732701,0.982233016483937,0.9915352374126729,0.996707641664345,1.0,0.9970213163202329,0.993981123117029,0.990736119112199,0.9863041082768321,0.982238049256131,0.978053758861595,0.973711638353727,0.968452679021471,0.9625816367622049,0.957714987955641,0.951881667335519,0.9453532709813242,0.938868373801826,0.932274054908133,0.92517215443242,0.9186754438365509,0.9101015893102091,0.9021859246231079,0.89329869719152,0.8827541707152571,0.8700124011569379,0.8442781677651371,0.809612332196304,0.71198398840103,0.462352568962428,0.35830316018510205
0.8592341265413491,0.957774933646097,0.9762556510438521,0.987090229831519,0.9928645246310691,0.9970213163202329,1.0,0.9978776615004109,0.9951246594730631,0.9913757389748991,0.987812384783528,0.984193757245961,0.9800613821353941,0.975289432480904,0.9698323251481891,0.965416786125963,0.9599420636153491,0.9537736246439971,0.947785797604778,0.9413580946429742,0.9348950345052759,0.9288502739923521,0.9209222095622709,0.91374231474587,0.904978084941846,0.895320854724606,0.88288053233384,0.8576745821865078,0.823572062824782,0.724991082981527,0.46975405400462,0.369649269777795
0.8532879380057571,0.9525157204757281,0.972019146966362,0.983003252623868,0.989200082236374,0.993981123117029,0.9978776615004109,1.0,0.998123500501277,0.994924756887376,0.9919487157160529,0.9887070152731091,0.985037216706396,0.98051145260891,0.9749841122048091,0.970843706285845,0.9656726449987242,0.959736078950211,0.9540505409338321,0.948016024135594,0.941999582002739,0.936325558793323,0.928845581687828,0.922191125724437,0.913817884451487,0.904670050674885,0.8923733021735799,0.868359203197269,0.8348605227945942,0.7371788367154549,0.48381207793934206,0.37905062394816497
0.8439141551138809,0.9462548885013059,0.967185569693483,0.9784427587032679,0.985524138725323,0.990736119112199,0.9951246594730631,0.998123500501277,1.0,0.998139922608898,0.9957808266183771,0.992987122957263,0.989850950364867,0.985740967857884,0.98090040154375,0.9770301222538659,0.9723563367639351,0.9669056380351592,0.961598412891489,0.956011080084044,0.9506108987591049,0.945297978440624,0.9382976884478141,0.93187940042972,0.9240592406992121,0.915438313738413,0.903449191917422,0.880611100931312,0.847906291842295,0.751587515386092,0.49337842328520204,0.394738918720325
0.8324315034122579,0.9379684891390621,0.96089444966736,0.972470781133795,0.9802998899111921,0.9863041082768321,0.9913757389748991,0.994924756887376,0.998139922608898,1.0,0.9984637338363871,0.9961781478110779,0.9934734036918209,0.989913438254498,0.985778681202874,0.982312060896928,0.9782104210550729,0.9732211405685809,0.9683478299247541,0.9630849078455341,0.9580524264453,0.9531074136595871,0.946516854130499,0.940374739493258,0.9330573164689309,0.92482772961926,0.913477061018256,0.89227208050252,0.8610229630650659,0.76773745559469,0.508890691954468,0.411665135286173
0.823266793913953,0.931280437431779,0.95514389845423,0.9672982307276079,0.9756677716661629,0.982238049256131,0.987812384783528,0.9919487157160529,0.9957808266183771,0.9984637338363871,1.0,0.99841782826873,0.9962014482334921,0.9932653037712209,0.989728154751566,0.9866448317344741,0.982940121884137,0.978389599424844,0.973976899161867,0.9691357410075991,0.96430637723851,0.9595098502998578,0.9532603301774891,0.947412240629184,0.940221691058404,0.9322797787194441,0.9215067113279078,0.9011847488138629,0.870269020774285,0.7782700675409749,0.521206191639046,0.424164633559524
0.81463791885087,0.9242836613130792,0.9493497814219879,0.961844313295619,0.9709089471561809,0.978053758861595,0.984193757245961,0.9887070152731091,0.992987122957263,0.9961781478110779,0.99841782826873,1.0,0.9987581972739251,0.99662876657379,0.9936667173125551,0.9908709250436529,0.987429593716547,0.983314516829199,0.979223689119917,0.97481869233891,0.970281446783855,0.9658608129707881,0.9601004035202941,0.9544827060145329,0.9476788804045809,0.940251310748193,0.929959986739661,0.910206379140242,0.88019918378515,0.789507481907906,0.531326534617111,0.43116939974104396
0.804738086193315,0.91649115908067,0.9430882004357042,0.9560198057369749,0.9657792085349491,0.973711638353727,0.9800613821353941,0.985037216706396,0.989850950364867,0.9934734036918209,0.9962014482334921,0.9987581972739251,1.0,0.998651789044754,0.9963085597550909,0.9938133310953091,0.990802966338298,0.9871118750072231,0.983495947129408,0.979527190355172,0.975479816698331,0.97140373791006,0.9660719700112459,0.960798957778139,0.954407903317097,0.947347564961873,0.9374063504865771,0.9184155613612559,0.8890629731025,0.7990014954222429,0.539544485099932,0.44200213429950497
0.794966973404168,0.9087762784472659,0.936220976295573,0.949624024522989,0.9598293230168891,0.968452679021471,0.975289432480904,0.98051145260891,0.985740967857884,0.989913438254498,0.9932653037712209,0.99662876657379,0.998651789044754,1.0,0.998628456746502,0.9967047761992259,0.994099904436681,0.990923631706762,0.987861154821855,0.9842963571810821,0.980608977304187,0.97673383753157,0.9719730508231941,0.96697618454253,0.9608941718224729,0.954071119033553,0.9445953614690079,0.9262175227402979,0.8975366070591949,0.808369938173891,0.551379385469869,0.452400484870378
0.7861155456943041,0.9002114863470791,0.9286922151861541,0.9426836282236579,0.9534650881168271,0.9625816367622049,0.9698323251481891,0.9749841122048091,0.98090040154375,0.985778681202874,0.989728154751566,0.9936667173125551,0.9963085597550909,0.998628456746502,1.0,0.998827526283433,0.9968549362778241,0.9942496853480709,0.9916682685031809,0.988502780933321,0.9851902494666309,0.981742550077343,0.9774570514492928,0.972839036557879,0.967241891991383,0.960752513166098,0.951944793178609,0.9350898158981559,0.9078115553179871,0.822091913450162,0.563921938901031,0.467887402709288
0.7787468810340831,0.8934666343546759,0.922397765886747,0.93655100995784,0.948032725866268,0.957714987955641,0.965416786125963,0.970843706285845,0.9770301222538659,0.982312060896928,0.9866448317344741,0.9908709250436529,0.9938133310953091,0.9967047761992259,0.998827526283433,1.0,0.998750747158664,0.996692673081717,0.9945453872921659,0.9917615074502909,0.98879739400585,0.985651220716133,0.981760635729205,0.977392539162172,0.972167773010336,0.9658650897596399,0.9576789855012141,0.9419345012423059,0.9161243875334201,0.8321105179047491,0.5741913656220611,0.4784739878115779
0.768255530618823,0.884487661343925,0.914883405939405,0.9295466825699079,0.9417602187431391,0.951881667335519,0.9599420636153491,0.9656726449987242,0.9723563367639351,0.9782104210550729,0.982940121884137,0.987429593716547,0.990802966338298,0.994099904436681,0.9968549362778241,0.998750747158664,1.0,0.998739621080636,0.9970741993526541,0.9947300134236421,0.9921708198281499,0.9894678379678009,0.9858117023843249,0.9819248944453349,0.977043992858918,0.971250829741524,0.963802392378195,0.9490657271152321,0.923926037068196,0.840274217559745,0.57867216577976,0.4867698429387079
0.756826987957422,0.8751102547078891,0.906312843979787,0.921515942144081,0.934559375703147,0.9453532709813242,0.9537736246439971,0.959736078950211,0.9669056380351592,0.9732211405685809,0.978389599424844,0.983314516829199,0.9871118750072231,0.990923631706762,0.9942496853480709,0.996692673081717,0.998739621080636,1.0,0.998897308744746,0.9971037016003291,0.994946796584789,0.992568660149028,0.989247213691745,0.9855798003826409,0.9811100466649159,0.9754294171495849,0.968391091174935,0.954672879505247,0.930578358256971,0.8482091688454629,0.587386600928177,0.494543730747051
0.746219319429055,0.8659677638398109,0.898654956116342,0.914191881616796,0.9279176204415,0.938868373801826,0.947785797604778,0.9540505409338321,0.961598412891489,0.9683478299247541,0.973976899161867,0.979223689119917,0.983495947129408,0.987861154821855,0.9916682685031809,0.9945453872921659,0.9970741993526541,0.998897308744746,1.0,0.998834053419109,0.997217155106754,0.99512978380059,0.9923562625917421,0.9890040019973141,0.9848117644504429,0.979560884129848,0.972718373015523,0.9598912708636491,0.9365840508245391,0.8560672765844549,0.5941135559134351,0.5033526959739529
0.73525688986009,0.856730778019357,0.890540085848774,0.906646712522742,0.9208445916397621,0.932274054908133,0.9413580946429742,0.948016024135594,0.956011080084044,0.9630849078455341,0.9691357410075991,0.97481869233891,0.979527190355172,0.9842963571810821,0.988502780933321,0.9917615074502909,0.9947300134236421,0.9971037016003291,0.998834053419109,1.0,0.9988741383061379,0.9972497326369999,0.9948543046573021,0.991899761364481,0.9882630334525371,0.9833671035608951,0.976912441088913,0.9648063734965551,0.942173778872777,0.8631775184110141,0.6017282277793471,0.5152413634126479
0.7248036060292271,0.847609391414935,0.8820600896804209,0.898674118461062,0.913277020968919,0.92517215443242,0.9348950345052759,0.941999582002739,0.9506108987591049,0.9580524264453,0.96430637723851,0.970281446783855,0.975479816698331,0.980608977304187,0.9851902494666309,0.98879739400585,0.9921708198281499,0.994946796584789,0.997217155106754,0.9988741383061379,1.0,0.9987966638339959,0.996919343177829,0.994428130099688,0.9911487144987579,0.986794269757674,0.9807277965443559,0.969415545293514,0.9479716472057909,0.8700465965513101,0.605794760344332,0.520060208540618
0.715824357690587,0.8385101611770458,0.873928758093147,0.891031540535497,0.9063410596750171,0.9186754438365509,0.9288502739923521,0.936325558793323,0.945297978440624,0.9531074136595871,0.9595098502998578,0.9658608129707881,0.97140373791006,0.97673383753157,0.981742550077343,0.985651220716133,0.9894678379678009,0.992568660149028,0.99512978380059,0.9972497326369999,0.9987966638339959,1.0,0.9987023458940699,0.9967553065724909,0.9939702574475979,0.990021295222874,0.9845505947509091,0.974204564142476,0.9543177652068341,0.8780477484301791,0.613736860094445,0.5308836523532371
0.7034481991753461,0.827456709371577,0.863678292000725,0.881628881288832,0.897464391034316,0.9101015893102091,0.9209222095622709,0.928845581687828,0.9382976884478141,0.946516854130499,0.9532603301774891,0.9601004035202941,0.9660719700112459,0.9719730508231941,0.9774570514492928,0.981760635729205,0.9858117023843249,0.989247213691745,0.9923562625917421,0.9948543046573021,0.996919343177829,0.9987023458940699,1.0,0.998626352686885,0.9965142391357149,0.9931392442305179,0.988336458715742,0.9789019733460079,0.9605385237786991,0.8858688684076992,0.623650768853051,0.540419159453333
0.691295296990114,0.8162586532255129,0.8537099731337009,0.8722912985913379,0.888803137710189,0.9021859246231079,0.91374231474587,0.922191125724437,0.93187940042972,0.940374739493258,0.947412240629184,0.9544827060145329,0.960798957778139,0.96697618454253,0.972839036557879,0.977392539162172,0.9819248944453349,0.9855798003826409,0.9890040019973141,0.991899761364481,0.994428130099688,0.9967553065724909,0.998626352686885,1.0,0.99836954799422,0.995696991162971,0.99151310241649,0.9826628565654041,0.965076960813649,0.889932418191461,0.629508480048033,0.549272928287057
0.678277752894537,0.80455494226091,0.8428255387595621,0.8619979188153242,0.879470126772637,0.89329869719152,0.904978084941846,0.913817884451487,0.9240592406992121,0.9330573164689309,0.940221691058404,0.9476788804045809,0.954407903317097,0.9608941718224729,0.967241891991383,0.972167773010336,0.977043992858918,0.9811100466649159,0.9848117644504429,0.9882630334525371,0.9911487144987579,0.9939702574475979,0.9965142391357149,0.99836954799422,1.0,0.9979449926758431,0.9945918437289158,0.9868939142089541,0.9707872251647242,0.899012166047508,0.638200216406859,0.556985821927294
0.664987403291919,0.7919792423023109,0.830302040482803,0.850375223436655,0.868607662606332,0.8827541707152571,0.895320854724606,0.904670050674885,0.915438313738413,0.92482772961926,0.9322797787194441,0.940251310748193,0.947347564961873,0.954071119033553,0.960752513166098,0.9658650897596399,0.971250829741524,0.9754294171495849,0.979560884129848,0.9833671035608951,0.986794269757674,0.990021295222874,0.9931392442305179,0.995696991162971,0.9979449926758431,1.0,0.99741296869837,0.9899483273175791,0.9752160697154529,0.903322781409139,0.6426925009278921,0.5710737001782971
0.647695327457098,0.7757055327825451,0.8150540763985391,0.835931962622797,0.855035479861996,0.8700124011569379,0.88288053233384,0.8923733021735799,0.903449191917422,0.913477061018256,0.9215067113279078,0.929959986739661,0.9374063504865771,0.9445953614690079,0.951944793178609,0.9576789855012141,0.963802392378195,0.968391091174935,0.972718373015523,0.976912441088913,0.9807277965443559,0.9845505947509091,0.988336458715742,0.99151310241649,0.9945918437289158,0.99741296869837,1.0,0.994331683703719,0.9814561305982809,0.913864126219058,0.656384790627197,0.5825294474710739
0.616966370676432,0.74635325298453,0.787232637468413,0.8086252208321569,0.8289004541665491,0.8442781677651371,0.8576745821865078,0.868359203197269,0.880611100931312,0.89227208050252,0.9011847488138629,0.910206379140242,0.9184155613612559,0.9262175227402979,0.9350898158981559,0.9419345012423059,0.9490657271152321,0.954672879505247,0.9598912708636491,0.9648063734965551,0.969415545293514,0.974204564142476,0.9789019733460079,0.9826628565654041,0.9868939142089541,0.9899483273175791,0.994331683703719,1.0,0.9927383023688879,0.9435699392775729,0.685105214438509,0.6024890542889261
0.580829334809802,0.70845988990454,0.75016418688136,0.77182944166555,0.793712170010869,0.809612332196304,0.823572062824782,0.8348605227945942,0.847906291842295,0.8610229630650659,0.870269020774285,0.88019918378515,0.8890629731025,0.8975366070591949,0.9078115553179871,0.9161243875334201,0.923926037068196,0.930578358256971,0.9365840508245391,0.942173778872777,0.9479716472057909,0.9543177652068341,0.9605385237786991,0.965076960813649,0.9707872251647242,0.9752160697154529,0.9814561305982809,0.9927383023688879,1.0,0.965084242202657,0.7082575187812309,0.619574492218839
0.488362299930515,0.610688567299907,0.653525165290235,0.673804921975937,0.696917680636884,0.71198398840103,0.724991082981527,0.7371788367154549,0.751587515386092,0.76773745559469,0.7782700675409749,0.789507481907906,0.7990014954222429,0.808369938173891,0.822091913450162,0.8321105179047491,0.840274217559745,0.8482091688454629,0.8560672765844549,0.8631775184110141,0.8700465965513101,0.8780477484301791,0.8858688684076992,0.889932418191461,0.899012166047508,0.903322781409139,0.913864126219058,0.9435699392775729,0.965084242202657,1.0,0.776934404275845,0.639017626975551
0.298967379357146,0.38173889793181703,0.41939969562986107,0.430213930232118,0.45097212525903396,0.462352568962428,0.46975405400462,0.48381207793934206,0.49337842328520204,0.508890691954468,0.521206191639046,0.531326534617111,0.539544485099932,0.551379385469869,0.563921938901031,0.5741913656220611,0.57867216577976,0.587386600928177,0.5941135559134351,0.6017282277793471,0.605794760344332,0.613736860094445,0.623650768853051,0.629508480048033,0.638200216406859,0.6426925009278921,0.656384790627197,0.685105214438509,0.7082575187812309,0.776934404275845,1.0,0.6800012878001129
0.17448297005965802,0.268714180622042,0.308286902634588,0.323403311250768,0.344052691590076,0.35830316018510205,0.369649269777795,0.37905062394816497,0.394738918720325,0.411665135286173,0.424164633559524,0.43116939974104396,0.44200213429950497,0.452400484870378,0.467887402709288,0.4784739878115779,0.4867698429387079,0.494543730747051,0.5033526959739529,0.5152413634126479,0.520060208540618,0.5308836523532371,0.540419159453333,0.549272928287057,0.556985821927294,0.5710737001782971,0.5825294474710739,0.6024890542889261,0.619574492218839,0.639017626975551,0.6800012878001129,1.0
