1.0,0.7141263474581371,0.649372122327885,0.6081118164359721,0.597717601259346,0.5715528075275961,0.546124563573299,0.538468421715281,0.5234629447503549,0.507772889921,0.48767133471989,0.477087931655801,0.462382223857894,0.451452768892844,0.43722480666788205,0.42894956256022104,0.41908347218835496,0.41081314613624104,0.398119279769865,0.385535830217757,0.36862135542957797,0.35231099383012504,0.340767399366406,0.322716560595581,0.30805888241116197,0.27924224601432696,0.24160256461532398,0.207387590427274,0.153716499875965,0.131238612406126,0.0811176108530224,0.0252000140786612
0.7141263474581371,1.0,0.9419590496650021,0.9097559524017291,0.8909703872051311,0.867851364263975,0.847870001561203,0.8373484579348192,0.8223072039271401,0.8111378078548409,0.7964128630309391,0.7845906067982499,0.7708786044746071,0.7616759870641621,0.748559269653438,0.739881372938357,0.728257523926332,0.7195195596930111,0.707600592783376,0.6981356343727919,0.676450036009015,0.660761841337292,0.643887918620192,0.6256251244935389,0.606037882632391,0.575957161709643,0.538592215233927,0.4973414325997721,0.39401960240024997,0.315380193712417,0.209786198161036,0.14580444328600303
0.649372122327885,0.9419590496650021,1.0,0.971052554015034,0.955172390681751,0.9369867503155,0.9186282178934542,0.9056659280867909,0.893593618432246,0.8831626481470171,0.870606054598771,0.8612314350790021,0.849007637150972,0.8405400057879271,0.8301475459465849,0.820778333984662,0.8092134919908158,0.800315894912516,0.786379066826947,0.7783853824545649,0.760400290109954,0.7472314447116091,0.7302226297172021,0.712029202510381,0.694676362223464,0.663500509849899,0.623403300489722,0.5791453262474531,0.459616330390573,0.368736006581986,0.243498891702432,0.185498788157966
0.6081118164359721,0.9097559524017291,0.971052554015034,1.0,0.9830571542097659,0.9676327020629001,0.950874486730019,0.9401710420951809,0.928892562036847,0.9175377028128259,0.9058966903799359,0.89639232049141,0.8856311011272041,0.877536597093954,0.8670807502483749,0.856293527168749,0.8443603089469379,0.8350477114545021,0.8200015999821051,0.812367555004027,0.79870562396474,0.7855112191303081,0.7698206910091371,0.751522055231848,0.733221868668087,0.7021433172777879,0.663873374840516,0.615685919050615,0.484562304451265,0.3869438796481521,0.246440315476337,0.200526102310771
0.597717601259346,0.8909703872051311,0.955172390681751,0.9830571542097659,1.0,0.984287479174611,0.9689971946807591,0.957012467567547,0.945662510378255,0.9355833109522049,0.9224534406764651,0.9138312663189692,0.9034031754755101,0.8967272699764259,0.885805175343847,0.8750353399054781,0.8628553126811229,0.8530593413690799,0.8386235090055479,0.831507277263586,0.8189631268398,0.804687295291763,0.7885785348358059,0.770784538641486,0.750280374766727,0.7190211262502291,0.682349781655073,0.6339397999901739,0.5004947913762771,0.40039521990022997,0.257675530216532,0.210699224714522
0.5715528075275961,0.867851364263975,0.9369867503155,0.9676327020629001,0.984287479174611,1.0,0.9873683501418321,0.976124645424701,0.9653239418846059,0.954968374282038,0.942230801983009,0.9350428842317259,0.9245377079716759,0.9179560857209591,0.9085258407693979,0.899300876622448,0.8879796876826871,0.8782650327672941,0.8659692657642231,0.8580404950909499,0.8459235682089609,0.832708917992586,0.8166095757419559,0.7983925814243481,0.7784190867425892,0.747648773141006,0.709766591646788,0.664344927920536,0.5279062663222199,0.421622516042533,0.270991957308362,0.21759789041557603
0.546124563573299,0.847870001561203,0.9186282178934542,0.950874486730019,0.9689971946807591,0.9873683501418321,1.0,0.9900661943615829,0.9811597963764341,0.9713847785037201,0.9605857664777,0.9535993384911821,0.944210791823515,0.937285232507841,0.928386575854421,0.9199654393830079,0.909850420132912,0.901238110973136,0.8907351679272639,0.883529418174663,0.872936877195788,0.8616913922888599,0.8476745323850791,0.830137429136225,0.81124785977827,0.781615037081735,0.743554260519812,0.6981436476878039,0.5603428760672441,0.44850219730870894,0.28834117065626697,0.23154257742297502
0.538468421715281,0.8373484579348192,0.9056659280867909,0.9401710420951809,0.957012467567547,0.976124645424701,0.9900661943615829,1.0,0.992556303926287,0.983222075833838,0.973308693704582,0.9660872234754171,0.956780015973156,0.95043055040804,0.942115843496218,0.9348427117534159,0.925723612093076,0.917494329854075,0.9069987608760709,0.899608766789463,0.8894743491621229,0.879172020729409,0.8663514830183441,0.849053234053361,0.8314160500358659,0.8029911880279821,0.766325722484428,0.7221065554199441,0.580459771217749,0.46483349338948293,0.298197827659528,0.241872313945451
0.5234629447503549,0.8223072039271401,0.893593618432246,0.928892562036847,0.945662510378255,0.9653239418846059,0.9811597963764341,0.992556303926287,1.0,0.991830427660495,0.9830065305926559,0.975496245288388,0.9670384859252809,0.960722193601543,0.9528051368297601,0.9456841796247,0.9368995501754621,0.9288092415064159,0.918419776876467,0.911399684057321,0.9022362481479781,0.892835240386808,0.8805601659289791,0.863975202955948,0.846384651366778,0.820084004341457,0.7850031233095841,0.742165106940782,0.6025496400427671,0.48518462826521896,0.31852376956376,0.25366935703258703
0.507772889921,0.8111378078548409,0.8831626481470171,0.9175377028128259,0.9355833109522049,0.954968374282038,0.9713847785037201,0.983222075833838,0.991830427660495,1.0,0.992911580433266,0.9853609449496129,0.9777891630757171,0.9712750295270459,0.963183759140843,0.9557036117293539,0.948132047561872,0.939593764851405,0.929652818761801,0.9225622871191421,0.914333656815287,0.9050284265702142,0.89287519255963,0.877362092604173,0.8595071716320891,0.8335940182656769,0.8006717012964549,0.7586549439138891,0.61597192358505,0.4979958633398379,0.333527090785698,0.274165907757685
0.48767133471989,0.7964128630309391,0.870606054598771,0.9058966903799359,0.9224534406764651,0.942230801983009,0.9605857664777,0.973308693704582,0.9830065305926559,0.992911580433266,1.0,0.993615655739975,0.986781468395434,0.980032477634348,0.972975251680405,0.966309786801275,0.959755643155272,0.9512481255960409,0.942589614614997,0.936072780905284,0.929157882821126,0.9205115790229209,0.909320584273448,0.8951354303540879,0.878345577376103,0.853737919508004,0.8229577504024391,0.7813170292554399,0.6392171180095411,0.5214572360679479,0.35515317317535794,0.29125377940958397
0.477087931655801,0.7845906067982499,0.8612314350790021,0.89639232049141,0.9138312663189692,0.9350428842317259,0.9535993384911821,0.9660872234754171,0.975496245288388,0.9853609449496129,0.993615655739975,1.0,0.993361745182802,0.9872377954002499,0.9804090725836571,0.9741974011523341,0.967851373947337,0.9598667032603809,0.951560803998327,0.945351335594524,0.938377966905227,0.929430576722773,0.9177268840334519,0.9037540770400531,0.887305333052955,0.862435546473783,0.8312835065519151,0.7911998081510491,0.6466268087729691,0.527888234399562,0.36552343566205797,0.300086439965149
0.462382223857894,0.7708786044746071,0.849007637150972,0.8856311011272041,0.9034031754755101,0.9245377079716759,0.944210791823515,0.956780015973156,0.9670384859252809,0.9777891630757171,0.986781468395434,0.993361745182802,1.0,0.9947519349633759,0.9891632189753801,0.983192457171386,0.9772377132209599,0.970297849846185,0.962096499701837,0.9566491605663722,0.9491896016874279,0.940520809464616,0.9295390998167309,0.916665074169866,0.8999133658588779,0.8760573371636609,0.8445275088183071,0.804835401886812,0.6582837798132,0.538120869332076,0.37666876092878004,0.31720811707770197
0.451452768892844,0.7616759870641621,0.8405400057879271,0.877536597093954,0.8967272699764259,0.9179560857209591,0.937285232507841,0.95043055040804,0.960722193601543,0.9712750295270459,0.980032477634348,0.9872377954002499,0.9947519349633759,1.0,0.994988466989637,0.988847871426083,0.9832739795617941,0.976508969754529,0.9686369282099971,0.96319303789763,0.9560935687539309,0.946684394515519,0.936245820187435,0.923743208412845,0.906876000615295,0.8840253633764091,0.8526296377470269,0.8128442240984158,0.6658386745737429,0.5477320860399171,0.387547962055195,0.331582080331451
0.43722480666788205,0.748559269653438,0.8301475459465849,0.8670807502483749,0.885805175343847,0.9085258407693979,0.928386575854421,0.942115843496218,0.9528051368297601,0.963183759140843,0.972975251680405,0.9804090725836571,0.9891632189753801,0.994988466989637,1.0,0.995573277935999,0.990292819033435,0.9839265168485749,0.976520235110226,0.971364120347639,0.9648682564265129,0.9549846786852841,0.9450848131304191,0.93287902776416,0.9167780440129479,0.89458435083894,0.8644348666378,0.825537230306234,0.678131129573164,0.557078210298856,0.39583213209938506,0.33991218448923605
0.42894956256022104,0.739881372938357,0.820778333984662,0.856293527168749,0.8750353399054781,0.899300876622448,0.9199654393830079,0.9348427117534159,0.9456841796247,0.9557036117293539,0.966309786801275,0.9741974011523341,0.983192457171386,0.988847871426083,0.995573277935999,1.0,0.99536421898415,0.9899097623832309,0.982527328989991,0.977630058550486,0.9712072053898929,0.961682295971841,0.9522944552260091,0.9409261074289119,0.9264320858717979,0.904386049706378,0.8759316280740659,0.838660263278358,0.693055582142888,0.571558070961439,0.411163754904214,0.34723019605966193
0.41908347218835496,0.728257523926332,0.8092134919908158,0.8443603089469379,0.8628553126811229,0.8879796876826871,0.909850420132912,0.925723612093076,0.9368995501754621,0.948132047561872,0.959755643155272,0.967851373947337,0.9772377132209599,0.9832739795617941,0.990292819033435,0.99536421898415,1.0,0.9947694922701751,0.988833374256023,0.984138639234433,0.977964782692744,0.9693588460778441,0.959772340980241,0.950134217299878,0.936710642875485,0.915706879149397,0.8872773886546509,0.8513362969605541,0.707761440522783,0.5855344832959661,0.42152567709695293,0.35192233926533506
0.41081314613624104,0.7195195596930111,0.800315894912516,0.8350477114545021,0.8530593413690799,0.8782650327672941,0.901238110973136,0.917494329854075,0.9288092415064159,0.939593764851405,0.9512481255960409,0.9598667032603809,0.970297849846185,0.976508969754529,0.9839265168485749,0.9899097623832309,0.9947694922701751,1.0,0.994401964275759,0.990012689981101,0.9837063037352181,0.9758841746765808,0.96686991128774,0.957312329279431,0.945008088240739,0.924836526515493,0.8976165494847758,0.862075391781509,0.7169030142019291,0.593801594188947,0.423035747702557,0.35453742041464203
0.398119279769865,0.707600592783376,0.786379066826947,0.8200015999821051,0.8386235090055479,0.8659692657642231,0.8907351679272639,0.9069987608760709,0.918419776876467,0.929652818761801,0.942589614614997,0.951560803998327,0.962096499701837,0.9686369282099971,0.976520235110226,0.982527328989991,0.988833374256023,0.994401964275759,1.0,0.995289794052876,0.9891181356323381,0.981772638418777,0.9738123343810269,0.9647213901728701,0.95293705213301,0.933117345586008,0.9067156492904979,0.872578154324442,0.7322832304293909,0.61186150585808,0.439241402685688,0.3608214202978
0.385535830217757,0.6981356343727919,0.7783853824545649,0.812367555004027,0.831507277263586,0.8580404950909499,0.883529418174663,0.899608766789463,0.911399684057321,0.9225622871191421,0.936072780905284,0.945351335594524,0.9566491605663722,0.96319303789763,0.971364120347639,0.977630058550486,0.984138639234433,0.990012689981101,0.995289794052876,1.0,0.993751359305725,0.986645502340073,0.9786506152089159,0.9706306351308821,0.9590045972558141,0.9401743209871259,0.9151878554273809,0.8815377446413399,0.7428783975379459,0.624628850410453,0.448331730070413,0.375149344713748
0.36862135542957797,0.676450036009015,0.760400290109954,0.79870562396474,0.8189631268398,0.8459235682089609,0.872936877195788,0.8894743491621229,0.9022362481479781,0.914333656815287,0.929157882821126,0.938377966905227,0.9491896016874279,0.9560935687539309,0.9648682564265129,0.9712072053898929,0.977964782692744,0.9837063037352181,0.9891181356323381,0.993751359305725,1.0,0.9935736290625191,0.986089905540178,0.9779895157899101,0.966151478931547,0.948041515480859,0.926382256691082,0.893968785829487,0.757926888453162,0.637872202290147,0.464450632510255,0.38248469789376
0.35231099383012504,0.660761841337292,0.7472314447116091,0.7855112191303081,0.804687295291763,0.832708917992586,0.8616913922888599,0.879172020729409,0.892835240386808,0.9050284265702142,0.9205115790229209,0.929430576722773,0.940520809464616,0.946684394515519,0.9549846786852841,0.961682295971841,0.9693588460778441,0.9758841746765808,0.981772638418777,0.986645502340073,0.9935736290625191,1.0,0.9936029606968841,0.9862975765798969,0.976213705567593,0.9593746344074758,0.938735588341822,0.907908523480479,0.7736686930294859,0.655030566915425,0.47777772381436995,0.393616842105834
0.340767399366406,0.643887918620192,0.7302226297172021,0.7698206910091371,0.7885785348358059,0.8166095757419559,0.8476745323850791,0.8663514830183441,0.8805601659289791,0.89287519255963,0.909320584273448,0.9177268840334519,0.9295390998167309,0.936245820187435,0.9450848131304191,0.9522944552260091,0.959772340980241,0.96686991128774,0.9738123343810269,0.9786506152089159,0.986089905540178,0.9936029606968841,1.0,0.993222536273073,0.984698302345835,0.969641117484082,0.947937999353451,0.9191419028582449,0.7877249148121709,0.6692186461325771,0.489377877200481,0.407578026993135
0.322716560595581,0.6256251244935389,0.712029202510381,0.751522055231848,0.770784538641486,0.7983925814243481,0.830137429136225,0.849053234053361,0.863975202955948,0.877362092604173,0.8951354303540879,0.9037540770400531,0.916665074169866,0.923743208412845,0.93287902776416,0.9409261074289119,0.950134217299878,0.957312329279431,0.9647213901728701,0.9706306351308821,0.9779895157899101,0.9862975765798969,0.993222536273073,1.0,0.9920669548039039,0.9782413495147709,0.957323056317588,0.9272974974549301,0.795747023386187,0.681202552809202,0.49661449335332,0.417542385795469
0.30805888241116197,0.606037882632391,0.694676362223464,0.733221868668087,0.750280374766727,0.7784190867425892,0.81124785977827,0.8314160500358659,0.846384651366778,0.8595071716320891,0.878345577376103,0.887305333052955,0.8999133658588779,0.906876000615295,0.9167780440129479,0.9264320858717979,0.936710642875485,0.945008088240739,0.95293705213301,0.9590045972558141,0.966151478931547,0.976213705567593,0.984698302345835,0.9920669548039039,1.0,0.989216155366289,0.9689247537389591,0.9427553709254191,0.8237491505821609,0.7138694338036691,0.531096339252081,0.43637507420550703
0.27924224601432696,0.575957161709643,0.663500509849899,0.7021433172777879,0.7190211262502291,0.747648773141006,0.781615037081735,0.8029911880279821,0.820084004341457,0.8335940182656769,0.853737919508004,0.862435546473783,0.8760573371636609,0.8840253633764091,0.89458435083894,0.904386049706378,0.915706879149397,0.924836526515493,0.933117345586008,0.9401743209871259,0.948041515480859,0.9593746344074758,0.969641117484082,0.9782413495147709,0.989216155366289,1.0,0.9825488513536,0.9595196274354779,0.852767978068476,0.7436649131068441,0.5588900677958349,0.45861207708315505
0.24160256461532398,0.538592215233927,0.623403300489722,0.663873374840516,0.682349781655073,0.709766591646788,0.743554260519812,0.766325722484428,0.7850031233095841,0.8006717012964549,0.8229577504024391,0.8312835065519151,0.8445275088183071,0.8526296377470269,0.8644348666378,0.8759316280740659,0.8872773886546509,0.8976165494847758,0.9067156492904979,0.9151878554273809,0.926382256691082,0.938735588341822,0.947937999353451,0.957323056317588,0.9689247537389591,0.9825488513536,1.0,0.9794754300613141,0.874666803334928,0.769603927183511,0.5721539192059271,0.484219204317275
0.207387590427274,0.4973414325997721,0.5791453262474531,0.615685919050615,0.6339397999901739,0.664344927920536,0.6981436476878039,0.7221065554199441,0.742165106940782,0.7586549439138891,0.7813170292554399,0.7911998081510491,0.804835401886812,0.8128442240984158,0.825537230306234,0.838660263278358,0.8513362969605541,0.862075391781509,0.872578154324442,0.8815377446413399,0.893968785829487,0.907908523480479,0.9191419028582449,0.9272974974549301,0.9427553709254191,0.9595196274354779,0.9794754300613141,1.0,0.9177149883614899,0.812040538288017,0.622074744458979,0.499391332205865
0.153716499875965,0.39401960240024997,0.459616330390573,0.484562304451265,0.5004947913762771,0.5279062663222199,0.5603428760672441,0.580459771217749,0.6025496400427671,0.61597192358505,0.6392171180095411,0.6466268087729691,0.6582837798132,0.6658386745737429,0.678131129573164,0.693055582142888,0.707761440522783,0.7169030142019291,0.7322832304293909,0.7428783975379459,0.757926888453162,0.7736686930294859,0.7877249148121709,0.795747023386187,0.8237491505821609,0.852767978068476,0.874666803334928,0.9177149883614899,1.0,0.9318327368652131,0.7684161566082179,0.520708619781983
0.131238612406126,0.315380193712417,0.368736006581986,0.3869438796481521,0.40039521990022997,0.421622516042533,0.44850219730870894,0.46483349338948293,0.48518462826521896,0.4979958633398379,0.5214572360679479,0.527888234399562,0.538120869332076,0.5477320860399171,0.557078210298856,0.571558070961439,0.5855344832959661,0.593801594188947,0.61186150585808,0.624628850410453,0.637872202290147,0.655030566915425,0.6692186461325771,0.681202552809202,0.7138694338036691,0.7436649131068441,0.769603927183511,0.812040538288017,0.9318327368652131,1.0,0.8359927114731729,0.588758442447864
0.0811176108530224,0.209786198161036,0.243498891702432,0.246440315476337,0.257675530216532,0.270991957308362,0.28834117065626697,0.298197827659528,0.31852376956376,0.333527090785698,0.35515317317535794,0.36552343566205797,0.37666876092878004,0.387547962055195,0.39583213209938506,0.411163754904214,0.42152567709695293,0.423035747702557,0.439241402685688,0.448331730070413,0.464450632510255,0.47777772381436995,0.489377877200481,0.49661449335332,0.531096339252081,0.5588900677958349,0.5721539192059271,0.622074744458979,0.7684161566082179,0.8359927114731729,1.0,0.6349419620919889
0.0252000140786612,0.14580444328600303,0.185498788157966,0.200526102310771,0.210699224714522,0.21759789041557603,0.23154257742297502,0.241872313945451,0.25366935703258703,0.274165907757685,0.29125377940958397,0.300086439965149,0.31720811707770197,0.331582080331451,0.33991218448923605,0.34723019605966193,0.35192233926533506,0.35453742041464203,0.3608214202978,0.375149344713748,0.38248469789376,0.393616842105834,0.407578026993135,0.417542385795469,0.43637507420550703,0.45861207708315505,0.484219204317275,0.499391332205865,0.520708619781983,0.588758442447864,0.6349419620919889,1.0
