1.0,0.7353684145312489,0.670920407711739,0.62630782938984,0.5784686375376881,0.559194564468385,0.5380887940624529,0.521580193553975,0.5215994450258661,0.512564764890167,0.507821066326981,0.488892835817056,0.482060127511128,0.471214014922608,0.46626244122221394,0.45674527642923707,0.442728075563759,0.43608983091050996,0.431154393751639,0.421403574501141,0.416250885302372,0.40863787969775395,0.39315139023933704,0.386129080944483,0.3771683408297589,0.35689119824166904,0.33715010224913394,0.311497785284174,0.270695973878697,0.20271212660201102,0.0518782770515026,0.0892838562558523
0.7353684145312489,1.0,0.9327097259739959,0.890951065497372,0.8506227870874108,0.826511580977343,0.800524385487722,0.7865120619556709,0.780816218581607,0.770615527977558,0.759680369932649,0.748094150483018,0.73934866194171,0.723015807604657,0.714425657291527,0.702108164019143,0.686211635056748,0.6748513552592479,0.670915714438468,0.656614066488818,0.648860576035657,0.6448517853849239,0.6329300311976679,0.6211010231683571,0.6089478318879411,0.586973613091153,0.5614750555610439,0.527754753053811,0.461981796325854,0.344637745111593,0.11514054803647698,0.0564909444815194
0.670920407711739,0.9327097259739959,1.0,0.9632488893213191,0.9314970596391771,0.908207259814333,0.8858887330720929,0.8733984327176321,0.865208198488293,0.8510438615524342,0.8413962387763589,0.8265560663148159,0.8167311627548921,0.7996004717192622,0.7916569028189759,0.7799275162897791,0.7655413179888481,0.7548941298631421,0.7492152944618,0.736319366791851,0.7292340289242479,0.725039922189843,0.7139401698391409,0.6988480712376129,0.686809947123221,0.6646399629772429,0.634025653521427,0.600569199258883,0.526076455288299,0.39533198770029,0.140033149476828,0.0471671770106773
0.62630782938984,0.890951065497372,0.9632488893213191,1.0,0.972033308336885,0.949241009402522,0.929167579626271,0.9146135575413861,0.904624789602647,0.890265560621216,0.8813697112527611,0.866228934171456,0.856464123043861,0.8398588469386851,0.8309406369340359,0.8162600915008791,0.8026177811123609,0.790986443656124,0.785324470024903,0.771913344982811,0.764899871136007,0.757703891413241,0.7455720468085749,0.731070704037582,0.7200123261250021,0.698384230973783,0.666620883410025,0.6323072140568579,0.557323707078197,0.416976597864673,0.155879674030479,0.0461150888611205
0.5784686375376881,0.8506227870874108,0.9314970596391771,0.972033308336885,1.0,0.979876851526567,0.9619432735917951,0.947721851601287,0.9375597046032241,0.924371758619722,0.913623869354891,0.8986668320435179,0.889936658237514,0.8734223991732779,0.8629306553558191,0.849150632498353,0.8379534740517449,0.8282801678029491,0.819806748820813,0.808007404002318,0.802591480225015,0.797274203842264,0.7869931057936179,0.770557929384402,0.757394648240508,0.7339532718084,0.7013893538664261,0.6685699016117471,0.590139304407225,0.450756100137003,0.18391776588301897,0.0396557526786885
0.559194564468385,0.826511580977343,0.908207259814333,0.949241009402522,0.979876851526567,1.0,0.985433187042919,0.970403731460389,0.9598434213612621,0.948348587728866,0.9363128940323879,0.9212379703894972,0.911918698540736,0.8946413865584871,0.8819635678055351,0.868735066499415,0.8566799343934591,0.8477077057016759,0.840786631976864,0.830081354785018,0.82526938622063,0.8198475401964599,0.8119987930388699,0.797120259978125,0.782747190947571,0.758946532714205,0.7272433086209961,0.6928857329818601,0.618657521907568,0.48231692825644895,0.21394871207104899,0.0232173743455425
0.5380887940624529,0.800524385487722,0.8858887330720929,0.929167579626271,0.9619432735917951,0.985433187042919,1.0,0.986934649979238,0.9757092620944979,0.9641506491452908,0.951598951522785,0.9379114527012891,0.9287946630512209,0.911924537718667,0.8990466212270899,0.884957830581867,0.872128184230347,0.8632954217282041,0.8572154911129771,0.847767850274065,0.8425027633490001,0.8383767800857399,0.8300215861059479,0.8156360598269542,0.801089344576813,0.778667080495439,0.747773535682303,0.71224581734274,0.634698568149875,0.49732458623304704,0.23308939177102,0.00255327965813795
0.521580193553975,0.7865120619556709,0.8733984327176321,0.9146135575413861,0.947721851601287,0.970403731460389,0.986934649979238,1.0,0.9893115828124809,0.9767441682162561,0.9633623954157959,0.950766002457889,0.941679010054399,0.925660157229561,0.91374406682243,0.900637419012427,0.8887539214938779,0.8800019795105591,0.874037459062085,0.8654546440234742,0.8589958275493079,0.8537906556182591,0.8453446423467891,0.8334689077319009,0.8188364530983501,0.7988907581451459,0.7677972217126329,0.7312788133304059,0.656379012296923,0.516456953929997,0.245436401647918,0.0005134356144841731
0.5215994450258661,0.780816218581607,0.865208198488293,0.904624789602647,0.9375597046032241,0.9598434213612621,0.9757092620944979,0.9893115828124809,1.0,0.9889978188691321,0.975862299227063,0.964428976740434,0.954916553389173,0.9397161976153771,0.927839903645099,0.914513360020477,0.9036289439225881,0.8952162133008221,0.88960519487004,0.8814652425342441,0.874141785796596,0.867858533990755,0.8596477787188751,0.848588492350861,0.834803783150275,0.8166638319314209,0.7851351389353051,0.7511379103127711,0.677161603707825,0.53641522856105,0.256933344103899,0.0159210625355118
0.512564764890167,0.770615527977558,0.8510438615524342,0.890265560621216,0.924371758619722,0.948348587728866,0.9641506491452908,0.9767441682162561,0.9889978188691321,1.0,0.990668908530059,0.979326558644036,0.9697818164680458,0.9548691896027891,0.941655866125288,0.9280854918260358,0.917066141598769,0.9085265346342472,0.903620653862907,0.8948412209486541,0.887614493629376,0.882259095725614,0.874527911649383,0.8633660730214301,0.849435568093783,0.830100697137488,0.799143274181055,0.764809823759927,0.691460999486017,0.5472597095065049,0.262804647859835,0.0376582518785671
0.507821066326981,0.759680369932649,0.8413962387763589,0.8813697112527611,0.913623869354891,0.9363128940323879,0.951598951522785,0.9633623954157959,0.975862299227063,0.990668908530059,1.0,0.9905239872503699,0.9810578418679671,0.9651182856029491,0.95208475999188,0.9381155389154449,0.927486572925236,0.9183653127996351,0.9137896283436591,0.9052355914523821,0.8974914971520351,0.892671352346178,0.8851705286477449,0.8741128842086999,0.861292238410998,0.8422196994375859,0.8114061569866191,0.7770984338952359,0.7017167870893729,0.5521163797368001,0.271162320305474,0.0456019289925591
0.488892835817056,0.748094150483018,0.8265560663148159,0.866228934171456,0.8986668320435179,0.9212379703894972,0.9379114527012891,0.950766002457889,0.964428976740434,0.979326558644036,0.9905239872503699,1.0,0.9928239287523091,0.979379767114014,0.96748414504963,0.9538294175274681,0.943029040923115,0.9340097106195571,0.930087599868592,0.9219120654777769,0.914103943377835,0.9086091056405151,0.902595338073268,0.8925497484510849,0.8797139811421091,0.8621235332546351,0.831751802030371,0.797187453013379,0.720358222355963,0.571393342474882,0.28542783202187894,0.0567008364894185
0.482060127511128,0.73934866194171,0.8167311627548921,0.856464123043861,0.889936658237514,0.911918698540736,0.9287946630512209,0.941679010054399,0.954916553389173,0.9697818164680458,0.9810578418679671,0.9928239287523091,1.0,0.990789572205757,0.9797471034971629,0.966556781068749,0.955369715446831,0.94519064491773,0.9403294429008481,0.9325467043391691,0.9247367756627158,0.9183722958678759,0.912740805247103,0.9026873928777529,0.889425515422533,0.8709798586796941,0.840118723972578,0.8038193957285731,0.729175311116013,0.579079551468383,0.29160429166461105,0.0629399770303384
0.471214014922608,0.723015807604657,0.7996004717192622,0.8398588469386851,0.8734223991732779,0.8946413865584871,0.911924537718667,0.925660157229561,0.9397161976153771,0.9548691896027891,0.9651182856029491,0.979379767114014,0.990789572205757,1.0,0.9919017394091,0.9805534680382149,0.96978912514149,0.959179403837506,0.9533787033010199,0.946093239076541,0.9380469440261758,0.931346065547611,0.926686811413181,0.915946481808805,0.901957302077619,0.884384413267873,0.853124251028935,0.8175242655833,0.7451620601939781,0.590783624490073,0.299136727882373,0.0683689402900751
0.46626244122221394,0.714425657291527,0.7916569028189759,0.8309406369340359,0.8629306553558191,0.8819635678055351,0.8990466212270899,0.91374406682243,0.927839903645099,0.941655866125288,0.95208475999188,0.96748414504963,0.9797471034971629,0.9919017394091,1.0,0.991506138666698,0.9824960640990341,0.97262932048087,0.96592194131689,0.958636518429858,0.949604602369473,0.9417069823803329,0.936584092672472,0.926408681923766,0.911049733779445,0.8940532926783851,0.8661217683368699,0.8310856502303441,0.7600263878977659,0.606806806668474,0.306334836434761,0.0788695148642943
0.45674527642923707,0.702108164019143,0.7799275162897791,0.8162600915008791,0.849150632498353,0.868735066499415,0.884957830581867,0.900637419012427,0.914513360020477,0.9280854918260358,0.9381155389154449,0.9538294175274681,0.966556781068749,0.9805534680382149,0.991506138666698,1.0,0.993849585131121,0.9845137141483259,0.977009258383005,0.9700071088626211,0.959467210932559,0.9510267693857679,0.9459011569611,0.9363528416883041,0.921523721630183,0.904572412966196,0.877647705092193,0.844057629034505,0.775749048424228,0.621760559778766,0.311399969843114,0.0960301271492933
0.442728075563759,0.686211635056748,0.7655413179888481,0.8026177811123609,0.8379534740517449,0.8566799343934591,0.872128184230347,0.8887539214938779,0.9036289439225881,0.917066141598769,0.927486572925236,0.943029040923115,0.955369715446831,0.96978912514149,0.9824960640990341,0.993849585131121,1.0,0.992525181158365,0.9837481913877751,0.9771349047479642,0.9676411182297991,0.9591331602803771,0.9541605068916391,0.94511188581156,0.930511761141295,0.913435121706397,0.887749795858362,0.855346727745765,0.788851085010909,0.6371890046281761,0.321798725754341,0.10559802254668599
0.43608983091050996,0.6748513552592479,0.7548941298631421,0.790986443656124,0.8282801678029491,0.8477077057016759,0.8632954217282041,0.8800019795105591,0.8952162133008221,0.9085265346342472,0.9183653127996351,0.9340097106195571,0.94519064491773,0.959179403837506,0.97262932048087,0.9845137141483259,0.992525181158365,1.0,0.9922139026629759,0.984977776228338,0.974857477618924,0.9660342817903009,0.960672313052766,0.9513529772687159,0.9374709733353651,0.9221708492132691,0.8976181083936171,0.8646757615172741,0.7968884100853559,0.6454276202698079,0.330403525237833,0.11577815970839302
0.431154393751639,0.670915714438468,0.7492152944618,0.785324470024903,0.819806748820813,0.840786631976864,0.8572154911129771,0.874037459062085,0.88960519487004,0.903620653862907,0.9137896283436591,0.930087599868592,0.9403294429008481,0.9533787033010199,0.96592194131689,0.977009258383005,0.9837481913877751,0.9922139026629759,1.0,0.9937315601153259,0.9837961256522779,0.974709504840787,0.968599947374038,0.9594738224180259,0.946366144126274,0.9314608096315748,0.9079451728673901,0.875680792773664,0.810279372935817,0.6626974548236121,0.34066433144930697,0.131439432898001
0.421403574501141,0.656614066488818,0.736319366791851,0.771913344982811,0.808007404002318,0.830081354785018,0.847767850274065,0.8654546440234742,0.8814652425342441,0.8948412209486541,0.9052355914523821,0.9219120654777769,0.9325467043391691,0.946093239076541,0.958636518429858,0.9700071088626211,0.9771349047479642,0.984977776228338,0.9937315601153259,1.0,0.992070482360898,0.98371681477651,0.9775866370388531,0.9686855027787521,0.9553629730477209,0.940665129596853,0.9184501892144941,0.8880828353198941,0.8252806713960141,0.677739344733349,0.355786335807981,0.143208521312681
0.416250885302372,0.648860576035657,0.7292340289242479,0.764899871136007,0.802591480225015,0.82526938622063,0.8425027633490001,0.8589958275493079,0.874141785796596,0.887614493629376,0.8974914971520351,0.914103943377835,0.9247367756627158,0.9380469440261758,0.949604602369473,0.959467210932559,0.9676411182297991,0.974857477618924,0.9837961256522779,0.992070482360898,1.0,0.9926455511280659,0.9852346095978549,0.975068353609277,0.961840655663688,0.9470059029046841,0.926344100354088,0.8968234349015131,0.836273346580739,0.690317989415389,0.3663174922014099,0.15066761942309803
0.40863787969775395,0.6448517853849239,0.725039922189843,0.757703891413241,0.797274203842264,0.8198475401964599,0.8383767800857399,0.8537906556182591,0.867858533990755,0.882259095725614,0.892671352346178,0.9086091056405151,0.9183722958678759,0.931346065547611,0.9417069823803329,0.9510267693857679,0.9591331602803771,0.9660342817903009,0.974709504840787,0.98371681477651,0.9926455511280659,1.0,0.9922349816302221,0.9818113375861179,0.9682407775703391,0.953277895728231,0.932392761173993,0.903729755278829,0.84191751154996,0.6928468563463039,0.36908014379586496,0.157046105849529
0.39315139023933704,0.6329300311976679,0.7139401698391409,0.7455720468085749,0.7869931057936179,0.8119987930388699,0.8300215861059479,0.8453446423467891,0.8596477787188751,0.874527911649383,0.8851705286477449,0.902595338073268,0.912740805247103,0.926686811413181,0.936584092672472,0.9459011569611,0.9541605068916391,0.960672313052766,0.968599947374038,0.9775866370388531,0.9852346095978549,0.9922349816302221,1.0,0.9907703821416809,0.977804268137294,0.9625090387419051,0.9413966126743131,0.9133131316604441,0.8516114014350219,0.7021115730567511,0.378648783161752,0.16012697885733898
0.386129080944483,0.6211010231683571,0.6988480712376129,0.731070704037582,0.770557929384402,0.797120259978125,0.8156360598269542,0.8334689077319009,0.848588492350861,0.8633660730214301,0.8741128842086999,0.8925497484510849,0.9026873928777529,0.915946481808805,0.926408681923766,0.9363528416883041,0.94511188581156,0.9513529772687159,0.9594738224180259,0.9686855027787521,0.975068353609277,0.9818113375861179,0.9907703821416809,1.0,0.9888872894407049,0.973020109515343,0.9534880306184742,0.9266894945639409,0.86856075910116,0.723071869101713,0.39870382030740203,0.16990146918582502
0.3771683408297589,0.6089478318879411,0.686809947123221,0.7200123261250021,0.757394648240508,0.782747190947571,0.801089344576813,0.8188364530983501,0.834803783150275,0.849435568093783,0.861292238410998,0.8797139811421091,0.889425515422533,0.901957302077619,0.911049733779445,0.921523721630183,0.930511761141295,0.9374709733353651,0.946366144126274,0.9553629730477209,0.961840655663688,0.9682407775703391,0.977804268137294,0.9888872894407049,1.0,0.98535379895179,0.967780594273175,0.9407704410340941,0.8827873831099821,0.741170819388968,0.417302524754169,0.177986144355415
0.35689119824166904,0.586973613091153,0.6646399629772429,0.698384230973783,0.7339532718084,0.758946532714205,0.778667080495439,0.7988907581451459,0.8166638319314209,0.830100697137488,0.8422196994375859,0.8621235332546351,0.8709798586796941,0.884384413267873,0.8940532926783851,0.904572412966196,0.913435121706397,0.9221708492132691,0.9314608096315748,0.940665129596853,0.9470059029046841,0.953277895728231,0.9625090387419051,0.973020109515343,0.98535379895179,1.0,0.983393758570259,0.957193313885477,0.902034120181327,0.7683701993967371,0.441147720188525,0.193873177186837
0.33715010224913394,0.5614750555610439,0.634025653521427,0.666620883410025,0.7013893538664261,0.7272433086209961,0.747773535682303,0.7677972217126329,0.7851351389353051,0.799143274181055,0.8114061569866191,0.831751802030371,0.840118723972578,0.853124251028935,0.8661217683368699,0.877647705092193,0.887749795858362,0.8976181083936171,0.9079451728673901,0.9184501892144941,0.926344100354088,0.932392761173993,0.9413966126743131,0.9534880306184742,0.967780594273175,0.983393758570259,1.0,0.9800037814727021,0.926939094232147,0.798908089684737,0.478236214572507,0.22470659097882398
0.311497785284174,0.527754753053811,0.600569199258883,0.6323072140568579,0.6685699016117471,0.6928857329818601,0.71224581734274,0.7312788133304059,0.7511379103127711,0.764809823759927,0.7770984338952359,0.797187453013379,0.8038193957285731,0.8175242655833,0.8310856502303441,0.844057629034505,0.855346727745765,0.8646757615172741,0.875680792773664,0.8880828353198941,0.8968234349015131,0.903729755278829,0.9133131316604441,0.9266894945639409,0.9407704410340941,0.957193313885477,0.9800037814727021,1.0,0.9535800721704699,0.831369374773478,0.514498668236466,0.257522566717035
0.270695973878697,0.461981796325854,0.526076455288299,0.557323707078197,0.590139304407225,0.618657521907568,0.634698568149875,0.656379012296923,0.677161603707825,0.691460999486017,0.7017167870893729,0.720358222355963,0.729175311116013,0.7451620601939781,0.7600263878977659,0.775749048424228,0.788851085010909,0.7968884100853559,0.810279372935817,0.8252806713960141,0.836273346580739,0.84191751154996,0.8516114014350219,0.86856075910116,0.8827873831099821,0.902034120181327,0.926939094232147,0.9535800721704699,1.0,0.908625524813343,0.591314338149961,0.322746187569042
0.20271212660201102,0.344637745111593,0.39533198770029,0.416976597864673,0.450756100137003,0.48231692825644895,0.49732458623304704,0.516456953929997,0.53641522856105,0.5472597095065049,0.5521163797368001,0.571393342474882,0.579079551468383,0.590783624490073,0.606806806668474,0.621760559778766,0.6371890046281761,0.6454276202698079,0.6626974548236121,0.677739344733349,0.690317989415389,0.6928468563463039,0.7021115730567511,0.723071869101713,0.741170819388968,0.7683701993967371,0.798908089684737,0.831369374773478,0.908625524813343,1.0,0.7583121065763109,0.389468874784933
0.0518782770515026,0.11514054803647698,0.140033149476828,0.155879674030479,0.18391776588301897,0.21394871207104899,0.23308939177102,0.245436401647918,0.256933344103899,0.262804647859835,0.271162320305474,0.28542783202187894,0.29160429166461105,0.299136727882373,0.306334836434761,0.311399969843114,0.321798725754341,0.330403525237833,0.34066433144930697,0.355786335807981,0.3663174922014099,0.36908014379586496,0.378648783161752,0.39870382030740203,0.417302524754169,0.441147720188525,0.478236214572507,0.514498668236466,0.591314338149961,0.7583121065763109,1.0,0.493214067784433
0.0892838562558523,0.0564909444815194,0.0471671770106773,0.0461150888611205,0.0396557526786885,0.0232173743455425,0.00255327965813795,0.0005134356144841731,0.0159210625355118,0.0376582518785671,0.0456019289925591,0.0567008364894185,0.0629399770303384,0.0683689402900751,0.0788695148642943,0.0960301271492933,0.10559802254668599,0.11577815970839302,0.131439432898001,0.143208521312681,0.15066761942309803,0.157046105849529,0.16012697885733898,0.16990146918582502,0.177986144355415,0.193873177186837,0.22470659097882398,0.257522566717035,0.322746187569042,0.389468874784933,0.493214067784433,1.0
