1.0,0.8613901017622819,0.8131789508110641,0.7777859601317879,0.745076825496953,0.707832955690023,0.6602721093919971,0.628826270411405,0.591607626498964,0.5524424852267789,0.52702958743447,0.491648197902605,0.456467259625445,0.421732347613983,0.37569535040463203,0.34447939860769206,0.31908172560094705,0.28338322274069605,0.25468621600636704,0.22687595224391396,0.194781237058342,0.17063648027681,0.13444755056577398,0.0964590302854762,0.0662690389524707,0.0343674505578961,0.0114452363934924,0.0597107658301294,0.11369521368454302,0.10768154478911598,0.11172010525725,0.067411470652906
0.8613901017622819,1.0,0.953384838797019,0.9136531969173421,0.890209267892465,0.852301497940516,0.8191208467444109,0.7912386548074392,0.756616168490333,0.717937578303859,0.689819635780773,0.657524564873766,0.617571329222028,0.5854916597192329,0.54087697185999,0.5083073863587879,0.483701268875161,0.44595235275546097,0.413999423196034,0.3819687199493329,0.34938943170594,0.326135892581825,0.287773824234972,0.248428256821138,0.21255624395397,0.173511179443352,0.126434896542614,0.0665846705371146,0.0148717487546506,0.0602982623813427,0.0965277591762109,0.0625652449833647
0.8131789508110641,0.953384838797019,1.0,0.9677160851640959,0.9435052195479,0.9108724341195129,0.881074266797062,0.8529659026764391,0.8195044012311429,0.783622059262965,0.7576833141212159,0.7283444164149091,0.692292984382733,0.662790192511433,0.619770957028319,0.588062965082529,0.563592820722287,0.526605441345502,0.49502744306723995,0.4625431366646429,0.430810129364159,0.40896110979294503,0.370724779952809,0.332035890358258,0.297040034682529,0.25501205250614395,0.20800108036040602,0.14469922154759,0.0481359596425987,0.0185617411568618,0.06951902957817199,0.0231087324162202
0.7777859601317879,0.9136531969173421,0.9677160851640959,1.0,0.9841029853169351,0.9601967879315171,0.937035800550808,0.9144111785310459,0.887954204441063,0.86063162690411,0.8395973532804759,0.8139796343996359,0.782771414184425,0.753194953956585,0.713323832249348,0.683152192249449,0.658686036416072,0.624082317263826,0.594775094321305,0.5629885661191739,0.5336845762957921,0.511468247381689,0.476066029683568,0.43468712026939704,0.39989878109783894,0.35821092944196203,0.302678360172544,0.22675403461825303,0.11000341273553099,0.0215100868113919,0.0509398965894311,0.0010713022485684
0.745076825496953,0.890209267892465,0.9435052195479,0.9841029853169351,1.0,0.985199288006176,0.9636444420427459,0.944253521751162,0.92148721567699,0.8972711965249058,0.876893965822098,0.852552402081461,0.821711216063527,0.792920959337991,0.754789978389904,0.72515824176054,0.701760353838183,0.668784635358989,0.6410071829416851,0.610589413578374,0.581874164501458,0.560015131831518,0.525753109757995,0.48265967111176,0.44741363208035295,0.40521371418426594,0.346818555252395,0.26670944899873605,0.142750956002596,0.0450546167540228,0.0250021971314381,0.0175752236192376
0.707832955690023,0.852301497940516,0.9108724341195129,0.9601967879315171,0.985199288006176,1.0,0.9865069274888649,0.971163639582925,0.952069542312356,0.9319331582924271,0.913768524759388,0.892324776768308,0.8627720846738071,0.8375693915767058,0.8031314884995571,0.77542527900518,0.752618238779718,0.7234525978164179,0.697163991728506,0.668162153212334,0.642854299571712,0.621808984768447,0.589002111435587,0.545957937791093,0.509747754320244,0.46624289681872705,0.40443821456523404,0.319129148328778,0.187834746955494,0.0702884556732782,0.00239796934381413,0.0480147887992012
0.6602721093919971,0.8191208467444109,0.881074266797062,0.937035800550808,0.9636444420427459,0.9865069274888649,1.0,0.9898770685988879,0.9749204708605028,0.9585590048024509,0.9428322167358572,0.9227192087993391,0.898476094082943,0.87678072593224,0.847762144899479,0.8229553425719359,0.8019869070657719,0.7752335805099009,0.7503996379249929,0.721816099834055,0.6989566481892959,0.679168475743866,0.6485254964759151,0.608543674240125,0.574145295635552,0.530549978423937,0.47022171988700606,0.382174279087081,0.247771311701633,0.11499256465269901,0.0372974773392062,0.076205778242483
0.628826270411405,0.7912386548074392,0.8529659026764391,0.9144111785310459,0.944253521751162,0.971163639582925,0.9898770685988879,1.0,0.9898626215619771,0.976179378578747,0.9627729756814809,0.9449306054965341,0.9230595370743281,0.902591970806613,0.876266650653739,0.853200739085598,0.834221494037386,0.809479596445255,0.785054593638788,0.7590185029984791,0.7379535848223071,0.7188819303879671,0.6897427253031899,0.651394209777139,0.617183386880224,0.573987801820018,0.512231726871151,0.42297871398043296,0.284689926489712,0.137502590880464,0.0553322599707014,0.0885445979189932
0.591607626498964,0.756616168490333,0.8195044012311429,0.887954204441063,0.92148721567699,0.952069542312356,0.9749204708605028,0.9898626215619771,1.0,0.9924025114673969,0.982077545449601,0.968006057889156,0.9498024618248241,0.931654025724017,0.909016418241231,0.8887489812251429,0.871906547269734,0.849258012229241,0.8268013982547628,0.8032916123570479,0.7836954542532121,0.7649944397858779,0.737301400106952,0.698908326052708,0.66587921465921,0.6228056382478311,0.5585990557682801,0.46479780132443604,0.316871081501366,0.15768022338774,0.0685296099162961,0.0962731721209918
0.5524424852267789,0.717937578303859,0.783622059262965,0.86063162690411,0.8972711965249058,0.9319331582924271,0.9585590048024509,0.976179378578747,0.9924025114673969,1.0,0.9943995581252522,0.983340750208913,0.968795062418648,0.9535924330141109,0.9345444167536759,0.9163829905991491,0.900955306151323,0.879525630364022,0.8601585841295409,0.8386151495230721,0.8214009616032251,0.8045656235251508,0.778561990628667,0.7410233770434721,0.709875019687645,0.6679607410865711,0.602684278077077,0.510109875916652,0.361358236909818,0.19556476423765498,0.0984061395036699,0.11775693447571199
0.52702958743447,0.689819635780773,0.7576833141212159,0.8395973532804759,0.876893965822098,0.913768524759388,0.9428322167358572,0.9627729756814809,0.982077545449601,0.9943995581252522,1.0,0.992716257078376,0.981189108079572,0.968003679487682,0.950556713593501,0.9342109918573,0.9202730270245899,0.900344287001448,0.881995708805988,0.861921134045316,0.8456897303829191,0.8296153457468299,0.804747847330398,0.7689179025007451,0.7389026171524571,0.6986654529253801,0.6338340146279661,0.539220012175601,0.38617876359934705,0.213664996056811,0.11386124548324,0.135184313890375
0.491648197902605,0.657524564873766,0.7283444164149091,0.8139796343996359,0.852552402081461,0.892324776768308,0.9227192087993391,0.9449306054965341,0.968006057889156,0.983340750208913,0.992716257078376,1.0,0.992037223758128,0.9809661026588149,0.966069578124594,0.952506822248241,0.939976135065435,0.9230881310310369,0.9065191690796229,0.888052379083381,0.8725387340234441,0.8580797607746958,0.8349769599714381,0.801929461387033,0.7729249425267869,0.7337916976929499,0.670940214570327,0.575893623882765,0.41931877141904295,0.234139639898175,0.127657453576072,0.14756617582587697
0.456467259625445,0.617571329222028,0.692292984382733,0.782771414184425,0.821711216063527,0.8627720846738071,0.898476094082943,0.9230595370743281,0.9498024618248241,0.968795062418648,0.981189108079572,0.992037223758128,1.0,0.9932413519421841,0.983142581776322,0.971486640153785,0.961325555200731,0.9460122737931991,0.9318179391385899,0.91541395201397,0.9012543970985,0.8887597297864359,0.867663260975302,0.836520822353535,0.8112426652120159,0.7728218354057079,0.7124487229694,0.615012382168182,0.455640864092339,0.259209885113498,0.144665900102858,0.158650935431908
0.421732347613983,0.5854916597192329,0.662790192511433,0.753194953956585,0.792920959337991,0.8375693915767058,0.87678072593224,0.902591970806613,0.931654025724017,0.9535924330141109,0.968003679487682,0.9809661026588149,0.9932413519421841,1.0,0.994024714548077,0.9838401040016029,0.975426054931273,0.9625671838307379,0.950700672457825,0.9362604436259321,0.9234268375664849,0.912208450662034,0.8915880764286558,0.863220094505245,0.839567553609537,0.8034440349178392,0.7440509846794209,0.6471734508983029,0.4918004895169771,0.28756285953907595,0.16410387697310097,0.17584059226801999
0.37569535040463203,0.54087697185999,0.619770957028319,0.713323832249348,0.754789978389904,0.8031314884995571,0.847762144899479,0.876266650653739,0.909016418241231,0.9345444167536759,0.950556713593501,0.966069578124594,0.983142581776322,0.994024714548077,1.0,0.99453558380897,0.988234976608745,0.977784244472926,0.967536623756876,0.954846450865491,0.9446840857785881,0.935546093686577,0.918346726693978,0.89288173040566,0.8721629485133009,0.8357285839745601,0.779744672291134,0.6843924836219419,0.5233534988264339,0.30523490494815503,0.17934035659171105,0.18836464037618103
0.34447939860769206,0.5083073863587879,0.588062965082529,0.683152192249449,0.72515824176054,0.77542527900518,0.8229553425719359,0.853200739085598,0.8887489812251429,0.9163829905991491,0.9342109918573,0.952506822248241,0.971486640153785,0.9838401040016029,0.99453558380897,1.0,0.9958604756878591,0.9874132289335,0.978245932761793,0.9665958164747879,0.9581074536639541,0.9495021015791559,0.934713078396248,0.9117982827186629,0.8918897834719101,0.8568041421138349,0.803754302079445,0.710730965143535,0.5465953654290929,0.320551863329853,0.190817439660577,0.20076851173220703
0.31908172560094705,0.483701268875161,0.563592820722287,0.658686036416072,0.701760353838183,0.752618238779718,0.8019869070657719,0.834221494037386,0.871906547269734,0.900955306151323,0.9202730270245899,0.939976135065435,0.961325555200731,0.975426054931273,0.988234976608745,0.9958604756878591,1.0,0.994044897467095,0.9860555203127409,0.975683662628979,0.9685540028320541,0.960011240092488,0.945759164986289,0.9252317911051491,0.9067826845789551,0.8727197405582641,0.8210322500363341,0.7276040818292099,0.561539362903616,0.33016016109804,0.203519286984994,0.210446854055255
0.28338322274069605,0.44595235275546097,0.526605441345502,0.624082317263826,0.668784635358989,0.7234525978164179,0.7752335805099009,0.809479596445255,0.849258012229241,0.879525630364022,0.900344287001448,0.9230881310310369,0.9460122737931991,0.9625671838307379,0.977784244472926,0.9874132289335,0.994044897467095,1.0,0.994632648234721,0.986309460291663,0.9798926561589709,0.972806504821212,0.9599000546161209,0.9404738057050459,0.92259442760645,0.8892298950402421,0.838793182456391,0.7452618127141128,0.577895820788732,0.337858782166162,0.213422539451451,0.22107080503773
0.25468621600636704,0.413999423196034,0.49502744306723995,0.594775094321305,0.6410071829416851,0.697163991728506,0.7503996379249929,0.785054593638788,0.8268013982547628,0.8601585841295409,0.881995708805988,0.9065191690796229,0.9318179391385899,0.950700672457825,0.967536623756876,0.978245932761793,0.9860555203127409,0.994632648234721,1.0,0.994714332256162,0.9887377792211841,0.9830223594618241,0.9721957091200408,0.9554136438373899,0.9392433324081229,0.909178125210862,0.860665837298285,0.770546102320527,0.60524260230141,0.36191690243079605,0.237371057897224,0.240659779683627
0.22687595224391396,0.3819687199493329,0.4625431366646429,0.5629885661191739,0.610589413578374,0.668162153212334,0.721816099834055,0.7590185029984791,0.8032916123570479,0.8386151495230721,0.861921134045316,0.888052379083381,0.91541395201397,0.9362604436259321,0.954846450865491,0.9665958164747879,0.975683662628979,0.986309460291663,0.994714332256162,1.0,0.994986489643763,0.9896656814854771,0.9796980487489209,0.964740114053892,0.949895566465794,0.9204363573261329,0.872491409936083,0.78357133067665,0.6193493374346021,0.3716992133055779,0.252828673945719,0.250908412564607
0.194781237058342,0.34938943170594,0.430810129364159,0.5336845762957921,0.581874164501458,0.642854299571712,0.6989566481892959,0.7379535848223071,0.7836954542532121,0.8214009616032251,0.8456897303829191,0.8725387340234441,0.9012543970985,0.9234268375664849,0.9446840857785881,0.9581074536639541,0.9685540028320541,0.9798926561589709,0.9887377792211841,0.994986489643763,1.0,0.994849818588957,0.9860073562079731,0.972743141789586,0.95940024593972,0.931439718302351,0.885690120902999,0.7992396446148199,0.641839487545335,0.394234392030796,0.27374698542799497,0.268209933888765
0.17063648027681,0.326135892581825,0.40896110979294503,0.511468247381689,0.560015131831518,0.621808984768447,0.679168475743866,0.7188819303879671,0.7649944397858779,0.8045656235251508,0.8296153457468299,0.8580797607746958,0.8887597297864359,0.912208450662034,0.935546093686577,0.9495021015791559,0.960011240092488,0.972806504821212,0.9830223594618241,0.9896656814854771,0.994849818588957,1.0,0.99410480097948,0.982894433527032,0.9717976050885799,0.9466056859026909,0.903940410177161,0.8217095472327621,0.6663468637287521,0.412473939733116,0.29093501951171,0.281479004089146
0.13444755056577398,0.287773824234972,0.370724779952809,0.476066029683568,0.525753109757995,0.589002111435587,0.6485254964759151,0.6897427253031899,0.737301400106952,0.778561990628667,0.804747847330398,0.8349769599714381,0.867663260975302,0.8915880764286558,0.918346726693978,0.934713078396248,0.945759164986289,0.9599000546161209,0.9721957091200408,0.9796980487489209,0.9860073562079731,0.99410480097948,1.0,0.9922066559359219,0.982157307372928,0.9590583635289041,0.918684902446097,0.840814165242941,0.683201652128492,0.42409105209941794,0.303748818834292,0.29516213317635304
0.0964590302854762,0.248428256821138,0.332035890358258,0.43468712026939704,0.48265967111176,0.545957937791093,0.608543674240125,0.651394209777139,0.698908326052708,0.7410233770434721,0.7689179025007451,0.801929461387033,0.836520822353535,0.863220094505245,0.89288173040566,0.9117982827186629,0.9252317911051491,0.9404738057050459,0.9554136438373899,0.964740114053892,0.972743141789586,0.982894433527032,0.9922066559359219,1.0,0.992838162146717,0.97451560502739,0.942021474642871,0.8695862965656279,0.7133897498878691,0.460348784578042,0.33761882345055,0.319061380642164
0.0662690389524707,0.21255624395397,0.297040034682529,0.39989878109783894,0.44741363208035295,0.509747754320244,0.574145295635552,0.617183386880224,0.66587921465921,0.709875019687645,0.7389026171524571,0.7729249425267869,0.8112426652120159,0.839567553609537,0.8721629485133009,0.8918897834719101,0.9067826845789551,0.92259442760645,0.9392433324081229,0.949895566465794,0.95940024593972,0.9717976050885799,0.982157307372928,0.992838162146717,1.0,0.98690337394399,0.958783129817152,0.8927871727863629,0.7424831981350369,0.491904304491885,0.36614498067158296,0.336520145292816
0.0343674505578961,0.173511179443352,0.25501205250614395,0.35821092944196203,0.40521371418426594,0.46624289681872705,0.530549978423937,0.573987801820018,0.6228056382478311,0.6679607410865711,0.6986654529253801,0.7337916976929499,0.7728218354057079,0.8034440349178392,0.8357285839745601,0.8568041421138349,0.8727197405582641,0.8892298950402421,0.909178125210862,0.9204363573261329,0.931439718302351,0.9466056859026909,0.9590583635289041,0.97451560502739,0.98690337394399,1.0,0.9812060639704899,0.9278316488107958,0.793323685184823,0.5536485465189059,0.426014899670128,0.377187334895294
0.0114452363934924,0.126434896542614,0.20800108036040602,0.302678360172544,0.346818555252395,0.40443821456523404,0.47022171988700606,0.512231726871151,0.5585990557682801,0.602684278077077,0.6338340146279661,0.670940214570327,0.7124487229694,0.7440509846794209,0.779744672291134,0.803754302079445,0.8210322500363341,0.838793182456391,0.860665837298285,0.872491409936083,0.885690120902999,0.903940410177161,0.918684902446097,0.942021474642871,0.958783129817152,0.9812060639704899,1.0,0.9657553843146809,0.8408134629904459,0.6002271158170172,0.47026018396822705,0.41034249119401
0.0597107658301294,0.0665846705371146,0.14469922154759,0.22675403461825303,0.26670944899873605,0.319129148328778,0.382174279087081,0.42297871398043296,0.46479780132443604,0.510109875916652,0.539220012175601,0.575893623882765,0.615012382168182,0.6471734508983029,0.6843924836219419,0.710730965143535,0.7276040818292099,0.7452618127141128,0.770546102320527,0.78357133067665,0.7992396446148199,0.8217095472327621,0.840814165242941,0.8695862965656279,0.8927871727863629,0.9278316488107958,0.9657553843146809,1.0,0.921580306296106,0.7188369595401801,0.576373808773633,0.48286114009049996
0.11369521368454302,0.0148717487546506,0.0481359596425987,0.11000341273553099,0.142750956002596,0.187834746955494,0.247771311701633,0.284689926489712,0.316871081501366,0.361358236909818,0.38617876359934705,0.41931877141904295,0.455640864092339,0.4918004895169771,0.5233534988264339,0.5465953654290929,0.561539362903616,0.577895820788732,0.60524260230141,0.6193493374346021,0.641839487545335,0.6663468637287521,0.683201652128492,0.7133897498878691,0.7424831981350369,0.793323685184823,0.8408134629904459,0.921580306296106,1.0,0.846716214177893,0.698710460610114,0.5544455802638291
0.10768154478911598,0.0602982623813427,0.0185617411568618,0.0215100868113919,0.0450546167540228,0.0702884556732782,0.11499256465269901,0.137502590880464,0.15768022338774,0.19556476423765498,0.213664996056811,0.234139639898175,0.259209885113498,0.28756285953907595,0.30523490494815503,0.320551863329853,0.33016016109804,0.337858782166162,0.36191690243079605,0.3716992133055779,0.394234392030796,0.412473939733116,0.42409105209941794,0.460348784578042,0.491904304491885,0.5536485465189059,0.6002271158170172,0.7188369595401801,0.846716214177893,1.0,0.820711913203105,0.567833641160312
0.11172010525725,0.0965277591762109,0.06951902957817199,0.0509398965894311,0.0250021971314381,0.00239796934381413,0.0372974773392062,0.0553322599707014,0.0685296099162961,0.0984061395036699,0.11386124548324,0.127657453576072,0.144665900102858,0.16410387697310097,0.17934035659171105,0.190817439660577,0.203519286984994,0.213422539451451,0.237371057897224,0.252828673945719,0.27374698542799497,0.29093501951171,0.303748818834292,0.33761882345055,0.36614498067158296,0.426014899670128,0.47026018396822705,0.576373808773633,0.698710460610114,0.820711913203105,1.0,0.6953009469560839
0.067411470652906,0.0625652449833647,0.0231087324162202,0.0010713022485684,0.0175752236192376,0.0480147887992012,0.076205778242483,0.0885445979189932,0.0962731721209918,0.11775693447571199,0.135184313890375,0.14756617582587697,0.158650935431908,0.17584059226801999,0.18836464037618103,0.20076851173220703,0.210446854055255,0.22107080503773,0.240659779683627,0.250908412564607,0.268209933888765,0.281479004089146,0.29516213317635304,0.319061380642164,0.336520145292816,0.377187334895294,0.41034249119401,0.48286114009049996,0.5544455802638291,0.567833641160312,0.6953009469560839,1.0
