1.0,0.893773606407893,0.8488074395840891,0.8216612668369592,0.776187835773774,0.7533368371594209,0.7306419328130409,0.6906873957594889,0.650391480998337,0.614672442215523,0.5628161062018249,0.507871662248344,0.48738863005842104,0.45411766514518104,0.41067098770905,0.34683359377201295,0.260770756988377,0.16952175760683202,0.0895994978922635,0.0345898987622592,0.0257463112181477,0.0705787234336993,0.153576336442509,0.17740339256479,0.19664359856024,0.24324519201263398,0.273401062450748,0.25370037218637,0.24441289334925498,0.187378170350046,0.142581343018952,0.17879370177200898
0.893773606407893,1.0,0.9627842941023991,0.925306504449288,0.8822475905008951,0.856687425367594,0.8249028493609231,0.779348799364246,0.7354955410739631,0.6942173508972341,0.6495004236571049,0.599287892448192,0.5729825325646,0.5366499015510179,0.487454391115509,0.413958953993437,0.31389192423823603,0.210509292453648,0.12568640510414802,0.0684699348174047,0.00577813091504848,0.0352514141411855,0.126350028043963,0.16037550574641102,0.18168910896532503,0.225762283696439,0.254749129787856,0.235702680205542,0.22397474649684102,0.166701299914776,0.116502323063708,0.156957005150948
0.8488074395840891,0.9627842941023991,1.0,0.9660471152987391,0.931153440807983,0.900944290175352,0.8698276249632529,0.8301170082570251,0.7917622345963059,0.754265277270323,0.712505081991425,0.6675927421647161,0.641332112453558,0.605233852268973,0.557099681380797,0.4892233438482279,0.39545655759871706,0.29494988056187393,0.21114537303816502,0.15175998296453902,0.0851518337987748,0.0402381398726389,0.0541453830603666,0.0964984332712418,0.124732278361468,0.171188715412404,0.20645674076043,0.201063983455973,0.19869906097390697,0.14177970412493598,0.0912966034118255,0.150121577656879
0.8216612668369592,0.925306504449288,0.9660471152987391,1.0,0.9707801959293071,0.9417018961020441,0.9133534411862511,0.8801460049387742,0.8480434045584001,0.812736460428146,0.7770315370455692,0.7364026596157901,0.711375535038572,0.675418475523094,0.6331148707678841,0.567526162758734,0.472664306126109,0.370860868757241,0.286294308241303,0.22489728390403402,0.154612764397801,0.10627366007922501,0.004967126879814579,0.0489889517533354,0.0846024161711858,0.133668940043416,0.171395089544845,0.169460987587054,0.16755920527153698,0.109641587110438,0.0780922158345853,0.12380691047286502
0.776187835773774,0.8822475905008951,0.931153440807983,0.9707801959293071,1.0,0.983266024811056,0.9506770081253441,0.917849520161777,0.891289530683125,0.862256275337663,0.832387648341002,0.7928669580012611,0.766906612089687,0.7264247304099319,0.6814465657380079,0.6226343552651379,0.53478674571554,0.43443907623863004,0.349532706621228,0.28204711040518393,0.20703732729010602,0.15404322708084,0.0566713622520531,0.0077720186204552405,0.0299066893061945,0.0776511545422996,0.11603090309230801,0.124793653267366,0.126917046200651,0.0706552932132175,0.0441783633095066,0.108176904770893
0.7533368371594209,0.856687425367594,0.900944290175352,0.9417018961020441,0.983266024811056,1.0,0.983507797054388,0.952185682476336,0.9261617719033108,0.899290815083241,0.8728119302552719,0.834212297847307,0.807834762397013,0.7680411734817791,0.724583084913625,0.668605221724325,0.5840744047937211,0.485566735550753,0.399788790489097,0.327697550739155,0.253550578168426,0.200035694795287,0.10054193664968901,0.0499965611307534,0.0103266097089397,0.0380593288124763,0.0799022293607912,0.0954754093172811,0.0993537018507417,0.0502004659509269,0.0266081908016943,0.0915439514095045
0.7306419328130409,0.8249028493609231,0.8698276249632529,0.9133534411862511,0.9506770081253441,0.983507797054388,1.0,0.9876913313742159,0.9621409557306129,0.9349278954648891,0.909188452375163,0.8725154255648678,0.847858555836264,0.8130377479379142,0.776574510840955,0.724199630910844,0.6469730265269059,0.5585530558130921,0.476405502500294,0.399590723599961,0.32691368940338106,0.27424899398455804,0.16859922107583702,0.11259368483488699,0.0718772075171751,0.0241040237585391,0.0198147536776615,0.0406028750520173,0.0525249912003153,0.0188619172759447,0.0155052931121821,0.0801938272748238
0.6906873957594889,0.779348799364246,0.8301170082570251,0.8801460049387742,0.917849520161777,0.952185682476336,0.9876913313742159,1.0,0.9885976280509591,0.963320093942075,0.9388257958827131,0.904433870893586,0.881990001590473,0.851391453617112,0.8204143763805771,0.774237474193807,0.705876023769494,0.6264982841345121,0.548917033399023,0.469283686589299,0.397927109967927,0.34553212728015303,0.23905901222878304,0.17745263194727398,0.133589492859598,0.0860812214917297,0.0407609127047507,0.0141980768142125,0.00581843659887291,0.0171591307747656,0.004024431155474129,0.056315684500574004
0.650391480998337,0.7354955410739631,0.7917622345963059,0.8480434045584001,0.891289530683125,0.9261617719033108,0.9621409557306129,0.9885976280509591,1.0,0.9881944241899119,0.965107688383859,0.932667515748544,0.911694613959557,0.88374159796555,0.855069876968535,0.8162364253220681,0.755274704615971,0.6795775594115451,0.6045960514268249,0.5240350605858479,0.45374695469328297,0.40012584391583,0.298442812253628,0.231984124445357,0.18282755002829898,0.134964334103777,0.0883218948701815,0.0550150815065591,0.0296908581525307,0.0500482213786139,0.0285921076634588,0.0272420033863266
0.614672442215523,0.6942173508972341,0.754265277270323,0.812736460428146,0.862256275337663,0.899290815083241,0.9349278954648891,0.963320093942075,0.9881944241899119,1.0,0.985389690200869,0.956484988362246,0.9370928949774731,0.9126096474227409,0.8865118431363009,0.853643229706373,0.799072698996319,0.7269744150901899,0.654754478736725,0.575454875535905,0.505637419484009,0.45074710816504204,0.352809968400695,0.28338456539315804,0.230879624223365,0.184469233982674,0.13746302320011802,0.0968427261048612,0.0671101718295546,0.087833614258694,0.054430865746048,0.00895204046405968
0.5628161062018249,0.6495004236571049,0.712505081991425,0.7770315370455692,0.832387648341002,0.8728119302552719,0.909188452375163,0.9388257958827131,0.965107688383859,0.985389690200869,1.0,0.9824055738990269,0.9654451118932041,0.944043858476203,0.919589727961535,0.888126271544918,0.8359786562180941,0.766357357940292,0.6973985833207321,0.6240402648991011,0.5543900119915229,0.5005305902395779,0.401270605694034,0.33002004977197996,0.27609380138746303,0.23107086510035102,0.18260372892770604,0.13508561183984,0.104855590771006,0.132899904398081,0.0932893116573792,0.0181453975484162
0.507871662248344,0.599287892448192,0.6675927421647161,0.7364026596157901,0.7928669580012611,0.834212297847307,0.8725154255648678,0.904433870893586,0.932667515748544,0.956484988362246,0.9824055738990269,1.0,0.987608596410754,0.9709150031530441,0.949865241634056,0.921427549358316,0.874363913431857,0.8108025041678929,0.748299574406508,0.683036945912644,0.6174513871959829,0.5639417901505821,0.466504898376989,0.38743946740892404,0.328043914708402,0.28275932258519104,0.23558171645981302,0.18557927478330802,0.147017565264987,0.176707305934633,0.113678071536596,0.0428737696373524
0.48738863005842104,0.5729825325646,0.641332112453558,0.711375535038572,0.766906612089687,0.807834762397013,0.847858555836264,0.881990001590473,0.911694613959557,0.9370928949774731,0.9654451118932041,0.987608596410754,1.0,0.988028274391253,0.9688110560869629,0.9417969925952371,0.8983598009373921,0.838615078053444,0.7769106232153149,0.711722293357553,0.646738804447391,0.593391131403417,0.49844733916958295,0.418917161143688,0.35878590995737103,0.313834091731519,0.265718958414575,0.212306479456352,0.169927428830591,0.195856709810262,0.13128222935124098,0.0575478365064103
0.45411766514518104,0.5366499015510179,0.605233852268973,0.675418475523094,0.7264247304099319,0.7680411734817791,0.8130377479379142,0.851391453617112,0.88374159796555,0.9126096474227409,0.944043858476203,0.9709150031530441,0.988028274391253,1.0,0.9894243556381279,0.966228321346908,0.9292793345019591,0.8755624904247579,0.8187948797507049,0.76296476644372,0.702584524460987,0.652868179710665,0.5593572271959711,0.47183999389175196,0.40879245263794506,0.366140497624108,0.31777706400045197,0.25903925506097897,0.21161670782143696,0.23383640288877397,0.162644774264767,0.0860226142599309
0.41067098770905,0.487454391115509,0.557099681380797,0.6331148707678841,0.6814465657380079,0.724583084913625,0.776574510840955,0.8204143763805771,0.855069876968535,0.8865118431363009,0.919589727961535,0.949865241634056,0.9688110560869629,0.9894243556381279,1.0,0.989336567533236,0.9589399316047719,0.9120176263549499,0.860586750119109,0.807280365049029,0.751209187005052,0.704143518123817,0.613273754328233,0.5198759567563621,0.45431232672264005,0.4130992985175829,0.36579854635607795,0.30518153136661796,0.252445624155947,0.26976542996731306,0.184988908220506,0.112256533923521
0.34683359377201295,0.413958953993437,0.4892233438482279,0.567526162758734,0.6226343552651379,0.668605221724325,0.724199630910844,0.774237474193807,0.8162364253220681,0.853643229706373,0.888126271544918,0.921427549358316,0.9417969925952371,0.966228321346908,0.989336567533236,1.0,0.9864783700546551,0.9472527516643371,0.902151123488801,0.8510564534020741,0.7993018549080371,0.7538181486486529,0.6714475496544211,0.5751459745678721,0.506871618875985,0.46824213798128395,0.421877684310029,0.35526513591878794,0.296367263538626,0.309012275639678,0.21438378975255604,0.14467681689363598
0.260770756988377,0.31389192423823603,0.39545655759871706,0.472664306126109,0.53478674571554,0.5840744047937211,0.6469730265269059,0.705876023769494,0.755274704615971,0.799072698996319,0.8359786562180941,0.874363913431857,0.8983598009373921,0.9292793345019591,0.9589399316047719,0.9864783700546551,1.0,0.9839403153948499,0.950511879732563,0.904984120906818,0.860372518932054,0.8185465159090041,0.7469424299171701,0.656451168429036,0.589105816804346,0.553612406790865,0.506183576640826,0.429357728097419,0.362341077043413,0.358777101944016,0.249523468568157,0.179391795812172
0.16952175760683202,0.210509292453648,0.29494988056187393,0.370860868757241,0.43443907623863004,0.485566735550753,0.5585530558130921,0.6264982841345121,0.6795775594115451,0.7269744150901899,0.766357357940292,0.8108025041678929,0.838615078053444,0.8755624904247579,0.9120176263549499,0.9472527516643371,0.9839403153948499,1.0,0.987062384835231,0.94751979291527,0.9118492128052521,0.8757922618317671,0.813496582690491,0.731405242508205,0.6671280826041159,0.6346887676771751,0.587109746693781,0.503644028053628,0.429466094305941,0.40268914286414204,0.272128894966896,0.20376873465545103
0.0895994978922635,0.12568640510414802,0.21114537303816502,0.286294308241303,0.349532706621228,0.399788790489097,0.476405502500294,0.548917033399023,0.6045960514268249,0.654754478736725,0.6973985833207321,0.748299574406508,0.7769106232153149,0.8187948797507049,0.860586750119109,0.902151123488801,0.950511879732563,0.987062384835231,1.0,0.976708920740912,0.949177591052932,0.920447345492862,0.867978659358837,0.787467905496181,0.723096798579785,0.694148315284904,0.651180483085098,0.5678968727042351,0.489153017445442,0.4513007077551379,0.298163572078585,0.23368539286660298
0.0345898987622592,0.0684699348174047,0.15175998296453902,0.22489728390403402,0.28204711040518393,0.327697550739155,0.399590723599961,0.469283686589299,0.5240350605858479,0.575454875535905,0.6240402648991011,0.683036945912644,0.711722293357553,0.76296476644372,0.807280365049029,0.8510564534020741,0.904984120906818,0.94751979291527,0.976708920740912,1.0,0.983725041064913,0.966894412441226,0.926795413848448,0.85119544369282,0.787624126034561,0.7623687725772821,0.7270675349414091,0.648095234129118,0.56684945174689,0.535454312305704,0.361759595078424,0.293794649770137
0.0257463112181477,0.00577813091504848,0.0851518337987748,0.154612764397801,0.20703732729010602,0.253550578168426,0.32691368940338106,0.397927109967927,0.45374695469328297,0.505637419484009,0.5543900119915229,0.6174513871959829,0.646738804447391,0.702584524460987,0.751209187005052,0.7993018549080371,0.860372518932054,0.9118492128052521,0.949177591052932,0.983725041064913,1.0,0.987912022599075,0.95877937668626,0.8811588298227679,0.817892735912857,0.795927823590996,0.7652684902329341,0.691407338361962,0.609963105661234,0.571636154090662,0.384244431708325,0.325748367535979
0.0705787234336993,0.0352514141411855,0.0402381398726389,0.10627366007922501,0.15404322708084,0.200035694795287,0.27424899398455804,0.34553212728015303,0.40012584391583,0.45074710816504204,0.5005305902395779,0.5639417901505821,0.593391131403417,0.652868179710665,0.704143518123817,0.7538181486486529,0.8185465159090041,0.8757922618317671,0.920447345492862,0.966894412441226,0.987912022599075,1.0,0.9778921006695391,0.903315985646869,0.8408927035207121,0.821752002333177,0.795455396212271,0.722872537531443,0.641521951185329,0.60503272701863,0.405922711628735,0.34402085072475896
0.153576336442509,0.126350028043963,0.0541453830603666,0.004967126879814579,0.0566713622520531,0.10054193664968901,0.16859922107583702,0.23905901222878304,0.298442812253628,0.352809968400695,0.401270605694034,0.466504898376989,0.49844733916958295,0.5593572271959711,0.613273754328233,0.6714475496544211,0.7469424299171701,0.813496582690491,0.867978659358837,0.926795413848448,0.95877937668626,0.9778921006695391,1.0,0.939351047306133,0.8816585548969791,0.869581137924812,0.8570419052900091,0.799854135012733,0.7196648198600759,0.6739300189073589,0.47938973259034096,0.41554037446218395
0.17740339256479,0.16037550574641102,0.0964984332712418,0.0489889517533354,0.0077720186204552405,0.0499965611307534,0.11259368483488699,0.17745263194727398,0.231984124445357,0.28338456539315804,0.33002004977197996,0.38743946740892404,0.418917161143688,0.47183999389175196,0.5198759567563621,0.5751459745678721,0.656451168429036,0.731405242508205,0.787467905496181,0.85119544369282,0.8811588298227679,0.903315985646869,0.939351047306133,1.0,0.9854297335845309,0.9618330991579741,0.929956462985161,0.8603961386652941,0.800660322883818,0.747953965683008,0.5403084707550551,0.427642531120271
0.19664359856024,0.18168910896532503,0.124732278361468,0.0846024161711858,0.0299066893061945,0.0103266097089397,0.0718772075171751,0.133589492859598,0.18282755002829898,0.230879624223365,0.27609380138746303,0.328043914708402,0.35878590995737103,0.40879245263794506,0.45431232672264005,0.506871618875985,0.589105816804346,0.6671280826041159,0.723096798579785,0.787624126034561,0.817892735912857,0.8408927035207121,0.8816585548969791,0.9854297335845309,1.0,0.987145640575957,0.9548366440746852,0.8830106078169571,0.8333423691314029,0.765372396734852,0.55122593893596,0.418713383300627
0.24324519201263398,0.225762283696439,0.171188715412404,0.133668940043416,0.0776511545422996,0.0380593288124763,0.0241040237585391,0.0860812214917297,0.134964334103777,0.184469233982674,0.23107086510035102,0.28275932258519104,0.313834091731519,0.366140497624108,0.4130992985175829,0.46824213798128395,0.553612406790865,0.6346887676771751,0.694148315284904,0.7623687725772821,0.795927823590996,0.821752002333177,0.869581137924812,0.9618330991579741,0.987145640575957,1.0,0.983743875283528,0.910585589780263,0.8613585862660951,0.7739991134800419,0.545507261361965,0.41525688590914006
0.273401062450748,0.254749129787856,0.20645674076043,0.171395089544845,0.11603090309230801,0.0799022293607912,0.0198147536776615,0.0407609127047507,0.0883218948701815,0.13746302320011802,0.18260372892770604,0.23558171645981302,0.265718958414575,0.31777706400045197,0.36579854635607795,0.421877684310029,0.506183576640826,0.587109746693781,0.651180483085098,0.7270675349414091,0.7652684902329341,0.795455396212271,0.8570419052900091,0.929956462985161,0.9548366440746852,0.983743875283528,1.0,0.9622335954269069,0.913717045141325,0.8168795090480558,0.579171553525366,0.449108809396932
0.25370037218637,0.235702680205542,0.201063983455973,0.169460987587054,0.124793653267366,0.0954754093172811,0.0406028750520173,0.0141980768142125,0.0550150815065591,0.0968427261048612,0.13508561183984,0.18557927478330802,0.212306479456352,0.25903925506097897,0.30518153136661796,0.35526513591878794,0.429357728097419,0.503644028053628,0.5678968727042351,0.648095234129118,0.691407338361962,0.722872537531443,0.799854135012733,0.8603961386652941,0.8830106078169571,0.910585589780263,0.9622335954269069,1.0,0.970738967972879,0.873717594937826,0.6516567197980021,0.511220406414778
0.24441289334925498,0.22397474649684102,0.19869906097390697,0.16755920527153698,0.126917046200651,0.0993537018507417,0.0525249912003153,0.00581843659887291,0.0296908581525307,0.0671101718295546,0.104855590771006,0.147017565264987,0.169927428830591,0.21161670782143696,0.252445624155947,0.296367263538626,0.362341077043413,0.429466094305941,0.489153017445442,0.56684945174689,0.609963105661234,0.641521951185329,0.7196648198600759,0.800660322883818,0.8333423691314029,0.8613585862660951,0.913717045141325,0.970738967972879,1.0,0.9135223841893199,0.696062242534148,0.529895291004048
0.187378170350046,0.166701299914776,0.14177970412493598,0.109641587110438,0.0706552932132175,0.0502004659509269,0.0188619172759447,0.0171591307747656,0.0500482213786139,0.087833614258694,0.132899904398081,0.176707305934633,0.195856709810262,0.23383640288877397,0.26976542996731306,0.309012275639678,0.358777101944016,0.40268914286414204,0.4513007077551379,0.535454312305704,0.571636154090662,0.60503272701863,0.6739300189073589,0.747953965683008,0.765372396734852,0.7739991134800419,0.8168795090480558,0.873717594937826,0.9135223841893199,1.0,0.7765568369794491,0.578731146233547
0.142581343018952,0.116502323063708,0.0912966034118255,0.0780922158345853,0.0441783633095066,0.0266081908016943,0.0155052931121821,0.004024431155474129,0.0285921076634588,0.054430865746048,0.0932893116573792,0.113678071536596,0.13128222935124098,0.162644774264767,0.184988908220506,0.21438378975255604,0.249523468568157,0.272128894966896,0.298163572078585,0.361759595078424,0.384244431708325,0.405922711628735,0.47938973259034096,0.5403084707550551,0.55122593893596,0.545507261361965,0.579171553525366,0.6516567197980021,0.696062242534148,0.7765568369794491,1.0,0.7371466987007141
0.17879370177200898,0.156957005150948,0.150121577656879,0.12380691047286502,0.108176904770893,0.0915439514095045,0.0801938272748238,0.056315684500574004,0.0272420033863266,0.00895204046405968,0.0181453975484162,0.0428737696373524,0.0575478365064103,0.0860226142599309,0.112256533923521,0.14467681689363598,0.179391795812172,0.20376873465545103,0.23368539286660298,0.293794649770137,0.325748367535979,0.34402085072475896,0.41554037446218395,0.427642531120271,0.418713383300627,0.41525688590914006,0.449108809396932,0.511220406414778,0.529895291004048,0.578731146233547,0.7371466987007141,1.0
