1.0,0.8879078113304109,0.856146414060853,0.8338593516693901,0.8175701105649191,0.8021205167491691,0.7904070287147931,0.784701715027744,0.7793812450209929,0.767866505578101,0.7615640745308191,0.747670450609902,0.735228309698562,0.7226236992798579,0.709700596388984,0.6951787745000539,0.688415021287301,0.680242268050275,0.668709510890474,0.657196133084933,0.642541530798269,0.630304608982962,0.619928731720752,0.609772103665395,0.595061185407463,0.579410071577413,0.555831997728143,0.5252322244208171,0.47850724262121996,0.415718452790894,0.2726805634792,0.00614344818219922
0.8879078113304109,1.0,0.9736054167360211,0.9588894821044142,0.946424046246652,0.93585354432393,0.9265577515960891,0.918789171173775,0.9138178156792329,0.907113574531489,0.90006680998572,0.8899202089280159,0.879718751523468,0.868488506862079,0.857457015965876,0.8463986625937701,0.8406565818369681,0.8325983536256459,0.8226226015985391,0.813045269021015,0.802274839590832,0.789717413018505,0.779572653759971,0.7693266033979781,0.756092087865539,0.739524807231718,0.715197960872591,0.6893333174857171,0.645451012038938,0.577822747351636,0.409048581477151,0.113353191817034
0.856146414060853,0.9736054167360211,1.0,0.9882565181635459,0.9783759006326741,0.970419088826768,0.9622282066231659,0.9544249875811469,0.9490281778674209,0.943391726823115,0.9367627769473872,0.9286900338838001,0.9206279957773059,0.910740411346075,0.902657238611745,0.894040978531068,0.888584675728447,0.8814740396896259,0.8726210890748821,0.863939850856705,0.8541495903334059,0.8435548219233442,0.83417544288673,0.82534247042163,0.811612903739645,0.795783688796477,0.7743347588540099,0.7513500102206031,0.708836084137943,0.643613477488474,0.47114303257680296,0.148104305772534
0.8338593516693901,0.9588894821044142,0.9882565181635459,1.0,0.992120216129227,0.98542333556309,0.978256646773871,0.970884395662721,0.96545145102821,0.9601243697262141,0.953878622379718,0.946052077616394,0.93836007754219,0.9295621807883909,0.9232725588973001,0.915483337193863,0.9107612586552439,0.904482500028788,0.8971369658260329,0.8893070472135559,0.880605426889146,0.871089563855267,0.8621595764789979,0.852837247214497,0.8397903935205441,0.8248919866829542,0.8042387015708299,0.781647136839138,0.740887244957539,0.67538892431097,0.497783773544602,0.16370387652642301
0.8175701105649191,0.946424046246652,0.9783759006326741,0.992120216129227,1.0,0.9942852578563129,0.9874623954198479,0.980847890126131,0.975566302645833,0.970668305261818,0.9641119708291371,0.9567842972491241,0.949809796821201,0.941500177889131,0.9353967186388001,0.9277901247231741,0.923650986159852,0.91781952861161,0.9113756221638849,0.904630371021159,0.896889352430665,0.888051816439487,0.8800497571667031,0.870979954627784,0.8580960192932678,0.8435569283539159,0.824106128953319,0.8025145141486908,0.7628989849778021,0.6965157435200949,0.516498343505224,0.178639021107505
0.8021205167491691,0.93585354432393,0.970419088826768,0.98542333556309,0.9942852578563129,1.0,0.9949298797609281,0.9889055385858041,0.983383686499746,0.978267936903625,0.971461710026901,0.9636032869423901,0.956612631579218,0.9487422160429371,0.942811050692326,0.9357501226978159,0.931829223142454,0.925964171081391,0.9199254854000641,0.9137510176640959,0.9061958492997719,0.898146892165715,0.8900999391611222,0.8808837052820719,0.868810533062083,0.854771197139151,0.836067585161924,0.8151724752202522,0.77626601112012,0.70900966382034,0.529993289167585,0.19216830280360397
0.7904070287147931,0.9265577515960891,0.9622282066231659,0.978256646773871,0.9874623954198479,0.9949298797609281,1.0,0.9952401883576791,0.9892652928890121,0.9831353806720481,0.976351976155439,0.96832198874148,0.961301384698477,0.9536686146316071,0.94774027452392,0.941269348423481,0.9373579087161629,0.9322663208464621,0.9272699950583442,0.92149112333231,0.9141911261591851,0.907061644676592,0.8996410795290899,0.890891296623685,0.879370022457682,0.8658065664079889,0.8480245610873471,0.8276360106941999,0.7894768558101559,0.723228972427325,0.545331866809185,0.20973029094857398
0.784701715027744,0.918789171173775,0.9544249875811469,0.970884395662721,0.980847890126131,0.9889055385858041,0.9952401883576791,1.0,0.9956566765478879,0.9898825659420849,0.9827808947616998,0.974636065332337,0.967453361269847,0.959968873233039,0.9537510138874741,0.9469761227270721,0.943115431322405,0.938371565222979,0.933872394129014,0.928343724752012,0.9209800839055319,0.914259026965318,0.9075655483775892,0.899242403856771,0.888534076787186,0.8756990960742329,0.85838310564111,0.837917455478774,0.800760852247606,0.7339703207493791,0.5534271404322081,0.218991642743772
0.7793812450209929,0.9138178156792329,0.9490281778674209,0.96545145102821,0.975566302645833,0.983383686499746,0.9892652928890121,0.9956566765478879,1.0,0.995949838183472,0.9896655417952029,0.981930466958282,0.974803430426622,0.9680112234635121,0.962635636662521,0.956249368035101,0.9526339727040021,0.94789010098156,0.943318165741995,0.938129329094598,0.9312448037995759,0.924834339926244,0.9182926321318551,0.909976033238974,0.899495640453512,0.887141823910117,0.870796462658149,0.8502373307528169,0.813449224181968,0.7467959910031371,0.566883335049899,0.233221590397781
0.767866505578101,0.907113574531489,0.943391726823115,0.9601243697262141,0.970668305261818,0.978267936903625,0.9831353806720481,0.9898825659420849,0.995949838183472,1.0,0.9958473340237701,0.989483955524269,0.9832308713749209,0.976826113396369,0.97196284155239,0.966220487629771,0.9624126719577489,0.957867852634,0.953687088583225,0.9487425173417309,0.942112551635903,0.9358873490719392,0.9298654476339442,0.922292471378977,0.912507930998413,0.9006620885096079,0.884936694520447,0.8649713649858559,0.829489226923133,0.7643807738542929,0.5881502606868211,0.252041706789907
0.7615640745308191,0.90006680998572,0.9367627769473872,0.953878622379718,0.9641119708291371,0.971461710026901,0.976351976155439,0.9827808947616998,0.9896655417952029,0.9958473340237701,1.0,0.9962055312025351,0.990831627357707,0.9852859042556079,0.980268768861168,0.9745718504803051,0.970496247899407,0.966154111758573,0.9621747683367701,0.957207339757205,0.950808057324316,0.944721474468978,0.9385465090783441,0.9310974130714251,0.921866134072985,0.9103794174956129,0.8952305253920602,0.876073646353588,0.8415132666650459,0.775631868504235,0.598980899118286,0.262754732011316
0.747670450609902,0.8899202089280159,0.9286900338838001,0.946052077616394,0.9567842972491241,0.9636032869423901,0.96832198874148,0.974636065332337,0.981930466958282,0.989483955524269,0.9962055312025351,1.0,0.996985351960095,0.9925833219964271,0.9879656649736039,0.9827985170911941,0.9786771070051891,0.9745438276926608,0.97058656273349,0.9657803185499909,0.9597421574941629,0.954007435017637,0.948265159194394,0.9413581498868209,0.9322882328537621,0.9210920456803671,0.9066851817274609,0.8884109067198621,0.8556961800420451,0.7922662752408941,0.6182682166998911,0.28173674724180603
0.735228309698562,0.879718751523468,0.9206279957773059,0.93836007754219,0.949809796821201,0.956612631579218,0.961301384698477,0.967453361269847,0.974803430426622,0.9832308713749209,0.990831627357707,0.996985351960095,1.0,0.9971955829368441,0.9933824268182181,0.98906644004993,0.985326683097605,0.9814528822406631,0.977652148402984,0.973095673970938,0.967325855807897,0.96193495525487,0.956775797824222,0.9499824829119229,0.941162947286558,0.9302018500581289,0.9166036372115359,0.899211771420028,0.8679139724299599,0.806415768690232,0.6342887021307739,0.295126034109982
0.7226236992798579,0.868488506862079,0.910740411346075,0.9295621807883909,0.941500177889131,0.9487422160429371,0.9536686146316071,0.959968873233039,0.9680112234635121,0.976826113396369,0.9852859042556079,0.9925833219964271,0.9971955829368441,1.0,0.997235792136457,0.993670773054122,0.990208995750673,0.986790716575585,0.983127139995954,0.979045457568222,0.9737671092433641,0.9685664881332791,0.9636139066566709,0.9572056069178779,0.9492254351013629,0.938813515478153,0.926166985120353,0.909561702644448,0.8795215750467379,0.819710441187311,0.65038840356837,0.311513393650491
0.709700596388984,0.857457015965876,0.902657238611745,0.9232725588973001,0.9353967186388001,0.942811050692326,0.94774027452392,0.9537510138874741,0.962635636662521,0.97196284155239,0.980268768861168,0.9879656649736039,0.9933824268182181,0.997235792136457,1.0,0.997565966279165,0.994515811023016,0.99161676148606,0.9881104324983171,0.984342727378036,0.9796107611762049,0.974771303243038,0.970178341100965,0.9640812243714879,0.9566641220349771,0.9466254362438291,0.934421643018244,0.9188157039963121,0.89018858033986,0.8322107595669509,0.666249111339763,0.32591733934071304
0.6951787745000539,0.8463986625937701,0.894040978531068,0.915483337193863,0.9277901247231741,0.9357501226978159,0.941269348423481,0.9469761227270721,0.956249368035101,0.966220487629771,0.9745718504803051,0.9827985170911941,0.98906644004993,0.993670773054122,0.997565966279165,1.0,0.997851701862624,0.995182414381523,0.9919769295659899,0.9887013493679241,0.984618497330867,0.979901480378698,0.9755125308792901,0.9697801558822091,0.96299095701568,0.953773633788474,0.941662822328603,0.9271369010469119,0.900145749232929,0.845001793536136,0.6841109067784751,0.345189964772847
0.688415021287301,0.8406565818369681,0.888584675728447,0.9107612586552439,0.923650986159852,0.931829223142454,0.9373579087161629,0.943115431322405,0.9526339727040021,0.9624126719577489,0.970496247899407,0.9786771070051891,0.985326683097605,0.990208995750673,0.994515811023016,0.997851701862624,1.0,0.9979273673120029,0.995130958689724,0.9920119594585849,0.9882244969742251,0.983779446772217,0.9794199339058709,0.973531023481391,0.966838220879992,0.958067700078618,0.946415066565966,0.9322283315529029,0.9059120760886329,0.850827876513178,0.6904846592941051,0.35119256701442303
0.680242268050275,0.8325983536256459,0.8814740396896259,0.904482500028788,0.91781952861161,0.925964171081391,0.9322663208464621,0.938371565222979,0.94789010098156,0.957867852634,0.966154111758573,0.9745438276926608,0.9814528822406631,0.986790716575585,0.99161676148606,0.995182414381523,0.9979273673120029,1.0,0.9977308557100458,0.9949510631631691,0.9914696704845061,0.9874147020262211,0.983428200943913,0.97800870002883,0.9715970037060591,0.9631433655587299,0.9520714247011139,0.938173546783114,0.9124978610059491,0.858856150353409,0.7002470704286711,0.36013427281788396
0.668709510890474,0.8226226015985391,0.8726210890748821,0.8971369658260329,0.9113756221638849,0.9199254854000641,0.9272699950583442,0.933872394129014,0.943318165741995,0.953687088583225,0.9621747683367701,0.97058656273349,0.977652148402984,0.983127139995954,0.9881104324983171,0.9919769295659899,0.995130958689724,0.9977308557100458,1.0,0.997946603457718,0.9949880695318509,0.991569071706876,0.9875766201197231,0.982476780429948,0.9765159978368408,0.9682545853145771,0.9576046462143579,0.9439750482136992,0.919398941289396,0.867361015060223,0.710571706549288,0.369446040934475
0.657196133084933,0.813045269021015,0.863939850856705,0.8893070472135559,0.904630371021159,0.9137510176640959,0.92149112333231,0.928343724752012,0.938129329094598,0.9487425173417309,0.957207339757205,0.9657803185499909,0.973095673970938,0.979045457568222,0.984342727378036,0.9887013493679241,0.9920119594585849,0.9949510631631691,0.997946603457718,1.0,0.997855115207649,0.9947709913480101,0.991375417592293,0.987039096053022,0.981931471691402,0.9743482362791,0.9645100212253459,0.951658233979923,0.928531864014872,0.8790568167366489,0.725421442533073,0.384104148198884
0.642541530798269,0.802274839590832,0.8541495903334059,0.880605426889146,0.896889352430665,0.9061958492997719,0.9141911261591851,0.9209800839055319,0.9312448037995759,0.942112551635903,0.950808057324316,0.9597421574941629,0.967325855807897,0.9737671092433641,0.9796107611762049,0.984618497330867,0.9882244969742251,0.9914696704845061,0.9949880695318509,0.997855115207649,1.0,0.997811778833677,0.994717461007898,0.9912217055521899,0.9866712480197599,0.9798513507057321,0.9708646689751801,0.9588622892944529,0.93747611492332,0.8895408717527451,0.7392292631481171,0.39808680977833005
0.630304608982962,0.789717413018505,0.8435548219233442,0.871089563855267,0.888051816439487,0.898146892165715,0.907061644676592,0.914259026965318,0.924834339926244,0.9358873490719392,0.944721474468978,0.954007435017637,0.96193495525487,0.9685664881332791,0.974771303243038,0.979901480378698,0.983779446772217,0.9874147020262211,0.991569071706876,0.9947709913480101,0.997811778833677,1.0,0.99776778345476,0.9947612234258759,0.9907649815414351,0.9845614506308299,0.9764429276663309,0.9650227504436719,0.9448727045941531,0.8987298410429699,0.751475461134804,0.41348984031819297
0.619928731720752,0.779572653759971,0.83417544288673,0.8621595764789979,0.8800497571667031,0.8900999391611222,0.8996410795290899,0.9075655483775892,0.9182926321318551,0.9298654476339442,0.9385465090783441,0.948265159194394,0.956775797824222,0.9636139066566709,0.970178341100965,0.9755125308792901,0.9794199339058709,0.983428200943913,0.9875766201197231,0.991375417592293,0.994717461007898,0.99776778345476,1.0,0.997295504318355,0.993634929673582,0.9881585916112159,0.9810217584288872,0.969859166387494,0.950507419305943,0.906423976263697,0.762636688496548,0.424977153286364
0.609772103665395,0.7693266033979781,0.82534247042163,0.852837247214497,0.870979954627784,0.8808837052820719,0.890891296623685,0.899242403856771,0.909976033238974,0.922292471378977,0.9310974130714251,0.9413581498868209,0.9499824829119229,0.9572056069178779,0.9640812243714879,0.9697801558822091,0.973531023481391,0.97800870002883,0.982476780429948,0.987039096053022,0.9912217055521899,0.9947612234258759,0.997295504318355,1.0,0.997074262475697,0.992361712176492,0.98610196616453,0.9757602857551201,0.958496620087097,0.9177378896810681,0.780032127716917,0.44519363862850303
0.595061185407463,0.756092087865539,0.811612903739645,0.8397903935205441,0.8580960192932678,0.868810533062083,0.879370022457682,0.888534076787186,0.899495640453512,0.912507930998413,0.921866134072985,0.9322882328537621,0.941162947286558,0.9492254351013629,0.9566641220349771,0.96299095701568,0.966838220879992,0.9715970037060591,0.9765159978368408,0.981931471691402,0.9866712480197599,0.9907649815414351,0.993634929673582,0.997074262475697,1.0,0.996564593392898,0.991019120237443,0.981800805099121,0.9660592175801299,0.9274442813779169,0.792547496604611,0.46273360147507103
0.579410071577413,0.739524807231718,0.795783688796477,0.8248919866829542,0.8435569283539159,0.854771197139151,0.8658065664079889,0.8756990960742329,0.887141823910117,0.9006620885096079,0.9103794174956129,0.9210920456803671,0.9302018500581289,0.938813515478153,0.9466254362438291,0.953773633788474,0.958067700078618,0.9631433655587299,0.9682545853145771,0.9743482362791,0.9798513507057321,0.9845614506308299,0.9881585916112159,0.992361712176492,0.996564593392898,1.0,0.995178142868297,0.987088299671264,0.972562710371865,0.937821949730956,0.806587497306037,0.480926296858413
0.555831997728143,0.715197960872591,0.7743347588540099,0.8042387015708299,0.824106128953319,0.836067585161924,0.8480245610873471,0.85838310564111,0.870796462658149,0.884936694520447,0.8952305253920602,0.9066851817274609,0.9166036372115359,0.926166985120353,0.934421643018244,0.941662822328603,0.946415066565966,0.9520714247011139,0.9576046462143579,0.9645100212253459,0.9708646689751801,0.9764429276663309,0.9810217584288872,0.98610196616453,0.991019120237443,0.995178142868297,1.0,0.9938427017821979,0.981395881454981,0.9486273453319242,0.8250617242204159,0.499060373834553
0.5252322244208171,0.6893333174857171,0.7513500102206031,0.781647136839138,0.8025145141486908,0.8151724752202522,0.8276360106941999,0.837917455478774,0.8502373307528169,0.8649713649858559,0.876073646353588,0.8884109067198621,0.899211771420028,0.909561702644448,0.9188157039963121,0.9271369010469119,0.9322283315529029,0.938173546783114,0.9439750482136992,0.951658233979923,0.9588622892944529,0.9650227504436719,0.969859166387494,0.9757602857551201,0.981800805099121,0.987088299671264,0.9938427017821979,1.0,0.9903235442224279,0.96093790977979,0.844541455960644,0.517471046977967
0.47850724262121996,0.645451012038938,0.708836084137943,0.740887244957539,0.7628989849778021,0.77626601112012,0.7894768558101559,0.800760852247606,0.813449224181968,0.829489226923133,0.8415132666650459,0.8556961800420451,0.8679139724299599,0.8795215750467379,0.89018858033986,0.900145749232929,0.9059120760886329,0.9124978610059491,0.919398941289396,0.928531864014872,0.93747611492332,0.9448727045941531,0.950507419305943,0.958496620087097,0.9660592175801299,0.972562710371865,0.981395881454981,0.9903235442224279,1.0,0.975896048909235,0.8735064866095841,0.5647346428286961
0.415718452790894,0.577822747351636,0.643613477488474,0.67538892431097,0.6965157435200949,0.70900966382034,0.723228972427325,0.7339703207493791,0.7467959910031371,0.7643807738542929,0.775631868504235,0.7922662752408941,0.806415768690232,0.819710441187311,0.8322107595669509,0.845001793536136,0.850827876513178,0.858856150353409,0.867361015060223,0.8790568167366489,0.8895408717527451,0.8987298410429699,0.906423976263697,0.9177378896810681,0.9274442813779169,0.937821949730956,0.9486273453319242,0.96093790977979,0.975896048909235,1.0,0.9320470563081509,0.618288457605273
0.2726805634792,0.409048581477151,0.47114303257680296,0.497783773544602,0.516498343505224,0.529993289167585,0.545331866809185,0.5534271404322081,0.566883335049899,0.5881502606868211,0.598980899118286,0.6182682166998911,0.6342887021307739,0.65038840356837,0.666249111339763,0.6841109067784751,0.6904846592941051,0.7002470704286711,0.710571706549288,0.725421442533073,0.7392292631481171,0.751475461134804,0.762636688496548,0.780032127716917,0.792547496604611,0.806587497306037,0.8250617242204159,0.844541455960644,0.8735064866095841,0.9320470563081509,1.0,0.719098798755144
0.00614344818219922,0.113353191817034,0.148104305772534,0.16370387652642301,0.178639021107505,0.19216830280360397,0.20973029094857398,0.218991642743772,0.233221590397781,0.252041706789907,0.262754732011316,0.28173674724180603,0.295126034109982,0.311513393650491,0.32591733934071304,0.345189964772847,0.35119256701442303,0.36013427281788396,0.369446040934475,0.384104148198884,0.39808680977833005,0.41348984031819297,0.424977153286364,0.44519363862850303,0.46273360147507103,0.480926296858413,0.499060373834553,0.517471046977967,0.5647346428286961,0.618288457605273,0.719098798755144,1.0
