1.0,0.838257404215641,0.792001108086964,0.766561400604514,0.7397101191065191,0.7099569632555871,0.690137665041583,0.669773147938654,0.6551993282251241,0.630146304110687,0.610923085770239,0.591678085448668,0.574830561254821,0.545286388933699,0.518759964681895,0.49579682257048496,0.47618285275749395,0.451530785002631,0.42077292913953707,0.38025263788832103,0.35897273514532,0.336590328995459,0.30548496796212,0.268056091317465,0.24808618711608701,0.21674892599372603,0.188621141971267,0.15077794730706198,0.0865917010979453,0.0372077730814138,0.027554233405957994,0.0455543644970617
0.838257404215641,1.0,0.965896778500336,0.9429634738778621,0.9200315412905942,0.901508655726897,0.883445313302097,0.8643226934889379,0.851387322831707,0.8271766710997499,0.8076193607813621,0.7897396458912741,0.7668873443789961,0.7404309922978629,0.711549972584908,0.689123065260114,0.665539165985113,0.639706932391158,0.6000161373415009,0.5554404814031461,0.528157389328122,0.500043631321426,0.463564464979084,0.42174310884968297,0.39334645634823606,0.35626567562984995,0.324626726969794,0.279385113916403,0.20391533193147102,0.113286514460591,0.00992858738772948,0.019964173275755
0.792001108086964,0.965896778500336,1.0,0.98243581294366,0.9629262914672808,0.9474090646040011,0.9320442958857741,0.9153531115429681,0.9021402481864649,0.8783934653267741,0.8601061113171509,0.8432370599486608,0.8225416205653241,0.7969445775729799,0.766845343728371,0.7451208730146949,0.7233723965874009,0.6982625890158111,0.6577940341796229,0.612318358119808,0.5853928966433579,0.5570094018587181,0.521179380061642,0.47975038806272996,0.44978302052480496,0.41187019287228205,0.379406683823935,0.33003274240239194,0.252723157382195,0.155247196735209,0.0333536266798378,0.00230150531695076
0.766561400604514,0.9429634738778621,0.98243581294366,1.0,0.9853397158992959,0.9718682836342131,0.959487193470152,0.9456120815517092,0.933689012200104,0.9134393509837121,0.8975050541954921,0.883572136482489,0.865188911381198,0.8418960923797509,0.8127907915184308,0.7921665796900409,0.771223820800894,0.7478264898843041,0.710432100166806,0.6677521055064549,0.642078778893269,0.615553566754905,0.581766806352681,0.5400165448228179,0.510615408585157,0.47280718076868494,0.43940307334583706,0.390206495539072,0.308835893217577,0.199843711664665,0.07435519804899801,0.0188624677638216
0.7397101191065191,0.9200315412905942,0.9629262914672808,0.9853397158992959,1.0,0.9899203660365541,0.9792529893400501,0.966309073385091,0.9557202463877841,0.939445588273706,0.9244324721759469,0.910448087950169,0.8942467630742109,0.8731190593151669,0.8465639402696191,0.829053816676446,0.8100720248342981,0.7898039104103309,0.754469664116499,0.7143208111982359,0.690114446430505,0.6645048742727281,0.632823374825309,0.5915439936850471,0.5631681384124411,0.526626618740011,0.49282101430864506,0.442268321053179,0.359993036474154,0.23446310247200197,0.091218065518812,0.0370276940057957
0.7099569632555871,0.901508655726897,0.9474090646040011,0.9718682836342131,0.9899203660365541,1.0,0.992109526501246,0.98079168163471,0.9710861032849271,0.956619047539476,0.9430709148434201,0.9299056142329009,0.91511053985723,0.894561969986441,0.869682819003226,0.852937117242479,0.8352158246443421,0.8158067434271629,0.781882688895114,0.7431298404365909,0.7193407124959621,0.695473501393376,0.665017711528264,0.625081479642943,0.597529011969854,0.560803053459144,0.5260079066790679,0.47416464312242895,0.38953282572703296,0.253278074738762,0.10686308671893599,0.0487846206906789
0.690137665041583,0.883445313302097,0.9320442958857741,0.959487193470152,0.9792529893400501,0.992109526501246,1.0,0.992107200365549,0.983667665620285,0.972437617009487,0.9608398046364209,0.9488699669440078,0.9348579749499971,0.915742752163623,0.893057632165371,0.877275513746888,0.86150782781539,0.8432311758764179,0.8117609148252221,0.7758492732710519,0.7537628284930591,0.73071154605054,0.701483771132866,0.6635843326289511,0.6363678826184029,0.600817853614211,0.565133718929577,0.512446373246686,0.42730583325265104,0.285136880212221,0.13503765208745,0.0706181983852858
0.669773147938654,0.8643226934889379,0.9153531115429681,0.9456120815517092,0.966309073385091,0.98079168163471,0.992107200365549,1.0,0.9933150372093751,0.9834149308789342,0.97383464556225,0.962650361854078,0.949014350898973,0.930888800521383,0.9098579114648839,0.8953205206491891,0.880755331574665,0.864335892969328,0.8349376112318191,0.800796519651119,0.77949761663132,0.757341644752256,0.728328325050004,0.6915492988776051,0.6647069899977529,0.6309039490887789,0.596823253915957,0.5445936484250461,0.4604205566595329,0.31595111412811605,0.16481804930198599,0.0936959468893209
0.6551993282251241,0.851387322831707,0.9021402481864649,0.933689012200104,0.9557202463877841,0.9710861032849271,0.983667665620285,0.9933150372093751,1.0,0.992134416430423,0.9829828239496501,0.972746778775528,0.960419661344771,0.943873488495563,0.9239460544791679,0.910176539025001,0.8963509578475991,0.880887209693277,0.852650224763843,0.819869520267126,0.8002986916056031,0.7786460087213599,0.7503994571334129,0.71452228628494,0.6879558460171109,0.654704423343307,0.621714101552442,0.571919099580434,0.488361011908016,0.341465236735667,0.18549020273163003,0.10431001861518199
0.630146304110687,0.8271766710997499,0.8783934653267741,0.9134393509837121,0.939445588273706,0.956619047539476,0.972437617009487,0.9834149308789342,0.992134416430423,1.0,0.994331460462945,0.9857566596288879,0.9745574477894681,0.960473217015396,0.9428785918083801,0.930057102004401,0.9170984284514241,0.9028358325109641,0.876696963655947,0.8480177912220359,0.830007752411041,0.809752098227645,0.782938278903725,0.7480172268523749,0.7223173881594771,0.6909369128200319,0.660002819461603,0.611196851829365,0.526903868944293,0.374642705046115,0.209244412176041,0.120254395308926
0.610923085770239,0.8076193607813621,0.8601061113171509,0.8975050541954921,0.9244324721759469,0.9430709148434201,0.9608398046364209,0.97383464556225,0.9829828239496501,0.994331460462945,1.0,0.99409209729351,0.984681748677324,0.9732814542574281,0.957453689470303,0.945285755888509,0.933142490349287,0.9195472726890149,0.8957296549111341,0.868774631689163,0.851898406153772,0.832675580555286,0.8072123539221129,0.773967807384533,0.749148604067423,0.7185506594891921,0.6893803307901761,0.641509945242831,0.5587467758475639,0.40256101920108006,0.234754709828649,0.142892817876222
0.591678085448668,0.7897396458912741,0.8432370599486608,0.883572136482489,0.910448087950169,0.9299056142329009,0.9488699669440078,0.962650361854078,0.972746778775528,0.9857566596288879,0.99409209729351,1.0,0.9940039452608491,0.9851168177434741,0.9711010696615359,0.959669009007134,0.94806514134228,0.934980702369155,0.913830515095533,0.8891071113111819,0.8733406798748101,0.8557784988128408,0.831782828697855,0.8005079748219159,0.7775517892318621,0.7479132402838481,0.718768161281867,0.6719492414153799,0.591849559314662,0.430486316684747,0.261126313560897,0.156699677366949
0.574830561254821,0.7668873443789961,0.8225416205653241,0.865188911381198,0.8942467630742109,0.91511053985723,0.9348579749499971,0.949014350898973,0.960419661344771,0.9745574477894681,0.984681748677324,0.9940039452608491,1.0,0.99405589827964,0.9826238473977651,0.9723874185522849,0.9622185565858159,0.950419681241515,0.9322496337510641,0.9103510913806009,0.896194649243229,0.88019970344316,0.8579079451775071,0.8286668906231179,0.8074159213887909,0.779899132231951,0.751395654540677,0.706353496748108,0.6286508214639339,0.469222275036621,0.299960902678318,0.18692129607351698
0.545286388933699,0.7404309922978629,0.7969445775729799,0.8418960923797509,0.8731190593151669,0.894561969986441,0.915742752163623,0.930888800521383,0.943873488495563,0.960473217015396,0.9732814542574281,0.9851168177434741,0.99405589827964,1.0,0.9935020132474971,0.9855347445426551,0.9758412201222779,0.9660395742396239,0.9502922263811701,0.930988965052758,0.918399413224032,0.9036218952223208,0.883325561287395,0.8560445903792471,0.8361191692387171,0.8114714442161469,0.784484951204392,0.743003425931386,0.668357759893827,0.5082309824858959,0.335957653626257,0.21450497375051397
0.518759964681895,0.711549972584908,0.766845343728371,0.8127907915184308,0.8465639402696191,0.869682819003226,0.893057632165371,0.9098579114648839,0.9239460544791679,0.9428785918083801,0.957453689470303,0.9711010696615359,0.9826238473977651,0.9935020132474971,1.0,0.994851389345952,0.987468597790498,0.979162836896524,0.966426422803919,0.950552670047636,0.939526725028015,0.925477960602284,0.90708823725347,0.882691566855634,0.8646857528465719,0.842589555169061,0.8172257156975541,0.7786093567271191,0.706184255153615,0.545334452158307,0.36886374733993893,0.247419202591593
0.49579682257048496,0.689123065260114,0.7451208730146949,0.7921665796900409,0.829053816676446,0.852937117242479,0.877275513746888,0.8953205206491891,0.910176539025001,0.930057102004401,0.945285755888509,0.959669009007134,0.9723874185522849,0.9855347445426551,0.994851389345952,1.0,0.994752935776027,0.987799265238033,0.976470775714097,0.9618970868326641,0.951822424327994,0.9393064598549621,0.922204116307341,0.89902092003182,0.881823257243106,0.860391014362226,0.835678770515226,0.7983130503824242,0.7286720456708909,0.5664051884405711,0.384828651956995,0.258179132384004
0.47618285275749395,0.665539165985113,0.7233723965874009,0.771223820800894,0.8100720248342981,0.8352158246443421,0.86150782781539,0.880755331574665,0.8963509578475991,0.9170984284514241,0.933142490349287,0.94806514134228,0.9622185565858159,0.9758412201222779,0.987468597790498,0.994752935776027,1.0,0.9955389959816701,0.9863313664125942,0.9736757974252479,0.9643833612789009,0.9525130714778041,0.9373498288545892,0.915613339668561,0.8987744319418242,0.8768509790612941,0.853111233634989,0.816718070122571,0.748084393289088,0.586013707580126,0.398794773819341,0.277422640169372
0.451530785002631,0.639706932391158,0.6982625890158111,0.7478264898843041,0.7898039104103309,0.8158067434271629,0.8432311758764179,0.864335892969328,0.880887209693277,0.9028358325109641,0.9195472726890149,0.934980702369155,0.950419681241515,0.9660395742396239,0.979162836896524,0.987799265238033,0.9955389959816701,1.0,0.9936620288314709,0.9831541654463309,0.974799599279312,0.964039786454529,0.949826697628933,0.9303469081082991,0.9145574118725641,0.8942508976441189,0.872503190460487,0.838195410215441,0.7736985492608071,0.615404350563358,0.425442450093512,0.29931091622869
0.42077292913953707,0.6000161373415009,0.6577940341796229,0.710432100166806,0.754469664116499,0.781882688895114,0.8117609148252221,0.8349376112318191,0.852650224763843,0.876696963655947,0.8957296549111341,0.913830515095533,0.9322496337510641,0.9502922263811701,0.966426422803919,0.976470775714097,0.9863313664125942,0.9936620288314709,1.0,0.9941922431569499,0.987841858724823,0.979023674302885,0.967286703673503,0.951093423436152,0.937773783869137,0.9195755505670451,0.8999735104319321,0.8681297974421079,0.8055236387727429,0.648133687276917,0.46322823726006607,0.328933382575533
0.38025263788832103,0.5554404814031461,0.612318358119808,0.6677521055064549,0.7143208111982359,0.7431298404365909,0.7758492732710519,0.800796519651119,0.819869520267126,0.8480177912220359,0.868774631689163,0.8891071113111819,0.9103510913806009,0.930988965052758,0.950552670047636,0.9618970868326641,0.9736757974252479,0.9831541654463309,0.9941922431569499,1.0,0.995679579693885,0.9887425211920909,0.979236300773862,0.966078555521771,0.9542251481534191,0.938342964041713,0.9210836407359999,0.891100989738943,0.8307636030272679,0.673797356531224,0.48815865922857204,0.35136610915611105
0.35897273514532,0.528157389328122,0.5853928966433579,0.642078778893269,0.690114446430505,0.7193407124959621,0.7537628284930591,0.77949761663132,0.8002986916056031,0.830007752411041,0.851898406153772,0.8733406798748101,0.896194649243229,0.918399413224032,0.939526725028015,0.951822424327994,0.9643833612789009,0.974799599279312,0.987841858724823,0.995679579693885,1.0,0.994573597602854,0.986169454123584,0.974477357159711,0.963559855002628,0.9490228053949592,0.933205481024573,0.904640918270185,0.8470532924208629,0.691997014285973,0.5079491827189689,0.36641848964812895
0.336590328995459,0.500043631321426,0.5570094018587181,0.615553566754905,0.6645048742727281,0.695473501393376,0.73071154605054,0.757341644752256,0.7786460087213599,0.809752098227645,0.832675580555286,0.8557784988128408,0.88019970344316,0.9036218952223208,0.925477960602284,0.9393064598549621,0.9525130714778041,0.964039786454529,0.979023674302885,0.9887425211920909,0.994573597602854,1.0,0.9938816507991719,0.9838498393496999,0.9739015896524459,0.9609804923973609,0.9461836237460409,0.918111512527605,0.8619814394335459,0.705375497547833,0.5208460599523661,0.3861482837114079
0.30548496796212,0.463564464979084,0.521179380061642,0.581766806352681,0.632823374825309,0.665017711528264,0.701483771132866,0.728328325050004,0.7503994571334129,0.782938278903725,0.8072123539221129,0.831782828697855,0.8579079451775071,0.883325561287395,0.90708823725347,0.922204116307341,0.9373498288545892,0.949826697628933,0.967286703673503,0.979236300773862,0.986169454123584,0.9938816507991719,1.0,0.9933682847412071,0.98498922512888,0.9736906668293791,0.960451551396758,0.9345457644855921,0.8824189167913931,0.7267587486488589,0.5439702375300479,0.412936747615216
0.268056091317465,0.42174310884968297,0.47975038806272996,0.5400165448228179,0.5915439936850471,0.625081479642943,0.6635843326289511,0.6915492988776051,0.71452228628494,0.7480172268523749,0.773967807384533,0.8005079748219159,0.8286668906231179,0.8560445903792471,0.882691566855634,0.89902092003182,0.915613339668561,0.9303469081082991,0.951093423436152,0.966078555521771,0.974477357159711,0.9838498393496999,0.9933682847412071,1.0,0.993247893062183,0.9835761714353721,0.972003772521205,0.9464550483966491,0.899882350259943,0.74856779940531,0.570961155779676,0.43581527056156205
0.24808618711608701,0.39334645634823606,0.44978302052480496,0.510615408585157,0.5631681384124411,0.597529011969854,0.6363678826184029,0.6647069899977529,0.6879558460171109,0.7223173881594771,0.749148604067423,0.7775517892318621,0.8074159213887909,0.8361191692387171,0.8646857528465719,0.881823257243106,0.8987744319418242,0.9145574118725641,0.937773783869137,0.9542251481534191,0.963559855002628,0.9739015896524459,0.98498922512888,0.993247893062183,1.0,0.991985776992782,0.981556999143195,0.960674070266369,0.917817509234675,0.768316567458736,0.588661799337805,0.455012243339768
0.21674892599372603,0.35626567562984995,0.41187019287228205,0.47280718076868494,0.526626618740011,0.560803053459144,0.600817853614211,0.6309039490887789,0.654704423343307,0.6909369128200319,0.7185506594891921,0.7479132402838481,0.779899132231951,0.8114714442161469,0.842589555169061,0.860391014362226,0.8768509790612941,0.8942508976441189,0.9195755505670451,0.938342964041713,0.9490228053949592,0.9609804923973609,0.9736906668293791,0.9835761714353721,0.991985776992782,1.0,0.9921077804419131,0.973019251353175,0.9327125377342659,0.7897451807358951,0.6177001677614821,0.47495766790426397
0.188621141971267,0.324626726969794,0.379406683823935,0.43940307334583706,0.49282101430864506,0.5260079066790679,0.565133718929577,0.596823253915957,0.621714101552442,0.660002819461603,0.6893803307901761,0.718768161281867,0.751395654540677,0.784484951204392,0.8172257156975541,0.835678770515226,0.853111233634989,0.872503190460487,0.8999735104319321,0.9210836407359999,0.933205481024573,0.9461836237460409,0.960451551396758,0.972003772521205,0.981556999143195,0.9921077804419131,1.0,0.9858421961535699,0.9504137414413799,0.8154226263722258,0.644778062836119,0.5054196242597729
0.15077794730706198,0.279385113916403,0.33003274240239194,0.390206495539072,0.442268321053179,0.47416464312242895,0.512446373246686,0.5445936484250461,0.571919099580434,0.611196851829365,0.641509945242831,0.6719492414153799,0.706353496748108,0.743003425931386,0.7786093567271191,0.7983130503824242,0.816718070122571,0.838195410215441,0.8681297974421079,0.891100989738943,0.904640918270185,0.918111512527605,0.9345457644855921,0.9464550483966491,0.960674070266369,0.973019251353175,0.9858421961535699,1.0,0.9774388620155879,0.8645284784630358,0.6884000053260699,0.553645455454188
0.0865917010979453,0.20391533193147102,0.252723157382195,0.308835893217577,0.359993036474154,0.38953282572703296,0.42730583325265104,0.4604205566595329,0.488361011908016,0.526903868944293,0.5587467758475639,0.591849559314662,0.6286508214639339,0.668357759893827,0.706184255153615,0.7286720456708909,0.748084393289088,0.7736985492608071,0.8055236387727429,0.8307636030272679,0.8470532924208629,0.8619814394335459,0.8824189167913931,0.899882350259943,0.917817509234675,0.9327125377342659,0.9504137414413799,0.9774388620155879,1.0,0.9154882917617341,0.744894159672672,0.6207845214441701
0.0372077730814138,0.113286514460591,0.155247196735209,0.199843711664665,0.23446310247200197,0.253278074738762,0.285136880212221,0.31595111412811605,0.341465236735667,0.374642705046115,0.40256101920108006,0.430486316684747,0.469222275036621,0.5082309824858959,0.545334452158307,0.5664051884405711,0.586013707580126,0.615404350563358,0.648133687276917,0.673797356531224,0.691997014285973,0.705375497547833,0.7267587486488589,0.74856779940531,0.768316567458736,0.7897451807358951,0.8154226263722258,0.8645284784630358,0.9154882917617341,1.0,0.8232679047294201,0.6921667180547171
0.027554233405957994,0.00992858738772948,0.0333536266798378,0.07435519804899801,0.091218065518812,0.10686308671893599,0.13503765208745,0.16481804930198599,0.18549020273163003,0.209244412176041,0.234754709828649,0.261126313560897,0.299960902678318,0.335957653626257,0.36886374733993893,0.384828651956995,0.398794773819341,0.425442450093512,0.46322823726006607,0.48815865922857204,0.5079491827189689,0.5208460599523661,0.5439702375300479,0.570961155779676,0.588661799337805,0.6177001677614821,0.644778062836119,0.6884000053260699,0.744894159672672,0.8232679047294201,1.0,0.6921506035138381
0.0455543644970617,0.019964173275755,0.00230150531695076,0.0188624677638216,0.0370276940057957,0.0487846206906789,0.0706181983852858,0.0936959468893209,0.10431001861518199,0.120254395308926,0.142892817876222,0.156699677366949,0.18692129607351698,0.21450497375051397,0.247419202591593,0.258179132384004,0.277422640169372,0.29931091622869,0.328933382575533,0.35136610915611105,0.36641848964812895,0.3861482837114079,0.412936747615216,0.43581527056156205,0.455012243339768,0.47495766790426397,0.5054196242597729,0.553645455454188,0.6207845214441701,0.6921667180547171,0.6921506035138381,1.0
