1.0,0.9984412952848671,0.9899984220676971,0.959215951167338,0.8451881196006671,0.470376976140544,0.46833803237017996,0.45807894892466605,0.43560938296948104,0.397682331559015,0.34417792364916494,0.263044235276446,0.16136990415855101,0.0576133125436942,0.0343466022558032,0.108725805663999,0.14242246872993303,0.138886939531889,0.130695275058906,0.122512655205806,0.11553901129130001,0.113106736173511,0.0970123597650719,0.0829143195229985,0.0746847960604637,0.0695439472692514,0.0660748025276324,0.00504196057443718,0.0186922151741885,0.0234873984704841,0.0259033231803497,0.0273545368642776
0.9984412952848671,1.0,0.996329177035529,0.9734974360204001,0.873700503611956,0.518895320169447,0.516483647301803,0.504975445856708,0.479973894936734,0.4379116014224079,0.37867913919945,0.29657074798401,0.194016085026192,0.0878348225193555,0.00737610374037335,0.0851254193420895,0.120970106377157,0.11955093822500801,0.11362145034956402,0.10732781051540699,0.101838490460914,0.10061069673937499,0.08757953573906,0.0754652257263745,0.0683273057116471,0.0638515433769042,0.0608250477683367,0.0128752586651801,0.026194017923051004,0.0308161308646368,0.0331330008427585,0.0345207600360713
0.9899984220676971,0.996329177035529,1.0,0.9895015252038241,0.912136944679407,0.590167681789047,0.587198933663741,0.573844586465891,0.5451110128232111,0.496961027547488,0.429301888305271,0.346196198848643,0.242912920926352,0.133656311250248,0.0340360949659114,0.0484110327850156,0.0873330947606878,0.0891686143446428,0.08674480646932202,0.0833866431566023,0.08020726050459501,0.0808343488405258,0.0725805525501632,0.0635823298265268,0.058161983754509,0.0547334645689406,0.052404251775647996,0.0248119668436435,0.0375415442378623,0.0418701837170772,0.0440210791687643,0.0453030995388112
0.959215951167338,0.9734974360204001,0.9895015252038241,1.0,0.96179855732482,0.7006401438883729,0.696780477450924,0.680532330612437,0.645977888235517,0.588354241256525,0.507598362182545,0.424196493241739,0.321407521097967,0.20878306954428896,0.10338209196142,0.0143803870454662,0.0290872283270003,0.0363868378037946,0.0399219708547843,0.0415757006872615,0.0423491582130686,0.0460972864304032,0.0460466922151825,0.0424594442782689,0.0400292937577919,0.0384260273228114,0.0373128920644816,0.0445498919057164,0.0560722515828748,0.0598331638156722,0.0616679415134654,0.0627500437389583
0.8451881196006671,0.873700503611956,0.912136944679407,0.96179855732482,1.0,0.869201243560957,0.86387817632439,0.843092339523176,0.799519050946002,0.727297383857396,0.6264242585311091,0.547306000480406,0.45142415381270495,0.338962368999305,0.228733846274499,0.132486214125869,0.0829332360665895,0.0657074234300328,0.0510900567764506,0.0400387292657348,0.0318226267681681,0.0223802639720034,0.006889198796130929,1.84606003864526e-05,0.00335665811351905,0.00530396372783527,0.00655901414640859,0.0793501761781413,0.0879164823895489,0.0903835271825576,0.0915129279050673,0.0921534828616556
0.470376976140544,0.518895320169447,0.590167681789047,0.7006401438883729,0.869201243560957,1.0,0.9936090754764879,0.9693816976690229,0.918899361440826,0.835443051616301,0.7190466984835541,0.663625753406443,0.5992444863341321,0.50926639029944,0.411989162149106,0.32152845307560196,0.27064987441136495,0.238715442002434,0.206777050998438,0.18077575428831,0.160615160418892,0.14268043238421,0.10199388483416198,0.0774497557854415,0.064175222200416,0.056149638150059,0.0508315918616427,0.127038987501436,0.128510995132365,0.128127848939133,0.127746272410303,0.12745420216429
0.46833803237017996,0.516483647301803,0.587198933663741,0.696780477450924,0.86387817632439,0.9936090754764879,1.0,0.990904162467491,0.9575554516502499,0.89213788800137,0.7928958710695071,0.741585776224016,0.674273701548564,0.5778672839468579,0.472410694083924,0.373666338011935,0.31726984948839604,0.28004841851900897,0.242747368662871,0.21235590239155702,0.188781173122454,0.168635441161004,0.12279470448082902,0.0945309538339049,0.0791605974589045,0.0698449091518331,0.0636632830312385,0.143236396225906,0.143627288265086,0.14274624186930898,0.142089074562547,0.14162321280545
0.45807894892466605,0.504975445856708,0.573844586465891,0.680532330612437,0.843092339523176,0.9693816976690229,0.990904162467491,1.0,0.9876352130136229,0.944816678656453,0.8676846846288849,0.8221331446004009,0.7524521194748671,0.649993370408077,0.536548154161706,0.4295786489377221,0.367546443934834,0.32464407465494,0.281573216041633,0.24645583707043,0.219204869242663,0.19675994164795702,0.14554067230837303,0.113314863264395,0.0957028083062187,0.085004785337651,0.0778969358661381,0.160152550353929,0.159248015788253,0.15778810554522402,0.15681336683529,0.15614809984460998
0.43560938296948104,0.479973894936734,0.5451110128232111,0.645977888235517,0.799519050946002,0.918899361440826,0.9575554516502499,0.9876352130136229,1.0,0.984491844539015,0.9348884284529709,0.8970913549783671,0.826250529315494,0.719093562471862,0.598946663099027,0.48485124263817797,0.41767792332808,0.369142514121108,0.320338952795449,0.280522358572345,0.24961439344868203,0.22500633138325601,0.16869728174105403,0.132595731758783,0.11277655629739801,0.10071379262775801,0.0926901243311214,0.176182089673453,0.17378918978160798,0.17168844116391802,0.17036612210607802,0.16948382910094
0.397682331559015,0.4379116014224079,0.496961027547488,0.588354241256525,0.727297383857396,0.835443051616301,0.89213788800137,0.944816678656453,0.984491844539015,1.0,0.98265758430601,0.954647164622121,0.8845872907915351,0.7753173571589179,0.651196732766986,0.532475278130195,0.46152006522262395,0.408105356083819,0.354318837696221,0.310412073012854,0.276318792557588,0.250012228463607,0.18965992024362602,0.15028067800653902,0.128573249918735,0.11533727471803899,0.106524227181748,0.18894965832697802,0.18496144692451605,0.18220522470067899,0.180532754747297,0.17943349305235198
0.34417792364916494,0.37867913919945,0.429301888305271,0.507598362182545,0.6264242585311091,0.7190466984835541,0.7928958710695071,0.8676846846288849,0.9348884284529709,0.98265758430601,1.0,0.983278965374128,0.916407990123675,0.80859082219191,0.684457127442808,0.5648509750925711,0.4922919487929,0.43552175056234294,0.378282720562867,0.331533828880196,0.295223798007284,0.268009360350288,0.20541929298835396,0.163903977420874,0.140932960346021,0.12690341254968798,0.117553296919535,0.196070823824538,0.190530912593906,0.18717483623549397,0.18518867762432,0.18389716362602498
0.263044235276446,0.29657074798401,0.346196198848643,0.424196493241739,0.547306000480406,0.663625753406443,0.741585776224016,0.8221331446004009,0.8970913549783671,0.954647164622121,0.983278965374128,1.0,0.9733209863630791,0.90062335707509,0.803359604725858,0.7026257162735171,0.636205078487948,0.5697263616595201,0.500226096075296,0.44266565413162795,0.39762791422384297,0.367197506379034,0.291619282206693,0.23811410181863396,0.20808604086840102,0.189633339283678,0.177292993968404,0.23380780693219502,0.21978732633571102,0.213161258817541,0.209466687681018,0.20712864288799598
0.16136990415855101,0.194016085026192,0.242912920926352,0.321407521097967,0.45142415381270495,0.5992444863341321,0.674273701548564,0.7524521194748671,0.826250529315494,0.8845872907915351,0.916407990123675,0.9733209863630791,1.0,0.976313702469956,0.918561551644099,0.847146091278803,0.792013254148832,0.7163595543987241,0.6344520081400981,0.565740143795018,0.511619332069965,0.47842424290208,0.389346753500491,0.32274976025633195,0.284959336533279,0.26162714858418396,0.24598286642380604,0.272270466055507,0.24804791079101998,0.237537416475234,0.23182283651587804,0.228250412572053
0.0576133125436942,0.0878348225193555,0.133656311250248,0.20878306954428896,0.338962368999305,0.50926639029944,0.5778672839468579,0.649993370408077,0.719093562471862,0.7753173571589179,0.80859082219191,0.90062335707509,0.976313702469956,1.0,0.9823264846531039,0.942045279837853,0.900249256551096,0.8196391170672449,0.730032666859795,0.6541615978983871,0.5941192729669189,0.559938567576444,0.462482682837424,0.386793478732336,0.34352928269591493,0.316735565486879,0.298739928243555,0.29524052835683395,0.26258095031032896,0.24892097049826,0.24158072532781102,0.23701882226775
0.0343466022558032,0.00737610374037335,0.0340360949659114,0.10338209196142,0.228733846274499,0.411989162149106,0.472410694083924,0.536548154161706,0.598946663099027,0.651196732766986,0.684457127442808,0.803359604725858,0.918561551644099,0.9823264846531039,1.0,0.9881907504996259,0.9595277080005609,0.877706162948135,0.7848591100263921,0.705690130510843,0.642816535954952,0.609087662391973,0.5081029108138729,0.427436587664522,0.38108813384772705,0.35232238231446705,0.332979359000789,0.303844410790356,0.265132306884577,0.24926899888754603,0.240802509773813,0.235558700302849
0.108725805663999,0.0851254193420895,0.0484110327850156,0.0143803870454662,0.132486214125869,0.32152845307560196,0.373666338011935,0.4295786489377221,0.48485124263817797,0.532475278130195,0.5648509750925711,0.7026257162735171,0.847146091278803,0.942045279837853,0.9881907504996259,1.0,0.982841286321107,0.9021781007270959,0.809117954448588,0.7293295426083609,0.665790324120798,0.6333176448546851,0.532097654225096,0.44947658371713706,0.40182116232379794,0.37219692163874,0.35225916391834006,0.302903611508826,0.260253943711937,0.24300375784880998,0.23383776193337102,0.22817351283570103
0.14242246872993303,0.120970106377157,0.0873330947606878,0.0290872283270003,0.0829332360665895,0.27064987441136495,0.31726984948839604,0.367546443934834,0.41767792332808,0.46152006522262395,0.4922919487929,0.636205078487948,0.792013254148832,0.900249256551096,0.9595277080005609,0.982841286321107,1.0,0.964407485956964,0.899899444984188,0.83798297937414,0.786068302279558,0.754976605326603,0.618414805770477,0.5146502918402199,0.45558388883661,0.419067390126563,0.3945650876973811,0.315134280418779,0.26517320761868896,0.245248342769668,0.234712526724246,0.22821802483181303
0.138886939531889,0.11955093822500801,0.0891686143446428,0.0363868378037946,0.0657074234300328,0.238715442002434,0.28004841851900897,0.32464407465494,0.369142514121108,0.408105356083819,0.43552175056234294,0.5697263616595201,0.7163595543987241,0.8196391170672449,0.877706162948135,0.9021781007270959,0.964407485956964,1.0,0.983182868217857,0.9524503651602221,0.9215389501717259,0.89322344555198,0.7081031093542529,0.57752729770559,0.504302068272014,0.459318873532389,0.4292416386619651,0.32006425021129103,0.263658327347121,0.241417430485383,0.22970384759313103,0.222498243921095
0.130695275058906,0.11362145034956402,0.08674480646932202,0.0399219708547843,0.0510900567764506,0.206777050998438,0.242747368662871,0.281573216041633,0.320338952795449,0.354318837696221,0.378282720562867,0.500226096075296,0.6344520081400981,0.730032666859795,0.7848591100263921,0.809117954448588,0.899899444984188,0.983182868217857,1.0,0.992077214586183,0.976951555220375,0.9517256895977231,0.740731934961899,0.597044473595205,0.517071832131877,0.46810333170819995,0.43542091012190104,0.310218718212957,0.251696784505484,0.22877706308704,0.216734982241395,0.20933655860299102
0.122512655205806,0.10732781051540699,0.0833866431566023,0.0415757006872615,0.0400387292657348,0.18077575428831,0.21235590239155702,0.24645583707043,0.280522358572345,0.310412073012854,0.331533828880196,0.44266565413162795,0.565740143795018,0.6541615978983871,0.705690130510843,0.7293295426083609,0.83798297937414,0.9524503651602221,0.992077214586183,1.0,0.9960284187741301,0.973419652677217,0.748739782461857,0.598833312439699,0.515777815979156,0.46502223607691795,0.431184698588529,0.297399189928422,0.238562303554439,0.21562234931143304,0.20358900854690398,0.196202147861153
0.11553901129130001,0.101838490460914,0.08020726050459501,0.0423491582130686,0.0318226267681681,0.160615160418892,0.188781173122454,0.219204869242663,0.24961439344868203,0.276318792557588,0.295223798007284,0.39762791422384297,0.511619332069965,0.5941192729669189,0.642816535954952,0.665790324120798,0.786068302279558,0.9215389501717259,0.976951555220375,0.9960284187741301,1.0,0.979462758817116,0.747237216550287,0.594360320154892,0.509916170461981,0.45838062962707704,0.42404882829875,0.28546272198594297,0.226966668691395,0.20423229118159,0.19232050344732798,0.185012652479845
0.113106736173511,0.10061069673937499,0.0808343488405258,0.0460972864304032,0.0223802639720034,0.14268043238421,0.168635441161004,0.19675994164795702,0.22500633138325601,0.250012228463607,0.268009360350288,0.367197506379034,0.47842424290208,0.559938567576444,0.609087662391973,0.6333176448546851,0.754976605326603,0.89322344555198,0.9517256895977231,0.973419652677217,0.979462758817116,1.0,0.8633209828198509,0.7405392871258158,0.6685773070471899,0.623550345462339,0.5931383447351241,0.36356356022702396,0.278352631677826,0.245607557267924,0.22852103280451302,0.21806107038016898
0.0970123597650719,0.08757953573906,0.0725805525501632,0.0460466922151825,0.006889198796130929,0.10199388483416198,0.12279470448082902,0.14554067230837303,0.16869728174105403,0.18965992024362602,0.20541929298835396,0.291619282206693,0.389346753500491,0.462482682837424,0.5081029108138729,0.532097654225096,0.618414805770477,0.7081031093542529,0.740731934961899,0.748739782461857,0.747237216550287,0.8633209828198509,1.0,0.9784580011426149,0.95247995307782,0.932855060120765,0.9183669682022759,0.5103899506109629,0.37342485337283393,0.321318125528953,0.294229416260568,0.277678809227806
0.0829143195229985,0.0754652257263745,0.0635823298265268,0.0424594442782689,1.84606003864526e-05,0.0774497557854415,0.0945309538339049,0.113314863264395,0.132595731758783,0.15028067800653902,0.163903977420874,0.23811410181863396,0.32274976025633195,0.386793478732336,0.427436587664522,0.44947658371713706,0.5146502918402199,0.57752729770559,0.597044473595205,0.598833312439699,0.594360320154892,0.7405392871258158,0.9784580011426149,1.0,0.9948453385461429,0.9871320532385609,0.9802803415301791,0.530921862240062,0.3833936474397971,0.32740232353904697,0.298320046810807,0.280559788083567
0.0746847960604637,0.0683273057116471,0.058161983754509,0.0400292937577919,0.00335665811351905,0.064175222200416,0.0791605974589045,0.0957028083062187,0.11277655629739801,0.128573249918735,0.140932960346021,0.20808604086840102,0.284959336533279,0.34352928269591493,0.38108813384772705,0.40182116232379794,0.45558388883661,0.504302068272014,0.517071832131877,0.515777815979156,0.509916170461981,0.6685773070471899,0.95247995307782,0.9948453385461429,1.0,0.998258935549107,0.995265944161673,0.532652398585926,0.38225718214388293,0.325238859799888,0.29563499969249896,0.277560046540701
0.0695439472692514,0.0638515433769042,0.0547334645689406,0.0384260273228114,0.00530396372783527,0.056149638150059,0.0698449091518331,0.085004785337651,0.10071379262775801,0.11533727471803899,0.12690341254968798,0.189633339283678,0.26162714858418396,0.316735565486879,0.35232238231446705,0.37219692163874,0.419067390126563,0.459318873532389,0.46810333170819995,0.46502223607691795,0.45838062962707704,0.623550345462339,0.932855060120765,0.9871320532385609,0.998258935549107,1.0,0.999265705502331,0.531134556812535,0.379784465593403,0.32243899843852397,0.292672051797677,0.27449971376684196
0.0660748025276324,0.0608250477683367,0.052404251775647996,0.0373128920644816,0.00655901414640859,0.0508315918616427,0.0636632830312385,0.0778969358661381,0.0926901243311214,0.106524227181748,0.117553296919535,0.177292993968404,0.24598286642380604,0.298739928243555,0.332979359000789,0.35225916391834006,0.3945650876973811,0.4292416386619651,0.43542091012190104,0.431184698588529,0.42404882829875,0.5931383447351241,0.9183669682022759,0.9802803415301791,0.995265944161673,0.999265705502331,1.0,0.529157879452331,0.37746982261582396,0.320018811151281,0.290201448970766,0.27199974728014803
0.00504196057443718,0.0128752586651801,0.0248119668436435,0.0445498919057164,0.0793501761781413,0.127038987501436,0.143236396225906,0.160152550353929,0.176182089673453,0.18894965832697802,0.196070823824538,0.23380780693219502,0.272270466055507,0.29524052835683395,0.303844410790356,0.302903611508826,0.315134280418779,0.32006425021129103,0.310218718212957,0.297399189928422,0.28546272198594297,0.36356356022702396,0.5103899506109629,0.530921862240062,0.532652398585926,0.531134556812535,0.529157879452331,1.0,0.985492323094131,0.9732409637575831,0.965569978207515,0.9604625027676099
0.0186922151741885,0.026194017923051004,0.0375415442378623,0.0560722515828748,0.0879164823895489,0.128510995132365,0.143627288265086,0.159248015788253,0.17378918978160798,0.18496144692451605,0.190530912593906,0.21978732633571102,0.24804791079101998,0.26258095031032896,0.265132306884577,0.260253943711937,0.26517320761868896,0.263658327347121,0.251696784505484,0.238562303554439,0.226966668691395,0.278352631677826,0.37342485337283393,0.3833936474397971,0.38225718214388293,0.379784465593403,0.37746982261582396,0.985492323094131,1.0,0.9981209354193901,0.995713350204427,0.9937800646654399
0.0234873984704841,0.0308161308646368,0.0418701837170772,0.0598331638156722,0.0903835271825576,0.128127848939133,0.14274624186930898,0.15778810554522402,0.17168844116391802,0.18220522470067899,0.18717483623549397,0.213161258817541,0.237537416475234,0.24892097049826,0.24926899888754603,0.24300375784880998,0.245248342769668,0.241417430485383,0.22877706308704,0.21562234931143304,0.20423229118159,0.245607557267924,0.321318125528953,0.32740232353904697,0.325238859799888,0.32243899843852397,0.320018811151281,0.9732409637575831,0.9981209354193901,1.0,0.99950981824017,0.9987362836157521
0.0259033231803497,0.0331330008427585,0.0440210791687643,0.0616679415134654,0.0915129279050673,0.127746272410303,0.142089074562547,0.15681336683529,0.17036612210607802,0.180532754747297,0.18518867762432,0.209466687681018,0.23182283651587804,0.24158072532781102,0.240802509773813,0.23383776193337102,0.234712526724246,0.22970384759313103,0.216734982241395,0.20358900854690398,0.19232050344732798,0.22852103280451302,0.294229416260568,0.298320046810807,0.29563499969249896,0.292672051797677,0.290201448970766,0.965569978207515,0.995713350204427,0.99950981824017,1.0,0.99982013490815
0.0273545368642776,0.0345207600360713,0.0453030995388112,0.0627500437389583,0.0921534828616556,0.12745420216429,0.14162321280545,0.15614809984460998,0.16948382910094,0.17943349305235198,0.18389716362602498,0.20712864288799598,0.228250412572053,0.23701882226775,0.235558700302849,0.22817351283570103,0.22821802483181303,0.222498243921095,0.20933655860299102,0.196202147861153,0.185012652479845,0.21806107038016898,0.277678809227806,0.280559788083567,0.277560046540701,0.27449971376684196,0.27199974728014803,0.9604625027676099,0.9937800646654399,0.9987362836157521,0.99982013490815,1.0
