1.0,0.733342699491734,0.686729281362782,0.664813827048531,0.6378430662166489,0.624653988501929,0.620359654974114,0.5932563603003019,0.587244610816264,0.565378055999292,0.545017075156686,0.523379421772185,0.498305762111938,0.48250164100702503,0.464142354613389,0.446581912530116,0.440668325113461,0.441748612050005,0.42589003618126103,0.41416961545883796,0.40882241952157294,0.398086072396252,0.38908505813501293,0.38199991502408703,0.359564260550785,0.341986859801954,0.325806050356711,0.276185082523732,0.208011218892958,0.123292596180534,0.0475502163109072,0.0025629057989374
0.733342699491734,1.0,0.921539373780255,0.8639108215805501,0.829994477043522,0.806053609056835,0.784431587233692,0.7549834632615071,0.7456619463557491,0.731607765928287,0.719127292908265,0.702851180802923,0.6837585895338139,0.664642708155246,0.642947114387304,0.6273767675833921,0.617566067571946,0.6083580213647939,0.5920642931783989,0.580507883336214,0.5703883249767061,0.5553913509912429,0.547404504647692,0.541490914623206,0.5143213980117259,0.49890446996640503,0.46542401342229406,0.38938804920030395,0.295408547748879,0.19336550331811997,0.11487824849878099,0.0897183455447222
0.686729281362782,0.921539373780255,1.0,0.9545836475526841,0.91404009185193,0.882594204006926,0.854655482874533,0.8243297510892621,0.811462995998943,0.796170377352958,0.7792936471513471,0.7611693290915541,0.746540619628965,0.731677471099076,0.71366162094459,0.699424334155663,0.687766450354314,0.6737955054708001,0.663284229763349,0.6553612139523071,0.645843721660719,0.630007558803714,0.619377568072192,0.61484194344415,0.586898457366324,0.568597962741761,0.5302812157070229,0.45356024486500396,0.36284846422022604,0.24612951111282602,0.14587305590059801,0.11500847501813902
0.664813827048531,0.8639108215805501,0.9545836475526841,1.0,0.961279225990313,0.9232547004645899,0.8958499983753531,0.8661548288993929,0.8503744518980629,0.835931917306672,0.8184858275304822,0.7981129241552339,0.7830053118912109,0.7639900448661999,0.7439153675874459,0.7297425959217149,0.718900195451602,0.7068708337586831,0.697791952809543,0.689625808398083,0.681652590983059,0.6698674814452961,0.6542413161105419,0.646226369939043,0.6171747619670961,0.593071893446496,0.550762741230159,0.474215214628134,0.378133262215274,0.256291465020405,0.154029429783306,0.12030418307416199
0.6378430662166489,0.829994477043522,0.91404009185193,0.961279225990313,1.0,0.9700983028562491,0.9374769164680071,0.9024702945510559,0.884378853715124,0.866507716758548,0.8484411022345459,0.826394530404193,0.809203151647754,0.7871093123947,0.766431723467393,0.7496447634942379,0.73616797872785,0.7237429495820871,0.711539273934076,0.701478928062236,0.6935160070081359,0.681855133055445,0.6668514275980749,0.6570949495591889,0.6253592182449339,0.599667631384333,0.5606109683602789,0.486859756542622,0.38807688889308506,0.268698937975084,0.16103595848149402,0.13522721724134498
0.624653988501929,0.806053609056835,0.882594204006926,0.9232547004645899,0.9700983028562491,1.0,0.97244021258018,0.9345033090474771,0.91343332133341,0.892115589696088,0.87415200942118,0.8523776298236879,0.832045862064166,0.811905985225433,0.789992542076628,0.770655866580854,0.758283800237139,0.7460060553913471,0.7324294017739921,0.72273050481637,0.7143873024750171,0.7021238944046179,0.685118094744833,0.675056765336242,0.641423330388918,0.613121411015965,0.5744139745800749,0.501965624945528,0.40419290203721703,0.278806689258323,0.16792983668266598,0.130573481368489
0.620359654974114,0.784431587233692,0.854655482874533,0.8958499983753531,0.9374769164680071,0.97244021258018,1.0,0.976562306133517,0.9536669905227328,0.929575871804849,0.912354917629515,0.888811536491068,0.8680793613830909,0.8485113408580309,0.82845319276053,0.80918732648157,0.799100523245235,0.788650837725805,0.7731897830742271,0.762546602444348,0.754316482214284,0.7430292810343041,0.724722519111021,0.7119805906338491,0.678656219203374,0.649669264568386,0.609949995335355,0.532383574639335,0.42537094586741,0.283552251872698,0.183627882758736,0.149516264997949
0.5932563603003019,0.7549834632615071,0.8243297510892621,0.8661548288993929,0.9024702945510559,0.9345033090474771,0.976562306133517,1.0,0.9809141494015909,0.957912535133874,0.9387754534115559,0.9126292779054449,0.8920056883652251,0.8699971775973141,0.852140474771511,0.8330217832836491,0.823981333818803,0.8118796170201759,0.7952587772162959,0.7828474083858041,0.7758962059048159,0.765375059579143,0.7459797470504259,0.731462592830432,0.698125640371891,0.668019501082777,0.6265878987489649,0.5517512958895749,0.440740665960185,0.289407912853994,0.200660094054443,0.17702676955695898
0.587244610816264,0.7456619463557491,0.811462995998943,0.8503744518980629,0.884378853715124,0.91343332133341,0.9536669905227328,0.9809141494015909,1.0,0.9827121827430741,0.962089396079519,0.9339264397534829,0.913978320045647,0.8911859631424609,0.8720260381329592,0.852819313692389,0.842801359415095,0.8308018957101619,0.813299192232031,0.79992316591399,0.790717652170093,0.780560545635528,0.7627062735882572,0.7468100187330219,0.7138881728163691,0.682994608429891,0.6429834394797479,0.5696956038606851,0.46335249299712106,0.31556135671632,0.228006714148114,0.199082502556422
0.565378055999292,0.731607765928287,0.796170377352958,0.835931917306672,0.866507716758548,0.892115589696088,0.929575871804849,0.957912535133874,0.9827121827430741,1.0,0.98359334079827,0.9564327965556559,0.9358076170947031,0.9119775729527941,0.8929892039447491,0.872065828911101,0.86098061309046,0.8487264923762421,0.8301695850937891,0.8161028125167741,0.8068287711158101,0.795370503685188,0.7766378516301271,0.760783768296756,0.730227051690371,0.701020209362811,0.663950623766184,0.5912762887331321,0.48361770020944295,0.334859042123812,0.246965404867855,0.209432196498285
0.545017075156686,0.719127292908265,0.7792936471513471,0.8184858275304822,0.8484411022345459,0.87415200942118,0.912354917629515,0.9387754534115559,0.962089396079519,0.98359334079827,1.0,0.9824891113164079,0.9624322315161221,0.9393201581515621,0.920184823125743,0.8984630569320391,0.886131011666715,0.8727838693470921,0.8530929363726729,0.8390910956654741,0.8275423455965841,0.8144040438810791,0.7981512110062831,0.7822757583167759,0.75114541311113,0.7241378663501421,0.6892380940430501,0.6145993333426129,0.502901507333588,0.351108105725545,0.25872407959073895,0.22692353154084602
0.523379421772185,0.702851180802923,0.7611693290915541,0.7981129241552339,0.826394530404193,0.8523776298236879,0.888811536491068,0.9126292779054449,0.9339264397534829,0.9564327965556559,0.9824891113164079,1.0,0.9854497468566351,0.9631235343436,0.944442178112572,0.923145689819037,0.907678931192719,0.893684673873311,0.875641759350538,0.8620074710509449,0.84844627931357,0.834080171704915,0.8172241220433042,0.801404766678477,0.773274736645545,0.7482509162682199,0.715127219954402,0.643885586819973,0.533722194702469,0.37880892560904494,0.281606905132552,0.239878440854642
0.498305762111938,0.6837585895338139,0.746540619628965,0.7830053118912109,0.809203151647754,0.832045862064166,0.8680793613830909,0.8920056883652251,0.913978320045647,0.9358076170947031,0.9624322315161221,0.9854497468566351,1.0,0.984565325650064,0.9667022450271279,0.9457279928162541,0.9278120030953659,0.9126315699476829,0.8942814972281179,0.881525203315672,0.868668333817874,0.8533214474337489,0.837049764227145,0.821851812083304,0.795911875232445,0.773550310713295,0.7410546811420708,0.670312749635174,0.5589467751799959,0.398011618838772,0.293060893974669,0.24991256422014102
0.48250164100702503,0.664642708155246,0.731677471099076,0.7639900448661999,0.7871093123947,0.811905985225433,0.8485113408580309,0.8699971775973141,0.8911859631424609,0.9119775729527941,0.9393201581515621,0.9631235343436,0.984565325650064,1.0,0.9878029186313321,0.968810560201567,0.951373633389752,0.9363241714181921,0.9180952559552691,0.9054333277566909,0.8915062069093449,0.875732306315718,0.8585364408971651,0.844136551953049,0.8174227647491279,0.79656696719414,0.7617645086551429,0.692575426269766,0.5840905604684089,0.430282714158943,0.319739185980023,0.26642658629724497
0.464142354613389,0.642947114387304,0.71366162094459,0.7439153675874459,0.766431723467393,0.789992542076628,0.82845319276053,0.852140474771511,0.8720260381329592,0.8929892039447491,0.920184823125743,0.944442178112572,0.9667022450271279,0.9878029186313321,1.0,0.9881389537825049,0.969791320005437,0.952494914743975,0.9331060603619158,0.9206280402075079,0.9066539618868199,0.893380200527028,0.875241955422184,0.8612088254482131,0.834163393691198,0.815223616082555,0.7817827003829929,0.715912908346355,0.604602507555198,0.449589721490932,0.331195042528068,0.27371785784422503
0.446581912530116,0.6273767675833921,0.699424334155663,0.7297425959217149,0.7496447634942379,0.770655866580854,0.80918732648157,0.8330217832836491,0.852819313692389,0.872065828911101,0.8984630569320391,0.923145689819037,0.9457279928162541,0.968810560201567,0.9881389537825049,1.0,0.9863794527952321,0.9688346347799809,0.948455952880123,0.936083935265702,0.9222658624125871,0.9101638905037109,0.889853294908707,0.8743663656807509,0.8455459946515791,0.826547776430433,0.7910803402893192,0.7256034408458241,0.61364324217649,0.45733750012732594,0.340028223883885,0.27046538784498003
0.440668325113461,0.617566067571946,0.687766450354314,0.718900195451602,0.73616797872785,0.758283800237139,0.799100523245235,0.823981333818803,0.842801359415095,0.86098061309046,0.886131011666715,0.907678931192719,0.9278120030953659,0.951373633389752,0.969791320005437,0.9863794527952321,1.0,0.9885088041192779,0.96864406852957,0.955905539454083,0.9417949368820849,0.9272854571649308,0.906466340240351,0.8914659387959071,0.85988066024472,0.8378148645282242,0.8014355906615931,0.737616439908828,0.625691645342629,0.465787229969094,0.36263740825495205,0.285105808148546
0.441748612050005,0.6083580213647939,0.6737955054708001,0.7068708337586831,0.7237429495820871,0.7460060553913471,0.788650837725805,0.8118796170201759,0.8308018957101619,0.8487264923762421,0.8727838693470921,0.893684673873311,0.9126315699476829,0.9363241714181921,0.952494914743975,0.9688346347799809,0.9885088041192779,1.0,0.984097994287065,0.9702563837822579,0.956306891200256,0.940474146202614,0.918734966244375,0.9030002597727479,0.869674729003057,0.846825857301992,0.8107091695774581,0.7438983658509352,0.6225952669887671,0.4621473929399911,0.37032581813067494,0.302502574106175
0.42589003618126103,0.5920642931783989,0.663284229763349,0.697791952809543,0.711539273934076,0.7324294017739921,0.7731897830742271,0.7952587772162959,0.813299192232031,0.8301695850937891,0.8530929363726729,0.875641759350538,0.8942814972281179,0.9180952559552691,0.9331060603619158,0.948455952880123,0.96864406852957,0.984097994287065,1.0,0.9877685811848029,0.9730912463813121,0.9557801471257779,0.9329178022286451,0.919021725408343,0.8886840061233791,0.8652859439953001,0.824769511013972,0.759211876447682,0.64863062168566,0.4928433715999821,0.39310830677011793,0.30972318079996997
0.41416961545883796,0.580507883336214,0.6553612139523071,0.689625808398083,0.701478928062236,0.72273050481637,0.762546602444348,0.7828474083858041,0.79992316591399,0.8161028125167741,0.8390910956654741,0.8620074710509449,0.881525203315672,0.9054333277566909,0.9206280402075079,0.936083935265702,0.955905539454083,0.9702563837822579,0.9877685811848029,1.0,0.988415746232908,0.9713630753528941,0.949398720197505,0.9341063229478019,0.902540292242129,0.8780398910893159,0.837034778941025,0.772015530529163,0.660303062662166,0.506831182120575,0.410429736982565,0.30650053972866803
0.40882241952157294,0.5703883249767061,0.645843721660719,0.681652590983059,0.6935160070081359,0.7143873024750171,0.754316482214284,0.7758962059048159,0.790717652170093,0.8068287711158101,0.8275423455965841,0.84844627931357,0.868668333817874,0.8915062069093449,0.9066539618868199,0.9222658624125871,0.9417949368820849,0.956306891200256,0.9730912463813121,0.988415746232908,1.0,0.984837972904779,0.961454026466521,0.9438083622205551,0.911804716208473,0.886882237209458,0.84339775886002,0.777823895667506,0.663196579620052,0.501020753039625,0.402799943154935,0.30255710479363396
0.398086072396252,0.5553913509912429,0.630007558803714,0.6698674814452961,0.681855133055445,0.7021238944046179,0.7430292810343041,0.765375059579143,0.780560545635528,0.795370503685188,0.8144040438810791,0.834080171704915,0.8533214474337489,0.875732306315718,0.893380200527028,0.9101638905037109,0.9272854571649308,0.940474146202614,0.9557801471257779,0.9713630753528941,0.984837972904779,1.0,0.9837576298189591,0.964366029753125,0.9340606645718109,0.906257868730014,0.860679488079981,0.789452543590918,0.670648991491273,0.5031624998683489,0.403612359642163,0.314540906052563
0.38908505813501293,0.547404504647692,0.619377568072192,0.6542413161105419,0.6668514275980749,0.685118094744833,0.724722519111021,0.7459797470504259,0.7627062735882572,0.7766378516301271,0.7981512110062831,0.8172241220433042,0.837049764227145,0.8585364408971651,0.875241955422184,0.889853294908707,0.906466340240351,0.918734966244375,0.9329178022286451,0.949398720197505,0.961454026466521,0.9837576298189591,1.0,0.98149639387097,0.9492619896514849,0.9173267754192191,0.871732897514516,0.793634769049792,0.6644071359268979,0.500610562086173,0.40163375832885795,0.320276598632419
0.38199991502408703,0.541490914623206,0.61484194344415,0.646226369939043,0.6570949495591889,0.675056765336242,0.7119805906338491,0.731462592830432,0.7468100187330219,0.760783768296756,0.7822757583167759,0.801404766678477,0.821851812083304,0.844136551953049,0.8612088254482131,0.8743663656807509,0.8914659387959071,0.9030002597727479,0.919021725408343,0.9341063229478019,0.9438083622205551,0.964366029753125,0.98149639387097,1.0,0.9760257477197859,0.9418840515944991,0.894533870553717,0.8138255895807821,0.6897879468455171,0.524652484864802,0.41690844613024103,0.32709549579412
0.359564260550785,0.5143213980117259,0.586898457366324,0.6171747619670961,0.6253592182449339,0.641423330388918,0.678656219203374,0.698125640371891,0.7138881728163691,0.730227051690371,0.75114541311113,0.773274736645545,0.795911875232445,0.8174227647491279,0.834163393691198,0.8455459946515791,0.85988066024472,0.869674729003057,0.8886840061233791,0.902540292242129,0.911804716208473,0.9340606645718109,0.9492619896514849,0.9760257477197859,1.0,0.9741827036257149,0.930614804048751,0.848446364871725,0.7359532325661279,0.565564616987145,0.458240570662181,0.345359800125565
0.341986859801954,0.49890446996640503,0.568597962741761,0.593071893446496,0.599667631384333,0.613121411015965,0.649669264568386,0.668019501082777,0.682994608429891,0.701020209362811,0.7241378663501421,0.7482509162682199,0.773550310713295,0.79656696719414,0.815223616082555,0.826547776430433,0.8378148645282242,0.846825857301992,0.8652859439953001,0.8780398910893159,0.886882237209458,0.906257868730014,0.9173267754192191,0.9418840515944991,0.9741827036257149,1.0,0.967478163761718,0.895238149516629,0.7756754675799079,0.598344587285726,0.484841315502534,0.3530153992318879
0.325806050356711,0.46542401342229406,0.5302812157070229,0.550762741230159,0.5606109683602789,0.5744139745800749,0.609949995335355,0.6265878987489649,0.6429834394797479,0.663950623766184,0.6892380940430501,0.715127219954402,0.7410546811420708,0.7617645086551429,0.7817827003829929,0.7910803402893192,0.8014355906615931,0.8107091695774581,0.824769511013972,0.837034778941025,0.84339775886002,0.860679488079981,0.871732897514516,0.894533870553717,0.930614804048751,0.967478163761718,1.0,0.937808021602073,0.8113510787610381,0.631269606507376,0.5390211945480959,0.359288961632721
0.276185082523732,0.38938804920030395,0.45356024486500396,0.474215214628134,0.486859756542622,0.501965624945528,0.532383574639335,0.5517512958895749,0.5696956038606851,0.5912762887331321,0.6145993333426129,0.643885586819973,0.670312749635174,0.692575426269766,0.715912908346355,0.7256034408458241,0.737616439908828,0.7438983658509352,0.759211876447682,0.772015530529163,0.777823895667506,0.789452543590918,0.793634769049792,0.8138255895807821,0.848446364871725,0.895238149516629,0.937808021602073,1.0,0.9081908890420402,0.7320514800829491,0.612887278969152,0.39079783015950603
0.208011218892958,0.295408547748879,0.36284846422022604,0.378133262215274,0.38807688889308506,0.40419290203721703,0.42537094586741,0.440740665960185,0.46335249299712106,0.48361770020944295,0.502901507333588,0.533722194702469,0.5589467751799959,0.5840905604684089,0.604602507555198,0.61364324217649,0.625691645342629,0.6225952669887671,0.64863062168566,0.660303062662166,0.663196579620052,0.670648991491273,0.6644071359268979,0.6897879468455171,0.7359532325661279,0.7756754675799079,0.8113510787610381,0.9081908890420402,1.0,0.850590530726929,0.669448324916422,0.396007157104031
0.123292596180534,0.19336550331811997,0.24612951111282602,0.256291465020405,0.268698937975084,0.278806689258323,0.283552251872698,0.289407912853994,0.31556135671632,0.334859042123812,0.351108105725545,0.37880892560904494,0.398011618838772,0.430282714158943,0.449589721490932,0.45733750012732594,0.465787229969094,0.4621473929399911,0.4928433715999821,0.506831182120575,0.501020753039625,0.5031624998683489,0.500610562086173,0.524652484864802,0.565564616987145,0.598344587285726,0.631269606507376,0.7320514800829491,0.850590530726929,1.0,0.7962734182291409,0.401326593162613
0.0475502163109072,0.11487824849878099,0.14587305590059801,0.154029429783306,0.16103595848149402,0.16792983668266598,0.183627882758736,0.200660094054443,0.228006714148114,0.246965404867855,0.25872407959073895,0.281606905132552,0.293060893974669,0.319739185980023,0.331195042528068,0.340028223883885,0.36263740825495205,0.37032581813067494,0.39310830677011793,0.410429736982565,0.402799943154935,0.403612359642163,0.40163375832885795,0.41690844613024103,0.458240570662181,0.484841315502534,0.5390211945480959,0.612887278969152,0.669448324916422,0.7962734182291409,1.0,0.5022763782950971
0.0025629057989374,0.0897183455447222,0.11500847501813902,0.12030418307416199,0.13522721724134498,0.130573481368489,0.149516264997949,0.17702676955695898,0.199082502556422,0.209432196498285,0.22692353154084602,0.239878440854642,0.24991256422014102,0.26642658629724497,0.27371785784422503,0.27046538784498003,0.285105808148546,0.302502574106175,0.30972318079996997,0.30650053972866803,0.30255710479363396,0.314540906052563,0.320276598632419,0.32709549579412,0.345359800125565,0.3530153992318879,0.359288961632721,0.39079783015950603,0.396007157104031,0.401326593162613,0.5022763782950971,1.0
