1.0,0.766793299235833,0.652808273159743,0.583226103378265,0.541078312342085,0.46539242168645,0.42091182132171795,0.380823770315293,0.332023617766214,0.292435899321709,0.257598041555436,0.202991134155368,0.14403771136578197,0.102932160965176,0.0613802542611289,0.0196142323164292,0.017522863325490003,0.0504760079526503,0.0921553721887433,0.141585113892075,0.18421760768010398,0.207026782088583,0.21086624550912897,0.227924899115007,0.205565958120338,0.20762645630471804,0.23000210261670198,0.155136083730388,0.19750935880680698,0.20539608673610502,0.216959249364957,0.12372215717012401
0.766793299235833,1.0,0.9277923304428459,0.846929192575632,0.8001497324429742,0.753018491853024,0.712408031145305,0.6702661117648371,0.615992243106158,0.567877812286694,0.526082428950664,0.468255534084734,0.408867455316405,0.36367185765686294,0.3116089212545661,0.26498438844898603,0.213845953488909,0.17958342691273999,0.13385858391428399,0.0822947114412414,0.0378485684457343,0.0136429177544287,0.012823085495472002,0.0456644782310053,0.0567495704192776,0.0893731851136737,0.115190653989055,0.066067315572193,0.0956157151726839,0.120483493825323,0.144031754510682,0.14027327231627898
0.652808273159743,0.9277923304428459,1.0,0.95060421969147,0.9043912677344871,0.855685826786086,0.813123263921365,0.7711651094795009,0.719565875872899,0.669312735194048,0.624509746946469,0.5705655109890461,0.5131687330178161,0.465750477651102,0.41626792917729705,0.366004021913847,0.314007469630589,0.279980415805284,0.23483747756308604,0.18373297582990802,0.13777222985578,0.10923349991816302,0.0745580996745756,0.0347320309665364,0.0125085832035441,0.028757460037469,0.0601875044369367,0.0344204736981557,0.0462593817309661,0.0714323706559906,0.0919774661092396,0.12160154260019801
0.583226103378265,0.846929192575632,0.95060421969147,1.0,0.9619458114782441,0.9073548348800409,0.863812987597103,0.8200463095312801,0.770528068360054,0.7234100146114871,0.676445949347635,0.6227280516153431,0.562957728504318,0.514297277573789,0.46204577147573,0.41519814256093,0.364073906177398,0.329404757342805,0.285392809257758,0.23779985623550698,0.189569764843165,0.157820614936904,0.118275614913825,0.0769957254939578,0.0463935948731336,0.00575663783869065,0.0419882336061176,0.0121650579094994,0.0150768357911388,0.0432416732154162,0.0683749286234119,0.11610501559361501
0.541078312342085,0.8001497324429742,0.9043912677344871,0.9619458114782441,1.0,0.9507929407973119,0.9088022087019699,0.8638248837031379,0.820309540793138,0.776483274513973,0.7315162106411229,0.677511737066731,0.6180609767999289,0.571410667479054,0.520625484092873,0.47634169664147796,0.423352949885315,0.39015164387426504,0.347220757864199,0.301159862562007,0.252025564664023,0.21583607638166302,0.17370520394155897,0.130384141793996,0.094937834053727,0.0453057543822799,0.010413263832288999,0.0246998292575741,0.0190392399914582,0.0145305847405952,0.0389092957102041,0.0894798649989445
0.46539242168645,0.753018491853024,0.855685826786086,0.9073548348800409,0.9507929407973119,1.0,0.9722350473059829,0.9284823439948291,0.8911165522329358,0.851565318049843,0.8075692074736359,0.760724060053485,0.7051562905166558,0.663526860341673,0.620239928473936,0.5801859756466949,0.5282401561707021,0.49543225465757507,0.452621700961844,0.40945263484559996,0.360818769816343,0.318419819108338,0.273024177654871,0.22762849250662098,0.177377938726043,0.11690946818433401,0.0793517433693256,0.0687801118896769,0.0687461769839797,0.0421073549702938,0.0237831268984895,0.0758109382413871
0.42091182132171795,0.712408031145305,0.813123263921365,0.863812987597103,0.9088022087019699,0.9722350473059829,1.0,0.977700831486346,0.942995981740889,0.9068404920088879,0.8676300949448009,0.822093942900573,0.7696617805876529,0.726692130280433,0.68298077175166,0.644263978507675,0.5928254493416372,0.5596319256269521,0.51559583933166,0.470401926899479,0.418947272420512,0.37421556412759704,0.32756369734794893,0.27878641403655396,0.220840309964602,0.15561791275475303,0.116738571849229,0.093137603549751,0.0995430008159233,0.0779568828620193,0.0552388934084656,0.0774095249754762
0.380823770315293,0.6702661117648371,0.7711651094795009,0.8200463095312801,0.8638248837031379,0.9284823439948291,0.977700831486346,1.0,0.9813278607072091,0.9471094990218321,0.9103876292280909,0.8685645125463629,0.8225388224060871,0.780039675606948,0.7381447450729529,0.700521144998042,0.6506808671783061,0.6189967495251539,0.574937878061028,0.5283737423139311,0.47368775507484795,0.42746381083079504,0.378973184044616,0.328351148816035,0.262562505281818,0.194820112757827,0.15787672455833202,0.116679207564914,0.13170193110169198,0.11763640290527001,0.0978632867120807,0.0528043772946913
0.332023617766214,0.615992243106158,0.719565875872899,0.770528068360054,0.820309540793138,0.8911165522329358,0.942995981740889,0.9813278607072091,1.0,0.9782662957773459,0.945099612382215,0.910453979033173,0.8715878379037951,0.833249280657645,0.7931992396658101,0.756379525678234,0.710644712619557,0.6805357361557428,0.6401145274811121,0.595805135495793,0.541512618759422,0.4937466753793371,0.440468298991386,0.38783014393608006,0.31119536273269705,0.235324175898083,0.196999386925807,0.144467188970902,0.172133390686532,0.163964118009575,0.148465372456164,0.027829746362729998
0.292435899321709,0.567877812286694,0.669312735194048,0.7234100146114871,0.776483274513973,0.851565318049843,0.9068404920088879,0.9471094990218321,0.9782662957773459,1.0,0.9740323718782758,0.9454720510949659,0.908047720441256,0.8731857354191249,0.8380467130067,0.804900712217622,0.761493784014578,0.7325414935163291,0.6959831770231639,0.651712752594219,0.598128199528939,0.5487643300600871,0.495846252644141,0.44078986922383895,0.356226043371758,0.27260435201260996,0.230983274522798,0.16745016290748901,0.20456718458191603,0.196093745355473,0.183463673738749,0.0058299639830886
0.257598041555436,0.526082428950664,0.624509746946469,0.676445949347635,0.7315162106411229,0.8075692074736359,0.8676300949448009,0.9103876292280909,0.945099612382215,0.9740323718782758,1.0,0.98015096214081,0.9487155785959069,0.9171713634052192,0.8861010698292379,0.8554691838507199,0.8148209349290609,0.7863567085048281,0.7520376934552958,0.708771876723831,0.6551432273979529,0.611492029565633,0.562543588165425,0.509234220126568,0.41904579871081205,0.325781812410786,0.285585682541033,0.213405001914682,0.25828549156832004,0.25180897452261,0.238725678007233,0.0149455063469689
0.202991134155368,0.468255534084734,0.5705655109890461,0.6227280516153431,0.677511737066731,0.760724060053485,0.822093942900573,0.8685645125463629,0.910453979033173,0.9454720510949659,0.98015096214081,1.0,0.982000061742869,0.955686516660246,0.9288349139642379,0.900634541480067,0.8660445602265179,0.8431223612806881,0.8147770836011891,0.774447912260315,0.725963717607852,0.6840290001583871,0.6415143128852491,0.5863709441231,0.49106807020829996,0.38791961757028603,0.34219587513849,0.25520722497078,0.32923303806718,0.32550854608165397,0.308694121819843,0.0515974061357423
0.14403771136578197,0.408867455316405,0.5131687330178161,0.562957728504318,0.6180609767999289,0.7051562905166558,0.7696617805876529,0.8225388224060871,0.8715878379037951,0.908047720441256,0.9487155785959069,0.982000061742869,1.0,0.98677974478093,0.962694607257756,0.936645047525995,0.907768294390794,0.8886240322037839,0.8621268877989119,0.82593016996205,0.7787599993085791,0.7361030936679159,0.6863190857929711,0.629923328660797,0.52266681856533,0.41510177492561295,0.37506039811872793,0.275270456443188,0.363136966616791,0.37175438396432303,0.35939005223020204,0.086545433795535
0.102932160965176,0.36367185765686294,0.465750477651102,0.514297277573789,0.571410667479054,0.663526860341673,0.726692130280433,0.780039675606948,0.833249280657645,0.8731857354191249,0.9171713634052192,0.955686516660246,0.98677974478093,1.0,0.9865666454028299,0.963526843243092,0.937387982083523,0.922925236561863,0.9004483076165369,0.8666284833327779,0.821684334044688,0.7819227511958109,0.731443658698059,0.6739205443649631,0.56214258302365,0.45332077655010106,0.41429369487329404,0.29637137548347103,0.389856408414346,0.403481839122683,0.400232594065374,0.113638817075279
0.0613802542611289,0.3116089212545661,0.41626792917729705,0.46204577147573,0.520625484092873,0.620239928473936,0.68298077175166,0.7381447450729529,0.7931992396658101,0.8380467130067,0.8861010698292379,0.9288349139642379,0.962694607257756,0.9865666454028299,1.0,0.98470773358812,0.9631700860567479,0.9505045641665419,0.9303979386049859,0.8994062082233331,0.858149241922043,0.817132257312527,0.77088180864014,0.7145768116957409,0.606567150161516,0.503450258364001,0.46242397799935897,0.319654185724818,0.42125476885462,0.434829248148281,0.434000331757996,0.131637839583714
0.0196142323164292,0.26498438844898603,0.366004021913847,0.41519814256093,0.47634169664147796,0.5801859756466949,0.644263978507675,0.700521144998042,0.756379525678234,0.804900712217622,0.8554691838507199,0.900634541480067,0.936645047525995,0.963526843243092,0.98470773358812,1.0,0.9864478899922371,0.9728649050169329,0.95366375869002,0.9254777335420541,0.8856275053701371,0.846384936498024,0.801184057122042,0.7449512805342059,0.631671824263158,0.5296432907191321,0.490479945284914,0.381124975244437,0.469805075981325,0.47277081576046703,0.46881379332669504,0.15675346870785198
0.017522863325490003,0.213845953488909,0.314007469630589,0.364073906177398,0.423352949885315,0.5282401561707021,0.5928254493416372,0.6506808671783061,0.710644712619557,0.761493784014578,0.8148209349290609,0.8660445602265179,0.907768294390794,0.937387982083523,0.9631700860567479,0.9864478899922371,1.0,0.9882487739408359,0.9722527445595279,0.9492264028006608,0.912789838643879,0.8759953490280171,0.831099570749729,0.775640254148391,0.659835495810751,0.5576505992062021,0.52007376421581,0.42374151342886,0.515967109631547,0.517232492807211,0.509640256512421,0.185539010541871
0.0504760079526503,0.17958342691273999,0.279980415805284,0.329404757342805,0.39015164387426504,0.49543225465757507,0.5596319256269521,0.6189967495251539,0.6805357361557428,0.7325414935163291,0.7863567085048281,0.8431223612806881,0.8886240322037839,0.922925236561863,0.9505045641665419,0.9728649050169329,0.9882487739408359,1.0,0.9893616430050759,0.965967934128897,0.931368966463139,0.898571399459378,0.8593159297971709,0.803731277627748,0.6868661666256739,0.5817375039354289,0.5425967839401721,0.431229476877596,0.53656111130683,0.538570735900793,0.537481090184999,0.207884705826719
0.0921553721887433,0.13385858391428399,0.23483747756308604,0.285392809257758,0.347220757864199,0.452621700961844,0.51559583933166,0.574937878061028,0.6401145274811121,0.6959831770231639,0.7520376934552958,0.8147770836011891,0.8621268877989119,0.9004483076165369,0.9303979386049859,0.95366375869002,0.9722527445595279,0.9893616430050759,1.0,0.9863634330303491,0.95655936495773,0.9228739379755129,0.885232098613119,0.8313518309515071,0.7126088360323108,0.605528089404028,0.566299103106852,0.440867557605647,0.558192194290179,0.5579394205310191,0.558139822249831,0.226305360612844
0.141585113892075,0.0822947114412414,0.18373297582990802,0.23779985623550698,0.301159862562007,0.40945263484559996,0.470401926899479,0.5283737423139311,0.595805135495793,0.651712752594219,0.708771876723831,0.774447912260315,0.82593016996205,0.8666284833327779,0.8994062082233331,0.9254777335420541,0.9492264028006608,0.965967934128897,0.9863634330303491,1.0,0.9827871663397141,0.946413741709228,0.902503110049523,0.8569689085578391,0.740831519979029,0.6355339730671109,0.5948627690947911,0.4582026431836479,0.57935579291494,0.584297262766265,0.580353787109464,0.238777950671555
0.18421760768010398,0.0378485684457343,0.13777222985578,0.189569764843165,0.252025564664023,0.360818769816343,0.418947272420512,0.47368775507484795,0.541512618759422,0.598128199528939,0.6551432273979529,0.725963717607852,0.7787599993085791,0.821684334044688,0.858149241922043,0.8856275053701371,0.912789838643879,0.931368966463139,0.95655936495773,0.9827871663397141,1.0,0.97441970913399,0.93496493231408,0.8966657307311221,0.7881613165550161,0.682019343702583,0.636942970250031,0.483681761715159,0.616940664296287,0.616591277865008,0.608347118205432,0.262100141099409
0.207026782088583,0.0136429177544287,0.10923349991816302,0.157820614936904,0.21583607638166302,0.318419819108338,0.37421556412759704,0.42746381083079504,0.4937466753793371,0.5487643300600871,0.611492029565633,0.6840290001583871,0.7361030936679159,0.7819227511958109,0.817132257312527,0.846384936498024,0.8759953490280171,0.898571399459378,0.9228739379755129,0.946413741709228,0.97441970913399,1.0,0.9746675571972769,0.952387423704446,0.867113360764743,0.7582929143849041,0.721511715112253,0.55822132121805,0.688499626161578,0.6883666655936851,0.669888528961774,0.29431923109726
0.21086624550912897,0.012823085495472002,0.0745580996745756,0.118275614913825,0.17370520394155897,0.273024177654871,0.32756369734794893,0.378973184044616,0.440468298991386,0.495846252644141,0.562543588165425,0.6415143128852491,0.6863190857929711,0.731443658698059,0.77088180864014,0.801184057122042,0.831099570749729,0.8593159297971709,0.885232098613119,0.902503110049523,0.93496493231408,0.9746675571972769,1.0,0.9824093467811591,0.9163730489705769,0.811476194385697,0.763221294139203,0.568580307402737,0.7209367633074659,0.7180657055652391,0.7012364962623849,0.316579566060882
0.227924899115007,0.0456644782310053,0.0347320309665364,0.0769957254939578,0.130384141793996,0.22762849250662098,0.27878641403655396,0.328351148816035,0.38783014393608006,0.44078986922383895,0.509234220126568,0.5863709441231,0.629923328660797,0.6739205443649631,0.7145768116957409,0.7449512805342059,0.775640254148391,0.803731277627748,0.8313518309515071,0.8569689085578391,0.8966657307311221,0.952387423704446,0.9824093467811591,1.0,0.958705446717876,0.8553471322345841,0.8111629499553069,0.597727541507371,0.74606537675642,0.75184768331085,0.733623848284937,0.33617688278978103
0.205565958120338,0.0567495704192776,0.0125085832035441,0.0463935948731336,0.094937834053727,0.177377938726043,0.220840309964602,0.262562505281818,0.31119536273269705,0.356226043371758,0.41904579871081205,0.49106807020829996,0.52266681856533,0.56214258302365,0.606567150161516,0.631671824263158,0.659835495810751,0.6868661666256739,0.7126088360323108,0.740831519979029,0.7881613165550161,0.867113360764743,0.9163730489705769,0.958705446717876,1.0,0.950602113910404,0.904972441181872,0.642161098164063,0.795699270310032,0.8010519693371471,0.7795752671540941,0.349172020065881
0.20762645630471804,0.0893731851136737,0.028757460037469,0.00575663783869065,0.0453057543822799,0.11690946818433401,0.15561791275475303,0.194820112757827,0.235324175898083,0.27260435201260996,0.325781812410786,0.38791961757028603,0.41510177492561295,0.45332077655010106,0.503450258364001,0.5296432907191321,0.5576505992062021,0.5817375039354289,0.605528089404028,0.6355339730671109,0.682019343702583,0.7582929143849041,0.811476194385697,0.8553471322345841,0.950602113910404,1.0,0.975688661376055,0.6999042138147579,0.8128231400519671,0.8034334798302041,0.7911239222876311,0.358670741553073
0.23000210261670198,0.115190653989055,0.0601875044369367,0.0419882336061176,0.010413263832288999,0.0793517433693256,0.116738571849229,0.15787672455833202,0.196999386925807,0.230983274522798,0.285585682541033,0.34219587513849,0.37506039811872793,0.41429369487329404,0.46242397799935897,0.490479945284914,0.52007376421581,0.5425967839401721,0.566299103106852,0.5948627690947911,0.636942970250031,0.721511715112253,0.763221294139203,0.8111629499553069,0.904972441181872,0.975688661376055,1.0,0.751999704201496,0.82025640788434,0.812266865276504,0.788511354304322,0.3569600904932129
0.155136083730388,0.066067315572193,0.0344204736981557,0.0121650579094994,0.0246998292575741,0.0687801118896769,0.093137603549751,0.116679207564914,0.144467188970902,0.16745016290748901,0.213405001914682,0.25520722497078,0.275270456443188,0.29637137548347103,0.319654185724818,0.381124975244437,0.42374151342886,0.431229476877596,0.440867557605647,0.4582026431836479,0.483681761715159,0.55822132121805,0.568580307402737,0.597727541507371,0.642161098164063,0.6999042138147579,0.751999704201496,1.0,0.8919379601336859,0.786371083102082,0.7123199087442019,0.35518729534832894
0.19750935880680698,0.0956157151726839,0.0462593817309661,0.0150768357911388,0.0190392399914582,0.0687461769839797,0.0995430008159233,0.13170193110169198,0.172133390686532,0.20456718458191603,0.25828549156832004,0.32923303806718,0.363136966616791,0.389856408414346,0.42125476885462,0.469805075981325,0.515967109631547,0.53656111130683,0.558192194290179,0.57935579291494,0.616940664296287,0.688499626161578,0.7209367633074659,0.74606537675642,0.795699270310032,0.8128231400519671,0.82025640788434,0.8919379601336859,1.0,0.9517579663757031,0.862757176740808,0.40845367471771293
0.20539608673610502,0.120483493825323,0.0714323706559906,0.0432416732154162,0.0145305847405952,0.0421073549702938,0.0779568828620193,0.11763640290527001,0.163964118009575,0.196093745355473,0.25180897452261,0.32550854608165397,0.37175438396432303,0.403481839122683,0.434829248148281,0.47277081576046703,0.517232492807211,0.538570735900793,0.5579394205310191,0.584297262766265,0.616591277865008,0.6883666655936851,0.7180657055652391,0.75184768331085,0.8010519693371471,0.8034334798302041,0.812266865276504,0.786371083102082,0.9517579663757031,1.0,0.9214695389512059,0.42027589354551503
0.216959249364957,0.144031754510682,0.0919774661092396,0.0683749286234119,0.0389092957102041,0.0237831268984895,0.0552388934084656,0.0978632867120807,0.148465372456164,0.183463673738749,0.238725678007233,0.308694121819843,0.35939005223020204,0.400232594065374,0.434000331757996,0.46881379332669504,0.509640256512421,0.537481090184999,0.558139822249831,0.580353787109464,0.608347118205432,0.669888528961774,0.7012364962623849,0.733623848284937,0.7795752671540941,0.7911239222876311,0.788511354304322,0.7123199087442019,0.862757176740808,0.9214695389512059,1.0,0.5102959242434261
0.12372215717012401,0.14027327231627898,0.12160154260019801,0.11610501559361501,0.0894798649989445,0.0758109382413871,0.0774095249754762,0.0528043772946913,0.027829746362729998,0.0058299639830886,0.0149455063469689,0.0515974061357423,0.086545433795535,0.113638817075279,0.131637839583714,0.15675346870785198,0.185539010541871,0.207884705826719,0.226305360612844,0.238777950671555,0.262100141099409,0.29431923109726,0.316579566060882,0.33617688278978103,0.349172020065881,0.358670741553073,0.3569600904932129,0.35518729534832894,0.40845367471771293,0.42027589354551503,0.5102959242434261,1.0
