1.0,0.732952245332963,0.603843671355602,0.556096870211446,0.530261802852528,0.5182308322087761,0.5005523996322839,0.492044226059336,0.48519686325538597,0.484213605379791,0.47318748415147704,0.45560154579530393,0.4439801497652511,0.43006072043838106,0.42173089982702205,0.41580274568434705,0.405366171812414,0.391086650869757,0.371684829343668,0.36437053472355896,0.3604614982915661,0.36132323953583295,0.34785950610651895,0.335459507751221,0.323462557925893,0.300456386056235,0.29698900729646804,0.269266670475991,0.21631358831974498,0.116409770359606,0.0812578445930471,0.0264034889622178
0.732952245332963,1.0,0.914814003117799,0.853523198047503,0.81939223307254,0.7965436551890379,0.7782871731600809,0.762133819865935,0.7504573139332159,0.7443935226124929,0.730491511227453,0.7170476916101921,0.699439140266217,0.68185965075405,0.671339315695745,0.667777984882902,0.656515395429116,0.6392665227653019,0.623157841382756,0.612825653591313,0.600235816938854,0.596804473773287,0.58170727726872,0.564633785528611,0.556867824760393,0.539565598376714,0.529618407844967,0.498741574364632,0.41323061000339595,0.226459070439032,0.158561374611712,0.0198148010052327
0.603843671355602,0.914814003117799,1.0,0.9486209836556959,0.908813411935917,0.8842447557465319,0.862805489690867,0.845492300250828,0.8307973326404069,0.824581239193126,0.8109000262643989,0.8001137409008391,0.7807007837063359,0.761447337880034,0.7447382880346272,0.74021195553847,0.7294330923839369,0.7124574459755351,0.6949992083660731,0.684804074701398,0.670629514412976,0.66469579286147,0.649135784277665,0.6320196059726619,0.6237376423800269,0.604405749855619,0.592301741162374,0.5554141615023149,0.461129959579623,0.26239818177655,0.21124159623258,0.0621228271252859
0.556096870211446,0.853523198047503,0.9486209836556959,1.0,0.9698334155864989,0.938596723077745,0.9095044885786658,0.893541480218744,0.877698661871743,0.868521242130593,0.8543185014110629,0.8408435647204091,0.8212746460277629,0.8025214276525329,0.7842169310313081,0.778328141506643,0.7674634971107959,0.75456302321581,0.736282291436925,0.7218896204677578,0.706908464041994,0.699801903547705,0.684256518789621,0.6678454167525589,0.6589523889612541,0.63694100951735,0.6209856201578801,0.579954222656995,0.48365139949814706,0.276962746429169,0.22085334513439897,0.0744616984577466
0.530261802852528,0.81939223307254,0.908813411935917,0.9698334155864989,1.0,0.9773671953450279,0.945075502807198,0.929894817785385,0.912245333188345,0.90143223896007,0.8869725243964829,0.871100740158472,0.8506059882488399,0.830453446335827,0.809571388817378,0.802373046914933,0.7936421540087859,0.7797264313176892,0.7617475880924742,0.7474815525048001,0.7339779516151801,0.72532125202828,0.7106426817294921,0.696975391262371,0.6891332860962479,0.66594682760779,0.647906895939125,0.603639920423762,0.505387039343875,0.302275329130658,0.227691767137224,0.0720150542474356
0.5182308322087761,0.7965436551890379,0.8842447557465319,0.938596723077745,0.9773671953450279,1.0,0.977355876197775,0.96295852106276,0.9442667606202391,0.9301184845796691,0.9143437266568559,0.8991548677934301,0.878341745411126,0.858413980976604,0.8378627296873559,0.8306122273200091,0.8228851136399721,0.8086541582412329,0.7908621002475509,0.777429509683025,0.7657843806968342,0.7569079608280559,0.742373956796083,0.730440156054313,0.72350653020343,0.6972497081369581,0.675605587205352,0.6345913981853821,0.532281957196048,0.31064603186450607,0.22943873967121697,0.0750842392363043
0.5005523996322839,0.7782871731600809,0.862805489690867,0.9095044885786658,0.945075502807198,0.977355876197775,1.0,0.983368596854964,0.9640213396156541,0.948238775527018,0.9323255526626719,0.916768114544958,0.8967879135728879,0.8770629884692629,0.8580106881878209,0.8530749187451708,0.8455403200973259,0.8318982983287729,0.8152166241256009,0.8030915628967009,0.7928394140973342,0.7825056724857192,0.7700592169740009,0.758110032352761,0.7528512004964649,0.7271609853284889,0.7058104225267741,0.6659445523026729,0.5668458131864279,0.343536637515015,0.253886509709042,0.10026475151408401
0.492044226059336,0.762133819865935,0.845492300250828,0.893541480218744,0.929894817785385,0.96295852106276,0.983368596854964,1.0,0.987350981813014,0.9699189729530029,0.9525926003009672,0.937061630913869,0.9167438845200351,0.89583062842887,0.8767344343043759,0.86993808790591,0.8609965114277959,0.8465629034396659,0.8288380441216329,0.8168473322271991,0.8060099648564271,0.7960342775676079,0.7821764346173989,0.7701676744353192,0.765349447295275,0.740071927947019,0.720278199762318,0.6776435716899439,0.57662555185399,0.35265886056211604,0.26080732221235603,0.0922269694262682
0.48519686325538597,0.7504573139332159,0.8307973326404069,0.877698661871743,0.912245333188345,0.9442667606202391,0.9640213396156541,0.987350981813014,1.0,0.988788148849687,0.9708793040184809,0.9547457546549749,0.9347107783931009,0.914119779289455,0.8954664685067241,0.887437024639942,0.8766366942858741,0.860044502815692,0.841427549421241,0.8309927489370931,0.820260494518779,0.809970291853047,0.7951820754629241,0.7831067860013291,0.777895709223683,0.7537620320618491,0.734860756930538,0.6917699909007441,0.59128119294915,0.36604703772859404,0.28029612996514897,0.101703849017973
0.484213605379791,0.7443935226124929,0.824581239193126,0.868521242130593,0.90143223896007,0.9301184845796691,0.948238775527018,0.9699189729530029,0.988788148849687,1.0,0.9862963830802021,0.972091190634173,0.952115768000755,0.930391441371011,0.910511923912255,0.9016749517730251,0.88989208340519,0.872872060594066,0.8557728973170509,0.8472426792546329,0.8369964133308001,0.8281976402081451,0.8151320378747191,0.8040021291542758,0.7978590090958659,0.7736587543520771,0.7553374897325329,0.71338158850583,0.616569551695398,0.384283937055381,0.299980611687014,0.11103101323035
0.47318748415147704,0.730491511227453,0.8109000262643989,0.8543185014110629,0.8869725243964829,0.9143437266568559,0.9323255526626719,0.9525926003009672,0.9708793040184809,0.9862963830802021,1.0,0.9877064608713292,0.968226870954075,0.947020745020873,0.9269577866276321,0.9174325022876251,0.90617138426119,0.8892823684511569,0.8729807328517369,0.8640470951105529,0.8528215684207819,0.844603923902058,0.832133347739097,0.8215083790174009,0.814303732988604,0.787146671668795,0.7679801823494821,0.7264728255217271,0.6274516056735749,0.39103573730420293,0.306105459475756,0.111565516887409
0.45560154579530393,0.7170476916101921,0.8001137409008391,0.8408435647204091,0.871100740158472,0.8991548677934301,0.916768114544958,0.937061630913869,0.9547457546549749,0.972091190634173,0.9877064608713292,1.0,0.988377740366453,0.968792203067322,0.948746671978723,0.936954469099884,0.9246571763518601,0.909161628262629,0.8940119975184742,0.8849661549160258,0.873814318406556,0.865799181848517,0.853771628169702,0.845452762801639,0.8391931863192921,0.813373681253959,0.793317793669897,0.75125177921638,0.648565170799227,0.404782275242296,0.327582366839674,0.126685941297551
0.4439801497652511,0.699439140266217,0.7807007837063359,0.8212746460277629,0.8506059882488399,0.878341745411126,0.8967879135728879,0.9167438845200351,0.9347107783931009,0.952115768000755,0.968226870954075,0.988377740366453,1.0,0.989944070887482,0.9715977553747159,0.9595800902746751,0.9454990001767309,0.929848627876236,0.9150333999635542,0.906114140411994,0.8939166818463009,0.884849035021075,0.873770674640621,0.866027535095645,0.8582236626891321,0.8313526398204448,0.811347023158388,0.769985620099771,0.662154159168365,0.414462555435392,0.340950095003703,0.138002568560869
0.43006072043838106,0.68185965075405,0.761447337880034,0.8025214276525329,0.830453446335827,0.858413980976604,0.8770629884692629,0.89583062842887,0.914119779289455,0.930391441371011,0.947020745020873,0.968792203067322,0.989944070887482,1.0,0.987185731780407,0.974737948659202,0.959894466275985,0.943645659478364,0.928918919523966,0.919481811220874,0.9066654728020258,0.896675952981371,0.884980955539061,0.8762019122526491,0.8676282377179741,0.840509979514546,0.821037203147883,0.780928881164523,0.6714540273121539,0.421454239575293,0.358365265510948,0.15135865252795902
0.42173089982702205,0.671339315695745,0.7447382880346272,0.7842169310313081,0.809571388817378,0.8378627296873559,0.8580106881878209,0.8767344343043759,0.8954664685067241,0.910511923912255,0.9269577866276321,0.948746671978723,0.9715977553747159,0.987185731780407,1.0,0.9903528942745641,0.977463692869729,0.9626799211622521,0.948391863229562,0.9373710505466331,0.923679797352394,0.912815738464893,0.901052093321634,0.8923069221350899,0.8834892463699392,0.8568886259141809,0.839111356628668,0.798056984165447,0.685738395265432,0.429823210349942,0.380609620271128,0.16423175084097
0.41580274568434705,0.667777984882902,0.74021195553847,0.778328141506643,0.802373046914933,0.8306122273200091,0.8530749187451708,0.86993808790591,0.887437024639942,0.9016749517730251,0.9174325022876251,0.936954469099884,0.9595800902746751,0.974737948659202,0.9903528942745641,1.0,0.993011466155033,0.9791619453397981,0.9648911326746659,0.952653965052412,0.9384323796114642,0.9262542449917328,0.9149260260177461,0.905473273910627,0.895568685407048,0.8685173150938951,0.8497118933450329,0.808372438775025,0.6978281548761921,0.446323813172415,0.389937012269349,0.172531459199275
0.405366171812414,0.656515395429116,0.7294330923839369,0.7674634971107959,0.7936421540087859,0.8228851136399721,0.8455403200973259,0.8609965114277959,0.8766366942858741,0.88989208340519,0.90617138426119,0.9246571763518601,0.9454990001767309,0.959894466275985,0.977463692869729,0.993011466155033,1.0,0.989726597969896,0.976155174136859,0.9623393316578861,0.947297235053826,0.9341778446153041,0.9234597411566751,0.9139730637659159,0.903852847979768,0.8768003088035071,0.857840924109647,0.81347253994746,0.7001693805757969,0.44912183274527506,0.390271729367873,0.17478573412978798
0.391086650869757,0.6392665227653019,0.7124574459755351,0.75456302321581,0.7797264313176892,0.8086541582412329,0.8318982983287729,0.8465629034396659,0.860044502815692,0.872872060594066,0.8892823684511569,0.909161628262629,0.929848627876236,0.943645659478364,0.9626799211622521,0.9791619453397981,0.989726597969896,1.0,0.988966553611552,0.9752439517393922,0.9608849301866209,0.945772972946371,0.9344278986674109,0.9253027055349571,0.9146239421686341,0.887180201489097,0.865851495097577,0.8204484103027501,0.7032198800642251,0.450580657834899,0.41485164349779396,0.19547875669068698
0.371684829343668,0.623157841382756,0.6949992083660731,0.736282291436925,0.7617475880924742,0.7908621002475509,0.8152166241256009,0.8288380441216329,0.841427549421241,0.8557728973170509,0.8729807328517369,0.8940119975184742,0.9150333999635542,0.928918919523966,0.948391863229562,0.9648911326746659,0.976155174136859,0.988966553611552,1.0,0.990537111988644,0.976362355411025,0.960852996842832,0.949572081112005,0.93735768605766,0.9265496667341758,0.899244469211542,0.8781580376499679,0.830727666907434,0.7152206647661591,0.457970299337734,0.427139704677632,0.21196358883399102
0.36437053472355896,0.612825653591313,0.684804074701398,0.7218896204677578,0.7474815525048001,0.777429509683025,0.8030915628967009,0.8168473322271991,0.8309927489370931,0.8472426792546329,0.8640470951105529,0.8849661549160258,0.906114140411994,0.919481811220874,0.9373710505466331,0.952653965052412,0.9623393316578861,0.9752439517393922,0.990537111988644,1.0,0.991145003830402,0.975194292349396,0.962820590822355,0.949545990251951,0.9388307959368392,0.912831586933669,0.890808064107474,0.8423663383577141,0.733035150963009,0.46982061525454705,0.4364365603862829,0.22082918381835603
0.3604614982915661,0.600235816938854,0.670629514412976,0.706908464041994,0.7339779516151801,0.7657843806968342,0.7928394140973342,0.8060099648564271,0.820260494518779,0.8369964133308001,0.8528215684207819,0.873814318406556,0.8939166818463009,0.9066654728020258,0.923679797352394,0.9384323796114642,0.947297235053826,0.9608849301866209,0.976362355411025,0.991145003830402,1.0,0.9884357597884041,0.975506377399658,0.961767295190725,0.9499870557795942,0.9267041394285519,0.902415562984467,0.8510020850183041,0.745730929869824,0.48757860575916206,0.45405478117398607,0.23534709913769
0.36132323953583295,0.596804473773287,0.66469579286147,0.699801903547705,0.72532125202828,0.7569079608280559,0.7825056724857192,0.7960342775676079,0.809970291853047,0.8281976402081451,0.844603923902058,0.865799181848517,0.884849035021075,0.896675952981371,0.912815738464893,0.9262542449917328,0.9341778446153041,0.945772972946371,0.960852996842832,0.975194292349396,0.9884357597884041,1.0,0.9877774869759791,0.972353435953763,0.959714358371328,0.9352119650260801,0.9125145155979079,0.8623805961020521,0.754906421796664,0.489519325340314,0.45314540127182,0.238191376749824
0.34785950610651895,0.58170727726872,0.649135784277665,0.684256518789621,0.7106426817294921,0.742373956796083,0.7700592169740009,0.7821764346173989,0.7951820754629241,0.8151320378747191,0.832133347739097,0.853771628169702,0.873770674640621,0.884980955539061,0.901052093321634,0.9149260260177461,0.9234597411566751,0.9344278986674109,0.949572081112005,0.962820590822355,0.975506377399658,0.9877774869759791,1.0,0.988514347016014,0.974613678455316,0.949630977332945,0.927069171594579,0.875701580081133,0.767876842741995,0.502440652379882,0.46596604940814,0.25500693092870197
0.335459507751221,0.564633785528611,0.6320196059726619,0.6678454167525589,0.696975391262371,0.730440156054313,0.758110032352761,0.7701676744353192,0.7831067860013291,0.8040021291542758,0.8215083790174009,0.845452762801639,0.866027535095645,0.8762019122526491,0.8923069221350899,0.905473273910627,0.9139730637659159,0.9253027055349571,0.93735768605766,0.949545990251951,0.961767295190725,0.972353435953763,0.988514347016014,1.0,0.990536959905815,0.9683157778447099,0.942755665514414,0.8904931106449029,0.7823499172115479,0.5139451733667261,0.48089473672261,0.263492504108358
0.323462557925893,0.556867824760393,0.6237376423800269,0.6589523889612541,0.6891332860962479,0.72350653020343,0.7528512004964649,0.765349447295275,0.777895709223683,0.7978590090958659,0.814303732988604,0.8391931863192921,0.8582236626891321,0.8676282377179741,0.8834892463699392,0.895568685407048,0.903852847979768,0.9146239421686341,0.9265496667341758,0.9388307959368392,0.9499870557795942,0.959714358371328,0.974613678455316,0.990536959905815,1.0,0.982672274102316,0.9561432942840999,0.903020045537212,0.7945691463543729,0.520118651287118,0.480711942583963,0.267206016026116
0.300456386056235,0.539565598376714,0.604405749855619,0.63694100951735,0.66594682760779,0.6972497081369581,0.7271609853284889,0.740071927947019,0.7537620320618491,0.7736587543520771,0.787146671668795,0.813373681253959,0.8313526398204448,0.840509979514546,0.8568886259141809,0.8685173150938951,0.8768003088035071,0.887180201489097,0.899244469211542,0.912831586933669,0.9267041394285519,0.9352119650260801,0.949630977332945,0.9683157778447099,0.982672274102316,1.0,0.9776337080514659,0.926871074708693,0.8286255666713249,0.5594036981342769,0.510160823421174,0.274632998174794
0.29698900729646804,0.529618407844967,0.592301741162374,0.6209856201578801,0.647906895939125,0.675605587205352,0.7058104225267741,0.720278199762318,0.734860756930538,0.7553374897325329,0.7679801823494821,0.793317793669897,0.811347023158388,0.821037203147883,0.839111356628668,0.8497118933450329,0.857840924109647,0.865851495097577,0.8781580376499679,0.890808064107474,0.902415562984467,0.9125145155979079,0.927069171594579,0.942755665514414,0.9561432942840999,0.9776337080514659,1.0,0.9690227575467271,0.873687036721114,0.5855973244628621,0.525134100295953,0.272161790953431
0.269266670475991,0.498741574364632,0.5554141615023149,0.579954222656995,0.603639920423762,0.6345913981853821,0.6659445523026729,0.6776435716899439,0.6917699909007441,0.71338158850583,0.7264728255217271,0.75125177921638,0.769985620099771,0.780928881164523,0.798056984165447,0.808372438775025,0.81347253994746,0.8204484103027501,0.830727666907434,0.8423663383577141,0.8510020850183041,0.8623805961020521,0.875701580081133,0.8904931106449029,0.903020045537212,0.926871074708693,0.9690227575467271,1.0,0.915071569431645,0.6062896197714289,0.537768869245311,0.26697380416394895
0.21631358831974498,0.41323061000339595,0.461129959579623,0.48365139949814706,0.505387039343875,0.532281957196048,0.5668458131864279,0.57662555185399,0.59128119294915,0.616569551695398,0.6274516056735749,0.648565170799227,0.662154159168365,0.6714540273121539,0.685738395265432,0.6978281548761921,0.7001693805757969,0.7032198800642251,0.7152206647661591,0.733035150963009,0.745730929869824,0.754906421796664,0.767876842741995,0.7823499172115479,0.7945691463543729,0.8286255666713249,0.873687036721114,0.915071569431645,1.0,0.7806346019302891,0.628595520806831,0.277144194280812
0.116409770359606,0.226459070439032,0.26239818177655,0.276962746429169,0.302275329130658,0.31064603186450607,0.343536637515015,0.35265886056211604,0.36604703772859404,0.384283937055381,0.39103573730420293,0.404782275242296,0.414462555435392,0.421454239575293,0.429823210349942,0.446323813172415,0.44912183274527506,0.450580657834899,0.457970299337734,0.46982061525454705,0.48757860575916206,0.489519325340314,0.502440652379882,0.5139451733667261,0.520118651287118,0.5594036981342769,0.5855973244628621,0.6062896197714289,0.7806346019302891,1.0,0.7682285007024791,0.28903718657240995
0.0812578445930471,0.158561374611712,0.21124159623258,0.22085334513439897,0.227691767137224,0.22943873967121697,0.253886509709042,0.26080732221235603,0.28029612996514897,0.299980611687014,0.306105459475756,0.327582366839674,0.340950095003703,0.358365265510948,0.380609620271128,0.389937012269349,0.390271729367873,0.41485164349779396,0.427139704677632,0.4364365603862829,0.45405478117398607,0.45314540127182,0.46596604940814,0.48089473672261,0.480711942583963,0.510160823421174,0.525134100295953,0.537768869245311,0.628595520806831,0.7682285007024791,1.0,0.412960658784984
0.0264034889622178,0.0198148010052327,0.0621228271252859,0.0744616984577466,0.0720150542474356,0.0750842392363043,0.10026475151408401,0.0922269694262682,0.101703849017973,0.11103101323035,0.111565516887409,0.126685941297551,0.138002568560869,0.15135865252795902,0.16423175084097,0.172531459199275,0.17478573412978798,0.19547875669068698,0.21196358883399102,0.22082918381835603,0.23534709913769,0.238191376749824,0.25500693092870197,0.263492504108358,0.267206016026116,0.274632998174794,0.272161790953431,0.26697380416394895,0.277144194280812,0.28903718657240995,0.412960658784984,1.0
