1.0,0.6594686422768911,0.584056197021167,0.5398545638154779,0.5026510175516741,0.469549054760641,0.45420590431476204,0.43297183519589094,0.41841527876147394,0.40305108008416995,0.3950203137614571,0.381288751885774,0.369129445653964,0.358924213886294,0.34496235349585896,0.32779386185694104,0.31653825691760196,0.30356299684275395,0.28250867654678696,0.267651439583964,0.255063329754049,0.242146072318248,0.22545692701762804,0.20745002782065303,0.182080292116585,0.16331631943958302,0.140839139388073,0.0984697995684025,0.0414044228197032,0.0708126108539682,0.196460448701233,0.261821504122289
0.6594686422768911,1.0,0.9585663170672559,0.9292406946554421,0.9088998080876508,0.887761402955942,0.875735782362687,0.8634475934699929,0.851303633256236,0.8397145223023091,0.8329163395327429,0.824049246169067,0.8143553261763291,0.8051651251169599,0.794908478907543,0.7796367407248621,0.771297664441211,0.7597391820435808,0.7447603479730841,0.727699802671109,0.7146234651090759,0.697362101290697,0.680060541489364,0.6590570195154539,0.636199628074933,0.616307750876675,0.5812204768767739,0.5286108102778829,0.44078503604178204,0.243078306818318,0.0117155381736173,0.1600938521446
0.584056197021167,0.9585663170672559,1.0,0.9772853419033148,0.9610306610963308,0.9442279523749879,0.9343993157525021,0.924088251284327,0.9149306902018349,0.9063434355120179,0.900714188255693,0.8935462132731421,0.884499939857275,0.8756958953507892,0.86477790139304,0.8498983018062919,0.841884737889116,0.8309348790045041,0.815865114684172,0.8007672429714671,0.787356047784943,0.771512339513855,0.7550127099061958,0.734245031073077,0.712868280391422,0.6909197215199999,0.6592932169121121,0.608601739171908,0.519622671969613,0.291888336995942,0.052010544910568,0.138976099000396
0.5398545638154779,0.9292406946554421,0.9772853419033148,1.0,0.9875968965802661,0.9747748514794108,0.9652410136356879,0.956238477663665,0.9478736153940791,0.9404523529730799,0.935419364574163,0.92876878438447,0.92065994749238,0.9122930879686808,0.902809933188763,0.8902049648649009,0.882401048514763,0.8719117314504758,0.857948502974941,0.842498670532973,0.8296080740998081,0.81539772608954,0.799115374508683,0.778649932870913,0.756402385207187,0.733244115357857,0.7028433306130479,0.65243035775312,0.5610301168802171,0.314693933216151,0.0656150526464007,0.122705805794652
0.5026510175516741,0.9088998080876508,0.9610306610963308,0.9875968965802661,1.0,0.990947665829864,0.982690783713265,0.97498352619668,0.9676107717942901,0.9604016709729449,0.955322982895857,0.9490107786198929,0.9420835906693951,0.9352526166640172,0.9260051849014058,0.91399117993983,0.906351049832706,0.8958432395565971,0.8817063753555658,0.8674964680817701,0.854606349798587,0.8411452720130309,0.8249474441470641,0.805200523593502,0.785273219140144,0.7632125401878109,0.732917224116744,0.684877981680041,0.5928955041535711,0.34145257183854,0.0923965885527362,0.0962844247685969
0.469549054760641,0.887761402955942,0.9442279523749879,0.9747748514794108,0.990947665829864,1.0,0.9937189309843659,0.9877074089958441,0.981452532864746,0.975796371123108,0.971557605356447,0.965427195719536,0.9595939711990251,0.9531702136510458,0.9448157041472521,0.9335968155714759,0.9263382649047521,0.9166065912480071,0.9038390901075201,0.8919847786780221,0.8799180482184459,0.8673766216006,0.852266167084062,0.8340471913971321,0.8161231227378041,0.7952104242833761,0.7651980616617892,0.718798642572979,0.62743816508108,0.372746998326897,0.11776329193354301,0.0758741449701032
0.45420590431476204,0.875735782362687,0.9343993157525021,0.9652410136356879,0.982690783713265,0.9937189309843659,1.0,0.9953923679578599,0.9898818846776558,0.9841578037756109,0.9792653433324922,0.973294106816539,0.9673215746543791,0.9610154597017241,0.954102269760986,0.943120449931521,0.9356477250501971,0.926291291109307,0.9141348042183579,0.902923521764749,0.8908310328308399,0.879040758493019,0.8646214849147921,0.8472377216381691,0.8313248913555451,0.8106033166160859,0.7817225256611429,0.7368889685020609,0.6457165649888741,0.3948523803504871,0.138654359577515,0.0534942695557934
0.43297183519589094,0.8634475934699929,0.924088251284327,0.956238477663665,0.97498352619668,0.9877074089958441,0.9953923679578599,1.0,0.996140756458759,0.9911514993388921,0.9863959115364941,0.980694130435521,0.975163168868458,0.96874347858291,0.9615302087625791,0.951061231147058,0.943495461346926,0.9346457775055291,0.9226246148584358,0.9118701536447421,0.899635046267346,0.888630024993638,0.874977985260989,0.857612431721865,0.8424250369201041,0.821730940045325,0.7928098017141059,0.74903345488595,0.656891024082911,0.4027190554909179,0.147159791724915,0.0412538973610584
0.41841527876147394,0.851303633256236,0.9149306902018349,0.9478736153940791,0.9676107717942901,0.981452532864746,0.9898818846776558,0.996140756458759,1.0,0.9960656588137979,0.991361722129922,0.986112791725212,0.980757590998802,0.9739861141288879,0.9671411503896951,0.95739950174686,0.950070301339014,0.941677576633092,0.93047893081183,0.92077352584875,0.908669495156945,0.8980947470307271,0.8847810221163471,0.8675170531806908,0.852634217427657,0.8327218339821991,0.8049557843566608,0.762103661849913,0.671678947620219,0.414706772255844,0.161805084837991,0.0248139587104586
0.40305108008416995,0.8397145223023091,0.9063434355120179,0.9404523529730799,0.9604016709729449,0.975796371123108,0.9841578037756109,0.9911514993388921,0.9960656588137979,1.0,0.996450246698489,0.9919311712603341,0.9870375912500219,0.9808771191548491,0.974509881619209,0.9653585232591391,0.957993298416897,0.9502496731832729,0.9395315110242171,0.930523066774496,0.919294302272072,0.909778371232558,0.897501679127286,0.8815714564158841,0.8673410271797479,0.848389260573851,0.822285865057652,0.780701613505613,0.6903099590160949,0.43274942715759396,0.17825728306649696,0.0153830587984608
0.3950203137614571,0.8329163395327429,0.900714188255693,0.935419364574163,0.955322982895857,0.971557605356447,0.9792653433324922,0.9863959115364941,0.991361722129922,0.996450246698489,1.0,0.9964021318706829,0.9915528116785601,0.9864957763297941,0.9801642972109871,0.9716040233856129,0.964319453999053,0.956850418817068,0.9465157954908459,0.937512664794585,0.9268514033963481,0.91740314902951,0.905705242103913,0.8905229648195641,0.876686641293364,0.858607591467603,0.833181304544013,0.791338195095077,0.701644844513056,0.443212387863096,0.19042252975754898,0.00811129148794861
0.381288751885774,0.824049246169067,0.8935462132731421,0.92876878438447,0.9490107786198929,0.965427195719536,0.973294106816539,0.980694130435521,0.986112791725212,0.9919311712603341,0.9964021318706829,1.0,0.9965615751622952,0.9921881695225481,0.98653451640435,0.9785588685861841,0.9714621610564391,0.9640226214639,0.9541530983471741,0.9453337602666999,0.935326446099904,0.926329464373001,0.914881307844636,0.90020858565961,0.8865039171954359,0.868510531526396,0.843834702983814,0.8027598994946159,0.7152778408687609,0.45509919446112,0.20558911224506,0.0011979697467098698
0.369129445653964,0.8143553261763291,0.884499939857275,0.92065994749238,0.9420835906693951,0.9595939711990251,0.9673215746543791,0.975163168868458,0.980757590998802,0.9870375912500219,0.9915528116785601,0.9965615751622952,1.0,0.9967060305035691,0.991891609125295,0.984887636469777,0.9786550016411171,0.971472646332318,0.961982451931783,0.9535873707587479,0.9437095309777321,0.9348973672750209,0.9239359508114229,0.9102128220240829,0.896594760708178,0.8788432662523331,0.855471617164405,0.8153140278231421,0.728789596238909,0.465392470016808,0.21934411171394103,0.015749923649732
0.358924213886294,0.8051651251169599,0.8756958953507892,0.9122930879686808,0.9352526166640172,0.9531702136510458,0.9610154597017241,0.96874347858291,0.9739861141288879,0.9808771191548491,0.9864957763297941,0.9921881695225481,0.9967060305035691,1.0,0.996307864578273,0.9909335156624091,0.9855509694393431,0.979292195215819,0.9706423703474109,0.962699004846212,0.953476777754433,0.944723849854748,0.93464143727767,0.9215648412635079,0.908569184255148,0.891135630757851,0.8690018325539051,0.8296156656761159,0.743882246657539,0.47860308576370797,0.23427867010985398,0.0325689427525305
0.34496235349585896,0.794908478907543,0.86477790139304,0.902809933188763,0.9260051849014058,0.9448157041472521,0.954102269760986,0.9615302087625791,0.9671411503896951,0.974509881619209,0.9801642972109871,0.98653451640435,0.991891609125295,0.996307864578273,1.0,0.996245852115801,0.9916217135680891,0.986241614536476,0.978371145171032,0.971009520871823,0.9629136112326129,0.9545162002766949,0.9451984709080591,0.932993516309848,0.920371881928477,0.90393834745962,0.882746479731682,0.844535108855785,0.759899444148688,0.499540084075081,0.249933867092573,0.04974156309964701
0.32779386185694104,0.7796367407248621,0.8498983018062919,0.8902049648649009,0.91399117993983,0.9335968155714759,0.943120449931521,0.951061231147058,0.95739950174686,0.9653585232591391,0.9716040233856129,0.9785588685861841,0.984887636469777,0.9909335156624091,0.996245852115801,1.0,0.996891990502508,0.992347147661433,0.985787553956075,0.979197735318547,0.9715399081213101,0.963843796695548,0.9553705348442858,0.9438722886360741,0.9316441058519991,0.91625864369379,0.8964991954225769,0.859891734842764,0.7756490004401809,0.516208742578355,0.26652328722243,0.0695778936804561
0.31653825691760196,0.771297664441211,0.841884737889116,0.882401048514763,0.906351049832706,0.9263382649047521,0.9356477250501971,0.943495461346926,0.950070301339014,0.957993298416897,0.964319453999053,0.9714621610564391,0.9786550016411171,0.9855509694393431,0.9916217135680891,0.996891990502508,1.0,0.9968710713235329,0.991212464018242,0.9851333878273991,0.978382113065843,0.971138937689563,0.9631259094547849,0.952404916617351,0.9407085594928829,0.925686573159322,0.9066469499491752,0.8713124420685359,0.78823748755145,0.531700215248001,0.28212168332059,0.0793134944244264
0.30356299684275395,0.7597391820435808,0.8309348790045041,0.8719117314504758,0.8958432395565971,0.9166065912480071,0.926291291109307,0.9346457775055291,0.941677576633092,0.9502496731832729,0.956850418817068,0.9640226214639,0.971472646332318,0.979292195215819,0.986241614536476,0.992347147661433,0.9968710713235329,1.0,0.9959889969704441,0.9910999726210641,0.985357512558032,0.978686359451447,0.971337706921552,0.9610900555528571,0.9497932559862908,0.9354237429771041,0.916636849029343,0.8820697242059399,0.800379673261992,0.544620107999099,0.293107017514046,0.0882250546203863
0.28250867654678696,0.7447603479730841,0.815865114684172,0.857948502974941,0.8817063753555658,0.9038390901075201,0.9141348042183579,0.9226246148584358,0.93047893081183,0.9395315110242171,0.9465157954908459,0.9541530983471741,0.961982451931783,0.9706423703474109,0.978371145171032,0.985787553956075,0.991212464018242,0.9959889969704441,1.0,0.9967891410602769,0.9921237685279359,0.9865944227741841,0.9802677411506049,0.9710341554859241,0.9607591272658521,0.94788545656677,0.929976202757232,0.896583920984334,0.818544238204754,0.5710236853165099,0.317446596700317,0.10425416847492501
0.267651439583964,0.727699802671109,0.8007672429714671,0.842498670532973,0.8674964680817701,0.8919847786780221,0.902923521764749,0.9118701536447421,0.92077352584875,0.930523066774496,0.937512664794585,0.9453337602666999,0.9535873707587479,0.962699004846212,0.971009520871823,0.979197735318547,0.9851333878273991,0.9910999726210641,0.9967891410602769,1.0,0.9964491260433559,0.9913367127576921,0.9857740843800821,0.977454642401224,0.9677063782576991,0.955703528433074,0.938651472806759,0.906916750361167,0.8313455832941191,0.5853107580458571,0.330719945636834,0.11248278402049999
0.255063329754049,0.7146234651090759,0.787356047784943,0.8296080740998081,0.854606349798587,0.8799180482184459,0.8908310328308399,0.899635046267346,0.908669495156945,0.919294302272072,0.9268514033963481,0.935326446099904,0.9437095309777321,0.953476777754433,0.9629136112326129,0.9715399081213101,0.978382113065843,0.985357512558032,0.9921237685279359,0.9964491260433559,1.0,0.9961766110370099,0.9910938541697629,0.983468246747092,0.974289157532256,0.962435022668167,0.946064091560945,0.9158370832922141,0.8421634679427791,0.6010184453654671,0.34977161918336896,0.12375369901870698
0.242146072318248,0.697362101290697,0.771512339513855,0.81539772608954,0.8411452720130309,0.8673766216006,0.879040758493019,0.888630024993638,0.8980947470307271,0.909778371232558,0.91740314902951,0.926329464373001,0.9348973672750209,0.944723849854748,0.9545162002766949,0.963843796695548,0.971138937689563,0.978686359451447,0.9865944227741841,0.9913367127576921,0.9961766110370099,1.0,0.9959358489616941,0.989216822971423,0.9812526749137901,0.9699342663168001,0.9547283713513941,0.926332496746941,0.8537162856659409,0.615698626229365,0.36685515213921704,0.13754695114538001
0.22545692701762804,0.680060541489364,0.7550127099061958,0.799115374508683,0.8249474441470641,0.852266167084062,0.8646214849147921,0.874977985260989,0.8847810221163471,0.897501679127286,0.905705242103913,0.914881307844636,0.9239359508114229,0.93464143727767,0.9451984709080591,0.9553705348442858,0.9631259094547849,0.971337706921552,0.9802677411506049,0.9857740843800821,0.9910938541697629,0.9959358489616941,1.0,0.995387424697606,0.9884371224313241,0.977837116913646,0.9634997336273271,0.936601628370575,0.8666916733617192,0.6321389692240489,0.386292507489448,0.153079045835117
0.20745002782065303,0.6590570195154539,0.734245031073077,0.778649932870913,0.805200523593502,0.8340471913971321,0.8472377216381691,0.857612431721865,0.8675170531806908,0.8815714564158841,0.8905229648195641,0.90020858565961,0.9102128220240829,0.9215648412635079,0.932993516309848,0.9438722886360741,0.952404916617351,0.9610900555528571,0.9710341554859241,0.977454642401224,0.983468246747092,0.989216822971423,0.995387424697606,1.0,0.9946422770172809,0.9862887502908809,0.973763167014271,0.9487599935878891,0.883836951284381,0.656678367366486,0.411769264613215,0.175649294945056
0.182080292116585,0.636199628074933,0.712868280391422,0.756402385207187,0.785273219140144,0.8161231227378041,0.8313248913555451,0.8424250369201041,0.852634217427657,0.8673410271797479,0.876686641293364,0.8865039171954359,0.896594760708178,0.908569184255148,0.920371881928477,0.9316441058519991,0.9407085594928829,0.9497932559862908,0.9607591272658521,0.9677063782576991,0.974289157532256,0.9812526749137901,0.9884371224313241,0.9946422770172809,1.0,0.993238609112129,0.982327902569446,0.961170316192124,0.9010311511489392,0.6797847367035301,0.44039871663818003,0.204784078422377
0.16331631943958302,0.616307750876675,0.6909197215199999,0.733244115357857,0.7632125401878109,0.7952104242833761,0.8106033166160859,0.821730940045325,0.8327218339821991,0.848389260573851,0.858607591467603,0.868510531526396,0.8788432662523331,0.891135630757851,0.90393834745962,0.91625864369379,0.925686573159322,0.9354237429771041,0.94788545656677,0.955703528433074,0.962435022668167,0.9699342663168001,0.977837116913646,0.9862887502908809,0.993238609112129,1.0,0.9915726273161759,0.973601521313405,0.9197780249507309,0.717324957352077,0.481301862246142,0.233559514143905
0.140839139388073,0.5812204768767739,0.6592932169121121,0.7028433306130479,0.732917224116744,0.7651980616617892,0.7817225256611429,0.7928098017141059,0.8049557843566608,0.822285865057652,0.833181304544013,0.843834702983814,0.855471617164405,0.8690018325539051,0.882746479731682,0.8964991954225769,0.9066469499491752,0.916636849029343,0.929976202757232,0.938651472806759,0.946064091560945,0.9547283713513941,0.9634997336273271,0.973763167014271,0.982327902569446,0.9915726273161759,1.0,0.9860329870266851,0.938393286239213,0.740952285750744,0.510532713345925,0.263988490615662
0.0984697995684025,0.5286108102778829,0.608601739171908,0.65243035775312,0.684877981680041,0.718798642572979,0.7368889685020609,0.74903345488595,0.762103661849913,0.780701613505613,0.791338195095077,0.8027598994946159,0.8153140278231421,0.8296156656761159,0.844535108855785,0.859891734842764,0.8713124420685359,0.8820697242059399,0.896583920984334,0.906916750361167,0.9158370832922141,0.926332496746941,0.936601628370575,0.9487599935878891,0.961170316192124,0.973601521313405,0.9860329870266851,1.0,0.965936218947529,0.7876976678337191,0.579010383334625,0.30012469304373
0.0414044228197032,0.44078503604178204,0.519622671969613,0.5610301168802171,0.5928955041535711,0.62743816508108,0.6457165649888741,0.656891024082911,0.671678947620219,0.6903099590160949,0.701644844513056,0.7152778408687609,0.728789596238909,0.743882246657539,0.759899444148688,0.7756490004401809,0.78823748755145,0.800379673261992,0.818544238204754,0.8313455832941191,0.8421634679427791,0.8537162856659409,0.8666916733617192,0.883836951284381,0.9010311511489392,0.9197780249507309,0.938393286239213,0.965936218947529,1.0,0.8589256726012079,0.670593386505225,0.35651142430856
0.0708126108539682,0.243078306818318,0.291888336995942,0.314693933216151,0.34145257183854,0.372746998326897,0.3948523803504871,0.4027190554909179,0.414706772255844,0.43274942715759396,0.443212387863096,0.45509919446112,0.465392470016808,0.47860308576370797,0.499540084075081,0.516208742578355,0.531700215248001,0.544620107999099,0.5710236853165099,0.5853107580458571,0.6010184453654671,0.615698626229365,0.6321389692240489,0.656678367366486,0.6797847367035301,0.717324957352077,0.740952285750744,0.7876976678337191,0.8589256726012079,1.0,0.84554107681231,0.47302692982963207
0.196460448701233,0.0117155381736173,0.052010544910568,0.0656150526464007,0.0923965885527362,0.11776329193354301,0.138654359577515,0.147159791724915,0.161805084837991,0.17825728306649696,0.19042252975754898,0.20558911224506,0.21934411171394103,0.23427867010985398,0.249933867092573,0.26652328722243,0.28212168332059,0.293107017514046,0.317446596700317,0.330719945636834,0.34977161918336896,0.36685515213921704,0.386292507489448,0.411769264613215,0.44039871663818003,0.481301862246142,0.510532713345925,0.579010383334625,0.670593386505225,0.84554107681231,1.0,0.529234270435837
0.261821504122289,0.1600938521446,0.138976099000396,0.122705805794652,0.0962844247685969,0.0758741449701032,0.0534942695557934,0.0412538973610584,0.0248139587104586,0.0153830587984608,0.00811129148794861,0.0011979697467098698,0.015749923649732,0.0325689427525305,0.04974156309964701,0.0695778936804561,0.0793134944244264,0.0882250546203863,0.10425416847492501,0.11248278402049999,0.12375369901870698,0.13754695114538001,0.153079045835117,0.175649294945056,0.204784078422377,0.233559514143905,0.263988490615662,0.30012469304373,0.35651142430856,0.47302692982963207,0.529234270435837,1.0
