1.0,0.7872537669770201,0.7549043844351729,0.7359375366570009,0.711671775812243,0.693422490143889,0.6816195757322839,0.6701558682023779,0.659716563735341,0.64873903076936,0.6392323763033809,0.628599301021068,0.6199356237203779,0.6120165207397571,0.59854721263028,0.580532972927417,0.568988060935038,0.553395941135051,0.533686634722528,0.513815964361998,0.49548202289539,0.474160863883231,0.45707553441659493,0.4341889108079871,0.420371103672193,0.406673668017531,0.38071237450004297,0.357876366249942,0.316976854984099,0.260858014729305,0.130066742284483,0.0179902635467104
0.7872537669770201,1.0,0.9633345834100551,0.9419156653464492,0.930505900245974,0.9169350796220179,0.905927625202508,0.8958542365402441,0.8865685919912272,0.8775172573193221,0.86965026492006,0.862216440748104,0.8548626679562421,0.847278285794438,0.8367157109783121,0.8234521806725359,0.811997153140726,0.796424481957703,0.7776802403885591,0.7581938599007891,0.741204088386756,0.722406660372228,0.703277688376447,0.678728064671879,0.661910940317992,0.6395500092509421,0.610207532027431,0.57759060227554,0.531010089835068,0.44910923207239,0.24997685048007198,0.00580136095129852
0.7549043844351729,0.9633345834100551,1.0,0.981654377721635,0.9716355959693141,0.9600975575708659,0.95072037372207,0.9432044007851669,0.935008370166149,0.9275622521174591,0.9200874272912879,0.911805673733062,0.9061118279741329,0.8996153871861641,0.8898254010292851,0.8782418937776869,0.8684039590887819,0.8554373541098991,0.837917178640621,0.819783064136305,0.8044371958943101,0.786412747276835,0.768875356045852,0.7456092495363191,0.7308494346951858,0.7101278408912951,0.680437521897548,0.649220066480193,0.599673362328397,0.512878953090215,0.29388786770985303,0.00413955575281634
0.7359375366570009,0.9419156653464492,0.981654377721635,1.0,0.989555256893896,0.9801201341790708,0.972474526138395,0.9654275103685771,0.9584552119806209,0.9510604539218621,0.94302650025628,0.935589508348047,0.931112307044909,0.9256600403940841,0.9173605871586309,0.907578650768006,0.8989079946831159,0.886413063722889,0.870405220288962,0.85362592744444,0.838156606014219,0.8214836556699291,0.803965605216606,0.782309261108772,0.7674420685048091,0.747255426531766,0.7168215688328069,0.6864729365859,0.637198276720694,0.5525393828608101,0.323330665435968,0.0177968900644094
0.711671775812243,0.930505900245974,0.9716355959693141,0.989555256893896,1.0,0.9926890385830359,0.9855056967858701,0.9788810865512851,0.972193348943803,0.9666067196072601,0.9599238522504621,0.953240885296211,0.948440450152801,0.9425898608661959,0.935006287274658,0.9266983458631991,0.9181406283552429,0.906783769554562,0.8916876062307709,0.875830940938013,0.861296980374181,0.8451339670116029,0.82865364991458,0.8072238308713791,0.7923589594101179,0.771774560213979,0.7424548062925759,0.7110877985630619,0.662068781129019,0.5776657632324511,0.33934526527849707,0.0134525413344274
0.693422490143889,0.9169350796220179,0.9600975575708659,0.9801201341790708,0.9926890385830359,1.0,0.9939491653165141,0.988190671099798,0.9824174519469591,0.977967748638332,0.9717724383756059,0.96588326819269,0.961015094275027,0.9550776270865209,0.948213785850159,0.9407116760290369,0.93290997398818,0.9224524097341139,0.9088593071502329,0.893790732143386,0.8799346195476909,0.8648609664796941,0.84932537770245,0.8287736829817242,0.814277512729522,0.7946455499479019,0.7662278728721871,0.7358433589513041,0.688798402428815,0.60515994534452,0.36184217040937106,0.02098224960252
0.6816195757322839,0.905927625202508,0.95072037372207,0.972474526138395,0.9855056967858701,0.9939491653165141,1.0,0.994747511932217,0.98959008017462,0.985175548583059,0.9789664303851099,0.973443883280692,0.9689888457726359,0.964114294057384,0.9579779108533899,0.9508201028186759,0.943451931935101,0.933829950282266,0.920434609305357,0.906307796898581,0.892999655973086,0.8788908967169009,0.863824159798996,0.843995874612804,0.8299235438515291,0.810124583014314,0.7829982467911372,0.7532474796574351,0.7064930454135809,0.623525700979089,0.3762807458532821,0.0240642063952756
0.6701558682023779,0.8958542365402441,0.9432044007851669,0.9654275103685771,0.9788810865512851,0.988190671099798,0.994747511932217,1.0,0.996155614833234,0.991829378764448,0.9864196035507429,0.980955262670775,0.9763299472166851,0.9712218547329781,0.9650615578498142,0.9579786566785171,0.9512324716079008,0.9420055894921658,0.929632353465894,0.916554129902727,0.9044317827872491,0.8905771792699191,0.876171023637298,0.856897979138107,0.843704206118929,0.8243365480794391,0.798431206518206,0.7690260192192209,0.723134064834846,0.639840257768943,0.39439074961839204,0.0330937441559713
0.659716563735341,0.8865685919912272,0.935008370166149,0.9584552119806209,0.972193348943803,0.9824174519469591,0.98959008017462,0.996155614833234,1.0,0.9961162841126691,0.990879732014402,0.9857061667231279,0.9811082674703141,0.975708972333275,0.969331254644402,0.9620188421909921,0.9546968552738281,0.9460438295353399,0.9341076769830501,0.9211228025681228,0.9090500550583291,0.895435972324522,0.8814463729127191,0.862814144659075,0.850383150937634,0.8314106018686579,0.8061058650336871,0.777671568067005,0.732302767089919,0.6498638288642861,0.40282163246045893,0.0316218356871915
0.64873903076936,0.8775172573193221,0.9275622521174591,0.9510604539218621,0.9666067196072601,0.977967748638332,0.985175548583059,0.991829378764448,0.9961162841126691,1.0,0.9960693777171991,0.9914202599238611,0.986309295944085,0.980747115282033,0.97425419099225,0.9671452548481659,0.959738835610545,0.951388671213047,0.939775908923255,0.9273714945693481,0.9160470522960559,0.903218905679084,0.8904974104000279,0.87297885867782,0.860854136561027,0.842289469732685,0.818118697139107,0.7906276018589441,0.7455512075264241,0.6634323534672291,0.41411983600901203,0.0345013370838332
0.6392323763033809,0.86965026492006,0.9200874272912879,0.94302650025628,0.9599238522504621,0.9717724383756059,0.9789664303851099,0.9864196035507429,0.990879732014402,0.9960693777171991,1.0,0.996616290990058,0.99202069273396,0.986533350077967,0.9797804405853849,0.9727846285424679,0.965780171585981,0.957392522701249,0.9466669838244459,0.9351585846052309,0.92460287634573,0.9129199379703629,0.901277765349271,0.8846542863576651,0.8732550273321229,0.855744425165663,0.8327849602026322,0.8062870320135049,0.7620123130089471,0.682817346569069,0.43336275850188705,0.0417111589198149
0.628599301021068,0.862216440748104,0.911805673733062,0.935589508348047,0.953240885296211,0.96588326819269,0.973443883280692,0.980955262670775,0.9857061667231279,0.9914202599238611,0.996616290990058,1.0,0.996583927252277,0.9914424356222141,0.9851030828739029,0.977894723005751,0.9705349260132541,0.9626565031135841,0.9527292876898541,0.9423325585421479,0.93275570114515,0.921800488214711,0.911019074082032,0.8955492102991272,0.8844521886687858,0.867790284211056,0.8456072615443242,0.8201971112857019,0.777265577243758,0.700541773474466,0.450724214856774,0.0474098574969488
0.6199356237203779,0.8548626679562421,0.9061118279741329,0.931112307044909,0.948440450152801,0.961015094275027,0.9689888457726359,0.9763299472166851,0.9811082674703141,0.986309295944085,0.99202069273396,0.996583927252277,1.0,0.996213850707448,0.9904499653067701,0.983763767629412,0.9762539947365441,0.9681865529654851,0.958980763974497,0.949364437695011,0.9394550603724229,0.929213834873482,0.9190610567804781,0.904227344148462,0.8938538255453291,0.8776588429283969,0.85632617115,0.831502984733915,0.789464988664621,0.713910340121766,0.461550003141181,0.0464016817724663
0.6120165207397571,0.847278285794438,0.8996153871861641,0.9256600403940841,0.9425898608661959,0.9550776270865209,0.964114294057384,0.9712218547329781,0.975708972333275,0.980747115282033,0.986533350077967,0.9914424356222141,0.996213850707448,1.0,0.995950821588798,0.9897835986519259,0.982398844386701,0.9747368880511039,0.965618435706702,0.956479423971926,0.94663445598204,0.9368720442669108,0.927191073174226,0.913147558618641,0.9039474354027329,0.888463328476958,0.868078672199246,0.8446611208858571,0.804838235339343,0.7299705091504342,0.47780229201477603,0.0560477314659497
0.59854721263028,0.8367157109783121,0.8898254010292851,0.9173605871586309,0.935006287274658,0.948213785850159,0.9579779108533899,0.9650615578498142,0.969331254644402,0.97425419099225,0.9797804405853849,0.9851030828739029,0.9904499653067701,0.995950821588798,1.0,0.9959687895655229,0.9897094198049201,0.982713250546851,0.974152257277073,0.965598996455873,0.955574481286037,0.946645640414537,0.937476358550367,0.9233468924002829,0.9143913403188739,0.8994657038728728,0.879613981176499,0.856542737003437,0.8180836687361701,0.744175127178408,0.487743790032366,0.0583283769184527
0.580532972927417,0.8234521806725359,0.8782418937776869,0.907578650768006,0.9266983458631991,0.9407116760290369,0.9508201028186759,0.9579786566785171,0.9620188421909921,0.9671452548481659,0.9727846285424679,0.977894723005751,0.983763767629412,0.9897835986519259,0.9959687895655229,1.0,0.99597659635678,0.990097233916197,0.98277082363411,0.974998171699001,0.9657143428458891,0.957278452770472,0.9484238056109772,0.934914417104737,0.9260548089116558,0.91200096702874,0.8931669083788041,0.8702238297684459,0.8325743537737041,0.75917240877486,0.501288117116812,0.0550263904350212
0.568988060935038,0.811997153140726,0.8684039590887819,0.8989079946831159,0.9181406283552429,0.93290997398818,0.943451931935101,0.9512324716079008,0.9546968552738281,0.959738835610545,0.965780171585981,0.9705349260132541,0.9762539947365441,0.982398844386701,0.9897094198049201,0.99597659635678,1.0,0.9958009876145,0.9898637425807231,0.9828918138638599,0.9744084740826758,0.9660402454897851,0.9573091371645309,0.9445381395125799,0.9357598798254498,0.9223551864103,0.9035294367293779,0.8805245361494449,0.8433070578043359,0.769922953818976,0.514879227686007,0.0619737783171257
0.553395941135051,0.796424481957703,0.8554373541098991,0.886413063722889,0.906783769554562,0.9224524097341139,0.933829950282266,0.9420055894921658,0.9460438295353399,0.951388671213047,0.957392522701249,0.9626565031135841,0.9681865529654851,0.9747368880511039,0.982713250546851,0.990097233916197,0.9958009876145,1.0,0.996269514084972,0.990525721567125,0.9830664779160849,0.974991299389477,0.9666762837296771,0.9553827230493159,0.946809086692999,0.934165113783126,0.916309101881703,0.894329582356588,0.8584619401580259,0.785091091892635,0.5316462773032891,0.069566046426098
0.533686634722528,0.7776802403885591,0.837917178640621,0.870405220288962,0.8916876062307709,0.9088593071502329,0.920434609305357,0.929632353465894,0.9341076769830501,0.939775908923255,0.9466669838244459,0.9527292876898541,0.958980763974497,0.965618435706702,0.974152257277073,0.98277082363411,0.9898637425807231,0.996269514084972,1.0,0.9962170594543791,0.9898748064601591,0.982771074703753,0.97494735716113,0.9645473851459871,0.95636428891828,0.94472209445535,0.9275834330815959,0.905947089673945,0.871113119840405,0.799285897147457,0.545054218589606,0.0772527285860653
0.513815964361998,0.7581938599007891,0.819783064136305,0.85362592744444,0.875830940938013,0.893790732143386,0.906307796898581,0.916554129902727,0.9211228025681228,0.9273714945693481,0.9351585846052309,0.9423325585421479,0.949364437695011,0.956479423971926,0.965598996455873,0.974998171699001,0.9828918138638599,0.990525721567125,0.9962170594543791,1.0,0.9955679148498109,0.9898738570443479,0.9831352884147391,0.974051671237264,0.966187494019915,0.955429587078428,0.9390901362208609,0.9185854885591891,0.885770696267372,0.8178888689561279,0.565552896830438,0.0886938519314309
0.49548202289539,0.741204088386756,0.8044371958943101,0.838156606014219,0.861296980374181,0.8799346195476909,0.892999655973086,0.9044317827872491,0.9090500550583291,0.9160470522960559,0.92460287634573,0.93275570114515,0.9394550603724229,0.94663445598204,0.955574481286037,0.9657143428458891,0.9744084740826758,0.9830664779160849,0.9898748064601591,0.9955679148498109,1.0,0.996183297360455,0.9902225822889109,0.9824965823944649,0.9749069791157049,0.965074451636753,0.949528398841788,0.9303871860724209,0.898892883241193,0.8329646174615211,0.5844593680298029,0.104174565463307
0.474160863883231,0.722406660372228,0.786412747276835,0.8214836556699291,0.8451339670116029,0.8648609664796941,0.8788908967169009,0.8905771792699191,0.895435972324522,0.903218905679084,0.9129199379703629,0.921800488214711,0.929213834873482,0.9368720442669108,0.946645640414537,0.957278452770472,0.9660402454897851,0.974991299389477,0.982771074703753,0.9898738570443479,0.996183297360455,1.0,0.9957818864484,0.9889898868317741,0.9819143404613492,0.9730384040566958,0.958347814108303,0.9397533899742359,0.909347950999729,0.8443139083866851,0.598047597935388,0.11729676070313601
0.45707553441659493,0.703277688376447,0.768875356045852,0.803965605216606,0.82865364991458,0.84932537770245,0.863824159798996,0.876171023637298,0.8814463729127191,0.8904974104000279,0.901277765349271,0.911019074082032,0.9190610567804781,0.927191073174226,0.937476358550367,0.9484238056109772,0.9573091371645309,0.9666762837296771,0.97494735716113,0.9831352884147391,0.9902225822889109,0.9957818864484,1.0,0.9949884426393171,0.988477170518695,0.9806496595698591,0.967569091605783,0.950524688175807,0.921645529116253,0.859145134459494,0.617267079168305,0.122728359736864
0.4341889108079871,0.678728064671879,0.7456092495363191,0.782309261108772,0.8072238308713791,0.8287736829817242,0.843995874612804,0.856897979138107,0.862814144659075,0.87297885867782,0.8846542863576651,0.8955492102991272,0.904227344148462,0.913147558618641,0.9233468924002829,0.934914417104737,0.9445381395125799,0.9553827230493159,0.9645473851459871,0.974051671237264,0.9824965823944649,0.9889898868317741,0.9949884426393171,1.0,0.9951934601153231,0.988079063083981,0.9767629400624458,0.961227625590595,0.935254874637236,0.8773391169615649,0.636649503120381,0.128834465695904
0.420371103672193,0.661910940317992,0.7308494346951858,0.7674420685048091,0.7923589594101179,0.814277512729522,0.8299235438515291,0.843704206118929,0.850383150937634,0.860854136561027,0.8732550273321229,0.8844521886687858,0.8938538255453291,0.9039474354027329,0.9143913403188739,0.9260548089116558,0.9357598798254498,0.946809086692999,0.95636428891828,0.966187494019915,0.9749069791157049,0.9819143404613492,0.988477170518695,0.9951934601153231,1.0,0.994189804459058,0.983793298901532,0.969208064742884,0.944560509542367,0.887634497626036,0.646256246154941,0.136668817240159
0.406673668017531,0.6395500092509421,0.7101278408912951,0.747255426531766,0.771774560213979,0.7946455499479019,0.810124583014314,0.8243365480794391,0.8314106018686579,0.842289469732685,0.855744425165663,0.867790284211056,0.8776588429283969,0.888463328476958,0.8994657038728728,0.91200096702874,0.9223551864103,0.934165113783126,0.94472209445535,0.955429587078428,0.965074451636753,0.9730384040566958,0.9806496595698591,0.988079063083981,0.994189804459058,1.0,0.9919471992885479,0.978841421221552,0.9568453252686779,0.901729711891149,0.6654604651715329,0.153396826706649
0.38071237450004297,0.610207532027431,0.680437521897548,0.7168215688328069,0.7424548062925759,0.7662278728721871,0.7829982467911372,0.798431206518206,0.8061058650336871,0.818118697139107,0.8327849602026322,0.8456072615443242,0.85632617115,0.868078672199246,0.879613981176499,0.8931669083788041,0.9035294367293779,0.916309101881703,0.9275834330815959,0.9390901362208609,0.949528398841788,0.958347814108303,0.967569091605783,0.9767629400624458,0.983793298901532,0.9919471992885479,1.0,0.9897223351578329,0.97140964437826,0.9209469683315942,0.6936738842578511,0.164865470073001
0.357876366249942,0.57759060227554,0.649220066480193,0.6864729365859,0.7110877985630619,0.7358433589513041,0.7532474796574351,0.7690260192192209,0.777671568067005,0.7906276018589441,0.8062870320135049,0.8201971112857019,0.831502984733915,0.8446611208858571,0.856542737003437,0.8702238297684459,0.8805245361494449,0.894329582356588,0.905947089673945,0.9185854885591891,0.9303871860724209,0.9397533899742359,0.950524688175807,0.961227625590595,0.969208064742884,0.978841421221552,0.9897223351578329,1.0,0.985500069780294,0.9407027753492371,0.7176955056782779,0.183328964566168
0.316976854984099,0.531010089835068,0.599673362328397,0.637198276720694,0.662068781129019,0.688798402428815,0.7064930454135809,0.723134064834846,0.732302767089919,0.7455512075264241,0.7620123130089471,0.777265577243758,0.789464988664621,0.804838235339343,0.8180836687361701,0.8325743537737041,0.8433070578043359,0.8584619401580259,0.871113119840405,0.885770696267372,0.898892883241193,0.909347950999729,0.921645529116253,0.935254874637236,0.944560509542367,0.9568453252686779,0.97140964437826,0.985500069780294,1.0,0.9655156699357299,0.7549418592513679,0.213378986794567
0.260858014729305,0.44910923207239,0.512878953090215,0.5525393828608101,0.5776657632324511,0.60515994534452,0.623525700979089,0.639840257768943,0.6498638288642861,0.6634323534672291,0.682817346569069,0.700541773474466,0.713910340121766,0.7299705091504342,0.744175127178408,0.75917240877486,0.769922953818976,0.785091091892635,0.799285897147457,0.8178888689561279,0.8329646174615211,0.8443139083866851,0.859145134459494,0.8773391169615649,0.887634497626036,0.901729711891149,0.9209469683315942,0.9407027753492371,0.9655156699357299,1.0,0.833782189744318,0.27049407405562803
0.130066742284483,0.24997685048007198,0.29388786770985303,0.323330665435968,0.33934526527849707,0.36184217040937106,0.3762807458532821,0.39439074961839204,0.40282163246045893,0.41411983600901203,0.43336275850188705,0.450724214856774,0.461550003141181,0.47780229201477603,0.487743790032366,0.501288117116812,0.514879227686007,0.5316462773032891,0.545054218589606,0.565552896830438,0.5844593680298029,0.598047597935388,0.617267079168305,0.636649503120381,0.646256246154941,0.6654604651715329,0.6936738842578511,0.7176955056782779,0.7549418592513679,0.833782189744318,1.0,0.469379309541638
0.0179902635467104,0.00580136095129852,0.00413955575281634,0.0177968900644094,0.0134525413344274,0.02098224960252,0.0240642063952756,0.0330937441559713,0.0316218356871915,0.0345013370838332,0.0417111589198149,0.0474098574969488,0.0464016817724663,0.0560477314659497,0.0583283769184527,0.0550263904350212,0.0619737783171257,0.069566046426098,0.0772527285860653,0.0886938519314309,0.104174565463307,0.11729676070313601,0.122728359736864,0.128834465695904,0.136668817240159,0.153396826706649,0.164865470073001,0.183328964566168,0.213378986794567,0.27049407405562803,0.469379309541638,1.0
