1.0,0.545113837724187,0.481344636103864,0.460847008330791,0.44302779713352397,0.429451055476335,0.407567115759496,0.38731882364490894,0.381950917253199,0.375190316470804,0.364229487959685,0.34711634029489596,0.33838170042676097,0.32518780310303697,0.31770979087830997,0.314118934192688,0.31426733411188,0.303031433833768,0.288349983460963,0.275023610158078,0.269469204833207,0.265997838593158,0.259558804283604,0.25007072295522,0.23452314889229503,0.225965962592742,0.209353174239563,0.19362555227948003,0.14469653948233402,0.12889951895656,0.0906603593493962,0.0818859979953466
0.545113837724187,1.0,0.895829802391721,0.8464942626691899,0.826191852967095,0.8031118306561121,0.778605187812178,0.761676822338428,0.752679225644942,0.7421379302169929,0.724348106562735,0.71072365392702,0.6948557526957599,0.6760345611711981,0.6645198618360021,0.653229541566616,0.643226036763301,0.6238520812338271,0.614011080456279,0.598521150373878,0.58440220223371,0.5695853041473381,0.555646014099985,0.538451378435134,0.512333195085792,0.493955770305495,0.4640229978532539,0.423534243738869,0.328341903441994,0.234825516648497,0.10780099606828099,0.00401921550609661
0.481344636103864,0.895829802391721,1.0,0.9590354788591909,0.9378697806739379,0.9151242411830941,0.897029079485446,0.8849555954581121,0.877379577419,0.866457756791954,0.851647078685108,0.8398383627728779,0.8279957551587992,0.811320146759682,0.803994713484105,0.7909364923958829,0.780667745047307,0.76143193515117,0.7531373113634731,0.7386330944430358,0.7252998322070641,0.712285311666976,0.699501828915042,0.6829489366269511,0.652839510780197,0.6269519149950059,0.5911026681906321,0.54966888049814,0.42746840567949695,0.30502000326386197,0.140836568690521,0.0326289729810678
0.460847008330791,0.8464942626691899,0.9590354788591909,1.0,0.980072916103545,0.9571491990805909,0.939176980531835,0.929177575090832,0.920923795222483,0.9124494092156049,0.897117793202292,0.8822202110544771,0.8718007572494609,0.856042897845863,0.8461809474343531,0.832633573255752,0.820623949297857,0.8013340307471329,0.791823016852062,0.780746388574457,0.766474029919485,0.755325953665953,0.74561162652553,0.7302027683657059,0.7020244655298941,0.6779539679052929,0.64321155359659,0.6012257915820229,0.48384498910436297,0.34604373800266,0.16341167921114402,0.0314807100572805
0.44302779713352397,0.826191852967095,0.9378697806739379,0.980072916103545,1.0,0.9818983016347399,0.963734960273135,0.9519925079305729,0.9438036060199991,0.93552213067901,0.921153389670189,0.906298611051449,0.8947308814070619,0.880274433677463,0.8694251994628941,0.855562122526666,0.8432850169189761,0.8247189402667808,0.814408999646288,0.8029869362283578,0.790323846881166,0.7800307892678241,0.771284266904636,0.7539996686903789,0.7263217915375381,0.701603642351211,0.667031560200384,0.623630283641623,0.504698060358951,0.360533564756976,0.162778457295928,0.0392558953442753
0.429451055476335,0.8031118306561121,0.9151242411830941,0.9571491990805909,0.9818983016347399,1.0,0.9838413132183829,0.9711901793099101,0.9621097961173589,0.952877823601699,0.9400311536027,0.927027798755661,0.9149575868983101,0.902169223842159,0.8911720946142909,0.877417538730725,0.8668361639605291,0.849144863038582,0.83826105432356,0.827124576124308,0.8141573319390021,0.8042811703022841,0.794271618157996,0.777070977890633,0.750839981348882,0.7255372962164709,0.691298611112076,0.6483094245111899,0.530734654281979,0.387467156606444,0.17543929743229697,0.0580405315806061
0.407567115759496,0.778605187812178,0.897029079485446,0.939176980531835,0.963734960273135,0.9838413132183829,1.0,0.988437595963504,0.980081654095753,0.9705125227722131,0.959152342787631,0.9469520221529479,0.935199275937181,0.923372969751065,0.913528741992329,0.9007638140898141,0.8915854877338549,0.877182858964874,0.8667732478826159,0.8552140561768,0.843614266574302,0.8357727165316721,0.825706049425874,0.8069666699306091,0.781828983227906,0.7580638371123001,0.7240954940776329,0.680734336152315,0.559229798740817,0.41588379121911295,0.19246185865099602,0.06967693432570599
0.38731882364490894,0.761676822338428,0.8849555954581121,0.929177575090832,0.9519925079305729,0.9711901793099101,0.988437595963504,1.0,0.9920880115504309,0.981357209596747,0.9706155116617221,0.958187458192843,0.946437610941701,0.936853909827883,0.927260184143883,0.91526292515609,0.905415558325215,0.891628850300376,0.881204306390205,0.87045267432512,0.859045751159932,0.8508212592040729,0.840776667175743,0.822797995424409,0.7981953544607459,0.7763253539330558,0.7437896812551249,0.69941935140579,0.577941692254641,0.43265639637996295,0.21408186140405103,0.0819223206757465
0.381950917253199,0.752679225644942,0.877379577419,0.920923795222483,0.9438036060199991,0.9621097961173589,0.980081654095753,0.9920880115504309,1.0,0.991490328178023,0.981059475570827,0.9683166899014659,0.9571524418105442,0.946574927405142,0.9369132119787859,0.9256295558758292,0.9162598370273102,0.9021906448355509,0.892785413584808,0.881795226337437,0.870578231946522,0.86265016556128,0.852770423425417,0.8347589121238449,0.810073188785098,0.786838262745221,0.755885722737554,0.7126202973042479,0.588267773399398,0.443800072962188,0.21648347881946803,0.0915331727533718
0.375190316470804,0.7421379302169929,0.866457756791954,0.9124494092156049,0.93552213067901,0.952877823601699,0.9705125227722131,0.981357209596747,0.991490328178023,1.0,0.9921536747390509,0.9795714263199731,0.9686056518226228,0.9571904871820791,0.9478209386951241,0.936610584058942,0.9271489256622371,0.9141012515985,0.9050270647306708,0.894194337785548,0.883852431293761,0.876524634034177,0.8668038964590821,0.8489685983400659,0.824440679472603,0.8022586741958829,0.7732819165731322,0.728937032071985,0.6054248856291011,0.4579347431854989,0.220305347358517,0.105051720582868
0.364229487959685,0.724348106562735,0.851647078685108,0.897117793202292,0.921153389670189,0.9400311536027,0.959152342787631,0.9706155116617221,0.981059475570827,0.9921536747390509,1.0,0.9896314259098409,0.9796929511103479,0.9678093723911341,0.958585060281807,0.947383288691528,0.9375012895666271,0.924524186437798,0.9153729516799721,0.9044740259989642,0.8947772942166109,0.888091197642946,0.8796504933637479,0.862293001583626,0.839190338115632,0.818930296374028,0.790351372249659,0.7450537400008531,0.625337303408364,0.479216585736287,0.23526375553489104,0.120652906248396
0.34711634029489596,0.71072365392702,0.8398383627728779,0.8822202110544771,0.906298611051449,0.927027798755661,0.9469520221529479,0.958187458192843,0.9683166899014659,0.9795714263199731,0.9896314259098409,1.0,0.9913942140626021,0.9804594665050341,0.970491587707379,0.95934753156002,0.949774960172175,0.9374793270507871,0.928638445554357,0.917311203621909,0.9075783897716909,0.8999774562674481,0.8916257589453359,0.8752200710253399,0.851206619952424,0.830679051518005,0.803141557556554,0.757707313300995,0.636291041638157,0.491900247494858,0.248824462332335,0.132983964945294
0.33838170042676097,0.6948557526957599,0.8279957551587992,0.8718007572494609,0.8947308814070619,0.9149575868983101,0.935199275937181,0.946437610941701,0.9571524418105442,0.9686056518226228,0.9796929511103479,0.9913942140626021,1.0,0.990190581381832,0.9809379970224309,0.96961352703942,0.959389734715288,0.9474177352301709,0.938664269514593,0.9273463424853391,0.9171304860066591,0.9097558575428351,0.9014529439265659,0.8860956502573709,0.861549250801812,0.8414418850593759,0.814564870590582,0.772320166985324,0.650746244788322,0.506426326519128,0.256176913456363,0.141977663144949
0.32518780310303697,0.6760345611711981,0.811320146759682,0.856042897845863,0.880274433677463,0.902169223842159,0.923372969751065,0.936853909827883,0.946574927405142,0.9571904871820791,0.9678093723911341,0.9804594665050341,0.990190581381832,1.0,0.992238485186393,0.982016561335828,0.9722904484295699,0.960273426777174,0.9511243055585059,0.9411528558517049,0.931703340511293,0.923572986727069,0.9151886751375021,0.901817060093742,0.877008393751298,0.857633552876436,0.8312898932837841,0.7910966253243029,0.6686358769444161,0.523194025603391,0.275418036499924,0.144367135898734
0.31770979087830997,0.6645198618360021,0.803994713484105,0.8461809474343531,0.8694251994628941,0.8911720946142909,0.913528741992329,0.927260184143883,0.9369132119787859,0.9478209386951241,0.958585060281807,0.970491587707379,0.9809379970224309,0.992238485186393,1.0,0.9922777660293279,0.983164733497397,0.972278845422332,0.9623325423983431,0.952047270779717,0.9433659319706701,0.9354040330042142,0.9272219539388751,0.912643944342408,0.887475542447232,0.867512733684181,0.841912055644744,0.80197218128407,0.6796585270026639,0.53347766206299,0.28822602064396197,0.15647201327889498
0.314118934192688,0.653229541566616,0.7909364923958829,0.832633573255752,0.855562122526666,0.877417538730725,0.9007638140898141,0.91526292515609,0.9256295558758292,0.936610584058942,0.947383288691528,0.95934753156002,0.96961352703942,0.982016561335828,0.9922777660293279,1.0,0.9939954899756009,0.984125057920687,0.9738802949693771,0.9639908873185771,0.954418558261146,0.945944271775782,0.936782312081193,0.9228468308525101,0.8982886936277741,0.8791565306332672,0.855894433276959,0.8177037722861842,0.698127314636449,0.551637053979697,0.29651374748487397,0.15846774701422
0.31426733411188,0.643226036763301,0.780667745047307,0.820623949297857,0.8432850169189761,0.8668361639605291,0.8915854877338549,0.905415558325215,0.9162598370273102,0.9271489256622371,0.9375012895666271,0.949774960172175,0.959389734715288,0.9722904484295699,0.983164733497397,0.9939954899756009,1.0,0.9930473304205569,0.983683674522957,0.974035234784563,0.964634528597226,0.955074678590475,0.9447566236900559,0.9309361673690679,0.906530904263207,0.887899605177847,0.864739016538559,0.8256835389367541,0.704268015993819,0.5584598005262261,0.30433374579119,0.16780710784073996
0.303031433833768,0.6238520812338271,0.76143193515117,0.8013340307471329,0.8247189402667808,0.849144863038582,0.877182858964874,0.891628850300376,0.9021906448355509,0.9141012515985,0.924524186437798,0.9374793270507871,0.9474177352301709,0.960273426777174,0.972278845422332,0.984125057920687,0.9930473304205569,1.0,0.993109814066546,0.9839545338786251,0.974592725787932,0.964403114615023,0.954803074340675,0.941724603123669,0.917880993250572,0.899998479331552,0.8770337781622851,0.8372546533106059,0.718555066959374,0.5728301420405539,0.31879813803556295,0.177443582284224
0.288349983460963,0.614011080456279,0.7531373113634731,0.791823016852062,0.814408999646288,0.83826105432356,0.8667732478826159,0.881204306390205,0.892785413584808,0.9050270647306708,0.9153729516799721,0.928638445554357,0.938664269514593,0.9511243055585059,0.9623325423983431,0.9738802949693771,0.983683674522957,0.993109814066546,1.0,0.993027966360593,0.984193532056043,0.974563032239466,0.9643140192735091,0.9521135007939949,0.929449482144503,0.9118087108763041,0.889509494852466,0.8519886965926591,0.7351918948402779,0.589283277641261,0.323658250665055,0.176116022176586
0.275023610158078,0.598521150373878,0.7386330944430358,0.780746388574457,0.8029869362283578,0.827124576124308,0.8552140561768,0.87045267432512,0.881795226337437,0.894194337785548,0.9044740259989642,0.917311203621909,0.9273463424853391,0.9411528558517049,0.952047270779717,0.9639908873185771,0.974035234784563,0.9839545338786251,0.993027966360593,1.0,0.991745800382494,0.9830499275907829,0.972510486601302,0.96119575097956,0.940517316190228,0.9228054761884649,0.9007212314533231,0.865613393859738,0.753732064024298,0.6065719713486091,0.332428580928812,0.18477220194893398
0.269469204833207,0.58440220223371,0.7252998322070641,0.766474029919485,0.790323846881166,0.8141573319390021,0.843614266574302,0.859045751159932,0.870578231946522,0.883852431293761,0.8947772942166109,0.9075783897716909,0.9171304860066591,0.931703340511293,0.9433659319706701,0.954418558261146,0.964634528597226,0.974592725787932,0.984193532056043,0.991745800382494,1.0,0.9922747879170171,0.9829238822124241,0.9705806285600258,0.951960280061675,0.9331389555841851,0.9115612497298199,0.8753609669456959,0.7618078866492859,0.6186053883789611,0.332632676297837,0.196504093620644
0.265997838593158,0.5695853041473381,0.712285311666976,0.755325953665953,0.7800307892678241,0.8042811703022841,0.8357727165316721,0.8508212592040729,0.86265016556128,0.876524634034177,0.888091197642946,0.8999774562674481,0.9097558575428351,0.923572986727069,0.9354040330042142,0.945944271775782,0.955074678590475,0.964403114615023,0.974563032239466,0.9830499275907829,0.9922747879170171,1.0,0.9927457060264521,0.979745118591353,0.9610737130457071,0.942124033743667,0.9211019796224409,0.885247283624903,0.7728940718623091,0.628244302263487,0.33184238440711106,0.194817070998034
0.259558804283604,0.555646014099985,0.699501828915042,0.74561162652553,0.771284266904636,0.794271618157996,0.825706049425874,0.840776667175743,0.852770423425417,0.8668038964590821,0.8796504933637479,0.8916257589453359,0.9014529439265659,0.9151886751375021,0.9272219539388751,0.936782312081193,0.9447566236900559,0.954803074340675,0.9643140192735091,0.972510486601302,0.9829238822124241,0.9927457060264521,1.0,0.989071286109701,0.9707140737349859,0.9516409930564499,0.930436797173575,0.8942003627135708,0.78164791009544,0.640308300494333,0.34228862567066104,0.20834195743763398
0.25007072295522,0.538451378435134,0.6829489366269511,0.7302027683657059,0.7539996686903789,0.777070977890633,0.8069666699306091,0.822797995424409,0.8347589121238449,0.8489685983400659,0.862293001583626,0.8752200710253399,0.8860956502573709,0.901817060093742,0.912643944342408,0.9228468308525101,0.9309361673690679,0.941724603123669,0.9521135007939949,0.96119575097956,0.9705806285600258,0.979745118591353,0.989071286109701,1.0,0.98690390726998,0.968725431747856,0.949682048914889,0.9154098425407231,0.805761116122243,0.6711651631806309,0.360554038465757,0.219212646284273
0.23452314889229503,0.512333195085792,0.652839510780197,0.7020244655298941,0.7263217915375381,0.750839981348882,0.781828983227906,0.7981953544607459,0.810073188785098,0.824440679472603,0.839190338115632,0.851206619952424,0.861549250801812,0.877008393751298,0.887475542447232,0.8982886936277741,0.906530904263207,0.917880993250572,0.929449482144503,0.940517316190228,0.951960280061675,0.9610737130457071,0.9707140737349859,0.98690390726998,1.0,0.986094186128233,0.969174014862407,0.940654015323678,0.8475222445930091,0.7167074552260541,0.386190798681798,0.235445449089949
0.225965962592742,0.493955770305495,0.6269519149950059,0.6779539679052929,0.701603642351211,0.7255372962164709,0.7580638371123001,0.7763253539330558,0.786838262745221,0.8022586741958829,0.818930296374028,0.830679051518005,0.8414418850593759,0.857633552876436,0.867512733684181,0.8791565306332672,0.887899605177847,0.899998479331552,0.9118087108763041,0.9228054761884649,0.9331389555841851,0.942124033743667,0.9516409930564499,0.968725431747856,0.986094186128233,1.0,0.9819040131107349,0.952859040827705,0.865040408831416,0.740425094678349,0.4095465330211479,0.24710309870552696
0.209353174239563,0.4640229978532539,0.5911026681906321,0.64321155359659,0.667031560200384,0.691298611112076,0.7240954940776329,0.7437896812551249,0.755885722737554,0.7732819165731322,0.790351372249659,0.803141557556554,0.814564870590582,0.8312898932837841,0.841912055644744,0.855894433276959,0.864739016538559,0.8770337781622851,0.889509494852466,0.9007212314533231,0.9115612497298199,0.9211019796224409,0.930436797173575,0.949682048914889,0.969174014862407,0.9819040131107349,1.0,0.9768722862224379,0.902677603188476,0.7770231541267529,0.41949197772414604,0.26317699660342303
0.19362555227948003,0.423534243738869,0.54966888049814,0.6012257915820229,0.623630283641623,0.6483094245111899,0.680734336152315,0.69941935140579,0.7126202973042479,0.728937032071985,0.7450537400008531,0.757707313300995,0.772320166985324,0.7910966253243029,0.80197218128407,0.8177037722861842,0.8256835389367541,0.8372546533106059,0.8519886965926591,0.865613393859738,0.8753609669456959,0.885247283624903,0.8942003627135708,0.9154098425407231,0.940654015323678,0.952859040827705,0.9768722862224379,1.0,0.936831358325302,0.8158018094602869,0.45328509614678003,0.28102553387427004
0.14469653948233402,0.328341903441994,0.42746840567949695,0.48384498910436297,0.504698060358951,0.530734654281979,0.559229798740817,0.577941692254641,0.588267773399398,0.6054248856291011,0.625337303408364,0.636291041638157,0.650746244788322,0.6686358769444161,0.6796585270026639,0.698127314636449,0.704268015993819,0.718555066959374,0.7351918948402779,0.753732064024298,0.7618078866492859,0.7728940718623091,0.78164791009544,0.805761116122243,0.8475222445930091,0.865040408831416,0.902677603188476,0.936831358325302,1.0,0.878116506022277,0.48034890585641704,0.27635311889447806
0.12889951895656,0.234825516648497,0.30502000326386197,0.34604373800266,0.360533564756976,0.387467156606444,0.41588379121911295,0.43265639637996295,0.443800072962188,0.4579347431854989,0.479216585736287,0.491900247494858,0.506426326519128,0.523194025603391,0.53347766206299,0.551637053979697,0.5584598005262261,0.5728301420405539,0.589283277641261,0.6065719713486091,0.6186053883789611,0.628244302263487,0.640308300494333,0.6711651631806309,0.7167074552260541,0.740425094678349,0.7770231541267529,0.8158018094602869,0.878116506022277,1.0,0.61305774624662,0.35455687136002706
0.0906603593493962,0.10780099606828099,0.140836568690521,0.16341167921114402,0.162778457295928,0.17543929743229697,0.19246185865099602,0.21408186140405103,0.21648347881946803,0.220305347358517,0.23526375553489104,0.248824462332335,0.256176913456363,0.275418036499924,0.28822602064396197,0.29651374748487397,0.30433374579119,0.31879813803556295,0.323658250665055,0.332428580928812,0.332632676297837,0.33184238440711106,0.34228862567066104,0.360554038465757,0.386190798681798,0.4095465330211479,0.41949197772414604,0.45328509614678003,0.48034890585641704,0.61305774624662,1.0,0.418086730243247
0.0818859979953466,0.00401921550609661,0.0326289729810678,0.0314807100572805,0.0392558953442753,0.0580405315806061,0.06967693432570599,0.0819223206757465,0.0915331727533718,0.105051720582868,0.120652906248396,0.132983964945294,0.141977663144949,0.144367135898734,0.15647201327889498,0.15846774701422,0.16780710784073996,0.177443582284224,0.176116022176586,0.18477220194893398,0.196504093620644,0.194817070998034,0.20834195743763398,0.219212646284273,0.235445449089949,0.24710309870552696,0.26317699660342303,0.28102553387427004,0.27635311889447806,0.35455687136002706,0.418086730243247,1.0
