1.0,0.828202940221902,0.7801024956461801,0.7086821506009309,0.653186500432009,0.5969741413508249,0.55681053569174,0.520931659466115,0.487604595288618,0.441826846421873,0.398001277751669,0.336742085786402,0.288496173435291,0.220645243500289,0.163014955084113,0.113414887269112,0.0698414547825507,0.027250227144024,0.00513477988583574,0.0456278591219657,0.0931428542124322,0.10632021206383001,0.126474625424722,0.139198661120022,0.14673522747024,0.16166015231744102,0.141065103449343,0.125669056794035,0.122667387602617,0.127703364844941,0.100909264527224,0.141561038700671
0.828202940221902,1.0,0.9534628831005358,0.866676942930672,0.8126332838415501,0.7564108890632281,0.7187929314299771,0.6842293597068221,0.6485682289821341,0.6056652018827521,0.56383403323151,0.49504773576391,0.43663546649838003,0.36481962863610795,0.300391830959088,0.243553724593179,0.180853994898639,0.128042970840291,0.0855234935700401,0.0459106160340023,0.00834147599999076,0.0261758049500425,0.0500482604418214,0.0629135479813389,0.0799552453701783,0.0856266553747685,0.0630539925662839,0.0658445830628064,0.0761512540934526,0.10101986449320098,0.0655179667646579,0.099932946875771
0.7801024956461801,0.9534628831005358,1.0,0.9165160132491271,0.865653840095357,0.8159613003631451,0.7764495105281991,0.745606248423955,0.709145505035717,0.66992702275145,0.633918659425973,0.565888925663703,0.5089705291259471,0.43825891352524,0.373457114224258,0.315219376462134,0.24973090589803196,0.194782405272227,0.149932494597452,0.10681263876627001,0.0490059831397939,0.0266892454668575,0.00287088180082685,0.0107779796775198,0.0283908955860584,0.0370493812700164,0.0216944004006052,0.0343499910267533,0.0352930539349134,0.0730667488506829,0.0420276540381862,0.0859501556878765
0.7086821506009309,0.866676942930672,0.9165160132491271,1.0,0.9682703845722769,0.926135798690645,0.894103928897614,0.859122272492698,0.822854646807111,0.786491688691872,0.750886838888751,0.690768010324585,0.6324866461893671,0.568936343740433,0.5069697064535511,0.44234167449160205,0.38058150422572595,0.321623056624513,0.268422290509355,0.21127783888355103,0.15226551271409,0.12400850290733802,0.0899607505620447,0.0669983855356005,0.050912639927194,0.045446949673684005,0.0464258546275796,0.0299620368307633,0.0371607888694164,0.0137155609963061,0.00439664790831719,0.0652808754389243
0.653186500432009,0.8126332838415501,0.865653840095357,0.9682703845722769,1.0,0.970294329537221,0.9444220800304208,0.9113219729754929,0.8772603502272679,0.8443094316004559,0.8135138784663001,0.758091063191189,0.7037062096408442,0.644506699241572,0.5828100623763941,0.518356869001812,0.46014146831900604,0.403696342088586,0.347197975976467,0.288295193983819,0.22834530772738698,0.198245728418831,0.162646679614143,0.13297265460216398,0.112477393046959,0.0997920414529834,0.0887656464663141,0.0683330002206455,0.0701113781854012,0.0241210579273173,0.0217017670620893,0.0469839287956064
0.5969741413508249,0.7564108890632281,0.8159613003631451,0.926135798690645,0.970294329537221,1.0,0.9810331021987991,0.951593065256197,0.918714100278195,0.8880235050957059,0.861168339221838,0.8096967878374479,0.759722499650705,0.704090587050009,0.6454029612131421,0.5786346268542729,0.520520249335061,0.46511808838671,0.407674178363026,0.349547661823729,0.291206435492552,0.260715315352428,0.225687219673242,0.192736580625773,0.168359297260228,0.14411177534518801,0.126261522025414,0.103985358409157,0.10861003221807301,0.0644736226597068,0.0554075715917597,0.0104724682824911
0.55681053569174,0.7187929314299771,0.7764495105281991,0.894103928897614,0.9444220800304208,0.9810331021987991,1.0,0.979246805020602,0.95132346691962,0.924711069963103,0.8984554438805021,0.8498872933744441,0.8004088293054029,0.7506529540864121,0.696595715973975,0.633857100808111,0.578680835730401,0.524257947891485,0.468451020302974,0.41142537869781604,0.35427777815970896,0.32162031283653497,0.284347758543522,0.247546799759265,0.21938861051575895,0.187644613531047,0.168407150320916,0.14288794905853,0.14687706598305098,0.10540143624493402,0.0970929195803006,0.0206139468534645
0.520931659466115,0.6842293597068221,0.745606248423955,0.859122272492698,0.9113219729754929,0.951593065256197,0.979246805020602,1.0,0.9823741369617859,0.959022777654611,0.933543854957903,0.8946527277355191,0.852222091445812,0.805914080177341,0.7571861751680321,0.697239058865912,0.644095754546979,0.593839557513507,0.539767375194931,0.48520095439315103,0.4323254771544339,0.40091280613273206,0.365449093332371,0.33149696794234695,0.30502594138602396,0.26094478635411,0.23722090684351602,0.20913938536683702,0.213265032035179,0.166916789006771,0.14743096609904402,0.0583495633927819
0.487604595288618,0.6485682289821341,0.709145505035717,0.822854646807111,0.8772603502272679,0.918714100278195,0.95132346691962,0.9823741369617859,1.0,0.98436125688835,0.959726766001245,0.925711172548628,0.885520308655821,0.84394178265444,0.8026717429767829,0.747062912378275,0.696620857984675,0.648638850685156,0.595845722813882,0.542839618243757,0.49336482738399295,0.461407216743332,0.42520439446372904,0.3900987371997629,0.35918686014844997,0.30952326482542303,0.280321208437238,0.246795820357167,0.24226478364213397,0.193658790636918,0.171531235022338,0.0753762674027199
0.441826846421873,0.6056652018827521,0.66992702275145,0.786491688691872,0.8443094316004559,0.8880235050957059,0.924711069963103,0.959022777654611,0.98436125688835,1.0,0.983874957112949,0.9545234146318891,0.918182508075142,0.881683952623409,0.8466569764478961,0.795596219909395,0.7470696609093539,0.7011870609149599,0.650013606730896,0.6006378741334499,0.5524748504890071,0.520099555268029,0.48345250902818004,0.446295573467981,0.41263860934115604,0.357624277926656,0.324028708473287,0.28651231006486,0.27961303611412297,0.23295912174464498,0.20550443677863697,0.10927047059059199
0.398001277751669,0.56383403323151,0.633918659425973,0.750886838888751,0.8135138784663001,0.861168339221838,0.8984554438805021,0.933543854957903,0.959726766001245,0.983874957112949,1.0,0.9795408497690551,0.950162298098716,0.917548304123085,0.884801870052251,0.8387947471152009,0.793835650278777,0.7517985042004008,0.7040060614615379,0.655509563041434,0.609308540939979,0.57630420564141,0.5381871794057371,0.499964040157501,0.461820014817516,0.39666088040905795,0.35685966136021,0.31473339295284397,0.305695680366589,0.263195099773658,0.22598755844992702,0.13433148332900602
0.336742085786402,0.49504773576391,0.565888925663703,0.690768010324585,0.758091063191189,0.8096967878374479,0.8498872933744441,0.8946527277355191,0.925711172548628,0.9545234146318891,0.9795408497690551,1.0,0.9819583629231909,0.955438631408743,0.9267246254316971,0.888930525121535,0.8510656361534059,0.8125769466979079,0.7707182459241929,0.72815606939718,0.6883341065004979,0.653704468484313,0.616557033685366,0.580943947492757,0.5429776714148711,0.46253119860400393,0.41387437501366103,0.371353276843858,0.361968289740884,0.315949660798475,0.26335046198532003,0.16592589199796098
0.288496173435291,0.43663546649838003,0.5089705291259471,0.6324866461893671,0.7037062096408442,0.759722499650705,0.8004088293054029,0.852222091445812,0.885520308655821,0.918182508075142,0.950162298098716,0.9819583629231909,1.0,0.981857864380582,0.957785403723184,0.9250200437605841,0.8919530870665251,0.859121665902853,0.821203349695487,0.782714560006592,0.744653266356854,0.7158854316288459,0.681929478469884,0.645846408702819,0.610927296174947,0.5215473391506521,0.465153967796693,0.42186480931888104,0.41881333706627505,0.373771453693954,0.31912656631112396,0.210718885766908
0.220645243500289,0.36481962863610795,0.43825891352524,0.568936343740433,0.644506699241572,0.704090587050009,0.7506529540864121,0.805914080177341,0.84394178265444,0.881683952623409,0.917548304123085,0.955438631408743,0.981857864380582,1.0,0.984179008670616,0.9592029414711041,0.9316191613056031,0.9036654096192959,0.868866954408585,0.8341747689448691,0.7998073217715229,0.772229618665805,0.741128303309215,0.7054942983542809,0.668813233987735,0.572888679211182,0.5141590703750409,0.47072129486042297,0.46501502232319303,0.420679599186113,0.364010834563594,0.248754560025043
0.163014955084113,0.300391830959088,0.373457114224258,0.5069697064535511,0.5828100623763941,0.6454029612131421,0.696595715973975,0.7571861751680321,0.8026717429767829,0.8466569764478961,0.884801870052251,0.9267246254316971,0.957785403723184,0.984179008670616,1.0,0.984588753357313,0.96239894146117,0.9380644112310842,0.904489645921535,0.870783090956884,0.838367232898538,0.8143965301470959,0.7826421104798029,0.744025227020207,0.705446053770465,0.6030766854642171,0.543320145352686,0.503523247920598,0.49075369832449495,0.45929531022881204,0.406344294246245,0.287980913371866
0.113414887269112,0.243553724593179,0.315219376462134,0.44234167449160205,0.518356869001812,0.5786346268542729,0.633857100808111,0.697239058865912,0.747062912378275,0.795596219909395,0.8387947471152009,0.888930525121535,0.9250200437605841,0.9592029414711041,0.984588753357313,1.0,0.987436545932373,0.967657219939409,0.940949902876904,0.9118379571275941,0.8819410624944369,0.8591112829269001,0.8268356390323491,0.7902086220460022,0.749309033487628,0.639660725278793,0.5768116700908481,0.543584446333786,0.521284912220301,0.504854535483065,0.44766862494026705,0.32640001646255895
0.0698414547825507,0.180853994898639,0.24973090589803196,0.38058150422572595,0.46014146831900604,0.520520249335061,0.578680835730401,0.644095754546979,0.696620857984675,0.7470696609093539,0.793835650278777,0.8510656361534059,0.8919530870665251,0.9316191613056031,0.96239894146117,0.987436545932373,1.0,0.9866859901061921,0.9650503359097041,0.9399809421200341,0.914146061750315,0.893174910962013,0.860821256429136,0.8225142961936259,0.7798040100373499,0.663808759017196,0.5968419739249899,0.5692146690828879,0.543087383644322,0.530139762260928,0.47311219794991605,0.348295001887004
0.027250227144024,0.128042970840291,0.194782405272227,0.321623056624513,0.403696342088586,0.46511808838671,0.524257947891485,0.593839557513507,0.648638850685156,0.7011870609149599,0.7517985042004008,0.8125769466979079,0.859121665902853,0.9036654096192959,0.9380644112310842,0.967657219939409,0.9866859901061921,1.0,0.9861339621747309,0.965672623587994,0.941532994809269,0.9229534023641279,0.891966964727254,0.8547925454574341,0.812999581893591,0.695933626209286,0.62722986806139,0.5972133540067199,0.563069505079372,0.557559060949364,0.49357967121005797,0.367792627724488
0.00513477988583574,0.0855234935700401,0.149932494597452,0.268422290509355,0.347197975976467,0.407674178363026,0.468451020302974,0.539767375194931,0.595845722813882,0.650013606730896,0.7040060614615379,0.7707182459241929,0.821203349695487,0.868866954408585,0.904489645921535,0.940949902876904,0.9650503359097041,0.9861339621747309,1.0,0.98579394969527,0.9652367685235579,0.9473448221272179,0.919326241243219,0.8869285092515451,0.8498945405287901,0.7297897060262841,0.661817214469302,0.6325220704269201,0.591071880883955,0.5907978141599859,0.522803376317447,0.39231997755012105
0.0456278591219657,0.0459106160340023,0.10681263876627001,0.21127783888355103,0.288295193983819,0.349547661823729,0.41142537869781604,0.48520095439315103,0.542839618243757,0.6006378741334499,0.655509563041434,0.72815606939718,0.782714560006592,0.8341747689448691,0.870783090956884,0.9118379571275941,0.9399809421200341,0.965672623587994,0.98579394969527,1.0,0.9860978707242299,0.9695054107360079,0.944578116978752,0.917083872435642,0.8812976403364899,0.760199059591008,0.687415122670135,0.6560300401336341,0.609284236815832,0.605361519173182,0.531674095559147,0.39936949657592496
0.0931428542124322,0.00834147599999076,0.0490059831397939,0.15226551271409,0.22834530772738698,0.291206435492552,0.35427777815970896,0.4323254771544339,0.49336482738399295,0.5524748504890071,0.609308540939979,0.6883341065004979,0.744653266356854,0.7998073217715229,0.838367232898538,0.8819410624944369,0.914146061750315,0.941532994809269,0.9652367685235579,0.9860978707242299,1.0,0.9842987214264891,0.9674208257623659,0.9474866844090329,0.9128544363697049,0.786234113683413,0.706853132109177,0.671423130664375,0.616651065807786,0.6130134960889311,0.5383715003247511,0.40934415566633203
0.10632021206383001,0.0261758049500425,0.0266892454668575,0.12400850290733802,0.198245728418831,0.260715315352428,0.32162031283653497,0.40091280613273206,0.461407216743332,0.520099555268029,0.57630420564141,0.653704468484313,0.7158854316288459,0.772229618665805,0.8143965301470959,0.8591112829269001,0.893174910962013,0.9229534023641279,0.9473448221272179,0.9695054107360079,0.9842987214264891,1.0,0.984469716575393,0.960267446649674,0.930942003197595,0.82253986251328,0.748692228044492,0.7170072968954301,0.6501735416298989,0.644078764819639,0.580755026626337,0.442506896789692
0.126474625424722,0.0500482604418214,0.00287088180082685,0.0899607505620447,0.162646679614143,0.225687219673242,0.284347758543522,0.365449093332371,0.42520439446372904,0.48345250902818004,0.5381871794057371,0.616557033685366,0.681929478469884,0.741128303309215,0.7826421104798029,0.8268356390323491,0.860821256429136,0.891966964727254,0.919326241243219,0.944578116978752,0.9674208257623659,0.984469716575393,1.0,0.9833286773604621,0.957155721332902,0.8572587868377729,0.779262781792783,0.742883166063745,0.665941787803851,0.660226333611541,0.586096371481125,0.44426856846278207
0.139198661120022,0.0629135479813389,0.0107779796775198,0.0669983855356005,0.13297265460216398,0.192736580625773,0.247546799759265,0.33149696794234695,0.3900987371997629,0.446295573467981,0.499964040157501,0.580943947492757,0.645846408702819,0.7054942983542809,0.744025227020207,0.7902086220460022,0.8225142961936259,0.8547925454574341,0.8869285092515451,0.917083872435642,0.9474866844090329,0.960267446649674,0.9833286773604621,1.0,0.98184900460774,0.8805175646652691,0.800459293295242,0.7508690626295219,0.664773279743718,0.6553541824864829,0.5701396569256311,0.437881379706894
0.14673522747024,0.0799552453701783,0.0283908955860584,0.050912639927194,0.112477393046959,0.168359297260228,0.21938861051575895,0.30502594138602396,0.35918686014844997,0.41263860934115604,0.461820014817516,0.5429776714148711,0.610927296174947,0.668813233987735,0.705446053770465,0.749309033487628,0.7798040100373499,0.812999581893591,0.8498945405287901,0.8812976403364899,0.9128544363697049,0.930942003197595,0.957155721332902,0.98184900460774,1.0,0.91474754667252,0.8417703572341579,0.797917312984027,0.7183125934209259,0.692891834362651,0.5925589808609261,0.445392978978421
0.16166015231744102,0.0856266553747685,0.0370493812700164,0.045446949673684005,0.0997920414529834,0.14411177534518801,0.187644613531047,0.26094478635411,0.30952326482542303,0.357624277926656,0.39666088040905795,0.46253119860400393,0.5215473391506521,0.572888679211182,0.6030766854642171,0.639660725278793,0.663808759017196,0.695933626209286,0.7297897060262841,0.760199059591008,0.786234113683413,0.82253986251328,0.8572587868377729,0.8805175646652691,0.91474754667252,1.0,0.959247037750479,0.885483086780771,0.7489539840046509,0.683409644344454,0.554304586503662,0.382936339806704
0.141065103449343,0.0630539925662839,0.0216944004006052,0.0464258546275796,0.0887656464663141,0.126261522025414,0.168407150320916,0.23722090684351602,0.280321208437238,0.324028708473287,0.35685966136021,0.41387437501366103,0.465153967796693,0.5141590703750409,0.543320145352686,0.5768116700908481,0.5968419739249899,0.62722986806139,0.661817214469302,0.687415122670135,0.706853132109177,0.748692228044492,0.779262781792783,0.800459293295242,0.8417703572341579,0.959247037750479,1.0,0.934231679324018,0.796841014498646,0.7167525493155781,0.579977409275453,0.377362514637342
0.125669056794035,0.0658445830628064,0.0343499910267533,0.0299620368307633,0.0683330002206455,0.103985358409157,0.14288794905853,0.20913938536683702,0.246795820357167,0.28651231006486,0.31473339295284397,0.371353276843858,0.42186480931888104,0.47072129486042297,0.503523247920598,0.543584446333786,0.5692146690828879,0.5972133540067199,0.6325220704269201,0.6560300401336341,0.671423130664375,0.7170072968954301,0.742883166063745,0.7508690626295219,0.797917312984027,0.885483086780771,0.934231679324018,1.0,0.8516200927266909,0.771266450789708,0.64569539853894,0.411148541435061
0.122667387602617,0.0761512540934526,0.0352930539349134,0.0371607888694164,0.0701113781854012,0.10861003221807301,0.14687706598305098,0.213265032035179,0.24226478364213397,0.27961303611412297,0.305695680366589,0.361968289740884,0.41881333706627505,0.46501502232319303,0.49075369832449495,0.521284912220301,0.543087383644322,0.563069505079372,0.591071880883955,0.609284236815832,0.616651065807786,0.6501735416298989,0.665941787803851,0.664773279743718,0.7183125934209259,0.7489539840046509,0.796841014498646,0.8516200927266909,1.0,0.8764423357573778,0.7472419986964771,0.445079242358303
0.127703364844941,0.10101986449320098,0.0730667488506829,0.0137155609963061,0.0241210579273173,0.0644736226597068,0.10540143624493402,0.166916789006771,0.193658790636918,0.23295912174464498,0.263195099773658,0.315949660798475,0.373771453693954,0.420679599186113,0.45929531022881204,0.504854535483065,0.530139762260928,0.557559060949364,0.5907978141599859,0.605361519173182,0.6130134960889311,0.644078764819639,0.660226333611541,0.6553541824864829,0.692891834362651,0.683409644344454,0.7167525493155781,0.771266450789708,0.8764423357573778,1.0,0.848058215549723,0.566728759699014
0.100909264527224,0.0655179667646579,0.0420276540381862,0.00439664790831719,0.0217017670620893,0.0554075715917597,0.0970929195803006,0.14743096609904402,0.171531235022338,0.20550443677863697,0.22598755844992702,0.26335046198532003,0.31912656631112396,0.364010834563594,0.406344294246245,0.44766862494026705,0.47311219794991605,0.49357967121005797,0.522803376317447,0.531674095559147,0.5383715003247511,0.580755026626337,0.586096371481125,0.5701396569256311,0.5925589808609261,0.554304586503662,0.579977409275453,0.64569539853894,0.7472419986964771,0.848058215549723,1.0,0.7130181476215279
0.141561038700671,0.099932946875771,0.0859501556878765,0.0652808754389243,0.0469839287956064,0.0104724682824911,0.0206139468534645,0.0583495633927819,0.0753762674027199,0.10927047059059199,0.13433148332900602,0.16592589199796098,0.210718885766908,0.248754560025043,0.287980913371866,0.32640001646255895,0.348295001887004,0.367792627724488,0.39231997755012105,0.39936949657592496,0.40934415566633203,0.442506896789692,0.44426856846278207,0.437881379706894,0.445392978978421,0.382936339806704,0.377362514637342,0.411148541435061,0.445079242358303,0.566728759699014,0.7130181476215279,1.0
