1.0,0.9627268400567021,0.701939212257986,0.643171357290511,0.614122102157832,0.5814837603013989,0.5796746040655351,0.49652665059749396,0.496306881902098,0.48145822457892606,0.474798855586265,0.47530293308526894,0.46274533415696395,0.450802530165279,0.42761750681596206,0.41373698291728206,0.397290670003411,0.38061927240974003,0.3675249379490471,0.341165176550866,0.32622200077321,0.299237738478904,0.24318641812361103,0.162317337272616,0.13840572451688002,0.132779188826874,0.11805414614099599,0.12145878279649301,0.112415077216845,0.112011334860858,0.11059002126354901,0.0981327913499783
0.9627268400567021,1.0,0.868418386613468,0.8225793796988531,0.780950479147753,0.73483750067439,0.7280635650311741,0.6156499883801789,0.612587464785756,0.59091211169476,0.580693552367874,0.580496637774811,0.564370653150398,0.549649598874918,0.521216106584561,0.503295146579784,0.481982451510941,0.45917996824512297,0.437962583291155,0.40183656233503995,0.38190168045323997,0.348775381108162,0.27569011365667895,0.17904163361678696,0.150841360095056,0.143786923570911,0.127482443909125,0.140212236329806,0.136258251141185,0.139091125906227,0.14022258151901099,0.125501764322483
0.701939212257986,0.868418386613468,1.0,0.9870256698131908,0.9306579785555258,0.869061936862034,0.8545408142693859,0.710950522284472,0.7032889288999179,0.6734320953618361,0.6587316715245191,0.657289072992435,0.637845321997094,0.620974106865347,0.58860333951562,0.566858090738871,0.5408850364661271,0.5114015806289071,0.47953470281163396,0.43272726980345005,0.407626847557109,0.36986333652215003,0.280162163613089,0.17390812636342998,0.143483462273961,0.135221671593601,0.11928122234526,0.14656094756128,0.152727810925329,0.160927687517431,0.16651265540232402,0.15058510318170099
0.643171357290511,0.8225793796988531,0.9870256698131908,1.0,0.974734780863136,0.9312275659620101,0.9072055391086992,0.7395312782813309,0.727593541399952,0.6918937556009871,0.67420925346175,0.672297019764069,0.6519800824988621,0.6346158729934859,0.601407664726271,0.5788091254335561,0.551816355110442,0.522020033443372,0.49151271244237105,0.44534637119827397,0.42025078787022396,0.38176282918242105,0.286595701221497,0.175849305890815,0.14427480716722,0.13894126417817199,0.123769678341271,0.15514288817671898,0.16323143778689,0.17356999781226,0.18409169018217802,0.168074602368019
0.614122102157832,0.780950479147753,0.9306579785555258,0.974734780863136,1.0,0.9876951406513851,0.9513530178091371,0.7557826688058891,0.7385736874723721,0.6962290171537429,0.675221125482063,0.6729114748006021,0.6521840331483549,0.634685407161322,0.6013367716986739,0.578491561999427,0.551225663097454,0.522722199811351,0.496986453925723,0.454598570845927,0.43088494371068703,0.39262279568920394,0.29371936213345196,0.17909559897227698,0.146489050901251,0.145884804983412,0.131862529225186,0.16573397947479698,0.17423729997184198,0.18645083656609196,0.20328121419049802,0.18750318846264102
0.5814837603013989,0.73483750067439,0.869061936862034,0.9312275659620101,0.9876951406513851,1.0,0.972233106224697,0.7888661708710429,0.7689465879459592,0.722458310111752,0.6983605421934069,0.693856843585194,0.670500053884141,0.6526330992686971,0.618472007833221,0.595301034707984,0.567637936074996,0.539511928917011,0.5160586529655911,0.47479039927634703,0.45121408670371205,0.41188933805861205,0.306714105828924,0.185730438367381,0.151398012245397,0.153555138451258,0.13986328236877402,0.17445596049796,0.18241074267714102,0.19531435496334001,0.215130151450481,0.19916648648198199
0.5796746040655351,0.7280635650311741,0.8545408142693859,0.9072055391086992,0.9513530178091371,0.972233106224697,1.0,0.9107780147083271,0.8930351278231139,0.845510913595696,0.8174807157838141,0.8063775360296321,0.7737972640074009,0.753876840623702,0.715157721570268,0.689995644763999,0.6598777782934799,0.628137215912415,0.599469306016191,0.550335056512469,0.522435264525506,0.47653062651300804,0.35265309966784997,0.211987521447079,0.17216965172145804,0.172446871619412,0.156255328416345,0.189580293787866,0.19526083088935503,0.206860936369161,0.22295769462876,0.204787193220006
0.49652665059749396,0.6156499883801789,0.710950522284472,0.7395312782813309,0.7557826688058891,0.7888661708710429,0.9107780147083271,1.0,0.9888745845442909,0.9464707588361869,0.915531784026268,0.894275865533858,0.8498640528269441,0.8290720172660891,0.787642196179553,0.762418170668141,0.7320922830674119,0.698319531226981,0.6643733838725401,0.608093314570607,0.576405027579707,0.525201267418201,0.38529363460530197,0.229187733899654,0.18515229086420998,0.18200254576067604,0.163605690720556,0.19007713178774,0.19095615855953696,0.19864900228172,0.20594565817027,0.18638867660982103
0.496306881902098,0.612587464785756,0.7032889288999179,0.727593541399952,0.7385736874723721,0.7689465879459592,0.8930351278231139,0.9888745845442909,1.0,0.983956361575737,0.963797259054607,0.9395197246293041,0.8911939436152131,0.8705625874736959,0.828299385484688,0.8016708209859429,0.7691426847032371,0.7329983425620631,0.6966635249638871,0.6370276449527479,0.604562690505938,0.5516089405888139,0.40283313065047793,0.23798855827514398,0.191589675668337,0.183521680783988,0.163109009508177,0.188154002971878,0.18856169904603304,0.19569469537928302,0.20159464468768698,0.181995806517392
0.48145822457892606,0.59091211169476,0.6734320953618361,0.6918937556009871,0.6962290171537429,0.722458310111752,0.845510913595696,0.9464707588361869,0.983956361575737,1.0,0.993362446733335,0.966174304888455,0.9145743603890469,0.8947420173100358,0.8527212748943549,0.8251906778783159,0.790977126436531,0.753050534895063,0.714918580149077,0.653010350162792,0.620567932981644,0.567071448490049,0.4120314570955779,0.241550245121225,0.19368024118817,0.17995050704506,0.15771998372809698,0.18031812657197,0.180148538456912,0.18640044795396105,0.19045183666597199,0.17137875171076503
0.474798855586265,0.580693552367874,0.6587316715245191,0.67420925346175,0.675221125482063,0.6983605421934069,0.8174807157838141,0.915531784026268,0.963797259054607,0.993362446733335,1.0,0.9860539652509059,0.946707228324011,0.928148156159381,0.886637217371487,0.859246923124927,0.8244793343717008,0.7856215288970371,0.746085462252754,0.681695226850358,0.6477211368376221,0.591758420377807,0.429608103861965,0.25160962225765804,0.20164374207650798,0.18281815100942,0.158374269022052,0.17924332043708802,0.178311421936475,0.18330468195399102,0.183207273548791,0.16339680343451501
0.47530293308526894,0.580496637774811,0.657289072992435,0.672297019764069,0.6729114748006021,0.693856843585194,0.8063775360296321,0.894275865533858,0.9395197246293041,0.966174304888455,0.9860539652509059,1.0,0.9869864810682281,0.970146168173563,0.929397968662525,0.9030872559954279,0.868775884104477,0.829741428859728,0.7891391952986591,0.7220538864340459,0.6851402675639039,0.6249629772496539,0.45486872788817206,0.267589962009737,0.214946820275958,0.19146242113981699,0.16442342929116802,0.184178144820494,0.182307614387835,0.185685585913862,0.17932130736772797,0.157635272048561
0.46274533415696395,0.564370653150398,0.637845321997094,0.6519800824988621,0.6521840331483549,0.670500053884141,0.7737972640074009,0.8498640528269441,0.8911939436152131,0.9145743603890469,0.946707228324011,0.9869864810682281,1.0,0.988521886349783,0.9528663087387991,0.9292718460839949,0.896243455831583,0.8578905404175,0.8169814793749058,0.74847465798426,0.7092261446151021,0.645908801512739,0.471524459956486,0.278783109561,0.22451900171085,0.195982895508432,0.166587945402659,0.18413723976548602,0.18105075694024106,0.18262662278055702,0.17035186847196299,0.14746947741883198
0.450802530165279,0.549649598874918,0.620974106865347,0.6346158729934859,0.634685407161322,0.6526330992686971,0.753876840623702,0.8290720172660891,0.8705625874736959,0.8947420173100358,0.928148156159381,0.970146168173563,0.988521886349783,1.0,0.9877647492443501,0.9715258305977741,0.938739523777046,0.8998411547273331,0.857125070086741,0.785422635351286,0.7432227309708591,0.675916179288526,0.49594894714839793,0.295452594078357,0.23886761774584397,0.20208330740510397,0.16896254677957598,0.181826934506654,0.176182583146855,0.176436215220346,0.163288717364877,0.14084909063778697
0.42761750681596206,0.521216106584561,0.58860333951562,0.601407664726271,0.6013367716986739,0.618472007833221,0.715157721570268,0.787642196179553,0.828299385484688,0.8527212748943549,0.886637217371487,0.929397968662525,0.9528663087387991,0.9877647492443501,1.0,0.9917449965531779,0.9599981957526371,0.921473591519878,0.8779209497931991,0.804646670931354,0.760416494942493,0.690613034852951,0.509217080772454,0.30554424030570804,0.24792629939761804,0.203513609729386,0.16734451759706798,0.175063049299713,0.16691425279726402,0.165796889401013,0.152065134065885,0.130622982293819
0.41373698291728206,0.503295146579784,0.566858090738871,0.5788091254335561,0.578491561999427,0.595301034707984,0.689995644763999,0.762418170668141,0.8016708209859429,0.8251906778783159,0.859246923124927,0.9030872559954279,0.9292718460839949,0.9715258305977741,0.9917449965531779,1.0,0.9872857086075879,0.9614214676577529,0.917188307964585,0.8417011053306469,0.795743565610732,0.7228465357799301,0.531093171034856,0.317178860462128,0.256757733060976,0.212901876077814,0.17606079097731697,0.18332225536917998,0.173979755934146,0.171833944657388,0.154536534739419,0.131521842099157
0.397290670003411,0.481982451510941,0.5408850364661271,0.551816355110442,0.551225663097454,0.567637936074996,0.6598777782934799,0.7320922830674119,0.7691426847032371,0.790977126436531,0.8244793343717008,0.868775884104477,0.896243455831583,0.938739523777046,0.9599981957526371,0.9872857086075879,1.0,0.991452402740667,0.947334894493708,0.8706846637793509,0.8239189260483589,0.7489863933400559,0.546919330143815,0.323873859471273,0.261046229485342,0.22157029871781897,0.185585694820557,0.19408844136926104,0.184249477958222,0.181279343684974,0.159683701287697,0.134539375401512
0.38061927240974003,0.45917996824512297,0.5114015806289071,0.522020033443372,0.522722199811351,0.539511928917011,0.628137215912415,0.698319531226981,0.7329983425620631,0.753050534895063,0.7856215288970371,0.829741428859728,0.8578905404175,0.8998411547273331,0.921473591519878,0.9614214676577529,0.991452402740667,1.0,0.9728960999848629,0.909465760861968,0.8640787246278471,0.786734715964819,0.5709972999133011,0.33507298897062393,0.268806859548537,0.231871142526916,0.19588804102398,0.20549048772434303,0.195132209341035,0.19165744591289102,0.167176957366525,0.140167368149409
0.3675249379490471,0.437962583291155,0.47953470281163396,0.49151271244237105,0.496986453925723,0.5160586529655911,0.599469306016191,0.6643733838725401,0.6966635249638871,0.714918580149077,0.746085462252754,0.7891391952986591,0.8169814793749058,0.857125070086741,0.8779209497931991,0.917188307964585,0.947334894493708,0.9728960999848629,1.0,0.9809615025969141,0.941270827498827,0.859755716693787,0.620234059616433,0.360238547433896,0.2874388944979461,0.24861482801485602,0.21033771418333702,0.22085829136168103,0.20980204718605605,0.206477429188393,0.18189037023513197,0.153253635653896
0.341165176550866,0.40183656233503995,0.43272726980345005,0.44534637119827397,0.454598570845927,0.47479039927634703,0.550335056512469,0.608093314570607,0.6370276449527479,0.653010350162792,0.681695226850358,0.7220538864340459,0.74847465798426,0.785422635351286,0.804646670931354,0.8417011053306469,0.8706846637793509,0.909465760861968,0.9809615025969141,1.0,0.966752350461872,0.8851416686931209,0.635657745239854,0.366314797288109,0.291071250036867,0.252284190399799,0.21368053640205,0.224532408549545,0.21335215953390196,0.210292608743111,0.186643811043797,0.15783760814136902
0.32622200077321,0.38190168045323997,0.407626847557109,0.42025078787022396,0.43088494371068703,0.45121408670371205,0.522435264525506,0.576405027579707,0.604562690505938,0.620567932981644,0.6477211368376221,0.6851402675639039,0.7092261446151021,0.7432227309708591,0.760416494942493,0.795743565610732,0.8239189260483589,0.8640787246278471,0.941270827498827,0.966752350461872,1.0,0.974562957824481,0.7146227527963761,0.406363839068978,0.3205735764875,0.27510669528367,0.23181302697578698,0.24107672859776802,0.22762012365844198,0.222160364491617,0.18960145147211302,0.15721301828952
0.299237738478904,0.348775381108162,0.36986333652215003,0.38176282918242105,0.39262279568920394,0.41188933805861205,0.47653062651300804,0.525201267418201,0.5516089405888139,0.567071448490049,0.591758420377807,0.6249629772496539,0.645908801512739,0.675916179288526,0.690613034852951,0.7228465357799301,0.7489863933400559,0.786734715964819,0.859755716693787,0.8851416686931209,0.974562957824481,1.0,0.745463007622955,0.419935365631974,0.3295710025479289,0.28056228270762607,0.23541185840237,0.24275632387694898,0.22800322157275502,0.220678103887534,0.181836318240887,0.14798516423938002
0.24318641812361103,0.27569011365667895,0.280162163613089,0.286595701221497,0.29371936213345196,0.306714105828924,0.35265309966784997,0.38529363460530197,0.40283313065047793,0.4120314570955779,0.429608103861965,0.45486872788817206,0.471524459956486,0.49594894714839793,0.509217080772454,0.531093171034856,0.546919330143815,0.5709972999133011,0.620234059616433,0.635657745239854,0.7146227527963761,0.745463007622955,1.0,0.9166808613322429,0.873140618496036,0.71747192459198,0.5896970485351949,0.500400775564181,0.39792083730398103,0.34638191490862397,0.236499273434346,0.170731955523436
0.162317337272616,0.17904163361678696,0.17390812636342998,0.175849305890815,0.17909559897227698,0.185730438367381,0.211987521447079,0.229187733899654,0.23798855827514398,0.241550245121225,0.25160962225765804,0.267589962009737,0.278783109561,0.295452594078357,0.30554424030570804,0.317178860462128,0.323873859471273,0.33507298897062393,0.360238547433896,0.366314797288109,0.406363839068978,0.419935365631974,0.9166808613322429,1.0,0.9951934571362842,0.8125128091890559,0.665199239529706,0.5394074262527571,0.40851388771253705,0.34295148099726297,0.21751819489762803,0.148104798481606
0.13840572451688002,0.150841360095056,0.143483462273961,0.14427480716722,0.146489050901251,0.151398012245397,0.17216965172145804,0.18515229086420998,0.191589675668337,0.19368024118817,0.20164374207650798,0.214946820275958,0.22451900171085,0.23886761774584397,0.24792629939761804,0.256757733060976,0.261046229485342,0.268806859548537,0.2874388944979461,0.291071250036867,0.3205735764875,0.3295710025479289,0.873140618496036,0.9951934571362842,1.0,0.81530794466756,0.666922212200142,0.535360025035823,0.40080531062465996,0.33346015509612,0.20738008000752697,0.13882409681621
0.132779188826874,0.143786923570911,0.135221671593601,0.13894126417817199,0.145884804983412,0.153555138451258,0.172446871619412,0.18200254576067604,0.183521680783988,0.17995050704506,0.18281815100942,0.19146242113981699,0.195982895508432,0.20208330740510397,0.203513609729386,0.212901876077814,0.22157029871781897,0.231871142526916,0.24861482801485602,0.252284190399799,0.27510669528367,0.28056228270762607,0.71747192459198,0.8125128091890559,0.81530794466756,1.0,0.975196219073157,0.8604627587559242,0.677260019253446,0.583133633860095,0.3823066698883761,0.267496462518995
0.11805414614099599,0.127482443909125,0.11928122234526,0.123769678341271,0.131862529225186,0.13986328236877402,0.156255328416345,0.163605690720556,0.163109009508177,0.15771998372809698,0.158374269022052,0.16442342929116802,0.166587945402659,0.16896254677957598,0.16734451759706798,0.17606079097731697,0.185585694820557,0.19588804102398,0.21033771418333702,0.21368053640205,0.23181302697578698,0.23541185840237,0.5896970485351949,0.665199239529706,0.666922212200142,0.975196219073157,1.0,0.9026654311978871,0.7183571832071569,0.6229794830470239,0.412740735919979,0.291198865306127
0.12145878279649301,0.140212236329806,0.14656094756128,0.15514288817671898,0.16573397947479698,0.17445596049796,0.189580293787866,0.19007713178774,0.188154002971878,0.18031812657197,0.17924332043708802,0.184178144820494,0.18413723976548602,0.181826934506654,0.175063049299713,0.18332225536917998,0.19408844136926104,0.20549048772434303,0.22085829136168103,0.224532408549545,0.24107672859776802,0.24275632387694898,0.500400775564181,0.5394074262527571,0.535360025035823,0.8604627587559242,0.9026654311978871,1.0,0.9473153783477901,0.8935613016828879,0.610758061833504,0.44126884791689397
0.112415077216845,0.136258251141185,0.152727810925329,0.16323143778689,0.17423729997184198,0.18241074267714102,0.19526083088935503,0.19095615855953696,0.18856169904603304,0.180148538456912,0.178311421936475,0.182307614387835,0.18105075694024106,0.176182583146855,0.16691425279726402,0.173979755934146,0.184249477958222,0.195132209341035,0.20980204718605605,0.21335215953390196,0.22762012365844198,0.22800322157275502,0.39792083730398103,0.40851388771253705,0.40080531062465996,0.677260019253446,0.7183571832071569,0.9473153783477901,1.0,0.9841123032832729,0.6818836870321199,0.497603595991442
0.112011334860858,0.139091125906227,0.160927687517431,0.17356999781226,0.18645083656609196,0.19531435496334001,0.206860936369161,0.19864900228172,0.19569469537928302,0.18640044795396105,0.18330468195399102,0.185685585913862,0.18262662278055702,0.176436215220346,0.165796889401013,0.171833944657388,0.181279343684974,0.19165744591289102,0.206477429188393,0.210292608743111,0.222160364491617,0.220678103887534,0.34638191490862397,0.34295148099726297,0.33346015509612,0.583133633860095,0.6229794830470239,0.8935613016828879,0.9841123032832729,1.0,0.778401612147263,0.613231456306197
0.11059002126354901,0.14022258151901099,0.16651265540232402,0.18409169018217802,0.20328121419049802,0.215130151450481,0.22295769462876,0.20594565817027,0.20159464468768698,0.19045183666597199,0.183207273548791,0.17932130736772797,0.17035186847196299,0.163288717364877,0.152065134065885,0.154536534739419,0.159683701287697,0.167176957366525,0.18189037023513197,0.186643811043797,0.18960145147211302,0.181836318240887,0.236499273434346,0.21751819489762803,0.20738008000752697,0.3823066698883761,0.412740735919979,0.610758061833504,0.6818836870321199,0.778401612147263,1.0,0.973215262787622
0.0981327913499783,0.125501764322483,0.15058510318170099,0.168074602368019,0.18750318846264102,0.19916648648198199,0.204787193220006,0.18638867660982103,0.181995806517392,0.17137875171076503,0.16339680343451501,0.157635272048561,0.14746947741883198,0.14084909063778697,0.130622982293819,0.131521842099157,0.134539375401512,0.140167368149409,0.153253635653896,0.15783760814136902,0.15721301828952,0.14798516423938002,0.170731955523436,0.148104798481606,0.13882409681621,0.267496462518995,0.291198865306127,0.44126884791689397,0.497603595991442,0.613231456306197,0.973215262787622,1.0
