1.0,0.8327902597661642,0.770925068227143,0.734746518663938,0.7128208801666959,0.6915056664557061,0.656448206436593,0.628355568992183,0.611788257067511,0.5773853460142471,0.532798955635893,0.49268852852321,0.46408207234748294,0.444268912291484,0.415281697041773,0.379359063102635,0.32357870417023604,0.29491363599514897,0.27333035222223395,0.229132177123023,0.187521324213284,0.12645818870394399,0.0672135340358272,0.0364098453158362,0.0133105054934797,0.00589709205777495,0.00803727371902702,0.0112287960284608,0.033190619648343,0.0658576531188627,0.0476978719194607,0.0596444585217198
0.8327902597661642,1.0,0.9431086892261701,0.879149844778018,0.8450118718286971,0.818540334871515,0.782833071832283,0.7560516579620379,0.7341235811705941,0.6879063892253311,0.633157371643318,0.593899484486831,0.570096426223408,0.5465437000261839,0.506850644416676,0.470257184849094,0.408850364507339,0.37190924295465094,0.34072843406515,0.281815505251218,0.238328987005045,0.167719847355863,0.0998204416662885,0.0594196030119028,0.0282269891223039,0.00872924645071658,0.012302101256313,0.0166851894359772,0.0432614606362785,0.0737071141439983,0.04896906561185299,0.0719511676748328
0.770925068227143,0.9431086892261701,1.0,0.9623388674168959,0.9113382397956179,0.8746435446105341,0.837709508598779,0.811605439729817,0.7869382029435691,0.7430720760407921,0.692681640623381,0.6534897180970259,0.6283853775992819,0.600335852623371,0.554218095757164,0.511202286139234,0.453331936632265,0.41457400631973496,0.37983491187020796,0.323686782862123,0.28633828800987104,0.22006246010490696,0.147825074361565,0.106812532151256,0.0695132067166164,0.0390978097296804,0.0148451874088857,0.00524676326812787,0.0211040283994577,0.0562978262920402,0.0419458981631501,0.06607216486751799
0.734746518663938,0.879149844778018,0.9623388674168959,1.0,0.9700809720918929,0.9269103352792171,0.891109297744759,0.866245333806222,0.8408137353819392,0.805106539166764,0.76381782056879,0.727553669494886,0.697773266805641,0.6683212814893349,0.620008373153436,0.5744679429790579,0.519366471609755,0.481826864893599,0.444562623720914,0.38927602967103997,0.35197229665949104,0.29124094925131605,0.218656696340244,0.17715103564682,0.137210078077585,0.09492913632231,0.0554251836592754,0.0345966097837063,0.0047948972306378,0.0282453423866147,0.0229666743788237,0.0561791499706177
0.7128208801666959,0.8450118718286971,0.9113382397956179,0.9700809720918929,1.0,0.97730109291447,0.9398773446952591,0.9133283602179241,0.889955693939163,0.859129609554389,0.818532144362699,0.78236566911742,0.752755144891977,0.7251285536073969,0.683086488293389,0.6428572711562089,0.5911672857838989,0.5543807824871071,0.513701449770026,0.45721594818921707,0.416509828110665,0.355007924566475,0.28226072505835703,0.236543811354388,0.18842123947502498,0.138484476363655,0.0885754731147731,0.0570810673642378,0.0172880614361714,0.01771444552437,0.0195373762212721,0.0548785699184305
0.6915056664557061,0.818540334871515,0.8746435446105341,0.9269103352792171,0.97730109291447,1.0,0.9797910087458921,0.9495925911152059,0.926139196262658,0.8951371154889379,0.85476861047585,0.820335399172284,0.7954463977283871,0.769089055505303,0.730635061450102,0.693422394377307,0.638113389970171,0.600559525893166,0.5592110552315831,0.5062179890144539,0.46463742381635703,0.40435377053823,0.33033459990476,0.282555490393472,0.229342912791037,0.171855303586258,0.114761571352216,0.0754139278580382,0.0254999869602759,0.0103468969346041,0.0113790822381957,0.04784580901852099
0.656448206436593,0.782833071832283,0.837709508598779,0.891109297744759,0.9398773446952591,0.9797910087458921,1.0,0.984484826285476,0.9593652464440698,0.929186664442593,0.89361713295355,0.8624169440198051,0.839329701361239,0.8134669157296128,0.7766945407332958,0.741172696725128,0.681424652835903,0.643463949113556,0.602203907514158,0.553110164810983,0.5119180411171761,0.45170615918247,0.37598162931229395,0.32835905810963395,0.27211696400212104,0.206138149366941,0.13973451535811598,0.0978510986311874,0.0485546444232591,0.0108327705448999,0.00307349719001306,0.0316362133470784
0.628355568992183,0.7560516579620379,0.811605439729817,0.866245333806222,0.9133283602179241,0.9495925911152059,0.984484826285476,1.0,0.9867722453115821,0.958942261103143,0.92536880652563,0.89639477760875,0.8729319598531291,0.8469504905363371,0.8090251337385191,0.775417328371695,0.714128403036139,0.6779703670392341,0.6353249152701689,0.584594709333032,0.5460566030428929,0.486703777985326,0.412229839758358,0.36513745099490597,0.306715810094944,0.234540357312067,0.159669670177603,0.11680703664050501,0.0766811189457965,0.0424285980813388,0.0282814204202779,0.0106486592991591
0.611788257067511,0.7341235811705941,0.7869382029435691,0.8408137353819392,0.889955693939163,0.926139196262658,0.9593652464440698,0.9867722453115821,1.0,0.983227283207615,0.9502803680640179,0.922097782570989,0.8996621847909829,0.8751255472108092,0.8348552381621669,0.8049216151900959,0.746109288266155,0.7130192297476791,0.6689616726196551,0.6176361266196011,0.579843131747407,0.5216756379106621,0.44947216763764797,0.40135751447158396,0.34000658254440197,0.26302042776173995,0.18017397377764102,0.130549284590733,0.0896248932132093,0.0570958871797872,0.0407191594743013,0.00486332018597836
0.5773853460142471,0.6879063892253311,0.7430720760407921,0.805106539166764,0.859129609554389,0.8951371154889379,0.929186664442593,0.958942261103143,0.983227283207615,1.0,0.9811033395643841,0.9537837170739709,0.9306234113134191,0.90669336282448,0.865889529492682,0.8361417874624941,0.778931165461912,0.7489814500160129,0.705280595854193,0.654740407466912,0.619270362866139,0.563186152869546,0.49424414650563003,0.448651030082219,0.3847117488320179,0.30503274590774104,0.217437362421671,0.16059562264109,0.116321672815127,0.083801932662355,0.0658762890061901,0.0132488134066627
0.532798955635893,0.633157371643318,0.692681640623381,0.76381782056879,0.818532144362699,0.85476861047585,0.89361713295355,0.92536880652563,0.9502803680640179,0.9811033395643841,1.0,0.984125622266285,0.9609554455763349,0.9368115175112159,0.8998297412046521,0.871022884609313,0.8158070326119341,0.785689042959074,0.7422715022430592,0.692340794319281,0.658759530532144,0.6078129026788249,0.5412063952664821,0.499466024565327,0.43492807874084294,0.35125009930607,0.254357844851853,0.193166341715474,0.14487494125598802,0.109170646833216,0.0981872763680201,0.0368558969738915
0.49268852852321,0.593899484486831,0.6534897180970259,0.727553669494886,0.78236566911742,0.820335399172284,0.8624169440198051,0.89639477760875,0.922097782570989,0.9537837170739709,0.984125622266285,1.0,0.9811765214188529,0.9550109438367289,0.9193843477539828,0.8883470674345111,0.8389478399192409,0.808350820216768,0.769026918357722,0.721214481793395,0.689544761116474,0.6440740313811469,0.579581747893229,0.5377292610583371,0.47113310634023703,0.392089424957146,0.293265282991373,0.22345654048480998,0.162207812509757,0.12346317758108301,0.12499469646326801,0.0725869089657356
0.46408207234748294,0.570096426223408,0.6283853775992819,0.697773266805641,0.752755144891977,0.7954463977283871,0.839329701361239,0.8729319598531291,0.8996621847909829,0.9306234113134191,0.9609554455763349,0.9811765214188529,1.0,0.9821923665396701,0.94858623668492,0.9171189773423271,0.8705087608317008,0.842354121776042,0.805760306555327,0.76341310982651,0.7318074664794871,0.685196839279277,0.618566782754537,0.576431421396964,0.5085853925827051,0.425632724399039,0.32171746728087397,0.246842589066679,0.178604213365225,0.135826090686954,0.135215625690534,0.0897422190215686
0.444268912291484,0.5465437000261839,0.600335852623371,0.6683212814893349,0.7251285536073969,0.769089055505303,0.8134669157296128,0.8469504905363371,0.8751255472108092,0.90669336282448,0.9368115175112159,0.9550109438367289,0.9821923665396701,1.0,0.973393965824777,0.9445376906733399,0.8994723875726051,0.8734178469180239,0.840493132713677,0.8007603344379691,0.7691529018079731,0.7206552344999742,0.653600216060351,0.6130405221158199,0.548890387814021,0.46244714895857497,0.348935116110145,0.266838187942959,0.19108277008303798,0.146994641591804,0.145619160156627,0.0918036472851641
0.415281697041773,0.506850644416676,0.554218095757164,0.620008373153436,0.683086488293389,0.730635061450102,0.7766945407332958,0.8090251337385191,0.8348552381621669,0.865889529492682,0.8998297412046521,0.9193843477539828,0.94858623668492,0.973393965824777,1.0,0.974470284040396,0.933635471721361,0.9055458380788269,0.87347568919333,0.840915194585988,0.810369800510554,0.75972202107207,0.688380305016374,0.645418681655806,0.5792278523318399,0.48932641742693894,0.36991709546674495,0.281098043740622,0.200343879322398,0.156295501021395,0.15630346716643,0.103105792981285
0.379359063102635,0.470257184849094,0.511202286139234,0.5744679429790579,0.6428572711562089,0.693422394377307,0.741172696725128,0.775417328371695,0.8049216151900959,0.8361417874624941,0.871022884609313,0.8883470674345111,0.9171189773423271,0.9445376906733399,0.974470284040396,1.0,0.9655580028270251,0.9377300036049201,0.901764824546834,0.869120649165627,0.837014322555519,0.787205180184746,0.719916098821848,0.6773797200949089,0.6084263805188189,0.515576722609802,0.389279057136378,0.29461906098096696,0.22342590190842399,0.175508196696888,0.17032599112737,0.11326498430441
0.32357870417023604,0.408850364507339,0.453331936632265,0.519366471609755,0.5911672857838989,0.638113389970171,0.681424652835903,0.714128403036139,0.746109288266155,0.778931165461912,0.8158070326119341,0.8389478399192409,0.8705087608317008,0.8994723875726051,0.933635471721361,0.9655580028270251,1.0,0.977797098550269,0.9472424132133481,0.9172235978732299,0.887186974611607,0.841070282702228,0.777619629869322,0.738943966951486,0.675055144257152,0.586230569466134,0.4478133432155129,0.340143736437184,0.258150594679812,0.204069185174716,0.19312495222996698,0.140584047267764
0.29491363599514897,0.37190924295465094,0.41457400631973496,0.481826864893599,0.5543807824871071,0.600559525893166,0.643463949113556,0.6779703670392341,0.7130192297476791,0.7489814500160129,0.785689042959074,0.808350820216768,0.842354121776042,0.8734178469180239,0.9055458380788269,0.9377300036049201,0.977797098550269,1.0,0.977844933912471,0.9495711242751841,0.920115820449138,0.8781859302719259,0.8173230154642909,0.780034392860428,0.71483080146698,0.6245864221514039,0.48510645019547605,0.37817179433556497,0.28263918633202,0.22586955378314302,0.215345515930603,0.16315762446575
0.27333035222223395,0.34072843406515,0.37983491187020796,0.444562623720914,0.513701449770026,0.5592110552315831,0.602203907514158,0.6353249152701689,0.6689616726196551,0.705280595854193,0.7422715022430592,0.769026918357722,0.805760306555327,0.840493132713677,0.87347568919333,0.901764824546834,0.9472424132133481,0.977844933912471,1.0,0.9784023242985078,0.9504197728204771,0.915301502949256,0.857919391302849,0.8198345308910021,0.755722692491735,0.657853656707792,0.523002027437112,0.430780466188939,0.324911259111479,0.256064286469518,0.24070876128140603,0.19249330469526504
0.229132177123023,0.281815505251218,0.323686782862123,0.38927602967103997,0.45721594818921707,0.5062179890144539,0.553110164810983,0.584594709333032,0.6176361266196011,0.654740407466912,0.692340794319281,0.721214481793395,0.76341310982651,0.8007603344379691,0.840915194585988,0.869120649165627,0.9172235978732299,0.9495711242751841,0.9784023242985078,1.0,0.9829751491357979,0.952452931477862,0.8981059500631491,0.8585919710500028,0.792290330850873,0.6920835150378659,0.5534210916732221,0.45150478930390797,0.335168903505132,0.267615508972445,0.26213558266836495,0.20946800418405898
0.187521324213284,0.238328987005045,0.28633828800987104,0.35197229665949104,0.416509828110665,0.46463742381635703,0.5119180411171761,0.5460566030428929,0.579843131747407,0.619270362866139,0.658759530532144,0.689544761116474,0.7318074664794871,0.7691529018079731,0.810369800510554,0.837014322555519,0.887186974611607,0.920115820449138,0.9504197728204771,0.9829751491357979,1.0,0.9789763497857991,0.925773623164854,0.8885139447694671,0.823604476094258,0.721789016264982,0.580320510919901,0.47609003882547707,0.3564741056950779,0.28689901367299797,0.272267628017989,0.20896441411290698
0.12645818870394399,0.167719847355863,0.22006246010490696,0.29124094925131605,0.355007924566475,0.40435377053823,0.45170615918247,0.486703777985326,0.5216756379106621,0.563186152869546,0.6078129026788249,0.6440740313811469,0.685196839279277,0.7206552344999742,0.75972202107207,0.787205180184746,0.841070282702228,0.8781859302719259,0.915301502949256,0.952452931477862,0.9789763497857991,1.0,0.968491699295364,0.9356008150710692,0.875811272860813,0.7720514518469921,0.631273656125215,0.5339222609754111,0.4087272014737271,0.333158810234977,0.313706093876283,0.240104500098864
0.0672135340358272,0.0998204416662885,0.147825074361565,0.218656696340244,0.28226072505835703,0.33033459990476,0.37598162931229395,0.412229839758358,0.44947216763764797,0.49424414650563003,0.5412063952664821,0.579581747893229,0.618566782754537,0.653600216060351,0.688380305016374,0.719916098821848,0.777619629869322,0.8173230154642909,0.857919391302849,0.8981059500631491,0.925773623164854,0.968491699295364,1.0,0.980316443822374,0.9152847749807671,0.8089455021653772,0.6848532157795179,0.5970359269579351,0.465225316001245,0.3770220264617629,0.345466457570678,0.269884420180022
0.0364098453158362,0.0594196030119028,0.106812532151256,0.17715103564682,0.236543811354388,0.282555490393472,0.32835905810963395,0.36513745099490597,0.40135751447158396,0.448651030082219,0.499466024565327,0.5377292610583371,0.576431421396964,0.6130405221158199,0.645418681655806,0.6773797200949089,0.738943966951486,0.780034392860428,0.8198345308910021,0.8585919710500028,0.8885139447694671,0.9356008150710692,0.980316443822374,1.0,0.9613440955921579,0.861750786281642,0.736016669707251,0.644658481863966,0.514062767191486,0.42810952868072494,0.3836685976101071,0.30292816604265305
0.0133105054934797,0.0282269891223039,0.0695132067166164,0.137210078077585,0.18842123947502498,0.229342912791037,0.27211696400212104,0.306715810094944,0.34000658254440197,0.3847117488320179,0.43492807874084294,0.47113310634023703,0.5085853925827051,0.548890387814021,0.5792278523318399,0.6084263805188189,0.675055144257152,0.71483080146698,0.755722692491735,0.792290330850873,0.823604476094258,0.875811272860813,0.9152847749807671,0.9613440955921579,1.0,0.941845718756571,0.8077868485964291,0.711661753020985,0.5774901089059921,0.48558766329102004,0.415890765594082,0.33169589804518296
0.00589709205777495,0.00872924645071658,0.0390978097296804,0.09492913632231,0.138484476363655,0.171855303586258,0.206138149366941,0.234540357312067,0.26302042776173995,0.30503274590774104,0.35125009930607,0.392089424957146,0.425632724399039,0.46244714895857497,0.48932641742693894,0.515576722609802,0.586230569466134,0.6245864221514039,0.657853656707792,0.6920835150378659,0.721789016264982,0.7720514518469921,0.8089455021653772,0.861750786281642,0.941845718756571,1.0,0.9188583463678319,0.798091073939066,0.632554652238538,0.531615843227928,0.44873162488458596,0.367930786411432
0.00803727371902702,0.012302101256313,0.0148451874088857,0.0554251836592754,0.0885754731147731,0.114761571352216,0.13973451535811598,0.159669670177603,0.18017397377764102,0.217437362421671,0.254357844851853,0.293265282991373,0.32171746728087397,0.348935116110145,0.36991709546674495,0.389279057136378,0.4478133432155129,0.48510645019547605,0.523002027437112,0.5534210916732221,0.580320510919901,0.631273656125215,0.6848532157795179,0.736016669707251,0.8077868485964291,0.9188583463678319,1.0,0.916146431791677,0.6953454996498449,0.5646572507714379,0.456406379183824,0.36484707992528004
0.0112287960284608,0.0166851894359772,0.00524676326812787,0.0345966097837063,0.0570810673642378,0.0754139278580382,0.0978510986311874,0.11680703664050501,0.130549284590733,0.16059562264109,0.193166341715474,0.22345654048480998,0.246842589066679,0.266838187942959,0.281098043740622,0.29461906098096696,0.340143736437184,0.37817179433556497,0.430780466188939,0.45150478930390797,0.47609003882547707,0.5339222609754111,0.5970359269579351,0.644658481863966,0.711661753020985,0.798091073939066,0.916146431791677,1.0,0.8278805118319019,0.661338714236933,0.533759552954041,0.38552197463204496
0.033190619648343,0.0432614606362785,0.0211040283994577,0.0047948972306378,0.0172880614361714,0.0254999869602759,0.0485546444232591,0.0766811189457965,0.0896248932132093,0.116321672815127,0.14487494125598802,0.162207812509757,0.178604213365225,0.19108277008303798,0.200343879322398,0.22342590190842399,0.258150594679812,0.28263918633202,0.324911259111479,0.335168903505132,0.3564741056950779,0.4087272014737271,0.465225316001245,0.514062767191486,0.5774901089059921,0.632554652238538,0.6953454996498449,0.8278805118319019,1.0,0.8799299591404441,0.6400646941367071,0.42557009056342
0.0658576531188627,0.0737071141439983,0.0562978262920402,0.0282453423866147,0.01771444552437,0.0103468969346041,0.0108327705448999,0.0424285980813388,0.0570958871797872,0.083801932662355,0.109170646833216,0.12346317758108301,0.135826090686954,0.146994641591804,0.156295501021395,0.175508196696888,0.204069185174716,0.22586955378314302,0.256064286469518,0.267615508972445,0.28689901367299797,0.333158810234977,0.3770220264617629,0.42810952868072494,0.48558766329102004,0.531615843227928,0.5646572507714379,0.661338714236933,0.8799299591404441,1.0,0.7737149138067579,0.479147247245421
0.0476978719194607,0.04896906561185299,0.0419458981631501,0.0229666743788237,0.0195373762212721,0.0113790822381957,0.00307349719001306,0.0282814204202779,0.0407191594743013,0.0658762890061901,0.0981872763680201,0.12499469646326801,0.135215625690534,0.145619160156627,0.15630346716643,0.17032599112737,0.19312495222996698,0.215345515930603,0.24070876128140603,0.26213558266836495,0.272267628017989,0.313706093876283,0.345466457570678,0.3836685976101071,0.415890765594082,0.44873162488458596,0.456406379183824,0.533759552954041,0.6400646941367071,0.7737149138067579,1.0,0.66938793601476
0.0596444585217198,0.0719511676748328,0.06607216486751799,0.0561791499706177,0.0548785699184305,0.04784580901852099,0.0316362133470784,0.0106486592991591,0.00486332018597836,0.0132488134066627,0.0368558969738915,0.0725869089657356,0.0897422190215686,0.0918036472851641,0.103105792981285,0.11326498430441,0.140584047267764,0.16315762446575,0.19249330469526504,0.20946800418405898,0.20896441411290698,0.240104500098864,0.269884420180022,0.30292816604265305,0.33169589804518296,0.367930786411432,0.36484707992528004,0.38552197463204496,0.42557009056342,0.479147247245421,0.66938793601476,1.0
