1.0,0.666415381886453,0.603770126775333,0.558929812870139,0.534611838020635,0.517298931528719,0.493422362184092,0.48313839162406197,0.471573714347359,0.46301610860748105,0.454812782018432,0.44682798624931297,0.445015287211999,0.44137622775129703,0.4272916667254771,0.414459292321657,0.404995141986261,0.40301713249654,0.3988876401641121,0.389662935009548,0.38021507424754003,0.37334690494163597,0.362845277427425,0.35408191230225705,0.34402919235405294,0.333128463678762,0.328598197596843,0.31173281219614,0.289251760903958,0.21249028422666602,0.0947183277479781,0.0414875833998972
0.666415381886453,1.0,0.933524080586605,0.90143203279255,0.8827878630541379,0.8667554625705249,0.852799303590288,0.8408165414048492,0.8295981910146899,0.818540833049933,0.8096929493377409,0.8033851497019829,0.7949742517562951,0.7893164542548509,0.778206882358692,0.766283774289853,0.755936738766665,0.749349401968989,0.737983477373256,0.7314815502667059,0.7215752663457081,0.712603935331767,0.696049059057793,0.678646315864375,0.666818693441005,0.653140992602557,0.63833119124865,0.6125515787821351,0.569299768010944,0.42832111191068106,0.203777107814828,0.095436665798181
0.603770126775333,0.933524080586605,1.0,0.9710204674239871,0.9526668032717008,0.9362559969830879,0.92109431061646,0.909114071520765,0.8966578242097092,0.888604288584512,0.879090055326888,0.872737483085745,0.864091628367955,0.858593574023454,0.8492822231871829,0.838593005591539,0.8294880175555591,0.8207516441486099,0.81066030447365,0.803326122661631,0.792960570309708,0.786567137117505,0.769547125624028,0.753188543398851,0.7430909223560141,0.728837591050953,0.7114250710791059,0.687311548255372,0.642966588378161,0.493277932079702,0.25259786902656195,0.127728277435728
0.558929812870139,0.90143203279255,0.9710204674239871,1.0,0.981849104475831,0.9651619562846451,0.94949318152052,0.938619923326462,0.9287149391528091,0.92084766911306,0.911517499676206,0.905056738924472,0.8970492629952499,0.891917299301451,0.884253584216397,0.875170336298721,0.864570712950634,0.85398643573103,0.8424191342590809,0.8363529895447521,0.827611619475923,0.8213596835685558,0.805518336992081,0.788095278798222,0.778140232098545,0.7643516163176329,0.7457385031216,0.720906066028332,0.675948881868295,0.520007614207151,0.270173917322836,0.1465395328313
0.534611838020635,0.8827878630541379,0.9526668032717008,0.981849104475831,1.0,0.986902292918525,0.9723673769575341,0.9629291462693541,0.954185689067482,0.945549994955029,0.9355432270534549,0.9281563988632192,0.919793841295207,0.913639480644307,0.9067474314175941,0.898322920185399,0.8896779398055451,0.8784673390065479,0.8667974655493249,0.8597784339836758,0.8513026253045041,0.845648712381203,0.8299463067992081,0.8120990493775541,0.8009779167891109,0.786807975428057,0.7680785835037971,0.742033918679261,0.696905951099244,0.537881229248621,0.285358882940235,0.13936831389446397
0.517298931528719,0.8667554625705249,0.9362559969830879,0.9651619562846451,0.986902292918525,1.0,0.987506267380863,0.979140546350473,0.971126281368306,0.96233354545291,0.95269508283004,0.9448503789731949,0.9375157219151801,0.929998541297721,0.9229504828734109,0.91492982580257,0.9060266357838349,0.8952548968617471,0.8851706353664158,0.878928339363756,0.870324131901303,0.8650160677324951,0.8493926215628291,0.830988230242287,0.8205525016704929,0.805348321007932,0.785425788839485,0.758617639204389,0.71420033553134,0.5538714504805461,0.29995422769332203,0.150525206969305
0.493422362184092,0.852799303590288,0.92109431061646,0.94949318152052,0.9723673769575341,0.987506267380863,1.0,0.991677369740091,0.9833048234956979,0.9742618032494591,0.9661450506718391,0.959042379525062,0.9513310339184341,0.944143648556999,0.936886964144998,0.9290674488951509,0.9206022280752851,0.9097043567354491,0.900183073951494,0.893519322692264,0.884413769968645,0.878237857584453,0.863449387345954,0.8473176863856031,0.8370838850378192,0.822958467997711,0.8050016246440309,0.778833556089213,0.7348785021113171,0.570015636422287,0.314973335115761,0.15839330084476802
0.48313839162406197,0.8408165414048492,0.909114071520765,0.938619923326462,0.9629291462693541,0.979140546350473,0.991677369740091,1.0,0.992665413718452,0.984019255340956,0.976539604418388,0.969055257299013,0.961371985616953,0.9541029062516401,0.9463278355673159,0.9392199394200601,0.9304487804644119,0.9195400359012601,0.91140902784665,0.90468842449799,0.8957060011562359,0.890387221542296,0.8773199568245691,0.8609697075118691,0.8514672496163059,0.8364535573489829,0.818765552371921,0.794177006310361,0.749204536911984,0.5868674681132121,0.33371973589532106,0.169380584071232
0.471573714347359,0.8295981910146899,0.8966578242097092,0.9287149391528091,0.954185689067482,0.971126281368306,0.9833048234956979,0.992665413718452,1.0,0.9929207399910401,0.985643577176645,0.9783719084289159,0.9696838031612629,0.9617126562204051,0.9535452078130259,0.946232424263985,0.937081989102216,0.926472306304168,0.9185244755025871,0.912223793090568,0.903574796402084,0.8992373663272261,0.8866669604624531,0.8709550641127629,0.8616526549038671,0.849414881008279,0.830605102762488,0.8062508743075419,0.7613249795750551,0.5979794372892759,0.340533412144287,0.178177256244285
0.46301610860748105,0.818540833049933,0.888604288584512,0.92084766911306,0.945549994955029,0.96233354545291,0.9742618032494591,0.984019255340956,0.9929207399910401,1.0,0.993844219208238,0.986322343388523,0.977302062805629,0.969127634169877,0.960121972076392,0.951932297721167,0.94276038621519,0.932647727295275,0.9246003566902959,0.9188840106720021,0.9099927231267841,0.906636175660478,0.8952044496561641,0.8804564892137391,0.8715137999337029,0.860123717865028,0.842221225493764,0.820336389747416,0.7760405691438729,0.612018424613592,0.34926456180594506,0.18848163130663198
0.454812782018432,0.8096929493377409,0.879090055326888,0.911517499676206,0.9355432270534549,0.95269508283004,0.9661450506718391,0.976539604418388,0.985643577176645,0.993844219208238,1.0,0.9931213285814542,0.9843495315227979,0.9759757427646429,0.9660743445102491,0.957835866772389,0.9487633049909631,0.938786987670331,0.930590945937058,0.92503466572464,0.9166883207117459,0.9138964528877471,0.9036982948585309,0.8902502734144608,0.882362888598317,0.870842016757933,0.853679159380955,0.833520688587327,0.7910948005343791,0.632127946926773,0.36713942880438594,0.202083791301996
0.44682798624931297,0.8033851497019829,0.872737483085745,0.905056738924472,0.9281563988632192,0.9448503789731949,0.959042379525062,0.969055257299013,0.9783719084289159,0.986322343388523,0.9931213285814542,1.0,0.993474003698605,0.985143563312369,0.9759751772837341,0.968469309364381,0.959457173361744,0.9489791203036051,0.9397719600832221,0.9335200109198409,0.925877997522765,0.9229219509652281,0.914004334949249,0.9018950261546609,0.893120628089647,0.881982313463048,0.866054612719333,0.8474254514156551,0.8064242258452401,0.651225076009708,0.38469590970353107,0.21257225788354697
0.445015287211999,0.7949742517562951,0.864091628367955,0.8970492629952499,0.919793841295207,0.9375157219151801,0.9513310339184341,0.961371985616953,0.9696838031612629,0.977302062805629,0.9843495315227979,0.993474003698605,1.0,0.9939432816029119,0.9852176478541529,0.9776393721900579,0.96825228561417,0.9571926327248259,0.9475492883121569,0.940037509312782,0.932403262464106,0.928843130324374,0.9210007650790791,0.909670989332325,0.9008638801094822,0.8899097999005819,0.875062010820385,0.85780331279467,0.8192533783220971,0.667525849580691,0.400396991502401,0.228360428486133
0.44137622775129703,0.7893164542548509,0.858593574023454,0.891917299301451,0.913639480644307,0.929998541297721,0.944143648556999,0.9541029062516401,0.9617126562204051,0.969127634169877,0.9759757427646429,0.985143563312369,0.9939432816029119,1.0,0.99370994392674,0.9860615830914101,0.976719059253996,0.9656967451800591,0.956311003381154,0.948632811952876,0.9405721196997979,0.935678919365761,0.9279859071376221,0.917192735819845,0.9082682252185309,0.897152892007712,0.8833984005805341,0.8659547003326559,0.8292312015486999,0.679796904233683,0.41119619029526794,0.244555114007788
0.4272916667254771,0.778206882358692,0.8492822231871829,0.884253584216397,0.9067474314175941,0.9229504828734109,0.936886964144998,0.9463278355673159,0.9535452078130259,0.960121972076392,0.9660743445102491,0.9759751772837341,0.9852176478541529,0.99370994392674,1.0,0.993713731664457,0.9855508005884521,0.975533717170134,0.9656628327461,0.958102772609116,0.9501723975040759,0.9445629118033778,0.937164619979717,0.9275036960134441,0.9181295013545351,0.907061685345778,0.894625737019043,0.876331286606116,0.8399007563602671,0.694655940639215,0.422655347357251,0.255622769417135
0.414459292321657,0.766283774289853,0.838593005591539,0.875170336298721,0.898322920185399,0.91492982580257,0.9290674488951509,0.9392199394200601,0.946232424263985,0.951932297721167,0.957835866772389,0.968469309364381,0.9776393721900579,0.9860615830914101,0.993713731664457,1.0,0.9934301943618872,0.9843390187806159,0.9739228074145551,0.9658291906772121,0.957849143818568,0.95200687059816,0.944522603444551,0.9358318762667159,0.926417666112448,0.916128154360093,0.9043017681354591,0.8868849952303008,0.851769641703895,0.708742473720524,0.4369644815177,0.270050656369625
0.404995141986261,0.755936738766665,0.8294880175555591,0.864570712950634,0.8896779398055451,0.9060266357838349,0.9206022280752851,0.9304487804644119,0.937081989102216,0.94276038621519,0.9487633049909631,0.959457173361744,0.96825228561417,0.976719059253996,0.9855508005884521,0.9934301943618872,1.0,0.99344662616946,0.9843002937240541,0.9753816663278649,0.9669926146486271,0.960790163970971,0.9530301425343659,0.945201441381012,0.936070579412982,0.9261005393771179,0.9149748233416121,0.897393011212339,0.8635351625538871,0.723450564428019,0.44885706303022205,0.285799236642353
0.40301713249654,0.749349401968989,0.8207516441486099,0.85398643573103,0.8784673390065479,0.8952548968617471,0.9097043567354491,0.9195400359012601,0.926472306304168,0.932647727295275,0.938786987670331,0.9489791203036051,0.9571926327248259,0.9656967451800591,0.975533717170134,0.9843390187806159,0.99344662616946,1.0,0.993494146436393,0.985087278097381,0.9768165106132389,0.970478392517785,0.9613923689315009,0.953856529545673,0.9452738798107501,0.9360086510524571,0.9255885322776141,0.908305123723003,0.876588872271794,0.7393327307908208,0.46388216715859704,0.296030387196844
0.3988876401641121,0.737983477373256,0.81066030447365,0.8424191342590809,0.8667974655493249,0.8851706353664158,0.900183073951494,0.91140902784665,0.9185244755025871,0.9246003566902959,0.930590945937058,0.9397719600832221,0.9475492883121569,0.956311003381154,0.9656628327461,0.9739228074145551,0.9843002937240541,0.993494146436393,1.0,0.9936051731368449,0.9856322046115771,0.9787520959179291,0.9702911520164509,0.96359583054552,0.955906061516165,0.946890314281532,0.936345253513284,0.9196913619239141,0.889704000841851,0.755529433601037,0.476605524877308,0.313495714328043
0.389662935009548,0.7314815502667059,0.803326122661631,0.8363529895447521,0.8597784339836758,0.878928339363756,0.893519322692264,0.90468842449799,0.912223793090568,0.9188840106720021,0.92503466572464,0.9335200109198409,0.940037509312782,0.948632811952876,0.958102772609116,0.9658291906772121,0.9753816663278649,0.985087278097381,0.9936051731368449,1.0,0.994148809455914,0.98690283018062,0.9789345366467379,0.971934300172293,0.9644484276163701,0.9554678020413041,0.94454875043009,0.927486156463611,0.8981880112131679,0.7637860503949959,0.48190118742059795,0.320529951727374
0.38021507424754003,0.7215752663457081,0.792960570309708,0.827611619475923,0.8513026253045041,0.870324131901303,0.884413769968645,0.8957060011562359,0.903574796402084,0.9099927231267841,0.9166883207117459,0.925877997522765,0.932403262464106,0.9405721196997979,0.9501723975040759,0.957849143818568,0.9669926146486271,0.9768165106132389,0.9856322046115771,0.994148809455914,1.0,0.993963582515384,0.986360763922346,0.9790189458096931,0.9719241757901171,0.963370157621814,0.95295235511065,0.9365335643192559,0.9080879549941279,0.774244738361465,0.49173671483563,0.324728815799657
0.37334690494163597,0.712603935331767,0.786567137117505,0.8213596835685558,0.845648712381203,0.8650160677324951,0.878237857584453,0.890387221542296,0.8992373663272261,0.906636175660478,0.9138964528877471,0.9229219509652281,0.928843130324374,0.935678919365761,0.9445629118033778,0.95200687059816,0.960790163970971,0.970478392517785,0.9787520959179291,0.98690283018062,0.993963582515384,1.0,0.9935264868969029,0.9851791470075729,0.977904573101701,0.9698961382981959,0.9584025975329399,0.9424940599429291,0.914345405296121,0.7767253710235609,0.48986706687358,0.326347252660868
0.362845277427425,0.696049059057793,0.769547125624028,0.805518336992081,0.8299463067992081,0.8493926215628291,0.863449387345954,0.8773199568245691,0.8866669604624531,0.8952044496561641,0.9036982948585309,0.914004334949249,0.9210007650790791,0.9279859071376221,0.937164619979717,0.944522603444551,0.9530301425343659,0.9613923689315009,0.9702911520164509,0.9789345366467379,0.986360763922346,0.9935264868969029,1.0,0.993656022134658,0.9858012478602091,0.977448447656167,0.9663542158366769,0.952088062721357,0.9256644114982661,0.7923165863218841,0.50676476739206,0.332482041618942
0.35408191230225705,0.678646315864375,0.753188543398851,0.788095278798222,0.8120990493775541,0.830988230242287,0.8473176863856031,0.8609697075118691,0.8709550641127629,0.8804564892137391,0.8902502734144608,0.9018950261546609,0.909670989332325,0.917192735819845,0.9275036960134441,0.9358318762667159,0.945201441381012,0.953856529545673,0.96359583054552,0.971934300172293,0.9790189458096931,0.9851791470075729,0.993656022134658,1.0,0.993569443681063,0.9861072137894259,0.976463512033238,0.963109973694426,0.939440686170199,0.8175367647117942,0.531213178710365,0.35328487166383
0.34402919235405294,0.666818693441005,0.7430909223560141,0.778140232098545,0.8009779167891109,0.8205525016704929,0.8370838850378192,0.8514672496163059,0.8616526549038671,0.8715137999337029,0.882362888598317,0.893120628089647,0.9008638801094822,0.9082682252185309,0.9181295013545351,0.926417666112448,0.936070579412982,0.9452738798107501,0.955906061516165,0.9644484276163701,0.9719241757901171,0.977904573101701,0.9858012478602091,0.993569443681063,1.0,0.993260831067375,0.9834029588146679,0.9691416936707242,0.945976391247365,0.82353556551425,0.537796573893312,0.361133740481781
0.333128463678762,0.653140992602557,0.728837591050953,0.7643516163176329,0.786807975428057,0.805348321007932,0.822958467997711,0.8364535573489829,0.849414881008279,0.860123717865028,0.870842016757933,0.881982313463048,0.8899097999005819,0.897152892007712,0.907061685345778,0.916128154360093,0.9261005393771179,0.9360086510524571,0.946890314281532,0.9554678020413041,0.963370157621814,0.9698961382981959,0.977448447656167,0.9861072137894259,0.993260831067375,1.0,0.99115510722324,0.977674057778484,0.956559985541412,0.838663244193784,0.547255528846457,0.367568965816368
0.328598197596843,0.63833119124865,0.7114250710791059,0.7457385031216,0.7680785835037971,0.785425788839485,0.8050016246440309,0.818765552371921,0.830605102762488,0.842221225493764,0.853679159380955,0.866054612719333,0.875062010820385,0.8833984005805341,0.894625737019043,0.9043017681354591,0.9149748233416121,0.9255885322776141,0.936345253513284,0.94454875043009,0.95295235511065,0.9584025975329399,0.9663542158366769,0.976463512033238,0.9834029588146679,0.99115510722324,1.0,0.9891820120384408,0.970473757547739,0.857972528352888,0.570201828288385,0.38612193111905796
0.31173281219614,0.6125515787821351,0.687311548255372,0.720906066028332,0.742033918679261,0.758617639204389,0.778833556089213,0.794177006310361,0.8062508743075419,0.820336389747416,0.833520688587327,0.8474254514156551,0.85780331279467,0.8659547003326559,0.876331286606116,0.8868849952303008,0.897393011212339,0.908305123723003,0.9196913619239141,0.927486156463611,0.9365335643192559,0.9424940599429291,0.952088062721357,0.963109973694426,0.9691416936707242,0.977674057778484,0.9891820120384408,1.0,0.98462531176467,0.875458620331077,0.587038696488423,0.40765038312206797
0.289251760903958,0.569299768010944,0.642966588378161,0.675948881868295,0.696905951099244,0.71420033553134,0.7348785021113171,0.749204536911984,0.7613249795750551,0.7760405691438729,0.7910948005343791,0.8064242258452401,0.8192533783220971,0.8292312015486999,0.8399007563602671,0.851769641703895,0.8635351625538871,0.876588872271794,0.889704000841851,0.8981880112131679,0.9080879549941279,0.914345405296121,0.9256644114982661,0.939440686170199,0.945976391247365,0.956559985541412,0.970473757547739,0.98462531176467,1.0,0.9164336275907159,0.635490962626317,0.44298047704199395
0.21249028422666602,0.42832111191068106,0.493277932079702,0.520007614207151,0.537881229248621,0.5538714504805461,0.570015636422287,0.5868674681132121,0.5979794372892759,0.612018424613592,0.632127946926773,0.651225076009708,0.667525849580691,0.679796904233683,0.694655940639215,0.708742473720524,0.723450564428019,0.7393327307908208,0.755529433601037,0.7637860503949959,0.774244738361465,0.7767253710235609,0.7923165863218841,0.8175367647117942,0.82353556551425,0.838663244193784,0.857972528352888,0.875458620331077,0.9164336275907159,1.0,0.757564811804218,0.507649000214322
0.0947183277479781,0.203777107814828,0.25259786902656195,0.270173917322836,0.285358882940235,0.29995422769332203,0.314973335115761,0.33371973589532106,0.340533412144287,0.34926456180594506,0.36713942880438594,0.38469590970353107,0.400396991502401,0.41119619029526794,0.422655347357251,0.4369644815177,0.44885706303022205,0.46388216715859704,0.476605524877308,0.48190118742059795,0.49173671483563,0.48986706687358,0.50676476739206,0.531213178710365,0.537796573893312,0.547255528846457,0.570201828288385,0.587038696488423,0.635490962626317,0.757564811804218,1.0,0.567342533244993
0.0414875833998972,0.095436665798181,0.127728277435728,0.1465395328313,0.13936831389446397,0.150525206969305,0.15839330084476802,0.169380584071232,0.178177256244285,0.18848163130663198,0.202083791301996,0.21257225788354697,0.228360428486133,0.244555114007788,0.255622769417135,0.270050656369625,0.285799236642353,0.296030387196844,0.313495714328043,0.320529951727374,0.324728815799657,0.326347252660868,0.332482041618942,0.35328487166383,0.361133740481781,0.367568965816368,0.38612193111905796,0.40765038312206797,0.44298047704199395,0.507649000214322,0.567342533244993,1.0
