1.0,0.8955973137576321,0.872781658053963,0.857820949785291,0.8470788588202008,0.836509375662682,0.83238021374147,0.825473992716467,0.820210466753071,0.817350848338643,0.8154263640712599,0.8096047252066959,0.801171039137012,0.7953528007704129,0.790564981900127,0.7870166541188341,0.7829400172434821,0.777686428609627,0.771174699658182,0.763266300796144,0.75765119993123,0.750425353665522,0.743627522802287,0.734904866718754,0.7287412990731479,0.7201362799465201,0.709470294876667,0.7047559416216109,0.692478745402731,0.6602957484600981,0.55333437817913,0.202999447873755
0.8955973137576321,1.0,0.9767347379678092,0.965092123078864,0.9562024003803841,0.94870626396227,0.9436654701376909,0.9395048937738959,0.9357204659195251,0.9320417726170799,0.928318158442569,0.924718005909888,0.9195391806323291,0.914275759559053,0.909555102762254,0.904560514344153,0.8988866265484979,0.893176630300716,0.886528638773973,0.878189655325703,0.873135499560605,0.865609645560301,0.859296922777684,0.8500557170306792,0.84341354490075,0.8370617304679699,0.826859910689552,0.819874934533527,0.804931786209515,0.7744672648775258,0.654490416755531,0.233279147350425
0.872781658053963,0.9767347379678092,1.0,0.9895600201711109,0.980567033123649,0.9743408870763589,0.9692592006198059,0.9655277806428109,0.962465354039668,0.9595496571008622,0.9565898337928229,0.952998766476175,0.9487392415388879,0.9443757871392541,0.939638356181381,0.9350471496788771,0.9302915389487009,0.9243293932539269,0.9180912956039108,0.9101299155734129,0.905987700765849,0.8992126392996421,0.893918673670985,0.884890643181204,0.8779724376510402,0.871814410692121,0.8610593307890759,0.8550758401009878,0.8411342863020541,0.8102894204193141,0.688922557935735,0.252955161640512
0.857820949785291,0.965092123078864,0.9895600201711109,1.0,0.9925386489591751,0.986204600142782,0.9821558230816391,0.9785423263115358,0.975494912504565,0.972261792770363,0.969361090500076,0.9658113711432171,0.9619195663883721,0.9577158592981491,0.9527947418204509,0.9483031660162009,0.943996758986591,0.9381238195705071,0.9322465092747991,0.9242830235030559,0.9193761673708829,0.9139267129578119,0.9098696049512559,0.901885471554565,0.895870723747223,0.890116622669236,0.8805076458888051,0.875191068613607,0.862786143952521,0.8329798007127499,0.713259908416859,0.26318701565368896
0.8470788588202008,0.9562024003803841,0.980567033123649,0.9925386489591751,1.0,0.994561383651166,0.9904522878538929,0.986420553814795,0.9831669491988849,0.980240442762665,0.977080358242675,0.973790812929122,0.9703410203026309,0.965582366205035,0.960889313092217,0.9568794386082241,0.9523671431067109,0.946467279708734,0.9403246789902858,0.932926796899113,0.9283772414767909,0.922989638881357,0.9189038683122459,0.9107866809979219,0.905004841837858,0.8999015713417421,0.8901011479264909,0.8837868137125279,0.8717036631950791,0.8412231937328941,0.722030522541003,0.26821245368428603
0.836509375662682,0.94870626396227,0.9743408870763589,0.986204600142782,0.994561383651166,1.0,0.9954327832002879,0.991680323634766,0.9884530700182909,0.9854469699625049,0.981792075567909,0.9783646763315308,0.974938193090775,0.9700288065621129,0.9651670120504341,0.9608183844334309,0.9566026333318209,0.951349455117158,0.945310186432213,0.938582528895859,0.933646798429093,0.9286460978126021,0.9247132695852142,0.917385500230466,0.9114867841579659,0.906506471267517,0.8970940874663391,0.8900391365417829,0.8782352749823391,0.8472713006991359,0.7273194263549949,0.27144050185014496
0.83238021374147,0.9436654701376909,0.9692592006198059,0.9821558230816391,0.9904522878538929,0.9954327832002879,1.0,0.996637781088927,0.993090022403601,0.9901468781129621,0.986379790179621,0.9826130588135881,0.978724522680545,0.973951038615064,0.969778527682571,0.9654542427851149,0.9613681518133509,0.9565383709935521,0.95045105324709,0.943902366570723,0.9389012535992941,0.9336940834317561,0.929706440406567,0.922842740553779,0.917094893850158,0.912122733029847,0.903022174553722,0.896220176171968,0.884566484379812,0.8536055983597121,0.7379447900131221,0.281117343571625
0.825473992716467,0.9395048937738959,0.9655277806428109,0.9785423263115358,0.986420553814795,0.991680323634766,0.996637781088927,1.0,0.997244646049887,0.9940136607105021,0.990221094937593,0.9861327044360941,0.982074154144176,0.9774845670118859,0.9732940330465519,0.969059283449573,0.965105845330822,0.9605225772175551,0.95432625766752,0.9478123246336179,0.9428207887446229,0.9376216420676321,0.933308003089626,0.9267110174340759,0.921211208580129,0.91632989838139,0.9074358510078689,0.9008381706853409,0.8900733549980171,0.8601927773539649,0.7454478361465721,0.285347059243451
0.820210466753071,0.9357204659195251,0.962465354039668,0.975494912504565,0.9831669491988849,0.9884530700182909,0.993090022403601,0.997244646049887,1.0,0.9971931014728442,0.9934172701467041,0.9891873428469542,0.984992619549125,0.9802456357316491,0.9759528709344479,0.971476015831375,0.967129163317771,0.9623939783631559,0.9564227567295359,0.9499154453630451,0.945195859557077,0.939975989715112,0.936057585682131,0.9298326117220229,0.9247323846958009,0.9202318712466279,0.911306635682892,0.9048361609199741,0.894744694978738,0.8670248005617859,0.7535024516528779,0.290416256666894
0.817350848338643,0.9320417726170799,0.9595496571008622,0.972261792770363,0.980240442762665,0.9854469699625049,0.9901468781129621,0.9940136607105021,0.9971931014728442,1.0,0.997337416268856,0.993366951508088,0.9891241746339691,0.9845469321691708,0.9802047865229521,0.9755834625460831,0.9709488928749059,0.9659621605785491,0.960073702354378,0.953669682749345,0.949078761022595,0.943651927276954,0.9401451535977221,0.9338215694047209,0.9290385042299419,0.9244661003536171,0.915900768274485,0.909523135437022,0.8996816914741079,0.8727619585076379,0.76118835628112,0.302455051682995
0.8154263640712599,0.928318158442569,0.9565898337928229,0.969361090500076,0.977080358242675,0.981792075567909,0.986379790179621,0.990221094937593,0.9934172701467041,0.997337416268856,1.0,0.997194029508073,0.992933578547312,0.9884067861596,0.9839676910352941,0.979404638152058,0.9746712263958851,0.969798648720552,0.9638486751978621,0.957750302926476,0.9533293939315308,0.948148360491544,0.944912680718543,0.939177611369573,0.9345542341014209,0.9303925496946691,0.922152060377468,0.915988128110812,0.9055416141298391,0.87909194468399,0.7681515402759549,0.30899759425052803
0.8096047252066959,0.924718005909888,0.952998766476175,0.9658113711432171,0.973790812929122,0.9783646763315308,0.9826130588135881,0.9861327044360941,0.9891873428469542,0.993366951508088,0.997194029508073,1.0,0.997257001913682,0.9934768808554352,0.989202364156196,0.9850285174528342,0.9805335488387091,0.9758624852229529,0.9702551116358601,0.964287718517741,0.96040466787211,0.9555305278345642,0.952493938955854,0.9472509852709701,0.9428510748668479,0.9384927320292491,0.9308782654873629,0.9247802667118821,0.913626815264861,0.887852486961655,0.7760376892164691,0.31422075728660603
0.801171039137012,0.9195391806323291,0.9487392415388879,0.9619195663883721,0.9703410203026309,0.974938193090775,0.978724522680545,0.982074154144176,0.984992619549125,0.9891241746339691,0.992933578547312,0.997257001913682,1.0,0.997571396587525,0.99381424234394,0.9897326047843241,0.9856849997441259,0.9810788052825229,0.975709428317437,0.9698319467278621,0.9660318697033499,0.961146274660652,0.9580614523473281,0.953241727492172,0.94893963122935,0.9443310492884499,0.93739629610979,0.9311671374501189,0.9195420621769961,0.8937394755285258,0.782515365236179,0.31827636297776
0.7953528007704129,0.914275759559053,0.9443757871392541,0.9577158592981491,0.965582366205035,0.9700288065621129,0.973951038615064,0.9774845670118859,0.9802456357316491,0.9845469321691708,0.9884067861596,0.9934768808554352,0.997571396587525,1.0,0.9975045017919971,0.9938394248003509,0.990003653107298,0.985382253357673,0.980406689891583,0.9746881059182181,0.9709512575477901,0.9661396614204051,0.963080264844366,0.958711733155832,0.9544582390889481,0.9499265822582191,0.9431998553795101,0.937016990420115,0.9257428085294961,0.9002668876732759,0.790044679571864,0.32847861234331105
0.790564981900127,0.909555102762254,0.939638356181381,0.9527947418204509,0.960889313092217,0.9651670120504341,0.969778527682571,0.9732940330465519,0.9759528709344479,0.9802047865229521,0.9839676910352941,0.989202364156196,0.99381424234394,0.9975045017919971,1.0,0.9974919810713969,0.994216411821298,0.989955072333865,0.985476803150236,0.980065733541677,0.976325552947695,0.9713580565750111,0.968364041861528,0.9642305097093199,0.959577136251608,0.9553852548336379,0.9486182390987299,0.9427882896288459,0.931720413557074,0.906593416573148,0.7982429380542271,0.339029162672319
0.7870166541188341,0.904560514344153,0.9350471496788771,0.9483031660162009,0.9568794386082241,0.9608183844334309,0.9654542427851149,0.969059283449573,0.971476015831375,0.9755834625460831,0.979404638152058,0.9850285174528342,0.9897326047843241,0.9938394248003509,0.9974919810713969,1.0,0.997522723281804,0.993891642597939,0.989810568232306,0.984844003764728,0.9812543514336022,0.976385835493371,0.973434000690081,0.969698020409869,0.9652194246113309,0.961119619910578,0.954505753459935,0.9486400888044592,0.937608441089854,0.9134475550323449,0.808105471125767,0.35197917218865504
0.7829400172434821,0.8988866265484979,0.9302915389487009,0.943996758986591,0.9523671431067109,0.9566026333318209,0.9613681518133509,0.965105845330822,0.967129163317771,0.9709488928749059,0.9746712263958851,0.9805335488387091,0.9856849997441259,0.990003653107298,0.994216411821298,0.997522723281804,1.0,0.9975572508671721,0.994300548119075,0.9896822841849241,0.986188366064766,0.981541040277055,0.9783458183135579,0.9744154434254649,0.969469367622505,0.965464440582373,0.959099075829542,0.9538075263326841,0.942999645291675,0.9187898556410541,0.8143131497277192,0.35720654622066295
0.777686428609627,0.893176630300716,0.9243293932539269,0.9381238195705071,0.946467279708734,0.951349455117158,0.9565383709935521,0.9605225772175551,0.9623939783631559,0.9659621605785491,0.969798648720552,0.9758624852229529,0.9810788052825229,0.985382253357673,0.989955072333865,0.993891642597939,0.9975572508671721,1.0,0.9979154087360521,0.994237938046302,0.9909891405222709,0.9866497515909499,0.983523629233803,0.979561632827162,0.974671044259803,0.970744984827307,0.9646287499204069,0.9593071316841629,0.948727159635523,0.9242728420559371,0.8213727072361959,0.364747106184019
0.771174699658182,0.886528638773973,0.9180912956039108,0.9322465092747991,0.9403246789902858,0.945310186432213,0.95045105324709,0.95432625766752,0.9564227567295359,0.960073702354378,0.9638486751978621,0.9702551116358601,0.975709428317437,0.980406689891583,0.985476803150236,0.989810568232306,0.994300548119075,0.9979154087360521,1.0,0.997367319925271,0.9944338402362909,0.9903065860971619,0.9874698696108729,0.9833977329781851,0.9786118788912679,0.974480859580583,0.96857077989252,0.963138221061717,0.952526390790218,0.929027791874894,0.8266502378311992,0.36966845442437
0.763266300796144,0.878189655325703,0.9101299155734129,0.9242830235030559,0.932926796899113,0.938582528895859,0.943902366570723,0.9478123246336179,0.9499154453630451,0.953669682749345,0.957750302926476,0.964287718517741,0.9698319467278621,0.9746881059182181,0.980065733541677,0.984844003764728,0.9896822841849241,0.994237938046302,0.997367319925271,1.0,0.99774586467276,0.994012472733426,0.991087375529408,0.9872591181761171,0.982970264174922,0.979496394434755,0.9740357412528909,0.9689125282508341,0.957842679544146,0.9345184459219879,0.835864294365765,0.38100532947123206
0.75765119993123,0.873135499560605,0.905987700765849,0.9193761673708829,0.9283772414767909,0.933646798429093,0.9389012535992941,0.9428207887446229,0.945195859557077,0.949078761022595,0.9533293939315308,0.96040466787211,0.9660318697033499,0.9709512575477901,0.976325552947695,0.9812543514336022,0.986188366064766,0.9909891405222709,0.9944338402362909,0.99774586467276,1.0,0.9973534187903179,0.9944719466068241,0.9905474149247779,0.986417948594978,0.982814396252848,0.977426599477297,0.972022596419407,0.9611124846924399,0.937729529942521,0.839190822182086,0.388520592077375
0.750425353665522,0.865609645560301,0.8992126392996421,0.9139267129578119,0.922989638881357,0.9286460978126021,0.9336940834317561,0.9376216420676321,0.939975989715112,0.943651927276954,0.948148360491544,0.9555305278345642,0.961146274660652,0.9661396614204051,0.9713580565750111,0.976385835493371,0.981541040277055,0.9866497515909499,0.9903065860971619,0.994012472733426,0.9973534187903179,1.0,0.9976211141412591,0.9938283513900891,0.9900583412514959,0.9864244081632221,0.9813970198874742,0.9759328984224771,0.965994261858812,0.942328695581509,0.8450363432107709,0.395902896117271
0.743627522802287,0.859296922777684,0.893918673670985,0.9098696049512559,0.9189038683122459,0.9247132695852142,0.929706440406567,0.933308003089626,0.936057585682131,0.9401451535977221,0.944912680718543,0.952493938955854,0.9580614523473281,0.963080264844366,0.968364041861528,0.973434000690081,0.9783458183135579,0.983523629233803,0.9874698696108729,0.991087375529408,0.9944719466068241,0.9976211141412591,1.0,0.996787129659197,0.9932206112826372,0.98952971825956,0.9842110404029979,0.978710227282753,0.9686986657383859,0.945654520722335,0.8502136269375551,0.402153140005557
0.734904866718754,0.8500557170306792,0.884890643181204,0.901885471554565,0.9107866809979219,0.917385500230466,0.922842740553779,0.9267110174340759,0.9298326117220229,0.9338215694047209,0.939177611369573,0.9472509852709701,0.953241727492172,0.958711733155832,0.9642305097093199,0.969698020409869,0.9744154434254649,0.979561632827162,0.9833977329781851,0.9872591181761171,0.9905474149247779,0.9938283513900891,0.996787129659197,1.0,0.996809948585563,0.993327750171651,0.9874410397428921,0.982071974871233,0.9717137976693291,0.9499980923613008,0.859374846176354,0.41651920958782895
0.7287412990731479,0.84341354490075,0.8779724376510402,0.895870723747223,0.905004841837858,0.9114867841579659,0.917094893850158,0.921211208580129,0.9247323846958009,0.9290385042299419,0.9345542341014209,0.9428510748668479,0.94893963122935,0.9544582390889481,0.959577136251608,0.9652194246113309,0.969469367622505,0.974671044259803,0.9786118788912679,0.982970264174922,0.986417948594978,0.9900583412514959,0.9932206112826372,0.996809948585563,1.0,0.996895546292353,0.991569015647172,0.986364753104128,0.9764990237094759,0.955782381730337,0.867118789771698,0.42744132707993
0.7201362799465201,0.8370617304679699,0.871814410692121,0.890116622669236,0.8999015713417421,0.906506471267517,0.912122733029847,0.91632989838139,0.9202318712466279,0.9244661003536171,0.9303925496946691,0.9384927320292491,0.9443310492884499,0.9499265822582191,0.9553852548336379,0.961119619910578,0.965464440582373,0.970744984827307,0.974480859580583,0.979496394434755,0.982814396252848,0.9864244081632221,0.98952971825956,0.993327750171651,0.996895546292353,1.0,0.995167939547106,0.9901015369193951,0.979901816208379,0.959711136711708,0.871426082134285,0.42946299797676707
0.709470294876667,0.826859910689552,0.8610593307890759,0.8805076458888051,0.8901011479264909,0.8970940874663391,0.903022174553722,0.9074358510078689,0.911306635682892,0.915900768274485,0.922152060377468,0.9308782654873629,0.93739629610979,0.9431998553795101,0.9486182390987299,0.954505753459935,0.959099075829542,0.9646287499204069,0.96857077989252,0.9740357412528909,0.977426599477297,0.9813970198874742,0.9842110404029979,0.9874410397428921,0.991569015647172,0.995167939547106,1.0,0.99481019379725,0.9847126381831222,0.966047753152863,0.8783121547560481,0.4338948636449961
0.7047559416216109,0.819874934533527,0.8550758401009878,0.875191068613607,0.8837868137125279,0.8900391365417829,0.896220176171968,0.9008381706853409,0.9048361609199741,0.909523135437022,0.915988128110812,0.9247802667118821,0.9311671374501189,0.937016990420115,0.9427882896288459,0.9486400888044592,0.9538075263326841,0.9593071316841629,0.963138221061717,0.9689125282508341,0.972022596419407,0.9759328984224771,0.978710227282753,0.982071974871233,0.986364753104128,0.9901015369193951,0.99481019379725,1.0,0.9913823594469829,0.9738129265427379,0.887536656024802,0.439089495579132
0.692478745402731,0.804931786209515,0.8411342863020541,0.862786143952521,0.8717036631950791,0.8782352749823391,0.884566484379812,0.8900733549980171,0.894744694978738,0.8996816914741079,0.9055416141298391,0.913626815264861,0.9195420621769961,0.9257428085294961,0.931720413557074,0.937608441089854,0.942999645291675,0.948727159635523,0.952526390790218,0.957842679544146,0.9611124846924399,0.965994261858812,0.9686986657383859,0.9717137976693291,0.9764990237094759,0.979901816208379,0.9847126381831222,0.9913823594469829,1.0,0.9839918802436329,0.900926056532876,0.45375199336628497
0.6602957484600981,0.7744672648775258,0.8102894204193141,0.8329798007127499,0.8412231937328941,0.8472713006991359,0.8536055983597121,0.8601927773539649,0.8670248005617859,0.8727619585076379,0.87909194468399,0.887852486961655,0.8937394755285258,0.9002668876732759,0.906593416573148,0.9134475550323449,0.9187898556410541,0.9242728420559371,0.929027791874894,0.9345184459219879,0.937729529942521,0.942328695581509,0.945654520722335,0.9499980923613008,0.955782381730337,0.959711136711708,0.966047753152863,0.9738129265427379,0.9839918802436329,1.0,0.9345896673562349,0.493922698931896
0.55333437817913,0.654490416755531,0.688922557935735,0.713259908416859,0.722030522541003,0.7273194263549949,0.7379447900131221,0.7454478361465721,0.7535024516528779,0.76118835628112,0.7681515402759549,0.7760376892164691,0.782515365236179,0.790044679571864,0.7982429380542271,0.808105471125767,0.8143131497277192,0.8213727072361959,0.8266502378311992,0.835864294365765,0.839190822182086,0.8450363432107709,0.8502136269375551,0.859374846176354,0.867118789771698,0.871426082134285,0.8783121547560481,0.887536656024802,0.900926056532876,0.9345896673562349,1.0,0.641412766848965
0.202999447873755,0.233279147350425,0.252955161640512,0.26318701565368896,0.26821245368428603,0.27144050185014496,0.281117343571625,0.285347059243451,0.290416256666894,0.302455051682995,0.30899759425052803,0.31422075728660603,0.31827636297776,0.32847861234331105,0.339029162672319,0.35197917218865504,0.35720654622066295,0.364747106184019,0.36966845442437,0.38100532947123206,0.388520592077375,0.395902896117271,0.402153140005557,0.41651920958782895,0.42744132707993,0.42946299797676707,0.4338948636449961,0.439089495579132,0.45375199336628497,0.493922698931896,0.641412766848965,1.0
