1.0,0.828101210287732,0.7733265707165771,0.7479997533286099,0.7370080857645149,0.720438037329881,0.711352330082217,0.699803804130832,0.6868358475714871,0.677867146674663,0.6740716253796171,0.6618891287334849,0.6535303815734119,0.648577896429853,0.637264496897264,0.626854539511637,0.6177522781362039,0.6096630738888791,0.6013548029333311,0.598107001563372,0.588502290456521,0.579956345267361,0.568054011140411,0.558954684110359,0.5447327682409079,0.531528019918849,0.50696103613904,0.478172385844024,0.45070105739383104,0.3651017255060971,0.219302678842621,0.135319988433503
0.828101210287732,1.0,0.9515251695176808,0.9256444990963979,0.908246484588117,0.889660828906015,0.88097046261095,0.869846271863412,0.856862920552028,0.848663489711078,0.8413164005805609,0.8312623020940909,0.8233974251659091,0.8185797789165041,0.8082887239270459,0.7982740459975181,0.790522497861427,0.7833167929395122,0.777262566816452,0.76781128280113,0.758759325264038,0.748061947975408,0.735584451122697,0.72919162543376,0.7172883233440709,0.700823495141069,0.68193620253448,0.646131315940653,0.6105903061832421,0.522238469991716,0.35761937307135605,0.174312662599356
0.7733265707165771,0.9515251695176808,1.0,0.9760644751657149,0.955273970348176,0.933104903766789,0.923066780051314,0.911879227989606,0.89984384352715,0.8928285360099399,0.8856109673357859,0.875930566290868,0.868157584869744,0.8612608013165921,0.85250736568594,0.8447488477214259,0.8374546661457031,0.830207283446683,0.8234099586823229,0.8131647769438491,0.8034040421167808,0.791719124717408,0.7812421188953221,0.773998311188158,0.761738909233382,0.746473478728562,0.7279492044292242,0.68832442173215,0.6478553005831651,0.550840418146195,0.36908121034989094,0.171139651169595
0.7479997533286099,0.9256444990963979,0.9760644751657149,1.0,0.983380542041197,0.965782221038332,0.9558326992441579,0.9440339746899921,0.93263052823145,0.9244131474810942,0.915629110450059,0.9047937447589358,0.8978339207316809,0.88994340602403,0.88258554906449,0.8767936615507479,0.8694240316066429,0.8621242829280039,0.85558364198295,0.84614029630399,0.837201418293481,0.8268647310636221,0.8178986766518069,0.810534031085543,0.7977124993086541,0.7845096702592571,0.7620718160148341,0.7221386338208009,0.6778507021122541,0.575684852211723,0.384215748669258,0.18051739456708105
0.7370080857645149,0.908246484588117,0.955273970348176,0.983380542041197,1.0,0.9873090786514291,0.9773373085384541,0.9635485295931929,0.953543681121639,0.944586464436331,0.9355087897578008,0.924137132394938,0.917143850423072,0.9097234431660071,0.903232029483558,0.8966225579373441,0.889396405146931,0.8827242421973209,0.8766307656397149,0.868840047202329,0.860219052175342,0.849802093078208,0.8406314331566049,0.833795837999423,0.820423031955643,0.8081528202423109,0.7857962404308749,0.7461322356806409,0.6991678214884061,0.593933853245005,0.40206980394772296,0.18424588386803697
0.720438037329881,0.889660828906015,0.933104903766789,0.965782221038332,0.9873090786514291,1.0,0.991195632555518,0.977391159110324,0.9672068165180551,0.959794623241595,0.9505189688481909,0.939993945243085,0.932622699508452,0.92522079061353,0.9194097796685808,0.9127542488249158,0.904826225304684,0.8973116090165091,0.8910357805176379,0.8846099719014108,0.8768989414986229,0.867971867649558,0.859086510669478,0.8529334377604209,0.8401511523778219,0.8281237726247379,0.8052378892096309,0.766085623612358,0.720170945607015,0.615371917414584,0.420279624648121,0.199020311049562
0.711352330082217,0.88097046261095,0.923066780051314,0.9558326992441579,0.9773373085384541,0.991195632555518,1.0,0.989905413420897,0.9809045601932191,0.972476313469708,0.9631920569396171,0.9532673534287209,0.94568992335257,0.93725183139138,0.930963581074302,0.923060123313071,0.91517002132393,0.907739102538068,0.9019868515059059,0.8956169819948159,0.8888585365772059,0.881083808119033,0.872516719961932,0.8666990264859571,0.8545045186002429,0.8434203270029279,0.820608562906722,0.7835198281431329,0.7360688015369581,0.630428070664293,0.431850538067065,0.203880159920776
0.699803804130832,0.869846271863412,0.911879227989606,0.9440339746899921,0.9635485295931929,0.977391159110324,0.989905413420897,1.0,0.9923555269528341,0.9837594375053579,0.974602360180772,0.9657192574455509,0.9583186998777891,0.948756848655083,0.9426594279150251,0.934762068476215,0.927673823672448,0.9201495259102801,0.915305801413742,0.9094564024026089,0.9028626606586,0.8954031674710341,0.8869401199424141,0.880832143294432,0.8697182084467541,0.8589745551898291,0.834270048827412,0.7980538758547479,0.7499673583475579,0.643785853991199,0.444783636149061,0.21439263457767901
0.6868358475714871,0.856862920552028,0.89984384352715,0.93263052823145,0.953543681121639,0.9672068165180551,0.9809045601932191,0.9923555269528341,1.0,0.9940241193077679,0.9858271598959001,0.9764114512462441,0.9688477805079999,0.9595474889003721,0.9531066658203399,0.944949916142941,0.938277975485131,0.9308929381045559,0.92597869113581,0.919825535459027,0.9133997698287091,0.9066662906015909,0.898365200295952,0.8922850463611591,0.881295571565843,0.87187982811428,0.849239149147834,0.8148713683674531,0.767318491960255,0.660899803615593,0.45860662140054503,0.22261062322074696
0.677867146674663,0.848663489711078,0.8928285360099399,0.9244131474810942,0.944586464436331,0.959794623241595,0.972476313469708,0.9837594375053579,0.9940241193077679,1.0,0.9931989289012609,0.9841513024030809,0.9768576166236059,0.967445612853567,0.960488212874349,0.9516709170865171,0.9447002378204841,0.937329896943532,0.9320978845168909,0.9257183901053759,0.919100997824582,0.91326944212824,0.905764990815063,0.899513727405756,0.8893217342061409,0.880244170446271,0.859481179406773,0.824624387674852,0.778579169205803,0.6754074261105539,0.47487477162240704,0.22537601922631498
0.6740716253796171,0.8413164005805609,0.8856109673357859,0.915629110450059,0.9355087897578008,0.9505189688481909,0.9631920569396171,0.974602360180772,0.9858271598959001,0.9931989289012609,1.0,0.994264307670307,0.987253249624703,0.9784205584272769,0.9715168662186079,0.9622755606377759,0.955404858609002,0.9477894890831571,0.942940014055191,0.9368663177066692,0.9310618843024979,0.925500486058115,0.9185624325177879,0.911117998555654,0.901056434749674,0.8914895892325029,0.871456752758698,0.837555839075293,0.793841573558422,0.6902269109589579,0.48850775958334297,0.22967520266754102
0.6618891287334849,0.8312623020940909,0.875930566290868,0.9047937447589358,0.924137132394938,0.939993945243085,0.9532673534287209,0.9657192574455509,0.9764114512462441,0.9841513024030809,0.994264307670307,1.0,0.994467065486027,0.986206610834945,0.9795291703036509,0.970807271156946,0.964030215843915,0.9572310841449979,0.9521673238986941,0.9458839427866559,0.940193944169428,0.9347283666123871,0.9283785689258209,0.9206173425542429,0.910799488060446,0.900746254087722,0.882276136875968,0.850371301726103,0.8076478854128809,0.709178453283098,0.507233878669389,0.242603345938427
0.6535303815734119,0.8233974251659091,0.868157584869744,0.8978339207316809,0.917143850423072,0.932622699508452,0.94568992335257,0.9583186998777891,0.9688477805079999,0.9768576166236059,0.987253249624703,0.994467065486027,1.0,0.9944808747376791,0.988135961186077,0.980525533865478,0.9736201380582081,0.966927394890271,0.961955487509408,0.9555489984085341,0.949924421545821,0.945497168943019,0.938915135136182,0.931735934991531,0.9220096541232661,0.9128053088883771,0.8952652960766,0.8637164450441709,0.8209350221114481,0.721770309728196,0.516774195712649,0.250853507814017
0.648577896429853,0.8185797789165041,0.8612608013165921,0.88994340602403,0.9097234431660071,0.92522079061353,0.93725183139138,0.948756848655083,0.9595474889003721,0.967445612853567,0.9784205584272769,0.986206610834945,0.9944808747376791,1.0,0.995373567114454,0.9875997750793121,0.980962505472124,0.973734169343629,0.968452861659016,0.962038887176591,0.956565644299596,0.951779243655027,0.944641988280787,0.9381173186617879,0.9289218465715741,0.9195552992830379,0.9024787733608921,0.871151950147641,0.828483359587505,0.728522999075308,0.524822033473326,0.251568420564941
0.637264496897264,0.8082887239270459,0.85250736568594,0.88258554906449,0.903232029483558,0.9194097796685808,0.930963581074302,0.9426594279150251,0.9531066658203399,0.960488212874349,0.9715168662186079,0.9795291703036509,0.988135961186077,0.995373567114454,1.0,0.994417771638801,0.9888301792280629,0.9822481826228889,0.977052259161235,0.970689513360162,0.9648771902247391,0.959758633955592,0.9532774381978301,0.947329281498181,0.939011719667172,0.9302675337648371,0.913406397715728,0.8823950035560909,0.838779922785162,0.741064293813165,0.538738330599807,0.260430897240017
0.626854539511637,0.7982740459975181,0.8447488477214259,0.8767936615507479,0.8966225579373441,0.9127542488249158,0.923060123313071,0.934762068476215,0.944949916142941,0.9516709170865171,0.9622755606377759,0.970807271156946,0.980525533865478,0.9875997750793121,0.994417771638801,1.0,0.995464312942344,0.9894380504283291,0.9841802212604459,0.978014001876065,0.9715832928976958,0.9661026870285401,0.959650079430965,0.9532008651064041,0.9441619256461379,0.936427181609115,0.919283116889015,0.889003900143223,0.847408883857377,0.755782080347657,0.5539595511632329,0.275763191594062
0.6177522781362039,0.790522497861427,0.8374546661457031,0.8694240316066429,0.889396405146931,0.904826225304684,0.91517002132393,0.927673823672448,0.938277975485131,0.9447002378204841,0.955404858609002,0.964030215843915,0.9736201380582081,0.980962505472124,0.9888301792280629,0.995464312942344,1.0,0.9951139920963341,0.9899883376639159,0.984033497668612,0.9775849716187871,0.971967864620492,0.965605148327855,0.9598034087913699,0.95112914309604,0.9437238826949659,0.92689387158463,0.896651157630866,0.8550094505605089,0.762220479575869,0.557755043701568,0.278750693505689
0.6096630738888791,0.7833167929395122,0.830207283446683,0.8621242829280039,0.8827242421973209,0.8973116090165091,0.907739102538068,0.9201495259102801,0.9308929381045559,0.937329896943532,0.9477894890831571,0.9572310841449979,0.966927394890271,0.973734169343629,0.9822481826228889,0.9894380504283291,0.9951139920963341,1.0,0.9959502066202409,0.99014257194801,0.9841228079056479,0.9779150897232429,0.97138096221291,0.965375812875374,0.957064957170019,0.9486098226150659,0.933309497640687,0.9029285316320831,0.8609661123670301,0.772487867701397,0.574120016287153,0.29344544399424
0.6013548029333311,0.777262566816452,0.8234099586823229,0.85558364198295,0.8766307656397149,0.8910357805176379,0.9019868515059059,0.915305801413742,0.92597869113581,0.9320978845168909,0.942940014055191,0.9521673238986941,0.961955487509408,0.968452861659016,0.977052259161235,0.9841802212604459,0.9899883376639159,0.9959502066202409,1.0,0.995283782798975,0.9894603022779509,0.9833132390542499,0.977069954233567,0.97074484557099,0.9625837577913521,0.953880138258139,0.939830000673304,0.91066439973691,0.869235801175048,0.7805661765023381,0.581289784250445,0.296479757412235
0.598107001563372,0.76781128280113,0.8131647769438491,0.84614029630399,0.868840047202329,0.8846099719014108,0.8956169819948159,0.9094564024026089,0.919825535459027,0.9257183901053759,0.9368663177066692,0.9458839427866559,0.9555489984085341,0.962038887176591,0.970689513360162,0.978014001876065,0.984033497668612,0.99014257194801,0.995283782798975,1.0,0.9955928083959129,0.989427749044068,0.9833887856586899,0.976269748545829,0.9673740598882121,0.958948481659625,0.944623711841577,0.916166483662002,0.875569893382408,0.783329758251119,0.580342965937417,0.300452966072159
0.588502290456521,0.758759325264038,0.8034040421167808,0.837201418293481,0.860219052175342,0.8768989414986229,0.8888585365772059,0.9028626606586,0.9133997698287091,0.919100997824582,0.9310618843024979,0.940193944169428,0.949924421545821,0.956565644299596,0.9648771902247391,0.9715832928976958,0.9775849716187871,0.9841228079056479,0.9894603022779509,0.9955928083959129,1.0,0.9950443312008449,0.9887660636139358,0.981573152583542,0.972445447745185,0.9642936770985571,0.951188461629598,0.924728556648307,0.8851391145507859,0.791243439212226,0.586702640604619,0.305954826208261
0.579956345267361,0.748061947975408,0.791719124717408,0.8268647310636221,0.849802093078208,0.867971867649558,0.881083808119033,0.8954031674710341,0.9066662906015909,0.91326944212824,0.925500486058115,0.9347283666123871,0.945497168943019,0.951779243655027,0.959758633955592,0.9661026870285401,0.971967864620492,0.9779150897232429,0.9833132390542499,0.989427749044068,0.9950443312008449,1.0,0.9950401668333142,0.988652132266673,0.979439929165893,0.9717827631007759,0.958461001545864,0.932935329419188,0.8940672202649291,0.8046345474110269,0.605784394469824,0.310683246088357
0.568054011140411,0.735584451122697,0.7812421188953221,0.8178986766518069,0.8406314331566049,0.859086510669478,0.872516719961932,0.8869401199424141,0.898365200295952,0.905764990815063,0.9185624325177879,0.9283785689258209,0.938915135136182,0.944641988280787,0.9532774381978301,0.959650079430965,0.965605148327855,0.97138096221291,0.977069954233567,0.9833887856586899,0.9887660636139358,0.9950401668333142,1.0,0.9934907689392629,0.9840599848974431,0.975663183752229,0.9620402216589059,0.9368156514871171,0.898207834563975,0.8084707137220479,0.613055291738369,0.314996225624211
0.558954684110359,0.72919162543376,0.773998311188158,0.810534031085543,0.833795837999423,0.8529334377604209,0.8666990264859571,0.880832143294432,0.8922850463611591,0.899513727405756,0.911117998555654,0.9206173425542429,0.931735934991531,0.9381173186617879,0.947329281498181,0.9532008651064041,0.9598034087913699,0.965375812875374,0.97074484557099,0.976269748545829,0.981573152583542,0.988652132266673,0.9934907689392629,1.0,0.9924784716458209,0.984215308939452,0.9707994869689341,0.946186919734684,0.9096595159449279,0.8226209639757641,0.6291851833601271,0.333210991329774
0.5447327682409079,0.7172883233440709,0.761738909233382,0.7977124993086541,0.820423031955643,0.8401511523778219,0.8545045186002429,0.8697182084467541,0.881295571565843,0.8893217342061409,0.901056434749674,0.910799488060446,0.9220096541232661,0.9289218465715741,0.939011719667172,0.9441619256461379,0.95112914309604,0.957064957170019,0.9625837577913521,0.9673740598882121,0.972445447745185,0.979439929165893,0.9840599848974431,0.9924784716458209,1.0,0.9920314453750971,0.9798362129106541,0.956364966503547,0.920132281304547,0.8405126953724571,0.654960892747571,0.350646399839341
0.531528019918849,0.700823495141069,0.746473478728562,0.7845096702592571,0.8081528202423109,0.8281237726247379,0.8434203270029279,0.8589745551898291,0.87187982811428,0.880244170446271,0.8914895892325029,0.900746254087722,0.9128053088883771,0.9195552992830379,0.9302675337648371,0.936427181609115,0.9437238826949659,0.9486098226150659,0.953880138258139,0.958948481659625,0.9642936770985571,0.9717827631007759,0.975663183752229,0.984215308939452,0.9920314453750971,1.0,0.9888420831451291,0.9668673934626031,0.9294471958210521,0.851610505889506,0.667117374824353,0.358826147115075
0.50696103613904,0.68193620253448,0.7279492044292242,0.7620718160148341,0.7857962404308749,0.8052378892096309,0.820608562906722,0.834270048827412,0.849239149147834,0.859481179406773,0.871456752758698,0.882276136875968,0.8952652960766,0.9024787733608921,0.913406397715728,0.919283116889015,0.92689387158463,0.933309497640687,0.939830000673304,0.944623711841577,0.951188461629598,0.958461001545864,0.9620402216589059,0.9707994869689341,0.9798362129106541,0.9888420831451291,1.0,0.982002880344607,0.949223737680315,0.8682214127252931,0.6843933947771109,0.37331555283591294
0.478172385844024,0.646131315940653,0.68832442173215,0.7221386338208009,0.7461322356806409,0.766085623612358,0.7835198281431329,0.7980538758547479,0.8148713683674531,0.824624387674852,0.837555839075293,0.850371301726103,0.8637164450441709,0.871151950147641,0.8823950035560909,0.889003900143223,0.896651157630866,0.9029285316320831,0.91066439973691,0.916166483662002,0.924728556648307,0.932935329419188,0.9368156514871171,0.946186919734684,0.956364966503547,0.9668673934626031,0.982002880344607,1.0,0.977602879145751,0.901045073320447,0.712574429823087,0.413854981490675
0.45070105739383104,0.6105903061832421,0.6478553005831651,0.6778507021122541,0.6991678214884061,0.720170945607015,0.7360688015369581,0.7499673583475579,0.767318491960255,0.778579169205803,0.793841573558422,0.8076478854128809,0.8209350221114481,0.828483359587505,0.838779922785162,0.847408883857377,0.8550094505605089,0.8609661123670301,0.869235801175048,0.875569893382408,0.8851391145507859,0.8940672202649291,0.898207834563975,0.9096595159449279,0.920132281304547,0.9294471958210521,0.949223737680315,0.977602879145751,1.0,0.9373758688103059,0.7469822851522622,0.45127716743992297
0.3651017255060971,0.522238469991716,0.550840418146195,0.575684852211723,0.593933853245005,0.615371917414584,0.630428070664293,0.643785853991199,0.660899803615593,0.6754074261105539,0.6902269109589579,0.709178453283098,0.721770309728196,0.728522999075308,0.741064293813165,0.755782080347657,0.762220479575869,0.772487867701397,0.7805661765023381,0.783329758251119,0.791243439212226,0.8046345474110269,0.8084707137220479,0.8226209639757641,0.8405126953724571,0.851610505889506,0.8682214127252931,0.901045073320447,0.9373758688103059,1.0,0.873717099652635,0.521519643802064
0.219302678842621,0.35761937307135605,0.36908121034989094,0.384215748669258,0.40206980394772296,0.420279624648121,0.431850538067065,0.444783636149061,0.45860662140054503,0.47487477162240704,0.48850775958334297,0.507233878669389,0.516774195712649,0.524822033473326,0.538738330599807,0.5539595511632329,0.557755043701568,0.574120016287153,0.581289784250445,0.580342965937417,0.586702640604619,0.605784394469824,0.613055291738369,0.6291851833601271,0.654960892747571,0.667117374824353,0.6843933947771109,0.712574429823087,0.7469822851522622,0.873717099652635,1.0,0.584377329507994
0.135319988433503,0.174312662599356,0.171139651169595,0.18051739456708105,0.18424588386803697,0.199020311049562,0.203880159920776,0.21439263457767901,0.22261062322074696,0.22537601922631498,0.22967520266754102,0.242603345938427,0.250853507814017,0.251568420564941,0.260430897240017,0.275763191594062,0.278750693505689,0.29344544399424,0.296479757412235,0.300452966072159,0.305954826208261,0.310683246088357,0.314996225624211,0.333210991329774,0.350646399839341,0.358826147115075,0.37331555283591294,0.413854981490675,0.45127716743992297,0.521519643802064,0.584377329507994,1.0
