1.0,0.9966791943116691,0.98543491583984,0.9643938107655391,0.93204758460284,0.887681451449175,0.8317342562099059,0.765908586943154,0.718612028408229,0.703411633273134,0.683911470041022,0.6611092705036871,0.636028616720315,0.609614900679171,0.5826718702775749,0.5558364216513809,0.531841191674578,0.502410824289673,0.4669790150179579,0.430047073273192,0.39448914860833795,0.3617501474923421,0.332335529498126,0.306234637043492,0.261726885734552,0.20709568763522604,0.165021937498081,0.13413665130480398,0.11125844120174698,0.0939055355641607,0.0804060532166258,0.0696573577868947
0.9966791943116691,1.0,0.99600962185789,0.982726644429103,0.958456866229938,0.922227996339846,0.874179153344703,0.815719498188871,0.7727786146626461,0.7581237676382941,0.7387654270638401,0.715751473871565,0.690167125492952,0.663022304768419,0.6351816993129499,0.607335626298848,0.583426374621182,0.554222557312067,0.5179995962923231,0.47966804206357105,0.44242394759094605,0.40792212504039294,0.3767876455964871,0.349069606526216,0.30289421327904303,0.245112514176672,0.199890668285864,0.166408939846234,0.14147551726437602,0.122495435612807,0.107691516270884,0.0958808567910254
0.98543491583984,0.99600962185789,1.0,0.9953213169292,0.980088542949073,0.953054578975698,0.9140289806303051,0.864088559432842,0.8262491555215942,0.812304048296448,0.793248850121994,0.7701784103015541,0.744237218725663,0.716498218651182,0.6878862903532049,0.659145033599283,0.6355124420744879,0.606779749783542,0.569966063726519,0.5303929971225779,0.49158502475241,0.455414390225034,0.422632490336302,0.39335353934379896,0.345702720617792,0.28490893143811497,0.23658179999038,0.20050982383267302,0.173514120416034,0.15289546398289702,0.136774829273191,0.123890367376386
0.9643938107655391,0.982726644429103,0.9953213169292,1.0,0.9946880306512881,0.9778520167255891,0.948946432994478,0.908678589661664,0.876702707181371,0.8636514742798009,0.8450959406603241,0.8221719526616129,0.796077871274384,0.767945212337994,0.738755699684216,0.7093039269008149,0.686183520443075,0.658219441344599,0.621097497310578,0.580536442171204,0.540384593893863,0.502732745885019,0.46846229712752707,0.43775693167036295,0.38893757311202004,0.32542987629356,0.27417575625637197,0.23562410521219299,0.20663864405725502,0.184431560925153,0.167030477313671,0.153099429641846
0.93204758460284,0.958456866229938,0.980088542949073,0.9946880306512881,1.0,0.994201841701722,0.976375358006362,0.9468269238165529,0.9214270502180161,0.9094624981688809,0.8916303442592791,0.8690984162999721,0.8431101286084459,0.8148477473978559,0.785343447163274,0.755437966850022,0.7331012809990289,0.706243983858266,0.6691758581746601,0.627979873220333,0.586809733009277,0.547967537740545,0.5124641104458789,0.48055525432666796,0.43099364481534397,0.36524855940277795,0.31140387406446,0.270607418112208,0.239800593084433,0.21612991546616397,0.19754386031002202,0.182641260805393
0.887681451449175,0.922227996339846,0.953054578975698,0.9778520167255891,0.994201841701722,1.0,0.9939494063331998,0.975934128295072,0.957691997791402,0.946998394387228,0.9301242532482951,0.908257559527037,0.882674682494538,0.8545974885100459,0.825099142251212,0.7950590476375758,0.773794522667026,0.7483981637940942,0.7118068789417391,0.670415084542645,0.628648368367146,0.589003446509939,0.5526148727797641,0.5198108858686189,0.470036282177964,0.402699967915248,0.346760076685116,0.304081546854982,0.271721634435988,0.24679063216763697,0.227177615117441,0.21142920229256199
0.8317342562099059,0.874179153344703,0.9140289806303051,0.948946432994478,0.976375358006362,0.9939494063331998,1.0,0.99398121959236,0.9832689409087241,0.974001613159938,0.958308093563665,0.937382733389341,0.912520282182277,0.8849684270310829,0.8558293536685491,0.8260114318801209,0.806096694714981,0.78249672034758,0.7468306316621091,0.70573441770143,0.663858399213959,0.623868193178396,0.587011156632536,0.5536855890106589,0.5042893815050821,0.436133906039877,0.37872360294228397,0.334633588035,0.301074693640052,0.275154810142465,0.25472761181965803,0.23830378404719302
0.765908586943154,0.815719498188871,0.864088559432842,0.908678589661664,0.9468269238165529,0.975934128295072,0.99398121959236,1.0,0.9969269318452659,0.98919384025453,0.9748670054782479,0.9551327320887271,0.9312884954108008,0.904592696507735,0.8761631808134829,0.846926258929739,0.828597809302991,0.8070739670922679,0.7727605474550551,0.732454491192043,0.690974209614172,0.651121647313094,0.614241633498399,0.580797543575968,0.532374136096875,0.46422316092997296,0.40603829976014705,0.361071942898736,0.326721715143622,0.300127970857889,0.279134947161857,0.262235441551155
0.718612028408229,0.7727786146626461,0.8262491555215942,0.876702707181371,0.9214270502180161,0.957691997791402,0.9832689409087241,0.9969269318452659,1.0,0.9962899555135809,0.985775323013871,0.969586109533337,0.9489866570403109,0.925223143218269,0.899417710823577,0.8725124800708941,0.8559825848605072,0.8353316558540059,0.8012444795198491,0.7607285657726659,0.718783748762015,0.6783404452748841,0.6408242245644901,0.606745033093809,0.559939324860653,0.49284021554757296,0.434562900607585,0.38917166369391704,0.354341766679769,0.32729877018412895,0.305907994380143,0.288662610826672
0.703411633273134,0.7581237676382941,0.812304048296448,0.8636514742798009,0.9094624981688809,0.946998394387228,0.974001613159938,0.98919384025453,0.9962899555135809,1.0,0.996582026654445,0.987052125845121,0.972601990787172,0.954443706209739,0.9336968100581979,0.911323635148975,0.896736558019006,0.8751062427104509,0.839399430204144,0.7969572293029229,0.7530175734831791,0.710650485360505,0.671349494120826,0.635648900525883,0.590967846203958,0.525832261032244,0.467947827358628,0.422402235959584,0.3872534457702321,0.35986262629760707,0.338141412564378,0.320596741263688
0.683911470041022,0.7387654270638401,0.793248850121994,0.8450959406603241,0.8916303442592791,0.9301242532482951,0.958308093563665,0.9748670054782479,0.985775323013871,0.996582026654445,1.0,0.9969288931251091,0.988482346493489,0.975831259523875,0.9600848562656461,0.9422181552754741,0.929597798449192,0.907178332400559,0.870166035908013,0.826171004324636,0.7806231661168209,0.7367051252517259,0.695965222024854,0.6589574059007429,0.6166276496967621,0.5538314512557819,0.49672813470003796,0.45135225229159703,0.41614266833269997,0.388609140524503,0.366722336790783,0.349012827455386
0.6611092705036871,0.715751473871565,0.7701784103015541,0.8221719526616129,0.8690984162999721,0.908257559527037,0.937382733389341,0.9551327320887271,0.969586109533337,0.987052125845121,0.9969288931251091,1.0,0.9972980656930029,0.9899475567361079,0.979040919139455,0.965559043709544,0.9548827563210021,0.9318566840128849,0.8938404053623109,0.848650981059578,0.8018660778322579,0.756754938593256,0.7149080916500279,0.6768946169806999,0.637061008325689,0.576878835280407,0.5208764005644899,0.47594777984750897,0.440902782274952,0.41340774136857705,0.39150209498046795,0.373748091726629
0.636028616720315,0.690167125492952,0.744237218725663,0.796077871274384,0.8431101286084459,0.882674682494538,0.912520282182277,0.9312884954108008,0.9489866570403109,0.972601990787172,0.988482346493489,0.9972980656930029,1.0,0.997662781481265,0.99135701843738,0.9820636340604291,0.973270601859352,0.9498040474632851,0.9110582122824781,0.865000661476399,0.8173165098792622,0.771338021258186,0.7286864191346529,0.6899417997312111,0.652672107878862,0.595278030222661,0.540620938549379,0.496362703699655,0.461667747511584,0.43436230925933705,0.412561282484528,0.39486465860167497
0.609614900679171,0.663022304768419,0.716498218651182,0.767945212337994,0.8148477473978559,0.8545974885100459,0.8849684270310829,0.904592696507735,0.925223143218269,0.954443706209739,0.975831259523875,0.9899475567361079,0.997662781481265,1.0,0.998004315401494,0.9926519231151791,0.985653246257523,0.96189080102432,0.922654303955188,0.8760126655855021,0.8277233681836429,0.7811611313519939,0.737967866085364,0.6987311016323889,0.6640270046166911,0.6095046526457409,0.556364038363726,0.5129440322565539,0.47874295124368704,0.451746314211474,0.43014834318880296,0.412590926592034
0.5826718702775749,0.6351816993129499,0.6878862903532049,0.738755699684216,0.785343447163274,0.825099142251212,0.8558293536685491,0.8761631808134829,0.899417710823577,0.9336968100581979,0.9600848562656461,0.979040919139455,0.99135701843738,0.998004315401494,1.0,0.9983118419332742,0.9930004675634809,0.9690633272567509,0.9295364448604458,0.88254885628305,0.833900995084639,0.7869927916924009,0.7434784519385071,0.703949932634635,0.671760996319868,0.62011906632188,0.56860070548661,0.526135767637034,0.492533217184417,0.465934139538056,0.444613570675189,0.427257761060791
0.5558364216513809,0.607335626298848,0.659145033599283,0.7093039269008149,0.755437966850022,0.7950590476375758,0.8260114318801209,0.846926258929739,0.8725124800708941,0.911323635148975,0.9422181552754741,0.965559043709544,0.9820636340604291,0.9926519231151791,0.9983118419332742,1.0,0.9962593248354399,0.9722458492604251,0.9325911545481209,0.885450934977116,0.8366446912439449,0.789583562079869,0.74592723304828,0.70626964750682,0.676507586382621,0.6276970476610021,0.5778523776179529,0.5364155503792729,0.503481937494111,0.47734226508974703,0.45635198033189706,0.43924276733500506
0.531841191674578,0.583426374621182,0.6355124420744879,0.686183520443075,0.7331012809990289,0.773794522667026,0.806096694714981,0.828597809302991,0.8559825848605072,0.896736558019006,0.929597798449192,0.9548827563210021,0.973270601859352,0.985653246257523,0.9930004675634809,0.9962593248354399,1.0,0.988399233354543,0.95933088905662,0.9208702711585001,0.879033746225126,0.837528337187465,0.7983063903858081,0.762210754163914,0.734116096196353,0.6832069084630351,0.630429608844881,0.586319301904066,0.5511647456805611,0.523215910765732,0.5007478191076921,0.482419378242715
0.502410824289673,0.554222557312067,0.606779749783542,0.658219441344599,0.706243983858266,0.7483981637940942,0.78249672034758,0.8070739670922679,0.8353316558540059,0.8751062427104509,0.907178332400559,0.9318566840128849,0.9498040474632851,0.96189080102432,0.9690633272567509,0.9722458492604251,0.988399233354543,1.0,0.99107466817147,0.9694000514989058,0.941245613431042,0.910797629287511,0.8805142390694091,0.8516836119464191,0.82500723294387,0.768559188767295,0.709734728721828,0.660480672290349,0.621190330813604,0.589935922511545,0.5648010396424129,0.544291631266678
0.4669790150179579,0.5179995962923231,0.569966063726519,0.621097497310578,0.6691758581746601,0.7118068789417391,0.7468306316621091,0.7727605474550551,0.8012444795198491,0.839399430204144,0.870166035908013,0.8938404053623109,0.9110582122824781,0.922654303955188,0.9295364448604458,0.9325911545481209,0.95933088905662,0.99107466817147,1.0,0.9934731074599491,0.9778658098275329,0.957705046536393,0.9358459384050409,0.9139429120305441,0.889021122117275,0.8287900494349809,0.7657818151232361,0.712954066971113,0.670784370598984,0.637225761099557,0.610230425283099,0.588198603836995
0.430047073273192,0.47966804206357105,0.5303929971225779,0.580536442171204,0.627979873220333,0.670415084542645,0.70573441770143,0.732454491192043,0.7607285657726659,0.7969572293029229,0.826171004324636,0.848650981059578,0.865000661476399,0.8760126655855021,0.88254885628305,0.885450934977116,0.9208702711585001,0.9694000514989058,0.9934731074599491,1.0,0.9953498802145719,0.984277061614711,0.9699359067615941,0.954270801733741,0.9312033391072041,0.868588381791841,0.802892695372848,0.747755323789973,0.7037191616629879,0.66866425669708,0.640459362149405,0.61743692695691
0.39448914860833795,0.44242394759094605,0.49158502475241,0.540384593893863,0.586809733009277,0.628648368367146,0.663858399213959,0.690974209614172,0.718783748762015,0.7530175734831791,0.7806231661168209,0.8018660778322579,0.8173165098792622,0.8277233681836429,0.833900995084639,0.8366446912439449,0.879033746225126,0.941245613431042,0.9778658098275329,0.9953498802145719,1.0,0.996714180096097,0.988867428901982,0.9786292353873509,0.957362101335929,0.8933703149674399,0.8260727524619749,0.7695452767673678,0.7243804339250781,0.688418178812522,0.659478465179644,0.635853439441524
0.3617501474923421,0.40792212504039294,0.455414390225034,0.502732745885019,0.547967537740545,0.589003446509939,0.623868193178396,0.651121647313094,0.6783404452748841,0.710650485360505,0.7367051252517259,0.756754938593256,0.771338021258186,0.7811611313519939,0.7869927916924009,0.789583562079869,0.837528337187465,0.910797629287511,0.957705046536393,0.984277061614711,0.996714180096097,1.0,0.997670781463836,0.9920696880575172,0.9724694683310899,0.907780410861636,0.839620126405016,0.7823305032134891,0.736541574629113,0.7000751257395551,0.6707257630906099,0.646764032985187
0.332335529498126,0.3767876455964871,0.422632490336302,0.46846229712752707,0.5124641104458789,0.5526148727797641,0.587011156632536,0.614241633498399,0.6408242245644901,0.671349494120826,0.695965222024854,0.7149080916500279,0.7286864191346529,0.737967866085364,0.7434784519385071,0.74592723304828,0.7983063903858081,0.8805142390694091,0.9358459384050409,0.9699359067615941,0.988867428901982,0.997670781463836,1.0,0.9983325658027791,0.980236020580549,0.915289437811684,0.846749984943897,0.7891104909094201,0.74302934794497,0.7063241404898349,0.676779368524154,0.652656201823411
0.306234637043492,0.349069606526216,0.39335353934379896,0.43775693167036295,0.48055525432666796,0.5198108858686189,0.5536855890106589,0.580797543575968,0.606745033093809,0.635648900525883,0.6589574059007429,0.6768946169806999,0.6899417997312111,0.6987311016323889,0.703949932634635,0.70626964750682,0.762210754163914,0.8516836119464191,0.9139429120305441,0.954270801733741,0.9786292353873509,0.9920696880575172,0.9983325658027791,1.0,0.983241761583215,0.9183135600269341,0.849702622334147,0.791976776598565,0.7458160177947679,0.7090423163466508,0.679439680800897,0.655267672920047
0.261726885734552,0.30289421327904303,0.345702720617792,0.38893757311202004,0.43099364481534397,0.470036282177964,0.5042893815050821,0.532374136096875,0.559939324860653,0.590967846203958,0.6166276496967621,0.637061008325689,0.652672107878862,0.6640270046166911,0.671760996319868,0.676507586382621,0.734116096196353,0.82500723294387,0.889021122117275,0.9312033391072041,0.957362101335929,0.9724694683310899,0.980236020580549,0.983241761583215,1.0,0.9749393972278709,0.931281166761994,0.889597596459965,0.854269119193249,0.825167255599403,0.8012253088401731,0.781374604593652
0.20709568763522604,0.245112514176672,0.28490893143811497,0.32542987629356,0.36524855940277795,0.402699967915248,0.436133906039877,0.46422316092997296,0.49284021554757296,0.525832261032244,0.5538314512557819,0.576878835280407,0.595278030222661,0.6095046526457409,0.62011906632188,0.6276970476610021,0.6832069084630351,0.768559188767295,0.8287900494349809,0.868588381791841,0.8933703149674399,0.907780410861636,0.915289437811684,0.9183135600269341,0.9749393972278709,1.0,0.988989016447417,0.9689161121891708,0.948507739859332,0.9301591518495971,0.914264249297512,0.900628400946125
0.165021937498081,0.199890668285864,0.23658179999038,0.27417575625637197,0.31140387406446,0.346760076685116,0.37872360294228397,0.40603829976014705,0.434562900607585,0.467947827358628,0.49672813470003796,0.5208764005644899,0.540620938549379,0.556364038363726,0.56860070548661,0.5778523776179529,0.630429608844881,0.709734728721828,0.7657818151232361,0.802892695372848,0.8260727524619749,0.839620126405016,0.846749984943897,0.849702622334147,0.931281166761994,0.988989016447417,1.0,0.9948583026834291,0.984939817554464,0.974252296150796,0.964150335390314,0.9550261109857651
0.13413665130480398,0.166408939846234,0.20050982383267302,0.23562410521219299,0.270607418112208,0.304081546854982,0.334633588035,0.361071942898736,0.38917166369391704,0.422402235959584,0.45135225229159703,0.47594777984750897,0.496362703699655,0.5129440322565539,0.526135767637034,0.5364155503792729,0.586319301904066,0.660480672290349,0.712954066971113,0.747755323789973,0.7695452767673678,0.7823305032134891,0.7891104909094201,0.791976776598565,0.889597596459965,0.9689161121891708,0.9948583026834291,1.0,0.9973860358210792,0.9920768732991031,0.9860673918186659,0.980146378419953
0.11125844120174698,0.14147551726437602,0.173514120416034,0.20663864405725502,0.239800593084433,0.271721634435988,0.301074693640052,0.326721715143622,0.354341766679769,0.3872534457702321,0.41614266833269997,0.440902782274952,0.461667747511584,0.47874295124368704,0.492533217184417,0.503481937494111,0.5511647456805611,0.621190330813604,0.670784370598984,0.7037191616629879,0.7243804339250781,0.736541574629113,0.74302934794497,0.7458160177947679,0.854269119193249,0.948507739859332,0.984939817554464,0.9973860358210792,1.0,0.998561452447087,0.995509557904327,0.9919111155183951
0.0939055355641607,0.122495435612807,0.15289546398289702,0.184431560925153,0.21612991546616397,0.24679063216763697,0.275154810142465,0.300127970857889,0.32729877018412895,0.35986262629760707,0.388609140524503,0.41340774136857705,0.43436230925933705,0.451746314211474,0.465934139538056,0.47734226508974703,0.523215910765732,0.589935922511545,0.637225761099557,0.66866425669708,0.688418178812522,0.7000751257395551,0.7063241404898349,0.7090423163466508,0.825167255599403,0.9301591518495971,0.974252296150796,0.9920768732991031,0.998561452447087,1.0,0.999153127710006,0.997290332937064
0.0804060532166258,0.107691516270884,0.136774829273191,0.167030477313671,0.19754386031002202,0.227177615117441,0.25472761181965803,0.279134947161857,0.305907994380143,0.338141412564378,0.366722336790783,0.39150209498046795,0.412561282484528,0.43014834318880296,0.444613570675189,0.45635198033189706,0.5007478191076921,0.5648010396424129,0.610230425283099,0.640459362149405,0.659478465179644,0.6707257630906099,0.676779368524154,0.679439680800897,0.8012253088401731,0.914264249297512,0.964150335390314,0.9860673918186659,0.995509557904327,0.999153127710006,1.0,0.9994727424039541
0.0696573577868947,0.0958808567910254,0.123890367376386,0.153099429641846,0.182641260805393,0.21142920229256199,0.23830378404719302,0.262235441551155,0.288662610826672,0.320596741263688,0.349012827455386,0.373748091726629,0.39486465860167497,0.412590926592034,0.427257761060791,0.43924276733500506,0.482419378242715,0.544291631266678,0.588198603836995,0.61743692695691,0.635853439441524,0.646764032985187,0.652656201823411,0.655267672920047,0.781374604593652,0.900628400946125,0.9550261109857651,0.980146378419953,0.9919111155183951,0.997290332937064,0.9994727424039541,1.0
