1.0,0.952177424811234,0.7492914737610258,0.735862528641662,0.6771130138827309,0.63948175573581,0.597546455183276,0.5614420891443349,0.533521168009502,0.498696896380099,0.4598632144114221,0.423478086721754,0.40592507829678903,0.385638368706808,0.373448442377367,0.36271399366808793,0.35636221170512394,0.35318660911279903,0.349287342228408,0.34350463089349503,0.334606333306542,0.331733257858147,0.326197869304348,0.32848340881447097,0.326702489644745,0.315396358375557,0.295806364159889,0.273457216465692,0.229811186155904,0.19499129694935002,0.182067946649409,0.163368293412964
0.952177424811234,1.0,0.9157729882757201,0.895093598999033,0.818732044098533,0.775549440555917,0.729214195212901,0.6879860665332571,0.654936429675411,0.614627052872496,0.571850863374474,0.530917486443669,0.515224201227718,0.495005051039498,0.483185341201156,0.47246064406308597,0.465588161856618,0.46127788684209003,0.455775138575419,0.447178752577589,0.43478787893736204,0.42779722630101397,0.41803621976056005,0.416435780490547,0.409769097548986,0.39720936636534604,0.37860064816417105,0.35558933245655105,0.30588970243491,0.264393739198099,0.24440850336051603,0.217522549604354
0.7492914737610258,0.9157729882757201,1.0,0.9753483655864191,0.889751572410321,0.8463140932954559,0.801079479984769,0.759250291491539,0.7243997330537769,0.682857526441553,0.641287044460493,0.60037517143005,0.58926760347445,0.571886777746778,0.562178082257041,0.552943230412032,0.546317610812572,0.541079944797181,0.534221011134767,0.523158280129417,0.5079024422139939,0.496714423411557,0.48292958045366796,0.476422312506295,0.4641470894050901,0.45155444861932503,0.436676455137332,0.415918578807178,0.3651694065702029,0.320590580300099,0.293774115315492,0.25957460064708604
0.735862528641662,0.895093598999033,0.9753483655864191,1.0,0.9685418122734691,0.93951662581122,0.8967001292033209,0.8572606179503169,0.824839936015997,0.785275756253763,0.74655803701755,0.706250104964837,0.6920872980035411,0.670735761356702,0.659014488185683,0.648033866770106,0.640029054159218,0.6335903570389979,0.625812203647482,0.6144516218148339,0.597766724810603,0.5905539591224971,0.579028470850859,0.5721268707948239,0.557050945812765,0.540277939493852,0.519961782406056,0.49462632726535405,0.43737280369971904,0.386019334298878,0.350580998629974,0.307578114509601
0.6771130138827309,0.818732044098533,0.889751572410321,0.9685418122734691,1.0,0.9889475603975959,0.951395194891135,0.916987630457606,0.889228307111547,0.8542392426725699,0.8210329209679599,0.783794617641655,0.7670256687364809,0.7424615993392221,0.7291653156449049,0.716866674362462,0.707780890953354,0.7003693319224229,0.69201548931063,0.680992224552675,0.663684486167393,0.6613820358278879,0.6530874031623579,0.646150088156374,0.628809172779408,0.608315891663451,0.583070997653942,0.5540747220631079,0.492878949723377,0.436928798088379,0.393867560153725,0.34348535638917604
0.63948175573581,0.775549440555917,0.8463140932954559,0.93951662581122,0.9889475603975959,1.0,0.985715235629514,0.963797962613922,0.9390612250685899,0.906309975104275,0.8746131003013159,0.8377735370904599,0.8217620733224441,0.7970858611971942,0.7833953399096321,0.7704510728914391,0.7610923351972472,0.7536300305851379,0.745408143605212,0.7350129499485509,0.7174671069176031,0.7168411190315079,0.709334138846689,0.7016464930445621,0.6822263617172789,0.6591109686037501,0.6307316137479639,0.5989695542091059,0.5335907496557021,0.4735228224559171,0.425854746940616,0.37067812508445597
0.597546455183276,0.729214195212901,0.801079479984769,0.8967001292033209,0.951395194891135,0.985715235629514,1.0,0.9930382766551942,0.9712838111265971,0.940654706097212,0.909879142040797,0.8732764523127241,0.859179575715142,0.8355995012541508,0.822036249747726,0.80881689719834,0.7995418996272421,0.792389904168884,0.7846163299765941,0.7750905512000831,0.757672791806465,0.7578756143780859,0.750617325676062,0.7420950524228659,0.720918644028339,0.695800944257362,0.665169347455021,0.631335460268972,0.562654108567677,0.49946378182850504,0.44867767746506604,0.39019042991291797
0.5614420891443349,0.6879860665332571,0.759250291491539,0.8572606179503169,0.916987630457606,0.963797962613922,0.9930382766551942,1.0,0.990485848711822,0.969173803821801,0.9419686352763291,0.9076295088248258,0.8940255044028341,0.8703829780903419,0.856790782787572,0.8434218132072121,0.8340448484985079,0.82677280236619,0.8191087903305321,0.810276950358083,0.792919247211788,0.7944744573992529,0.787930402021294,0.779137375886438,0.756785422366893,0.729872843020937,0.696915913800635,0.660861072653553,0.5885668228385059,0.522206388566398,0.468135400198856,0.40644897303951794
0.533521168009502,0.654936429675411,0.7243997330537769,0.824839936015997,0.889228307111547,0.9390612250685899,0.9712838111265971,0.990485848711822,1.0,0.9932624806095269,0.971513330050363,0.940880103553819,0.926548528223973,0.9018505590157511,0.8880744798689109,0.8746388696234959,0.864994438759342,0.8572426815941179,0.849388436260377,0.84104567239953,0.823651556706198,0.826906981163759,0.8213994205041709,0.812793881085004,0.789764883575193,0.7612793406137242,0.7260095394626931,0.687671057369487,0.61157733882889,0.5420602327597209,0.48465390666273206,0.41992351328641
0.498696896380099,0.614627052872496,0.682857526441553,0.785275756253763,0.8542392426725699,0.906309975104275,0.940654706097212,0.969173803821801,0.9932624806095269,1.0,0.989188444024612,0.966615028608762,0.9527237541967609,0.92803770708242,0.9144433902931809,0.9011218052663471,0.890815277265293,0.8817345444719741,0.873138828708512,0.8653485336026802,0.8480511661703579,0.8520382794394301,0.846862487276224,0.838249084037015,0.814660552054181,0.7844811515520591,0.746672621482418,0.706544088480686,0.629001675784067,0.5579195829652739,0.49555205366826,0.42707972437743
0.4598632144114221,0.571850863374474,0.641287044460493,0.74655803701755,0.8210329209679599,0.8746131003013159,0.909879142040797,0.9419686352763291,0.971513330050363,0.989188444024612,1.0,0.9937388933690441,0.982411683333478,0.959472757046104,0.946555943449582,0.9334726843042909,0.921529721848257,0.9092580943887449,0.8986596446633058,0.8913932584887808,0.874148093974102,0.876935481201068,0.870545577739117,0.861368502232985,0.8370496359750721,0.804432706367699,0.763014248509067,0.7214314772660859,0.645886180248781,0.5752527058200539,0.503616366748724,0.428844932647171
0.423478086721754,0.530917486443669,0.60037517143005,0.706250104964837,0.783794617641655,0.8377735370904599,0.8732764523127241,0.9076295088248258,0.940880103553819,0.966615028608762,0.9937388933690441,1.0,0.9911458036804159,0.970163954330098,0.9580484420902701,0.9453750115448871,0.932390223464698,0.9178892837667809,0.90593120754228,0.899158051381071,0.882183016125933,0.883935856119885,0.876642095828895,0.8671169774284141,0.8425434073661691,0.8085806645589821,0.7651089638513949,0.723092926305391,0.65020082464761,0.58092017140124,0.503159319546537,0.424565398942163
0.40592507829678903,0.515224201227718,0.58926760347445,0.6920872980035411,0.7670256687364809,0.8217620733224441,0.859179575715142,0.8940255044028341,0.926548528223973,0.9527237541967609,0.982411683333478,0.9911458036804159,1.0,0.9937659294075029,0.986649339337575,0.97604462197098,0.9645294952973,0.9509055070004301,0.939418095766357,0.9322632209594521,0.914563238244389,0.912236334506947,0.901394837761802,0.8894081338208539,0.862582199755174,0.830564919084814,0.7918106341491009,0.753607752346904,0.683717261773305,0.614770841914076,0.53174921892149,0.448050145050257
0.385638368706808,0.495005051039498,0.571886777746778,0.670735761356702,0.7424615993392221,0.7970858611971942,0.8355995012541508,0.8703829780903419,0.9018505590157511,0.92803770708242,0.959472757046104,0.970163954330098,0.9937659294075029,1.0,0.9971780137841658,0.9884552359001179,0.978331500476528,0.9656300610554559,0.9546948577118699,0.947317270120744,0.9292505190209951,0.923529875148172,0.909857718155172,0.8959679907592091,0.8676175351098939,0.837671383545434,0.8034077753431529,0.7689287740462231,0.7025138739679809,0.6347904844168271,0.548486448429076,0.461644885388654
0.373448442377367,0.483185341201156,0.562178082257041,0.659014488185683,0.7291653156449049,0.7833953399096321,0.822036249747726,0.856790782787572,0.8880744798689109,0.9144433902931809,0.946555943449582,0.9580484420902701,0.986649339337575,0.9971780137841658,1.0,0.9968908741580649,0.9904812896739019,0.9797986055118342,0.9695745880779371,0.9599659343279301,0.940047213055137,0.934158956909346,0.9202695410592979,0.9062347259681751,0.877592223122353,0.850522573647268,0.8211113912448991,0.7896602208938129,0.7234398209496249,0.6549546328902671,0.5689525407508261,0.48101739338520505
0.36271399366808793,0.47246064406308597,0.552943230412032,0.648033866770106,0.716866674362462,0.7704510728914391,0.80881689719834,0.8434218132072121,0.8746388696234959,0.9011218052663471,0.9334726843042909,0.9453750115448871,0.97604462197098,0.9884552359001179,0.9968908741580649,1.0,0.997683527490782,0.989210120702816,0.9797305545909492,0.9675568484376569,0.945600602117577,0.940404638705312,0.927034236754502,0.9133672319601709,0.8848755427798821,0.8608046622057008,0.836135348368468,0.807456204419736,0.740826651629762,0.6713787101203679,0.586902154518936,0.498801159166302
0.35636221170512394,0.465588161856618,0.546317610812572,0.640029054159218,0.707780890953354,0.7610923351972472,0.7995418996272421,0.8340448484985079,0.864994438759342,0.890815277265293,0.921529721848257,0.932390223464698,0.9645294952973,0.978331500476528,0.9904812896739019,0.997683527490782,1.0,0.9964686405408298,0.9897998204897169,0.975852127247548,0.952446564442403,0.9487586426271641,0.9365323648702211,0.923862012609234,0.896010447901623,0.874776701040905,0.854191003892556,0.827416490435732,0.758653926375052,0.687228754068098,0.605070298243033,0.517310510631656
0.35318660911279903,0.46127788684209003,0.541079944797181,0.6335903570389979,0.7003693319224229,0.7536300305851379,0.792389904168884,0.82677280236619,0.8572426815941179,0.8817345444719741,0.9092580943887449,0.9178892837667809,0.9509055070004301,0.9656300610554559,0.9797986055118342,0.989210120702816,0.9964686405408298,1.0,0.9977788699748149,0.9827852900668991,0.958498316710645,0.956955137584314,0.946377655355182,0.935216700305272,0.908439566315117,0.889865544516847,0.8727393477605441,0.8471458282779549,0.77500849906086,0.700950109599757,0.621841369624131,0.534985045412838
0.349287342228408,0.455775138575419,0.534221011134767,0.625812203647482,0.69201548931063,0.745408143605212,0.7846163299765941,0.8191087903305321,0.849388436260377,0.873138828708512,0.8986596446633058,0.90593120754228,0.939418095766357,0.9546948577118699,0.9695745880779371,0.9797305545909492,0.9897998204897169,0.9977788699748149,1.0,0.9900426504585259,0.969463867175803,0.9683827133961379,0.9580114059279751,0.9469766195117819,0.920075445227618,0.901679401159928,0.884851122822747,0.8588562604405642,0.784462551758907,0.7087054395546422,0.631044902893529,0.544550772629788
0.34350463089349503,0.447178752577589,0.523158280129417,0.6144516218148339,0.680992224552675,0.7350129499485509,0.7750905512000831,0.810276950358083,0.84104567239953,0.8653485336026802,0.8913932584887808,0.899158051381071,0.9322632209594521,0.947317270120744,0.9599659343279301,0.9675568484376569,0.975852127247548,0.9827852900668991,0.9900426504585259,1.0,0.994331634405715,0.989844914197889,0.976329073687678,0.962196911082987,0.9323302319336371,0.908323346020228,0.884434475451358,0.854263554717456,0.7798462440573579,0.704268341080984,0.6244383469186501,0.537008282322628
0.334606333306542,0.43478787893736204,0.5079024422139939,0.597766724810603,0.663684486167393,0.7174671069176031,0.757672791806465,0.792919247211788,0.823651556706198,0.8480511661703579,0.874148093974102,0.882183016125933,0.914563238244389,0.9292505190209951,0.940047213055137,0.945600602117577,0.952446564442403,0.958498316710645,0.969463867175803,0.994331634405715,1.0,0.9930002019117071,0.977287531564796,0.9610022859297169,0.9292896536266341,0.9013614820317372,0.8724547600179928,0.839527557138827,0.766073927420311,0.691628197805175,0.611212490193376,0.524228642206057
0.331733257858147,0.42779722630101397,0.496714423411557,0.5905539591224971,0.6613820358278879,0.7168411190315079,0.7578756143780859,0.7944744573992529,0.826906981163759,0.8520382794394301,0.876935481201068,0.883935856119885,0.912236334506947,0.923529875148172,0.934158956909346,0.940404638705312,0.9487586426271641,0.956955137584314,0.9683827133961379,0.989844914197889,0.9930002019117071,1.0,0.9954763414822471,0.9834170091407509,0.953074257583772,0.9257050750010981,0.8965150236388258,0.862293011641275,0.784422616029372,0.70665827721847,0.6255649910543001,0.5373349773186931
0.326197869304348,0.41803621976056005,0.48292958045366796,0.579028470850859,0.6530874031623579,0.709334138846689,0.750617325676062,0.787930402021294,0.8213994205041709,0.846862487276224,0.870545577739117,0.876642095828895,0.901394837761802,0.909857718155172,0.9202695410592979,0.927034236754502,0.9365323648702211,0.946377655355182,0.9580114059279751,0.976329073687678,0.977287531564796,0.9954763414822471,1.0,0.9914796656516031,0.96256613552586,0.9359732935382441,0.9069169768950669,0.872038513432322,0.7913996402444691,0.711744157003271,0.630933900577201,0.5425893781770971
0.32848340881447097,0.416435780490547,0.476422312506295,0.5721268707948239,0.646150088156374,0.7016464930445621,0.7420950524228659,0.779137375886438,0.812793881085004,0.838249084037015,0.861368502232985,0.8671169774284141,0.8894081338208539,0.8959679907592091,0.9062347259681751,0.9133672319601709,0.923862012609234,0.935216700305272,0.9469766195117819,0.962196911082987,0.9610022859297169,0.9834170091407509,0.9914796656516031,1.0,0.989521113162978,0.972033352586504,0.9439205205514071,0.9106043215709669,0.832666693215643,0.7528481030560971,0.673732315530526,0.583724738996802
0.326702489644745,0.409769097548986,0.4641470894050901,0.557050945812765,0.628809172779408,0.6822263617172789,0.720918644028339,0.756785422366893,0.789764883575193,0.814660552054181,0.8370496359750721,0.8425434073661691,0.862582199755174,0.8676175351098939,0.877592223122353,0.8848755427798821,0.896010447901623,0.908439566315117,0.920075445227618,0.9323302319336371,0.9292896536266341,0.953074257583772,0.96256613552586,0.989521113162978,1.0,0.993066298800939,0.966506976360438,0.935765772134522,0.8630964621313891,0.785050797331579,0.7092297697695971,0.618968576573629
0.315396358375557,0.39720936636534604,0.45155444861932503,0.540277939493852,0.608315891663451,0.6591109686037501,0.695800944257362,0.729872843020937,0.7612793406137242,0.7844811515520591,0.804432706367699,0.8085806645589821,0.830564919084814,0.837671383545434,0.850522573647268,0.8608046622057008,0.874776701040905,0.889865544516847,0.901679401159928,0.908323346020228,0.9013614820317372,0.9257050750010981,0.9359732935382441,0.972033352586504,0.993066298800939,1.0,0.988311616714453,0.966946042119748,0.89589368730932,0.8174122209266309,0.7458925137503579,0.65598989261452
0.295806364159889,0.37860064816417105,0.436676455137332,0.519961782406056,0.583070997653942,0.6307316137479639,0.665169347455021,0.696915913800635,0.7260095394626931,0.746672621482418,0.763014248509067,0.7651089638513949,0.7918106341491009,0.8034077753431529,0.8211113912448991,0.836135348368468,0.854191003892556,0.8727393477605441,0.884851122822747,0.884434475451358,0.8724547600179928,0.8965150236388258,0.9069169768950669,0.9439205205514071,0.966506976360438,0.988311616714453,1.0,0.9922851398778209,0.9204838598926371,0.8405423926284941,0.774163821895637,0.6857043242394499
0.273457216465692,0.35558933245655105,0.415918578807178,0.49462632726535405,0.5540747220631079,0.5989695542091059,0.631335460268972,0.660861072653553,0.687671057369487,0.706544088480686,0.7214314772660859,0.723092926305391,0.753607752346904,0.7689287740462231,0.7896602208938129,0.807456204419736,0.827416490435732,0.8471458282779549,0.8588562604405642,0.854263554717456,0.839527557138827,0.862293011641275,0.872038513432322,0.9106043215709669,0.935765772134522,0.966946042119748,0.9922851398778209,1.0,0.953915457848208,0.8874369944867758,0.8232429975364229,0.7326603465687671
0.229811186155904,0.30588970243491,0.3651694065702029,0.43737280369971904,0.492878949723377,0.5335907496557021,0.562654108567677,0.5885668228385059,0.61157733882889,0.629001675784067,0.645886180248781,0.65020082464761,0.683717261773305,0.7025138739679809,0.7234398209496249,0.740826651629762,0.758653926375052,0.77500849906086,0.784462551758907,0.7798462440573579,0.766073927420311,0.784422616029372,0.7913996402444691,0.832666693215643,0.8630964621313891,0.89589368730932,0.9204838598926371,0.953915457848208,1.0,0.9848533744108409,0.9191207145199771,0.820101413302859
0.19499129694935002,0.264393739198099,0.320590580300099,0.386019334298878,0.436928798088379,0.4735228224559171,0.49946378182850504,0.522206388566398,0.5420602327597209,0.5579195829652739,0.5752527058200539,0.58092017140124,0.614770841914076,0.6347904844168271,0.6549546328902671,0.6713787101203679,0.687228754068098,0.700950109599757,0.7087054395546422,0.704268341080984,0.691628197805175,0.70665827721847,0.711744157003271,0.7528481030560971,0.785050797331579,0.8174122209266309,0.8405423926284941,0.8874369944867758,0.9848533744108409,1.0,0.9361242627720792,0.8363666518048299
0.182067946649409,0.24440850336051603,0.293774115315492,0.350580998629974,0.393867560153725,0.425854746940616,0.44867767746506604,0.468135400198856,0.48465390666273206,0.49555205366826,0.503616366748724,0.503159319546537,0.53174921892149,0.548486448429076,0.5689525407508261,0.586902154518936,0.605070298243033,0.621841369624131,0.631044902893529,0.6244383469186501,0.611212490193376,0.6255649910543001,0.630933900577201,0.673732315530526,0.7092297697695971,0.7458925137503579,0.774163821895637,0.8232429975364229,0.9191207145199771,0.9361242627720792,1.0,0.9757109456972759
0.163368293412964,0.217522549604354,0.25957460064708604,0.307578114509601,0.34348535638917604,0.37067812508445597,0.39019042991291797,0.40644897303951794,0.41992351328641,0.42707972437743,0.428844932647171,0.424565398942163,0.448050145050257,0.461644885388654,0.48101739338520505,0.498801159166302,0.517310510631656,0.534985045412838,0.544550772629788,0.537008282322628,0.524228642206057,0.5373349773186931,0.5425893781770971,0.583724738996802,0.618968576573629,0.65598989261452,0.6857043242394499,0.7326603465687671,0.820101413302859,0.8363666518048299,0.9757109456972759,1.0
