1.0,0.9879104191580559,0.93083937191837,0.786182989087044,0.7469250863393879,0.733839165955855,0.690009361973242,0.62947137070008,0.60505967060373,0.565973212992625,0.513968507388971,0.46967532217568003,0.40865362782910497,0.345610147172614,0.292570015288865,0.24187462522223202,0.200575953828938,0.171070601478561,0.16773339849615101,0.16852497384945,0.16744818630824698,0.167549760327387,0.170423017745151,0.16946652646825303,0.16693148464469298,0.17909164739562802,0.186020771080818,0.18546877881000798,0.18407699925680604,0.172612031491009,0.156509838148966,0.144339065802342
0.9879104191580559,1.0,0.976236781516266,0.872483355937721,0.8395904339041109,0.821440760007253,0.7681196181790991,0.6979758667283941,0.67408670512834,0.633995410754335,0.579428594551814,0.5309693400317921,0.462707480200762,0.39195861201820204,0.33176890980086,0.27294905781100304,0.225361072564894,0.19145815430000301,0.188579274711827,0.190592373356715,0.19026416153861703,0.191235074113481,0.195556115290553,0.195236214644421,0.192911957618545,0.203738683205002,0.208039358102401,0.204833201497382,0.200898512217883,0.18561422746069398,0.166695812472677,0.152707555308878
0.93083937191837,0.976236781516266,1.0,0.957642681975114,0.93498472497804,0.910494579586211,0.846073935309385,0.765354790010106,0.7431674748461751,0.7033017746426271,0.647372296832442,0.5950598968279109,0.5194529237324721,0.44080974944212603,0.37307333699117295,0.30528829682990505,0.250843708942054,0.21217213874689497,0.21005100129597198,0.21368977735524103,0.21442132629006896,0.21656798466065802,0.222737139215163,0.223320120292762,0.221385025004439,0.229907526763215,0.23035908283585899,0.223573110084061,0.216243748879448,0.19624204322522196,0.174156182844096,0.158196114072364
0.786182989087044,0.872483355937721,0.957642681975114,1.0,0.9926174289250709,0.961512730635244,0.887105959272245,0.7983021316285971,0.7800166189138821,0.743398111379208,0.689793012361412,0.636228217869936,0.556450988925205,0.473132270645386,0.400375820135305,0.325689467133703,0.26615913904056304,0.22401013291414498,0.22305270516586698,0.22858264876558804,0.23066831898582899,0.23421859483014199,0.242387408728793,0.24412703481147602,0.242852125683692,0.24768267930661,0.242986150433305,0.23194503966203198,0.22064673441335297,0.19585533400893498,0.171193472065677,0.153793253778267
0.7469250863393879,0.8395904339041109,0.93498472497804,0.9926174289250709,1.0,0.9859171963270441,0.93128661760741,0.857472479756648,0.839931243306322,0.802744169170073,0.7472114675943491,0.6925283774916171,0.608939393070817,0.520591380851992,0.44214352525219397,0.35903619271017,0.292938272966999,0.246182207539129,0.247552555620346,0.256369273147462,0.260789075891231,0.266274933824855,0.276099611946065,0.278475854603611,0.27732033484228497,0.28043744165490897,0.27235909918743,0.257870816465074,0.24438639958579897,0.21841129980694604,0.191815880906048,0.172921087301285
0.733839165955855,0.821440760007253,0.910494579586211,0.961512730635244,0.9859171963270441,1.0,0.979092790670723,0.9311885159926658,0.9135099019205759,0.874526548447207,0.815555141793226,0.759898970450739,0.672421505837188,0.578540768944607,0.493624987199855,0.400592390761875,0.326657218885217,0.274374142368107,0.278859738355424,0.291952897738798,0.299415424495125,0.307317331841373,0.318904276163655,0.321830494583519,0.32063234227661896,0.322420755158497,0.31105066936949,0.292894606398115,0.277548417744398,0.251581123174315,0.223090764546982,0.20253094366061802
0.690009361973242,0.7681196181790991,0.846073935309385,0.887105959272245,0.93128661760741,0.979092790670723,1.0,0.985433122082506,0.9682598463297599,0.9285744005847809,0.8676634290676459,0.812940635918813,0.724060802842051,0.6270212920961,0.537468213399211,0.435901749254014,0.355246044198168,0.298228904699342,0.30633309259943997,0.32412985024327196,0.335009522298435,0.345549611219552,0.35883934588641203,0.36232321958588004,0.361118785280867,0.361223025522959,0.346281532348471,0.324354788543949,0.30732776600615,0.28235767611122103,0.25264610119129605,0.230843064664335
0.62947137070008,0.6979758667283941,0.765354790010106,0.7983021316285971,0.857472479756648,0.9311885159926658,0.985433122082506,1.0,0.989481670012272,0.956269765209645,0.901189568736146,0.850550651506393,0.762636510404693,0.664771621402928,0.5742108288206321,0.4706311170173279,0.387259509660339,0.327989105309596,0.339474562431899,0.36110325835347995,0.3746578543194,0.387240391991478,0.40177625263001204,0.40541571755034,0.403870741744508,0.402171445902196,0.383523471420059,0.35766244684444604,0.338446488956459,0.31301148546816604,0.281292604229038,0.257806963228114
0.60505967060373,0.67408670512834,0.7431674748461751,0.7800166189138821,0.839931243306322,0.9135099019205759,0.9682598463297599,0.989481670012272,1.0,0.988521951538653,0.954409106362927,0.910559900032063,0.8216387933435351,0.7206184503611991,0.6313047117204189,0.535583821675866,0.45422744567534,0.395120798220364,0.40906499312218203,0.432548109003384,0.446854864097367,0.46014344916896,0.475502731278229,0.478409790974409,0.475528595194738,0.47222610474172494,0.449134980280039,0.41790920571711,0.394015857027986,0.36154028578537606,0.32322371989251697,0.295153087108516
0.565973212992625,0.633995410754335,0.7033017746426271,0.743398111379208,0.802744169170073,0.874526548447207,0.9285744005847809,0.956269765209645,0.988521951538653,1.0,0.9885511821864921,0.952777959892013,0.864802649945071,0.7627560658241709,0.6767509819870899,0.5913878265959829,0.513963622412782,0.456355717676001,0.47255452318812197,0.49744684227833,0.512217758185571,0.525945217470955,0.541819441863497,0.543896295319238,0.53968430740081,0.534781667156,0.5075689330347679,0.47144178373262896,0.44320021092498996,0.40410115955550996,0.35975485584965794,0.32752633284379495
0.513968507388971,0.579428594551814,0.647372296832442,0.689793012361412,0.7472114675943491,0.815555141793226,0.8676634290676459,0.901189568736146,0.954409106362927,0.9885511821864921,1.0,0.973112178816129,0.8880971864474809,0.7873637858209871,0.7066337418940469,0.633571068417799,0.56184802337625,0.507056893838101,0.525136301509896,0.550865697703995,0.5657617503868461,0.579612999899595,0.595637798844248,0.596837912221255,0.5913933244507951,0.5850048923742479,0.5542992768792789,0.514104718915529,0.482167510437553,0.43734921976983004,0.38799689368265794,0.352354178090455
0.46967532217568003,0.5309693400317921,0.5950598968279109,0.636228217869936,0.6925283774916171,0.759898970450739,0.812940635918813,0.850550651506393,0.910559900032063,0.952777959892013,0.973112178816129,1.0,0.969775371249305,0.9074909355014742,0.8488083436144871,0.77308604461189,0.693765591232211,0.6319669589642579,0.6488825513412471,0.673398599192025,0.6860881698003979,0.6973183815544229,0.7088145288276809,0.7044914614837929,0.6936885665631392,0.6822912983094621,0.643212574101938,0.5939823897808411,0.553453966857605,0.49526330757427606,0.435341282379428,0.392712265239674
0.40865362782910497,0.462707480200762,0.5194529237324721,0.556450988925205,0.608939393070817,0.672421505837188,0.724060802842051,0.762636510404693,0.8216387933435351,0.864802649945071,0.8880971864474809,0.969775371249305,1.0,0.982559611628346,0.949739711681218,0.8722527019479771,0.787608786811779,0.7208766079534699,0.735147613452971,0.7568057538319192,0.766376379959761,0.7741170980635551,0.780030279948298,0.770156127990187,0.754421064221516,0.7385654331587059,0.6933709048348579,0.637998298440264,0.591245548241019,0.523092027092828,0.4561723404264121,0.40910837276812106
0.345610147172614,0.39195861201820204,0.44080974944212603,0.473132270645386,0.520591380851992,0.578540768944607,0.6270212920961,0.664771621402928,0.7206184503611991,0.7627560658241709,0.7873637858209871,0.9074909355014742,0.982559611628346,1.0,0.9882179769048149,0.91252232541602,0.8272473733847908,0.759456344564341,0.7711343492833829,0.789737933443389,0.796544302329011,0.8013124377324471,0.8027316051892479,0.7890267122422739,0.7701697877151841,0.7515582553455359,0.70353218215809,0.6457196940362601,0.596115762880684,0.523128162806866,0.453584188194164,0.40504528970743103
0.292570015288865,0.33176890980086,0.37307333699117295,0.400375820135305,0.44214352525219397,0.493624987199855,0.537468213399211,0.5742108288206321,0.6313047117204189,0.6767509819870899,0.7066337418940469,0.8488083436144871,0.949739711681218,0.9882179769048149,1.0,0.956200423851147,0.8885225946486659,0.83086418778518,0.8387835018098929,0.8502233646112421,0.8507164604709899,0.849000490169072,0.8412877562477529,0.819938207379096,0.794923164324466,0.7711963238901579,0.7182059088023179,0.65621291300853,0.602684976029877,0.5248109195248271,0.45251996604017797,0.40240740186007795
0.24187462522223202,0.27294905781100304,0.30528829682990505,0.325689467133703,0.35903619271017,0.400592390761875,0.435901749254014,0.4706311170173279,0.535583821675866,0.5913878265959829,0.633571068417799,0.77308604461189,0.8722527019479771,0.91252232541602,0.956200423851147,1.0,0.9839119079683251,0.957360084265537,0.9588072116866491,0.954881153008537,0.9420865137329542,0.9269728027138291,0.900968673312588,0.8646298642434391,0.827709904815816,0.794401579260948,0.732793464651458,0.6638801086183989,0.6047064962826372,0.5220571490800561,0.44733353604623,0.395904200999937
0.200575953828938,0.225361072564894,0.250843708942054,0.26615913904056304,0.292938272966999,0.326657218885217,0.355246044198168,0.387259509660339,0.45422744567534,0.513963622412782,0.56184802337625,0.693765591232211,0.787608786811779,0.8272473733847908,0.8885225946486659,0.9839119079683251,1.0,0.9935707366804241,0.991005662670515,0.9778692841254469,0.957512484295203,0.9348687762487289,0.8988141921774649,0.8548828921720458,0.8122778255061559,0.774547822966032,0.7103180857725351,0.640131876953785,0.580046340115344,0.49802154698199397,0.42501290383067697,0.3749821322862029
0.171070601478561,0.19145815430000301,0.21217213874689497,0.22401013291414498,0.246182207539129,0.274374142368107,0.298228904699342,0.327989105309596,0.395120798220364,0.456355717676001,0.507056893838101,0.6319669589642579,0.7208766079534699,0.759456344564341,0.83086418778518,0.957360084265537,0.9935707366804241,1.0,0.994935040749528,0.976180475132443,0.9513699592425591,0.924330935308476,0.8825067700802,0.834494442538747,0.7889950076698309,0.7490902269346971,0.6842669428217371,0.614440923043233,0.554776378811832,0.474510967218932,0.4038028140231,0.35549003571223897
0.16773339849615101,0.188579274711827,0.21005100129597198,0.22305270516586698,0.247552555620346,0.278859738355424,0.30633309259943997,0.339474562431899,0.40906499312218203,0.47255452318812197,0.525136301509896,0.6488825513412471,0.735147613452971,0.7711343492833829,0.8387835018098929,0.9588072116866491,0.991005662670515,0.994935040749528,1.0,0.9929090837494041,0.9772108058066851,0.9572072112200379,0.919941541073024,0.8747014925967491,0.83088738056687,0.790312704025329,0.7225031601624429,0.649252765771945,0.586774397583168,0.502756302132726,0.42839530988045,0.377519098564581
0.16852497384945,0.190592373356715,0.21368977735524103,0.22858264876558804,0.256369273147462,0.291952897738798,0.32412985024327196,0.36110325835347995,0.432548109003384,0.49744684227833,0.550865697703995,0.673398599192025,0.7568057538319192,0.789737933443389,0.8502233646112421,0.954881153008537,0.9778692841254469,0.976180475132443,0.9929090837494041,1.0,0.995515473904889,0.984472360119091,0.9539390570342628,0.913185392092244,0.872381899126779,0.832023546545369,0.761850552140173,0.6856089478102061,0.62067237756355,0.533121952828664,0.4551062506784829,0.4016271705275539
0.16744818630824698,0.19026416153861703,0.21442132629006896,0.23066831898582899,0.260789075891231,0.299415424495125,0.335009522298435,0.3746578543194,0.446854864097367,0.512217758185571,0.5657617503868461,0.6860881698003979,0.766376379959761,0.796544302329011,0.8507164604709899,0.9420865137329542,0.957512484295203,0.9513699592425591,0.9772108058066851,0.995515473904889,1.0,0.996199259935324,0.9713326339996908,0.934561850885957,0.896567366238481,0.8567898805657821,0.7854467721670749,0.7075969565835258,0.6413618404691911,0.55188712253115,0.471753178535247,0.416744396618293
0.167549760327387,0.191235074113481,0.21656798466065802,0.23421859483014199,0.266274933824855,0.307317331841373,0.345549611219552,0.387240391991478,0.46014344916896,0.525945217470955,0.579612999899595,0.6973183815544229,0.7741170980635551,0.8013124377324471,0.849000490169072,0.9269728027138291,0.9348687762487289,0.924330935308476,0.9572072112200379,0.984472360119091,0.996199259935324,1.0,0.9861990379491079,0.9575575860434771,0.92551635494836,0.888092256954131,0.8164513284003249,0.737418980773118,0.670392449565329,0.579478940615646,0.49698473354225003,0.440150494852917
0.170423017745151,0.195556115290553,0.222737139215163,0.242387408728793,0.276099611946065,0.318904276163655,0.35883934588641203,0.40177625263001204,0.475502731278229,0.541819441863497,0.595637798844248,0.7088145288276809,0.780030279948298,0.8027316051892479,0.8412877562477529,0.900968673312588,0.8988141921774649,0.8825067700802,0.919941541073024,0.9539390570342628,0.9713326339996908,0.9861990379491079,1.0,0.992064890970512,0.9754437128406741,0.945368889497184,0.8753996706381841,0.795798991583531,0.7289190674712449,0.63723643515627,0.551018054475986,0.491046039291443
0.16946652646825303,0.195236214644421,0.223320120292762,0.24412703481147602,0.278475854603611,0.321830494583519,0.36232321958588004,0.40541571755034,0.478409790974409,0.543896295319238,0.596837912221255,0.7044914614837929,0.770156127990187,0.7890267122422739,0.819938207379096,0.8646298642434391,0.8548828921720458,0.834494442538747,0.8747014925967491,0.913185392092244,0.934561850885957,0.9575575860434771,0.992064890970512,1.0,0.995394666686803,0.9714546122582701,0.9040433730143349,0.8254769862733571,0.7599400109822091,0.669361686017918,0.581902965151431,0.5206525749199
0.16693148464469298,0.192911957618545,0.221385025004439,0.242852125683692,0.27732033484228497,0.32063234227661896,0.361118785280867,0.403870741744508,0.475528595194738,0.53968430740081,0.5913933244507951,0.6936885665631392,0.754421064221516,0.7701697877151841,0.794923164324466,0.827709904815816,0.8122778255061559,0.7889950076698309,0.83088738056687,0.872381899126779,0.896567366238481,0.92551635494836,0.9754437128406741,0.995394666686803,1.0,0.9809925520820229,0.916249971176712,0.8393093570353499,0.7754946571003699,0.6867234819554671,0.599250971211043,0.537678527353744
0.17909164739562802,0.203738683205002,0.229907526763215,0.24768267930661,0.28043744165490897,0.322420755158497,0.361223025522959,0.402171445902196,0.47222610474172494,0.534781667156,0.5850048923742479,0.6822912983094621,0.7385654331587059,0.7515582553455359,0.7711963238901579,0.794401579260948,0.774547822966032,0.7490902269346971,0.790312704025329,0.832023546545369,0.8567898805657821,0.888092256954131,0.945368889497184,0.9714546122582701,0.9809925520820229,1.0,0.976412391533026,0.9285053559619599,0.881293442738271,0.783220911889819,0.6851778697134079,0.6159201688489959
0.186020771080818,0.208039358102401,0.23035908283585899,0.242986150433305,0.27235909918743,0.31105066936949,0.346281532348471,0.383523471420059,0.449134980280039,0.5075689330347679,0.5542992768792789,0.643212574101938,0.6933709048348579,0.70353218215809,0.7182059088023179,0.732793464651458,0.7103180857725351,0.6842669428217371,0.7225031601624429,0.761850552140173,0.7854467721670749,0.8164513284003249,0.8753996706381841,0.9040433730143349,0.916249971176712,0.976412391533026,1.0,0.986777095139312,0.960024519083851,0.85502999072687,0.7491206444815,0.6741438136962881
0.18546877881000798,0.204833201497382,0.223573110084061,0.23194503966203198,0.257870816465074,0.292894606398115,0.324354788543949,0.35766244684444604,0.41790920571711,0.47144178373262896,0.514104718915529,0.5939823897808411,0.637998298440264,0.6457196940362601,0.65621291300853,0.6638801086183989,0.640131876953785,0.614440923043233,0.649252765771945,0.6856089478102061,0.7075969565835258,0.737418980773118,0.795798991583531,0.8254769862733571,0.8393093570353499,0.9285053559619599,0.986777095139312,1.0,0.989433375383641,0.8824900674048841,0.7739513606201031,0.697000284024155
0.18407699925680604,0.200898512217883,0.216243748879448,0.22064673441335297,0.24438639958579897,0.277548417744398,0.30732776600615,0.338446488956459,0.394015857027986,0.44320021092498996,0.482167510437553,0.553453966857605,0.591245548241019,0.596115762880684,0.602684976029877,0.6047064962826372,0.580046340115344,0.554776378811832,0.586774397583168,0.62067237756355,0.6413618404691911,0.670392449565329,0.7289190674712449,0.7599400109822091,0.7754946571003699,0.881293442738271,0.960024519083851,0.989433375383641,1.0,0.9309648399917221,0.8402137203109481,0.7723778267162579
0.172612031491009,0.18561422746069398,0.19624204322522196,0.19585533400893498,0.21841129980694604,0.251581123174315,0.28235767611122103,0.31301148546816604,0.36154028578537606,0.40410115955550996,0.43734921976983004,0.49526330757427606,0.523092027092828,0.523128162806866,0.5248109195248271,0.5220571490800561,0.49802154698199397,0.474510967218932,0.502756302132726,0.533121952828664,0.55188712253115,0.579478940615646,0.63723643515627,0.669361686017918,0.6867234819554671,0.783220911889819,0.85502999072687,0.8824900674048841,0.9309648399917221,1.0,0.9801916680688041,0.950960358566905
0.156509838148966,0.166695812472677,0.174156182844096,0.171193472065677,0.191815880906048,0.223090764546982,0.25264610119129605,0.281292604229038,0.32322371989251697,0.35975485584965794,0.38799689368265794,0.435341282379428,0.4561723404264121,0.453584188194164,0.45251996604017797,0.44733353604623,0.42501290383067697,0.4038028140231,0.42839530988045,0.4551062506784829,0.471753178535247,0.49698473354225003,0.551018054475986,0.581902965151431,0.599250971211043,0.6851778697134079,0.7491206444815,0.7739513606201031,0.8402137203109481,0.9801916680688041,1.0,0.993383200080955
0.144339065802342,0.152707555308878,0.158196114072364,0.153793253778267,0.172921087301285,0.20253094366061802,0.230843064664335,0.257806963228114,0.295153087108516,0.32752633284379495,0.352354178090455,0.392712265239674,0.40910837276812106,0.40504528970743103,0.40240740186007795,0.395904200999937,0.3749821322862029,0.35549003571223897,0.377519098564581,0.4016271705275539,0.416744396618293,0.440150494852917,0.491046039291443,0.5206525749199,0.537678527353744,0.6159201688489959,0.6741438136962881,0.697000284024155,0.7723778267162579,0.950960358566905,0.993383200080955,1.0
