1.0,0.669753079780955,0.6196568480783751,0.56385192034535,0.556456728185374,0.539654202555177,0.523327827262874,0.512195362477777,0.5033711358807489,0.497553403518431,0.489500813472627,0.492988875947566,0.481802150189531,0.483967398364554,0.47006597990893895,0.457804303715384,0.448307395684756,0.44605098766240603,0.4481454498297371,0.439493450805727,0.43680008681286703,0.428324431206882,0.428332004438771,0.42141324936624697,0.4187075928338979,0.419757567946658,0.408677121258138,0.403247294030872,0.401047762820464,0.386889052113896,0.229283078255872,0.123558918308181
0.669753079780955,1.0,0.898346386641981,0.844596329210774,0.816879482505967,0.7961815980200091,0.7872303638599091,0.7696673209684999,0.7643721799199259,0.756343104147408,0.7485518401587891,0.746367739234372,0.7398503251083299,0.738012859033373,0.723592016102331,0.7099636249338379,0.700048996661476,0.693048922446625,0.6939408017225028,0.684998295219048,0.6847499907429339,0.685518197586482,0.6795887248456779,0.6708972758963101,0.6688036779203821,0.664024185437745,0.6440820384239561,0.6306745695652769,0.6031676376708129,0.560934762658425,0.339563709564255,0.11530340142425802
0.6196568480783751,0.898346386641981,1.0,0.9479409264969849,0.91480773645234,0.8904121571760508,0.8751850509631209,0.853711918098741,0.845440017027519,0.839137245136037,0.8320335841882092,0.828794526369942,0.8218889028130741,0.8164456825473451,0.8019816118694599,0.7941219248321679,0.784990035762295,0.7754543507431411,0.7741011586258639,0.7642604180387409,0.760357964164959,0.7616266773398159,0.7516219884486001,0.740818767290073,0.73407929546296,0.7223431389348909,0.701206071945595,0.6822284749715811,0.658014495838143,0.608030808411827,0.364212818749043,0.13280352921497002
0.56385192034535,0.844596329210774,0.9479409264969849,1.0,0.965680590045913,0.9400200123769,0.922094415850256,0.9030214174995641,0.8919069496248059,0.8858742495571078,0.878736553461729,0.873779037966077,0.8667068350442692,0.860909157092405,0.846928695044602,0.8398028336221509,0.830586947255397,0.8234259652274599,0.8207099330955658,0.8114068216768359,0.8037317541822819,0.8031184145368271,0.7941297331080001,0.783637489493227,0.774747577875378,0.759230324019486,0.7366938636465241,0.7155201178748279,0.6840894144729429,0.631252614181647,0.393002643269246,0.135425105540141
0.556456728185374,0.816879482505967,0.91480773645234,0.965680590045913,1.0,0.9705109944077609,0.9493415675216421,0.931230626080191,0.91659703917988,0.90490316915023,0.895255398840582,0.890041694286914,0.8806166064958729,0.873190829766279,0.8589910998889569,0.8542106907195871,0.8445011840660072,0.835568415108567,0.83430908325825,0.8247104166746729,0.8154130344347021,0.812799858589987,0.8042433821392719,0.7960738266913859,0.7887970603726842,0.7778385157293021,0.757995166902495,0.735503199373768,0.7096355762454342,0.655692011601342,0.41303642370552396,0.155298510161872
0.539654202555177,0.7961815980200091,0.8904121571760508,0.9400200123769,0.9705109944077609,1.0,0.981567981327307,0.962898753388311,0.9471591075583771,0.932574117097593,0.9214001209617511,0.913389763635371,0.9004897529332792,0.894024845233757,0.8809883024734939,0.875451440606907,0.867552196179878,0.861087473759894,0.8595258598224079,0.8494757430549641,0.8405367621017991,0.8354440554828471,0.826193248081257,0.8153810733068259,0.808605250183671,0.797236359647775,0.7768841764705959,0.7589744641720959,0.7279193415219442,0.6743244024283521,0.42700351743325105,0.176347398999487
0.523327827262874,0.7872303638599091,0.8751850509631209,0.922094415850256,0.9493415675216421,0.981567981327307,1.0,0.98386666265458,0.967057640063991,0.9508721358170079,0.9375275708598109,0.9264883403379041,0.911156563582723,0.904098773608943,0.8899086812339381,0.8841270971201031,0.87532421148537,0.8690233911708349,0.8667985697462,0.8578364879261721,0.8496826437841558,0.8459111046901859,0.835566995534744,0.8239166454996979,0.818044241369731,0.8076300234295942,0.7890806285986001,0.768328242898667,0.736317055611921,0.679521605639879,0.4324979122655921,0.173410266869813
0.512195362477777,0.7696673209684999,0.853711918098741,0.9030214174995641,0.931230626080191,0.962898753388311,0.98386666265458,1.0,0.9834996844110351,0.9677170262016791,0.9516201816957169,0.94017966221747,0.924770133036971,0.914944608971213,0.9001706052013392,0.893221260003118,0.8848365322992259,0.8789405199101651,0.8779531237963121,0.868829256670015,0.8615961855691681,0.8563519866854901,0.8456775622985259,0.8319617270920171,0.823782316748078,0.813607930716341,0.797059467740812,0.7770017013680601,0.743937565962024,0.683555536446065,0.420202783437661,0.169070141756831
0.5033711358807489,0.7643721799199259,0.845440017027519,0.8919069496248059,0.91659703917988,0.9471591075583771,0.967057640063991,0.9834996844110351,1.0,0.9871374633772699,0.971530306689021,0.9565665741513599,0.939019931801825,0.9263931299617879,0.911175815037476,0.904198001564713,0.893946995122993,0.888506752904912,0.8881107364739791,0.879123216047636,0.87028179079163,0.8660576934203971,0.8550185219179879,0.842689931667292,0.835330363490741,0.826434167717783,0.809656983497207,0.788361431495025,0.755261424712895,0.6960983624280611,0.417801481758368,0.15826590299801901
0.497553403518431,0.756343104147408,0.839137245136037,0.8858742495571078,0.90490316915023,0.932574117097593,0.9508721358170079,0.9677170262016791,0.9871374633772699,1.0,0.987179330439323,0.971187367416313,0.953402348948538,0.939852090753442,0.923362778379039,0.9146027675245391,0.9041829896944951,0.8986687480559671,0.89784167736572,0.887862859649023,0.8783714106484058,0.8728626713184839,0.8621200700779709,0.8498371636682309,0.8406580951964929,0.8324778577122159,0.8138254954641941,0.7925432336009979,0.7598846562786801,0.698479965117089,0.41953015813543,0.146555568306012
0.489500813472627,0.7485518401587891,0.8320335841882092,0.878736553461729,0.895255398840582,0.9214001209617511,0.9375275708598109,0.9516201816957169,0.971530306689021,0.987179330439323,1.0,0.9883293196976529,0.9718612506474559,0.95943832572085,0.942803279013263,0.9333623999198991,0.9222221139479141,0.915890669891489,0.913180324188764,0.9035746191683051,0.8938612647193609,0.887959463518222,0.876852484451563,0.863419915443623,0.8547144352310909,0.8459389422764481,0.8288045281871741,0.8043949529224591,0.7689280786576891,0.709850616659323,0.4317237303005301,0.14788142295024098
0.492988875947566,0.746367739234372,0.828794526369942,0.873779037966077,0.890041694286914,0.913389763635371,0.9264883403379041,0.94017966221747,0.9565665741513599,0.971187367416313,0.9883293196976529,1.0,0.9879358482110709,0.9751958145565771,0.958777619878826,0.947928616093775,0.936558428951029,0.9292792629386979,0.924867571413717,0.914528240516804,0.906536330062887,0.899576346715998,0.889897575093749,0.8771238796273559,0.867657898046381,0.8571336666938341,0.84036232188703,0.8125396727672571,0.7776506880181671,0.718296776471215,0.43508372725607897,0.15231344730154903
0.481802150189531,0.7398503251083299,0.8218889028130741,0.8667068350442692,0.8806166064958729,0.9004897529332792,0.911156563582723,0.924770133036971,0.939019931801825,0.953402348948538,0.9718612506474559,0.9879358482110709,1.0,0.988785980170653,0.9724834407237869,0.960061644260631,0.9471949348188409,0.939541468352912,0.9344957916349821,0.9244465897938059,0.91657887126812,0.9088935870334791,0.899698105637514,0.888679883846872,0.87777259248202,0.865725923910843,0.849009479290255,0.820626176883213,0.7865441511695309,0.7245122679443191,0.426308254490423,0.157283956852564
0.483967398364554,0.738012859033373,0.8164456825473451,0.860909157092405,0.873190829766279,0.894024845233757,0.904098773608943,0.914944608971213,0.9263931299617879,0.939852090753442,0.95943832572085,0.9751958145565771,0.988785980170653,1.0,0.9882322618950149,0.975364232578433,0.9617856399487679,0.953106052996378,0.9469258655353578,0.9364729143597551,0.9273783101118509,0.9194425797073409,0.907760169673885,0.8954520777533659,0.8846587785627009,0.87031087101722,0.8531825817735809,0.8240244661233079,0.789319141579724,0.7296232716467579,0.43212274342902707,0.16737023750350302
0.47006597990893895,0.723592016102331,0.8019816118694599,0.846928695044602,0.8589910998889569,0.8809883024734939,0.8899086812339381,0.9001706052013392,0.911175815037476,0.923362778379039,0.942803279013263,0.958777619878826,0.9724834407237869,0.9882322618950149,1.0,0.989724477799715,0.9779767894429671,0.968019160847147,0.9605944074530992,0.950808923091408,0.9418138308471741,0.9340168043681439,0.921860854525163,0.9089073558272242,0.897900603680377,0.8831851734486629,0.8665797646817959,0.838085274810457,0.803916345864297,0.744105307598148,0.4481049541274,0.16935942660382997
0.457804303715384,0.7099636249338379,0.7941219248321679,0.8398028336221509,0.8542106907195871,0.875451440606907,0.8841270971201031,0.893221260003118,0.904198001564713,0.9146027675245391,0.9333623999198991,0.947928616093775,0.960061644260631,0.975364232578433,0.989724477799715,1.0,0.9913745348294091,0.9822271566524159,0.97357139091249,0.9632156054953539,0.9527779853080229,0.944451607767279,0.9325210135529101,0.920811330171009,0.910088440604314,0.8953642553152921,0.879093508066582,0.848968356520517,0.8161252476055351,0.7542026965821709,0.45581204202549896,0.17038568391355102
0.448307395684756,0.700048996661476,0.784990035762295,0.830586947255397,0.8445011840660072,0.867552196179878,0.87532421148537,0.8848365322992259,0.893946995122993,0.9041829896944951,0.9222221139479141,0.936558428951029,0.9471949348188409,0.9617856399487679,0.9779767894429671,0.9913745348294091,1.0,0.9917209791510391,0.9831757244088749,0.9732822167317,0.963306755539391,0.954419398292433,0.9431579940894309,0.9298787595712159,0.91843202297884,0.902881744478813,0.8862139553731109,0.8554546105767371,0.819966282323478,0.756922634924004,0.458899320939048,0.174338043738745
0.44605098766240603,0.693048922446625,0.7754543507431411,0.8234259652274599,0.835568415108567,0.861087473759894,0.8690233911708349,0.8789405199101651,0.888506752904912,0.8986687480559671,0.915890669891489,0.9292792629386979,0.939541468352912,0.953106052996378,0.968019160847147,0.9822271566524159,0.9917209791510391,1.0,0.9927314881219649,0.981985131605967,0.972322487596819,0.9621188619010841,0.9510859328450569,0.939336183947667,0.926178351482549,0.91031598149453,0.8925217814421921,0.8618667031021809,0.82649454840782,0.7627489154908441,0.46933410730002395,0.173141865647723
0.4481454498297371,0.6939408017225028,0.7741011586258639,0.8207099330955658,0.83430908325825,0.8595258598224079,0.8667985697462,0.8779531237963121,0.8881107364739791,0.89784167736572,0.913180324188764,0.924867571413717,0.9344957916349821,0.9469258655353578,0.9605944074530992,0.97357139091249,0.9831757244088749,0.9927314881219649,1.0,0.990743195332172,0.981604513885496,0.970397947705626,0.9592316200520359,0.947756849827783,0.934165169259708,0.91920247889661,0.899751642775991,0.869739933270053,0.8366484215266429,0.776800240855353,0.478673698451661,0.176015873833595
0.439493450805727,0.684998295219048,0.7642604180387409,0.8114068216768359,0.8247104166746729,0.8494757430549641,0.8578364879261721,0.868829256670015,0.879123216047636,0.887862859649023,0.9035746191683051,0.914528240516804,0.9244465897938059,0.9364729143597551,0.950808923091408,0.9632156054953539,0.9732822167317,0.981985131605967,0.990743195332172,1.0,0.9898467776017741,0.978579398978138,0.9678182067987301,0.957038363910603,0.94455790928388,0.9285698682554421,0.9080729534530451,0.878244922970307,0.844589763831057,0.78639438157392,0.4840399632943879,0.190908444290591
0.43680008681286703,0.6847499907429339,0.760357964164959,0.8037317541822819,0.8154130344347021,0.8405367621017991,0.8496826437841558,0.8615961855691681,0.87028179079163,0.8783714106484058,0.8938612647193609,0.906536330062887,0.91657887126812,0.9273783101118509,0.9418138308471741,0.9527779853080229,0.963306755539391,0.972322487596819,0.981604513885496,0.9898467776017741,1.0,0.989308062827854,0.9771250446085571,0.965750042744898,0.9517633132475799,0.9346420383928891,0.915721210553858,0.885879556018792,0.849078810165151,0.7907673484562842,0.48461115861978205,0.193747281855972
0.428324431206882,0.685518197586482,0.7616266773398159,0.8031184145368271,0.812799858589987,0.8354440554828471,0.8459111046901859,0.8563519866854901,0.8660576934203971,0.8728626713184839,0.887959463518222,0.899576346715998,0.9088935870334791,0.9194425797073409,0.9340168043681439,0.944451607767279,0.954419398292433,0.9621188619010841,0.970397947705626,0.978579398978138,0.989308062827854,1.0,0.9891099638494789,0.975472946283894,0.9635490157595301,0.9470185526722859,0.927856943471422,0.897712895929596,0.857755280843099,0.8012186847653291,0.49502225763972796,0.197319252257096
0.428332004438771,0.6795887248456779,0.7516219884486001,0.7941297331080001,0.8042433821392719,0.826193248081257,0.835566995534744,0.8456775622985259,0.8550185219179879,0.8621200700779709,0.876852484451563,0.889897575093749,0.899698105637514,0.907760169673885,0.921860854525163,0.9325210135529101,0.9431579940894309,0.9510859328450569,0.9592316200520359,0.9678182067987301,0.9771250446085571,0.9891099638494789,1.0,0.987979924906279,0.97514101713758,0.9557362871662021,0.936656114794076,0.908002476543803,0.865802315419622,0.80842897355372,0.497136683275228,0.191470313234393
0.42141324936624697,0.6708972758963101,0.740818767290073,0.783637489493227,0.7960738266913859,0.8153810733068259,0.8239166454996979,0.8319617270920171,0.842689931667292,0.8498371636682309,0.863419915443623,0.8771238796273559,0.888679883846872,0.8954520777533659,0.9089073558272242,0.920811330171009,0.9298787595712159,0.939336183947667,0.947756849827783,0.957038363910603,0.965750042744898,0.975472946283894,0.987979924906279,1.0,0.9854658207410459,0.965679264282348,0.9459320092773041,0.917722065432744,0.8730083604934041,0.8183000761837791,0.504872705784609,0.197577202623756
0.4187075928338979,0.6688036779203821,0.73407929546296,0.774747577875378,0.7887970603726842,0.808605250183671,0.818044241369731,0.823782316748078,0.835330363490741,0.8406580951964929,0.8547144352310909,0.867657898046381,0.87777259248202,0.8846587785627009,0.897900603680377,0.910088440604314,0.91843202297884,0.926178351482549,0.934165169259708,0.94455790928388,0.9517633132475799,0.9635490157595301,0.97514101713758,0.9854658207410459,1.0,0.983052555424495,0.962679768182877,0.933531910541361,0.8892447762025121,0.832957009764621,0.527891443263563,0.202963625110243
0.419757567946658,0.664024185437745,0.7223431389348909,0.759230324019486,0.7778385157293021,0.797236359647775,0.8076300234295942,0.813607930716341,0.826434167717783,0.8324778577122159,0.8459389422764481,0.8571336666938341,0.865725923910843,0.87031087101722,0.8831851734486629,0.8953642553152921,0.902881744478813,0.91031598149453,0.91920247889661,0.9285698682554421,0.9346420383928891,0.9470185526722859,0.9557362871662021,0.965679264282348,0.983052555424495,1.0,0.9797678312652,0.951511498014275,0.9076966758397441,0.849316633506933,0.537197526209018,0.207111452313768
0.408677121258138,0.6440820384239561,0.701206071945595,0.7366938636465241,0.757995166902495,0.7768841764705959,0.7890806285986001,0.797059467740812,0.809656983497207,0.8138254954641941,0.8288045281871741,0.84036232188703,0.849009479290255,0.8531825817735809,0.8665797646817959,0.879093508066582,0.8862139553731109,0.8925217814421921,0.899751642775991,0.9080729534530451,0.915721210553858,0.927856943471422,0.936656114794076,0.9459320092773041,0.962679768182877,0.9797678312652,1.0,0.970546980403134,0.9296221554735731,0.866545192230611,0.549448784393647,0.226973111668923
0.403247294030872,0.6306745695652769,0.6822284749715811,0.7155201178748279,0.735503199373768,0.7589744641720959,0.768328242898667,0.7770017013680601,0.788361431495025,0.7925432336009979,0.8043949529224591,0.8125396727672571,0.820626176883213,0.8240244661233079,0.838085274810457,0.848968356520517,0.8554546105767371,0.8618667031021809,0.869739933270053,0.878244922970307,0.885879556018792,0.897712895929596,0.908002476543803,0.917722065432744,0.933531910541361,0.951511498014275,0.970546980403134,1.0,0.9560651511968321,0.8904828075638092,0.569558665303518,0.255998466154271
0.401047762820464,0.6031676376708129,0.658014495838143,0.6840894144729429,0.7096355762454342,0.7279193415219442,0.736317055611921,0.743937565962024,0.755261424712895,0.7598846562786801,0.7689280786576891,0.7776506880181671,0.7865441511695309,0.789319141579724,0.803916345864297,0.8161252476055351,0.819966282323478,0.82649454840782,0.8366484215266429,0.844589763831057,0.849078810165151,0.857755280843099,0.865802315419622,0.8730083604934041,0.8892447762025121,0.9076966758397441,0.9296221554735731,0.9560651511968321,1.0,0.935608438751895,0.622584734440725,0.275063744242065
0.386889052113896,0.560934762658425,0.608030808411827,0.631252614181647,0.655692011601342,0.6743244024283521,0.679521605639879,0.683555536446065,0.6960983624280611,0.698479965117089,0.709850616659323,0.718296776471215,0.7245122679443191,0.7296232716467579,0.744105307598148,0.7542026965821709,0.756922634924004,0.7627489154908441,0.776800240855353,0.78639438157392,0.7907673484562842,0.8012186847653291,0.80842897355372,0.8183000761837791,0.832957009764621,0.849316633506933,0.866545192230611,0.8904828075638092,0.935608438751895,1.0,0.715186322499609,0.348011851025769
0.229283078255872,0.339563709564255,0.364212818749043,0.393002643269246,0.41303642370552396,0.42700351743325105,0.4324979122655921,0.420202783437661,0.417801481758368,0.41953015813543,0.4317237303005301,0.43508372725607897,0.426308254490423,0.43212274342902707,0.4481049541274,0.45581204202549896,0.458899320939048,0.46933410730002395,0.478673698451661,0.4840399632943879,0.48461115861978205,0.49502225763972796,0.497136683275228,0.504872705784609,0.527891443263563,0.537197526209018,0.549448784393647,0.569558665303518,0.622584734440725,0.715186322499609,1.0,0.42361576925632
0.123558918308181,0.11530340142425802,0.13280352921497002,0.135425105540141,0.155298510161872,0.176347398999487,0.173410266869813,0.169070141756831,0.15826590299801901,0.146555568306012,0.14788142295024098,0.15231344730154903,0.157283956852564,0.16737023750350302,0.16935942660382997,0.17038568391355102,0.174338043738745,0.173141865647723,0.176015873833595,0.190908444290591,0.193747281855972,0.197319252257096,0.191470313234393,0.197577202623756,0.202963625110243,0.207111452313768,0.226973111668923,0.255998466154271,0.275063744242065,0.348011851025769,0.42361576925632,1.0
