1.0,0.800257473699078,0.7128878848364301,0.6759245438234439,0.631814042588741,0.604969126773236,0.577328248960526,0.574030051557967,0.567297001330721,0.557614885826556,0.538984838770654,0.529357710820793,0.5191995383132489,0.494886430135979,0.49056679014616794,0.47749174413731893,0.46875208037487104,0.45599150810887606,0.44650998923253904,0.43148185050424703,0.418181293713568,0.401337137590705,0.388912650337348,0.36904822507692003,0.35507967744559704,0.345555708872744,0.332506699302958,0.310467980845984,0.269298588031626,0.19714909857183396,0.0412399016521965,0.0690294763191054
0.800257473699078,1.0,0.925478629591154,0.877888640636455,0.834950318907714,0.805134906286335,0.777310763173342,0.7641496982541309,0.7489478369892479,0.7388812278221659,0.723532235672353,0.7139411197908611,0.701455948145414,0.6781410699826621,0.663328110641437,0.649206614471434,0.631529991314608,0.614633948978325,0.5992664156671529,0.580211412662285,0.571240165029664,0.552160379225327,0.54026976580376,0.5127932277412821,0.500222466762395,0.487160965452925,0.46779982599884495,0.432832004407851,0.392952078445395,0.28173696939096504,0.07247183527799499,0.0797766689910896
0.7128878848364301,0.925478629591154,1.0,0.9605790476727791,0.918872170971615,0.8860904347380991,0.859666367753334,0.8447184692486229,0.8279001181212691,0.81930498578828,0.808321693905003,0.798987990258622,0.787293484726585,0.7638047922343559,0.7476731703122109,0.7359822224894309,0.719920208542222,0.7029195713057989,0.688390363422935,0.670157453351367,0.661004701229474,0.646746957186756,0.636268401961398,0.6123624859163461,0.6002815200662359,0.5854967574221379,0.567269650920208,0.533877582123808,0.491176448680503,0.36225343449919895,0.106621277514688,0.0980306264983173
0.6759245438234439,0.877888640636455,0.9605790476727791,1.0,0.968114218523558,0.935795853863265,0.908118682002115,0.890656544823022,0.87332531365721,0.8634632771558841,0.8526063981006409,0.8433028557832479,0.829439283083463,0.805868541325371,0.7887923179948759,0.7791230203856542,0.762303616876621,0.746950375628484,0.73279126375211,0.7157752785968872,0.7053891483818551,0.691845797586481,0.678011827648724,0.653827228750323,0.6442950896124661,0.628890531312817,0.607985911938168,0.576169345404455,0.5287294627925689,0.396502371038173,0.12778228051405302,0.118027960312611
0.631814042588741,0.834950318907714,0.918872170971615,0.968114218523558,1.0,0.971510345548859,0.942455146519368,0.9242943577775401,0.908693146746393,0.8984057381564219,0.8854651933716859,0.8748285559486481,0.8615744701518979,0.8369170767806842,0.819541030314614,0.8102928820385699,0.795152524371116,0.778301449896149,0.765116390670764,0.7502904717096,0.740386961702622,0.727587469626739,0.7143182838991559,0.6904101344390351,0.683322485749493,0.6669869616734749,0.649396928957957,0.619770312375802,0.572758050413341,0.43814596139054,0.148738467280039,0.107595913595957
0.604969126773236,0.805134906286335,0.8860904347380991,0.935795853863265,0.971510345548859,1.0,0.973433318244168,0.956724689049711,0.9414574390599391,0.9317324646584622,0.918604942737667,0.9088390434728371,0.894526500306499,0.8715521602698721,0.8553866167082751,0.8438978595929959,0.829137265947777,0.8148625838254079,0.8003148076533381,0.7848617224701451,0.776596605246903,0.7636888644543309,0.7492823807511491,0.7275297709598109,0.7176588313221709,0.699600568515037,0.6809037531933341,0.65092081009476,0.603183643064659,0.46552671168003,0.153619388605965,0.10096176682935999
0.577328248960526,0.777310763173342,0.859666367753334,0.908118682002115,0.942455146519368,0.973433318244168,1.0,0.9844047423862009,0.966259744781879,0.9535263726950172,0.939675839787136,0.930464930027871,0.9164472578910451,0.8952949006767958,0.8795157557148949,0.869920334868888,0.8576080921357371,0.8461209201899742,0.8327745363119761,0.8179734398746009,0.810372766284432,0.8005213322747509,0.785472246843553,0.7671014549940022,0.7583004407156558,0.740945032814843,0.7190275420700981,0.685571583440255,0.640563723590734,0.501968336310053,0.17298986274427303,0.11943202883903699
0.574030051557967,0.7641496982541309,0.8447184692486229,0.890656544823022,0.9242943577775401,0.956724689049711,0.9844047423862009,1.0,0.985599457187553,0.971933661463448,0.957869567940768,0.9477523807266559,0.933476806164466,0.913076245881792,0.898663971264321,0.8880783869261379,0.8767949983512141,0.865752167882033,0.854331062245135,0.8406377686304579,0.8324049384806429,0.8218540182641579,0.8085108473189371,0.79194540254365,0.7826204021613871,0.7675650353766941,0.746570170674109,0.712742395234955,0.667867106358052,0.521053849216471,0.17630396596172304,0.11731294719042099
0.567297001330721,0.7489478369892479,0.8279001181212691,0.87332531365721,0.908693146746393,0.9414574390599391,0.966259744781879,0.985599457187553,1.0,0.9881796028126,0.9744723691363001,0.963915101819996,0.9487064465035899,0.9287821403355269,0.912813905889292,0.9009233627146851,0.88786259969373,0.876245737058866,0.8636738120687478,0.8488774318338,0.840824064346731,0.829968957875896,0.8154862736964509,0.79869798228841,0.788312756112252,0.7758092764381609,0.7545061174592289,0.722178882260442,0.6731968143690931,0.531145317640123,0.185147133765103,0.122034142334106
0.557614885826556,0.7388812278221659,0.81930498578828,0.8634632771558841,0.8984057381564219,0.9317324646584622,0.9535263726950172,0.971933661463448,0.9881796028126,1.0,0.9890053838846908,0.9766156971420992,0.9616429425439341,0.942451494502663,0.925750303170989,0.9133019829557749,0.9010421435931291,0.8893061908288449,0.87728755150462,0.863544361493668,0.854179025879779,0.841460892889831,0.827750124630943,0.811202941334994,0.8020279962779041,0.789626275484847,0.7678183108970308,0.735257886356602,0.6899476768739871,0.545841631016935,0.19860631380511604,0.127409376654149
0.538984838770654,0.723532235672353,0.808321693905003,0.8526063981006409,0.8854651933716859,0.918604942737667,0.939675839787136,0.957869567940768,0.9744723691363001,0.9890053838846908,1.0,0.9912794413767531,0.9759470147741529,0.957215280063406,0.9399325972030529,0.9263693289843861,0.915529736187518,0.90656028218658,0.893732257665073,0.8779805075472249,0.867586481262563,0.854292137726433,0.8401350602185021,0.8225945539255379,0.811716412407022,0.7987951339230059,0.775188625414638,0.7412791992963199,0.6981154618059799,0.5508828036288779,0.19879894410376395,0.12923045046733803
0.529357710820793,0.7139411197908611,0.798987990258622,0.8433028557832479,0.8748285559486481,0.9088390434728371,0.930464930027871,0.9477523807266559,0.963915101819996,0.9766156971420992,0.9912794413767531,1.0,0.989549623394603,0.97264217301184,0.9554873397287821,0.94150984890047,0.929766421960994,0.919916898444899,0.905390887074773,0.888745482518713,0.8787986936523171,0.8657116083312091,0.8510860719191701,0.8330742521613629,0.8228373079500408,0.809676387770408,0.78630266092848,0.7523212848720291,0.7083104637359509,0.558635138366092,0.20400599524375604,0.13714408933875502
0.5191995383132489,0.701455948145414,0.787293484726585,0.829439283083463,0.8615744701518979,0.894526500306499,0.9164472578910451,0.933476806164466,0.9487064465035899,0.9616429425439341,0.9759470147741529,0.989549623394603,1.0,0.9889541424807851,0.9740827752692759,0.96000402498005,0.9465371440052779,0.935319461517927,0.9203370301741409,0.903968534702461,0.893280101430958,0.8793900532831299,0.8649151079290809,0.847931259869871,0.837840301132999,0.824233058198747,0.802716450845208,0.7703921833472629,0.725817600482557,0.571177978952475,0.205639632064172,0.139074926594572
0.494886430135979,0.6781410699826621,0.7638047922343559,0.805868541325371,0.8369170767806842,0.8715521602698721,0.8952949006767958,0.913076245881792,0.9287821403355269,0.942451494502663,0.957215280063406,0.97264217301184,0.9889541424807851,1.0,0.989222970377897,0.9762985799963539,0.961529618729677,0.9499628077555509,0.93423670295604,0.918014122051869,0.907986151753895,0.893857002115818,0.8791039126562841,0.8616768058068579,0.850883199928861,0.838352685674056,0.8185566658284008,0.786686503842922,0.742449246530726,0.5850654112412541,0.20685104857017003,0.134660726769298
0.49056679014616794,0.663328110641437,0.7476731703122109,0.7887923179948759,0.819541030314614,0.8553866167082751,0.8795157557148949,0.898663971264321,0.912813905889292,0.925750303170989,0.9399325972030529,0.9554873397287821,0.9740827752692759,0.989222970377897,1.0,0.989648735869874,0.9756096247016149,0.963193203527336,0.947348362260971,0.9306718181443241,0.9209558356576981,0.907433257493811,0.892186077274314,0.8740905627297629,0.8634545203360501,0.8498224400277958,0.8339862463467249,0.801213497021447,0.7594111125468279,0.59727457228565,0.21181576751730102,0.136221452701064
0.47749174413731893,0.649206614471434,0.7359822224894309,0.7791230203856542,0.8102928820385699,0.8438978595929959,0.869920334868888,0.8880783869261379,0.9009233627146851,0.9133019829557749,0.9263693289843861,0.94150984890047,0.96000402498005,0.9762985799963539,0.989648735869874,1.0,0.987594162313991,0.975977902242447,0.9610205997729591,0.9439557475528348,0.9333438533002428,0.919862848341234,0.9063623057689971,0.8881976612806469,0.87713889044882,0.862723975890773,0.848754423490796,0.8163702026987991,0.775695326220873,0.616090561237954,0.22524547121285,0.145323676542213
0.46875208037487104,0.631529991314608,0.719920208542222,0.762303616876621,0.795152524371116,0.829137265947777,0.8576080921357371,0.8767949983512141,0.88786259969373,0.9010421435931291,0.915529736187518,0.929766421960994,0.9465371440052779,0.961529618729677,0.9756096247016149,0.987594162313991,1.0,0.989192742973323,0.974559778780659,0.9576483501665699,0.94513905744113,0.9319730500526621,0.9194002573924069,0.902414238266904,0.889178308075367,0.875192633000798,0.8605890967740122,0.8308787887401371,0.788221186278889,0.6276985593819621,0.228446046198103,0.151208377130888
0.45599150810887606,0.614633948978325,0.7029195713057989,0.746950375628484,0.778301449896149,0.8148625838254079,0.8461209201899742,0.865752167882033,0.876245737058866,0.8893061908288449,0.90656028218658,0.919916898444899,0.935319461517927,0.9499628077555509,0.963193203527336,0.975977902242447,0.989192742973323,1.0,0.9889023731602131,0.9728703493305071,0.9595967730977991,0.9446886648966999,0.9310561370184409,0.912925249838873,0.899356234713269,0.8852321615603821,0.8687610039435991,0.840008799177001,0.796024170749011,0.6416044024840589,0.24451349369997305,0.15823821193889098
0.44650998923253904,0.5992664156671529,0.688390363422935,0.73279126375211,0.765116390670764,0.8003148076533381,0.8327745363119761,0.854331062245135,0.8636738120687478,0.87728755150462,0.893732257665073,0.905390887074773,0.9203370301741409,0.93423670295604,0.947348362260971,0.9610205997729591,0.974559778780659,0.9889023731602131,1.0,0.989126103530469,0.9767697386597909,0.9622863436704101,0.9495829564706859,0.9323819830285319,0.91976278465806,0.905235806949146,0.8884442593179351,0.860003218173079,0.8194937044396851,0.664531039519711,0.257837292581574,0.167377779505494
0.43148185050424703,0.580211412662285,0.670157453351367,0.7157752785968872,0.7502904717096,0.7848617224701451,0.8179734398746009,0.8406377686304579,0.8488774318338,0.863544361493668,0.8779805075472249,0.888745482518713,0.903968534702461,0.918014122051869,0.9306718181443241,0.9439557475528348,0.9576483501665699,0.9728703493305071,0.989126103530469,1.0,0.989912994015477,0.9749435329452181,0.9627664157671649,0.9468874322029631,0.934105815431908,0.918075793007853,0.9015550158119251,0.87552248785549,0.8381557825735291,0.679864789054801,0.26766783802808,0.173260215234434
0.418181293713568,0.571240165029664,0.661004701229474,0.7053891483818551,0.740386961702622,0.776596605246903,0.810372766284432,0.8324049384806429,0.840824064346731,0.854179025879779,0.867586481262563,0.8787986936523171,0.893280101430958,0.907986151753895,0.9209558356576981,0.9333438533002428,0.94513905744113,0.9595967730977991,0.9767697386597909,0.989912994015477,1.0,0.989762806314784,0.977629496305072,0.96308648745985,0.9492536080508509,0.932959514481024,0.9149413368110171,0.888355416678348,0.8504319830327042,0.687506630091613,0.265391556502493,0.184430667230351
0.401337137590705,0.552160379225327,0.646746957186756,0.691845797586481,0.727587469626739,0.7636888644543309,0.8005213322747509,0.8218540182641579,0.829968957875896,0.841460892889831,0.854292137726433,0.8657116083312091,0.8793900532831299,0.893857002115818,0.907433257493811,0.919862848341234,0.9319730500526621,0.9446886648966999,0.9622863436704101,0.9749435329452181,0.989762806314784,1.0,0.9904885948205799,0.974990010109946,0.9609648358142221,0.9450440585355809,0.9255388896691801,0.8957773975033729,0.8556587322597629,0.697238588894853,0.274465630666877,0.184091970749555
0.388912650337348,0.54026976580376,0.636268401961398,0.678011827648724,0.7143182838991559,0.7492823807511491,0.785472246843553,0.8085108473189371,0.8154862736964509,0.827750124630943,0.8401350602185021,0.8510860719191701,0.8649151079290809,0.8791039126562841,0.892186077274314,0.9063623057689971,0.9194002573924069,0.9310561370184409,0.9495829564706859,0.9627664157671649,0.977629496305072,0.9904885948205799,1.0,0.9876444939416179,0.972910509812135,0.956453977330668,0.935859486724598,0.9040159258577121,0.866064062923481,0.703412942564884,0.28134768744709904,0.19011452426083103
0.36904822507692003,0.5127932277412821,0.6123624859163461,0.653827228750323,0.6904101344390351,0.7275297709598109,0.7671014549940022,0.79194540254365,0.79869798228841,0.811202941334994,0.8225945539255379,0.8330742521613629,0.847931259869871,0.8616768058068579,0.8740905627297629,0.8881976612806469,0.902414238266904,0.912925249838873,0.9323819830285319,0.9468874322029631,0.96308648745985,0.974990010109946,0.9876444939416179,1.0,0.9870724895277908,0.9697584078127758,0.949106475928736,0.918236920776763,0.8817712985866449,0.7188969073249001,0.298194625408313,0.199910684501434
0.35507967744559704,0.500222466762395,0.6002815200662359,0.6442950896124661,0.683322485749493,0.7176588313221709,0.7583004407156558,0.7826204021613871,0.788312756112252,0.8020279962779041,0.811716412407022,0.8228373079500408,0.837840301132999,0.850883199928861,0.8634545203360501,0.87713889044882,0.889178308075367,0.899356234713269,0.91976278465806,0.934105815431908,0.9492536080508509,0.9609648358142221,0.972910509812135,0.9870724895277908,1.0,0.983339783051457,0.962486568449974,0.930546892377113,0.894069970411136,0.727338128505061,0.30800533483426695,0.19929600309045697
0.345555708872744,0.487160965452925,0.5854967574221379,0.628890531312817,0.6669869616734749,0.699600568515037,0.740945032814843,0.7675650353766941,0.7758092764381609,0.789626275484847,0.7987951339230059,0.809676387770408,0.824233058198747,0.838352685674056,0.8498224400277958,0.862723975890773,0.875192633000798,0.8852321615603821,0.905235806949146,0.918075793007853,0.932959514481024,0.9450440585355809,0.956453977330668,0.9697584078127758,0.983339783051457,1.0,0.9793086257551409,0.9484863191460021,0.909663389535922,0.748364342173715,0.32700468695560997,0.20783223800142103
0.332506699302958,0.46779982599884495,0.567269650920208,0.607985911938168,0.649396928957957,0.6809037531933341,0.7190275420700981,0.746570170674109,0.7545061174592289,0.7678183108970308,0.775188625414638,0.78630266092848,0.802716450845208,0.8185566658284008,0.8339862463467249,0.848754423490796,0.8605890967740122,0.8687610039435991,0.8884442593179351,0.9015550158119251,0.9149413368110171,0.9255388896691801,0.935859486724598,0.949106475928736,0.962486568449974,0.9793086257551409,1.0,0.9744490360866029,0.9326711619290021,0.7682554713463969,0.34481174288640404,0.210127732311203
0.310467980845984,0.432832004407851,0.533877582123808,0.576169345404455,0.619770312375802,0.65092081009476,0.685571583440255,0.712742395234955,0.722178882260442,0.735257886356602,0.7412791992963199,0.7523212848720291,0.7703921833472629,0.786686503842922,0.801213497021447,0.8163702026987991,0.8308787887401371,0.840008799177001,0.860003218173079,0.87552248785549,0.888355416678348,0.8957773975033729,0.9040159258577121,0.918236920776763,0.930546892377113,0.9484863191460021,0.9744490360866029,1.0,0.9633457864248269,0.8007933806686279,0.369873523746868,0.24980608847907898
0.269298588031626,0.392952078445395,0.491176448680503,0.5287294627925689,0.572758050413341,0.603183643064659,0.640563723590734,0.667867106358052,0.6731968143690931,0.6899476768739871,0.6981154618059799,0.7083104637359509,0.725817600482557,0.742449246530726,0.7594111125468279,0.775695326220873,0.788221186278889,0.796024170749011,0.8194937044396851,0.8381557825735291,0.8504319830327042,0.8556587322597629,0.866064062923481,0.8817712985866449,0.894069970411136,0.909663389535922,0.9326711619290021,0.9633457864248269,1.0,0.848856737727125,0.410037922969855,0.277207897010819
0.19714909857183396,0.28173696939096504,0.36225343449919895,0.396502371038173,0.43814596139054,0.46552671168003,0.501968336310053,0.521053849216471,0.531145317640123,0.545841631016935,0.5508828036288779,0.558635138366092,0.571177978952475,0.5850654112412541,0.59727457228565,0.616090561237954,0.6276985593819621,0.6416044024840589,0.664531039519711,0.679864789054801,0.687506630091613,0.697238588894853,0.703412942564884,0.7188969073249001,0.727338128505061,0.748364342173715,0.7682554713463969,0.8007933806686279,0.848856737727125,1.0,0.7375049003767858,0.341027836523166
0.0412399016521965,0.07247183527799499,0.106621277514688,0.12778228051405302,0.148738467280039,0.153619388605965,0.17298986274427303,0.17630396596172304,0.185147133765103,0.19860631380511604,0.19879894410376395,0.20400599524375604,0.205639632064172,0.20685104857017003,0.21181576751730102,0.22524547121285,0.228446046198103,0.24451349369997305,0.257837292581574,0.26766783802808,0.265391556502493,0.274465630666877,0.28134768744709904,0.298194625408313,0.30800533483426695,0.32700468695560997,0.34481174288640404,0.369873523746868,0.410037922969855,0.7375049003767858,1.0,0.355424469926291
0.0690294763191054,0.0797766689910896,0.0980306264983173,0.118027960312611,0.107595913595957,0.10096176682935999,0.11943202883903699,0.11731294719042099,0.122034142334106,0.127409376654149,0.12923045046733803,0.13714408933875502,0.139074926594572,0.134660726769298,0.136221452701064,0.145323676542213,0.151208377130888,0.15823821193889098,0.167377779505494,0.173260215234434,0.184430667230351,0.184091970749555,0.19011452426083103,0.199910684501434,0.19929600309045697,0.20783223800142103,0.210127732311203,0.24980608847907898,0.277207897010819,0.341027836523166,0.355424469926291,1.0
