1.0,0.975293370857761,0.857236828723965,0.8265746658801719,0.778919944764864,0.725926533178218,0.700001568375323,0.649666787757957,0.610245881100567,0.5397687485474529,0.4705627559251989,0.41265922420353396,0.37075715087910494,0.3565825670455471,0.3414352974794099,0.32315940371200397,0.300781845933496,0.28469106987863396,0.27917201815711,0.271221217704441,0.257207485353159,0.24283532902020202,0.231998793186386,0.21907308340422302,0.205043254614372,0.206219649415185,0.202934139132923,0.194823889414518,0.18018621662126802,0.160100178733411,0.10249004294642099,0.0686971504885875
0.975293370857761,1.0,0.9498107706076729,0.924832939439382,0.8687644936451601,0.8100518738571079,0.786356005380493,0.7356033948355301,0.6934457843892011,0.615628273819988,0.536420400465074,0.468902216342065,0.4203371756228279,0.40470584237028395,0.387918519979528,0.36658791423023107,0.340429386630977,0.322039990404321,0.316636119261037,0.30824891239534497,0.29457511846679496,0.279997663198976,0.26986331933145,0.25771133672594,0.24338998749288898,0.244892809535236,0.241044633835974,0.233200602940217,0.218168664120198,0.19778000813972801,0.14022759872237803,0.1042655587683
0.857236828723965,0.9498107706076729,1.0,0.9851989620879692,0.921991886050857,0.860181426944027,0.841660370413604,0.794638948993529,0.7521968038200171,0.670613055137315,0.5839885439136511,0.5086063868315229,0.45474277462778495,0.4383800097315879,0.42070015016414203,0.396860752018199,0.36757623239629106,0.3474981907027,0.3427176963098811,0.33442689665395003,0.322399139420467,0.308772606280522,0.300495795716482,0.29047449647386603,0.276960161449445,0.278797218178642,0.274480048135522,0.267681112674807,0.25337121958545605,0.23429064631382,0.181722011484293,0.14575141733705999
0.8265746658801719,0.924832939439382,0.9851989620879692,1.0,0.973996763466597,0.932915828926271,0.911649067042664,0.8595058595273208,0.8173954371813421,0.7321889082656741,0.6418651495840461,0.563056485288459,0.5062653218536359,0.48857129010787004,0.469347531337907,0.44252587959608103,0.40946677850155705,0.3876634324087971,0.384667339717241,0.377107602806824,0.36719608569756396,0.354600605228895,0.348533660007025,0.34090892878486795,0.328005382312051,0.32923281080296996,0.32341588840617896,0.316326863225853,0.30104621591073805,0.28031508838654606,0.22251014588203602,0.181635751715351
0.778919944764864,0.8687644936451601,0.921991886050857,0.973996763466597,1.0,0.9886524116075709,0.963484862279087,0.905597823257033,0.8654403824675849,0.779033421650756,0.688262758482403,0.609057115072349,0.551298103656894,0.532570706123535,0.512111935096841,0.482694042483974,0.44630902625903895,0.423265204039558,0.42264435916139403,0.416306294485783,0.40926298441232,0.39830579131396504,0.395060044455812,0.39050939464817097,0.37871922833358207,0.379026354388857,0.3714911017172439,0.364064711434562,0.347879305283503,0.325413323257864,0.261674153757874,0.215653414583595
0.725926533178218,0.8100518738571079,0.860181426944027,0.932915828926271,0.9886524116075709,1.0,0.985207375692312,0.937660724097303,0.8990641457914379,0.8119839749447371,0.7217535310185009,0.643239748614379,0.5854373750821539,0.566483560587282,0.545577934456454,0.51456983662485,0.475909729301823,0.45207616719681104,0.453311951907652,0.447915144617448,0.44306538979164295,0.43333724374989,0.432078203370685,0.429548042420059,0.41834892379324196,0.41879934146441494,0.410535887441878,0.40303663034214204,0.386060879190175,0.36266150199175107,0.296900429403864,0.247852271894892
0.700001568375323,0.786356005380493,0.841660370413604,0.911649067042664,0.963484862279087,0.985207375692312,1.0,0.9833435659947471,0.9440138005785671,0.853608847385315,0.7616833157246199,0.682229354054338,0.623422096488965,0.604688131229314,0.583699852593026,0.5515032510225429,0.5108022657315271,0.48596805174296603,0.48814871809895893,0.482963383780217,0.478885786995404,0.46926291690409005,0.46850147788141994,0.466126789271628,0.454239176836909,0.456394680593396,0.448601535895596,0.44112386550791205,0.422929305288358,0.398932776585774,0.33446308440614,0.283851824595298
0.649666787757957,0.7356033948355301,0.794638948993529,0.8595058595273208,0.905597823257033,0.937660724097303,0.9833435659947471,1.0,0.962435190614769,0.8724437678913471,0.7822715066978649,0.7046283623953141,0.646763819251406,0.628884929860731,0.608478493742054,0.575921418945057,0.5341562319898161,0.508961827691807,0.5121732870388049,0.507413164801752,0.5043294079928421,0.49511961503719104,0.494812830103425,0.49244910175451,0.479993896870812,0.48370557158632793,0.47648658279897,0.469225804489904,0.450294773905724,0.42639479562621996,0.36525638035575897,0.31446140413240603
0.610245881100567,0.6934457843892011,0.7521968038200171,0.8173954371813421,0.8654403824675849,0.8990641457914379,0.9440138005785671,0.962435190614769,1.0,0.9723622019277599,0.919262057466268,0.8585318369759771,0.8091379559822349,0.792926062244506,0.7728052893784879,0.7333171575348141,0.68061436716305,0.650470172550575,0.6593530911370921,0.656723851058556,0.656302091262822,0.6469044356333199,0.640973750038364,0.625341038181663,0.600494587888356,0.593572065224656,0.576431219164038,0.5666935326295699,0.5465937083406129,0.5209530797050129,0.45521758604768703,0.396964771577892
0.5397687485474529,0.615628273819988,0.670613055137315,0.7321889082656741,0.779033421650756,0.8119839749447371,0.853608847385315,0.8724437678913471,0.9723622019277599,1.0,0.981961664149505,0.939415359105831,0.900266239687825,0.8864595727011361,0.8677904945685408,0.824709161151783,0.765759962168256,0.7331662122932209,0.746393672050255,0.7457544126764121,0.747647031225345,0.7386511287657059,0.728239840322662,0.7021339285943161,0.66812133629924,0.652469219988853,0.627823824780034,0.616539882634643,0.596639784387653,0.5710392504666241,0.505290862693775,0.44411662152282594
0.4705627559251989,0.536420400465074,0.5839885439136511,0.6418651495840461,0.688262758482403,0.7217535310185009,0.7616833157246199,0.7822715066978649,0.919262057466268,0.981961664149505,1.0,0.9862328350194709,0.9641999916379429,0.953605566830418,0.9372947708446479,0.897606981631438,0.8402266970750709,0.808656461946724,0.823335349775524,0.822694943213867,0.825476776732395,0.816107929727333,0.802538623939777,0.7693537255528728,0.7288108206127042,0.7060351954119879,0.6751418670434621,0.6626132243623449,0.642814760809157,0.616112747187434,0.544405428996937,0.47807578933097794
0.41265922420353396,0.468902216342065,0.5086063868315229,0.563056485288459,0.609057115072349,0.643239748614379,0.682229354054338,0.7046283623953141,0.8585318369759771,0.939415359105831,0.9862328350194709,1.0,0.9947093667115429,0.987095386590033,0.9731819110531099,0.939600218000904,0.887398369716935,0.8584365268803901,0.8728560817322322,0.871335572909465,0.8741635181977551,0.864232711124363,0.84886904505095,0.811875314168298,0.767679882831182,0.7401810108614171,0.70516660671443,0.6918917791389929,0.672291663926562,0.64443125256651,0.565965003964922,0.49511558870944394
0.37075715087910494,0.4203371756228279,0.45474277462778495,0.5062653218536359,0.551298103656894,0.5854373750821539,0.623422096488965,0.646763819251406,0.8091379559822349,0.900266239687825,0.9641999916379429,0.9947093667115429,1.0,0.9956529662643091,0.984571684302378,0.95647119842116,0.9091474706261291,0.8825358840332271,0.8960799183426899,0.8935911929485141,0.895942517934604,0.885410508729064,0.8689973867536379,0.830136814214305,0.7842075492025459,0.7548220749448741,0.7181435520435671,0.704782276417083,0.68552532631064,0.657314894527973,0.575864886432258,0.502997938630133
0.3565825670455471,0.40470584237028395,0.4383800097315879,0.48857129010787004,0.532570706123535,0.566483560587282,0.604688131229314,0.628884929860731,0.792926062244506,0.8864595727011361,0.953605566830418,0.987095386590033,0.9956529662643091,1.0,0.9965896187739879,0.9773686398289271,0.9371900852231521,0.913307001747537,0.923462242417169,0.9180956625484699,0.9175206955147042,0.904570973096187,0.8871149541327779,0.847954363598457,0.801421106319354,0.775741933660042,0.7413405677997009,0.729199954850841,0.709843130426302,0.68162679513079,0.6007137388883879,0.526659475488555
0.3414352974794099,0.387918519979528,0.42070015016414203,0.469347531337907,0.512111935096841,0.545577934456454,0.583699852593026,0.608478493742054,0.7728052893784879,0.8677904945685408,0.9372947708446479,0.9731819110531099,0.984571684302378,0.9965896187739879,1.0,0.988785352822462,0.9552287911930641,0.9339364416717311,0.941015653484448,0.93313842233484,0.929975096163218,0.914977448259654,0.896724238616828,0.8575822177094421,0.8108517629803119,0.7886426426400579,0.756508522566008,0.7455375102948859,0.726232764502479,0.6982160951771911,0.618366308293854,0.5437979018941
0.32315940371200397,0.36658791423023107,0.396860752018199,0.44252587959608103,0.482694042483974,0.51456983662485,0.5515032510225429,0.575921418945057,0.7333171575348141,0.824709161151783,0.897606981631438,0.939600218000904,0.95647119842116,0.9773686398289271,0.988785352822462,1.0,0.9886201997082171,0.9762658707094541,0.9734098398595609,0.957761602477341,0.945281623769778,0.92320004271155,0.9027244836621191,0.865179458027001,0.819424627416635,0.8037847598988449,0.7761220453011949,0.7697083294021609,0.753777092531607,0.7277644851404481,0.647453174682805,0.5709684512695129
0.300781845933496,0.340429386630977,0.36757623239629106,0.40946677850155705,0.44630902625903895,0.475909729301823,0.5108022657315271,0.5341562319898161,0.68061436716305,0.765759962168256,0.8402266970750709,0.887398369716935,0.9091474706261291,0.9371900852231521,0.9552287911930641,0.9886201997082171,1.0,0.996999949638064,0.984141720750541,0.960974551398437,0.9392301428971429,0.910384818140977,0.8881089663252221,0.853085912130509,0.8093984366451981,0.8003163683050729,0.7774924828595849,0.775894286786754,0.763990978144147,0.740660884289461,0.661176433133991,0.58429213836182
0.28469106987863396,0.322039990404321,0.3474981907027,0.3876634324087971,0.423265204039558,0.45207616719681104,0.48596805174296603,0.508961827691807,0.650470172550575,0.7331662122932209,0.808656461946724,0.8584365268803901,0.8825358840332271,0.913307001747537,0.9339364416717311,0.9762658707094541,0.996999949638064,1.0,0.989115430636058,0.967333248049758,0.9431339151711551,0.912065977102311,0.8892798977826579,0.85512501793027,0.812013631479343,0.804756669670538,0.7831671027452319,0.7824468484593041,0.7709620429263849,0.7483320040651559,0.671294639360019,0.595003234481464
0.27917201815711,0.316636119261037,0.3427176963098811,0.384667339717241,0.42264435916139403,0.453311951907652,0.48814871809895893,0.5121732870388049,0.6593530911370921,0.746393672050255,0.823335349775524,0.8728560817322322,0.8960799183426899,0.923462242417169,0.941015653484448,0.9734098398595609,0.984141720750541,0.989115430636058,1.0,0.99410585092585,0.977621097227609,0.9507634241148522,0.9291232382296991,0.892857806340968,0.847412696632289,0.834596500068254,0.8083516296807709,0.8022931134400241,0.7852844986869458,0.759966503684321,0.687480013665823,0.612444419352555
0.271221217704441,0.30824891239534497,0.33442689665395003,0.377107602806824,0.416306294485783,0.447915144617448,0.482963383780217,0.507413164801752,0.656723851058556,0.7457544126764121,0.822694943213867,0.871335572909465,0.8935911929485141,0.9180956625484699,0.93313842233484,0.957761602477341,0.960974551398437,0.967333248049758,0.99410585092585,1.0,0.989428707761227,0.966046848453075,0.9455520548821209,0.908236163509648,0.8617038869985971,0.8449699748221842,0.8156602495976659,0.8057528046734731,0.784910908649803,0.7579647019578292,0.6898398609632019,0.616773583594383
0.257207485353159,0.29457511846679496,0.322399139420467,0.36719608569756396,0.40926298441232,0.44306538979164295,0.478885786995404,0.5043294079928421,0.656302091262822,0.747647031225345,0.825476776732395,0.8741635181977551,0.895942517934604,0.9175206955147042,0.929975096163218,0.945281623769778,0.9392301428971429,0.9431339151711551,0.977621097227609,0.989428707761227,1.0,0.9932722078850229,0.980437503785677,0.9430321831044031,0.8956753023297621,0.874248442558941,0.8409122096751179,0.8285444886320891,0.8057021238603209,0.7761865826539791,0.701115408054414,0.624037560427094
0.24283532902020202,0.279997663198976,0.308772606280522,0.354600605228895,0.39830579131396504,0.43333724374989,0.46926291690409005,0.49511961503719104,0.6469044356333199,0.7386511287657059,0.816107929727333,0.864232711124363,0.885410508729064,0.904570973096187,0.914977448259654,0.92320004271155,0.910384818140977,0.912065977102311,0.9507634241148522,0.966046848453075,0.9932722078850229,1.0,0.993539872823035,0.9567018003342991,0.9094516209668629,0.8848707740072,0.8490099661766559,0.8351920222812159,0.811425483754142,0.780381976382051,0.7001991327397521,0.620705660935401
0.231998793186386,0.26986331933145,0.300495795716482,0.348533660007025,0.395060044455812,0.432078203370685,0.46850147788141994,0.494812830103425,0.640973750038364,0.728239840322662,0.802538623939777,0.84886904505095,0.8689973867536379,0.8871149541327779,0.896724238616828,0.9027244836621191,0.8881089663252221,0.8892798977826579,0.9291232382296991,0.9455520548821209,0.980437503785677,0.993539872823035,1.0,0.982136202620677,0.9478948849145059,0.9238416471145829,0.8874237106443879,0.872188174465598,0.845775971514124,0.8119699389463009,0.726142686689087,0.642412531020123
0.21907308340422302,0.25771133672594,0.29047449647386603,0.34090892878486795,0.39050939464817097,0.429548042420059,0.466126789271628,0.49244910175451,0.625341038181663,0.7021339285943161,0.7693537255528728,0.811875314168298,0.830136814214305,0.847954363598457,0.8575822177094421,0.865179458027001,0.853085912130509,0.85512501793027,0.892857806340968,0.908236163509648,0.9430321831044031,0.9567018003342991,0.982136202620677,1.0,0.9909101420667329,0.9709464776555992,0.9362794613725959,0.919866691859173,0.8897312411670458,0.852626500011093,0.762040452711393,0.6739218493098029
0.205043254614372,0.24338998749288898,0.276960161449445,0.328005382312051,0.37871922833358207,0.41834892379324196,0.454239176836909,0.479993896870812,0.600494587888356,0.66812133629924,0.7288108206127042,0.767679882831182,0.7842075492025459,0.801421106319354,0.8108517629803119,0.819424627416635,0.8093984366451981,0.812013631479343,0.847412696632289,0.8617038869985971,0.8956753023297621,0.9094516209668629,0.9478948849145059,0.9909101420667329,1.0,0.983396430842252,0.950739013412324,0.933843426281424,0.901704978897436,0.863053102482752,0.771045237674221,0.6817156409600911
0.206219649415185,0.244892809535236,0.278797218178642,0.32923281080296996,0.379026354388857,0.41879934146441494,0.456394680593396,0.48370557158632793,0.593572065224656,0.652469219988853,0.7060351954119879,0.7401810108614171,0.7548220749448741,0.775741933660042,0.7886426426400579,0.8037847598988449,0.8003163683050729,0.804756669670538,0.834596500068254,0.8449699748221842,0.874248442558941,0.8848707740072,0.9238416471145829,0.9709464776555992,0.983396430842252,1.0,0.9912072339034691,0.978082691234371,0.93832158719484,0.895278396983223,0.8059710626187059,0.715912504683048
0.202934139132923,0.241044633835974,0.274480048135522,0.32341588840617896,0.3714911017172439,0.410535887441878,0.448601535895596,0.47648658279897,0.576431219164038,0.627823824780034,0.6751418670434621,0.70516660671443,0.7181435520435671,0.7413405677997009,0.756508522566008,0.7761220453011949,0.7774924828595849,0.7831671027452319,0.8083516296807709,0.8156602495976659,0.8409122096751179,0.8490099661766559,0.8874237106443879,0.9362794613725959,0.950739013412324,0.9912072339034691,1.0,0.989906373566397,0.945427017211835,0.9000883183830028,0.8146235838567231,0.725917287818361
0.194823889414518,0.233200602940217,0.267681112674807,0.316326863225853,0.364064711434562,0.40303663034214204,0.44112386550791205,0.469225804489904,0.5666935326295699,0.616539882634643,0.6626132243623449,0.6918917791389929,0.704782276417083,0.729199954850841,0.7455375102948859,0.7697083294021609,0.775894286786754,0.7824468484593041,0.8022931134400241,0.8057528046734731,0.8285444886320891,0.8351920222812159,0.872188174465598,0.919866691859173,0.933843426281424,0.978082691234371,0.989906373566397,1.0,0.981185851171747,0.9504405259054491,0.8562921464524549,0.760965707344023
0.18018621662126802,0.218168664120198,0.25337121958545605,0.30104621591073805,0.347879305283503,0.386060879190175,0.422929305288358,0.450294773905724,0.5465937083406129,0.596639784387653,0.642814760809157,0.672291663926562,0.68552532631064,0.709843130426302,0.726232764502479,0.753777092531607,0.763990978144147,0.7709620429263849,0.7852844986869458,0.784910908649803,0.8057021238603209,0.811425483754142,0.845775971514124,0.8897312411670458,0.901704978897436,0.93832158719484,0.945427017211835,0.981185851171747,1.0,0.9909998429832059,0.885725244882092,0.783311216393793
0.160100178733411,0.19778000813972801,0.23429064631382,0.28031508838654606,0.325413323257864,0.36266150199175107,0.398932776585774,0.42639479562621996,0.5209530797050129,0.5710392504666241,0.616112747187434,0.64443125256651,0.657314894527973,0.68162679513079,0.6982160951771911,0.7277644851404481,0.740660884289461,0.7483320040651559,0.759966503684321,0.7579647019578292,0.7761865826539791,0.780381976382051,0.8119699389463009,0.852626500011093,0.863053102482752,0.895278396983223,0.9000883183830028,0.9504405259054491,0.9909998429832059,1.0,0.91786476216603,0.824756071671604
0.10249004294642099,0.14022759872237803,0.181722011484293,0.22251014588203602,0.261674153757874,0.296900429403864,0.33446308440614,0.36525638035575897,0.45521758604768703,0.505290862693775,0.544405428996937,0.565965003964922,0.575864886432258,0.6007137388883879,0.618366308293854,0.647453174682805,0.661176433133991,0.671294639360019,0.687480013665823,0.6898398609632019,0.701115408054414,0.7001991327397521,0.726142686689087,0.762040452711393,0.771045237674221,0.8059710626187059,0.8146235838567231,0.8562921464524549,0.885725244882092,0.91786476216603,1.0,0.981453185714492
0.0686971504885875,0.1042655587683,0.14575141733705999,0.181635751715351,0.215653414583595,0.247852271894892,0.283851824595298,0.31446140413240603,0.396964771577892,0.44411662152282594,0.47807578933097794,0.49511558870944394,0.502997938630133,0.526659475488555,0.5437979018941,0.5709684512695129,0.58429213836182,0.595003234481464,0.612444419352555,0.616773583594383,0.624037560427094,0.620705660935401,0.642412531020123,0.6739218493098029,0.6817156409600911,0.715912504683048,0.725917287818361,0.760965707344023,0.783311216393793,0.824756071671604,0.981453185714492,1.0
