1.0,0.8721762939725051,0.8297995733350759,0.817665362078271,0.801630337916692,0.7843440545511009,0.777538102528331,0.769717360756972,0.76699553721764,0.765951254445045,0.760151333649718,0.75512366104985,0.751971822833274,0.74762704677125,0.7456938291735309,0.738848578920331,0.7340840350361021,0.729303458507956,0.725361264453381,0.7233756168420391,0.7164196642237729,0.7113299361846029,0.7062991163671171,0.699946751676977,0.6957599347695251,0.6815821760766629,0.666912462909433,0.6453613570173691,0.6085999707189991,0.560344154759785,0.274280810130552,0.013782156116558997
0.8721762939725051,1.0,0.9634978541685809,0.947264008902387,0.9303379005089499,0.9164749211011709,0.9083186344004119,0.90359829623465,0.9015731019219001,0.898934203163165,0.894986656769061,0.8876778479845729,0.881524418983371,0.8774989029034149,0.873092564088601,0.865721224562065,0.86023724464445,0.8554696665420799,0.8516593858383101,0.849858340120427,0.8448429176753549,0.8399480988584059,0.8323867510960359,0.82787231048499,0.821620286841049,0.81069992655772,0.799363631180073,0.7749551716047199,0.736699892781938,0.6779668348812321,0.336894041359739,0.0333219711771814
0.8297995733350759,0.9634978541685809,1.0,0.9842088913936791,0.9686764394400831,0.9573286009957209,0.95042114959532,0.9449289847269321,0.941607282959721,0.937685636627634,0.9332744526372979,0.92665857123823,0.92026012871215,0.914847408250036,0.9114936253218628,0.905047746689851,0.8987775785757071,0.894822836090537,0.89198150445013,0.8892028175484781,0.884785243706467,0.8793277230039559,0.8733092165093771,0.869246083340716,0.8632905106207209,0.8518275111272231,0.8417376944960592,0.818873139661154,0.7814157148256099,0.7254618190680909,0.364681718073689,0.0568320667043858
0.817665362078271,0.947264008902387,0.9842088913936791,1.0,0.9879043402406651,0.977067622281082,0.970997972537091,0.964957202075692,0.960823888572138,0.957329476661325,0.9530727304290091,0.94576745201683,0.9400867340334371,0.934494724112846,0.931043502778362,0.924899094868569,0.918600033477771,0.91475825497673,0.911431348501415,0.9086194610675369,0.904597783343527,0.899495627942924,0.8942139595595029,0.8904970002684499,0.8833163343002031,0.8716530752988492,0.862167268875891,0.8407338192029891,0.8012877761810172,0.743454328975543,0.37629092933628405,0.0748201867589581
0.801630337916692,0.9303379005089499,0.9686764394400831,0.9879043402406651,1.0,0.990551704052676,0.9836493133755592,0.9774350533535291,0.972869837579292,0.9681062871869521,0.964169321189642,0.9567000199691641,0.9516137550643999,0.9464337324091759,0.9430483503667371,0.938088873954563,0.932384767615971,0.928301883321609,0.924296269484262,0.9217439912812041,0.9172148365693671,0.911703069906685,0.906371344504437,0.902397268432542,0.8955049888487808,0.8851073383186551,0.8762145256604851,0.854608352741514,0.816147497415145,0.7589965067992571,0.384596687168691,0.0844395636491352
0.7843440545511009,0.9164749211011709,0.9573286009957209,0.977067622281082,0.990551704052676,1.0,0.99374296251785,0.9874755450492769,0.98184858732369,0.976110818011428,0.97162067867531,0.964152386166189,0.9596431058122091,0.954510963471039,0.9507241326211551,0.946752739093228,0.9413239317415459,0.936717458458601,0.9324084562459419,0.9295317357933129,0.925246402921581,0.919598235602747,0.914340480114221,0.9096917319585559,0.9028805909367921,0.8925307377774692,0.8832202841194742,0.8613434318554559,0.822326810041327,0.768360759442558,0.405471316794335,0.0852253885204618
0.777538102528331,0.9083186344004119,0.95042114959532,0.970997972537091,0.9836493133755592,0.99374296251785,1.0,0.99452759185348,0.988797965567767,0.9831984955875409,0.9781237300503001,0.9708370473111141,0.965622691501164,0.95979087751992,0.9558262658752871,0.952123875849625,0.947109710556013,0.942972805359532,0.9387541969776549,0.935690847567725,0.931624695956971,0.925797462526653,0.920564715871864,0.915976267624889,0.9092793236553,0.8987742069310071,0.8886226389747,0.8670981661620359,0.82948428673762,0.7747702481611121,0.41556305771662505,0.0896285131354548
0.769717360756972,0.90359829623465,0.9449289847269321,0.964957202075692,0.9774350533535291,0.9874755450492769,0.99452759185348,1.0,0.9955113709653349,0.9901177850963939,0.98481997785652,0.977960913570104,0.972779353278572,0.96681455581761,0.9622712074018371,0.958537223288567,0.9530680645667771,0.9491477879758791,0.944710083251335,0.9414054632318921,0.9378363300057649,0.9320260692547829,0.926720075119486,0.9220910587984699,0.9150699386882819,0.9046667016321801,0.8941329430748491,0.872568632722912,0.836878515366102,0.7815009491098441,0.416851740225572,0.0906533871968857
0.76699553721764,0.9015731019219001,0.941607282959721,0.960823888572138,0.972869837579292,0.98184858732369,0.988797965567767,0.9955113709653349,1.0,0.9960306958371401,0.990950659636783,0.984547583215014,0.979695212232767,0.9738066838005001,0.96939522450323,0.965420847106999,0.960119526870016,0.9563682854632201,0.951960666596417,0.948560936177095,0.9448403505484121,0.939084634464383,0.9341271929195172,0.9292806905343771,0.92238387952592,0.912026247215525,0.9013268519850729,0.879747789536908,0.845053762528901,0.790087056609619,0.4231056170421,0.0954105280103634
0.765951254445045,0.898934203163165,0.937685636627634,0.957329476661325,0.9681062871869521,0.976110818011428,0.9831984955875409,0.9901177850963939,0.9960306958371401,1.0,0.996409821600144,0.9908636468936759,0.985750625281232,0.979762817498726,0.9759146869549409,0.97189099580465,0.9664624020766559,0.962565157119783,0.957784694512967,0.954309746609038,0.9503371925862422,0.944514252183477,0.939267179172375,0.934788662087553,0.9284446567929592,0.918225667222376,0.908229858761638,0.8875875223304089,0.853015903081437,0.7988288303018071,0.42694110167088106,0.09498289825609699
0.760151333649718,0.894986656769061,0.9332744526372979,0.9530727304290091,0.964169321189642,0.97162067867531,0.9781237300503001,0.98481997785652,0.990950659636783,0.996409821600144,1.0,0.9960822321203491,0.991608922465705,0.985975959239116,0.9824446506653871,0.9784589442667749,0.9734625114718198,0.9696796712414241,0.9647681930524721,0.9612409849664091,0.9573370530980809,0.9519890866490699,0.9464775846634771,0.942072778223522,0.936121674116496,0.926586675977791,0.917424807090598,0.8974659790514709,0.864369439644063,0.8120738261575999,0.440510997892622,0.0982055043221412
0.75512366104985,0.8876778479845729,0.92665857123823,0.94576745201683,0.9567000199691641,0.964152386166189,0.9708370473111141,0.977960913570104,0.984547583215014,0.9908636468936759,0.9960822321203491,1.0,0.996256354500473,0.9912782232003828,0.9878204637311341,0.9839610422422321,0.9794090583356899,0.975611862058139,0.9708497679398671,0.967423770676675,0.963979432942652,0.9591533574848442,0.954262595443971,0.949877166171481,0.9443008467077221,0.9345171229482901,0.92516837426072,0.906125881264379,0.873563798199715,0.8214797586414809,0.44781940336435205,0.10760683505332
0.751971822833274,0.881524418983371,0.92026012871215,0.9400867340334371,0.9516137550643999,0.9596431058122091,0.965622691501164,0.972779353278572,0.979695212232767,0.985750625281232,0.991608922465705,0.996256354500473,1.0,0.996713186546402,0.9934333581108821,0.9897951157859209,0.985495806119272,0.981138316130285,0.9767547738106109,0.973474575640696,0.9702619260660049,0.965355989952986,0.9602991008801078,0.955706549203289,0.9502742215542661,0.9403473456930459,0.9303926036547969,0.911004636649815,0.8785986818291349,0.82718033078463,0.452320580785969,0.11208812792012401
0.74762704677125,0.8774989029034149,0.914847408250036,0.934494724112846,0.9464337324091759,0.954510963471039,0.95979087751992,0.96681455581761,0.9738066838005001,0.979762817498726,0.985975959239116,0.9912782232003828,0.996713186546402,1.0,0.9970534042712379,0.99357006716553,0.99012937249466,0.9862034374830051,0.9818845025677491,0.978759691242072,0.975050663824462,0.97005719436162,0.9651134095517242,0.96047724037645,0.9550245837145358,0.9453005474043571,0.935620064753603,0.916204856415402,0.8834571452765221,0.832136936782282,0.45580741477984205,0.12034501019979901
0.7456938291735309,0.873092564088601,0.9114936253218628,0.931043502778362,0.9430483503667371,0.9507241326211551,0.9558262658752871,0.9622712074018371,0.96939522450323,0.9759146869549409,0.9824446506653871,0.9878204637311341,0.9934333581108821,0.9970534042712379,1.0,0.997380482005922,0.994099743067947,0.990245747435668,0.985884726312074,0.982732451812053,0.979065976347505,0.974426046622599,0.969586592562442,0.9648888985667109,0.959912211134284,0.9504176384207859,0.9412952041117041,0.9220360909923442,0.889391791010386,0.837742228654761,0.46024165782917603,0.123815436280866
0.738848578920331,0.865721224562065,0.905047746689851,0.924899094868569,0.938088873954563,0.946752739093228,0.952123875849625,0.958537223288567,0.965420847106999,0.97189099580465,0.9784589442667749,0.9839610422422321,0.9897951157859209,0.99357006716553,0.997380482005922,1.0,0.9971847404879292,0.993396180978323,0.988860707351338,0.985432995225485,0.9818248486529749,0.976995196187852,0.9727143927277421,0.96794884377059,0.962965617789828,0.9536546949121921,0.9454040996309928,0.926684153484278,0.894673848138303,0.84345187996838,0.47169197749729996,0.130199911285072
0.7340840350361021,0.86023724464445,0.8987775785757071,0.918600033477771,0.932384767615971,0.9413239317415459,0.947109710556013,0.9530680645667771,0.960119526870016,0.9664624020766559,0.9734625114718198,0.9794090583356899,0.985495806119272,0.99012937249466,0.994099743067947,0.9971847404879292,1.0,0.997045269799374,0.992493586711339,0.989083001695004,0.985201870588898,0.980845287223977,0.977001966819555,0.9717628613062991,0.966902945340876,0.958658703226763,0.95030962660741,0.9317950180257109,0.8991747893330381,0.8489057563063571,0.47776341822173995,0.137256303345702
0.729303458507956,0.8554696665420799,0.894822836090537,0.91475825497673,0.928301883321609,0.936717458458601,0.942972805359532,0.9491477879758791,0.9563682854632201,0.962565157119783,0.9696796712414241,0.975611862058139,0.981138316130285,0.9862034374830051,0.990245747435668,0.993396180978323,0.997045269799374,1.0,0.997117511045904,0.99370270009476,0.9896366684058109,0.985249702467854,0.981048204272628,0.976000568568219,0.9716368733142309,0.963294227042187,0.95529219329535,0.9371531578165841,0.9050200884933131,0.8560330304572851,0.483263116849965,0.14195092263944
0.725361264453381,0.8516593858383101,0.89198150445013,0.911431348501415,0.924296269484262,0.9324084562459419,0.9387541969776549,0.944710083251335,0.951960666596417,0.957784694512967,0.9647681930524721,0.9708497679398671,0.9767547738106109,0.9818845025677491,0.985884726312074,0.988860707351338,0.992493586711339,0.997117511045904,1.0,0.99690182948533,0.993141633425443,0.988888268186775,0.9843381023030591,0.979335759650628,0.975115889373298,0.966574833812228,0.9585856276824839,0.940797069224642,0.909147157454681,0.8613049410414609,0.486261511963579,0.139894236110216
0.7233756168420391,0.849858340120427,0.8892028175484781,0.9086194610675369,0.9217439912812041,0.9295317357933129,0.935690847567725,0.9414054632318921,0.948560936177095,0.954309746609038,0.9612409849664091,0.967423770676675,0.973474575640696,0.978759691242072,0.982732451812053,0.985432995225485,0.989083001695004,0.99370270009476,0.99690182948533,1.0,0.996914544585384,0.9934051310051211,0.9888496882116009,0.9839015967771341,0.979775612843468,0.9714182744703159,0.962258238326977,0.944726446447739,0.9135116041900171,0.866313126650641,0.488427772903434,0.14584110502237801
0.7164196642237729,0.8448429176753549,0.884785243706467,0.904597783343527,0.9172148365693671,0.925246402921581,0.931624695956971,0.9378363300057649,0.9448403505484121,0.9503371925862422,0.9573370530980809,0.963979432942652,0.9702619260660049,0.975050663824462,0.979065976347505,0.9818248486529749,0.985201870588898,0.9896366684058109,0.993141633425443,0.996914544585384,1.0,0.9965203830245541,0.992064685133242,0.987010046771168,0.982445846869172,0.9737313331076999,0.964488464407621,0.9470566534759041,0.916533103242018,0.8690481333555591,0.486369252261125,0.146541701552989
0.7113299361846029,0.8399480988584059,0.8793277230039559,0.899495627942924,0.911703069906685,0.919598235602747,0.925797462526653,0.9320260692547829,0.939084634464383,0.944514252183477,0.9519890866490699,0.9591533574848442,0.965355989952986,0.97005719436162,0.974426046622599,0.976995196187852,0.980845287223977,0.985249702467854,0.988888268186775,0.9934051310051211,0.9965203830245541,1.0,0.9963309205765881,0.991365945837957,0.986316142335917,0.977720716005957,0.9679801413072349,0.9508677890425609,0.9194489592680121,0.8710638640892321,0.485761078587412,0.154139727581227
0.7062991163671171,0.8323867510960359,0.8733092165093771,0.8942139595595029,0.906371344504437,0.914340480114221,0.920564715871864,0.926720075119486,0.9341271929195172,0.939267179172375,0.9464775846634771,0.954262595443971,0.9602991008801078,0.9651134095517242,0.969586592562442,0.9727143927277421,0.977001966819555,0.981048204272628,0.9843381023030591,0.9888496882116009,0.992064685133242,0.9963309205765881,1.0,0.995481552287172,0.9905773461142479,0.982174821921068,0.9729200000409008,0.9569690889576771,0.92621617916274,0.877710119032395,0.49502578617851506,0.16465632609052
0.699946751676977,0.82787231048499,0.869246083340716,0.8904970002684499,0.902397268432542,0.9096917319585559,0.915976267624889,0.9220910587984699,0.9292806905343771,0.934788662087553,0.942072778223522,0.949877166171481,0.955706549203289,0.96047724037645,0.9648888985667109,0.96794884377059,0.9717628613062991,0.976000568568219,0.979335759650628,0.9839015967771341,0.987010046771168,0.991365945837957,0.995481552287172,1.0,0.995575103318,0.987704077687535,0.9783606121466809,0.9622282006030931,0.9314442760367879,0.8837571047377271,0.49868761928930105,0.170644726077687
0.6957599347695251,0.821620286841049,0.8632905106207209,0.8833163343002031,0.8955049888487808,0.9028805909367921,0.9092793236553,0.9150699386882819,0.92238387952592,0.9284446567929592,0.936121674116496,0.9443008467077221,0.9502742215542661,0.9550245837145358,0.959912211134284,0.962965617789828,0.966902945340876,0.9716368733142309,0.975115889373298,0.979775612843468,0.982445846869172,0.986316142335917,0.9905773461142479,0.995575103318,1.0,0.994013477321823,0.9856062381866459,0.970448831569113,0.9427489045788651,0.8975111662532529,0.517858575078721,0.178192842946892
0.6815821760766629,0.81069992655772,0.8518275111272231,0.8716530752988492,0.8851073383186551,0.8925307377774692,0.8987742069310071,0.9046667016321801,0.912026247215525,0.918225667222376,0.926586675977791,0.9345171229482901,0.9403473456930459,0.9453005474043571,0.9504176384207859,0.9536546949121921,0.958658703226763,0.963294227042187,0.966574833812228,0.9714182744703159,0.9737313331076999,0.977720716005957,0.982174821921068,0.987704077687535,0.994013477321823,1.0,0.9933012899896279,0.9787785636911049,0.953313336626442,0.9105877259160559,0.5364500405259679,0.19738658346353305
0.666912462909433,0.799363631180073,0.8417376944960592,0.862167268875891,0.8762145256604851,0.8832202841194742,0.8886226389747,0.8941329430748491,0.9013268519850729,0.908229858761638,0.917424807090598,0.92516837426072,0.9303926036547969,0.935620064753603,0.9412952041117041,0.9454040996309928,0.95030962660741,0.95529219329535,0.9585856276824839,0.962258238326977,0.964488464407621,0.9679801413072349,0.9729200000409008,0.9783606121466809,0.9856062381866459,0.9933012899896279,1.0,0.98928456483768,0.965362147949055,0.924914557580535,0.5493730524731599,0.20118054081054798
0.6453613570173691,0.7749551716047199,0.818873139661154,0.8407338192029891,0.854608352741514,0.8613434318554559,0.8670981661620359,0.872568632722912,0.879747789536908,0.8875875223304089,0.8974659790514709,0.906125881264379,0.911004636649815,0.916204856415402,0.9220360909923442,0.926684153484278,0.9317950180257109,0.9371531578165841,0.940797069224642,0.944726446447739,0.9470566534759041,0.9508677890425609,0.9569690889576771,0.9622282006030931,0.970448831569113,0.9787785636911049,0.98928456483768,1.0,0.9806927084421859,0.9421764783257641,0.5671877659114539,0.219923311248398
0.6085999707189991,0.736699892781938,0.7814157148256099,0.8012877761810172,0.816147497415145,0.822326810041327,0.82948428673762,0.836878515366102,0.845053762528901,0.853015903081437,0.864369439644063,0.873563798199715,0.8785986818291349,0.8834571452765221,0.889391791010386,0.894673848138303,0.8991747893330381,0.9050200884933131,0.909147157454681,0.9135116041900171,0.916533103242018,0.9194489592680121,0.92621617916274,0.9314442760367879,0.9427489045788651,0.953313336626442,0.965362147949055,0.9806927084421859,1.0,0.9691036045168141,0.6152620616686251,0.246831991240541
0.560344154759785,0.6779668348812321,0.7254618190680909,0.743454328975543,0.7589965067992571,0.768360759442558,0.7747702481611121,0.7815009491098441,0.790087056609619,0.7988288303018071,0.8120738261575999,0.8214797586414809,0.82718033078463,0.832136936782282,0.837742228654761,0.84345187996838,0.8489057563063571,0.8560330304572851,0.8613049410414609,0.866313126650641,0.8690481333555591,0.8710638640892321,0.877710119032395,0.8837571047377271,0.8975111662532529,0.9105877259160559,0.924914557580535,0.9421764783257641,0.9691036045168141,1.0,0.6554042058434649,0.266465936123998
0.274280810130552,0.336894041359739,0.364681718073689,0.37629092933628405,0.384596687168691,0.405471316794335,0.41556305771662505,0.416851740225572,0.4231056170421,0.42694110167088106,0.440510997892622,0.44781940336435205,0.452320580785969,0.45580741477984205,0.46024165782917603,0.47169197749729996,0.47776341822173995,0.483263116849965,0.486261511963579,0.488427772903434,0.486369252261125,0.485761078587412,0.49502578617851506,0.49868761928930105,0.517858575078721,0.5364500405259679,0.5493730524731599,0.5671877659114539,0.6152620616686251,0.6554042058434649,1.0,0.40697262399318107
0.013782156116558997,0.0333219711771814,0.0568320667043858,0.0748201867589581,0.0844395636491352,0.0852253885204618,0.0896285131354548,0.0906533871968857,0.0954105280103634,0.09498289825609699,0.0982055043221412,0.10760683505332,0.11208812792012401,0.12034501019979901,0.123815436280866,0.130199911285072,0.137256303345702,0.14195092263944,0.139894236110216,0.14584110502237801,0.146541701552989,0.154139727581227,0.16465632609052,0.170644726077687,0.178192842946892,0.19738658346353305,0.20118054081054798,0.219923311248398,0.246831991240541,0.266465936123998,0.40697262399318107,1.0
