1.0,0.7677343522854809,0.6757305205720849,0.6470390287323678,0.633842549119699,0.6252947470980171,0.6266730989609389,0.618324032747545,0.6067630964915319,0.5918068177402249,0.589373463349561,0.5768835669122371,0.562288636931688,0.5547396631307709,0.5427838461211121,0.529423087347162,0.5234562645602311,0.5065395954704041,0.489637118967382,0.487565677569824,0.47835211240486203,0.470591622645386,0.46829697218877203,0.4659370917768521,0.462154045482521,0.44283275670367206,0.433669054387431,0.41044596838893704,0.39946093426013396,0.351292259906457,0.22921848745603,0.13463918098754102
0.7677343522854809,1.0,0.909710627180769,0.864976550903621,0.8407493525918259,0.8197111306940241,0.7989301966976899,0.7904805932643729,0.776973974957126,0.76876441061032,0.756313546587132,0.746162407606116,0.734374355894459,0.7241701046167449,0.718399937459966,0.7067891713298521,0.694023600472831,0.677482160309094,0.663127481440329,0.6601599579089361,0.649277691259611,0.644513679495886,0.6369666051642221,0.634352599533357,0.623919780674542,0.604688262790095,0.598815368338635,0.5699735247697061,0.554399793968829,0.491703849325459,0.3428378556434619,0.222121589968326
0.6757305205720849,0.909710627180769,1.0,0.949116723719943,0.915916855217227,0.8893127865350241,0.8655307297264839,0.856213526228403,0.843254956464729,0.832090204148457,0.81792356923482,0.8087919280646579,0.7950726762507209,0.78517960983952,0.776051603410177,0.7648277634232259,0.752782652857355,0.7387195072912571,0.7260838925209642,0.722551344825139,0.7070503356908359,0.7017398183851279,0.6954836316985141,0.68946185416469,0.674672268519806,0.6575287533789129,0.650935038172338,0.6230979536450479,0.601404223060079,0.531105694585924,0.36575383215945795,0.24488855292551504
0.6470390287323678,0.864976550903621,0.949116723719943,1.0,0.969134044905067,0.9366209267788209,0.9168633253708671,0.905684126413301,0.891051871211378,0.880746414480039,0.867131989897188,0.854542852183429,0.8413103919063001,0.8312118960174091,0.8201344707238192,0.808221662213845,0.7924329051224391,0.7772057795789631,0.7649214782505941,0.7603840447768159,0.7450914902798149,0.739686215960798,0.731186963477383,0.7240076636827301,0.712214991127619,0.6958323019077541,0.685737572717077,0.6580178141785389,0.635595027563894,0.5666926772655239,0.39679550058491797,0.266256031983863
0.633842549119699,0.8407493525918259,0.915916855217227,0.969134044905067,1.0,0.973568114702605,0.954267313846002,0.941663107464877,0.9253448613634799,0.9167874785000301,0.9053052290788199,0.894227863802456,0.882363122781015,0.8728725970165441,0.86208504683449,0.849110991141659,0.832597004249675,0.8166851090100409,0.8064870375631009,0.8009295333457421,0.7844332226686551,0.7777992852812429,0.7685945093293409,0.7652612845435579,0.7493699162925,0.7304729292533471,0.7215328540218661,0.6936267761268822,0.6701520573175179,0.5921561285984239,0.420682525624648,0.272120479640993
0.6252947470980171,0.8197111306940241,0.8893127865350241,0.9366209267788209,0.973568114702605,1.0,0.98013638972426,0.966836709258457,0.9501513656991459,0.940270219575591,0.928891934535061,0.915654654459874,0.904678034301264,0.894344573629965,0.884856882520413,0.871598992497822,0.855062030719929,0.8387479949205842,0.830192625709102,0.8251752500095201,0.807622126795049,0.8004626140114971,0.790340345835888,0.7891820446202199,0.772933066569662,0.753308966077318,0.742006749187229,0.71359462082038,0.6869787668714051,0.6113016632887149,0.44031554238969495,0.286177734045408
0.6266730989609389,0.7989301966976899,0.8655307297264839,0.9168633253708671,0.954267313846002,0.98013638972426,1.0,0.9855101108691791,0.9688089715101421,0.9581747684156551,0.9480205884057459,0.933445297183475,0.9220933661395441,0.910399544265135,0.899358909350258,0.885080282573009,0.867422002091143,0.853506702658895,0.844087674499529,0.8395120642341751,0.822210598352188,0.815658755646946,0.8041958389801659,0.804721924295,0.7905065639411191,0.7704751232133821,0.760650381985178,0.732659638166665,0.704212458400874,0.628767702339146,0.452562796199469,0.289520007247753
0.618324032747545,0.7904805932643729,0.856213526228403,0.905684126413301,0.941663107464877,0.966836709258457,0.9855101108691791,1.0,0.9870084307122131,0.974486270898425,0.96361457316117,0.9478480202841779,0.934915619441662,0.9222614934310229,0.9094350937485841,0.895925413315069,0.878577571423317,0.8663187170215692,0.855514202318812,0.851609732157737,0.836598211121589,0.8290746866111659,0.8186271402099341,0.8170815213371692,0.8028277757246071,0.7826117991595541,0.770892792850939,0.7433192577130819,0.7150604166426151,0.6411527954445501,0.461034141820646,0.300390803294826
0.6067630964915319,0.776973974957126,0.843254956464729,0.891051871211378,0.9253448613634799,0.9501513656991459,0.9688089715101421,0.9870084307122131,1.0,0.987387738803061,0.97602591193577,0.9598025641811341,0.946345282415549,0.932415275378812,0.9188098091473108,0.9026630720933471,0.886175125343068,0.873869720486673,0.863114623229848,0.8592620197477869,0.846467607062352,0.8391436319143539,0.829077091225588,0.826015127544972,0.812654547593624,0.7921494197241551,0.7810103801482099,0.7541121852233441,0.726025402122541,0.649459537210867,0.46522621680875204,0.29527122474981504
0.5918068177402249,0.76876441061032,0.832090204148457,0.880746414480039,0.9167874785000301,0.940270219575591,0.9581747684156551,0.974486270898425,0.987387738803061,1.0,0.989495346271842,0.972085169933131,0.958100920304355,0.9434811552221851,0.9304003478678471,0.9142636201713249,0.8975868955013621,0.885897573247729,0.874638627284981,0.870078527891183,0.856206245583822,0.850011442062521,0.8416376246521708,0.839445273452729,0.8254673901040059,0.804701617533755,0.794186843449575,0.7690188132578578,0.741031528433797,0.6598274917242579,0.479034031151466,0.305464707020799
0.589373463349561,0.756313546587132,0.81792356923482,0.867131989897188,0.9053052290788199,0.928891934535061,0.9480205884057459,0.96361457316117,0.97602591193577,0.989495346271842,1.0,0.9859387238898009,0.972825791240187,0.9576703659968521,0.9428274836155671,0.9265227432311709,0.909828163151655,0.89698304765535,0.8841096942801149,0.879897772797402,0.866240004052701,0.860012112008022,0.8509950272697379,0.8473795603426391,0.8343823953638421,0.814370172211343,0.803324933579621,0.778558064553365,0.750374111122846,0.665214638708625,0.4841853746673,0.307507414293666
0.5768835669122371,0.746162407606116,0.8087919280646579,0.854542852183429,0.894227863802456,0.915654654459874,0.933445297183475,0.9478480202841779,0.9598025641811341,0.972085169933131,0.9859387238898009,1.0,0.9878812432053141,0.9721607120538021,0.9559529082911421,0.937076189799803,0.9198003704777551,0.9082510695787209,0.895183536025441,0.889103838402542,0.8760473484687091,0.8688022038872859,0.8600577740741949,0.8554633284300821,0.84220752996629,0.8209392525948951,0.81087034971758,0.786657911497305,0.758824044253564,0.672469420164775,0.4919717128552821,0.31670263956539696
0.562288636931688,0.734374355894459,0.7950726762507209,0.8413103919063001,0.882363122781015,0.904678034301264,0.9220933661395441,0.934915619441662,0.946345282415549,0.958100920304355,0.972825791240187,0.9878812432053141,1.0,0.989441650390705,0.9742947751742091,0.9560227879046149,0.9391326242436129,0.926321899496478,0.913448537499256,0.907065130959235,0.894905440011965,0.8878328634351991,0.8796766089290892,0.876174352783361,0.8642098893330759,0.84575579360242,0.834098885891975,0.8096958402959409,0.7839146236550241,0.6945512082237889,0.5274414861116721,0.343919340577029
0.5547396631307709,0.7241701046167449,0.78517960983952,0.8312118960174091,0.8728725970165441,0.894344573629965,0.910399544265135,0.9222614934310229,0.932415275378812,0.9434811552221851,0.9576703659968521,0.9721607120538021,0.989441650390705,1.0,0.9888339847039309,0.972739448974291,0.956941500778057,0.941939650064487,0.928563851837432,0.9211609323465779,0.907844961152077,0.9005097349479929,0.892717982450451,0.890976596478006,0.8789152004881958,0.8604840445345451,0.84909189869165,0.8264733743768059,0.800281241892841,0.71013784104322,0.55069157200899,0.36111265424784994
0.5427838461211121,0.718399937459966,0.776051603410177,0.8201344707238192,0.86208504683449,0.884856882520413,0.899358909350258,0.9094350937485841,0.9188098091473108,0.9304003478678471,0.9428274836155671,0.9559529082911421,0.9742947751742091,0.9888339847039309,1.0,0.9872510911715491,0.971619718807537,0.955982863784543,0.9422875092128878,0.9351595206308191,0.922391296412425,0.913973922321098,0.905674872563861,0.903325502822899,0.8918201511090408,0.8727132876387359,0.860858275393098,0.8378513146156541,0.814097132178514,0.7232332181924158,0.568830828423452,0.378678114948536
0.529423087347162,0.7067891713298521,0.7648277634232259,0.808221662213845,0.849110991141659,0.871598992497822,0.885080282573009,0.895925413315069,0.9026630720933471,0.9142636201713249,0.9265227432311709,0.937076189799803,0.9560227879046149,0.972739448974291,0.9872510911715491,1.0,0.989509659410927,0.9753962392575641,0.9619717037841301,0.953260429076888,0.940192168334783,0.930646966145817,0.9207178407312622,0.9149314700201351,0.9025824449033121,0.883867989509539,0.8710603425594449,0.8480027340426322,0.820058783327121,0.7317933448544108,0.577874994290309,0.387840430113146
0.5234562645602311,0.694023600472831,0.752782652857355,0.7924329051224391,0.832597004249675,0.855062030719929,0.867422002091143,0.878577571423317,0.886175125343068,0.8975868955013621,0.909828163151655,0.9198003704777551,0.9391326242436129,0.956941500778057,0.971619718807537,0.989509659410927,1.0,0.98843708601074,0.974373626949282,0.9655375915988811,0.9513407607265509,0.940984147884152,0.9307162421826499,0.9244567645034,0.9118319467096841,0.8917516513464129,0.877183481736205,0.853636652110708,0.8248962303239742,0.740921820114083,0.584024901875023,0.40046237166052
0.5065395954704041,0.677482160309094,0.7387195072912571,0.7772057795789631,0.8166851090100409,0.8387479949205842,0.853506702658895,0.8663187170215692,0.873869720486673,0.885897573247729,0.89698304765535,0.9082510695787209,0.926321899496478,0.941939650064487,0.955982863784543,0.9753962392575641,0.98843708601074,1.0,0.9881249620513142,0.977279740564234,0.962758825334598,0.952695744584732,0.9423971557999599,0.9348462581678979,0.9206397197760992,0.9005752403990941,0.885743433476726,0.8602620821466741,0.829958573495425,0.74416790182172,0.584670938383067,0.41961313514305604
0.489637118967382,0.663127481440329,0.7260838925209642,0.7649214782505941,0.8064870375631009,0.830192625709102,0.844087674499529,0.855514202318812,0.863114623229848,0.874638627284981,0.8841096942801149,0.895183536025441,0.913448537499256,0.928563851837432,0.9422875092128878,0.9619717037841301,0.974373626949282,0.9881249620513142,1.0,0.9909968307940359,0.977750308166177,0.9674136269076758,0.956627157491173,0.9468071277744742,0.931487608690359,0.91099948741835,0.8960638042220959,0.870530583233996,0.841220130428592,0.758374047450479,0.607010978042684,0.429922683130087
0.487565677569824,0.6601599579089361,0.722551344825139,0.7603840447768159,0.8009295333457421,0.8251752500095201,0.8395120642341751,0.851609732157737,0.8592620197477869,0.870078527891183,0.879897772797402,0.889103838402542,0.907065130959235,0.9211609323465779,0.9351595206308191,0.953260429076888,0.9655375915988811,0.977279740564234,0.9909968307940359,1.0,0.987442417423815,0.9770505440429319,0.964753247388403,0.953259893369099,0.9391065504146721,0.9198783939441891,0.904952587200208,0.8806410537145271,0.850993396681238,0.77123518256481,0.619604258736673,0.436788327670673
0.47835211240486203,0.649277691259611,0.7070503356908359,0.7450914902798149,0.7844332226686551,0.807622126795049,0.822210598352188,0.836598211121589,0.846467607062352,0.856206245583822,0.866240004052701,0.8760473484687091,0.894905440011965,0.907844961152077,0.922391296412425,0.940192168334783,0.9513407607265509,0.962758825334598,0.977750308166177,0.987442417423815,1.0,0.9904611597180579,0.9776795968429549,0.964213746544655,0.9495430823174891,0.931523971439178,0.915074973594419,0.8897646032053779,0.8577637204254029,0.7810377282869839,0.623050656566119,0.434236862573704
0.470591622645386,0.644513679495886,0.7017398183851279,0.739686215960798,0.7777992852812429,0.8004626140114971,0.815658755646946,0.8290746866111659,0.8391436319143539,0.850011442062521,0.860012112008022,0.8688022038872859,0.8878328634351991,0.9005097349479929,0.913973922321098,0.930646966145817,0.940984147884152,0.952695744584732,0.9674136269076758,0.9770505440429319,0.9904611597180579,1.0,0.989320351034271,0.973508847363362,0.958840770238116,0.941238835901192,0.9251132929590409,0.900884336280179,0.8667037553807059,0.7872463159193571,0.6219964321360091,0.43420870499805897
0.46829697218877203,0.6369666051642221,0.6954836316985141,0.731186963477383,0.7685945093293409,0.790340345835888,0.8041958389801659,0.8186271402099341,0.829077091225588,0.8416376246521708,0.8509950272697379,0.8600577740741949,0.8796766089290892,0.892717982450451,0.905674872563861,0.9207178407312622,0.9307162421826499,0.9423971557999599,0.956627157491173,0.964753247388403,0.9776795968429549,0.989320351034271,1.0,0.984511347070194,0.968092583686475,0.9506934721079041,0.9328493770952049,0.9089788780447121,0.873549630526507,0.793385620141659,0.622383949310916,0.43522072254742294
0.4659370917768521,0.634352599533357,0.68946185416469,0.7240076636827301,0.7652612845435579,0.7891820446202199,0.804721924295,0.8170815213371692,0.826015127544972,0.839445273452729,0.8473795603426391,0.8554633284300821,0.876174352783361,0.890976596478006,0.903325502822899,0.9149314700201351,0.9244567645034,0.9348462581678979,0.9468071277744742,0.953259893369099,0.964213746544655,0.973508847363362,0.984511347070194,1.0,0.9850346848952429,0.9659648503017301,0.9508149145903679,0.9288096147762092,0.890322228287728,0.81235269897625,0.6352086754255799,0.44333357387161104
0.462154045482521,0.623919780674542,0.674672268519806,0.712214991127619,0.7493699162925,0.772933066569662,0.7905065639411191,0.8028277757246071,0.812654547593624,0.8254673901040059,0.8343823953638421,0.84220752996629,0.8642098893330759,0.8789152004881958,0.8918201511090408,0.9025824449033121,0.9118319467096841,0.9206397197760992,0.931487608690359,0.9391065504146721,0.9495430823174891,0.958840770238116,0.968092583686475,0.9850346848952429,1.0,0.985920189195587,0.970205799394067,0.945795790174587,0.9087775341461719,0.8349278979894409,0.651847664102107,0.46098813421631396
0.44283275670367206,0.604688262790095,0.6575287533789129,0.6958323019077541,0.7304729292533471,0.753308966077318,0.7704751232133821,0.7826117991595541,0.7921494197241551,0.804701617533755,0.814370172211343,0.8209392525948951,0.84575579360242,0.8604840445345451,0.8727132876387359,0.883867989509539,0.8917516513464129,0.9005752403990941,0.91099948741835,0.9198783939441891,0.931523971439178,0.941238835901192,0.9506934721079041,0.9659648503017301,0.985920189195587,1.0,0.9837736957319241,0.96006318452788,0.927352119349801,0.8600999962251759,0.682199938508642,0.476316142702111
0.433669054387431,0.598815368338635,0.650935038172338,0.685737572717077,0.7215328540218661,0.742006749187229,0.760650381985178,0.770892792850939,0.7810103801482099,0.794186843449575,0.803324933579621,0.81087034971758,0.834098885891975,0.84909189869165,0.860858275393098,0.8710603425594449,0.877183481736205,0.885743433476726,0.8960638042220959,0.904952587200208,0.915074973594419,0.9251132929590409,0.9328493770952049,0.9508149145903679,0.970205799394067,0.9837736957319241,1.0,0.976652222845553,0.9404116230703791,0.872593376748904,0.689499045331857,0.472062518407445
0.41044596838893704,0.5699735247697061,0.6230979536450479,0.6580178141785389,0.6936267761268822,0.71359462082038,0.732659638166665,0.7433192577130819,0.7541121852233441,0.7690188132578578,0.778558064553365,0.786657911497305,0.8096958402959409,0.8264733743768059,0.8378513146156541,0.8480027340426322,0.853636652110708,0.8602620821466741,0.870530583233996,0.8806410537145271,0.8897646032053779,0.900884336280179,0.9089788780447121,0.9288096147762092,0.945795790174587,0.96006318452788,0.976652222845553,1.0,0.9693488704322809,0.903960831182934,0.7159664892342529,0.48724435595004295
0.39946093426013396,0.554399793968829,0.601404223060079,0.635595027563894,0.6701520573175179,0.6869787668714051,0.704212458400874,0.7150604166426151,0.726025402122541,0.741031528433797,0.750374111122846,0.758824044253564,0.7839146236550241,0.800281241892841,0.814097132178514,0.820058783327121,0.8248962303239742,0.829958573495425,0.841220130428592,0.850993396681238,0.8577637204254029,0.8667037553807059,0.873549630526507,0.890322228287728,0.9087775341461719,0.927352119349801,0.9404116230703791,0.9693488704322809,1.0,0.9382659403266249,0.7679672402839941,0.537052631465445
0.351292259906457,0.491703849325459,0.531105694585924,0.5666926772655239,0.5921561285984239,0.6113016632887149,0.628767702339146,0.6411527954445501,0.649459537210867,0.6598274917242579,0.665214638708625,0.672469420164775,0.6945512082237889,0.71013784104322,0.7232332181924158,0.7317933448544108,0.740921820114083,0.74416790182172,0.758374047450479,0.77123518256481,0.7810377282869839,0.7872463159193571,0.793385620141659,0.81235269897625,0.8349278979894409,0.8600999962251759,0.872593376748904,0.903960831182934,0.9382659403266249,1.0,0.8259155704814171,0.56043979929207
0.22921848745603,0.3428378556434619,0.36575383215945795,0.39679550058491797,0.420682525624648,0.44031554238969495,0.452562796199469,0.461034141820646,0.46522621680875204,0.479034031151466,0.4841853746673,0.4919717128552821,0.5274414861116721,0.55069157200899,0.568830828423452,0.577874994290309,0.584024901875023,0.584670938383067,0.607010978042684,0.619604258736673,0.623050656566119,0.6219964321360091,0.622383949310916,0.6352086754255799,0.651847664102107,0.682199938508642,0.689499045331857,0.7159664892342529,0.7679672402839941,0.8259155704814171,1.0,0.644301668489724
0.13463918098754102,0.222121589968326,0.24488855292551504,0.266256031983863,0.272120479640993,0.286177734045408,0.289520007247753,0.300390803294826,0.29527122474981504,0.305464707020799,0.307507414293666,0.31670263956539696,0.343919340577029,0.36111265424784994,0.378678114948536,0.387840430113146,0.40046237166052,0.41961313514305604,0.429922683130087,0.436788327670673,0.434236862573704,0.43420870499805897,0.43522072254742294,0.44333357387161104,0.46098813421631396,0.476316142702111,0.472062518407445,0.48724435595004295,0.537052631465445,0.56043979929207,0.644301668489724,1.0
