1,0.819694525402756,0.730315766745053,0.666121651850678,0.6061859437939,0.553181615822938,0.502890862410535,0.441117009830894,0.41774197298771,0.385108297678276,0.32604466751321,0.286338953480699,0.250686448296888,0.220482605420205,0.166684939508975,0.113839862273221,0.0648176438768094,0.00869788200244771,-0.0477018560135069,-0.0945703973683745,-0.1369092766942,-0.186886935930428,-0.217717838491244,-0.241646795084672,-0.260364682055805,-0.298828491493512,-0.219707390019755,-0.119519458678488,-0.0937935559396642,-0.0968277074929871,-0.0993949179451529,-0.119010387064033
0.819694525402756,1,0.908271798898416,0.850509825078216,0.793296015968203,0.749559182273111,0.707115166111281,0.653937106933743,0.634045990720283,0.598286387101242,0.52877584401339,0.490466717336745,0.451424712549418,0.416854900220821,0.36165662169431,0.306129315527724,0.25129044887114,0.18697881884193,0.125054889749103,0.067710810855088,0.0124561000227583,-0.0600601632040082,-0.0942178871846014,-0.126059402826978,-0.157329286538184,-0.222400680711408,-0.176674726899102,-0.132893463755256,-0.122769497820725,-0.129263658522658,-0.133442958954388,-0.122618400632206
0.730315766745053,0.908271798898416,1,0.949050218847841,0.911858047085975,0.869208158537954,0.823960851705877,0.774269497202781,0.753832459366137,0.720834337326986,0.663944115837075,0.623911507948124,0.585033906682701,0.548948356968387,0.50619313658628,0.451139344810514,0.394050757908781,0.32304698741426,0.256023933369066,0.195260436965464,0.134430426045314,0.0794344985331578,0.0377931836042292,-0.00456714967732509,-0.0462660180269492,-0.127829252285567,-0.103617686259444,-0.110223680765053,-0.116140550951381,-0.120755009650282,-0.118111811541132,-0.114456718641924
0.666121651850678,0.850509825078216,0.949050218847841,1,0.965356925223029,0.929520791617914,0.889478180762317,0.843378125211831,0.823691743709985,0.791825736859575,0.739373268253835,0.704085416422183,0.671883823750125,0.635589869077489,0.595192956981962,0.541067219367668,0.485543475608536,0.417879199639571,0.350563520582875,0.291433335739998,0.229551207293189,0.175864830245837,0.133661307121783,0.0963175243960221,0.0444349673063999,-0.040031495183611,-0.0414860238513995,-0.0871847235906929,-0.103835012352573,-0.116850939083022,-0.107993728633803,-0.0974246058415427
0.6061859437939,0.793296015968203,0.911858047085975,0.965356925223029,1,0.976002909074945,0.943676764357133,0.906993798858783,0.887750754654484,0.855132426709995,0.809158805723615,0.776275852716591,0.745294133048817,0.712342743386286,0.67343551117252,0.624957046253645,0.573272247577,0.50791538632541,0.443092522311151,0.384117153550565,0.319212741380247,0.269426904492647,0.225231406525583,0.182758374590088,0.125690649975693,0.0362308921990065,0.0207060228144092,-0.0553367110237057,-0.0875541151411226,-0.0958439666868243,-0.0909251502183298,-0.104061054552651
0.553181615822938,0.749559182273111,0.869208158537954,0.929520791617914,0.976002909074945,1,0.97770743881191,0.948309869181308,0.927573979727677,0.896170935002305,0.857577534922673,0.825667784811443,0.79674410332609,0.765386383815871,0.729454596273921,0.685344072697283,0.635472757340583,0.575126021370428,0.512596652224566,0.457511924250456,0.396953914384549,0.347304294969265,0.303987689188319,0.259866025583217,0.199834550089566,0.107900235667649,0.0745391618691111,-0.030756763282925,-0.0696743459344558,-0.0751046142644694,-0.0660846055871125,-0.0828573803957253
0.502890862410535,0.707115166111281,0.823960851705877,0.889478180762317,0.943676764357133,0.97770743881191,1,0.978940462645296,0.96013524118615,0.935074910202486,0.901347332252404,0.872993316853103,0.846913144361396,0.820595873780631,0.78596014022341,0.745198085941755,0.700888624117636,0.643690702314753,0.582740682312224,0.531477807844796,0.472489848244208,0.42227859172886,0.378875044953498,0.335195535179792,0.271831641199072,0.178086424860255,0.124168429977805,-0.0027991139197111,-0.0492226624547839,-0.0427924250892331,-0.0376374535300433,-0.054594341905248
0.441117009830894,0.653937106933743,0.774269497202781,0.843378125211831,0.906993798858783,0.948309869181308,0.978940462645296,1,0.984583748849482,0.962916525772373,0.934070411201788,0.912857261984555,0.888616762722608,0.867348280793777,0.836045515831991,0.800480752663821,0.76171875193173,0.711052003242723,0.653434557483525,0.604544790848552,0.546377668165833,0.498153753420646,0.453620473328961,0.409540643689039,0.344131623166304,0.247366927685196,0.177809910343764,0.0326992510482714,-0.019340885198577,-0.0112503050433427,-0.00699077329031876,-0.0298864333408441
0.41774197298771,0.634045990720283,0.753832459366137,0.823691743709985,0.887750754654484,0.927573979727677,0.96013524118615,0.984583748849482,1,0.984101804074469,0.957147734820175,0.93719103135891,0.91486614432525,0.894829149185721,0.863002175166019,0.827740323659853,0.788750426443873,0.740502734777438,0.68677133398059,0.638881482232669,0.582129882543706,0.533665188231817,0.49271595955563,0.448536405772095,0.384140540352488,0.289310709905211,0.216364062636815,0.066440640813978,0.0216618167956357,0.0255564898261261,0.0185910203661159,-0.00439571326325059
0.385108297678276,0.598286387101242,0.720834337326986,0.791825736859575,0.855132426709995,0.896170935002305,0.935074910202486,0.962916525772373,0.984101804074469,1,0.981510886672954,0.96328231864469,0.943940052669154,0.926139169914035,0.897305773564476,0.864494030414588,0.830468433652899,0.785463173908122,0.735896336494662,0.690758681805453,0.636818336948014,0.587679806972343,0.548813826202439,0.506605079449771,0.445680880633587,0.348972387431948,0.265488050136071,0.109172224136459,0.0748248610750714,0.073905497136339,0.0555627966923659,0.0333377627457121
0.32604466751321,0.52877584401339,0.663944115837075,0.739373268253835,0.809158805723615,0.857577534922673,0.901347332252404,0.934070411201788,0.957147734820175,0.981510886672954,1,0.983948370978184,0.96842652646964,0.950297919866993,0.92584992612877,0.895883775218377,0.865051267646569,0.824962093086561,0.779023539880408,0.738604432334004,0.686018565671375,0.641932669147148,0.605943614315096,0.566149715989122,0.506113160316515,0.412975128972314,0.32189071607654,0.155513346857748,0.115425529872195,0.11681371906562,0.091843827467205,0.063663356485186
0.286338953480699,0.490466717336745,0.623911507948124,0.704085416422183,0.776275852716591,0.825667784811443,0.872993316853103,0.912857261984555,0.93719103135891,0.96328231864469,0.983948370978184,1,0.986723461857249,0.970690241664729,0.948941583070049,0.922519494405048,0.892784890247604,0.858885949621173,0.818851695187147,0.780934356746342,0.730018240333297,0.688820765790686,0.654887607259826,0.615397599939476,0.554919835681273,0.464291373781022,0.365149595997744,0.190052940167016,0.139353399369662,0.141991310326593,0.123134101055166,0.0924916539269449
0.250686448296888,0.451424712549418,0.585033906682701,0.671883823750125,0.745294133048817,0.79674410332609,0.846913144361396,0.888616762722608,0.91486614432525,0.943940052669154,0.96842652646964,0.986723461857249,1,0.987430109274447,0.966547420535372,0.943318251892466,0.915331514457537,0.882610017648799,0.844902051152018,0.809526349853298,0.761221987473331,0.719342567243506,0.688065602016457,0.652126162443415,0.593141241484708,0.505550734974191,0.405058617614181,0.223756146167762,0.169570808082996,0.173383347161022,0.156236472098462,0.118414199086092
0.220482605420205,0.416854900220821,0.548948356968387,0.635589869077489,0.712342743386286,0.765386383815871,0.820595873780631,0.867348280793777,0.894829149185721,0.926139169914035,0.950297919866993,0.970690241664729,0.987430109274447,1,0.984388907280061,0.965184978235747,0.941055931942836,0.909340776019352,0.874083742912666,0.840989281631404,0.796797824975007,0.755326956058394,0.726406177473467,0.69212895823545,0.635547970836074,0.546196744988558,0.445577421753585,0.25655024218144,0.193392997731176,0.201311686170622,0.180960544222135,0.135041206854019
0.166684939508975,0.36165662169431,0.50619313658628,0.595192956981962,0.67343551117252,0.729454596273921,0.78596014022341,0.836045515831991,0.863002175166019,0.897305773564476,0.92584992612877,0.948941583070049,0.966547420535372,0.984388907280061,1,0.986419299648864,0.965763664108622,0.937502046472964,0.905174846977086,0.875325054159085,0.83651451914814,0.801659519900319,0.773188456812919,0.739996489561959,0.682482520382094,0.593161636597158,0.481246846704417,0.279418698214205,0.217378851976868,0.218531557346744,0.193274955983078,0.146084875980607
0.113839862273221,0.306129315527724,0.451139344810514,0.541067219367668,0.624957046253645,0.685344072697283,0.745198085941755,0.800480752663821,0.827740323659853,0.864494030414588,0.895883775218377,0.922519494405048,0.943318251892466,0.965184978235747,0.986419299648864,1,0.986909556915671,0.962389067947393,0.935890319830542,0.908574444156806,0.874371610519392,0.841058982249025,0.814230210799367,0.781631285307606,0.724724293311298,0.637226644941454,0.518659601698416,0.304354006610752,0.238105820727595,0.239070940101527,0.216090195566303,0.161362797080141
0.0648176438768094,0.25129044887114,0.394050757908781,0.485543475608536,0.573272247577,0.635472757340583,0.700888624117636,0.76171875193173,0.788750426443873,0.830468433652899,0.865051267646569,0.892784890247604,0.915331514457537,0.941055931942836,0.965763664108622,0.986909556915671,1,0.983787773490742,0.960278517447271,0.936694291720079,0.910732234661886,0.878760587988772,0.853368328525203,0.823305413820368,0.768144512621447,0.68225920055932,0.560880152029195,0.340018474324235,0.260472261896108,0.263944952332305,0.246599337292193,0.18817380462832
0.00869788200244771,0.18697881884193,0.32304698741426,0.417879199639571,0.50791538632541,0.575126021370428,0.643690702314753,0.711052003242723,0.740502734777438,0.785463173908122,0.824962093086561,0.858885949621173,0.882610017648799,0.909340776019352,0.937502046472964,0.962389067947393,0.983787773490742,1,0.984912691467139,0.966176149009324,0.945510437363278,0.91809148462936,0.895108605239353,0.867038747291394,0.813713014403191,0.733502048092906,0.602323882236841,0.38518431900378,0.309330262945314,0.316898335046206,0.291776681576055,0.225789182495414
-0.0477018560135069,0.125054889749103,0.256023933369066,0.350563520582875,0.443092522311151,0.512596652224566,0.582740682312224,0.653434557483525,0.68677133398059,0.735896336494662,0.779023539880408,0.818851695187147,0.844902051152018,0.874083742912666,0.905174846977086,0.935890319830542,0.960278517447271,0.984912691467139,1,0.988429481456508,0.968422068240553,0.945066220980437,0.925290822949793,0.89991113523066,0.848170168847505,0.774414361514996,0.637503175438775,0.41246312488931,0.332478745342507,0.343829408995746,0.313981746509383,0.249230659821475
-0.0945703973683745,0.067710810855088,0.195260436965464,0.291433335739998,0.384117153550565,0.457511924250456,0.531477807844796,0.604544790848552,0.638881482232669,0.690758681805453,0.738604432334004,0.780934356746342,0.809526349853298,0.840989281631404,0.875325054159085,0.908574444156806,0.936694291720079,0.966176149009324,0.988429481456508,1,0.985765529060119,0.967043432186545,0.949833603651019,0.927244545046835,0.880909875597325,0.814620925775997,0.672509108789989,0.435033919959623,0.34442555078959,0.357477499133933,0.326699210676216,0.264823556924826
-0.1369092766942,0.0124561000227583,0.134430426045314,0.229551207293189,0.319212741380247,0.396953914384549,0.472489848244208,0.546377668165833,0.582129882543706,0.636818336948014,0.686018565671375,0.730018240333297,0.761221987473331,0.796797824975007,0.83651451914814,0.874371610519392,0.910732234661886,0.945510437363278,0.968422068240553,0.985765529060119,1,0.984438182880966,0.9695089484261,0.950097460734263,0.909182591475856,0.846934040887593,0.703047499845355,0.463674219789862,0.371688923170786,0.386076477605083,0.35949518522481,0.295954542720575
-0.186886935930428,-0.0600601632040082,0.0794344985331578,0.175864830245837,0.269426904492647,0.347304294969265,0.42227859172886,0.498153753420646,0.533665188231817,0.587679806972343,0.641932669147148,0.688820765790686,0.719342567243506,0.755326956058394,0.801659519900319,0.841058982249025,0.878760587988772,0.91809148462936,0.945066220980437,0.967043432186545,0.984438182880966,1,0.987011700914115,0.96803947074511,0.928249272220849,0.873012977036854,0.726216415052095,0.480004798324857,0.383824682985943,0.401696955620526,0.370665265426366,0.304255541258082
-0.217717838491244,-0.0942178871846014,0.0377931836042292,0.133661307121783,0.225231406525583,0.303987689188319,0.378875044953498,0.453620473328961,0.49271595955563,0.548813826202439,0.605943614315096,0.654887607259826,0.688065602016457,0.726406177473467,0.773188456812919,0.814230210799367,0.853368328525203,0.895108605239353,0.925290822949793,0.949833603651019,0.9695089484261,0.987011700914115,1,0.985056598173378,0.950004429746715,0.897718989787107,0.762705291652589,0.519730229369511,0.412952733063811,0.428502744025565,0.386854810179602,0.323557258584222
-0.241646795084672,-0.126059402826978,-0.00456714967732509,0.0963175243960221,0.182758374590088,0.259866025583217,0.335195535179792,0.409540643689039,0.448536405772095,0.506605079449771,0.566149715989122,0.615397599939476,0.652126162443415,0.69212895823545,0.739996489561959,0.781631285307606,0.823305413820368,0.867038747291394,0.89991113523066,0.927244545046835,0.950097460734263,0.96803947074511,0.985056598173378,1,0.972488292701554,0.928502110186046,0.792765048099255,0.548175871507758,0.437913435059015,0.452428474818338,0.413828285803887,0.347548703190815
-0.260364682055805,-0.157329286538184,-0.0462660180269492,0.0444349673063999,0.125690649975693,0.199834550089566,0.271831641199072,0.344131623166304,0.384140540352488,0.445680880633587,0.506113160316515,0.554919835681273,0.593141241484708,0.635547970836074,0.682482520382094,0.724724293311298,0.768144512621447,0.813713014403191,0.848170168847505,0.880909875597325,0.909182591475856,0.928249272220849,0.950004429746715,0.972488292701554,1,0.969016670085266,0.857967176296758,0.61818056300043,0.487026155573223,0.492678216132365,0.455165952957384,0.401113333174274
-0.298828491493512,-0.222400680711408,-0.127829252285567,-0.040031495183611,0.0362308921990065,0.107900235667649,0.178086424860255,0.247366927685196,0.289310709905211,0.348972387431948,0.412975128972314,0.464291373781022,0.505550734974191,0.546196744988558,0.593161636597158,0.637226644941454,0.68225920055932,0.733502048092906,0.774414361514996,0.814620925775997,0.846934040887593,0.873012977036854,0.897718989787107,0.928502110186046,0.969016670085266,1,0.901992357598896,0.658572070365093,0.512908497151282,0.518783239533396,0.48315685520308,0.413879771348959
-0.219707390019755,-0.176674726899102,-0.103617686259444,-0.0414860238513995,0.0207060228144092,0.0745391618691111,0.124168429977805,0.177809910343764,0.216364062636815,0.265488050136071,0.32189071607654,0.365149595997744,0.405058617614181,0.445577421753585,0.481246846704417,0.518659601698416,0.560880152029195,0.602323882236841,0.637503175438775,0.672509108789989,0.703047499845355,0.726216415052095,0.762705291652589,0.792765048099255,0.857967176296758,0.901992357598896,1,0.810651492038304,0.601857472796095,0.58207954473084,0.51558011154425,0.43036308870808
-0.119519458678488,-0.132893463755256,-0.110223680765053,-0.0871847235906929,-0.0553367110237057,-0.030756763282925,-0.0027991139197111,0.0326992510482714,0.066440640813978,0.109172224136459,0.155513346857748,0.190052940167016,0.223756146167762,0.25655024218144,0.279418698214205,0.304354006610752,0.340018474324235,0.38518431900378,0.41246312488931,0.435033919959623,0.463674219789862,0.480004798324857,0.519730229369511,0.548175871507758,0.61818056300043,0.658572070365093,0.810651492038304,1,0.828303681919653,0.725310179344424,0.60488026165164,0.450215022677099
-0.0937935559396642,-0.122769497820725,-0.116140550951381,-0.103835012352573,-0.0875541151411226,-0.0696743459344558,-0.0492226624547839,-0.019340885198577,0.0216618167956357,0.0748248610750714,0.115425529872195,0.139353399369662,0.169570808082996,0.193392997731176,0.217378851976868,0.238105820727595,0.260472261896108,0.309330262945314,0.332478745342507,0.34442555078959,0.371688923170786,0.383824682985943,0.412952733063811,0.437913435059015,0.487026155573223,0.512908497151282,0.601857472796095,0.828303681919653,1,0.856646882815331,0.660551731644058,0.437940166776794
-0.0968277074929871,-0.129263658522658,-0.120755009650282,-0.116850939083022,-0.0958439666868243,-0.0751046142644694,-0.0427924250892331,-0.0112503050433427,0.0255564898261261,0.073905497136339,0.11681371906562,0.141991310326593,0.173383347161022,0.201311686170622,0.218531557346744,0.239070940101527,0.263944952332305,0.316898335046206,0.343829408995746,0.357477499133933,0.386076477605083,0.401696955620526,0.428502744025565,0.452428474818338,0.492678216132365,0.518783239533396,0.58207954473084,0.725310179344424,0.856646882815331,1,0.806084832522043,0.536420447629913
-0.0993949179451529,-0.133442958954388,-0.118111811541132,-0.107993728633803,-0.0909251502183298,-0.0660846055871125,-0.0376374535300433,-0.00699077329031876,0.0185910203661159,0.0555627966923659,0.091843827467205,0.123134101055166,0.156236472098462,0.180960544222135,0.193274955983078,0.216090195566303,0.246599337292193,0.291776681576055,0.313981746509383,0.326699210676216,0.35949518522481,0.370665265426366,0.386854810179602,0.413828285803887,0.455165952957384,0.48315685520308,0.51558011154425,0.60488026165164,0.660551731644058,0.806084832522043,1,0.731894663049824
-0.119010387064033,-0.122618400632206,-0.114456718641924,-0.0974246058415427,-0.104061054552651,-0.0828573803957253,-0.054594341905248,-0.0298864333408441,-0.00439571326325059,0.0333377627457121,0.063663356485186,0.0924916539269449,0.118414199086092,0.135041206854019,0.146084875980607,0.161362797080141,0.18817380462832,0.225789182495414,0.249230659821475,0.264823556924826,0.295954542720575,0.304255541258082,0.323557258584222,0.347548703190815,0.401113333174274,0.413879771348959,0.43036308870808,0.450215022677099,0.437940166776794,0.536420447629913,0.731894663049824,1
