1,0.855878416064388,0.79255230170353,0.766023309157581,0.740938628606452,0.705654687850673,0.659121720614773,0.633728118695009,0.612107458062227,0.561246375299018,0.522801940985551,0.478916091784296,0.437253283765743,0.372510748411056,0.336762228793771,0.291063982060179,0.23381055787599,0.175781819287867,0.115582673769234,0.0527920093561524,-0.00713354402414344,-0.0878320747965745,-0.136240881541161,-0.161561447222438,-0.210490421647117,-0.279374414424642,-0.307091101637751,-0.329030658927223,-0.312710420686304,-0.275432987918053,-0.128827613024506,0.0177035721102052
0.855878416064388,1,0.946179485875376,0.908104500085493,0.879226646363695,0.838863200453905,0.790387692069047,0.75742033656126,0.721761701157861,0.676799697703053,0.627911169856217,0.582007712384466,0.536137206135268,0.469735715522325,0.42262948289158,0.366504340797692,0.298764181440172,0.230160286048436,0.150390249766182,0.0858927875506797,0.0122936320657821,-0.068436763304437,-0.119872700845064,-0.160701921663026,-0.214757317769452,-0.27949114773144,-0.303512015386328,-0.337326504893383,-0.32662163554224,-0.28541027362877,-0.167098624932462,0.0213866685212149
0.79255230170353,0.946179485875376,1,0.965176135989767,0.934817164932998,0.904676596035029,0.867407461353551,0.835107286304415,0.798261094687235,0.752238654518375,0.707120830992632,0.665047403681952,0.617215222317091,0.555671285591977,0.509359843061136,0.451563985426031,0.382404611078831,0.308950705237571,0.221343690257635,0.152989748796492,0.0731049304182851,-0.00520805670779257,-0.0560994564751593,-0.101338837307435,-0.160504561285268,-0.228469070235068,-0.258734721961651,-0.295159089881119,-0.289918523856879,-0.247582779636031,-0.130715162155144,0.0109930395703364
0.766023309157581,0.908104500085493,0.965176135989767,1,0.975929446779471,0.950020377888948,0.915648501578206,0.885017880291633,0.854321607606657,0.811395702432199,0.768623789520278,0.726656412566472,0.679118335627473,0.615442991450135,0.561605513444154,0.501446759096648,0.428321410718351,0.355566331384949,0.268827727000825,0.199578311955751,0.119629205587274,0.0424264072205475,-0.0119287986599819,-0.0592247246084197,-0.11918950203614,-0.186936927835739,-0.216291260356745,-0.253108718636125,-0.246121207562713,-0.205206998392633,-0.108961482057753,0.0176131702310733
0.740938628606452,0.879226646363695,0.934817164932998,0.975929446779471,1,0.977447791334203,0.943884522546023,0.916880293135363,0.888453622609862,0.847861764915398,0.809729159814666,0.767474798346782,0.719857683627665,0.6589975187362,0.602583500039127,0.544404552234361,0.470089424105529,0.398493114999181,0.30939213784412,0.241563815140108,0.161861655342369,0.0823940535569374,0.0241396747536232,-0.0209198988790608,-0.0814618413446808,-0.151989934114894,-0.18765285829749,-0.226894299381384,-0.222441451591786,-0.184020740132948,-0.0841441053257389,0.0239563581671045
0.705654687850673,0.838863200453905,0.904676596035029,0.950020377888948,0.977447791334203,1,0.978212510695573,0.950815703038152,0.924696829455908,0.887501211817854,0.852457499419739,0.811061035873291,0.765476219923201,0.706440407795813,0.650247567715632,0.595270766425559,0.522600780177438,0.456741033654206,0.36988913445981,0.299925358326708,0.221752715404635,0.141394243188602,0.0813856879653856,0.0359934169310876,-0.0239864953211148,-0.0973455368384007,-0.136930807266118,-0.176752204571636,-0.182219571455359,-0.149730969844977,-0.0756413083026181,0.0287103655054089
0.659121720614773,0.790387692069047,0.867407461353551,0.915648501578206,0.943884522546023,0.978212510695573,1,0.982053444108457,0.958263114513808,0.92711194427064,0.898209923949203,0.858667970565017,0.815695692121378,0.763575712766293,0.711783920224019,0.657661815652189,0.588012593166812,0.524728257970835,0.441606291221275,0.372860853315002,0.292074795876082,0.215166940086483,0.154035932200762,0.107101780109774,0.0475260114151535,-0.0277484256933304,-0.0718397903390333,-0.11518100324826,-0.129468369521693,-0.0999117039597989,-0.0480047279148958,0.0325979778419997
0.633728118695009,0.75742033656126,0.835107286304415,0.885017880291633,0.916880293135363,0.950815703038152,0.982053444108457,1,0.982523068764756,0.954487041076741,0.929291188268238,0.894575909343647,0.854597016253457,0.805191134239254,0.756086273563253,0.703633501058775,0.634028067116813,0.574190808067502,0.496387618663511,0.428652245720697,0.347146832451087,0.268141116943352,0.209774495947728,0.163280486593046,0.104327047798862,0.0265503274664279,-0.0159654033076212,-0.0586419999481644,-0.0727953388440186,-0.0484843553981056,-0.00802717501471156,0.038276038610862
0.612107458062227,0.721761701157861,0.798261094687235,0.854321607606657,0.888453622609862,0.924696829455908,0.958263114513808,0.982523068764756,1,0.979547787222097,0.95483323488202,0.923096325081071,0.883842023870615,0.83536420770394,0.788531373432685,0.73898111587514,0.674194179163212,0.618807446887099,0.544871229069245,0.478707694337928,0.401155003765208,0.325222247689138,0.265545891432041,0.218966316042393,0.161273076105813,0.0810992138495739,0.0400240766446078,-0.0049462118197505,-0.0262348187693727,-0.014002188735983,0.0203467171048927,0.0324110433604771
0.561246375299018,0.676799697703053,0.752238654518375,0.811395702432199,0.847861764915398,0.887501211817854,0.92711194427064,0.954487041076741,0.979547787222097,1,0.97731839421081,0.951971945653064,0.916523597896215,0.876230443983817,0.835355349215794,0.78624567653998,0.721784618953122,0.669064993266299,0.597886618206626,0.535546373558426,0.460841308179805,0.388930634211618,0.329879508804697,0.282563582832637,0.228293472045481,0.150230693985446,0.105531258551777,0.0527941611090656,0.0217701795283145,0.0232326474043989,0.0433345516745187,0.0376241077183257
0.522801940985551,0.627911169856217,0.707120830992632,0.768623789520278,0.809729159814666,0.852457499419739,0.898209923949203,0.929291188268238,0.95483323488202,0.97731839421081,1,0.981759630744115,0.950483524152427,0.916832479668902,0.880703024897614,0.835238877378833,0.776939969477928,0.726442229515193,0.655783806288984,0.59397042314796,0.520627591118708,0.447558476953163,0.393169105809096,0.350570864999518,0.296930226617357,0.215777078145085,0.17018012864639,0.116603476555758,0.0857938801375551,0.0792598517159468,0.067698644750883,0.0465624206596735
0.478916091784296,0.582007712384466,0.665047403681952,0.726656412566472,0.767474798346782,0.811061035873291,0.858667970565017,0.894575909343647,0.923096325081071,0.951971945653064,0.981759630744115,1,0.980455308333094,0.951325811087761,0.916563046057324,0.871876940942942,0.816562835684526,0.769707145902022,0.70166676316828,0.644899771008937,0.578347083862385,0.507082341998073,0.45346055022082,0.413737566869393,0.358742745576085,0.281673966592234,0.235459740483805,0.179011285679279,0.14464677917001,0.127410876820514,0.0901645662434464,0.0647241280980299
0.437253283765743,0.536137206135268,0.617215222317091,0.679118335627473,0.719857683627665,0.765476219923201,0.815695692121378,0.854597016253457,0.883842023870615,0.916523597896215,0.950483524152427,0.980455308333094,1,0.97943176548676,0.948036531309162,0.907940523238786,0.8541308396803,0.807841073608613,0.74525510846749,0.693688792418644,0.63004177635895,0.561521371186709,0.510326222939931,0.472977288283351,0.417760305652945,0.344584463489112,0.297662936112892,0.239121208620272,0.202896184886452,0.169775896842495,0.109873216597616,0.0705252436407149
0.372510748411056,0.469735715522325,0.555671285591977,0.615442991450135,0.6589975187362,0.706440407795813,0.763575712766293,0.805191134239254,0.83536420770394,0.876230443983817,0.916832479668902,0.951325811087761,0.97943176548676,1,0.977911133411827,0.943143186526464,0.894883482961418,0.853063243372138,0.797753196055704,0.751395212877086,0.69053734717905,0.625281514393879,0.577677101857893,0.542418694279355,0.491897898970954,0.419862160433814,0.372847659553864,0.30913292710196,0.265587598883848,0.220567048270892,0.141822858692873,0.086226103827378
0.336762228793771,0.42262948289158,0.509359843061136,0.561605513444154,0.602583500039127,0.650247567715632,0.711783920224019,0.756086273563253,0.788531373432685,0.835355349215794,0.880703024897614,0.916563046057324,0.948036531309162,0.977911133411827,1,0.978882574264228,0.938812276757958,0.901144637800825,0.850650915613449,0.810566114975767,0.756410617629153,0.695688557351941,0.649369717066454,0.613729245796246,0.565816679273042,0.493938633655109,0.443877537469741,0.376093963772215,0.329135391139711,0.277379393059862,0.186380099198864,0.096984498121088
0.291063982060179,0.366504340797692,0.451563985426031,0.501446759096648,0.544404552234361,0.595270766425559,0.657661815652189,0.703633501058775,0.73898111587514,0.78624567653998,0.835238877378833,0.871876940942942,0.907940523238786,0.943143186526464,0.978882574264228,1,0.974074793134706,0.942247402719364,0.899623067550387,0.863975717969643,0.814679916050172,0.755397795183095,0.710513580444798,0.674100799552498,0.629410781865253,0.558057733684194,0.50663368463132,0.440630779837634,0.388987259095185,0.326212268895368,0.214195681628983,0.0992048856363379
0.23381055787599,0.298764181440172,0.382404611078831,0.428321410718351,0.470089424105529,0.522600780177438,0.588012593166812,0.634028067116813,0.674194179163212,0.721784618953122,0.776939969477928,0.816562835684526,0.8541308396803,0.894883482961418,0.938812276757958,0.974074793134706,1,0.97780093176201,0.942521714832934,0.911141330217903,0.865247558687106,0.809795394661157,0.769684652515752,0.73450334323885,0.690065287856258,0.619511143151301,0.568337346683819,0.504451942839222,0.447758333529466,0.371605806420746,0.244426689515545,0.112371664324635
0.175781819287867,0.230160286048436,0.308950705237571,0.355566331384949,0.398493114999181,0.456741033654206,0.524728257970835,0.574190808067502,0.618807446887099,0.669064993266299,0.726442229515193,0.769707145902022,0.807841073608613,0.853063243372138,0.901144637800825,0.942247402719364,0.97780093176201,1,0.977324096366755,0.95147705701394,0.912803058971509,0.861599871337698,0.823500549178811,0.789664242436962,0.748738093660147,0.682495399827563,0.627129527284627,0.56422200154414,0.502929888045679,0.423411982411904,0.28381351021923,0.121084691367779
0.115582673769234,0.150390249766182,0.221343690257635,0.268827727000825,0.30939213784412,0.36988913445981,0.441606291221275,0.496387618663511,0.544871229069245,0.597886618206626,0.655783806288984,0.70166676316828,0.74525510846749,0.797753196055704,0.850650915613449,0.899623067550387,0.942521714832934,0.977324096366755,1,0.983724575195114,0.954012347373951,0.909657613275358,0.878746640724477,0.847617084665947,0.813129829840454,0.751203531616197,0.695087701134684,0.632678921290733,0.567842999887654,0.473278864303868,0.304669581389502,0.12565098014626
0.0527920093561524,0.0858927875506797,0.152989748796492,0.199578311955751,0.241563815140108,0.299925358326708,0.372860853315002,0.428652245720697,0.478707694337928,0.535546373558426,0.59397042314796,0.644899771008937,0.693688792418644,0.751395212877086,0.810566114975767,0.863975717969643,0.911141330217903,0.95147705701394,0.983724575195114,1,0.980318695756433,0.944212061504565,0.917222361093007,0.888292629889642,0.855867163536328,0.798273209593305,0.744133943561734,0.683672785654514,0.616149276188799,0.516043013580997,0.330842877910716,0.135887787213391
-0.00713354402414344,0.0122936320657821,0.0731049304182851,0.119629205587274,0.161861655342369,0.221752715404635,0.292074795876082,0.347146832451087,0.401155003765208,0.460841308179805,0.520627591118708,0.578347083862385,0.63004177635895,0.69053734717905,0.756410617629153,0.814679916050172,0.865247558687106,0.912803058971509,0.954012347373951,0.980318695756433,1,0.976608244157331,0.949588586127256,0.92241291981134,0.893316367936703,0.843903162728061,0.789070007356633,0.729960620136581,0.656389753350334,0.549622565674322,0.35072337280542,0.153709989642053
-0.0878320747965745,-0.068436763304437,-0.00520805670779257,0.0424264072205475,0.0823940535569374,0.141394243188602,0.215166940086483,0.268141116943352,0.325222247689138,0.388930634211618,0.447558476953163,0.507082341998073,0.561521371186709,0.625281514393879,0.695688557351941,0.755397795183095,0.809795394661157,0.861599871337698,0.909657613275358,0.944212061504565,0.976608244157331,1,0.980623461139834,0.956389179785648,0.931823766413999,0.891244813931135,0.838041864477873,0.781719194730618,0.70871608791725,0.588990377972708,0.381371772626068,0.160304837500014
-0.136240881541161,-0.119872700845064,-0.0560994564751593,-0.0119287986599819,0.0241396747536232,0.0813856879653856,0.154035932200762,0.209774495947728,0.265545891432041,0.329879508804697,0.393169105809096,0.45346055022082,0.510326222939931,0.577677101857893,0.649369717066454,0.710513580444798,0.769684652515752,0.823500549178811,0.878746640724477,0.917222361093007,0.949588586127256,0.980623461139834,1,0.980383469487623,0.959326373856641,0.924529399992676,0.878032816304492,0.824220574043053,0.762787231224719,0.635486791790014,0.397442479712828,0.15529744873328
-0.161561447222438,-0.160701921663026,-0.101338837307435,-0.0592247246084197,-0.0209198988790608,0.0359934169310876,0.107101780109774,0.163280486593046,0.218966316042393,0.282563582832637,0.350570864999518,0.413737566869393,0.472977288283351,0.542418694279355,0.613729245796246,0.674100799552498,0.73450334323885,0.789664242436962,0.847617084665947,0.888292629889642,0.92241291981134,0.956389179785648,0.980383469487623,1,0.984264071639255,0.95162748144683,0.908186042949383,0.86149469781465,0.801483687053841,0.673017148826673,0.424910889576285,0.173686751262476
-0.210490421647117,-0.214757317769452,-0.160504561285268,-0.11918950203614,-0.0814618413446808,-0.0239864953211148,0.0475260114151535,0.104327047798862,0.161273076105813,0.228293472045481,0.296930226617357,0.358742745576085,0.417760305652945,0.491897898970954,0.565816679273042,0.629410781865253,0.690065287856258,0.748738093660147,0.813129829840454,0.855867163536328,0.893316367936703,0.931823766413999,0.959326373856641,0.984264071639255,1,0.975989221298973,0.930962374024367,0.886477276486365,0.824965651700503,0.699340615131488,0.436571595873908,0.181958558485983
-0.279374414424642,-0.27949114773144,-0.228469070235068,-0.186936927835739,-0.151989934114894,-0.0973455368384007,-0.0277484256933304,0.0265503274664279,0.0810992138495739,0.150230693985446,0.215777078145085,0.281673966592234,0.344584463489112,0.419862160433814,0.493938633655109,0.558057733684194,0.619511143151301,0.682495399827563,0.751203531616197,0.798273209593305,0.843903162728061,0.891244813931135,0.924529399992676,0.95162748144683,0.975989221298973,1,0.966559294606917,0.920921973652522,0.862605586635366,0.720056651099645,0.440136504764756,0.184265757575669
-0.307091101637751,-0.303512015386328,-0.258734721961651,-0.216291260356745,-0.18765285829749,-0.136930807266118,-0.0718397903390333,-0.0159654033076212,0.0400240766446078,0.105531258551777,0.17018012864639,0.235459740483805,0.297662936112892,0.372847659553864,0.443877537469741,0.50663368463132,0.568337346683819,0.627129527284627,0.695087701134684,0.744133943561734,0.789070007356633,0.838041864477873,0.878032816304492,0.908186042949383,0.930962374024367,0.966559294606917,1,0.9734587750149,0.923297375703472,0.766881329399512,0.494965121243401,0.208270907973912
-0.329030658927223,-0.337326504893383,-0.295159089881119,-0.253108718636125,-0.226894299381384,-0.176752204571636,-0.11518100324826,-0.0586419999481644,-0.0049462118197505,0.0527941611090656,0.116603476555758,0.179011285679279,0.239121208620272,0.30913292710196,0.376093963772215,0.440630779837634,0.504451942839222,0.56422200154414,0.632678921290733,0.683672785654514,0.729960620136581,0.781719194730618,0.824220574043053,0.86149469781465,0.886477276486365,0.920921973652522,0.9734587750149,1,0.958318787301838,0.812243263528984,0.543750136630165,0.230190243642336
-0.312710420686304,-0.32662163554224,-0.289918523856879,-0.246121207562713,-0.222441451591786,-0.182219571455359,-0.129468369521693,-0.0727953388440186,-0.0262348187693727,0.0217701795283145,0.0857938801375551,0.14464677917001,0.202896184886452,0.265587598883848,0.329135391139711,0.388987259095185,0.447758333529466,0.502929888045679,0.567842999887654,0.616149276188799,0.656389753350334,0.70871608791725,0.762787231224719,0.801483687053841,0.824965651700503,0.862605586635366,0.923297375703472,0.958318787301838,1,0.871530449674033,0.584853869366639,0.242182501049051
-0.275432987918053,-0.28541027362877,-0.247582779636031,-0.205206998392633,-0.184020740132948,-0.149730969844977,-0.0999117039597989,-0.0484843553981056,-0.014002188735983,0.0232326474043989,0.0792598517159468,0.127410876820514,0.169775896842495,0.220567048270892,0.277379393059862,0.326212268895368,0.371605806420746,0.423411982411904,0.473278864303868,0.516043013580997,0.549622565674322,0.588990377972708,0.635486791790014,0.673017148826673,0.699340615131488,0.720056651099645,0.766881329399512,0.812243263528984,0.871530449674033,1,0.717790988407044,0.289543908717329
-0.128827613024506,-0.167098624932462,-0.130715162155144,-0.108961482057753,-0.0841441053257389,-0.0756413083026181,-0.0480047279148958,-0.00802717501471156,0.0203467171048927,0.0433345516745187,0.067698644750883,0.0901645662434464,0.109873216597616,0.141822858692873,0.186380099198864,0.214195681628983,0.244426689515545,0.28381351021923,0.304669581389502,0.330842877910716,0.35072337280542,0.381371772626068,0.397442479712828,0.424910889576285,0.436571595873908,0.440136504764756,0.494965121243401,0.543750136630165,0.584853869366639,0.717790988407044,1,0.353285889558186
0.0177035721102052,0.0213866685212149,0.0109930395703364,0.0176131702310733,0.0239563581671045,0.0287103655054089,0.0325979778419997,0.038276038610862,0.0324110433604771,0.0376241077183257,0.0465624206596735,0.0647241280980299,0.0705252436407149,0.086226103827378,0.096984498121088,0.0992048856363379,0.112371664324635,0.121084691367779,0.12565098014626,0.135887787213391,0.153709989642053,0.160304837500014,0.15529744873328,0.173686751262476,0.181958558485983,0.184265757575669,0.208270907973912,0.230190243642336,0.242182501049051,0.289543908717329,0.353285889558186,1
