1,0.865373199137398,0.729575721742148,0.651602789377422,0.613614098766229,0.531270193277968,0.395182079946419,0.356516381103059,0.289006058526028,0.189387726722621,0.0899284044879886,-0.00494088640809671,-0.0637852957433616,-0.102775985835102,-0.126755099427317,-0.138098289519984,-0.16479681824867,-0.192542971170859,-0.189133851565386,-0.186615713536468,-0.185102416136881,-0.223660961983558,-0.243296384127001,-0.222867719517717,-0.180124319122825,-0.134811979371974,-0.109474446164271,-0.0952218407248947,-0.0862935941331885,-0.0445977875494821,-0.0724062834072223,-0.119516666747571
0.865373199137398,1,0.962769238237044,0.869915101226738,0.806988556665232,0.686997814243288,0.501109309608582,0.473558532885536,0.39861317836642,0.263054954450671,0.135119254677465,0.0137461054186685,-0.0625039100203668,-0.107523402893948,-0.132066417013906,-0.143309900802011,-0.179072070364295,-0.220122652651457,-0.221168159168485,-0.2135651499906,-0.196722518461222,-0.237374455507943,-0.258120599767425,-0.229090659596406,-0.185493754278996,-0.140721752185173,-0.114718865671089,-0.102730649138775,-0.0957190352291339,-0.0637973260780091,-0.107444146129185,-0.166280751606298
0.729575721742148,0.962769238237044,1,0.957480038596458,0.895170345518584,0.771242917549907,0.574273248475582,0.55323850309435,0.477759332784537,0.331420841736456,0.196704579559319,0.067035526837549,-0.0179127173502479,-0.067578411599435,-0.0955765723250762,-0.110003693618999,-0.15034187865818,-0.196907129719835,-0.205556480597231,-0.202705568163737,-0.187274003908053,-0.230083455705037,-0.2532560303098,-0.228301380760474,-0.190039745470661,-0.147897752439061,-0.124543768925461,-0.115303200403567,-0.1090855320683,-0.074756204496798,-0.114257566522574,-0.168437719345769
0.651602789377422,0.869915101226738,0.957480038596458,1,0.960005785368972,0.854389702016788,0.66414578353366,0.644362178044631,0.56892240611513,0.422801552729743,0.289192943488107,0.156518135446221,0.0643421585766173,0.00759543516658647,-0.0284558266983614,-0.0495168851815539,-0.0945585642530701,-0.145228712725756,-0.164212414304162,-0.172825405196118,-0.169746702676168,-0.218358304434361,-0.247115918708602,-0.234035704394865,-0.203192663063126,-0.162774952278158,-0.141954681490513,-0.13421539791857,-0.127316581260618,-0.0807182487491824,-0.105931766296004,-0.148939609535478
0.613614098766229,0.806988556665232,0.895170345518584,0.960005785368972,1,0.958930613290009,0.794077481538391,0.77332486118688,0.702339038466513,0.572610734376129,0.446680511342846,0.313959857993104,0.218245488450563,0.151957931758403,0.101802591624313,0.0723234653539522,0.0156534450556987,-0.0498560177637089,-0.0803888262733864,-0.0999531591680455,-0.108136191304594,-0.169126522573606,-0.209419016305738,-0.211404566920669,-0.190607185577611,-0.155682411656164,-0.130524886286342,-0.117340116086607,-0.108051185612903,-0.0584901230631117,-0.0819731602196873,-0.126490691492522
0.531270193277968,0.686997814243288,0.771242917549907,0.854389702016788,0.958930613290009,1,0.922172002425584,0.89893688564382,0.834524113502986,0.730266572017743,0.621287788178704,0.496130412851751,0.399745399422683,0.323449078916129,0.256916308061161,0.218766760114702,0.152799939668889,0.0753721604928445,0.0284671454346239,-0.0058837255929975,-0.0276280576751529,-0.0983863619483386,-0.147386441650325,-0.160632639508346,-0.13496564499738,-0.0999575694522089,-0.0813247099161017,-0.0735289650234451,-0.0692445793439017,-0.0231520716640637,-0.0466076872594,-0.0930919646425971
0.395182079946419,0.501109309608582,0.574273248475582,0.66414578353366,0.794077481538391,0.922172002425584,1,0.973154758320765,0.917999924950246,0.848097281853882,0.767328435749492,0.661145090287315,0.570151852027136,0.486984961139946,0.405961024989247,0.361548027644019,0.293041067779092,0.21212494278584,0.14673435644941,0.0962772861207706,0.0613087205619264,-0.011861961000817,-0.0625680078334763,-0.0787578221839175,-0.0286399276485498,0.0137002990893743,0.0115436704156408,-0.000337856798398457,-0.0104776335336637,0.0229432037305646,-0.00246962419809686,-0.0502269037376636
0.356516381103059,0.473558532885536,0.55323850309435,0.644362178044631,0.77332486118688,0.89893688564382,0.973154758320765,1,0.981536310672213,0.913909763494026,0.837734716754958,0.734210304031384,0.644418414242631,0.565585014408118,0.487721194144482,0.442649863047048,0.376662658922471,0.297628379412656,0.235253643002069,0.184018945367681,0.14274338290917,0.063353140139337,0.00623566631861468,-0.0180889812591088,0.020193615621021,0.0507465943367141,0.0544648234012818,0.0444311871017386,0.0311483858923765,0.0628911268633087,0.0357707140789811,-0.0171798393022857
0.289006058526028,0.39861317836642,0.477759332784537,0.56892240611513,0.702339038466513,0.834524113502986,0.917999924950246,0.981536310672213,1,0.963285406256158,0.903953159068699,0.811677497953096,0.729675054913443,0.656436765812468,0.580627437830299,0.536609484762765,0.474125807787439,0.396889369636762,0.335324517343008,0.280752867703963,0.230325627548205,0.148952374679998,0.0887311991047586,0.0566620479735354,0.0806655893895883,0.096393863340012,0.104301889608552,0.0963203041280474,0.0803207753297695,0.107227492897598,0.080606510922754,0.0260898186253915
0.189387726722621,0.263054954450671,0.331420841736456,0.422801552729743,0.572610734376129,0.730266572017743,0.848097281853882,0.913909763494026,0.963285406256158,1,0.974270129199444,0.903916340052827,0.837606362331685,0.769208528275153,0.691146776980957,0.64974244089225,0.590269433685695,0.512491977252025,0.446050308833458,0.382854013852244,0.318763351939623,0.241040700839815,0.182490391789595,0.144012751458165,0.153353124901868,0.152436618292174,0.160647144344145,0.154096052264993,0.135962091414214,0.153966428229123,0.130838445747363,0.0799197009328186
0.0899284044879886,0.135119254677465,0.196704579559319,0.289192943488107,0.446680511342846,0.621287788178704,0.767328435749492,0.837734716754958,0.903953159068699,0.974270129199444,1,0.976143480197194,0.925139462496134,0.870351632540937,0.80107221485275,0.760767706930396,0.709138766750735,0.639054584068656,0.574508763116599,0.508714699857567,0.435789943595126,0.362061542713578,0.304604026297724,0.26016261447098,0.253823087465962,0.232588640924886,0.236638377383308,0.222858724928422,0.195665064520959,0.206857072758878,0.189637033213264,0.1432261724017
-0.00494088640809671,0.0137461054186685,0.067035526837549,0.156518135446221,0.313959857993104,0.496130412851751,0.661145090287315,0.734210304031384,0.811677497953096,0.903916340052827,0.976143480197194,1,0.975047844529585,0.938764881577148,0.880965868309201,0.843577567811083,0.801162058112646,0.74034456310322,0.682442134487104,0.617809212660001,0.53857945583482,0.470458896317651,0.415638272842725,0.367623157846776,0.348575279930932,0.309256465900374,0.307727397447034,0.2863966328499,0.250693368472934,0.254775265549764,0.243188295450907,0.201619498968914
-0.0637852957433616,-0.0625039100203668,-0.0179127173502479,0.0643421585766173,0.218245488450563,0.399745399422683,0.570151852027136,0.644418414242631,0.729675054913443,0.837606362331685,0.925139462496134,0.975047844529585,1,0.983495234868417,0.930214881732031,0.898137440415823,0.859925869269726,0.800134066990082,0.751947322133314,0.689804416108033,0.603209844895948,0.5379183996078,0.485236761091789,0.437112305673662,0.416264714775576,0.368788837527401,0.361544404178508,0.337236575447789,0.298041527073014,0.294845743445198,0.284126463406105,0.242966540739853
-0.102775985835102,-0.107523402893948,-0.067578411599435,0.00759543516658647,0.151957931758403,0.323449078916129,0.486984961139946,0.565585014408118,0.656436765812468,0.769208528275153,0.870351632540937,0.938764881577148,0.983495234868417,1,0.979875826461992,0.954637264884062,0.922706388031674,0.865904393469638,0.829032492881058,0.777481477181737,0.69853618281592,0.638526065454069,0.587422019321071,0.539123671481571,0.501964567545536,0.434101949199867,0.426833477633663,0.404694316160068,0.363613543602818,0.349030160028857,0.33586849064098,0.291954230277881
-0.126755099427317,-0.132066417013906,-0.0955765723250762,-0.0284558266983614,0.101802591624313,0.256916308061161,0.405961024989247,0.487721194144482,0.580627437830299,0.691146776980957,0.80107221485275,0.880965868309201,0.930214881732031,0.979875826461992,1,0.984368368842593,0.960150542392594,0.907311466113395,0.881896405393829,0.844410145688674,0.780589388869766,0.727996087588829,0.679448202851831,0.632200885363529,0.575667343090705,0.486185706397091,0.480623937305826,0.463320464270105,0.422664833774464,0.396107724667156,0.378941933232923,0.331543273950801
-0.138098289519984,-0.143309900802011,-0.110003693618999,-0.0495168851815539,0.0723234653539522,0.218766760114702,0.361548027644019,0.442649863047048,0.536609484762765,0.64974244089225,0.760767706930396,0.843577567811083,0.898137440415823,0.954637264884062,0.984368368842593,1,0.986722647606184,0.928162608645864,0.908977623222364,0.882223086015786,0.832446113563158,0.788654909401767,0.744433834958792,0.699629795976501,0.633873282758957,0.531289725951428,0.518551079891763,0.507617406117428,0.473057101491743,0.433875937075536,0.405926871637764,0.348695792421274
-0.16479681824867,-0.179072070364295,-0.15034187865818,-0.0945585642530701,0.0156534450556987,0.152799939668889,0.293041067779092,0.376662658922471,0.474125807787439,0.590269433685695,0.709138766750735,0.801162058112646,0.859925869269726,0.922706388031674,0.960150542392594,0.986722647606184,1,0.973524370789103,0.956052766492738,0.927737739521586,0.874568952221014,0.837964654006175,0.796889141041947,0.744969210101888,0.687409924323907,0.586685867062598,0.565697803867344,0.54950456399395,0.510835208460184,0.451602380376556,0.422484642448814,0.371577307404546
-0.192542971170859,-0.220122652651457,-0.196907129719835,-0.145228712725756,-0.0498560177637089,0.0753721604928445,0.21212494278584,0.297628379412656,0.396889369636762,0.512491977252025,0.639054584068656,0.74034456310322,0.800134066990082,0.865904393469638,0.907311466113395,0.928162608645864,0.973524370789103,1,0.981328750514397,0.944107347730879,0.877707431528311,0.846917060498384,0.808768482440609,0.74593139035067,0.70865610016324,0.622557169844919,0.594668321763801,0.566650493863087,0.518710727987265,0.439631362041101,0.416970216017559,0.383757617808965
-0.189133851565386,-0.221168159168485,-0.205556480597231,-0.164212414304162,-0.0803888262733864,0.0284671454346239,0.14673435644941,0.235253643002069,0.335324517343008,0.446050308833458,0.574508763116599,0.682442134487104,0.751947322133314,0.829032492881058,0.881896405393829,0.908977623222364,0.956052766492738,0.981328750514397,1,0.985587699086694,0.921453474052195,0.885449565281584,0.8436289542676,0.783563352185457,0.737449595100426,0.641538705026998,0.615989217254957,0.596065337204879,0.553010038657845,0.466087383322056,0.438104702562403,0.400115340199763
-0.186615713536468,-0.2135651499906,-0.202705568163737,-0.172825405196118,-0.0999531591680455,-0.0058837255929975,0.0962772861207706,0.184018945367681,0.280752867703963,0.382854013852244,0.508714699857567,0.617809212660001,0.689804416108033,0.777481477181737,0.844410145688674,0.882223086015786,0.927737739521586,0.944107347730879,0.985587699086694,1,0.967985133660513,0.934464797452162,0.891795475361652,0.839811038470342,0.776560052130976,0.662698579637465,0.636217439520246,0.620385981872012,0.580068609209982,0.485747678165969,0.449341510647573,0.403383453568604
-0.185102416136881,-0.196722518461222,-0.187274003908053,-0.169746702676168,-0.108136191304594,-0.0276280576751529,0.0613087205619264,0.14274338290917,0.230325627548205,0.318763351939623,0.435789943595126,0.53857945583482,0.603209844895948,0.69853618281592,0.780589388869766,0.832446113563158,0.874568952221014,0.877707431528311,0.921453474052195,0.967985133660513,1,0.978882973124292,0.939667057233534,0.901138012428233,0.815055633509613,0.678066706898907,0.646627626571581,0.628916091386599,0.588276520082208,0.4875731917784,0.440911847946638,0.38602598828121
-0.223660961983558,-0.237374455507943,-0.230083455705037,-0.218358304434361,-0.169126522573606,-0.0983863619483386,-0.011861961000817,0.063353140139337,0.148952374679998,0.241040700839815,0.362061542713578,0.470458896317651,0.5379183996078,0.638526065454069,0.727996087588829,0.788654909401767,0.837964654006175,0.846917060498384,0.885449565281584,0.934464797452162,0.978882973124292,1,0.988833660376511,0.951435919765404,0.842742756287515,0.686318233099893,0.650000830703146,0.631135328153657,0.591179468828922,0.491202466147666,0.447974153004657,0.396356127678084
-0.243296384127001,-0.258120599767425,-0.2532560303098,-0.247115918708602,-0.209419016305738,-0.147386441650325,-0.0625680078334763,0.00623566631861468,0.0887311991047586,0.182490391789595,0.304604026297724,0.415638272842725,0.485236761091789,0.587422019321071,0.679448202851831,0.744433834958792,0.796889141041947,0.808768482440609,0.8436289542676,0.891795475361652,0.939667057233534,0.988833660376511,1,0.97469610463727,0.860046185083232,0.695137841106351,0.656150639050205,0.633795605397955,0.591486736077093,0.497705781298364,0.457221594437041,0.405074841754484
-0.222867719517717,-0.229090659596406,-0.228301380760474,-0.234035704394865,-0.211404566920669,-0.160632639508346,-0.0787578221839175,-0.0180889812591088,0.0566620479735354,0.144012751458165,0.26016261447098,0.367623157846776,0.437112305673662,0.539123671481571,0.632200885363529,0.699629795976501,0.744969210101888,0.74593139035067,0.783563352185457,0.839811038470342,0.901138012428233,0.951435919765404,0.97469610463727,1,0.908625467258819,0.745628270519849,0.705509145322569,0.670581650743419,0.614952312170577,0.536359415068297,0.490119701350624,0.419826538671065
-0.180124319122825,-0.185493754278996,-0.190039745470661,-0.203192663063126,-0.190607185577611,-0.13496564499738,-0.0286399276485498,0.020193615621021,0.0806655893895883,0.153353124901868,0.253823087465962,0.348575279930932,0.416264714775576,0.501964567545536,0.575667343090705,0.633873282758957,0.687409924323907,0.70865610016324,0.737449595100426,0.776560052130976,0.815055633509613,0.842742756287515,0.860046185083232,0.908625467258819,1,0.955206185252013,0.893312510173874,0.824370313175907,0.736773657587358,0.617397201940072,0.531161517492347,0.425211449352442
-0.134811979371974,-0.140721752185173,-0.147897752439061,-0.162774952278158,-0.155682411656164,-0.0999575694522089,0.0137002990893743,0.0507465943367141,0.096393863340012,0.152436618292174,0.232588640924886,0.309256465900374,0.368788837527401,0.434101949199867,0.486185706397091,0.531289725951428,0.586685867062598,0.622557169844919,0.641538705026998,0.662698579637465,0.678066706898907,0.686318233099893,0.695137841106351,0.745628270519849,0.955206185252013,1,0.930547964313462,0.84678895924287,0.747102575415085,0.607282050921754,0.501812847356593,0.384044323957619
-0.109474446164271,-0.114718865671089,-0.124543768925461,-0.141954681490513,-0.130524886286342,-0.0813247099161017,0.0115436704156408,0.0544648234012818,0.104301889608552,0.160647144344145,0.236638377383308,0.307727397447034,0.361544404178508,0.426833477633663,0.480623937305826,0.518551079891763,0.565697803867344,0.594668321763801,0.615989217254957,0.636217439520246,0.646627626571581,0.650000830703146,0.656150639050205,0.705509145322569,0.893312510173874,0.930547964313462,1,0.946326078978675,0.815196961908754,0.682524269972573,0.569732593738097,0.431574230950541
-0.0952218407248947,-0.102730649138775,-0.115303200403567,-0.13421539791857,-0.117340116086607,-0.0735289650234451,-0.000337856798398457,0.0444311871017386,0.0963203041280474,0.154096052264993,0.222858724928422,0.2863966328499,0.337236575447789,0.404694316160068,0.463320464270105,0.507617406117428,0.54950456399395,0.566650493863087,0.596065337204879,0.620385981872012,0.628916091386599,0.631135328153657,0.633795605397955,0.670581650743419,0.824370313175907,0.84678895924287,0.946326078978675,1,0.953471014169084,0.788596873577354,0.653389088761755,0.497687833324207
-0.0862935941331885,-0.0957190352291339,-0.1090855320683,-0.127316581260618,-0.108051185612903,-0.0692445793439017,-0.0104776335336637,0.0311483858923765,0.0803207753297695,0.135962091414214,0.195665064520959,0.250693368472934,0.298041527073014,0.363613543602818,0.422664833774464,0.473057101491743,0.510835208460184,0.518710727987265,0.553010038657845,0.580068609209982,0.588276520082208,0.591179468828922,0.591486736077093,0.614952312170577,0.736773657587358,0.747102575415085,0.815196961908754,0.953471014169084,1,0.8121207036106,0.666818359098679,0.511749669769785
-0.0445977875494821,-0.0637973260780091,-0.074756204496798,-0.0807182487491824,-0.0584901230631117,-0.0231520716640637,0.0229432037305646,0.0628911268633087,0.107227492897598,0.153966428229123,0.206857072758878,0.254775265549764,0.294845743445198,0.349030160028857,0.396107724667156,0.433875937075536,0.451602380376556,0.439631362041101,0.466087383322056,0.485747678165969,0.4875731917784,0.491202466147666,0.497705781298364,0.536359415068297,0.617397201940072,0.607282050921754,0.682524269972573,0.788596873577354,0.8121207036106,1,0.924491122143342,0.651177644521434
-0.0724062834072223,-0.107444146129185,-0.114257566522574,-0.105931766296004,-0.0819731602196873,-0.0466076872594,-0.00246962419809686,0.0357707140789811,0.080606510922754,0.130838445747363,0.189637033213264,0.243188295450907,0.284126463406105,0.33586849064098,0.378941933232923,0.405926871637764,0.422484642448814,0.416970216017559,0.438104702562403,0.449341510647573,0.440911847946638,0.447974153004657,0.457221594437041,0.490119701350624,0.531161517492347,0.501812847356593,0.569732593738097,0.653389088761755,0.666818359098679,0.924491122143342,1,0.873884185352494
-0.119516666747571,-0.166280751606298,-0.168437719345769,-0.148939609535478,-0.126490691492522,-0.0930919646425971,-0.0502269037376636,-0.0171798393022857,0.0260898186253915,0.0799197009328186,0.1432261724017,0.201619498968914,0.242966540739853,0.291954230277881,0.331543273950801,0.348695792421274,0.371577307404546,0.383757617808965,0.400115340199763,0.403383453568604,0.38602598828121,0.396356127678084,0.405074841754484,0.419826538671065,0.425211449352442,0.384044323957619,0.431574230950541,0.497687833324207,0.511749669769785,0.651177644521434,0.873884185352494,1
