1,0.734156073714926,0.649832386004345,0.54648288901208,0.491401380447732,0.441848591480049,0.415879668946443,0.387494013784751,0.357580488119184,0.335680243060461,0.314560455020998,0.290522780157076,0.274462379360394,0.246399526964288,0.218183398436631,0.190726539023023,0.165194705054961,0.137692510714431,0.102635022405477,0.0618156111484131,0.0488035161296748,0.0401651294935334,0.00761553603734418,0.00437245692015368,-0.00485783484694867,-0.0301705816888944,-0.0615894418634267,-0.0683977269842021,-0.085946708173927,-0.091448576486749,-0.0983819203287995,-0.135302954484686
0.734156073714926,1,0.894012369475749,0.792389938577831,0.744109871827756,0.699554894016228,0.679627437610941,0.634897333713699,0.606641391131356,0.583816997024102,0.556817135564937,0.52850479516577,0.503183386185225,0.474958867189499,0.441077178930948,0.414146408130369,0.382511811967966,0.356255558464308,0.32001274194252,0.284442206841059,0.261941528883345,0.252809992772847,0.221211039922814,0.218193189100596,0.191756451780616,0.147453404021625,0.11347401686008,0.106460150395293,0.0812905618062767,0.0315368896154095,0.00134646994460733,-0.0219737287844736
0.649832386004345,0.894012369475749,1,0.923889503978901,0.868093986028719,0.824532875476218,0.798559197653412,0.759082583303605,0.728656551890399,0.709365678454689,0.682352940853331,0.651450744587385,0.620397169944505,0.588198015273191,0.559692229465327,0.532208728544166,0.500519777466513,0.47275206532019,0.435314267630881,0.398167592486971,0.375749794010304,0.368574569575986,0.338641795245413,0.330424390550026,0.299654260503793,0.255381739823281,0.22260113271057,0.210243877662407,0.177369388570418,0.100851091033112,0.0416836684062999,-0.0120939120817528
0.54648288901208,0.792389938577831,0.923889503978901,1,0.956768731530103,0.920633094604436,0.891798492350135,0.86119534027052,0.833664211565105,0.81114654032779,0.788672732020525,0.758806376785935,0.728917391253758,0.6985428151918,0.672396461010298,0.644159258408692,0.612751810076405,0.588520237508238,0.558778695072011,0.526072549656561,0.50297814201422,0.49160421277986,0.464680031884609,0.451450073381754,0.420806073215838,0.378992107180519,0.344810885708961,0.316902082183357,0.272778543495293,0.17528018266873,0.0996698057315993,0.0164718912436285
0.491401380447732,0.744109871827756,0.868093986028719,0.956768731530103,1,0.970317830319455,0.938448152578599,0.90926202830177,0.883322645660979,0.864113543007975,0.842357700060179,0.813036775410664,0.78545989555213,0.752579203497606,0.728807099872694,0.703285834047422,0.670896815862306,0.649719460166706,0.623553419222742,0.590265892069904,0.571312701197106,0.558779174005257,0.534310693555757,0.521274558929684,0.488099207592897,0.447273388676673,0.410424300904187,0.378694129226457,0.332225704848841,0.225614527800533,0.123270456538164,0.0375112577379114
0.441848591480049,0.699554894016228,0.824532875476218,0.920633094604436,0.970317830319455,1,0.969497001055751,0.941970417992408,0.917979461151554,0.900931918624068,0.877309896090463,0.846963658074779,0.819998879058146,0.788375830419771,0.76536557354913,0.741087014356661,0.712112255539413,0.691363868028866,0.668013266561578,0.635553896528692,0.616260994095446,0.605685182298142,0.582669264707388,0.569188183441332,0.537190853470579,0.496605490577023,0.455197864861926,0.419649609051306,0.373715880193912,0.257987063244789,0.146820876577366,0.054605443833819
0.415879668946443,0.679627437610941,0.798559197653412,0.891798492350135,0.938448152578599,0.969497001055751,1,0.977703491662655,0.957307460817851,0.939449229205025,0.915184624944432,0.887110551264418,0.86535396546589,0.836008836434904,0.813328564490116,0.789240201522808,0.762168481811697,0.742408725503768,0.717518805037296,0.683692485346639,0.662518731126031,0.651719442705063,0.628034223918175,0.612279475191083,0.57821444785885,0.534437277402688,0.494827423192281,0.460219499481818,0.408010508194284,0.285237530932491,0.169560167078212,0.0775910458933773
0.387494013784751,0.634897333713699,0.759082583303605,0.86119534027052,0.90926202830177,0.941970417992408,0.977703491662655,1,0.980422621463774,0.959684906069137,0.938131207342335,0.914573326125709,0.893667229138862,0.865527876900166,0.841944340376708,0.818877046895087,0.792316075275819,0.773795999579485,0.751895050727194,0.719136785304902,0.698808542797222,0.686265068027775,0.665885893526911,0.649467025957548,0.617162977335045,0.57514251169856,0.538025916932225,0.504113036347494,0.449951804791092,0.330943920511029,0.20590698777356,0.119483523161153
0.357580488119184,0.606641391131356,0.728656551890399,0.833664211565105,0.883322645660979,0.917979461151554,0.957307460817851,0.980422621463774,1,0.981518566878926,0.961213900085655,0.937586579281797,0.918067311991374,0.892276260848599,0.869462152619158,0.846853611866003,0.821550031596713,0.805851562622771,0.78221178111162,0.749391287673163,0.730828536928007,0.719068934050143,0.700472842759795,0.686400793181191,0.654131476661412,0.616409970379147,0.578375939842995,0.545345678603891,0.490393040928651,0.367582706129038,0.237707443721328,0.132097949666261
0.335680243060461,0.583816997024102,0.709365678454689,0.81114654032779,0.864113543007975,0.900931918624068,0.939449229205025,0.959684906069137,0.981518566878926,1,0.984548917578272,0.962928573004109,0.942780332952247,0.91824971734848,0.895199708263586,0.871006698310331,0.845461754079808,0.82819983403041,0.80601250334313,0.774131165829145,0.756719722858456,0.746500253579986,0.729272403132136,0.715369493612018,0.681451007530234,0.64399137298472,0.607030960835092,0.572782726455358,0.515786347356289,0.396285598202308,0.26637218916105,0.15678942774604
0.314560455020998,0.556817135564937,0.682352940853331,0.788672732020525,0.842357700060179,0.877309896090463,0.915184624944432,0.938131207342335,0.961213900085655,0.984548917578272,1,0.982585263067425,0.962372688882198,0.93913551835836,0.91983573282578,0.8968799698601,0.871351612094654,0.853078531589553,0.831778084887361,0.8033409822846,0.786514078571828,0.776956128185224,0.758717946729468,0.745757161324721,0.7139085423243,0.677901810975956,0.643076887591905,0.606722023691265,0.551536625505472,0.434981337768099,0.297085666285078,0.195916966429677
0.290522780157076,0.52850479516577,0.651450744587385,0.758806376785935,0.813036775410664,0.846963658074779,0.887110551264418,0.914573326125709,0.937586579281797,0.962928573004109,0.982585263067425,1,0.983270214357532,0.961674151525165,0.941390357097578,0.917974117132449,0.892804967222615,0.875046353492226,0.854295873973421,0.826918831249991,0.811741438129875,0.802857478810996,0.784251084787959,0.771034833242966,0.740517349434555,0.707378047480135,0.676221575623185,0.645600375431062,0.590999834061523,0.484414266706823,0.340782092865109,0.246513134981615
0.274462379360394,0.503183386185225,0.620397169944505,0.728917391253758,0.78545989555213,0.819998879058146,0.86535396546589,0.893667229138862,0.918067311991374,0.942780332952247,0.962372688882198,0.983270214357532,1,0.984678957708267,0.963673896968601,0.938799797326385,0.913045985410295,0.89448412504523,0.872054896889272,0.844330890932949,0.83024948509875,0.822477502862108,0.804976992081759,0.792513763388085,0.763217289493818,0.731454433077407,0.699039603898248,0.670099876700986,0.619321133484035,0.508222545285095,0.353735329722475,0.258097218202229
0.246399526964288,0.474958867189499,0.588198015273191,0.6985428151918,0.752579203497606,0.788375830419771,0.836008836434904,0.865527876900166,0.892276260848599,0.91824971734848,0.93913551835836,0.961674151525165,0.984678957708267,1,0.981594244044646,0.956609683001994,0.930937221726389,0.908688436810779,0.883069687097366,0.853887711827057,0.83902513896272,0.829883843441804,0.814498086078104,0.802863966235288,0.773102639873417,0.741936490096403,0.711096675789019,0.685945289459831,0.63440306429148,0.524430611461393,0.370277103713207,0.273815958705199
0.218183398436631,0.441077178930948,0.559692229465327,0.672396461010298,0.728807099872694,0.76536557354913,0.813328564490116,0.841944340376708,0.869462152619158,0.895199708263586,0.91983573282578,0.941390357097578,0.963673896968601,0.981594244044646,1,0.983690491325466,0.959099994025793,0.935645746324576,0.908814671503138,0.8821877056781,0.865888988958406,0.856920506023797,0.842297769599464,0.830877576588259,0.804879187286031,0.776269853558995,0.745008157538919,0.71939663955016,0.665827038722516,0.552402155668457,0.392339638927518,0.299294977254042
0.190726539023023,0.414146408130369,0.532208728544166,0.644159258408692,0.703285834047422,0.741087014356661,0.789240201522808,0.818877046895087,0.846853611866003,0.871006698310331,0.8968799698601,0.917974117132449,0.938799797326385,0.956609683001994,0.983690491325466,1,0.984775249913309,0.96429889315839,0.937111735932137,0.910807729325029,0.89328732638102,0.883802197360621,0.867912556769395,0.856398478640657,0.831731049344625,0.8047847797638,0.776265081455998,0.749172452830752,0.696887642707702,0.582446590000052,0.418280400656419,0.321827962672423
0.165194705054961,0.382511811967966,0.500519777466513,0.612751810076405,0.670896815862306,0.712112255539413,0.762168481811697,0.792316075275819,0.821550031596713,0.845461754079808,0.871351612094654,0.892804967222615,0.913045985410295,0.930937221726389,0.959099994025793,0.984775249913309,1,0.985470046817538,0.961194713457979,0.935185337145731,0.915449471703356,0.903346603277435,0.887363626644039,0.873748919326044,0.851837511673779,0.827362876609327,0.802200500301355,0.774551436847179,0.72215338543619,0.603605247076039,0.433747859244735,0.337567113431523
0.137692510714431,0.356255558464308,0.47275206532019,0.588520237508238,0.649719460166706,0.691363868028866,0.742408725503768,0.773795999579485,0.805851562622771,0.82819983403041,0.853078531589553,0.875046353492226,0.89448412504523,0.908688436810779,0.935645746324576,0.96429889315839,0.985470046817538,1,0.982446034158443,0.957729228286846,0.93736224486782,0.923917469264242,0.907579126817066,0.892740689023162,0.872053236032722,0.848976191074177,0.824409609272143,0.795270694407374,0.744536978560725,0.622686798223886,0.449850110595098,0.335736369581143
0.102635022405477,0.32001274194252,0.435314267630881,0.558778695072011,0.623553419222742,0.668013266561578,0.717518805037296,0.751895050727194,0.78221178111162,0.80601250334313,0.831778084887361,0.854295873973421,0.872054896889272,0.883069687097366,0.908814671503138,0.937111735932137,0.961194713457979,0.982446034158443,1,0.983937653762008,0.965672966168972,0.95009998592882,0.933284462404801,0.916132488567513,0.895114056246626,0.870482267474021,0.84710677301283,0.817544767070255,0.764974333707734,0.640896346755383,0.466363547671413,0.353491971722504
0.0618156111484131,0.284442206841059,0.398167592486971,0.526072549656561,0.590265892069904,0.635553896528692,0.683692485346639,0.719136785304902,0.749391287673163,0.774131165829145,0.8033409822846,0.826918831249991,0.844330890932949,0.853887711827057,0.8821877056781,0.910807729325029,0.935185337145731,0.957729228286846,0.983937653762008,1,0.985854918535943,0.97173280374004,0.953639246318093,0.93429766302968,0.917378833153487,0.894767775955638,0.875876339317232,0.847792726931544,0.801565255174289,0.679375909458796,0.495533312208565,0.396123714298441
0.0488035161296748,0.261941528883345,0.375749794010304,0.50297814201422,0.571312701197106,0.616260994095446,0.662518731126031,0.698808542797222,0.730828536928007,0.756719722858456,0.786514078571828,0.811741438129875,0.83024948509875,0.83902513896272,0.865888988958406,0.89328732638102,0.915449471703356,0.93736224486782,0.965672966168972,0.985854918535943,1,0.985748194795398,0.967973562606903,0.94956032338546,0.932297647630567,0.909064437418756,0.887247269096319,0.861315195949698,0.814935647169489,0.691367242832165,0.499456509048042,0.413346702998842
0.0401651294935334,0.252809992772847,0.368574569575986,0.49160421277986,0.558779174005257,0.605685182298142,0.651719442705063,0.686265068027775,0.719068934050143,0.746500253579986,0.776956128185224,0.802857478810996,0.822477502862108,0.829883843441804,0.856920506023797,0.883802197360621,0.903346603277435,0.923917469264242,0.95009998592882,0.97173280374004,0.985748194795398,1,0.985850435435423,0.966189954624009,0.947619449779853,0.924544031288194,0.901318871036502,0.875275675218551,0.833069463300368,0.708791579980928,0.518189593969519,0.415036912328629
0.00761553603734418,0.221211039922814,0.338641795245413,0.464680031884609,0.534310693555757,0.582669264707388,0.628034223918175,0.665885893526911,0.700472842759795,0.729272403132136,0.758717946729468,0.784251084787959,0.804976992081759,0.814498086078104,0.842297769599464,0.867912556769395,0.887363626644039,0.907579126817066,0.933284462404801,0.953639246318093,0.967973562606903,0.985850435435423,1,0.983474199811298,0.964264963843517,0.94156088177619,0.918820554209266,0.890716595998357,0.846971796392178,0.722774241429324,0.533996570295718,0.420087061688432
0.00437245692015368,0.218193189100596,0.330424390550026,0.451450073381754,0.521274558929684,0.569188183441332,0.612279475191083,0.649467025957548,0.686400793181191,0.715369493612018,0.745757161324721,0.771034833242966,0.792513763388085,0.802863966235288,0.830877576588259,0.856398478640657,0.873748919326044,0.892740689023162,0.916132488567513,0.93429766302968,0.94956032338546,0.966189954624009,0.983474199811298,1,0.982506929754347,0.959715609931328,0.93595949128808,0.908460201081781,0.865026301387207,0.734673641719131,0.542886351051185,0.422262489159526
-0.00485783484694867,0.191756451780616,0.299654260503793,0.420806073215838,0.488099207592897,0.537190853470579,0.57821444785885,0.617162977335045,0.654131476661412,0.681451007530234,0.7139085423243,0.740517349434555,0.763217289493818,0.773102639873417,0.804879187286031,0.831731049344625,0.851837511673779,0.872053236032722,0.895114056246626,0.917378833153487,0.932297647630567,0.947619449779853,0.964264963843517,0.982506929754347,1,0.97930131297547,0.953733893295209,0.925226402641043,0.883291485069861,0.761917483814454,0.568915701510268,0.445576551851178
-0.0301705816888944,0.147453404021625,0.255381739823281,0.378992107180519,0.447273388676673,0.496605490577023,0.534437277402688,0.57514251169856,0.616409970379147,0.64399137298472,0.677901810975956,0.707378047480135,0.731454433077407,0.741936490096403,0.776269853558995,0.8047847797638,0.827362876609327,0.848976191074177,0.870482267474021,0.894767775955638,0.909064437418756,0.924544031288194,0.94156088177619,0.959715609931328,0.97930131297547,1,0.976501342934075,0.943940236651462,0.901131742008858,0.776568908703595,0.580065231913634,0.43611881364963
-0.0615894418634267,0.11347401686008,0.22260113271057,0.344810885708961,0.410424300904187,0.455197864861926,0.494827423192281,0.538025916932225,0.578375939842995,0.607030960835092,0.643076887591905,0.676221575623185,0.699039603898248,0.711096675789019,0.745008157538919,0.776265081455998,0.802200500301355,0.824409609272143,0.84710677301283,0.875876339317232,0.887247269096319,0.901318871036502,0.918820554209266,0.93595949128808,0.953733893295209,0.976501342934075,1,0.969441999517666,0.925384765052843,0.806979991942307,0.626178136484364,0.458011103008864
-0.0683977269842021,0.106460150395293,0.210243877662407,0.316902082183357,0.378694129226457,0.419649609051306,0.460219499481818,0.504113036347494,0.545345678603891,0.572782726455358,0.606722023691265,0.645600375431062,0.670099876700986,0.685945289459831,0.71939663955016,0.749172452830752,0.774551436847179,0.795270694407374,0.817544767070255,0.847792726931544,0.861315195949698,0.875275675218551,0.890716595998357,0.908460201081781,0.925226402641043,0.943940236651462,0.969441999517666,1,0.960141595450418,0.843288419486163,0.651535775559942,0.516714790228892
-0.085946708173927,0.0812905618062767,0.177369388570418,0.272778543495293,0.332225704848841,0.373715880193912,0.408010508194284,0.449951804791092,0.490393040928651,0.515786347356289,0.551536625505472,0.590999834061523,0.619321133484035,0.63440306429148,0.665827038722516,0.696887642707702,0.72215338543619,0.744536978560725,0.764974333707734,0.801565255174289,0.814935647169489,0.833069463300368,0.846971796392178,0.865026301387207,0.883291485069861,0.901131742008858,0.925384765052843,0.960141595450418,1,0.892895213701864,0.690395148696612,0.555434531062448
-0.091448576486749,0.0315368896154095,0.100851091033112,0.17528018266873,0.225614527800533,0.257987063244789,0.285237530932491,0.330943920511029,0.367582706129038,0.396285598202308,0.434981337768099,0.484414266706823,0.508222545285095,0.524430611461393,0.552402155668457,0.582446590000052,0.603605247076039,0.622686798223886,0.640896346755383,0.679375909458796,0.691367242832165,0.708791579980928,0.722774241429324,0.734673641719131,0.761917483814454,0.776568908703595,0.806979991942307,0.843288419486163,0.892895213701864,1,0.883522370940288,0.676228396985958
-0.0983819203287995,0.00134646994460733,0.0416836684062999,0.0996698057315993,0.123270456538164,0.146820876577366,0.169560167078212,0.20590698777356,0.237707443721328,0.26637218916105,0.297085666285078,0.340782092865109,0.353735329722475,0.370277103713207,0.392339638927518,0.418280400656419,0.433747859244735,0.449850110595098,0.466363547671413,0.495533312208565,0.499456509048042,0.518189593969519,0.533996570295718,0.542886351051185,0.568915701510268,0.580065231913634,0.626178136484364,0.651535775559942,0.690395148696612,0.883522370940288,1,0.619584562580422
-0.135302954484686,-0.0219737287844736,-0.0120939120817528,0.0164718912436285,0.0375112577379114,0.054605443833819,0.0775910458933773,0.119483523161153,0.132097949666261,0.15678942774604,0.195916966429677,0.246513134981615,0.258097218202229,0.273815958705199,0.299294977254042,0.321827962672423,0.337567113431523,0.335736369581143,0.353491971722504,0.396123714298441,0.413346702998842,0.415036912328629,0.420087061688432,0.422262489159526,0.445576551851178,0.43611881364963,0.458011103008864,0.516714790228892,0.555434531062448,0.676228396985958,0.619584562580422,1
