1,0.421699645716027,0.342584012309404,0.244992980149426,0.192071060717963,0.147292671566121,0.128272192983088,0.098435328545234,0.085597050217005,0.0720926836123571,0.0577548342462651,0.0425344808633191,0.0225737886349092,-0.0227157207650554,-0.0461771713619036,-0.0660467436511007,-0.0877818835767198,-0.106730993158473,-0.117399423619364,-0.117751243770423,-0.100581935753574,-0.101131645322507,-0.0962491010672333,-0.0841694973309634,-0.103631529720693,-0.120280407805418,-0.113147319449002,-0.117102944411591,-0.0979074260949602,-0.0519154849409665,0.0160171032317922,0.0745517339431265
0.421699645716027,1,0.734021232806475,0.517735168996617,0.458942052996049,0.405901159511245,0.37990898136467,0.353699670999521,0.34192114373628,0.32901088895332,0.306953535740299,0.287614657820902,0.284890165825491,0.257082327993955,0.230490972709962,0.215115564749364,0.198291615566288,0.174407235634782,0.14945547587,0.136290369621123,0.124741123275803,0.112973868934058,0.0813491842085122,0.0468858684619867,0.0329494894186038,0.032463496141389,0.00631474032085307,0.00127982425023672,0.0188057747284615,0.0432635701974443,0.0535413075147266,0.0725472577167192
0.342584012309404,0.734021232806475,1,0.913112709923017,0.820677901980244,0.742252428771445,0.693544218031517,0.65086639218426,0.621367455421215,0.589722684871725,0.555940982110135,0.524674497077053,0.501528600187498,0.448012164810545,0.402837859024976,0.376744253564013,0.351725067640747,0.317704202830813,0.281018244907997,0.252558828550611,0.220986081671819,0.190349303091931,0.130150262174704,0.0731589429810333,0.0573271859193092,0.0458056052059992,0.031842288326773,0.0227420759028687,0.0296265063702987,0.0489974777213015,0.0578780493239225,0.0504933416906476
0.244992980149426,0.517735168996617,0.913112709923017,1,0.959846534891867,0.875416149052427,0.822893388499597,0.780026554494481,0.751646055599405,0.717508719483356,0.682934551844472,0.649694387956369,0.621115032328766,0.566094135366155,0.511852840954219,0.478287954175702,0.446921085665615,0.406536863273803,0.36457852705046,0.33575654838041,0.300434399327733,0.26069660359373,0.179493363289824,0.105722475098564,0.095232661089092,0.088337700460023,0.0693491871959684,0.0675423916785573,0.0760955844976814,0.0918649032192153,0.101351350895071,0.0569932496624251
0.192071060717963,0.458942052996049,0.820677901980244,0.959846534891867,1,0.96671508634572,0.911950005487942,0.869447108402767,0.842362771542593,0.809829016921624,0.775569493901478,0.740367721489397,0.70939118655174,0.654147384858422,0.60242084306172,0.568327634970675,0.533501707823645,0.489496292025959,0.447700218414445,0.416836860584099,0.380415825345301,0.337602949438049,0.241763371814495,0.150966273083941,0.140820801759366,0.139202380632735,0.10921500198289,0.105972816553404,0.117487487576226,0.134695430435912,0.133647588680946,0.0755771698294606
0.147292671566121,0.405901159511245,0.742252428771445,0.875416149052427,0.96671508634572,1,0.971900337446661,0.928215990510139,0.90154412299294,0.870760877547042,0.836866797171781,0.799502234733203,0.765317265659339,0.707586817075436,0.662676330606342,0.630951029290632,0.595897506516294,0.551663526997293,0.511378138591155,0.476116539150165,0.437284311963707,0.393357456108659,0.291736155273498,0.191220510209253,0.180744593224258,0.182887861399482,0.146972503977239,0.137620730246531,0.147264932475097,0.163035996315015,0.144259177687388,0.0884661806173262
0.128272192983088,0.37990898136467,0.693544218031517,0.822893388499597,0.911950005487942,0.971900337446661,1,0.968060175098122,0.943046825761176,0.913203476418015,0.879257154214496,0.840632219371104,0.804736528009205,0.745223118171233,0.702119831309451,0.670302032828428,0.635995379698944,0.592207001398875,0.549492715135169,0.510898506421359,0.469307529748432,0.423212519211782,0.31976882816492,0.216691943418924,0.209382774585296,0.214762528467517,0.179101840264843,0.168374465822506,0.174302594401983,0.1842382179492,0.151449063456998,0.097959033200511
0.098435328545234,0.353699670999521,0.65086639218426,0.780026554494481,0.869447108402767,0.928215990510139,0.968060175098122,1,0.973386056098377,0.943328905275414,0.910367316152412,0.873288416607189,0.839610574347295,0.784576369103381,0.742605735131572,0.712377403526438,0.680036952133067,0.636918783493268,0.592836105118613,0.551868784697837,0.509470379450991,0.460659529202412,0.347606800126679,0.235894564081873,0.231691151283284,0.233364956181794,0.203729718931142,0.195969055960065,0.199662889964837,0.205081269404544,0.164308155031758,0.101087608489161
0.085597050217005,0.34192114373628,0.621367455421215,0.751646055599405,0.842362771542593,0.90154412299294,0.943046825761176,0.973386056098377,1,0.981718464118503,0.948929371839368,0.910696037163278,0.875268248398467,0.821241904861125,0.780776352353015,0.749967861850499,0.714843116906784,0.668022771693076,0.621313735885898,0.578607451848141,0.535771136376509,0.485502159625283,0.366367917889065,0.24840480030503,0.244319704571009,0.246960076124476,0.212729813776872,0.210254414385013,0.21843238469728,0.223474972527489,0.180523350110375,0.0956806884427933
0.0720926836123571,0.32901088895332,0.589722684871725,0.717508719483356,0.809829016921624,0.870760877547042,0.913203476418015,0.943328905275414,0.981718464118503,1,0.985056629650983,0.945295715166337,0.91097071885675,0.859456429679097,0.821667910598677,0.793064874471426,0.757204120469954,0.707955541611763,0.660659057649364,0.614359977031312,0.569241927504132,0.515908285777346,0.392055991864944,0.269170616840741,0.265759122154188,0.268701473919692,0.231160057634543,0.229667736816084,0.238446201458972,0.241865074136622,0.193081747518113,0.0941750798824021
0.0577548342462651,0.306953535740299,0.555940982110135,0.682934551844472,0.775569493901478,0.836866797171781,0.879257154214496,0.910367316152412,0.948929371839368,0.985056629650983,1,0.983194275515358,0.949547836243885,0.897907246113179,0.863451294151995,0.835598499111713,0.797583234720146,0.745909431999312,0.699437609156802,0.654018686312864,0.609443044939018,0.554136730956443,0.424291339423422,0.29389418283596,0.288899564307828,0.289851002819718,0.247585902383847,0.248425602363661,0.262385500264946,0.267606301109401,0.209218329537064,0.0927230743001061
0.0425344808633191,0.287614657820902,0.524674497077053,0.649694387956369,0.740367721489397,0.799502234733203,0.840632219371104,0.873288416607189,0.910696037163278,0.945295715166337,0.983194275515358,1,0.981290596482261,0.930025293755246,0.89791423584533,0.869159944077305,0.828365730359332,0.774633195946609,0.729281367467658,0.688562919275426,0.645327103856836,0.589295213145548,0.452504467233342,0.314272217653468,0.310545533346805,0.307280063103355,0.260082951603796,0.263624882260996,0.283166048364867,0.290409171957363,0.223324576434075,0.0921778328155363
0.0225737886349092,0.284890165825491,0.501528600187498,0.621115032328766,0.70939118655174,0.765317265659339,0.804736528009205,0.839610574347295,0.875268248398467,0.91097071885675,0.949547836243885,0.981290596482261,1,0.964098295431903,0.933322810558919,0.904461310347005,0.86363373754115,0.809724051152802,0.764406345140372,0.727692463790906,0.682226799129798,0.624771298438238,0.479712647962035,0.334483041006591,0.339706059887011,0.330496010898083,0.279604388208611,0.283410572889325,0.301162817866078,0.304190568173543,0.230668563180784,0.0952744793434531
-0.0227157207650554,0.257082327993955,0.448012164810545,0.566094135366155,0.654147384858422,0.707586817075436,0.745223118171233,0.784576369103381,0.821241904861125,0.859456429679097,0.897907246113179,0.930025293755246,0.964098295431903,1,0.979473163915874,0.955699835236954,0.92345237820331,0.877335491391379,0.833338202968263,0.801644637191621,0.755716979386345,0.696964398600951,0.542912014323975,0.385718265603865,0.39602608688613,0.376722759562206,0.320738246356133,0.327071461381197,0.341200748064244,0.332604454370374,0.239605948920316,0.0950831552291423
-0.0461771713619036,0.230490972709962,0.402837859024976,0.511852840954219,0.60242084306172,0.662676330606342,0.702119831309451,0.742605735131572,0.780776352353015,0.821667910598677,0.863451294151995,0.89791423584533,0.933322810558919,0.979473163915874,1,0.986799128284462,0.956025443281186,0.914238489422047,0.874648914734152,0.84159843779393,0.792652810711641,0.737019202164828,0.602763244453586,0.452776202510907,0.457028013730631,0.426745643619075,0.37759196287007,0.376987982284713,0.377570839697537,0.358133052957428,0.24722095451789,0.102500542077346
-0.0660467436511007,0.215115564749364,0.376744253564013,0.478287954175702,0.568327634970675,0.630951029290632,0.670302032828428,0.712377403526438,0.749967861850499,0.793064874471426,0.835598499111713,0.869159944077305,0.904461310347005,0.955699835236954,0.986799128284462,1,0.985444825841676,0.945336663339014,0.907045996734827,0.868764724201461,0.8225906483031,0.771837332942276,0.646748160138672,0.497755129914023,0.500346668352398,0.467473168961937,0.42050765291347,0.416257786259759,0.406764265833681,0.378623047978834,0.260752657110716,0.106004527177198
-0.0877818835767198,0.198291615566288,0.351725067640747,0.446921085665615,0.533501707823645,0.595897506516294,0.635995379698944,0.680036952133067,0.714843116906784,0.757204120469954,0.797583234720146,0.828365730359332,0.86363373754115,0.92345237820331,0.956025443281186,0.985444825841676,1,0.983072859747431,0.944945661417739,0.900230222910296,0.859316636321663,0.814052540933781,0.691284257813645,0.537094735881124,0.536839572726643,0.4994536564658,0.454833350340153,0.451217449424223,0.436650585285248,0.402270267124751,0.277821920004848,0.120311080290892
-0.106730993158473,0.174407235634782,0.317704202830813,0.406536863273803,0.489496292025959,0.551663526997293,0.592207001398875,0.636918783493268,0.668022771693076,0.707955541611763,0.745909431999312,0.774633195946609,0.809724051152802,0.877335491391379,0.914238489422047,0.945336663339014,0.983072859747431,1,0.977762214804876,0.930545304729031,0.894120520689499,0.855569222707718,0.73581948960471,0.575845494517043,0.572188363983852,0.526506570374527,0.483183472774089,0.477990389655544,0.460570873272693,0.423271835837876,0.288004545124971,0.136211553664599
-0.117399423619364,0.14945547587,0.281018244907997,0.36457852705046,0.447700218414445,0.511378138591155,0.549492715135169,0.592836105118613,0.621313735885898,0.660659057649364,0.699437609156802,0.729281367467658,0.764406345140372,0.833338202968263,0.874648914734152,0.907045996734827,0.944945661417739,0.977762214804876,1,0.962506611832932,0.928837196414893,0.897563546007403,0.782008220518321,0.617576464648029,0.615783055745233,0.562409241372686,0.512399565787985,0.496153643962691,0.474228223652948,0.437076771513409,0.286922404637335,0.135683803114291
-0.117751243770423,0.136290369621123,0.252558828550611,0.33575654838041,0.416836860584099,0.476116539150165,0.510898506421359,0.551868784697837,0.578607451848141,0.614359977031312,0.654018686312864,0.688562919275426,0.727692463790906,0.801644637191621,0.84159843779393,0.868764724201461,0.900230222910296,0.930545304729031,0.962506611832932,1,0.975957612473374,0.934995521890866,0.802455123491174,0.631201113234641,0.643121120332343,0.585028180927645,0.5142253247473,0.487112410069975,0.465630364628662,0.431104560014609,0.273964488727762,0.1268126204348
-0.100581935753574,0.124741123275803,0.220986081671819,0.300434399327733,0.380415825345301,0.437284311963707,0.469307529748432,0.509470379450991,0.535771136376509,0.569241927504132,0.609443044939018,0.645327103856836,0.682226799129798,0.755716979386345,0.792652810711641,0.8225906483031,0.859316636321663,0.894120520689499,0.928837196414893,0.975957612473374,1,0.972049452134229,0.826921923755614,0.644356169610228,0.655972539598065,0.597627075076606,0.521581097856768,0.494560343390262,0.476628686745203,0.44452703952529,0.283146673653787,0.123273753623472
-0.101131645322507,0.112973868934058,0.190349303091931,0.26069660359373,0.337602949438049,0.393357456108659,0.423212519211782,0.460659529202412,0.485502159625283,0.515908285777346,0.554136730956443,0.589295213145548,0.624771298438238,0.696964398600951,0.737019202164828,0.771837332942276,0.814052540933781,0.855569222707718,0.897563546007403,0.934995521890866,0.972049452134229,1,0.898341732332858,0.714503774697363,0.723466398492763,0.654357318089577,0.585328608105609,0.558277187068721,0.527560341084332,0.477308431845839,0.290570648928711,0.143017553477756
-0.0962491010672333,0.0813491842085122,0.130150262174704,0.179493363289824,0.241763371814495,0.291736155273498,0.31976882816492,0.347606800126679,0.366367917889065,0.392055991864944,0.424291339423422,0.452504467233342,0.479712647962035,0.542912014323975,0.602763244453586,0.646748160138672,0.691284257813645,0.73581948960471,0.782008220518321,0.802455123491174,0.826921923755614,0.898341732332858,1,0.943460148855044,0.912682042746767,0.809033347845779,0.760282632991767,0.703636017533971,0.620927263059938,0.535687945918119,0.310215266136577,0.173083219401124
-0.0841694973309634,0.0468858684619867,0.0731589429810333,0.105722475098564,0.150966273083941,0.191220510209253,0.216691943418924,0.235894564081873,0.24840480030503,0.269170616840741,0.29389418283596,0.314272217653468,0.334483041006591,0.385718265603865,0.452776202510907,0.497755129914023,0.537094735881124,0.575845494517043,0.617576464648029,0.631201113234641,0.644356169610228,0.714503774697363,0.943460148855044,1,0.961143096004631,0.845200972667594,0.809185825222656,0.731841153479866,0.62056615979548,0.523158604207271,0.296026782919601,0.165339513199718
-0.103631529720693,0.0329494894186038,0.0573271859193092,0.095232661089092,0.140820801759366,0.180744593224258,0.209382774585296,0.231691151283284,0.244319704571009,0.265759122154188,0.288899564307828,0.310545533346805,0.339706059887011,0.39602608688613,0.457028013730631,0.500346668352398,0.536839572726643,0.572188363983852,0.615783055745233,0.643121120332343,0.655972539598065,0.723466398492763,0.912682042746767,0.961143096004631,1,0.887928663074707,0.835311358607957,0.755804462481352,0.645259426299949,0.542508003682657,0.299329583485464,0.149907780005424
-0.120280407805418,0.032463496141389,0.0458056052059992,0.088337700460023,0.139202380632735,0.182887861399482,0.214762528467517,0.233364956181794,0.246960076124476,0.268701473919692,0.289851002819718,0.307280063103355,0.330496010898083,0.376722759562206,0.426745643619075,0.467473168961937,0.4994536564658,0.526506570374527,0.562409241372686,0.585028180927645,0.597627075076606,0.654357318089577,0.809033347845779,0.845200972667594,0.887928663074707,1,0.924220160233521,0.816494998055779,0.675323177044161,0.545297719433655,0.297827613678544,0.128879118367718
-0.113147319449002,0.00631474032085307,0.031842288326773,0.0693491871959684,0.10921500198289,0.146972503977239,0.179101840264843,0.203729718931142,0.212729813776872,0.231160057634543,0.247585902383847,0.260082951603796,0.279604388208611,0.320738246356133,0.37759196287007,0.42050765291347,0.454833350340153,0.483183472774089,0.512399565787985,0.5142253247473,0.521581097856768,0.585328608105609,0.760282632991767,0.809185825222656,0.835311358607957,0.924220160233521,1,0.9183492672112,0.746749278457065,0.597681316570751,0.328216498421993,0.15682901297662
-0.117102944411591,0.00127982425023672,0.0227420759028687,0.0675423916785573,0.105972816553404,0.137620730246531,0.168374465822506,0.195969055960065,0.210254414385013,0.229667736816084,0.248425602363661,0.263624882260996,0.283410572889325,0.327071461381197,0.376987982284713,0.416257786259759,0.451217449424223,0.477990389655544,0.496153643962691,0.487112410069975,0.494560343390262,0.558277187068721,0.703636017533971,0.731841153479866,0.755804462481352,0.816494998055779,0.9183492672112,1,0.924392565805443,0.753718816627252,0.479224566999213,0.219794829185205
-0.0979074260949602,0.0188057747284615,0.0296265063702987,0.0760955844976814,0.117487487576226,0.147264932475097,0.174302594401983,0.199662889964837,0.21843238469728,0.238446201458972,0.262385500264946,0.283166048364867,0.301162817866078,0.341200748064244,0.377570839697537,0.406764265833681,0.436650585285248,0.460570873272693,0.474228223652948,0.465630364628662,0.476628686745203,0.527560341084332,0.620927263059938,0.62056615979548,0.645259426299949,0.675323177044161,0.746749278457065,0.924392565805443,1,0.921108994355617,0.629208647935912,0.278756250615635
-0.0519154849409665,0.0432635701974443,0.0489974777213015,0.0918649032192153,0.134695430435912,0.163035996315015,0.1842382179492,0.205081269404544,0.223474972527489,0.241865074136622,0.267606301109401,0.290409171957363,0.304190568173543,0.332604454370374,0.358133052957428,0.378623047978834,0.402270267124751,0.423271835837876,0.437076771513409,0.431104560014609,0.44452703952529,0.477308431845839,0.535687945918119,0.523158604207271,0.542508003682657,0.545297719433655,0.597681316570751,0.753718816627252,0.921108994355617,1,0.790107823135003,0.349776281463825
0.0160171032317922,0.0535413075147266,0.0578780493239225,0.101351350895071,0.133647588680946,0.144259177687388,0.151449063456998,0.164308155031758,0.180523350110375,0.193081747518113,0.209218329537064,0.223324576434075,0.230668563180784,0.239605948920316,0.24722095451789,0.260752657110716,0.277821920004848,0.288004545124971,0.286922404637335,0.273964488727762,0.283146673653787,0.290570648928711,0.310215266136577,0.296026782919601,0.299329583485464,0.297827613678544,0.328216498421993,0.479224566999213,0.629208647935912,0.790107823135003,1,0.442855213723057
0.0745517339431265,0.0725472577167192,0.0504933416906476,0.0569932496624251,0.0755771698294606,0.0884661806173262,0.097959033200511,0.101087608489161,0.0956806884427933,0.0941750798824021,0.0927230743001061,0.0921778328155363,0.0952744793434531,0.0950831552291423,0.102500542077346,0.106004527177198,0.120311080290892,0.136211553664599,0.135683803114291,0.1268126204348,0.123273753623472,0.143017553477756,0.173083219401124,0.165339513199718,0.149907780005424,0.128879118367718,0.15682901297662,0.219794829185205,0.278756250615635,0.349776281463825,0.442855213723057,1
