1,0.689546007396279,0.520339327670484,0.420657122643728,0.348979089261855,0.31077016720138,0.270123143125227,0.235244384176341,0.218373665901605,0.19907803109665,0.176060584588079,0.160442074932351,0.135886237285121,0.124713058768066,0.113209986562785,0.102811996801951,0.0887831029224473,0.0721351149274373,0.0609095528715025,0.0512370357459936,0.0267287663661311,0.0148370885907248,-0.00683131931755961,-0.0257903914872675,-0.0413829943091359,-0.0652432479414164,-0.092051219776961,-0.0976122959837091,-0.122341972781351,-0.0897766023501571,-0.101586833881227,-0.154224013321583
0.689546007396279,1,0.808787328471016,0.709224732796464,0.638463611566128,0.595227537252772,0.551194403445764,0.513255728597541,0.483028918621719,0.462525505774514,0.439852517748137,0.415757035606745,0.387541687242009,0.372745668493257,0.35151536321649,0.327548244692094,0.308674363313279,0.283881358514296,0.262382847255005,0.243550625822377,0.203650595398387,0.183419420251498,0.162993956120854,0.139473707856285,0.111936357760162,0.0753695151685873,0.0381113793414556,0.00342386340730872,-0.06181818956931,-0.100420452223146,-0.168643921753307,-0.203273581298307
0.520339327670484,0.808787328471016,1,0.940687704681965,0.887228260622818,0.845742829975369,0.809425878403923,0.769057323123971,0.7420788286925,0.717409568677179,0.692468153185521,0.666694765142698,0.638803649447978,0.621159967738366,0.597181372552051,0.569557833280929,0.541527795799763,0.515724423522146,0.487350425424793,0.461646074023071,0.421068990080947,0.397237791411421,0.371080111733928,0.335621256644,0.305380170059805,0.264808148492517,0.21838031393228,0.164506273407594,0.0831196744478742,-0.0126956545759971,-0.14674605904985,-0.21480575050948
0.420657122643728,0.709224732796464,0.940687704681965,1,0.957472306000079,0.928788392690127,0.898860185442201,0.864381538757803,0.838609691778639,0.816444807518537,0.793287532027331,0.770331137616383,0.743461528242397,0.72482032574419,0.700113687193339,0.671090327734803,0.642902431358282,0.620034695660243,0.592537942225245,0.568863448836222,0.530833044674586,0.508336921966652,0.481878357504321,0.44478892164632,0.412591063070932,0.368357142340934,0.319381772521733,0.262498896373146,0.16651140569312,0.0269702298910064,-0.132022582761242,-0.20555360902172
0.348979089261855,0.638463611566128,0.887228260622818,0.957472306000079,1,0.979462680518196,0.95573182134188,0.927844904409714,0.907666258107045,0.889973044582979,0.869884342545606,0.851955874261785,0.829005686529375,0.809986840966947,0.787913480493326,0.758801161998867,0.731840289998958,0.710078893563199,0.682963808948539,0.658559655043832,0.622403701561014,0.597115411871298,0.57414746253856,0.536565389620217,0.50387299559605,0.460632174850082,0.408680425848642,0.350574569171646,0.256608652089922,0.0881529860671764,-0.0938025185757049,-0.179835156669918
0.31077016720138,0.595227537252772,0.845742829975369,0.928788392690127,0.979462680518196,1,0.982119802646973,0.959081965546576,0.941500698866233,0.926323880046868,0.907910433190275,0.891292399112531,0.871205439963668,0.851626613972829,0.832570301622523,0.806026203699384,0.780328519765065,0.760643356888171,0.73414795343964,0.711584480462179,0.675920222194293,0.652340047541734,0.63217861742377,0.595469337701871,0.560498082594762,0.518686392323774,0.468203877430581,0.408410551441928,0.307737885628192,0.103662791278195,-0.079427040309651,-0.161481000357531
0.270123143125227,0.551194403445764,0.809425878403923,0.898860185442201,0.95573182134188,0.982119802646973,1,0.983821341319377,0.966978226740016,0.954046827680339,0.938214144015051,0.922286913742565,0.907035034942977,0.889236189112668,0.87289799629767,0.848277745833865,0.823194008161077,0.80456937012698,0.778717547004711,0.75727745007179,0.724790700116918,0.701732884611449,0.68332093309009,0.649427771904903,0.614354461021796,0.574396070589959,0.524550740947844,0.464818834885936,0.362612071689504,0.134167623038411,-0.0615726864134942,-0.143121632974657
0.235244384176341,0.513255728597541,0.769057323123971,0.864381538757803,0.927844904409714,0.959081965546576,0.983821341319377,1,0.986723740949944,0.975349182259571,0.962598332098762,0.948248435569617,0.933731557506684,0.9169714928025,0.901957955213123,0.879765193410903,0.856192256809318,0.838751589547138,0.816042744746262,0.797422348571342,0.766769411262579,0.745566469845884,0.728802672115391,0.697890928400999,0.665878249006553,0.627063096596248,0.579517259702176,0.517973652734757,0.408155856289307,0.161118029229985,-0.0365892351423038,-0.126818435805915
0.218373665901605,0.483028918621719,0.7420788286925,0.838609691778639,0.907666258107045,0.941500698866233,0.966978226740016,0.986723740949944,1,0.990210024733182,0.978398208675121,0.964384325073591,0.951184145129335,0.935768374707179,0.921491795353686,0.901049095770701,0.880956754511944,0.863490066972948,0.843281631623094,0.825384509861836,0.798380798964833,0.77934085327935,0.763429663434657,0.733277082373771,0.701930680396724,0.66539370314476,0.617418422759421,0.556256402167917,0.440833886672998,0.184771170083033,-0.0140302390170774,-0.118296596365751
0.19907803109665,0.462525505774514,0.717409568677179,0.816444807518537,0.889973044582979,0.926323880046868,0.954046827680339,0.975349182259571,0.990210024733182,1,0.99163567792279,0.979093116030085,0.966273096429887,0.951652450117333,0.936656773142427,0.916789448785959,0.896471541511346,0.878078525186244,0.859174709331483,0.840474487669712,0.814799200728328,0.796221879399354,0.781402886469909,0.753009092021545,0.723277299129584,0.686797518158804,0.639085941446363,0.579069733939208,0.462865945084544,0.199622994300615,-0.00418933775338196,-0.106602015083961
0.176060584588079,0.439852517748137,0.692468153185521,0.793287532027331,0.869884342545606,0.907910433190275,0.938214144015051,0.962598332098762,0.978398208675121,0.99163567792279,1,0.990275902431426,0.977938171990462,0.962765988602571,0.947876484057822,0.928106212643383,0.908684182810059,0.890107036567058,0.87202585122381,0.854490292335863,0.830333762148205,0.813552651687768,0.799734657246251,0.772835385884036,0.744994762818327,0.709270971038107,0.664585462466988,0.60471442977794,0.489603944586702,0.223195176542934,0.0159706587100377,-0.0934006971156774
0.160442074932351,0.415757035606745,0.666694765142698,0.770331137616383,0.851955874261785,0.891292399112531,0.922286913742565,0.948248435569617,0.964384325073591,0.979093116030085,0.990275902431426,1,0.990013471976028,0.975894041773094,0.96159829670272,0.94299358090798,0.924272372940014,0.906600794328317,0.890188909518776,0.873317866442367,0.850122142798947,0.835534788793609,0.822512444587084,0.79732759413347,0.770663775769175,0.736806614463268,0.692502229752825,0.63327430888371,0.517767342675773,0.243310648178713,0.0288193909014639,-0.071935301850371
0.135886237285121,0.387541687242009,0.638803649447978,0.743461528242397,0.829005686529375,0.871205439963668,0.907035034942977,0.933731557506684,0.951184145129335,0.966273096429887,0.977938171990462,0.990013471976028,1,0.990393199400437,0.978082690709135,0.961139699832068,0.944495017950231,0.928030306992704,0.913276290471655,0.896787964199814,0.874806319510546,0.860946083758001,0.849066215483552,0.82581478334968,0.798910061492309,0.767247209395388,0.724553514132827,0.6646529999598,0.552265347957258,0.268265146572589,0.0408272291082188,-0.0548774016438234
0.124713058768066,0.372745668493257,0.621159967738366,0.72482032574419,0.809986840966947,0.851626613972829,0.889236189112668,0.9169714928025,0.935768374707179,0.951652450117333,0.962765988602571,0.975894041773094,0.990393199400437,1,0.991635030695527,0.977477863895903,0.962091992397087,0.947259190032311,0.932661266095405,0.916907248759331,0.896683451726361,0.883346912725236,0.871475928703762,0.85087647536622,0.827208214999609,0.79652388280424,0.754948242118277,0.697181592288641,0.583759148307145,0.286175180025356,0.0564268766440031,-0.0387464541181676
0.113209986562785,0.35151536321649,0.597181372552051,0.700113687193339,0.787913480493326,0.832570301622523,0.87289799629767,0.901957955213123,0.921491795353686,0.936656773142427,0.947876484057822,0.96159829670272,0.978082690709135,0.991635030695527,1,0.989884309722967,0.976384487801718,0.962869446874026,0.949351719004508,0.935402029089415,0.917183248775598,0.903100883120994,0.891670558358289,0.871465056159364,0.848291305756978,0.818303061458945,0.778921670537426,0.723419202448644,0.608928908038819,0.303538520721672,0.0713822725306468,-0.030956328146626
0.102811996801951,0.327548244692094,0.569557833280929,0.671090327734803,0.758801161998867,0.806026203699384,0.848277745833865,0.879765193410903,0.901049095770701,0.916789448785959,0.928106212643383,0.94299358090798,0.961139699832068,0.977477863895903,0.989884309722967,1,0.990337135152846,0.97738011312073,0.965094790341139,0.951739290855706,0.934988571918318,0.920063006999198,0.908930972388105,0.889611771163004,0.868579951746574,0.839350852423099,0.799901504897277,0.746173472590445,0.633518777986332,0.318371557477914,0.0859504453293875,-0.0204810120153523
0.0887831029224473,0.308674363313279,0.541527795799763,0.642902431358282,0.731840289998958,0.780328519765065,0.823194008161077,0.856192256809318,0.880956754511944,0.896471541511346,0.908684182810059,0.924272372940014,0.944495017950231,0.962091992397087,0.976384487801718,0.990337135152846,1,0.990638316272436,0.97987619910812,0.967530749135485,0.9532319525508,0.939879035291321,0.929119762610764,0.909238142985741,0.889945161374291,0.861043511658786,0.822850471376623,0.772838901413782,0.658514780903403,0.331406752556822,0.0976815800371688,-0.00951828058476982
0.0721351149274373,0.283881358514296,0.515724423522146,0.620034695660243,0.710078893563199,0.760643356888171,0.80456937012698,0.838751589547138,0.863490066972948,0.878078525186244,0.890107036567058,0.906600794328317,0.928030306992704,0.947259190032311,0.962869446874026,0.97738011312073,0.990638316272436,1,0.991390893603663,0.980516547811421,0.967086584066474,0.9543730353355,0.943052167681286,0.923800641233934,0.905753312973233,0.878454358679119,0.840696155409142,0.791250409360915,0.680552017528294,0.345707751665318,0.114116989311228,-0.000351967455791387
0.0609095528715025,0.262382847255005,0.487350425424793,0.592537942225245,0.682963808948539,0.73414795343964,0.778717547004711,0.816042744746262,0.843281631623094,0.859174709331483,0.87202585122381,0.890188909518776,0.913276290471655,0.932661266095405,0.949351719004508,0.965094790341139,0.97987619910812,0.991390893603663,1,0.991736629287994,0.979439878591075,0.967604647569972,0.95633497718053,0.938386141689959,0.920728688413213,0.895995961799154,0.859436424542885,0.810709124380403,0.704818022463387,0.37018067754115,0.135098348783199,0.0136723277711419
0.0512370357459936,0.243550625822377,0.461646074023071,0.568863448836222,0.658559655043832,0.711584480462179,0.75727745007179,0.797422348571342,0.825384509861836,0.840474487669712,0.854490292335863,0.873317866442367,0.896787964199814,0.916907248759331,0.935402029089415,0.951739290855706,0.967530749135485,0.980516547811421,0.991736629287994,1,0.991551267296515,0.981725889813793,0.971079932889905,0.954259206035614,0.937137095028835,0.914593184875424,0.880563983858767,0.836151893466221,0.733297052227537,0.398954749852709,0.166368033026786,0.031646822844579
0.0267287663661311,0.203650595398387,0.421068990080947,0.530833044674586,0.622403701561014,0.675920222194293,0.724790700116918,0.766769411262579,0.798380798964833,0.814799200728328,0.830333762148205,0.850122142798947,0.874806319510546,0.896683451726361,0.917183248775598,0.934988571918318,0.9532319525508,0.967086584066474,0.979439878591075,0.991551267296515,1,0.992239892393368,0.982625749988335,0.967412754277504,0.951887908116931,0.93169361216081,0.900198708689376,0.859010602166704,0.756803777873296,0.416934083038401,0.181651109756378,0.0521347289497786
0.0148370885907248,0.183419420251498,0.397237791411421,0.508336921966652,0.597115411871298,0.652340047541734,0.701732884611449,0.745566469845884,0.77934085327935,0.796221879399354,0.813552651687768,0.835534788793609,0.860946083758001,0.883346912725236,0.903100883120994,0.920063006999198,0.939879035291321,0.9543730353355,0.967604647569972,0.981725889813793,0.992239892393368,1,0.991367067020189,0.977972461186756,0.963131353688101,0.945228336911916,0.915447165450537,0.874973317059722,0.773318259299368,0.42967370366187,0.199417701117504,0.0703761679012719
-0.00683131931755961,0.162993956120854,0.371080111733928,0.481878357504321,0.57414746253856,0.63217861742377,0.68332093309009,0.728802672115391,0.763429663434657,0.781402886469909,0.799734657246251,0.822512444587084,0.849066215483552,0.871475928703762,0.891670558358289,0.908930972388105,0.929119762610764,0.943052167681286,0.95633497718053,0.971079932889905,0.982625749988335,0.991367067020189,1,0.990293367806275,0.976332482056076,0.959664912094158,0.932442852712501,0.893579098301181,0.792055113105574,0.435947254899346,0.211744549403497,0.0878136834982682
-0.0257903914872675,0.139473707856285,0.335621256644,0.44478892164632,0.536565389620217,0.595469337701871,0.649427771904903,0.697890928400999,0.733277082373771,0.753009092021545,0.772835385884036,0.79732759413347,0.82581478334968,0.85087647536622,0.871465056159364,0.889611771163004,0.909238142985741,0.923800641233934,0.938386141689959,0.954259206035614,0.967412754277504,0.977972461186756,0.990293367806275,1,0.987806965871273,0.97384392943555,0.949870743133246,0.91354182426661,0.814795410737456,0.446588559380766,0.227355989406602,0.106462265211735
-0.0413829943091359,0.111936357760162,0.305380170059805,0.412591063070932,0.50387299559605,0.560498082594762,0.614354461021796,0.665878249006553,0.701930680396724,0.723277299129584,0.744994762818327,0.770663775769175,0.798910061492309,0.827208214999609,0.848291305756978,0.868579951746574,0.889945161374291,0.905753312973233,0.920728688413213,0.937137095028835,0.951887908116931,0.963131353688101,0.976332482056076,0.987806965871273,1,0.984419077443037,0.961335918269144,0.927380412236498,0.829709317609791,0.450438027899449,0.23610909183978,0.11808159408497
-0.0652432479414164,0.0753695151685873,0.264808148492517,0.368357142340934,0.460632174850082,0.518686392323774,0.574396070589959,0.627063096596248,0.66539370314476,0.686797518158804,0.709270971038107,0.736806614463268,0.767247209395388,0.79652388280424,0.818303061458945,0.839350852423099,0.861043511658786,0.878454358679119,0.895995961799154,0.914593184875424,0.93169361216081,0.945228336911916,0.959664912094158,0.97384392943555,0.984419077443037,1,0.981607961289843,0.948117681326291,0.85802378094084,0.488030993518809,0.269276916134772,0.141659335195245
-0.092051219776961,0.0381113793414556,0.21838031393228,0.319381772521733,0.408680425848642,0.468203877430581,0.524550740947844,0.579517259702176,0.617418422759421,0.639085941446363,0.664585462466988,0.692502229752825,0.724553514132827,0.754948242118277,0.778921670537426,0.799901504897277,0.822850471376623,0.840696155409142,0.859436424542885,0.880563983858767,0.900198708689376,0.915447165450537,0.932442852712501,0.949870743133246,0.961335918269144,0.981607961289843,1,0.973352243914005,0.894201294561794,0.528171864832669,0.31165527355397,0.159802367884578
-0.0976122959837091,0.00342386340730872,0.164506273407594,0.262498896373146,0.350574569171646,0.408410551441928,0.464818834885936,0.517973652734757,0.556256402167917,0.579069733939208,0.60471442977794,0.63327430888371,0.6646529999598,0.697181592288641,0.723419202448644,0.746173472590445,0.772838901413782,0.791250409360915,0.810709124380403,0.836151893466221,0.859010602166704,0.874973317059722,0.893579098301181,0.91354182426661,0.927380412236498,0.948117681326291,0.973352243914005,1,0.935983983215415,0.582772757974961,0.35768091325316,0.204963846383886
-0.122341972781351,-0.06181818956931,0.0831196744478742,0.16651140569312,0.256608652089922,0.307737885628192,0.362612071689504,0.408155856289307,0.440833886672998,0.462865945084544,0.489603944586702,0.517767342675773,0.552265347957258,0.583759148307145,0.608928908038819,0.633518777986332,0.658514780903403,0.680552017528294,0.704818022463387,0.733297052227537,0.756803777873296,0.773318259299368,0.792055113105574,0.814795410737456,0.829709317609791,0.85802378094084,0.894201294561794,0.935983983215415,1,0.715979892617089,0.451241450634447,0.26513526020348
-0.0897766023501571,-0.100420452223146,-0.0126956545759971,0.0269702298910064,0.0881529860671764,0.103662791278195,0.134167623038411,0.161118029229985,0.184771170083033,0.199622994300615,0.223195176542934,0.243310648178713,0.268265146572589,0.286175180025356,0.303538520721672,0.318371557477914,0.331406752556822,0.345707751665318,0.37018067754115,0.398954749852709,0.416934083038401,0.42967370366187,0.435947254899346,0.446588559380766,0.450438027899449,0.488030993518809,0.528171864832669,0.582772757974961,0.715979892617089,1,0.587806513794247,0.270388364562479
-0.101586833881227,-0.168643921753307,-0.14674605904985,-0.132022582761242,-0.0938025185757049,-0.079427040309651,-0.0615726864134942,-0.0365892351423038,-0.0140302390170774,-0.00418933775338196,0.0159706587100377,0.0288193909014639,0.0408272291082188,0.0564268766440031,0.0713822725306468,0.0859504453293875,0.0976815800371688,0.114116989311228,0.135098348783199,0.166368033026786,0.181651109756378,0.199417701117504,0.211744549403497,0.227355989406602,0.23610909183978,0.269276916134772,0.31165527355397,0.35768091325316,0.451241450634447,0.587806513794247,1,0.435041108144769
-0.154224013321583,-0.203273581298307,-0.21480575050948,-0.20555360902172,-0.179835156669918,-0.161481000357531,-0.143121632974657,-0.126818435805915,-0.118296596365751,-0.106602015083961,-0.0934006971156774,-0.071935301850371,-0.0548774016438234,-0.0387464541181676,-0.030956328146626,-0.0204810120153523,-0.00951828058476982,-0.000351967455791387,0.0136723277711419,0.031646822844579,0.0521347289497786,0.0703761679012719,0.0878136834982682,0.106462265211735,0.11808159408497,0.141659335195245,0.159802367884578,0.204963846383886,0.26513526020348,0.270388364562479,0.435041108144769,1
