1,0.296663570636486,0.185026122137246,0.142201591530918,0.103763256377937,0.0890672280271913,0.0856475964309529,0.0931334786751889,0.0805590412477064,0.0671271422395762,0.0644756619513781,0.0505890011555727,0.0382847878132592,0.0301377750343027,0.0341834430315448,0.0429014148326297,0.042895626312699,0.0465038662834951,0.0516770427125053,0.0568644901592858,0.0513088322350577,0.0475023272754129,0.0591124696506321,0.0786647565105394,0.0898364309878337,0.0927075175957531,0.0951259568265883,0.111624820597473,0.119874357664312,0.136947512972812,0.175007276996102,0.161074038200712
0.296663570636486,1,0.798228344311072,0.655421448968769,0.558159326500749,0.527066329099485,0.50163781053273,0.481731422561285,0.464885302063081,0.442202601044854,0.413923342050747,0.392433523891409,0.362402753387117,0.328604564570007,0.300499727704623,0.259462442259386,0.235877796945729,0.211631122796882,0.167455938786953,0.12635768552895,0.0870679883388737,0.0630968690771906,0.0641565603068777,0.0701265697082786,0.0563197791689946,0.0500202736558242,0.00394784339676992,-0.00408771810208055,-0.00868583573579741,0.00670960638377144,0.034675186025204,-0.0307910787193708
0.185026122137246,0.798228344311072,1,0.900438620374571,0.784910623966725,0.721356911127044,0.678671147233995,0.64634590757269,0.614341254288687,0.583398198298147,0.553895242790464,0.519198336383277,0.487025342866562,0.454047202042203,0.404782481210884,0.348245396612524,0.312294117957454,0.269908571032098,0.218625278436183,0.170419580028358,0.117298126923201,0.0891260871343692,0.0843688676711485,0.0872316319817076,0.0772992263741169,0.0442467473066645,-0.00967727217112791,-0.0273199629687904,-0.0253033274216353,-0.0134325107255513,-0.0135481240249759,-0.0759591836223209
0.142201591530918,0.655421448968769,0.900438620374571,1,0.936158666995662,0.861834965948938,0.811973500617592,0.772934099894434,0.732764281838914,0.70137518762784,0.672924116466201,0.633814538271854,0.599305100445102,0.557739993663459,0.488783844482369,0.420296693069704,0.379693329132997,0.327779954943738,0.265556045311803,0.209817306502917,0.145010801632202,0.110748917240384,0.103315486083216,0.113787904057153,0.101879109061832,0.0527519607304504,0.0053129126954111,-0.0265451291190508,-0.0318282967783847,-0.0251727560742202,-0.0396575647097666,-0.0734223288125245
0.103763256377937,0.558159326500749,0.784910623966725,0.936158666995662,1,0.950950896550596,0.892281439689278,0.850982286830405,0.814212491055429,0.782431774623795,0.751182575401112,0.707253006019896,0.671356167920014,0.623587071025315,0.546731481134745,0.478182063341191,0.435879453887911,0.378176295012917,0.309671209967316,0.256976397308252,0.189846586096707,0.155295492561769,0.147445752124791,0.149723503753562,0.127558103040309,0.0772745312445288,0.0180611125092826,-0.0213346380277737,-0.037836738278234,-0.0374331543367617,-0.0472452934148704,-0.0736219709771617
0.0890672280271913,0.527066329099485,0.721356911127044,0.861834965948938,0.950950896550596,1,0.954814525671052,0.913723929281884,0.87784361094911,0.844378203665136,0.810231492294616,0.771301304638123,0.740210348153926,0.692289392578197,0.61402079591147,0.543145619846482,0.499148412280369,0.441803780930263,0.371448621249165,0.3142285069199,0.243212499469836,0.206917529067891,0.195508954194988,0.186688970693151,0.160190717003839,0.113546967834514,0.0539497566862871,0.0181473235267134,-0.00954958030248073,-0.0193208711658893,-0.0299827099769227,-0.0748282002408759
0.0856475964309529,0.50163781053273,0.678671147233995,0.811973500617592,0.892281439689278,0.954814525671052,1,0.959295259102175,0.924850844340103,0.891360647233845,0.853885863717542,0.81337560658839,0.783351572754374,0.736074018832133,0.659132575380606,0.587113713231606,0.543273094960403,0.483747977589367,0.412287280717102,0.354204998553165,0.277753812632836,0.237581425541138,0.22450302990161,0.213072563881877,0.185196615964704,0.133681392708571,0.0686543186519645,0.0244446684311127,-0.00237426550352755,-0.0131607137238375,-0.0172945232531744,-0.0630958514865164
0.0931334786751889,0.481731422561285,0.64634590757269,0.772934099894434,0.850982286830405,0.913723929281884,0.959295259102175,1,0.970071105049992,0.93762508190245,0.899594088195249,0.855448293661099,0.822312426538159,0.777576990940553,0.701146935808953,0.628191301880127,0.58431809317374,0.522567901388771,0.44554541597324,0.385594581944003,0.304467303183065,0.260066859586467,0.248032278105432,0.244851719601411,0.212710829559326,0.156470671065842,0.102279720152778,0.0588381823700352,0.043446397911647,0.0324313417198501,0.0195698808447135,-0.0489924243599274
0.0805590412477064,0.464885302063081,0.614341254288687,0.732764281838914,0.814212491055429,0.87784361094911,0.924850844340103,0.970071105049992,1,0.973842329808321,0.937086345084149,0.896152285728569,0.863007246744087,0.819268138505595,0.745842106417196,0.672021512931078,0.627253534123322,0.562375303486169,0.485556666266965,0.426794264265219,0.349089864379346,0.305078100275766,0.290513828917494,0.277749135269765,0.236734505148488,0.172819162283444,0.126896490759433,0.0812195770380705,0.064083110301566,0.0494923178577978,0.0386861257629959,-0.0199060026923413
0.0671271422395762,0.442202601044854,0.583398198298147,0.70137518762784,0.782431774623795,0.844378203665136,0.891360647233845,0.93762508190245,0.973842329808321,1,0.977999599271724,0.9386524643415,0.903067246388232,0.859470458380127,0.790922412655408,0.721573719652304,0.679713390668077,0.614585704853882,0.536261998630897,0.472828892303545,0.395643492566905,0.351661667267098,0.33591834052069,0.314857161115659,0.269112096147165,0.190606438049164,0.162867412375832,0.115789325193644,0.0997161366754575,0.07995154474895,0.0639366546532443,0.00592738546812033
0.0644756619513781,0.413923342050747,0.553895242790464,0.672924116466201,0.751182575401112,0.810231492294616,0.853885863717542,0.899594088195249,0.937086345084149,0.977999599271724,1,0.979053511384366,0.94557673791639,0.904128065190106,0.844463893487335,0.778808300841304,0.73811524791296,0.672915553376317,0.594651314756369,0.528997809465649,0.451584065057193,0.408205538642588,0.39183603988438,0.367127182942369,0.31710495223973,0.218258938863352,0.189469026959903,0.152049706694652,0.138092594307291,0.114162328540934,0.0952847979603667,0.0388556132439333
0.0505890011555727,0.392433523891409,0.519198336383277,0.633814538271854,0.707253006019896,0.771301304638123,0.81337560658839,0.855448293661099,0.896152285728569,0.9386524643415,0.979053511384366,1,0.981663142572893,0.941741357762361,0.890441802338598,0.825276456414515,0.786408615191116,0.726042717347517,0.653617190913246,0.587037137906884,0.50809972147141,0.466314658587767,0.449224861063044,0.415915237582368,0.358591282427137,0.243891507044385,0.216825717805199,0.194837380612581,0.177717605786177,0.147080121697589,0.126445235753574,0.0678620846441431
0.0382847878132592,0.362402753387117,0.487025342866562,0.599305100445102,0.671356167920014,0.740210348153926,0.783351572754374,0.822312426538159,0.863007246744087,0.903067246388232,0.94557673791639,0.981663142572893,1,0.977778335416475,0.92994260546754,0.868070181088823,0.832092532369504,0.777236627434359,0.707899532809567,0.641658147344323,0.562165212293649,0.521088595511466,0.503668367336645,0.471108252038068,0.406550928196953,0.275455676687124,0.240962957909589,0.222923157062949,0.2147159390211,0.187256948812311,0.165419997721764,0.0853280735916127
0.0301377750343027,0.328604564570007,0.454047202042203,0.557739993663459,0.623587071025315,0.692289392578197,0.736074018832133,0.777576990940553,0.819268138505595,0.859470458380127,0.904128065190106,0.941741357762361,0.977778335416475,1,0.968588053572547,0.909511857563819,0.875988714925824,0.827387608027496,0.765600227690061,0.707657296151763,0.629482003763134,0.587545995698366,0.568643070228567,0.533429148204654,0.470156421794042,0.318023250286617,0.292413098529317,0.264933036077853,0.270241844264257,0.247758844287152,0.220281006573155,0.108385160660579
0.0341834430315448,0.300499727704623,0.404782481210884,0.488783844482369,0.546731481134745,0.61402079591147,0.659132575380606,0.701146935808953,0.745842106417196,0.790922412655408,0.844463893487335,0.890441802338598,0.92994260546754,0.968588053572547,1,0.963365531812968,0.936014827637964,0.897472436936614,0.847497594072926,0.794116456460833,0.728858280696232,0.691831775927631,0.67264746252043,0.616561454867397,0.537263966658466,0.371369141768473,0.347061088634835,0.332615292418819,0.344906741747579,0.325107796166074,0.292514276886836,0.160410715609515
0.0429014148326297,0.259462442259386,0.348245396612524,0.420296693069704,0.478182063341191,0.543145619846482,0.587113713231606,0.628191301880127,0.672021512931078,0.721573719652304,0.778808300841304,0.825276456414515,0.868070181088823,0.909511857563819,0.963365531812968,1,0.982502974267158,0.950612484746008,0.911492525269907,0.854494846181733,0.799843334902223,0.767076732166868,0.752522999990917,0.690696854142973,0.60085513205664,0.44043151500669,0.404315232258107,0.401729495513048,0.409876964696959,0.397717730150031,0.357704986700392,0.204872524391104
0.042895626312699,0.235877796945729,0.312294117957454,0.379693329132997,0.435879453887911,0.499148412280369,0.543273094960403,0.58431809317374,0.627253534123322,0.679713390668077,0.73811524791296,0.786408615191116,0.832092532369504,0.875988714925824,0.936014827637964,0.982502974267158,1,0.974723333440485,0.935124325887426,0.87598082686024,0.822634100804386,0.790204817347779,0.77730643677361,0.713022536200655,0.624885854088583,0.462133455651698,0.441036524102833,0.437139582008095,0.443211746615595,0.429258380764396,0.384085202271926,0.223521907336115
0.0465038662834951,0.211631122796882,0.269908571032098,0.327779954943738,0.378176295012917,0.441803780930263,0.483747977589367,0.522567901388771,0.562375303486169,0.614585704853882,0.672915553376317,0.726042717347517,0.777236627434359,0.827387608027496,0.897472436936614,0.950612484746008,0.974723333440485,1,0.974665713408391,0.917596222961236,0.870530031264325,0.839263021226462,0.823563770346171,0.759862399630502,0.671134889353009,0.50534350360409,0.490275806102344,0.491584005126434,0.501312640379879,0.492957603816581,0.453422038750665,0.263174073524407
0.0516770427125053,0.167455938786953,0.218625278436183,0.265556045311803,0.309671209967316,0.371448621249165,0.412287280717102,0.44554541597324,0.485556666266965,0.536261998630897,0.594651314756369,0.653617190913246,0.707899532809567,0.765600227690061,0.847497594072926,0.911492525269907,0.935124325887426,0.974665713408391,1,0.969513881257288,0.934170542321722,0.906018083779243,0.884478232865387,0.805619982037491,0.72581856335002,0.573070751708527,0.545048130965388,0.542162758925882,0.547366735595419,0.537285961496376,0.49813670916106,0.303229473910881
0.0568644901592858,0.12635768552895,0.170419580028358,0.209817306502917,0.256976397308252,0.3142285069199,0.354204998553165,0.385594581944003,0.426794264265219,0.472828892303545,0.528997809465649,0.587037137906884,0.641658147344323,0.707657296151763,0.794116456460833,0.854494846181733,0.87598082686024,0.917596222961236,0.969513881257288,1,0.979692388602015,0.950423746049327,0.924743178447059,0.836045902833451,0.770714369587567,0.606190037380902,0.560131185945327,0.549214388217007,0.54908818031166,0.530198888948294,0.500395813099898,0.308477093176503
0.0513088322350577,0.0870679883388737,0.117298126923201,0.145010801632202,0.189846586096707,0.243212499469836,0.277753812632836,0.304467303183065,0.349089864379346,0.395643492566905,0.451584065057193,0.50809972147141,0.562165212293649,0.629482003763134,0.728858280696232,0.799843334902223,0.822634100804386,0.870530031264325,0.934170542321722,0.979692388602015,1,0.985980722967365,0.95648428035234,0.856288757422294,0.7905567342483,0.618064393573778,0.559641931386403,0.558603066158098,0.558213059541045,0.546344736382926,0.515849243674691,0.339898818917891
0.0475023272754129,0.0630968690771906,0.0891260871343692,0.110748917240384,0.155295492561769,0.206917529067891,0.237581425541138,0.260066859586467,0.305078100275766,0.351661667267098,0.408205538642588,0.466314658587767,0.521088595511466,0.587545995698366,0.691831775927631,0.767076732166868,0.790204817347779,0.839263021226462,0.906018083779243,0.950423746049327,0.985980722967365,1,0.979880729426005,0.878654069616774,0.813542920599363,0.619354516960039,0.58091542779225,0.574501261197938,0.560592488204749,0.551272401178508,0.5211581329918,0.357126409005295
0.0591124696506321,0.0641565603068777,0.0843688676711485,0.103315486083216,0.147445752124791,0.195508954194988,0.22450302990161,0.248032278105432,0.290513828917494,0.33591834052069,0.39183603988438,0.449224861063044,0.503668367336645,0.568643070228567,0.67264746252043,0.752522999990917,0.77730643677361,0.823563770346171,0.884478232865387,0.924743178447059,0.95648428035234,0.979880729426005,1,0.931583503762458,0.859975758027491,0.663646130188071,0.620897712544152,0.625046521224444,0.594674591671069,0.584110190655703,0.55038696704535,0.376370778949795
0.0786647565105394,0.0701265697082786,0.0872316319817076,0.113787904057153,0.149723503753562,0.186688970693151,0.213072563881877,0.244851719601411,0.277749135269765,0.314857161115659,0.367127182942369,0.415915237582368,0.471108252038068,0.533429148204654,0.616561454867397,0.690696854142973,0.713022536200655,0.759862399630502,0.805619982037491,0.836045902833451,0.856288757422294,0.878654069616774,0.931583503762458,1,0.934145897381911,0.71995535087498,0.669337102301891,0.688835909987316,0.650005997215643,0.619047408472379,0.569360807230259,0.397247136723284
0.0898364309878337,0.0563197791689946,0.0772992263741169,0.101879109061832,0.127558103040309,0.160190717003839,0.185196615964704,0.212710829559326,0.236734505148488,0.269112096147165,0.31710495223973,0.358591282427137,0.406550928196953,0.470156421794042,0.537263966658466,0.60085513205664,0.624885854088583,0.671134889353009,0.72581856335002,0.770714369587567,0.7905567342483,0.813542920599363,0.859975758027491,0.934145897381911,1,0.735792112345463,0.712943592036126,0.719642110524968,0.667253726934311,0.622822745444956,0.571712193334523,0.372299273038501
0.0927075175957531,0.0500202736558242,0.0442467473066645,0.0527519607304504,0.0772745312445288,0.113546967834514,0.133681392708571,0.156470671065842,0.172819162283444,0.190606438049164,0.218258938863352,0.243891507044385,0.275455676687124,0.318023250286617,0.371369141768473,0.44043151500669,0.462133455651698,0.50534350360409,0.573070751708527,0.606190037380902,0.618064393573778,0.619354516960039,0.663646130188071,0.71995535087498,0.735792112345463,1,0.800500752682412,0.796188791507895,0.672316282768602,0.616926306619676,0.524181915930282,0.37033945887811
0.0951259568265883,0.00394784339676992,-0.00967727217112791,0.0053129126954111,0.0180611125092826,0.0539497566862871,0.0686543186519645,0.102279720152778,0.126896490759433,0.162867412375832,0.189469026959903,0.216825717805199,0.240962957909589,0.292413098529317,0.347061088634835,0.404315232258107,0.441036524102833,0.490275806102344,0.545048130965388,0.560131185945327,0.559641931386403,0.58091542779225,0.620897712544152,0.669337102301891,0.712943592036126,0.800500752682412,1,0.909755982211145,0.772131700454276,0.6778311192692,0.563992546962801,0.451192300911875
0.111624820597473,-0.00408771810208055,-0.0273199629687904,-0.0265451291190508,-0.0213346380277737,0.0181473235267134,0.0244446684311127,0.0588381823700352,0.0812195770380705,0.115789325193644,0.152049706694652,0.194837380612581,0.222923157062949,0.264933036077853,0.332615292418819,0.401729495513048,0.437139582008095,0.491584005126434,0.542162758925882,0.549214388217007,0.558603066158098,0.574501261197938,0.625046521224444,0.688835909987316,0.719642110524968,0.796188791507895,0.909755982211145,1,0.907804461434006,0.80330929643752,0.674639463657882,0.46541696297944
0.119874357664312,-0.00868583573579741,-0.0253033274216353,-0.0318282967783847,-0.037836738278234,-0.00954958030248073,-0.00237426550352755,0.043446397911647,0.064083110301566,0.0997161366754575,0.138092594307291,0.177717605786177,0.2147159390211,0.270241844264257,0.344906741747579,0.409876964696959,0.443211746615595,0.501312640379879,0.547366735595419,0.54908818031166,0.558213059541045,0.560592488204749,0.594674591671069,0.650005997215643,0.667253726934311,0.672316282768602,0.772131700454276,0.907804461434006,1,0.942574792944107,0.793805333696696,0.481292224660037
0.136947512972812,0.00670960638377144,-0.0134325107255513,-0.0251727560742202,-0.0374331543367617,-0.0193208711658893,-0.0131607137238375,0.0324313417198501,0.0494923178577978,0.07995154474895,0.114162328540934,0.147080121697589,0.187256948812311,0.247758844287152,0.325107796166074,0.397717730150031,0.429258380764396,0.492957603816581,0.537285961496376,0.530198888948294,0.546344736382926,0.551272401178508,0.584110190655703,0.619047408472379,0.622822745444956,0.616926306619676,0.6778311192692,0.80330929643752,0.942574792944107,1,0.892159162899719,0.489465013333006
0.175007276996102,0.034675186025204,-0.0135481240249759,-0.0396575647097666,-0.0472452934148704,-0.0299827099769227,-0.0172945232531744,0.0195698808447135,0.0386861257629959,0.0639366546532443,0.0952847979603667,0.126445235753574,0.165419997721764,0.220281006573155,0.292514276886836,0.357704986700392,0.384085202271926,0.453422038750665,0.49813670916106,0.500395813099898,0.515849243674691,0.5211581329918,0.55038696704535,0.569360807230259,0.571712193334523,0.524181915930282,0.563992546962801,0.674639463657882,0.793805333696696,0.892159162899719,1,0.502990169378087
0.161074038200712,-0.0307910787193708,-0.0759591836223209,-0.0734223288125245,-0.0736219709771617,-0.0748282002408759,-0.0630958514865164,-0.0489924243599274,-0.0199060026923413,0.00592738546812033,0.0388556132439333,0.0678620846441431,0.0853280735916127,0.108385160660579,0.160410715609515,0.204872524391104,0.223521907336115,0.263174073524407,0.303229473910881,0.308477093176503,0.339898818917891,0.357126409005295,0.376370778949795,0.397247136723284,0.372299273038501,0.37033945887811,0.451192300911875,0.46541696297944,0.481292224660037,0.489465013333006,0.502990169378087,1
