1,0.769712909807154,0.689919746275468,0.673140912683773,0.656366554831544,0.646455335553678,0.639245300898693,0.634283350583312,0.620905312419497,0.61159019020001,0.603907521721598,0.596908560456314,0.584691737368796,0.576864721003912,0.558563197552072,0.530714522531075,0.506738781291448,0.489331079214518,0.473037136741364,0.438314146431062,0.366476069665433,0.305325801750459,0.265841917486418,0.227235620422959,0.183495801098675,0.138556137623594,0.103273565116664,0.0413603141710534,0.0318997858934053,0.0642775837834973,-0.0178568719712445,-0.0683140247662167
0.769712909807154,1,0.913457185903995,0.882017337680253,0.865368707949581,0.855989027227689,0.850089642239294,0.84236678093646,0.829901139607204,0.817118472387486,0.814699138887077,0.805688259581234,0.794343021892774,0.786489919306184,0.772220029385916,0.746508532936473,0.71963180762255,0.698431917749718,0.672970791846694,0.632572188497254,0.548499954182826,0.476833183521288,0.424728672563861,0.376670175233177,0.320566082552654,0.25936560183072,0.201971365101689,0.110283695266671,0.0612860439212457,0.0502904201557649,0.0261152862419254,-0.0219782595362304
0.689919746275468,0.913457185903995,1,0.958499819825815,0.927178100775785,0.9107825502723,0.899204966978722,0.888439203658786,0.876326981693324,0.864414329808584,0.86126922509523,0.853040841360425,0.842067505321039,0.834090744850926,0.823056444630712,0.801250143795127,0.773806831974477,0.75624596240395,0.730074028567359,0.68974705272769,0.60740077611322,0.533927088832334,0.476693965323346,0.428833723952362,0.368305020908211,0.301400617038541,0.232080902688218,0.117342635504893,0.0466826567341456,0.0272367486113343,0.0226046552606702,-0.0452656347026528
0.673140912683773,0.882017337680253,0.958499819825815,1,0.980593171531997,0.962128675687098,0.951348703370512,0.94044966972336,0.928583351392763,0.917009820932114,0.914102941427944,0.907093920788755,0.893541644920065,0.886066619050155,0.87678742907974,0.857992862598132,0.832273036507237,0.813499886396947,0.78877000893681,0.745365296104044,0.659610317176793,0.579846313794059,0.518493861157583,0.467757325392768,0.406017881843206,0.331041689671325,0.253006009457224,0.133123309874614,0.0679915685782034,0.032848709103086,-0.00762795907372331,-0.0555864116300037
0.656366554831544,0.865368707949581,0.927178100775785,0.980593171531997,1,0.987238833009593,0.977343500850663,0.966989035923207,0.956769100810041,0.945741798025049,0.942839470213219,0.934845780327744,0.920044170275307,0.91329320867036,0.903829039868509,0.885004979577711,0.859701707066415,0.841014958348742,0.819326968945482,0.777103076171354,0.689165359664862,0.606751426383123,0.544938373997709,0.494300954096483,0.429422425881278,0.352629977376272,0.269289364043609,0.14782153133493,0.0804571311674168,0.0375006607791296,0.00885545769321086,-0.0507345377759447
0.646455335553678,0.855989027227689,0.9107825502723,0.962128675687098,0.987238833009593,1,0.990889904814102,0.980776346414447,0.970025902921686,0.958411190466715,0.954006768689386,0.945166279647893,0.928543128924966,0.921940532049863,0.912849390229511,0.89673748559198,0.873195241859606,0.854678083753972,0.833197797441587,0.789799778061572,0.703668559337635,0.619792613062573,0.556109135638917,0.504963737307916,0.439430346831389,0.36189442452827,0.274449904472701,0.153220948655087,0.0816818350433636,0.0409698548031676,0.0186096929916366,-0.0354373065830275
0.639245300898693,0.850089642239294,0.899204966978722,0.951348703370512,0.977343500850663,0.990889904814102,1,0.992988723955873,0.982913775841446,0.972023865068921,0.967793977371593,0.959558763439475,0.944666803160856,0.938052334584607,0.92974411383657,0.915102097731169,0.891616696838034,0.873050745472132,0.852012038465287,0.811693273331623,0.72761893343593,0.64392518129263,0.579605678494289,0.529330210723049,0.462292963060818,0.383535438982167,0.292796711051745,0.165730330245465,0.087666474695994,0.0414605439525278,0.0175024334655636,-0.0360509025919668
0.634283350583312,0.84236678093646,0.888439203658786,0.94044966972336,0.966989035923207,0.980776346414447,0.992988723955873,1,0.993940129367837,0.984387426830103,0.979050731204747,0.97059370207247,0.956468598217839,0.950142381298531,0.941700385247825,0.927159657248016,0.904092180697831,0.884815952666393,0.863818443717724,0.824771768053438,0.743665448572913,0.660752089120592,0.596196064139604,0.545084037318409,0.478576478368621,0.40133989701758,0.309000912515185,0.176061551056012,0.0952116717826309,0.0449558918665777,0.0176050793060915,-0.0302343765785375
0.620905312419497,0.829901139607204,0.876326981693324,0.928583351392763,0.956769100810041,0.970025902921686,0.982913775841446,0.993940129367837,1,0.994080679699318,0.988610106185653,0.980243006469806,0.967204039740626,0.96117820454553,0.952613054819561,0.937412841577767,0.915938158947528,0.896791057724032,0.87691349267311,0.838701624633088,0.759740322362659,0.677933684466123,0.613661615996019,0.562373860950405,0.495617890215023,0.418995609160621,0.325422821514562,0.190319766373672,0.108022660818252,0.0478304492422991,0.0182508089685595,-0.0166558874738978
0.61159019020001,0.817118472387486,0.864414329808584,0.917009820932114,0.945741798025049,0.958411190466715,0.972023865068921,0.984387426830103,0.994080679699318,1,0.995323051150593,0.98739277316285,0.975132720655098,0.969145532885435,0.960663753639903,0.944520435551156,0.924702461552129,0.907029967869067,0.88856096118365,0.852375117940195,0.776128397746418,0.694684712255122,0.631191237826552,0.580808953873194,0.513944655765543,0.438912506082054,0.348464729169267,0.21586278870563,0.12563568591381,0.0562274304500728,0.0208934321536677,-0.011899569432861
0.603907521721598,0.814699138887077,0.86126922509523,0.914102941427944,0.942839470213219,0.954006768689386,0.967793977371593,0.979050731204747,0.988610106185653,0.995323051150593,1,0.995189742330774,0.984309824016439,0.978825972502221,0.970584483981209,0.954846736807931,0.93526386583353,0.918274391404662,0.900410918888944,0.866063776955472,0.790297315619024,0.710584502009696,0.649279256970536,0.599313428410903,0.533442743073415,0.460561623182514,0.368606528586103,0.233423177899864,0.140224405391459,0.0631046791979958,0.0309784244993056,-0.00915233618313547
0.596908560456314,0.805688259581234,0.853040841360425,0.907093920788755,0.934845780327744,0.945166279647893,0.959558763439475,0.97059370207247,0.980243006469806,0.98739277316285,0.995189742330774,1,0.992856395083225,0.987553928506591,0.98048476113572,0.966140578120666,0.947343568060823,0.93061358708179,0.913327897372081,0.880732707135231,0.807262481382773,0.731565681379871,0.672277559697967,0.622852502280664,0.558871721112817,0.488443316511798,0.396199250765493,0.259792197880308,0.160841041839368,0.0708748157948364,0.0418792743486819,-0.000438691223183614
0.584691737368796,0.794343021892774,0.842067505321039,0.893541644920065,0.920044170275307,0.928543128924966,0.944666803160856,0.956468598217839,0.967204039740626,0.975132720655098,0.984309824016439,0.992856395083225,1,0.995880969561462,0.98917333151844,0.974628932737597,0.957504493487748,0.943347000921335,0.926710157262279,0.897218093165266,0.82608357117555,0.755803505497744,0.700996867857747,0.652360797266087,0.589159900449217,0.521562760763553,0.430250917682181,0.287278610969487,0.18356195128721,0.0824616045363072,0.041765319913504,0.000271642296920467
0.576864721003912,0.786489919306184,0.834090744850926,0.886066619050155,0.91329320867036,0.921940532049863,0.938052334584607,0.950142381298531,0.96117820454553,0.969145532885435,0.978825972502221,0.987553928506591,0.995880969561462,1,0.995850667746647,0.98278374032804,0.967715934222078,0.95489872283887,0.938513978841278,0.909343766111349,0.842027507146467,0.775114823146181,0.721011847876152,0.672796883349039,0.609827204109097,0.542815525009323,0.448150088048886,0.299514277561889,0.193467144199796,0.0833849222171449,0.0419730880562694,-0.000255765027943669
0.558563197552072,0.772220029385916,0.823056444630712,0.87678742907974,0.903829039868509,0.912849390229511,0.92974411383657,0.941700385247825,0.952613054819561,0.960663753639903,0.970584483981209,0.98048476113572,0.98917333151844,0.995850667746647,1,0.992036372603655,0.978124718206063,0.966394224908206,0.95002146265582,0.921714951190479,0.858314181921742,0.795062579858137,0.742755201903923,0.694570173302677,0.633105780745622,0.565148873521491,0.467541254820281,0.312353047484322,0.200823217604363,0.0862326433620304,0.0430705696573615,-0.00122616499838638
0.530714522531075,0.746508532936473,0.801250143795127,0.857992862598132,0.885004979577711,0.89673748559198,0.915102097731169,0.927159657248016,0.937412841577767,0.944520435551156,0.954846736807931,0.966140578120666,0.974628932737597,0.98278374032804,0.992036372603655,1,0.989569713573313,0.978774584531061,0.963476556870676,0.936494886484204,0.881473167958467,0.824072313097599,0.773878577864396,0.727733199515522,0.670247400586663,0.601434317371974,0.502407761716266,0.340834948777062,0.219385726611602,0.098702347362281,0.0515682614211336,-0.00143764271761559
0.506738781291448,0.71963180762255,0.773806831974477,0.832273036507237,0.859701707066415,0.873195241859606,0.891616696838034,0.904092180697831,0.915938158947528,0.924702461552129,0.93526386583353,0.947343568060823,0.957504493487748,0.967715934222078,0.978124718206063,0.989569713573313,1,0.992717712051155,0.978830603843517,0.954231647178739,0.90768713362111,0.855250795816556,0.805879282973917,0.761856895550781,0.706058607540227,0.638350353606987,0.537748853920912,0.376540199064033,0.242042969991448,0.108987473347309,0.0538152142264402,-0.00276443405274726
0.489331079214518,0.698431917749718,0.75624596240395,0.813499886396947,0.841014958348742,0.854678083753972,0.873050745472132,0.884815952666393,0.896791057724032,0.907029967869067,0.918274391404662,0.93061358708179,0.943347000921335,0.95489872283887,0.966394224908206,0.978774584531061,0.992717712051155,1,0.992137778735973,0.971944560605717,0.932176457365973,0.88394897614274,0.837807660288535,0.794652358076209,0.740086434668826,0.672591401979517,0.571421197754402,0.404921088186705,0.265212722731494,0.12422546468633,0.0615423459716336,-0.00350805949955629
0.473037136741364,0.672970791846694,0.730074028567359,0.78877000893681,0.819326968945482,0.833197797441587,0.852012038465287,0.863818443717724,0.87691349267311,0.88856096118365,0.900410918888944,0.913327897372081,0.926710157262279,0.938513978841278,0.95002146265582,0.963476556870676,0.978830603843517,0.992137778735973,1,0.987623725918397,0.95271661311934,0.908081753938225,0.863015922892463,0.820715825230124,0.76740352542657,0.699992667609974,0.596647685741221,0.429146700081881,0.281459726516519,0.129164079757536,0.0610056487617349,-0.00614095759292368
0.438314146431062,0.632572188497254,0.68974705272769,0.745365296104044,0.777103076171354,0.789799778061572,0.811693273331623,0.824771768053438,0.838701624633088,0.852375117940195,0.866063776955472,0.880732707135231,0.897218093165266,0.909343766111349,0.921714951190479,0.936494886484204,0.954231647178739,0.971944560605717,0.987623725918397,1,0.974348830661798,0.937241639223999,0.89832965102415,0.860535482006098,0.808839572649591,0.745752685601385,0.644208022839002,0.477103734389256,0.315222231619924,0.139772767582481,0.0691745528541125,-0.00510938297471189
0.366476069665433,0.548499954182826,0.60740077611322,0.659610317176793,0.689165359664862,0.703668559337635,0.72761893343593,0.743665448572913,0.759740322362659,0.776128397746418,0.790297315619024,0.807262481382773,0.82608357117555,0.842027507146467,0.858314181921742,0.881473167958467,0.90768713362111,0.932176457365973,0.95271661311934,0.974348830661798,1,0.982902694862462,0.951100264131297,0.919943144184773,0.874219913607654,0.813316586932589,0.709559040755795,0.535042187231157,0.356323120114848,0.159570444477657,0.0781263402106424,-0.00889659181380788
0.305325801750459,0.476833183521288,0.533927088832334,0.579846313794059,0.606751426383123,0.619792613062573,0.64392518129263,0.660752089120592,0.677933684466123,0.694684712255122,0.710584502009696,0.731565681379871,0.755803505497744,0.775114823146181,0.795062579858137,0.824072313097599,0.855250795816556,0.88394897614274,0.908081753938225,0.937241639223999,0.982902694862462,1,0.98261767147666,0.956705628940984,0.917933540860065,0.864902692830276,0.766433278583656,0.593860386704394,0.400306118096283,0.184005063715,0.0992462383426712,-0.0019185055626372
0.265841917486418,0.424728672563861,0.476693965323346,0.518493861157583,0.544938373997709,0.556109135638917,0.579605678494289,0.596196064139604,0.613661615996019,0.631191237826552,0.649279256970536,0.672277559697967,0.700996867857747,0.721011847876152,0.742755201903923,0.773878577864396,0.805879282973917,0.837807660288535,0.863015922892463,0.89832965102415,0.951100264131297,0.98261767147666,1,0.977808678661755,0.942306994537105,0.894311438136811,0.804514441586073,0.630983980337387,0.434156862756692,0.210442692339193,0.110407676501114,-0.00709372659761187
0.227235620422959,0.376670175233177,0.428833723952362,0.467757325392768,0.494300954096483,0.504963737307916,0.529330210723049,0.545084037318409,0.562373860950405,0.580808953873194,0.599313428410903,0.622852502280664,0.652360797266087,0.672796883349039,0.694570173302677,0.727733199515522,0.761856895550781,0.794652358076209,0.820715825230124,0.860535482006098,0.919943144184773,0.956705628940984,0.977808678661755,1,0.97539504450293,0.928293896709508,0.837947817034229,0.663115189069165,0.462250126376662,0.239080958894281,0.127157929450622,-0.0136441082725475
0.183495801098675,0.320566082552654,0.368305020908211,0.406017881843206,0.429422425881278,0.439430346831389,0.462292963060818,0.478576478368621,0.495617890215023,0.513944655765543,0.533442743073415,0.558871721112817,0.589159900449217,0.609827204109097,0.633105780745622,0.670247400586663,0.706058607540227,0.740086434668826,0.76740352542657,0.808839572649591,0.874219913607654,0.917933540860065,0.942306994537105,0.97539504450293,1,0.971644902563307,0.889205139387872,0.721839623804422,0.514020826186515,0.271234352857088,0.147230176731229,-0.00298472728141719
0.138556137623594,0.25936560183072,0.301400617038541,0.331041689671325,0.352629977376272,0.36189442452827,0.383535438982167,0.40133989701758,0.418995609160621,0.438912506082054,0.460561623182514,0.488443316511798,0.521562760763553,0.542815525009323,0.565148873521491,0.601434317371974,0.638350353606987,0.672591401979517,0.699992667609974,0.745752685601385,0.813316586932589,0.864902692830276,0.894311438136811,0.928293896709508,0.971644902563307,1,0.942358730278157,0.796289277970749,0.571064035171019,0.297620371820756,0.171991904175576,0.0072353845258287
0.103273565116664,0.201971365101689,0.232080902688218,0.253006009457224,0.269289364043609,0.274449904472701,0.292796711051745,0.309000912515185,0.325422821514562,0.348464729169267,0.368606528586103,0.396199250765493,0.430250917682181,0.448150088048886,0.467541254820281,0.502407761716266,0.537748853920912,0.571421197754402,0.596647685741221,0.644208022839002,0.709559040755795,0.766433278583656,0.804514441586073,0.837947817034229,0.889205139387872,0.942358730278157,1,0.906382962011944,0.680437650844154,0.391349696657102,0.233007349895396,0.0247367510068691
0.0413603141710534,0.110283695266671,0.117342635504893,0.133123309874614,0.14782153133493,0.153220948655087,0.165730330245465,0.176061551056012,0.190319766373672,0.21586278870563,0.233423177899864,0.259792197880308,0.287278610969487,0.299514277561889,0.312353047484322,0.340834948777062,0.376540199064033,0.404921088186705,0.429146700081881,0.477103734389256,0.535042187231157,0.593860386704394,0.630983980337387,0.663115189069165,0.721839623804422,0.796289277970749,0.906382962011944,1,0.813761201353806,0.470924670799864,0.302353651254245,0.0444893856351882
0.0318997858934053,0.0612860439212457,0.0466826567341456,0.0679915685782034,0.0804571311674168,0.0816818350433636,0.087666474695994,0.0952116717826309,0.108022660818252,0.12563568591381,0.140224405391459,0.160841041839368,0.18356195128721,0.193467144199796,0.200823217604363,0.219385726611602,0.242042969991448,0.265212722731494,0.281459726516519,0.315222231619924,0.356323120114848,0.400306118096283,0.434156862756692,0.462250126376662,0.514020826186515,0.571064035171019,0.680437650844154,0.813761201353806,1,0.711848880028486,0.418910932355032,0.0715392469480714
0.0642775837834973,0.0502904201557649,0.0272367486113343,0.032848709103086,0.0375006607791296,0.0409698548031676,0.0414605439525278,0.0449558918665777,0.0478304492422991,0.0562274304500728,0.0631046791979958,0.0708748157948364,0.0824616045363072,0.0833849222171449,0.0862326433620304,0.098702347362281,0.108987473347309,0.12422546468633,0.129164079757536,0.139772767582481,0.159570444477657,0.184005063715,0.210442692339193,0.239080958894281,0.271234352857088,0.297620371820756,0.391349696657102,0.470924670799864,0.711848880028486,1,0.514710357622836,0.110193219901949
-0.0178568719712445,0.0261152862419254,0.0226046552606702,-0.00762795907372331,0.00885545769321086,0.0186096929916366,0.0175024334655636,0.0176050793060915,0.0182508089685595,0.0208934321536677,0.0309784244993056,0.0418792743486819,0.041765319913504,0.0419730880562694,0.0430705696573615,0.0515682614211336,0.0538152142264402,0.0615423459716336,0.0610056487617349,0.0691745528541125,0.0781263402106424,0.0992462383426712,0.110407676501114,0.127157929450622,0.147230176731229,0.171991904175576,0.233007349895396,0.302353651254245,0.418910932355032,0.514710357622836,1,0.361345826813838
-0.0683140247662167,-0.0219782595362304,-0.0452656347026528,-0.0555864116300037,-0.0507345377759447,-0.0354373065830275,-0.0360509025919668,-0.0302343765785375,-0.0166558874738978,-0.011899569432861,-0.00915233618313547,-0.000438691223183614,0.000271642296920467,-0.000255765027943669,-0.00122616499838638,-0.00143764271761559,-0.00276443405274726,-0.00350805949955629,-0.00614095759292368,-0.00510938297471189,-0.00889659181380788,-0.0019185055626372,-0.00709372659761187,-0.0136441082725475,-0.00298472728141719,0.0072353845258287,0.0247367510068691,0.0444893856351882,0.0715392469480714,0.110193219901949,0.361345826813838,1
