1,0.792756216754191,0.72191427075443,0.685026802291111,0.654965520929328,0.635788947359018,0.627671494854081,0.617504630356251,0.611520789381056,0.59974538583945,0.58496098056716,0.56726523158845,0.549385116806393,0.548036439109291,0.538557057973042,0.527876648409258,0.516577247941324,0.515486660998201,0.513775794208874,0.50896342134508,0.504168443486296,0.489079464256759,0.481327599276435,0.470812008717473,0.446261614682756,0.419948329097359,0.381409097035182,0.344983469205419,0.313756698178499,0.227846547443221,0.0702555437864346,-0.0671350780090923
0.792756216754191,1,0.928515205865754,0.883259121396463,0.842690207973723,0.819826838150677,0.805725328180069,0.792694063033029,0.78225020041555,0.767839862249074,0.750960890432803,0.737386889936102,0.729173687413133,0.723967740586111,0.712275614255707,0.70126120354587,0.689147250995275,0.685839222177752,0.684596161547066,0.674801665905165,0.662188015597808,0.644991444995326,0.635173044000641,0.615395534842502,0.588855235287644,0.555434200945134,0.521993288078527,0.47712450647671,0.437474564138824,0.306695831720268,0.0955892871405542,-0.0518296018756629
0.72191427075443,0.928515205865754,1,0.963999730916906,0.921419219640896,0.898064322590144,0.881182914206926,0.864610163346312,0.857972433491069,0.848036995263971,0.834928789868746,0.823519882182887,0.810665529964617,0.800724737627232,0.789910077931086,0.777709606394525,0.766513026775885,0.76217500795,0.758788540260943,0.748195191551048,0.733675432936645,0.718325950747432,0.706242372228207,0.683045347401872,0.662892735017587,0.630459256355765,0.601602411755476,0.555231984130268,0.505552874277994,0.351515992696605,0.115123727556591,-0.0121155163502796
0.685026802291111,0.883259121396463,0.963999730916906,1,0.969359109626976,0.943059542325987,0.92536132818699,0.905524809949734,0.897339722103782,0.885194480703706,0.87276562796805,0.8640223818791,0.849283782431041,0.841743004799937,0.831597250688343,0.818619780414369,0.808789548517304,0.804000420510732,0.799429646584663,0.790155726979627,0.775246256916731,0.76148211814481,0.747255860717271,0.726714182221152,0.706121022497774,0.679080088652291,0.650992039065285,0.604927164540473,0.550721950827722,0.381732001530263,0.145395786142411,0.0338833736595142
0.654965520929328,0.842690207973723,0.921419219640896,0.969359109626976,1,0.97599825030054,0.956733686612366,0.937671265978878,0.930059252149897,0.918928548676458,0.906178825572006,0.896508189809717,0.879980335686443,0.872490771367111,0.863057480413243,0.848633245117642,0.840281359046615,0.834540027786008,0.82847246258535,0.821387887306062,0.808113071545448,0.795101014783622,0.781769792998171,0.76344679758821,0.745861625775059,0.71899941257981,0.689878998988127,0.645040727974066,0.591704285667317,0.413658258012802,0.177825485199068,0.0631252130007202
0.635788947359018,0.819826838150677,0.898064322590144,0.943059542325987,0.97599825030054,1,0.985160515269434,0.964234278786515,0.9546381132132,0.944883099953454,0.931101166438659,0.916751345565484,0.89916622019506,0.889961896929029,0.881047301266669,0.865679976384321,0.857037246079987,0.854207570995159,0.848974386407846,0.842375418056308,0.832001989620035,0.820307984201199,0.809046399718585,0.792141076291213,0.775155506621324,0.746749746166988,0.719233108594548,0.671493856699215,0.616384879154904,0.437933692232583,0.195626277624098,0.077323399931864
0.627671494854081,0.805725328180069,0.881182914206926,0.92536132818699,0.956733686612366,0.985160515269434,1,0.984397969663115,0.972803765155627,0.959658042432654,0.943393652192909,0.928464029448554,0.90955032299399,0.89981394371598,0.889832872537599,0.873498305249701,0.864028513331282,0.861796912880742,0.855672481348605,0.84937702431627,0.840164486239695,0.828992973684441,0.818600402222599,0.803641983235231,0.786249173086724,0.759933234043366,0.732122933812159,0.681575160207035,0.625133819407475,0.445924305846383,0.201796687373035,0.0845531315222985
0.617504630356251,0.792694063033029,0.864610163346312,0.905524809949734,0.937671265978878,0.964234278786515,0.984397969663115,1,0.988440834450749,0.972769775122335,0.954935247884644,0.94003116014407,0.921103733709142,0.910521357867464,0.89919585550993,0.883122260469054,0.873352126026205,0.871653027798692,0.866570759966088,0.859755322657295,0.849538208923328,0.839313298344782,0.830364136468345,0.815310514229725,0.798082434159097,0.772764864700229,0.745456300028647,0.694674024210995,0.638781628403794,0.454313361188872,0.205959275296607,0.0864519348786546
0.611520789381056,0.78225020041555,0.857972433491069,0.897339722103782,0.930059252149897,0.9546381132132,0.972803765155627,0.988440834450749,1,0.988362897743803,0.970441798896369,0.956327527762054,0.936680449382184,0.926280747865868,0.914572528337662,0.899181473088656,0.88906142200693,0.886924414628254,0.881858174869742,0.873878471133734,0.863177304807852,0.852854527063274,0.844065725801843,0.83005330622325,0.813701500093066,0.787795093470649,0.759103599512281,0.707349370528626,0.649145894483013,0.46091318102042,0.211467685899678,0.0844647640905663
0.59974538583945,0.767839862249074,0.848036995263971,0.885194480703706,0.918928548676458,0.944883099953454,0.959658042432654,0.972769775122335,0.988362897743803,1,0.987637882615155,0.973324961440552,0.952959398637145,0.94187909863983,0.929647496812822,0.914782108147663,0.904342630951113,0.89980005624927,0.893469634905176,0.886386156008249,0.875722889682453,0.865648770413179,0.857198949478481,0.84078548681921,0.824404613147026,0.797885564408876,0.770246888894417,0.7186270626007,0.660877255234189,0.474324258238811,0.226332742311945,0.0945879828164786
0.58496098056716,0.750960890432803,0.834928789868746,0.87276562796805,0.906178825572006,0.931101166438659,0.943393652192909,0.954935247884644,0.970441798896369,0.987637882615155,1,0.988178711854016,0.969155347131902,0.957356432671321,0.945575061020017,0.930114791818567,0.92030889131848,0.914566318887963,0.907618481216069,0.900167252150263,0.889938026778281,0.879107176828749,0.869802181880765,0.852483458147557,0.835361058848979,0.807271729727669,0.778882573867069,0.72778420487298,0.670547813290109,0.47903486772758,0.231452213492739,0.107154667783248
0.56726523158845,0.737386889936102,0.823519882182887,0.8640223818791,0.896508189809717,0.916751345565484,0.928464029448554,0.94003116014407,0.956327527762054,0.973324961440552,0.988178711854016,1,0.989051015326959,0.977604170349935,0.966133073823132,0.950502220353704,0.940792619241993,0.934399140134619,0.926747660109552,0.918757219267933,0.909230536823537,0.897754273426992,0.887548064743786,0.870329456517798,0.852297970495012,0.826610315994882,0.798339131582516,0.746037309778454,0.690140229091584,0.49724300761771,0.250054300401237,0.125437939862844
0.549385116806393,0.729173687413133,0.810665529964617,0.849283782431041,0.879980335686443,0.89916622019506,0.90955032299399,0.921103733709142,0.936680449382184,0.952959398637145,0.969155347131902,0.989051015326959,1,0.989719496264588,0.978374507430038,0.963137797491889,0.953937696970108,0.946898829736694,0.938241387371108,0.930434529490003,0.920022030481264,0.907637413543682,0.896167374224079,0.879012266548622,0.860965039592273,0.836576850396358,0.809320153420446,0.758828880707959,0.703624875477352,0.514476993019758,0.270364919080204,0.143979516395965
0.548036439109291,0.723967740586111,0.800724737627232,0.841743004799937,0.872490771367111,0.889961896929029,0.89981394371598,0.910521357867464,0.926280747865868,0.94187909863983,0.957356432671321,0.977604170349935,0.989719496264588,1,0.99144144883276,0.976946063864496,0.967989290931688,0.960570414468329,0.951404974079601,0.9439651388668,0.933434788411146,0.921700851145032,0.911716828677174,0.896441217226512,0.879243542747828,0.856064085591666,0.828452296655428,0.779078513484788,0.72450152338446,0.533553937705618,0.285025657694881,0.158407946518276
0.538557057973042,0.712275614255707,0.789910077931086,0.831597250688343,0.863057480413243,0.881047301266669,0.889832872537599,0.89919585550993,0.914572528337662,0.929647496812822,0.945575061020017,0.966133073823132,0.978374507430038,0.99144144883276,1,0.99091744789313,0.981861589569044,0.972640783786983,0.963251245082386,0.955456121200011,0.9445175291092,0.932551856877847,0.923616643010486,0.908464106358626,0.892830275435886,0.871395873649302,0.845434529595294,0.798687055197035,0.744972990832638,0.558508269895722,0.304956240084944,0.17726597919288
0.527876648409258,0.70126120354587,0.777709606394525,0.818619780414369,0.848633245117642,0.865679976384321,0.873498305249701,0.883122260469054,0.899181473088656,0.914782108147663,0.930114791818567,0.950502220353704,0.963137797491889,0.976946063864496,0.99091744789313,1,0.992071778188553,0.982402851540596,0.972577645828326,0.964948107168159,0.955239810890385,0.944258379750881,0.934563571881663,0.918396928521026,0.902503102905348,0.881446404024164,0.856294011331987,0.810996443812982,0.757392589228434,0.570456908731337,0.312593231217244,0.186766432909327
0.516577247941324,0.689147250995275,0.766513026775885,0.808789548517304,0.840281359046615,0.857037246079987,0.864028513331282,0.873352126026205,0.88906142200693,0.904342630951113,0.92030889131848,0.940792619241993,0.953937696970108,0.967989290931688,0.981861589569044,0.992071778188553,1,0.992148362401312,0.981556665102432,0.972433130130142,0.962227370490397,0.950580751600345,0.940543358199144,0.924596622165613,0.90881265489039,0.888586441761082,0.865228864270432,0.822873600340777,0.770049352908393,0.584710956086759,0.32774464299441,0.192863366769952
0.515486660998201,0.685839222177752,0.76217500795,0.804000420510732,0.834540027786008,0.854207570995159,0.861796912880742,0.871653027798692,0.886924414628254,0.89980005624927,0.914566318887963,0.934399140134619,0.946898829736694,0.960570414468329,0.972640783786983,0.982402851540596,0.992148362401312,1,0.992436458266413,0.982352770064043,0.971938270213485,0.960314048323189,0.950878325084238,0.935322059475773,0.918816061732761,0.898025653586228,0.872479497736653,0.829254822913366,0.775944907491227,0.589184571973172,0.327710796184825,0.201787612806584
0.513775794208874,0.684596161547066,0.758788540260943,0.799429646584663,0.82847246258535,0.848974386407846,0.855672481348605,0.866570759966088,0.881858174869742,0.893469634905176,0.907618481216069,0.926747660109552,0.938241387371108,0.951404974079601,0.963251245082386,0.972577645828326,0.981556665102432,0.992436458266413,1,0.99109254369781,0.980970077681598,0.968842377579272,0.959127954117276,0.944006766951908,0.926728343376144,0.90626668380352,0.879615715838075,0.835792110416223,0.782386026159533,0.594665908322875,0.33013671698769,0.208821492367296
0.50896342134508,0.674801665905165,0.748195191551048,0.790155726979627,0.821387887306062,0.842375418056308,0.84937702431627,0.859755322657295,0.873878471133734,0.886386156008249,0.900167252150263,0.918757219267933,0.930434529490003,0.9439651388668,0.955456121200011,0.964948107168159,0.972433130130142,0.982352770064043,0.99109254369781,1,0.992124571624433,0.979379332518338,0.968602074643722,0.952688457874935,0.934887690649731,0.913224009792665,0.887048231408935,0.844233708256499,0.791274538261984,0.601241827839392,0.333867980117187,0.219592457454833
0.504168443486296,0.662188015597808,0.733675432936645,0.775246256916731,0.808113071545448,0.832001989620035,0.840164486239695,0.849538208923328,0.863177304807852,0.875722889682453,0.889938026778281,0.909230536823537,0.920022030481264,0.933434788411146,0.9445175291092,0.955239810890385,0.962227370490397,0.971938270213485,0.980970077681598,0.992124571624433,1,0.989432220973033,0.97834152888763,0.961341628850055,0.94313058565832,0.921491035321605,0.896232335804203,0.85290657644789,0.798750084530213,0.603010182739999,0.333757674188105,0.220151526411062
0.489079464256759,0.644991444995326,0.718325950747432,0.76148211814481,0.795101014783622,0.820307984201199,0.828992973684441,0.839313298344782,0.852854527063274,0.865648770413179,0.879107176828749,0.897754273426992,0.907637413543682,0.921700851145032,0.932551856877847,0.944258379750881,0.950580751600345,0.960314048323189,0.968842377579272,0.979379332518338,0.989432220973033,1,0.990655111692526,0.975985224964397,0.958223290065214,0.936549805342256,0.911042298620953,0.870068550438756,0.813239636106359,0.6144516840457,0.344850288991844,0.23363728497087
0.481327599276435,0.635173044000641,0.706242372228207,0.747255860717271,0.781769792998171,0.809046399718585,0.818600402222599,0.830364136468345,0.844065725801843,0.857198949478481,0.869802181880765,0.887548064743786,0.896167374224079,0.911716828677174,0.923616643010486,0.934563571881663,0.940543358199144,0.950878325084238,0.959127954117276,0.968602074643722,0.97834152888763,0.990655111692526,1,0.98787825558646,0.970455125355059,0.949256566380428,0.924864652792627,0.884088284294434,0.829107275939409,0.631714993126367,0.350908709949418,0.241375963962004
0.470812008717473,0.615395534842502,0.683045347401872,0.726714182221152,0.76344679758821,0.792141076291213,0.803641983235231,0.815310514229725,0.83005330622325,0.84078548681921,0.852483458147557,0.870329456517798,0.879012266548622,0.896441217226512,0.908464106358626,0.918396928521026,0.924596622165613,0.935322059475773,0.944006766951908,0.952688457874935,0.961341628850055,0.975985224964397,0.98787825558646,1,0.986657859885677,0.967255231127674,0.941730227611022,0.901351563574562,0.845375195661704,0.640550919082841,0.351408741639163,0.261574956857834
0.446261614682756,0.588855235287644,0.662892735017587,0.706121022497774,0.745861625775059,0.775155506621324,0.786249173086724,0.798082434159097,0.813701500093066,0.824404613147026,0.835361058848979,0.852297970495012,0.860965039592273,0.879243542747828,0.892830275435886,0.902503102905348,0.90881265489039,0.918816061732761,0.926728343376144,0.934887690649731,0.94313058565832,0.958223290065214,0.970455125355059,0.986657859885677,1,0.982087995872786,0.957132725171516,0.916899425944903,0.861408254394337,0.654565271231824,0.357150182140955,0.276552815591919
0.419948329097359,0.555434200945134,0.630459256355765,0.679080088652291,0.71899941257981,0.746749746166988,0.759933234043366,0.772764864700229,0.787795093470649,0.797885564408876,0.807271729727669,0.826610315994882,0.836576850396358,0.856064085591666,0.871395873649302,0.881446404024164,0.888586441761082,0.898025653586228,0.90626668380352,0.913224009792665,0.921491035321605,0.936549805342256,0.949256566380428,0.967255231127674,0.982087995872786,1,0.982314264298261,0.944494005397512,0.890468618973444,0.683219144885296,0.376289770983295,0.314962536088928
0.381409097035182,0.521993288078527,0.601602411755476,0.650992039065285,0.689878998988127,0.719233108594548,0.732122933812159,0.745456300028647,0.759103599512281,0.770246888894417,0.778882573867069,0.798339131582516,0.809320153420446,0.828452296655428,0.845434529595294,0.856294011331987,0.865228864270432,0.872479497736653,0.879615715838075,0.887048231408935,0.896232335804203,0.911042298620953,0.924864652792627,0.941730227611022,0.957132725171516,0.982314264298261,1,0.969698404389225,0.916998639551556,0.706689109510748,0.403512352739949,0.356234098313583
0.344983469205419,0.47712450647671,0.555231984130268,0.604927164540473,0.645040727974066,0.671493856699215,0.681575160207035,0.694674024210995,0.707349370528626,0.7186270626007,0.72778420487298,0.746037309778454,0.758828880707959,0.779078513484788,0.798687055197035,0.810996443812982,0.822873600340777,0.829254822913366,0.835792110416223,0.844233708256499,0.85290657644789,0.870068550438756,0.884088284294434,0.901351563574562,0.916899425944903,0.944494005397512,0.969698404389225,1,0.960191451292075,0.78222670477007,0.482412357349096,0.41348394272285
0.313756698178499,0.437474564138824,0.505552874277994,0.550721950827722,0.591704285667317,0.616384879154904,0.625133819407475,0.638781628403794,0.649145894483013,0.660877255234189,0.670547813290109,0.690140229091584,0.703624875477352,0.72450152338446,0.744972990832638,0.757392589228434,0.770049352908393,0.775944907491227,0.782386026159533,0.791274538261984,0.798750084530213,0.813239636106359,0.829107275939409,0.845375195661704,0.861408254394337,0.890468618973444,0.916998639551556,0.960191451292075,1,0.861095713241534,0.552343593232343,0.466523648803145
0.227846547443221,0.306695831720268,0.351515992696605,0.381732001530263,0.413658258012802,0.437933692232583,0.445924305846383,0.454313361188872,0.46091318102042,0.474324258238811,0.47903486772758,0.49724300761771,0.514476993019758,0.533553937705618,0.558508269895722,0.570456908731337,0.584710956086759,0.589184571973172,0.594665908322875,0.601241827839392,0.603010182739999,0.6144516840457,0.631714993126367,0.640550919082841,0.654565271231824,0.683219144885296,0.706689109510748,0.78222670477007,0.861095713241534,1,0.815392591586971,0.534473525160764
0.0702555437864346,0.0955892871405542,0.115123727556591,0.145395786142411,0.177825485199068,0.195626277624098,0.201796687373035,0.205959275296607,0.211467685899678,0.226332742311945,0.231452213492739,0.250054300401237,0.270364919080204,0.285025657694881,0.304956240084944,0.312593231217244,0.32774464299441,0.327710796184825,0.33013671698769,0.333867980117187,0.333757674188105,0.344850288991844,0.350908709949418,0.351408741639163,0.357150182140955,0.376289770983295,0.403512352739949,0.482412357349096,0.552343593232343,0.815392591586971,1,0.567186375404916
-0.0671350780090923,-0.0518296018756629,-0.0121155163502796,0.0338833736595142,0.0631252130007202,0.077323399931864,0.0845531315222985,0.0864519348786546,0.0844647640905663,0.0945879828164786,0.107154667783248,0.125437939862844,0.143979516395965,0.158407946518276,0.17726597919288,0.186766432909327,0.192863366769952,0.201787612806584,0.208821492367296,0.219592457454833,0.220151526411062,0.23363728497087,0.241375963962004,0.261574956857834,0.276552815591919,0.314962536088928,0.356234098313583,0.41348394272285,0.466523648803145,0.534473525160764,0.567186375404916,1
