1,0.397254801631478,0.334397524684587,0.30830841846935,0.283068601799097,0.289905313695439,0.290685702403411,0.276372300197627,0.259138554294701,0.242288634277092,0.243234816716072,0.235620583115499,0.256012486882358,0.238235680866398,0.205357931509291,0.179291567081148,0.149329415079974,0.0729043837593814,0.0379319626928134,0.0176391444515667,0.0120576091790141,0.00101747495401627,-0.0145996022510226,-0.00495261796392683,0.00230956571019791,0.0167986033851514,0.0120043922876144,0.0308318901265006,0.0484425259332092,0.0130386766203399,0.0494381276915257,0.113620862292657
0.397254801631478,1,0.851757483021339,0.773757985750735,0.714340072516676,0.679370711897629,0.628384871493896,0.576070288985451,0.543478513687338,0.511487837956502,0.470750372589992,0.433013501232905,0.386362495104043,0.350623381012753,0.296061933980189,0.234919551416648,0.173170236616836,0.0682896156699963,-0.0130466169089175,-0.0298487629304144,-0.0494229222012952,-0.0402877257409944,-0.0406376543474926,-0.00964658511903388,0.00973136270393555,0.0538538830817226,0.053568521371406,0.0790388117172839,0.0923749458796075,0.0751568900366507,0.0879288555174946,0.0342186984582677
0.334397524684587,0.851757483021339,1,0.920449246178104,0.840282147167504,0.784642846255156,0.734278497308732,0.682895883000022,0.646656274179921,0.613655887166587,0.572624342489013,0.527789348889055,0.472365981242121,0.436250017736954,0.382947132121974,0.319666801017808,0.250642771820906,0.141309331592716,0.072371521555867,0.0482402115283423,0.0190741192133072,0.013261052299018,0.0107202449766158,0.0262180790274877,0.045887235364487,0.0784240467785584,0.0805050526597079,0.113845399650934,0.121991789495078,0.117297411309354,0.108649270448104,0.0256746627756544
0.30830841846935,0.773757985750735,0.920449246178104,1,0.937625520817191,0.868771399653699,0.815342605758258,0.757043258968159,0.716287319260521,0.676999160416892,0.629240215291697,0.582172388476336,0.525316879367964,0.484989710886208,0.430278613246078,0.366270124172997,0.287133889122126,0.157225488128192,0.072619558723791,0.0455298873886727,0.0169035715952525,0.0206376528148918,0.0233489815840126,0.0349679093987185,0.0512942280503481,0.0844465035355693,0.0890230304247921,0.120674869219449,0.142822888743052,0.142335837607296,0.128984349228981,0.0193733734439476
0.283068601799097,0.714340072516676,0.840282147167504,0.937625520817191,1,0.948099007758568,0.890745673105047,0.829603671320283,0.787290726508962,0.746154901217271,0.697463200617505,0.65173037075822,0.586872186983701,0.535896096337231,0.472447682969137,0.406484042111178,0.321976483629333,0.199377395993506,0.112057006512405,0.0734667944216691,0.0403831215824636,0.0378426308654197,0.0318510379414231,0.0335886613950884,0.0501596216707373,0.0874601540141419,0.104415935668727,0.131259515589968,0.144505542491516,0.138070345994988,0.134075874853044,0.0121480701663
0.289905313695439,0.679370711897629,0.784642846255156,0.868771399653699,0.948099007758568,1,0.956783124934029,0.902763178812559,0.860504212854648,0.821745454450012,0.77331225368396,0.727806255468954,0.660743568534745,0.608111731322964,0.539840793729824,0.470448066072336,0.387996746571697,0.264855870899453,0.184929027069803,0.129113020542991,0.087191538349298,0.069594845095319,0.0596935084524439,0.054592001887493,0.0676168747793245,0.0983213201371977,0.119739456411039,0.140409833146237,0.157940180101731,0.144979867903761,0.139859674279578,0.0259923076194235
0.290685702403411,0.628384871493896,0.734278497308732,0.815342605758258,0.890745673105047,0.956783124934029,1,0.960398826026651,0.916420269054877,0.881931989887976,0.842537092327112,0.802552409162304,0.735491958631867,0.679079122938349,0.608892825170143,0.536320426271168,0.451860626326883,0.326269646521658,0.245551542451486,0.1774300095289,0.131506179302899,0.0989529257502997,0.0851349482571901,0.0790986608941356,0.0933277180679362,0.118587720967646,0.134677712301564,0.163582046833311,0.179386532250643,0.168863029954712,0.152102300157974,0.042282308959715
0.276372300197627,0.576070288985451,0.682895883000022,0.757043258968159,0.829603671320283,0.902763178812559,0.960398826026651,1,0.96641159678361,0.929313927268238,0.883268292832681,0.843449244543369,0.778527426617395,0.722214965770432,0.654805602165363,0.581754811068344,0.498793799115387,0.37537761118285,0.310086960340155,0.234634063243729,0.181340704241034,0.135682122544926,0.115417225343062,0.0973045871338665,0.109070539342515,0.129872601059092,0.140297665553277,0.166404813411593,0.177131970284007,0.181277827234362,0.162165217982666,0.0653001938604046
0.259138554294701,0.543478513687338,0.646656274179921,0.716287319260521,0.787290726508962,0.860504212854648,0.916420269054877,0.96641159678361,1,0.971616904941755,0.924934123869258,0.886945625974458,0.825331779679729,0.771007395141522,0.708527898625993,0.633468061181021,0.556610025275958,0.436173479635215,0.365581614337244,0.282732035410232,0.23090725120824,0.174557166225103,0.144843276708904,0.116743920008031,0.121853773744318,0.13356331258594,0.140878890920977,0.171217058129484,0.193699541130873,0.205139470511023,0.175211467593271,0.0671541187604841
0.242288634277092,0.511487837956502,0.613655887166587,0.676999160416892,0.746154901217271,0.821745454450012,0.881931989887976,0.929313927268238,0.971616904941755,1,0.96486599348628,0.926261066865143,0.870793052497749,0.822918000528299,0.760320415658165,0.685793440043184,0.612519322809334,0.490569957020608,0.416411897753761,0.336044628890201,0.284649013827704,0.218488116513386,0.181053199643385,0.144875908895269,0.142842891054507,0.143063454575738,0.140575768948005,0.180076702775563,0.211773799930568,0.235646747350974,0.196040875990077,0.0910799391081039
0.243234816716072,0.470750372589992,0.572624342489013,0.629240215291697,0.697463200617505,0.77331225368396,0.842537092327112,0.883268292832681,0.924934123869258,0.96486599348628,1,0.968658909659162,0.916132844706877,0.86812974569849,0.811450193151184,0.742086514968172,0.669070983480193,0.548381136290125,0.471459545431457,0.391694365624573,0.340033375189914,0.266153981394168,0.222027877569638,0.181174044707327,0.175404148021464,0.159546517344004,0.153561341794605,0.196869694549842,0.234364661263263,0.256448778783421,0.215656944536715,0.102974100830747
0.235620583115499,0.433013501232905,0.527789348889055,0.582172388476336,0.65173037075822,0.727806255468954,0.802552409162304,0.843449244543369,0.886945625974458,0.926261066865143,0.968658909659162,1,0.95700632011891,0.912808558750237,0.862193836202047,0.7944555760098,0.724650431462447,0.61383160658108,0.538518080747975,0.457475461354945,0.402179229377034,0.316597803304758,0.267111541817736,0.220362843957206,0.204639138111688,0.176243629996429,0.175071979096357,0.214693625799057,0.244358327460325,0.258628875827136,0.224516886460694,0.0906625814984325
0.256012486882358,0.386362495104043,0.472365981242121,0.525316879367964,0.586872186983701,0.660743568534745,0.735491958631867,0.778527426617395,0.825331779679729,0.870793052497749,0.916132844706877,0.95700632011891,1,0.961121785052734,0.917871308993777,0.85728875013239,0.790579490253673,0.677863210874375,0.599825799718126,0.52759570917794,0.468571745119315,0.374333844763698,0.318941302769652,0.2665804090268,0.241373261823157,0.202936356093233,0.189549207481675,0.223841378952641,0.251209223050382,0.269298841922488,0.235098298156681,0.080555629975025
0.238235680866398,0.350623381012753,0.436250017736954,0.484989710886208,0.535896096337231,0.608111731322964,0.679079122938349,0.722214965770432,0.771007395141522,0.822918000528299,0.86812974569849,0.912808558750237,0.961121785052734,1,0.965722931359667,0.915206171195035,0.857176728013463,0.749534743670719,0.676660810356199,0.607497117110283,0.544385189919982,0.436837576870641,0.374879776125852,0.314650541372843,0.281343272446241,0.244287465013441,0.217712001955276,0.244413111140999,0.268847338054049,0.280695067716439,0.243766911254621,0.0911936784564105
0.205357931509291,0.296061933980189,0.382947132121974,0.430278613246078,0.472447682969137,0.539840793729824,0.608892825170143,0.654805602165363,0.708527898625993,0.760320415658165,0.811450193151184,0.862193836202047,0.917871308993777,0.965722931359667,1,0.957814567608972,0.909766319258398,0.807631093685244,0.73968485173271,0.671709966881296,0.606612525648054,0.491275087524933,0.42292391963865,0.356944931510539,0.315007273461116,0.257182825719924,0.229285416370692,0.261396448450548,0.286622162078513,0.296071198793473,0.257984393932823,0.0877301943245815
0.179291567081148,0.234919551416648,0.319666801017808,0.366270124172997,0.406484042111178,0.470448066072336,0.536320426271168,0.581754811068344,0.633468061181021,0.685793440043184,0.742086514968172,0.7944555760098,0.85728875013239,0.915206171195035,0.957814567608972,1,0.958392516421113,0.872501632166286,0.808795490364778,0.73923508322221,0.679566109540674,0.555783698748112,0.475234705112703,0.39893835869827,0.346008017933163,0.271578666949766,0.237751502474508,0.268489537265921,0.287154453010395,0.299071475477134,0.271747631415328,0.0773234092508195
0.149329415079974,0.173170236616836,0.250642771820906,0.287133889122126,0.321976483629333,0.387996746571697,0.451860626326883,0.498793799115387,0.556610025275958,0.612519322809334,0.669070983480193,0.724650431462447,0.790579490253673,0.857176728013463,0.909766319258398,0.958392516421113,1,0.925262619015328,0.865984071556671,0.793215554216424,0.735188507894878,0.600595369872166,0.513009532576252,0.428617144340854,0.365736869152991,0.275358982114191,0.237154564080282,0.268366563363309,0.290022267238731,0.299299743204257,0.272399702839472,0.0834792559491494
0.0729043837593814,0.0682896156699963,0.141309331592716,0.157225488128192,0.199377395993506,0.264855870899453,0.326269646521658,0.37537761118285,0.436173479635215,0.490569957020608,0.548381136290125,0.61383160658108,0.677863210874375,0.749534743670719,0.807631093685244,0.872501632166286,0.925262619015328,1,0.956211148955714,0.878646559261688,0.812331994100972,0.651716078944498,0.551503592924495,0.45791398570044,0.384393434020025,0.281734488659191,0.253335167879435,0.277830653373213,0.291826696329107,0.306156330278684,0.275578011790089,0.0766879439539856
0.0379319626928134,-0.0130466169089175,0.072371521555867,0.072619558723791,0.112057006512405,0.184929027069803,0.245551542451486,0.310086960340155,0.365581614337244,0.416411897753761,0.471459545431457,0.538518080747975,0.599825799718126,0.676660810356199,0.73968485173271,0.808795490364778,0.865984071556671,0.956211148955714,1,0.930061220392764,0.862458199407515,0.699259310823126,0.594169473129034,0.502071006422352,0.421281662974184,0.305598298085596,0.273002139490782,0.292539645708318,0.295742388647336,0.308713966093191,0.27726384858315,0.103053068496019
0.0176391444515667,-0.0298487629304144,0.0482402115283423,0.0455298873886727,0.0734667944216691,0.129113020542991,0.1774300095289,0.234634063243729,0.282732035410232,0.336044628890201,0.391694365624573,0.457475461354945,0.52759570917794,0.607497117110283,0.671709966881296,0.73923508322221,0.793215554216424,0.878646559261688,0.930061220392764,1,0.965494620824952,0.862218885761723,0.778638344649783,0.702821423005611,0.624175562392465,0.457642369356526,0.386087092068833,0.381607642067076,0.330358704630841,0.316777532738545,0.306022974119615,0.107525174443723
0.0120576091790141,-0.0494229222012952,0.0190741192133072,0.0169035715952525,0.0403831215824636,0.087191538349298,0.131506179302899,0.181340704241034,0.23090725120824,0.284649013827704,0.340033375189914,0.402179229377034,0.468571745119315,0.544385189919982,0.606612525648054,0.679566109540674,0.735188507894878,0.812331994100972,0.862458199407515,0.965494620824952,1,0.928857032224228,0.849814945651015,0.776460865680644,0.703734313536067,0.51631601225216,0.432222928528758,0.410375859212286,0.341948855643491,0.32124321121208,0.325647505291887,0.11182062460866
0.00101747495401627,-0.0402877257409944,0.013261052299018,0.0206376528148918,0.0378426308654197,0.069594845095319,0.0989529257502997,0.135682122544926,0.174557166225103,0.218488116513386,0.266153981394168,0.316597803304758,0.374333844763698,0.436837576870641,0.491275087524933,0.555783698748112,0.600595369872166,0.651716078944498,0.699259310823126,0.862218885761723,0.928857032224228,1,0.967859084571102,0.918655955151896,0.867159908275265,0.652317102628188,0.542550067555314,0.497001158353591,0.390738535346283,0.335193067455629,0.372398619663607,0.10987405980567
-0.0145996022510226,-0.0406376543474926,0.0107202449766158,0.0233489815840126,0.0318510379414231,0.0596935084524439,0.0851349482571901,0.115417225343062,0.144843276708904,0.181053199643385,0.222027877569638,0.267111541817736,0.318941302769652,0.374879776125852,0.42292391963865,0.475234705112703,0.513009532576252,0.551503592924495,0.594169473129034,0.778638344649783,0.849814945651015,0.967859084571102,1,0.966036938191533,0.918743027903349,0.699074956270398,0.580104118881649,0.531360633643384,0.398774339379564,0.324832188475096,0.376368597328423,0.0965424286633271
-0.00495261796392683,-0.00964658511903388,0.0262180790274877,0.0349679093987185,0.0335886613950884,0.054592001887493,0.0790986608941356,0.0973045871338665,0.116743920008031,0.144875908895269,0.181174044707327,0.220362843957206,0.2665804090268,0.314650541372843,0.356944931510539,0.39893835869827,0.428617144340854,0.45791398570044,0.502071006422352,0.702821423005611,0.776460865680644,0.918655955151896,0.966036938191533,1,0.961420716577989,0.750465661099065,0.633835042776424,0.580524230219024,0.424256202074792,0.325390847448596,0.381616766761917,0.0889077344036076
0.00230956571019791,0.00973136270393555,0.045887235364487,0.0512942280503481,0.0501596216707373,0.0676168747793245,0.0933277180679362,0.109070539342515,0.121853773744318,0.142842891054507,0.175404148021464,0.204639138111688,0.241373261823157,0.281343272446241,0.315007273461116,0.346008017933163,0.365736869152991,0.384393434020025,0.421281662974184,0.624175562392465,0.703734313536067,0.867159908275265,0.918743027903349,0.961420716577989,1,0.779273608733045,0.681386824902561,0.618915545246483,0.460355264001995,0.334019298726164,0.386611269534208,0.0797446084032905
0.0167986033851514,0.0538538830817226,0.0784240467785584,0.0844465035355693,0.0874601540141419,0.0983213201371977,0.118587720967646,0.129872601059092,0.13356331258594,0.143063454575738,0.159546517344004,0.176243629996429,0.202936356093233,0.244287465013441,0.257182825719924,0.271578666949766,0.275358982114191,0.281734488659191,0.305598298085596,0.457642369356526,0.51631601225216,0.652317102628188,0.699074956270398,0.750465661099065,0.779273608733045,1,0.876756935877504,0.731106145875224,0.516947572553541,0.368914300493108,0.376010846144673,0.110626565398301
0.0120043922876144,0.053568521371406,0.0805050526597079,0.0890230304247921,0.104415935668727,0.119739456411039,0.134677712301564,0.140297665553277,0.140878890920977,0.140575768948005,0.153561341794605,0.175071979096357,0.189549207481675,0.217712001955276,0.229285416370692,0.237751502474508,0.237154564080282,0.253335167879435,0.273002139490782,0.386087092068833,0.432222928528758,0.542550067555314,0.580104118881649,0.633835042776424,0.681386824902561,0.876756935877504,1,0.871191055642493,0.650543438899211,0.483691410568791,0.451978475067524,0.111982351266801
0.0308318901265006,0.0790388117172839,0.113845399650934,0.120674869219449,0.131259515589968,0.140409833146237,0.163582046833311,0.166404813411593,0.171217058129484,0.180076702775563,0.196869694549842,0.214693625799057,0.223841378952641,0.244413111140999,0.261396448450548,0.268489537265921,0.268366563363309,0.277830653373213,0.292539645708318,0.381607642067076,0.410375859212286,0.497001158353591,0.531360633643384,0.580524230219024,0.618915545246483,0.731106145875224,0.871191055642493,1,0.801107209897172,0.62720734248233,0.554844713603043,0.151012855530197
0.0484425259332092,0.0923749458796075,0.121991789495078,0.142822888743052,0.144505542491516,0.157940180101731,0.179386532250643,0.177131970284007,0.193699541130873,0.211773799930568,0.234364661263263,0.244358327460325,0.251209223050382,0.268847338054049,0.286622162078513,0.287154453010395,0.290022267238731,0.291826696329107,0.295742388647336,0.330358704630841,0.341948855643491,0.390738535346283,0.398774339379564,0.424256202074792,0.460355264001995,0.516947572553541,0.650543438899211,0.801107209897172,1,0.835892618201806,0.662641667932136,0.157801403452982
0.0130386766203399,0.0751568900366507,0.117297411309354,0.142335837607296,0.138070345994988,0.144979867903761,0.168863029954712,0.181277827234362,0.205139470511023,0.235646747350974,0.256448778783421,0.258628875827136,0.269298841922488,0.280695067716439,0.296071198793473,0.299071475477134,0.299299743204257,0.306156330278684,0.308713966093191,0.316777532738545,0.32124321121208,0.335193067455629,0.324832188475096,0.325390847448596,0.334019298726164,0.368914300493108,0.483691410568791,0.62720734248233,0.835892618201806,1,0.801097546692277,0.241890501232676
0.0494381276915257,0.0879288555174946,0.108649270448104,0.128984349228981,0.134075874853044,0.139859674279578,0.152102300157974,0.162165217982666,0.175211467593271,0.196040875990077,0.215656944536715,0.224516886460694,0.235098298156681,0.243766911254621,0.257984393932823,0.271747631415328,0.272399702839472,0.275578011790089,0.27726384858315,0.306022974119615,0.325647505291887,0.372398619663607,0.376368597328423,0.381616766761917,0.386611269534208,0.376010846144673,0.451978475067524,0.554844713603043,0.662641667932136,0.801097546692277,1,0.320317033308587
0.113620862292657,0.0342186984582677,0.0256746627756544,0.0193733734439476,0.0121480701663,0.0259923076194235,0.042282308959715,0.0653001938604046,0.0671541187604841,0.0910799391081039,0.102974100830747,0.0906625814984325,0.080555629975025,0.0911936784564105,0.0877301943245815,0.0773234092508195,0.0834792559491494,0.0766879439539856,0.103053068496019,0.107525174443723,0.11182062460866,0.10987405980567,0.0965424286633271,0.0889077344036076,0.0797446084032905,0.110626565398301,0.111982351266801,0.151012855530197,0.157801403452982,0.241890501232676,0.320317033308587,1
