1,0.76268342591715,0.697546047798543,0.666349843951566,0.631103714438467,0.611422819367688,0.59595025492247,0.584547765315256,0.565142962473655,0.551011972994217,0.532272021334313,0.5186874242412,0.504148553722279,0.48779000032443,0.469895337355268,0.445407105193663,0.419197683444385,0.39392001307603,0.373345959442193,0.350636548266134,0.335203885876239,0.31330083939152,0.305547815921124,0.28416720741476,0.264865244424085,0.235178008921472,0.209014014490481,0.175722659547577,0.128664950895388,0.0758545996298014,0.00196142624915785,-0.108919802846102
0.76268342591715,1,0.950995171856751,0.92381004129668,0.896941818366453,0.878066773560653,0.865485453630484,0.85077424511583,0.830735488321937,0.820666864247645,0.797928594828455,0.782935844194365,0.766873529059744,0.74846725974777,0.727096142003578,0.701576703834349,0.672221741516965,0.643378183956541,0.620959931812544,0.597670692355368,0.574932493826404,0.550110348600397,0.536884452776924,0.505745438040584,0.482280444019235,0.450066451927183,0.416366706176359,0.375528137933708,0.32489878252778,0.250499257537534,0.162676624055435,-0.0236981910853855
0.697546047798543,0.950995171856751,1,0.976543083624286,0.954718840619721,0.937176309160961,0.924544760300577,0.911575402532475,0.894529171057854,0.883645368974744,0.863427726029199,0.848970288594619,0.834278334425969,0.817757421862276,0.797905435284554,0.774665489353782,0.749113091180498,0.720559356264034,0.698992474080787,0.67654737448766,0.65349089623483,0.630212001943248,0.616910407995268,0.586588259459782,0.55915403833737,0.527893120604296,0.492676466281984,0.454291198437779,0.406106670104642,0.332243515573938,0.235630470621823,-0.00225268067343159
0.666349843951566,0.92381004129668,0.976543083624286,1,0.979714132573541,0.962285636484396,0.950108322700638,0.938791259495203,0.922042377887883,0.909984598835155,0.892875023473668,0.87802704184185,0.863938521958853,0.8480049173608,0.829966794454151,0.806749567982792,0.782396027733681,0.75526327483827,0.734188046742518,0.71357649156638,0.690874339422917,0.66867613768581,0.654446062330852,0.624871239479821,0.599562600788126,0.567479962951606,0.530885174502328,0.490998608928175,0.443692076241468,0.368230172800491,0.262659918687401,0.00752524330923301
0.631103714438467,0.896941818366453,0.954718840619721,0.979714132573541,1,0.989621832035264,0.978577970497646,0.968951450857089,0.957717988606499,0.948438026151186,0.935845241729094,0.923035423814258,0.912506172351942,0.898937335931228,0.882579668726332,0.862523265223132,0.840036892408152,0.816668955000251,0.79926682099545,0.780483313598713,0.759989291750162,0.739096045055469,0.724082282624678,0.696826674546127,0.670924633926371,0.641504534911052,0.607789277117663,0.570424297060177,0.526184232086004,0.453385808364606,0.341764296671526,0.0675038869356467
0.611422819367688,0.878066773560653,0.937176309160961,0.962285636484396,0.989621832035264,1,0.990722397330557,0.981318723530932,0.972241540548792,0.963182464825321,0.952480941451638,0.940792159997986,0.930123668942876,0.917358652010987,0.901606570435355,0.882810140966198,0.861704160672333,0.840610215209807,0.824238767689155,0.806592509179712,0.787923847325016,0.768514790167662,0.754150186338344,0.7290918127691,0.703536024026764,0.67647443238703,0.643880516579872,0.609161781907065,0.566555952945487,0.494902190801129,0.377543036170617,0.0917646169150518
0.59595025492247,0.865485453630484,0.924544760300577,0.950108322700638,0.978577970497646,0.990722397330557,1,0.992025576314775,0.983618670961026,0.975415394764097,0.9653445942855,0.953038063027856,0.942196904890339,0.930481736265541,0.914847336943205,0.896862585910978,0.877187374016575,0.857229629942373,0.84081623642644,0.824246337528069,0.806808190586826,0.788281863625766,0.775073301266162,0.751826698654172,0.727647836314165,0.701596567985793,0.668528825027823,0.63364977066901,0.591829313351656,0.522008071886424,0.402035053121471,0.103069280404469
0.584547765315256,0.85077424511583,0.911575402532475,0.938791259495203,0.968951450857089,0.981318723530932,0.992025576314775,1,0.992920151483138,0.985168892418917,0.976567213268837,0.965567255792403,0.955573730159302,0.943637316321179,0.928887163109642,0.912343473678018,0.894064129693154,0.875316525858244,0.859262759577615,0.843170078697551,0.82801667044485,0.811189447571382,0.798752563224175,0.776899003534798,0.754689298495369,0.728485282098315,0.696609711565541,0.662634116183533,0.621264747615741,0.550519985651242,0.424013213572003,0.104877805489884
0.565142962473655,0.830735488321937,0.894529171057854,0.922042377887883,0.957717988606499,0.972241540548792,0.983618670961026,0.992920151483138,1,0.994081864992142,0.987010436123176,0.976248550748956,0.967320503281591,0.956413049538609,0.941877267927811,0.925824529161082,0.908269098851282,0.890020386820326,0.874951294504234,0.859650165848033,0.845720065800048,0.829352065112371,0.817453339232122,0.796743116838129,0.775649756162727,0.75161818541766,0.720836082931491,0.687589904603729,0.646236503671453,0.576336998940678,0.448022607625076,0.116346249540237
0.551011972994217,0.820666864247645,0.883645368974744,0.909984598835155,0.948438026151186,0.963182464825321,0.975415394764097,0.985168892418917,0.994081864992142,1,0.994035303770101,0.985800458256851,0.976655729142466,0.965844410726954,0.952461826674723,0.936658121298768,0.919570501045723,0.901419720484307,0.886420071658819,0.871865613499452,0.85836959393749,0.842506730415377,0.831223703262382,0.812098273719224,0.791475935073937,0.767856438036918,0.738184982109582,0.705865325770317,0.663559022221818,0.592885801297725,0.464466053257833,0.126756874301786
0.532272021334313,0.797928594828455,0.863427726029199,0.892875023473668,0.935845241729094,0.952480941451638,0.9653445942855,0.976567213268837,0.987010436123176,0.994035303770101,1,0.993817125871388,0.985468696941555,0.975524559127027,0.962525157823423,0.947678788592434,0.931715231220915,0.914412536512742,0.900240858154909,0.886669133316834,0.874083740468747,0.858895924873477,0.848696195079931,0.830622523998505,0.811163805124844,0.789670321230277,0.761799457706285,0.730523781187829,0.689816423407529,0.619840274890968,0.492087095945648,0.148414754527944
0.5186874242412,0.782935844194365,0.848970288594619,0.87802704184185,0.923035423814258,0.940792159997986,0.953038063027856,0.965567255792403,0.976248550748956,0.985800458256851,0.993817125871388,1,0.993652191376738,0.984277414890253,0.972682882247973,0.959046596605075,0.944260269919944,0.927667324651197,0.914475235621902,0.901375080124441,0.889544711506686,0.874829848596454,0.864538225304588,0.847179043324826,0.82779405742627,0.807095140141466,0.780737082666715,0.748645446266233,0.709268893408317,0.639171939824014,0.514791366096878,0.164302270475353
0.504148553722279,0.766873529059744,0.834278334425969,0.863938521958853,0.912506172351942,0.930123668942876,0.942196904890339,0.955573730159302,0.967320503281591,0.976655729142466,0.985468696941555,0.993652191376738,1,0.993663213315565,0.984035694915447,0.972299278956168,0.958346217727312,0.94241240330072,0.930331821535552,0.917838328590404,0.905592699953733,0.891919329374035,0.882139737821962,0.866023460055611,0.847508313936649,0.827551207448135,0.801191013117718,0.76844924462425,0.72967782517963,0.658584666746551,0.532956989054452,0.173045471126253
0.48779000032443,0.74846725974777,0.817757421862276,0.8480049173608,0.898937335931228,0.917358652010987,0.930481736265541,0.943637316321179,0.956413049538609,0.965844410726954,0.975524559127027,0.984277414890253,0.993663213315565,1,0.993004285110095,0.983191773332068,0.97000298176034,0.955366124641967,0.944052925764292,0.931820360420321,0.919297960678307,0.906438848392854,0.897489763169013,0.882197490814685,0.865009152115669,0.846673035833003,0.821306273679853,0.789242791693572,0.750633452702726,0.67893562570626,0.55223415848557,0.183932549506618
0.469895337355268,0.727096142003578,0.797905435284554,0.829966794454151,0.882579668726332,0.901606570435355,0.914847336943205,0.928887163109642,0.941877267927811,0.952461826674723,0.962525157823423,0.972682882247973,0.984035694915447,0.993004285110095,1,0.994031202249469,0.983780876626027,0.970732783216838,0.959436426489687,0.947647647925359,0.93547807537892,0.924221062076196,0.915976354430465,0.902085490007108,0.886283976812728,0.868923973168821,0.844298332836785,0.814067112997775,0.776150396722644,0.706456643870773,0.58444697488229,0.205026465975023
0.445407105193663,0.701576703834349,0.774665489353782,0.806749567982792,0.862523265223132,0.882810140966198,0.896862585910978,0.912343473678018,0.925824529161082,0.936658121298768,0.947678788592434,0.959046596605075,0.972299278956168,0.983191773332068,0.994031202249469,1,0.993371056857868,0.982423995789485,0.972709762273044,0.960932460466116,0.949984786295422,0.939427416420342,0.932122439793588,0.919263054494088,0.90406964024171,0.888652940659792,0.865876992257307,0.837789608173015,0.800754460397172,0.732190641643283,0.60806339054664,0.21780883410585
0.419197683444385,0.672221741516965,0.749113091180498,0.782396027733681,0.840036892408152,0.861704160672333,0.877187374016575,0.894064129693154,0.908269098851282,0.919570501045723,0.931715231220915,0.944260269919944,0.958346217727312,0.97000298176034,0.983780876626027,0.993371056857868,1,0.993104161568723,0.985003626080417,0.974592212231091,0.964127660353466,0.954136522834103,0.946988499673318,0.935910992568846,0.921714013424866,0.907798579888016,0.886812663110715,0.861818078111675,0.826670835972924,0.760304972628765,0.637347630488557,0.232836059200306
0.39392001307603,0.643378183956541,0.720559356264034,0.75526327483827,0.816668955000251,0.840610215209807,0.857229629942373,0.875316525858244,0.890020386820326,0.901419720484307,0.914412536512742,0.927667324651197,0.94241240330072,0.955366124641967,0.970732783216838,0.982423995789485,0.993104161568723,1,0.994511394581454,0.985343875867474,0.976209953509631,0.967586154287888,0.961295972497127,0.950740541584564,0.937875063966131,0.924971852914298,0.905810549114246,0.883649046956118,0.85139665293324,0.789059837836835,0.662626325089151,0.245045921239771
0.373345959442193,0.620959931812544,0.698992474080787,0.734188046742518,0.79926682099545,0.824238767689155,0.84081623642644,0.859262759577615,0.874951294504234,0.886420071658819,0.900240858154909,0.914475235621902,0.930331821535552,0.944052925764292,0.959436426489687,0.972709762273044,0.985003626080417,0.994511394581454,1,0.993609102149076,0.985758421141704,0.977488062750471,0.970587105440952,0.960448436173631,0.947539886566414,0.935394921647009,0.917493908671777,0.896442070736496,0.866181503233829,0.804937939863139,0.682122434719604,0.259930614838151
0.350636548266134,0.597670692355368,0.67654737448766,0.71357649156638,0.780483313598713,0.806592509179712,0.824246337528069,0.843170078697551,0.859650165848033,0.871865613499452,0.886669133316834,0.901375080124441,0.917838328590404,0.931820360420321,0.947647647925359,0.960932460466116,0.974592212231091,0.985343875867474,0.993609102149076,1,0.994090038115436,0.987030751393787,0.980095322511895,0.970874028745437,0.958611885843575,0.945766596052396,0.929238950614032,0.909101671438233,0.879420733458811,0.81978208942518,0.699507846476462,0.270590096809967
0.335203885876239,0.574932493826404,0.65349089623483,0.690874339422917,0.759989291750162,0.787923847325016,0.806808190586826,0.82801667044485,0.845720065800048,0.85836959393749,0.874083740468747,0.889544711506686,0.905592699953733,0.919297960678307,0.93547807537892,0.949984786295422,0.964127660353466,0.976209953509631,0.985758421141704,0.994090038115436,1,0.995106041489094,0.988590566195515,0.980149409014151,0.969186258646927,0.957272665333058,0.941955532596499,0.923422601192841,0.895647259116617,0.839113973461887,0.716847543406785,0.283834169188313
0.31330083939152,0.550110348600397,0.630212001943248,0.66867613768581,0.739096045055469,0.768514790167662,0.788281863625766,0.811189447571382,0.829352065112371,0.842506730415377,0.858895924873477,0.874829848596454,0.891919329374035,0.906438848392854,0.924221062076196,0.939427416420342,0.954136522834103,0.967586154287888,0.977488062750471,0.987030751393787,0.995106041489094,1,0.994566290221209,0.987185874876205,0.977456065926607,0.966462508522806,0.95285145874778,0.935605026996878,0.908894694504414,0.854227730179916,0.728926851543325,0.289773690896768
0.305547815921124,0.536884452776924,0.616910407995268,0.654446062330852,0.724082282624678,0.754150186338344,0.775073301266162,0.798752563224175,0.817453339232122,0.831223703262382,0.848696195079931,0.864538225304588,0.882139737821962,0.897489763169013,0.915976354430465,0.932122439793588,0.946988499673318,0.961295972497127,0.970587105440952,0.980095322511895,0.988590566195515,0.994566290221209,1,0.993047494515851,0.984011194111363,0.973736350695853,0.961704498484938,0.944819204613069,0.919055660168139,0.865751808092832,0.735907547236176,0.288063814711704
0.28416720741476,0.505745438040584,0.586588259459782,0.624871239479821,0.696826674546127,0.7290918127691,0.751826698654172,0.776899003534798,0.796743116838129,0.812098273719224,0.830622523998505,0.847179043324826,0.866023460055611,0.882197490814685,0.902085490007108,0.919263054494088,0.935910992568846,0.950740541584564,0.960448436173631,0.970874028745437,0.980149409014151,0.987185874876205,0.993047494515851,1,0.992857557093149,0.984127280600284,0.972562284329396,0.955857947691993,0.931201134079315,0.882488537305205,0.755718192654471,0.303030835267114
0.264865244424085,0.482280444019235,0.55915403833737,0.599562600788126,0.670924633926371,0.703536024026764,0.727647836314165,0.754689298495369,0.775649756162727,0.791475935073937,0.811163805124844,0.82779405742627,0.847508313936649,0.865009152115669,0.886283976812728,0.90406964024171,0.921714013424866,0.937875063966131,0.947539886566414,0.958611885843575,0.969186258646927,0.977456065926607,0.984011194111363,0.992857557093149,1,0.992586108756682,0.981558352268888,0.967202738450981,0.943157390098291,0.896310087307264,0.771845747887875,0.313220693536362
0.235178008921472,0.450066451927183,0.527893120604296,0.567479962951606,0.641504534911052,0.67647443238703,0.701596567985793,0.728485282098315,0.75161818541766,0.767856438036918,0.789670321230277,0.807095140141466,0.827551207448135,0.846673035833003,0.868923973168821,0.888652940659792,0.907798579888016,0.924971852914298,0.935394921647009,0.945766596052396,0.957272665333058,0.966462508522806,0.973736350695853,0.984127280600284,0.992586108756682,1,0.991351887442631,0.978108310710142,0.955753702851578,0.911298519311501,0.786366578320581,0.327737227760728
0.209014014490481,0.416366706176359,0.492676466281984,0.530885174502328,0.607789277117663,0.643880516579872,0.668528825027823,0.696609711565541,0.720836082931491,0.738184982109582,0.761799457706285,0.780737082666715,0.801191013117718,0.821306273679853,0.844298332836785,0.865876992257307,0.886812663110715,0.905810549114246,0.917493908671777,0.929238950614032,0.941955532596499,0.95285145874778,0.961704498484938,0.972562284329396,0.981558352268888,0.991351887442631,1,0.988140797927277,0.968091204815976,0.924351827177389,0.797543074806498,0.336923621503263
0.175722659547577,0.375528137933708,0.454291198437779,0.490998608928175,0.570424297060177,0.609161781907065,0.63364977066901,0.662634116183533,0.687589904603729,0.705865325770317,0.730523781187829,0.748645446266233,0.76844924462425,0.789242791693572,0.814067112997775,0.837789608173015,0.861818078111675,0.883649046956118,0.896442070736496,0.909101671438233,0.923422601192841,0.935605026996878,0.944819204613069,0.955857947691993,0.967202738450981,0.978108310710142,0.988140797927277,1,0.983143139181279,0.943524053549429,0.821305366302093,0.351684002663847
0.128664950895388,0.32489878252778,0.406106670104642,0.443692076241468,0.526184232086004,0.566555952945487,0.591829313351656,0.621264747615741,0.646236503671453,0.663559022221818,0.689816423407529,0.709268893408317,0.72967782517963,0.750633452702726,0.776150396722644,0.800754460397172,0.826670835972924,0.85139665293324,0.866181503233829,0.879420733458811,0.895647259116617,0.908894694504414,0.919055660168139,0.931201134079315,0.943157390098291,0.955753702851578,0.968091204815976,0.983143139181279,1,0.971894132843601,0.852730200792038,0.376947109741183
0.0758545996298014,0.250499257537534,0.332243515573938,0.368230172800491,0.453385808364606,0.494902190801129,0.522008071886424,0.550519985651242,0.576336998940678,0.592885801297725,0.619840274890968,0.639171939824014,0.658584666746551,0.67893562570626,0.706456643870773,0.732190641643283,0.760304972628765,0.789059837836835,0.804937939863139,0.81978208942518,0.839113973461887,0.854227730179916,0.865751808092832,0.882488537305205,0.896310087307264,0.911298519311501,0.924351827177389,0.943524053549429,0.971894132843601,1,0.893606723486963,0.430437833387664
0.00196142624915785,0.162676624055435,0.235630470621823,0.262659918687401,0.341764296671526,0.377543036170617,0.402035053121471,0.424013213572003,0.448022607625076,0.464466053257833,0.492087095945648,0.514791366096878,0.532956989054452,0.55223415848557,0.58444697488229,0.60806339054664,0.637347630488557,0.662626325089151,0.682122434719604,0.699507846476462,0.716847543406785,0.728926851543325,0.735907547236176,0.755718192654471,0.771845747887875,0.786366578320581,0.797543074806498,0.821305366302093,0.852730200792038,0.893606723486963,1,0.574990010600535
-0.108919802846102,-0.0236981910853855,-0.00225268067343159,0.00752524330923301,0.0675038869356467,0.0917646169150518,0.103069280404469,0.104877805489884,0.116346249540237,0.126756874301786,0.148414754527944,0.164302270475353,0.173045471126253,0.183932549506618,0.205026465975023,0.21780883410585,0.232836059200306,0.245045921239771,0.259930614838151,0.270590096809967,0.283834169188313,0.289773690896768,0.288063814711704,0.303030835267114,0.313220693536362,0.327737227760728,0.336923621503263,0.351684002663847,0.376947109741183,0.430437833387664,0.574990010600535,1
