1,0.879016546856193,0.829670644392057,0.810247497353261,0.790037554312823,0.77737998595911,0.770934052431632,0.766505103149501,0.759482925562228,0.754309671230985,0.74837246488485,0.747069817993146,0.744109513316515,0.745498991072649,0.74572215041132,0.740885478093371,0.736311807785347,0.736151503530365,0.731134543868535,0.725469694596743,0.723279631431855,0.718885738307476,0.713052861086054,0.710834554903001,0.707477158263948,0.702394512211788,0.688391709529086,0.674664530515654,0.647308179968939,0.577983799126869,0.426246585009764,0.0500662060296454
0.879016546856193,1,0.966146460443877,0.947663746230237,0.931434009524821,0.91833252297203,0.912444403560801,0.906883237072181,0.899242301105277,0.894560026160452,0.891151769743696,0.891502176815391,0.887863670413387,0.884792516917097,0.884075711532502,0.880419705520633,0.874249462471421,0.871070604824356,0.864779586483496,0.861601799986121,0.857126063472023,0.854579794964027,0.84987420139867,0.84438370932049,0.839867124761947,0.833999385179806,0.819558615201742,0.80347833110745,0.775710389979689,0.708935931491701,0.547651768225609,0.0548009177910489
0.829670644392057,0.966146460443877,1,0.980207737105427,0.965699644170326,0.955250949023154,0.950132171878319,0.945608922367789,0.939439895099455,0.934503962739514,0.929572469309101,0.92927963059035,0.926415456503252,0.923192099363541,0.922437936647634,0.919720215229481,0.915005668951806,0.911976889280431,0.906811186202706,0.903755149421879,0.899076158905363,0.896967242219881,0.892632779302127,0.887409420687213,0.883192705780738,0.876506118672313,0.864083772779711,0.847066361613062,0.819928202938114,0.75334599686414,0.593931777738916,0.0881709692441545
0.810247497353261,0.947663746230237,0.980207737105427,1,0.989136387860687,0.979071862774742,0.973125482501497,0.968266819974354,0.963411026923707,0.958653577228983,0.954850666066566,0.953168145919285,0.949673915831532,0.945191126887876,0.942141183489636,0.938214580550802,0.932836467974913,0.928112375350746,0.922988043234298,0.919043289363297,0.914022036959975,0.910677302522838,0.905587270637574,0.902109268624758,0.897277074225225,0.890172543681999,0.877423307521285,0.860250670785116,0.831383433356063,0.763591598434608,0.609431283888035,0.0962915435188085
0.790037554312823,0.931434009524821,0.965699644170326,0.989136387860687,1,0.991957938063649,0.984447059872205,0.978202854136253,0.972836952130092,0.967602389807508,0.963930901346729,0.961688231493743,0.958228913892073,0.95325519620291,0.950257612348794,0.94575247491487,0.939414944960649,0.933801109166415,0.929743045037,0.925017367982797,0.920089461793169,0.916312000933178,0.909835573000042,0.905892892040386,0.901396481527571,0.894171491634819,0.880865968607609,0.86431967297287,0.836043471275027,0.767877754153196,0.617643582976807,0.0991089579946727
0.77737998595911,0.91833252297203,0.955250949023154,0.979071862774742,0.991957938063649,1,0.993154573686802,0.9864574267889,0.981376867260582,0.975857479767667,0.971515506537109,0.968876714956332,0.965025055942758,0.958950507260657,0.955980285413688,0.951063609582085,0.945005820244586,0.939343342589323,0.935060572495537,0.930449491214157,0.925391523475486,0.921570485123863,0.915116587317661,0.911087283231439,0.906608026021729,0.899574082952723,0.88646402786941,0.871291168273516,0.844180761381009,0.777688703206577,0.627132399318641,0.104513007706427
0.770934052431632,0.912444403560801,0.950132171878319,0.973125482501497,0.984447059872205,0.993154573686802,1,0.99499633346305,0.990540132721472,0.985026952729794,0.979970404749544,0.976565972885783,0.972281796538065,0.966202735930278,0.962200899544507,0.957398118056151,0.951660174428686,0.94654725936631,0.942280092592355,0.937678133224444,0.932407529701192,0.927736842487287,0.920462011586344,0.91581037166458,0.911411551028272,0.905263464159676,0.893202746006707,0.878410557484792,0.853092028147594,0.789205348200357,0.640528597688581,0.114292955713412
0.766505103149501,0.906883237072181,0.945608922367789,0.968266819974354,0.978202854136253,0.9864574267889,0.99499633346305,1,0.99596508860566,0.990309104424858,0.985211822677624,0.981812893905935,0.977816055024575,0.971503443875186,0.967219498472626,0.961907879809913,0.955438043798536,0.949695078036171,0.94528372576904,0.940719354294422,0.935260465773198,0.930673376538728,0.923812707116777,0.919198659506911,0.91501514904626,0.908715237294888,0.8974391913975,0.881910966909921,0.857396893824318,0.793934507523896,0.645112148936025,0.113042936707852
0.759482925562228,0.899242301105277,0.939439895099455,0.963411026923707,0.972836952130092,0.981376867260582,0.990540132721472,0.99596508860566,1,0.995700413015918,0.990703403519342,0.986400936081137,0.981648846549164,0.975736981282332,0.970674972432052,0.965562732546854,0.959685204943939,0.954135012013055,0.949231562214146,0.944190859942994,0.938767352191531,0.93390399220481,0.927329822440187,0.92264666103855,0.918226087254877,0.911884148315311,0.901098130647644,0.885532500881232,0.862048791757216,0.799275013739876,0.65315169110141,0.119060596368926
0.754309671230985,0.894560026160452,0.934503962739514,0.958653577228983,0.967602389807508,0.975857479767667,0.985026952729794,0.990309104424858,0.995700413015918,1,0.995734352097864,0.991010124378932,0.985923880382457,0.980050327581914,0.974388196207181,0.968629278502367,0.962486369819319,0.956778437099672,0.951826930926769,0.947120029333738,0.941739441077894,0.936724490831567,0.930562788936117,0.925683806896854,0.921247042188573,0.914983109029818,0.904308383139272,0.888566574460928,0.866097908349542,0.803886838268991,0.656308294310603,0.116940133054456
0.74837246488485,0.891151769743696,0.929572469309101,0.954850666066566,0.963930901346729,0.971515506537109,0.979970404749544,0.985211822677624,0.990703403519342,0.995734352097864,1,0.996512965707944,0.992099833086542,0.987230156172761,0.981275021124979,0.975592126249834,0.969482848453463,0.963934081998802,0.959137570621049,0.954218942700202,0.949000723141152,0.943440053914637,0.93768866137622,0.933817132110317,0.929206223849208,0.92278522927577,0.911445800169169,0.89565915862968,0.873022182150714,0.810693709547647,0.663232791134421,0.12282904965771
0.747069817993146,0.891502176815391,0.92927963059035,0.953168145919285,0.961688231493743,0.968876714956332,0.976565972885783,0.981812893905935,0.986400936081137,0.991010124378932,0.996512965707944,1,0.996649252200647,0.992343760075519,0.987115973878183,0.981675064438187,0.975577816168049,0.969982939636121,0.964997367812232,0.960314365500123,0.955097233105693,0.949314043135464,0.943598150052388,0.939445579001974,0.934348812274703,0.928400912126788,0.91703817660689,0.90090191132024,0.878203662569951,0.816677728523995,0.667848034047668,0.124556907900001
0.744109513316515,0.887863670413387,0.926415456503252,0.949673915831532,0.958228913892073,0.965025055942758,0.972281796538065,0.977816055024575,0.981648846549164,0.985923880382457,0.992099833086542,0.996649252200647,1,0.996635234724083,0.991899619101491,0.986635895671581,0.981194057463698,0.975431422058025,0.970761192055775,0.966354157140107,0.961371557721128,0.955756592523535,0.950112538389247,0.946114218801402,0.940969675201076,0.935119648495852,0.92361494170987,0.907857981537984,0.884743426717686,0.823795539854769,0.674080507107438,0.132590218758538
0.745498991072649,0.884792516917097,0.923192099363541,0.945191126887876,0.95325519620291,0.958950507260657,0.966202735930278,0.971503443875186,0.975736981282332,0.980050327581914,0.987230156172761,0.992343760075519,0.996635234724083,1,0.996352656026664,0.99180656484786,0.986505614127808,0.980933411220413,0.976106266112408,0.971414202404743,0.966389360163528,0.96063285359205,0.955191392249627,0.951511592184701,0.946110921637959,0.940329605408124,0.928758363380752,0.912261805097173,0.889581356474694,0.82885854030108,0.679489228240795,0.137051076476649
0.74572215041132,0.884075711532502,0.922437936647634,0.942141183489636,0.950257612348794,0.955980285413688,0.962200899544507,0.967219498472626,0.970674972432052,0.974388196207181,0.981275021124979,0.987115973878183,0.991899619101491,0.996352656026664,1,0.99670793357973,0.991658035278977,0.986030357807193,0.981637399719594,0.976853111586786,0.972196133487225,0.967178768423786,0.962128014725292,0.95782514447205,0.951867311235144,0.945608966436968,0.933475689128249,0.916661959473252,0.894165232612482,0.834912361280525,0.685677450123844,0.137783794541724
0.740885478093371,0.880419705520633,0.919720215229481,0.938214580550802,0.94575247491487,0.951063609582085,0.957398118056151,0.961907879809913,0.965562732546854,0.968629278502367,0.975592126249834,0.981675064438187,0.986635895671581,0.99180656484786,0.99670793357973,1,0.996649614423801,0.991733710525592,0.987358987100046,0.98264774233644,0.97823458977049,0.972931612332534,0.968370828474444,0.963613925359595,0.957232417644687,0.950921064260981,0.93958375249362,0.923212780769475,0.901340637086673,0.842571715155068,0.692233484907927,0.136476337221927
0.736311807785347,0.874249462471421,0.915005668951806,0.932836467974913,0.939414944960649,0.945005820244586,0.951660174428686,0.955438043798536,0.959685204943939,0.962486369819319,0.969482848453463,0.975577816168049,0.981194057463698,0.986505614127808,0.991658035278977,0.996649614423801,1,0.996435894852512,0.992545990849578,0.987777196618122,0.983224935634199,0.97761568119788,0.972745739691919,0.967659051223281,0.961172416707706,0.955250010111539,0.944373013055966,0.928487789602419,0.907022777699199,0.848834845089638,0.697870453777468,0.146429296538137
0.736151503530365,0.871070604824356,0.911976889280431,0.928112375350746,0.933801109166415,0.939343342589323,0.94654725936631,0.949695078036171,0.954135012013055,0.956778437099672,0.963934081998802,0.969982939636121,0.975431422058025,0.980933411220413,0.986030357807193,0.991733710525592,0.996435894852512,1,0.996859089526732,0.992492030884854,0.988429612193676,0.982823149288074,0.978252836795726,0.972601870001638,0.965378762653087,0.959701343673801,0.94899780242923,0.933623138714602,0.912064019971622,0.854114305380589,0.703770384182909,0.158326424270693
0.731134543868535,0.864779586483496,0.906811186202706,0.922988043234298,0.929743045037,0.935060572495537,0.942280092592355,0.94528372576904,0.949231562214146,0.951826930926769,0.959137570621049,0.964997367812232,0.970761192055775,0.976106266112408,0.981637399719594,0.987358987100046,0.992545990849578,0.996859089526732,1,0.996769907169851,0.992970969818307,0.987868996017922,0.983092229450797,0.977501237722016,0.970289961907241,0.964815601789693,0.954172816347581,0.939379525760178,0.918326847011141,0.862315300363163,0.712095202608041,0.165860535498092
0.725469694596743,0.861601799986121,0.903755149421879,0.919043289363297,0.925017367982797,0.930449491214157,0.937678133224444,0.940719354294422,0.944190859942994,0.947120029333738,0.954218942700202,0.960314365500123,0.966354157140107,0.971414202404743,0.976853111586786,0.98264774233644,0.987777196618122,0.992492030884854,0.996769907169851,1,0.996289727246945,0.991957190434111,0.986797501453901,0.981242708935319,0.973680323033999,0.968429057417592,0.957935706381224,0.943655862996358,0.923717966198421,0.869367535151589,0.718886586501291,0.177269724021883
0.723279631431855,0.857126063472023,0.899076158905363,0.914022036959975,0.920089461793169,0.925391523475486,0.932407529701192,0.935260465773198,0.938767352191531,0.941739441077894,0.949000723141152,0.955097233105693,0.961371557721128,0.966389360163528,0.972196133487225,0.97823458977049,0.983224935634199,0.988429612193676,0.992970969818307,0.996289727246945,1,0.996374189339417,0.99128750185012,0.985555839624916,0.978949622660809,0.973226930280463,0.962004497238885,0.9473646494885,0.927236167878309,0.874342386612308,0.726536095048337,0.184017950460233
0.718885738307476,0.854579794964027,0.896967242219881,0.910677302522838,0.916312000933178,0.921570485123863,0.927736842487287,0.930673376538728,0.93390399220481,0.936724490831567,0.943440053914637,0.949314043135464,0.955756592523535,0.96063285359205,0.967178768423786,0.972931612332534,0.97761568119788,0.982823149288074,0.987868996017922,0.991957190434111,0.996374189339417,1,0.995671230053286,0.990232083229182,0.98448750478657,0.977983381806195,0.967133807822763,0.952598485819158,0.931384110753307,0.880438424683327,0.73605772399719,0.186336789561866
0.713052861086054,0.84987420139867,0.892632779302127,0.905587270637574,0.909835573000042,0.915116587317661,0.920462011586344,0.923812707116777,0.927329822440187,0.930562788936117,0.93768866137622,0.943598150052388,0.950112538389247,0.955191392249627,0.962128014725292,0.968370828474444,0.972745739691919,0.978252836795726,0.983092229450797,0.986797501453901,0.99128750185012,0.995671230053286,1,0.995435752063535,0.989403536389643,0.982996140651265,0.972222310468101,0.958793086299538,0.937326031507167,0.887364004024378,0.745300751941747,0.189407722745588
0.710834554903001,0.84438370932049,0.887409420687213,0.902109268624758,0.905892892040386,0.911087283231439,0.91581037166458,0.919198659506911,0.92264666103855,0.925683806896854,0.933817132110317,0.939445579001974,0.946114218801402,0.951511592184701,0.95782514447205,0.963613925359595,0.967659051223281,0.972601870001638,0.977501237722016,0.981242708935319,0.985555839624916,0.990232083229182,0.995435752063535,1,0.994501356916942,0.988309974742515,0.977594904294172,0.964832907275595,0.943120464398668,0.893486116811258,0.751436452839811,0.196259361863415
0.707477158263948,0.839867124761947,0.883192705780738,0.897277074225225,0.901396481527571,0.906608026021729,0.911411551028272,0.91501514904626,0.918226087254877,0.921247042188573,0.929206223849208,0.934348812274703,0.940969675201076,0.946110921637959,0.951867311235144,0.957232417644687,0.961172416707706,0.965378762653087,0.970289961907241,0.973680323033999,0.978949622660809,0.98448750478657,0.989403536389643,0.994501356916942,1,0.99418309343148,0.98382541080939,0.971533532587894,0.950027836545231,0.903167215362367,0.761625519706328,0.216796034491415
0.702394512211788,0.833999385179806,0.876506118672313,0.890172543681999,0.894171491634819,0.899574082952723,0.905263464159676,0.908715237294888,0.911884148315311,0.914983109029818,0.92278522927577,0.928400912126788,0.935119648495852,0.940329605408124,0.945608966436968,0.950921064260981,0.955250010111539,0.959701343673801,0.964815601789693,0.968429057417592,0.973226930280463,0.977983381806195,0.982996140651265,0.988309974742515,0.99418309343148,1,0.991647433896045,0.979692614823165,0.959697524345359,0.913039798887794,0.770162259211934,0.226003647287083
0.688391709529086,0.819558615201742,0.864083772779711,0.877423307521285,0.880865968607609,0.88646402786941,0.893202746006707,0.8974391913975,0.901098130647644,0.904308383139272,0.911445800169169,0.91703817660689,0.92361494170987,0.928758363380752,0.933475689128249,0.93958375249362,0.944373013055966,0.94899780242923,0.954172816347581,0.957935706381224,0.962004497238885,0.967133807822763,0.972222310468101,0.977594904294172,0.98382541080939,0.991647433896045,1,0.989042297559043,0.972086063558082,0.925913136979321,0.790403947242588,0.238189468338849
0.674664530515654,0.80347833110745,0.847066361613062,0.860250670785116,0.86431967297287,0.871291168273516,0.878410557484792,0.881910966909921,0.885532500881232,0.888566574460928,0.89565915862968,0.90090191132024,0.907857981537984,0.912261805097173,0.916661959473252,0.923212780769475,0.928487789602419,0.933623138714602,0.939379525760178,0.943655862996358,0.9473646494885,0.952598485819158,0.958793086299538,0.964832907275595,0.971533532587894,0.979692614823165,0.989042297559043,1,0.985432917319284,0.939682685094689,0.806572716395698,0.259126447358665
0.647308179968939,0.775710389979689,0.819928202938114,0.831383433356063,0.836043471275027,0.844180761381009,0.853092028147594,0.857396893824318,0.862048791757216,0.866097908349542,0.873022182150714,0.878203662569951,0.884743426717686,0.889581356474694,0.894165232612482,0.901340637086673,0.907022777699199,0.912064019971622,0.918326847011141,0.923717966198421,0.927236167878309,0.931384110753307,0.937326031507167,0.943120464398668,0.950027836545231,0.959697524345359,0.972086063558082,0.985432917319284,1,0.962922994253617,0.833569684810427,0.285015541843226
0.577983799126869,0.708935931491701,0.75334599686414,0.763591598434608,0.767877754153196,0.777688703206577,0.789205348200357,0.793934507523896,0.799275013739876,0.803886838268991,0.810693709547647,0.816677728523995,0.823795539854769,0.82885854030108,0.834912361280525,0.842571715155068,0.848834845089638,0.854114305380589,0.862315300363163,0.869367535151589,0.874342386612308,0.880438424683327,0.887364004024378,0.893486116811258,0.903167215362367,0.913039798887794,0.925913136979321,0.939682685094689,0.962922994253617,1,0.886221793911726,0.321496946820503
0.426246585009764,0.547651768225609,0.593931777738916,0.609431283888035,0.617643582976807,0.627132399318641,0.640528597688581,0.645112148936025,0.65315169110141,0.656308294310603,0.663232791134421,0.667848034047668,0.674080507107438,0.679489228240795,0.685677450123844,0.692233484907927,0.697870453777468,0.703770384182909,0.712095202608041,0.718886586501291,0.726536095048337,0.73605772399719,0.745300751941747,0.751436452839811,0.761625519706328,0.770162259211934,0.790403947242588,0.806572716395698,0.833569684810427,0.886221793911726,1,0.44523872739344
0.0500662060296454,0.0548009177910489,0.0881709692441545,0.0962915435188085,0.0991089579946727,0.104513007706427,0.114292955713412,0.113042936707852,0.119060596368926,0.116940133054456,0.12282904965771,0.124556907900001,0.132590218758538,0.137051076476649,0.137783794541724,0.136476337221927,0.146429296538137,0.158326424270693,0.165860535498092,0.177269724021883,0.184017950460233,0.186336789561866,0.189407722745588,0.196259361863415,0.216796034491415,0.226003647287083,0.238189468338849,0.259126447358665,0.285015541843226,0.321496946820503,0.44523872739344,1
