1,0.992862559698034,0.939276276398293,0.658303970509465,0.538783867758796,0.514049563764076,0.443257198457157,0.351577573467883,0.322383572314688,0.278670492891544,0.224046258728557,0.205375985358865,0.194399797194983,0.17965102930513,0.166202679142673,0.160432600180726,0.151419505684173,0.140528878741693,0.134409950441257,0.124511949421036,0.112749397866618,0.105934865574591,0.0989093768260079,0.0890958516454594,0.082113679484069,0.109428038141455,0.109952327301975,0.108274158370524,0.138118523094566,0.186254579656924,0.186511800359749,0.183773012229941
0.992862559698034,1,0.973499158209856,0.743381717367035,0.634196357736885,0.604057890959292,0.519458257903349,0.410393810157389,0.375151845253091,0.322917092945249,0.258041511612463,0.234842598391689,0.220578547854655,0.202076045911499,0.185279888101463,0.177608045606149,0.166433137335094,0.15332585538285,0.145748652118671,0.134307514596344,0.121034651395432,0.113228894187311,0.105442981386164,0.0948328065708168,0.0873102985650701,0.114345282835516,0.114243401207267,0.112255710678525,0.14267081448388,0.191577665428247,0.191622947695678,0.188708769504697
0.939276276398293,0.973499158209856,1,0.876645164842872,0.791664642497763,0.75237479553173,0.644699346327609,0.506682240045536,0.461259492192229,0.394783475511105,0.312857953053437,0.281907606835664,0.261912265504507,0.236955488172136,0.214414851446768,0.203404660218974,0.188533531044172,0.171702525649016,0.161633565626217,0.147693228058718,0.132057718431121,0.122664964043368,0.113733820305444,0.10202245007413,0.0937661477590905,0.119178973586865,0.117880495446647,0.115379172409693,0.145666384878035,0.194085825741785,0.193722893479246,0.190589514526798
0.658303970509465,0.743381717367035,0.876645164842872,1,0.981164350265125,0.929658283493798,0.792719784108238,0.618509935772607,0.559803689020476,0.475272248408421,0.372149336473638,0.330434407572466,0.30196247484332,0.267896673530038,0.237307585552987,0.221245939729717,0.201261966362033,0.17961128702506,0.166103416542407,0.149401908896974,0.13159614282375,0.120546868318439,0.110805948595481,0.0988754125444789,0.0905540768820826,0.108002400486209,0.104418997124288,0.101285063680474,0.12587848333585,0.164600094483408,0.163443332621466,0.160409999344336
0.538783867758796,0.634196357736885,0.791664642497763,0.981164350265125,1,0.975691923161352,0.871103333019844,0.719384714651297,0.662025324608486,0.57504895797072,0.465551280547913,0.420807553466565,0.389152886841215,0.35017176831191,0.314537225052508,0.29511646668727,0.270327807577265,0.243087883728229,0.224501315063246,0.201021240514997,0.176292105308875,0.158750123896289,0.139653249733161,0.121201412135484,0.108892891779681,0.115349798215555,0.106416977558387,0.101230172593204,0.123856389337532,0.160178254155451,0.158559723240174,0.155389612514492
0.514049563764076,0.604057890959292,0.75237479553173,0.929658283493798,0.975691923161352,1,0.957551374382757,0.853778166069751,0.802918441104911,0.717571027920118,0.604079903843609,0.558099982880772,0.524349806814636,0.480520492878716,0.439430624361292,0.416403209766705,0.385504910033842,0.350649934510372,0.32492483663007,0.291040476810096,0.255321809602435,0.227519473822007,0.193094387957412,0.163565146723158,0.144405234667855,0.137651685079864,0.12096770544453,0.11260747406742,0.135953221713082,0.174924740139531,0.172905529791189,0.169332111328587
0.443257198457157,0.519458257903349,0.644699346327609,0.792719784108238,0.871103333019844,0.957551374382757,1,0.967016681544993,0.928491671333636,0.851638785371966,0.741341101086407,0.697157077516261,0.663162290339948,0.616217639619837,0.57100994555244,0.544952155584918,0.50831686384061,0.466039166712699,0.432838684343248,0.387790445507476,0.340274588377913,0.301045055011195,0.249019464699392,0.207116811776192,0.180370610330355,0.156742821331245,0.131104743589786,0.11919242366272,0.141747168706302,0.18130362343777,0.178907640635032,0.175069661544917
0.351577573467883,0.410393810157389,0.506682240045536,0.618509935772607,0.719384714651297,0.853778166069751,0.967016681544993,1,0.982968436632114,0.927179066357014,0.834929474811969,0.797073275200873,0.76490799075592,0.717641882773369,0.671071458717925,0.643851356459992,0.603892077135491,0.55686039571416,0.518450551272994,0.465050099695341,0.408544162634933,0.360278703422108,0.293674103162012,0.241628467233222,0.208684526604544,0.1698043471939,0.136482689561946,0.121578954158162,0.141924462182277,0.178980751670841,0.175892845982238,0.171784013418023
0.322383572314688,0.375151845253091,0.461259492192229,0.559803689020476,0.662025324608486,0.802918441104911,0.928491671333636,0.982968436632114,1,0.980233060111801,0.921850872447487,0.892598130298699,0.860699419883783,0.811708718884573,0.762982646240813,0.735134183033713,0.69252118060877,0.641465314905171,0.599447318168997,0.539495392666943,0.475471933804065,0.420163902521903,0.342048332074333,0.281159374641626,0.24264476430603,0.193619618074497,0.153623780481738,0.135908855479923,0.155292077191127,0.189725004058587,0.184694320286686,0.179560531710176
0.278670492891544,0.322917092945249,0.394783475511105,0.475272248408421,0.57504895797072,0.717571027920118,0.851638785371966,0.927179066357014,0.980233060111801,1,0.980302995311995,0.961427093176855,0.931030793378466,0.8820501198755,0.832859929722282,0.805396090933545,0.761549834330083,0.708107010834911,0.66380557775419,0.599084850741503,0.529407707268069,0.46862522782915,0.381093688157704,0.313004295730919,0.269959971296035,0.211881033949653,0.166223913665116,0.146157528404072,0.163766228782759,0.19406293424575,0.187132394017274,0.181090778262268
0.224046258728557,0.258041511612463,0.312857953053437,0.372149336473638,0.465551280547913,0.604079903843609,0.741341101086407,0.834929474811969,0.921850872447487,0.980302995311995,1,0.992227011458948,0.964528993303574,0.917489603115867,0.869775643511101,0.843778634704835,0.800430112697769,0.746711728414387,0.701877635952069,0.63494835942674,0.562374762486894,0.498524041518565,0.405044345050847,0.33245185622297,0.286582965322925,0.221756119086158,0.172247868006577,0.150625347854904,0.165768338889364,0.190741495753942,0.182187695704265,0.175478060778864
0.205375985358865,0.234842598391689,0.281907606835664,0.330434407572466,0.420807553466565,0.558099982880772,0.697157077516261,0.797073275200873,0.892598130298699,0.961427093176855,0.992227011458948,1,0.989265701804016,0.958282252606296,0.921977213950659,0.897341853793014,0.85404910607096,0.799385365565765,0.754652072814595,0.68574960275255,0.609957100463767,0.544218914759258,0.447506490657876,0.370592522168854,0.321668316053712,0.250961492674373,0.195841867707674,0.17169914266584,0.18528215525653,0.204154772823981,0.192151302918114,0.183708477732507
0.194399797194983,0.220578547854655,0.261912265504507,0.30196247484332,0.389152886841215,0.524349806814636,0.663162290339948,0.76490799075592,0.860699419883783,0.931030793378466,0.964528993303574,0.989265701804016,1,0.989762573959481,0.968341780511664,0.945351505726708,0.902504549924303,0.847340936463811,0.803427878883003,0.733415280776754,0.655169755110994,0.58864449319709,0.490595076586641,0.41026909765475,0.35876335759832,0.283188298555573,0.222525260066429,0.19583526546184,0.207935991549296,0.220169808023647,0.204281379553247,0.193872739484016
0.17965102930513,0.202076045911499,0.236955488172136,0.267896673530038,0.35017176831191,0.480520492878716,0.616217639619837,0.717641882773369,0.811708718884573,0.8820501198755,0.917489603115867,0.958282252606296,0.989762573959481,1,0.99356057682502,0.97265345937552,0.931129769935322,0.876621010057381,0.834419030304974,0.764772942953228,0.685752917199278,0.619837428559364,0.522513912609306,0.440519897893708,0.387560048436432,0.308796206264794,0.243975934267623,0.215351073117693,0.22575329757139,0.231249468151131,0.211895821145917,0.199782846822232
0.166202679142673,0.185279888101463,0.214414851446768,0.237307585552987,0.314537225052508,0.439430624361292,0.57100994555244,0.671071458717925,0.762982646240813,0.832859929722282,0.869775643511101,0.921977213950659,0.968341780511664,0.99356057682502,1,0.987415993785551,0.953316146831531,0.905050606361444,0.865970708952743,0.79675737519065,0.716992450577377,0.650860586066575,0.551887227896098,0.467197475777036,0.412280661771842,0.331359057353282,0.263227933406911,0.233025130314398,0.24177717851255,0.240693566579902,0.218082903254371,0.204382851410136
0.160432600180726,0.177608045606149,0.203404660218974,0.221245939729717,0.29511646668727,0.416403209766705,0.544952155584918,0.643851356459992,0.735134183033713,0.805396090933545,0.843778634704835,0.897341853793014,0.945351505726708,0.97265345937552,0.987415993785551,1,0.989075118551387,0.960920877940094,0.927742119799936,0.857041190222539,0.774109910856713,0.70350798659765,0.593385475407156,0.500471229656154,0.440435338032504,0.357479921074307,0.285984113213524,0.254123263905051,0.261512398492902,0.253795947361682,0.227571346810059,0.212070117578036
0.151419505684173,0.166433137335094,0.188533531044172,0.201261966362033,0.270327807577265,0.385504910033842,0.50831686384061,0.603892077135491,0.69252118060877,0.761549834330083,0.800430112697769,0.85404910607096,0.902504549924303,0.931129769935322,0.953316146831531,0.989075118551387,1,0.991230093380485,0.964303671792915,0.893817821090116,0.809813863445095,0.736644707819875,0.618624465443657,0.520148822304689,0.456701352736232,0.373729489708363,0.300717063899561,0.268032491726607,0.273983802887523,0.260259447304372,0.231260275298175,0.214431279526685
0.140528878741693,0.15332585538285,0.171702525649016,0.17961128702506,0.243087883728229,0.350649934510372,0.466039166712699,0.55686039571416,0.641465314905171,0.708107010834911,0.746711728414387,0.799385365565765,0.847340936463811,0.876621010057381,0.905050606361444,0.960920877940094,0.991230093380485,1,0.97917830996415,0.910193728272075,0.826787577628213,0.752675310929298,0.629766043016964,0.528132956297616,0.462804996060127,0.381358636161466,0.308342008275646,0.275525752094037,0.280077654833352,0.261222307641743,0.230274206910755,0.212567344470073
0.134409950441257,0.145748652118671,0.161633565626217,0.166103416542407,0.224501315063246,0.32492483663007,0.432838684343248,0.518450551272994,0.599447318168997,0.66380557775419,0.701877635952069,0.754652072814595,0.803427878883003,0.834419030304974,0.865970708952743,0.927742119799936,0.964303671792915,0.97917830996415,1,0.975035171217334,0.923130326025732,0.866546065725682,0.73075085052654,0.616237360215782,0.542255452385179,0.462823251101561,0.382361398821788,0.345472505534927,0.34435622148405,0.29903075348116,0.254996892752194,0.230915678135154
0.124511949421036,0.134307514596344,0.147693228058718,0.149401908896974,0.201021240514997,0.291040476810096,0.387790445507476,0.465050099695341,0.539495392666943,0.599084850741503,0.63494835942674,0.68574960275255,0.733415280776754,0.764772942953228,0.79675737519065,0.857041190222539,0.893817821090116,0.910193728272075,0.975035171217334,1,0.985460100459227,0.951232897166413,0.808343611515315,0.685338998524227,0.605457145935418,0.531389452740977,0.446167094727938,0.406393000704762,0.399360230941127,0.327808140331656,0.27161042597287,0.241701463626798
0.112749397866618,0.121034651395432,0.132057718431121,0.13159614282375,0.176292105308875,0.255321809602435,0.340274588377913,0.408544162634933,0.475471933804065,0.529407707268069,0.562374762486894,0.609957100463767,0.655169755110994,0.685752917199278,0.716992450577377,0.774109910856713,0.809813863445095,0.826787577628213,0.923130326025732,0.985460100459227,1,0.984031292698694,0.84052094227875,0.715157311719827,0.633448391393699,0.565977282600012,0.479979391633181,0.439335712623233,0.428012407032716,0.338799593512948,0.275185049079852,0.241823058759649
0.105934865574591,0.113228894187311,0.122664964043368,0.120546868318439,0.158750123896289,0.227519473822007,0.301045055011195,0.360278703422108,0.420163902521903,0.46862522782915,0.498524041518565,0.544218914759258,0.58864449319709,0.619837428559364,0.650860586066575,0.70350798659765,0.736644707819875,0.752675310929298,0.866546065725682,0.951232897166413,0.984031292698694,1,0.914376167634264,0.813300081242732,0.743232690988854,0.656007870371621,0.550056246227563,0.500686694065147,0.481613369608877,0.368412032108896,0.293367891528833,0.254490543292649
0.0989093768260079,0.105442981386164,0.113733820305444,0.110805948595481,0.139653249733161,0.193094387957412,0.249019464699392,0.293674103162012,0.342048332074333,0.381093688157704,0.405044345050847,0.447506490657876,0.490595076586641,0.522513912609306,0.551887227896098,0.593385475407156,0.618624465443657,0.629766043016964,0.73075085052654,0.808343611515315,0.84052094227875,0.914376167634264,1,0.97923106889848,0.950462768065544,0.802543843487807,0.649363881070209,0.580476729918099,0.548250111356233,0.405883243786525,0.316807352496089,0.271141867620548
0.0890958516454594,0.0948328065708168,0.10202245007413,0.0988754125444789,0.121201412135484,0.163565146723158,0.207116811776192,0.241628467233222,0.281159374641626,0.313004295730919,0.33245185622297,0.370592522168854,0.41026909765475,0.440519897893708,0.467197475777036,0.500471229656154,0.520148822304689,0.528132956297616,0.616237360215782,0.685338998524227,0.715157311719827,0.813300081242732,0.97923106889848,1,0.993744359044927,0.824845875949018,0.657764551661266,0.583487922666534,0.546725576948024,0.398814560851502,0.308381338533364,0.262222999361092
0.082113679484069,0.0873102985650701,0.0937661477590905,0.0905540768820826,0.108892891779681,0.144405234667855,0.180370610330355,0.208684526604544,0.24264476430603,0.269959971296035,0.286582965322925,0.321668316053712,0.35876335759832,0.387560048436432,0.412280661771842,0.440435338032504,0.456701352736232,0.462804996060127,0.542255452385179,0.605457145935418,0.633448391393699,0.743232690988854,0.950462768065544,0.993744359044927,1,0.822534189181119,0.65075224394141,0.574821323640908,0.536211112965982,0.387863623106417,0.298283028068301,0.252670016961142
0.109428038141455,0.114345282835516,0.119178973586865,0.108002400486209,0.115349798215555,0.137651685079864,0.156742821331245,0.1698043471939,0.193619618074497,0.211881033949653,0.221756119086158,0.250961492674373,0.283188298555573,0.308796206264794,0.331359057353282,0.357479921074307,0.373729489708363,0.381358636161466,0.462823251101561,0.531389452740977,0.565977282600012,0.656007870371621,0.802543843487807,0.824845875949018,0.822534189181119,1,0.967047421565443,0.938111721136867,0.904698691136771,0.623924478901282,0.464547314455184,0.384408050150397
0.109952327301975,0.114243401207267,0.117880495446647,0.104418997124288,0.106416977558387,0.12096770544453,0.131104743589786,0.136482689561946,0.153623780481738,0.166223913665116,0.172247868006577,0.195841867707674,0.222525260066429,0.243975934267623,0.263227933406911,0.285984113213524,0.300717063899561,0.308342008275646,0.382361398821788,0.446167094727938,0.479979391633181,0.550056246227563,0.649363881070209,0.657764551661266,0.65075224394141,0.967047421565443,1,0.995373572713549,0.968189571049006,0.660010750097967,0.487368031728517,0.400801167246905
0.108274158370524,0.112255710678525,0.115379172409693,0.101285063680474,0.101230172593204,0.11260747406742,0.11919242366272,0.121578954158162,0.135908855479923,0.146157528404072,0.150625347854904,0.17169914266584,0.19583526546184,0.215351073117693,0.233025130314398,0.254123263905051,0.268032491726607,0.275525752094037,0.345472505534927,0.406393000704762,0.439335712623233,0.500686694065147,0.580476729918099,0.583487922666534,0.574821323640908,0.938111721136867,0.995373572713549,1,0.975630549077505,0.662367886230858,0.487664629282077,0.400149114692698
0.138118523094566,0.14267081448388,0.145666384878035,0.12587848333585,0.123856389337532,0.135953221713082,0.141747168706302,0.141924462182277,0.155292077191127,0.163766228782759,0.165768338889364,0.18528215525653,0.207935991549296,0.22575329757139,0.24177717851255,0.261512398492902,0.273983802887523,0.280077654833352,0.34435622148405,0.399360230941127,0.428012407032716,0.481613369608877,0.548250111356233,0.546725576948024,0.536211112965982,0.904698691136771,0.968189571049006,0.975630549077505,1,0.808786437744462,0.664811983023496,0.588662721852322
0.186254579656924,0.191577665428247,0.194085825741785,0.164600094483408,0.160178254155451,0.174924740139531,0.18130362343777,0.178980751670841,0.189725004058587,0.19406293424575,0.190741495753942,0.204154772823981,0.220169808023647,0.231249468151131,0.240693566579902,0.253795947361682,0.260259447304372,0.261222307641743,0.29903075348116,0.327808140331656,0.338799593512948,0.368412032108896,0.405883243786525,0.398814560851502,0.387863623106417,0.623924478901282,0.660010750097967,0.662367886230858,0.808786437744462,1,0.977009758708593,0.95151195236695
0.186511800359749,0.191622947695678,0.193722893479246,0.163443332621466,0.158559723240174,0.172905529791189,0.178907640635032,0.175892845982238,0.184694320286686,0.187132394017274,0.182187695704265,0.192151302918114,0.204281379553247,0.211895821145917,0.218082903254371,0.227571346810059,0.231260275298175,0.230274206910755,0.254996892752194,0.27161042597287,0.275185049079852,0.293367891528833,0.316807352496089,0.308381338533364,0.298283028068301,0.464547314455184,0.487368031728517,0.487664629282077,0.664811983023496,0.977009758708593,1,0.995217628062893
0.183773012229941,0.188708769504697,0.190589514526798,0.160409999344336,0.155389612514492,0.169332111328587,0.175069661544917,0.171784013418023,0.179560531710176,0.181090778262268,0.175478060778864,0.183708477732507,0.193872739484016,0.199782846822232,0.204382851410136,0.212070117578036,0.214431279526685,0.212567344470073,0.230915678135154,0.241701463626798,0.241823058759649,0.254490543292649,0.271141867620548,0.262222999361092,0.252670016961142,0.384408050150397,0.400801167246905,0.400149114692698,0.588662721852322,0.95151195236695,0.995217628062893,1
