1,0.893210633556242,0.815290977485135,0.785706711593128,0.749306345141456,0.70887671224524,0.656505039720913,0.625106726455981,0.572937794385367,0.5124255180372,0.464011178177677,0.419354478782122,0.350474626867216,0.314827106784082,0.255296354118773,0.205336524272096,0.168497553902367,0.139924014800442,0.0971877165545191,0.0764732361041047,0.0395356693156377,0.00282263479009428,-0.0186733690908457,-0.0484649201688602,-0.054918917726394,-0.063925283580905,-0.0635444073900881,-0.0638135514604124,-0.0916890257528467,-0.105454981730844,-0.117245470832607,-0.0955584897205947
0.893210633556242,1,0.948240793614551,0.906389072877204,0.868610904631364,0.824062799140445,0.766157852817448,0.732447870436526,0.679298225533087,0.616941747247085,0.565988045037129,0.515787287203898,0.442877186993396,0.40648921760305,0.342223404919108,0.283163869997894,0.243516196506442,0.218932350831758,0.169398499965778,0.144022722504686,0.111011662484659,0.068210476242206,0.0422410035971356,0.00712035158901426,0.00115588498007574,-0.0144783210136428,-0.0231113531664491,-0.0390110831484069,-0.0732428475396678,-0.0856230091018562,-0.110115833550439,-0.0994041239247411
0.815290977485135,0.948240793614551,1,0.964785169520977,0.917959524507231,0.881820694620609,0.827052815637098,0.796245066499468,0.747958866355627,0.690130270110311,0.645416639795621,0.596070139548783,0.521852353152658,0.486088695621934,0.421375961600865,0.358731688683875,0.317611369270421,0.292697410318157,0.243972208790965,0.214247033928836,0.179639046255045,0.136269502994014,0.109926053065591,0.0755031551298548,0.0686706106322835,0.0494466777762938,0.0322941186127629,0.00765715738741901,-0.0417537985664766,-0.0604433031711259,-0.0873789342776284,-0.0892022625904328
0.785706711593128,0.906389072877204,0.964785169520977,1,0.970569619924919,0.940231519023819,0.892241579472868,0.865110160456611,0.821793695636102,0.76264228540781,0.719962562578719,0.671717273800039,0.59724539266342,0.560476152046825,0.494675943985185,0.433675975339262,0.391763619670674,0.365727503490532,0.323429822683512,0.296045313181428,0.26127750382722,0.216321595695364,0.185314417245925,0.146851529751242,0.136126638444891,0.115869358257835,0.0976520406256364,0.0631875052940618,0.00314019086797969,-0.0240194561097699,-0.0587110602916235,-0.073020066278211
0.749306345141456,0.868610904631364,0.917959524507231,0.970569619924919,1,0.979161706319434,0.94160592246279,0.915016269045632,0.876550531364638,0.82639971679854,0.783771961460664,0.74447679322477,0.680252947523752,0.645090477154615,0.586000836105044,0.532554256425247,0.491157952719084,0.464391075972613,0.424324160511091,0.393456060193559,0.355074396260004,0.305713177885384,0.274951110345059,0.233407399363937,0.218853242286931,0.19693464272629,0.172141536686095,0.120327925082598,0.0599580455569373,0.0323187853733121,-0.0147962931123785,-0.0366433094862553
0.70887671224524,0.824062799140445,0.881820694620609,0.940231519023819,0.979161706319434,1,0.976266111428775,0.949829920059688,0.911943959882585,0.869621297188281,0.829445480590937,0.793463263007169,0.736276960350645,0.702946486247607,0.646659831660955,0.595697095782569,0.555350324321933,0.528572535034523,0.490989476451882,0.456632619353931,0.416596122920518,0.368292424119676,0.339028002214333,0.296382923466406,0.279449127903699,0.256016401222911,0.228556838420154,0.162602098831081,0.0989634418663073,0.0699763786731777,0.0226833216689761,-0.00248068601690933
0.656505039720913,0.766157852817448,0.827052815637098,0.892241579472868,0.94160592246279,0.976266111428775,1,0.984041805729095,0.957846250508757,0.926250343473562,0.891375649643367,0.86188287048408,0.813351821363228,0.782372518812401,0.732300842722747,0.68611909875847,0.651099945626328,0.624648070265067,0.588012322565092,0.552451315863034,0.512223505054836,0.463302074037066,0.435471206083339,0.392977179019181,0.371574406201469,0.347737922737578,0.316724997653747,0.237680667831835,0.168020133714885,0.137208556044343,0.0855865888306622,0.051191596384553
0.625106726455981,0.732447870436526,0.796245066499468,0.865110160456611,0.915016269045632,0.949829920059688,0.984041805729095,1,0.982568046566247,0.953681561940501,0.923874173920844,0.895360928094688,0.849808748299903,0.821638210844741,0.773893153670586,0.731078124968607,0.697598278189854,0.672089248892342,0.636476812803907,0.602302437016932,0.564311227057602,0.515980953036912,0.487882664327213,0.44724257191504,0.424130936226097,0.399658708067647,0.367891559910143,0.285692222779927,0.215099774897773,0.178698378029035,0.12643112072853,0.0792448151830852
0.572937794385367,0.679298225533087,0.747958866355627,0.821793695636102,0.876550531364638,0.911943959882585,0.957846250508757,0.982568046566247,1,0.984479030282931,0.960527888647642,0.936686893355183,0.896699106675481,0.871241876691556,0.829332245124365,0.791131646835358,0.760385778103014,0.736566471473862,0.701507373187842,0.668712973287454,0.632076842209313,0.583798623530134,0.557913297975413,0.51873159732859,0.494843311344373,0.470850507587291,0.434063437719227,0.339086184103156,0.26441814680312,0.224539626476883,0.168500798840535,0.109665945282083
0.5124255180372,0.616941747247085,0.690130270110311,0.76264228540781,0.82639971679854,0.869621297188281,0.926250343473562,0.953681561940501,0.984479030282931,1,0.986488471852001,0.971439265694641,0.941983195016076,0.919984625736404,0.886383760300981,0.853732300520519,0.825882982435248,0.803694536328532,0.768502477720049,0.734997349890067,0.698493143293607,0.651638063878659,0.628840427775934,0.589679203520235,0.563412064442168,0.538901232154556,0.498559622844406,0.395344303490837,0.322975340577273,0.284537281171691,0.217587171795162,0.153229890018012
0.464011178177677,0.565988045037129,0.645416639795621,0.719962562578719,0.783771961460664,0.829445480590937,0.891375649643367,0.923874173920844,0.960527888647642,0.986488471852001,1,0.988685096200523,0.963518345936071,0.944160423984139,0.914621773146602,0.885127685342737,0.861881152942348,0.840811322718769,0.806433573055244,0.775319420282769,0.739875642270582,0.69396519971117,0.673152720956308,0.636171241411209,0.609742681101556,0.585405907759194,0.544129097133053,0.437158575882095,0.362498241124542,0.318980471909381,0.25223608020169,0.18584251660799
0.419354478782122,0.515787287203898,0.596070139548783,0.671717273800039,0.74447679322477,0.793463263007169,0.86188287048408,0.895360928094688,0.936686893355183,0.971439265694641,0.988685096200523,1,0.986794744935061,0.970073243746643,0.946229238191978,0.920746295912348,0.899457579453945,0.880017731237515,0.848953327057395,0.818123416502219,0.783146715036021,0.736274233477578,0.716950125055781,0.680505105168875,0.654202444470496,0.630233477863976,0.584689687089701,0.468558319145157,0.394738030767985,0.348575071581455,0.27686301078124,0.205518034710144
0.350474626867216,0.442877186993396,0.521852353152658,0.59724539266342,0.680252947523752,0.736276960350645,0.813351821363228,0.849808748299903,0.896699106675481,0.941983195016076,0.963518345936071,0.986794744935061,1,0.990911859352534,0.975568935935226,0.955412633598375,0.937950134091708,0.920532032972504,0.892143905668472,0.863100993511465,0.829701730428051,0.784440924474582,0.768240811113651,0.733077226616989,0.70680788593143,0.681855513501935,0.632488339748615,0.510754800645735,0.442988928429711,0.396196894561351,0.319056587091757,0.242841881577336
0.314827106784082,0.40648921760305,0.486088695621934,0.560476152046825,0.645090477154615,0.702946486247607,0.782372518812401,0.821638210844741,0.871241876691556,0.919984625736404,0.944160423984139,0.970073243746643,0.990911859352534,1,0.989031067506039,0.971316943833557,0.956475033928414,0.941142808239671,0.915280966599813,0.891059677199714,0.860129935114565,0.818944532460172,0.803460610486084,0.770758162731778,0.746144319482864,0.721290968897481,0.672282735181663,0.549412972927451,0.484597231908141,0.434585299526866,0.356070876226102,0.268878979370669
0.255296354118773,0.342223404919108,0.421375961600865,0.494675943985185,0.586000836105044,0.646659831660955,0.732300842722747,0.773893153670586,0.829332245124365,0.886383760300981,0.914621773146602,0.946229238191978,0.975568935935226,0.989031067506039,1,0.991700175124315,0.979689066953773,0.966126092247004,0.941285616047833,0.917634510841605,0.887520644544354,0.847093246166027,0.834023736752319,0.802288357419349,0.775960521659634,0.750092548726746,0.696888789349685,0.570327444133845,0.510778625694576,0.46776581316874,0.382987480389014,0.293841269545085
0.205336524272096,0.283163869997894,0.358731688683875,0.433675975339262,0.532554256425247,0.595697095782569,0.68611909875847,0.731078124968607,0.791131646835358,0.853732300520519,0.885127685342737,0.920746295912348,0.955412633598375,0.971316943833557,0.991700175124315,1,0.993344409214491,0.982346949116046,0.961056171251011,0.9393942598334,0.910793411081678,0.872136264107778,0.861303104702104,0.831433342557593,0.802841199707642,0.777002141702476,0.722208240736689,0.593440050635042,0.536861459992473,0.495091537555311,0.406840750405218,0.319672290388781
0.168497553902367,0.243516196506442,0.317611369270421,0.391763619670674,0.491157952719084,0.555350324321933,0.651099945626328,0.697598278189854,0.760385778103014,0.825882982435248,0.861881152942348,0.899457579453945,0.937950134091708,0.956475033928414,0.979689066953773,0.993344409214491,1,0.992174073384667,0.974316004924454,0.955639012558234,0.929134873327117,0.893046243170481,0.882717379046342,0.854853473206204,0.825990653097834,0.80150279613745,0.747104191864824,0.618856725339654,0.561511268857252,0.517772418225679,0.427009954990141,0.337412291723715
0.139924014800442,0.218932350831758,0.292697410318157,0.365727503490532,0.464391075972613,0.528572535034523,0.624648070265067,0.672089248892342,0.736566471473862,0.803694536328532,0.840811322718769,0.880017731237515,0.920532032972504,0.941142808239671,0.966126092247004,0.982346949116046,0.992174073384667,1,0.988541717002614,0.969273800669564,0.94478781427661,0.908197294254035,0.898149169739969,0.871610920420298,0.843121263789409,0.818995728767109,0.763570091861506,0.635670545674572,0.579053881366614,0.534021472588913,0.450316191511671,0.355948592115253
0.0971877165545191,0.169398499965778,0.243972208790965,0.323429822683512,0.424324160511091,0.490989476451882,0.588012322565092,0.636476812803907,0.701507373187842,0.768502477720049,0.806433573055244,0.848953327057395,0.892143905668472,0.915280966599813,0.941285616047833,0.961056171251011,0.974316004924454,0.988541717002614,1,0.984143387346238,0.96128446438088,0.926421495626276,0.916713140364264,0.891672542958679,0.86410093930901,0.838703381706312,0.783943173942988,0.654691992409168,0.599708424061829,0.553175396328348,0.466743924359523,0.373023332884301
0.0764732361041047,0.144022722504686,0.214247033928836,0.296045313181428,0.393456060193559,0.456632619353931,0.552451315863034,0.602302437016932,0.668712973287454,0.734997349890067,0.775319420282769,0.818123416502219,0.863100993511465,0.891059677199714,0.917634510841605,0.9393942598334,0.955639012558234,0.969273800669564,0.984143387346238,1,0.990415934656683,0.967572619321175,0.958127382508617,0.936868701507023,0.914524989063837,0.891126440266759,0.844606230865767,0.735293927208179,0.683104263301236,0.62458641286738,0.523749685576033,0.414997246835687
0.0395356693156377,0.111011662484659,0.179639046255045,0.26127750382722,0.355074396260004,0.416596122920518,0.512223505054836,0.564311227057602,0.632076842209313,0.698493143293607,0.739875642270582,0.783146715036021,0.829701730428051,0.860129935114565,0.887520644544354,0.910793411081678,0.929134873327117,0.94478781427661,0.96128446438088,0.990415934656683,1,0.98747370666193,0.978342205216313,0.960096568287267,0.940422506559365,0.917780219787513,0.875859015741994,0.775720395471594,0.725608941468132,0.664022774029318,0.55863694003516,0.439463271633603
0.00282263479009428,0.068210476242206,0.136269502994014,0.216321595695364,0.305713177885384,0.368292424119676,0.463302074037066,0.515980953036912,0.583798623530134,0.651638063878659,0.69396519971117,0.736274233477578,0.784440924474582,0.818944532460172,0.847093246166027,0.872136264107778,0.893046243170481,0.908197294254035,0.926421495626276,0.967572619321175,0.98747370666193,1,0.992110693157115,0.978023270986564,0.962737704361534,0.94262670195797,0.909451230147221,0.822933601507164,0.775304408196661,0.714457858003436,0.595184081241052,0.465321708596555
-0.0186733690908457,0.0422410035971356,0.109926053065591,0.185314417245925,0.274951110345059,0.339028002214333,0.435471206083339,0.487882664327213,0.557913297975413,0.628840427775934,0.673152720956308,0.716950125055781,0.768240811113651,0.803460610486084,0.834023736752319,0.861303104702104,0.882717379046342,0.898149169739969,0.916713140364264,0.958127382508617,0.978342205216313,0.992110693157115,1,0.990264344646636,0.974122453327532,0.954341096993382,0.919350928914752,0.828955581816666,0.783668397439242,0.723134066235057,0.608170767940663,0.470230684900715
-0.0484649201688602,0.00712035158901426,0.0755031551298548,0.146851529751242,0.233407399363937,0.296382923466406,0.392977179019181,0.44724257191504,0.51873159732859,0.589679203520235,0.636171241411209,0.680505105168875,0.733077226616989,0.770758162731778,0.802288357419349,0.831433342557593,0.854853473206204,0.871610920420298,0.891672542958679,0.936868701507023,0.960096568287267,0.978023270986564,0.990264344646636,1,0.987916503729014,0.970302709046088,0.936397325801902,0.846917496385519,0.806870646937867,0.743538698711754,0.633379725071996,0.486604585936737
-0.054918917726394,0.00115588498007574,0.0686706106322835,0.136126638444891,0.218853242286931,0.279449127903699,0.371574406201469,0.424130936226097,0.494843311344373,0.563412064442168,0.609742681101556,0.654202444470496,0.70680788593143,0.746144319482864,0.775960521659634,0.802841199707642,0.825990653097834,0.843121263789409,0.86410093930901,0.914524989063837,0.940422506559365,0.962737704361534,0.974122453327532,0.987916503729014,1,0.98644440363985,0.956067335640225,0.868063977113904,0.829256807195525,0.765413118305327,0.654576582421526,0.494417405585248
-0.063925283580905,-0.0144783210136428,0.0494466777762938,0.115869358257835,0.19693464272629,0.256016401222911,0.347737922737578,0.399658708067647,0.470850507587291,0.538901232154556,0.585405907759194,0.630233477863976,0.681855513501935,0.721290968897481,0.750092548726746,0.777002141702476,0.80150279613745,0.818995728767109,0.838703381706312,0.891126440266759,0.917780219787513,0.94262670195797,0.954341096993382,0.970302709046088,0.98644440363985,1,0.980443842438777,0.891414801630332,0.845915351706129,0.780889813728539,0.675388511912021,0.508757179135298
-0.0635444073900881,-0.0231113531664491,0.0322941186127629,0.0976520406256364,0.172141536686095,0.228556838420154,0.316724997653747,0.367891559910143,0.434063437719227,0.498559622844406,0.544129097133053,0.584689687089701,0.632488339748615,0.672282735181663,0.696888789349685,0.722208240736689,0.747104191864824,0.763570091861506,0.783943173942988,0.844606230865767,0.875859015741994,0.909451230147221,0.919350928914752,0.936397325801902,0.956067335640225,0.980443842438777,1,0.937928268712457,0.885126860378275,0.821439020931789,0.715109128378026,0.521325595243401
-0.0638135514604124,-0.0390110831484069,0.00765715738741901,0.0631875052940618,0.120327925082598,0.162602098831081,0.237680667831835,0.285692222779927,0.339086184103156,0.395344303490837,0.437158575882095,0.468558319145157,0.510754800645735,0.549412972927451,0.570327444133845,0.593440050635042,0.618856725339654,0.635670545674572,0.654691992409168,0.735293927208179,0.775720395471594,0.822933601507164,0.828955581816666,0.846917496385519,0.868063977113904,0.891414801630332,0.937928268712457,1,0.967592652799025,0.905197365531222,0.778592867984133,0.523321554075133
-0.0916890257528467,-0.0732428475396678,-0.0417537985664766,0.00314019086797969,0.0599580455569373,0.0989634418663073,0.168020133714885,0.215099774897773,0.26441814680312,0.322975340577273,0.362498241124542,0.394738030767985,0.442988928429711,0.484597231908141,0.510778625694576,0.536861459992473,0.561511268857252,0.579053881366614,0.599708424061829,0.683104263301236,0.725608941468132,0.775304408196661,0.783668397439242,0.806870646937867,0.829256807195525,0.845915351706129,0.885126860378275,0.967592652799025,1,0.947112050255123,0.796386846835421,0.545231467330207
-0.105454981730844,-0.0856230091018562,-0.0604433031711259,-0.0240194561097699,0.0323187853733121,0.0699763786731777,0.137208556044343,0.178698378029035,0.224539626476883,0.284537281171691,0.318980471909381,0.348575071581455,0.396196894561351,0.434585299526866,0.46776581316874,0.495091537555311,0.517772418225679,0.534021472588913,0.553175396328348,0.62458641286738,0.664022774029318,0.714457858003436,0.723134066235057,0.743538698711754,0.765413118305327,0.780889813728539,0.821439020931789,0.905197365531222,0.947112050255123,1,0.839359233676112,0.571438278313269
-0.117245470832607,-0.110115833550439,-0.0873789342776284,-0.0587110602916235,-0.0147962931123785,0.0226833216689761,0.0855865888306622,0.12643112072853,0.168500798840535,0.217587171795162,0.25223608020169,0.27686301078124,0.319056587091757,0.356070876226102,0.382987480389014,0.406840750405218,0.427009954990141,0.450316191511671,0.466743924359523,0.523749685576033,0.55863694003516,0.595184081241052,0.608170767940663,0.633379725071996,0.654576582421526,0.675388511912021,0.715109128378026,0.778592867984133,0.796386846835421,0.839359233676112,1,0.680065574653829
-0.0955584897205947,-0.0994041239247411,-0.0892022625904328,-0.073020066278211,-0.0366433094862553,-0.00248068601690933,0.051191596384553,0.0792448151830852,0.109665945282083,0.153229890018012,0.18584251660799,0.205518034710144,0.242841881577336,0.268878979370669,0.293841269545085,0.319672290388781,0.337412291723715,0.355948592115253,0.373023332884301,0.414997246835687,0.439463271633603,0.465321708596555,0.470230684900715,0.486604585936737,0.494417405585248,0.508757179135298,0.521325595243401,0.523321554075133,0.545231467330207,0.571438278313269,0.680065574653829,1
