1,0.642824131560761,0.488849233525167,0.45519684349991,0.418419459046968,0.385061409826489,0.362221538918729,0.361014986260651,0.3572318678278,0.343320237704986,0.339134165110585,0.336814416470632,0.329204240171793,0.316549801988179,0.304745977099019,0.292074464538661,0.284850419648164,0.275007404052723,0.266758971566083,0.252944984210936,0.245696969587417,0.238140796436519,0.219346499777251,0.214136542370515,0.207507467593172,0.189620453979843,0.192961675679466,0.155678097615635,0.119513467080907,0.101467983328219,0.0154047402133273,0.0155646903923636
0.642824131560761,1,0.86978063272543,0.812092608591888,0.752474576575716,0.709215518815586,0.680843591607907,0.673781056607906,0.656325082046907,0.642468203500905,0.630326416927023,0.608281346055232,0.593395766147985,0.581188068092342,0.576607914132981,0.560201181788448,0.553936735312768,0.546271827234384,0.537522872951446,0.525504427362002,0.516796845939095,0.499195775114169,0.477841879843733,0.47631157923468,0.455593878477798,0.431557728968764,0.410503236440902,0.345737934720022,0.260131276143846,0.188844047938216,0.0901885247538492,0.0448568527840584
0.488849233525167,0.86978063272543,1,0.926984033752005,0.877230296251487,0.834818698349959,0.801681284975717,0.781982038856327,0.761478007974509,0.747075789394257,0.733412776592514,0.712213501976664,0.696596723449096,0.682203806454116,0.678738326606726,0.662817933675616,0.658650962497236,0.654721362564605,0.644479740345272,0.62603474531303,0.612651824230569,0.599422566782525,0.581627278092575,0.576274012643711,0.542069157173259,0.509070308918276,0.47794220454438,0.413694602980814,0.313141260303195,0.220495651040508,0.138932843014521,0.0367987716068656
0.45519684349991,0.812092608591888,0.926984033752005,1,0.950368194664865,0.91147256333586,0.88126765888724,0.855812334893567,0.828967073652039,0.81549816710289,0.800933394523537,0.783984836986354,0.767833023818296,0.754721288275684,0.74855904065872,0.7367275025374,0.729187293433309,0.725481433855214,0.717342779916882,0.69671865842502,0.684545190540488,0.669589683009812,0.648140875203665,0.638089529007267,0.599413952087592,0.560573493927033,0.525101465901473,0.456319264553694,0.3400202681205,0.234453001089868,0.162083079842521,0.0731500419352669
0.418419459046968,0.752474576575716,0.877230296251487,0.950368194664865,1,0.969654148770057,0.940075189053588,0.912668413456677,0.884461380120423,0.869228931353759,0.854825930002056,0.838457329714199,0.818913423628628,0.801877915181177,0.793427819666174,0.782853240256385,0.774044349911128,0.765249028421628,0.75793330842361,0.737556105879748,0.726385812051075,0.715537974253618,0.697580000013643,0.682989987955566,0.643017138330682,0.599542013658319,0.564491974207308,0.495419883478572,0.372331682603606,0.266116995337385,0.186074552117422,0.0825959920753741
0.385061409826489,0.709215518815586,0.834818698349959,0.91147256333586,0.969654148770057,1,0.976868096170729,0.946542269491366,0.917323119123717,0.899910062491212,0.883362832575422,0.864346780951948,0.845623423917187,0.828222833483956,0.819578972204174,0.809623039452096,0.799442956179313,0.788944804076081,0.781983833514136,0.760389158397876,0.749844097405682,0.741774647061819,0.725409586034081,0.708970822926645,0.666975153095265,0.625010271373948,0.592849674545817,0.520186553283832,0.391611601044999,0.281182088708196,0.197675877240228,0.0768263537833255
0.362221538918729,0.680843591607907,0.801681284975717,0.88126765888724,0.940075189053588,0.976868096170729,1,0.975627581046803,0.948513607643841,0.929672929606129,0.912297449404062,0.890012898724988,0.868059006132713,0.848594080147229,0.84096248951571,0.829885648651634,0.819520519084201,0.807250308623515,0.801825829185369,0.780288921256901,0.769147540437513,0.761432663348414,0.747904114051708,0.731152911367949,0.685908337170471,0.643455304179688,0.609045177058508,0.532506143401515,0.404994608987241,0.291152650965821,0.198583135607392,0.0818599554334402
0.361014986260651,0.673781056607906,0.781982038856327,0.855812334893567,0.912668413456677,0.946542269491366,0.975627581046803,1,0.976796014446781,0.957663860492237,0.93724990261342,0.913947007817075,0.893901147613524,0.873689276559831,0.864738528870834,0.851717750016399,0.841857845989133,0.829658375521083,0.824282573042593,0.803806350579553,0.792881433731503,0.785308076593837,0.771796708896845,0.7560129495935,0.711436226382613,0.66881582231145,0.637011317967681,0.557897780051481,0.431037422885711,0.308101889980473,0.208367209193038,0.099957632982876
0.3572318678278,0.656325082046907,0.761478007974509,0.828967073652039,0.884461380120423,0.917323119123717,0.948513607643841,0.976796014446781,1,0.982141619688676,0.962552264912034,0.939098583637117,0.920414342665464,0.899369766334162,0.89203911344228,0.882154400015376,0.872087924951464,0.859051755372614,0.851274435430666,0.833871446468335,0.824008670306343,0.816129291525896,0.800626246529731,0.784443100133771,0.741088633798217,0.699175791070488,0.665479432347904,0.58543089943541,0.458245855151601,0.332920410298383,0.216173959080285,0.111460099044313
0.343320237704986,0.642468203500905,0.747075789394257,0.81549816710289,0.869228931353759,0.899910062491212,0.929672929606129,0.957663860492237,0.982141619688676,1,0.983997713426207,0.960013696614277,0.941464585649965,0.918313093123941,0.908240944330995,0.895670876139218,0.883754823830545,0.870299181072021,0.861733651780792,0.847264978191752,0.83927331217183,0.831940999469163,0.817742303372074,0.800372583027806,0.755901382106091,0.7111172365175,0.677618523858781,0.595565501232156,0.465622279604814,0.337402361278973,0.214178513908368,0.11221219040116
0.339134165110585,0.630326416927023,0.733412776592514,0.800933394523537,0.854825930002056,0.883362832575422,0.912297449404062,0.93724990261342,0.962552264912034,0.983997713426207,1,0.982070112309267,0.964257010440362,0.942589414026536,0.930957247647081,0.916465654742917,0.905270891296016,0.892828833004908,0.882242675664974,0.869818439773016,0.862787087684454,0.854790801965669,0.842556055451649,0.824540337171499,0.780145277807652,0.73516164217707,0.700622045465989,0.61805767293657,0.484461845830957,0.349534819129332,0.21973046266172,0.116953296141328
0.336814416470632,0.608281346055232,0.712213501976664,0.783984836986354,0.838457329714199,0.864346780951948,0.890012898724988,0.913947007817075,0.939098583637117,0.960013696614277,0.982070112309267,1,0.986487764092714,0.965731494106736,0.952329521954484,0.936441736239784,0.924322058292872,0.912531719997289,0.899484396915786,0.886627237632602,0.879646273483518,0.872799452182395,0.861088418432308,0.842768328312068,0.80170378979802,0.756912569349856,0.725122087302069,0.642408823183509,0.506566193484032,0.362996485317542,0.227694525952497,0.121736326381745
0.329204240171793,0.593395766147985,0.696596723449096,0.767833023818296,0.818913423628628,0.845623423917187,0.868059006132713,0.893901147613524,0.920414342665464,0.941464585649965,0.964257010440362,0.986487764092714,1,0.983082059926103,0.969536125033416,0.953416385942326,0.940186022461863,0.927373710921213,0.912551114182077,0.898089032630999,0.891535168783129,0.886064383625453,0.873872920874931,0.85568795597482,0.81691727018445,0.773361800486006,0.741770457320629,0.65800289990025,0.523483368616729,0.374777482172412,0.234747808110974,0.125360139626871
0.316549801988179,0.581188068092342,0.682203806454116,0.754721288275684,0.801877915181177,0.828222833483956,0.848594080147229,0.873689276559831,0.899369766334162,0.918313093123941,0.942589414026536,0.965731494106736,0.983082059926103,1,0.987111028672743,0.972000061221956,0.958887116818407,0.945430585754129,0.92993775475588,0.916251364511971,0.907154090988438,0.900564947899146,0.888514065924995,0.871869582292449,0.834828099138004,0.792660554103162,0.759769713219449,0.678817874144414,0.544984692766591,0.394483252632269,0.255229476521236,0.157369482755328
0.304745977099019,0.576607914132981,0.678738326606726,0.74855904065872,0.793427819666174,0.819578972204174,0.84096248951571,0.864738528870834,0.89203911344228,0.908240944330995,0.930957247647081,0.952329521954484,0.969536125033416,0.987111028672743,1,0.988435012899713,0.975591653904525,0.961403730896078,0.944245670942025,0.930809614055888,0.920420683441565,0.912385059766456,0.899048557494053,0.881909387810272,0.84366580727613,0.80395420859155,0.769170055465596,0.690907759773468,0.560814130616156,0.41146625326615,0.259998591269103,0.156046544616837
0.292074464538661,0.560201181788448,0.662817933675616,0.7367275025374,0.782853240256385,0.809623039452096,0.829885648651634,0.851717750016399,0.882154400015376,0.895670876139218,0.916465654742917,0.936441736239784,0.953416385942326,0.972000061221956,0.988435012899713,1,0.989157555672646,0.974156763951902,0.956250334085367,0.941780062728641,0.931845296136702,0.923214008780055,0.908491845870371,0.889607611721148,0.851239197631566,0.813935160943117,0.779209345633696,0.705359523081556,0.576396012510831,0.432478987137678,0.272071620797928,0.163507468892963
0.284850419648164,0.553936735312768,0.658650962497236,0.729187293433309,0.774044349911128,0.799442956179313,0.819520519084201,0.841857845989133,0.872087924951464,0.883754823830545,0.905270891296016,0.924322058292872,0.940186022461863,0.958887116818407,0.975591653904525,0.989157555672646,1,0.98831746945983,0.970341433005802,0.955694409868196,0.945030746764228,0.934655017980173,0.919426371682076,0.901341341243588,0.860986468592575,0.823190270104605,0.787056424226954,0.71010088884387,0.584518167750353,0.439205689772736,0.278020009407919,0.167714443995445
0.275007404052723,0.546271827234384,0.654721362564605,0.725481433855214,0.765249028421628,0.788944804076081,0.807250308623515,0.829658375521083,0.859051755372614,0.870299181072021,0.892828833004908,0.912531719997289,0.927373710921213,0.945430585754129,0.961403730896078,0.974156763951902,0.98831746945983,1,0.98549517755324,0.970658277452246,0.958476402716588,0.946945459569332,0.930970806308511,0.912282940290004,0.87291811421441,0.836913532638634,0.8027667387594,0.728033067274035,0.6027349525313,0.456137360291216,0.292945142185352,0.177553162832173
0.266758971566083,0.537522872951446,0.644479740345272,0.717342779916882,0.75793330842361,0.781983833514136,0.801825829185369,0.824282573042593,0.851274435430666,0.861733651780792,0.882242675664974,0.899484396915786,0.912551114182077,0.92993775475588,0.944245670942025,0.956250334085367,0.970341433005802,0.98549517755324,1,0.985675012669441,0.97272009601676,0.958439887941143,0.942132755314312,0.924357779874296,0.880139244137176,0.844443915880359,0.809759435762698,0.735519415694497,0.604983056483977,0.46355914389824,0.301273209911772,0.191190458658129
0.252944984210936,0.525504427362002,0.62603474531303,0.69671865842502,0.737556105879748,0.760389158397876,0.780288921256901,0.803806350579553,0.833871446468335,0.847264978191752,0.869818439773016,0.886627237632602,0.898089032630999,0.916251364511971,0.930809614055888,0.941780062728641,0.955694409868196,0.970658277452246,0.985675012669441,1,0.988587182119113,0.973945650263545,0.959481928842401,0.94110939914344,0.898935714447578,0.863137331872288,0.827995083052238,0.7549303635384,0.625929723027702,0.482238941214505,0.308373395183189,0.195283282430757
0.245696969587417,0.516796845939095,0.612651824230569,0.684545190540488,0.726385812051075,0.749844097405682,0.769147540437513,0.792881433731503,0.824008670306343,0.83927331217183,0.862787087684454,0.879646273483518,0.891535168783129,0.907154090988438,0.920420683441565,0.931845296136702,0.945030746764228,0.958476402716588,0.97272009601676,0.988587182119113,1,0.988695938075295,0.973001188789258,0.952812955246441,0.911673916313292,0.874358456511917,0.839194455887242,0.763352220557938,0.630147013117756,0.479220729289203,0.311186244185276,0.199703901345393
0.238140796436519,0.499195775114169,0.599422566782525,0.669589683009812,0.715537974253618,0.741774647061819,0.761432663348414,0.785308076593837,0.816129291525896,0.831940999469163,0.854790801965669,0.872799452182395,0.886064383625453,0.900564947899146,0.912385059766456,0.923214008780055,0.934655017980173,0.946945459569332,0.958439887941143,0.973945650263545,0.988695938075295,1,0.987520734989151,0.965755856247323,0.924620233820788,0.887658695139008,0.85430162270854,0.776728150576094,0.648387622545127,0.503248773284206,0.327119850076418,0.199794160994146
0.219346499777251,0.477841879843733,0.581627278092575,0.648140875203665,0.697580000013643,0.725409586034081,0.747904114051708,0.771796708896845,0.800626246529731,0.817742303372074,0.842556055451649,0.861088418432308,0.873872920874931,0.888514065924995,0.899048557494053,0.908491845870371,0.919426371682076,0.930970806308511,0.942132755314312,0.959481928842401,0.973001188789258,0.987520734989151,1,0.982047960574665,0.942367079805865,0.904943502844142,0.871482568123915,0.794988999827242,0.665603860625163,0.516003927791342,0.33348046643092,0.195665852146212
0.214136542370515,0.47631157923468,0.576274012643711,0.638089529007267,0.682989987955566,0.708970822926645,0.731152911367949,0.7560129495935,0.784443100133771,0.800372583027806,0.824540337171499,0.842768328312068,0.85568795597482,0.871869582292449,0.881909387810272,0.889607611721148,0.901341341243588,0.912282940290004,0.924357779874296,0.94110939914344,0.952812955246441,0.965755856247323,0.982047960574665,1,0.961755122295555,0.924981852578,0.892383389404074,0.815330173288594,0.685100614260002,0.527693268843735,0.340209535565085,0.21535484469311
0.207507467593172,0.455593878477798,0.542069157173259,0.599413952087592,0.643017138330682,0.666975153095265,0.685908337170471,0.711436226382613,0.741088633798217,0.755901382106091,0.780145277807652,0.80170378979802,0.81691727018445,0.834828099138004,0.84366580727613,0.851239197631566,0.860986468592575,0.87291811421441,0.880139244137176,0.898935714447578,0.911673916313292,0.924620233820788,0.942367079805865,0.961755122295555,1,0.978071948914388,0.948870608662593,0.893095915771731,0.770328240749841,0.568663900771089,0.366411253342558,0.226606737315396
0.189620453979843,0.431557728968764,0.509070308918276,0.560573493927033,0.599542013658319,0.625010271373948,0.643455304179688,0.66881582231145,0.699175791070488,0.7111172365175,0.73516164217707,0.756912569349856,0.773361800486006,0.792660554103162,0.80395420859155,0.813935160943117,0.823190270104605,0.836913532638634,0.844443915880359,0.863137331872288,0.874358456511917,0.887658695139008,0.904943502844142,0.924981852578,0.978071948914388,1,0.978322819586905,0.931060930416949,0.817695625939601,0.607367289083698,0.406335403685642,0.253590241748631
0.192961675679466,0.410503236440902,0.47794220454438,0.525101465901473,0.564491974207308,0.592849674545817,0.609045177058508,0.637011317967681,0.665479432347904,0.677618523858781,0.700622045465989,0.725122087302069,0.741770457320629,0.759769713219449,0.769170055465596,0.779209345633696,0.787056424226954,0.8027667387594,0.809759435762698,0.827995083052238,0.839194455887242,0.85430162270854,0.871482568123915,0.892383389404074,0.948870608662593,0.978322819586905,1,0.960556529924246,0.860465216171571,0.644618597549321,0.455800742294351,0.262957839732741
0.155678097615635,0.345737934720022,0.413694602980814,0.456319264553694,0.495419883478572,0.520186553283832,0.532506143401515,0.557897780051481,0.58543089943541,0.595565501232156,0.61805767293657,0.642408823183509,0.65800289990025,0.678817874144414,0.690907759773468,0.705359523081556,0.71010088884387,0.728033067274035,0.735519415694497,0.7549303635384,0.763352220557938,0.776728150576094,0.794988999827242,0.815330173288594,0.893095915771731,0.931060930416949,0.960556529924246,1,0.920422852734851,0.70655262528921,0.516425014276126,0.28470028288079
0.119513467080907,0.260131276143846,0.313141260303195,0.3400202681205,0.372331682603606,0.391611601044999,0.404994608987241,0.431037422885711,0.458245855151601,0.465622279604814,0.484461845830957,0.506566193484032,0.523483368616729,0.544984692766591,0.560814130616156,0.576396012510831,0.584518167750353,0.6027349525313,0.604983056483977,0.625929723027702,0.630147013117756,0.648387622545127,0.665603860625163,0.685100614260002,0.770328240749841,0.817695625939601,0.860465216171571,0.920422852734851,1,0.835621810102521,0.595006142502119,0.266323970423051
0.101467983328219,0.188844047938216,0.220495651040508,0.234453001089868,0.266116995337385,0.281182088708196,0.291152650965821,0.308101889980473,0.332920410298383,0.337402361278973,0.349534819129332,0.362996485317542,0.374777482172412,0.394483252632269,0.41146625326615,0.432478987137678,0.439205689772736,0.456137360291216,0.46355914389824,0.482238941214505,0.479220729289203,0.503248773284206,0.516003927791342,0.527693268843735,0.568663900771089,0.607367289083698,0.644618597549321,0.70655262528921,0.835621810102521,1,0.714086308825648,0.288207877933151
0.0154047402133273,0.0901885247538492,0.138932843014521,0.162083079842521,0.186074552117422,0.197675877240228,0.198583135607392,0.208367209193038,0.216173959080285,0.214178513908368,0.21973046266172,0.227694525952497,0.234747808110974,0.255229476521236,0.259998591269103,0.272071620797928,0.278020009407919,0.292945142185352,0.301273209911772,0.308373395183189,0.311186244185276,0.327119850076418,0.33348046643092,0.340209535565085,0.366411253342558,0.406335403685642,0.455800742294351,0.516425014276126,0.595006142502119,0.714086308825648,1,0.376433747283007
0.0155646903923636,0.0448568527840584,0.0367987716068656,0.0731500419352669,0.0825959920753741,0.0768263537833255,0.0818599554334402,0.099957632982876,0.111460099044313,0.11221219040116,0.116953296141328,0.121736326381745,0.125360139626871,0.157369482755328,0.156046544616837,0.163507468892963,0.167714443995445,0.177553162832173,0.191190458658129,0.195283282430757,0.199703901345393,0.199794160994146,0.195665852146212,0.21535484469311,0.226606737315396,0.253590241748631,0.262957839732741,0.28470028288079,0.266323970423051,0.288207877933151,0.376433747283007,1
