1,0.73971433326786,0.632718897565186,0.570624463308085,0.537665547443351,0.525446585431587,0.501697586675864,0.475449693435895,0.449560690434322,0.438384566622546,0.417303657989331,0.390535263504144,0.384153909260219,0.373151125192552,0.364691297763247,0.338257881465142,0.330943109288806,0.318729302100686,0.313849466445787,0.301322410310047,0.291877179349727,0.283409999648441,0.262153644282526,0.243706463681324,0.218090742818182,0.209960994040267,0.180963442819645,0.130441781671307,0.0885837340839415,-0.007015106657957,-0.00712128792154393,-0.0444201104371818
0.73971433326786,1,0.896878136200225,0.830741319995427,0.78875809303463,0.759640712800166,0.733351071338762,0.71260651837803,0.691632270247001,0.665517187497803,0.633356037593365,0.605760723176178,0.593501157376581,0.578305284340489,0.574231975456969,0.549726377444078,0.538408670594168,0.52388778340073,0.504921445446848,0.484467189728679,0.465335252075092,0.453893886085087,0.437432650858073,0.417260810773802,0.382308039336582,0.362788472485814,0.320614760798103,0.262755008171618,0.211990510142923,0.0603086013256878,0.00819979090282039,-0.0334610993250989
0.632718897565186,0.896878136200225,1,0.942394548095622,0.892768503311294,0.859523632192508,0.834773345157607,0.813999781816679,0.793841885665698,0.769092071410521,0.734405075468779,0.711652325891381,0.703072179447139,0.689377235892641,0.685967446369388,0.662556278598478,0.650957540603655,0.636182700711389,0.610255729359249,0.585155200887851,0.564688300697203,0.553476638041727,0.538636811191125,0.518715980553281,0.481901504359013,0.456106768072148,0.411581774483337,0.351616987827767,0.287418962581178,0.0995187180890221,0.0350011639641139,-0.0079967583048346
0.570624463308085,0.830741319995427,0.942394548095622,1,0.95914319567831,0.923917259973008,0.896481357772442,0.875611792026872,0.857793066146081,0.83868209120695,0.809384486708614,0.787028554579038,0.778763753164868,0.764910780131712,0.756354711885238,0.734426081982151,0.72048874114594,0.704179865378684,0.679304303408312,0.658129427919585,0.635907316629577,0.624403477839972,0.611419415450161,0.593938761216442,0.563396726499024,0.532380703199058,0.489043041501803,0.427478091740378,0.367115426968152,0.196949389484009,0.104280128818235,0.0390814867575761
0.537665547443351,0.78875809303463,0.892768503311294,0.95914319567831,1,0.969257541018079,0.939966084715325,0.915615157276373,0.896750352965076,0.876615075009983,0.851013219371325,0.834871476619288,0.825680207126395,0.812427813315081,0.800967804783512,0.780187112119606,0.766386431103372,0.750584392537069,0.731640467687474,0.712072941304,0.692263174734888,0.678984136854878,0.667722654503711,0.648838224929966,0.619960615951696,0.589116938329185,0.545169439846982,0.483524313123553,0.424064553264495,0.251041267995178,0.150600216655934,0.0558556542061544
0.525446585431587,0.759640712800166,0.859523632192508,0.923917259973008,0.969257541018079,1,0.975343141952398,0.952233018888979,0.932075448065637,0.909603308729892,0.887191699194876,0.87276674362515,0.862937700293774,0.848534555938524,0.834363855955057,0.812289271623689,0.797259048281711,0.783335758370227,0.762089077468798,0.743743147963436,0.72832886622867,0.711721059679211,0.697839727062351,0.676431160457931,0.647539450027048,0.617859391480919,0.572837206840536,0.510717796122989,0.448436854830881,0.270832125796018,0.166161144231677,0.0851969007273656
0.501697586675864,0.733351071338762,0.834773345157607,0.896481357772442,0.939966084715325,0.975343141952398,1,0.979891322995252,0.958267402882108,0.935182271262664,0.910707633979933,0.896076360042849,0.884461122126568,0.870051208157344,0.855495110646176,0.834921855577251,0.820698142897917,0.809041154443303,0.789280066501141,0.771530718832066,0.757179316675444,0.741162188359692,0.724618376497124,0.704753065920206,0.674571771461409,0.64315811739537,0.597431473622764,0.535199796398716,0.468033583268982,0.286018671473,0.169462509116133,0.0916454454737242
0.475449693435895,0.71260651837803,0.813999781816679,0.875611792026872,0.915615157276373,0.952233018888979,0.979891322995252,1,0.982382656795221,0.960830379287594,0.939967856719462,0.923377341942517,0.908320026384223,0.893965217872055,0.878376211803628,0.859033159072139,0.843363161747586,0.830359322028566,0.810939564929917,0.79350876904143,0.779389350410409,0.764248064642895,0.748580010588078,0.731697935621655,0.703082374144557,0.669768964805708,0.626464550703817,0.567604980027402,0.496973138346928,0.300500401616381,0.17412357267543,0.105260086321301
0.449560690434322,0.691632270247001,0.793841885665698,0.857793066146081,0.896750352965076,0.932075448065637,0.958267402882108,0.982382656795221,1,0.980870782061071,0.961071986404068,0.944921064708833,0.928918190373967,0.912376197461878,0.897502608787041,0.879096059651961,0.863795690873872,0.850155097760691,0.829834424489824,0.816400679287278,0.804144710171123,0.789226076200986,0.77206378548298,0.756038501343822,0.729415472535994,0.695934899213504,0.654324148310258,0.597363678602026,0.528380024432069,0.336845394624137,0.195825234770599,0.131813557098356
0.438384566622546,0.665517187497803,0.769092071410521,0.83868209120695,0.876615075009983,0.909603308729892,0.935182271262664,0.960830379287594,0.980870782061071,1,0.980995481032688,0.961783233232145,0.943981525937718,0.925515376722702,0.908676373904944,0.893178166994493,0.88103798566553,0.870587540211904,0.85425421123428,0.841507240289769,0.829938573145077,0.814626287624302,0.799549828600025,0.783604682969229,0.756543957044693,0.724609870364157,0.684698019010012,0.628662297759975,0.556566435173057,0.355945884238292,0.216108186803789,0.153258713285363
0.417303657989331,0.633356037593365,0.734405075468779,0.809384486708614,0.851013219371325,0.887191699194876,0.910707633979933,0.939967856719462,0.961071986404068,0.980995481032688,1,0.981291508190387,0.962016347571454,0.941756256698934,0.922004839744175,0.904619829019932,0.891373173404768,0.878585769506722,0.861882443005687,0.851273666938183,0.838995674304321,0.824170331152463,0.811079068379194,0.798112639725077,0.772959568673274,0.741833667457954,0.704804724293268,0.646954925649804,0.573034469621746,0.370165018683331,0.225629821346423,0.15700084125647
0.390535263504144,0.605760723176178,0.711652325891381,0.787028554579038,0.834871476619288,0.87276674362515,0.896076360042849,0.923377341942517,0.944921064708833,0.961783233232145,0.981291508190387,1,0.985021719426344,0.967435820647675,0.946600985605704,0.925789518835095,0.909850443312187,0.895972742467765,0.87789025751697,0.865758137739637,0.852149239340296,0.838051915977817,0.82517871666626,0.812245579134903,0.789119854712092,0.75656471633658,0.720895811084744,0.665132638772864,0.589282092137709,0.391564075299801,0.243459980002236,0.171216070733742
0.384153909260219,0.593501157376581,0.703072179447139,0.778763753164868,0.825680207126395,0.862937700293774,0.884461122126568,0.908320026384223,0.928918190373967,0.943981525937718,0.962016347571454,0.985021719426344,1,0.985168472944196,0.965451587718513,0.943562560119994,0.926682288459902,0.911422026906217,0.894575294470948,0.882684431380156,0.871037122633363,0.856974034670153,0.84431050567908,0.82901743747412,0.805749279456304,0.77455523589431,0.739777425217152,0.681524006058482,0.606214581558442,0.410072419871454,0.256794147891526,0.176309027624804
0.373151125192552,0.578305284340489,0.689377235892641,0.764910780131712,0.812427813315081,0.848534555938524,0.870051208157344,0.893965217872055,0.912376197461878,0.925515376722702,0.941756256698934,0.967435820647675,0.985168472944196,1,0.984780108192943,0.964002121991577,0.944681109928354,0.927569510518155,0.909193161150748,0.898268370062464,0.88631351703813,0.874663623285843,0.861617781641562,0.847582499783754,0.824903611166152,0.794081026292412,0.759141838927893,0.70246239550007,0.629153464571772,0.435185838597729,0.271751882382061,0.179334228465993
0.364691297763247,0.574231975456969,0.685967446369388,0.756354711885238,0.800967804783512,0.834363855955057,0.855495110646176,0.878376211803628,0.897502608787041,0.908676373904944,0.922004839744175,0.946600985605704,0.965451587718513,0.984780108192943,1,0.985691227755592,0.968036712727259,0.949678133505198,0.931248300850614,0.919774150297261,0.906418161490173,0.897664925059938,0.883959059780245,0.867742486266849,0.847120210403836,0.81893314805893,0.782146983929074,0.729444715025702,0.658376662714264,0.456773992759534,0.288566171788464,0.188075961840492
0.338257881465142,0.549726377444078,0.662556278598478,0.734426081982151,0.780187112119606,0.812289271623689,0.834921855577251,0.859033159072139,0.879096059651961,0.893178166994493,0.904619829019932,0.925789518835095,0.943562560119994,0.964002121991577,0.985691227755592,1,0.987174068161807,0.96829074125753,0.950036982946984,0.937512336963342,0.92265279585965,0.912475804330571,0.898477263229321,0.880277203502745,0.861302782803704,0.834533275948524,0.798870419625158,0.749695539047902,0.680934635121098,0.480032342612555,0.318294762732273,0.208882376704877
0.330943109288806,0.538408670594168,0.650957540603655,0.72048874114594,0.766386431103372,0.797259048281711,0.820698142897917,0.843363161747586,0.863795690873872,0.88103798566553,0.891373173404768,0.909850443312187,0.926682288459902,0.944681109928354,0.968036712727259,0.987174068161807,1,0.986100386948985,0.967931630064735,0.953559617759269,0.936990516789241,0.925517670395426,0.910512540516655,0.893427555948415,0.874994367197759,0.85082726013854,0.8149492564926,0.765847373776676,0.697631163154891,0.492652756239573,0.333041357617461,0.226858468622956
0.318729302100686,0.52388778340073,0.636182700711389,0.704179865378684,0.750584392537069,0.783335758370227,0.809041154443303,0.830359322028566,0.850155097760691,0.870587540211904,0.878585769506722,0.895972742467765,0.911422026906217,0.927569510518155,0.949678133505198,0.96829074125753,0.986100386948985,1,0.984942678037451,0.969297150188291,0.951973796989021,0.937782522123104,0.923445567718418,0.905375136509107,0.886418597723345,0.863862497558417,0.830429308716981,0.782042911938016,0.711265015988297,0.505461636045681,0.348231673883971,0.243424551181456
0.313849466445787,0.504921445446848,0.610255729359249,0.679304303408312,0.731640467687474,0.762089077468798,0.789280066501141,0.810939564929917,0.829834424489824,0.85425421123428,0.861882443005687,0.87789025751697,0.894575294470948,0.909193161150748,0.931248300850614,0.950036982946984,0.967931630064735,0.984942678037451,1,0.987570998621006,0.970375618334233,0.954548012234888,0.941113839510851,0.923683769210371,0.907120113346901,0.887880430948357,0.855590510160447,0.807300177340239,0.7366634514818,0.527968022460954,0.375139777155307,0.260301577419595
0.301322410310047,0.484467189728679,0.585155200887851,0.658129427919585,0.712072941304,0.743743147963436,0.771530718832066,0.79350876904143,0.816400679287278,0.841507240289769,0.851273666938183,0.865758137739637,0.882684431380156,0.898268370062464,0.919774150297261,0.937512336963342,0.953559617759269,0.969297150188291,0.987570998621006,1,0.985417580987541,0.968273938864861,0.952657675039951,0.937414725476241,0.920446070835782,0.899683300070644,0.867534706520161,0.81834621247691,0.748134463798752,0.548179798925146,0.387030094552226,0.268112723442352
0.291877179349727,0.465335252075092,0.564688300697203,0.635907316629577,0.692263174734888,0.72832886622867,0.757179316675444,0.779389350410409,0.804144710171123,0.829938573145077,0.838995674304321,0.852149239340296,0.871037122633363,0.88631351703813,0.906418161490173,0.92265279585965,0.936990516789241,0.951973796989021,0.970375618334233,0.985417580987541,1,0.983471909993809,0.968736469738435,0.952195471997614,0.933372606662587,0.909673262760729,0.877855209214301,0.827334981308071,0.760056924533727,0.569949729959838,0.398067334228057,0.27752026910111
0.283409999648441,0.453893886085087,0.553476638041727,0.624403477839972,0.678984136854878,0.711721059679211,0.741162188359692,0.764248064642895,0.789226076200986,0.814626287624302,0.824170331152463,0.838051915977817,0.856974034670153,0.874663623285843,0.897664925059938,0.912475804330571,0.925517670395426,0.937782522123104,0.954548012234888,0.968273938864861,0.983471909993809,1,0.985486886953882,0.968808122494945,0.94929790858103,0.926063349677629,0.89565468107525,0.848230525428046,0.785487220710501,0.58899607148113,0.413502032045394,0.282439131777148
0.262153644282526,0.437432650858073,0.538636811191125,0.611419415450161,0.667722654503711,0.697839727062351,0.724618376497124,0.748580010588078,0.77206378548298,0.799549828600025,0.811079068379194,0.82517871666626,0.84431050567908,0.861617781641562,0.883959059780245,0.898477263229321,0.910512540516655,0.923445567718418,0.941113839510851,0.952657675039951,0.968736469738435,0.985486886953882,1,0.98265279274852,0.962385878028592,0.939896214238065,0.910609052461444,0.863764591326209,0.804443452569268,0.610134127985553,0.430111934217819,0.303067491401303
0.243706463681324,0.417260810773802,0.518715980553281,0.593938761216442,0.648838224929966,0.676431160457931,0.704753065920206,0.731697935621655,0.756038501343822,0.783604682969229,0.798112639725077,0.812245579134903,0.82901743747412,0.847582499783754,0.867742486266849,0.880277203502745,0.893427555948415,0.905375136509107,0.923683769210371,0.937414725476241,0.952195471997614,0.968808122494945,0.98265279274852,1,0.98124585146999,0.957157575834752,0.929901258031664,0.885443810311954,0.823898990048822,0.615897316239662,0.432091206738135,0.305766796725069
0.218090742818182,0.382308039336582,0.481901504359013,0.563396726499024,0.619960615951696,0.647539450027048,0.674571771461409,0.703082374144557,0.729415472535994,0.756543957044693,0.772959568673274,0.789119854712092,0.805749279456304,0.824903611166152,0.847120210403836,0.861302782803704,0.874994367197759,0.886418597723345,0.907120113346901,0.920446070835782,0.933372606662587,0.94929790858103,0.962385878028592,0.98124585146999,1,0.97930901999639,0.951364163738087,0.90874667218707,0.852008054997351,0.647714877001185,0.456165176450066,0.334198358185043
0.209960994040267,0.362788472485814,0.456106768072148,0.532380703199058,0.589116938329185,0.617859391480919,0.64315811739537,0.669768964805708,0.695934899213504,0.724609870364157,0.741833667457954,0.75656471633658,0.77455523589431,0.794081026292412,0.81893314805893,0.834533275948524,0.85082726013854,0.863862497558417,0.887880430948357,0.899683300070644,0.909673262760729,0.926063349677629,0.939896214238065,0.957157575834752,0.97930901999639,1,0.974598605499312,0.934329294827132,0.879061582478846,0.673729718661376,0.496597602899244,0.365261762058184
0.180963442819645,0.320614760798103,0.411581774483337,0.489043041501803,0.545169439846982,0.572837206840536,0.597431473622764,0.626464550703817,0.654324148310258,0.684698019010012,0.704804724293268,0.720895811084744,0.739777425217152,0.759141838927893,0.782146983929074,0.798870419625158,0.8149492564926,0.830429308716981,0.855590510160447,0.867534706520161,0.877855209214301,0.89565468107525,0.910609052461444,0.929901258031664,0.951364163738087,0.974598605499312,1,0.966730329186462,0.911696457364463,0.70719919098039,0.521722469808911,0.376956309158582
0.130441781671307,0.262755008171618,0.351616987827767,0.427478091740378,0.483524313123553,0.510717796122989,0.535199796398716,0.567604980027402,0.597363678602026,0.628662297759975,0.646954925649804,0.665132638772864,0.681524006058482,0.70246239550007,0.729444715025702,0.749695539047902,0.765847373776676,0.782042911938016,0.807300177340239,0.81834621247691,0.827334981308071,0.848230525428046,0.863764591326209,0.885443810311954,0.90874667218707,0.934329294827132,0.966730329186462,1,0.95291187673437,0.743528583253065,0.567779219098466,0.393521946286808
0.0885837340839415,0.211990510142923,0.287418962581178,0.367115426968152,0.424064553264495,0.448436854830881,0.468033583268982,0.496973138346928,0.528380024432069,0.556566435173057,0.573034469621746,0.589282092137709,0.606214581558442,0.629153464571772,0.658376662714264,0.680934635121098,0.697631163154891,0.711265015988297,0.7366634514818,0.748134463798752,0.760056924533727,0.785487220710501,0.804443452569268,0.823898990048822,0.852008054997351,0.879061582478846,0.911696457364463,0.95291187673437,1,0.833044055372198,0.64782033622022,0.437937602079049
-0.007015106657957,0.0603086013256878,0.0995187180890221,0.196949389484009,0.251041267995178,0.270832125796018,0.286018671473,0.300500401616381,0.336845394624137,0.355945884238292,0.370165018683331,0.391564075299801,0.410072419871454,0.435185838597729,0.456773992759534,0.480032342612555,0.492652756239573,0.505461636045681,0.527968022460954,0.548179798925146,0.569949729959838,0.58899607148113,0.610134127985553,0.615897316239662,0.647714877001185,0.673729718661376,0.70719919098039,0.743528583253065,0.833044055372198,1,0.807724271049152,0.522392430948297
-0.00712128792154393,0.00819979090282039,0.0350011639641139,0.104280128818235,0.150600216655934,0.166161144231677,0.169462509116133,0.17412357267543,0.195825234770599,0.216108186803789,0.225629821346423,0.243459980002236,0.256794147891526,0.271751882382061,0.288566171788464,0.318294762732273,0.333041357617461,0.348231673883971,0.375139777155307,0.387030094552226,0.398067334228057,0.413502032045394,0.430111934217819,0.432091206738135,0.456165176450066,0.496597602899244,0.521722469808911,0.567779219098466,0.64782033622022,0.807724271049152,1,0.601209099932392
-0.0444201104371818,-0.0334610993250989,-0.0079967583048346,0.0390814867575761,0.0558556542061544,0.0851969007273656,0.0916454454737242,0.105260086321301,0.131813557098356,0.153258713285363,0.15700084125647,0.171216070733742,0.176309027624804,0.179334228465993,0.188075961840492,0.208882376704877,0.226858468622956,0.243424551181456,0.260301577419595,0.268112723442352,0.27752026910111,0.282439131777148,0.303067491401303,0.305766796725069,0.334198358185043,0.365261762058184,0.376956309158582,0.393521946286808,0.437937602079049,0.522392430948297,0.601209099932392,1
