1,0.99552732081956,0.979211784187344,0.94619993647909,0.891922526813318,0.814018109758399,0.714340104163664,0.599421540668759,0.519167172487234,0.493860787217592,0.464389239619897,0.432308000400894,0.399109202426386,0.366035125903513,0.334000977639258,0.303603064830555,0.287423520177716,0.236905261829187,0.203156797062569,0.183315864535755,0.170685580114764,0.162031484752525,0.155758863718094,0.151013803393967,0.144855455581412,0.111318612338039,0.0894653609906542,0.0767599800780119,0.0687503181495201,0.0633037881356248,0.059379224839407,0.056424096250533
0.99552732081956,1,0.993995258576828,0.972538056343343,0.93065331573496,0.865251549920847,0.777257934419561,0.672360747872465,0.597486931492419,0.572631526245069,0.542758135376752,0.50955944455631,0.474697855236769,0.439586783447448,0.405291901969755,0.372529561663486,0.348837629190832,0.281400750267278,0.238151229016045,0.212985979533997,0.197041441428311,0.186145822069533,0.178262287415855,0.172305921716321,0.165843283411081,0.12816322148363,0.103418517681449,0.0890009589955118,0.0799027637335814,0.0737124284054313,0.069250207704043,0.0658893296893098
0.979211784187344,0.993995258576828,1,0.99216578905876,0.965103152719634,0.914913917856711,0.84143778829427,0.749320997486093,0.681516596995252,0.657461543881918,0.627456862709996,0.593335233305609,0.556937673862137,0.519860006550729,0.483330259324893,0.448195809264302,0.41606776780861,0.329789450373356,0.276019230070579,0.24496865007965,0.225363771057914,0.211993810406168,0.202332638536729,0.195039920002946,0.18829712754338,0.146239703980994,0.118422793438756,0.102183393956012,0.091926186520222,0.0849435900508122,0.0799085466056091,0.0761153075353346
0.94619993647909,0.972538056343343,0.99216578905876,1,0.990257272089471,0.958173420285823,0.902351222518969,0.826178959283177,0.767441728979703,0.744653800294655,0.714939988366515,0.680265882318873,0.64264938247058,0.603871121352668,0.565326447958544,0.527999883902166,0.486712310468434,0.380190176827229,0.315198372223314,0.277884650649915,0.254388760524225,0.238390252124238,0.226841476593538,0.218130175662164,0.211166582174602,0.164729350183364,0.1338135332052,0.115732695850539,0.104302923235223,0.0965183770073802,0.0909033069476495,0.0866721641880192
0.891922526813318,0.93065331573496,0.965103152719634,0.990257272089471,1,0.988689878664508,0.953576772990126,0.89658420044247,0.849038771780302,0.828084238494334,0.799243605174061,0.764594292570375,0.726314080039518,0.686356699809589,0.646278224412735,0.607197853125657,0.556463491262276,0.429344797190497,0.353045695544027,0.309440200296675,0.282041322285621,0.263408503332804,0.249969093941268,0.239837526406363,0.232756472059581,0.182295261711681,0.148496451724401,0.128697118907206,0.116171524161767,0.107636912741822,0.101479060665455,0.0968379836239506
0.814018109758399,0.865251549920847,0.914913917856711,0.958173420285823,0.988689878664508,1,0.987956501591565,0.952863388448426,0.918408354717367,0.899885293954955,0.87261390624379,0.838746762401986,0.80058635155723,0.760230239518608,0.719373673328318,0.679256500174743,0.619453964734178,0.472924033860636,0.386110353656846,0.336679254990264,0.305674178655022,0.28461041939569,0.269427788663726,0.257987471450324,0.250934299475334,0.197239414691799,0.161072496448268,0.139854004816552,0.126421289820608,0.117264927801259,0.110656751525219,0.105675358910575
0.714340104163664,0.777257934419561,0.84143778829427,0.902351222518969,0.953576772990126,0.987956501591565,1,0.988333178239893,0.968200801695597,0.952625570299816,0.927619877458527,0.895362785338041,0.858230851318717,0.818420299136505,0.777729766837801,0.737494176942044,0.669753870655237,0.50667151962639,0.411068280025448,0.356798909186737,0.322808444127887,0.299736102997552,0.283114969385243,0.270595663949909,0.263738506440154,0.207980603695419,0.170228060879598,0.148048533468612,0.133998444612167,0.124417728240905,0.117501638373468,0.112287255524821
0.599421540668759,0.672360747872465,0.749320997486093,0.826178959283177,0.89658420044247,0.952863388448426,0.988333178239893,1,0.994439402536038,0.982132164998541,0.959944839616299,0.930031309759112,0.894785140020096,0.856448007460056,0.816878014219242,0.777472268872569,0.70351193090744,0.527972481466046,0.425966149459992,0.368210821008109,0.332081256173483,0.307574504539759,0.289928363977758,0.276641451361634,0.270138528310942,0.21366144893014,0.17523612748397,0.15263232108038,0.138305012784467,0.128531945198363,0.121475444045932,0.116154372397122
0.519167172487234,0.597486931492419,0.681516596995252,0.767441728979703,0.849038771780302,0.918408354717367,0.968200801695597,0.994439402536038,1,0.994355671349182,0.978421994869527,0.954211235305433,0.924043873768418,0.890148463410708,0.854413053119399,0.818290011466212,0.740146852083628,0.552594443199091,0.444202364902267,0.382930735795103,0.344631111061498,0.318664182753928,0.299972222885118,0.285900826212489,0.280056752153,0.2224396072159,0.182961862358045,0.159695951667946,0.144936463419043,0.134863688222212,0.127588484331004,0.122101275411703
0.493860787217592,0.572631526245069,0.657461543881918,0.744653800294655,0.828084238494334,0.899885293954955,0.952625570299816,0.982132164998541,0.994355671349182,1,0.994821075510125,0.980562850242443,0.9593881166457,0.93346994273453,0.904718423546605,0.874657072249006,0.793729686104243,0.591431917638218,0.474756251853207,0.40884205172745,0.367652388142622,0.339730782455726,0.319634027267126,0.304506297424249,0.299646672135597,0.239325147316635,0.197594966478246,0.172939950367933,0.157281342992707,0.146587942430778,0.138861192490119,0.133031668336278
0.464389239619897,0.542758135376752,0.627456862709996,0.714939988366515,0.799243605174061,0.87261390624379,0.927619877458527,0.959944839616299,0.978421994869527,0.994821075510125,1,0.995427216362575,0.983091556022168,0.965089927896935,0.943333326575474,0.919397293379966,0.836659336944785,0.622377112850481,0.499000941334203,0.429336949797969,0.385814677679862,0.356316079275159,0.335086281680151,0.319106732269902,0.315241651151518,0.252967911859212,0.209521666362893,0.18379689328274,0.167442696941775,0.156267941145785,0.148190408021585,0.142094659149214
0.432308000400894,0.50955944455631,0.593335233305609,0.680265882318873,0.764594292570375,0.838746762401986,0.895362785338041,0.930031309759112,0.954211235305433,0.980562850242443,0.995427216362575,1,0.996087769139273,0.98569606349073,0.970718683351852,0.952765193195757,0.869106700692833,0.645584270731521,0.51707561318896,0.444545183534164,0.3992415685472,0.368539374001109,0.346445148736882,0.329815903457282,0.326921983416958,0.263401409363442,0.218752532669987,0.192265240058815,0.175411710376888,0.163890064942367,0.155559116470944,0.14927071255026
0.399109202426386,0.474697855236769,0.556937673862137,0.64264938247058,0.726314080039518,0.80058635155723,0.858230851318717,0.894785140020096,0.924043873768418,0.9593881166457,0.983091556022168,0.996087769139273,1,0.996732931434938,0.988149036728389,0.975876249560456,0.892047353658875,0.661796754248971,0.529586367916629,0.454994748783418,0.408412081678377,0.376846421808007,0.354132408728831,0.337037527413391,0.335065602963876,0.270908788781571,0.225510901177942,0.198533867904024,0.181355630444838,0.169606889356818,0.161109338864384,0.154693911388352
0.366035125903513,0.439586783447448,0.519860006550729,0.603871121352668,0.686356699809589,0.760230239518608,0.818420299136505,0.856448007460056,0.890148463410708,0.93346994273453,0.965089927896935,0.98569606349073,0.996732931434938,1,0.997318365701723,0.990321611742658,0.906910592462492,0.672086127962539,0.537397118259037,0.461432025038426,0.413999083474044,0.38186022952221,0.358735169116419,0.341331681797392,0.340215937022694,0.275916622069103,0.230144800303726,0.202904751176914,0.185547283820267,0.173671375631621,0.165079700898527,0.158592075644734
0.334000977639258,0.405291901969755,0.483330259324893,0.565326447958544,0.646278224412735,0.719373673328318,0.777729766837801,0.816878014219242,0.854413053119399,0.904718423546605,0.943333326575474,0.970718683351852,0.988149036728389,0.997318365701723,1,0.99782342530928,0.915261654541332,0.677617607975592,0.541442588158698,0.464661560234547,0.416725786223179,0.38424887813286,0.36088183187912,0.343296901537004,0.342963250785463,0.278897588956521,0.233045182809545,0.205720498366658,0.188298558240499,0.176374425418937,0.167745937169824,0.161229495335262
0.303603064830555,0.372529561663486,0.448195809264302,0.527999883902166,0.607197853125657,0.679256500174743,0.737494176942044,0.777472268872569,0.818290011466212,0.874657072249006,0.919397293379966,0.952765193195757,0.975876249560456,0.990321611742658,0.99782342530928,1,0.918582623866705,0.679489490607032,0.542600950576149,0.465437378127128,0.417268694717141,0.384636348511397,0.361158585106832,0.343490932618082,0.343863508764394,0.28030261891198,0.234588195335175,0.207312748890211,0.189912732386199,0.177999912882212,0.169377883461972,0.16286540572483
0.287423520177716,0.348837629190832,0.41606776780861,0.486712310468434,0.556463491262276,0.619453964734178,0.669753870655237,0.70351193090744,0.740146852083628,0.793729686104243,0.836659336944785,0.869106700692833,0.892047353658875,0.906910592462492,0.915261654541332,0.918582623866705,1,0.913877729179408,0.829978420845408,0.77682725745724,0.741893443528457,0.717527595300198,0.699665199409026,0.686045878119591,0.639581532167328,0.471157066749258,0.366856239434133,0.30710025913403,0.269689314962284,0.244352622139337,0.226144268640308,0.212459350441219
0.236905261829187,0.281400750267278,0.329789450373356,0.380190176827229,0.429344797190497,0.472924033860636,0.50667151962639,0.527972481466046,0.552594443199091,0.591431917638218,0.622377112850481,0.645584270731521,0.661796754248971,0.672086127962539,0.677617607975592,0.679489490607032,0.913877729179408,1,0.984957926174405,0.965582319231168,0.950223099490108,0.938516406513947,0.929476129896278,0.922343091886138,0.835262805643791,0.587241701527054,0.440254945248645,0.357171379710497,0.305492736353455,0.270626919777708,0.245633650496788,0.226883047923542
0.203156797062569,0.238151229016045,0.276019230070579,0.315198372223314,0.353045695544027,0.386110353656846,0.411068280025448,0.425966149459992,0.444202364902267,0.474756251853207,0.499000941334203,0.51707561318896,0.529586367916629,0.537397118259037,0.541442588158698,0.542600950576149,0.829978420845408,0.984957926174405,1,0.996001359352235,0.989767360179272,0.984053764446581,0.97923564821534,0.975232010734099,0.875366833852469,0.606290282543398,0.448734595627088,0.360017666913867,0.304938129408404,0.267819047450744,0.24123010357772,0.221292827321425
0.183315864535755,0.212985979533997,0.24496865007965,0.277884650649915,0.309440200296675,0.336679254990264,0.356798909186737,0.368210821008109,0.382930735795103,0.40884205172745,0.429336949797969,0.444545183534164,0.454994748783418,0.461432025038426,0.464661560234547,0.465437378127128,0.77682725745724,0.965582319231168,0.996001359352235,1,0.99855732929101,0.996009564442279,0.993431124958978,0.991092594800147,0.88579335884189,0.608999288316476,0.447834582820462,0.357249797330244,0.301060530056775,0.263213568272829,0.236112732335119,0.215796697572196
0.170685580114764,0.197041441428311,0.225363771057914,0.254388760524225,0.282041322285621,0.305674178655022,0.322808444127887,0.332081256173483,0.344631111061498,0.367652388142622,0.385814677679862,0.3992415685472,0.408412081678377,0.413999083474044,0.416725786223179,0.417268694717141,0.741893443528457,0.950223099490108,0.989767360179272,0.99855732929101,1,0.999364833376424,0.998142451935361,0.996813716377828,0.888653362450547,0.608285290282159,0.445571253994872,0.354212198166106,0.297572041237211,0.259433152953801,0.232128878516429,0.211663329692856
0.162031484752525,0.186145822069533,0.211993810406168,0.238390252124238,0.263408503332804,0.28461041939569,0.299736102997552,0.307574504539759,0.318664182753928,0.339730782455726,0.356316079275159,0.368539374001109,0.376846421808007,0.38186022952221,0.38424887813286,0.384636348511397,0.717527595300198,0.938516406513947,0.984053764446581,0.996009564442279,0.999364833376424,1,0.999679531595812,0.999023076042008,0.889136160243524,0.606842671832008,0.443359541958174,0.351632130911812,0.294782940904582,0.256511052201012,0.229115248237353,0.208583066116648
0.155758863718094,0.178262287415855,0.202332638536729,0.226841476593538,0.249969093941268,0.269427788663726,0.283114969385243,0.289928363977758,0.299972222885118,0.319634027267126,0.335086281680151,0.346445148736882,0.354132408728831,0.358735169116419,0.36088183187912,0.361158585106832,0.699665199409026,0.929476129896278,0.97923564821534,0.993431124958978,0.998142451935361,0.999679531595812,1,0.99982161673218,0.888793004305649,0.605349600604939,0.441446286836039,0.349527991585537,0.292574180132628,0.25423734555015,0.226797662525517,0.20623399035946
0.151013803393967,0.172305921716321,0.195039920002946,0.218130175662164,0.239837526406363,0.257987471450324,0.270595663949909,0.276641451361634,0.285900826212489,0.304506297424249,0.319106732269902,0.329815903457282,0.337037527413391,0.341331681797392,0.343296901537004,0.343490932618082,0.686045878119591,0.922343091886138,0.975232010734099,0.991092594800147,0.996813716377828,0.999023076042008,0.99982161673218,1,0.888165915079072,0.603982887715197,0.439834500082956,0.347812159826802,0.290804067239643,0.252434781323785,0.224973815609773,0.20439523361891
0.144855455581412,0.165843283411081,0.18829712754338,0.211166582174602,0.232756472059581,0.250934299475334,0.263738506440154,0.270138528310942,0.280056752153,0.299646672135597,0.315241651151518,0.326921983416958,0.335065602963876,0.340215937022694,0.342963250785463,0.343863508764394,0.639581532167328,0.835262805643791,0.875366833852469,0.88579335884189,0.888653362450547,0.889136160243524,0.888793004305649,0.888165915079072,1,0.902665292418111,0.803316421882943,0.739725881317066,0.697922186628443,0.668819571745349,0.647530777933607,0.63133148616132
0.111318612338039,0.12816322148363,0.146239703980994,0.164729350183364,0.182295261711681,0.197239414691799,0.207980603695419,0.21366144893014,0.2224396072159,0.239325147316635,0.252967911859212,0.263401409363442,0.270908788781571,0.275916622069103,0.278897588956521,0.28030261891198,0.471157066749258,0.587241701527054,0.606290282543398,0.608999288316476,0.608285290282159,0.606842671832008,0.605349600604939,0.603982887715197,0.902665292418111,1,0.981417871247636,0.957306481226928,0.938190655552315,0.923648092855139,0.91244207762829,0.903617896039857
0.0894653609906542,0.103418517681449,0.118422793438756,0.1338135332052,0.148496451724401,0.161072496448268,0.170228060879598,0.17523612748397,0.182961862358045,0.197594966478246,0.209521666362893,0.218752532669987,0.225510901177942,0.230144800303726,0.233045182809545,0.234588195335175,0.366856239434133,0.440254945248645,0.448734595627088,0.447834582820462,0.445571253994872,0.443359541958174,0.441446286836039,0.439834500082956,0.803316421882943,0.981417871247636,1,0.994986155859999,0.987171297574809,0.980022188655098,0.974006482085785,0.969017675607592
0.0767599800780119,0.0890009589955118,0.102183393956012,0.115732695850539,0.128697118907206,0.139854004816552,0.148048533468612,0.15263232108038,0.159695951667946,0.172939950367933,0.18379689328274,0.192265240058815,0.198533867904024,0.202904751176914,0.205720498366658,0.207312748890211,0.30710025913403,0.357171379710497,0.360017666913867,0.357249797330244,0.354212198166106,0.351632130911812,0.349527991585537,0.347812159826802,0.739725881317066,0.957306481226928,0.994986155859999,1,0.998190283877298,0.994999863861322,0.991777866726823,0.988861459036065
0.0687503181495201,0.0799027637335814,0.091926186520222,0.104302923235223,0.116171524161767,0.126421289820608,0.133998444612167,0.138305012784467,0.144936463419043,0.157281342992707,0.167442696941775,0.175411710376888,0.181355630444838,0.185547283820267,0.188298558240499,0.189912732386199,0.269689314962284,0.305492736353455,0.304938129408404,0.301060530056775,0.297572041237211,0.294782940904582,0.292574180132628,0.290804067239643,0.697922186628443,0.938190655552315,0.987171297574809,0.998190283877298,1,0.999205205845896,0.997678521714707,0.996022251536676
0.0633037881356248,0.0737124284054313,0.0849435900508122,0.0965183770073802,0.107636912741822,0.117264927801259,0.124417728240905,0.128531945198363,0.134863688222212,0.146587942430778,0.156267941145785,0.163890064942367,0.169606889356818,0.173671375631621,0.176374425418937,0.177999912882212,0.244352622139337,0.270626919777708,0.267819047450744,0.263213568272829,0.259433152953801,0.256511052201012,0.25423734555015,0.252434781323785,0.668819571745349,0.923648092855139,0.980022188655098,0.994999863861322,0.999205205845896,1,0.999600143200866,0.998782491364808
0.059379224839407,0.069250207704043,0.0799085466056091,0.0909033069476495,0.101479060665455,0.110656751525219,0.117501638373468,0.121475444045932,0.127588484331004,0.138861192490119,0.148190408021585,0.155559116470944,0.161109338864384,0.165079700898527,0.167745937169824,0.169377883461972,0.226144268640308,0.245633650496788,0.24123010357772,0.236112732335119,0.232128878516429,0.229115248237353,0.226797662525517,0.224973815609773,0.647530777933607,0.91244207762829,0.974006482085785,0.991777866726823,0.997678521714707,0.999600143200866,1,0.9997780199212
0.056424096250533,0.0658893296893098,0.0761153075353346,0.0866721641880192,0.0968379836239506,0.105675358910575,0.112287255524821,0.116154372397122,0.122101275411703,0.133031668336278,0.142094659149214,0.14927071255026,0.154693911388352,0.158592075644734,0.161229495335262,0.16286540572483,0.212459350441219,0.226883047923542,0.221292827321425,0.215796697572196,0.211663329692856,0.208583066116648,0.20623399035946,0.20439523361891,0.63133148616132,0.903617896039857,0.969017675607592,0.988861459036065,0.996022251536676,0.998782491364808,0.9997780199212,1
