1,0.798153560582634,0.702685967266924,0.65824165469766,0.641967132313051,0.607840107045152,0.59476846955918,0.586226489427782,0.570334426678264,0.555291802055191,0.544659587537958,0.528092290517144,0.488406959767911,0.477986949822497,0.471827249208476,0.465284035182683,0.457273079649895,0.446839449070797,0.431081703763679,0.40922128031583,0.388869272002811,0.381598927302489,0.375828952989085,0.346324132950145,0.322608250097082,0.30312576029783,0.23342055551648,0.12592748407609,0.0778073130935742,0.0592551206279576,0.104699401199125,0.0470066795380883
0.798153560582634,1,0.899758435027334,0.835443036752998,0.805742782092715,0.766022313558155,0.743527460915726,0.728649562132519,0.71139080751009,0.692518331912496,0.679139716327817,0.665685038360379,0.637908926349225,0.628255248643963,0.61513523127496,0.60036560502386,0.588091056893184,0.578169858180217,0.564755938290424,0.54458849366007,0.522535548890173,0.507908076757061,0.492870623804715,0.45619908873649,0.422550832996575,0.397859745143581,0.31149894028,0.171258960117258,0.111403029212762,0.0766653675584366,0.117354826062771,0.0761538432700404
0.702685967266924,0.899758435027334,1,0.942774063257831,0.907524523130278,0.869617588748961,0.843213236647312,0.825264599758458,0.808883180960747,0.786880930375874,0.766766825529397,0.752720862249442,0.727838052119833,0.714514022444152,0.69800067457837,0.679888296501453,0.663781288637911,0.650283260929198,0.635498850471082,0.616867492198973,0.588200376091008,0.572000044213209,0.557498502816666,0.519824449630464,0.483761863304947,0.452307550066727,0.348532241807197,0.184629277287536,0.107109638334123,0.0740695106649782,0.108577019335719,0.0842190826963621
0.65824165469766,0.835443036752998,0.942774063257831,1,0.964425983618261,0.925965055078565,0.895236529432828,0.870556763435286,0.848832966472484,0.823988303298217,0.806789542873946,0.791425067935458,0.766355760986117,0.753827184553214,0.735759773751698,0.715885700568351,0.698119416475335,0.683275153930983,0.667208927012457,0.64504731038256,0.612060681197354,0.594169164428639,0.584172026272001,0.549913482309718,0.51483627232734,0.479005069890274,0.374652161912423,0.210758727606512,0.126792078918179,0.0919349819660629,0.130874597101123,0.103333125968345
0.641967132313051,0.805742782092715,0.907524523130278,0.964425983618261,1,0.976307568781386,0.942580417578197,0.914680781378442,0.88921798661021,0.860614165098881,0.84251952943186,0.827447500263484,0.80244172558952,0.785246533465699,0.763554086417718,0.742284824833558,0.723514602295289,0.707310785657581,0.690913077154717,0.670185300419172,0.635993087511449,0.617787675240376,0.605803453232261,0.571900266516153,0.536367944505774,0.499066696376478,0.397378673590189,0.233995564847858,0.146039638010575,0.103307051023211,0.130064555832599,0.112509991572303
0.607840107045152,0.766022313558155,0.869617588748961,0.925965055078565,0.976307568781386,1,0.984136029809848,0.953524769039266,0.925174767478522,0.892674017000416,0.871773895751012,0.855484143408952,0.831172079406948,0.811665522297646,0.788989735690168,0.768138769261011,0.74959790650133,0.733325156515172,0.717789403445438,0.699443080044425,0.669378711271095,0.650694698296936,0.634766035032064,0.601375912863079,0.565190201308388,0.524690117734222,0.420614032741158,0.255895152156634,0.170425676140916,0.119161908517253,0.139603261435735,0.119569809750822
0.59476846955918,0.743527460915726,0.843213236647312,0.895236529432828,0.942580417578197,0.984136029809848,1,0.986870736378806,0.959069220384695,0.926725436301025,0.903108328771661,0.882496169629904,0.857814544070662,0.836600596092227,0.814156665811748,0.793606705810449,0.776542631955914,0.762008092229931,0.746408354906,0.728848707342731,0.700357013285539,0.681989281045063,0.664982648012973,0.630180276847426,0.593475733342257,0.553721757890852,0.446054387777729,0.273261283307182,0.186386961520417,0.127707135460261,0.155306690444691,0.126983534639726
0.586226489427782,0.728649562132519,0.825264599758458,0.870556763435286,0.914680781378442,0.953524769039266,0.986870736378806,1,0.987578362839672,0.956747461847103,0.932169415248404,0.907232457472781,0.882549093973426,0.86134354497703,0.840830930076446,0.820696951846934,0.804169792780694,0.790718805598907,0.775242225757677,0.758585454864257,0.730045022700478,0.713311347762247,0.696272074414192,0.659318731031729,0.62184164438708,0.58218346465248,0.467093448538158,0.282379040244617,0.192891813854396,0.135956226040247,0.16655581753742,0.132384901203521
0.570334426678264,0.71139080751009,0.808883180960747,0.848832966472484,0.88921798661021,0.925174767478522,0.959069220384695,0.987578362839672,1,0.98466448721161,0.961006527005703,0.933672994799437,0.909921757326399,0.889832364714236,0.871023843281583,0.851431906749134,0.834977335793229,0.821785622825108,0.806770160941479,0.791889208583037,0.765041396924029,0.750449463141612,0.733007654981216,0.69522499972325,0.656634954791764,0.614827790014599,0.489479845179197,0.292152957487255,0.203836201246684,0.154214321548172,0.181809079701854,0.138554728506745
0.555291802055191,0.692518331912496,0.786880930375874,0.823988303298217,0.860614165098881,0.892674017000416,0.926725436301025,0.956747461847103,0.98466448721161,1,0.986163652109525,0.958432527106686,0.935343280065675,0.916380817870627,0.897558436737905,0.877712419231351,0.861937869175321,0.849302024144533,0.833658176084411,0.819793230148981,0.796020056581672,0.782642257196055,0.765504588372495,0.728927346118365,0.690077569569631,0.647945787278482,0.516787138320724,0.309369544080573,0.223021593662966,0.177287683470421,0.206365880913659,0.147646251646495
0.544659587537958,0.679139716327817,0.766766825529397,0.806789542873946,0.84251952943186,0.871773895751012,0.903108328771661,0.932169415248404,0.961006527005703,0.986163652109525,1,0.980005716676015,0.956982725002406,0.940566849622035,0.922628835658686,0.901400033391014,0.884196339101176,0.870289388637897,0.852496043347016,0.837527761370224,0.814739720744295,0.800810370437391,0.783599681430907,0.748752827929311,0.711137674442602,0.670144423933634,0.53858120175061,0.324829027291182,0.233320916545097,0.191045781921764,0.21969632385395,0.155691925209881
0.528092290517144,0.665685038360379,0.752720862249442,0.791425067935458,0.827447500263484,0.855484143408952,0.882496169629904,0.907232457472781,0.933672994799437,0.958432527106686,0.980005716676015,1,0.980310312860619,0.963275759155309,0.943430031924809,0.922081368614897,0.904408017533789,0.888050230972367,0.866985166047059,0.84918206029998,0.825176411351916,0.810342136339392,0.789689294306465,0.75469934556257,0.71776418685915,0.678955184645463,0.544700712414128,0.323370898924915,0.229993234671744,0.192303561011211,0.224322360636357,0.165738292461456
0.488406959767911,0.637908926349225,0.727838052119833,0.766355760986117,0.80244172558952,0.831172079406948,0.857814544070662,0.882549093973426,0.909921757326399,0.935343280065675,0.956982725002406,0.980310312860619,1,0.986550174724912,0.967115640951197,0.945850141543678,0.928000105973805,0.911017352112764,0.888296560661138,0.869094815201399,0.845772747900049,0.829450849456671,0.806818782797822,0.769999229589489,0.731690857140501,0.693399762918504,0.556298867652215,0.32735337099058,0.229375099772346,0.189416762474527,0.22797332419356,0.166958744578421
0.477986949822497,0.628255248643963,0.714514022444152,0.753827184553214,0.785246533465699,0.811665522297646,0.836600596092227,0.86134354497703,0.889832364714236,0.916380817870627,0.940566849622035,0.963275759155309,0.986550174724912,1,0.98801430872604,0.967006983576635,0.948481183429946,0.931030173241705,0.908143848297392,0.886048106484974,0.864060079695528,0.849066076767,0.826428253545026,0.789690187346039,0.750809288090483,0.715625344276737,0.579513186377009,0.344188816331348,0.24549833580629,0.199525937514035,0.243277816358068,0.185111701033588
0.471827249208476,0.61513523127496,0.69800067457837,0.735759773751698,0.763554086417718,0.788989735690168,0.814156665811748,0.840830930076446,0.871023843281583,0.897558436737905,0.922628835658686,0.943430031924809,0.967115640951197,0.98801430872604,1,0.990148489757954,0.9714362806901,0.952263312594798,0.927291472728301,0.903442186556537,0.880680941818968,0.864370865792899,0.840783035128693,0.803106450969646,0.763385101568114,0.725750815844575,0.582567200656625,0.342616936626029,0.246716416443631,0.19945874975319,0.25338165635209,0.198573322431828
0.465284035182683,0.60036560502386,0.679888296501453,0.715885700568351,0.742284824833558,0.768138769261011,0.793606705810449,0.820696951846934,0.851431906749134,0.877712419231351,0.901400033391014,0.922081368614897,0.945850141543678,0.967006983576635,0.990148489757954,1,0.992035043093771,0.972507425001735,0.947294789437727,0.923149491593618,0.898381786439325,0.880379010731442,0.854042993074577,0.814509787575656,0.774000775742065,0.737069351389574,0.593199538738141,0.350400705182691,0.255836380460542,0.209371740825005,0.26924562914552,0.205338803283635
0.457273079649895,0.588091056893184,0.663781288637911,0.698119416475335,0.723514602295289,0.74959790650133,0.776542631955914,0.804169792780694,0.834977335793229,0.861937869175321,0.884196339101176,0.904408017533789,0.928000105973805,0.948481183429946,0.9714362806901,0.992035043093771,1,0.990777128480819,0.967192681023094,0.94350800930986,0.917548836272174,0.900366592880351,0.872651415052892,0.832170764866706,0.790827425193169,0.756067033899795,0.614039518098572,0.366365119656569,0.269915220922039,0.226588401677493,0.285697521967249,0.210168720752205
0.446839449070797,0.578169858180217,0.650283260929198,0.683275153930983,0.707310785657581,0.733325156515172,0.762008092229931,0.790718805598907,0.821785622825108,0.849302024144533,0.870289388637897,0.888050230972367,0.911017352112764,0.931030173241705,0.952263312594798,0.972507425001735,0.990777128480819,1,0.988431690426102,0.964740939523272,0.939194770828574,0.923974525478946,0.896436700392615,0.856324164879404,0.813495407443344,0.777782023386003,0.633058783172111,0.378766965958469,0.281595032974845,0.243263368018744,0.295321646953316,0.219161338132816
0.431081703763679,0.564755938290424,0.635498850471082,0.667208927012457,0.690913077154717,0.717789403445438,0.746408354906,0.775242225757677,0.806770160941479,0.833658176084411,0.852496043347016,0.866985166047059,0.888296560661138,0.908143848297392,0.927291472728301,0.947294789437727,0.967192681023094,0.988431690426102,1,0.984365564742808,0.96036382490227,0.945289271673202,0.91768913492102,0.878414152026572,0.834178092712489,0.795499663659076,0.646463092006281,0.388728360116751,0.295575642948209,0.26056167919814,0.30066448593835,0.231233006549512
0.40922128031583,0.54458849366007,0.616867492198973,0.64504731038256,0.670185300419172,0.699443080044425,0.728848707342731,0.758585454864257,0.791889208583037,0.819793230148981,0.837527761370224,0.84918206029998,0.869094815201399,0.886048106484974,0.903442186556537,0.923149491593618,0.94350800930986,0.964740939523272,0.984365564742808,1,0.982011601035355,0.966001743567464,0.939388684785168,0.901000013612306,0.857413064465401,0.818575969177654,0.668859115533684,0.409462720821602,0.319419854076505,0.283677685257748,0.311170032654014,0.236578862077498
0.388869272002811,0.522535548890173,0.588200376091008,0.612060681197354,0.635993087511449,0.669378711271095,0.700357013285539,0.730045022700478,0.765041396924029,0.796020056581672,0.814739720744295,0.825176411351916,0.845772747900049,0.864060079695528,0.880680941818968,0.898381786439325,0.917548836272174,0.939194770828574,0.96036382490227,0.982011601035355,1,0.980466096774696,0.951937842055679,0.913461751902314,0.869712064483846,0.831530956873054,0.679389739620261,0.41653802259772,0.33198914864546,0.297382133100932,0.306664298947868,0.227437527382739
0.381598927302489,0.507908076757061,0.572000044213209,0.594169164428639,0.617787675240376,0.650694698296936,0.681989281045063,0.713311347762247,0.750449463141612,0.782642257196055,0.800810370437391,0.810342136339392,0.829450849456671,0.849066076767,0.864370865792899,0.880379010731442,0.900366592880351,0.923974525478946,0.945289271673202,0.966001743567464,0.980466096774696,1,0.980707933588483,0.943312861746354,0.897020313374115,0.853671079153607,0.703606361038071,0.44584083435491,0.367534936148436,0.344150067536263,0.335692293997217,0.232344537914443
0.375828952989085,0.492870623804715,0.557498502816666,0.584172026272001,0.605803453232261,0.634766035032064,0.664982648012973,0.696272074414192,0.733007654981216,0.765504588372495,0.783599681430907,0.789689294306465,0.806818782797822,0.826428253545026,0.840783035128693,0.854042993074577,0.872651415052892,0.896436700392615,0.91768913492102,0.939388684785168,0.951937842055679,0.980707933588483,1,0.975642907829664,0.93037669980588,0.883764211508803,0.726965288919842,0.463983897680308,0.388666513250642,0.369389184504367,0.341954147585239,0.227986759302758
0.346324132950145,0.45619908873649,0.519824449630464,0.549913482309718,0.571900266516153,0.601375912863079,0.630180276847426,0.659318731031729,0.69522499972325,0.728927346118365,0.748752827929311,0.75469934556257,0.769999229589489,0.789690187346039,0.803106450969646,0.814509787575656,0.832170764866706,0.856324164879404,0.878414152026572,0.901000013612306,0.913461751902314,0.943312861746354,0.975642907829664,1,0.980688001613402,0.931599596602686,0.769979851742383,0.502158544177957,0.42591112265472,0.4082083103551,0.365528821767806,0.241481845550083
0.322608250097082,0.422550832996575,0.483761863304947,0.51483627232734,0.536367944505774,0.565190201308388,0.593475733342257,0.62184164438708,0.656634954791764,0.690077569569631,0.711137674442602,0.71776418685915,0.731690857140501,0.750809288090483,0.763385101568114,0.774000775742065,0.790827425193169,0.813495407443344,0.834178092712489,0.857413064465401,0.869712064483846,0.897020313374115,0.93037669980588,0.980688001613402,1,0.968777796560462,0.800904798127134,0.526560357611468,0.448767237558328,0.419602033980495,0.378136550345487,0.247023585223312
0.30312576029783,0.397859745143581,0.452307550066727,0.479005069890274,0.499066696376478,0.524690117734222,0.553721757890852,0.58218346465248,0.614827790014599,0.647945787278482,0.670144423933634,0.678955184645463,0.693399762918504,0.715625344276737,0.725750815844575,0.737069351389574,0.756067033899795,0.777782023386003,0.795499663659076,0.818575969177654,0.831530956873054,0.853671079153607,0.883764211508803,0.931599596602686,0.968777796560462,1,0.885050969752621,0.5926303005804,0.492787572575844,0.426649004607085,0.385599923337373,0.242757413070038
0.23342055551648,0.31149894028,0.348532241807197,0.374652161912423,0.397378673590189,0.420614032741158,0.446054387777729,0.467093448538158,0.489479845179197,0.516787138320724,0.53858120175061,0.544700712414128,0.556298867652215,0.579513186377009,0.582567200656625,0.593199538738141,0.614039518098572,0.633058783172111,0.646463092006281,0.668859115533684,0.679389739620261,0.703606361038071,0.726965288919842,0.769979851742383,0.800904798127134,0.885050969752621,1,0.873558224803496,0.724646284320966,0.538149733112157,0.423669130439277,0.235104150898137
0.12592748407609,0.171258960117258,0.184629277287536,0.210758727606512,0.233995564847858,0.255895152156634,0.273261283307182,0.282379040244617,0.292152957487255,0.309369544080573,0.324829027291182,0.323370898924915,0.32735337099058,0.344188816331348,0.342616936626029,0.350400705182691,0.366365119656569,0.378766965958469,0.388728360116751,0.409462720821602,0.41653802259772,0.44584083435491,0.463983897680308,0.502158544177957,0.526560357611468,0.5926303005804,0.873558224803496,1,0.905208848824178,0.617234252664773,0.433357983099308,0.217819836073565
0.0778073130935742,0.111403029212762,0.107109638334123,0.126792078918179,0.146039638010575,0.170425676140916,0.186386961520417,0.192891813854396,0.203836201246684,0.223021593662966,0.233320916545097,0.229993234671744,0.229375099772346,0.24549833580629,0.246716416443631,0.255836380460542,0.269915220922039,0.281595032974845,0.295575642948209,0.319419854076505,0.33198914864546,0.367534936148436,0.388666513250642,0.42591112265472,0.448767237558328,0.492787572575844,0.724646284320966,0.905208848824178,1,0.756361062825681,0.533297342043491,0.274557012599807
0.0592551206279576,0.0766653675584366,0.0740695106649782,0.0919349819660629,0.103307051023211,0.119161908517253,0.127707135460261,0.135956226040247,0.154214321548172,0.177287683470421,0.191045781921764,0.192303561011211,0.189416762474527,0.199525937514035,0.19945874975319,0.209371740825005,0.226588401677493,0.243263368018744,0.26056167919814,0.283677685257748,0.297382133100932,0.344150067536263,0.369389184504367,0.4082083103551,0.419602033980495,0.426649004607085,0.538149733112157,0.617234252664773,0.756361062825681,1,0.661336061109057,0.324450802872158
0.104699401199125,0.117354826062771,0.108577019335719,0.130874597101123,0.130064555832599,0.139603261435735,0.155306690444691,0.16655581753742,0.181809079701854,0.206365880913659,0.21969632385395,0.224322360636357,0.22797332419356,0.243277816358068,0.25338165635209,0.26924562914552,0.285697521967249,0.295321646953316,0.30066448593835,0.311170032654014,0.306664298947868,0.335692293997217,0.341954147585239,0.365528821767806,0.378136550345487,0.385599923337373,0.423669130439277,0.433357983099308,0.533297342043491,0.661336061109057,1,0.551256163788395
0.0470066795380883,0.0761538432700404,0.0842190826963621,0.103333125968345,0.112509991572303,0.119569809750822,0.126983534639726,0.132384901203521,0.138554728506745,0.147646251646495,0.155691925209881,0.165738292461456,0.166958744578421,0.185111701033588,0.198573322431828,0.205338803283635,0.210168720752205,0.219161338132816,0.231233006549512,0.236578862077498,0.227437527382739,0.232344537914443,0.227986759302758,0.241481845550083,0.247023585223312,0.242757413070038,0.235104150898137,0.217819836073565,0.274557012599807,0.324450802872158,0.551256163788395,1
