1,0.691286856463931,0.603668581318892,0.569312302869733,0.525377665829477,0.519358494889985,0.507429256110598,0.489051399593168,0.475403074010068,0.47374481379994,0.46158455324677,0.443513823037899,0.431253348467781,0.427055904116695,0.413360885252212,0.388935793172466,0.380536373634763,0.36750107382331,0.348045115351239,0.343469163180113,0.351470595406862,0.351905989485726,0.334852600195074,0.319800668323254,0.31659966746863,0.296647891346533,0.270829120382551,0.255682407603338,0.212310612619424,0.152038504124879,0.0619566839907098,-0.0385754183119759
0.691286856463931,1,0.920313958666582,0.858269210674364,0.818430821481551,0.799949276459813,0.783988821285869,0.766069369938873,0.746784886965115,0.729515380519774,0.713342003683579,0.694747087212143,0.676167528976974,0.668873503644061,0.662187359519874,0.646569855648631,0.634495006432501,0.62383941909394,0.609096712111775,0.609405832035692,0.614029257230245,0.604808535354006,0.597909151482531,0.589773054779732,0.579650185087938,0.556977615509085,0.529677843802623,0.50319606993865,0.442267056589774,0.349094093548763,0.146286938592791,-0.0261767305535727
0.603668581318892,0.920313958666582,1,0.950995969926113,0.904924282320547,0.870760959371109,0.840937682910152,0.818096391630531,0.803933360111236,0.786724559989217,0.776504486880957,0.761229010281468,0.747115359521988,0.736136805444269,0.730344679432695,0.721121945313688,0.70694693447993,0.692166928735324,0.681888318708274,0.680662068765845,0.684248453476516,0.67759152634861,0.674572271077489,0.664871141038596,0.655396096425339,0.630538092454056,0.603830334388199,0.577111673520234,0.522019731787503,0.423823367045567,0.186215430635913,-0.0199046868163369
0.569312302869733,0.858269210674364,0.950995969926113,1,0.961429636040519,0.922432569587274,0.894744465461021,0.870367390826129,0.852996310020665,0.834592991744343,0.827589056254679,0.813335043451297,0.79897397966334,0.785394440443286,0.776993722990889,0.770485993300757,0.758771777402759,0.745164474859474,0.735635739530092,0.734201885069167,0.735880784589319,0.7259418270942,0.722917272829693,0.715966294967722,0.703796437670267,0.679783328969738,0.653856071879543,0.62259692927538,0.56810544770919,0.459545514878248,0.191509070417707,-0.0104468813548718
0.525377665829477,0.818430821481551,0.904924282320547,0.961429636040519,1,0.964956354559252,0.934308405263866,0.907975488537175,0.889363248608602,0.868803119081769,0.860639722289851,0.847993069861909,0.833372287564051,0.822285251389014,0.815222019735382,0.809170744714132,0.797032538063557,0.782785778321133,0.77390554555116,0.770654620018886,0.7669076084886,0.755725400375469,0.752171483113632,0.745898439538718,0.735486937723584,0.711736279722198,0.689725450673562,0.658750517274435,0.611395677799213,0.498888388458062,0.210805942991052,-0.0109817465151121
0.519358494889985,0.799949276459813,0.870760959371109,0.922432569587274,0.964956354559252,1,0.975198395878863,0.947780127217343,0.928559662863937,0.907226712476349,0.893145750020016,0.883038396718617,0.866870087813843,0.853077431776817,0.845967368578226,0.841010636642285,0.830897709917225,0.815499584434126,0.809132979857804,0.807855046024057,0.804669950634318,0.796020147906657,0.790821022303274,0.785171352227832,0.771819352390315,0.745506887659946,0.72281123669504,0.690495003968394,0.640238070589676,0.527477599317967,0.232703949390337,0.014338250946319
0.507429256110598,0.783988821285869,0.840937682910152,0.894744465461021,0.934308405263866,0.975198395878863,1,0.97511699540117,0.955228080853911,0.929907794380625,0.915167334708128,0.902456104582399,0.886007754804074,0.872125973443046,0.86334159244471,0.854933753189979,0.840842223530092,0.827021900426677,0.82111493441205,0.820839912466802,0.815933785652477,0.80974427614678,0.802385675782265,0.794917845456398,0.780903184311111,0.754967679631979,0.732645525984291,0.696872796330201,0.639009534802128,0.517742959094681,0.218733816564059,0.00570766325744353
0.489051399593168,0.766069369938873,0.818096391630531,0.870367390826129,0.907975488537175,0.947780127217343,0.97511699540117,1,0.981915313051444,0.958065985295217,0.943185144691984,0.928767928825519,0.908110297183101,0.892241108432429,0.878600163052331,0.866237635100966,0.849209575759176,0.83601935275088,0.829438877563456,0.82936491440565,0.825043401886975,0.818119099994106,0.809270529228263,0.800707896322844,0.789711882077042,0.763624741431656,0.739358099663677,0.70079971674645,0.638330938584071,0.513107254783068,0.210866445514126,0.00991773790492378
0.475403074010068,0.746784886965115,0.803933360111236,0.852996310020665,0.889363248608602,0.928559662863937,0.955228080853911,0.981915313051444,1,0.977153264819902,0.959320231203109,0.942032012860226,0.919342573976026,0.901899083806019,0.886354339806189,0.874357819409391,0.8593323264314,0.846445477782153,0.839394884098279,0.837193559099161,0.834786807715026,0.829194299000041,0.817222088238972,0.806092288908081,0.796375127062673,0.77303713117951,0.748142161971219,0.709631047102165,0.649896752693222,0.530286834296651,0.238038390251203,0.0327304505967853
0.47374481379994,0.729515380519774,0.786724559989217,0.834592991744343,0.868803119081769,0.907226712476349,0.929907794380625,0.958065985295217,0.977153264819902,1,0.982664812636121,0.964008703932151,0.938588737342333,0.91665790358202,0.897649346945474,0.883179983786038,0.867472206476844,0.854312113780954,0.846657766654145,0.844041432754425,0.841730731140762,0.835067614919576,0.82447221536347,0.81319330903659,0.802496133800458,0.778143256589676,0.752515401285819,0.715028715792325,0.662826432193818,0.542111398643052,0.24266712843933,0.0363156447150162
0.46158455324677,0.713342003683579,0.776504486880957,0.827589056254679,0.860639722289851,0.893145750020016,0.915167334708128,0.943185144691984,0.959320231203109,0.982664812636121,1,0.983216468318209,0.957786691015188,0.934308304626809,0.91338772486766,0.896241403821694,0.878789153300057,0.863696490821326,0.855407248926289,0.853392484162195,0.851476587040733,0.844936773933756,0.833377604488286,0.823178785067205,0.815876773661544,0.791218389609464,0.763975121217953,0.725188687734131,0.672549479963472,0.550285380941195,0.245559782265259,0.0337621723264477
0.443513823037899,0.694747087212143,0.761229010281468,0.813335043451297,0.847993069861909,0.883038396718617,0.902456104582399,0.928767928825519,0.942032012860226,0.964008703932151,0.983216468318209,1,0.981617302520972,0.95994522379108,0.939520580454952,0.921524889874122,0.903445906969411,0.886598083784388,0.879787208748784,0.876255512817686,0.874183503165335,0.867803475694025,0.855736346886756,0.84507159004579,0.836198426587171,0.810043240646705,0.779275093451183,0.74201830205016,0.689655966756009,0.567017766206989,0.254409868337851,0.0441956512718318
0.431253348467781,0.676167528976974,0.747115359521988,0.79897397966334,0.833372287564051,0.866870087813843,0.886007754804074,0.908110297183101,0.919342573976026,0.938588737342333,0.957786691015188,0.981617302520972,1,0.985463220468492,0.96524987058546,0.944165701867323,0.925690202514488,0.907866680105032,0.900315890699228,0.895496148446074,0.892186015932616,0.885845643604436,0.873241983719761,0.863278834838121,0.854192483249245,0.828257019100567,0.799023754687928,0.75974909396029,0.708227586511187,0.58594572142093,0.27193413300848,0.0614422394446426
0.427055904116695,0.668873503644061,0.736136805444269,0.785394440443286,0.822285251389014,0.853077431776817,0.872125973443046,0.892241108432429,0.901899083806019,0.91665790358202,0.934308304626809,0.95994522379108,0.985463220468492,1,0.98566362454846,0.964046230085287,0.942210076025629,0.922692837311644,0.912216501822261,0.905047224994909,0.902533079608015,0.894125291657754,0.881341077322745,0.868013837628719,0.860571991582502,0.83702027120389,0.809653194528044,0.769571231878913,0.719106272070497,0.597440040085052,0.279372690463184,0.065579171774939
0.413360885252212,0.662187359519874,0.730344679432695,0.776993722990889,0.815222019735382,0.845967368578226,0.86334159244471,0.878600163052331,0.886354339806189,0.897649346945474,0.91338772486766,0.939520580454952,0.96524987058546,0.98566362454846,1,0.985463069219069,0.962887005708764,0.941456760644096,0.926713170238246,0.917138195335389,0.913354437278163,0.904267046330645,0.890908814355382,0.87520462679547,0.867531004598471,0.845004282168129,0.81817727560794,0.778450288341131,0.727982581945331,0.600650746929196,0.281944785897111,0.0706302181292151
0.388935793172466,0.646569855648631,0.721121945313688,0.770485993300757,0.809170744714132,0.841010636642285,0.854933753189979,0.866237635100966,0.874357819409391,0.883179983786038,0.896241403821694,0.921524889874122,0.944165701867323,0.964046230085287,0.985463069219069,1,0.985271391195599,0.962925843998745,0.944492647808452,0.932107157813851,0.924960295458128,0.913175983629484,0.900608163546757,0.884782714048803,0.874399866587395,0.852265293740834,0.823286177300999,0.786479737574934,0.737146139604163,0.606526567887873,0.293477732312498,0.0853671949947181
0.380536373634763,0.634495006432501,0.70694693447993,0.758771777402759,0.797032538063557,0.830897709917225,0.840842223530092,0.849209575759176,0.8593323264314,0.867472206476844,0.878789153300057,0.903445906969411,0.925690202514488,0.942210076025629,0.962887005708764,0.985271391195599,1,0.98672103007774,0.969475570196777,0.954516323113013,0.943328494940613,0.927257103567664,0.913635558182576,0.898862562139989,0.886190169818393,0.86453363168635,0.833140500047216,0.798011143200214,0.749992043560684,0.626640859740453,0.319373531626681,0.117936332141929
0.36750107382331,0.62383941909394,0.692166928735324,0.745164474859474,0.782785778321133,0.815499584434126,0.827021900426677,0.83601935275088,0.846445477782153,0.854312113780954,0.863696490821326,0.886598083784388,0.907866680105032,0.922692837311644,0.941456760644096,0.962925843998745,0.98672103007774,1,0.987816507883656,0.973364983368486,0.960125281900592,0.940884612379649,0.923859962616702,0.909451286823935,0.896100351900171,0.875712386967533,0.845880390506621,0.810470159050088,0.762959679890735,0.641371870699075,0.328257564154125,0.140997265043086
0.348045115351239,0.609096712111775,0.681888318708274,0.735635739530092,0.77390554555116,0.809132979857804,0.82111493441205,0.829438877563456,0.839394884098279,0.846657766654145,0.855407248926289,0.879787208748784,0.900315890699228,0.912216501822261,0.926713170238246,0.944492647808452,0.969475570196777,0.987816507883656,1,0.988960181509428,0.972166898061955,0.952729473579346,0.934954137814502,0.920682666661889,0.90602182384643,0.88513219234808,0.857025223857531,0.819880779789895,0.776705801498457,0.655619594710755,0.32901382399898,0.14158457962356
0.343469163180113,0.609405832035692,0.680662068765845,0.734201885069167,0.770654620018886,0.807855046024057,0.820839912466802,0.82936491440565,0.837193559099161,0.844041432754425,0.853392484162195,0.876255512817686,0.895496148446074,0.905047224994909,0.917138195335389,0.932107157813851,0.954516323113013,0.973364983368486,0.988960181509428,1,0.985975235904174,0.967687084008385,0.95101742219338,0.935948691182302,0.919823260214445,0.898190171301212,0.869000869284518,0.829174323115853,0.784843886628512,0.664498789770138,0.33124103056788,0.143507212304345
0.351470595406862,0.614029257230245,0.684248453476516,0.735880784589319,0.7669076084886,0.804669950634318,0.815933785652477,0.825043401886975,0.834786807715026,0.841730731140762,0.851476587040733,0.874183503165335,0.892186015932616,0.902533079608015,0.913354437278163,0.924960295458128,0.943328494940613,0.960125281900592,0.972166898061955,0.985975235904174,1,0.985943145649567,0.96760997839957,0.951660358993828,0.936685170640346,0.912861091562759,0.883427429372008,0.842278271514906,0.793559132259575,0.672954871834099,0.34545884848505,0.154524686216866
0.351905989485726,0.604808535354006,0.67759152634861,0.7259418270942,0.755725400375469,0.796020147906657,0.80974427614678,0.818119099994106,0.829194299000041,0.835067614919576,0.844936773933756,0.867803475694025,0.885845643604436,0.894125291657754,0.904267046330645,0.913175983629484,0.927257103567664,0.940884612379649,0.952729473579346,0.967687084008385,0.985943145649567,1,0.984266119299809,0.968832769530191,0.952215852188593,0.928787502324989,0.898924226426918,0.859963384768958,0.811032907605487,0.691270684092832,0.36659456943477,0.168472840445705
0.334852600195074,0.597909151482531,0.674572271077489,0.722917272829693,0.752171483113632,0.790821022303274,0.802385675782265,0.809270529228263,0.817222088238972,0.82447221536347,0.833377604488286,0.855736346886756,0.873241983719761,0.881341077322745,0.890908814355382,0.900608163546757,0.913635558182576,0.923859962616702,0.934954137814502,0.95101742219338,0.96760997839957,0.984266119299809,1,0.985226042728609,0.96724781495289,0.945119204427397,0.914781850358863,0.87650933151572,0.825559324761149,0.705208361332846,0.373773956239192,0.161781548919337
0.319800668323254,0.589773054779732,0.664871141038596,0.715966294967722,0.745898439538718,0.785171352227832,0.794917845456398,0.800707896322844,0.806092288908081,0.81319330903659,0.823178785067205,0.84507159004579,0.863278834838121,0.868013837628719,0.87520462679547,0.884782714048803,0.898862562139989,0.909451286823935,0.920682666661889,0.935948691182302,0.951660358993828,0.968832769530191,0.985226042728609,1,0.981956724371849,0.958757251605625,0.930572281513714,0.890602969498077,0.838590255320134,0.717170500364379,0.37482398750104,0.168280322456455
0.31659966746863,0.579650185087938,0.655396096425339,0.703796437670267,0.735486937723584,0.771819352390315,0.780903184311111,0.789711882077042,0.796375127062673,0.802496133800458,0.815876773661544,0.836198426587171,0.854192483249245,0.860571991582502,0.867531004598471,0.874399866587395,0.886190169818393,0.896100351900171,0.90602182384643,0.919823260214445,0.936685170640346,0.952215852188593,0.96724781495289,0.981956724371849,1,0.978299357134202,0.948677018869838,0.90774606006585,0.852064851989774,0.727720905874431,0.391992861207278,0.1691297430302
0.296647891346533,0.556977615509085,0.630538092454056,0.679783328969738,0.711736279722198,0.745506887659946,0.754967679631979,0.763624741431656,0.77303713117951,0.778143256589676,0.791218389609464,0.810043240646705,0.828257019100567,0.83702027120389,0.845004282168129,0.852265293740834,0.86453363168635,0.875712386967533,0.88513219234808,0.898190171301212,0.912861091562759,0.928787502324989,0.945119204427397,0.958757251605625,0.978299357134202,1,0.974093094240693,0.934446167637658,0.876090663052703,0.746608307656185,0.410158128543916,0.180985209450206
0.270829120382551,0.529677843802623,0.603830334388199,0.653856071879543,0.689725450673562,0.72281123669504,0.732645525984291,0.739358099663677,0.748142161971219,0.752515401285819,0.763975121217953,0.779275093451183,0.799023754687928,0.809653194528044,0.81817727560794,0.823286177300999,0.833140500047216,0.845880390506621,0.857025223857531,0.869000869284518,0.883427429372008,0.898924226426918,0.914781850358863,0.930572281513714,0.948677018869838,0.974093094240693,1,0.969395754674348,0.909902341110578,0.783357162502452,0.449478945852143,0.193396202556172
0.255682407603338,0.50319606993865,0.577111673520234,0.62259692927538,0.658750517274435,0.690495003968394,0.696872796330201,0.70079971674645,0.709631047102165,0.715028715792325,0.725188687734131,0.74201830205016,0.75974909396029,0.769571231878913,0.778450288341131,0.786479737574934,0.798011143200214,0.810470159050088,0.819880779789895,0.829174323115853,0.842278271514906,0.859963384768958,0.87650933151572,0.890602969498077,0.90774606006585,0.934446167637658,0.969395754674348,1,0.947640440106237,0.821621471067195,0.4922346249595,0.216306351802914
0.212310612619424,0.442267056589774,0.522019731787503,0.56810544770919,0.611395677799213,0.640238070589676,0.639009534802128,0.638330938584071,0.649896752693222,0.662826432193818,0.672549479963472,0.689655966756009,0.708227586511187,0.719106272070497,0.727982581945331,0.737146139604163,0.749992043560684,0.762959679890735,0.776705801498457,0.784843886628512,0.793559132259575,0.811032907605487,0.825559324761149,0.838590255320134,0.852064851989774,0.876090663052703,0.909902341110578,0.947640440106237,1,0.90171378627069,0.567273980457974,0.249517646195243
0.152038504124879,0.349094093548763,0.423823367045567,0.459545514878248,0.498888388458062,0.527477599317967,0.517742959094681,0.513107254783068,0.530286834296651,0.542111398643052,0.550285380941195,0.567017766206989,0.58594572142093,0.597440040085052,0.600650746929196,0.606526567887873,0.626640859740453,0.641371870699075,0.655619594710755,0.664498789770138,0.672954871834099,0.691270684092832,0.705208361332846,0.717170500364379,0.727720905874431,0.746608307656185,0.783357162502452,0.821621471067195,0.90171378627069,1,0.755180470141142,0.407932464154392
0.0619566839907098,0.146286938592791,0.186215430635913,0.191509070417707,0.210805942991052,0.232703949390337,0.218733816564059,0.210866445514126,0.238038390251203,0.24266712843933,0.245559782265259,0.254409868337851,0.27193413300848,0.279372690463184,0.281944785897111,0.293477732312498,0.319373531626681,0.328257564154125,0.32901382399898,0.33124103056788,0.34545884848505,0.36659456943477,0.373773956239192,0.37482398750104,0.391992861207278,0.410158128543916,0.449478945852143,0.4922346249595,0.567273980457974,0.755180470141142,1,0.621317386955016
-0.0385754183119759,-0.0261767305535727,-0.0199046868163369,-0.0104468813548718,-0.0109817465151121,0.014338250946319,0.00570766325744353,0.00991773790492378,0.0327304505967853,0.0363156447150162,0.0337621723264477,0.0441956512718318,0.0614422394446426,0.065579171774939,0.0706302181292151,0.0853671949947181,0.117936332141929,0.140997265043086,0.14158457962356,0.143507212304345,0.154524686216866,0.168472840445705,0.161781548919337,0.168280322456455,0.1691297430302,0.180985209450206,0.193396202556172,0.216306351802914,0.249517646195243,0.407932464154392,0.621317386955016,1
