1,0.713580479014028,0.621665706227362,0.556933250865301,0.511611507441846,0.502994115809962,0.477153165149522,0.452277033941813,0.434213524975349,0.401164266298878,0.385623208094953,0.355807046857393,0.331425157354351,0.309961252371175,0.293371083040915,0.28344669732098,0.277117450145051,0.265288940680329,0.254446811344245,0.239070640104295,0.22067312156862,0.200412909873475,0.179027855796632,0.158400416227293,0.142965791433614,0.114053121025844,0.109031378059856,0.0706907418349491,0.0440420149538663,0.0250850508264264,0.0431431464528959,-0.0158347713300763
0.713580479014028,1,0.914318669252388,0.839097050113918,0.801563912902939,0.781524659287634,0.751428133005607,0.733659682163572,0.717529104633267,0.689605893452646,0.675521692281689,0.64294128527181,0.611476406495688,0.585143334793186,0.559086473480898,0.551970734269726,0.545670076979001,0.536670425848745,0.526306466190362,0.506248430068588,0.489658162446386,0.467158976070899,0.438452077603843,0.407823559957012,0.382575766700951,0.347588443040743,0.32971780664085,0.277844272149209,0.224582163053971,0.172302371546619,0.140136170243881,0.0531284003914515
0.621665706227362,0.914318669252388,1,0.940088085771141,0.900621024460146,0.874083200176686,0.844148567996288,0.826895918143638,0.805822063809296,0.78397438320292,0.765956007576596,0.737470239645483,0.710736769556697,0.683261007048506,0.661577460844142,0.650934356448823,0.642306470264022,0.63380100321621,0.619189715012049,0.602041253775114,0.584106672590229,0.563759904577822,0.536958025451146,0.503937140950251,0.476778419611873,0.445289040292868,0.422664368916886,0.366535926986506,0.307748150858181,0.240934521489396,0.181046934687678,0.0688774135145206
0.556933250865301,0.839097050113918,0.940088085771141,1,0.965568716646594,0.934029391714602,0.903559840589549,0.884715100994398,0.861828679187645,0.841409739325465,0.821982974766452,0.795952066827002,0.766975806003745,0.73884845882896,0.719594720753959,0.708341761270116,0.697718663557204,0.689146861848569,0.672647854308085,0.654983873185889,0.636634619155159,0.614917439807404,0.590282861317537,0.560728746142638,0.534770448265612,0.510219467619053,0.484603303334588,0.426611573714433,0.356408232304996,0.278455826561191,0.196398057414212,0.0872510234648883
0.511611507441846,0.801563912902939,0.900621024460146,0.965568716646594,1,0.96830256445319,0.940884339393051,0.918538795436169,0.895073858731367,0.874721247651606,0.853074828031991,0.82943177578289,0.802019520669049,0.776493542819665,0.758083750325946,0.74534652766329,0.735946735023486,0.727361787117074,0.712355101585958,0.69551778431939,0.675316257316551,0.655625951733108,0.630999229603594,0.602764826746343,0.576263559988006,0.552167891077493,0.524635700850095,0.462919203778114,0.395064985839947,0.321417713178687,0.229166632446163,0.112018108039346
0.502994115809962,0.781524659287634,0.874083200176686,0.934029391714602,0.96830256445319,1,0.977422758498944,0.953229824031912,0.930355153243219,0.90782451721435,0.888244909029159,0.864891393315297,0.840770756735101,0.812333670747585,0.793615554378537,0.780894757314786,0.771384835475063,0.764094564497424,0.750374538603326,0.734237442922796,0.71804401437774,0.697084691679448,0.672531751257542,0.644939777467399,0.616871170912565,0.593489547275594,0.564828337313558,0.503902708439591,0.438229854511371,0.36100252093599,0.262985732192987,0.117599394174398
0.477153165149522,0.751428133005607,0.844148567996288,0.903559840589549,0.940884339393051,0.977422758498944,1,0.978579403945539,0.957095560359487,0.936593304796925,0.917339554489008,0.895155970583803,0.872127886958406,0.842958665413799,0.826117879058577,0.814500766131096,0.802878155273686,0.794612544106608,0.780936864328526,0.766122823583584,0.752324644132979,0.730905325488154,0.709325376771124,0.681444429049816,0.654083457628699,0.632853040743041,0.60333518207846,0.544633864354706,0.480694834796986,0.403247791171895,0.296649605493642,0.131435476766888
0.452277033941813,0.733659682163572,0.826895918143638,0.884715100994398,0.918538795436169,0.953229824031912,0.978579403945539,1,0.9816438185438,0.962496352125647,0.945046878288456,0.926907568827339,0.905131187386469,0.879437578772708,0.861875517030142,0.851868428280578,0.839533259927411,0.831372274207109,0.81748601448586,0.803104827625122,0.791291800285765,0.770584743469523,0.747903406302027,0.720441872081513,0.696331304448122,0.673244552892563,0.644968826573509,0.58530393285923,0.518557039642428,0.443127082457994,0.325235368609412,0.148203769329322
0.434213524975349,0.717529104633267,0.805822063809296,0.861828679187645,0.895073858731367,0.930355153243219,0.957095560359487,0.9816438185438,1,0.984064894418926,0.968474985221654,0.948885739983796,0.925758263027957,0.901666064309664,0.883609809236671,0.874460402952209,0.861937109269012,0.852226869352735,0.839132073030645,0.825261221916179,0.814477186543976,0.794001154168622,0.771957415737879,0.745254497196597,0.721429355838095,0.696945077058883,0.668270725951881,0.606665259948745,0.537943754194585,0.458870056549316,0.34060728562199,0.163738645766311
0.401164266298878,0.689605893452646,0.78397438320292,0.841409739325465,0.874721247651606,0.90782451721435,0.936593304796925,0.962496352125647,0.984064894418926,1,0.986137958345897,0.968483700386951,0.946334051054146,0.92262228934698,0.90441250792565,0.894744414578563,0.883937486077487,0.875485442873881,0.863478056641007,0.849116320438004,0.838868218621187,0.819390292999069,0.797084361534941,0.77227802366763,0.750332797557276,0.727948861324603,0.697455172356657,0.637850570152084,0.567450403843937,0.492566895910685,0.367015030490001,0.182223631654304
0.385623208094953,0.675521692281689,0.765956007576596,0.821982974766452,0.853074828031991,0.888244909029159,0.917339554489008,0.945046878288456,0.968474985221654,0.986137958345897,1,0.986022625244211,0.965810266928503,0.942673267523896,0.923510847499913,0.912842904048013,0.902289325484549,0.894893513300447,0.883006098056878,0.869369204093983,0.861419582076276,0.843734610552908,0.822807437488553,0.799760665872516,0.77761573362227,0.754176891623386,0.725347674696867,0.6688918264431,0.599204697498378,0.528459948333435,0.4001197305146,0.185774657460279
0.355807046857393,0.64294128527181,0.737470239645483,0.795952066827002,0.82943177578289,0.864891393315297,0.895155970583803,0.926907568827339,0.948885739983796,0.968483700386951,0.986022625244211,1,0.98578239775765,0.96667430494189,0.948492673499294,0.937820062212202,0.92906489446918,0.921891557726187,0.91033913890111,0.897197328135689,0.889988932713359,0.872847757396508,0.853943947072807,0.834695463174744,0.813964366832891,0.789867819125529,0.76422771542164,0.708454108540647,0.640075342103682,0.569178852301321,0.444726758604458,0.208720673500204
0.331425157354351,0.611476406495688,0.710736769556697,0.766975806003745,0.802019520669049,0.840770756735101,0.872127886958406,0.905131187386469,0.925758263027957,0.946334051054146,0.965810266928503,0.98578239775765,1,0.986976876385252,0.969047043853222,0.958842943370231,0.948888716048058,0.941769920499131,0.929458739386429,0.917669065029841,0.910413002834633,0.8956568324088,0.879096565445057,0.861932137786678,0.839860868371086,0.814711256641177,0.79167260290442,0.738843421963623,0.671864787735369,0.599601116380636,0.474621863338275,0.226778412079953
0.309961252371175,0.585143334793186,0.683261007048506,0.73884845882896,0.776493542819665,0.812333670747585,0.842958665413799,0.879437578772708,0.901666064309664,0.92262228934698,0.942673267523896,0.96667430494189,0.986976876385252,1,0.987509262757909,0.976022520161679,0.964113125780394,0.955066211615208,0.943204939684118,0.931263113637341,0.923421867930672,0.91081784247905,0.897107533389631,0.882637939728696,0.860471177463293,0.834470727376658,0.813924805973481,0.767852329529162,0.704974219240688,0.627775467720799,0.492415601922856,0.234706622303357
0.293371083040915,0.559086473480898,0.661577460844142,0.719594720753959,0.758083750325946,0.793615554378537,0.826117879058577,0.861875517030142,0.883609809236671,0.90441250792565,0.923510847499913,0.948492673499294,0.969047043853222,0.987509262757909,1,0.990640516382076,0.976885472670148,0.966164857471871,0.953469629110556,0.942079644595143,0.934834739479062,0.921940335590049,0.908627307764618,0.894428780357984,0.873488914864715,0.848239358067879,0.828130548506521,0.783991067669133,0.724516420665036,0.644736611767365,0.50616517402788,0.238110113855501
0.28344669732098,0.551970734269726,0.650934356448823,0.708341761270116,0.74534652766329,0.780894757314786,0.814500766131096,0.851868428280578,0.874460402952209,0.894744414578563,0.912842904048013,0.937820062212202,0.958842943370231,0.976022520161679,0.990640516382076,1,0.989698816747809,0.978003647505648,0.965276861798232,0.955382932412539,0.947497030281563,0.933455204598632,0.919389564879196,0.903340507978522,0.881396465577501,0.857888756386174,0.837238959228872,0.795550918479445,0.7354281586218,0.652862663988544,0.517999638050511,0.256933504552882
0.277117450145051,0.545670076979001,0.642306470264022,0.697718663557204,0.735946735023486,0.771384835475063,0.802878155273686,0.839533259927411,0.861937109269012,0.883937486077487,0.902289325484549,0.92906489446918,0.948888716048058,0.964113125780394,0.976885472670148,0.989698816747809,1,0.989911000852403,0.976319303861556,0.966502105889016,0.957171164100381,0.943049130845589,0.928659431492694,0.912826230390827,0.890548138518436,0.86722109811014,0.847445622130974,0.806113550147338,0.745677275257363,0.661613042577128,0.527082050092248,0.259372026170705
0.265288940680329,0.536670425848745,0.63380100321621,0.689146861848569,0.727361787117074,0.764094564497424,0.794612544106608,0.831372274207109,0.852226869352735,0.875485442873881,0.894893513300447,0.921891557726187,0.941769920499131,0.955066211615208,0.966164857471871,0.978003647505648,0.989911000852403,1,0.989970403327183,0.979782406947182,0.971359740251748,0.957606860233085,0.943678376519019,0.927399202144939,0.906721157760809,0.883757242122425,0.862466078192192,0.81952354565921,0.756323166180385,0.669961567541784,0.532953844535231,0.25922241444982
0.254446811344245,0.526306466190362,0.619189715012049,0.672647854308085,0.712355101585958,0.750374538603326,0.780936864328526,0.81748601448586,0.839132073030645,0.863478056641007,0.883006098056878,0.91033913890111,0.929458739386429,0.943204939684118,0.953469629110556,0.965276861798232,0.976319303861556,0.989970403327183,1,0.990271441192623,0.981763064865766,0.969047032150352,0.954980189585432,0.938243897825702,0.918968549451452,0.89641937654223,0.876257034859563,0.832726216870613,0.769730485557218,0.680790832296046,0.543779467578306,0.263036717170889
0.239070640104295,0.506248430068588,0.602041253775114,0.654983873185889,0.69551778431939,0.734237442922796,0.766122823583584,0.803104827625122,0.825261221916179,0.849116320438004,0.869369204093983,0.897197328135689,0.917669065029841,0.931263113637341,0.942079644595143,0.955382932412539,0.966502105889016,0.979782406947182,0.990271441192623,1,0.991712793988221,0.978916048319895,0.964671684291907,0.948646363293662,0.929439202295054,0.909370272459597,0.889504937643133,0.845530878832763,0.781657788430425,0.690433802711228,0.54609262847575,0.267119195518625
0.22067312156862,0.489658162446386,0.584106672590229,0.636634619155159,0.675316257316551,0.71804401437774,0.752324644132979,0.791291800285765,0.814477186543976,0.838868218621187,0.861419582076276,0.889988932713359,0.910413002834633,0.923421867930672,0.934834739479062,0.947497030281563,0.957171164100381,0.971359740251748,0.981763064865766,0.991712793988221,1,0.989466437570458,0.977576486216616,0.962576331703503,0.943761304075082,0.923172325234147,0.902328524549025,0.859761437353825,0.797651190464585,0.708822419963396,0.562287529724869,0.284432498973927
0.200412909873475,0.467158976070899,0.563759904577822,0.614917439807404,0.655625951733108,0.697084691679448,0.730905325488154,0.770584743469523,0.794001154168622,0.819390292999069,0.843734610552908,0.872847757396508,0.8956568324088,0.91081784247905,0.921940335590049,0.933455204598632,0.943049130845589,0.957606860233085,0.969047032150352,0.978916048319895,0.989466437570458,1,0.989220748645326,0.974611822923039,0.956859531415175,0.935985317894958,0.914059929397886,0.871254536292667,0.809208471797221,0.718199082159347,0.574076120550803,0.291098609807121
0.179027855796632,0.438452077603843,0.536958025451146,0.590282861317537,0.630999229603594,0.672531751257542,0.709325376771124,0.747903406302027,0.771957415737879,0.797084361534941,0.822807437488553,0.853943947072807,0.879096565445057,0.897107533389631,0.908627307764618,0.919389564879196,0.928659431492694,0.943678376519019,0.954980189585432,0.964671684291907,0.977576486216616,0.989220748645326,1,0.987034222653554,0.971602756301746,0.951963539926572,0.933271634315909,0.894694386647918,0.8372193648121,0.743427000129454,0.591235427172189,0.306940331274553
0.158400416227293,0.407823559957012,0.503937140950251,0.560728746142638,0.602764826746343,0.644939777467399,0.681444429049816,0.720441872081513,0.745254497196597,0.77227802366763,0.799760665872516,0.834695463174744,0.861932137786678,0.882637939728696,0.894428780357984,0.903340507978522,0.912826230390827,0.927399202144939,0.938243897825702,0.948646363293662,0.962576331703503,0.974611822923039,0.987034222653554,1,0.986484336574322,0.96709466782478,0.948814382846271,0.91125381753258,0.857968626954401,0.768007936551771,0.609987176592904,0.314732186007386
0.142965791433614,0.382575766700951,0.476778419611873,0.534770448265612,0.576263559988006,0.616871170912565,0.654083457628699,0.696331304448122,0.721429355838095,0.750332797557276,0.77761573362227,0.813964366832891,0.839860868371086,0.860471177463293,0.873488914864715,0.881396465577501,0.890548138518436,0.906721157760809,0.918968549451452,0.929439202295054,0.943761304075082,0.956859531415175,0.971602756301746,0.986484336574322,1,0.984236850421765,0.966831716536398,0.932579834447927,0.882280577193126,0.784770559576266,0.6185386042395,0.326273933044786
0.114053121025844,0.347588443040743,0.445289040292868,0.510219467619053,0.552167891077493,0.593489547275594,0.632853040743041,0.673244552892563,0.696945077058883,0.727948861324603,0.754176891623386,0.789867819125529,0.814711256641177,0.834470727376658,0.848239358067879,0.857888756386174,0.86722109811014,0.883757242122425,0.89641937654223,0.909370272459597,0.923172325234147,0.935985317894958,0.951963539926572,0.96709466782478,0.984236850421765,1,0.983807936827226,0.951885421850608,0.902256437288363,0.799855322620225,0.618830530849059,0.341077134798694
0.109031378059856,0.32971780664085,0.422664368916886,0.484603303334588,0.524635700850095,0.564828337313558,0.60333518207846,0.644968826573509,0.668270725951881,0.697455172356657,0.725347674696867,0.76422771542164,0.79167260290442,0.813924805973481,0.828130548506521,0.837238959228872,0.847445622130974,0.862466078192192,0.876257034859563,0.889504937643133,0.902328524549025,0.914059929397886,0.933271634315909,0.948814382846271,0.966831716536398,0.983807936827226,1,0.973505750447949,0.927976664274344,0.822548334406158,0.644352369572601,0.351639344445072
0.0706907418349491,0.277844272149209,0.366535926986506,0.426611573714433,0.462919203778114,0.503902708439591,0.544633864354706,0.58530393285923,0.606665259948745,0.637850570152084,0.6688918264431,0.708454108540647,0.738843421963623,0.767852329529162,0.783991067669133,0.795550918479445,0.806113550147338,0.81952354565921,0.832726216870613,0.845530878832763,0.859761437353825,0.871254536292667,0.894694386647918,0.91125381753258,0.932579834447927,0.951885421850608,0.973505750447949,1,0.965969306258085,0.856078494346644,0.671314926525867,0.368170483250713
0.0440420149538663,0.224582163053971,0.307748150858181,0.356408232304996,0.395064985839947,0.438229854511371,0.480694834796986,0.518557039642428,0.537943754194585,0.567450403843937,0.599204697498378,0.640075342103682,0.671864787735369,0.704974219240688,0.724516420665036,0.7354281586218,0.745677275257363,0.756323166180385,0.769730485557218,0.781657788430425,0.797651190464585,0.809208471797221,0.8372193648121,0.857968626954401,0.882280577193126,0.902256437288363,0.927976664274344,0.965969306258085,1,0.898833641445277,0.720514197273153,0.403218396821167
0.0250850508264264,0.172302371546619,0.240934521489396,0.278455826561191,0.321417713178687,0.36100252093599,0.403247791171895,0.443127082457994,0.458870056549316,0.492566895910685,0.528459948333435,0.569178852301321,0.599601116380636,0.627775467720799,0.644736611767365,0.652862663988544,0.661613042577128,0.669961567541784,0.680790832296046,0.690433802711228,0.708822419963396,0.718199082159347,0.743427000129454,0.768007936551771,0.784770559576266,0.799855322620225,0.822548334406158,0.856078494346644,0.898833641445277,1,0.865771862760037,0.533891872053896
0.0431431464528959,0.140136170243881,0.181046934687678,0.196398057414212,0.229166632446163,0.262985732192987,0.296649605493642,0.325235368609412,0.34060728562199,0.367015030490001,0.4001197305146,0.444726758604458,0.474621863338275,0.492415601922856,0.50616517402788,0.517999638050511,0.527082050092248,0.532953844535231,0.543779467578306,0.54609262847575,0.562287529724869,0.574076120550803,0.591235427172189,0.609987176592904,0.6185386042395,0.618830530849059,0.644352369572601,0.671314926525867,0.720514197273153,0.865771862760037,1,0.660530515206278
-0.0158347713300763,0.0531284003914515,0.0688774135145206,0.0872510234648883,0.112018108039346,0.117599394174398,0.131435476766888,0.148203769329322,0.163738645766311,0.182223631654304,0.185774657460279,0.208720673500204,0.226778412079953,0.234706622303357,0.238110113855501,0.256933504552882,0.259372026170705,0.25922241444982,0.263036717170889,0.267119195518625,0.284432498973927,0.291098609807121,0.306940331274553,0.314732186007386,0.326273933044786,0.341077134798694,0.351639344445072,0.368170483250713,0.403218396821167,0.533891872053896,0.660530515206278,1
