1,0.790027737960739,0.6422762299472,0.569202259161948,0.517782597970413,0.495410021288042,0.476255234330779,0.471163641277478,0.454477325644448,0.426392582985895,0.400519658792737,0.377964279993874,0.353699214906066,0.34658029291707,0.345059970875007,0.339010114926483,0.332093569980363,0.308142500686509,0.282706002819846,0.278595587243572,0.271409404974709,0.260529597823389,0.249697444473577,0.257472539096941,0.263526541834342,0.261398957383646,0.241767750112223,0.214588278368784,0.193543829380897,0.072397234301016,0.021151670658269,0.0160643328023397
0.790027737960739,1,0.945163765747141,0.828483892496032,0.760333235360822,0.722103916112593,0.683175030925587,0.660486167087555,0.646025896360415,0.621529314305733,0.594290164110285,0.570813204296743,0.541469488620237,0.528100481213489,0.52054327970173,0.506697915244021,0.495514340455107,0.471508441650244,0.444413366647117,0.435486455882213,0.425131433329458,0.410642561130503,0.397980106131417,0.407094425396584,0.409669673158211,0.395009453635689,0.380964698520792,0.351658036163484,0.295702616290405,0.129125181157783,0.0423159333023599,0.0173948098583973
0.6422762299472,0.945163765747141,1,0.955784610382864,0.874665935298692,0.825806012965082,0.775470818409824,0.743882381944705,0.725478484932546,0.69799680378546,0.670352084628712,0.645476503770559,0.612783831321952,0.59590605106469,0.582670456172403,0.56292252070607,0.550297312124728,0.530010937033161,0.504763258259212,0.489395441235273,0.475368132517458,0.458050578871329,0.443708910907104,0.449328769753137,0.446906234487138,0.42667360562038,0.414012641148423,0.383481060060911,0.314015568447455,0.135900875822329,0.0355165280362678,0.00456890606940028
0.569202259161948,0.828483892496032,0.955784610382864,1,0.942041736468859,0.893688335936534,0.836467850539974,0.799572055711824,0.774695378366365,0.741172560449407,0.71291457991822,0.687126283408071,0.652396386801873,0.633061908459483,0.615753399118268,0.591915729690294,0.578288992429069,0.56128866106483,0.537823021220012,0.516914119660787,0.500672704520335,0.482044698043897,0.466436410371276,0.468270040002711,0.461576682038957,0.438989643473625,0.424799467620823,0.392137473609878,0.318667616380158,0.146529061435933,0.0319321361427843,-0.011591204479616
0.517782597970413,0.760333235360822,0.874665935298692,0.942041736468859,1,0.975834145373863,0.914302894587659,0.871125757821814,0.840536085786561,0.801887902490563,0.773520406431904,0.750250914508065,0.716528680972699,0.694564092305023,0.67620662121764,0.650534373603525,0.634357957148329,0.618037845224903,0.594820903755405,0.571771723439389,0.557678131905711,0.541320685369673,0.525990462639742,0.527263287406299,0.518524278852995,0.493792950440972,0.476820283757548,0.440741851401342,0.364687489795218,0.216105767287303,0.0640083110070737,-0.0246652195001131
0.495410021288042,0.722103916112593,0.825806012965082,0.893688335936534,0.975834145373863,1,0.978161907551559,0.928990892980176,0.895553528834643,0.854240642714044,0.823922120866732,0.797843144086183,0.760160068590118,0.734908271979563,0.716122870171379,0.690258187001024,0.673876930797136,0.659569816716681,0.638610117057296,0.617961661191595,0.605085682937159,0.58900365614735,0.573901351240365,0.574675621503346,0.564177000745577,0.537440423305089,0.521749251787085,0.484357725708559,0.398582382644523,0.244381465805336,0.0854426383179476,-0.0124786248211735
0.476255234330779,0.683175030925587,0.775470818409824,0.836467850539974,0.914302894587659,0.978161907551559,1,0.965579284133624,0.934801359154285,0.891693039299144,0.859349943511551,0.830611857500443,0.789423569088461,0.761128474007128,0.741136927297149,0.714404353213509,0.697636095927218,0.684374180565102,0.665074616283655,0.647450593041978,0.635121026947882,0.618609624613332,0.603635884206827,0.603920353634235,0.592149774101338,0.564137594807254,0.549552950552482,0.510626151778562,0.41509595610909,0.25207159256359,0.0956518876259926,-0.000447417202119039
0.471163641277478,0.660486167087555,0.743882381944705,0.799572055711824,0.871125757821814,0.928990892980176,0.965579284133624,1,0.983030336529702,0.936542627276239,0.901989375158165,0.874102372820585,0.832940004881152,0.801721527707838,0.776940556538688,0.744820834762846,0.724436747769722,0.707580631816758,0.685392693350475,0.667547644773118,0.65388515344558,0.6357340724866,0.619829069849506,0.619682660677553,0.607328307364914,0.578655143391591,0.56050268372229,0.515865486835501,0.412432933054644,0.247388677014069,0.0865407053321021,-0.0107407340661924
0.454477325644448,0.646025896360415,0.725478484932546,0.774695378366365,0.840536085786561,0.895553528834643,0.934801359154285,0.983030336529702,1,0.983126476822098,0.94460516717726,0.914793532679238,0.871336524342046,0.837432271836905,0.810103570228929,0.774607393968626,0.749958201296852,0.732068624081858,0.709394718673651,0.6903571580386,0.675680766105408,0.655958137547027,0.637181761316693,0.636328702817801,0.623477659282099,0.593588946205745,0.576564662080688,0.532714438370191,0.42742909475011,0.255876546453584,0.0933002475517062,-0.00484981405931743
0.426392582985895,0.621529314305733,0.69799680378546,0.741172560449407,0.801887902490563,0.854240642714044,0.891693039299144,0.936542627276239,0.983126476822098,1,0.972831651175026,0.944524137789661,0.89903390996261,0.863824426086022,0.835543934533744,0.798024347926845,0.769196090067251,0.750409949727797,0.727546436588212,0.707831452191809,0.692440451685606,0.671427648511979,0.65008610502052,0.648207251945959,0.634789387605924,0.604746811208099,0.588932397384799,0.546468438114725,0.442059332382355,0.266102011516068,0.102959367808626,0.00363981516777854
0.400519658792737,0.594290164110285,0.670352084628712,0.71291457991822,0.773520406431904,0.823922120866732,0.859349943511551,0.901989375158165,0.94460516717726,0.972831651175026,1,0.984057172032948,0.937562578535413,0.903440280723785,0.875722161280217,0.836943975273753,0.804152194605111,0.781877898357301,0.756518279132339,0.737678714493768,0.721565889066673,0.69926295871135,0.677419251786153,0.673922290627857,0.65912273972948,0.631124011397483,0.611638788303717,0.564306330436151,0.458296500940989,0.280512974693135,0.110189122630871,0.00405196589770052
0.377964279993874,0.570813204296743,0.645476503770559,0.687126283408071,0.750250914508065,0.797843144086183,0.830611857500443,0.874102372820585,0.914793532679238,0.944524137789661,0.984057172032948,1,0.983040089406997,0.948923306200154,0.921050882812804,0.881173088422069,0.847007348310626,0.823426797040602,0.796318174373048,0.775715907818846,0.758027833993709,0.734472176137229,0.71328703399311,0.707865382308867,0.690195812825054,0.661062191952002,0.641026847501374,0.592193192486114,0.482668137803532,0.294050885216295,0.125940719427167,0.0212226057512307
0.353699214906066,0.541469488620237,0.612783831321952,0.652396386801873,0.716528680972699,0.760160068590118,0.789423569088461,0.832940004881152,0.871336524342046,0.89903390996261,0.937562578535413,0.983040089406997,1,0.977622155117414,0.952478569765849,0.911880398636371,0.877245034783461,0.852994424478323,0.824549415714694,0.801814133318078,0.782431449560562,0.757702765447002,0.737208042392325,0.729645991647065,0.709041397704264,0.678645412237815,0.658648425034008,0.609493114146554,0.498062142554047,0.304463765114924,0.142829253166327,0.0406988052159964
0.34658029291707,0.528100481213489,0.59590605106469,0.633061908459483,0.694564092305023,0.734908271979563,0.761128474007128,0.801721527707838,0.837432271836905,0.863824426086022,0.903440280723785,0.948923306200154,0.977622155117414,1,0.985029528985919,0.942518969153158,0.905775043930383,0.879433086584274,0.848827527087167,0.824504371366465,0.803121216756525,0.776244343109207,0.754090905551985,0.744039929358,0.721161290561703,0.690681926616281,0.668350227306744,0.61645429382161,0.503823575374927,0.321598280588784,0.159681037573309,0.0493283781696839
0.345059970875007,0.52054327970173,0.582670456172403,0.615753399118268,0.67620662121764,0.716122870171379,0.741136927297149,0.776940556538688,0.810103570228929,0.835543934533744,0.875722161280217,0.921050882812804,0.952478569765849,0.985029528985919,1,0.984604700326075,0.94940581124313,0.922510668487091,0.889858804755431,0.862547720925728,0.839696565963809,0.811073685717304,0.785815240102039,0.770861905594502,0.744012983701192,0.715588845258393,0.69176941604329,0.635896055627064,0.517063738880415,0.339765557202151,0.1734601672312,0.05424904502784
0.339010114926483,0.506697915244021,0.56292252070607,0.591915729690294,0.650534373603525,0.690258187001024,0.714404353213509,0.744820834762846,0.774607393968626,0.798024347926845,0.836943975273753,0.881173088422069,0.911880398636371,0.942518969153158,0.984604700326075,1,0.978401823104334,0.954652784623974,0.920813539160996,0.890852188142821,0.867069372154534,0.837323708947023,0.809387081310355,0.789810075700292,0.75921781097073,0.732600544749667,0.708530670442936,0.65039741561652,0.526623127554761,0.354375947781732,0.183827594953369,0.0567363673737457
0.332093569980363,0.495514340455107,0.550297312124728,0.578288992429069,0.634357957148329,0.673876930797136,0.697636095927218,0.724436747769722,0.749958201296852,0.769196090067251,0.804152194605111,0.847007348310626,0.877245034783461,0.905775043930383,0.94940581124313,0.978401823104334,1,0.987241985906789,0.952884068486365,0.921126608003306,0.896262396786495,0.865319467993089,0.835962448924757,0.813998441949258,0.780482033706636,0.751517245020697,0.728723642619914,0.671541483276069,0.545039403270523,0.375398217134214,0.196369954646766,0.0585796479537058
0.308142500686509,0.471508441650244,0.530010937033161,0.56128866106483,0.618037845224903,0.659569816716681,0.684374180565102,0.707580631816758,0.732068624081858,0.750409949727797,0.781877898357301,0.823426797040602,0.852994424478323,0.879433086584274,0.922510668487091,0.954652784623974,0.987241985906789,1,0.98771410753564,0.955730638237472,0.931844207317368,0.901218709827229,0.870115906989527,0.845513523149702,0.808347789876116,0.775149620498818,0.750466866325554,0.69164054382097,0.562748287707623,0.386793924279944,0.198475023002103,0.0549212219891135
0.282706002819846,0.444413366647117,0.504763258259212,0.537823021220012,0.594820903755405,0.638610117057296,0.665074616283655,0.685392693350475,0.709394718673651,0.727546436588212,0.756518279132339,0.796318174373048,0.824549415714694,0.848827527087167,0.889858804755431,0.920813539160996,0.952884068486365,0.98771410753564,1,0.979066419940777,0.958681041782116,0.928116325006812,0.89528638477657,0.868421725512918,0.828126034475884,0.790775518698041,0.763756461037321,0.703977627852387,0.576573064453613,0.392099063396853,0.197364886171937,0.0521025306109345
0.278595587243572,0.435486455882213,0.489395441235273,0.516914119660787,0.571771723439389,0.617961661191595,0.647450593041978,0.667547644773118,0.6903571580386,0.707831452191809,0.737678714493768,0.775715907818846,0.801814133318078,0.824504371366465,0.862547720925728,0.890852188142821,0.921126608003306,0.955730638237472,0.979066419940777,1,0.987842723946807,0.954070428720535,0.918700447882278,0.889922851955276,0.847233488278443,0.806390328140064,0.777796505745669,0.719484377018071,0.600132773994057,0.402724627167892,0.203805652716388,0.0587784834993366
0.271409404974709,0.425131433329458,0.475368132517458,0.500672704520335,0.557678131905711,0.605085682937159,0.635121026947882,0.65388515344558,0.675680766105408,0.692440451685606,0.721565889066673,0.758027833993709,0.782431449560562,0.803121216756525,0.839696565963809,0.867069372154534,0.896262396786495,0.931844207317368,0.958681041782116,0.987842723946807,1,0.987600119737992,0.950003210364033,0.918256171084802,0.871958326247574,0.82769944955565,0.795054935013265,0.733969744689267,0.616559396264672,0.40719451569768,0.204334322783239,0.060348493753821
0.260529597823389,0.410642561130503,0.458050578871329,0.482044698043897,0.541320685369673,0.58900365614735,0.618609624613332,0.6357340724866,0.655958137547027,0.671427648511979,0.69926295871135,0.734472176137229,0.757702765447002,0.776244343109207,0.811073685717304,0.837323708947023,0.865319467993089,0.901218709827229,0.928116325006812,0.954070428720535,0.987600119737992,1,0.973768630840887,0.942747368240754,0.89310628686457,0.845805463211141,0.809116684250903,0.744632229491648,0.627149813466077,0.406056803967561,0.201952792476401,0.0615761573586099
0.249697444473577,0.397980106131417,0.443708910907104,0.466436410371276,0.525990462639742,0.573901351240365,0.603635884206827,0.619829069849506,0.637181761316693,0.65008610502052,0.677419251786153,0.71328703399311,0.737208042392325,0.754090905551985,0.785815240102039,0.809387081310355,0.835962448924757,0.870115906989527,0.89528638477657,0.918700447882278,0.950003210364033,0.973768630840887,1,0.981147352165565,0.928411552692229,0.877397520021242,0.837831713157461,0.77011295381331,0.648808478368306,0.40766970823177,0.203446966502112,0.0692008399999876
0.257472539096941,0.407094425396584,0.449328769753137,0.468270040002711,0.527263287406299,0.574675621503346,0.603920353634235,0.619682660677553,0.636328702817801,0.648207251945959,0.673922290627857,0.707865382308867,0.729645991647065,0.744039929358,0.770861905594502,0.789810075700292,0.813998441949258,0.845513523149702,0.868421725512918,0.889922851955276,0.918256171084802,0.942747368240754,0.981147352165565,1,0.980803857501263,0.928356537900634,0.883561598119731,0.807968823605853,0.677374053232467,0.416335464723082,0.209281319282369,0.0775560179268056
0.263526541834342,0.409669673158211,0.446906234487138,0.461576682038957,0.518524278852995,0.564177000745577,0.592149774101338,0.607328307364914,0.623477659282099,0.634789387605924,0.65912273972948,0.690195812825054,0.709041397704264,0.721161290561703,0.744012983701192,0.75921781097073,0.780482033706636,0.808347789876116,0.828126034475884,0.847233488278443,0.871958326247574,0.89310628686457,0.928411552692229,0.980803857501263,1,0.964692570800678,0.919869029423491,0.837474893522957,0.699957660962409,0.427407918249271,0.218237409941065,0.0861508366915945
0.261398957383646,0.395009453635689,0.42667360562038,0.438989643473625,0.493792950440972,0.537440423305089,0.564137594807254,0.578655143391591,0.593588946205745,0.604746811208099,0.631124011397483,0.661062191952002,0.678645412237815,0.690681926616281,0.715588845258393,0.732600544749667,0.751517245020697,0.775149620498818,0.790775518698041,0.806390328140064,0.82769944955565,0.845805463211141,0.877397520021242,0.928356537900634,0.964692570800678,1,0.970788458952315,0.884145960945358,0.743565435291928,0.466616620516652,0.246799859569286,0.100880716336816
0.241767750112223,0.380964698520792,0.414012641148423,0.424799467620823,0.476820283757548,0.521749251787085,0.549552950552482,0.56050268372229,0.576564662080688,0.588932397384799,0.611638788303717,0.641026847501374,0.658648425034008,0.668350227306744,0.69176941604329,0.708530670442936,0.728723642619914,0.750466866325554,0.763756461037321,0.777796505745669,0.795054935013265,0.809116684250903,0.837831713157461,0.883561598119731,0.919869029423491,0.970788458952315,1,0.965930522161295,0.819640488567902,0.530728941109543,0.30371705262422,0.142290611219129
0.214588278368784,0.351658036163484,0.383481060060911,0.392137473609878,0.440741851401342,0.484357725708559,0.510626151778562,0.515865486835501,0.532714438370191,0.546468438114725,0.564306330436151,0.592193192486114,0.609493114146554,0.61645429382161,0.635896055627064,0.65039741561652,0.671541483276069,0.69164054382097,0.703977627852387,0.719484377018071,0.733969744689267,0.744632229491648,0.77011295381331,0.807968823605853,0.837474893522957,0.884145960945358,0.965930522161295,1,0.903885701335176,0.602392926819132,0.365930252170532,0.190376223967277
0.193543829380897,0.295702616290405,0.314015568447455,0.318667616380158,0.364687489795218,0.398582382644523,0.41509595610909,0.412432933054644,0.42742909475011,0.442059332382355,0.458296500940989,0.482668137803532,0.498062142554047,0.503823575374927,0.517063738880415,0.526623127554761,0.545039403270523,0.562748287707623,0.576573064453613,0.600132773994057,0.616559396264672,0.627149813466077,0.648808478368306,0.677374053232467,0.699957660962409,0.743565435291928,0.819640488567902,0.903885701335176,1,0.682924057150725,0.421113362486415,0.232386924524818
0.072397234301016,0.129125181157783,0.135900875822329,0.146529061435933,0.216105767287303,0.244381465805336,0.25207159256359,0.247388677014069,0.255876546453584,0.266102011516068,0.280512974693135,0.294050885216295,0.304463765114924,0.321598280588784,0.339765557202151,0.354375947781732,0.375398217134214,0.386793924279944,0.392099063396853,0.402724627167892,0.40719451569768,0.406056803967561,0.40766970823177,0.416335464723082,0.427407918249271,0.466616620516652,0.530728941109543,0.602392926819132,0.682924057150725,1,0.773944704266482,0.310639175352283
0.021151670658269,0.0423159333023599,0.0355165280362678,0.0319321361427843,0.0640083110070737,0.0854426383179476,0.0956518876259926,0.0865407053321021,0.0933002475517062,0.102959367808626,0.110189122630871,0.125940719427167,0.142829253166327,0.159681037573309,0.1734601672312,0.183827594953369,0.196369954646766,0.198475023002103,0.197364886171937,0.203805652716388,0.204334322783239,0.201952792476401,0.203446966502112,0.209281319282369,0.218237409941065,0.246799859569286,0.30371705262422,0.365930252170532,0.421113362486415,0.773944704266482,1,0.821227219527986
0.0160643328023397,0.0173948098583973,0.00456890606940028,-0.011591204479616,-0.0246652195001131,-0.0124786248211735,-0.000447417202119039,-0.0107407340661924,-0.00484981405931743,0.00363981516777854,0.00405196589770052,0.0212226057512307,0.0406988052159964,0.0493283781696839,0.05424904502784,0.0567363673737457,0.0585796479537058,0.0549212219891135,0.0521025306109345,0.0587784834993366,0.060348493753821,0.0615761573586099,0.0692008399999876,0.0775560179268056,0.0861508366915945,0.100880716336816,0.142290611219129,0.190376223967277,0.232386924524818,0.310639175352283,0.821227219527986,1
