1.0,0.8598748388216941,0.793974559850723,0.75297147031701,0.71050820089465,0.68050548047622,0.652268976594783,0.6317044014501091,0.5968394136984521,0.574847646270539,0.539896186356295,0.509677127424094,0.47725331983821995,0.449914845725931,0.410876068745007,0.372164192811947,0.34605591841375893,0.315610100846078,0.281899423748989,0.258311821328823,0.232033907032825,0.197189868909624,0.163195062403445,0.133810056229792,0.0962453161079674,0.0591426894312957,0.0188456155345813,0.0336766760848242,0.0695873709855922,0.116812991334674,0.1075537225877,0.140585743746315
0.8598748388216941,1.0,0.9600038855933721,0.9281444337553909,0.8997186244066121,0.8734132549962049,0.846779654146702,0.825593728754533,0.7931252036055051,0.773470817190001,0.738896977599023,0.7103843317960441,0.679447933108166,0.6506147711309979,0.613665450396223,0.574125480684371,0.5467782834942729,0.5170373389947059,0.47892762181465404,0.45198334060470796,0.424006118687615,0.386627414669863,0.34637658942132205,0.309901918260275,0.268367879955632,0.224368655290939,0.177263127189617,0.113769816419238,0.0597771530390134,0.00742066962774296,0.0476901483787482,0.133702026698706
0.793974559850723,0.9600038855933721,1.0,0.9809729949968791,0.960241885726821,0.939528879813997,0.9181574091632441,0.9009485449997909,0.87585197295856,0.8591448179634058,0.831836172529874,0.8062075350723399,0.7779751755511071,0.7504370691959008,0.717167714953842,0.681238603713913,0.655186693534354,0.6261077798242789,0.589161211608992,0.564322777587026,0.537930033749032,0.500371573556648,0.46040308479247993,0.424365305130815,0.38275148390927893,0.336583564154905,0.28727977264873,0.221687208525938,0.16353948829786,0.087908714033623,0.0246048119100704,0.0697087660047764
0.75297147031701,0.9281444337553909,0.9809729949968791,1.0,0.9872810359319649,0.9719010209720258,0.955483280718495,0.940559554570383,0.9199831716439142,0.90455779915578,0.881299075164692,0.8587619026069309,0.835170500180662,0.810520614999282,0.780298637312362,0.7463438077924409,0.7212754206430758,0.6960686192662691,0.6620685456088821,0.638787951975754,0.6140675482515839,0.578153827040147,0.5403621409066429,0.5053904024280029,0.46609147794363104,0.420009495268339,0.37067451078844604,0.305413428724597,0.24231231515112198,0.162206832079897,0.0672741187227449,0.0342057923674357
0.71050820089465,0.8997186244066121,0.960241885726821,0.9872810359319649,1.0,0.9911961773988481,0.979916669823213,0.9677471812157579,0.9496603619777779,0.9368450865327389,0.9172659598441979,0.897668362373825,0.8771546044722819,0.8560998959405459,0.829069001892569,0.797760588291947,0.774141683291627,0.751112826358902,0.7183273220780809,0.696042107705954,0.6735018066201751,0.639366346140554,0.603965458820771,0.5696795826424611,0.532068220401795,0.485404952735757,0.436961169560849,0.371744008689786,0.30992808873473404,0.227749083826494,0.11339606086290101,0.000952504876374205
0.68050548047622,0.8734132549962049,0.939528879813997,0.9719010209720258,0.9911961773988481,1.0,0.992383428143861,0.9821893326967671,0.9684042185851809,0.9572997925050959,0.9406759655215501,0.9233021035681128,0.905037562170713,0.8858218760048591,0.861700795448433,0.8323009914036429,0.8109080061301729,0.790264036005484,0.7600313445487858,0.7393629442644579,0.717794143939682,0.6859876401962121,0.6529028650796179,0.6212527088112021,0.585567241758323,0.54023372098639,0.493623332498075,0.43036075911692107,0.36862537557332004,0.28485078868221003,0.155062438335111,0.0303475097077274
0.652268976594783,0.846779654146702,0.9181574091632441,0.955483280718495,0.979916669823213,0.992383428143861,1.0,0.9933296453786651,0.982814224473945,0.972949667241013,0.958606372226277,0.943510027805395,0.927961713878129,0.910843533131068,0.889137511041777,0.8621870958907801,0.8426664291028809,0.8233735818106279,0.7950291781062059,0.775840769843913,0.7558434399612769,0.7265133336895201,0.695256522684532,0.6658315719084841,0.631994506706251,0.588376693766946,0.542997048220902,0.479191987770511,0.416510789765583,0.33138508205212897,0.19093196508947302,0.0601640686407977
0.6317044014501091,0.825593728754533,0.9009485449997909,0.940559554570383,0.9677471812157579,0.9821893326967671,0.9933296453786651,1.0,0.9935522100122041,0.9848413512576469,0.972528188830371,0.95881951346556,0.9447147921807149,0.929673367168732,0.909551799187917,0.884281599527494,0.866845467551726,0.848696774855648,0.8225726294220871,0.804795187910238,0.785968532601842,0.758163434019033,0.7288874382441071,0.7004773147192739,0.666964837125825,0.624283296401927,0.580581878716344,0.5167862181599421,0.45497884802596206,0.36888777364109004,0.220499168271991,0.0777560182727486
0.5968394136984521,0.7931252036055051,0.87585197295856,0.9199831716439142,0.9496603619777779,0.9684042185851809,0.982814224473945,0.9935522100122041,1.0,0.994533827149501,0.9852572153229399,0.9738390232113491,0.962087570071792,0.948830168590176,0.9307796664423279,0.907437221642478,0.8915174009970541,0.874591926910222,0.8511927133691078,0.8354186377264,0.818266034479359,0.792464353900361,0.7650714232697851,0.738876343355463,0.706485996980287,0.6654540268689699,0.62288472307193,0.560294793047561,0.49813533286561695,0.409936439790596,0.24752785725174498,0.0980680019244728
0.574847646270539,0.773470817190001,0.8591448179634058,0.90455779915578,0.9368450865327389,0.9572997925050959,0.972949667241013,0.9848413512576469,0.994533827149501,1.0,0.99394141384402,0.9838556204817779,0.97333790663607,0.96118669337763,0.945084792790385,0.923861203014175,0.908769049648155,0.892442405997729,0.8704504609072271,0.855058607995168,0.8385327140854449,0.813110322063171,0.7864959954292092,0.7611605915857321,0.7301626552802389,0.6899956122715141,0.647236626245266,0.584593958214632,0.522699107375331,0.435166576647787,0.268167355181967,0.11439815249374001
0.539896186356295,0.738896977599023,0.831836172529874,0.881299075164692,0.9172659598441979,0.9406759655215501,0.958606372226277,0.972528188830371,0.9852572153229399,0.99394141384402,1.0,0.994412508893615,0.9853333113843571,0.9747072233809391,0.9609073832867941,0.942517647723582,0.9286222683490529,0.9132227394727859,0.8934109639025519,0.878843775154522,0.863395379294932,0.83979628785715,0.814899756368323,0.7913960848255749,0.762762982839785,0.724899662229059,0.6837831799393371,0.6238206658188851,0.5635211090367429,0.478095227186765,0.30565276925212803,0.145891363753538
0.509677127424094,0.7103843317960441,0.8062075350723399,0.8587619026069309,0.897668362373825,0.9233021035681128,0.943510027805395,0.95881951346556,0.9738390232113491,0.9838556204817779,0.994412508893615,1.0,0.994312309327008,0.9861953884438921,0.974577383590817,0.958394477486098,0.9459866743269449,0.9319392074062851,0.9147760450668009,0.901125291204492,0.886760435892293,0.86530408394271,0.8417136823972561,0.819409857873657,0.7925961048011001,0.7572764467777249,0.7177649859204441,0.660042571573121,0.600914476212712,0.5179462316052029,0.3378810662546439,0.170732301288651
0.47725331983821995,0.679447933108166,0.7779751755511071,0.835170500180662,0.8771546044722819,0.905037562170713,0.927961713878129,0.9447147921807149,0.962087570071792,0.97333790663607,0.9853333113843571,0.994312309327008,1.0,0.9949544799561449,0.9858230173867671,0.972224876721254,0.96117839916748,0.9491135049521842,0.933920918473835,0.921464452177795,0.908064399227898,0.887870447030749,0.865819264457891,0.8443896539133109,0.8187984437395258,0.7851744994457671,0.746638236924041,0.6922760343976049,0.634083889505572,0.549565060453456,0.359712169022833,0.18197263335767103
0.449914845725931,0.6506147711309979,0.7504370691959008,0.810520614999282,0.8560998959405459,0.8858218760048591,0.910843533131068,0.929673367168732,0.948830168590176,0.96118669337763,0.9747072233809391,0.9861953884438921,0.9949544799561449,1.0,0.9945166993529599,0.9839664141397559,0.97417082200405,0.9634366366344921,0.949800219833675,0.9384347222816409,0.926261984794433,0.907739927559649,0.887277906508235,0.8672902672074251,0.843780856242953,0.8117746955766079,0.775059450702545,0.7217743695241541,0.6645362557660639,0.580531054133314,0.38781016545640706,0.200374594471047
0.410876068745007,0.613665450396223,0.717167714953842,0.780298637312362,0.829069001892569,0.861700795448433,0.889137511041777,0.909551799187917,0.9307796664423279,0.945084792790385,0.9609073832867941,0.974577383590817,0.9858230173867671,0.9945166993529599,1.0,0.9941225759180591,0.9861675716279559,0.977414906721216,0.966145584893336,0.9559198973305408,0.9450465486600269,0.928590879703182,0.909977006332365,0.8914645270445269,0.8698991980416941,0.8400604189966391,0.804814441793779,0.753237273310229,0.6980651003590961,0.613739981827656,0.41684046717912204,0.222386833713594
0.372164192811947,0.574125480684371,0.681238603713913,0.7463438077924409,0.797760588291947,0.8323009914036429,0.8621870958907801,0.884281599527494,0.907437221642478,0.923861203014175,0.942517647723582,0.958394477486098,0.972224876721254,0.9839664141397559,0.9941225759180591,1.0,0.995492477488927,0.988819185101835,0.9794396685521629,0.97038311416231,0.96057205390222,0.9455276316047729,0.92824277138965,0.911559157102903,0.8919981840049308,0.864645287068644,0.830534200938672,0.7797466624544899,0.72635088104659,0.642640043699814,0.442687996956979,0.24460290517244
0.34605591841375893,0.5467782834942729,0.655186693534354,0.7212754206430758,0.774141683291627,0.8109080061301729,0.8426664291028809,0.866845467551726,0.8915174009970541,0.908769049648155,0.9286222683490529,0.9459866743269449,0.96117839916748,0.97417082200405,0.9861675716279559,0.995492477488927,1.0,0.9957322446438129,0.988643221277481,0.9809129147907,0.9722901413601971,0.9586787383885759,0.9428650763372329,0.927814101971051,0.9100125206266328,0.884500116504128,0.8517518662664292,0.8026025835788679,0.7513532866707221,0.670758481912539,0.46644418633067697,0.263263204522213
0.315610100846078,0.5170373389947059,0.6261077798242789,0.6960686192662691,0.751112826358902,0.790264036005484,0.8233735818106279,0.848696774855648,0.874591926910222,0.892442405997729,0.9132227394727859,0.9319392074062851,0.9491135049521842,0.9634366366344921,0.977414906721216,0.988819185101835,0.9957322446438129,1.0,0.995659211438729,0.989251067864217,0.9817000456108449,0.9696279135272041,0.955769210428015,0.9422693017669821,0.926420711376068,0.9040608993570781,0.8738649005721651,0.8283483177223109,0.7793144236365379,0.698792827917731,0.487674402115001,0.277460131682687
0.281899423748989,0.47892762181465404,0.589161211608992,0.6620685456088821,0.7183273220780809,0.7600313445487858,0.7950291781062059,0.8225726294220871,0.8511927133691078,0.8704504609072271,0.8934109639025519,0.9147760450668009,0.933920918473835,0.949800219833675,0.966145584893336,0.9794396685521629,0.988643221277481,0.995659211438729,1.0,0.995866661779825,0.9898589330624791,0.9797408664085742,0.968401243472659,0.956705537486361,0.9428353579900051,0.9228653911504481,0.8957854500557401,0.854017229609375,0.806383988585455,0.728498812130903,0.514006751505222,0.29497615949526695
0.258311821328823,0.45198334060470796,0.564322777587026,0.638787951975754,0.696042107705954,0.7393629442644579,0.775840769843913,0.804795187910238,0.8354186377264,0.855058607995168,0.878843775154522,0.901125291204492,0.921464452177795,0.9384347222816409,0.9559198973305408,0.97038311416231,0.9809129147907,0.989251067864217,0.995866661779825,1.0,0.996050389308873,0.987971539952385,0.978527503337949,0.9681925499858279,0.955416288393386,0.9363578458326949,0.910070612296277,0.869391340079211,0.823336870398468,0.746241625315385,0.5306093864573429,0.314473655981025
0.232033907032825,0.424006118687615,0.537930033749032,0.6140675482515839,0.6735018066201751,0.717794143939682,0.7558434399612769,0.785968532601842,0.818266034479359,0.8385327140854449,0.863395379294932,0.886760435892293,0.908064399227898,0.926261984794433,0.9450465486600269,0.96057205390222,0.9722901413601971,0.9817000456108449,0.9898589330624791,0.996050389308873,1.0,0.99445392416585,0.986510411451782,0.9771122223237242,0.9651260064938519,0.9468262711723441,0.9221937091001751,0.882513516322494,0.836998750900279,0.761509190371222,0.547430277602163,0.330579141093872
0.197189868909624,0.386627414669863,0.500371573556648,0.578153827040147,0.639366346140554,0.6859876401962121,0.7265133336895201,0.758163434019033,0.792464353900361,0.813110322063171,0.83979628785715,0.86530408394271,0.887870447030749,0.907739927559649,0.928590879703182,0.9455276316047729,0.9586787383885759,0.9696279135272041,0.9797408664085742,0.987971539952385,0.99445392416585,1.0,0.9952925371179159,0.988062244540544,0.9778480455290909,0.9619419202589391,0.9408677021386519,0.9056225378642551,0.8626463987576372,0.790164389477292,0.57662789034289,0.357215739427183
0.163195062403445,0.34637658942132205,0.46040308479247993,0.5403621409066429,0.603965458820771,0.6529028650796179,0.695256522684532,0.7288874382441071,0.7650714232697851,0.7864959954292092,0.814899756368323,0.8417136823972561,0.865819264457891,0.887277906508235,0.909977006332365,0.92824277138965,0.9428650763372329,0.955769210428015,0.968401243472659,0.978527503337949,0.986510411451782,0.9952925371179159,1.0,0.995336355549866,0.9869805010516259,0.973289347791734,0.955006774494769,0.9230428520338391,0.8832652393181228,0.8146969967672529,0.60244484406345,0.385865912098132
0.133810056229792,0.309901918260275,0.424365305130815,0.5053904024280029,0.5696795826424611,0.6212527088112021,0.6658315719084841,0.7004773147192739,0.738876343355463,0.7611605915857321,0.7913960848255749,0.819409857873657,0.8443896539133109,0.8672902672074251,0.8914645270445269,0.911559157102903,0.927814101971051,0.9422693017669821,0.956705537486361,0.9681925499858279,0.9771122223237242,0.988062244540544,0.995336355549866,1.0,0.994358441515325,0.984552631918758,0.9692421203353679,0.9405428042534,0.90241402748919,0.8383157733283492,0.625068701466336,0.405428255926914
0.0962453161079674,0.268367879955632,0.38275148390927893,0.46609147794363104,0.532068220401795,0.585567241758323,0.631994506706251,0.666964837125825,0.706485996980287,0.7301626552802389,0.762762982839785,0.7925961048011001,0.8187984437395258,0.843780856242953,0.8698991980416941,0.8919981840049308,0.9100125206266328,0.926420711376068,0.9428353579900051,0.955416288393386,0.9651260064938519,0.9778480455290909,0.9869805010516259,0.994358441515325,1.0,0.9934342101970258,0.981019906735473,0.9562381785031091,0.921271740543524,0.8621173053078741,0.647370376506749,0.421738801723372
0.0591426894312957,0.224368655290939,0.336583564154905,0.420009495268339,0.485404952735757,0.54023372098639,0.588376693766946,0.624283296401927,0.6654540268689699,0.6899956122715141,0.724899662229059,0.7572764467777249,0.7851744994457671,0.8117746955766079,0.8400604189966391,0.864645287068644,0.884500116504128,0.9040608993570781,0.9228653911504481,0.9363578458326949,0.9468262711723441,0.9619419202589391,0.973289347791734,0.984552631918758,0.9934342101970258,1.0,0.992520239872947,0.973290758042391,0.942201160457715,0.8895611000255391,0.676566012254328,0.4404443325141911
0.0188456155345813,0.177263127189617,0.28727977264873,0.37067451078844604,0.436961169560849,0.493623332498075,0.542997048220902,0.580581878716344,0.62288472307193,0.647236626245266,0.6837831799393371,0.7177649859204441,0.746638236924041,0.775059450702545,0.804814441793779,0.830534200938672,0.8517518662664292,0.8738649005721651,0.8957854500557401,0.910070612296277,0.9221937091001751,0.9408677021386519,0.955006774494769,0.9692421203353679,0.981019906735473,0.992520239872947,1.0,0.9869603337120458,0.9593782072186581,0.91227506883829,0.6991142978860551,0.455835532470874
0.0336766760848242,0.113769816419238,0.221687208525938,0.305413428724597,0.371744008689786,0.43036075911692107,0.479191987770511,0.5167862181599421,0.560294793047561,0.584593958214632,0.6238206658188851,0.660042571573121,0.6922760343976049,0.7217743695241541,0.753237273310229,0.7797466624544899,0.8026025835788679,0.8283483177223109,0.854017229609375,0.869391340079211,0.882513516322494,0.9056225378642551,0.9230428520338391,0.9405428042534,0.9562381785031091,0.973290758042391,0.9869603337120458,1.0,0.9841797478048641,0.942935355735548,0.7317936999010071,0.4878801921494029
0.0695873709855922,0.0597771530390134,0.16353948829786,0.24231231515112198,0.30992808873473404,0.36862537557332004,0.416510789765583,0.45497884802596206,0.49813533286561695,0.522699107375331,0.5635211090367429,0.600914476212712,0.634083889505572,0.6645362557660639,0.6980651003590961,0.72635088104659,0.7513532866707221,0.7793144236365379,0.806383988585455,0.823336870398468,0.836998750900279,0.8626463987576372,0.8832652393181228,0.90241402748919,0.921271740543524,0.942201160457715,0.9593782072186581,0.9841797478048641,1.0,0.9709221584681881,0.781225225320493,0.524923607494969
0.116812991334674,0.00742066962774296,0.087908714033623,0.162206832079897,0.227749083826494,0.28485078868221003,0.33138508205212897,0.36888777364109004,0.409936439790596,0.435166576647787,0.478095227186765,0.5179462316052029,0.549565060453456,0.580531054133314,0.613739981827656,0.642640043699814,0.670758481912539,0.698792827917731,0.728498812130903,0.746241625315385,0.761509190371222,0.790164389477292,0.8146969967672529,0.8383157733283492,0.8621173053078741,0.8895611000255391,0.91227506883829,0.942935355735548,0.9709221584681881,1.0,0.858624948526485,0.595439697150724
0.1075537225877,0.0476901483787482,0.0246048119100704,0.0672741187227449,0.11339606086290101,0.155062438335111,0.19093196508947302,0.220499168271991,0.24752785725174498,0.268167355181967,0.30565276925212803,0.3378810662546439,0.359712169022833,0.38781016545640706,0.41684046717912204,0.442687996956979,0.46644418633067697,0.487674402115001,0.514006751505222,0.5306093864573429,0.547430277602163,0.57662789034289,0.60244484406345,0.625068701466336,0.647370376506749,0.676566012254328,0.6991142978860551,0.7317936999010071,0.781225225320493,0.858624948526485,1.0,0.6660765772396889
0.140585743746315,0.133702026698706,0.0697087660047764,0.0342057923674357,0.000952504876374205,0.0303475097077274,0.0601640686407977,0.0777560182727486,0.0980680019244728,0.11439815249374001,0.145891363753538,0.170732301288651,0.18197263335767103,0.200374594471047,0.222386833713594,0.24460290517244,0.263263204522213,0.277460131682687,0.29497615949526695,0.314473655981025,0.330579141093872,0.357215739427183,0.385865912098132,0.405428255926914,0.421738801723372,0.4404443325141911,0.455835532470874,0.4878801921494029,0.524923607494969,0.595439697150724,0.6660765772396889,1.0
