1.0,0.8468354833542159,0.815515302598396,0.796917985602934,0.7843395712179569,0.7715799798035771,0.7572587362080659,0.7517426012315149,0.7437586306014929,0.735163389770245,0.7270252823313791,0.719370082592919,0.7136555748386508,0.70533845520689,0.6982214483717281,0.692348748002472,0.6843347799001349,0.675656759494782,0.6669272747168461,0.6590528240341539,0.651975043939725,0.644015198634456,0.638515994957622,0.6327275422322,0.6211530420939699,0.614691003507628,0.6018883356656429,0.5803680735743929,0.537424690883985,0.4197476934300511,0.161423235825717,0.0256239872852731
0.8468354833542159,1.0,0.980581529808792,0.968234113425529,0.9598518178890391,0.951992053001364,0.943607247174545,0.939205793765105,0.933127321380212,0.927789118831631,0.921474059515241,0.9163001068955159,0.910549860803995,0.904131409283253,0.896975209204109,0.890377440216101,0.8846958480851391,0.8771394810890291,0.86986917891175,0.8619215318628101,0.8556283984074899,0.849075371286297,0.843100293876553,0.83810929292372,0.828729529779531,0.8218945296258541,0.807997299119939,0.785698909711722,0.736882576206111,0.599585420411002,0.257122984561635,0.0674094513688848
0.815515302598396,0.980581529808792,1.0,0.990229228117874,0.9827688467911979,0.976835129994782,0.970520075504033,0.9668414059032621,0.962225781175043,0.9575954328383721,0.9523082910734549,0.9475531092865509,0.942708989263595,0.93703992411879,0.9307981567183129,0.9245707478863241,0.919320663530698,0.912999961220471,0.9066646980801301,0.8997057935722909,0.8938890636769571,0.8873044624775072,0.8816490051141069,0.8764224221111551,0.866965730431465,0.8597063680556349,0.846249979092585,0.82392515857283,0.774044574873955,0.636106394476788,0.27615781997919203,0.0751227920173387
0.796917985602934,0.968234113425529,0.990229228117874,1.0,0.9951755716695921,0.990273605736796,0.9849886380003381,0.9821297879793571,0.9779696782171958,0.9739595967061079,0.969214915486173,0.964882589975754,0.9599204417676149,0.955272360795323,0.949791890627856,0.9442848033808041,0.9393100223539159,0.933338320445899,0.9274575297562209,0.9208016800291879,0.915562117188612,0.909388694993023,0.903656597541298,0.89804092586255,0.88910707006206,0.8822526479769941,0.868854749604136,0.845859909610471,0.7941284255410759,0.6504579333646321,0.28267622890679805,0.078934279890147
0.7843395712179569,0.9598518178890391,0.9827688467911979,0.9951755716695921,1.0,0.9961912111645791,0.9919912994845099,0.988782884291783,0.984857726468826,0.980860398360346,0.9761759114383208,0.9721625446037281,0.9672469127951121,0.9628772577587069,0.9578550933260942,0.9524279853586259,0.9476015184230441,0.942100479957478,0.9365943817779191,0.930468312410253,0.925623095770043,0.9196274708681179,0.9139596239200501,0.9083456221947421,0.8998664679873091,0.8933835569108229,0.8801882806568531,0.8572117354843721,0.8053653347118249,0.659481095561434,0.283840404937075,0.0773367597470078
0.7715799798035771,0.951992053001364,0.976835129994782,0.990273605736796,0.9961912111645791,1.0,0.9967880460962639,0.9934792140701669,0.989959800331017,0.9860582659750899,0.98143175142809,0.977646221402753,0.972882989806346,0.9685162294353109,0.9638454466329279,0.958789359576168,0.954474959406498,0.9494723694814872,0.9441830746931971,0.9383323066101651,0.9334509820672751,0.9279491936415809,0.9227595258295341,0.9173218292786322,0.9093342955600459,0.9030751638751919,0.890815552391825,0.868415488039264,0.8171445946848759,0.6717147432151259,0.290156472454273,0.0815047049531695
0.7572587362080659,0.943607247174545,0.970520075504033,0.9849886380003381,0.9919912994845099,0.9967880460962639,1.0,0.997550794165071,0.994540375566376,0.991255656925182,0.98710434738828,0.983731276394763,0.979237517236948,0.9749642183561509,0.970821574903172,0.9661844826390071,0.962174470654365,0.957514080366854,0.952561641058192,0.947203264292121,0.9425378855536372,0.937213126165657,0.932287633030765,0.9270299985102929,0.91952406244799,0.913082364039164,0.901120952531349,0.879943126775337,0.829407795730949,0.683448905870471,0.29787507758713105,0.0842526157252244
0.7517426012315149,0.939205793765105,0.9668414059032621,0.9821297879793571,0.988782884291783,0.9934792140701669,0.997550794165071,1.0,0.9978326579297909,0.9949779148577209,0.991145512508624,0.9879392178179051,0.983909035643335,0.9798363637605649,0.976052520156334,0.9716303379839921,0.9680305348804431,0.9635879119638721,0.959060265535916,0.9538406383083791,0.949235711810603,0.944248018350739,0.939617703748852,0.934427767643213,0.9267388042195139,0.9204899600085249,0.908662335097442,0.887946190957312,0.837542916236973,0.6894422865991721,0.300376575547077,0.0833099936360849
0.7437586306014929,0.933127321380212,0.962225781175043,0.9779696782171958,0.984857726468826,0.989959800331017,0.994540375566376,0.9978326579297909,1.0,0.997940822652766,0.9946692302849008,0.9917246295862571,0.9878574895214041,0.9840355456457279,0.9802250212986942,0.975918655070509,0.972388951242779,0.9681975687177031,0.964102003924014,0.959430098284123,0.9549987576346,0.950188784478769,0.945771204263452,0.941051421298832,0.933744783404812,0.9276446354278479,0.916446958183769,0.8959811575571529,0.8464659068581409,0.6980829576543511,0.30617925471920193,0.0850240902647663
0.735163389770245,0.927789118831631,0.9575954328383721,0.9739595967061079,0.980860398360346,0.9860582659750899,0.991255656925182,0.9949779148577209,0.997940822652766,1.0,0.9979363471402259,0.99545628380877,0.9920382136164508,0.9887313511596751,0.9852470079420089,0.981439581165809,0.9782251291337231,0.9743558672797829,0.97038516282316,0.9659519819810172,0.961886448348426,0.9572451715992869,0.9529114663717181,0.948447006778833,0.9416909521895641,0.935822304199256,0.9246644630669009,0.904326416174192,0.8552078444165699,0.7047196891172941,0.309331193670785,0.0831731768645797
0.7270252823313791,0.921474059515241,0.9523082910734549,0.969214915486173,0.9761759114383208,0.98143175142809,0.98710434738828,0.991145512508624,0.9946692302849008,0.9979363471402259,1.0,0.9983555742331551,0.9957381436172029,0.9929693259635329,0.9898569206737299,0.98649680855416,0.9834772097275559,0.979885735215947,0.9762025651559051,0.9718711667646059,0.9678360158452379,0.9634777124464878,0.9594111823248058,0.9551646737716449,0.9488212730221359,0.943052851624252,0.9318961002501459,0.911912147664459,0.863463404593054,0.712131289133128,0.312980575933635,0.0817135429292934
0.719370082592919,0.9163001068955159,0.9475531092865509,0.964882589975754,0.9721625446037281,0.977646221402753,0.983731276394763,0.9879392178179051,0.9917246295862571,0.99545628380877,0.9983555742331551,1.0,0.9983667314467671,0.996052325958813,0.9933733614670609,0.990377732515533,0.987504431755631,0.9841470038392779,0.9808454345061921,0.976766411041267,0.973135491448905,0.9688308870647631,0.9649853437318889,0.9609773832084749,0.954936940714994,0.949245950842239,0.938749335455662,0.9196486802391659,0.872490656230003,0.722523785157331,0.32032083083900603,0.0854136878635753
0.7136555748386508,0.910549860803995,0.942708989263595,0.9599204417676149,0.9672469127951121,0.972882989806346,0.979237517236948,0.983909035643335,0.9878574895214041,0.9920382136164508,0.9957381436172029,0.9983667314467671,1.0,0.9984903742479591,0.996448364590473,0.9938319981868191,0.991133281063582,0.9882622338844921,0.9852540411469441,0.9815547957892451,0.9780892076141908,0.974011865094283,0.970445688847083,0.966737932401001,0.961057848035519,0.955733909458639,0.9457949423467991,0.9273009825196479,0.880812497930813,0.730665158831023,0.32803583407783,0.0903662458611824
0.70533845520689,0.904131409283253,0.93703992411879,0.955272360795323,0.9628772577587069,0.9685162294353109,0.9749642183561509,0.9798363637605649,0.9840355456457279,0.9887313511596751,0.9929693259635329,0.996052325958813,0.9984903742479591,1.0,0.998490381808908,0.996316773517754,0.9940350558998281,0.991611276642853,0.9888453418056709,0.985467185041355,0.9822989490373929,0.9783114996291651,0.975007093217737,0.9712662706551372,0.9657994767921371,0.9605982387589771,0.9511703646611959,0.9332812434703149,0.8871837456474321,0.736367265983488,0.33236975544146097,0.0960643962770784
0.6982214483717281,0.896975209204109,0.9307981567183129,0.949791890627856,0.9578550933260942,0.9638454466329279,0.970821574903172,0.976052520156334,0.9802250212986942,0.9852470079420089,0.9898569206737299,0.9933733614670609,0.996448364590473,0.998490381808908,1.0,0.998465366243516,0.996499955459169,0.9943548043978292,0.9917838080809469,0.9887675876730829,0.9857013388343671,0.982193172055092,0.979157638802484,0.9755541213535792,0.9704173346336942,0.9653551579406979,0.9564116385689171,0.9393108553605171,0.893511057498806,0.7440117794826271,0.338673058801106,0.100081853540015
0.692348748002472,0.890377440216101,0.9245707478863241,0.9442848033808041,0.9524279853586259,0.958789359576168,0.9661844826390071,0.9716303379839921,0.975918655070509,0.981439581165809,0.98649680855416,0.990377732515533,0.9938319981868191,0.996316773517754,0.998465366243516,1.0,0.998629803590188,0.996747487058453,0.9945096340060859,0.9917236949497091,0.988952247355146,0.9857713171903799,0.983005430506693,0.979615468036917,0.9746078629507869,0.9693456008510619,0.9606344431801759,0.9442628243631009,0.8989303879489741,0.7494332845304799,0.342457874471445,0.10262166886897302
0.6843347799001349,0.8846958480851391,0.919320663530698,0.9393100223539159,0.9476015184230441,0.954474959406498,0.962174470654365,0.9680305348804431,0.972388951242779,0.9782251291337231,0.9834772097275559,0.987504431755631,0.991133281063582,0.9940350558998281,0.996499955459169,0.998629803590188,1.0,0.99865590471465,0.996664537878861,0.9940658427020129,0.9913059160490021,0.988223498320173,0.9857033706264241,0.982562507538664,0.977748021411601,0.972753434559711,0.9640257903829108,0.9482524857556851,0.903546646817506,0.75402108436277,0.345719197572319,0.107422822175595
0.675656759494782,0.8771394810890291,0.912999961220471,0.933338320445899,0.942100479957478,0.9494723694814872,0.957514080366854,0.9635879119638721,0.9681975687177031,0.9743558672797829,0.979885735215947,0.9841470038392779,0.9882622338844921,0.991611276642853,0.9943548043978292,0.996747487058453,0.99865590471465,1.0,0.9986069723860771,0.9965502437490099,0.994089484325684,0.991276967752488,0.98892043863144,0.985989085215503,0.981639487698621,0.976794916165317,0.9686834051490841,0.953307800824669,0.9098690326505351,0.7608704022145291,0.35334348149049105,0.11022726374826598
0.6669272747168461,0.86986917891175,0.9066646980801301,0.9274575297562209,0.9365943817779191,0.9441830746931971,0.952561641058192,0.959060265535916,0.964102003924014,0.97038516282316,0.9762025651559051,0.9808454345061921,0.9852540411469441,0.9888453418056709,0.9917838080809469,0.9945096340060859,0.996664537878861,0.9986069723860771,1.0,0.998497638130153,0.996357727070879,0.993885795841077,0.991658383329397,0.9888056814936991,0.9845015819309839,0.9797527181143559,0.971835617037889,0.95704146041648,0.914458696508246,0.766066656003413,0.358099394119543,0.11036220387835599
0.6590528240341539,0.8619215318628101,0.8997057935722909,0.9208016800291879,0.930468312410253,0.9383323066101651,0.947203264292121,0.9538406383083791,0.959430098284123,0.9659519819810172,0.9718711667646059,0.976766411041267,0.9815547957892451,0.985467185041355,0.9887675876730829,0.9917236949497091,0.9940658427020129,0.9965502437490099,0.998497638130153,1.0,0.9985626555108671,0.9965176727240409,0.99449828047851,0.991791022791381,0.987878065827679,0.9833250150645749,0.9757219792395991,0.9616278219251541,0.9201157435643771,0.7732314924496719,0.36468375073864506,0.11656840993841099
0.651975043939725,0.8556283984074899,0.8938890636769571,0.915562117188612,0.925623095770043,0.9334509820672751,0.9425378855536372,0.949235711810603,0.9549987576346,0.961886448348426,0.9678360158452379,0.973135491448905,0.9780892076141908,0.9822989490373929,0.9857013388343671,0.988952247355146,0.9913059160490021,0.994089484325684,0.996357727070879,0.9985626555108671,1.0,0.998261019661857,0.996335774800944,0.9935729764274591,0.989803598734933,0.985601934537136,0.9779560115192092,0.9641209672136851,0.9232220473074929,0.7776002560048271,0.36926037049567295,0.12181060581245501
0.644015198634456,0.849075371286297,0.8873044624775072,0.909388694993023,0.9196274708681179,0.9279491936415809,0.937213126165657,0.944248018350739,0.950188784478769,0.9572451715992869,0.9634777124464878,0.9688308870647631,0.974011865094283,0.9783114996291651,0.982193172055092,0.9857713171903799,0.988223498320173,0.991276967752488,0.993885795841077,0.9965176727240409,0.998261019661857,1.0,0.998431732860609,0.996198052887351,0.9927994927022951,0.9888542958060121,0.9818918233953791,0.96834658969239,0.928917864873745,0.7841701461770959,0.37766143516130396,0.126040102282875
0.638515994957622,0.843100293876553,0.8816490051141069,0.903656597541298,0.9139596239200501,0.9227595258295341,0.932287633030765,0.939617703748852,0.945771204263452,0.9529114663717181,0.9594111823248058,0.9649853437318889,0.970445688847083,0.975007093217737,0.979157638802484,0.983005430506693,0.9857033706264241,0.98892043863144,0.991658383329397,0.99449828047851,0.996335774800944,0.998431732860609,1.0,0.9981161305505779,0.9951907751732141,0.9916900156406121,0.9851609193574951,0.972504262934393,0.9341356349265508,0.7914239815789251,0.38567996389393,0.13157879221167199
0.6327275422322,0.83810929292372,0.8764224221111551,0.89804092586255,0.9083456221947421,0.9173218292786322,0.9270299985102929,0.934427767643213,0.941051421298832,0.948447006778833,0.9551646737716449,0.9609773832084749,0.966737932401001,0.9712662706551372,0.9755541213535792,0.979615468036917,0.982562507538664,0.985989085215503,0.9888056814936991,0.991791022791381,0.9935729764274591,0.996198052887351,0.9981161305505779,1.0,0.997507119420284,0.994222807741188,0.988277903727592,0.976465424246191,0.9403064511051591,0.8008149161349251,0.396780631696176,0.138465872306376
0.6211530420939699,0.828729529779531,0.866965730431465,0.88910707006206,0.8998664679873091,0.9093342955600459,0.91952406244799,0.9267388042195139,0.933744783404812,0.9416909521895641,0.9488212730221359,0.954936940714994,0.961057848035519,0.9657994767921371,0.9704173346336942,0.9746078629507869,0.977748021411601,0.981639487698621,0.9845015819309839,0.987878065827679,0.989803598734933,0.9927994927022951,0.9951907751732141,0.997507119420284,1.0,0.997321915847331,0.9916051365522629,0.9809361640288851,0.9469451312744871,0.809364736313598,0.40455731459408095,0.14753895313243398
0.614691003507628,0.8218945296258541,0.8597063680556349,0.8822526479769941,0.8933835569108229,0.9030751638751919,0.913082364039164,0.9204899600085249,0.9276446354278479,0.935822304199256,0.943052851624252,0.949245950842239,0.955733909458639,0.9605982387589771,0.9653551579406979,0.9693456008510619,0.972753434559711,0.976794916165317,0.9797527181143559,0.9833250150645749,0.985601934537136,0.9888542958060121,0.9916900156406121,0.994222807741188,0.997321915847331,1.0,0.995564575522353,0.985867438369424,0.9541106127594698,0.820425695231234,0.417734200635099,0.15377066988511198
0.6018883356656429,0.807997299119939,0.846249979092585,0.868854749604136,0.8801882806568531,0.890815552391825,0.901120952531349,0.908662335097442,0.916446958183769,0.9246644630669009,0.9318961002501459,0.938749335455662,0.9457949423467991,0.9511703646611959,0.9564116385689171,0.9606344431801759,0.9640257903829108,0.9686834051490841,0.971835617037889,0.9757219792395991,0.9779560115192092,0.9818918233953791,0.9851609193574951,0.988277903727592,0.9916051365522629,0.995564575522353,1.0,0.9925267356081221,0.9662036898459829,0.8394682667294301,0.44571135407133294,0.17989197523601502
0.5803680735743929,0.785698909711722,0.82392515857283,0.845859909610471,0.8572117354843721,0.868415488039264,0.879943126775337,0.887946190957312,0.8959811575571529,0.904326416174192,0.911912147664459,0.9196486802391659,0.9273009825196479,0.9332812434703149,0.9393108553605171,0.9442628243631009,0.9482524857556851,0.953307800824669,0.95704146041648,0.9616278219251541,0.9641209672136851,0.96834658969239,0.972504262934393,0.976465424246191,0.9809361640288851,0.985867438369424,0.9925267356081221,1.0,0.981845315237558,0.873540018433463,0.4897074945350379,0.20853456924125302
0.537424690883985,0.736882576206111,0.774044574873955,0.7941284255410759,0.8053653347118249,0.8171445946848759,0.829407795730949,0.837542916236973,0.8464659068581409,0.8552078444165699,0.863463404593054,0.872490656230003,0.880812497930813,0.8871837456474321,0.893511057498806,0.8989303879489741,0.903546646817506,0.9098690326505351,0.914458696508246,0.9201157435643771,0.9232220473074929,0.928917864873745,0.9341356349265508,0.9403064511051591,0.9469451312744871,0.9541106127594698,0.9662036898459829,0.981845315237558,1.0,0.9232614126600429,0.5638307325436489,0.262985153087801
0.4197476934300511,0.599585420411002,0.636106394476788,0.6504579333646321,0.659481095561434,0.6717147432151259,0.683448905870471,0.6894422865991721,0.6980829576543511,0.7047196891172941,0.712131289133128,0.722523785157331,0.730665158831023,0.736367265983488,0.7440117794826271,0.7494332845304799,0.75402108436277,0.7608704022145291,0.766066656003413,0.7732314924496719,0.7776002560048271,0.7841701461770959,0.7914239815789251,0.8008149161349251,0.809364736313598,0.820425695231234,0.8394682667294301,0.873540018433463,0.9232614126600429,1.0,0.7292237561300021,0.37314349988909007
0.161423235825717,0.257122984561635,0.27615781997919203,0.28267622890679805,0.283840404937075,0.290156472454273,0.29787507758713105,0.300376575547077,0.30617925471920193,0.309331193670785,0.312980575933635,0.32032083083900603,0.32803583407783,0.33236975544146097,0.338673058801106,0.342457874471445,0.345719197572319,0.35334348149049105,0.358099394119543,0.36468375073864506,0.36926037049567295,0.37766143516130396,0.38567996389393,0.396780631696176,0.40455731459408095,0.417734200635099,0.44571135407133294,0.4897074945350379,0.5638307325436489,0.7292237561300021,1.0,0.509675086146504
0.0256239872852731,0.0674094513688848,0.0751227920173387,0.078934279890147,0.0773367597470078,0.0815047049531695,0.0842526157252244,0.0833099936360849,0.0850240902647663,0.0831731768645797,0.0817135429292934,0.0854136878635753,0.0903662458611824,0.0960643962770784,0.100081853540015,0.10262166886897302,0.107422822175595,0.11022726374826598,0.11036220387835599,0.11656840993841099,0.12181060581245501,0.126040102282875,0.13157879221167199,0.138465872306376,0.14753895313243398,0.15377066988511198,0.17989197523601502,0.20853456924125302,0.262985153087801,0.37314349988909007,0.509675086146504,1.0
