1.0,0.47050856004529296,0.48326318126366496,0.464571570683512,0.46759484879581104,0.47154052687160203,0.4453943441289529,0.42550390814299205,0.42904556565127605,0.4158204846090379,0.39914951077018,0.37051143002471904,0.332162837318413,0.298830928285771,0.264595278777738,0.239007829794136,0.206550055490512,0.168382893636847,0.13089432057316902,0.10849333754584299,0.0897056226772039,0.0653984935384836,0.0211696671010141,0.0213063971378702,0.0584497144563849,0.0790597247852555,0.0761409435109189,0.0389139953989384,0.0102692977278141,0.0506202799398549,0.136668958658473,0.132061155415325
0.47050856004529296,1.0,0.882711997505526,0.8025542978984809,0.75942646695024,0.7259126879879251,0.661122171000652,0.6197194883193871,0.570108164985965,0.5241314999195779,0.47770636183680104,0.445082369105329,0.396502232423935,0.35921538005121095,0.3083883700431,0.283071427198455,0.233146501201515,0.171378814112843,0.113517682128113,0.0883245875012711,0.0676272872575314,0.048608976836987,0.0150242606536573,0.0153898225192546,0.0550788617746527,0.0709844702889783,0.0837262131254163,0.0363716059274674,0.00804561647623125,0.0443607343930034,0.08907795187590899,0.121937847263736
0.48326318126366496,0.882711997505526,1.0,0.92687464618158,0.8742790582731421,0.838819050308265,0.7778077513869069,0.74238104088318,0.6934467171895731,0.65242609305587,0.607177539738042,0.561459009620349,0.506818723000413,0.4580949357618371,0.40317414797654205,0.372437282183076,0.313178896783651,0.25690175642591,0.20253075486761898,0.167630812194444,0.143294455300191,0.11758502892931,0.0776429200269045,0.0462008425656159,0.00404490417185395,0.0315623612716989,0.0512984908225146,0.0108486231351297,0.0229236675377231,0.0528313092539072,0.0864713495922412,0.1207192490018
0.464571570683512,0.8025542978984809,0.92687464618158,1.0,0.9470286865165308,0.901332484096563,0.845266036182948,0.809337732976687,0.7596434046112192,0.7203015271531941,0.6783095445210201,0.629990553049705,0.5767576429043371,0.521943796087484,0.473760667195433,0.4404094579718111,0.383791690665799,0.330665237898713,0.278013846422195,0.237324314433464,0.21420806759966002,0.187503100432268,0.14777016129460502,0.11078082033116801,0.0577810809545361,0.0246228532458715,0.0238548510650837,0.00533763019878453,0.0159589465936065,0.0417333866319306,0.0626048257765853,0.104829576496621
0.46759484879581104,0.75942646695024,0.8742790582731421,0.9470286865165308,1.0,0.961794581572951,0.9079489550880959,0.8777380566128041,0.8313845963424801,0.7965288613807892,0.7575742134889192,0.715864833587721,0.6694847270790251,0.6143231291059279,0.5649771257645829,0.528745969702663,0.473067443959618,0.424545016388788,0.372925275221887,0.33309609117538397,0.309238461117336,0.28206601738625897,0.23617220748729,0.18999449462586604,0.139053355393456,0.0959256885699157,0.0466160192633615,0.0479892539932714,0.0485851117175174,0.066921215539391,0.0725071790425899,0.110341353185695
0.47154052687160203,0.7259126879879251,0.838819050308265,0.901332484096563,0.961794581572951,1.0,0.9568875894474409,0.9268874712802759,0.88714444714927,0.85722815760144,0.8190471877836579,0.777114882912829,0.7324023949846479,0.678831003712866,0.6294440215306379,0.596133397715755,0.544664337753129,0.497921375312975,0.44512972860740296,0.40279523032796005,0.373710077329628,0.347750278785507,0.30187936564320195,0.25862725827107,0.20637662324851896,0.15401536957123801,0.10349493824875002,0.0874892606777954,0.0838645335956743,0.0942336451079256,0.09467752801691802,0.12505426867168198
0.4453943441289529,0.661122171000652,0.7778077513869069,0.845266036182948,0.9079489550880959,0.9568875894474409,1.0,0.9662699952052859,0.923665887616165,0.8906129119873771,0.855729849236318,0.8111663152920219,0.765506004701384,0.7179964471700759,0.670146481890869,0.6356333071668161,0.590608899682907,0.5476646917977129,0.502054278203907,0.45910384955412104,0.42909660613017897,0.40273910414713504,0.355610882975601,0.31378734411414805,0.262784520887645,0.20175002822318397,0.145368267772404,0.112197133935425,0.0942914493555702,0.104206331470981,0.114865200993968,0.13474315360004102
0.42550390814299205,0.6197194883193871,0.74238104088318,0.809337732976687,0.8777380566128041,0.9268874712802759,0.9662699952052859,1.0,0.965519440756903,0.93153793564456,0.9003025840635059,0.86168804840397,0.82066458194583,0.779286231106855,0.7337472646571751,0.700661548708411,0.654778122353356,0.617615657976333,0.570999583200287,0.53217365957561,0.500587321647592,0.473008243141408,0.42276230296041994,0.380491235074586,0.32815325216930297,0.26468728735846403,0.202640614060003,0.157309639783794,0.128509501585025,0.134452025104721,0.14470717765208,0.151334967355168
0.42904556565127605,0.570108164985965,0.6934467171895731,0.7596434046112192,0.8313845963424801,0.88714444714927,0.923665887616165,0.965519440756903,1.0,0.9725216047544392,0.942093126377169,0.9013131375076279,0.866684566092309,0.8268405860090101,0.781204410293998,0.7513148676618241,0.706537092558198,0.6714691780273799,0.62522469252738,0.584210433285569,0.553169581621987,0.5258024450934711,0.47268624461796394,0.42347625272782197,0.36676507133780895,0.297636037806855,0.232704259329,0.17694421498784502,0.143966803137763,0.141077544448455,0.161551019356239,0.145260117735229
0.4158204846090379,0.5241314999195779,0.65242609305587,0.7203015271531941,0.7965288613807892,0.85722815760144,0.8906129119873771,0.93153793564456,0.9725216047544392,1.0,0.9726735957137149,0.934076014839009,0.90044515468712,0.859357460409503,0.8152585060517441,0.78713003844964,0.7446282495318891,0.709193657344082,0.6632568006796391,0.619516496207828,0.587347986122148,0.558180256403301,0.5056419361245971,0.45328661094036893,0.397544226346934,0.321383655270091,0.253317702024299,0.189355703717939,0.151416553643596,0.14673792416939901,0.167614721391259,0.13671758596468903
0.39914951077018,0.47770636183680104,0.607177539738042,0.6783095445210201,0.7575742134889192,0.8190471877836579,0.855729849236318,0.9003025840635059,0.942093126377169,0.9726735957137149,1.0,0.969617123826725,0.939470283035523,0.9030655583619019,0.8631167713658442,0.8335062171086991,0.792675870991614,0.756488447162822,0.7148084264957741,0.673063416326473,0.639701862132217,0.6055535540923671,0.552652885160871,0.500446901092818,0.442797089239245,0.36473041481940904,0.289227310806903,0.218148745418751,0.16124110081941198,0.16072244352183498,0.18785127524481698,0.13589403491999
0.37051143002471904,0.445082369105329,0.561459009620349,0.629990553049705,0.715864833587721,0.777114882912829,0.8111663152920219,0.86168804840397,0.9013131375076279,0.934076014839009,0.969617123826725,1.0,0.9767895459127951,0.943512588686057,0.9081398608974351,0.875939631627164,0.835011920738533,0.798771688739215,0.7603588589167471,0.7230640850123841,0.691844799589991,0.660261421934527,0.6101391621237751,0.558163133286473,0.5035157599923761,0.4313766678,0.359491941188052,0.284508930966272,0.202477300762191,0.19976753107301604,0.215514153932398,0.158907917931397
0.332162837318413,0.396502232423935,0.506818723000413,0.5767576429043371,0.6694847270790251,0.7324023949846479,0.765506004701384,0.82066458194583,0.866684566092309,0.90044515468712,0.939470283035523,0.9767895459127951,1.0,0.973803791090598,0.940762044944522,0.9112048631269201,0.86882557943078,0.835445796178276,0.7988647735621229,0.7633087924709742,0.733612890385754,0.703130841189874,0.654689691542679,0.603524429300416,0.5525808868824711,0.47890871771529,0.40064470358692,0.314354751295775,0.22319634053370999,0.21367496985153198,0.23362719634535603,0.16696273942173903
0.298830928285771,0.35921538005121095,0.4580949357618371,0.521943796087484,0.6143231291059279,0.678831003712866,0.7179964471700759,0.779286231106855,0.8268405860090101,0.859357460409503,0.9030655583619019,0.943512588686057,0.973803791090598,1.0,0.974896892192926,0.9459753231607909,0.90653386149703,0.8724572396246341,0.837179026261269,0.803568490899444,0.7755311892469129,0.7486111859214359,0.69823521286941,0.647484527240408,0.59758409552113,0.5187122838056261,0.431548656624341,0.328275139232177,0.22608089411683802,0.21541730522311603,0.236574447246526,0.17349885146240301
0.264595278777738,0.3083883700431,0.40317414797654205,0.473760667195433,0.5649771257645829,0.6294440215306379,0.670146481890869,0.7337472646571751,0.781204410293998,0.8152585060517441,0.8631167713658442,0.9081398608974351,0.940762044944522,0.974896892192926,1.0,0.9775068130336609,0.9450309689127049,0.9097113497886351,0.880894127296617,0.8495148974988629,0.8210673538256659,0.7941314533807141,0.748159360834361,0.6998514745421341,0.6526430033426469,0.57582765336995,0.484135056649694,0.37599556591924493,0.25590003678241197,0.248445382236585,0.254812749465764,0.178885665022407
0.239007829794136,0.283071427198455,0.372437282183076,0.4404094579718111,0.528745969702663,0.596133397715755,0.6356333071668161,0.700661548708411,0.7513148676618241,0.78713003844964,0.8335062171086991,0.875939631627164,0.9112048631269201,0.9459753231607909,0.9775068130336609,1.0,0.9767106302256601,0.943231325187082,0.916236411697361,0.8852817338955671,0.858040468589115,0.833518700418922,0.7886133476668671,0.7433237065727879,0.6992587900611611,0.618978434248339,0.52545042906261,0.40796383080103293,0.27820681942045694,0.26423974013915696,0.263077111011368,0.18214171668929602
0.206550055490512,0.233146501201515,0.313178896783651,0.383791690665799,0.473067443959618,0.544664337753129,0.590608899682907,0.654778122353356,0.706537092558198,0.7446282495318891,0.792675870991614,0.835011920738533,0.86882557943078,0.90653386149703,0.9450309689127049,0.9767106302256601,1.0,0.9756081377738209,0.9487813672527521,0.9205630514963241,0.8954810122934909,0.8710296383207808,0.8290026160794031,0.789593841745753,0.74920832576664,0.666878005942296,0.570689747402216,0.44395389991631107,0.29962322483102805,0.286262095044508,0.282463643306432,0.19031009998483397
0.168382893636847,0.171378814112843,0.25690175642591,0.330665237898713,0.424545016388788,0.497921375312975,0.5476646917977129,0.617615657976333,0.6714691780273799,0.709193657344082,0.756488447162822,0.798771688739215,0.835445796178276,0.8724572396246341,0.9097113497886351,0.943231325187082,0.9756081377738209,1.0,0.977214358931465,0.949486677795631,0.9290925843537751,0.9053848517941129,0.8689199483214329,0.831962551609295,0.796009822197275,0.711625624740683,0.612598726583176,0.47458020378543,0.32318955603759997,0.301315699421997,0.290803844071792,0.20404719639751698
0.13089432057316902,0.113517682128113,0.20253075486761898,0.278013846422195,0.372925275221887,0.44512972860740296,0.502054278203907,0.570999583200287,0.62522469252738,0.6632568006796391,0.7148084264957741,0.7603588589167471,0.7988647735621229,0.837179026261269,0.880894127296617,0.916236411697361,0.9487813672527521,0.977214358931465,1.0,0.980281323673667,0.9583400077391441,0.93416104248123,0.9007711582501421,0.8662404457228721,0.8355862439719941,0.758091344209865,0.659379831062213,0.518800406563854,0.35169193164674895,0.330977814818368,0.308362660392581,0.222749396209992
0.10849333754584299,0.0883245875012711,0.167630812194444,0.237324314433464,0.33309609117538397,0.40279523032796005,0.45910384955412104,0.53217365957561,0.584210433285569,0.619516496207828,0.673063416326473,0.7230640850123841,0.7633087924709742,0.803568490899444,0.8495148974988629,0.8852817338955671,0.9205630514963241,0.949486677795631,0.980281323673667,1.0,0.9810066144741642,0.9571312123611109,0.9255076665708419,0.891327287568745,0.860648600649495,0.791530451037731,0.6961322356068821,0.552308917775374,0.36989936722094996,0.34966240144383604,0.327406801805542,0.23635613317108198
0.0897056226772039,0.0676272872575314,0.143294455300191,0.21420806759966002,0.309238461117336,0.373710077329628,0.42909660613017897,0.500587321647592,0.553169581621987,0.587347986122148,0.639701862132217,0.691844799589991,0.733612890385754,0.7755311892469129,0.8210673538256659,0.858040468589115,0.8954810122934909,0.9290925843537751,0.9583400077391441,0.9810066144741642,1.0,0.979481132790605,0.9491466102593579,0.9166799043115591,0.8834674149745229,0.814690710871576,0.721414745384376,0.578229329689569,0.40546704777172,0.376463685672201,0.345180429126326,0.24131490390167198
0.0653984935384836,0.048608976836987,0.11758502892931,0.187503100432268,0.28206601738625897,0.347750278785507,0.40273910414713504,0.473008243141408,0.5258024450934711,0.558180256403301,0.6055535540923671,0.660261421934527,0.703130841189874,0.7486111859214359,0.7941314533807141,0.833518700418922,0.8710296383207808,0.9053848517941129,0.93416104248123,0.9571312123611109,0.979481132790605,1.0,0.9755402550258242,0.94453535561792,0.9088492691281429,0.8406533152582979,0.7481178564179041,0.5977531980937449,0.42033647216358705,0.39111443568589793,0.357245119152336,0.264691267560263
0.0211696671010141,0.0150242606536573,0.0776429200269045,0.14777016129460502,0.23617220748729,0.30187936564320195,0.355610882975601,0.42276230296041994,0.47268624461796394,0.5056419361245971,0.552652885160871,0.6101391621237751,0.654689691542679,0.69823521286941,0.748159360834361,0.7886133476668671,0.8290026160794031,0.8689199483214329,0.9007711582501421,0.9255076665708419,0.9491466102593579,0.9755402550258242,1.0,0.9713753311309921,0.9391434894943058,0.87773248992203,0.784408543847641,0.6356650376512769,0.43867798939647706,0.42343174615280205,0.38207936158927597,0.28680716702737896
0.0213063971378702,0.0153898225192546,0.0462008425656159,0.11078082033116801,0.18999449462586604,0.25862725827107,0.31378734411414805,0.380491235074586,0.42347625272782197,0.45328661094036893,0.500446901092818,0.558163133286473,0.603524429300416,0.647484527240408,0.6998514745421341,0.7433237065727879,0.789593841745753,0.831962551609295,0.8662404457228721,0.891327287568745,0.9166799043115591,0.94453535561792,0.9713753311309921,1.0,0.9736639185004191,0.9123345716921221,0.8247509162836529,0.67235409091791,0.483264402682819,0.46659999113963896,0.399276991625766,0.31655608370730703
0.0584497144563849,0.0550788617746527,0.00404490417185395,0.0577810809545361,0.139053355393456,0.20637662324851896,0.262784520887645,0.32815325216930297,0.36676507133780895,0.397544226346934,0.442797089239245,0.5035157599923761,0.5525808868824711,0.59758409552113,0.6526430033426469,0.6992587900611611,0.74920832576664,0.796009822197275,0.8355862439719941,0.860648600649495,0.8834674149745229,0.9088492691281429,0.9391434894943058,0.9736639185004191,1.0,0.9478745493241508,0.861743593619405,0.7072406008586469,0.5106150178482101,0.48557703621935205,0.40435613108376295,0.34131940220517704
0.0790597247852555,0.0709844702889783,0.0315623612716989,0.0246228532458715,0.0959256885699157,0.15401536957123801,0.20175002822318397,0.26468728735846403,0.297636037806855,0.321383655270091,0.36473041481940904,0.4313766678,0.47890871771529,0.5187122838056261,0.57582765336995,0.618978434248339,0.666878005942296,0.711625624740683,0.758091344209865,0.791530451037731,0.814690710871576,0.8406533152582979,0.87773248992203,0.9123345716921221,0.9478745493241508,1.0,0.9505278976228051,0.8387623766796879,0.6148093027747789,0.611858951235334,0.496158303843413,0.38350023355813206
0.0761409435109189,0.0837262131254163,0.0512984908225146,0.0238548510650837,0.0466160192633615,0.10349493824875002,0.145368267772404,0.202640614060003,0.232704259329,0.253317702024299,0.289227310806903,0.359491941188052,0.40064470358692,0.431548656624341,0.484135056649694,0.52545042906261,0.570689747402216,0.612598726583176,0.659379831062213,0.6961322356068821,0.721414745384376,0.7481178564179041,0.784408543847641,0.8247509162836529,0.861743593619405,0.9505278976228051,1.0,0.931736542894842,0.698933933508109,0.70206981052173,0.564316331881938,0.391277327006754
0.0389139953989384,0.0363716059274674,0.0108486231351297,0.00533763019878453,0.0479892539932714,0.0874892606777954,0.112197133935425,0.157309639783794,0.17694421498784502,0.189355703717939,0.218148745418751,0.284508930966272,0.314354751295775,0.328275139232177,0.37599556591924493,0.40796383080103293,0.44395389991631107,0.47458020378543,0.518800406563854,0.552308917775374,0.578229329689569,0.5977531980937449,0.6356650376512769,0.67235409091791,0.7072406008586469,0.8387623766796879,0.931736542894842,1.0,0.808620936069133,0.824458372669284,0.612331287034376,0.43471118347817295
0.0102692977278141,0.00804561647623125,0.0229236675377231,0.0159589465936065,0.0485851117175174,0.0838645335956743,0.0942914493555702,0.128509501585025,0.143966803137763,0.151416553643596,0.16124110081941198,0.202477300762191,0.22319634053370999,0.22608089411683802,0.25590003678241197,0.27820681942045694,0.29962322483102805,0.32318955603759997,0.35169193164674895,0.36989936722094996,0.40546704777172,0.42033647216358705,0.43867798939647706,0.483264402682819,0.5106150178482101,0.6148093027747789,0.698933933508109,0.808620936069133,1.0,0.884982254207869,0.584486206428915,0.48320454054720297
0.0506202799398549,0.0443607343930034,0.0528313092539072,0.0417333866319306,0.066921215539391,0.0942336451079256,0.104206331470981,0.134452025104721,0.141077544448455,0.14673792416939901,0.16072244352183498,0.19976753107301604,0.21367496985153198,0.21541730522311603,0.248445382236585,0.26423974013915696,0.286262095044508,0.301315699421997,0.330977814818368,0.34966240144383604,0.376463685672201,0.39111443568589793,0.42343174615280205,0.46659999113963896,0.48557703621935205,0.611858951235334,0.70206981052173,0.824458372669284,0.884982254207869,1.0,0.748685951675635,0.504192714442543
0.136668958658473,0.08907795187590899,0.0864713495922412,0.0626048257765853,0.0725071790425899,0.09467752801691802,0.114865200993968,0.14470717765208,0.161551019356239,0.167614721391259,0.18785127524481698,0.215514153932398,0.23362719634535603,0.236574447246526,0.254812749465764,0.263077111011368,0.282463643306432,0.290803844071792,0.308362660392581,0.327406801805542,0.345180429126326,0.357245119152336,0.38207936158927597,0.399276991625766,0.40435613108376295,0.496158303843413,0.564316331881938,0.612331287034376,0.584486206428915,0.748685951675635,1.0,0.46749153185204
0.132061155415325,0.121937847263736,0.1207192490018,0.104829576496621,0.110341353185695,0.12505426867168198,0.13474315360004102,0.151334967355168,0.145260117735229,0.13671758596468903,0.13589403491999,0.158907917931397,0.16696273942173903,0.17349885146240301,0.178885665022407,0.18214171668929602,0.19031009998483397,0.20404719639751698,0.222749396209992,0.23635613317108198,0.24131490390167198,0.264691267560263,0.28680716702737896,0.31655608370730703,0.34131940220517704,0.38350023355813206,0.391277327006754,0.43471118347817295,0.48320454054720297,0.504192714442543,0.46749153185204,1.0
