1.0,0.833598552760657,0.7957975029012191,0.7712690373544209,0.748911958017671,0.7382067834739781,0.724037502345083,0.7146719028084899,0.705032604229708,0.685461124008849,0.6747126184070699,0.6619046284452139,0.654244133314225,0.644897663418903,0.6368061348114821,0.633520129146984,0.6340772121031589,0.6258228443599311,0.6170987684948721,0.612890072747867,0.608568772854897,0.599764426312082,0.5904688665161559,0.579818443009006,0.569781622665319,0.565174843312463,0.550909697768199,0.529105223620255,0.504856273937142,0.438939084485745,0.307610146604634,0.0209715357209501
0.833598552760657,1.0,0.9597425592812379,0.9357704449290941,0.9198981012722801,0.909020249974917,0.8997462750876801,0.8908300865072909,0.884720709348083,0.8724868718669051,0.864832610463977,0.8573784384937311,0.851765254193457,0.842492592530154,0.8332809107491429,0.829700227854923,0.827947596152286,0.8214778575394541,0.813752244504401,0.8102790389181009,0.8057849656852671,0.796994736577206,0.787161659376895,0.776024793948362,0.7632404162747041,0.7542340674716629,0.73711279103542,0.7170196832381209,0.684441271282901,0.6119080715570171,0.45894093485807597,0.024156775011342006
0.7957975029012191,0.9597425592812379,1.0,0.9792373162081272,0.9637176403368131,0.953323053569688,0.943262559162023,0.9362853061438979,0.930022458524256,0.919728300045654,0.9118507333152671,0.904431677534975,0.898961746785631,0.891735886485994,0.8841169535878008,0.8802806633894991,0.878150669846606,0.873517828100252,0.865924103577437,0.8611049674188059,0.855069883352391,0.8459823050758309,0.835254868601668,0.823508181888206,0.8106439604581949,0.802993430208752,0.784092099529749,0.763165354457083,0.7300447768642341,0.658685484588774,0.502132085046008,0.0494912653279719
0.7712690373544209,0.9357704449290941,0.9792373162081272,1.0,0.9878621676361701,0.9789104445490869,0.968495431385175,0.9606843054416441,0.954075268890236,0.9442447467611129,0.9358690745287809,0.9288152917836959,0.921747398265115,0.914925965247229,0.9083867744545041,0.90431236556498,0.9021417445563391,0.8977167497677009,0.8902370034741149,0.8857353270803628,0.8796891680538329,0.8707227580647209,0.860493332172201,0.849163850985733,0.8374880428658069,0.829124144139004,0.8093289550118029,0.7881533565155541,0.753064204428255,0.679747440012788,0.52163096358821,0.0487368711955263
0.748911958017671,0.9198981012722801,0.9637176403368131,0.9878621676361701,1.0,0.991404661397413,0.9817781487187921,0.9733796315317941,0.9658588260103199,0.9568841481403909,0.9490399667214559,0.940506781245315,0.932321218699275,0.924088754559988,0.9172521046216229,0.9142970812410441,0.9125833525115641,0.9086183279808571,0.9020847776524471,0.8985195027938001,0.89323490323901,0.88459034923908,0.8745538157434979,0.8635534503828509,0.8523066454899999,0.8442778588828801,0.824986931368179,0.804834291668793,0.770389790280072,0.698242705677263,0.5375996286539529,0.0557165242502224
0.7382067834739781,0.909020249974917,0.953323053569688,0.9789104445490869,0.991404661397413,1.0,0.991605807706284,0.9840573783655259,0.977167910820356,0.9679354047472709,0.9594001481489621,0.950419291445814,0.9427279204579251,0.9357481407309921,0.9286096035179399,0.9247418472940451,0.9219627688755161,0.917302452605573,0.911519502243522,0.908813228027325,0.9039139512913591,0.8952382278468941,0.8859953166470022,0.8758080843360171,0.864971414547191,0.8584348304017151,0.8401260062792,0.8202603867262791,0.785291758112999,0.7131120319411322,0.5500889631934219,0.0602568768321827
0.724037502345083,0.8997462750876801,0.943262559162023,0.968495431385175,0.9817781487187921,0.991605807706284,1.0,0.993070983974092,0.986069943046001,0.977887417491468,0.9690750062542459,0.9596709701478241,0.952476251573372,0.9443260321145941,0.9362848096584749,0.9320741489909029,0.9291094603004358,0.9248165336802231,0.9191655785825721,0.916388270135823,0.911275908551229,0.9032291835637041,0.8949856534630071,0.884931694794717,0.874564082789311,0.868700093570389,0.8506601718916221,0.8315436759460101,0.795411628224675,0.722606065725821,0.556244942446219,0.0589630741539352
0.7146719028084899,0.8908300865072909,0.9362853061438979,0.9606843054416441,0.9733796315317941,0.9840573783655259,0.993070983974092,1.0,0.994491351735776,0.9873055025765759,0.9786888385453678,0.969062859636717,0.9615975978554692,0.9538288755345179,0.9459182249792241,0.940889719978808,0.9378482372441178,0.933766339769519,0.927997068135827,0.924518572716252,0.9196110617746059,0.911926284732572,0.904307257281572,0.89444251605413,0.884836561379698,0.8788103237928242,0.8613333379516791,0.843860216475118,0.807743784963052,0.734456967312461,0.568104798369232,0.06301373352900799
0.705032604229708,0.884720709348083,0.930022458524256,0.954075268890236,0.9658588260103199,0.977167910820356,0.986069943046001,0.994491351735776,1.0,0.994419641347158,0.986489349549231,0.9762505837872779,0.9685415649236159,0.9607040806427092,0.952136926031691,0.946249555057792,0.942564113458415,0.9379552802010359,0.932735332401011,0.929436383056984,0.924787165221961,0.917181580507856,0.9097419562553001,0.9011526305435409,0.892726338530615,0.887588702044982,0.871258768469408,0.854495942829428,0.8177167812739641,0.7451705487950321,0.577791514528243,0.0689436222543887
0.685461124008849,0.8724868718669051,0.919728300045654,0.9442447467611129,0.9568841481403909,0.9679354047472709,0.977887417491468,0.9873055025765759,0.994419641347158,1.0,0.994266751070894,0.984950018033963,0.9764369996112691,0.968492508838266,0.9596076119534509,0.952453088461882,0.9473582962151851,0.9422299679740171,0.937328843775067,0.934213185398615,0.9297915996793829,0.922560489510488,0.9158649596673321,0.9079894305201178,0.9000872046977471,0.8951443790812329,0.8789746791687758,0.863763821043078,0.827288715250787,0.7554446051753171,0.5907733711789979,0.0789581548789863
0.6747126184070699,0.864832610463977,0.9118507333152671,0.9358690745287809,0.9490399667214559,0.9594001481489621,0.9690750062542459,0.9786888385453678,0.986489349549231,0.994266751070894,1.0,0.994442424817082,0.986380655101403,0.9777834427114649,0.968729893938624,0.9612572005500479,0.9562980648748091,0.9505846734751229,0.9456752699147271,0.942469520410743,0.9384049335739649,0.9313186766004821,0.925487731869631,0.918349277989694,0.9107473343721801,0.9066253434559741,0.890459796863371,0.8764334312723381,0.8415662501538721,0.770446887152016,0.601718703700002,0.0815322801056465
0.6619046284452139,0.8573784384937311,0.904431677534975,0.9288152917836959,0.940506781245315,0.950419291445814,0.9596709701478241,0.969062859636717,0.9762505837872779,0.984950018033963,0.994442424817082,1.0,0.9947610749172949,0.986245516387562,0.97685010892386,0.968337458972635,0.96260254714497,0.9565297372281819,0.9512403470840509,0.947246155298842,0.9436940854431809,0.9366454708572229,0.931306638748188,0.92427531136481,0.916468260390008,0.9123577063237199,0.8965910525459341,0.882402038650504,0.848004981537979,0.778877199248568,0.611812747259305,0.0915496610666241
0.654244133314225,0.851765254193457,0.898961746785631,0.921747398265115,0.932321218699275,0.9427279204579251,0.952476251573372,0.9615975978554692,0.9685415649236159,0.9764369996112691,0.986380655101403,0.9947610749172949,1.0,0.994273506855019,0.985884880643663,0.977216078717709,0.9707871564855541,0.9639774386417641,0.958541949512468,0.954107864273252,0.9505571221895629,0.943542810472397,0.938305441461139,0.931660970206449,0.924010763825341,0.9201876550767009,0.904121459334162,0.889945756342698,0.855875478626828,0.7861106734576451,0.617210770784849,0.0975568163294663
0.644897663418903,0.842492592530154,0.891735886485994,0.914925965247229,0.924088754559988,0.9357481407309921,0.9443260321145941,0.9538288755345179,0.9607040806427092,0.968492508838266,0.9777834427114649,0.986245516387562,0.994273506855019,1.0,0.994966373129378,0.986807799349614,0.979444681572226,0.971876365643443,0.9663522085388321,0.9614997310319879,0.9573497162703041,0.950739057952147,0.9454864936488231,0.9391132953445591,0.9317282854669421,0.9285415889382769,0.912240338345328,0.8988817693667289,0.864871597344317,0.795655099573168,0.629745145821673,0.10541597532205
0.6368061348114821,0.8332809107491429,0.8841169535878008,0.9083867744545041,0.9172521046216229,0.9286096035179399,0.9362848096584749,0.9459182249792241,0.952136926031691,0.9596076119534509,0.968729893938624,0.97685010892386,0.985884880643663,0.994966373129378,1.0,0.995360505767521,0.988897086343877,0.9814110284530508,0.9754396021379359,0.970092568689308,0.9657235433290601,0.959037227772484,0.9536745042758911,0.9477970623048371,0.940159423426466,0.936334967430612,0.919995667998482,0.906734501667515,0.874675037577375,0.8072522084990519,0.641136154508371,0.11237392646301199
0.633520129146984,0.829700227854923,0.8802806633894991,0.90431236556498,0.9142970812410441,0.9247418472940451,0.9320741489909029,0.940889719978808,0.946249555057792,0.952453088461882,0.9612572005500479,0.968337458972635,0.977216078717709,0.986807799349614,0.995360505767521,1.0,0.9956655611575401,0.9892924900214269,0.98291569936041,0.977460568291692,0.973204785236758,0.9664056109882629,0.961046028817095,0.9549458242395329,0.946353580882739,0.941781605770891,0.926332015933755,0.912672390378557,0.882242820045836,0.8167560177089681,0.649901338213782,0.117280562082638
0.6340772121031589,0.827947596152286,0.878150669846606,0.9021417445563391,0.9125833525115641,0.9219627688755161,0.9291094603004358,0.9378482372441178,0.942564113458415,0.9473582962151851,0.9562980648748091,0.96260254714497,0.9707871564855541,0.979444681572226,0.988897086343877,0.9956655611575401,1.0,0.9957237640955829,0.989877685152605,0.983624938192916,0.9788400396863641,0.972536877482764,0.966955608373104,0.9602328332541801,0.95119879368285,0.9461119819334459,0.9312411652072471,0.916655758021515,0.8877615124017979,0.822517772156655,0.655852963767823,0.121440359328204
0.6258228443599311,0.8214778575394541,0.873517828100252,0.8977167497677009,0.9086183279808571,0.917302452605573,0.9248165336802231,0.933766339769519,0.9379552802010359,0.9422299679740171,0.9505846734751229,0.9565297372281819,0.9639774386417641,0.971876365643443,0.9814110284530508,0.9892924900214269,0.9957237640955829,1.0,0.995910669418746,0.989897540266256,0.9848458191977951,0.9786342164344041,0.973464165399359,0.966916248949072,0.9574951907350141,0.9524844228664571,0.9378402685203929,0.92289759098735,0.8949694690912031,0.832022053197542,0.667015869071651,0.131887890957418
0.6170987684948721,0.813752244504401,0.865924103577437,0.8902370034741149,0.9020847776524471,0.911519502243522,0.9191655785825721,0.927997068135827,0.932735332401011,0.937328843775067,0.9456752699147271,0.9512403470840509,0.958541949512468,0.9663522085388321,0.9754396021379359,0.98291569936041,0.989877685152605,0.995910669418746,1.0,0.9957511070178511,0.9906776483070959,0.9848243954557561,0.979875896451986,0.9734984235679109,0.9641241273759671,0.9585064728371121,0.9439119312734059,0.92955909318453,0.901647337356487,0.839515071830789,0.675069292940489,0.13803571266247303
0.612890072747867,0.8102790389181009,0.8611049674188059,0.8857353270803628,0.8985195027938001,0.908813228027325,0.916388270135823,0.924518572716252,0.929436383056984,0.934213185398615,0.942469520410743,0.947246155298842,0.954107864273252,0.9614997310319879,0.970092568689308,0.977460568291692,0.983624938192916,0.989897540266256,0.9957511070178511,1.0,0.996068173270711,0.990362763270929,0.985343227093865,0.979678095188213,0.970961403525942,0.9643728318432379,0.950268724196488,0.937202734960168,0.9106969611104759,0.8507325867021149,0.690550173010921,0.15607337897453102
0.608568772854897,0.8057849656852671,0.855069883352391,0.8796891680538329,0.89323490323901,0.9039139512913591,0.911275908551229,0.9196110617746059,0.924787165221961,0.9297915996793829,0.9384049335739649,0.9436940854431809,0.9505571221895629,0.9573497162703041,0.9657235433290601,0.973204785236758,0.9788400396863641,0.9848458191977951,0.9906776483070959,0.996068173270711,1.0,0.995560723284724,0.990907657454297,0.9855422303175959,0.9773369454421461,0.9705305998106819,0.9575356704951541,0.9441556625381321,0.918689315849757,0.8612968719720658,0.7041516349670771,0.164888832626178
0.599764426312082,0.796994736577206,0.8459823050758309,0.8707227580647209,0.88459034923908,0.8952382278468941,0.9032291835637041,0.911926284732572,0.917181580507856,0.922560489510488,0.9313186766004821,0.9366454708572229,0.943542810472397,0.950739057952147,0.959037227772484,0.9664056109882629,0.972536877482764,0.9786342164344041,0.9848243954557561,0.990362763270929,0.995560723284724,1.0,0.9962627075464301,0.991354261407488,0.9834473148227221,0.9761658196069171,0.9635492143639142,0.9501646462575649,0.925108387048226,0.868857845009999,0.715023320111247,0.170058441667961
0.5904688665161559,0.787161659376895,0.835254868601668,0.860493332172201,0.8745538157434979,0.8859953166470022,0.8949856534630071,0.904307257281572,0.9097419562553001,0.9158649596673321,0.925487731869631,0.931306638748188,0.938305441461139,0.9454864936488231,0.9536745042758911,0.961046028817095,0.966955608373104,0.973464165399359,0.979875896451986,0.985343227093865,0.990907657454297,0.9962627075464301,1.0,0.9951150643622242,0.9875202941032991,0.9805336344137131,0.968989732241829,0.955990267066935,0.9315514836724371,0.87716791985327,0.72567607293927,0.17497435638172398
0.579818443009006,0.776024793948362,0.823508181888206,0.849163850985733,0.8635534503828509,0.8758080843360171,0.884931694794717,0.89444251605413,0.9011526305435409,0.9079894305201178,0.918349277989694,0.92427531136481,0.931660970206449,0.9391132953445591,0.9477970623048371,0.9549458242395329,0.9602328332541801,0.966916248949072,0.9734984235679109,0.979678095188213,0.9855422303175959,0.991354261407488,0.9951150643622242,1.0,0.994294787154482,0.9879649343438309,0.9770543141232372,0.9648044060510899,0.9410630991707429,0.8877535585040099,0.7402389571346941,0.19129831839787195
0.569781622665319,0.7632404162747041,0.8106439604581949,0.8374880428658069,0.8523066454899999,0.864971414547191,0.874564082789311,0.884836561379698,0.892726338530615,0.9000872046977471,0.9107473343721801,0.916468260390008,0.924010763825341,0.9317282854669421,0.940159423426466,0.946353580882739,0.95119879368285,0.9574951907350141,0.9641241273759671,0.970961403525942,0.9773369454421461,0.9834473148227221,0.9875202941032991,0.994294787154482,1.0,0.994477917762593,0.9837662136951519,0.9723521729784741,0.949930100733735,0.8993799936043442,0.755465099967946,0.208848296872534
0.565174843312463,0.7542340674716629,0.802993430208752,0.829124144139004,0.8442778588828801,0.8584348304017151,0.868700093570389,0.8788103237928242,0.887588702044982,0.8951443790812329,0.9066253434559741,0.9123577063237199,0.9201876550767009,0.9285415889382769,0.936334967430612,0.941781605770891,0.9461119819334459,0.9524844228664571,0.9585064728371121,0.9643728318432379,0.9705305998106819,0.9761658196069171,0.9805336344137131,0.9879649343438309,0.994477917762593,1.0,0.990432182196847,0.9791800418847092,0.957236841644953,0.908328941218746,0.767539452364527,0.216156009237881
0.550909697768199,0.73711279103542,0.784092099529749,0.8093289550118029,0.824986931368179,0.8401260062792,0.8506601718916221,0.8613333379516791,0.871258768469408,0.8789746791687758,0.890459796863371,0.8965910525459341,0.904121459334162,0.912240338345328,0.919995667998482,0.926332015933755,0.9312411652072471,0.9378402685203929,0.9439119312734059,0.950268724196488,0.9575356704951541,0.9635492143639142,0.968989732241829,0.9770543141232372,0.9837662136951519,0.990432182196847,1.0,0.9900918897347041,0.969575165191532,0.926310086119619,0.7894879137814009,0.243410358622777
0.529105223620255,0.7170196832381209,0.763165354457083,0.7881533565155541,0.804834291668793,0.8202603867262791,0.8315436759460101,0.843860216475118,0.854495942829428,0.863763821043078,0.8764334312723381,0.882402038650504,0.889945756342698,0.8988817693667289,0.906734501667515,0.912672390378557,0.916655758021515,0.92289759098735,0.92955909318453,0.937202734960168,0.9441556625381321,0.9501646462575649,0.955990267066935,0.9648044060510899,0.9723521729784741,0.9791800418847092,0.9900918897347041,1.0,0.984671264231056,0.9447257413769129,0.8116222230245601,0.263651688887086
0.504856273937142,0.684441271282901,0.7300447768642341,0.753064204428255,0.770389790280072,0.785291758112999,0.795411628224675,0.807743784963052,0.8177167812739641,0.827288715250787,0.8415662501538721,0.848004981537979,0.855875478626828,0.864871597344317,0.874675037577375,0.882242820045836,0.8877615124017979,0.8949694690912031,0.901647337356487,0.9106969611104759,0.918689315849757,0.925108387048226,0.9315514836724371,0.9410630991707429,0.949930100733735,0.957236841644953,0.969575165191532,0.984671264231056,1.0,0.9648233291191959,0.838574385778688,0.300535990599222
0.438939084485745,0.6119080715570171,0.658685484588774,0.679747440012788,0.698242705677263,0.7131120319411322,0.722606065725821,0.734456967312461,0.7451705487950321,0.7554446051753171,0.770446887152016,0.778877199248568,0.7861106734576451,0.795655099573168,0.8072522084990519,0.8167560177089681,0.822517772156655,0.832022053197542,0.839515071830789,0.8507325867021149,0.8612968719720658,0.868857845009999,0.87716791985327,0.8877535585040099,0.8993799936043442,0.908328941218746,0.926310086119619,0.9447257413769129,0.9648233291191959,1.0,0.9009931371742509,0.3607275018413329
0.307610146604634,0.45894093485807597,0.502132085046008,0.52163096358821,0.5375996286539529,0.5500889631934219,0.556244942446219,0.568104798369232,0.577791514528243,0.5907733711789979,0.601718703700002,0.611812747259305,0.617210770784849,0.629745145821673,0.641136154508371,0.649901338213782,0.655852963767823,0.667015869071651,0.675069292940489,0.690550173010921,0.7041516349670771,0.715023320111247,0.72567607293927,0.7402389571346941,0.755465099967946,0.767539452364527,0.7894879137814009,0.8116222230245601,0.838574385778688,0.9009931371742509,1.0,0.4554432446743161
0.0209715357209501,0.024156775011342006,0.0494912653279719,0.0487368711955263,0.0557165242502224,0.0602568768321827,0.0589630741539352,0.06301373352900799,0.0689436222543887,0.0789581548789863,0.0815322801056465,0.0915496610666241,0.0975568163294663,0.10541597532205,0.11237392646301199,0.117280562082638,0.121440359328204,0.131887890957418,0.13803571266247303,0.15607337897453102,0.164888832626178,0.170058441667961,0.17497435638172398,0.19129831839787195,0.208848296872534,0.216156009237881,0.243410358622777,0.263651688887086,0.300535990599222,0.3607275018413329,0.4554432446743161,1.0
