1.0,0.7500233970651491,0.687482331964145,0.644567630108715,0.609848543949325,0.5826961537661839,0.562854994572635,0.53712185900274,0.512561216712933,0.48776832860302904,0.469876081939734,0.44654418791987893,0.42761874722478005,0.40620350611793,0.385874199932108,0.36823255367631,0.34472123283797196,0.323589527060435,0.30494347851495596,0.280107309696696,0.262916468833308,0.24156190269693104,0.22788547728701103,0.206021856432853,0.186464633037832,0.15773978714184198,0.124341229877747,0.0751671567483069,0.0358717868395989,0.0484127851467149,0.11720868537925201,0.235215986148005
0.7500233970651491,1.0,0.942240754882427,0.9103050424793391,0.881059814968837,0.857914251890575,0.8428509626247349,0.8224472474778549,0.8039175187379621,0.784612962535389,0.770223884496292,0.749535836201535,0.7353455529795571,0.711987836660068,0.6961316082218039,0.680617426973673,0.6635874961111171,0.643999734067981,0.6240040521243679,0.600961783835995,0.5843617232364821,0.561312314009578,0.5433679349566649,0.5208426847121029,0.49350726984912,0.459268066789956,0.424211281390404,0.373162916519122,0.312830998932647,0.17775705993706398,0.0888306351597996,0.0832721006020581
0.687482331964145,0.942240754882427,1.0,0.971470480265975,0.9465482167502579,0.9274457925713759,0.9126355516828829,0.8954826186674809,0.8794386487004241,0.862304969988967,0.8492376795814781,0.8305575801336009,0.8160429321094291,0.7935922872751892,0.779474146757009,0.767872247875953,0.75152738869376,0.7336637294739179,0.715333847116978,0.694942747241677,0.680623408637428,0.658973584910853,0.641038697663252,0.618700547233886,0.5952485016353389,0.558095935497917,0.519352307363119,0.465232769566776,0.39763320297996296,0.23900870627166898,0.13839619094057298,0.0424127786668508
0.644567630108715,0.9103050424793391,0.971470480265975,1.0,0.982344516729428,0.9674952400125921,0.9551199148598051,0.939579482123985,0.9235060035470191,0.908265661353188,0.89645739015161,0.88147561036672,0.8678511291539741,0.847287991859184,0.8348028837156992,0.8233583802402601,0.8078892984155759,0.7916145481237471,0.773862613628082,0.7561483179723271,0.743024167703376,0.72369711373652,0.70696574282387,0.6847644195183361,0.661441644350975,0.62672487521469,0.585752016631447,0.531029911968968,0.4608893875087371,0.297131481189351,0.18912831070390998,0.0140825585966338
0.609848543949325,0.881059814968837,0.9465482167502579,0.982344516729428,1.0,0.9887263220190899,0.976477730535264,0.9618901183446641,0.946400193613549,0.9330404193670541,0.9217590349262451,0.9094960246994759,0.8979640915401751,0.87951894334132,0.8665304839054949,0.854700401965093,0.8403344796551079,0.8243725382702349,0.807205256431905,0.792046474913683,0.780243006187022,0.7627854943675441,0.747326703878854,0.7269291641793401,0.7048316483700329,0.671271402900961,0.6290635978918799,0.573730448121132,0.500673817191338,0.334092463204876,0.22614262697885398,0.0412021669426275
0.5826961537661839,0.857914251890575,0.9274457925713759,0.9674952400125921,0.9887263220190899,1.0,0.9911905570591591,0.979672843958498,0.9651136459259779,0.953421795113563,0.94305550746462,0.931218112764148,0.9199749868586801,0.902659526046508,0.889936661374173,0.879466023411535,0.8656485634431501,0.8506550500761471,0.8348448130246641,0.8203186101164509,0.8099519730985608,0.7941124841147881,0.779605831246799,0.7602369092992601,0.739836539121009,0.7087098752861759,0.666585137395516,0.610998103430907,0.53833800308869,0.371723110617969,0.25789772111834197,0.0689857173322048
0.562854994572635,0.8428509626247349,0.9126355516828829,0.9551199148598051,0.976477730535264,0.9911905570591591,1.0,0.991308531507618,0.9798281311851279,0.9688086511625958,0.9585933754110341,0.947721581507386,0.9365408024885591,0.9204420844586589,0.90838680946866,0.898460743640735,0.8860244522884659,0.872037821457256,0.858083089677445,0.843958167513703,0.833383228017667,0.819292776765168,0.805494922767081,0.787309041951741,0.7678011965700791,0.7374262252577929,0.6958249517312459,0.640621931485999,0.5693605641397309,0.406612353257116,0.28784565491952097,0.0977196642662043
0.53712185900274,0.8224472474778549,0.8954826186674809,0.939579482123985,0.9618901183446641,0.979672843958498,0.991308531507618,1.0,0.991697137566054,0.982300524985818,0.973071863338209,0.962620756387037,0.951416986942167,0.9366873985153951,0.925389934752868,0.9161591490829079,0.90439367175292,0.8921533178827421,0.8800569399580509,0.8666749683640359,0.8563207414141941,0.843905813659129,0.8295794386981981,0.8125054551292721,0.7945845695972229,0.764822897616654,0.723861676830697,0.670445579757704,0.6025687227802271,0.440494743777356,0.31865197154997604,0.126334413128396
0.512561216712933,0.8039175187379621,0.8794386487004241,0.9235060035470191,0.946400193613549,0.9651136459259779,0.9798281311851279,0.991697137566054,1.0,0.9931002172240759,0.984910818112091,0.9749367007209221,0.9649792596835641,0.951974570857857,0.9414734498229879,0.932690638781057,0.9217881974318629,0.9115173909879671,0.9009729571765379,0.889537546507338,0.880846248706245,0.869603909785808,0.8561526332963509,0.84055403656271,0.8233991892684879,0.7938957266928219,0.7549779407177221,0.702885563010615,0.63468523704156,0.47544824545148,0.35403534294532396,0.15971326746159198
0.48776832860302904,0.784612962535389,0.862304969988967,0.908265661353188,0.9330404193670541,0.953421795113563,0.9688086511625958,0.982300524985818,0.9931002172240759,1.0,0.994348972613523,0.9855558738215641,0.9765385370324171,0.9650674964222221,0.9559454343645029,0.9474067103228979,0.93712338650649,0.927914448295984,0.9181663899002058,0.9077356149657639,0.899730165705924,0.8890178477884549,0.8767170264080051,0.862223012052442,0.8462244410194929,0.8176324115694099,0.779507761932428,0.727993475348453,0.6617956798766271,0.50560587791548,0.38067058147215,0.188590904656742
0.469876081939734,0.770223884496292,0.8492376795814781,0.89645739015161,0.9217590349262451,0.94305550746462,0.9585933754110341,0.973071863338209,0.984910818112091,0.994348972613523,1.0,0.9942886397412192,0.986502499224295,0.97592552813803,0.967025726778678,0.9583324318875021,0.948427721872904,0.9399622780231359,0.9300515893444659,0.920720177608639,0.9128241969626221,0.9025915306328459,0.890696840947749,0.8769314458192571,0.8624469335752091,0.8344905060252491,0.7978142817797679,0.7490892926666941,0.683324539184805,0.5269418280241079,0.400766565830073,0.20980226011452696
0.44654418791987893,0.749535836201535,0.8305575801336009,0.88147561036672,0.9094960246994759,0.931218112764148,0.947721581507386,0.962620756387037,0.9749367007209221,0.9855558738215641,0.9942886397412192,1.0,0.995087715075665,0.9866022495521359,0.977944536898766,0.9694547510227209,0.96016921462559,0.9521124578691509,0.942238737841411,0.933816450740332,0.926813275719057,0.9168116587850791,0.9060875175140859,0.8928959878108259,0.879031052695898,0.852488995825144,0.8167942153894829,0.7688108217727521,0.704660435638612,0.5480506905672079,0.423098568481586,0.23196437928808103
0.42761874722478005,0.7353455529795571,0.8160429321094291,0.8678511291539741,0.8979640915401751,0.9199749868586801,0.9365408024885591,0.951416986942167,0.9649792596835641,0.9765385370324171,0.986502499224295,0.995087715075665,1.0,0.9939234932237591,0.986443321961852,0.979009510302448,0.97025463180864,0.963286190547775,0.954073957470968,0.9460296929178041,0.939439739905635,0.9293826880783409,0.919532892035016,0.9070226382753359,0.8934042542835401,0.867889331980469,0.8318252130029591,0.7845191859239559,0.720637422294561,0.563575173459667,0.438212699618085,0.24948060330535501
0.40620350611793,0.711987836660068,0.7935922872751892,0.847287991859184,0.87951894334132,0.902659526046508,0.9204420844586589,0.9366873985153951,0.951974570857857,0.9650674964222221,0.97592552813803,0.9866022495521359,0.9939234932237591,1.0,0.9947895930852599,0.987872108743407,0.9806075142112629,0.9742127631482659,0.9660601581910241,0.9586698703371259,0.9524206033322571,0.943523278042001,0.934251747684875,0.922831059251917,0.9095656444618209,0.885258051066737,0.849801452613364,0.804430200074144,0.7435397505398771,0.587772702986269,0.4616863258342221,0.27797721178761503
0.385874199932108,0.6961316082218039,0.779474146757009,0.8348028837156992,0.8665304839054949,0.889936661374173,0.90838680946866,0.925389934752868,0.9414734498229879,0.9559454343645029,0.967025726778678,0.977944536898766,0.986443321961852,0.9947895930852599,1.0,0.994721644326565,0.988434862013154,0.9822340108094529,0.9743249275210029,0.966712155903203,0.9601105415535369,0.9514059069072219,0.942073028684129,0.931207503568807,0.9176594608349229,0.895588797909348,0.860798350326637,0.816703233641557,0.7582881159958822,0.6009117904503211,0.473357934503325,0.296166680138616
0.36823255367631,0.680617426973673,0.767872247875953,0.8233583802402601,0.854700401965093,0.879466023411535,0.898460743640735,0.9161591490829079,0.932690638781057,0.9474067103228979,0.9583324318875021,0.9694547510227209,0.979009510302448,0.987872108743407,0.994721644326565,1.0,0.9952225343372901,0.9896820377444279,0.9824789701740609,0.9759387836757522,0.9697561939795379,0.9613203297852869,0.9528056144707719,0.942915508461331,0.928435837863067,0.906765345364268,0.8736072150378991,0.8317388687647891,0.773382099490625,0.618164042766499,0.492491600391366,0.315764742175984
0.34472123283797196,0.6635874961111171,0.75152738869376,0.8078892984155759,0.8403344796551079,0.8656485634431501,0.8860244522884659,0.90439367175292,0.9217881974318629,0.93712338650649,0.948427721872904,0.96016921462559,0.97025463180864,0.9806075142112629,0.988434862013154,0.9952225343372901,1.0,0.995788714752275,0.989546249079748,0.983312333483239,0.977164281941262,0.969134384794797,0.9605786820150991,0.950560173690259,0.9369806586215099,0.9163220249814449,0.8844958499990829,0.845823936255612,0.789805318225316,0.64013300083572,0.512173302722802,0.33743640795501395
0.323589527060435,0.643999734067981,0.7336637294739179,0.7916145481237471,0.8243725382702349,0.8506550500761471,0.872037821457256,0.8921533178827421,0.9115173909879671,0.927914448295984,0.9399622780231359,0.9521124578691509,0.963286190547775,0.9742127631482659,0.9822340108094529,0.9896820377444279,0.995788714752275,1.0,0.995420539639071,0.9906105621768442,0.9849846645411691,0.977854659849412,0.969981992488426,0.960256177841004,0.9481246117037159,0.9294188791683691,0.899642744877589,0.861923635510523,0.8061896232758079,0.654878157873981,0.5273783100568239,0.36038247781270205
0.30494347851495596,0.6240040521243679,0.715333847116978,0.773862613628082,0.807205256431905,0.8348448130246641,0.858083089677445,0.8800569399580509,0.9009729571765379,0.9181663899002058,0.9300515893444659,0.942238737841411,0.954073957470968,0.9660601581910241,0.9743249275210029,0.9824789701740609,0.989546249079748,0.995420539639071,1.0,0.9958108133906729,0.990142147865842,0.98473496083646,0.978312268542139,0.969261669090755,0.959628365190005,0.9417974379841391,0.9157596554419699,0.880282257208413,0.82684882920424,0.6786375226429421,0.5514522605982739,0.386622350011767
0.280107309696696,0.600961783835995,0.694942747241677,0.7561483179723271,0.792046474913683,0.8203186101164509,0.843958167513703,0.8666749683640359,0.889537546507338,0.9077356149657639,0.920720177608639,0.933816450740332,0.9460296929178041,0.9586698703371259,0.966712155903203,0.9759387836757522,0.983312333483239,0.9906105621768442,0.9958108133906729,1.0,0.9959363241615949,0.9910186693116141,0.9850151968130749,0.9768449176240079,0.967893723136148,0.9513977244645451,0.9267969070748829,0.8929142662115841,0.8392874273826529,0.6903115896416301,0.56754207316109,0.409464004403236
0.262916468833308,0.5843617232364821,0.680623408637428,0.743024167703376,0.780243006187022,0.8099519730985608,0.833383228017667,0.8563207414141941,0.880846248706245,0.899730165705924,0.9128241969626221,0.926813275719057,0.939439739905635,0.9524206033322571,0.9601105415535369,0.9697561939795379,0.977164281941262,0.9849846645411691,0.990142147865842,0.9959363241615949,1.0,0.995939122248095,0.990296628855997,0.9828051163797459,0.9739372554461229,0.9588359780276691,0.935313931594448,0.9014447888578809,0.847823405075106,0.6995436722214201,0.578446073197368,0.42007137670265204
0.24156190269693104,0.561312314009578,0.658973584910853,0.72369711373652,0.7627854943675441,0.7941124841147881,0.819292776765168,0.843905813659129,0.869603909785808,0.8890178477884549,0.9025915306328459,0.9168116587850791,0.9293826880783409,0.943523278042001,0.9514059069072219,0.9613203297852869,0.969134384794797,0.977854659849412,0.98473496083646,0.9910186693116141,0.995939122248095,1.0,0.995200893978879,0.9881604276898449,0.979914235091527,0.966489768338812,0.9452530590193822,0.914165555078741,0.863234618565135,0.7189445650558409,0.59664809058163,0.433776740559346
0.22788547728701103,0.5433679349566649,0.641038697663252,0.70696574282387,0.747326703878854,0.779605831246799,0.805494922767081,0.8295794386981981,0.8561526332963509,0.8767170264080051,0.890696840947749,0.9060875175140859,0.919532892035016,0.934251747684875,0.942073028684129,0.9528056144707719,0.9605786820150991,0.969981992488426,0.978312268542139,0.9850151968130749,0.990296628855997,0.995200893978879,1.0,0.994252716747789,0.986347280336712,0.9745554754129749,0.95504939908776,0.924833440533909,0.874181197821711,0.7306778786680171,0.6118776269494169,0.45495963974278003
0.206021856432853,0.5208426847121029,0.618700547233886,0.6847644195183361,0.7269291641793401,0.7602369092992601,0.787309041951741,0.8125054551292721,0.84055403656271,0.862223012052442,0.8769314458192571,0.8928959878108259,0.9070226382753359,0.922831059251917,0.931207503568807,0.942915508461331,0.950560173690259,0.960256177841004,0.969261669090755,0.9768449176240079,0.9828051163797459,0.9881604276898449,0.994252716747789,1.0,0.992851479177809,0.9820692669211109,0.962429265947773,0.9332695158801501,0.8838728903334141,0.7411552373414129,0.6303087664652189,0.47263226162461697
0.186464633037832,0.49350726984912,0.5952485016353389,0.661441644350975,0.7048316483700329,0.739836539121009,0.7678011965700791,0.7945845695972229,0.8233991892684879,0.8462244410194929,0.8624469335752091,0.879031052695898,0.8934042542835401,0.9095656444618209,0.9176594608349229,0.928435837863067,0.9369806586215099,0.9481246117037159,0.959628365190005,0.967893723136148,0.9739372554461229,0.979914235091527,0.986347280336712,0.992851479177809,1.0,0.9906804765844391,0.97383391984135,0.94669924995857,0.8998962394098771,0.7636042327130741,0.6523270287352919,0.488288901880659
0.15773978714184198,0.459268066789956,0.558095935497917,0.62672487521469,0.671271402900961,0.7087098752861759,0.7374262252577929,0.764822897616654,0.7938957266928219,0.8176324115694099,0.8344905060252491,0.852488995825144,0.867889331980469,0.885258051066737,0.895588797909348,0.906765345364268,0.9163220249814449,0.9294188791683691,0.9417974379841391,0.9513977244645451,0.9588359780276691,0.966489768338812,0.9745554754129749,0.9820692669211109,0.9906804765844391,1.0,0.985283841959236,0.959861126920797,0.9142951721754471,0.7780210680128449,0.6723063403349301,0.516070641561437
0.124341229877747,0.424211281390404,0.519352307363119,0.585752016631447,0.6290635978918799,0.666585137395516,0.6958249517312459,0.723861676830697,0.7549779407177221,0.779507761932428,0.7978142817797679,0.8167942153894829,0.8318252130029591,0.849801452613364,0.860798350326637,0.8736072150378991,0.8844958499990829,0.899642744877589,0.9157596554419699,0.9267969070748829,0.935313931594448,0.9452530590193822,0.95504939908776,0.962429265947773,0.97383391984135,0.985283841959236,1.0,0.982845215564299,0.9455236501713579,0.8270797408119391,0.726949688010726,0.5562505101978871
0.0751671567483069,0.373162916519122,0.465232769566776,0.531029911968968,0.573730448121132,0.610998103430907,0.640621931485999,0.670445579757704,0.702885563010615,0.727993475348453,0.7490892926666941,0.7688108217727521,0.7845191859239559,0.804430200074144,0.816703233641557,0.8317388687647891,0.845823936255612,0.861923635510523,0.880282257208413,0.8929142662115841,0.9014447888578809,0.914165555078741,0.924833440533909,0.9332695158801501,0.94669924995857,0.959861126920797,0.982845215564299,1.0,0.974456946460096,0.8629887586769359,0.760957446385342,0.592289434296916
0.0358717868395989,0.312830998932647,0.39763320297996296,0.4608893875087371,0.500673817191338,0.53833800308869,0.5693605641397309,0.6025687227802271,0.63468523704156,0.6617956798766271,0.683324539184805,0.704660435638612,0.720637422294561,0.7435397505398771,0.7582881159958822,0.773382099490625,0.789805318225316,0.8061896232758079,0.82684882920424,0.8392874273826529,0.847823405075106,0.863234618565135,0.874181197821711,0.8838728903334141,0.8998962394098771,0.9142951721754471,0.9455236501713579,0.974456946460096,1.0,0.907602338706218,0.801155500864451,0.6278020854409161
0.0484127851467149,0.17775705993706398,0.23900870627166898,0.297131481189351,0.334092463204876,0.371723110617969,0.406612353257116,0.440494743777356,0.47544824545148,0.50560587791548,0.5269418280241079,0.5480506905672079,0.563575173459667,0.587772702986269,0.6009117904503211,0.618164042766499,0.64013300083572,0.654878157873981,0.6786375226429421,0.6903115896416301,0.6995436722214201,0.7189445650558409,0.7306778786680171,0.7411552373414129,0.7636042327130741,0.7780210680128449,0.8270797408119391,0.8629887586769359,0.907602338706218,1.0,0.895163454847605,0.6816704816970369
0.11720868537925201,0.0888306351597996,0.13839619094057298,0.18912831070390998,0.22614262697885398,0.25789772111834197,0.28784565491952097,0.31865197154997604,0.35403534294532396,0.38067058147215,0.400766565830073,0.423098568481586,0.438212699618085,0.4616863258342221,0.473357934503325,0.492491600391366,0.512173302722802,0.5273783100568239,0.5514522605982739,0.56754207316109,0.578446073197368,0.59664809058163,0.6118776269494169,0.6303087664652189,0.6523270287352919,0.6723063403349301,0.726949688010726,0.760957446385342,0.801155500864451,0.895163454847605,1.0,0.761362453804096
0.235215986148005,0.0832721006020581,0.0424127786668508,0.0140825585966338,0.0412021669426275,0.0689857173322048,0.0977196642662043,0.126334413128396,0.15971326746159198,0.188590904656742,0.20980226011452696,0.23196437928808103,0.24948060330535501,0.27797721178761503,0.296166680138616,0.315764742175984,0.33743640795501395,0.36038247781270205,0.386622350011767,0.409464004403236,0.42007137670265204,0.433776740559346,0.45495963974278003,0.47263226162461697,0.488288901880659,0.516070641561437,0.5562505101978871,0.592289434296916,0.6278020854409161,0.6816704816970369,0.761362453804096,1.0
