1.0,0.933375266841591,0.9119343708196891,0.901149849579543,0.890036840779384,0.88121555482086,0.8717006209770849,0.8645696872153441,0.857568615688897,0.8484585531464591,0.8399128661734571,0.833435265580608,0.8270280033259549,0.817072021417968,0.809449359381145,0.8023567470809001,0.79434304494936,0.7873670596565041,0.778850381101912,0.7695573304508159,0.760671987717783,0.7497387241680691,0.7405259782257541,0.732312499720328,0.7224994729100309,0.7110875041444059,0.6968850401558391,0.6758366541458439,0.646955114865941,0.573414067144449,0.365486376140745,0.13736394386605
0.933375266841591,1.0,0.9832270232324081,0.9717456145003069,0.964250635645016,0.9577346477335942,0.951035205543917,0.945898814303256,0.9395214033013221,0.932688044273281,0.9257064442794121,0.9199501887357159,0.9142444267245491,0.906036628051213,0.899015449924528,0.891324942281679,0.884051198751698,0.8785023366860341,0.870284263011035,0.8610487722281401,0.8524676295210999,0.842394171012481,0.8342799922128008,0.8255757442710009,0.816065036128184,0.804910086933873,0.7899748987859281,0.7698089429929209,0.7419560003634721,0.667516845819799,0.4570414860699771,0.190211239355205
0.9119343708196891,0.9832270232324081,1.0,0.991004794261808,0.983238986567848,0.976906734902682,0.9709377992041609,0.966098864092841,0.9603313182558991,0.9540955884729392,0.947651283584937,0.9420092362931449,0.936152866022812,0.928227133108398,0.922088287883292,0.9156085303164251,0.910203041131327,0.905063350123517,0.897809016359292,0.889768748393169,0.881680853656859,0.8721874799411509,0.8649935772838969,0.856306540989533,0.8474909153592479,0.8360748540326289,0.822053901505098,0.8006523640973221,0.772754074155187,0.6982267259995389,0.484527759876584,0.19935522271827602
0.901149849579543,0.9717456145003069,0.991004794261808,1.0,0.9937249494204399,0.9880841839540491,0.9825029063814059,0.9776400617063199,0.971650341071243,0.9656351874503081,0.959757716857121,0.95405752760553,0.9482513301098521,0.9406897638557321,0.935015518676587,0.9287301875159691,0.923669166714275,0.9189425563514009,0.911738836766908,0.904244041947824,0.8967226625263891,0.8876194352557389,0.8807698817623321,0.872268841785114,0.864505318551269,0.8538043674273759,0.8402065626522539,0.819658219020588,0.79106128198667,0.7169563311285201,0.5012046768563629,0.20457468882629604
0.890036840779384,0.964250635645016,0.983238986567848,0.9937249494204399,1.0,0.995551953303463,0.990564802423605,0.986182859092111,0.981011220904102,0.975353460746249,0.9695879404711321,0.964490859402134,0.9592453545922289,0.9526524006692879,0.947464744256022,0.9419736579395741,0.9368109766289391,0.932317408329827,0.9253538869928192,0.91766925551027,0.91099860374084,0.9023423811564492,0.895706920781098,0.8871779065514208,0.8791325580484121,0.8685983838012821,0.855424963656383,0.8350805941254671,0.807046689503398,0.7321298743575608,0.518689876970511,0.211507490484045
0.88121555482086,0.9577346477335942,0.976906734902682,0.9880841839540491,0.995551953303463,1.0,0.996236768717999,0.992269757424105,0.9874719249231669,0.982457298088182,0.97719264854405,0.9723309474807769,0.9671954729140491,0.9612978086647591,0.95657285035135,0.951388620850756,0.946203495933242,0.9418649280329041,0.934808585188563,0.927887355037438,0.9217027850664559,0.913494940342515,0.906586077811976,0.898533175941287,0.8906953175891059,0.8806233556387622,0.8676093615786891,0.8478790020970909,0.820363489784144,0.7460490574321701,0.5307564736500879,0.218148431829318
0.8717006209770849,0.951035205543917,0.9709377992041609,0.9825029063814059,0.990564802423605,0.996236768717999,1.0,0.9972764517925659,0.9929809599516009,0.9883900731821249,0.983539776900825,0.978910788735712,0.97412476622678,0.968714369703345,0.9639378031389519,0.9588569752064441,0.953360277425158,0.9489514388786909,0.9420120594680891,0.9352021083725071,0.9291623632883309,0.9212430740755602,0.91461692784603,0.9070769681300129,0.899481566507625,0.889655238537285,0.8774691561672321,0.8590904216149781,0.8317043715749749,0.757443755094141,0.540315734729675,0.22654682304163698
0.8645696872153441,0.945898814303256,0.966098864092841,0.9776400617063199,0.986182859092111,0.992269757424105,0.9972764517925659,1.0,0.996989390933743,0.9928415722683079,0.9885492889894458,0.984225556667236,0.979801961895677,0.9751393074625709,0.970224417983782,0.9652352153960091,0.9597146363093092,0.955539346196343,0.9491092761055941,0.9430779653019521,0.937480133021435,0.9300362720726719,0.9235267542993381,0.9162411448394041,0.9088057344004141,0.8988667284322142,0.88719030119783,0.8695467373900121,0.843010399463798,0.7688584096518021,0.5501799906761011,0.23162378687486498
0.857568615688897,0.9395214033013221,0.9603313182558991,0.971650341071243,0.981011220904102,0.9874719249231669,0.9929809599516009,0.996989390933743,1.0,0.9971804449201371,0.993547763992189,0.9896936200911741,0.9859271665799699,0.9817969591372621,0.977303104601168,0.972679729113295,0.96754433505703,0.9635852656017908,0.957645646363246,0.952113998882509,0.9467781659903101,0.9397003473182471,0.9337093308480251,0.9268401062556758,0.919546411235245,0.9095916300810211,0.898098741675746,0.8813482233851321,0.8556733506362459,0.7827499034311209,0.560889166238293,0.23742282930563302
0.8484585531464591,0.932688044273281,0.9540955884729392,0.9656351874503081,0.975353460746249,0.982457298088182,0.9883900731821249,0.9928415722683079,0.9971804449201371,1.0,0.997684226138927,0.994619588638248,0.991527805734476,0.987919384936659,0.984228249181832,0.980097121490635,0.975364871312863,0.971795301609266,0.9663189608267909,0.961218766912661,0.9560185241241379,0.9494641058157579,0.943966772393772,0.937040861304979,0.930181306796602,0.9208324177083459,0.909964495136386,0.8941843597115559,0.8691889656700159,0.7994136904555741,0.576991761668166,0.248175528429234
0.8399128661734571,0.9257064442794121,0.947651283584937,0.959757716857121,0.9695879404711321,0.97719264854405,0.983539776900825,0.9885492889894458,0.993547763992189,0.997684226138927,1.0,0.997933166427626,0.995134565679895,0.991750853538443,0.988201150845782,0.984240577246477,0.9795859322295941,0.9762352419310429,0.9712789236000792,0.966699568331688,0.9616490786232801,0.9554954385153491,0.950399888696827,0.94367671102168,0.9369601865978341,0.927854016238489,0.9175901524565999,0.9023135051665648,0.8776908843126999,0.809347155511068,0.586450033782729,0.254059963415139
0.833435265580608,0.9199501887357159,0.9420092362931449,0.95405752760553,0.964490859402134,0.9723309474807769,0.978910788735712,0.984225556667236,0.9896936200911741,0.994619588638248,0.997933166427626,1.0,0.9980341908974699,0.995228055148634,0.991876480637956,0.9882099643427441,0.9841110525190151,0.981008790285235,0.9761411012004709,0.9719381214678,0.9670981728160691,0.961287124292461,0.9562620661683651,0.9497593399506441,0.943211324872652,0.9347697639751701,0.9247426382524809,0.9100529478560351,0.886517102238788,0.819228243337408,0.596151216516864,0.259514681400806
0.8270280033259549,0.9142444267245491,0.936152866022812,0.9482513301098521,0.9592453545922289,0.9671954729140491,0.97412476622678,0.979801961895677,0.9859271665799699,0.991527805734476,0.995134565679895,0.9980341908974699,1.0,0.998054428018137,0.995333362730457,0.992153296745946,0.9881407723386609,0.9853066707128809,0.980610052022482,0.97715988453149,0.9724962832685059,0.9669211920548579,0.962027996653949,0.955598385614906,0.948978467958446,0.9404801421572649,0.930478229604048,0.91660178100697,0.89404532558493,0.827596439991197,0.6053795462524301,0.266272808687845
0.817072021417968,0.906036628051213,0.928227133108398,0.9406897638557321,0.9526524006692879,0.9612978086647591,0.968714369703345,0.9751393074625709,0.9817969591372621,0.987919384936659,0.991750853538443,0.995228055148634,0.998054428018137,1.0,0.998093405093972,0.9954544909672141,0.9920894906499308,0.9895640105570258,0.985400321386448,0.982318853187972,0.977982905213068,0.972942947116941,0.9684108931247399,0.962385594792108,0.956079293239546,0.9476983150034141,0.938324492257487,0.925009627718129,0.90324288238494,0.8383328246480541,0.615814291538047,0.272997370230269
0.809449359381145,0.899015449924528,0.922088287883292,0.935015518676587,0.947464744256022,0.95657285035135,0.9639378031389519,0.970224417983782,0.977303104601168,0.984228249181832,0.988201150845782,0.991876480637956,0.995333362730457,0.998093405093972,1.0,0.998000189381364,0.995367966556598,0.9928615276004499,0.9890718988609709,0.9861525462364541,0.982152397499644,0.9771411318764142,0.9729688044591129,0.9669921173294559,0.961015409801177,0.9531873388619431,0.94429009096937,0.931369299182854,0.9100082567264821,0.846337498495726,0.6254966768211689,0.27828093387714503
0.8023567470809001,0.891324942281679,0.9156085303164251,0.9287301875159691,0.9419736579395741,0.951388620850756,0.9588569752064441,0.9652352153960091,0.972679729113295,0.980097121490635,0.984240577246477,0.9882099643427441,0.992153296745946,0.9954544909672141,0.998000189381364,1.0,0.9979066348985659,0.99574572423205,0.9926691334659241,0.9899227683775759,0.9862906478842729,0.981744193765432,0.9776919379714809,0.9719457344868628,0.966212322111913,0.958518657079539,0.949639390604964,0.9370271631877829,0.916611954914187,0.8540758952009019,0.634415785250765,0.281379714987947
0.79434304494936,0.884051198751698,0.910203041131327,0.923669166714275,0.9368109766289391,0.946203495933242,0.953360277425158,0.9597146363093092,0.96754433505703,0.975364871312863,0.9795859322295941,0.9841110525190151,0.9881407723386609,0.9920894906499308,0.995367966556598,0.9979066348985659,1.0,0.998277555281384,0.9957027205906829,0.9931889975984359,0.9898586513636641,0.9857701397237321,0.9818958324509351,0.9764260506762509,0.971275340386433,0.9645314138278559,0.955963547676043,0.9436390082049921,0.923820653729498,0.86166322809818,0.6426672592749211,0.282887784997821
0.7873670596565041,0.8785023366860341,0.905063350123517,0.9189425563514009,0.932317408329827,0.9418649280329041,0.9489514388786909,0.955539346196343,0.9635852656017908,0.971795301609266,0.9762352419310429,0.981008790285235,0.9853066707128809,0.9895640105570258,0.9928615276004499,0.99574572423205,0.998277555281384,1.0,0.9981645054031929,0.9960044404974191,0.993231391256524,0.989402172383236,0.985822783599878,0.980725716876774,0.9756139395828108,0.9692229830853291,0.9608335516640881,0.9492696190600809,0.9305611839135172,0.8699901197073611,0.6509722083343571,0.290100825133522
0.778850381101912,0.870284263011035,0.897809016359292,0.911738836766908,0.9253538869928192,0.934808585188563,0.9420120594680891,0.9491092761055941,0.957645646363246,0.9663189608267909,0.9712789236000792,0.9761411012004709,0.980610052022482,0.985400321386448,0.9890718988609709,0.9926691334659241,0.9957027205906829,0.9981645054031929,1.0,0.9981601990442629,0.9958621736065709,0.9927735926163199,0.9895826657459141,0.984780519872614,0.9802488086290849,0.9743566639017959,0.966554436521226,0.9559052809466758,0.9377068965951559,0.878657902566085,0.662333882868507,0.300104550333198
0.7695573304508159,0.8610487722281401,0.889768748393169,0.904244041947824,0.91766925551027,0.927887355037438,0.9352021083725071,0.9430779653019521,0.952113998882509,0.961218766912661,0.966699568331688,0.9719381214678,0.97715988453149,0.982318853187972,0.9861525462364541,0.9899227683775759,0.9931889975984359,0.9960044404974191,0.9981601990442629,1.0,0.9982456104786909,0.995581365878098,0.9926411780241279,0.9880043744536279,0.983758747374104,0.9780194521053479,0.9706524236109599,0.9603304334654119,0.942554004820547,0.8844242442654559,0.6684818974596359,0.305297282842447
0.760671987717783,0.8524676295210999,0.881680853656859,0.8967226625263891,0.91099860374084,0.9217027850664559,0.9291623632883309,0.937480133021435,0.9467781659903101,0.9560185241241379,0.9616490786232801,0.9670981728160691,0.9724962832685059,0.977982905213068,0.982152397499644,0.9862906478842729,0.9898586513636641,0.993231391256524,0.9958621736065709,0.9982456104786909,1.0,0.9980554918537231,0.995348908385237,0.991357460086543,0.9874570681968141,0.9821543578243491,0.975084902936143,0.9651943902995149,0.9479005702334828,0.89223919553535,0.6781350583013169,0.30987698845273604
0.7497387241680691,0.842394171012481,0.8721874799411509,0.8876194352557389,0.9023423811564492,0.913494940342515,0.9212430740755602,0.9300362720726719,0.9397003473182471,0.9494641058157579,0.9554954385153491,0.961287124292461,0.9669211920548579,0.972942947116941,0.9771411318764142,0.981744193765432,0.9857701397237321,0.989402172383236,0.9927735926163199,0.995581365878098,0.9980554918537231,1.0,0.997971226382208,0.9948677290291809,0.991274509756103,0.9863996809731621,0.979882172319368,0.9707019645796421,0.954163369319312,0.9006800225051791,0.688093067287786,0.32157365941092303
0.7405259782257541,0.8342799922128008,0.8649935772838969,0.8807698817623321,0.895706920781098,0.906586077811976,0.91461692784603,0.9235267542993381,0.9337093308480251,0.943966772393772,0.950399888696827,0.9562620661683651,0.962027996653949,0.9684108931247399,0.9729688044591129,0.9776919379714809,0.9818958324509351,0.985822783599878,0.9895826657459141,0.9926411780241279,0.995348908385237,0.997971226382208,1.0,0.997546650128539,0.994574705992713,0.990182927269146,0.9845368456986199,0.976123022841866,0.9606404414485771,0.9110491694466128,0.7014995177171222,0.334371436740856
0.732312499720328,0.8255757442710009,0.856306540989533,0.872268841785114,0.8871779065514208,0.898533175941287,0.9070769681300129,0.9162411448394041,0.9268401062556758,0.937040861304979,0.94367671102168,0.9497593399506441,0.955598385614906,0.962385594792108,0.9669921173294559,0.9719457344868628,0.9764260506762509,0.980725716876774,0.984780519872614,0.9880043744536279,0.991357460086543,0.9948677290291809,0.997546650128539,1.0,0.997678362497499,0.993742645469735,0.9889048909088509,0.980951085962248,0.9661536635434531,0.918403426406945,0.7077445377104878,0.341244436173306
0.7224994729100309,0.816065036128184,0.8474909153592479,0.864505318551269,0.8791325580484121,0.8906953175891059,0.899481566507625,0.9088057344004141,0.919546411235245,0.930181306796602,0.9369601865978341,0.943211324872652,0.948978467958446,0.956079293239546,0.961015409801177,0.966212322111913,0.971275340386433,0.9756139395828108,0.9802488086290849,0.983758747374104,0.9874570681968141,0.991274509756103,0.994574705992713,0.997678362497499,1.0,0.9971101622503659,0.9925475673612529,0.985284033441618,0.971277697600863,0.925685932481942,0.71807992551848,0.344577625854447
0.7110875041444059,0.804910086933873,0.8360748540326289,0.8538043674273759,0.8685983838012821,0.8806233556387622,0.889655238537285,0.8988667284322142,0.9095916300810211,0.9208324177083459,0.927854016238489,0.9347697639751701,0.9404801421572649,0.9476983150034141,0.9531873388619431,0.958518657079539,0.9645314138278559,0.9692229830853291,0.9743566639017959,0.9780194521053479,0.9821543578243491,0.9863996809731621,0.990182927269146,0.993742645469735,0.9971101622503659,1.0,0.996449735033585,0.990079716270234,0.9769513194385829,0.9336064360050079,0.7267961121660841,0.35270796137714094
0.6968850401558391,0.7899748987859281,0.822053901505098,0.8402065626522539,0.855424963656383,0.8676093615786891,0.8774691561672321,0.88719030119783,0.898098741675746,0.909964495136386,0.9175901524565999,0.9247426382524809,0.930478229604048,0.938324492257487,0.94429009096937,0.949639390604964,0.955963547676043,0.9608335516640881,0.966554436521226,0.9706524236109599,0.975084902936143,0.979882172319368,0.9845368456986199,0.9889048909088509,0.9925475673612529,0.996449735033585,1.0,0.994800059141865,0.9822550614373841,0.940303435987932,0.73658893581491,0.36037039692392697
0.6758366541458439,0.7698089429929209,0.8006523640973221,0.819658219020588,0.8350805941254671,0.8478790020970909,0.8590904216149781,0.8695467373900121,0.8813482233851321,0.8941843597115559,0.9023135051665648,0.9100529478560351,0.91660178100697,0.925009627718129,0.931369299182854,0.9370271631877829,0.9436390082049921,0.9492696190600809,0.9559052809466758,0.9603304334654119,0.9651943902995149,0.9707019645796421,0.976123022841866,0.980951085962248,0.985284033441618,0.990079716270234,0.994800059141865,1.0,0.9912177760413191,0.953415579816269,0.758467878871236,0.38074937188667296
0.646955114865941,0.7419560003634721,0.772754074155187,0.79106128198667,0.807046689503398,0.820363489784144,0.8317043715749749,0.843010399463798,0.8556733506362459,0.8691889656700159,0.8776908843126999,0.886517102238788,0.89404532558493,0.90324288238494,0.9100082567264821,0.916611954914187,0.923820653729498,0.9305611839135172,0.9377068965951559,0.942554004820547,0.9479005702334828,0.954163369319312,0.9606404414485771,0.9661536635434531,0.971277697600863,0.9769513194385829,0.9822550614373841,0.9912177760413191,1.0,0.9712682462205758,0.7904254720477529,0.41387427488333
0.573414067144449,0.667516845819799,0.6982267259995389,0.7169563311285201,0.7321298743575608,0.7460490574321701,0.757443755094141,0.7688584096518021,0.7827499034311209,0.7994136904555741,0.809347155511068,0.819228243337408,0.827596439991197,0.8383328246480541,0.846337498495726,0.8540758952009019,0.86166322809818,0.8699901197073611,0.878657902566085,0.8844242442654559,0.89223919553535,0.9006800225051791,0.9110491694466128,0.918403426406945,0.925685932481942,0.9336064360050079,0.940303435987932,0.953415579816269,0.9712682462205758,1.0,0.866244349150647,0.515035569857254
0.365486376140745,0.4570414860699771,0.484527759876584,0.5012046768563629,0.518689876970511,0.5307564736500879,0.540315734729675,0.5501799906761011,0.560889166238293,0.576991761668166,0.586450033782729,0.596151216516864,0.6053795462524301,0.615814291538047,0.6254966768211689,0.634415785250765,0.6426672592749211,0.6509722083343571,0.662333882868507,0.6684818974596359,0.6781350583013169,0.688093067287786,0.7014995177171222,0.7077445377104878,0.71807992551848,0.7267961121660841,0.73658893581491,0.758467878871236,0.7904254720477529,0.866244349150647,1.0,0.6470349121914161
0.13736394386605,0.190211239355205,0.19935522271827602,0.20457468882629604,0.211507490484045,0.218148431829318,0.22654682304163698,0.23162378687486498,0.23742282930563302,0.248175528429234,0.254059963415139,0.259514681400806,0.266272808687845,0.272997370230269,0.27828093387714503,0.281379714987947,0.282887784997821,0.290100825133522,0.300104550333198,0.305297282842447,0.30987698845273604,0.32157365941092303,0.334371436740856,0.341244436173306,0.344577625854447,0.35270796137714094,0.36037039692392697,0.38074937188667296,0.41387427488333,0.515035569857254,0.6470349121914161,1.0
