1.0,0.9352781076178449,0.8451025544747691,0.698883502923377,0.5677536864377309,0.494633411391452,0.432437177535235,0.37010815584596,0.344515345061443,0.32338344071862607,0.298905985339237,0.271573218774053,0.251830703447819,0.251171678411524,0.246178453375077,0.24011011417326,0.237840796209556,0.228281459552886,0.22034720930462803,0.224218309313506,0.224361134161409,0.22152978394199302,0.22011654473674397,0.21952070736853,0.218472813479186,0.21793320045643602,0.20596616822939603,0.190951050632865,0.17887397248541,0.17652328461829897,0.166199821868254,0.12750168170931098
0.9352781076178449,1.0,0.9557571298776701,0.8227215121726109,0.697354530881383,0.627774337249276,0.5646703947563481,0.4976156900776839,0.469357663281253,0.44484589845569605,0.41632298529792294,0.386158650474826,0.364907431454249,0.366904193099331,0.358759098212145,0.34958904881962,0.349470262767839,0.34073968764858603,0.332188289446084,0.334456012532483,0.33421196766611105,0.331042467258432,0.33174792488985105,0.33301801577508194,0.332664782373808,0.331257133099438,0.321704280236343,0.305000123779372,0.281387396054592,0.277431181767533,0.266836625200384,0.22399212738139102
0.8451025544747691,0.9557571298776701,1.0,0.950781436733158,0.8558165125891121,0.7953566345393659,0.733225484674904,0.6658961014814051,0.637418812577477,0.610130801575497,0.576099022438704,0.54358991730033,0.520029028396286,0.5209131670124361,0.5112271881820301,0.500150803412759,0.5001774074902839,0.48866135326533205,0.476921318433777,0.47897539820980795,0.476617060523144,0.47053074591402894,0.471441766361094,0.472955954152281,0.471270876084536,0.46558536031661896,0.45789680901010604,0.438547407447806,0.3994342175406311,0.394444886514974,0.383434862653377,0.331216028411265
0.698883502923377,0.8227215121726109,0.950781436733158,1.0,0.9614488213929642,0.9181543318045742,0.8621230958818621,0.801586006596018,0.775171957305097,0.7468140337486371,0.7095850297006779,0.6772654357884711,0.652797848894327,0.651277116452891,0.64175377339695,0.63013167512363,0.628896487065057,0.6146964712506561,0.6001662122083261,0.60176342332769,0.5967528860067879,0.587142454304924,0.586867206038505,0.588368460494737,0.585303882718349,0.574526780937948,0.5690125675129549,0.5489688191515879,0.49932787537294604,0.493665937897285,0.4823901790041079,0.42381573678326295
0.5677536864377309,0.697354530881383,0.8558165125891121,0.9614488213929642,1.0,0.9781772559322941,0.930455040301021,0.8808927133447341,0.85642664126185,0.827630468762795,0.7903800669336339,0.7600359589871191,0.735975796853422,0.732298884937495,0.72462935832706,0.7136312738837328,0.709527297900054,0.694668406876384,0.679325257653184,0.6792443670611601,0.6718260651661659,0.659126935161768,0.656115758081607,0.658329563558271,0.655302192862932,0.640347520379814,0.636780586194327,0.619192139405607,0.571138779162412,0.5648052358999771,0.5524979687381949,0.493619695784171
0.494633411391452,0.627774337249276,0.7953566345393659,0.9181543318045742,0.9781772559322941,1.0,0.9847260295819029,0.942466667723088,0.9189232680415541,0.8905915827108829,0.856586905415088,0.8313107703307522,0.810363665056688,0.80678243986331,0.7982757189678951,0.785949597760545,0.7811472034863169,0.766449012894945,0.751225019833126,0.751694255464308,0.7422511987199691,0.726150810538271,0.7195351710110078,0.7232146719833431,0.7224416028279119,0.7084099526773759,0.704117882487535,0.6854187951576171,0.6382767047601221,0.632023149686711,0.6193216852207031,0.5595696155810319
0.432437177535235,0.5646703947563481,0.733225484674904,0.8621230958818621,0.930455040301021,0.9847260295819029,1.0,0.9776229112392859,0.957237594432082,0.9292461155590519,0.897930166597787,0.878634113058654,0.862034541839449,0.859480470169194,0.8508872663142409,0.8377622250765779,0.83208796732801,0.8180415616969691,0.8032278145488749,0.8032706018773259,0.7924082013272099,0.7743063339006031,0.7660169720960441,0.7698882041363929,0.769531643290135,0.7554607346637391,0.7500496757430529,0.7299753302913271,0.6826158895899929,0.6756164170806961,0.661854064779963,0.6005384266305439
0.37010815584596,0.4976156900776839,0.6658961014814051,0.801586006596018,0.8808927133447341,0.942466667723088,0.9776229112392859,1.0,0.986926666869362,0.9580323620581099,0.926513373713897,0.9135336184646329,0.902278891781577,0.9014661678868809,0.8950380141584879,0.8824938014740831,0.874513948092654,0.8613569019046469,0.8467519744021441,0.843666944644345,0.831912964244657,0.8138118432449891,0.807285400426314,0.8088901832329329,0.804794641717583,0.7864862961707729,0.7801705140803701,0.759169451540619,0.7087364966598241,0.6989858887070121,0.6822986894763691,0.616846450394625
0.344515345061443,0.469357663281253,0.637418812577477,0.775171957305097,0.85642664126185,0.9189232680415541,0.957237594432082,0.986926666869362,1.0,0.9901968673134731,0.956920435265183,0.9422244772715009,0.929204627512229,0.926747780291152,0.919970307733179,0.9073660560498961,0.8996782760670121,0.8883151013087851,0.874859486521055,0.870812219784603,0.859579825827761,0.842228237164375,0.8368845698555949,0.8388073441748559,0.8347489086097171,0.8168583361818159,0.8094491871493978,0.788359790367217,0.742371896061351,0.7325600177911691,0.7133022904766129,0.6420068786969599
0.32338344071862607,0.44484589845569605,0.610130801575497,0.7468140337486371,0.827630468762795,0.8905915827108829,0.9292461155590519,0.9580323620581099,0.9901968673134731,1.0,0.9793570248903599,0.964318835081483,0.9483967077136659,0.944031183778458,0.936483635807942,0.9234979217195379,0.915868394323318,0.9053409188051771,0.892783205774893,0.8896390280433101,0.8789809700449209,0.8617525806671099,0.8562362231153541,0.858445225746735,0.855078208694022,0.8389370900646329,0.8312923862805821,0.8117686041241379,0.774539427456708,0.7668230059793609,0.746523623616183,0.671282110674824
0.298905985339237,0.41632298529792294,0.576099022438704,0.7095850297006779,0.7903800669336339,0.856586905415088,0.897930166597787,0.926513373713897,0.956920435265183,0.9793570248903599,1.0,0.990547619837272,0.972295419823022,0.9668607032712521,0.958689736781693,0.944783381296619,0.935525593438086,0.9234592029754041,0.9107527393024171,0.911170490122359,0.9004421728712,0.8815583276627059,0.8734100799192679,0.8747615855651559,0.871688541215242,0.857681870883407,0.8514321936409591,0.8360872548217629,0.812446617927343,0.80979202498126,0.790945444002773,0.7150021929186671
0.271573218774053,0.386158650474826,0.54358991730033,0.6772654357884711,0.7600359589871191,0.8313107703307522,0.878634113058654,0.9135336184646329,0.9422244772715009,0.964318835081483,0.990547619837272,1.0,0.9945021246763059,0.984838102836862,0.9768659891404841,0.963532954988019,0.9534763382862109,0.9423488826912192,0.9302820416275971,0.929714693738652,0.9166415517533679,0.8955693750463491,0.8867228846682671,0.886391883287216,0.8815591403855378,0.8663639128805519,0.8612525957699899,0.8479084202282521,0.8274605678264109,0.825524760448826,0.806844025283035,0.7316040494836591
0.251830703447819,0.364907431454249,0.520029028396286,0.652797848894327,0.735975796853422,0.810363665056688,0.862034541839449,0.902278891781577,0.929204627512229,0.9483967077136659,0.972295419823022,0.9945021246763059,1.0,0.992055787144693,0.9846963688114871,0.9714787608186,0.9612572034924171,0.951257448888126,0.939843136169903,0.9380286403618822,0.923430291225288,0.9011038640508342,0.8918500395323069,0.8900692785788811,0.8838143736545659,0.8680689562501099,0.8637516060510291,0.851043458283544,0.830041786237185,0.826990560376019,0.8073747988960551,0.7318646832044129
0.251171678411524,0.366904193099331,0.5209131670124361,0.651277116452891,0.732298884937495,0.80678243986331,0.859480470169194,0.9014661678868809,0.926747780291152,0.944031183778458,0.9668607032712521,0.984838102836862,0.992055787144693,1.0,0.993666364043432,0.978617669899819,0.968917385712203,0.9591950655938961,0.947948851888606,0.9463594229149871,0.932545520913683,0.91053902703253,0.900275013416874,0.8976693057178641,0.8913638552093671,0.8776571274681741,0.8735843466975292,0.8595875224049709,0.8348430920779921,0.8287485669399409,0.805987548134537,0.72592515424379
0.246178453375077,0.358759098212145,0.5112271881820301,0.64175377339695,0.72462935832706,0.7982757189678951,0.8508872663142409,0.8950380141584879,0.919970307733179,0.936483635807942,0.958689736781693,0.9768659891404841,0.9846963688114871,0.993666364043432,1.0,0.9951208029881919,0.985022633664058,0.9749700473454,0.9631545093215,0.9605015368637391,0.947072626464651,0.925426327652203,0.914808991736722,0.910536097011144,0.9019469373374571,0.8852541948161949,0.881836432924928,0.8684775798942199,0.8418482410022969,0.8323734474437191,0.807371768007634,0.728501117992654
0.24011011417326,0.34958904881962,0.500150803412759,0.63013167512363,0.7136312738837328,0.785949597760545,0.8377622250765779,0.8824938014740831,0.9073660560498961,0.9234979217195379,0.944783381296619,0.963532954988019,0.9714787608186,0.978617669899819,0.9951208029881919,1.0,0.9933410498143859,0.984122940744812,0.971899153457236,0.967689800603262,0.9546762267974749,0.9335637593682291,0.922546502679734,0.9168818344020749,0.90647740089993,0.8875020834960831,0.8843279013403241,0.871485934046648,0.844252557094789,0.8323604924396941,0.805938600982379,0.72912631625025
0.237840796209556,0.349470262767839,0.5001774074902839,0.628896487065057,0.709527297900054,0.7811472034863169,0.83208796732801,0.874513948092654,0.8996782760670121,0.915868394323318,0.935525593438086,0.9534763382862109,0.9612572034924171,0.968917385712203,0.985022633664058,0.9933410498143859,1.0,0.9946330269472379,0.982500081278531,0.9760122075785291,0.963549345082427,0.9430266456309441,0.9308044765592509,0.924514407932997,0.914179472892624,0.896794301177486,0.8926538517221659,0.8787153988767329,0.8520154903393521,0.8394165260416601,0.81210072730168,0.734681596980864
0.228281459552886,0.34073968764858603,0.48866135326533205,0.6146964712506561,0.694668406876384,0.766449012894945,0.8180415616969691,0.8613569019046469,0.8883151013087851,0.9053409188051771,0.9234592029754041,0.9423488826912192,0.951257448888126,0.9591950655938961,0.9749700473454,0.984122940744812,0.9946330269472379,1.0,0.996075729134744,0.9877937880452099,0.976729369698191,0.9579240473304771,0.946483615516884,0.939339805094607,0.927872080525143,0.9100916044452041,0.9055919995195579,0.891321981726083,0.864606060806613,0.849481106795149,0.8192240634429151,0.739112218681647
0.22034720930462803,0.332188289446084,0.476921318433777,0.6001662122083261,0.679325257653184,0.751225019833126,0.8032278145488749,0.8467519744021441,0.874859486521055,0.892783205774893,0.9107527393024171,0.9302820416275971,0.939843136169903,0.947948851888606,0.9631545093215,0.971899153457236,0.982500081278531,0.996075729134744,1.0,0.993918983840227,0.984564554736646,0.966916500037838,0.9560984748411259,0.9484001751333259,0.936037707256864,0.9174700496401079,0.9129284230180229,0.8988240619780301,0.87245656476292,0.855562310954159,0.823124090818947,0.7409468720785141
0.224218309313506,0.334456012532483,0.47897539820980795,0.60176342332769,0.6792443670611601,0.751694255464308,0.8032706018773259,0.843666944644345,0.870812219784603,0.8896390280433101,0.911170490122359,0.929714693738652,0.9380286403618822,0.9463594229149871,0.9605015368637391,0.967689800603262,0.9760122075785291,0.9877937880452099,0.993918983840227,1.0,0.992622622348241,0.9737782893119009,0.961641556886564,0.954107524513128,0.942004423552754,0.922703980748246,0.9183971671180171,0.904952144806848,0.8798866382627121,0.8639385335503921,0.831901646730639,0.749157044223497
0.224361134161409,0.33421196766611105,0.476617060523144,0.5967528860067879,0.6718260651661659,0.7422511987199691,0.7924082013272099,0.831912964244657,0.859579825827761,0.8789809700449209,0.9004421728712,0.9166415517533679,0.923430291225288,0.932545520913683,0.947072626464651,0.9546762267974749,0.963549345082427,0.976729369698191,0.984564554736646,0.992622622348241,1.0,0.993713690185865,0.981168948659312,0.9721219101294759,0.9587387209339151,0.939861136456202,0.9339672950962029,0.918797845624807,0.893190091363659,0.8772183310106809,0.8457751130743392,0.7649031397371859
0.22152978394199302,0.331042467258432,0.47053074591402894,0.587142454304924,0.659126935161768,0.726150810538271,0.7743063339006031,0.8138118432449891,0.842228237164375,0.8617525806671099,0.8815583276627059,0.8955693750463491,0.9011038640508342,0.91053902703253,0.925426327652203,0.9335637593682291,0.9430266456309441,0.9579240473304771,0.966916500037838,0.9737782893119009,0.993713690185865,1.0,0.9917135937362729,0.982320430955707,0.9676383989923321,0.948964614263918,0.940827522265909,0.9234540030181031,0.8971951323544208,0.8813381102702591,0.8505645678990859,0.7713021888582491
0.22011654473674397,0.33174792488985105,0.471441766361094,0.586867206038505,0.656115758081607,0.7195351710110078,0.7660169720960441,0.807285400426314,0.8368845698555949,0.8562362231153541,0.8734100799192679,0.8867228846682671,0.8918500395323069,0.900275013416874,0.914808991736722,0.922546502679734,0.9308044765592509,0.946483615516884,0.9560984748411259,0.961641556886564,0.981168948659312,0.9917135937362729,1.0,0.99436862973314,0.978862604567987,0.958327862948616,0.946958830694527,0.9270442307574351,0.900401165298479,0.8853545930060931,0.8544853454684441,0.772022866962076
0.21952070736853,0.33301801577508194,0.472955954152281,0.588368460494737,0.658329563558271,0.7232146719833431,0.7698882041363929,0.8088901832329329,0.8388073441748559,0.858445225746735,0.8747615855651559,0.886391883287216,0.8900692785788811,0.8976693057178641,0.910536097011144,0.9168818344020749,0.924514407932997,0.939339805094607,0.9484001751333259,0.954107524513128,0.9721219101294759,0.982320430955707,0.99436862973314,1.0,0.994329924214372,0.9742415229899121,0.9612479313754009,0.9397688630806609,0.9132926760225609,0.8964872346236559,0.863809036965268,0.7804842731590329
0.218472813479186,0.332664782373808,0.471270876084536,0.585303882718349,0.655302192862932,0.7224416028279119,0.769531643290135,0.804794641717583,0.8347489086097171,0.855078208694022,0.871688541215242,0.8815591403855378,0.8838143736545659,0.8913638552093671,0.9019469373374571,0.90647740089993,0.914179472892624,0.927872080525143,0.936037707256864,0.942004423552754,0.9587387209339151,0.9676383989923321,0.978862604567987,0.994329924214372,1.0,0.987264853561259,0.9739215562664929,0.9503449298516821,0.9233725866301501,0.905107379306535,0.871114956762512,0.787289231448126
0.21793320045643602,0.331257133099438,0.46558536031661896,0.574526780937948,0.640347520379814,0.7084099526773759,0.7554607346637391,0.7864862961707729,0.8168583361818159,0.8389370900646329,0.857681870883407,0.8663639128805519,0.8680689562501099,0.8776571274681741,0.8852541948161949,0.8875020834960831,0.896794301177486,0.9100916044452041,0.9174700496401079,0.922703980748246,0.939861136456202,0.948964614263918,0.958327862948616,0.9742415229899121,0.987264853561259,1.0,0.9881931754331891,0.959545706037086,0.9293089998824692,0.912370251811378,0.879436949237092,0.792873864540563
0.20596616822939603,0.321704280236343,0.45789680901010604,0.5690125675129549,0.636780586194327,0.704117882487535,0.7500496757430529,0.7801705140803701,0.8094491871493978,0.8312923862805821,0.8514321936409591,0.8612525957699899,0.8637516060510291,0.8735843466975292,0.881836432924928,0.8843279013403241,0.8926538517221659,0.9055919995195579,0.9129284230180229,0.9183971671180171,0.9339672950962029,0.940827522265909,0.946958830694527,0.9612479313754009,0.9739215562664929,0.9881931754331891,1.0,0.9900376044788459,0.9550220206939342,0.932992758520706,0.8957809019442808,0.806318425701299
0.190951050632865,0.305000123779372,0.438547407447806,0.5489688191515879,0.619192139405607,0.6854187951576171,0.7299753302913271,0.759169451540619,0.788359790367217,0.8117686041241379,0.8360872548217629,0.8479084202282521,0.851043458283544,0.8595875224049709,0.8684775798942199,0.871485934046648,0.8787153988767329,0.891321981726083,0.8988240619780301,0.904952144806848,0.918797845624807,0.9234540030181031,0.9270442307574351,0.9397688630806609,0.9503449298516821,0.959545706037086,0.9900376044788459,1.0,0.975023688314156,0.9498984631199041,0.907477410343609,0.8162687171724858
0.17887397248541,0.281387396054592,0.3994342175406311,0.49932787537294604,0.571138779162412,0.6382767047601221,0.6826158895899929,0.7087364966598241,0.742371896061351,0.774539427456708,0.812446617927343,0.8274605678264109,0.830041786237185,0.8348430920779921,0.8418482410022969,0.844252557094789,0.8520154903393521,0.864606060806613,0.87245656476292,0.8798866382627121,0.893190091363659,0.8971951323544208,0.900401165298479,0.9132926760225609,0.9233725866301501,0.9293089998824692,0.9550220206939342,0.975023688314156,1.0,0.9801908848893951,0.9317638271263421,0.8385425164603401
0.17652328461829897,0.277431181767533,0.394444886514974,0.493665937897285,0.5648052358999771,0.632023149686711,0.6756164170806961,0.6989858887070121,0.7325600177911691,0.7668230059793609,0.80979202498126,0.825524760448826,0.826990560376019,0.8287485669399409,0.8323734474437191,0.8323604924396941,0.8394165260416601,0.849481106795149,0.855562310954159,0.8639385335503921,0.8772183310106809,0.8813381102702591,0.8853545930060931,0.8964872346236559,0.905107379306535,0.912370251811378,0.932992758520706,0.9498984631199041,0.9801908848893951,1.0,0.98192668913252,0.87747149556051
0.166199821868254,0.266836625200384,0.383434862653377,0.4823901790041079,0.5524979687381949,0.6193216852207031,0.661854064779963,0.6822986894763691,0.7133022904766129,0.746523623616183,0.790945444002773,0.806844025283035,0.8073747988960551,0.805987548134537,0.807371768007634,0.805938600982379,0.81210072730168,0.8192240634429151,0.823124090818947,0.831901646730639,0.8457751130743392,0.8505645678990859,0.8544853454684441,0.863809036965268,0.871114956762512,0.879436949237092,0.8957809019442808,0.907477410343609,0.9317638271263421,0.98192668913252,1.0,0.926501045747955
0.12750168170931098,0.22399212738139102,0.331216028411265,0.42381573678326295,0.493619695784171,0.5595696155810319,0.6005384266305439,0.616846450394625,0.6420068786969599,0.671282110674824,0.7150021929186671,0.7316040494836591,0.7318646832044129,0.72592515424379,0.728501117992654,0.72912631625025,0.734681596980864,0.739112218681647,0.7409468720785141,0.749157044223497,0.7649031397371859,0.7713021888582491,0.772022866962076,0.7804842731590329,0.787289231448126,0.792873864540563,0.806318425701299,0.8162687171724858,0.8385425164603401,0.87747149556051,0.926501045747955,1.0
