1.0,0.9941073115819742,0.9701407721194542,0.915546224366083,0.8165460490718779,0.675497055657932,0.67231337742232,0.656571367167386,0.62646013047551,0.582546545356048,0.5279685151378599,0.500370002815107,0.472090513989122,0.43445685866417205,0.39091397045756293,0.345220968012174,0.31343806221509996,0.285753802761017,0.25242467859935397,0.21976502399062,0.19072640091576,0.135494969868262,0.0247678260666724,0.0166567334660776,0.0356976593633406,0.0463785526882511,0.053163375810037,0.0550651498105088,0.0538191209684696,0.0524523717099557,0.0513414057647552,0.0504709151654163
0.9941073115819742,1.0,0.99071574995113,0.9537512324716529,0.874311830404394,0.751444940013255,0.7473226783039899,0.7291878743177049,0.6950598501327241,0.6456101096138299,0.584365537746356,0.554342589912971,0.523959791494551,0.48317034403797,0.435741955887177,0.385813205046415,0.351493279890905,0.32175537026450796,0.285433626252967,0.24960131319837897,0.217617722035602,0.158981758995288,0.0398184096267531,0.005767821798644979,0.026883971689232997,0.038775049092734,0.0463463815038583,0.0487747978189424,0.048042874950122,0.0470406051127163,0.0461865427468877,0.045503435788630996
0.9701407721194542,0.99071574995113,1.0,0.9857624262887309,0.93217964410566,0.8341644567726441,0.8289338139740899,0.8081004938341071,0.769503912508445,0.71393559263303,0.645351448665433,0.6127885304998051,0.5802744998902529,0.536207382609114,0.4846968679039779,0.430288421242411,0.393358979566417,0.361541364546764,0.322072095249551,0.28285830174667,0.24771461078695103,0.18578660472663,0.0580300397694372,0.00798460560368937,0.0153820700720726,0.0285926132458134,0.0370240923702394,0.0400725007422633,0.0399975447167352,0.0394690965451711,0.0389514690734767,0.038514758469386005
0.915546224366083,0.9537512324716529,0.9857624262887309,1.0,0.9797751615776681,0.915017846232585,0.908550879148187,0.884915844791825,0.8417852207371421,0.7800786119315191,0.7041808136450369,0.6693139630539929,0.635000274738254,0.588012722742698,0.532778259280673,0.47422868162261406,0.43502160089909897,0.4014501450038979,0.359103146597519,0.316715694544607,0.27856746638109997,0.214160638643288,0.0790618392786569,0.0247884015841004,0.000760749536848275,0.0152634424329774,0.0245418997257647,0.028278715134352993,0.0290182313112844,0.0290894032567266,0.0290011960175751,0.0288804637056425
0.8165460490718779,0.874311830404394,0.93217964410566,0.9797751615776681,1.0,0.9772284711982,0.969530570980295,0.943439805339909,0.896516495229505,0.8297984909733179,0.748018005863589,0.711705282832993,0.676525279050525,0.627808687080456,0.5701954783262321,0.508893901017974,0.468433557978197,0.43402272379540796,0.38982502567192207,0.345236203732752,0.304930305031493,0.23996742997697898,0.10115233851130699,0.0438645803489213,0.0166677738519757,0.00116638731322278,0.008775159299140491,0.0131923288646894,0.0148736291292887,0.0156557395954049,0.0160818466860467,0.0163416349024924
0.675497055657932,0.751444940013255,0.8341644567726441,0.915017846232585,0.9772284711982,1.0,0.9920040848612359,0.9651780793729109,0.917032364941864,0.848637330890763,0.764842853510019,0.7287681118437679,0.694209098835316,0.6457217135275739,0.587981688925912,0.526281906074557,0.48618666009696504,0.45231560213563105,0.40792912465524606,0.362768188209204,0.321753606650917,0.258875705909487,0.121643871988606,0.0633560192335233,0.0354425012228311,0.0194660766845204,0.0091946405664011,0.00419675802807381,0.0015314783371163099,1.3170720343447e-05,0.000996584807148941,0.00167095105804576
0.67231337742232,0.7473226783039899,0.8289338139740899,0.908550879148187,0.969530570980295,0.9920040848612359,1.0,0.990475233607823,0.9600323260437851,0.908611409904098,0.840031122452604,0.808198711211268,0.7735327824568671,0.72325231942181,0.6623540431280661,0.596607174483345,0.554564648968031,0.518772710059739,0.47043505959933796,0.420645886138803,0.37512541731519106,0.30801065141705697,0.157212287886075,0.091363732701468,0.0595737919501544,0.041308975728588,0.0295399804989229,0.0232851103462083,0.0192268725112003,0.016669853231613,0.0149652891610704,0.0137618319334479
0.656571367167386,0.7291878743177049,0.8081004938341071,0.884915844791825,0.943439805339909,0.9651780793729109,0.990475233607823,1.0,0.9894264586718041,0.9574627200560559,0.9067326516831221,0.880109528762991,0.845959550223773,0.7946403672481841,0.7314077182038221,0.6624452339930059,0.619045425038927,0.581810940818457,0.5300446266898879,0.47611459785873494,0.42650886095172597,0.355996391294114,0.193148709392767,0.12025302434056599,0.084814004466851,0.0643858463087732,0.0511977727026396,0.0436856650060784,0.0381817603334456,0.0345669024234016,0.0321066662820714,0.0303479297653697
0.62646013047551,0.6950598501327241,0.769503912508445,0.8417852207371421,0.896516495229505,0.917032364941864,0.9600323260437851,0.9894264586718041,1.0,0.9891899432387181,0.958307588674808,0.937720223749769,0.9048174230139681,0.8534616162101971,0.7890730734299879,0.7181445181224391,0.6742093401585271,0.636222632277004,0.581911484471595,0.5247310281595979,0.471844308175713,0.39920590618117296,0.227021891846703,0.148205296945551,0.109652824855282,0.0873668818368166,0.0729557942446348,0.0642741850069056,0.0573609169055463,0.052706284196686,0.0495007648627568,0.0471933715549297
0.582546545356048,0.6456101096138299,0.71393559263303,0.7800786119315191,0.8297984909733179,0.848637330890763,0.908611409904098,0.9574627200560559,0.9891899432387181,1.0,0.989848909612868,0.9758067123236629,0.944872314949484,0.894583658098691,0.8304108248172339,0.75901945315871,0.715487614952861,0.6775570977821179,0.62184068490337,0.562603255949589,0.507536351948953,0.43431026659502603,0.256388691904737,0.173280289427605,0.13240882301858098,0.108723704077025,0.0933859196396829,0.0837085309458537,0.0755189477301278,0.06991311511384599,0.0660229884883341,0.0632104792213592
0.5279685151378599,0.584365537746356,0.645351448665433,0.7041808136450369,0.748018005863589,0.764842853510019,0.840031122452604,0.9067326516831221,0.958307588674808,0.989848909612868,1.0,0.9925910575237159,0.964202562055445,0.915985554435884,0.8533455584552808,0.782978301101975,0.740735364853788,0.703641746829178,0.6477126786312329,0.587703590395129,0.5316595799057829,0.459374434382991,0.279562210086367,0.19400855758915903,0.151732622885212,0.12718000170799798,0.11126045204241301,0.10081757923779198,0.0915599254249634,0.0851478263350837,0.0806744233634308,0.0774303717750026
0.500370002815107,0.554342589912971,0.6127885304998051,0.6693139630539929,0.711705282832993,0.7287681118437679,0.808198711211268,0.880109528762991,0.937720223749769,0.9758067123236629,0.9925910575237159,1.0,0.9889486174539971,0.9571148167306059,0.9090399492796859,0.8509875871032371,0.813899698733787,0.7739887678534692,0.7132177701364609,0.647794578282621,0.58659088948047,0.512932473509676,0.325875579509955,0.234197483546212,0.18855539304003197,0.161958029562004,0.144679285585561,0.132068649782877,0.12044984764730601,0.11233513146803699,0.10665288456782701,0.10252354347113099
0.472090513989122,0.523959791494551,0.5802744998902529,0.635000274738254,0.676525279050525,0.694209098835316,0.7735327824568671,0.845959550223773,0.9048174230139681,0.944872314949484,0.964202562055445,0.9889486174539971,1.0,0.9894892248861171,0.960774517919327,0.919446344124574,0.8893142731753442,0.8461136060221659,0.7800408110964979,0.7088031486022099,0.642109771224097,0.567555485019724,0.3745473326532371,0.27702641718828197,0.228114975639893,0.19951789949488602,0.180904992322133,0.16588211507251902,0.151669835966537,0.14169119365376198,0.13468744298745802,0.12959106253179598
0.43445685866417205,0.48317034403797,0.536207382609114,0.588012722742698,0.627808687080456,0.6457217135275739,0.72325231942181,0.7946403672481841,0.8534616162101971,0.894583658098691,0.915985554435884,0.9571148167306059,0.9894892248861171,1.0,0.9907798897215541,0.9666438121035551,0.943937725931652,0.8984480975755791,0.8286107894971592,0.753218528744197,0.682590587321514,0.608749754307974,0.41404607058594606,0.312902474920328,0.26184353723555,0.231904836982429,0.21238689847130202,0.195331036397353,0.17889174373197803,0.167307533877932,0.15916394134081302,0.15323284413982
0.39091397045756293,0.435741955887177,0.4846968679039779,0.532778259280673,0.5701954783262321,0.587981688925912,0.6623540431280661,0.7314077182038221,0.7890730734299879,0.8304108248172339,0.8533455584552808,0.9090399492796859,0.960774517919327,0.9907798897215541,1.0,0.992431350727543,0.9771155929757629,0.9303488241744879,0.8583161887402259,0.7804690510548821,0.7075015377224209,0.6357371050200339,0.443157419426313,0.34054831545004505,0.288450968867542,0.257826165634314,0.237832467196172,0.219197123846274,0.20098480859678802,0.18811723176216502,0.17906100451961,0.17246095619462198
0.345220968012174,0.385813205046415,0.430288421242411,0.47422868162261406,0.508893901017974,0.526281906074557,0.596607174483345,0.6624452339930059,0.7181445181224391,0.75901945315871,0.782978301101975,0.8509875871032371,0.919446344124574,0.9666438121035551,0.992431350727543,1.0,0.9916267713489141,0.944447196365218,0.871571886336605,0.7927394181147059,0.7188133751956409,0.650073902077624,0.462486396260018,0.3601830818247221,0.30797420960109,0.27721524471561604,0.257108731478466,0.237338524444868,0.21780918209284303,0.203983284179972,0.19424406987317602,0.18714279337115802
0.31343806221509996,0.351493279890905,0.393358979566417,0.43502160089909897,0.468433557978197,0.48618666009696504,0.554564648968031,0.619045425038927,0.6742093401585271,0.715487614952861,0.740735364853788,0.813899698733787,0.8893142731753442,0.943937725931652,0.9771155929757629,0.9916267713489141,1.0,0.9772753111164508,0.9238173728114509,0.8593849546600371,0.7958718273656049,0.732006271615983,0.5231817047520171,0.408659647169561,0.350144624169228,0.315652338901957,0.293098811397192,0.27757007763367303,0.25881605256013895,0.24493629500064001,0.23497481139328896,0.22763629824449103
0.285753802761017,0.32175537026450796,0.361541364546764,0.4014501450038979,0.43402272379540796,0.45231560213563105,0.518772710059739,0.581810940818457,0.636222632277004,0.6775570977821179,0.703641746829178,0.7739887678534692,0.8461136060221659,0.8984480975755791,0.9303488241744879,0.944447196365218,0.9772753111164508,1.0,0.9839746418889621,0.948244171653558,0.906128740203736,0.8502510956981421,0.603977457290146,0.46991305411943196,0.401522448241496,0.36123689768787803,0.33490558555517896,0.32844914988267704,0.312693529760344,0.299876548790891,0.29033955327894,0.28317836190198703
0.25242467859935397,0.285433626252967,0.322072095249551,0.359103146597519,0.38982502567192207,0.40792912465524606,0.47043505959933796,0.5300446266898879,0.581911484471595,0.62184068490337,0.6477126786312329,0.7132177701364609,0.7800408110964979,0.8286107894971592,0.8583161887402259,0.871571886336605,0.9238173728114509,0.9839746418889621,1.0,0.989668661166738,0.9670325375242309,0.9198377635954592,0.650716967846548,0.504925065516725,0.43063061788713897,0.38688755520083,0.358303749762733,0.359705642815611,0.347025890734215,0.33555329774798104,0.326708512406289,0.319948131647049
0.21976502399062,0.24960131319837897,0.28285830174667,0.316715694544607,0.345236203732752,0.362768188209204,0.420645886138803,0.47611459785873494,0.5247310281595979,0.562603255949589,0.587703590395129,0.647794578282621,0.7088031486022099,0.753218528744197,0.7804690510548821,0.7927394181147059,0.8593849546600371,0.948244171653558,0.989668661166738,1.0,0.9935522491348209,0.9544348754345741,0.6731914033440172,0.521354548969855,0.444037856991155,0.398530273818155,0.368798922356414,0.376486956225911,0.366574818809757,0.35644957350964596,0.34836672610862,0.342085582606385
0.19072640091576,0.217617722035602,0.24771461078695103,0.27856746638109997,0.304930305031493,0.321753606650917,0.37512541731519106,0.42650886095172597,0.471844308175713,0.507536351948953,0.5316595799057829,0.58659088948047,0.642109771224097,0.682590587321514,0.7075015377224209,0.7188133751956409,0.7958718273656049,0.906128740203736,0.9670325375242309,0.9935522491348209,1.0,0.967841774479557,0.6811231354909859,0.5267255916854789,0.448149177251108,0.40191147185253906,0.37170727379727797,0.38425380915550106,0.376675103828119,0.3677633036000471,0.36040112315842704,0.3545907595658329
0.135494969868262,0.158981758995288,0.18578660472663,0.214160638643288,0.23996742997697898,0.258875705909487,0.30801065141705697,0.355996391294114,0.39920590618117296,0.43431026659502603,0.459374434382991,0.512932473509676,0.567555485019724,0.608749754307974,0.6357371050200339,0.650073902077624,0.732006271615983,0.8502510956981421,0.9198377635954592,0.9544348754345741,0.967841774479557,1.0,0.839305754049367,0.7178186082966159,0.652071700165852,0.6123779416481989,0.586079146119457,0.587295909079038,0.565617877478854,0.5463396517214021,0.531557514661007,0.520288962811322
0.0247678260666724,0.0398184096267531,0.0580300397694372,0.0790618392786569,0.10115233851130699,0.121643871988606,0.157212287886075,0.193148709392767,0.227021891846703,0.256388691904737,0.279562210086367,0.325875579509955,0.3745473326532371,0.41404607058594606,0.443157419426313,0.462486396260018,0.5231817047520171,0.603977457290146,0.650716967846548,0.6731914033440172,0.6811231354909859,0.839305754049367,1.0,0.9809815604409301,0.959467089851878,0.9437707292008929,0.9324019286675941,0.9014356503775729,0.849849220855995,0.809996065001595,0.7809037166470291,0.759275666667986
0.0166567334660776,0.005767821798644979,0.00798460560368937,0.0247884015841004,0.0438645803489213,0.0633560192335233,0.091363732701468,0.12025302434056599,0.148205296945551,0.173280289427605,0.19400855758915903,0.234197483546212,0.27702641718828197,0.312902474920328,0.34054831545004505,0.3601830818247221,0.408659647169561,0.46991305411943196,0.504925065516725,0.521354548969855,0.5267255916854789,0.7178186082966159,0.9809815604409301,1.0,0.9959211868838729,0.9899915883979731,0.9848216616330591,0.9447307138894341,0.886406907777475,0.842252359996527,0.8102732666925191,0.78659877941937
0.0356976593633406,0.026883971689232997,0.0153820700720726,0.000760749536848275,0.0166677738519757,0.0354425012228311,0.0595737919501544,0.084814004466851,0.109652824855282,0.13240882301858098,0.151732622885212,0.18855539304003197,0.228114975639893,0.26184353723555,0.288450968867542,0.30797420960109,0.350144624169228,0.401522448241496,0.43063061788713897,0.444037856991155,0.448149177251108,0.652071700165852,0.959467089851878,0.9959211868838729,1.0,0.9986870685273409,0.996465468513218,0.9526508915225741,0.8919487437543822,0.846365157169807,0.813457320103362,0.7891374130515542
0.0463785526882511,0.038775049092734,0.0285926132458134,0.0152634424329774,0.00116638731322278,0.0194660766845204,0.041308975728588,0.0643858463087732,0.0873668818368166,0.108723704077025,0.12718000170799798,0.161958029562004,0.19951789949488602,0.231904836982429,0.257826165634314,0.27721524471561604,0.315652338901957,0.36123689768787803,0.38688755520083,0.398530273818155,0.40191147185253906,0.6123779416481989,0.9437707292008929,0.9899915883979731,0.9986870685273409,1.0,0.999460365038862,0.953690697222261,0.891858520937731,0.845629009466504,0.812313292459902,0.7877151990805401
0.053163375810037,0.0463463815038583,0.0370240923702394,0.0245418997257647,0.008775159299140491,0.0091946405664011,0.0295399804989229,0.0511977727026396,0.0729557942446348,0.0933859196396829,0.11126045204241301,0.144679285585561,0.180904992322133,0.21238689847130202,0.237832467196172,0.257108731478466,0.293098811397192,0.33490558555517896,0.358303749762733,0.368798922356414,0.37170727379727797,0.586079146119457,0.9324019286675941,0.9848216616330591,0.996465468513218,0.999460365038862,1.0,0.9530399035864531,0.890568543152946,0.8439887132515679,0.8104574783637841,0.7857149867707209
0.0550651498105088,0.0487747978189424,0.0400725007422633,0.028278715134352993,0.0131923288646894,0.00419675802807381,0.0232851103462083,0.0436856650060784,0.0642741850069056,0.0837085309458537,0.10081757923779198,0.132068649782877,0.16588211507251902,0.195331036397353,0.219197123846274,0.237338524444868,0.27757007763367303,0.32844914988267704,0.359705642815611,0.376486956225911,0.38425380915550106,0.587295909079038,0.9014356503775729,0.9447307138894341,0.9526508915225741,0.953690697222261,0.9530399035864531,1.0,0.986495874960297,0.966788738032759,0.949803625524981,0.936153616233238
0.0538191209684696,0.048042874950122,0.0399975447167352,0.0290182313112844,0.0148736291292887,0.0015314783371163099,0.0192268725112003,0.0381817603334456,0.0573609169055463,0.0755189477301278,0.0915599254249634,0.12044984764730601,0.151669835966537,0.17889174373197803,0.20098480859678802,0.21780918209284303,0.25881605256013895,0.312693529760344,0.347025890734215,0.366574818809757,0.376675103828119,0.565617877478854,0.849849220855995,0.886406907777475,0.8919487437543822,0.891858520937731,0.890568543152946,0.986495874960297,1.0,0.99559304232987,0.988217305519813,0.9810974426031078
0.0524523717099557,0.0470406051127163,0.0394690965451711,0.0290894032567266,0.0156557395954049,1.3170720343447e-05,0.016669853231613,0.0345669024234016,0.052706284196686,0.06991311511384599,0.0851478263350837,0.11233513146803699,0.14169119365376198,0.167307533877932,0.18811723176216502,0.203983284179972,0.24493629500064001,0.299876548790891,0.33555329774798104,0.35644957350964596,0.3677633036000471,0.5463396517214021,0.809996065001595,0.842252359996527,0.846365157169807,0.845629009466504,0.8439887132515679,0.966788738032759,0.99559304232987,1.0,0.998215834815425,0.9949213640211729
0.0513414057647552,0.0461865427468877,0.0389514690734767,0.0290011960175751,0.0160818466860467,0.000996584807148941,0.0149652891610704,0.0321066662820714,0.0495007648627568,0.0660229884883341,0.0806744233634308,0.10665288456782701,0.13468744298745802,0.15916394134081302,0.17906100451961,0.19424406987317602,0.23497481139328896,0.29033955327894,0.326708512406289,0.34836672610862,0.36040112315842704,0.531557514661007,0.7809037166470291,0.8102732666925191,0.813457320103362,0.812313292459902,0.8104574783637841,0.949803625524981,0.988217305519813,0.998215834815425,1.0,0.9991562695039351
0.0504709151654163,0.045503435788630996,0.038514758469386005,0.0288804637056425,0.0163416349024924,0.00167095105804576,0.0137618319334479,0.0303479297653697,0.0471933715549297,0.0632104792213592,0.0774303717750026,0.10252354347113099,0.12959106253179598,0.15323284413982,0.17246095619462198,0.18714279337115802,0.22763629824449103,0.28317836190198703,0.319948131647049,0.342085582606385,0.3545907595658329,0.520288962811322,0.759275666667986,0.78659877941937,0.7891374130515542,0.7877151990805401,0.7857149867707209,0.936153616233238,0.9810974426031078,0.9949213640211729,0.9991562695039351,1.0
