1.0,0.831178775031855,0.814382530304821,0.799071162203053,0.787824408512013,0.777701389194255,0.772592389802504,0.768673959172328,0.766771422903318,0.7621430723063141,0.757106117012044,0.7515310338018979,0.748164798371062,0.7386816428193459,0.7345592727233959,0.729782278706913,0.7276640617598821,0.7247576508393749,0.7223605105414191,0.7193615148587971,0.713551494245107,0.7114399803760341,0.702176498763447,0.695700180432934,0.6862263721848929,0.67974261976011,0.661488766301751,0.638643661096832,0.597525776921891,0.476022400566725,0.23120443174028402,0.0564185385088174
0.831178775031855,1.0,0.9759316639943059,0.9616834171261109,0.952588410011837,0.9463109832578921,0.9426863426877679,0.936485722749279,0.93171056586651,0.9280332122614379,0.922773208965215,0.9172290729368259,0.9126902171101409,0.906338250287247,0.903534728233216,0.901120426658292,0.899515182708183,0.8954862799208191,0.8913983899550509,0.8874877733406571,0.882593030798886,0.879389477383609,0.8743605449240391,0.8673890105872092,0.8577927357751299,0.8462820075747421,0.828663407734104,0.8028516770811659,0.756212336926111,0.605196378406083,0.300435974662309,0.11410094387617901
0.814382530304821,0.9759316639943059,1.0,0.98664549604254,0.9769334257243492,0.9706260760373969,0.9660300444156529,0.960461203800899,0.955988176159433,0.95251677807183,0.9473913664839358,0.9416059355111,0.93715937616872,0.9315058498821279,0.927875177895841,0.9253628096793699,0.923582888983761,0.9194766916284209,0.9160160969405359,0.9123896949782521,0.907047397007804,0.90449541385401,0.899628771362902,0.893523813888891,0.884759771345122,0.8732107506835671,0.8561582811327609,0.8306236719731671,0.783217334361867,0.6312686798007049,0.320086781823074,0.10813925762042999
0.799071162203053,0.9616834171261109,0.98664549604254,1.0,0.9906775779192629,0.983937382839539,0.977238719447622,0.9718968745074691,0.9677526868553109,0.9641076827341808,0.9591430602312251,0.9533014993764279,0.9482813503958221,0.9425665473999159,0.938933365844896,0.935882435801494,0.933634069284897,0.929762036664105,0.9263971402018991,0.923367895666765,0.9183619256861422,0.915937957056261,0.9114124533316341,0.9067234112879151,0.898512497065585,0.88784567644395,0.8713900993619008,0.847664703500361,0.800721287985924,0.647294202586606,0.337180453068739,0.126327581576611
0.787824408512013,0.952588410011837,0.9769334257243492,0.9906775779192629,1.0,0.99420047108461,0.9877732105994879,0.983403832536255,0.978841233090761,0.9742751710689891,0.9694448715703531,0.963461322234005,0.9582389109609929,0.953141497589042,0.9493907860355191,0.9467860626801979,0.9445826414036981,0.9406851812509119,0.9372830089861959,0.934617786038899,0.930099687272509,0.9277670410763821,0.9232554203470491,0.9182237361058541,0.9093483378727719,0.8992259895685061,0.882546267194905,0.8597749185128578,0.815516350929787,0.6620057982323481,0.34824945288685405,0.134172763547557
0.777701389194255,0.9463109832578921,0.9706260760373969,0.983937382839539,0.99420047108461,1.0,0.9950548789964101,0.9902222579878109,0.985210913345996,0.980541531669485,0.9757163213806608,0.96990993123533,0.9650715380465941,0.960085160981963,0.95595620493744,0.953356120428228,0.9513412660862979,0.9479374363303791,0.9444778840452019,0.941451231818573,0.936906862065359,0.935163720706765,0.931238180279544,0.926633458548525,0.91873058168917,0.9092046140121409,0.892964008262472,0.870628901595113,0.827588771342105,0.673935748940362,0.360536469375746,0.140899570161925
0.772592389802504,0.9426863426877679,0.9660300444156529,0.977238719447622,0.9877732105994879,0.9950548789964101,1.0,0.995891302225668,0.990933958363654,0.9860463886370879,0.9814622899511769,0.9753894155023491,0.970454934614615,0.965553316681062,0.961378186047016,0.958702758020997,0.9565410348158009,0.9530685720848671,0.9496960504978921,0.9466034150566139,0.941906576086182,0.9401190193496379,0.9358946689529499,0.9306970751292379,0.9227251822602809,0.9132938500144692,0.8978295001480431,0.875939646304905,0.832258791075925,0.678460916307172,0.36621921554609904,0.143040137722426
0.768673959172328,0.936485722749279,0.960461203800899,0.9718968745074691,0.983403832536255,0.9902222579878109,0.995891302225668,1.0,0.9964012221229158,0.9919194410108351,0.9872229011602249,0.9820681403946591,0.977562593136384,0.97311023529601,0.9692391159550041,0.966577311353958,0.964172827737995,0.9607543057048871,0.9574865501217121,0.954674871215531,0.9504805076724631,0.948795475302215,0.9448900531125691,0.939990759382739,0.9319960209618521,0.9227365119773241,0.9078012127176841,0.8862714287459971,0.8436626248727309,0.6923238479740711,0.381385571398271,0.15111054091757
0.766771422903318,0.93171056586651,0.955988176159433,0.9677526868553109,0.978841233090761,0.985210913345996,0.990933958363654,0.9964012221229158,1.0,0.996683445094669,0.9919498351460541,0.9870065706601641,0.982311022597407,0.9779343058377379,0.974062531809442,0.9712635028794621,0.9685134477480609,0.9655212514370569,0.9622524547640351,0.9596876412576469,0.955545234153939,0.953960762256274,0.9497598832705291,0.9451890386660379,0.937181830087047,0.928029129541109,0.913241380729856,0.8922648119704839,0.8500482508485692,0.6998459776551141,0.388201265187608,0.153276867592168
0.7621430723063141,0.9280332122614379,0.95251677807183,0.9641076827341808,0.9742751710689891,0.980541531669485,0.9860463886370879,0.9919194410108351,0.996683445094669,1.0,0.99681371206887,0.992211024893853,0.9879391747641109,0.983720677203182,0.9800662944276899,0.977114647140567,0.9739470342740129,0.9708531927622379,0.9673405750559201,0.9648195968637601,0.9610339082075229,0.9591255982544621,0.9549698482988879,0.950299071098118,0.942447997508382,0.9332659400175519,0.9186344360813941,0.8984012063908741,0.8568614024482779,0.7086889648656259,0.399439703155722,0.15851156862834698
0.757106117012044,0.922773208965215,0.9473913664839358,0.9591430602312251,0.9694448715703531,0.9757163213806608,0.9814622899511769,0.9872229011602249,0.9919498351460541,0.99681371206887,1.0,0.996847154343919,0.993273137254399,0.988915912666865,0.985407137576735,0.9826116508366629,0.9795146728988621,0.9764463981179321,0.9731655430372329,0.9707131630336421,0.967050827324239,0.964681618467636,0.9604352525330241,0.955522687957717,0.9480799997400109,0.93942785994574,0.9247005967346039,0.905155955967977,0.8645721485185508,0.719963331166831,0.41389409445059205,0.16883518709474601
0.7515310338018979,0.9172290729368259,0.9416059355111,0.9533014993764279,0.963461322234005,0.96990993123533,0.9753894155023491,0.9820681403946591,0.9870065706601641,0.992211024893853,0.996847154343919,1.0,0.997144102009369,0.9934943611010559,0.9904214110687759,0.987383508288567,0.9842793006637621,0.981130561775939,0.9777544915259441,0.975222475995566,0.9719488256880009,0.969823707279162,0.9658387480166469,0.960865293647985,0.953378817351519,0.9449589321425949,0.9301428846648921,0.9109630771224471,0.87108997002014,0.7272174696477571,0.421231127427072,0.173920806412154
0.748164798371062,0.9126902171101409,0.93715937616872,0.9482813503958221,0.9582389109609929,0.9650715380465941,0.970454934614615,0.977562593136384,0.982311022597407,0.9879391747641109,0.993273137254399,0.997144102009369,1.0,0.9976472074342478,0.994663168752453,0.9914700798250501,0.98837007630662,0.9853881534218379,0.9818633372462461,0.979056576920567,0.975749050154317,0.973570390382832,0.96967047934262,0.9651272927895649,0.957603928689861,0.949163316899305,0.9348005885127769,0.916010126699791,0.876300366175602,0.732713785109805,0.426928930439901,0.17525717346630498
0.7386816428193459,0.906338250287247,0.9315058498821279,0.9425665473999159,0.953141497589042,0.960085160981963,0.965553316681062,0.97311023529601,0.9779343058377379,0.983720677203182,0.988915912666865,0.9934943611010559,0.9976472074342478,1.0,0.9976641360817979,0.994805140691734,0.99158817632655,0.9882940845437079,0.9847689473659029,0.9816892942347181,0.9783801582402649,0.9761375671919741,0.972428682560693,0.9679396768427441,0.960140223966452,0.952152067053525,0.938416705279803,0.919663086452399,0.881161783951379,0.7388982765585451,0.433484427045809,0.17985445668488
0.7345592727233959,0.903534728233216,0.927875177895841,0.938933365844896,0.9493907860355191,0.95595620493744,0.961378186047016,0.9692391159550041,0.974062531809442,0.9800662944276899,0.985407137576735,0.9904214110687759,0.994663168752453,0.9976641360817979,1.0,0.9976860801580171,0.994808837649432,0.9914106866249259,0.9879947358126969,0.984833465621593,0.981608771036312,0.978907481181635,0.9752871578217099,0.9706319340714941,0.962834511254899,0.95481780193345,0.941339795035678,0.922540245786036,0.884149337325982,0.741512942780845,0.43331793010940606,0.181406519405578
0.729782278706913,0.901120426658292,0.9253628096793699,0.935882435801494,0.9467860626801979,0.953356120428228,0.958702758020997,0.966577311353958,0.9712635028794621,0.977114647140567,0.9826116508366629,0.987383508288567,0.9914700798250501,0.994805140691734,0.9976860801580171,1.0,0.9979106272242441,0.9948477994655279,0.991621963823979,0.9886437024300792,0.985357247418193,0.9824726712797509,0.9791099666155408,0.9742622820986829,0.9665989175781371,0.958647965261984,0.945118399825422,0.9267824009159309,0.889233850931914,0.7485620525805101,0.441492064622313,0.184374847061664
0.7276640617598821,0.899515182708183,0.923582888983761,0.933634069284897,0.9445826414036981,0.9513412660862979,0.9565410348158009,0.964172827737995,0.9685134477480609,0.9739470342740129,0.9795146728988621,0.9842793006637621,0.98837007630662,0.99158817632655,0.994808837649432,0.9979106272242441,1.0,0.9976643176270509,0.9948341416190308,0.991960055955451,0.9891688663879641,0.986175876566838,0.98272332466463,0.9777722663495841,0.970098463212635,0.962449384138443,0.949453552980201,0.9312225566892159,0.8943452781007192,0.7534784484616651,0.445407981984691,0.189606014073877
0.7247576508393749,0.8954862799208191,0.9194766916284209,0.929762036664105,0.9406851812509119,0.9479374363303791,0.9530685720848671,0.9607543057048871,0.9655212514370569,0.9708531927622379,0.9764463981179321,0.981130561775939,0.9853881534218379,0.9882940845437079,0.9914106866249259,0.9948477994655279,0.9976643176270509,1.0,0.997864861472317,0.9951861649110909,0.992365590798555,0.9893843643496509,0.986205823958948,0.981693836068609,0.9744082179332271,0.9670386028215359,0.9555631024582211,0.938519262043359,0.902424821302232,0.7635057611877359,0.45514326252628007,0.198372660086528
0.7223605105414191,0.8913983899550509,0.9160160969405359,0.9263971402018991,0.9372830089861959,0.9444778840452019,0.9496960504978921,0.9574865501217121,0.9622524547640351,0.9673405750559201,0.9731655430372329,0.9777544915259441,0.9818633372462461,0.9847689473659029,0.9879947358126969,0.991621963823979,0.9948341416190308,0.997864861472317,1.0,0.9980004255278551,0.995268339945547,0.992388728884963,0.989266107396582,0.9850818989187821,0.9781027932874209,0.9710639318102491,0.9601945435344329,0.9436465619787121,0.9085733988918291,0.771823994236557,0.466157580513243,0.20575954344115802
0.7193615148587971,0.8874877733406571,0.9123896949782521,0.923367895666765,0.934617786038899,0.941451231818573,0.9466034150566139,0.954674871215531,0.9596876412576469,0.9648195968637601,0.9707131630336421,0.975222475995566,0.979056576920567,0.9816892942347181,0.984833465621593,0.9886437024300792,0.991960055955451,0.9951861649110909,0.9980004255278551,1.0,0.99773871625526,0.994691489937272,0.9917020791705049,0.987665581157967,0.9814467792904671,0.9747233157960179,0.9640940203778,0.9479387269195759,0.913782368382771,0.7788009437179542,0.47394452413413,0.21128519831696302
0.713551494245107,0.882593030798886,0.907047397007804,0.9183619256861422,0.930099687272509,0.936906862065359,0.941906576086182,0.9504805076724631,0.955545234153939,0.9610339082075229,0.967050827324239,0.9719488256880009,0.975749050154317,0.9783801582402649,0.981608771036312,0.985357247418193,0.9891688663879641,0.992365590798555,0.995268339945547,0.99773871625526,1.0,0.9974621186853342,0.9948562328410971,0.9912107887115501,0.984828677010435,0.978429209334532,0.968744338772155,0.953800958701442,0.9204158394806701,0.785919453303503,0.48022845229718497,0.22037588355955304
0.7114399803760341,0.879389477383609,0.90449541385401,0.915937957056261,0.9277670410763821,0.935163720706765,0.9401190193496379,0.948795475302215,0.953960762256274,0.9591255982544621,0.964681618467636,0.969823707279162,0.973570390382832,0.9761375671919741,0.978907481181635,0.9824726712797509,0.986175876566838,0.9893843643496509,0.992388728884963,0.994691489937272,0.9974621186853342,1.0,0.9976892177871479,0.9942378185842841,0.988338414609101,0.98199078882185,0.97309244534823,0.95888874016828,0.92687806428101,0.79518451569885,0.49290662178154404,0.228470940823226
0.702176498763447,0.8743605449240391,0.899628771362902,0.9114124533316341,0.9232554203470491,0.931238180279544,0.9358946689529499,0.9448900531125691,0.9497598832705291,0.9549698482988879,0.9604352525330241,0.9658387480166469,0.96967047934262,0.972428682560693,0.9752871578217099,0.9791099666155408,0.98272332466463,0.986205823958948,0.989266107396582,0.9917020791705049,0.9948562328410971,0.9976892177871479,1.0,0.9971616980117379,0.9915743647343579,0.985569471214792,0.9774042447740608,0.9639259814270871,0.933457925744984,0.8040472150089281,0.5038848246193169,0.23882164056670396
0.695700180432934,0.8673890105872092,0.893523813888891,0.9067234112879151,0.9182237361058541,0.926633458548525,0.9306970751292379,0.939990759382739,0.9451890386660379,0.950299071098118,0.955522687957717,0.960865293647985,0.9651272927895649,0.9679396768427441,0.9706319340714941,0.9742622820986829,0.9777722663495841,0.981693836068609,0.9850818989187821,0.987665581157967,0.9912107887115501,0.9942378185842841,0.9971616980117379,1.0,0.995577029911706,0.990105964584146,0.982719683718837,0.9698343352770009,0.940243517203989,0.814504221559682,0.515974548802062,0.25114846490474896
0.6862263721848929,0.8577927357751299,0.884759771345122,0.898512497065585,0.9093483378727719,0.91873058168917,0.9227251822602809,0.9319960209618521,0.937181830087047,0.942447997508382,0.9480799997400109,0.953378817351519,0.957603928689861,0.960140223966452,0.962834511254899,0.9665989175781371,0.970098463212635,0.9744082179332271,0.9781027932874209,0.9814467792904671,0.984828677010435,0.988338414609101,0.9915743647343579,0.995577029911706,1.0,0.995720277051711,0.9886331441828901,0.97734305139008,0.9501138514509692,0.8293084918263159,0.534335742253889,0.26524626315584304
0.67974261976011,0.8462820075747421,0.8732107506835671,0.88784567644395,0.8992259895685061,0.9092046140121409,0.9132938500144692,0.9227365119773241,0.928029129541109,0.9332659400175519,0.93942785994574,0.9449589321425949,0.949163316899305,0.952152067053525,0.95481780193345,0.958647965261984,0.962449384138443,0.9670386028215359,0.9710639318102491,0.9747233157960179,0.978429209334532,0.98199078882185,0.985569471214792,0.990105964584146,0.995720277051711,1.0,0.9939369708285349,0.983490444852121,0.959181276555273,0.8409866592119741,0.546909040772555,0.27486866363993
0.661488766301751,0.828663407734104,0.8561582811327609,0.8713900993619008,0.882546267194905,0.892964008262472,0.8978295001480431,0.9078012127176841,0.913241380729856,0.9186344360813941,0.9247005967346039,0.9301428846648921,0.9348005885127769,0.938416705279803,0.941339795035678,0.945118399825422,0.949453552980201,0.9555631024582211,0.9601945435344329,0.9640940203778,0.968744338772155,0.97309244534823,0.9774042447740608,0.982719683718837,0.9886331441828901,0.9939369708285349,1.0,0.9915544879436421,0.9714950249662021,0.8592028316362909,0.5706799473871059,0.30105788277038203
0.638643661096832,0.8028516770811659,0.8306236719731671,0.847664703500361,0.8597749185128578,0.870628901595113,0.875939646304905,0.8862714287459971,0.8922648119704839,0.8984012063908741,0.905155955967977,0.9109630771224471,0.916010126699791,0.919663086452399,0.922540245786036,0.9267824009159309,0.9312225566892159,0.938519262043359,0.9436465619787121,0.9479387269195759,0.953800958701442,0.95888874016828,0.9639259814270871,0.9698343352770009,0.97734305139008,0.983490444852121,0.9915544879436421,1.0,0.9855952711029591,0.885245780661921,0.607629369025942,0.328961188074339
0.597525776921891,0.756212336926111,0.783217334361867,0.800721287985924,0.815516350929787,0.827588771342105,0.832258791075925,0.8436626248727309,0.8500482508485692,0.8568614024482779,0.8645721485185508,0.87108997002014,0.876300366175602,0.881161783951379,0.884149337325982,0.889233850931914,0.8943452781007192,0.902424821302232,0.9085733988918291,0.913782368382771,0.9204158394806701,0.92687806428101,0.933457925744984,0.940243517203989,0.9501138514509692,0.959181276555273,0.9714950249662021,0.9855952711029591,1.0,0.9217458654330529,0.6657621815646679,0.3685131916577721
0.476022400566725,0.605196378406083,0.6312686798007049,0.647294202586606,0.6620057982323481,0.673935748940362,0.678460916307172,0.6923238479740711,0.6998459776551141,0.7086889648656259,0.719963331166831,0.7272174696477571,0.732713785109805,0.7388982765585451,0.741512942780845,0.7485620525805101,0.7534784484616651,0.7635057611877359,0.771823994236557,0.7788009437179542,0.785919453303503,0.79518451569885,0.8040472150089281,0.814504221559682,0.8293084918263159,0.8409866592119741,0.8592028316362909,0.885245780661921,0.9217458654330529,1.0,0.8685186714425659,0.448120350943444
0.23120443174028402,0.300435974662309,0.320086781823074,0.337180453068739,0.34824945288685405,0.360536469375746,0.36621921554609904,0.381385571398271,0.388201265187608,0.399439703155722,0.41389409445059205,0.421231127427072,0.426928930439901,0.433484427045809,0.43331793010940606,0.441492064622313,0.445407981984691,0.45514326252628007,0.466157580513243,0.47394452413413,0.48022845229718497,0.49290662178154404,0.5038848246193169,0.515974548802062,0.534335742253889,0.546909040772555,0.5706799473871059,0.607629369025942,0.6657621815646679,0.8685186714425659,1.0,0.546777319567448
0.0564185385088174,0.11410094387617901,0.10813925762042999,0.126327581576611,0.134172763547557,0.140899570161925,0.143040137722426,0.15111054091757,0.153276867592168,0.15851156862834698,0.16883518709474601,0.173920806412154,0.17525717346630498,0.17985445668488,0.181406519405578,0.184374847061664,0.189606014073877,0.198372660086528,0.20575954344115802,0.21128519831696302,0.22037588355955304,0.228470940823226,0.23882164056670396,0.25114846490474896,0.26524626315584304,0.27486866363993,0.30105788277038203,0.328961188074339,0.3685131916577721,0.448120350943444,0.546777319567448,1.0
