1.0,0.849561460373708,0.7845884292324858,0.728406333450607,0.6789268507050429,0.635834716350094,0.5856532688114789,0.531462299549635,0.48673315606563894,0.452992210967915,0.38872698067138395,0.32202541098236104,0.250618602754203,0.182648052044675,0.106567496114799,0.0256769566920475,0.0510056154686188,0.120121319759461,0.17984026051206398,0.23626159842984099,0.28953345252530394,0.358953629841864,0.415598866341443,0.45951111747392603,0.483639480653791,0.520992941662064,0.5466674400517191,0.527682334999034,0.476591317136111,0.384275753239838,0.290824248082852,0.10189168099035001
0.849561460373708,1.0,0.947525476028287,0.899207325011735,0.8525101097937899,0.813760729167048,0.7703346113784291,0.720513603682708,0.683016333527564,0.647736405386473,0.580646836502724,0.509030088734294,0.43869648588925503,0.36110137330223097,0.280298587116318,0.18699846884244897,0.0946518487688906,0.0149259922037571,0.05450791960192599,0.12762022529667302,0.195587810831977,0.28152255691174893,0.354260867395957,0.41157209819808604,0.44786333839117104,0.4918708240951621,0.5257178137744939,0.5153520521431451,0.475596998147459,0.388561630994624,0.279335897546509,0.0585870082790433
0.7845884292324858,0.947525476028287,1.0,0.971447994694228,0.940549615812484,0.912765633433519,0.8792689418372079,0.836281183252123,0.8021270182875909,0.769510357343925,0.7105336359535842,0.64304125913856,0.576909833485564,0.498742657090435,0.41516054262574204,0.321508186984889,0.22734952007638398,0.142675188065737,0.0677804107674163,0.0139397832678005,0.0884416626099832,0.177450761290898,0.24956703951961104,0.318153263722467,0.36176325133517495,0.41473212837392603,0.45338226146944394,0.454305500863835,0.430633177313802,0.356215701707863,0.26601465081668696,0.0357677007480375
0.728406333450607,0.899207325011735,0.971447994694228,1.0,0.979249810344734,0.956732892684935,0.932817859484006,0.896471641934174,0.866605845147066,0.83669885755333,0.7845941812770659,0.724505601385204,0.6620734313864499,0.5875325941912529,0.506297608683005,0.413144506917556,0.31772260923948303,0.234451746288518,0.158208208064218,0.0765388328944875,0.0005889849595777081,0.0881362219603568,0.15939021985198598,0.23104066028044198,0.279545801613076,0.3375455425329939,0.383673987238666,0.397497059029287,0.383007919950746,0.31973841641973805,0.23328067633448102,0.006619340680495829
0.6789268507050429,0.8525101097937899,0.940549615812484,0.979249810344734,1.0,0.983896777137671,0.964750406390247,0.93405830413433,0.9121112276430258,0.884273075237249,0.838531485323028,0.7817279752972449,0.7258475317993441,0.6557913277189711,0.580009510616425,0.489279823821973,0.39437173018553295,0.31200258159088695,0.23566491036158105,0.155049727356752,0.0798526456688397,0.007017391074301321,0.075872139127351,0.148199053115335,0.19692209173668201,0.25894405619149397,0.30949766010633195,0.330637145078912,0.324808110969341,0.273983090373751,0.2042449975424,0.0279585213952037
0.635834716350094,0.813760729167048,0.912765633433519,0.956732892684935,0.983896777137671,1.0,0.9854203031235,0.9614319319608209,0.943448487392832,0.9210958067796909,0.880789653397654,0.8327037035369229,0.7818394102160959,0.7156594451511501,0.642429224293094,0.555422823635547,0.46286215990749796,0.38138297464213106,0.30704751210455394,0.227257770114617,0.150922460674262,0.06426391744436301,0.0036665491157973603,0.0778130125099648,0.129221180284393,0.19314618801832198,0.246226609678418,0.272114243767116,0.272604515560731,0.231903808488167,0.179794578140389,0.0425692884755297
0.5856532688114789,0.7703346113784291,0.8792689418372079,0.932817859484006,0.964750406390247,0.9854203031235,1.0,0.985566593952049,0.9705389115725791,0.9525257391840629,0.917221265448131,0.8751845275291359,0.8307175397008221,0.7675137240741609,0.69927661746081,0.6188073294048749,0.529789302866823,0.45197368348102795,0.38125538964233296,0.303071096534348,0.22868710637661396,0.14273102887156,0.074137819051349,0.00242657094403897,0.055983612832365,0.121116914650516,0.17877078830408102,0.21410387446163603,0.22116071741938104,0.189497269149885,0.15042959797404698,0.0584564617337918
0.531462299549635,0.720513603682708,0.836281183252123,0.896471641934174,0.93405830413433,0.9614319319608209,0.985566593952049,1.0,0.98882851998076,0.9768542638970099,0.9494712392710359,0.91552933745794,0.877290217872577,0.8204820054994829,0.7564790464560041,0.683477213568025,0.599877151536778,0.525985895264105,0.458388365080969,0.383665581276052,0.31192911820856395,0.22722481591447302,0.158032249581439,0.0827652406470446,0.0280823828549632,0.0395329265539242,0.102060344669313,0.143468800751366,0.158452148242555,0.13743826661290898,0.10360783181883301,0.0852792088001763
0.48673315606563894,0.683016333527564,0.8021270182875909,0.866605845147066,0.9121112276430258,0.943448487392832,0.9705389115725791,0.98882851998076,1.0,0.9911365941170579,0.9704794910399,0.942049223616327,0.9086242449332049,0.859089491014739,0.8016441098797621,0.7345269490464179,0.657027490157338,0.5864521900119649,0.520239724924746,0.44929808721392206,0.379364771188735,0.29709352529321503,0.22760687580199201,0.153657594225918,0.0981589069580827,0.0292084218574582,0.0353170219894944,0.0774989684686249,0.0958486936282555,0.08803790414203698,0.0664005687412265,0.100691482536509
0.452992210967915,0.647736405386473,0.769510357343925,0.83669885755333,0.884273075237249,0.9210958067796909,0.9525257391840629,0.9768542638970099,0.9911365941170579,1.0,0.9862251187621701,0.9622409314906579,0.932108187848611,0.8879842650401321,0.8338162112024541,0.7715149279490949,0.697639564632734,0.629363453309334,0.5662563201143499,0.49761428957232295,0.430122034590734,0.35003862100629607,0.281289297835538,0.20804218787209,0.15335640101600198,0.0839453396785531,0.0177452810757722,0.0274174919810962,0.0511152957330049,0.04666668237573301,0.0357089520130561,0.11800584351463901
0.38872698067138395,0.580646836502724,0.7105336359535842,0.7845941812770659,0.838531485323028,0.880789653397654,0.917221265448131,0.9494712392710359,0.9704794910399,0.9862251187621701,1.0,0.987079261682833,0.9644314843917671,0.929405841582157,0.882241786072021,0.825764785244764,0.7591395186474941,0.6965899099088061,0.639087655257522,0.576155370442711,0.513076407443811,0.436690067668136,0.370234616092377,0.300044244136417,0.24536823411451802,0.17657883248913697,0.109305595995526,0.0600385878318256,0.0285352134635054,0.0198715003733334,0.017327980064538003,0.139403190271639
0.32202541098236104,0.509030088734294,0.64304125913856,0.724505601385204,0.7817279752972449,0.8327037035369229,0.8751845275291359,0.91552933745794,0.942049223616327,0.9622409314906579,0.987079261682833,1.0,0.9867154105243771,0.960824109610015,0.9206432774322009,0.871840734232555,0.812687361989979,0.7550939525069159,0.7044504345853771,0.647199022963337,0.588317766643397,0.5164820839688851,0.45391543994348,0.38699723520127205,0.333355872576868,0.266304049329185,0.196701788207255,0.14307937383286598,0.10529588641472802,0.0832296822024711,0.0703050103109393,0.15798258503814702
0.250618602754203,0.43869648588925503,0.576909833485564,0.6620734313864499,0.7258475317993441,0.7818394102160959,0.8307175397008221,0.877290217872577,0.9086242449332049,0.932108187848611,0.9644314843917671,0.9867154105243771,1.0,0.984248490429436,0.9523432936638969,0.9114323247515109,0.8604277106815359,0.8100287924399409,0.7648587820387851,0.7099554453984781,0.654718940978114,0.5882341203105239,0.530414175110762,0.46591823917365405,0.413504929996729,0.347739348368667,0.279347077603336,0.22249599631046998,0.179397729361163,0.146735886647276,0.11979891593615599,0.17954306737692396
0.182648052044675,0.36110137330223097,0.498742657090435,0.5875325941912529,0.6557913277189711,0.7156594451511501,0.7675137240741609,0.8204820054994829,0.859089491014739,0.8879842650401321,0.929405841582157,0.960824109610015,0.984248490429436,1.0,0.9827367900072141,0.951265011588921,0.910747048651845,0.8669969360543441,0.82880847551067,0.7825090377555709,0.7324806852701509,0.6724182945339591,0.617785653910712,0.558971219808725,0.508281092871512,0.445209609311534,0.37800382789618203,0.323421958468034,0.277238143185527,0.238183703838443,0.18564410937976503,0.20571525810955
0.106567496114799,0.280298587116318,0.41516054262574204,0.506297608683005,0.580009510616425,0.642429224293094,0.69927661746081,0.7564790464560041,0.8016441098797621,0.8338162112024541,0.882241786072021,0.9206432774322009,0.9523432936638969,0.9827367900072141,1.0,0.984068842861087,0.9556833179028978,0.9229625171049071,0.890581503482068,0.850169704713857,0.804565216822092,0.7514858774213259,0.701917260558842,0.6443190669361079,0.5962280870187989,0.539279375601149,0.476475101634478,0.424711626153339,0.377896840370543,0.334066990336563,0.24951503998951602,0.230835922817318
0.0256769566920475,0.18699846884244897,0.321508186984889,0.413144506917556,0.489279823821973,0.555422823635547,0.6188073294048749,0.683477213568025,0.7345269490464179,0.7715149279490949,0.825764785244764,0.871840734232555,0.9114323247515109,0.951265011588921,0.984068842861087,1.0,0.9848805497467821,0.9606838083860129,0.935193811834994,0.902423208762345,0.8647752244076831,0.818164922545677,0.774153374433582,0.7204854962184991,0.677143523703869,0.6230231457806159,0.563441992265304,0.512488114694565,0.46120877899137297,0.40948766016138793,0.29983594567576694,0.24643817115806402
0.0510056154686188,0.0946518487688906,0.22734952007638398,0.31772260923948303,0.39437173018553295,0.46286215990749796,0.529789302866823,0.599877151536778,0.657027490157338,0.697639564632734,0.7591395186474941,0.812687361989979,0.8604277106815359,0.910747048651845,0.9556833179028978,0.9848805497467821,1.0,0.986595441048364,0.967750186077127,0.9429769220394599,0.9121778243324951,0.872148793526837,0.8345726913723021,0.786708243174976,0.746370649818811,0.6978795748621109,0.645180680537235,0.5977657191109661,0.545562974108045,0.483860830210855,0.353569043785671,0.262981250663695
0.120121319759461,0.0149259922037571,0.142675188065737,0.234451746288518,0.31200258159088695,0.38138297464213106,0.45197368348102795,0.525985895264105,0.5864521900119649,0.629363453309334,0.6965899099088061,0.7550939525069159,0.8100287924399409,0.8669969360543441,0.9229625171049071,0.9606838083860129,0.986595441048364,1.0,0.9888555504809108,0.970530042017196,0.9461029523052621,0.9132163114738299,0.881470174812835,0.8375449903046641,0.800591268551231,0.7575742516472099,0.7104187067008771,0.6645913582071961,0.6112616619681329,0.540968915694648,0.395794645352396,0.271378732308558
0.17984026051206398,0.05450791960192599,0.0677804107674163,0.158208208064218,0.23566491036158105,0.30704751210455394,0.38125538964233296,0.458388365080969,0.520239724924746,0.5662563201143499,0.639087655257522,0.7044504345853771,0.7648587820387851,0.82880847551067,0.890581503482068,0.935193811834994,0.967750186077127,0.9888555504809108,1.0,0.9880969468919191,0.96986110610985,0.9437982513379308,0.9166342998160609,0.8787137256486299,0.846772251505845,0.809177127960414,0.7638134012065201,0.7161435698370608,0.6584055585294929,0.583747854444821,0.43161117959076895,0.281640667654246
0.23626159842984099,0.12762022529667302,0.0139397832678005,0.0765388328944875,0.155049727356752,0.227257770114617,0.303071096534348,0.383665581276052,0.44929808721392206,0.49761428957232295,0.576155370442711,0.647199022963337,0.7099554453984781,0.7825090377555709,0.850169704713857,0.902423208762345,0.9429769220394599,0.970530042017196,0.9880969468919191,1.0,0.989879582228903,0.969775443568429,0.9449336268902192,0.9163612300743341,0.887409450696734,0.8515317426472541,0.8087788804706371,0.761447881711541,0.699282273347884,0.6189298628172429,0.4559997180694771,0.28260645321496997
0.28953345252530394,0.195587810831977,0.0884416626099832,0.0005889849595777081,0.0798526456688397,0.150922460674262,0.22868710637661396,0.31192911820856395,0.379364771188735,0.430122034590734,0.513076407443811,0.588317766643397,0.654718940978114,0.7324806852701509,0.804565216822092,0.8647752244076831,0.9121778243324951,0.9461029523052621,0.96986110610985,0.989879582228903,1.0,0.9878758143465192,0.967742583190524,0.9461103587742579,0.9215702725561801,0.889772772752423,0.849933602931188,0.8010246058112471,0.7340478060096991,0.648641281229284,0.47609290462191,0.29048505029253996
0.358953629841864,0.28152255691174893,0.177450761290898,0.0881362219603568,0.007017391074301321,0.06426391744436301,0.14273102887156,0.22722481591447302,0.29709352529321503,0.35003862100629607,0.436690067668136,0.5164820839688851,0.5882341203105239,0.6724182945339591,0.7514858774213259,0.818164922545677,0.872148793526837,0.9132163114738299,0.9437982513379308,0.969775443568429,0.9878758143465192,1.0,0.9894551497313381,0.972924287692606,0.9529139954894259,0.9274197802852451,0.889361897808838,0.841283799281111,0.77262276531368,0.6845708066563689,0.499711399448776,0.28712746136976397
0.415598866341443,0.354260867395957,0.24956703951961104,0.15939021985198598,0.075872139127351,0.0036665491157973603,0.074137819051349,0.158032249581439,0.22760687580199201,0.281289297835538,0.370234616092377,0.45391543994348,0.530414175110762,0.617785653910712,0.701917260558842,0.774153374433582,0.8345726913723021,0.881470174812835,0.9166342998160609,0.9449336268902192,0.967742583190524,0.9894551497313381,1.0,0.9865575262534251,0.9700226485289951,0.951438755500636,0.9191405382164591,0.8723076527134371,0.8046801373667191,0.7149625947183921,0.525032642019268,0.2963412336893089
0.45951111747392603,0.41157209819808604,0.318153263722467,0.23104066028044198,0.148199053115335,0.0778130125099648,0.00242657094403897,0.0827652406470446,0.153657594225918,0.20804218787209,0.300044244136417,0.38699723520127205,0.46591823917365405,0.558971219808725,0.6443190669361079,0.7204854962184991,0.786708243174976,0.8375449903046641,0.8787137256486299,0.9163612300743341,0.9461103587742579,0.972924287692606,0.9865575262534251,1.0,0.9898989973029059,0.974583557268434,0.946128956183628,0.902037818275003,0.8330454028090569,0.7315545910463871,0.534843087924204,0.286484296125431
0.483639480653791,0.44786333839117104,0.36176325133517495,0.279545801613076,0.19692209173668201,0.129221180284393,0.055983612832365,0.0280823828549632,0.0981589069580827,0.15335640101600198,0.24536823411451802,0.333355872576868,0.413504929996729,0.508281092871512,0.5962280870187989,0.677143523703869,0.746370649818811,0.800591268551231,0.846772251505845,0.887409450696734,0.9215702725561801,0.9529139954894259,0.9700226485289951,0.9898989973029059,1.0,0.986849308989296,0.9627217499998559,0.919145392858433,0.850896080534624,0.746849853096408,0.554203605377394,0.29708574977361796
0.520992941662064,0.4918708240951621,0.41473212837392603,0.3375455425329939,0.25894405619149397,0.19314618801832198,0.121116914650516,0.0395329265539242,0.0292084218574582,0.0839453396785531,0.17657883248913697,0.266304049329185,0.347739348368667,0.445209609311534,0.539279375601149,0.6230231457806159,0.6978795748621109,0.7575742516472099,0.809177127960414,0.8515317426472541,0.889772772752423,0.9274197802852451,0.951438755500636,0.974583557268434,0.986849308989296,1.0,0.983769137406793,0.9474795543604789,0.8846237156692,0.7762913283353691,0.571592642391306,0.29443637241192894
0.5466674400517191,0.5257178137744939,0.45338226146944394,0.383673987238666,0.30949766010633195,0.246226609678418,0.17877078830408102,0.102060344669313,0.0353170219894944,0.0177452810757722,0.109305595995526,0.196701788207255,0.279347077603336,0.37800382789618203,0.476475101634478,0.563441992265304,0.645180680537235,0.7104187067008771,0.7638134012065201,0.8087788804706371,0.849933602931188,0.889361897808838,0.9191405382164591,0.946128956183628,0.9627217499998559,0.983769137406793,1.0,0.9737795495220791,0.9170234120949541,0.8165311900795642,0.591930437188693,0.300121181039807
0.527682334999034,0.5153520521431451,0.454305500863835,0.397497059029287,0.330637145078912,0.272114243767116,0.21410387446163603,0.143468800751366,0.0774989684686249,0.0274174919810962,0.0600385878318256,0.14307937383286598,0.22249599631046998,0.323421958468034,0.424711626153339,0.512488114694565,0.5977657191109661,0.6645913582071961,0.7161435698370608,0.761447881711541,0.8010246058112471,0.841283799281111,0.8723076527134371,0.902037818275003,0.919145392858433,0.9474795543604789,0.9737795495220791,1.0,0.961004073505912,0.864382789664189,0.610344630054063,0.29830655922382
0.476591317136111,0.475596998147459,0.430633177313802,0.383007919950746,0.324808110969341,0.272604515560731,0.22116071741938104,0.158452148242555,0.0958486936282555,0.0511152957330049,0.0285352134635054,0.10529588641472802,0.179397729361163,0.277238143185527,0.377896840370543,0.46120877899137297,0.545562974108045,0.6112616619681329,0.6584055585294929,0.699282273347884,0.7340478060096991,0.77262276531368,0.8046801373667191,0.8330454028090569,0.850896080534624,0.8846237156692,0.9170234120949541,0.961004073505912,1.0,0.912687949426152,0.6560333013713859,0.310729398933541
0.384275753239838,0.388561630994624,0.356215701707863,0.31973841641973805,0.273983090373751,0.231903808488167,0.189497269149885,0.13743826661290898,0.08803790414203698,0.04666668237573301,0.0198715003733334,0.0832296822024711,0.146735886647276,0.238183703838443,0.334066990336563,0.40948766016138793,0.483860830210855,0.540968915694648,0.583747854444821,0.6189298628172429,0.648641281229284,0.6845708066563689,0.7149625947183921,0.7315545910463871,0.746849853096408,0.7762913283353691,0.8165311900795642,0.864382789664189,0.912687949426152,1.0,0.7587611233537729,0.37451486304286397
0.290824248082852,0.279335897546509,0.26601465081668696,0.23328067633448102,0.2042449975424,0.179794578140389,0.15042959797404698,0.10360783181883301,0.0664005687412265,0.0357089520130561,0.017327980064538003,0.0703050103109393,0.11979891593615599,0.18564410937976503,0.24951503998951602,0.29983594567576694,0.353569043785671,0.395794645352396,0.43161117959076895,0.4559997180694771,0.47609290462191,0.499711399448776,0.525032642019268,0.534843087924204,0.554203605377394,0.571592642391306,0.591930437188693,0.610344630054063,0.6560333013713859,0.7587611233537729,1.0,0.492080976779331
0.10189168099035001,0.0585870082790433,0.0357677007480375,0.006619340680495829,0.0279585213952037,0.0425692884755297,0.0584564617337918,0.0852792088001763,0.100691482536509,0.11800584351463901,0.139403190271639,0.15798258503814702,0.17954306737692396,0.20571525810955,0.230835922817318,0.24643817115806402,0.262981250663695,0.271378732308558,0.281640667654246,0.28260645321496997,0.29048505029253996,0.28712746136976397,0.2963412336893089,0.286484296125431,0.29708574977361796,0.29443637241192894,0.300121181039807,0.29830655922382,0.310729398933541,0.37451486304286397,0.492080976779331,1.0
