1.0,0.7942103269559759,0.686600648464516,0.6019200582087421,0.5258499459609021,0.4923586838621671,0.454424768236676,0.425771889708574,0.39809124446488203,0.367054477285245,0.33852832949219,0.330220497982989,0.317356278147005,0.300353235499471,0.278769865787993,0.262158784754797,0.233892636554466,0.195028346041382,0.165993528326154,0.12170925093323401,0.0842546060693619,0.0588741121770656,0.0528641604223625,0.0479886897139551,0.0389561552964372,0.0469571896939717,0.0345926547201954,0.013540054808715,0.0327903678696467,0.0671784230050597,0.0664778687007813,0.00831418569658088
0.7942103269559759,1.0,0.9446718052896421,0.817494234967439,0.725904986005677,0.693514869517065,0.647124536983693,0.606972863943548,0.5767725542713791,0.54755624885321,0.518592617590511,0.500956580649751,0.488568540757407,0.467696803498038,0.43144598986601396,0.410615690876301,0.379077394105374,0.334477800223575,0.292082108225067,0.223097547976043,0.16194287026000198,0.118098076411753,0.101828048389166,0.0960605693141308,0.0926737492958861,0.0973852874006013,0.0930218593607297,0.0826185153553639,0.0843347826233357,0.0942703580622489,0.0764616959696478,0.0121143473423958
0.686600648464516,0.9446718052896421,1.0,0.9537290087647801,0.8573995445876221,0.823227579558068,0.7680435088787791,0.7172222018101241,0.686314165775882,0.6548757470347459,0.621698774106949,0.598658931580748,0.582799311051565,0.5577096359962379,0.51542402397454,0.489930785044149,0.45496609312427,0.407085013938844,0.36295096063153104,0.28267362997401596,0.20986047380236603,0.15985504068978001,0.136730558266174,0.12770610680940803,0.124106389311643,0.12412191570126,0.11519536308136,0.10059776243102803,0.0979575610230803,0.102248865637381,0.0829650000026447,0.0256518809066026
0.6019200582087421,0.817494234967439,0.9537290087647801,1.0,0.945337153070408,0.908623220668927,0.8480560822242349,0.792229205058973,0.7627031076629179,0.7298622305978849,0.693576567802342,0.6682411653879069,0.648474335686032,0.6199274159100999,0.575700531296442,0.546885507467842,0.510469325562128,0.4620839859413379,0.41847042392076095,0.332436526109079,0.253118491138899,0.201345284267206,0.17337456795922598,0.161434211683053,0.156782233833491,0.14958482861422198,0.134473291732127,0.114841312304863,0.10976023956819199,0.11210919804203698,0.09226335552909698,0.037956652361919994
0.5258499459609021,0.725904986005677,0.8573995445876221,0.945337153070408,1.0,0.960756884076501,0.9004099177508649,0.8483450267099929,0.822185833831548,0.7909453629673859,0.755027910605185,0.730515604088103,0.7081612574119921,0.677513561032135,0.6334389063745469,0.6036648881244239,0.568757313613139,0.522579683572399,0.476726694441806,0.38675672382239507,0.30298555352838596,0.25005820487960895,0.21897619435334803,0.20598018037780602,0.201812025571192,0.184481584095755,0.167114464977426,0.148644806302453,0.137972459425896,0.135515612458634,0.108591045834393,0.0426657327755921
0.4923586838621671,0.693514869517065,0.823227579558068,0.908623220668927,0.960756884076501,1.0,0.98072799646401,0.9304932540736809,0.900823404164886,0.868316386909337,0.8316851455075981,0.806529431855373,0.7840406813084551,0.7537570308291751,0.710820593437254,0.6806080990261529,0.643170020850629,0.591813537709438,0.540739259622557,0.432538603703568,0.333418117492171,0.275780752710462,0.239193238814672,0.223622069672129,0.21957873021940197,0.195063317384887,0.178792481976596,0.164904979959919,0.155430486412981,0.156573650714797,0.12717518861750698,0.0492065344574665
0.454424768236676,0.647124536983693,0.7680435088787791,0.8480560822242349,0.9004099177508649,0.98072799646401,1.0,0.9779016355707421,0.9474662919016992,0.9153311712239119,0.8791059562796371,0.853872296199602,0.832788014239324,0.803586275042658,0.7606928325655021,0.7309113259894441,0.6924689706223079,0.6381692102040429,0.584043583726639,0.46604722718652597,0.358653379025141,0.299212687542851,0.25900328799043304,0.241933241298743,0.23850789749923396,0.21007085898812902,0.192693139937376,0.178939605251465,0.16640140286211902,0.172400527001395,0.143874880564369,0.0587007974547171
0.425771889708574,0.606972863943548,0.7172222018101241,0.792229205058973,0.8483450267099929,0.9304932540736809,0.9779016355707421,1.0,0.976343284035037,0.9472664750877571,0.911742487075728,0.8866000221399291,0.867661689469043,0.8395886290359,0.7953668095446851,0.765810249001015,0.7270926846508771,0.6714720803057429,0.6159504840539979,0.49469740186472105,0.384145487677098,0.324260113126493,0.281829036528416,0.26388413592271803,0.260849123142904,0.23114869144170702,0.21035827987667802,0.192380280542473,0.173210566926437,0.18455189517399198,0.15905652318664001,0.0700037021022279
0.39809124446488203,0.5767725542713791,0.686314165775882,0.7627031076629179,0.822185833831548,0.900823404164886,0.9474662919016992,0.976343284035037,1.0,0.9874452297860541,0.952594728507245,0.928443268910878,0.910663061494746,0.884226123198104,0.8424473024327671,0.8102047875167351,0.7706578379785809,0.7154512574517009,0.660853720189496,0.534479722093157,0.417633894737629,0.354117214445289,0.30937579293064804,0.288834211991779,0.282080044243805,0.24872870696636698,0.22441036995944,0.203129419447667,0.179861018601223,0.194695522195566,0.169712874544108,0.0737367754697706
0.367054477285245,0.54755624885321,0.6548757470347459,0.7298622305978849,0.7909453629673859,0.868316386909337,0.9153311712239119,0.9472664750877571,0.9874452297860541,1.0,0.9869219873974571,0.9628058946391651,0.9454585265969871,0.92019967665684,0.8807570144986241,0.8494093387936509,0.8113253532169241,0.757059160283812,0.6996773161241451,0.5692715970289829,0.447516304760431,0.37860413039807,0.331733142396659,0.308939840055877,0.298654549563005,0.263232149141089,0.23707708013602802,0.21395573102746301,0.19067253287299202,0.207098778300462,0.181104694939634,0.0803369668570536
0.33852832949219,0.518592617590511,0.621698774106949,0.693576567802342,0.755027910605185,0.8316851455075981,0.8791059562796371,0.911742487075728,0.952594728507245,0.9869219873974571,1.0,0.983843254575229,0.968189343288809,0.9439531277897341,0.9068490835376101,0.8776394284677801,0.842289280276226,0.790167695655869,0.730334831128889,0.5985909654976961,0.474254089276798,0.400634491504687,0.35366286769620997,0.329443504278157,0.31496079336197497,0.278732611619721,0.25184346234759697,0.22761260495739397,0.205681828317765,0.22183104303135398,0.194206836325943,0.0921472159952778
0.330220497982989,0.500956580649751,0.598658931580748,0.6682411653879069,0.730515604088103,0.806529431855373,0.853872296199602,0.8866000221399291,0.928443268910878,0.9628058946391651,0.983843254575229,1.0,0.9904639148890001,0.9669123566342328,0.9314520205538911,0.9020152769185,0.8688949428801,0.8204571754622321,0.7632737765290409,0.63339104017435,0.5083265111545371,0.432912490595378,0.390431238349895,0.3661252539067771,0.34485412814503996,0.30833025712746004,0.28079221142364696,0.254846802499899,0.231685378190061,0.24528014007824303,0.21582884799941,0.11718590811744198
0.317356278147005,0.488568540757407,0.582799311051565,0.648474335686032,0.7081612574119921,0.7840406813084551,0.832788014239324,0.867661689469043,0.910663061494746,0.9454585265969871,0.968189343288809,0.9904639148890001,1.0,0.991440985297055,0.959012403979879,0.9328455198818929,0.900934939543948,0.8513279045906229,0.7926530297072409,0.660248559867731,0.532109634819601,0.45412659901971797,0.409278469278474,0.38297090351907,0.35964536104203604,0.326819894953687,0.29810561587579304,0.268335972898971,0.240997674766959,0.251674163773066,0.222073828407786,0.128411667563513
0.300353235499471,0.467696803498038,0.5577096359962379,0.6199274159100999,0.677513561032135,0.7537570308291751,0.803586275042658,0.8395886290359,0.884226123198104,0.92019967665684,0.9439531277897341,0.9669123566342328,0.991440985297055,1.0,0.982641660907428,0.961707864594444,0.9316265509827579,0.880862176229212,0.8205082131818711,0.685445938244739,0.5539770489590949,0.47248327374310406,0.42532300345024804,0.398033260676539,0.374465328162967,0.34480330613792404,0.315204170868214,0.28232484466451196,0.252369235324713,0.260900718544306,0.230525304968859,0.13939829638749698
0.278769865787993,0.43144598986601396,0.51542402397454,0.575700531296442,0.6334389063745469,0.710820593437254,0.7606928325655021,0.7953668095446851,0.8424473024327671,0.8807570144986241,0.9068490835376101,0.9314520205538911,0.959012403979879,0.982641660907428,1.0,0.9861889912867059,0.959310144485264,0.9092013871741949,0.8483573043265791,0.711885375486672,0.577359297723662,0.49095022614492295,0.44415117290354794,0.41829988277453495,0.395685666746025,0.36666744092723397,0.336834792879228,0.30283382823808397,0.273999718647663,0.281864047743258,0.24896301695115802,0.155460651215279
0.262158784754797,0.410615690876301,0.489930785044149,0.546885507467842,0.6036648881244239,0.6806080990261529,0.7309113259894441,0.765810249001015,0.8102047875167351,0.8494093387936509,0.8776394284677801,0.9020152769185,0.9328455198818929,0.961707864594444,0.9861889912867059,1.0,0.9881297031178969,0.939623641472116,0.880487844051961,0.7464289380063741,0.6119063798945009,0.524021939196798,0.47380988136920293,0.445399325612766,0.42090840147406705,0.389430857445811,0.36051238946406605,0.328193671047364,0.296031144607805,0.30208925686101,0.266811766997777,0.171293435638071
0.233892636554466,0.379077394105374,0.45496609312427,0.510469325562128,0.568757313613139,0.643170020850629,0.6924689706223079,0.7270926846508771,0.7706578379785809,0.8113253532169241,0.842289280276226,0.8688949428801,0.900934939543948,0.9316265509827579,0.959310144485264,0.9881297031178969,1.0,0.978192541048382,0.927342749165952,0.805407123394581,0.676618741338794,0.589505432068566,0.535885007787053,0.503281599097061,0.473478487096101,0.435535066695067,0.4001870801012,0.3614618207660471,0.328969885883973,0.325811071550925,0.282588327835428,0.185963938369452
0.195028346041382,0.334477800223575,0.407085013938844,0.4620839859413379,0.522579683572399,0.591813537709438,0.6381692102040429,0.6714720803057429,0.7154512574517009,0.757059160283812,0.790167695655869,0.8204571754622321,0.8513279045906229,0.880862176229212,0.9092013871741949,0.939623641472116,0.978192541048382,1.0,0.9667985169248541,0.8677840894007499,0.7515261329387729,0.668334659280364,0.6123419680890151,0.575468021224261,0.539328482995353,0.492498413820649,0.44533392648346504,0.394240849988788,0.36385210461253004,0.34703544075199394,0.2927050037896681,0.19563139804878302
0.165993528326154,0.292082108225067,0.36295096063153104,0.41847042392076095,0.476726694441806,0.540739259622557,0.584043583726639,0.6159504840539979,0.660853720189496,0.6996773161241451,0.730334831128889,0.7632737765290409,0.7926530297072409,0.8205082131818711,0.8483573043265791,0.880487844051961,0.927342749165952,0.9667985169248541,1.0,0.948633936613435,0.852334225259105,0.774647103584338,0.7120877983713392,0.673214439543456,0.640213833665646,0.579328006803996,0.516456478059969,0.45020463637421204,0.410957093670759,0.3911460203020371,0.327237965106693,0.20787222478793901
0.12170925093323401,0.223097547976043,0.28267362997401596,0.332436526109079,0.38675672382239507,0.432538603703568,0.46604722718652597,0.49469740186472105,0.534479722093157,0.5692715970289829,0.5985909654976961,0.63339104017435,0.660248559867731,0.685445938244739,0.711885375486672,0.7464289380063741,0.805407123394581,0.8677840894007499,0.948633936613435,1.0,0.972035461813328,0.903836124732022,0.843927124301855,0.794964585670126,0.738021217190208,0.652196689514173,0.5714369623831479,0.491734594673497,0.42380006982266405,0.39790392665840707,0.333665977576462,0.21153551231756
0.0842546060693619,0.16194287026000198,0.20986047380236603,0.253118491138899,0.30298555352838596,0.333418117492171,0.358653379025141,0.384145487677098,0.417633894737629,0.447516304760431,0.474254089276798,0.5083265111545371,0.532109634819601,0.5539770489590949,0.577359297723662,0.6119063798945009,0.676618741338794,0.7515261329387729,0.852334225259105,0.972035461813328,1.0,0.960498525802726,0.90986182825944,0.8545441590120971,0.778599712761465,0.675810966939321,0.5868069106167371,0.5034609285265991,0.413592190883485,0.381249035943378,0.32019039763998497,0.20757717199267
0.0588741121770656,0.118098076411753,0.15985504068978001,0.201345284267206,0.25005820487960895,0.275780752710462,0.299212687542851,0.324260113126493,0.354117214445289,0.37860413039807,0.400634491504687,0.432912490595378,0.45412659901971797,0.47248327374310406,0.49095022614492295,0.524021939196798,0.589505432068566,0.668334659280364,0.774647103584338,0.903836124732022,0.960498525802726,1.0,0.964250554383184,0.9065933259686599,0.824042011361536,0.706699034736505,0.615029638124704,0.534263159743529,0.428489884004775,0.383566454640779,0.31960410207562295,0.21738976179363698
0.0528641604223625,0.101828048389166,0.136730558266174,0.17337456795922598,0.21897619435334803,0.239193238814672,0.25900328799043304,0.281829036528416,0.30937579293064804,0.331733142396659,0.35366286769620997,0.390431238349895,0.409278469278474,0.42532300345024804,0.44415117290354794,0.47380988136920293,0.535885007787053,0.6123419680890151,0.7120877983713392,0.843927124301855,0.90986182825944,0.964250554383184,1.0,0.978025304544055,0.8819821485887751,0.7641498066668001,0.685543673338823,0.619496578674058,0.492055175406753,0.42452134120243395,0.34396171741813103,0.233126720819022
0.0479886897139551,0.0960605693141308,0.12770610680940803,0.161434211683053,0.20598018037780602,0.223622069672129,0.241933241298743,0.26388413592271803,0.288834211991779,0.308939840055877,0.329443504278157,0.3661252539067771,0.38297090351907,0.398033260676539,0.41829988277453495,0.445399325612766,0.503281599097061,0.575468021224261,0.673214439543456,0.794964585670126,0.8545441590120971,0.9065933259686599,0.978025304544055,1.0,0.947875244995853,0.8331980663254541,0.754544042697583,0.6869960179670671,0.547643325999843,0.464587684029896,0.3699503949733,0.24817218518576997
0.0389561552964372,0.0926737492958861,0.124106389311643,0.156782233833491,0.201812025571192,0.21957873021940197,0.23850789749923396,0.260849123142904,0.282080044243805,0.298654549563005,0.31496079336197497,0.34485412814503996,0.35964536104203604,0.374465328162967,0.395685666746025,0.42090840147406705,0.473478487096101,0.539328482995353,0.640213833665646,0.738021217190208,0.778599712761465,0.824042011361536,0.8819821485887751,0.947875244995853,1.0,0.8914570031164829,0.7978773862684709,0.7113877994005879,0.5738761072198499,0.486111819273546,0.3847122589757179,0.256242215902024
0.0469571896939717,0.0973852874006013,0.12412191570126,0.14958482861422198,0.184481584095755,0.195063317384887,0.21007085898812902,0.23114869144170702,0.24872870696636698,0.263232149141089,0.278732611619721,0.30833025712746004,0.326819894953687,0.34480330613792404,0.36666744092723397,0.389430857445811,0.435535066695067,0.492498413820649,0.579328006803996,0.652196689514173,0.675810966939321,0.706699034736505,0.7641498066668001,0.8331980663254541,0.8914570031164829,1.0,0.9620860194938171,0.8388813993829599,0.7288729211973879,0.591404783775274,0.435597241570435,0.27547968830419
0.0345926547201954,0.0930218593607297,0.11519536308136,0.134473291732127,0.167114464977426,0.178792481976596,0.192693139937376,0.21035827987667802,0.22441036995944,0.23707708013602802,0.25184346234759697,0.28079221142364696,0.29810561587579304,0.315204170868214,0.336834792879228,0.36051238946406605,0.4001870801012,0.44533392648346504,0.516456478059969,0.5714369623831479,0.5868069106167371,0.615029638124704,0.685543673338823,0.754544042697583,0.7978773862684709,0.9620860194938171,1.0,0.946156705114482,0.825688509814885,0.6558301067047739,0.468530141278295,0.283365413276695
0.013540054808715,0.0826185153553639,0.10059776243102803,0.114841312304863,0.148644806302453,0.164904979959919,0.178939605251465,0.192380280542473,0.203129419447667,0.21395573102746301,0.22761260495739397,0.254846802499899,0.268335972898971,0.28232484466451196,0.30283382823808397,0.328193671047364,0.3614618207660471,0.394240849988788,0.45020463637421204,0.491734594673497,0.5034609285265991,0.534263159743529,0.619496578674058,0.6869960179670671,0.7113877994005879,0.8388813993829599,0.946156705114482,1.0,0.8559416144120291,0.672388979113275,0.47517602364196204,0.277393792072412
0.0327903678696467,0.0843347826233357,0.0979575610230803,0.10976023956819199,0.137972459425896,0.155430486412981,0.16640140286211902,0.173210566926437,0.179861018601223,0.19067253287299202,0.205681828317765,0.231685378190061,0.240997674766959,0.252369235324713,0.273999718647663,0.296031144607805,0.328969885883973,0.36385210461253004,0.410957093670759,0.42380006982266405,0.413592190883485,0.428489884004775,0.492055175406753,0.547643325999843,0.5738761072198499,0.7288729211973879,0.825688509814885,0.8559416144120291,1.0,0.8427654693708492,0.590019429841889,0.34739295770268297
0.0671784230050597,0.0942703580622489,0.102248865637381,0.11210919804203698,0.135515612458634,0.156573650714797,0.172400527001395,0.18455189517399198,0.194695522195566,0.207098778300462,0.22183104303135398,0.24528014007824303,0.251674163773066,0.260900718544306,0.281864047743258,0.30208925686101,0.325811071550925,0.34703544075199394,0.3911460203020371,0.39790392665840707,0.381249035943378,0.383566454640779,0.42452134120243395,0.464587684029896,0.486111819273546,0.591404783775274,0.6558301067047739,0.672388979113275,0.8427654693708492,1.0,0.9186615484427759,0.567742569530836
0.0664778687007813,0.0764616959696478,0.0829650000026447,0.09226335552909698,0.108591045834393,0.12717518861750698,0.143874880564369,0.15905652318664001,0.169712874544108,0.181104694939634,0.194206836325943,0.21582884799941,0.222073828407786,0.230525304968859,0.24896301695115802,0.266811766997777,0.282588327835428,0.2927050037896681,0.327237965106693,0.333665977576462,0.32019039763998497,0.31960410207562295,0.34396171741813103,0.3699503949733,0.3847122589757179,0.435597241570435,0.468530141278295,0.47517602364196204,0.590019429841889,0.9186615484427759,1.0,0.750267643389884
0.00831418569658088,0.0121143473423958,0.0256518809066026,0.037956652361919994,0.0426657327755921,0.0492065344574665,0.0587007974547171,0.0700037021022279,0.0737367754697706,0.0803369668570536,0.0921472159952778,0.11718590811744198,0.128411667563513,0.13939829638749698,0.155460651215279,0.171293435638071,0.185963938369452,0.19563139804878302,0.20787222478793901,0.21153551231756,0.20757717199267,0.21738976179363698,0.233126720819022,0.24817218518576997,0.256242215902024,0.27547968830419,0.283365413276695,0.277393792072412,0.34739295770268297,0.567742569530836,0.750267643389884,1.0
