1.0,0.525633656916296,0.40483745945818,0.38078528163398295,0.338685203823182,0.31989579650305394,0.309846623383771,0.30640141494191303,0.28964065689471197,0.27611419003841603,0.266117497681652,0.258757613237202,0.255002227143249,0.24877601913102398,0.24100055826282699,0.234779530203536,0.22720934897521303,0.220198362738691,0.21975598206544,0.212223633941589,0.194372832176943,0.18237736917045,0.182120313800303,0.16959573439447903,0.15178833173617498,0.0877603418932747,0.051870305258782,0.0544497413098418,0.0701076799881055,0.0834315563131443,0.11618118757135801,0.101754643863675
0.525633656916296,1.0,0.8261378732028121,0.7538901074940648,0.696713738236886,0.661512007872522,0.636278542642195,0.622738324503973,0.591092698640345,0.563595302911277,0.543774894204992,0.5244470607131939,0.508308693562514,0.496635423458365,0.477485773191266,0.4457489005400371,0.42992069339963707,0.407944629042141,0.392388555297302,0.37713227022219004,0.34818719068446996,0.316977911564884,0.29807425883833,0.24657503421661198,0.22492712929740197,0.169568331613875,0.12915741571716902,0.0787646072109349,0.0743301830575168,0.0680190303679291,0.10586473561570801,0.11801863835839699
0.40483745945818,0.8261378732028121,1.0,0.933154523282879,0.8697708520035992,0.823708668395129,0.7951840887316899,0.771137047562217,0.7466133403049708,0.721137379469582,0.699303544423306,0.6781176650460179,0.662874096114311,0.640643638784696,0.6148551258616349,0.5780499201854139,0.552395908642399,0.519218507851573,0.498428110896292,0.477902673865807,0.44417610269480695,0.4122095445723689,0.382233179201454,0.327018219249703,0.300126360919528,0.219361808687803,0.16650617602541598,0.0994652662045159,0.0959146458319051,0.0701160949847715,0.0902293019029229,0.11523346002849198
0.38078528163398295,0.7538901074940648,0.933154523282879,1.0,0.958616178898115,0.9068752517967059,0.8778805925462629,0.845808471556624,0.820241896940881,0.798746074820056,0.7689655631008291,0.744871558753646,0.7289176020486771,0.705907708901463,0.6800753993465469,0.643852798726687,0.6147015288333421,0.5789343657886871,0.5565064084316429,0.5329030166607249,0.49405742149546206,0.459786921396331,0.431847643292857,0.3775003727896629,0.345518326656626,0.25428661781489803,0.18661226860604896,0.110308692725814,0.102546875476044,0.0750228476661267,0.0929923625318956,0.11334103293407799
0.338685203823182,0.696713738236886,0.8697708520035992,0.958616178898115,1.0,0.9642418362977159,0.9370521323579549,0.907555014103059,0.8833187212352379,0.861760198257588,0.834056270826806,0.8118285466477551,0.7958047227103491,0.774747147665229,0.7481574144322599,0.7151178092762551,0.6833757591462021,0.644867521012626,0.6199452178515771,0.594790689649949,0.5543054688985309,0.5191013568227121,0.48918999194294804,0.430373257126775,0.39619188532719796,0.294226820904402,0.207809931466893,0.12638272496294803,0.11712891814172098,0.0849810653749013,0.0980096768795531,0.11781968592541499
0.31989579650305394,0.661512007872522,0.823708668395129,0.9068752517967059,0.9642418362977159,1.0,0.973094232019198,0.940969555687493,0.914060194312011,0.8954337985109809,0.8707874106937109,0.8514095059549319,0.834464200070948,0.809568912262425,0.7824447500890601,0.7508632827934051,0.7189818624357679,0.681679706089504,0.6581967557851329,0.635502765526744,0.5975875462586421,0.564094890610655,0.533254484433313,0.473843913758289,0.43858189878207604,0.332957995920026,0.224183588457412,0.130772888285736,0.125527488777265,0.0892981527924956,0.0997866912944843,0.121508613106358
0.309846623383771,0.636278542642195,0.7951840887316899,0.8778805925462629,0.9370521323579549,0.973094232019198,1.0,0.9792949193816041,0.950544644113451,0.9291078666006128,0.903747211370734,0.8842971501733621,0.8658949235823481,0.839968543401063,0.812298624236245,0.7852559491330391,0.753395081469274,0.713621628732643,0.6893592285566149,0.665255032149867,0.628537088514187,0.5922696355626711,0.562112530716495,0.502176618138941,0.46330676195102105,0.35509922219012496,0.25029110296903395,0.15425447194759398,0.150810997960395,0.103285818434076,0.11181306310572699,0.13287619631792
0.30640141494191303,0.622738324503973,0.771137047562217,0.845808471556624,0.907555014103059,0.940969555687493,0.9792949193816041,1.0,0.9759575688539341,0.9534735816773828,0.9271887441632779,0.904757215347391,0.8869532751009399,0.8609550120686491,0.8325931283115829,0.804174887410337,0.7725991537660021,0.7319600001469999,0.707719783959665,0.6814576098032349,0.643910442820895,0.608412873292369,0.579940901511397,0.52023848716485,0.48295439559740105,0.38190016316084,0.272250291810759,0.16538321938438,0.162854177980342,0.111633015093528,0.12047814233066499,0.145236836657609
0.28964065689471197,0.591092698640345,0.7466133403049708,0.820241896940881,0.8833187212352379,0.914060194312011,0.950544644113451,0.9759575688539341,1.0,0.9802246600749351,0.954439155110655,0.9313629250077858,0.9146706562428671,0.888470612386381,0.858977872632533,0.831092969709885,0.8016734980160621,0.763261652459623,0.7409386437364691,0.7157802516339141,0.678128613824614,0.645735343294724,0.616545441978148,0.557479676318755,0.521531428383786,0.41715937520627,0.296051823195126,0.191621999427028,0.17383835043393803,0.127938312180196,0.133205827849601,0.161364084712879
0.27611419003841603,0.563595302911277,0.721137379469582,0.798746074820056,0.861760198257588,0.8954337985109809,0.9291078666006128,0.9534735816773828,0.9802246600749351,1.0,0.9843191349964571,0.961961869249748,0.945417352922321,0.9197413319483091,0.8904711114336831,0.8617026837898399,0.8327234264356079,0.796957990705823,0.7736501470261641,0.749748919772605,0.7125620533668859,0.6819333177798229,0.650971067501105,0.588743482525211,0.552253673467484,0.44530843293716793,0.313634051792503,0.205579895391339,0.17878353114940698,0.128858636936618,0.139808162509401,0.163573185155552
0.266117497681652,0.543774894204992,0.699303544423306,0.7689655631008291,0.834056270826806,0.8707874106937109,0.903747211370734,0.9271887441632779,0.954439155110655,0.9843191349964571,1.0,0.9836265353737339,0.968085737563586,0.9452002200001159,0.919071305544149,0.892147883850188,0.8647112691260579,0.831021580500392,0.808233767408908,0.7863072449600509,0.748460495644255,0.7195477813594789,0.6900608348993221,0.624534964518306,0.5878822394441819,0.47771461674668,0.34176245493127005,0.22368557191569802,0.191326693779888,0.142028661970205,0.16141446980518398,0.182787806823835
0.258757613237202,0.5244470607131939,0.6781176650460179,0.744871558753646,0.8118285466477551,0.8514095059549319,0.8842971501733621,0.904757215347391,0.9313629250077858,0.961961869249748,0.9836265353737339,1.0,0.9853385687552141,0.9636147634873,0.93879351243467,0.9131485056122249,0.886615852293632,0.8551344223370909,0.8330736789983321,0.812075324154708,0.776636224734759,0.75117753455603,0.72171770375862,0.656210471115879,0.620137886361462,0.506479575457192,0.358769621291824,0.242793762463345,0.20657440083499498,0.15579196769145498,0.17444356851212195,0.19448223095578102
0.255002227143249,0.508308693562514,0.662874096114311,0.7289176020486771,0.7958047227103491,0.834464200070948,0.8658949235823481,0.8869532751009399,0.9146706562428671,0.945417352922321,0.968085737563586,0.9853385687552141,1.0,0.986376781300707,0.961668362903,0.9408271210653549,0.915231667652682,0.8839843016944731,0.8647207384474771,0.844679246320625,0.810867525491785,0.785642720013796,0.756402511205335,0.692725594365875,0.6576047293481329,0.5405525567652729,0.38023578198581004,0.264227031252708,0.227620476083212,0.177285352264972,0.19128077761056603,0.21348817030311998
0.24877601913102398,0.496635423458365,0.640643638784696,0.705907708901463,0.774747147665229,0.809568912262425,0.839968543401063,0.8609550120686491,0.888470612386381,0.9197413319483091,0.9452002200001159,0.9636147634873,0.986376781300707,1.0,0.9837897165010681,0.965735367480683,0.9431849519626859,0.914423041771934,0.89527169964544,0.8756833351911841,0.8441046496345308,0.8189717069671129,0.7908761597674351,0.7284176537281228,0.6935370031593678,0.570995782142489,0.41218628403446994,0.293248591980854,0.25269253791349,0.200970625285551,0.213497493363376,0.231960164866793
0.24100055826282699,0.477485773191266,0.6148551258616349,0.6800753993465469,0.7481574144322599,0.7824447500890601,0.812298624236245,0.8325931283115829,0.858977872632533,0.8904711114336831,0.919071305544149,0.93879351243467,0.961668362903,0.9837897165010681,1.0,0.985317845507119,0.9641870820248709,0.935706745918966,0.9163244909795721,0.8979841968811401,0.869400832473315,0.8447145431723979,0.8168386876108911,0.7572476322148479,0.722415947962023,0.597367441136452,0.4395954389991111,0.31037950334755104,0.27011664734610996,0.20941069109100197,0.230438028726001,0.249042404707849
0.234779530203536,0.4457489005400371,0.5780499201854139,0.643852798726687,0.7151178092762551,0.7508632827934051,0.7852559491330391,0.804174887410337,0.831092969709885,0.8617026837898399,0.892147883850188,0.9131485056122249,0.9408271210653549,0.965735367480683,0.985317845507119,1.0,0.9872588420935521,0.9622799574357439,0.945126129156753,0.928260180233229,0.9023775251776309,0.8797437973968559,0.8537517393179591,0.7972478722106869,0.7662129678236529,0.635967353675849,0.47126110605791205,0.3413072878269461,0.301398654099478,0.24008241230370897,0.256070731182353,0.266813614383509
0.22720934897521303,0.42992069339963707,0.552395908642399,0.6147015288333421,0.6833757591462021,0.7189818624357679,0.753395081469274,0.7725991537660021,0.8016734980160621,0.8327234264356079,0.8647112691260579,0.886615852293632,0.915231667652682,0.9431849519626859,0.9641870820248709,0.9872588420935521,1.0,0.986164779242789,0.968189024411563,0.950943768675452,0.924869787139463,0.9030738666302142,0.878474506379462,0.826141057280981,0.8003527824581669,0.674472482679928,0.50787025761928,0.36380534824200605,0.3216536600283689,0.265986893769433,0.273083640013759,0.27571273184128997
0.220198362738691,0.407944629042141,0.519218507851573,0.5789343657886871,0.644867521012626,0.681679706089504,0.713621628732643,0.7319600001469999,0.763261652459623,0.796957990705823,0.831021580500392,0.8551344223370909,0.8839843016944731,0.914423041771934,0.935706745918966,0.9622799574357439,0.986164779242789,1.0,0.982043154237203,0.9655783600202701,0.9407548556847539,0.9195290212211479,0.8944231796699041,0.847952346680701,0.8277049125224829,0.704140886351157,0.5282235249991151,0.380742814054105,0.332102479908344,0.273902645687358,0.285313694910221,0.285706358416609
0.21975598206544,0.392388555297302,0.498428110896292,0.5565064084316429,0.6199452178515771,0.6581967557851329,0.6893592285566149,0.707719783959665,0.7409386437364691,0.7736501470261641,0.808233767408908,0.8330736789983321,0.8647207384474771,0.89527169964544,0.9163244909795721,0.945126129156753,0.968189024411563,0.982043154237203,1.0,0.9881651898268491,0.9667522796116279,0.9448013469109409,0.9198399777879359,0.8741574156536609,0.849134649624306,0.720109101019402,0.5325543472958889,0.38871802180966,0.342863891766937,0.28727774771235,0.296178467685711,0.294202261651882
0.212223633941589,0.37713227022219004,0.477902673865807,0.5329030166607249,0.594790689649949,0.635502765526744,0.665255032149867,0.6814576098032349,0.7157802516339141,0.749748919772605,0.7863072449600509,0.812075324154708,0.844679246320625,0.8756833351911841,0.8979841968811401,0.928260180233229,0.950943768675452,0.9655783600202701,0.9881651898268491,1.0,0.9854418448560941,0.9628332814656,0.937985425969216,0.893303505124045,0.8675435317384309,0.738998636541937,0.555122625434929,0.401444507290134,0.35062895366560104,0.2970323143821,0.297115412870458,0.291956672417535
0.194372832176943,0.34818719068446996,0.44417610269480695,0.49405742149546206,0.5543054688985309,0.5975875462586421,0.628537088514187,0.643910442820895,0.678128613824614,0.7125620533668859,0.748460495644255,0.776636224734759,0.810867525491785,0.8441046496345308,0.869400832473315,0.9023775251776309,0.924869787139463,0.9407548556847539,0.9667522796116279,0.9854418448560941,1.0,0.9815439246191558,0.9574313017189381,0.915818621034647,0.8879300470829169,0.757506905500951,0.570128882929157,0.41234669042371297,0.355307407674932,0.302478429892661,0.29974992869844,0.294151664900081
0.18237736917045,0.316977911564884,0.4122095445723689,0.459786921396331,0.5191013568227121,0.564094890610655,0.5922696355626711,0.608412873292369,0.645735343294724,0.6819333177798229,0.7195477813594789,0.75117753455603,0.785642720013796,0.8189717069671129,0.8447145431723979,0.8797437973968559,0.9030738666302142,0.9195290212211479,0.9448013469109409,0.9628332814656,0.9815439246191558,1.0,0.984787007792823,0.9477072345383979,0.921900025834098,0.789411646682776,0.580690798757481,0.443953151382351,0.386959493979271,0.319396012132042,0.31702228226438106,0.308568538490102
0.182120313800303,0.29807425883833,0.382233179201454,0.431847643292857,0.48918999194294804,0.533254484433313,0.562112530716495,0.579940901511397,0.616545441978148,0.650971067501105,0.6900608348993221,0.72171770375862,0.756402511205335,0.7908761597674351,0.8168386876108911,0.8537517393179591,0.878474506379462,0.8944231796699041,0.9198399777879359,0.937985425969216,0.9574313017189381,0.984787007792823,1.0,0.9711451231048979,0.942049627488317,0.8085666974397611,0.590935746121951,0.462273054671116,0.41155485778793105,0.341197884839686,0.32519013261081603,0.311871286517973
0.16959573439447903,0.24657503421661198,0.327018219249703,0.3775003727896629,0.430373257126775,0.473843913758289,0.502176618138941,0.52023848716485,0.557479676318755,0.588743482525211,0.624534964518306,0.656210471115879,0.692725594365875,0.7284176537281228,0.7572476322148479,0.7972478722106869,0.826141057280981,0.847952346680701,0.8741574156536609,0.893303505124045,0.915818621034647,0.9477072345383979,0.9711451231048979,1.0,0.9712020503762041,0.831451867002452,0.6124877961120511,0.4881293411877511,0.43684096045698406,0.369803549927416,0.334073266998573,0.31056031231745
0.15178833173617498,0.22492712929740197,0.300126360919528,0.345518326656626,0.39619188532719796,0.43858189878207604,0.46330676195102105,0.48295439559740105,0.521531428383786,0.552253673467484,0.5878822394441819,0.620137886361462,0.6576047293481329,0.6935370031593678,0.722415947962023,0.7662129678236529,0.8003527824581669,0.8277049125224829,0.849134649624306,0.8675435317384309,0.8879300470829169,0.921900025834098,0.942049627488317,0.9712020503762041,1.0,0.8900816257481908,0.662747238702857,0.51356300989934,0.467174584650819,0.404307841183715,0.366887838550939,0.315377821179406
0.0877603418932747,0.169568331613875,0.219361808687803,0.25428661781489803,0.294226820904402,0.332957995920026,0.35509922219012496,0.38190016316084,0.41715937520627,0.44530843293716793,0.47771461674668,0.506479575457192,0.5405525567652729,0.570995782142489,0.597367441136452,0.635967353675849,0.674472482679928,0.704140886351157,0.720109101019402,0.738998636541937,0.757506905500951,0.789411646682776,0.8085666974397611,0.831451867002452,0.8900816257481908,1.0,0.809171672432803,0.611255188842837,0.512284641745,0.415630027065586,0.3953872322796839,0.329165374358002
0.051870305258782,0.12915741571716902,0.16650617602541598,0.18661226860604896,0.207809931466893,0.224183588457412,0.25029110296903395,0.272250291810759,0.296051823195126,0.313634051792503,0.34176245493127005,0.358769621291824,0.38023578198581004,0.41218628403446994,0.4395954389991111,0.47126110605791205,0.50787025761928,0.5282235249991151,0.5325543472958889,0.555122625434929,0.570128882929157,0.580690798757481,0.590935746121951,0.6124877961120511,0.662747238702857,0.809171672432803,1.0,0.7378151720839459,0.5463239223056211,0.418151316937757,0.4580941891375,0.317230412511585
0.0544497413098418,0.0787646072109349,0.0994652662045159,0.110308692725814,0.12638272496294803,0.130772888285736,0.15425447194759398,0.16538321938438,0.191621999427028,0.205579895391339,0.22368557191569802,0.242793762463345,0.264227031252708,0.293248591980854,0.31037950334755104,0.3413072878269461,0.36380534824200605,0.380742814054105,0.38871802180966,0.401444507290134,0.41234669042371297,0.443953151382351,0.462273054671116,0.4881293411877511,0.51356300989934,0.611255188842837,0.7378151720839459,1.0,0.8010527754420901,0.597600571463549,0.47142631138686103,0.302926858491774
0.0701076799881055,0.0743301830575168,0.0959146458319051,0.102546875476044,0.11712891814172098,0.125527488777265,0.150810997960395,0.162854177980342,0.17383835043393803,0.17878353114940698,0.191326693779888,0.20657440083499498,0.227620476083212,0.25269253791349,0.27011664734610996,0.301398654099478,0.3216536600283689,0.332102479908344,0.342863891766937,0.35062895366560104,0.355307407674932,0.386959493979271,0.41155485778793105,0.43684096045698406,0.467174584650819,0.512284641745,0.5463239223056211,0.8010527754420901,1.0,0.793341043649657,0.59093804333193,0.385298670665996
0.0834315563131443,0.0680190303679291,0.0701160949847715,0.0750228476661267,0.0849810653749013,0.0892981527924956,0.103285818434076,0.111633015093528,0.127938312180196,0.128858636936618,0.142028661970205,0.15579196769145498,0.177285352264972,0.200970625285551,0.20941069109100197,0.24008241230370897,0.265986893769433,0.273902645687358,0.28727774771235,0.2970323143821,0.302478429892661,0.319396012132042,0.341197884839686,0.369803549927416,0.404307841183715,0.415630027065586,0.418151316937757,0.597600571463549,0.793341043649657,1.0,0.687953177600075,0.412580750414466
0.11618118757135801,0.10586473561570801,0.0902293019029229,0.0929923625318956,0.0980096768795531,0.0997866912944843,0.11181306310572699,0.12047814233066499,0.133205827849601,0.139808162509401,0.16141446980518398,0.17444356851212195,0.19128077761056603,0.213497493363376,0.230438028726001,0.256070731182353,0.273083640013759,0.285313694910221,0.296178467685711,0.297115412870458,0.29974992869844,0.31702228226438106,0.32519013261081603,0.334073266998573,0.366887838550939,0.3953872322796839,0.4580941891375,0.47142631138686103,0.59093804333193,0.687953177600075,1.0,0.6930350075096701
0.101754643863675,0.11801863835839699,0.11523346002849198,0.11334103293407799,0.11781968592541499,0.121508613106358,0.13287619631792,0.145236836657609,0.161364084712879,0.163573185155552,0.182787806823835,0.19448223095578102,0.21348817030311998,0.231960164866793,0.249042404707849,0.266813614383509,0.27571273184128997,0.285706358416609,0.294202261651882,0.291956672417535,0.294151664900081,0.308568538490102,0.311871286517973,0.31056031231745,0.315377821179406,0.329165374358002,0.317230412511585,0.302926858491774,0.385298670665996,0.412580750414466,0.6930350075096701,1.0
