1.0,0.993129735140323,0.920809896125725,0.471966355892784,0.446500183587372,0.393079456451799,0.30422974920455703,0.28744118833624105,0.261223220467094,0.223579823792177,0.209750725154292,0.195614429257855,0.17458504393859398,0.161432432107358,0.150406509443487,0.135798230176348,0.12097907178918499,0.0988540123521642,0.0828256424716631,0.078010113597558,0.08243151249059899,0.0834815843416801,0.0821877797843241,0.0741460378892467,0.0661735067908703,0.0604924297060681,0.0482461538595583,0.0383095513015099,0.0334126216266261,0.0949276302281343,0.10135710259130198,0.102093754657
0.993129735140323,1.0,0.9601222734593641,0.5718528708564949,0.545444233269679,0.486163606540249,0.38421058554876,0.36714856800780105,0.33861846622202396,0.29580240339751396,0.27987752631449103,0.262563844469789,0.23603587730518602,0.21995539152409804,0.20664562380384502,0.188363661178976,0.165122026292931,0.130378283382527,0.10641591560685601,0.0978709259654007,0.10094308755347699,0.10027259913218599,0.0969542104780432,0.08555962541814399,0.0751758673585093,0.0679615375227734,0.0557481365012946,0.0449153319050749,0.0395241827859309,0.102275903687702,0.10804479503401801,0.10843318160554301
0.920809896125725,0.9601222734593641,1.0,0.7783107636290341,0.7511369883918839,0.6811929318653009,0.5536726470506899,0.5369177449233,0.5044695168792871,0.45170513568282894,0.43166947328550503,0.40773900979674,0.36956715494786896,0.34739660197957695,0.329379510320804,0.30334951958255796,0.261293237253797,0.198356753471632,0.15678738225997302,0.13981298601517497,0.13948861311968697,0.13474510772782003,0.126776384812088,0.10801261726409699,0.0924524832103384,0.0819810182007522,0.0705336803139641,0.0581694729577803,0.0519010148255858,0.11407505751075699,0.117940946292266,0.117475394313255
0.471966355892784,0.5718528708564949,0.7783107636290341,1.0,0.9837396884128241,0.9167162705903779,0.7767854707220191,0.765807482613888,0.734045341235549,0.6742073551018349,0.650744137319191,0.618813724426914,0.5653699070205451,0.535940257023419,0.512623069273364,0.47670585618141204,0.4040789533637371,0.295213858420916,0.225635650498042,0.194586379476774,0.18711934529680901,0.17488240969502802,0.15900468511993698,0.129262267718359,0.106561440306841,0.0917673505897438,0.0850627655017412,0.0725302611681133,0.0659501302630106,0.106628718868894,0.10451797322514599,0.10207985099321303
0.446500183587372,0.545444233269679,0.7511369883918839,0.9837396884128241,1.0,0.973567425626875,0.877260659459624,0.865781330344067,0.830184568555037,0.762866100047875,0.736608554238578,0.7007592158612739,0.6405546675483461,0.607970460204606,0.582519811368109,0.5427224761142391,0.460255428701518,0.33592394369142,0.256520599190748,0.22255494685740804,0.217968257061081,0.207148107926661,0.191832204466526,0.160444839572077,0.135363549969277,0.11877611729440199,0.10828649299068001,0.0916776506382656,0.0830313881202416,0.11552596523566099,0.10947352778795,0.105514371885083
0.393079456451799,0.486163606540249,0.6811929318653009,0.9167162705903779,0.973567425626875,1.0,0.9637075727278129,0.952131484840098,0.9133351879266559,0.8396751378684059,0.8111010298177079,0.771956843638188,0.7059908867089659,0.6709300644447529,0.6439652723844449,0.6011084301437061,0.510012654161929,0.37186975003379097,0.283712428690413,0.247638134155764,0.24693049795492605,0.23842184211074102,0.22454196136250398,0.19254138681654104,0.165614438706724,0.14752784016797102,0.132718911009908,0.111708598051203,0.10084214433030199,0.121398159127922,0.11061815938908301,0.104911205799351
0.30422974920455703,0.38421058554876,0.5536726470506899,0.7767854707220191,0.877260659459624,0.9637075727278129,1.0,0.989088586905414,0.9491592117484879,0.873035981569653,0.8436740349263591,0.803308740186367,0.735040778255347,0.6994408698510539,0.672518003187859,0.628964569707307,0.533903795562138,0.3888992002197179,0.296433059374942,0.26031786834528303,0.26419172392169604,0.258956482616783,0.247687621197066,0.21712035063083604,0.18984530084711604,0.171221629445691,0.152359150675375,0.12761590634139303,0.11488452101022,0.12010529829627101,0.10452387215522001,0.0971574795812514
0.28744118833624105,0.36714856800780105,0.5369177449233,0.765807482613888,0.865781330344067,0.952131484840098,0.989088586905414,1.0,0.9851763777806809,0.93534520753335,0.9109091745851859,0.869203010777094,0.7973504171968671,0.759401729995819,0.7300873147655591,0.6827210909860439,0.581314883334371,0.42590252566135706,0.326357983900459,0.28760444838435495,0.292085766712915,0.286463539530487,0.27356285893893,0.23754000529818603,0.20625502241848603,0.185073759198224,0.166657821187838,0.14033501959273,0.126714615808419,0.130591184417377,0.11304837313315101,0.104828545857952
0.261223220467094,0.33861846622202396,0.5044695168792871,0.734045341235549,0.830184568555037,0.9133351879266559,0.9491592117484879,0.9851763777806809,1.0,0.9821615025008629,0.9641321967607459,0.9220088934696721,0.8479561025635151,0.8083064951448291,0.7770004020940999,0.726485506236287,0.620485254774348,0.457246834265151,0.352208724348587,0.31143267450329,0.31644276803487,0.310481239602692,0.295997114801513,0.254579171905004,0.219476355083914,0.195897176844781,0.178550260877457,0.151147403130466,0.13688382597786,0.13928189891756101,0.11999015234793199,0.111019841096149
0.223579823792177,0.29580240339751396,0.45170513568282894,0.6742073551018349,0.762866100047875,0.8396751378684059,0.873035981569653,0.93534520753335,0.9821615025008629,1.0,0.9896080334516991,0.9484633580870492,0.8745230833814971,0.834360559257991,0.801938424715398,0.7496940221781959,0.6422712688715999,0.47601865813836997,0.36853923135965205,0.326936145431302,0.332355077018606,0.326224835357818,0.31049873777281894,0.26457877472761104,0.226487587165948,0.20108367744897498,0.18549988796739605,0.15784721583147598,0.143364830485544,0.14406049885675798,0.12350925537652999,0.11402207276464099
0.209750725154292,0.27987752631449103,0.43166947328550503,0.650744137319191,0.736608554238578,0.8111010298177079,0.8436740349263591,0.9109091745851859,0.9641321967607459,0.9896080334516991,1.0,0.983771318578902,0.9341309513217859,0.902145686908427,0.8690726452967229,0.8144614275034391,0.7146328746772059,0.5511276719446279,0.441393283271655,0.398047974262351,0.401006613161492,0.390620070289934,0.36924380411330104,0.312469603317844,0.266060352056904,0.23514839458577,0.212727841392463,0.17949234854587498,0.162256631771376,0.157733373979058,0.133536186675526,0.122555335278215
0.195614429257855,0.262563844469789,0.40773900979674,0.618813724426914,0.7007592158612739,0.771956843638188,0.803308740186367,0.869203010777094,0.9220088934696721,0.9484633580870492,0.983771318578902,1.0,0.983014147207642,0.9625090692428679,0.9296382541886831,0.873659631197175,0.786379516204221,0.6310237077466241,0.5215426617257921,0.47716156616541294,0.4767651956847829,0.46114712277827596,0.43324370744600804,0.36479712252726204,0.309404122536982,0.27251168528485703,0.241350031787784,0.201725207786669,0.18138076241156,0.17059627384975898,0.142541230756492,0.13000547162758197
0.17458504393859398,0.23603587730518602,0.36956715494786896,0.5653699070205451,0.6405546675483461,0.7059908867089659,0.735040778255347,0.7973504171968671,0.8479561025635151,0.8745230833814971,0.9341309513217859,0.983014147207642,1.0,0.99192630186553,0.960366324888413,0.904869105874497,0.833355731832113,0.691553393295165,0.5860084735957221,0.542058473453611,0.538243686980977,0.517798997594349,0.48415633078192705,0.406069271485887,0.343347500568565,0.30157688390618603,0.262520831380363,0.217691396339987,0.194850416220797,0.17802372528667004,0.1469648552991,0.133259653813185
0.161432432107358,0.21995539152409804,0.34739660197957695,0.535940257023419,0.607970460204606,0.6709300644447529,0.6994408698510539,0.759401729995819,0.8083064951448291,0.834360559257991,0.902145686908427,0.9625090692428679,0.99192630186553,1.0,0.9865374380290709,0.9479663070698551,0.886255132744484,0.740842801166055,0.6310716601881401,0.585755887338158,0.582761931783923,0.561575442962296,0.5263235234861929,0.443858468157849,0.37691698399321993,0.33219114533177396,0.28860749964243104,0.23910677420845103,0.21390688985287196,0.18965116370902,0.154506308670327,0.13918606783034002
0.150406509443487,0.20664562380384502,0.329379510320804,0.512623069273364,0.582519811368109,0.6439652723844449,0.672518003187859,0.7300873147655591,0.7770004020940999,0.801938424715398,0.8690726452967229,0.9296382541886831,0.960366324888413,0.9865374380290709,1.0,0.987269180863695,0.933095094590695,0.776905880049223,0.659914732247442,0.6127982523481221,0.612814523574177,0.593178843980802,0.558776750694573,0.475450197524035,0.40654768823877296,0.3602962096556961,0.314319348829501,0.260907623470375,0.23366819237681002,0.20147161588085896,0.16203264403219197,0.14502146091550502
0.135798230176348,0.188363661178976,0.30334951958255796,0.47670585618141204,0.5427224761142391,0.6011084301437061,0.628964569707307,0.6827210909860439,0.726485506236287,0.7496940221781959,0.8144614275034391,0.873659631197175,0.904869105874497,0.9479663070698551,0.987269180863695,1.0,0.954555690182459,0.7919181940178961,0.670925979574349,0.6232748656781889,0.626218530837953,0.608598290786866,0.575911185019934,0.493898612038728,0.424868159851748,0.37832724524062394,0.331210033307047,0.27537372924396897,0.24685404232054897,0.20776548697079397,0.1651684646445,0.146951943670522
0.12097907178918499,0.165122026292931,0.261293237253797,0.4040789533637371,0.460255428701518,0.510012654161929,0.533903795562138,0.581314883334371,0.620485254774348,0.6422712688715999,0.7146328746772059,0.786379516204221,0.833355731832113,0.886255132744484,0.933095094590695,0.954555690182459,1.0,0.9359579121867299,0.857993442049388,0.823338932596624,0.8130523813744491,0.778390426545539,0.7271290044873909,0.617832487583771,0.527726915670372,0.467172612948984,0.40108582888727895,0.330445113807562,0.29466301139059803,0.23829160643559802,0.18573613379957798,0.163548537996431
0.0988540123521642,0.130378283382527,0.198356753471632,0.295213858420916,0.33592394369142,0.37186975003379097,0.3888992002197179,0.42590252566135706,0.457246834265151,0.47601865813836997,0.5511276719446279,0.6310237077466241,0.691553393295165,0.740842801166055,0.776905880049223,0.7919181940178961,0.9359579121867299,1.0,0.9839117721463659,0.9687376333620179,0.9420828494593559,0.8896114299249258,0.8206433537924491,0.6896300844724971,0.584006395833313,0.513318675752379,0.43226043090403293,0.352834705692639,0.312914701638095,0.24584957117078501,0.188793373734176,0.164910482364659
0.0828256424716631,0.10641591560685601,0.15678738225997302,0.225635650498042,0.256520599190748,0.283712428690413,0.296433059374942,0.326357983900459,0.352208724348587,0.36853923135965205,0.441393283271655,0.5215426617257921,0.5860084735957221,0.6310716601881401,0.659914732247442,0.670925979574349,0.857993442049388,0.9839117721463659,1.0,0.9954470298595479,0.9617822509173871,0.902823805617801,0.828222308418854,0.692555247800482,0.5841893641377329,0.511794286546058,0.427077771484669,0.34705335529959097,0.306973250159553,0.23774047958758202,0.18117260178770103,0.157589827410202
0.078010113597558,0.0978709259654007,0.13981298601517497,0.194586379476774,0.22255494685740804,0.247638134155764,0.26031786834528303,0.28760444838435495,0.31143267450329,0.326936145431302,0.398047974262351,0.47716156616541294,0.542058473453611,0.585755887338158,0.6127982523481221,0.6232748656781889,0.823338932596624,0.9687376333620179,0.9954470298595479,1.0,0.9790535569693141,0.930164834332145,0.8636728868547741,0.732708348540864,0.6250955359696689,0.552347842058903,0.447572146598652,0.35835001975597597,0.314140213664363,0.238567043902259,0.179927489980006,0.15560664988769402
0.08243151249059899,0.10094308755347699,0.13948861311968697,0.18711934529680901,0.217968257061081,0.24693049795492605,0.26419172392169604,0.292085766712915,0.31644276803487,0.332355077018606,0.401006613161492,0.4767651956847829,0.538243686980977,0.582761931783923,0.612814523574177,0.626218530837953,0.8130523813744491,0.9420828494593559,0.9617822509173871,0.9790535569693141,1.0,0.9854323948717231,0.9471331068691919,0.8343915750859692,0.732220740487068,0.6606802496386279,0.506536032813368,0.393646178576118,0.338705865335925,0.24880078728474597,0.18429060600330102,0.157752484405183
0.0834815843416801,0.10027259913218599,0.13474510772782003,0.17488240969502802,0.207148107926661,0.23842184211074102,0.258956482616783,0.286463539530487,0.310481239602692,0.326224835357818,0.390620070289934,0.46114712277827596,0.517798997594349,0.561575442962296,0.593178843980802,0.608598290786866,0.778390426545539,0.8896114299249258,0.902823805617801,0.930164834332145,0.9854323948717231,1.0,0.9864778095600321,0.892572730001111,0.7982235330188391,0.7299852804786129,0.539546466847503,0.41050687452507006,0.34836507195029,0.24937139661417201,0.18202598707411602,0.154486708276676
0.0821877797843241,0.0969542104780432,0.126776384812088,0.15900468511993698,0.191832204466526,0.22454196136250398,0.247687621197066,0.27356285893893,0.295997114801513,0.31049873777281894,0.36924380411330104,0.43324370744600804,0.48415633078192705,0.5263235234861929,0.558776750694573,0.575911185019934,0.7271290044873909,0.8206433537924491,0.828222308418854,0.8636728868547741,0.9471331068691919,0.9864778095600321,1.0,0.9460307764175229,0.8715361131279991,0.8137064794457859,0.586900483223493,0.43995226987240704,0.369645359899435,0.255883399406682,0.18298565407147896,0.153399786777882
0.0741460378892467,0.08555962541814399,0.10801261726409699,0.129262267718359,0.160444839572077,0.19254138681654104,0.21712035063083604,0.23754000529818603,0.254579171905004,0.26457877472761104,0.312469603317844,0.36479712252726204,0.406069271485887,0.443858468157849,0.475450197524035,0.493898612038728,0.617832487583771,0.6896300844724971,0.692555247800482,0.732708348540864,0.8343915750859692,0.892572730001111,0.9460307764175229,1.0,0.983404989265271,0.9581233423445441,0.6857311023429009,0.511561049140278,0.42839493766015097,0.28051364382946997,0.19316803790543802,0.158134200660841
0.0661735067908703,0.0751758673585093,0.0924524832103384,0.106561440306841,0.135363549969277,0.165614438706724,0.18984530084711604,0.20625502241848603,0.219476355083914,0.226487587165948,0.266060352056904,0.309404122536982,0.343347500568565,0.37691698399321993,0.40654768823877296,0.424868159851748,0.527726915670372,0.584006395833313,0.5841893641377329,0.6250955359696689,0.732220740487068,0.7982235330188391,0.8715361131279991,0.983404989265271,1.0,0.9941226698307729,0.7089605663077401,0.527703788413767,0.44123170346561297,0.281171824403593,0.18982651921652,0.15338267405140601
0.0604924297060681,0.0679615375227734,0.0819810182007522,0.0917673505897438,0.11877611729440199,0.14752784016797102,0.171221629445691,0.185073759198224,0.195897176844781,0.20108367744897498,0.23514839458577,0.27251168528485703,0.30157688390618603,0.33219114533177396,0.3602962096556961,0.37832724524062394,0.467172612948984,0.513318675752379,0.511794286546058,0.552347842058903,0.6606802496386279,0.7299852804786129,0.8137064794457859,0.9581233423445441,0.9941226698307729,1.0,0.72061741178366,0.539886966366682,0.453437185691377,0.284675975625875,0.189943661733685,0.15225883043219798
0.0482461538595583,0.0557481365012946,0.0705336803139641,0.0850627655017412,0.10828649299068001,0.132718911009908,0.152359150675375,0.166657821187838,0.178550260877457,0.18549988796739605,0.212727841392463,0.241350031787784,0.262520831380363,0.28860749964243104,0.314319348829501,0.331210033307047,0.40108582888727895,0.43226043090403293,0.427077771484669,0.447572146598652,0.506536032813368,0.539546466847503,0.586900483223493,0.6857311023429009,0.7089605663077401,0.72061741178366,1.0,0.972656290275097,0.9447142110620309,0.609392284165969,0.409798815376156,0.330246809758778
0.0383095513015099,0.0449153319050749,0.0581694729577803,0.0725302611681133,0.0916776506382656,0.111708598051203,0.12761590634139303,0.14033501959273,0.151147403130466,0.15784721583147598,0.17949234854587498,0.201725207786669,0.217691396339987,0.23910677420845103,0.260907623470375,0.27537372924396897,0.330445113807562,0.352834705692639,0.34705335529959097,0.35835001975597597,0.393646178576118,0.41050687452507006,0.43995226987240704,0.511561049140278,0.527703788413767,0.539886966366682,0.972656290275097,1.0,0.995035581333263,0.6444704111201299,0.43388788577150605,0.34993163575624897
0.0334126216266261,0.0395241827859309,0.0519010148255858,0.0659501302630106,0.0830313881202416,0.10084214433030199,0.11488452101022,0.126714615808419,0.13688382597786,0.143364830485544,0.162256631771376,0.18138076241156,0.194850416220797,0.21390688985287196,0.23366819237681002,0.24685404232054897,0.29466301139059803,0.312914701638095,0.306973250159553,0.314140213664363,0.338705865335925,0.34836507195029,0.369645359899435,0.42839493766015097,0.44123170346561297,0.453437185691377,0.9447142110620309,0.995035581333263,1.0,0.6487509233159129,0.43697233406325703,0.352529347297389
0.0949276302281343,0.102275903687702,0.11407505751075699,0.106628718868894,0.11552596523566099,0.121398159127922,0.12010529829627101,0.130591184417377,0.13928189891756101,0.14406049885675798,0.157733373979058,0.17059627384975898,0.17802372528667004,0.18965116370902,0.20147161588085896,0.20776548697079397,0.23829160643559802,0.24584957117078501,0.23774047958758202,0.238567043902259,0.24880078728474597,0.24937139661417201,0.255883399406682,0.28051364382946997,0.281171824403593,0.284675975625875,0.609392284165969,0.6444704111201299,0.6487509233159129,1.0,0.967982504416005,0.9408403532074341
0.10135710259130198,0.10804479503401801,0.117940946292266,0.10451797322514599,0.10947352778795,0.11061815938908301,0.10452387215522001,0.11304837313315101,0.11999015234793199,0.12350925537652999,0.133536186675526,0.142541230756492,0.1469648552991,0.154506308670327,0.16203264403219197,0.1651684646445,0.18573613379957798,0.188793373734176,0.18117260178770103,0.179927489980006,0.18429060600330102,0.18202598707411602,0.18298565407147896,0.19316803790543802,0.18982651921652,0.189943661733685,0.409798815376156,0.43388788577150605,0.43697233406325703,0.967982504416005,1.0,0.995774378899972
0.102093754657,0.10843318160554301,0.117475394313255,0.10207985099321303,0.105514371885083,0.104911205799351,0.0971574795812514,0.104828545857952,0.111019841096149,0.11402207276464099,0.122555335278215,0.13000547162758197,0.133259653813185,0.13918606783034002,0.14502146091550502,0.146951943670522,0.163548537996431,0.164910482364659,0.157589827410202,0.15560664988769402,0.157752484405183,0.154486708276676,0.153399786777882,0.158134200660841,0.15338267405140601,0.15225883043219798,0.330246809758778,0.34993163575624897,0.352529347297389,0.9408403532074341,0.995774378899972,1.0
