1.0,0.8106792036605559,0.7461511883797141,0.715350733876439,0.6931473913850589,0.67485314050599,0.659870725443165,0.65355937753798,0.6412007431101371,0.627635152845145,0.616453318248496,0.603842927885318,0.580324916192741,0.563714956716285,0.5506680362188799,0.532166704336563,0.5152517898632349,0.497866492953589,0.4940871837792,0.48156877373158596,0.463725162286889,0.437310418821205,0.41591609081611,0.392200784461454,0.370363423472961,0.351436606309681,0.317922839320663,0.274958378532759,0.234827079357925,0.17979526367327303,0.0593120650202714,0.0395615705924838
0.8106792036605559,1.0,0.947009310833143,0.9227488755255009,0.898167902974629,0.8762596627876271,0.8565977199478442,0.8436047346993659,0.828406483224158,0.8146631378675151,0.8020158607044108,0.7849309015565121,0.765059311036456,0.745870336741915,0.7276203957319359,0.7072871330056301,0.69094699051328,0.673002759931687,0.665019617368216,0.651299717063408,0.6301628421959511,0.6002001936191601,0.5811194015818321,0.557392939552332,0.5336200954379811,0.5068388873913621,0.471665159432753,0.43597537398198605,0.38635763207079,0.319105546943461,0.12150596280744802,0.0979745512029335
0.7461511883797141,0.947009310833143,1.0,0.975846898457053,0.9562245484359929,0.9369970465572891,0.9203348964781078,0.907798896041956,0.893870201935945,0.8806653314248181,0.8696443858743821,0.855132962017569,0.8385691812473579,0.8217664695612149,0.803947976706681,0.7860291331469581,0.7712290334701121,0.755356409839203,0.744680018658741,0.7305729995337579,0.710275738965992,0.680287104347744,0.66017416431716,0.6374950591191221,0.612642334223399,0.585281473931902,0.5529561392881689,0.514990994494349,0.46739692867335,0.400432487854976,0.16173256321243898,0.10576897620158099
0.715350733876439,0.9227488755255009,0.975846898457053,1.0,0.9818583757054301,0.963759526544548,0.94975420016738,0.936931495422019,0.9235581601189351,0.9131153888986729,0.9025015082212672,0.8892672708787979,0.8727965791350721,0.857833963323163,0.842119071603285,0.824369831063021,0.81037306119073,0.795485189879582,0.785710779796125,0.7716920011338009,0.7522837414605992,0.7274608329462099,0.708729838069303,0.6865796279052541,0.6622679122280679,0.635604462034585,0.604095154171184,0.56620731999347,0.517664284746834,0.4510607687882561,0.18562283859970302,0.114687621683129
0.6931473913850589,0.898167902974629,0.9562245484359929,0.9818583757054301,1.0,0.9859099472872591,0.9731468058893001,0.962853043841866,0.9500987700375729,0.939813646178201,0.931794127144308,0.9213596477655179,0.9063368265217421,0.893539381776039,0.8782748887183359,0.861875016684802,0.848196063965692,0.8341437646196701,0.823801326894296,0.8117545693253321,0.7939506899780959,0.770370895088346,0.7525232294186971,0.731999783925115,0.7077816700002791,0.682410816355952,0.652826704505368,0.617326691720028,0.566881919925144,0.501355163348546,0.215971967988984,0.117036839536938
0.67485314050599,0.8762596627876271,0.9369970465572891,0.963759526544548,0.9859099472872591,1.0,0.9903599621233771,0.981135093213683,0.969014307215563,0.959394396087588,0.951437952986261,0.9414215454889829,0.9284885092774681,0.9149323126273242,0.9000585334302671,0.8842385706186171,0.8698434720664509,0.8558065422149821,0.845826319567417,0.8356162858766649,0.8187933551900309,0.7965289389261401,0.7816085685863571,0.762706491161238,0.7401134562004109,0.716082027861164,0.6884276878460429,0.653500513484324,0.60298388531033,0.537167188110004,0.23633023184176102,0.136270109183278
0.659870725443165,0.8565977199478442,0.9203348964781078,0.94975420016738,0.9731468058893001,0.9903599621233771,1.0,0.99156806225131,0.980124789370101,0.971043563323907,0.9633723258219491,0.9540597583270072,0.942646709073192,0.9293967257442759,0.9156190396850409,0.900311001031823,0.8865170185408678,0.873488059288419,0.8631514202248491,0.8537358161407099,0.8379762349129369,0.8161128006361079,0.801257562240558,0.7831047422014359,0.76144158946769,0.739428353150741,0.712364061695237,0.6783922731122101,0.629750370896879,0.565339326835302,0.25656764770264107,0.140917581003919
0.65355937753798,0.8436047346993659,0.907798896041956,0.936931495422019,0.962853043841866,0.981135093213683,0.99156806225131,1.0,0.99118965386893,0.9827522234275359,0.974864175850537,0.9658536521453771,0.954876269667384,0.942252563342129,0.9293699910896179,0.914570503955489,0.9005248099371809,0.886492056137037,0.8760042837491021,0.8664183184820992,0.8519787532690608,0.831699922074897,0.817834286486457,0.800545916289369,0.7793087234914191,0.7589355219849231,0.73265223461877,0.6985901475241479,0.651121051557572,0.588343524022051,0.271853478279439,0.141187701435036
0.6412007431101371,0.828406483224158,0.893870201935945,0.9235581601189351,0.9500987700375729,0.969014307215563,0.980124789370101,0.99118965386893,1.0,0.9930004448646751,0.985211167880833,0.9766651983109119,0.96642210540095,0.9549571881881359,0.942599168864312,0.9285649709827629,0.9147454918984631,0.9010408867477231,0.8911030468958621,0.881165806385993,0.866989487302395,0.8486769535923371,0.8349215514387679,0.8177490212747941,0.7972294782451519,0.7772670949908341,0.7518101655184258,0.7178910642931651,0.671599277068849,0.607215947616525,0.27974263135786,0.141025780251673
0.627635152845145,0.8146631378675151,0.8806653314248181,0.9131153888986729,0.939813646178201,0.959394396087588,0.971043563323907,0.9827522234275359,0.9930004448646751,1.0,0.994342392079134,0.985479839478234,0.975478128523087,0.96420812618635,0.9520959227665229,0.9384923261474181,0.925490032588209,0.9115405755414558,0.901883029166419,0.891638387049362,0.8776437123220849,0.8598205363881171,0.8464400247121591,0.830036476592333,0.8104140224220279,0.7917607598591461,0.7665332202299281,0.7327959124135309,0.6868100247997801,0.623889314492324,0.289600233390774,0.14848121736993303
0.616453318248496,0.8020158607044108,0.8696443858743821,0.9025015082212672,0.931794127144308,0.951437952986261,0.9633723258219491,0.974864175850537,0.985211167880833,0.994342392079134,1.0,0.9930538880358459,0.984731395262347,0.973969114973128,0.962054224125395,0.9490239258654221,0.936866918617196,0.923175495441586,0.9134693781523101,0.90249393679359,0.889786332042013,0.8731999395753179,0.859726361004494,0.8434197392493249,0.8255374558791829,0.80765631794403,0.782946976354618,0.748539638902409,0.701571529502864,0.636496700872678,0.292047801757641,0.139039145135855
0.603842927885318,0.7849309015565121,0.855132962017569,0.8892672708787979,0.9213596477655179,0.9414215454889829,0.9540597583270072,0.9658536521453771,0.9766651983109119,0.985479839478234,0.9930538880358459,1.0,0.9936953127410979,0.9843905263861109,0.973210290185458,0.9617148644001329,0.9502188808899901,0.93735562281231,0.92711981455643,0.9165797511619599,0.9043772578767479,0.888470963344183,0.8746517058272422,0.858190563358999,0.840978948865962,0.8237875257054991,0.799311783572965,0.7651598777591909,0.719957361799148,0.657076280380492,0.304701205635286,0.139324495130745
0.580324916192741,0.765059311036456,0.8385691812473579,0.8727965791350721,0.9063368265217421,0.9284885092774681,0.942646709073192,0.954876269667384,0.96642210540095,0.975478128523087,0.984731395262347,0.9936953127410979,1.0,0.9936390100120831,0.9841179969288449,0.973588992521147,0.9633635898482199,0.951618078089249,0.9416820114367149,0.931856853803057,0.9200493966790741,0.9050585111409392,0.891505223774697,0.875321775600138,0.859264493548024,0.843207724014085,0.8205717615963459,0.787804795668456,0.7443216821990221,0.683281820027246,0.321115496008351,0.147852362601728
0.563714956716285,0.745870336741915,0.8217664695612149,0.857833963323163,0.893539381776039,0.9149323126273242,0.9293967257442759,0.942252563342129,0.9549571881881359,0.96420812618635,0.973969114973128,0.9843905263861109,0.9936390100120831,1.0,0.9936018497719692,0.984698265690754,0.9746953918070759,0.9639608074816499,0.9552158219170451,0.9454085396885219,0.934964760656407,0.920528817707387,0.9074531438998079,0.8922691318037571,0.8766583334980859,0.861129227426278,0.83959148634835,0.807169474208669,0.765411042286631,0.7065648361067149,0.329442166315061,0.158053780575452
0.5506680362188799,0.7276203957319359,0.803947976706681,0.842119071603285,0.8782748887183359,0.9000585334302671,0.9156190396850409,0.9293699910896179,0.942599168864312,0.9520959227665229,0.962054224125395,0.973210290185458,0.9841179969288449,0.9936018497719692,1.0,0.9935718610421629,0.9849854346717251,0.9749926905933979,0.966457125445168,0.957512206546697,0.9479662036437472,0.9345910579954692,0.922031190303393,0.9069145760301,0.890869719284356,0.8756874326463041,0.855370864117595,0.8251007023795891,0.784173358085028,0.7243856255892259,0.33699922820356704,0.164565965647934
0.532166704336563,0.7072871330056301,0.7860291331469581,0.824369831063021,0.861875016684802,0.8842385706186171,0.900311001031823,0.914570503955489,0.9285649709827629,0.9384923261474181,0.9490239258654221,0.9617148644001329,0.973588992521147,0.984698265690754,0.9935718610421629,1.0,0.9942019038165609,0.9856719130412309,0.97719770039729,0.969059104986143,0.9601439646254041,0.947625765775287,0.934662640984497,0.9209854285846709,0.905006428498378,0.8896951391987571,0.8693941670775992,0.8411133859368961,0.8019236530876179,0.7420695284104051,0.344531366148936,0.168527312395386
0.5152517898632349,0.69094699051328,0.7712290334701121,0.81037306119073,0.848196063965692,0.8698434720664509,0.8865170185408678,0.9005248099371809,0.9147454918984631,0.925490032588209,0.936866918617196,0.9502188808899901,0.9633635898482199,0.9746953918070759,0.9849854346717251,0.9942019038165609,1.0,0.9938824922848859,0.9858943628754641,0.977717964590237,0.96954005499352,0.9581012216694119,0.9458518800711391,0.9330217662916469,0.9181562290570059,0.903531613403985,0.88386024614613,0.8571886579557121,0.819932021745206,0.759541183158562,0.36133873081791495,0.167529495615091
0.497866492953589,0.673002759931687,0.755356409839203,0.795485189879582,0.8341437646196701,0.8558065422149821,0.873488059288419,0.886492056137037,0.9010408867477231,0.9115405755414558,0.923175495441586,0.93735562281231,0.951618078089249,0.9639608074816499,0.9749926905933979,0.9856719130412309,0.9938824922848859,1.0,0.9944885033058579,0.9871249433355251,0.9796060326675071,0.9689907401627751,0.9574110740101591,0.9452421370196942,0.9310070608963309,0.916652836234558,0.897471638499242,0.8731648119597809,0.837166485666105,0.775299091374716,0.37083229104749105,0.16901611438377898
0.4940871837792,0.665019617368216,0.744680018658741,0.785710779796125,0.823801326894296,0.845826319567417,0.8631514202248491,0.8760042837491021,0.8911030468958621,0.901883029166419,0.9134693781523101,0.92711981455643,0.9416820114367149,0.9552158219170451,0.966457125445168,0.97719770039729,0.9858943628754641,0.9944885033058579,1.0,0.993596015490925,0.986836564276886,0.977167083016984,0.9663188268631808,0.9546100836721371,0.94122251360596,0.9270919982191099,0.9075623374602421,0.883991325034254,0.848806104807346,0.7853453357558191,0.378471923087264,0.16791459308531
0.48156877373158596,0.651299717063408,0.7305729995337579,0.7716920011338009,0.8117545693253321,0.8356162858766649,0.8537358161407099,0.8664183184820992,0.881165806385993,0.891638387049362,0.90249393679359,0.9165797511619599,0.931856853803057,0.9454085396885219,0.957512206546697,0.969059104986143,0.977717964590237,0.9871249433355251,0.993596015490925,1.0,0.994172242281477,0.9844750266393621,0.9740962862896191,0.962690708094388,0.9502976491951479,0.9356061515335129,0.916268432645867,0.893706328870841,0.859363935396481,0.795767361739246,0.38760336097115,0.174927057915366
0.463725162286889,0.6301628421959511,0.710275738965992,0.7522837414605992,0.7939506899780959,0.8187933551900309,0.8379762349129369,0.8519787532690608,0.866989487302395,0.8776437123220849,0.889786332042013,0.9043772578767479,0.9200493966790741,0.934964760656407,0.9479662036437472,0.9601439646254041,0.96954005499352,0.9796060326675071,0.986836564276886,0.994172242281477,1.0,0.9919664177526278,0.982324456452052,0.9712984110669399,0.959953140405628,0.946068138901365,0.927315756950521,0.906028449127152,0.8723727090384421,0.8057842357320071,0.39146839949021506,0.174396942509822
0.437310418821205,0.6002001936191601,0.680287104347744,0.7274608329462099,0.770370895088346,0.7965289389261401,0.8161128006361079,0.831699922074897,0.8486769535923371,0.8598205363881171,0.8731999395753179,0.888470963344183,0.9050585111409392,0.920528817707387,0.9345910579954692,0.947625765775287,0.9581012216694119,0.9689907401627751,0.977167083016984,0.9844750266393621,0.9919664177526278,1.0,0.993013356396953,0.98349280722192,0.973531415991636,0.9600910719934329,0.9433141044390669,0.9221359138979509,0.887305893544073,0.8226219178187801,0.403388803498808,0.18122349929706896
0.41591609081611,0.5811194015818321,0.66017416431716,0.708729838069303,0.7525232294186971,0.7816085685863571,0.801257562240558,0.817834286486457,0.8349215514387679,0.8464400247121591,0.859726361004494,0.8746517058272422,0.891505223774697,0.9074531438998079,0.922031190303393,0.934662640984497,0.9458518800711391,0.9574110740101591,0.9663188268631808,0.9740962862896191,0.982324456452052,0.993013356396953,1.0,0.9921611247598541,0.983667400385984,0.9714138263009109,0.9561010754152429,0.936212859840229,0.8988524215922821,0.833513911405797,0.406926340104935,0.18609352782864802
0.392200784461454,0.557392939552332,0.6374950591191221,0.6865796279052541,0.731999783925115,0.762706491161238,0.7831047422014359,0.800545916289369,0.8177490212747941,0.830036476592333,0.8434197392493249,0.858190563358999,0.875321775600138,0.8922691318037571,0.9069145760301,0.9209854285846709,0.9330217662916469,0.9452421370196942,0.9546100836721371,0.962690708094388,0.9712984110669399,0.98349280722192,0.9921611247598541,1.0,0.9915462585280139,0.9796101979581021,0.964976664069375,0.944821855395941,0.9073328722444008,0.839604320260918,0.410200682142921,0.18881476503423497
0.370363423472961,0.5336200954379811,0.612642334223399,0.6622679122280679,0.7077816700002791,0.7401134562004109,0.76144158946769,0.7793087234914191,0.7972294782451519,0.8104140224220279,0.8255374558791829,0.840978948865962,0.859264493548024,0.8766583334980859,0.890869719284356,0.905006428498378,0.9181562290570059,0.9310070608963309,0.94122251360596,0.9502976491951479,0.959953140405628,0.973531415991636,0.983667400385984,0.9915462585280139,1.0,0.9902480449172808,0.9770994254981059,0.9577047791318001,0.9222829210375241,0.8558646376190371,0.430293287987559,0.201501633284527
0.351436606309681,0.5068388873913621,0.585281473931902,0.635604462034585,0.682410816355952,0.716082027861164,0.739428353150741,0.7589355219849231,0.7772670949908341,0.7917607598591461,0.80765631794403,0.8237875257054991,0.843207724014085,0.861129227426278,0.8756874326463041,0.8896951391987571,0.903531613403985,0.916652836234558,0.9270919982191099,0.9356061515335129,0.946068138901365,0.9600910719934329,0.9714138263009109,0.9796101979581021,0.9902480449172808,1.0,0.9889612139386541,0.970961071540024,0.938992564537023,0.8730489876591151,0.45167345780156204,0.21180002991843802
0.317922839320663,0.471665159432753,0.5529561392881689,0.604095154171184,0.652826704505368,0.6884276878460429,0.712364061695237,0.73265223461877,0.7518101655184258,0.7665332202299281,0.782946976354618,0.799311783572965,0.8205717615963459,0.83959148634835,0.855370864117595,0.8693941670775992,0.88386024614613,0.897471638499242,0.9075623374602421,0.916268432645867,0.927315756950521,0.9433141044390669,0.9561010754152429,0.964976664069375,0.9770994254981059,0.9889612139386541,1.0,0.984306218583365,0.9539649836889731,0.892906112877221,0.48402355736797703,0.233799837237585
0.274958378532759,0.43597537398198605,0.514990994494349,0.56620731999347,0.617326691720028,0.653500513484324,0.6783922731122101,0.6985901475241479,0.7178910642931651,0.7327959124135309,0.748539638902409,0.7651598777591909,0.787804795668456,0.807169474208669,0.8251007023795891,0.8411133859368961,0.8571886579557121,0.8731648119597809,0.883991325034254,0.893706328870841,0.906028449127152,0.9221359138979509,0.936212859840229,0.944821855395941,0.9577047791318001,0.970961071540024,0.984306218583365,1.0,0.974540024940635,0.9187852768854441,0.513394220167052,0.263991274288103
0.234827079357925,0.38635763207079,0.46739692867335,0.517664284746834,0.566881919925144,0.60298388531033,0.629750370896879,0.651121051557572,0.671599277068849,0.6868100247997801,0.701571529502864,0.719957361799148,0.7443216821990221,0.765411042286631,0.784173358085028,0.8019236530876179,0.819932021745206,0.837166485666105,0.848806104807346,0.859363935396481,0.8723727090384421,0.887305893544073,0.8988524215922821,0.9073328722444008,0.9222829210375241,0.938992564537023,0.9539649836889731,0.974540024940635,1.0,0.9504872821669109,0.5633996393481271,0.2902782330071789
0.17979526367327303,0.319105546943461,0.400432487854976,0.4510607687882561,0.501355163348546,0.537167188110004,0.565339326835302,0.588343524022051,0.607215947616525,0.623889314492324,0.636496700872678,0.657076280380492,0.683281820027246,0.7065648361067149,0.7243856255892259,0.7420695284104051,0.759541183158562,0.775299091374716,0.7853453357558191,0.795767361739246,0.8057842357320071,0.8226219178187801,0.833513911405797,0.839604320260918,0.8558646376190371,0.8730489876591151,0.892906112877221,0.9187852768854441,0.9504872821669109,1.0,0.677351246856611,0.3780048548498329
0.0593120650202714,0.12150596280744802,0.16173256321243898,0.18562283859970302,0.215971967988984,0.23633023184176102,0.25656764770264107,0.271853478279439,0.27974263135786,0.289600233390774,0.292047801757641,0.304701205635286,0.321115496008351,0.329442166315061,0.33699922820356704,0.344531366148936,0.36133873081791495,0.37083229104749105,0.378471923087264,0.38760336097115,0.39146839949021506,0.403388803498808,0.406926340104935,0.410200682142921,0.430293287987559,0.45167345780156204,0.48402355736797703,0.513394220167052,0.5633996393481271,0.677351246856611,1.0,0.450916363857052
0.0395615705924838,0.0979745512029335,0.10576897620158099,0.114687621683129,0.117036839536938,0.136270109183278,0.140917581003919,0.141187701435036,0.141025780251673,0.14848121736993303,0.139039145135855,0.139324495130745,0.147852362601728,0.158053780575452,0.164565965647934,0.168527312395386,0.167529495615091,0.16901611438377898,0.16791459308531,0.174927057915366,0.174396942509822,0.18122349929706896,0.18609352782864802,0.18881476503423497,0.201501633284527,0.21180002991843802,0.233799837237585,0.263991274288103,0.2902782330071789,0.3780048548498329,0.450916363857052,1.0
