1.0,0.7989880679731229,0.7527605604951791,0.7287499968978121,0.7033714160866489,0.683845956758884,0.6696019773445191,0.656659271075949,0.643412260716968,0.6334244703527829,0.6274442235648471,0.614794820205397,0.595036960432793,0.584870860577795,0.5695448336924129,0.557573443787384,0.538843591557274,0.52407492725365,0.5066120173493571,0.49165655279947296,0.476905654021002,0.45683594801647603,0.4354703065662371,0.41869577159974397,0.39805041892463106,0.37255536386057203,0.33083747306422995,0.29545647631861893,0.24447903144836197,0.150026212061645,0.0160696030798853,0.233901248606507
0.7989880679731229,1.0,0.968768997965246,0.9526021412226721,0.9385747744988521,0.924526634506511,0.9128997295643551,0.903039695276881,0.8919531680368992,0.8826056559629292,0.8751463947297611,0.8669059149642779,0.850998250350275,0.839976533199664,0.824715649114612,0.8119376503054542,0.7944491720764271,0.779030048336155,0.7608576052390049,0.7444900184778291,0.7265545195476791,0.7046182451306608,0.683810129594958,0.663052045338957,0.640992889180255,0.613368047167416,0.5705803617166469,0.527301857955763,0.466173581556012,0.34968071788814,0.0898259161613939,0.24093256773450603
0.7527605604951791,0.968768997965246,1.0,0.98806097755563,0.978335560645027,0.96929045613443,0.961801702825431,0.9545860913137808,0.9461365956563822,0.93839683356336,0.9324755806401609,0.924822680616778,0.9131309888920569,0.9029815605999191,0.890146468302065,0.8793914690872091,0.864018915016936,0.84947211665193,0.8344232416120021,0.820545312136389,0.804224430824641,0.784846631954733,0.7667421812554841,0.7469146651157059,0.7268549709213281,0.6999694807249661,0.6606177054562529,0.616411101168131,0.5541666365209829,0.430677700463805,0.12956270919681098,0.21951380966111803
0.7287499968978121,0.9526021412226721,0.98806097755563,1.0,0.9929280134234799,0.9854577385137091,0.979431507020948,0.9728777913445509,0.9658806983719179,0.959002184589971,0.9537776995865551,0.9470200013488191,0.9366751704805609,0.9278912576085071,0.9162288775115379,0.9066629090282109,0.8931427770155659,0.8803390865144879,0.8666298207604459,0.853930518721136,0.8387908677449399,0.8200681731960009,0.80313606542521,0.784333736933147,0.7652414644015341,0.7396915117399492,0.7012790137213329,0.6597788922240899,0.597562648722099,0.47606819101324394,0.15529930628938599,0.20440682646056102
0.7033714160866489,0.9385747744988521,0.978335560645027,0.9929280134234799,1.0,0.994697154812405,0.989088732000078,0.984289535397308,0.9785169262931559,0.972891835923308,0.9683763124355121,0.962924030744279,0.954367515252481,0.946642580945231,0.936019511781275,0.9272305384553531,0.9149630263714731,0.9036161300038721,0.890540838655056,0.8782689115866609,0.863832188403684,0.8465630583378309,0.830992631860648,0.8133931046213492,0.7958519486045408,0.77118483275405,0.73419979469674,0.6941698154403771,0.634061475308672,0.514131740899025,0.183377458975802,0.181292125244257
0.683845956758884,0.924526634506511,0.96929045613443,0.9854577385137091,0.994697154812405,1.0,0.9958202539192399,0.9916287230773909,0.9867723032308471,0.9815113590619742,0.9776078823181841,0.9728200751996949,0.965416339215009,0.9585221260557979,0.9493167094579591,0.9417396619208119,0.9301299465935781,0.919662316631103,0.908079091600467,0.896527212728673,0.8828787097225459,0.8670068318306642,0.8521789096693492,0.835489796304618,0.8185268582146991,0.794888205147767,0.759745669653597,0.720797474679053,0.662943714506584,0.542903228676172,0.20388611138182897,0.164399897142113
0.6696019773445191,0.9128997295643551,0.961801702825431,0.979431507020948,0.989088732000078,0.9958202539192399,1.0,0.9967746142001089,0.992985862027167,0.988234794737182,0.9843826335926821,0.9800564500527971,0.973381363854592,0.966759101334427,0.958155020699885,0.951002200386417,0.940538552210535,0.930742747571663,0.9197290148113041,0.9091352733316199,0.8964799126975129,0.8816060964268909,0.8676250647224091,0.8519514188166429,0.83574310957741,0.812860572787391,0.779483821306883,0.741913128990117,0.684358100033673,0.566441126151345,0.22042223949694198,0.154641466883211
0.656659271075949,0.903039695276881,0.9545860913137808,0.9728777913445509,0.984289535397308,0.9916287230773909,0.9967746142001089,1.0,0.996928346941423,0.9931396242738431,0.989835346064201,0.9858311436609909,0.9800308224157991,0.974362597071162,0.9665383437735641,0.9599698205120569,0.950374058835917,0.9414370478813291,0.930704820826822,0.9206498265432769,0.9085979714011919,0.894451016782143,0.881072448735202,0.866341938391777,0.850743477793466,0.828906387718941,0.7968474508817289,0.7602182547557901,0.70288119465558,0.5894766221174681,0.23384467477473103,0.148270261979231
0.643412260716968,0.8919531680368992,0.9461365956563822,0.9658806983719179,0.9785169262931559,0.9867723032308471,0.992985862027167,0.996928346941423,1.0,0.997185294552665,0.994313744485933,0.990855885732259,0.986132288454542,0.9812629296236841,0.974173050346617,0.967932775472055,0.9588118362346071,0.950346071428332,0.9402390344965258,0.9311263172076321,0.9197282760736519,0.9062950581391659,0.893765345507078,0.8795268553322141,0.864501178881981,0.8439859591882929,0.8131300001285441,0.778016641092564,0.7222381567095519,0.610468306728552,0.24648731462275303,0.137788283806487
0.6334244703527829,0.8826056559629292,0.93839683356336,0.959002184589971,0.972891835923308,0.9815113590619742,0.988234794737182,0.9931396242738431,0.997185294552665,1.0,0.997869364872507,0.9946659764820049,0.9904134490371509,0.9858793940948359,0.9790349407577479,0.973347100973168,0.9649453295991149,0.956723917852589,0.9471824982414592,0.9385572884190581,0.928059937936082,0.915336721196781,0.9032439459337741,0.88992978183686,0.875663770017527,0.85627397757,0.827184229452432,0.793339242564618,0.73872540545885,0.629978163946475,0.260974055803405,0.126760380231348
0.6274442235648471,0.8751463947297611,0.9324755806401609,0.9537776995865551,0.9683763124355121,0.9776078823181841,0.9843826335926821,0.989835346064201,0.994313744485933,0.997869364872507,1.0,0.997608538479682,0.9943760356576371,0.99000858370206,0.9837296052985871,0.978459516810022,0.9705676239074391,0.9626959516755551,0.9534734515531,0.9451006499761351,0.934785966850234,0.92251500004694,0.9108684889301372,0.8977022313107859,0.8841598446992209,0.8655920662701879,0.837066985400216,0.804115989242174,0.7501674026483521,0.6423984182294871,0.26972791609610997,0.11530241490093801
0.614794820205397,0.8669059149642779,0.924822680616778,0.9470200013488191,0.962924030744279,0.9728200751996949,0.9800564500527971,0.9858311436609909,0.990855885732259,0.9946659764820049,0.997608538479682,1.0,0.997518882526293,0.9935596878337959,0.988093419783702,0.983206072251713,0.9758679606547199,0.968493763338213,0.9599144550788729,0.9518926438447229,0.9420040532640942,0.930093519487643,0.9188647377369908,0.906487390204554,0.8934625913244781,0.8758066642788359,0.8483162701165571,0.8169320354165559,0.7649227067897969,0.6583970091463179,0.28638819816332106,0.103996952544467
0.595036960432793,0.850998250350275,0.9131309888920569,0.9366751704805609,0.954367515252481,0.965416339215009,0.973381363854592,0.9800308224157991,0.986132288454542,0.9904134490371509,0.9943760356576371,0.997518882526293,1.0,0.9974226458488851,0.9935225809559021,0.989565309412722,0.9833816533387671,0.976958880978716,0.96952805504654,0.962094575620759,0.9530447267631509,0.9422230498066569,0.931745775299045,0.9200552878531111,0.908168778427815,0.8919342749448159,0.8661082228136758,0.8358825242476949,0.785839585558511,0.682025055285491,0.30328805188172,0.0869810494779141
0.584870860577795,0.839976533199664,0.9029815605999191,0.9278912576085071,0.946642580945231,0.9585221260557979,0.966759101334427,0.974362597071162,0.9812629296236841,0.9858793940948359,0.99000858370206,0.9935596878337959,0.9974226458488851,1.0,0.9976279432393141,0.994274021895891,0.988929028325271,0.9831230852514421,0.976181131464023,0.969211192770673,0.960633173429876,0.950317550041593,0.940432688732753,0.9293784041402,0.9180593076476189,0.9029810408227409,0.877907205609815,0.848402040726636,0.7999907803019392,0.6979501689646129,0.313156889947055,0.07644172695096901
0.5695448336924129,0.824715649114612,0.890146468302065,0.9162288775115379,0.936019511781275,0.9493167094579591,0.958155020699885,0.9665383437735641,0.974173050346617,0.9790349407577479,0.9837296052985871,0.988093419783702,0.9935225809559021,0.9976279432393141,1.0,0.997755082856933,0.99368122100313,0.9887150324956501,0.9828576544893292,0.9764288749298909,0.9685633026900821,0.9596000377663879,0.9502858592043829,0.9401902871731651,0.929499165595038,0.916086129032811,0.8926352962821591,0.864925043608274,0.818932557213547,0.71878039290025,0.32875898298866396,0.0623474957546337
0.557573443787384,0.8119376503054542,0.8793914690872091,0.9066629090282109,0.9272305384553531,0.9417396619208119,0.951002200386417,0.9599698205120569,0.967932775472055,0.973347100973168,0.978459516810022,0.983206072251713,0.989565309412722,0.994274021895891,0.997755082856933,1.0,0.9976140371240759,0.993617275451636,0.988482978766292,0.9823819263822929,0.97521268007364,0.9668649935717251,0.9584859320989059,0.9490857629872479,0.939056460373278,0.9261538861157259,0.9037258309732741,0.8766276517230241,0.8310244658112629,0.733697468102819,0.34234328858380103,0.0478211938643797
0.538843591557274,0.7944491720764271,0.864018915016936,0.8931427770155659,0.9149630263714731,0.9301299465935781,0.940538552210535,0.950374058835917,0.9588118362346071,0.9649453295991149,0.9705676239074391,0.9758679606547199,0.9833816533387671,0.988929028325271,0.99368122100313,0.9976140371240759,1.0,0.9975964340124069,0.993575505524217,0.9884404367389209,0.9823329858193579,0.9748193641062869,0.967412661609939,0.9587885631022479,0.9499676524746379,0.9381053668544699,0.9172517264564949,0.89161462736955,0.8475381809593129,0.7533133295716842,0.36047632172449795,0.0315244399046292
0.52407492725365,0.779030048336155,0.84947211665193,0.8803390865144879,0.9036161300038721,0.919662316631103,0.930742747571663,0.9414370478813291,0.950346071428332,0.956723917852589,0.9626959516755551,0.968493763338213,0.976958880978716,0.9831230852514421,0.9887150324956501,0.993617275451636,0.9975964340124069,1.0,0.9974233246283409,0.9932357304101059,0.98785543737205,0.981204289378805,0.974698480976828,0.9669127847544878,0.958658366714101,0.9479367727612859,0.928216125181596,0.9033700522321451,0.8611825113674649,0.7708932314729341,0.377314649555661,0.0151465577841988
0.5066120173493571,0.7608576052390049,0.8344232416120021,0.8666298207604459,0.890540838655056,0.908079091600467,0.9197290148113041,0.930704820826822,0.9402390344965258,0.9471824982414592,0.9534734515531,0.9599144550788729,0.96952805504654,0.976181131464023,0.9828576544893292,0.988482978766292,0.993575505524217,0.9974233246283409,1.0,0.997308603373525,0.9930824243068829,0.987677962646215,0.9817290739165841,0.974920960167902,0.9673903437685091,0.95763703978588,0.938946389380693,0.91502552917851,0.874555912460754,0.7854830665817791,0.39189243122167794,0.000452421053186207
0.49165655279947296,0.7444900184778291,0.820545312136389,0.853930518721136,0.8782689115866609,0.896527212728673,0.9091352733316199,0.9206498265432769,0.9311263172076321,0.9385572884190581,0.9451006499761351,0.9518926438447229,0.962094575620759,0.969211192770673,0.9764288749298909,0.9823819263822929,0.9884404367389209,0.9932357304101059,0.997308603373525,1.0,0.9974913059060171,0.9932549603927501,0.9883958777293042,0.9821784458642571,0.9752113942666949,0.966195976404732,0.9490261999158209,0.92633888105975,0.887782781773598,0.8006871384729759,0.407193979414437,0.0168702730960507
0.476905654021002,0.7265545195476791,0.804224430824641,0.8387908677449399,0.863832188403684,0.8828787097225459,0.8964799126975129,0.9085979714011919,0.9197282760736519,0.928059937936082,0.934785966850234,0.9420040532640942,0.9530447267631509,0.960633173429876,0.9685633026900821,0.97521268007364,0.9823329858193579,0.98785543737205,0.9930824243068829,0.9974913059060171,1.0,0.9972051983761899,0.9932510252653409,0.9875559161991629,0.9810005432325279,0.9725915541443599,0.9564263176321272,0.9361397517946141,0.899478340683078,0.815404114703683,0.42557321944494503,0.032194412375726005
0.45683594801647603,0.7046182451306608,0.784846631954733,0.8200681731960009,0.8465630583378309,0.8670068318306642,0.8816060964268909,0.894451016782143,0.9062950581391659,0.915336721196781,0.92251500004694,0.930093519487643,0.9422230498066569,0.950317550041593,0.9596000377663879,0.9668649935717251,0.9748193641062869,0.981204289378805,0.987677962646215,0.9932549603927501,0.9972051983761899,1.0,0.9976459995034329,0.9933445003833391,0.9877511128444829,0.9803091639317009,0.9660147343575941,0.947657213297019,0.9135113130887991,0.832419549545293,0.4433524772389121,0.0520689370910276
0.4354703065662371,0.683810129594958,0.7667421812554841,0.80313606542521,0.830992631860648,0.8521789096693492,0.8676250647224091,0.881072448735202,0.893765345507078,0.9032439459337741,0.9108684889301372,0.9188647377369908,0.931745775299045,0.940432688732753,0.9502858592043829,0.9584859320989059,0.967412661609939,0.974698480976828,0.9817290739165841,0.9883958777293042,0.9932510252653409,0.9976459995034329,1.0,0.996978461557177,0.9923371376526571,0.985858753361336,0.9732994989726579,0.9561495292306401,0.9232852573926609,0.844896993548097,0.45817379324225105,0.0714356775948572
0.41869577159974397,0.663052045338957,0.7469146651157059,0.784333736933147,0.8133931046213492,0.835489796304618,0.8519514188166429,0.866341938391777,0.8795268553322141,0.88992978183686,0.8977022313107859,0.906487390204554,0.9200552878531111,0.9293784041402,0.9401902871731651,0.9490857629872479,0.9587885631022479,0.9669127847544878,0.974920960167902,0.9821784458642571,0.9875559161991629,0.9933445003833391,0.996978461557177,1.0,0.996876261577483,0.991412546491044,0.980979290977346,0.9654049939467501,0.9347943082861391,0.860039277315876,0.471856044471969,0.0898648001450489
0.39805041892463106,0.640992889180255,0.7268549709213281,0.7652414644015341,0.7958519486045408,0.8185268582146991,0.83574310957741,0.850743477793466,0.864501178881981,0.875663770017527,0.8841598446992209,0.8934625913244781,0.908168778427815,0.9180593076476189,0.929499165595038,0.939056460373278,0.9499676524746379,0.958658366714101,0.9673903437685091,0.9752113942666949,0.9810005432325279,0.9877511128444829,0.9923371376526571,0.996876261577483,1.0,0.995937280741009,0.9871740708809209,0.973671147396439,0.9458186179571179,0.875159472558635,0.48941086509597,0.114963775830641
0.37255536386057203,0.613368047167416,0.6999694807249661,0.7396915117399492,0.77118483275405,0.794888205147767,0.812860572787391,0.828906387718941,0.8439859591882929,0.85627397757,0.8655920662701879,0.8758066642788359,0.8919342749448159,0.9029810408227409,0.916086129032811,0.9261538861157259,0.9381053668544699,0.9479367727612859,0.95763703978588,0.966195976404732,0.9725915541443599,0.9803091639317009,0.985858753361336,0.991412546491044,0.995937280741009,1.0,0.9939655583599358,0.9825918814466469,0.9583627871840799,0.893261558786178,0.510691032987372,0.138807353294285
0.33083747306422995,0.5705803617166469,0.6606177054562529,0.7012790137213329,0.73419979469674,0.759745669653597,0.779483821306883,0.7968474508817289,0.8131300001285441,0.827184229452432,0.837066985400216,0.8483162701165571,0.8661082228136758,0.877907205609815,0.8926352962821591,0.9037258309732741,0.9172517264564949,0.928216125181596,0.938946389380693,0.9490261999158209,0.9564263176321272,0.9660147343575941,0.9732994989726579,0.980979290977346,0.9871740708809209,0.9939655583599358,1.0,0.9918322812866959,0.9722388248568951,0.914877564761979,0.537201500018809,0.166550608765637
0.29545647631861893,0.527301857955763,0.616411101168131,0.6597788922240899,0.6941698154403771,0.720797474679053,0.741913128990117,0.7602182547557901,0.778016641092564,0.793339242564618,0.804115989242174,0.8169320354165559,0.8358825242476949,0.848402040726636,0.864925043608274,0.8766276517230241,0.89161462736955,0.9033700522321451,0.91502552917851,0.92633888105975,0.9361397517946141,0.947657213297019,0.9561495292306401,0.9654049939467501,0.973671147396439,0.9825918814466469,0.9918322812866959,1.0,0.987607157739702,0.9423024481896121,0.5926814790679921,0.21145315604232895
0.24447903144836197,0.466173581556012,0.5541666365209829,0.597562648722099,0.634061475308672,0.662943714506584,0.684358100033673,0.70288119465558,0.7222381567095519,0.73872540545885,0.7501674026483521,0.7649227067897969,0.785839585558511,0.7999907803019392,0.818932557213547,0.8310244658112629,0.8475381809593129,0.8611825113674649,0.874555912460754,0.887782781773598,0.899478340683078,0.9135113130887991,0.9232852573926609,0.9347943082861391,0.9458186179571179,0.9583627871840799,0.9722388248568951,0.987607157739702,1.0,0.969697429275829,0.665246740668702,0.270170069513553
0.150026212061645,0.34968071788814,0.430677700463805,0.47606819101324394,0.514131740899025,0.542903228676172,0.566441126151345,0.5894766221174681,0.610468306728552,0.629978163946475,0.6423984182294871,0.6583970091463179,0.682025055285491,0.6979501689646129,0.71878039290025,0.733697468102819,0.7533133295716842,0.7708932314729341,0.7854830665817791,0.8006871384729759,0.815404114703683,0.832419549545293,0.844896993548097,0.860039277315876,0.875159472558635,0.893261558786178,0.914877564761979,0.9423024481896121,0.969697429275829,1.0,0.7555937160668191,0.3694202558334099
0.0160696030798853,0.0898259161613939,0.12956270919681098,0.15529930628938599,0.183377458975802,0.20388611138182897,0.22042223949694198,0.23384467477473103,0.24648731462275303,0.260974055803405,0.26972791609610997,0.28638819816332106,0.30328805188172,0.313156889947055,0.32875898298866396,0.34234328858380103,0.36047632172449795,0.377314649555661,0.39189243122167794,0.407193979414437,0.42557321944494503,0.4433524772389121,0.45817379324225105,0.471856044471969,0.48941086509597,0.510691032987372,0.537201500018809,0.5926814790679921,0.665246740668702,0.7555937160668191,1.0,0.586820890889929
0.233901248606507,0.24093256773450603,0.21951380966111803,0.20440682646056102,0.181292125244257,0.164399897142113,0.154641466883211,0.148270261979231,0.137788283806487,0.126760380231348,0.11530241490093801,0.103996952544467,0.0869810494779141,0.07644172695096901,0.0623474957546337,0.0478211938643797,0.0315244399046292,0.0151465577841988,0.000452421053186207,0.0168702730960507,0.032194412375726005,0.0520689370910276,0.0714356775948572,0.0898648001450489,0.114963775830641,0.138807353294285,0.166550608765637,0.21145315604232895,0.270170069513553,0.3694202558334099,0.586820890889929,1.0
