1.0,0.8337216456123059,0.777041608646965,0.739730892781896,0.6991156506895431,0.6647743252895071,0.6391205880240899,0.6187358285102701,0.60382423468475,0.5849772094064929,0.565763491985291,0.546967703796726,0.53587959014921,0.5170464572429511,0.496069361323201,0.4815724532202829,0.46394484999827507,0.44445789543886294,0.429791476218007,0.40346322287079206,0.38835539737113,0.3655279452249461,0.34855832932418895,0.335134882359299,0.31184807021897804,0.28084228035919895,0.224822827062404,0.122371685400209,0.0988584370694402,0.0529044483736872,0.0287247024396027,0.0240511322758239
0.8337216456123059,1.0,0.9561253583476991,0.9271173988620619,0.89796839645578,0.8726025117843621,0.85128248026666,0.8305182098451391,0.8205909578553959,0.803944264662591,0.788117920635853,0.7754723216890441,0.763661158955922,0.744802461144602,0.728431035915333,0.7157438081043052,0.695986079184943,0.677977343837967,0.660010562763001,0.6360568483104799,0.6223506172691271,0.601414577896371,0.5805554213010171,0.562378484115385,0.529977789888823,0.48838660584420296,0.41511461747318296,0.25326611182497,0.222481306955515,0.181815374110553,0.15733495104147197,0.134727440928853
0.777041608646965,0.9561253583476991,1.0,0.973409924249852,0.948546216540923,0.9270945167884059,0.907853824747386,0.891460344303086,0.8833024939427109,0.8713016264104221,0.8578270646683779,0.8454368323745192,0.83512203022798,0.817702622592742,0.803225538575836,0.790409451592198,0.771475462867895,0.7540054938903779,0.737465607363854,0.7151798168368891,0.702383698852881,0.6809749852544461,0.661209453526574,0.6433324652828599,0.6124013810533211,0.572943398647325,0.49084430641653204,0.30257563431984397,0.278130710688757,0.24444911611838002,0.219065666255642,0.17623208390891199
0.739730892781896,0.9271173988620619,0.973409924249852,1.0,0.980470890025962,0.962614976177355,0.9461065358228129,0.9318640965112,0.9242829121761279,0.9119467779520569,0.899154288661672,0.8869559068589251,0.87771123554447,0.862905957053435,0.849073727887229,0.837670731918382,0.8210419206971941,0.804906865041823,0.7891606933419009,0.7671743053999069,0.754134140477168,0.7332129768833491,0.713524054405063,0.697961850566503,0.6691624958945771,0.627308315341917,0.539005804594663,0.329713658488598,0.30758572429114,0.272173376310642,0.246932382387525,0.21042016466431
0.6991156506895431,0.89796839645578,0.948546216540923,0.980470890025962,1.0,0.988731119963496,0.974419055495625,0.9618032825615258,0.9552695635250958,0.9435468367098809,0.9323704365398661,0.920726716286995,0.911622063056419,0.898298329963907,0.886451345383597,0.8752130826092741,0.8587362209092191,0.8436652102119051,0.8279181387846559,0.8084372254279999,0.7965798097946251,0.7773763078958741,0.757198399827597,0.74161834878997,0.7130326340401341,0.6696389355118321,0.572563275728327,0.34899382374071003,0.3279746170365,0.29891630583818796,0.27596272484568396,0.24719667840482498
0.6647743252895071,0.8726025117843621,0.9270945167884059,0.962614976177355,0.988731119963496,1.0,0.989428520070588,0.976991030728963,0.969354026908958,0.959320266858215,0.9505110151635792,0.940587576907561,0.931208977348095,0.919158913846807,0.9088825360260391,0.899066968585107,0.882942248657063,0.8683797829547142,0.853478839645462,0.835782361754231,0.825367222718697,0.8064699789739509,0.7868094261830859,0.771049633592335,0.742017808616582,0.698214668191679,0.60077919345763,0.372433694109386,0.35239006880236207,0.32402968723001196,0.297921246826896,0.274270569389095
0.6391205880240899,0.85128248026666,0.907853824747386,0.9461065358228129,0.974419055495625,0.989428520070588,1.0,0.9912821123566992,0.983486500663529,0.973178251364538,0.965622264446595,0.957102758351255,0.9477410955447509,0.9371594712191519,0.92766668363434,0.918470320820213,0.904928611086909,0.8915695059621741,0.8782760521950251,0.861770612267568,0.852145227912266,0.8345079572486909,0.815792770937545,0.7989662208642909,0.770554456215532,0.725626472980417,0.62509768820442,0.38654802911294,0.365078107935789,0.337131821041081,0.31299659654058604,0.29888773764673304
0.6187358285102701,0.8305182098451391,0.891460344303086,0.9318640965112,0.9618032825615258,0.976991030728963,0.9912821123566992,1.0,0.993489801620814,0.9849772474797851,0.9791336678878391,0.9713331866641479,0.9634298073834591,0.95410996588459,0.944660262630907,0.93558673685194,0.923704902129855,0.911483519583482,0.899417773377417,0.883673312762,0.8733647421721241,0.8578146465067059,0.839986177008037,0.8245734512529871,0.7966771761495841,0.752966218771573,0.647396234037984,0.39941359556514205,0.38605935794272295,0.365545907026429,0.336814352757136,0.32507613989962103
0.60382423468475,0.8205909578553959,0.8833024939427109,0.9242829121761279,0.9552695635250958,0.969354026908958,0.983486500663529,0.993489801620814,1.0,0.993674157217405,0.9878867759591641,0.9804742831113579,0.973275271860416,0.964098897965644,0.9547556961858109,0.9455542909659241,0.934039400001375,0.922293497495779,0.910601490786636,0.895656123187259,0.88562973635346,0.87037848809903,0.8526061294872859,0.838436440549606,0.811712361302421,0.7687585769215259,0.6614338929570059,0.41156376204490797,0.40210286358438796,0.384233560166376,0.356161998103809,0.34046744694094605
0.5849772094064929,0.803944264662591,0.8713016264104221,0.9119467779520569,0.9435468367098809,0.959320266858215,0.973178251364538,0.9849772474797851,0.993674157217405,1.0,0.9951495468649592,0.987991491174728,0.981648754075961,0.9735357777177378,0.9650362175628849,0.956744643027929,0.9455989220758619,0.9337898920333549,0.9223690823467441,0.9082596518243259,0.8978949322672098,0.8836786355299721,0.866887026591941,0.8537328877081941,0.828478994656232,0.7876507776971909,0.6811078253135009,0.42536815712528897,0.418116986147237,0.40408107928514203,0.37364428617734,0.349824447290183
0.565763491985291,0.788117920635853,0.8578270646683779,0.899154288661672,0.9323704365398661,0.9505110151635792,0.965622264446595,0.9791336678878391,0.9878867759591641,0.9951495468649592,1.0,0.9952027659293861,0.9896707380891531,0.9826120347180229,0.975150917097696,0.967647651578114,0.957676124127333,0.947185310807295,0.936619922186635,0.9239617103644391,0.913236890191994,0.899776235218838,0.8844673139828699,0.8721483416488759,0.84764973665717,0.8074508671006251,0.7004451858128341,0.43752700865185107,0.43061227395033896,0.42018349051791604,0.388228923405666,0.36548503323793397
0.546967703796726,0.7754723216890441,0.8454368323745192,0.8869559068589251,0.920726716286995,0.940587576907561,0.957102758351255,0.9713331866641479,0.9804742831113579,0.987991491174728,0.9952027659293861,1.0,0.995806344022759,0.989842629042356,0.9834305973736399,0.9762610444908141,0.9680038092063029,0.958813874814963,0.949015440582456,0.9380793626847901,0.927673838649686,0.9148280067898041,0.900693340878015,0.888645626071201,0.8652541233098149,0.8270043649822829,0.720074031632549,0.452273449619231,0.44584519205057704,0.43911448890623905,0.40668055318083796,0.38424607368648206
0.53587959014921,0.763661158955922,0.83512203022798,0.87771123554447,0.911622063056419,0.931208977348095,0.9477410955447509,0.9634298073834591,0.973275271860416,0.981648754075961,0.9896707380891531,0.995806344022759,1.0,0.9959580489910892,0.990581050548995,0.984064669837513,0.9765794037991241,0.9687698767877441,0.95940489302664,0.948726499810451,0.9374992983623199,0.925016712636989,0.91173188548023,0.900476508741467,0.877862141710566,0.841006489207386,0.735650552828612,0.467241308668316,0.46435941061778,0.45861292571424606,0.42412291184843803,0.394047553081111
0.5170464572429511,0.744802461144602,0.817702622592742,0.862905957053435,0.898298329963907,0.919158913846807,0.9371594712191519,0.95410996588459,0.964098897965644,0.9735357777177378,0.9826120347180229,0.989842629042356,0.9959580489910892,1.0,0.9958995985786179,0.990513710201701,0.9840222810921609,0.977522043399198,0.9694858130585571,0.9601889630351609,0.949487560628874,0.9374839131731602,0.9259155360645841,0.9160020946946071,0.895938091517738,0.8609251734830029,0.757338939285758,0.485185166592161,0.484968866951418,0.48118756650288896,0.44373984720229903,0.41168531856410795
0.496069361323201,0.728431035915333,0.803225538575836,0.849073727887229,0.886451345383597,0.9088825360260391,0.92766668363434,0.944660262630907,0.9547556961858109,0.9650362175628849,0.975150917097696,0.9834305973736399,0.990581050548995,0.9958995985786179,1.0,0.9964084013808701,0.9908352242159879,0.984319087195649,0.976686273583755,0.967571318704889,0.957324881734506,0.9463823630129291,0.935029808398985,0.9248850479652908,0.904654112648497,0.869829092200683,0.766124018593083,0.490906648721974,0.492367362364441,0.49222633134128,0.45430172630003296,0.42044822753642996
0.4815724532202829,0.7157438081043052,0.790409451592198,0.837670731918382,0.8752130826092741,0.899066968585107,0.918470320820213,0.93558673685194,0.9455542909659241,0.956744643027929,0.967647651578114,0.9762610444908141,0.984064669837513,0.990513710201701,0.9964084013808701,1.0,0.99604322998844,0.9898572922207521,0.982731061500855,0.974086530104912,0.963996417492508,0.954362426980595,0.9435157527599929,0.9331792600236609,0.913458592908354,0.8790712807608141,0.7756714796202159,0.49534814220971796,0.497934556630039,0.50057837291339,0.462474739441593,0.430218758828479
0.46394484999827507,0.695986079184943,0.771475462867895,0.8210419206971941,0.8587362209092191,0.882942248657063,0.904928611086909,0.923704902129855,0.934039400001375,0.9455989220758619,0.957676124127333,0.9680038092063029,0.9765794037991241,0.9840222810921609,0.9908352242159879,0.99604322998844,1.0,0.995876600849905,0.99036469995049,0.982573927597351,0.9737065831316141,0.964854757856668,0.9543431811146851,0.9441438713070999,0.924740371605242,0.8914295678802359,0.7873059813370429,0.505235111269368,0.508875586736533,0.5127738585315801,0.476180952417323,0.444660864110867
0.44445789543886294,0.677977343837967,0.7540054938903779,0.804906865041823,0.8436652102119051,0.8683797829547142,0.8915695059621741,0.911483519583482,0.922293497495779,0.9337898920333549,0.947185310807295,0.958813874814963,0.9687698767877441,0.977522043399198,0.984319087195649,0.9898572922207521,0.995876600849905,1.0,0.996248150508479,0.9901317009964621,0.9825339858818929,0.9746333882794699,0.965518417698396,0.956444977285042,0.9383985021155359,0.9077769285563729,0.8072832677654341,0.531593144695125,0.534351821590346,0.5362215340655581,0.501559021550721,0.46348895845054905
0.429791476218007,0.660010562763001,0.737465607363854,0.7891606933419009,0.8279181387846559,0.853478839645462,0.8782760521950251,0.899417773377417,0.910601490786636,0.9223690823467441,0.936619922186635,0.949015440582456,0.95940489302664,0.9694858130585571,0.976686273583755,0.982731061500855,0.99036469995049,0.996248150508479,1.0,0.9956058444067021,0.989262811598831,0.9817895624272901,0.97398415333341,0.9654686486856049,0.948343266533857,0.9191551113566659,0.818651102125998,0.53971830995146,0.542991128224355,0.546863219245275,0.515486230401733,0.475370502545194
0.40346322287079206,0.6360568483104799,0.7151798168368891,0.7671743053999069,0.8084372254279999,0.835782361754231,0.861770612267568,0.883673312762,0.895656123187259,0.9082596518243259,0.9239617103644391,0.9380793626847901,0.948726499810451,0.9601889630351609,0.967571318704889,0.974086530104912,0.982573927597351,0.9901317009964621,0.9956058444067021,1.0,0.9952547710817371,0.98928632743377,0.9822128744975649,0.9739228369370291,0.9579054820438659,0.9301329874788778,0.8330086167734391,0.561029874246438,0.564906626255567,0.5699570134850539,0.541370053342164,0.496226500621837
0.38835539737113,0.6223506172691271,0.702383698852881,0.754134140477168,0.7965798097946251,0.825367222718697,0.852145227912266,0.8733647421721241,0.88562973635346,0.8978949322672098,0.913236890191994,0.927673838649686,0.9374992983623199,0.949487560628874,0.957324881734506,0.963996417492508,0.9737065831316141,0.9825339858818929,0.989262811598831,0.9952547710817371,1.0,0.994717653839725,0.9880558358968929,0.9794261198340429,0.962972763643025,0.936290377031935,0.8431236976022869,0.578418196828374,0.5808208100116751,0.5843283826488311,0.559070060415015,0.511342548484409
0.3655279452249461,0.601414577896371,0.6809749852544461,0.7332129768833491,0.7773763078958741,0.8064699789739509,0.8345079572486909,0.8578146465067059,0.87037848809903,0.8836786355299721,0.899776235218838,0.9148280067898041,0.925016712636989,0.9374839131731602,0.9463823630129291,0.954362426980595,0.964854757856668,0.9746333882794699,0.9817895624272901,0.98928632743377,0.994717653839725,1.0,0.994917460663223,0.986792550454346,0.970939548244342,0.9436741709704921,0.84923114638076,0.5789316526924699,0.582019883404796,0.592318803386285,0.5653282050800961,0.517388970449249
0.34855832932418895,0.5805554213010171,0.661209453526574,0.713524054405063,0.757198399827597,0.7868094261830859,0.815792770937545,0.839986177008037,0.8526061294872859,0.866887026591941,0.8844673139828699,0.900693340878015,0.91173188548023,0.9259155360645841,0.935029808398985,0.9435157527599929,0.9543431811146851,0.965518417698396,0.97398415333341,0.9822128744975649,0.9880558358968929,0.994917460663223,1.0,0.994023521018486,0.9814796978648179,0.958920577620185,0.8727596284320199,0.60094613108975,0.6018844055045122,0.611837467556402,0.585341783007059,0.536721597932732
0.335134882359299,0.562378484115385,0.6433324652828599,0.697961850566503,0.74161834878997,0.771049633592335,0.7989662208642909,0.8245734512529871,0.838436440549606,0.8537328877081941,0.8721483416488759,0.888645626071201,0.900476508741467,0.9160020946946071,0.9248850479652908,0.9331792600236609,0.9441438713070999,0.956444977285042,0.9654686486856049,0.9739228369370291,0.9794261198340429,0.986792550454346,0.994023521018486,1.0,0.992046418252798,0.9731500619116421,0.8890562006914301,0.610064565374969,0.615981852443644,0.630669806813168,0.603281353279693,0.5550152928974461
0.31184807021897804,0.529977789888823,0.6124013810533211,0.6691624958945771,0.7130326340401341,0.742017808616582,0.770554456215532,0.7966771761495841,0.811712361302421,0.828478994656232,0.84764973665717,0.8652541233098149,0.877862141710566,0.895938091517738,0.904654112648497,0.913458592908354,0.924740371605242,0.9383985021155359,0.948343266533857,0.9579054820438659,0.962972763643025,0.970939548244342,0.9814796978648179,0.992046418252798,1.0,0.987229499965287,0.907018653499208,0.622233692932431,0.6309748072801159,0.649437526748375,0.621925081081531,0.5699155486746229
0.28084228035919895,0.48838660584420296,0.572943398647325,0.627308315341917,0.6696389355118321,0.698214668191679,0.725626472980417,0.752966218771573,0.7687585769215259,0.7876507776971909,0.8074508671006251,0.8270043649822829,0.841006489207386,0.8609251734830029,0.869829092200683,0.8790712807608141,0.8914295678802359,0.9077769285563729,0.9191551113566659,0.9301329874788778,0.936290377031935,0.9436741709704921,0.958920577620185,0.9731500619116421,0.987229499965287,1.0,0.9483642955467201,0.6880475054268002,0.695127241878101,0.7110231843531769,0.6730833752225029,0.596600288662477
0.224822827062404,0.41511461747318296,0.49084430641653204,0.539005804594663,0.572563275728327,0.60077919345763,0.62509768820442,0.647396234037984,0.6614338929570059,0.6811078253135009,0.7004451858128341,0.720074031632549,0.735650552828612,0.757338939285758,0.766124018593083,0.7756714796202159,0.7873059813370429,0.8072832677654341,0.818651102125998,0.8330086167734391,0.8431236976022869,0.84923114638076,0.8727596284320199,0.8890562006914301,0.907018653499208,0.9483642955467201,1.0,0.8485594877279641,0.832558104274056,0.80740943134089,0.746958939162029,0.604411110728954
0.122371685400209,0.25326611182497,0.30257563431984397,0.329713658488598,0.34899382374071003,0.372433694109386,0.38654802911294,0.39941359556514205,0.41156376204490797,0.42536815712528897,0.43752700865185107,0.452273449619231,0.467241308668316,0.485185166592161,0.490906648721974,0.49534814220971796,0.505235111269368,0.531593144695125,0.53971830995146,0.561029874246438,0.578418196828374,0.5789316526924699,0.60094613108975,0.610064565374969,0.622233692932431,0.6880475054268002,0.8485594877279641,1.0,0.964062230907895,0.8598378159343979,0.783206126419494,0.5341391107190699
0.0988584370694402,0.222481306955515,0.278130710688757,0.30758572429114,0.3279746170365,0.35239006880236207,0.365078107935789,0.38605935794272295,0.40210286358438796,0.418116986147237,0.43061227395033896,0.44584519205057704,0.46435941061778,0.484968866951418,0.492367362364441,0.497934556630039,0.508875586736533,0.534351821590346,0.542991128224355,0.564906626255567,0.5808208100116751,0.582019883404796,0.6018844055045122,0.615981852443644,0.6309748072801159,0.695127241878101,0.832558104274056,0.964062230907895,1.0,0.943008828485409,0.847610004114805,0.587987434862839
0.0529044483736872,0.181815374110553,0.24444911611838002,0.272173376310642,0.29891630583818796,0.32402968723001196,0.337131821041081,0.365545907026429,0.384233560166376,0.40408107928514203,0.42018349051791604,0.43911448890623905,0.45861292571424606,0.48118756650288896,0.49222633134128,0.50057837291339,0.5127738585315801,0.5362215340655581,0.546863219245275,0.5699570134850539,0.5843283826488311,0.592318803386285,0.611837467556402,0.630669806813168,0.649437526748375,0.7110231843531769,0.80740943134089,0.8598378159343979,0.943008828485409,1.0,0.910436120975539,0.650308970718897
0.0287247024396027,0.15733495104147197,0.219065666255642,0.246932382387525,0.27596272484568396,0.297921246826896,0.31299659654058604,0.336814352757136,0.356161998103809,0.37364428617734,0.388228923405666,0.40668055318083796,0.42412291184843803,0.44373984720229903,0.45430172630003296,0.462474739441593,0.476180952417323,0.501559021550721,0.515486230401733,0.541370053342164,0.559070060415015,0.5653282050800961,0.585341783007059,0.603281353279693,0.621925081081531,0.6730833752225029,0.746958939162029,0.783206126419494,0.847610004114805,0.910436120975539,1.0,0.7256193878718509
0.0240511322758239,0.134727440928853,0.17623208390891199,0.21042016466431,0.24719667840482498,0.274270569389095,0.29888773764673304,0.32507613989962103,0.34046744694094605,0.349824447290183,0.36548503323793397,0.38424607368648206,0.394047553081111,0.41168531856410795,0.42044822753642996,0.430218758828479,0.444660864110867,0.46348895845054905,0.475370502545194,0.496226500621837,0.511342548484409,0.517388970449249,0.536721597932732,0.5550152928974461,0.5699155486746229,0.596600288662477,0.604411110728954,0.5341391107190699,0.587987434862839,0.650308970718897,0.7256193878718509,1.0
