1.0,0.9234944588005229,0.885712088794938,0.8648324926392679,0.8498307191649841,0.833488905015648,0.811869410829663,0.7936653242682041,0.7719887282854191,0.754342643837309,0.73593861888073,0.7091274126308559,0.687354620831804,0.66252034668298,0.639281961538454,0.606216931204756,0.575787832410533,0.5423657499928011,0.518216700198999,0.493140166276766,0.455897197925434,0.427002627201747,0.405346965476442,0.38121283852065896,0.358583359536853,0.34423096192266905,0.316648877988592,0.29612266024924605,0.26583067630981,0.23543440103729502,0.144872463856612,0.0655937279364082
0.9234944588005229,1.0,0.97622046098269,0.957027282608491,0.943921720661567,0.9317876242828399,0.9144517967293729,0.8973934844346879,0.8791207640149928,0.8647564968096921,0.8465436857810359,0.823619866407592,0.8032098403516801,0.7808574169813991,0.758550260558756,0.7278919638266109,0.6972992815560078,0.662913758712001,0.639798703996979,0.613951534796215,0.5775123849485571,0.549132053918123,0.5262677068953889,0.5011534280711141,0.47752457206651705,0.46181616781101703,0.431646955971676,0.40687617689163996,0.371106756335174,0.331562868546236,0.23861856910071697,0.14261747142421
0.885712088794938,0.97622046098269,1.0,0.9865908876715591,0.9758736983538779,0.96680748324543,0.953889674889576,0.9389393897229241,0.923472381374465,0.91090006241189,0.8962163482217661,0.8769764226952859,0.8591179699655621,0.839993082309521,0.8193974343281859,0.7911380597664809,0.763454440746256,0.731454405027788,0.7095095204834391,0.6860134992068471,0.651404761485693,0.624043822486883,0.601943992648282,0.577689819271967,0.554929180272966,0.5395334458337739,0.5098977930099939,0.486410998198983,0.449610196772307,0.40574495309507896,0.30495489230907696,0.18320633421113
0.8648324926392679,0.957027282608491,0.9865908876715591,1.0,0.991013130661902,0.9830798220468441,0.9728198220588941,0.9580332941906992,0.9436651556274681,0.9315857723423392,0.917706304061522,0.900028708900803,0.8840190274474521,0.8658103439093141,0.8459430384424821,0.818449405543961,0.792439436973466,0.761761177294125,0.741077617456754,0.7181372571362409,0.684166993957625,0.657539523900843,0.635870156402631,0.611893469728074,0.588861872162592,0.573912770406033,0.54403026569908,0.51919618955,0.481345253100522,0.43581708529072904,0.327192940268229,0.19787015321578197
0.8498307191649841,0.943921720661567,0.9758736983538779,0.991013130661902,1.0,0.9935783395313871,0.984314261132078,0.970773398012256,0.9582729701033509,0.946450651145501,0.933021601606725,0.9161112895486792,0.9009035387843871,0.8840355783134051,0.865468434670835,0.839481629057035,0.8150386841467281,0.7864319470210709,0.7668512715081541,0.744477183024143,0.711940723207718,0.686283434882172,0.664486858342758,0.641783818058724,0.619205766949797,0.604855398915952,0.5757092055053621,0.552227468013881,0.514482939385966,0.469154985926874,0.35844361428885796,0.22834684902210395
0.833488905015648,0.9317876242828399,0.96680748324543,0.9830798220468441,0.9935783395313871,1.0,0.9933525308675281,0.9831923562216629,0.9724487376093599,0.962393237792583,0.950631923999332,0.9349947647879341,0.921453759609396,0.9063043462250279,0.889252057633837,0.864738746372223,0.841881919132646,0.8147987717783299,0.7962652617211509,0.774842215542488,0.7437409821202778,0.7191886537468191,0.698699511344382,0.676671789810531,0.654364856971566,0.641027479698995,0.61205318084178,0.589590854046083,0.5516627691516229,0.506329328438747,0.3908593210678761,0.262583174337017
0.811869410829663,0.9144517967293729,0.953889674889576,0.9728198220588941,0.984314261132078,0.9933525308675281,1.0,0.993527760516166,0.98555673924289,0.976799656772254,0.966943428663327,0.953554713229823,0.94236901484936,0.928852130750065,0.9136221806996759,0.8920335225759741,0.871378550457103,0.846705917510425,0.8291215931096229,0.8088692433002421,0.780216589736255,0.7568415432056609,0.736732976490918,0.7160017506092871,0.6948546917214828,0.68199067451565,0.654634526575925,0.6321884638361651,0.592543988094396,0.544792646060794,0.4237673798613879,0.288569185992323
0.7936653242682041,0.8973934844346879,0.9389393897229241,0.9580332941906992,0.970773398012256,0.9831923562216629,0.993527760516166,1.0,0.9946490187354309,0.987283977643847,0.979232358226763,0.9679718855909671,0.958804216054616,0.9469184111879719,0.9333395566929079,0.91437086875651,0.895345559084427,0.872648668253778,0.8561337208605141,0.8372016773361229,0.8105907944647309,0.7883714510603249,0.769150468438821,0.7494088095899009,0.728792240929602,0.715866883416629,0.688965202857238,0.6664552713833181,0.6266473351592889,0.578238877487284,0.45299294029961795,0.312174542975683
0.7719887282854191,0.8791207640149928,0.923472381374465,0.9436651556274681,0.9582729701033509,0.9724487376093599,0.98555673924289,0.9946490187354309,1.0,0.99511076058954,0.988473237487105,0.979449709434176,0.9718014545730841,0.9613832444857779,0.949028085093688,0.932274163926065,0.915156183337456,0.8938433703497951,0.8784532149481501,0.8602116396643391,0.834877841879139,0.8136213111084871,0.7952340225801641,0.776813091616261,0.7573073090930459,0.744589766615412,0.718809723641111,0.696795503451895,0.658050905351826,0.608934086315567,0.482736000369896,0.33456093130233505
0.754342643837309,0.8647564968096921,0.91090006241189,0.9315857723423392,0.946450651145501,0.962393237792583,0.976799656772254,0.987283977643847,0.99511076058954,1.0,0.9955214738467539,0.9889090512492991,0.9821305212080759,0.972566731604293,0.961725133277233,0.946410886597585,0.930325811609025,0.9107747325978821,0.8965146861088531,0.8789073069006491,0.854861708244069,0.834420898549604,0.8172045370904409,0.799963035926494,0.7814369038504889,0.7684859093594191,0.7438648371206741,0.721405785916514,0.6817796487695721,0.6307753010470071,0.5008047845607361,0.3474611730913
0.73593861888073,0.8465436857810359,0.8962163482217661,0.917706304061522,0.933021601606725,0.950631923999332,0.966943428663327,0.979232358226763,0.988473237487105,0.9955214738467539,1.0,0.9952746674661029,0.9897949316263291,0.9821187758778399,0.9731423979727291,0.9593411605225011,0.944334371480923,0.926266085913975,0.9131680540696802,0.896664866605097,0.8737577310989889,0.8543234862448341,0.8380355910556729,0.821088479698839,0.8036402746956709,0.7910983896137209,0.767473111422906,0.7453045785251741,0.705125139518129,0.6528478903544921,0.519289035158839,0.35814823861576706
0.7091274126308559,0.823619866407592,0.8769764226952859,0.900028708900803,0.9161112895486792,0.9349947647879341,0.953554713229823,0.9679718855909671,0.979449709434176,0.9889090512492991,0.9952746674661029,1.0,0.996632347093793,0.990738325757429,0.9830268385551859,0.971744733171487,0.9580617414924559,0.9415091579251841,0.9291636643027951,0.9145851827394851,0.8938414843582009,0.875586644035098,0.8598982007924629,0.84354288387733,0.8268119323081801,0.8149861677418501,0.792519420897495,0.770432707602573,0.729553424483229,0.675317544856229,0.5394549248175861,0.370192315728992
0.687354620831804,0.8032098403516801,0.8591179699655621,0.8840190274474521,0.9009035387843871,0.921453759609396,0.94236901484936,0.958804216054616,0.9718014545730841,0.9821305212080759,0.9897949316263291,0.996632347093793,1.0,0.9962845913702808,0.989785889562568,0.9809537085726291,0.9692595554385501,0.954883708671467,0.944071878530792,0.9308258041249509,0.911869206369803,0.895018272222351,0.8803681835291959,0.8648238944873721,0.848888831302922,0.8377836265742611,0.8162516028269409,0.79492713771459,0.7547919821860971,0.70170918643932,0.5626706759625171,0.38735209275191096
0.66252034668298,0.7808574169813991,0.839993082309521,0.8658103439093141,0.8840355783134051,0.9063043462250279,0.928852130750065,0.9469184111879719,0.9613832444857779,0.972566731604293,0.9821187758778399,0.990738325757429,0.9962845913702808,1.0,0.99580513665818,0.989025037882857,0.9794316503079309,0.9667654780862671,0.95696659864206,0.944729792488073,0.92752293982529,0.911990806897555,0.8983086222662879,0.884134421089055,0.868993764652206,0.8581809001572921,0.8382140326561479,0.818200257037428,0.7785437176412401,0.7257035595502851,0.585440351884893,0.40840461188586497
0.639281961538454,0.758550260558756,0.8193974343281859,0.8459430384424821,0.865468434670835,0.889252057633837,0.9136221806996759,0.9333395566929079,0.949028085093688,0.961725133277233,0.9731423979727291,0.9830268385551859,0.989785889562568,0.99580513665818,1.0,0.996101741449537,0.988554095317736,0.9782534691977629,0.9697282065982891,0.9593238646146801,0.943931887550758,0.9293077865953622,0.9165757190402909,0.9033454544243491,0.8896963561964731,0.87948749822871,0.860596759947771,0.84211638537972,0.804094308847484,0.7510891372954671,0.611665086342287,0.42934579522695293
0.606216931204756,0.7278919638266109,0.7911380597664809,0.818449405543961,0.839481629057035,0.864738746372223,0.8920335225759741,0.91437086875651,0.932274163926065,0.946410886597585,0.9593411605225011,0.971744733171487,0.9809537085726291,0.989025037882857,0.996101741449537,1.0,0.9957101868594499,0.9882784216785191,0.9812185220373221,0.972442799144011,0.959181691089591,0.946506842603173,0.934810831019642,0.9228743166405059,0.9104800200902601,0.9015934364742308,0.884760592505886,0.8675945099234809,0.829385601562587,0.7754152305547951,0.635553859206995,0.445084150648266
0.575787832410533,0.6972992815560078,0.763454440746256,0.792439436973466,0.8150386841467281,0.841881919132646,0.871378550457103,0.895345559084427,0.915156183337456,0.930325811609025,0.944334371480923,0.9580617414924559,0.9692595554385501,0.9794316503079309,0.988554095317736,0.9957101868594499,1.0,0.9959991087232309,0.990070455468826,0.9829569112023321,0.9720716928863778,0.961036612917318,0.951025880341101,0.9403541885233531,0.929049283758627,0.9212888329784541,0.9059938043871121,0.889269020119252,0.850575070701187,0.796436318693354,0.6541449725041291,0.457388715571035
0.5423657499928011,0.662913758712001,0.731454405027788,0.761761177294125,0.7864319470210709,0.8147987717783299,0.846705917510425,0.872648668253778,0.8938433703497951,0.9107747325978821,0.926266085913975,0.9415091579251841,0.954883708671467,0.9667654780862671,0.9782534691977629,0.9882784216785191,0.9959991087232309,1.0,0.9967483489272291,0.991424586389042,0.9832407168966679,0.9738964711121741,0.965496230252083,0.9560865753658241,0.9461709360352059,0.939519467399078,0.9257486685404691,0.91042509707995,0.8734832352067159,0.8195253555108499,0.674652555514789,0.47630356148335395
0.518216700198999,0.639798703996979,0.7095095204834391,0.741077617456754,0.7668512715081541,0.7962652617211509,0.8291215931096229,0.8561337208605141,0.8784532149481501,0.8965146861088531,0.9131680540696802,0.9291636643027951,0.944071878530792,0.95696659864206,0.9697282065982891,0.9812185220373221,0.990070455468826,0.9967483489272291,1.0,0.9967924747428609,0.990309072680785,0.982244223317958,0.974960509996573,0.9657853762522378,0.956749743063315,0.9502544208120028,0.937299148365248,0.922800656054713,0.8858409602685409,0.8323344347648101,0.68540755635515,0.4827060170860711
0.493140166276766,0.613951534796215,0.6860134992068471,0.7181372571362409,0.744477183024143,0.774842215542488,0.8088692433002421,0.8372016773361229,0.8602116396643391,0.8789073069006491,0.896664866605097,0.9145851827394851,0.9308258041249509,0.944729792488073,0.9593238646146801,0.972442799144011,0.9829569112023321,0.991424586389042,0.9967924747428609,1.0,0.9958809809743909,0.9895617810060542,0.9829563540348659,0.974544414403505,0.9663445574458229,0.960064736355823,0.947977238308807,0.934482879968985,0.89649431938549,0.8418645038375141,0.6932485394968521,0.486735705275544
0.455897197925434,0.5775123849485571,0.651404761485693,0.684166993957625,0.711940723207718,0.7437409821202778,0.780216589736255,0.8105907944647309,0.834877841879139,0.854861708244069,0.8737577310989889,0.8938414843582009,0.911869206369803,0.92752293982529,0.943931887550758,0.959181691089591,0.9720716928863778,0.9832407168966679,0.990309072680785,0.9958809809743909,1.0,0.9965954231414251,0.9915040429149861,0.9845991655811759,0.9777507162159699,0.9722365874152741,0.9619747644048678,0.949218453696547,0.90962839752985,0.853842647083758,0.703419910933599,0.499533477716351
0.427002627201747,0.549132053918123,0.624043822486883,0.657539523900843,0.686283434882172,0.7191886537468191,0.7568415432056609,0.7883714510603249,0.8136213111084871,0.834420898549604,0.8543234862448341,0.875586644035098,0.895018272222351,0.911990806897555,0.9293077865953622,0.946506842603173,0.961036612917318,0.9738964711121741,0.982244223317958,0.9895617810060542,0.9965954231414251,1.0,0.996469013060272,0.9908441709297191,0.984844403733116,0.9796779865541129,0.9708034337559971,0.959477918875384,0.921356013373381,0.866404118496695,0.716517002543131,0.512411183389889
0.405346965476442,0.5262677068953889,0.601943992648282,0.635870156402631,0.664486858342758,0.698699511344382,0.736732976490918,0.769150468438821,0.7952340225801641,0.8172045370904409,0.8380355910556729,0.8598982007924629,0.8803681835291959,0.8983086222662879,0.9165757190402909,0.934810831019642,0.951025880341101,0.965496230252083,0.974960509996573,0.9829563540348659,0.9915040429149861,0.996469013060272,1.0,0.9960886229308109,0.990849341456106,0.986296500973126,0.978247753077668,0.9677108383288391,0.9303218524249549,0.8771151714594241,0.7263829860117209,0.5247080057067779
0.38121283852065896,0.5011534280711141,0.577689819271967,0.611893469728074,0.641783818058724,0.676671789810531,0.7160017506092871,0.7494088095899009,0.776813091616261,0.799963035926494,0.821088479698839,0.84354288387733,0.8648238944873721,0.884134421089055,0.9033454544243491,0.9228743166405059,0.9403541885233531,0.9560865753658241,0.9657853762522378,0.974544414403505,0.9845991655811759,0.9908441709297191,0.9960886229308109,1.0,0.996623462935526,0.992496869696414,0.9857042423120479,0.976418776507871,0.9416062013488949,0.8902333021718609,0.7404834729524701,0.533959360964757
0.358583359536853,0.47752457206651705,0.554929180272966,0.588861872162592,0.619205766949797,0.654364856971566,0.6948546917214828,0.728792240929602,0.7573073090930459,0.7814369038504889,0.8036402746956709,0.8268119323081801,0.848888831302922,0.868993764652206,0.8896963561964731,0.9104800200902601,0.929049283758627,0.9461709360352059,0.956749743063315,0.9663445574458229,0.9777507162159699,0.984844403733116,0.990849341456106,0.996623462935526,1.0,0.9964321021724508,0.990857577163626,0.9824704332401021,0.948769375872927,0.898029212843022,0.7520769463855329,0.5428077456228579
0.34423096192266905,0.46181616781101703,0.5395334458337739,0.573912770406033,0.604855398915952,0.641027479698995,0.68199067451565,0.715866883416629,0.744589766615412,0.7684859093594191,0.7910983896137209,0.8149861677418501,0.8377836265742611,0.8581809001572921,0.87948749822871,0.9015934364742308,0.9212888329784541,0.939519467399078,0.9502544208120028,0.960064736355823,0.9722365874152741,0.9796779865541129,0.986296500973126,0.992496869696414,0.9964321021724508,1.0,0.995710853437155,0.9872977145740149,0.9541588376797059,0.9033022465387879,0.756727135121149,0.5441976251187479
0.316648877988592,0.431646955971676,0.5098977930099939,0.54403026569908,0.5757092055053621,0.61205318084178,0.654634526575925,0.688965202857238,0.718809723641111,0.7438648371206741,0.767473111422906,0.792519420897495,0.8162516028269409,0.8382140326561479,0.860596759947771,0.884760592505886,0.9059938043871121,0.9257486685404691,0.937299148365248,0.947977238308807,0.9619747644048678,0.9708034337559971,0.978247753077668,0.9857042423120479,0.990857577163626,0.995710853437155,1.0,0.9935555010086191,0.961125824382582,0.9108254972024891,0.766282198351524,0.547277206002146
0.29612266024924605,0.40687617689163996,0.486410998198983,0.51919618955,0.552227468013881,0.589590854046083,0.6321884638361651,0.6664552713833181,0.696795503451895,0.721405785916514,0.7453045785251741,0.770432707602573,0.79492713771459,0.818200257037428,0.84211638537972,0.8675945099234809,0.889269020119252,0.91042509707995,0.922800656054713,0.934482879968985,0.949218453696547,0.959477918875384,0.9677108383288391,0.976418776507871,0.9824704332401021,0.9872977145740149,0.9935555010086191,1.0,0.9781709949725409,0.933405733569027,0.8001763910737208,0.578145660729511
0.26583067630981,0.371106756335174,0.449610196772307,0.481345253100522,0.514482939385966,0.5516627691516229,0.592543988094396,0.6266473351592889,0.658050905351826,0.6817796487695721,0.705125139518129,0.729553424483229,0.7547919821860971,0.7785437176412401,0.804094308847484,0.829385601562587,0.850575070701187,0.8734832352067159,0.8858409602685409,0.89649431938549,0.90962839752985,0.921356013373381,0.9303218524249549,0.9416062013488949,0.948769375872927,0.9541588376797059,0.961125824382582,0.9781709949725409,1.0,0.9772409707529258,0.8806830944464351,0.648208247344847
0.23543440103729502,0.331562868546236,0.40574495309507896,0.43581708529072904,0.469154985926874,0.506329328438747,0.544792646060794,0.578238877487284,0.608934086315567,0.6307753010470071,0.6528478903544921,0.675317544856229,0.70170918643932,0.7257035595502851,0.7510891372954671,0.7754152305547951,0.796436318693354,0.8195253555108499,0.8323344347648101,0.8418645038375141,0.853842647083758,0.866404118496695,0.8771151714594241,0.8902333021718609,0.898029212843022,0.9033022465387879,0.9108254972024891,0.933405733569027,0.9772409707529258,1.0,0.9275619203298641,0.701776196494818
0.144872463856612,0.23861856910071697,0.30495489230907696,0.327192940268229,0.35844361428885796,0.3908593210678761,0.4237673798613879,0.45299294029961795,0.482736000369896,0.5008047845607361,0.519289035158839,0.5394549248175861,0.5626706759625171,0.585440351884893,0.611665086342287,0.635553859206995,0.6541449725041291,0.674652555514789,0.68540755635515,0.6932485394968521,0.703419910933599,0.716517002543131,0.7263829860117209,0.7404834729524701,0.7520769463855329,0.756727135121149,0.766282198351524,0.8001763910737208,0.8806830944464351,0.9275619203298641,1.0,0.7796516410281679
0.0655937279364082,0.14261747142421,0.18320633421113,0.19787015321578197,0.22834684902210395,0.262583174337017,0.288569185992323,0.312174542975683,0.33456093130233505,0.3474611730913,0.35814823861576706,0.370192315728992,0.38735209275191096,0.40840461188586497,0.42934579522695293,0.445084150648266,0.457388715571035,0.47630356148335395,0.4827060170860711,0.486735705275544,0.499533477716351,0.512411183389889,0.5247080057067779,0.533959360964757,0.5428077456228579,0.5441976251187479,0.547277206002146,0.578145660729511,0.648208247344847,0.701776196494818,0.7796516410281679,1.0
