1.0,0.8240147098656541,0.7672435272866659,0.732546796520115,0.7066780250103709,0.6894572498552559,0.678899997955429,0.665201381603157,0.647992861680891,0.6358716301079829,0.628006502386331,0.6196373079507161,0.605582497256767,0.5934462435872839,0.5819594509298871,0.568311980698899,0.558286091921445,0.546624002109745,0.533480172333465,0.518244568196576,0.502929069569079,0.48248870331796795,0.47142138306115394,0.45684950885894393,0.44853696753458394,0.43380157015694104,0.41311420868842696,0.38610026228997796,0.33756954579570597,0.20467670664663,0.0246200967973683,0.10959446991896901
0.8240147098656541,1.0,0.962723700282434,0.9420178326735291,0.9278529662973459,0.9148489612161,0.9060445343246241,0.8959126818694959,0.885044700769585,0.875067049197157,0.8669745512913031,0.8597515325585758,0.8490314089702529,0.840805754553192,0.832892191389769,0.821007373624783,0.812003327789606,0.8008530236835949,0.788492435897035,0.774416504886219,0.758673437482394,0.740760817133065,0.72775023796519,0.7153528154389079,0.70510344722848,0.689211704179136,0.666435828705985,0.6359585866833879,0.581703967682917,0.41012472754815704,0.12380829755151199,0.0688539444804415
0.7672435272866659,0.962723700282434,1.0,0.9860323927659799,0.974349229641687,0.9639908187149058,0.9558324788427479,0.948666088570018,0.9416744976375699,0.9350002756433999,0.9285465706375531,0.922265725475554,0.9142016047555039,0.9076472179639159,0.9003195546029399,0.8909922746980259,0.882848934632272,0.8723387068004971,0.8611624234374828,0.848534950884954,0.8353714545370771,0.819393922384751,0.808295765957717,0.797612669052813,0.788311144983234,0.773820527381279,0.7524281721563331,0.722592187512489,0.669953419793444,0.49315625693395004,0.194307548196906,0.0125905205427854
0.732546796520115,0.9420178326735291,0.9860323927659799,1.0,0.991020313228278,0.982926920255374,0.9759020768619129,0.969989348587995,0.9640003121763571,0.958182096273129,0.952035230743377,0.947096689354977,0.9400976185789959,0.934632393060529,0.9279717794086899,0.9196838547150309,0.912113156241803,0.9026561308002259,0.89261820291871,0.8819947786074491,0.8706735460918801,0.8567648652477671,0.8464957922998799,0.8365449717149849,0.8292094098695691,0.8159516892381279,0.795242314951494,0.7662266850883649,0.7134529131410501,0.5361003443313871,0.232629955550574,0.0192446330353453
0.7066780250103709,0.9278529662973459,0.974349229641687,0.991020313228278,1.0,0.9943616704685091,0.988808457255722,0.984350740986323,0.9794266555586121,0.9743233462947829,0.968653482039603,0.964646395276477,0.9575841847354379,0.952202765349222,0.9461540857183249,0.9384199538715309,0.931571620968772,0.922767200034941,0.913432596106394,0.903530012154324,0.892408670607842,0.879621890068473,0.87016259587944,0.8604328784907981,0.8541786370152509,0.841585772808795,0.821716754334162,0.792753367857032,0.7414917547801151,0.56211526005783,0.249001973886138,0.0444299771626553
0.6894572498552559,0.9148489612161,0.9639908187149058,0.982926920255374,0.9943616704685091,1.0,0.9959358732334681,0.9921072895034571,0.987745878747788,0.9829322593820099,0.9776945197035591,0.974382897866578,0.9679655969590241,0.9625717551898879,0.957332403807043,0.950601503439803,0.944289707445546,0.9361856426781009,0.9271717943098791,0.9174963310316301,0.906845520731347,0.8954895619508271,0.8868844695539259,0.877772267869654,0.872130414199779,0.860375757285157,0.840925375746302,0.813000307990822,0.762675184958873,0.583928011369564,0.266373427873486,0.0647417797668385
0.678899997955429,0.9060445343246241,0.9558324788427479,0.9759020768619129,0.988808457255722,0.9959358732334681,1.0,0.9968678026299781,0.9925651858398059,0.988195617670417,0.983605005923253,0.9803866351349408,0.9741162973804781,0.968984538868812,0.964161467205611,0.95775932786499,0.951670574297591,0.943718127064584,0.934686505612992,0.9251365551663299,0.914295807656855,0.902806785843641,0.89427843880692,0.8854261445223421,0.8799085197908071,0.8678925084283119,0.848885202684197,0.8219859480024359,0.7712489441979592,0.592033379729987,0.27313009929347104,0.0789294214869472
0.665201381603157,0.8959126818694959,0.948666088570018,0.969989348587995,0.984350740986323,0.9921072895034571,0.9968678026299781,1.0,0.9967081769293109,0.9931021120629642,0.9890759837001311,0.986009658694982,0.9804418224609042,0.9758010158099051,0.971177947743425,0.9654809944536591,0.9595904493461519,0.952150933628478,0.9434478430646829,0.934605980055831,0.92439000161447,0.913633208484318,0.905466996487328,0.8965315809580129,0.891379893651152,0.8797790548498559,0.86114899508602,0.834767661421387,0.784285889189344,0.605935694335326,0.28417977464467,0.09259030574923599
0.647992861680891,0.885044700769585,0.9416744976375699,0.9640003121763571,0.9794266555586121,0.987745878747788,0.9925651858398059,0.9967081769293109,1.0,0.997466741293182,0.994148022610832,0.9910486197412092,0.9861929507961509,0.9821526008925909,0.978001718465547,0.972693025487331,0.9672611440184019,0.9602377302632521,0.9518583514079559,0.943674382440223,0.9341844145913771,0.9241204199730458,0.9162248462876709,0.90777626491512,0.9024713569850409,0.891674433424159,0.873617557869968,0.848242271273841,0.7980471381162191,0.6210871775307261,0.295542275835315,0.10800821800066499
0.6358716301079829,0.875067049197157,0.9350002756433999,0.958182096273129,0.9743233462947829,0.9829322593820099,0.988195617670417,0.9931021120629642,0.997466741293182,1.0,0.9973927124748342,0.99466993937933,0.990271836166168,0.986552580776244,0.9824979938981709,0.9772247087940541,0.971828936781486,0.9647435019744441,0.9566016979713841,0.9483893782931879,0.938970331609805,0.9296114687466909,0.921841470847976,0.913445538164293,0.908464226238008,0.898332509100354,0.8807579199030892,0.8564340378875009,0.8066632293903699,0.629834849421391,0.303175355973577,0.11793232550083699
0.628006502386331,0.8669745512913031,0.9285465706375531,0.952035230743377,0.968653482039603,0.9776945197035591,0.983605005923253,0.9890759837001311,0.994148022610832,0.9973927124748342,1.0,0.997652384276322,0.993945065380896,0.9902260840995001,0.9861672067449151,0.9810060403134949,0.9758673340821691,0.9692565546991031,0.961682220142805,0.95362997527935,0.944652216326289,0.935912626303815,0.9285468330086171,0.9202291760981051,0.9155029323309201,0.906138964343832,0.88965703342482,0.8662804254945909,0.818126691351312,0.6435183980549929,0.314102011231223,0.127897247238139
0.6196373079507161,0.8597515325585758,0.922265725475554,0.947096689354977,0.964646395276477,0.974382897866578,0.9803866351349408,0.986009658694982,0.9910486197412092,0.99466993937933,0.997652384276322,1.0,0.9973390671586659,0.9937488281128689,0.990054315693148,0.985429732277658,0.980647946965915,0.9743911563089459,0.967021646278824,0.9591125653633911,0.9507116627043649,0.9423266505540959,0.9352892814949959,0.927407371923942,0.923062046429458,0.9139647473651891,0.898208229384862,0.8756206993147841,0.828805709821733,0.6545157639594829,0.323255664435182,0.137359650094565
0.605582497256767,0.8490314089702529,0.9142016047555039,0.9400976185789959,0.9575841847354379,0.9679655969590241,0.9741162973804781,0.9804418224609042,0.9861929507961509,0.990271836166168,0.993945065380896,0.9973390671586659,1.0,0.997567964176587,0.994342076766264,0.9901053083141559,0.985915959129501,0.980382332092773,0.973727537167223,0.9665278041558041,0.958927274812838,0.9512696739864209,0.944645059046685,0.9371538638493891,0.933106283425366,0.924679506554759,0.9098235029259459,0.8886735530475229,0.8433036276355099,0.6745443818445981,0.34505203972509896,0.157336154182128
0.5934462435872839,0.840805754553192,0.9076472179639159,0.934632393060529,0.952202765349222,0.9625717551898879,0.968984538868812,0.9758010158099051,0.9821526008925909,0.986552580776244,0.9902260840995001,0.9937488281128689,0.997567964176587,1.0,0.9976508251455459,0.9939752860208181,0.990137917641737,0.985181752786705,0.979224669471772,0.972313535267124,0.964866588323387,0.9571237263055099,0.9507930199205451,0.943331059005814,0.939589136187555,0.9314531999201021,0.9169960101393799,0.896299999089912,0.851306754785574,0.6840622257377671,0.35398331246802295,0.16837574507385297
0.5819594509298871,0.832892191389769,0.9003195546029399,0.9279717794086899,0.9461540857183249,0.957332403807043,0.964161467205611,0.971177947743425,0.978001718465547,0.9824979938981709,0.9861672067449151,0.990054315693148,0.994342076766264,0.9976508251455459,1.0,0.9976748258472371,0.9944366690299359,0.9898207711156279,0.9843150043472719,0.978033903342677,0.9710728236472371,0.963712866838039,0.957916742744189,0.9512562285540129,0.947706479672211,0.9401786672602719,0.9265564849448341,0.907071983160398,0.863982784676803,0.698137315182894,0.366955176669417,0.182227090029447
0.568311980698899,0.821007373624783,0.8909922746980259,0.9196838547150309,0.9384199538715309,0.950601503439803,0.95775932786499,0.9654809944536591,0.972693025487331,0.9772247087940541,0.9810060403134949,0.985429732277658,0.9901053083141559,0.9939752860208181,0.9976748258472371,1.0,0.997879045496496,0.9940277630969759,0.9889681137279641,0.9830805014502421,0.976600545336615,0.969849710265443,0.964615618038024,0.958314718854876,0.954999576252159,0.9477478001560791,0.9348292268835721,0.916769509809093,0.876094020063235,0.713350584633335,0.381284181423788,0.198223745976232
0.558286091921445,0.812003327789606,0.882848934632272,0.912113156241803,0.931571620968772,0.944289707445546,0.951670574297591,0.9595904493461519,0.9672611440184019,0.971828936781486,0.9758673340821691,0.980647946965915,0.985915959129501,0.990137917641737,0.9944366690299359,0.997879045496496,1.0,0.9974949299068839,0.9933576270712221,0.9879431825804479,0.9819964439982181,0.9755644907425941,0.970324569856917,0.964209882658953,0.9607638979843391,0.9536322677425529,0.941263824162997,0.92407340868423,0.884835479407037,0.724991773019778,0.392093839112586,0.21015266807455998
0.546624002109745,0.8008530236835949,0.8723387068004971,0.9026561308002259,0.922767200034941,0.9361856426781009,0.943718127064584,0.952150933628478,0.9602377302632521,0.9647435019744441,0.9692565546991031,0.9743911563089459,0.980382332092773,0.985181752786705,0.9898207711156279,0.9940277630969759,0.9974949299068839,1.0,0.997388405974394,0.9928733308755391,0.987417459860485,0.9816006100617629,0.976485031078268,0.970366328762632,0.9664533138954571,0.9594610162475191,0.9479811196619399,0.9318336626849342,0.8942122859977959,0.73646326116944,0.4012021707933471,0.22091458563083102
0.533480172333465,0.788492435897035,0.8611624234374828,0.89261820291871,0.913432596106394,0.9271717943098791,0.934686505612992,0.9434478430646829,0.9518583514079559,0.9566016979713841,0.961682220142805,0.967021646278824,0.973727537167223,0.979224669471772,0.9843150043472719,0.9889681137279641,0.9933576270712221,0.997388405974394,1.0,0.9973257686869541,0.9930633365745629,0.987961253533836,0.9831861419995959,0.97710830633305,0.972902556014344,0.965758485980873,0.9552121196479221,0.9399517882773579,0.9041956825808449,0.7503993288410721,0.41587915717584795,0.235964515142443
0.518244568196576,0.774416504886219,0.848534950884954,0.8819947786074491,0.903530012154324,0.9174963310316301,0.9251365551663299,0.934605980055831,0.943674382440223,0.9483893782931879,0.95362997527935,0.9591125653633911,0.9665278041558041,0.972313535267124,0.978033903342677,0.9830805014502421,0.9879431825804479,0.9928733308755391,0.9973257686869541,1.0,0.997354682523487,0.99325318524388,0.988735295862973,0.9827733545249822,0.978551956593063,0.9719014056258171,0.962247895920403,0.9473634016256439,0.913203089990244,0.763299253118275,0.42918970118793703,0.251241669272413
0.502929069569079,0.758673437482394,0.8353714545370771,0.8706735460918801,0.892408670607842,0.906845520731347,0.914295807656855,0.92439000161447,0.9341844145913771,0.938970331609805,0.944652216326289,0.9507116627043649,0.958927274812838,0.964866588323387,0.9710728236472371,0.976600545336615,0.9819964439982181,0.987417459860485,0.9930633365745629,0.997354682523487,1.0,0.997306692110105,0.9932470664381109,0.987841843893415,0.983744955518915,0.9776045568131709,0.9686221721727281,0.9544810397446608,0.9222415415095891,0.7767362524691831,0.445770136232886,0.266342825875292
0.48248870331796795,0.740760817133065,0.819393922384751,0.8567648652477671,0.879621890068473,0.8954895619508271,0.902806785843641,0.913633208484318,0.9241204199730458,0.9296114687466909,0.935912626303815,0.9423266505540959,0.9512696739864209,0.9571237263055099,0.963712866838039,0.969849710265443,0.9755644907425941,0.9816006100617629,0.987961253533836,0.99325318524388,0.997306692110105,1.0,0.9974271550281919,0.9928089353958741,0.9891178923015942,0.983852259516938,0.975713240827779,0.9627991760710458,0.933040874630589,0.792378541341354,0.46208806000792896,0.28460428723168896
0.47142138306115394,0.72775023796519,0.808295765957717,0.8464957922998799,0.87016259587944,0.8868844695539259,0.89427843880692,0.905466996487328,0.9162248462876709,0.921841470847976,0.9285468330086171,0.9352892814949959,0.944645059046685,0.9507930199205451,0.957916742744189,0.964615618038024,0.970324569856917,0.976485031078268,0.9831861419995959,0.988735295862973,0.9932470664381109,0.9974271550281919,1.0,0.996976485265025,0.993461269119478,0.988607833748516,0.98098060242367,0.9688424283633851,0.9412273388259591,0.804220412304361,0.4750746912094121,0.298840253127039
0.45684950885894393,0.7153528154389079,0.797612669052813,0.8365449717149849,0.8604328784907981,0.877772267869654,0.8854261445223421,0.8965315809580129,0.90777626491512,0.913445538164293,0.9202291760981051,0.927407371923942,0.9371538638493891,0.943331059005814,0.9512562285540129,0.958314718854876,0.964209882658953,0.970366328762632,0.97710830633305,0.9827733545249822,0.987841843893415,0.9928089353958741,0.996976485265025,1.0,0.99712764751324,0.9928725353462249,0.9861764335837329,0.9751251872636411,0.94962983080226,0.8178283170094579,0.490777105210068,0.315697701974079
0.44853696753458394,0.70510344722848,0.788311144983234,0.8292094098695691,0.8541786370152509,0.872130414199779,0.8799085197908071,0.891379893651152,0.9024713569850409,0.908464226238008,0.9155029323309201,0.923062046429458,0.933106283425366,0.939589136187555,0.947706479672211,0.954999576252159,0.9607638979843391,0.9664533138954571,0.972902556014344,0.978551956593063,0.983744955518915,0.9891178923015942,0.993461269119478,0.99712764751324,1.0,0.9963789169548359,0.9896237636604391,0.978429098471708,0.952384325849542,0.821781417931087,0.49606997863948904,0.323405354263461
0.43380157015694104,0.689211704179136,0.773820527381279,0.8159516892381279,0.841585772808795,0.860375757285157,0.8678925084283119,0.8797790548498559,0.891674433424159,0.898332509100354,0.906138964343832,0.9139647473651891,0.924679506554759,0.9314531999201021,0.9401786672602719,0.9477478001560791,0.9536322677425529,0.9594610162475191,0.965758485980873,0.9719014056258171,0.9776045568131709,0.983852259516938,0.988607833748516,0.9928725353462249,0.9963789169548359,1.0,0.994797422055711,0.9853669523427321,0.9625444110949379,0.8400016687627611,0.517496148488077,0.347055218559426
0.41311420868842696,0.666435828705985,0.7524281721563331,0.795242314951494,0.821716754334162,0.840925375746302,0.848885202684197,0.86114899508602,0.873617557869968,0.8807579199030892,0.88965703342482,0.898208229384862,0.9098235029259459,0.9169960101393799,0.9265564849448341,0.9348292268835721,0.941263824162997,0.9479811196619399,0.9552121196479221,0.962247895920403,0.9686221721727281,0.975713240827779,0.98098060242367,0.9861764335837329,0.9896237636604391,0.994797422055711,1.0,0.9937657333524521,0.975706156891323,0.8616770692574499,0.5462961088294059,0.37520784822132697
0.38610026228997796,0.6359585866833879,0.722592187512489,0.7662266850883649,0.792753367857032,0.813000307990822,0.8219859480024359,0.834767661421387,0.848242271273841,0.8564340378875009,0.8662804254945909,0.8756206993147841,0.8886735530475229,0.896299999089912,0.907071983160398,0.916769509809093,0.92407340868423,0.9318336626849342,0.9399517882773579,0.9473634016256439,0.9544810397446608,0.9627991760710458,0.9688424283633851,0.9751251872636411,0.978429098471708,0.9853669523427321,0.9937657333524521,1.0,0.987420060033977,0.886009523185822,0.581957622796623,0.41090524084911495
0.33756954579570597,0.581703967682917,0.669953419793444,0.7134529131410501,0.7414917547801151,0.762675184958873,0.7712489441979592,0.784285889189344,0.7980471381162191,0.8066632293903699,0.818126691351312,0.828805709821733,0.8433036276355099,0.851306754785574,0.863982784676803,0.876094020063235,0.884835479407037,0.8942122859977959,0.9041956825808449,0.913203089990244,0.9222415415095891,0.933040874630589,0.9412273388259591,0.94962983080226,0.952384325849542,0.9625444110949379,0.975706156891323,0.987420060033977,1.0,0.917222284321537,0.625008249881541,0.46394448736735
0.20467670664663,0.41012472754815704,0.49315625693395004,0.5361003443313871,0.56211526005783,0.583928011369564,0.592033379729987,0.605935694335326,0.6210871775307261,0.629834849421391,0.6435183980549929,0.6545157639594829,0.6745443818445981,0.6840622257377671,0.698137315182894,0.713350584633335,0.724991773019778,0.73646326116944,0.7503993288410721,0.763299253118275,0.7767362524691831,0.792378541341354,0.804220412304361,0.8178283170094579,0.821781417931087,0.8400016687627611,0.8616770692574499,0.886009523185822,0.917222284321537,1.0,0.844676161159446,0.609613808978032
0.0246200967973683,0.12380829755151199,0.194307548196906,0.232629955550574,0.249001973886138,0.266373427873486,0.27313009929347104,0.28417977464467,0.295542275835315,0.303175355973577,0.314102011231223,0.323255664435182,0.34505203972509896,0.35398331246802295,0.366955176669417,0.381284181423788,0.392093839112586,0.4012021707933471,0.41587915717584795,0.42918970118793703,0.445770136232886,0.46208806000792896,0.4750746912094121,0.490777105210068,0.49606997863948904,0.517496148488077,0.5462961088294059,0.581957622796623,0.625008249881541,0.844676161159446,1.0,0.6749826306051829
0.10959446991896901,0.0688539444804415,0.0125905205427854,0.0192446330353453,0.0444299771626553,0.0647417797668385,0.0789294214869472,0.09259030574923599,0.10800821800066499,0.11793232550083699,0.127897247238139,0.137359650094565,0.157336154182128,0.16837574507385297,0.182227090029447,0.198223745976232,0.21015266807455998,0.22091458563083102,0.235964515142443,0.251241669272413,0.266342825875292,0.28460428723168896,0.298840253127039,0.315697701974079,0.323405354263461,0.347055218559426,0.37520784822132697,0.41090524084911495,0.46394448736735,0.609613808978032,0.6749826306051829,1.0
