1.0,0.873558771824143,0.838490003037979,0.8184383773963609,0.804627113403243,0.7993398761127319,0.7880535266245949,0.7839504749207191,0.7814099486495469,0.777563221123052,0.7757066372998179,0.772341759758865,0.7663682815772329,0.762437131073775,0.758380868092096,0.754920948102474,0.7523290117902159,0.746931242923103,0.74218373914975,0.737848141055412,0.7355172218623571,0.7338702846800059,0.730281579283015,0.728790667547946,0.7260655019049291,0.7207584012628101,0.7167757716135029,0.6992953563705041,0.6706448347835879,0.6125832160937039,0.318065279193736,0.0571898911533003
0.873558771824143,1.0,0.972999570086595,0.960522832287837,0.9490374631283091,0.9418476989829829,0.9357238135712309,0.930894503691685,0.9283580452812029,0.92559958065946,0.9228881899186351,0.920536352126698,0.9159470749335821,0.911406071337775,0.9079195066913951,0.903262334128996,0.899417462574404,0.896134766618274,0.8925465051488181,0.8882505239430429,0.885281395873534,0.882607874440131,0.877811995605649,0.8743895966810341,0.871677840704047,0.864966277584495,0.8577689198950841,0.840380971950497,0.812083023885602,0.73769729458662,0.42060559366898,0.0723654506976606
0.838490003037979,0.972999570086595,1.0,0.9885840704935941,0.9792486407166829,0.9724599341619,0.9675611314732221,0.9627375498008041,0.959533450088177,0.95663943026124,0.9553589710569599,0.9533793651109069,0.949982758506574,0.946148203826286,0.942581558477327,0.939036354935782,0.934872755709268,0.9309352305253759,0.927898246825297,0.92429582552847,0.9205749290203091,0.918066150022505,0.9139786940163441,0.9092414688638342,0.9043483996824481,0.897412056951112,0.888900687826799,0.8716284244682241,0.840421648867413,0.7594282868532909,0.425612164790992,0.0629192065620977
0.8184383773963609,0.960522832287837,0.9885840704935941,1.0,0.9928832781524741,0.9865042099800201,0.9812595229152971,0.9771760845495892,0.9738495941074871,0.9708417064696859,0.9686504369240071,0.9660961636780849,0.9631949022378109,0.9594484952065792,0.9565057681356071,0.953116416276673,0.9490723138194591,0.945752513667243,0.9430551029036179,0.938895588769881,0.935408423663702,0.9327558872904391,0.9295335694162491,0.9243337670381842,0.91947194642077,0.913072244873963,0.9052333975673901,0.8886253470438621,0.858472610770958,0.775027762489802,0.437637695613633,0.0652648635990225
0.804627113403243,0.9490374631283091,0.9792486407166829,0.9928832781524741,1.0,0.9946316444967,0.9903837762102281,0.986176498059828,0.9833839942443501,0.9803005970023471,0.978418043418722,0.9759099754209979,0.973070132013008,0.9697274650547459,0.9669351618782049,0.963546410130716,0.959945555020504,0.957293492330246,0.954790442373708,0.9511143308407521,0.9476226956139209,0.944912270801346,0.9415679996928822,0.93626615517466,0.931029709582438,0.924187135543346,0.9164540586076891,0.9003029847552321,0.8707252465417858,0.787586885406282,0.44490715719203,0.0679310174161707
0.7993398761127319,0.9418476989829829,0.9724599341619,0.9865042099800201,0.9946316444967,1.0,0.995686325477332,0.991545254947812,0.989047373210944,0.9862420661172908,0.9843718065747901,0.9816510532054229,0.9785969231877729,0.97537198282133,0.9723896862980351,0.968726911152463,0.9651371022258951,0.9624423228064329,0.9598057960693701,0.956367549212759,0.9526373301395121,0.950081032798403,0.947051905168533,0.9412471598905819,0.9360497141300641,0.9297706577708059,0.921344101175677,0.9053116920775709,0.8763004787726921,0.793696627635718,0.45125513891396796,0.0670184635091941
0.7880535266245949,0.9357238135712309,0.9675611314732221,0.9812595229152971,0.9903837762102281,0.995686325477332,1.0,0.996545428808271,0.993544672211086,0.990573417947279,0.988363117274756,0.985433456702027,0.9823561841127479,0.9786791485426549,0.975724777240867,0.9714487957958101,0.9679430629013459,0.9653686225008,0.962687762858852,0.959098515910635,0.9552078248790601,0.9524725663869891,0.9495366078084649,0.944025051557298,0.938946992312665,0.9332896509658871,0.9247880517105781,0.909417369868249,0.88064908245351,0.7982363118323259,0.453809025174651,0.0706869920786029
0.7839504749207191,0.930894503691685,0.9627375498008041,0.9771760845495892,0.986176498059828,0.991545254947812,0.996545428808271,1.0,0.9974549965833421,0.9945513349629201,0.9917952065330251,0.988919921701433,0.985692371729257,0.981989327791359,0.9787236791799809,0.9742416718323709,0.9706573928511,0.96790841159731,0.9649947800741852,0.9609790970161091,0.9570333496786,0.9543941388653969,0.9512585937549008,0.9461726577131591,0.9410170099405609,0.9358899893792979,0.9275454695437141,0.9128779636567819,0.88465929255068,0.802204840315762,0.45354651442561894,0.0674382707730569
0.7814099486495469,0.9283580452812029,0.959533450088177,0.9738495941074871,0.9833839942443501,0.989047373210944,0.993544672211086,0.9974549965833421,1.0,0.997679970251551,0.9948619737297429,0.992089640175025,0.9888686266876741,0.985246449423733,0.981995671780612,0.9776955379377359,0.974319835764347,0.971457795215237,0.9685279439787249,0.964653896270085,0.960956619503432,0.9583796274494492,0.955538082933463,0.9506800596383921,0.945572123632324,0.9409957865850699,0.9328395074178191,0.918235270582788,0.8907291866347671,0.8098598688159508,0.45826241668431394,0.0681468211407016
0.777563221123052,0.92559958065946,0.95663943026124,0.9708417064696859,0.9803005970023471,0.9862420661172908,0.990573417947279,0.9945513349629201,0.997679970251551,1.0,0.997413072138218,0.9947348273148661,0.991702040983472,0.988022341223949,0.984725209015827,0.9804816195460521,0.9770812852992609,0.974214473963113,0.9713748947432891,0.9673339112056991,0.9634265863900829,0.96097899820877,0.9578299649730571,0.9529067032909879,0.9477304673033481,0.943285604227457,0.9350633221705229,0.920371340367892,0.893514064665207,0.813476455966035,0.4615530731236961,0.0732439881814539
0.7757066372998179,0.9228881899186351,0.9553589710569599,0.9686504369240071,0.978418043418722,0.9843718065747901,0.988363117274756,0.9917952065330251,0.9948619737297429,0.997413072138218,1.0,0.9977838282828709,0.994864650922603,0.991629888316057,0.988522826963215,0.9844416915697171,0.9808442465271379,0.9777481503059681,0.9749005986930419,0.9706741517218102,0.966909585036,0.964664052165298,0.9610377147656031,0.9561373849363441,0.951139676059427,0.946651390762146,0.938370881452751,0.9234945469282659,0.895604737605841,0.8150218538624259,0.462562950471808,0.0735499029678493
0.772341759758865,0.920536352126698,0.9533793651109069,0.9660961636780849,0.9759099754209979,0.9816510532054229,0.985433456702027,0.988919921701433,0.992089640175025,0.9947348273148661,0.9977838282828709,1.0,0.9978606010672281,0.994872813524998,0.9918194547559191,0.9881659677610741,0.984736953332168,0.9816409412327599,0.978700133639797,0.9746414939933579,0.970830439395487,0.968452012428546,0.9648529992873721,0.959974763512232,0.9551402949645509,0.9507554648867409,0.941993468169274,0.9270196165235641,0.8990898076919499,0.8183308540280029,0.46364577715049393,0.0756459318536614
0.7663682815772329,0.9159470749335821,0.949982758506574,0.9631949022378109,0.973070132013008,0.9785969231877729,0.9823561841127479,0.985692371729257,0.9888686266876741,0.991702040983472,0.994864650922603,0.9978606010672281,1.0,0.9977721003921209,0.9950814095111509,0.991798319519603,0.9883628975405501,0.985193169606736,0.982157224164325,0.9783361122730451,0.974630083104345,0.9720560393250792,0.968429757120118,0.9633250762212329,0.9582379860157759,0.953982641794646,0.9450984932694879,0.9299984532127571,0.9019915123468579,0.820745303477865,0.46269515250805604,0.0742778832776613
0.762437131073775,0.911406071337775,0.946148203826286,0.9594484952065792,0.9697274650547459,0.97537198282133,0.9786791485426549,0.981989327791359,0.985246449423733,0.988022341223949,0.991629888316057,0.994872813524998,0.9977721003921209,1.0,0.998129303417722,0.995166463232833,0.9921671910451699,0.9891940423283242,0.986017242598367,0.9820771329809509,0.9787021181125799,0.9760194388569928,0.972208117098486,0.967180219034396,0.9617541472114921,0.9565347935279159,0.9475696645753509,0.9322770204302829,0.903591067894649,0.82186987483481,0.46054520972758395,0.0724686483745334
0.758380868092096,0.9079195066913951,0.942581558477327,0.9565057681356071,0.9669351618782049,0.9723896862980351,0.975724777240867,0.9787236791799809,0.981995671780612,0.984725209015827,0.988522826963215,0.9918194547559191,0.9950814095111509,0.998129303417722,1.0,0.9978904397580289,0.9952597542939959,0.992508999109471,0.9893561805476899,0.9855322537076742,0.9821995201525401,0.9795074783286379,0.9757668089458421,0.970812647579959,0.9651723755539661,0.9597505875109421,0.951124169678016,0.935984945827054,0.907770448990945,0.82627004478079,0.46442658454723207,0.0778230043286737
0.754920948102474,0.903262334128996,0.939036354935782,0.953116416276673,0.963546410130716,0.968726911152463,0.9714487957958101,0.9742416718323709,0.9776955379377359,0.9804816195460521,0.9844416915697171,0.9881659677610741,0.991798319519603,0.995166463232833,0.9978904397580289,1.0,0.9980759256167071,0.995574898251328,0.9927770806425491,0.9893270156422059,0.9863488014600571,0.983715598548495,0.979985129683558,0.9752816701611121,0.9697991829423159,0.96462374518197,0.956284595056698,0.9411084902255219,0.9131945101951949,0.832837590536502,0.47161999683076206,0.0839238144079213
0.7523290117902159,0.899417462574404,0.934872755709268,0.9490723138194591,0.959945555020504,0.9651371022258951,0.9679430629013459,0.9706573928511,0.974319835764347,0.9770812852992609,0.9808442465271379,0.984736953332168,0.9883628975405501,0.9921671910451699,0.9952597542939959,0.9980759256167071,1.0,0.998114048063152,0.9956398896484671,0.9927412631581379,0.989956107401518,0.9871539781888679,0.983416991745307,0.978822992933367,0.9738180164507451,0.968484893990875,0.960240433652223,0.9452986342487751,0.918007330106765,0.8390206158615859,0.4781351715070011,0.08594110807605099
0.746931242923103,0.896134766618274,0.9309352305253759,0.945752513667243,0.957293492330246,0.9624423228064329,0.9653686225008,0.96790841159731,0.971457795215237,0.974214473963113,0.9777481503059681,0.9816409412327599,0.985193169606736,0.9891940423283242,0.992508999109471,0.995574898251328,0.998114048063152,1.0,0.9979826794252901,0.995379976067269,0.9928485781450391,0.990018680250615,0.986323860506832,0.9818490376268549,0.977501672230635,0.972023060394547,0.964251150887826,0.949926499147899,0.9233980520570341,0.845623718337591,0.487383151685697,0.0925666432052386
0.74218373914975,0.8925465051488181,0.927898246825297,0.9430551029036179,0.954790442373708,0.9598057960693701,0.962687762858852,0.9649947800741852,0.9685279439787249,0.9713748947432891,0.9749005986930419,0.978700133639797,0.982157224164325,0.986017242598367,0.9893561805476899,0.9927770806425491,0.9956398896484671,0.9979826794252901,1.0,0.9980676148859341,0.9957207841756421,0.992841009121177,0.989585404167188,0.9852382814784059,0.981070906102222,0.9762054234801291,0.96923753386425,0.955416871654062,0.930158218658634,0.853759809980704,0.494639522825885,0.0998220465530121
0.737848141055412,0.8882505239430429,0.92429582552847,0.938895588769881,0.9511143308407521,0.956367549212759,0.959098515910635,0.9609790970161091,0.964653896270085,0.9673339112056991,0.9706741517218102,0.9746414939933579,0.9783361122730451,0.9820771329809509,0.9855322537076742,0.9893270156422059,0.9927412631581379,0.995379976067269,0.9980676148859341,1.0,0.9981332399224359,0.9955925575563341,0.9926642112446791,0.9890170861182579,0.984917746155542,0.980032595174695,0.9733633214675629,0.9599039219159959,0.935070887696549,0.85924580507631,0.500136624117572,0.10503430873408699
0.7355172218623571,0.885281395873534,0.9205749290203091,0.935408423663702,0.9476226956139209,0.9526373301395121,0.9552078248790601,0.9570333496786,0.960956619503432,0.9634265863900829,0.966909585036,0.970830439395487,0.974630083104345,0.9787021181125799,0.9821995201525401,0.9863488014600571,0.989956107401518,0.9928485781450391,0.9957207841756421,0.9981332399224359,1.0,0.99784575080034,0.995132323473925,0.9917614521792459,0.987820457066979,0.9830958696221441,0.9768738913132471,0.96395029770618,0.93919417309143,0.865103549862943,0.509189313826949,0.11417444813840899
0.7338702846800059,0.882607874440131,0.918066150022505,0.9327558872904391,0.944912270801346,0.950081032798403,0.9524725663869891,0.9543941388653969,0.9583796274494492,0.96097899820877,0.964664052165298,0.968452012428546,0.9720560393250792,0.9760194388569928,0.9795074783286379,0.983715598548495,0.9871539781888679,0.990018680250615,0.992841009121177,0.9955925575563341,0.99784575080034,1.0,0.99749305834414,0.994115644437003,0.9899685874648729,0.984975682124764,0.978796510942376,0.966164955924322,0.941651512301792,0.869168919550101,0.513247799394564,0.11766024917153599
0.730281579283015,0.877811995605649,0.9139786940163441,0.9295335694162491,0.9415679996928822,0.947051905168533,0.9495366078084649,0.9512585937549008,0.955538082933463,0.9578299649730571,0.9610377147656031,0.9648529992873721,0.968429757120118,0.972208117098486,0.9757668089458421,0.979985129683558,0.983416991745307,0.986323860506832,0.989585404167188,0.9926642112446791,0.995132323473925,0.99749305834414,1.0,0.997159500039374,0.9931830126894391,0.98826696775584,0.981787115769393,0.969316438937037,0.945171317276423,0.8731383938193771,0.519567281442528,0.13084755994522598
0.728790667547946,0.8743895966810341,0.9092414688638342,0.9243337670381842,0.93626615517466,0.9412471598905819,0.944025051557298,0.9461726577131591,0.9506800596383921,0.9529067032909879,0.9561373849363441,0.959974763512232,0.9633250762212329,0.967180219034396,0.970812647579959,0.9752816701611121,0.978822992933367,0.9818490376268549,0.9852382814784059,0.9890170861182579,0.9917614521792459,0.994115644437003,0.997159500039374,1.0,0.9967817479979441,0.9921476092664041,0.9859559638201609,0.9740701065004809,0.9510454297241641,0.8807830555477829,0.5356970083045971,0.13990609825326
0.7260655019049291,0.871677840704047,0.9043483996824481,0.91947194642077,0.931029709582438,0.9360497141300641,0.938946992312665,0.9410170099405609,0.945572123632324,0.9477304673033481,0.951139676059427,0.9551402949645509,0.9582379860157759,0.9617541472114921,0.9651723755539661,0.9697991829423159,0.9738180164507451,0.977501672230635,0.981070906102222,0.984917746155542,0.987820457066979,0.9899685874648729,0.9931830126894391,0.9967817479979441,1.0,0.9959412874348951,0.990005626723459,0.978908076944302,0.957163240447519,0.888337250904348,0.548504581375988,0.153713234754771
0.7207584012628101,0.864966277584495,0.897412056951112,0.913072244873963,0.924187135543346,0.9297706577708059,0.9332896509658871,0.9358899893792979,0.9409957865850699,0.943285604227457,0.946651390762146,0.9507554648867409,0.953982641794646,0.9565347935279159,0.9597505875109421,0.96462374518197,0.968484893990875,0.972023060394547,0.9762054234801291,0.980032595174695,0.9830958696221441,0.984975682124764,0.98826696775584,0.9921476092664041,0.9959412874348951,1.0,0.9945313515605749,0.9848136394913951,0.964758319160217,0.897707169083981,0.562659835384639,0.166452605916132
0.7167757716135029,0.8577689198950841,0.888900687826799,0.9052333975673901,0.9164540586076891,0.921344101175677,0.9247880517105781,0.9275454695437141,0.9328395074178191,0.9350633221705229,0.938370881452751,0.941993468169274,0.9450984932694879,0.9475696645753509,0.951124169678016,0.956284595056698,0.960240433652223,0.964251150887826,0.96923753386425,0.9733633214675629,0.9768738913132471,0.978796510942376,0.981787115769393,0.9859559638201609,0.990005626723459,0.9945313515605749,1.0,0.9915722802462541,0.9739816206656501,0.911768066784372,0.579146059890844,0.19324404363007397
0.6992953563705041,0.840380971950497,0.8716284244682241,0.8886253470438621,0.9003029847552321,0.9053116920775709,0.909417369868249,0.9128779636567819,0.918235270582788,0.920371340367892,0.9234945469282659,0.9270196165235641,0.9299984532127571,0.9322770204302829,0.935984945827054,0.9411084902255219,0.9452986342487751,0.949926499147899,0.955416871654062,0.9599039219159959,0.96395029770618,0.966164955924322,0.969316438937037,0.9740701065004809,0.978908076944302,0.9848136394913951,0.9915722802462541,1.0,0.986093657924722,0.928930300202475,0.6019431763850219,0.220411993923906
0.6706448347835879,0.812083023885602,0.840421648867413,0.858472610770958,0.8707252465417858,0.8763004787726921,0.88064908245351,0.88465929255068,0.8907291866347671,0.893514064665207,0.895604737605841,0.8990898076919499,0.9019915123468579,0.903591067894649,0.907770448990945,0.9131945101951949,0.918007330106765,0.9233980520570341,0.930158218658634,0.935070887696549,0.93919417309143,0.941651512301792,0.945171317276423,0.9510454297241641,0.957163240447519,0.964758319160217,0.9739816206656501,0.986093657924722,1.0,0.9580342291580071,0.64616805532848,0.256095293255788
0.6125832160937039,0.73769729458662,0.7594282868532909,0.775027762489802,0.787586885406282,0.793696627635718,0.7982363118323259,0.802204840315762,0.8098598688159508,0.813476455966035,0.8150218538624259,0.8183308540280029,0.820745303477865,0.82186987483481,0.82627004478079,0.832837590536502,0.8390206158615859,0.845623718337591,0.853759809980704,0.85924580507631,0.865103549862943,0.869168919550101,0.8731383938193771,0.8807830555477829,0.888337250904348,0.897707169083981,0.911768066784372,0.928930300202475,0.9580342291580071,1.0,0.7295289179792429,0.33844543845291697
0.318065279193736,0.42060559366898,0.425612164790992,0.437637695613633,0.44490715719203,0.45125513891396796,0.453809025174651,0.45354651442561894,0.45826241668431394,0.4615530731236961,0.462562950471808,0.46364577715049393,0.46269515250805604,0.46054520972758395,0.46442658454723207,0.47161999683076206,0.4781351715070011,0.487383151685697,0.494639522825885,0.500136624117572,0.509189313826949,0.513247799394564,0.519567281442528,0.5356970083045971,0.548504581375988,0.562659835384639,0.579146059890844,0.6019431763850219,0.64616805532848,0.7295289179792429,1.0,0.5051292907330921
0.0571898911533003,0.0723654506976606,0.0629192065620977,0.0652648635990225,0.0679310174161707,0.0670184635091941,0.0706869920786029,0.0674382707730569,0.0681468211407016,0.0732439881814539,0.0735499029678493,0.0756459318536614,0.0742778832776613,0.0724686483745334,0.0778230043286737,0.0839238144079213,0.08594110807605099,0.0925666432052386,0.0998220465530121,0.10503430873408699,0.11417444813840899,0.11766024917153599,0.13084755994522598,0.13990609825326,0.153713234754771,0.166452605916132,0.19324404363007397,0.220411993923906,0.256095293255788,0.33844543845291697,0.5051292907330921,1.0
