1.0,0.8595351797102501,0.7874498045609151,0.7551867951916359,0.725998477403958,0.7068317750493841,0.6906669775896589,0.671697504466766,0.6522210152763921,0.613643083458832,0.6018861921373471,0.58286699699579,0.5484375586941621,0.528094179709004,0.48713994159958707,0.45320715402038997,0.358918313453464,0.286734518813754,0.22093824684201396,0.144372998282565,0.10143210727959899,0.0822453480142367,0.0584384473354286,0.0178814268607922,0.00090056920198277,0.0419872391764312,0.08006112895607001,0.103140724158827,0.10254276647880801,0.1039315028295,0.0752298941797022,0.10524161110138198
0.8595351797102501,1.0,0.9424311990692109,0.901439475304756,0.879875514380521,0.859400664952885,0.8396101096943979,0.818865421663832,0.801837475681848,0.7653797850292109,0.7462673481923571,0.718413445187466,0.681689468340859,0.657204970192104,0.609524624831865,0.570920386563813,0.47412589443043107,0.39940612525015207,0.316308773296138,0.22523071952172,0.17706557711064,0.153926425393884,0.124981205120191,0.0797910002635191,0.0514519496303009,0.00423293441107199,0.0319349357346078,0.0556941233658067,0.06236691611449299,0.0724942020507574,0.0667093111010057,0.0804889891890207
0.7874498045609151,0.9424311990692109,1.0,0.9666920902110151,0.9425624889847709,0.92044813188762,0.902255445149298,0.879081179487906,0.8637846905912809,0.8307234812348621,0.813383603190023,0.789414350879122,0.7519638055987579,0.7282526569098591,0.680348811699647,0.641431069263642,0.540369324018399,0.4615412979231261,0.37589449255904706,0.276085966434935,0.223323608184941,0.194385354983313,0.16287452938198801,0.11698213900357599,0.0858841594796289,0.0324413957554575,0.00941454077504238,0.0343379406646082,0.0372380105101009,0.0425121115982669,0.044062135064747,0.0454662691568183
0.7551867951916359,0.901439475304756,0.9666920902110151,1.0,0.977030460828764,0.9555828396107021,0.9383262927863342,0.9174592093122259,0.9029349268946829,0.877638655639188,0.862361492210513,0.8408679622504741,0.805086108525079,0.783312232068343,0.737444212392932,0.7015419114011049,0.605071389653418,0.524681016050524,0.437538721223207,0.334514452504497,0.27920228668396996,0.248183944521713,0.21388106942909804,0.167111252744915,0.134177807102197,0.0759704757697142,0.0250671717425696,0.008724506597908691,0.0181778427559806,0.0213770925098885,0.0308501471531449,0.020965509851092
0.725998477403958,0.879875514380521,0.9425624889847709,0.977030460828764,1.0,0.9821459079766729,0.9627695268265178,0.942543621980383,0.9255109232006701,0.8998837738899399,0.8828482505719979,0.861390502136282,0.8263459366504151,0.805238743277612,0.7630792577841501,0.729590051751447,0.6352312839618199,0.556368593544871,0.47181557749591796,0.37178792058913396,0.315221351070884,0.283543951240414,0.248697404025596,0.19981357182356196,0.16245068913724697,0.10045372496266199,0.045085113881802,0.007168465973445109,0.0057216154483536,0.0086181366494481,0.0125778425237944,0.0020996467626176
0.7068317750493841,0.859400664952885,0.92044813188762,0.9555828396107021,0.9821459079766729,1.0,0.985920981340058,0.966682780566484,0.948586094558555,0.926491491823244,0.908190996408302,0.887269420352383,0.8521639715354091,0.830827741942995,0.79037582065467,0.759228187507361,0.669380800137253,0.591301423820708,0.507198506355142,0.407505827303589,0.350831036238192,0.318459236825487,0.28306485055166697,0.23462134591867398,0.19567551510935396,0.131937496099508,0.0729145066032445,0.032094631488717,0.0176763883664695,0.0146734684120965,0.0110202857490447,0.00658924477772167
0.6906669775896589,0.8396101096943979,0.902255445149298,0.9383262927863342,0.9627695268265178,0.985920981340058,1.0,0.9866457835805421,0.970374132621923,0.950105314159755,0.9323006812500679,0.91352082014776,0.8804736875567349,0.859626753950558,0.8209194928472041,0.7925499987514191,0.704003235566097,0.6248976798160121,0.540837002280545,0.444033779727738,0.38828570189093703,0.35467589251608,0.321272011863393,0.27169503566407005,0.231789004132843,0.16886351034749197,0.10599726233380999,0.0602854417132388,0.0431194809979628,0.0378522832971212,0.023993089789759996,0.0238222899458806
0.671697504466766,0.818865421663832,0.879081179487906,0.9174592093122259,0.942543621980383,0.966682780566484,0.9866457835805421,1.0,0.9852569803869692,0.966722996838417,0.9503692127988821,0.9323934817830659,0.9020214876319058,0.8801469848801351,0.844577227441487,0.8181868005804419,0.7315012197251,0.652790353237974,0.571758802335856,0.4767367514282171,0.420873979373433,0.387903882884596,0.357066629368355,0.307588389932553,0.266579912933767,0.202322542620075,0.132836371945683,0.0821453610011974,0.0622143922628467,0.0541829068440856,0.0459284882167563,0.0463724586901611
0.6522210152763921,0.801837475681848,0.8637846905912809,0.9029349268946829,0.9255109232006701,0.948586094558555,0.970374132621923,0.9852569803869692,1.0,0.9830010019738579,0.9662449959725301,0.9487936855392091,0.9201768323031729,0.8983962315389329,0.8647354109800629,0.8405809147396078,0.757496270307722,0.6815376502828591,0.602830423676692,0.508534557137267,0.45463244123882796,0.42127755637861997,0.39033865817901997,0.33961579905640804,0.297012165614616,0.232398550159644,0.157907507359176,0.103389057396788,0.0881168274865844,0.0788810039769004,0.055717522769817,0.0513235398981539
0.613643083458832,0.7653797850292109,0.8307234812348621,0.877638655639188,0.8998837738899399,0.926491491823244,0.950105314159755,0.966722996838417,0.9830010019738579,1.0,0.9876736847993091,0.972668161661117,0.9489952211857792,0.9281403541139379,0.899240963404015,0.8777897339025559,0.8130235629636291,0.745869049581277,0.672472017385586,0.583243000552875,0.533775334496688,0.5017933939635391,0.47171222091628,0.423428998086052,0.376773927282841,0.30736975803758504,0.22071405127421498,0.15840103143839002,0.135388087809161,0.125364054898909,0.0909129323845266,0.0728632467579467
0.6018861921373471,0.7462673481923571,0.813383603190023,0.862361492210513,0.8828482505719979,0.908190996408302,0.9323006812500679,0.9503692127988821,0.9662449959725301,0.9876736847993091,1.0,0.9896023152317679,0.9688747362178941,0.947251353947703,0.919605116278552,0.89814857730448,0.8318397091218209,0.764297541173328,0.695155982227493,0.611422054505051,0.562545193981694,0.529758422563904,0.50113828559281,0.45226004065208897,0.40870102714577705,0.33767572867089696,0.24521019784952,0.178179836187393,0.15111457319859,0.13986875197875698,0.106559485307843,0.0792209231861892
0.58286699699579,0.718413445187466,0.789414350879122,0.8408679622504741,0.861390502136282,0.887269420352383,0.91352082014776,0.9323934817830659,0.9487936855392091,0.972668161661117,0.9896023152317679,1.0,0.984886800534479,0.9657300615764101,0.9405576183732121,0.9183192815264009,0.8535054714567151,0.789951934868232,0.7263355633638531,0.645359609511558,0.5975641800892739,0.564882922395269,0.537348495103018,0.487826181035883,0.444826018528742,0.3728875580887929,0.27487019524115697,0.20223878521857197,0.17482103288704198,0.16535198992614403,0.129248377054144,0.0873706726077932
0.5484375586941621,0.681689468340859,0.7519638055987579,0.805086108525079,0.8263459366504151,0.8521639715354091,0.8804736875567349,0.9020214876319058,0.9201768323031729,0.9489952211857792,0.9688747362178941,0.984886800534479,1.0,0.986641163114076,0.9668252165592299,0.9472446497282151,0.8911372018326721,0.832243480492889,0.7747224285885409,0.699906922619637,0.655206439565366,0.6248813158637989,0.600207091438268,0.550668539159352,0.509273968901781,0.437718231393508,0.3334480888493869,0.25385368846151396,0.22160619116013003,0.210889456931998,0.166526153265392,0.10551668558406699
0.528094179709004,0.657204970192104,0.7282526569098591,0.783312232068343,0.805238743277612,0.830827741942995,0.859626753950558,0.8801469848801351,0.8983962315389329,0.9281403541139379,0.947251353947703,0.9657300615764101,0.986641163114076,1.0,0.9841139766074359,0.967433124323726,0.91461574728736,0.8574852315537049,0.803809927016008,0.729103579918438,0.685924152670704,0.6557994268993089,0.630407690960839,0.579417553733615,0.534551467705724,0.46070306508127,0.354624553219738,0.270534805773477,0.23475486770299803,0.227642486065218,0.178605804165393,0.125165849795265
0.48713994159958707,0.609524624831865,0.680348811699647,0.737444212392932,0.7630792577841501,0.79037582065467,0.8209194928472041,0.844577227441487,0.8647354109800629,0.899240963404015,0.919605116278552,0.9405576183732121,0.9668252165592299,0.9841139766074359,1.0,0.9880112742588399,0.947973626284268,0.897220211265633,0.84956766060278,0.779177040543353,0.7366129327879579,0.7058791354636851,0.6806120045990911,0.630926337469737,0.580495936503709,0.504900997509018,0.395472333263155,0.307711065327045,0.265729409461277,0.257708021742102,0.19808984627102,0.145433292765511
0.45320715402038997,0.570920386563813,0.641431069263642,0.7015419114011049,0.729590051751447,0.759228187507361,0.7925499987514191,0.8181868005804419,0.8405809147396078,0.8777897339025559,0.89814857730448,0.9183192815264009,0.9472446497282151,0.967433124323726,0.9880112742588399,1.0,0.970326269700611,0.9240278092594391,0.8815957319687091,0.8153101570125321,0.7740274460249971,0.7415097291428271,0.714346630134249,0.665203270731025,0.6126572307214521,0.535426613091553,0.42188540883958603,0.3287281184511369,0.285187095135493,0.28091992855134,0.22498480320946998,0.15993311918032502
0.358918313453464,0.47412589443043107,0.540369324018399,0.605071389653418,0.6352312839618199,0.669380800137253,0.704003235566097,0.7315012197251,0.757496270307722,0.8130235629636291,0.8318397091218209,0.8535054714567151,0.8911372018326721,0.91461574728736,0.947973626284268,0.970326269700611,1.0,0.9800802517434191,0.945824386138331,0.8923861660344119,0.8567595978649252,0.829115814068775,0.803037522276673,0.7650024539653609,0.707602079097538,0.630468071558753,0.508420416388779,0.40851130852790296,0.35782340413854397,0.35073108491536603,0.269200044695483,0.19787224400775
0.286734518813754,0.39940612525015207,0.4615412979231261,0.524681016050524,0.556368593544871,0.591301423820708,0.6248976798160121,0.652790353237974,0.6815376502828591,0.745869049581277,0.764297541173328,0.789951934868232,0.832243480492889,0.8574852315537049,0.897220211265633,0.9240278092594391,0.9800802517434191,1.0,0.9778602940455909,0.9335168902872829,0.902868502842532,0.8786323773649379,0.8546305722905541,0.822292486751989,0.762431719039678,0.6885597968431321,0.559080271038378,0.45391875568636,0.402892382664793,0.3920541110159221,0.293203842317151,0.222457690913096
0.22093824684201396,0.316308773296138,0.37589449255904706,0.437538721223207,0.47181557749591796,0.507198506355142,0.540837002280545,0.571758802335856,0.602830423676692,0.672472017385586,0.695155982227493,0.7263355633638531,0.7747224285885409,0.803809927016008,0.84956766060278,0.8815957319687091,0.945824386138331,0.9778602940455909,1.0,0.974360443331195,0.948639378228569,0.9258119374877049,0.90190912730136,0.870922268254996,0.8137414570565601,0.7428129717575529,0.609328499734522,0.504565233986563,0.45387138215491496,0.441885901566818,0.327637565866386,0.24554299072473298
0.144372998282565,0.22523071952172,0.276085966434935,0.334514452504497,0.37178792058913396,0.407505827303589,0.444033779727738,0.4767367514282171,0.508534557137267,0.583243000552875,0.611422054505051,0.645359609511558,0.699906922619637,0.729103579918438,0.779177040543353,0.8153101570125321,0.8923861660344119,0.9335168902872829,0.974360443331195,1.0,0.984278464963862,0.961375056961136,0.9397472678718659,0.9111483739545859,0.853839131801245,0.7863092198674169,0.648164407829324,0.539332564835451,0.48434210625264296,0.47107964632054405,0.36219191645269,0.270575281309538
0.10143210727959899,0.17706557711064,0.223323608184941,0.27920228668396996,0.315221351070884,0.350831036238192,0.38828570189093703,0.420873979373433,0.45463244123882796,0.533775334496688,0.562545193981694,0.5975641800892739,0.655206439565366,0.685924152670704,0.7366129327879579,0.7740274460249971,0.8567595978649252,0.902868502842532,0.948639378228569,0.984278464963862,1.0,0.9831439118949759,0.96409203271413,0.9379689031915001,0.8840212358512829,0.8192318749799721,0.681768357230538,0.572675098386701,0.517644669773488,0.501776230081473,0.3834876710431211,0.282363079614586
0.0822453480142367,0.153926425393884,0.194385354983313,0.248183944521713,0.283543951240414,0.318459236825487,0.35467589251608,0.387903882884596,0.42127755637861997,0.5017933939635391,0.529758422563904,0.564882922395269,0.6248813158637989,0.6557994268993089,0.7058791354636851,0.7415097291428271,0.829115814068775,0.8786323773649379,0.9258119374877049,0.961375056961136,0.9831439118949759,1.0,0.986973813286049,0.966146633787999,0.922896189714832,0.866094069451736,0.741424384442228,0.6374200640920269,0.58015160078259,0.5603761975151789,0.41575898493940294,0.29662008873443396
0.0584384473354286,0.124981205120191,0.16287452938198801,0.21388106942909804,0.248697404025596,0.28306485055166697,0.321272011863393,0.357066629368355,0.39033865817901997,0.47171222091628,0.50113828559281,0.537348495103018,0.600207091438268,0.630407690960839,0.6806120045990911,0.714346630134249,0.803037522276673,0.8546305722905541,0.90190912730136,0.9397472678718659,0.96409203271413,0.986973813286049,1.0,0.98188595596525,0.938667103201461,0.8844494664064909,0.7578661825837549,0.6540353233823679,0.5994702540399661,0.5771307466034828,0.434762739726544,0.31486690054057503
0.0178814268607922,0.0797910002635191,0.11698213900357599,0.167111252744915,0.19981357182356196,0.23462134591867398,0.27169503566407005,0.307588389932553,0.33961579905640804,0.423428998086052,0.45226004065208897,0.487826181035883,0.550668539159352,0.579417553733615,0.630926337469737,0.665203270731025,0.7650024539653609,0.822292486751989,0.870922268254996,0.9111483739545859,0.9379689031915001,0.966146633787999,0.98188595596525,1.0,0.9697385446275779,0.9253872118914791,0.8126887980448951,0.7158078079440309,0.661765644648189,0.636209702524599,0.457928094054456,0.320708715477206
0.00090056920198277,0.0514519496303009,0.0858841594796289,0.134177807102197,0.16245068913724697,0.19567551510935396,0.231789004132843,0.266579912933767,0.297012165614616,0.376773927282841,0.40870102714577705,0.444826018528742,0.509273968901781,0.534551467705724,0.580495936503709,0.6126572307214521,0.707602079097538,0.762431719039678,0.8137414570565601,0.853839131801245,0.8840212358512829,0.922896189714832,0.938667103201461,0.9697385446275779,1.0,0.9774928816179169,0.895481095174536,0.8124968093335941,0.7577904242231801,0.725248211138005,0.5246083511509481,0.32490681696171003
0.0419872391764312,0.00423293441107199,0.0324413957554575,0.0759704757697142,0.10045372496266199,0.131937496099508,0.16886351034749197,0.202322542620075,0.232398550159644,0.30736975803758504,0.33767572867089696,0.3728875580887929,0.437718231393508,0.46070306508127,0.504900997509018,0.535426613091553,0.630468071558753,0.6885597968431321,0.7428129717575529,0.7863092198674169,0.8192318749799721,0.866094069451736,0.8844494664064909,0.9253872118914791,0.9774928816179169,1.0,0.950979076024337,0.8824451434846,0.834348071003254,0.7947647759152171,0.559295154914549,0.325181023214766
0.08006112895607001,0.0319349357346078,0.00941454077504238,0.0250671717425696,0.045085113881802,0.0729145066032445,0.10599726233380999,0.132836371945683,0.157907507359176,0.22071405127421498,0.24521019784952,0.27487019524115697,0.3334480888493869,0.354624553219738,0.395472333263155,0.42188540883958603,0.508420416388779,0.559080271038378,0.609328499734522,0.648164407829324,0.681768357230538,0.741424384442228,0.7578661825837549,0.8126887980448951,0.895481095174536,0.950979076024337,1.0,0.976153913272633,0.9309135731025558,0.8874927424513671,0.5850928002578649,0.3075279550018761
0.103140724158827,0.0556941233658067,0.0343379406646082,0.008724506597908691,0.007168465973445109,0.032094631488717,0.0602854417132388,0.0821453610011974,0.103389057396788,0.15840103143839002,0.178179836187393,0.20223878521857197,0.25385368846151396,0.270534805773477,0.307711065327045,0.3287281184511369,0.40851130852790296,0.45391875568636,0.504565233986563,0.539332564835451,0.572675098386701,0.6374200640920269,0.6540353233823679,0.7158078079440309,0.8124968093335941,0.8824451434846,0.976153913272633,1.0,0.965287589710433,0.9180254203685508,0.571828834589415,0.30836249554339396
0.10254276647880801,0.06236691611449299,0.0372380105101009,0.0181778427559806,0.0057216154483536,0.0176763883664695,0.0431194809979628,0.0622143922628467,0.0881168274865844,0.135388087809161,0.15111457319859,0.17482103288704198,0.22160619116013003,0.23475486770299803,0.265729409461277,0.285187095135493,0.35782340413854397,0.402892382664793,0.45387138215491496,0.48434210625264296,0.517644669773488,0.58015160078259,0.5994702540399661,0.661765644648189,0.7577904242231801,0.834348071003254,0.9309135731025558,0.965287589710433,1.0,0.9558709098082561,0.584758701669287,0.293323926948871
0.1039315028295,0.0724942020507574,0.0425121115982669,0.0213770925098885,0.0086181366494481,0.0146734684120965,0.0378522832971212,0.0541829068440856,0.0788810039769004,0.125364054898909,0.13986875197875698,0.16535198992614403,0.210889456931998,0.227642486065218,0.257708021742102,0.28091992855134,0.35073108491536603,0.3920541110159221,0.441885901566818,0.47107964632054405,0.501776230081473,0.5603761975151789,0.5771307466034828,0.636209702524599,0.725248211138005,0.7947647759152171,0.8874927424513671,0.9180254203685508,0.9558709098082561,1.0,0.691486535394498,0.314236242334216
0.0752298941797022,0.0667093111010057,0.044062135064747,0.0308501471531449,0.0125778425237944,0.0110202857490447,0.023993089789759996,0.0459284882167563,0.055717522769817,0.0909129323845266,0.106559485307843,0.129248377054144,0.166526153265392,0.178605804165393,0.19808984627102,0.22498480320946998,0.269200044695483,0.293203842317151,0.327637565866386,0.36219191645269,0.3834876710431211,0.41575898493940294,0.434762739726544,0.457928094054456,0.5246083511509481,0.559295154914549,0.5850928002578649,0.571828834589415,0.584758701669287,0.691486535394498,1.0,0.446795339861892
0.10524161110138198,0.0804889891890207,0.0454662691568183,0.020965509851092,0.0020996467626176,0.00658924477772167,0.0238222899458806,0.0463724586901611,0.0513235398981539,0.0728632467579467,0.0792209231861892,0.0873706726077932,0.10551668558406699,0.125165849795265,0.145433292765511,0.15993311918032502,0.19787224400775,0.222457690913096,0.24554299072473298,0.270575281309538,0.282363079614586,0.29662008873443396,0.31486690054057503,0.320708715477206,0.32490681696171003,0.325181023214766,0.3075279550018761,0.30836249554339396,0.293323926948871,0.314236242334216,0.446795339861892,1.0
