1.0,0.7756707410767041,0.751034805424438,0.729029558173268,0.711508903888725,0.691373351590292,0.679605636910088,0.65843301558063,0.629197359685941,0.609324983120236,0.5733236671713969,0.543290848330846,0.514167231988714,0.45800579926879703,0.43001118037121994,0.377078489678692,0.324998133612238,0.28778402477522197,0.255540691074797,0.21719130179387,0.168882833816971,0.0842700624095627,0.0341098361186617,0.008491773774868391,0.0382477242055427,0.08092784448590401,0.151892076501493,0.20894300506295105,0.24059839466694002,0.14757822596593,0.00645537874952049,0.0943730460624063
0.7756707410767041,1.0,0.9730021651459271,0.9519057448858051,0.9268744659486898,0.9014813629438871,0.883658195749905,0.855496803293479,0.828977564430308,0.801619555996606,0.75238901268412,0.7156439807058349,0.6792108258784239,0.612934142467312,0.5783390160790159,0.5148519277315929,0.445805236975243,0.400051382909181,0.358602075635901,0.30630852200819897,0.24877140630513198,0.14871162046087302,0.0851022323017189,0.0459634042161073,0.0126179975861677,0.078438579955968,0.14901586237039902,0.217089408442093,0.269081504883907,0.184638503306464,0.0469725620181634,0.0656939337679448
0.751034805424438,0.9730021651459271,1.0,0.9830820957418421,0.963660821354126,0.9378488060395859,0.916371400022746,0.887456664175711,0.861427702340762,0.836265796135003,0.7933086310589829,0.7535815340244159,0.719860646702222,0.6545647053443701,0.620375256332939,0.556440768807995,0.484735992251195,0.43860940706534796,0.39603516625759794,0.346825230382951,0.288160647156545,0.19466880919272,0.129449171768489,0.0907971059367469,0.0338407031641912,0.034692446913297995,0.10645558703865401,0.175043339421448,0.236331963277524,0.170110295306988,0.0320396442019544,0.0503928564085641
0.729029558173268,0.9519057448858051,0.9830820957418421,1.0,0.98743620063503,0.966243392567929,0.9468044256047701,0.9202143757723551,0.8951862667167559,0.8718181342867379,0.831512579762726,0.7960147284385299,0.7642007098239421,0.70378428950667,0.668637523557479,0.608422476522177,0.543848540237884,0.499063725418728,0.456543984045635,0.40664153429910205,0.34723912868828805,0.25312904622437304,0.189492263913946,0.148721264646442,0.0904165417494013,0.0171718519355091,0.052427857170479,0.11227391277830501,0.18019216486936301,0.1507103059538,0.0268145801295745,0.0517966313194474
0.711508903888725,0.9268744659486898,0.963660821354126,0.98743620063503,1.0,0.9845185924141291,0.9671350036238392,0.9438068191651321,0.9220490787976371,0.9021221203629799,0.8680339231614921,0.8341707879840881,0.8041580050655441,0.7480220236456329,0.7150041323536719,0.6576502899925261,0.5977442744833349,0.554000229600631,0.511175878070265,0.461776497084176,0.4013519907318979,0.311354251323012,0.249598196877252,0.209533365035828,0.15058350967075598,0.0761435819711353,0.00336312226234191,0.0571938321122333,0.13272898876440198,0.136463348410546,0.0197067577812778,0.0549529681037317
0.691373351590292,0.9014813629438871,0.9378488060395859,0.966243392567929,0.9845185924141291,1.0,0.9897832286749799,0.9711597260695041,0.9513769193981171,0.9337355730424051,0.9081925841682191,0.881186290937237,0.8561009886651372,0.804818698828685,0.7745448447687571,0.723143850373235,0.6664164612465501,0.624266579949776,0.582258505760006,0.533639310719183,0.47314971231503,0.38165419036582,0.32245989775717104,0.283254412003344,0.224409231870679,0.15213646217815902,0.0759371154835225,0.0137054701551861,0.0700398288433397,0.113325378046857,0.0157900500539699,0.0485201929274487
0.679605636910088,0.883658195749905,0.916371400022746,0.9468044256047701,0.9671350036238392,0.9897832286749799,1.0,0.989933020962096,0.9757410777954809,0.9610482039755129,0.9382378705881321,0.914625837071967,0.8918736611654909,0.8460517817940191,0.818204660403466,0.7694550834803879,0.717833037295559,0.678499810594964,0.6387360373289279,0.591264834042454,0.5313803662393329,0.44121729096587503,0.382839002002841,0.343750020378211,0.283533027805515,0.211711859491145,0.135662817814993,0.0711582099988473,0.0127256280491301,0.0839055518500106,0.00452710036573537,0.0464201945788199
0.65843301558063,0.855496803293479,0.887456664175711,0.9202143757723551,0.9438068191651321,0.9711597260695041,0.989933020962096,1.0,0.9895317166143841,0.97773769960519,0.9591159931225459,0.9397594922110241,0.9195118027883521,0.8794815337780559,0.854937471316857,0.810407117675759,0.763450776535398,0.7258470342339541,0.6875330230543559,0.642511566115418,0.5860160324713609,0.500473635740105,0.443643405617781,0.40522542296744396,0.347436004409735,0.278314022897358,0.203050869794998,0.135823546696222,0.045025659944967,0.0596685670711781,0.000149449931708334,0.0387876292839472
0.629197359685941,0.828977564430308,0.861427702340762,0.8951862667167559,0.9220490787976371,0.9513769193981171,0.9757410777954809,0.9895317166143841,1.0,0.992919013082891,0.976672017940717,0.960852818122645,0.942157084310321,0.9087421246204409,0.8859580965142609,0.846514188401748,0.803662379262493,0.7678244893154721,0.7311287020706699,0.6887314437944331,0.6376397335180439,0.5564760929943299,0.501728478143878,0.46294926150055604,0.404834496254981,0.333788169159928,0.262563109715133,0.195760574889455,0.0993556439983253,0.0298971715703177,0.015752900862525,0.0445639834199763
0.609324983120236,0.801619555996606,0.836265796135003,0.8718181342867379,0.9021221203629799,0.9337355730424051,0.9610482039755129,0.97773769960519,0.992919013082891,1.0,0.9885956777110699,0.9756415579983531,0.960012413989621,0.9303954815106279,0.9105401563985609,0.8748208484806371,0.835829002846576,0.801750315860641,0.7668634750476021,0.7260829383807971,0.6780295551386539,0.600809421083942,0.5469214997779679,0.509134078040559,0.45303736799378297,0.384845002009238,0.31381828241250104,0.24699490664197601,0.147457516830288,0.00735229582611323,0.0247390091326178,0.0473111033677844
0.5733236671713969,0.75238901268412,0.7933086310589829,0.831512579762726,0.8680339231614921,0.9081925841682191,0.9382378705881321,0.9591159931225459,0.976672017940717,0.9885956777110699,1.0,0.9911143620800409,0.979464234741423,0.955366556025841,0.938127924397973,0.9060370911654541,0.8690463318341851,0.836981126869684,0.805537238515682,0.768038257016187,0.7215567864532758,0.650157023525994,0.599544571414998,0.563025685848626,0.508311827409408,0.443069835912971,0.369885825529711,0.300839956811647,0.193955525591675,0.008421550827353871,0.0305695588491016,0.0537581661512672
0.543290848330846,0.7156439807058349,0.7535815340244159,0.7960147284385299,0.8341707879840881,0.881186290937237,0.914625837071967,0.9397594922110241,0.960852818122645,0.9756415579983531,0.9911143620800409,1.0,0.993249345128669,0.974344160745256,0.958538960285611,0.9313618008304549,0.900018912295112,0.8710897290842751,0.840766892431405,0.8059056453880541,0.7631340612236859,0.693055312512183,0.6451424438382161,0.60897570127289,0.5565115151004439,0.492643320383468,0.421078268252568,0.35499576028846397,0.24486352856408602,0.034443356848713996,0.0361441063755746,0.048983485065682
0.514167231988714,0.6792108258784239,0.719860646702222,0.7642007098239421,0.8041580050655441,0.8561009886651372,0.8918736611654909,0.9195118027883521,0.942157084310321,0.960012413989621,0.979464234741423,0.993249345128669,1.0,0.9878872280707941,0.97528138781238,0.951225458530825,0.923302773197159,0.8975063223859051,0.869731270918058,0.838369834359245,0.796727130375842,0.729914513584358,0.682941824909389,0.64723544378572,0.5965307821035749,0.535652212194254,0.4632272089373521,0.39640655425384297,0.28497905410309804,0.0580227669377415,0.0455552971402001,0.0505031137286691
0.45800579926879703,0.612934142467312,0.6545647053443701,0.70378428950667,0.7480220236456329,0.804818698828685,0.8460517817940191,0.8794815337780559,0.9087421246204409,0.9303954815106279,0.955366556025841,0.974344160745256,0.9878872280707941,1.0,0.9930546839408709,0.976277268475938,0.9541507435052919,0.932777896203093,0.909180577041827,0.8820548014805141,0.846666300091355,0.7903128259435109,0.7479257381116469,0.714104680935711,0.666131713002584,0.609447967933921,0.5420465483849249,0.4762307348511551,0.36635276194695504,0.0995233095564806,0.05966002595860201,0.05134330175908999
0.43001118037121994,0.5783390160790159,0.620375256332939,0.668637523557479,0.7150041323536719,0.7745448447687571,0.818204660403466,0.854937471316857,0.8859580965142609,0.9105401563985609,0.938127924397973,0.958538960285611,0.97528138781238,0.9930546839408709,1.0,0.9893949754564971,0.9702062669355291,0.9520593471437909,0.93175449913438,0.906620847322032,0.875399743898896,0.8232963220225319,0.782768347756743,0.750673469440957,0.7042952750740551,0.6507315827130439,0.582953858750287,0.5154503240309779,0.40454570827253294,0.117508943809815,0.0645939453607726,0.0447353455959877
0.377078489678692,0.5148519277315929,0.556440768807995,0.608422476522177,0.6576502899925261,0.723143850373235,0.7694550834803879,0.810407117675759,0.846514188401748,0.8748208484806371,0.9060370911654541,0.9313618008304549,0.951225458530825,0.976277268475938,0.9893949754564971,1.0,0.988725379890694,0.975493393216419,0.959001440590131,0.93795585749238,0.912384421961929,0.866694372206253,0.831457466019098,0.801146765330285,0.758278361593227,0.708386727573328,0.646135435466747,0.584089352500866,0.473759687695436,0.16176073103754599,0.0793925801888516,0.0418661984069499
0.324998133612238,0.445805236975243,0.484735992251195,0.543848540237884,0.5977442744833349,0.6664164612465501,0.717833037295559,0.763450776535398,0.803662379262493,0.835829002846576,0.8690463318341851,0.900018912295112,0.923302773197159,0.9541507435052919,0.9702062669355291,0.988725379890694,1.0,0.9924707340429291,0.97875072617391,0.963162723756072,0.9410494083186559,0.8987308681934839,0.867815519679128,0.8388210334749742,0.7988870132786071,0.7520782508527472,0.6952246510124249,0.640765266372295,0.53230662531076,0.190214689781862,0.0862493343170889,0.0302823714653619
0.28778402477522197,0.400051382909181,0.43860940706534796,0.499063725418728,0.554000229600631,0.624266579949776,0.678499810594964,0.7258470342339541,0.7678244893154721,0.801750315860641,0.836981126869684,0.8710897290842751,0.8975063223859051,0.932777896203093,0.9520593471437909,0.975493393216419,0.9924707340429291,1.0,0.992114546015118,0.980425612982683,0.961917504537365,0.923629881634904,0.8969382217076559,0.8700063115417179,0.8323050916652129,0.789157375724121,0.7342666000599269,0.6812198376707691,0.572119440157098,0.214742902415909,0.0921677738855345,0.019038155592899
0.255540691074797,0.358602075635901,0.39603516625759794,0.456543984045635,0.511175878070265,0.582258505760006,0.6387360373289279,0.6875330230543559,0.7311287020706699,0.7668634750476021,0.805537238515682,0.840766892431405,0.869731270918058,0.909180577041827,0.93175449913438,0.959001440590131,0.97875072617391,0.992114546015118,1.0,0.992033139920879,0.9778254614251021,0.9444032123813,0.9206562601878191,0.896738592311948,0.860932592850223,0.8212527425405071,0.769013656867297,0.715846622143552,0.6087899874092889,0.241896412172807,0.100376682644652,0.0195281055752763
0.21719130179387,0.30630852200819897,0.346825230382951,0.40664153429910205,0.461776497084176,0.533639310719183,0.591264834042454,0.642511566115418,0.6887314437944331,0.7260829383807971,0.768038257016187,0.8059056453880541,0.838369834359245,0.8820548014805141,0.906620847322032,0.93795585749238,0.963162723756072,0.980425612982683,0.992033139920879,1.0,0.991035745046943,0.963910427031572,0.943856959519597,0.92219016990561,0.889202822895365,0.8525791066545291,0.80340396438172,0.7517514366305099,0.647200323649984,0.26446337228781,0.11450153724006598,0.0195459307226603
0.168882833816971,0.24877140630513198,0.288160647156545,0.34723912868828805,0.4013519907318979,0.47314971231503,0.5313803662393329,0.5860160324713609,0.6376397335180439,0.6780295551386539,0.7215567864532758,0.7631340612236859,0.796727130375842,0.846666300091355,0.875399743898896,0.912384421961929,0.9410494083186559,0.961917504537365,0.9778254614251021,0.991035745046943,1.0,0.9836368610416479,0.967247553503174,0.948285579413857,0.920324755506778,0.8878985965416129,0.845387405302528,0.795299031523231,0.6926125851324589,0.292684641214505,0.119828932283572,0.0208993094818163
0.0842700624095627,0.14871162046087302,0.19466880919272,0.25312904622437304,0.311354251323012,0.38165419036582,0.44121729096587503,0.500473635740105,0.5564760929943299,0.600809421083942,0.650157023525994,0.693055312512183,0.729914513584358,0.7903128259435109,0.8232963220225319,0.866694372206253,0.8987308681934839,0.923629881634904,0.9444032123813,0.963910427031572,0.9836368610416479,1.0,0.991404745501702,0.9778366622228241,0.957530584594932,0.931092435620134,0.8978207221050759,0.8510567127968229,0.7573321764367908,0.34088007190465897,0.138255696785412,0.0223419898325659
0.0341098361186617,0.0851022323017189,0.129449171768489,0.189492263913946,0.249598196877252,0.32245989775717104,0.382839002002841,0.443643405617781,0.501728478143878,0.5469214997779679,0.599544571414998,0.6451424438382161,0.682941824909389,0.7479257381116469,0.782768347756743,0.831457466019098,0.867815519679128,0.8969382217076559,0.9206562601878191,0.943856959519597,0.967247553503174,0.991404745501702,1.0,0.9911054980327719,0.973678874517198,0.9511345699371558,0.9213480500463,0.881235193523971,0.7910876290928242,0.36193660113036996,0.151056040206832,0.0292200381417394
0.008491773774868391,0.0459634042161073,0.0907971059367469,0.148721264646442,0.209533365035828,0.283254412003344,0.343750020378211,0.40522542296744396,0.46294926150055604,0.509134078040559,0.563025685848626,0.60897570127289,0.64723544378572,0.714104680935711,0.750673469440957,0.801146765330285,0.8388210334749742,0.8700063115417179,0.896738592311948,0.92219016990561,0.948285579413857,0.9778366622228241,0.9911054980327719,1.0,0.989098163669064,0.970854110920147,0.9425788875991892,0.904627305959782,0.8171359731002771,0.381787961487123,0.16597498967457902,0.0295802054936351
0.0382477242055427,0.0126179975861677,0.0338407031641912,0.0904165417494013,0.15058350967075598,0.224409231870679,0.283533027805515,0.347436004409735,0.404834496254981,0.45303736799378297,0.508311827409408,0.5565115151004439,0.5965307821035749,0.666131713002584,0.7042952750740551,0.758278361593227,0.7988870132786071,0.8323050916652129,0.860932592850223,0.889202822895365,0.920324755506778,0.957530584594932,0.973678874517198,0.989098163669064,1.0,0.9863268689576429,0.9640614326627192,0.92758546153376,0.8420620397538949,0.40165623479144796,0.17550526825058496,0.0261628688073175
0.08092784448590401,0.078438579955968,0.034692446913297995,0.0171718519355091,0.0761435819711353,0.15213646217815902,0.211711859491145,0.278314022897358,0.333788169159928,0.384845002009238,0.443069835912971,0.492643320383468,0.535652212194254,0.609447967933921,0.6507315827130439,0.708386727573328,0.7520782508527472,0.789157375724121,0.8212527425405071,0.8525791066545291,0.8878985965416129,0.931092435620134,0.9511345699371558,0.970854110920147,0.9863268689576429,1.0,0.980995979768559,0.9423218711328109,0.86137723321733,0.41705967574760294,0.185506199173137,0.0433705403346129
0.151892076501493,0.14901586237039902,0.10645558703865401,0.052427857170479,0.00336312226234191,0.0759371154835225,0.135662817814993,0.203050869794998,0.262563109715133,0.31381828241250104,0.369885825529711,0.421078268252568,0.4632272089373521,0.5420465483849249,0.582953858750287,0.646135435466747,0.6952246510124249,0.7342666000599269,0.769013656867297,0.80340396438172,0.845387405302528,0.8978207221050759,0.9213480500463,0.9425788875991892,0.9640614326627192,0.980995979768559,1.0,0.977071006530211,0.902516019845845,0.4505283128310929,0.20204923040118103,0.0402085301913556
0.20894300506295105,0.217089408442093,0.175043339421448,0.11227391277830501,0.0571938321122333,0.0137054701551861,0.0711582099988473,0.135823546696222,0.195760574889455,0.24699490664197601,0.300839956811647,0.35499576028846397,0.39640655425384297,0.4762307348511551,0.5154503240309779,0.584089352500866,0.640765266372295,0.6812198376707691,0.715846622143552,0.7517514366305099,0.795299031523231,0.8510567127968229,0.881235193523971,0.904627305959782,0.92758546153376,0.9423218711328109,0.977071006530211,1.0,0.9387913999129429,0.49034735758666703,0.24596506111103897,0.0505448486956985
0.24059839466694002,0.269081504883907,0.236331963277524,0.18019216486936301,0.13272898876440198,0.0700398288433397,0.0127256280491301,0.045025659944967,0.0993556439983253,0.147457516830288,0.193955525591675,0.24486352856408602,0.28497905410309804,0.36635276194695504,0.40454570827253294,0.473759687695436,0.53230662531076,0.572119440157098,0.6087899874092889,0.647200323649984,0.6926125851324589,0.7573321764367908,0.7910876290928242,0.8171359731002771,0.8420620397538949,0.86137723321733,0.902516019845845,0.9387913999129429,1.0,0.6142113624592139,0.33806696045974605,0.083553327701665
0.14757822596593,0.184638503306464,0.170110295306988,0.1507103059538,0.136463348410546,0.113325378046857,0.0839055518500106,0.0596685670711781,0.0298971715703177,0.00735229582611323,0.008421550827353871,0.034443356848713996,0.0580227669377415,0.0995233095564806,0.117508943809815,0.16176073103754599,0.190214689781862,0.214742902415909,0.241896412172807,0.26446337228781,0.292684641214505,0.34088007190465897,0.36193660113036996,0.381787961487123,0.40165623479144796,0.41705967574760294,0.4505283128310929,0.49034735758666703,0.6142113624592139,1.0,0.560074102600676,0.149073729916091
0.00645537874952049,0.0469725620181634,0.0320396442019544,0.0268145801295745,0.0197067577812778,0.0157900500539699,0.00452710036573537,0.000149449931708334,0.015752900862525,0.0247390091326178,0.0305695588491016,0.0361441063755746,0.0455552971402001,0.05966002595860201,0.0645939453607726,0.0793925801888516,0.0862493343170889,0.0921677738855345,0.100376682644652,0.11450153724006598,0.119828932283572,0.138255696785412,0.151056040206832,0.16597498967457902,0.17550526825058496,0.185506199173137,0.20204923040118103,0.24596506111103897,0.33806696045974605,0.560074102600676,1.0,0.37322707776559294
0.0943730460624063,0.0656939337679448,0.0503928564085641,0.0517966313194474,0.0549529681037317,0.0485201929274487,0.0464201945788199,0.0387876292839472,0.0445639834199763,0.0473111033677844,0.0537581661512672,0.048983485065682,0.0505031137286691,0.05134330175908999,0.0447353455959877,0.0418661984069499,0.0302823714653619,0.019038155592899,0.0195281055752763,0.0195459307226603,0.0208993094818163,0.0223419898325659,0.0292200381417394,0.0295802054936351,0.0261628688073175,0.0433705403346129,0.0402085301913556,0.0505448486956985,0.083553327701665,0.149073729916091,0.37322707776559294,1.0
