1.0,0.85224131995862,0.822043538365461,0.7972277609022209,0.776888448145542,0.76082824200339,0.744973475139413,0.7277399482999809,0.708453556460482,0.69058817892409,0.667826996966425,0.64804572542937,0.6277495802127929,0.611510757239636,0.59158311914194,0.572159541714677,0.555913969846944,0.535166456567908,0.511437155595659,0.494337343927517,0.47250939313555,0.447645746058897,0.42269033671916095,0.39511132016078493,0.36626645570162797,0.33216426757791495,0.290883454913012,0.23341055612897899,0.152948363578029,0.0146368292556989,0.0974602593689897,0.131412221840359
0.85224131995862,1.0,0.9791720824389191,0.964866776868861,0.951150681895956,0.938063479450124,0.925720951586359,0.91213759811185,0.896241565587607,0.880144902462465,0.861462166613287,0.844118100937697,0.826667759593274,0.8101076684218821,0.7912780878855291,0.773041943421459,0.755428878729515,0.733717044201834,0.7112853387009871,0.6934617781681949,0.6714975048103671,0.645733976433135,0.617857552605701,0.588662480653331,0.5582563076789681,0.521978095066394,0.475902630717699,0.41382886532724894,0.324578038031914,0.155242695180679,0.00533746706384581,0.0757628674004397
0.822043538365461,0.9791720824389191,1.0,0.9906143502712809,0.980691211763782,0.9715311993318109,0.9619405718923659,0.950889990457398,0.937924390994275,0.9245723172166529,0.9087973023626881,0.8925112254734309,0.8768281175300751,0.8625947558449829,0.845702281790216,0.8282536644317859,0.8123569480405239,0.792376467739443,0.771565474976959,0.754881147788148,0.7344089831727231,0.7102780982008721,0.683645706377322,0.655616262196177,0.626668025998699,0.591387582284022,0.5461297814917271,0.484077460138067,0.392506800122701,0.22024893840790902,0.0628869142780538,0.0226577276769085
0.7972277609022209,0.964866776868861,0.9906143502712809,1.0,0.993987474167103,0.987329086442741,0.980037265955435,0.9715213670343541,0.9613520078129871,0.949626586564423,0.9354218523125258,0.920926453162532,0.906641085914887,0.8933627768838671,0.8780302124532678,0.861786550540379,0.8466530325785129,0.827732298432976,0.807963061228023,0.792360390865718,0.7728619024769259,0.749990289299685,0.724379381836516,0.698130983481286,0.670796547464776,0.6369795396828211,0.592728726025594,0.531916892404546,0.44097461013164096,0.265350532231457,0.10719572329894099,0.0148230447521305
0.776888448145542,0.951150681895956,0.980691211763782,0.993987474167103,1.0,0.9954799201391241,0.9899304575459158,0.9834134226634091,0.9753443650296809,0.965414187171076,0.9535265785530451,0.9407699516252841,0.928333400686717,0.916465736868245,0.902553887316511,0.888164496723484,0.87416040029246,0.857017878027871,0.8385106633880229,0.8241174126961109,0.805857716579049,0.7845925087002951,0.7604089588114851,0.735676993717365,0.7097816298132691,0.6773795778981021,0.634253456054683,0.5749050098234649,0.48464485206963204,0.30700843360449703,0.145765319598663,0.0487492015558173
0.76082824200339,0.938063479450124,0.9715311993318109,0.987329086442741,0.9954799201391241,1.0,0.996913150691567,0.9926817838307379,0.9864696377790931,0.978687174300552,0.968726777960538,0.957899132096162,0.9470388212489541,0.9363269998810769,0.924064862958238,0.9111239970137641,0.8982384792516249,0.8828141500164529,0.866072868354038,0.8528686546235491,0.835737917891846,0.816004671997442,0.7944352069493671,0.771458781756343,0.7468677296858119,0.7160850213338721,0.6754068569322951,0.6189330494074351,0.529528895800846,0.353688311325969,0.192781849011953,0.089144659802233
0.744973475139413,0.925720951586359,0.9619405718923659,0.980037265955435,0.9899304575459158,0.996913150691567,1.0,0.997271727884669,0.9924424350304429,0.986366586667307,0.9779270462859041,0.9686633341516752,0.9587282479737471,0.9488932178531558,0.937663767664956,0.925899522323033,0.914101630031218,0.8999379673558091,0.88427791039211,0.8721099439077241,0.8560776669123741,0.8372642616887329,0.816756568893227,0.7947951144055859,0.7716278515487729,0.7416526910878231,0.7025702860367601,0.6472210465376229,0.5581144887874361,0.381995591208165,0.22221618963325798,0.115825879296345
0.7277399482999809,0.91213759811185,0.950889990457398,0.9715213670343541,0.9834134226634091,0.9926817838307379,0.997271727884669,1.0,0.997157589624394,0.992583360732308,0.9858566123277651,0.9781111454999379,0.96939143041839,0.960694678999807,0.9508309917273721,0.940102705270485,0.929345050452396,0.916352206252992,0.9020695931211509,0.890861568239146,0.8759278170169928,0.8582897932474101,0.839105922980581,0.818499322777708,0.7966144206220179,0.768098053017705,0.7306128278560041,0.6768860979818709,0.5884494025961751,0.412192202132065,0.251722498642269,0.141005103114427
0.708453556460482,0.896241565587607,0.937924390994275,0.9613520078129871,0.9753443650296809,0.9864696377790931,0.9924424350304429,0.997157589624394,1.0,0.997304631367542,0.992326963090277,0.9861618573209392,0.9788430766482801,0.971441195415437,0.96253933323293,0.9529511411038871,0.943109159140101,0.931226542947778,0.9181972181563801,0.907868759628178,0.894081936413425,0.8777070067002679,0.8595068477231429,0.8400530994309839,0.8194200378378821,0.792096139014135,0.755857105995047,0.703387264746139,0.6153230248949261,0.437756165542432,0.27596897319237396,0.16826046339614997
0.69058817892409,0.880144902462465,0.9245723172166529,0.949626586564423,0.965414187171076,0.978687174300552,0.986366586667307,0.992583360732308,0.997304631367542,1.0,0.997231622560759,0.9927816524045899,0.9871116354616429,0.981082920503639,0.973446739981484,0.9650414048269379,0.9564172516618259,0.945839312885288,0.934089779706879,0.924771559419308,0.91233208806097,0.897347093571409,0.880469102457808,0.8623253064509828,0.8432616205159271,0.817728356004113,0.7832376329771259,0.732443546548176,0.646522145055375,0.47209982550971596,0.31071392932319103,0.20010542786825697
0.667826996966425,0.861462166613287,0.9087973023626881,0.9354218523125258,0.9535265785530451,0.968726777960538,0.9779270462859041,0.9858566123277651,0.992326963090277,0.997231622560759,1.0,0.997772801960631,0.9937527023600601,0.9889535682196421,0.9827864501782579,0.975786993745237,0.968223607667678,0.9588598825821399,0.948388050832622,0.939959611288597,0.928856846481595,0.914947037525105,0.8988510570314481,0.881989819584976,0.864221218259222,0.840098125480663,0.8069258721818009,0.75745281636048,0.67208356938575,0.49848825132150704,0.337574917989275,0.222761133587121
0.64804572542937,0.844118100937697,0.8925112254734309,0.920926453162532,0.9407699516252841,0.957899132096162,0.9686633341516752,0.9781111454999379,0.9861618573209392,0.9927816524045899,0.997772801960631,1.0,0.9979920893507801,0.9944802556252131,0.989794890492093,0.984027953768947,0.9776597164694509,0.9696138502316078,0.9603455284997371,0.9528001482017731,0.942820080446078,0.9299428079039609,0.914774436793806,0.899051564356173,0.882494923729565,0.8597040402179029,0.828327514970488,0.7809727519048799,0.6971587120519631,0.52426070220954,0.36270028095719503,0.246272159410216
0.6277495802127929,0.826667759593274,0.8768281175300751,0.906641085914887,0.928333400686717,0.9470388212489541,0.9587282479737471,0.96939143041839,0.9788430766482801,0.9871116354616429,0.9937527023600601,0.9979920893507801,1.0,0.9982545983923728,0.994959745134367,0.990529676911506,0.9853078922827501,0.9786027042799459,0.9707217959666541,0.964006860459607,0.955023083093018,0.943585878834438,0.929583656724692,0.914951508685105,0.899283815118755,0.8778112012026908,0.8481046396442009,0.8030878505846321,0.7214890927665051,0.5508186995438521,0.387115189837562,0.271356266808519
0.611510757239636,0.8101076684218821,0.8625947558449829,0.8933627768838671,0.916465736868245,0.9363269998810769,0.9488932178531558,0.960694678999807,0.971441195415437,0.981082920503639,0.9889535682196421,0.9944802556252131,0.9982545983923728,1.0,0.998072994772249,0.994786861134433,0.990488421954466,0.984752664904245,0.9780151654292671,0.9720641261280369,0.963894536523592,0.953517315516091,0.940505832006682,0.926729943988567,0.911911002197016,0.891641388527259,0.863243841012977,0.8201400430376509,0.7402909835933149,0.5711390303241479,0.40640745698665,0.29128300358243203
0.59158311914194,0.7912780878855291,0.845702281790216,0.8780302124532678,0.902553887316511,0.924064862958238,0.937663767664956,0.9508309917273721,0.96253933323293,0.973446739981484,0.9827864501782579,0.989794890492093,0.994959745134367,0.998072994772249,1.0,0.9983042964320942,0.9951528773573359,0.9906192409136909,0.984883634219843,0.9797808893573969,0.972516539524334,0.963466587611548,0.951726761297535,0.939016632841218,0.9253736569229201,0.9062546408973609,0.879412894782265,0.8380066639369922,0.7593677168242471,0.5906550193505351,0.427141203137088,0.30977106816889693
0.572159541714677,0.773041943421459,0.8282536644317859,0.861786550540379,0.888164496723484,0.9111239970137641,0.925899522323033,0.940102705270485,0.9529511411038871,0.9650414048269379,0.975786993745237,0.984027953768947,0.990529676911506,0.994786861134433,0.9983042964320942,1.0,0.9982900118061752,0.995092777874118,0.990533282735353,0.986307262252741,0.9800495280818079,0.9720971670439922,0.961320330164381,0.9497622825186031,0.937431404233576,0.9194522898076349,0.894369509257287,0.854793300169847,0.7779470888682859,0.611434412698723,0.44980386052669896,0.330513900413099
0.555913969846944,0.755428878729515,0.8123569480405239,0.8466530325785129,0.87416040029246,0.8982384792516249,0.914101630031218,0.929345050452396,0.943109159140101,0.9564172516618259,0.968223607667678,0.9776597164694509,0.9853078922827501,0.990488421954466,0.9951528773573359,0.9982900118061752,1.0,0.998195249167687,0.99492798164133,0.9915918264245049,0.9862691421392099,0.979541737813423,0.969663815779011,0.9592383737881379,0.94794120809834,0.93140942333399,0.9078720279685291,0.869890749887627,0.795001670480772,0.6306657030633499,0.47170792518437,0.351616336745412
0.535166456567908,0.733717044201834,0.792376467739443,0.827732298432976,0.857017878027871,0.8828141500164529,0.8999379673558091,0.916352206252992,0.931226542947778,0.945839312885288,0.9588598825821399,0.9696138502316078,0.9786027042799459,0.984752664904245,0.9906192409136909,0.995092777874118,0.998195249167687,1.0,0.998351443786746,0.995843029249178,0.99175763005308,0.9862350937947031,0.9777579052923641,0.9689096571207181,0.9587551492352829,0.9435978038633258,0.921891554954271,0.886091284567173,0.813713061273664,0.6524106902213069,0.49518624788826504,0.37355855028725604
0.511437155595659,0.7112853387009871,0.771565474976959,0.807963061228023,0.8385106633880229,0.866072868354038,0.88427791039211,0.9020695931211509,0.9181972181563801,0.934089779706879,0.948388050832622,0.9603455284997371,0.9707217959666541,0.9780151654292671,0.984883634219843,0.990533282735353,0.99492798164133,0.998351443786746,1.0,0.9986564702843249,0.9958477050560601,0.991600782868717,0.984717566628789,0.9772160953886508,0.9683169718476509,0.9548620277498441,0.935316074342473,0.9020564766168141,0.832772900259462,0.6761494222539611,0.520154712215823,0.39690243657801794
0.494337343927517,0.6934617781681949,0.754881147788148,0.792360390865718,0.8241174126961109,0.8528686546235491,0.8721099439077241,0.890861568239146,0.907868759628178,0.924771559419308,0.939959611288597,0.9528001482017731,0.964006860459607,0.9720641261280369,0.9797808893573969,0.986307262252741,0.9915918264245049,0.995843029249178,0.9986564702843249,1.0,0.9983300613730111,0.995100168514387,0.9893735050204109,0.9828269436525879,0.974991413002643,0.9626455145038291,0.944531456728037,0.9134741087029891,0.84674117187693,0.693373655034841,0.540066481550798,0.41493124675345505
0.47250939313555,0.6714975048103671,0.7344089831727231,0.7728619024769259,0.805857716579049,0.835737917891846,0.8560776669123741,0.8759278170169928,0.894081936413425,0.91233208806097,0.928856846481595,0.942820080446078,0.955023083093018,0.963894536523592,0.972516539524334,0.9800495280818079,0.9862691421392099,0.99175763005308,0.9958477050560601,0.9983300613730111,1.0,0.99798592897514,0.993447437438572,0.9881873374457242,0.9814400749011071,0.970330901065003,0.9535558223963109,0.92431374640876,0.859424500642068,0.709277957424328,0.5573322159936379,0.429508366714695
0.447645746058897,0.645733976433135,0.7102780982008721,0.749990289299685,0.7845925087002951,0.816004671997442,0.8372642616887329,0.8582897932474101,0.8777070067002679,0.897347093571409,0.914947037525105,0.9299428079039609,0.943585878834438,0.953517315516091,0.963466587611548,0.9720971670439922,0.979541737813423,0.9862350937947031,0.991600782868717,0.995100168514387,0.99798592897514,1.0,0.9974995323083841,0.9935014165167829,0.9881771054133249,0.97894760835403,0.964472200019688,0.938264619914792,0.8781154702151359,0.732890690381266,0.582847716356782,0.4525455694022071
0.42269033671916095,0.617857552605701,0.683645706377322,0.724379381836516,0.7604089588114851,0.7944352069493671,0.816756568893227,0.839105922980581,0.8595068477231429,0.880469102457808,0.8988510570314481,0.914774436793806,0.929583656724692,0.940505832006682,0.951726761297535,0.961320330164381,0.969663815779011,0.9777579052923641,0.984717566628789,0.9893735050204109,0.993447437438572,0.9974995323083841,1.0,0.9975981429900849,0.993458363923755,0.9864683800932931,0.974962775966098,0.952062908039734,0.896119521642037,0.7571686352500542,0.6117027663882729,0.476587512140231
0.39511132016078493,0.588662480653331,0.655616262196177,0.698130983481286,0.735676993717365,0.771458781756343,0.7947951144055859,0.818499322777708,0.8400530994309839,0.8623253064509828,0.881989819584976,0.899051564356173,0.914951508685105,0.926729943988567,0.939016632841218,0.9497622825186031,0.9592383737881379,0.9689096571207181,0.9772160953886508,0.9828269436525879,0.9881873374457242,0.9935014165167829,0.9975981429900849,1.0,0.9974500281875051,0.9921548665313299,0.98321590305878,0.96261206552865,0.9106911114072579,0.779095399369345,0.638053414051495,0.499539074721028
0.36626645570162797,0.5582563076789681,0.626668025998699,0.670796547464776,0.7097816298132691,0.7468677296858119,0.7716278515487729,0.7966144206220179,0.8194200378378821,0.8432616205159271,0.864221218259222,0.882494923729565,0.899283815118755,0.911911002197016,0.9253736569229201,0.937431404233576,0.94794120809834,0.9587551492352829,0.9683169718476509,0.974991413002643,0.9814400749011071,0.9881771054133249,0.993458363923755,0.9974500281875051,1.0,0.9966448231875742,0.9896591485896858,0.971843045737297,0.9253881799161958,0.7998865451420508,0.661725073860052,0.522715107475722
0.33216426757791495,0.521978095066394,0.591387582284022,0.6369795396828211,0.6773795778981021,0.7160850213338721,0.7416526910878231,0.768098053017705,0.792096139014135,0.817728356004113,0.840098125480663,0.8597040402179029,0.8778112012026908,0.891641388527259,0.9062546408973609,0.9194522898076349,0.93140942333399,0.9435978038633258,0.9548620277498441,0.9626455145038291,0.970330901065003,0.97894760835403,0.9864683800932931,0.9921548665313299,0.9966448231875742,1.0,0.996016834594005,0.98306965377652,0.9433363000953521,0.827596727944105,0.69686316154809,0.552995943582011
0.290883454913012,0.475902630717699,0.5461297814917271,0.592728726025594,0.634253456054683,0.6754068569322951,0.7025702860367601,0.7306128278560041,0.755857105995047,0.7832376329771259,0.8069258721818009,0.828327514970488,0.8481046396442009,0.863243841012977,0.879412894782265,0.894369509257287,0.9078720279685291,0.921891554954271,0.935316074342473,0.944531456728037,0.9535558223963109,0.964472200019688,0.974962775966098,0.98321590305878,0.9896591485896858,0.996016834594005,1.0,0.992737030784293,0.9602900550828258,0.858059519337703,0.736722931226283,0.592174387630689
0.23341055612897899,0.41382886532724894,0.484077460138067,0.531916892404546,0.5749050098234649,0.6189330494074351,0.6472210465376229,0.6768860979818709,0.703387264746139,0.732443546548176,0.75745281636048,0.7809727519048799,0.8030878505846321,0.8201400430376509,0.8380066639369922,0.854793300169847,0.869890749887627,0.886091284567173,0.9020564766168141,0.9134741087029891,0.92431374640876,0.938264619914792,0.952062908039734,0.96261206552865,0.971843045737297,0.98306965377652,0.992737030784293,1.0,0.980736886646267,0.897872464189058,0.7876612125221999,0.635068235719722
0.152948363578029,0.324578038031914,0.392506800122701,0.44097461013164096,0.48464485206963204,0.529528895800846,0.5581144887874361,0.5884494025961751,0.6153230248949261,0.646522145055375,0.67208356938575,0.6971587120519631,0.7214890927665051,0.7402909835933149,0.7593677168242471,0.7779470888682859,0.795001670480772,0.813713061273664,0.832772900259462,0.84674117187693,0.859424500642068,0.8781154702151359,0.896119521642037,0.9106911114072579,0.9253881799161958,0.9433363000953521,0.9602900550828258,0.980736886646267,1.0,0.9521435934500821,0.8590981555256,0.707346029935836
0.0146368292556989,0.155242695180679,0.22024893840790902,0.265350532231457,0.30700843360449703,0.353688311325969,0.381995591208165,0.412192202132065,0.437756165542432,0.47209982550971596,0.49848825132150704,0.52426070220954,0.5508186995438521,0.5711390303241479,0.5906550193505351,0.611434412698723,0.6306657030633499,0.6524106902213069,0.6761494222539611,0.693373655034841,0.709277957424328,0.732890690381266,0.7571686352500542,0.779095399369345,0.7998865451420508,0.827596727944105,0.858059519337703,0.897872464189058,0.9521435934500821,1.0,0.9486936103348699,0.7790055485876008
0.0974602593689897,0.00533746706384581,0.0628869142780538,0.10719572329894099,0.145765319598663,0.192781849011953,0.22221618963325798,0.251722498642269,0.27596897319237396,0.31071392932319103,0.337574917989275,0.36270028095719503,0.387115189837562,0.40640745698665,0.427141203137088,0.44980386052669896,0.47170792518437,0.49518624788826504,0.520154712215823,0.540066481550798,0.5573322159936379,0.582847716356782,0.6117027663882729,0.638053414051495,0.661725073860052,0.69686316154809,0.736722931226283,0.7876612125221999,0.8590981555256,0.9486936103348699,1.0,0.8092615832276819
0.131412221840359,0.0757628674004397,0.0226577276769085,0.0148230447521305,0.0487492015558173,0.089144659802233,0.115825879296345,0.141005103114427,0.16826046339614997,0.20010542786825697,0.222761133587121,0.246272159410216,0.271356266808519,0.29128300358243203,0.30977106816889693,0.330513900413099,0.351616336745412,0.37355855028725604,0.39690243657801794,0.41493124675345505,0.429508366714695,0.4525455694022071,0.476587512140231,0.499539074721028,0.522715107475722,0.552995943582011,0.592174387630689,0.635068235719722,0.707346029935836,0.7790055485876008,0.8092615832276819,1.0
