1.0,0.904191381536625,0.8664614359340049,0.8525935903775899,0.8305260781444681,0.814640551759179,0.7995253558577,0.783246226322773,0.765738317604866,0.7507991788169129,0.7313181471070731,0.7066167951378391,0.691261599444628,0.664800296806999,0.645905989078263,0.6236446776332409,0.6024041936030881,0.578665812923161,0.565161916602136,0.552512617590122,0.538291951988872,0.519593848597023,0.49868742933589294,0.478094972262806,0.4568680676985771,0.434567185109994,0.410623874963168,0.381300818966325,0.32936658222940696,0.264460326915518,0.134151293638797,0.0964669560671529
0.904191381536625,1.0,0.977145177526472,0.966883170611307,0.951606289296088,0.9409155602049029,0.931548346750575,0.920576858192925,0.906126439156756,0.895181011563922,0.879982024077525,0.860574390148309,0.846815251424488,0.8245046169293561,0.806164781186925,0.786123404323771,0.7669241399190849,0.743081875596147,0.7285947419208291,0.715708682613309,0.7025855294386031,0.686911894805363,0.668910157739546,0.649164545800931,0.629072584841933,0.606564803853897,0.579902131278328,0.548188349204878,0.497457024328368,0.426998870339235,0.273386832679489,0.0422927899022644
0.8664614359340049,0.977145177526472,1.0,0.9910780231104459,0.9808275369890179,0.9737206682607409,0.9667794787184291,0.959026805744698,0.948425508169789,0.939264280919951,0.9267676267945211,0.910525838599751,0.8987688907635469,0.8790566010421892,0.863633820586167,0.8464560251131409,0.829598937534175,0.8074519632302231,0.7940394287157929,0.7814849723686509,0.7689341779315371,0.7548406786489108,0.739145111172567,0.7212228374782091,0.7030924333866391,0.6827287844042061,0.6577572769573989,0.627739020728364,0.579653686587632,0.5126540429667871,0.35464916882148295,0.000978358081223409
0.8525935903775899,0.966883170611307,0.9910780231104459,1.0,0.993162725483774,0.986705989553817,0.980558434635167,0.9737554642876579,0.9647949970475179,0.956397914641275,0.9451320745310781,0.929638036648379,0.918771412885965,0.9004828724263421,0.8864195974174449,0.869388823365201,0.8531828728045909,0.8323458305629949,0.8194652060315791,0.8076160790609771,0.796183312998118,0.782891897829159,0.767708789239677,0.750600479249631,0.733123705223412,0.7140075891206791,0.6896431423566539,0.6606496762705529,0.6134875663435501,0.5484596644557229,0.392055808812498,0.0255687650477942
0.8305260781444681,0.951606289296088,0.9808275369890179,0.993162725483774,1.0,0.9955842022284851,0.990668259665789,0.9847037670041059,0.9775919701611221,0.970338787648915,0.9610929855459369,0.947935599246784,0.93842934487998,0.922157242621472,0.909298310840162,0.8937570966766819,0.8786131361952471,0.859559463987779,0.847708679509331,0.8366489984784878,0.8266133020272539,0.8140026493460291,0.8002004044200219,0.7842524032534469,0.767361656415766,0.7491377418458229,0.7253334525014441,0.697851094199502,0.6518963816803921,0.5883900580962421,0.430657123953978,0.0482578793572864
0.814640551759179,0.9409155602049029,0.9737206682607409,0.986705989553817,0.9955842022284851,1.0,0.9968272950927259,0.992005740815796,0.9862009357890749,0.9794991228767022,0.9710314891644759,0.959062569670327,0.9504953173534991,0.9358411285130991,0.9239897690022529,0.909875518869083,0.895718071161246,0.8780881606672809,0.8672176699356801,0.856809645913935,0.847321107218901,0.8354553398663421,0.822080078560213,0.806967474120715,0.7907632752016159,0.7733569915517141,0.7506191383907491,0.7237926092492459,0.6796406683437729,0.616909999105256,0.458161239264636,0.0648900295280657
0.7995253558577,0.931548346750575,0.9667794787184291,0.980558434635167,0.990668259665789,0.9968272950927259,1.0,0.996611219156621,0.991579346375017,0.9852285950449571,0.977822566624189,0.966636706055841,0.9580756840710258,0.943791954886825,0.93228191128142,0.919099480168124,0.905419351217639,0.8885007461275249,0.8779154111764491,0.867850085329104,0.8588290579837391,0.8475793200447058,0.8352509194028158,0.8208334354041159,0.805094130639721,0.788426028611615,0.765860771363958,0.739401276545845,0.6963651213702329,0.63437556102624,0.47568621761304297,0.0797043645611674
0.783246226322773,0.920576858192925,0.959026805744698,0.9737554642876579,0.9847037670041059,0.992005740815796,0.996611219156621,1.0,0.996827311065534,0.9917045556178309,0.9851557577962801,0.975160729575112,0.96748341979673,0.9540989894306859,0.9434488687111209,0.93144594845508,0.918850732841113,0.9030596580778749,0.893055632325518,0.883616888783537,0.874934932271936,0.864331649262419,0.8531853324534481,0.8393833429220601,0.824418227368076,0.808538876632687,0.786621653060838,0.760958843661187,0.7194416815109499,0.6604902318490171,0.501658439275462,0.100783126424861
0.765738317604866,0.906126439156756,0.948425508169789,0.9647949970475179,0.9775919701611221,0.9862009357890749,0.991579346375017,0.996827311065534,1.0,0.9969777444602491,0.991999137808198,0.9835123281747529,0.9764684078916779,0.964676171439932,0.9552249006153491,0.944012898071111,0.9324027376123629,0.9178062871299592,0.908346277672794,0.899489602349571,0.8911834684511719,0.881271259990678,0.8711843144717092,0.858380324687742,0.844109164258607,0.8292809528062679,0.808003059283183,0.7833190662697349,0.7428862543324609,0.6853510072894641,0.526926099913469,0.113544210420276
0.7507991788169129,0.895181011563922,0.939264280919951,0.956397914641275,0.970338787648915,0.9794991228767022,0.9852285950449571,0.9917045556178309,0.9969777444602491,1.0,0.996885411560646,0.9901999695048141,0.983638497475738,0.9731297903708341,0.964398783927239,0.9540049339834221,0.943226263363454,0.929390299895346,0.92043329029236,0.912319783638069,0.9048039269600341,0.8956118865308019,0.8860744965470571,0.87400547535351,0.8605938976252121,0.846418490776302,0.8253535390141601,0.8012032845372559,0.7619541792756359,0.705872535989362,0.546619044635308,0.122425200977211
0.7313181471070731,0.879982024077525,0.9267676267945211,0.9451320745310781,0.9610929855459369,0.9710314891644759,0.977822566624189,0.9851557577962801,0.991999137808198,0.996885411560646,1.0,0.9963458341461601,0.9910210838207308,0.982030311338294,0.973996349664971,0.964339284592265,0.95449927684531,0.9418138117836359,0.933327598876407,0.925581262702697,0.918795282142912,0.9104245955710649,0.9015364245035731,0.8904862730612841,0.8778550343889971,0.865061843380837,0.844888889358955,0.822123282546298,0.7845872539042901,0.7300645140235029,0.5709183397711021,0.14096949212134302
0.7066167951378391,0.860574390148309,0.910525838599751,0.929638036648379,0.947935599246784,0.959062569670327,0.966636706055841,0.975160729575112,0.9835123281747529,0.9901999695048141,0.9963458341461601,1.0,0.9970151392800891,0.990717607663802,0.984018332698571,0.9757661878556291,0.9673237580338999,0.956163543954689,0.9484348169592759,0.9413916597767891,0.9352463624683308,0.9279719520934041,0.9199845382382579,0.9102023567074721,0.898743661811271,0.8871988121009259,0.868322911320585,0.8467165441799599,0.8112245361425409,0.7584010474565309,0.598193725972447,0.155014953990621
0.691261599444628,0.846815251424488,0.8987688907635469,0.918771412885965,0.93842934487998,0.9504953173534991,0.9580756840710258,0.96748341979673,0.9764684078916779,0.983638497475738,0.9910210838207308,0.9970151392800891,1.0,0.996377640577764,0.9909834463590859,0.983442714807148,0.976000535431163,0.9657818543330191,0.958169110850851,0.951313398274209,0.945213007067916,0.938445328126743,0.930683109101308,0.921536875312252,0.911064516328277,0.900430707002898,0.8828553113227711,0.862160648587699,0.8284455769721691,0.777728876668497,0.622375586536437,0.175174633463406
0.664800296806999,0.8245046169293561,0.8790566010421892,0.9004828724263421,0.922157242621472,0.9358411285130991,0.943791954886825,0.9540989894306859,0.964676171439932,0.9731297903708341,0.982030311338294,0.990717607663802,0.996377640577764,1.0,0.9970988183459091,0.9918888349028242,0.985790969682745,0.977507470623175,0.9707212819105608,0.964334863366523,0.9588233741871179,0.9528742486462,0.945657467839722,0.937483218249687,0.927980969742182,0.9185135275372142,0.90203762367496,0.882382320917032,0.851146654496019,0.8024844656008551,0.648229431393339,0.19897512557429897
0.645905989078263,0.806164781186925,0.863633820586167,0.8864195974174449,0.909298310840162,0.9239897690022529,0.93228191128142,0.9434488687111209,0.9552249006153491,0.964398783927239,0.973996349664971,0.984018332698571,0.9909834463590859,0.9970988183459091,1.0,0.9971748079487629,0.9924590585211909,0.9856201297703159,0.979874305043028,0.9741542713532959,0.9688448097109928,0.9635427436707109,0.9569874359352809,0.94951503052062,0.940863285292612,0.9320057683540981,0.9170275182143549,0.898406250272498,0.8688500458613131,0.822381558485315,0.670902085815354,0.216773673785472
0.6236446776332409,0.786123404323771,0.8464560251131409,0.869388823365201,0.8937570966766819,0.909875518869083,0.919099480168124,0.93144594845508,0.944012898071111,0.9540049339834221,0.964339284592265,0.9757661878556291,0.983442714807148,0.9918888349028242,0.9971748079487629,1.0,0.997397146311627,0.9925587794783092,0.987707277367113,0.9824285769822121,0.977753805793861,0.972935478391152,0.967198356055994,0.9602539696981829,0.9526747982437339,0.9446066295867959,0.9307563163766011,0.913535791224872,0.886182179940273,0.841696253087935,0.6907743451962329,0.234374599670478
0.6024041936030881,0.7669241399190849,0.829598937534175,0.8531828728045909,0.8786131361952471,0.895718071161246,0.905419351217639,0.918850732841113,0.9324027376123629,0.943226263363454,0.95449927684531,0.9673237580338999,0.976000535431163,0.985790969682745,0.9924590585211909,0.997397146311627,1.0,0.997329144632563,0.993650569524398,0.9891201262014789,0.9847700643795549,0.98057431289915,0.975576803532533,0.969273350902912,0.962326876975548,0.955259296257146,0.9428176207557851,0.9268245187986942,0.9013949062353329,0.8591001234172919,0.712791605461845,0.25070393214883996
0.578665812923161,0.743081875596147,0.8074519632302231,0.8323458305629949,0.859559463987779,0.8780881606672809,0.8885007461275249,0.9030596580778749,0.9178062871299592,0.929390299895346,0.9418138117836359,0.956163543954689,0.9657818543330191,0.977507470623175,0.9856201297703159,0.9925587794783092,0.997329144632563,1.0,0.9980132188667191,0.9946533430593539,0.9907665363312259,0.9870733502488861,0.9825442591825061,0.977102178527845,0.9708564357371942,0.9648110142712439,0.953263944650676,0.9386698751026279,0.9152770583201508,0.8751752807574209,0.7313286430162328,0.26556668725724003
0.565161916602136,0.7285947419208291,0.7940394287157929,0.8194652060315791,0.847708679509331,0.8672176699356801,0.8779154111764491,0.893055632325518,0.908346277672794,0.92043329029236,0.933327598876407,0.9484348169592759,0.958169110850851,0.9707212819105608,0.979874305043028,0.987707277367113,0.993650569524398,0.9980132188667191,1.0,0.997836070737087,0.994727145217831,0.991458982010152,0.987540893778529,0.9823913322817479,0.9765382893188721,0.9707897345338249,0.960621049933529,0.9468506494169371,0.924578243270847,0.8862401592855409,0.743832810693261,0.27624208181184
0.552512617590122,0.715708682613309,0.7814849723686509,0.8076160790609771,0.8366489984784878,0.856809645913935,0.867850085329104,0.883616888783537,0.899489602349571,0.912319783638069,0.925581262702697,0.9413916597767891,0.951313398274209,0.964334863366523,0.9741542713532959,0.9824285769822121,0.9891201262014789,0.9946533430593539,0.997836070737087,1.0,0.99795455071447,0.99523216873144,0.9915536941435892,0.9869979395080141,0.981650778306015,0.976201788081903,0.966896246743715,0.954151780375073,0.9329091530587339,0.895822571728223,0.755030770772948,0.28212753030343396
0.538291951988872,0.7025855294386031,0.7689341779315371,0.796183312998118,0.8266133020272539,0.847321107218901,0.8588290579837391,0.874934932271936,0.8911834684511719,0.9048039269600341,0.918795282142912,0.9352463624683308,0.945213007067916,0.9588233741871179,0.9688448097109928,0.977753805793861,0.9847700643795549,0.9907665363312259,0.994727145217831,0.99795455071447,1.0,0.9981072855240241,0.9949256889570351,0.991053921328178,0.986076023844999,0.9808948169608199,0.972459703498725,0.9604927802725841,0.940160510093659,0.903583184355557,0.764488160603584,0.28405649116672
0.519593848597023,0.686911894805363,0.7548406786489108,0.782891897829159,0.8140026493460291,0.8354553398663421,0.8475793200447058,0.864331649262419,0.881271259990678,0.8956118865308019,0.9104245955710649,0.9279719520934041,0.938445328126743,0.9528742486462,0.9635427436707109,0.972935478391152,0.98057431289915,0.9870733502488861,0.991458982010152,0.99523216873144,0.9981072855240241,1.0,0.997777240180688,0.994514306452372,0.990181303952422,0.9855214996415229,0.977639236952691,0.9664279168886809,0.9470607422366899,0.9122566587849692,0.7768907445235609,0.295932780461659
0.49868742933589294,0.668910157739546,0.739145111172567,0.767708789239677,0.8002004044200219,0.822080078560213,0.8352509194028158,0.8531853324534481,0.8711843144717092,0.8860744965470571,0.9015364245035731,0.9199845382382579,0.930683109101308,0.945657467839722,0.9569874359352809,0.967198356055994,0.975576803532533,0.9825442591825061,0.987540893778529,0.9915536941435892,0.9949256889570351,0.997777240180688,1.0,0.997640744427013,0.9940972108310759,0.9901158435502379,0.9828483555652221,0.9724286053151829,0.9547223980820521,0.921300611380831,0.788265397987407,0.30825360232884497
0.478094972262806,0.649164545800931,0.7212228374782091,0.750600479249631,0.7842524032534469,0.806967474120715,0.8208334354041159,0.8393833429220601,0.858380324687742,0.87400547535351,0.8904862730612841,0.9102023567074721,0.921536875312252,0.937483218249687,0.94951503052062,0.9602539696981829,0.969273350902912,0.977102178527845,0.9823913322817479,0.9869979395080141,0.991053921328178,0.994514306452372,0.997640744427013,1.0,0.997450139543721,0.993921488863152,0.9871773307066719,0.9777342739095392,0.961696679904984,0.9301702596296879,0.8010476871584742,0.31852087640223403
0.4568680676985771,0.629072584841933,0.7030924333866391,0.733123705223412,0.767361656415766,0.7907632752016159,0.805094130639721,0.824418227368076,0.844109164258607,0.8605938976252121,0.8778550343889971,0.898743661811271,0.911064516328277,0.927980969742182,0.940863285292612,0.9526747982437339,0.962326876975548,0.9708564357371942,0.9765382893188721,0.981650778306015,0.986076023844999,0.990181303952422,0.9940972108310759,0.997450139543721,1.0,0.9972565960467931,0.9918153484452841,0.9831802573947829,0.9693364421451021,0.940224501944336,0.8147567090908091,0.33476241131383394
0.434567185109994,0.606564803853897,0.6827287844042061,0.7140075891206791,0.7491377418458229,0.7733569915517141,0.788426028611615,0.808538876632687,0.8292809528062679,0.846418490776302,0.865061843380837,0.8871988121009259,0.900430707002898,0.9185135275372142,0.9320057683540981,0.9446066295867959,0.955259296257146,0.9648110142712439,0.9707897345338249,0.976201788081903,0.9808948169608199,0.9855214996415229,0.9901158435502379,0.993921488863152,0.9972565960467931,1.0,0.995826404093453,0.988877433850364,0.976243839294623,0.949022075468521,0.826083489424912,0.347975857572274
0.410623874963168,0.579902131278328,0.6577572769573989,0.6896431423566539,0.7253334525014441,0.7506191383907491,0.765860771363958,0.786621653060838,0.808003059283183,0.8253535390141601,0.844888889358955,0.868322911320585,0.8828553113227711,0.90203762367496,0.9170275182143549,0.9307563163766011,0.9428176207557851,0.953263944650676,0.960621049933529,0.966896246743715,0.972459703498725,0.977639236952691,0.9828483555652221,0.9871773307066719,0.9918153484452841,0.995826404093453,1.0,0.994955669350979,0.984613231389887,0.960932048427121,0.8471635847807909,0.371978258287521
0.381300818966325,0.548188349204878,0.627739020728364,0.6606496762705529,0.697851094199502,0.7237926092492459,0.739401276545845,0.760958843661187,0.7833190662697349,0.8012032845372559,0.822123282546298,0.8467165441799599,0.862160648587699,0.882382320917032,0.898406250272498,0.913535791224872,0.9268245187986942,0.9386698751026279,0.9468506494169371,0.954151780375073,0.9604927802725841,0.9664279168886809,0.9724286053151829,0.9777342739095392,0.9831802573947829,0.988877433850364,0.994955669350979,1.0,0.992146478225337,0.9711312242699408,0.8657751256658609,0.391033420272754
0.32936658222940696,0.497457024328368,0.579653686587632,0.6134875663435501,0.6518963816803921,0.6796406683437729,0.6963651213702329,0.7194416815109499,0.7428862543324609,0.7619541792756359,0.7845872539042901,0.8112245361425409,0.8284455769721691,0.851146654496019,0.8688500458613131,0.886182179940273,0.9013949062353329,0.9152770583201508,0.924578243270847,0.9329091530587339,0.940160510093659,0.9470607422366899,0.9547223980820521,0.961696679904984,0.9693364421451021,0.976243839294623,0.984613231389887,0.992146478225337,1.0,0.985036934154313,0.8921634855600742,0.42574660883317106
0.264460326915518,0.426998870339235,0.5126540429667871,0.5484596644557229,0.5883900580962421,0.616909999105256,0.63437556102624,0.6604902318490171,0.6853510072894641,0.705872535989362,0.7300645140235029,0.7584010474565309,0.777728876668497,0.8024844656008551,0.822381558485315,0.841696253087935,0.8591001234172919,0.8751752807574209,0.8862401592855409,0.895822571728223,0.903583184355557,0.9122566587849692,0.921300611380831,0.9301702596296879,0.940224501944336,0.949022075468521,0.960932048427121,0.9711312242699408,0.985036934154313,1.0,0.927506681803247,0.49788493857652
0.134151293638797,0.273386832679489,0.35464916882148295,0.392055808812498,0.430657123953978,0.458161239264636,0.47568621761304297,0.501658439275462,0.526926099913469,0.546619044635308,0.5709183397711021,0.598193725972447,0.622375586536437,0.648229431393339,0.670902085815354,0.6907743451962329,0.712791605461845,0.7313286430162328,0.743832810693261,0.755030770772948,0.764488160603584,0.7768907445235609,0.788265397987407,0.8010476871584742,0.8147567090908091,0.826083489424912,0.8471635847807909,0.8657751256658609,0.8921634855600742,0.927506681803247,1.0,0.6353049765628461
0.0964669560671529,0.0422927899022644,0.000978358081223409,0.0255687650477942,0.0482578793572864,0.0648900295280657,0.0797043645611674,0.100783126424861,0.113544210420276,0.122425200977211,0.14096949212134302,0.155014953990621,0.175174633463406,0.19897512557429897,0.216773673785472,0.234374599670478,0.25070393214883996,0.26556668725724003,0.27624208181184,0.28212753030343396,0.28405649116672,0.295932780461659,0.30825360232884497,0.31852087640223403,0.33476241131383394,0.347975857572274,0.371978258287521,0.391033420272754,0.42574660883317106,0.49788493857652,0.6353049765628461,1.0
