1.0,0.987950864419609,0.938716099415093,0.832616519543698,0.793353806823734,0.7616032256293149,0.71119764589698,0.6615055063648311,0.636105488973942,0.6018981834805479,0.561643224053127,0.5137320358655479,0.45358510862829404,0.393323554897799,0.34879358965948104,0.33214588774143106,0.313862427302932,0.295421792980063,0.276306395803826,0.255714727224417,0.236696730947617,0.22626996888326298,0.23301731633374698,0.23482262813402102,0.23387611478927697,0.23190102932905302,0.222177225884547,0.21134614457089998,0.208015410839542,0.213596705915513,0.209455638899402,0.20423584447738502
0.987950864419609,1.0,0.9807525139082679,0.9083023749604558,0.8760190574818291,0.842783393365966,0.78887518190227,0.7364089113007081,0.712668678752453,0.678892516924084,0.637993819790949,0.590181523630152,0.527805540573968,0.46379993739014497,0.41613980995737604,0.398615408149355,0.37881656244398604,0.358518271905244,0.33778999927432596,0.31486150797919105,0.29329242015665996,0.281600148281717,0.289967802277302,0.292191014956058,0.290994616197774,0.293735294807488,0.286535165287281,0.276116939398169,0.272891808884948,0.27650389348902604,0.269049788854223,0.261018485301007
0.938716099415093,0.9807525139082679,1.0,0.9724977735828009,0.9501317715264841,0.9161674524579059,0.8596973900535229,0.8055386713040699,0.784710240995177,0.752641553241895,0.71233962271311,0.666299158356191,0.603259769912987,0.536735585077705,0.48676827576437703,0.468741522452304,0.44771291194385,0.42577025311176203,0.40372123966706996,0.378634470988641,0.354589954801331,0.341703900119774,0.35182747678205895,0.354501326097714,0.353030886482625,0.36162655575506797,0.357858325652742,0.348319851728637,0.34533905156999,0.34634235066343894,0.33496530492567794,0.32366367185463396
0.832616519543698,0.9083023749604558,0.9724977735828009,1.0,0.9905926121097042,0.957473009659048,0.9007965953414491,0.847351967324721,0.8310479545871089,0.802634291320522,0.7650779293121791,0.72347430050302,0.662824643130697,0.596653069915664,0.5464550529231179,0.528738726449307,0.5073043185194129,0.48450742220379905,0.461995580927876,0.43560020981372105,0.40981617999964404,0.396156361300536,0.407863656707599,0.410940125892965,0.409216994503048,0.42436310446572495,0.42487880725398397,0.416871084399511,0.41433215313181104,0.412172903773752,0.396690438452003,0.38205805566182205
0.793353806823734,0.8760190574818291,0.9501317715264841,0.9905926121097042,1.0,0.987138300583825,0.949663921242775,0.909116553902515,0.8940762599276021,0.8659185425587029,0.8277408137996141,0.787763780229619,0.7269688958210391,0.6589926954716651,0.6068149702565689,0.587888488583985,0.5647301075477491,0.539959102170427,0.516100215353738,0.487809661419053,0.459901374038412,0.445229151410949,0.458469473347786,0.461992860907124,0.46010779554211895,0.478590750998881,0.480526002933331,0.47236831104114796,0.469230097733624,0.4639815925856621,0.444920316640543,0.42745491092311205
0.7616032256293149,0.842783393365966,0.9161674524579059,0.957473009659048,0.987138300583825,1.0,0.9875317595130709,0.9637572954750809,0.9492904416450791,0.9208424030864609,0.8816450587479019,0.843069712074468,0.782269325539442,0.7128334846465171,0.658916391806122,0.6386247225724859,0.613701914558451,0.586993349300519,0.561874947325315,0.531920250534243,0.502169283689565,0.48662252406395395,0.501197348286719,0.5051306073233571,0.503134688158596,0.523812988934675,0.526352827726866,0.517696386989544,0.5137174540560621,0.5054774984181319,0.483250158184364,0.463333279479204
0.71119764589698,0.78887518190227,0.8596973900535229,0.9007965953414491,0.949663921242775,0.9875317595130709,1.0,0.993339049217598,0.979800446608226,0.951781516470544,0.912565318448378,0.8763397006230078,0.8170619884646279,0.7479339910277081,0.6936592674651278,0.672533310601348,0.646499484842766,0.618554302152972,0.592826976321391,0.561986475984737,0.531168783317058,0.515151617773844,0.5306741954609171,0.534912193587216,0.532857281889461,0.5551775952639749,0.5582489267944379,0.5493189383662139,0.5446121654549899,0.533633673932534,0.5088474026340021,0.487017170021267
0.6615055063648311,0.7364089113007081,0.8055386713040699,0.847351967324721,0.909116553902515,0.9637572954750809,0.993339049217598,1.0,0.9919354322851321,0.9690095736650179,0.9343327757065552,0.9017191045946871,0.844522423145109,0.776343831358066,0.722552166292041,0.702003087446059,0.676140516377822,0.6480925863932181,0.622244942429739,0.590782433219491,0.55911549637822,0.542655496438878,0.558707569168374,0.5629339651206701,0.560583199364356,0.583889991758682,0.5870025991085479,0.577534926594434,0.572098913868248,0.558997443017572,0.532105322215486,0.508672800052684
0.636105488973942,0.712668678752453,0.784710240995177,0.8310479545871089,0.8940762599276021,0.9492904416450791,0.979800446608226,0.9919354322851321,1.0,0.992503690101772,0.9719696589140371,0.9448767665977991,0.8889839342936909,0.820682935181575,0.767296688813643,0.749870747047571,0.7261952089094681,0.6996124610213169,0.6737849147637289,0.6410684487639771,0.6077907214182071,0.590291768708994,0.6065436883295611,0.61017988299508,0.6068705690443199,0.6305848907836379,0.632713036279958,0.621692498250407,0.61527180652403,0.600860108589775,0.5717633963252329,0.5464599840475101
0.6018981834805479,0.678892516924084,0.752641553241895,0.802634291320522,0.8659185425587029,0.9208424030864609,0.951781516470544,0.9690095736650179,0.992503690101772,1.0,0.993416914156445,0.972061281092985,0.9182793339516179,0.8509034405615251,0.7987234745498579,0.78457519654945,0.7633701203073059,0.738606181665786,0.7131924704060442,0.679766528952231,0.64544381683485,0.627210296900052,0.64340671115798,0.646418262617403,0.642235198895026,0.665980304829026,0.667126668478022,0.65477707389345,0.647504954486057,0.632049959132848,0.601271827002295,0.574550836654653
0.561643224053127,0.637993819790949,0.71233962271311,0.7650779293121791,0.8277408137996141,0.8816450587479019,0.912565318448378,0.9343327757065552,0.9719696589140371,0.993416914156445,1.0,0.984312688085192,0.9332412768586991,0.8676494656678849,0.817310324021917,0.806426836266598,0.787825979247895,0.76510388367994,0.7404239402372579,0.706787901918207,0.6719528161134539,0.653278917839357,0.669202879275825,0.6715879507262661,0.666642828638663,0.6900936287230269,0.6903041415615849,0.676876860858869,0.668905646871415,0.652683077931091,0.620747784976296,0.5930617235316489
0.5137320358655479,0.590181523630152,0.666299158356191,0.72347430050302,0.787763780229619,0.843069712074468,0.8763397006230078,0.9017191045946871,0.9448767665977991,0.972061281092985,0.984312688085192,1.0,0.981812957033636,0.9413642124665691,0.9056053422204399,0.8948830142151031,0.8754249651498671,0.851222067690806,0.8272597152324951,0.793219755655182,0.7569499670822171,0.7360454084469821,0.747436097854452,0.744916337635109,0.73526998430176,0.7551591738707809,0.750789006264236,0.7331277071468991,0.723425697681234,0.7084797372587021,0.675357612053479,0.646244051526604
0.45358510862829404,0.527805540573968,0.603259769912987,0.662824643130697,0.7269688958210391,0.782269325539442,0.8170619884646279,0.844522423145109,0.8889839342936909,0.9182793339516179,0.9332412768586991,0.981812957033636,1.0,0.98829773059708,0.969415899931516,0.958435820699577,0.9380357423384459,0.9124900676024928,0.889927686462602,0.856601102017507,0.820048167620298,0.7974600877017242,0.803522302936057,0.7958013720292271,0.7814445180051841,0.7968098225145129,0.7877324612807091,0.7662157200366941,0.7550808904595558,0.742221625669468,0.709143548538446,0.6796303963941589
0.393323554897799,0.46379993739014497,0.536735585077705,0.596653069915664,0.6589926954716651,0.7128334846465171,0.7479339910277081,0.776343831358066,0.820682935181575,0.8509034405615251,0.8676494656678849,0.9413642124665691,0.98829773059708,1.0,0.995175039569163,0.9842768065604108,0.9636566708885741,0.9377043598702621,0.916860521970029,0.8849840871859351,0.8491655401096941,0.825819221767083,0.8274407038696959,0.81574402363203,0.797980276187734,0.8093064924735409,0.796685966104075,0.77263774640375,0.7606447163502641,0.749800413616144,0.7176281703023821,0.688570595662123
0.34879358965948104,0.41613980995737604,0.48676827576437703,0.5464550529231179,0.6068149702565689,0.658916391806122,0.6936592674651278,0.722552166292041,0.767296688813643,0.7987234745498579,0.817310324021917,0.9056053422204399,0.969415899931516,0.995175039569163,1.0,0.9930999731771349,0.975871437988521,0.952744335878476,0.934096056957244,0.90354345319554,0.8684911822047401,0.844846536689035,0.8436509338291529,0.829415835593445,0.8094672706998008,0.8170518434794691,0.8010445383299829,0.774659115028462,0.7616175990012092,0.75181945590201,0.7201836667311451,0.69142709952924
0.33214588774143106,0.398615408149355,0.468741522452304,0.528738726449307,0.587888488583985,0.6386247225724859,0.672533310601348,0.702003087446059,0.749870747047571,0.78457519654945,0.806426836266598,0.8948830142151031,0.958435820699577,0.9842768065604108,0.9930999731771349,1.0,0.9947435010147471,0.981794118311217,0.9666312867139331,0.9366722959777659,0.9016401513268341,0.877827280253978,0.876200764802699,0.861104541892626,0.840138228056703,0.843418459024787,0.822545594924468,0.7925029525079399,0.7771822305801129,0.7664277069791071,0.733733382655127,0.7041479119689681
0.313862427302932,0.37881656244398604,0.44771291194385,0.5073043185194129,0.5647301075477491,0.613701914558451,0.646499484842766,0.676140516377822,0.7261952089094681,0.7633701203073059,0.787825979247895,0.8754249651498671,0.9380357423384459,0.9636566708885741,0.975871437988521,0.9947435010147471,1.0,0.9960836473333999,0.984135283940256,0.9550326024737009,0.9204132446386669,0.896722126446117,0.8947376978084379,0.8790598684315841,0.8574414106134921,0.8569261870235502,0.832040308564422,0.7991431936650211,0.7820051631630022,0.770536877361153,0.7372871043318621,0.707311621508676
0.295421792980063,0.358518271905244,0.42577025311176203,0.48450742220379905,0.539959102170427,0.586993349300519,0.618554302152972,0.6480925863932181,0.6996124610213169,0.738606181665786,0.76510388367994,0.851222067690806,0.9124900676024928,0.9377043598702621,0.952744335878476,0.981794118311217,0.9960836473333999,1.0,0.990928201646277,0.9628109683296591,0.928840742074303,0.905455062239718,0.903178371094604,0.887130909624316,0.865132142466705,0.8613440804739458,0.8332035671363671,0.7981198989419208,0.779557612424428,0.767569992263529,0.734121745485934,0.7040629511125809
0.276306395803826,0.33778999927432596,0.40372123966706996,0.461995580927876,0.516100215353738,0.561874947325315,0.592826976321391,0.622244942429739,0.6737849147637289,0.7131924704060442,0.7404239402372579,0.8272597152324951,0.889927686462602,0.916860521970029,0.934096056957244,0.9666312867139331,0.984135283940256,0.990928201646277,1.0,0.9902727825555842,0.969951097165973,0.953733198815601,0.947097218794178,0.9268255304729691,0.901017735587867,0.89099783045273,0.8566781459828229,0.817025177933492,0.7948801923023041,0.7791805799053331,0.743180640828116,0.711421988099285
0.255714727224417,0.31486150797919105,0.378634470988641,0.43560020981372105,0.487809661419053,0.531920250534243,0.561986475984737,0.590782433219491,0.6410684487639771,0.679766528952231,0.706787901918207,0.793219755655182,0.856601102017507,0.8849840871859351,0.90354345319554,0.9366722959777659,0.9550326024737009,0.9628109683296591,0.9902727825555842,1.0,0.994368820008826,0.985972725221532,0.9748977384397199,0.950590656002266,0.921288833285685,0.9056429822529599,0.8661781288664999,0.822917925167982,0.797714291963356,0.7784796738544391,0.740455678808573,0.707473905584846
0.236696730947617,0.29329242015665996,0.354589954801331,0.40981617999964404,0.459901374038412,0.502169283689565,0.531168783317058,0.55911549637822,0.6077907214182071,0.64544381683485,0.6719528161134539,0.7569499670822171,0.820048167620298,0.8491655401096941,0.8684911822047401,0.9016401513268341,0.9204132446386669,0.928840742074303,0.969951097165973,0.994368820008826,1.0,0.9976708161100442,0.9833593042005842,0.9562956502328279,0.9247147148627759,0.9049879174399799,0.862118894700035,0.8166753695742289,0.7894707885364509,0.767794572358838,0.728724795250178,0.6952415175514929
0.22626996888326298,0.281600148281717,0.341703900119774,0.396156361300536,0.445229151410949,0.48662252406395395,0.515151617773844,0.542655496438878,0.590291768708994,0.627210296900052,0.653278917839357,0.7360454084469821,0.7974600877017242,0.825819221767083,0.844846536689035,0.877827280253978,0.896722126446117,0.905455062239718,0.953733198815601,0.985972725221532,0.9976708161100442,1.0,0.9892771881327959,0.965029468759303,0.935627842024904,0.9136966492322929,0.8678423493925358,0.820301714751299,0.7914018777000099,0.767958696971489,0.7278594366407779,0.6937474714416351
0.23301731633374698,0.289967802277302,0.35182747678205895,0.407863656707599,0.458469473347786,0.501197348286719,0.5306741954609171,0.558707569168374,0.6065436883295611,0.64340671115798,0.669202879275825,0.747436097854452,0.803522302936057,0.8274407038696959,0.8436509338291529,0.876200764802699,0.8947376978084379,0.903178371094604,0.947097218794178,0.9748977384397199,0.9833593042005842,0.9892771881327959,1.0,0.9929674319840419,0.9771492322113771,0.956224829204243,0.9065643379820341,0.8557322948167321,0.824808973007217,0.800155878763549,0.758243876945478,0.722621672591298
0.23482262813402102,0.292191014956058,0.354501326097714,0.410940125892965,0.461992860907124,0.5051306073233571,0.534912193587216,0.5629339651206701,0.61017988299508,0.646418262617403,0.6715879507262661,0.744916337635109,0.7958013720292271,0.81574402363203,0.829415835593445,0.861104541892626,0.8790598684315841,0.887130909624316,0.9268255304729691,0.950590656002266,0.9562956502328279,0.965029468759303,0.9929674319840419,1.0,0.995441220000226,0.975661942637303,0.923697047349255,0.8709963036490379,0.8389190030359709,0.8136728126541141,0.77095045086576,0.73466419047387
0.23387611478927697,0.290994616197774,0.353030886482625,0.409216994503048,0.46010779554211895,0.503134688158596,0.532857281889461,0.560583199364356,0.6068705690443199,0.642235198895026,0.666642828638663,0.73526998430176,0.7814445180051841,0.797980276187734,0.8094672706998008,0.840138228056703,0.8574414106134921,0.865132142466705,0.901017735587867,0.921288833285685,0.9247147148627759,0.935627842024904,0.9771492322113771,0.995441220000226,1.0,0.9813455045878678,0.92805541966738,0.874388026686822,0.8417090163044749,0.816243136894296,0.773304735478857,0.736854497046641
0.23190102932905302,0.293735294807488,0.36162655575506797,0.42436310446572495,0.478590750998881,0.523812988934675,0.5551775952639749,0.583889991758682,0.6305848907836379,0.665980304829026,0.6900936287230269,0.7551591738707809,0.7968098225145129,0.8093064924735409,0.8170518434794691,0.843418459024787,0.8569261870235502,0.8613440804739458,0.89099783045273,0.9056429822529599,0.9049879174399799,0.9136966492322929,0.956224829204243,0.975661942637303,0.9813455045878678,1.0,0.9822064049697401,0.951072897623705,0.9284136317706729,0.8903267086742429,0.8375174796667769,0.7941229776497472
0.222177225884547,0.286535165287281,0.357858325652742,0.42487880725398397,0.480526002933331,0.526352827726866,0.5582489267944379,0.5870025991085479,0.632713036279958,0.667126668478022,0.6903041415615849,0.750789006264236,0.7877324612807091,0.796685966104075,0.8010445383299829,0.822545594924468,0.832040308564422,0.8332035671363671,0.8566781459828229,0.8661781288664999,0.862118894700035,0.8678423493925358,0.9065643379820341,0.923697047349255,0.92805541966738,0.9822064049697401,1.0,0.992175243783453,0.9802273875606958,0.931193209751314,0.8706298881672428,0.821999281352119
0.21134614457089998,0.276116939398169,0.348319851728637,0.416871084399511,0.47236831104114796,0.517696386989544,0.5493189383662139,0.577534926594434,0.621692498250407,0.65477707389345,0.676876860858869,0.7331277071468991,0.7662157200366941,0.77263774640375,0.774659115028462,0.7925029525079399,0.7991431936650211,0.7981198989419208,0.817025177933492,0.822917925167982,0.8166753695742289,0.820301714751299,0.8557322948167321,0.8709963036490379,0.874388026686822,0.951072897623705,0.992175243783453,1.0,0.995407942731005,0.9400597157259959,0.875531761982999,0.824375963073772
0.208015410839542,0.272891808884948,0.34533905156999,0.41433215313181104,0.469230097733624,0.5137174540560621,0.5446121654549899,0.572098913868248,0.61527180652403,0.647504954486057,0.668905646871415,0.723425697681234,0.7550808904595558,0.7606447163502641,0.7616175990012092,0.7771822305801129,0.7820051631630022,0.779557612424428,0.7948801923023041,0.797714291963356,0.7894707885364509,0.7914018777000099,0.824808973007217,0.8389190030359709,0.8417090163044749,0.9284136317706729,0.9802273875606958,0.995407942731005,1.0,0.962093744834165,0.906911253411821,0.8611652898093191
0.213596705915513,0.27650389348902604,0.34634235066343894,0.412172903773752,0.4639815925856621,0.5054774984181319,0.533633673932534,0.558997443017572,0.600860108589775,0.632049959132848,0.652683077931091,0.7084797372587021,0.742221625669468,0.749800413616144,0.75181945590201,0.7664277069791071,0.770536877361153,0.767569992263529,0.7791805799053331,0.7784796738544391,0.767794572358838,0.767958696971489,0.800155878763549,0.8136728126541141,0.816243136894296,0.8903267086742429,0.931193209751314,0.9400597157259959,0.962093744834165,1.0,0.98743605716725,0.967151609477342
0.209455638899402,0.269049788854223,0.33496530492567794,0.396690438452003,0.444920316640543,0.483250158184364,0.5088474026340021,0.532105322215486,0.5717633963252329,0.601271827002295,0.620747784976296,0.675357612053479,0.709143548538446,0.7176281703023821,0.7201836667311451,0.733733382655127,0.7372871043318621,0.734121745485934,0.743180640828116,0.740455678808573,0.728724795250178,0.7278594366407779,0.758243876945478,0.77095045086576,0.773304735478857,0.8375174796667769,0.8706298881672428,0.875531761982999,0.906911253411821,0.98743605716725,1.0,0.99516886341532
0.20423584447738502,0.261018485301007,0.32366367185463396,0.38205805566182205,0.42745491092311205,0.463333279479204,0.487017170021267,0.508672800052684,0.5464599840475101,0.574550836654653,0.5930617235316489,0.646244051526604,0.6796303963941589,0.688570595662123,0.69142709952924,0.7041479119689681,0.707311621508676,0.7040629511125809,0.711421988099285,0.707473905584846,0.6952415175514929,0.6937474714416351,0.722621672591298,0.73466419047387,0.736854497046641,0.7941229776497472,0.821999281352119,0.824375963073772,0.8611652898093191,0.967151609477342,0.99516886341532,1.0
