1.0,0.9618592517758471,0.824137473782835,0.802012069449925,0.7433691157761991,0.712498703270308,0.673217218962464,0.644991604053343,0.6286987256316351,0.606877323793906,0.587110005107669,0.5591839266245551,0.53657248433076,0.507810687366919,0.500404844218728,0.49434289721963304,0.485887739900111,0.47118536097834796,0.458037206610139,0.454841721089724,0.44247635173166205,0.42920316435644396,0.40699601407220604,0.387196760056585,0.36072201052301006,0.340261546396925,0.31375224899150705,0.29554952861077693,0.293006633526239,0.28036233381550396,0.267896537608868,0.24071237130529397
0.9618592517758471,1.0,0.947610018576494,0.9245606003905229,0.8595781632960451,0.8255989533666541,0.7815514099541908,0.750491322122432,0.733369913410943,0.710364965885774,0.691340582670165,0.662457507050495,0.640671822865675,0.6108822176448461,0.600792863363437,0.590876933285751,0.577854088623709,0.557385535729364,0.539967431075307,0.5364925259598471,0.5221452143244629,0.504861208345427,0.477542815148095,0.45714758233759606,0.429203925285318,0.40839762164880894,0.379797546717726,0.35973345277813396,0.35728177874658,0.34228638137448997,0.32131856250250296,0.28581199193992896
0.824137473782835,0.947610018576494,1.0,0.980204980453179,0.9162639358708741,0.882449744526055,0.8370748747814009,0.8056179654466509,0.7890570242022992,0.7667529518427059,0.7503676929502601,0.7230298659189001,0.704237924642548,0.675994838889875,0.663697663363581,0.650180078644656,0.6331108664012081,0.60794543842399,0.58719878181083,0.58359070629718,0.568122799666281,0.547621131383302,0.516734454595272,0.49771261783562104,0.470821428544079,0.45157954960179403,0.42308492551174204,0.402647961688156,0.40057337473905297,0.384199955421883,0.3550731297991189,0.312963296305288
0.802012069449925,0.9245606003905229,0.980204980453179,1.0,0.977434469477882,0.9537181701397159,0.908741612267119,0.876167708358755,0.8575512712675241,0.83304098536552,0.8157632147316549,0.786547082050254,0.766747094822389,0.7365734602664371,0.723512827386616,0.709024281732052,0.692678090991043,0.668905061156483,0.647948143453048,0.641744813188025,0.622928357317298,0.5988911035944301,0.563980645440181,0.547151417018393,0.522001843037279,0.502343212834377,0.47030581588543297,0.447638583848704,0.446235269093605,0.428586487018509,0.394957431635945,0.347512511364708
0.7433691157761991,0.8595781632960451,0.9162639358708741,0.977434469477882,1.0,0.988093627392996,0.9455068760816621,0.9131642165426609,0.8931679562160079,0.8673745167654531,0.8498992788644331,0.819955429368513,0.799944891294373,0.7690296286211121,0.755724993536678,0.740833430727067,0.725972756186018,0.704723874973842,0.684458137822455,0.675756818065526,0.6541896640314471,0.627430229416842,0.58975171685393,0.5759970702687,0.5538043745976939,0.534559895370877,0.500142140563363,0.476085575004105,0.47545977343963103,0.457221252177438,0.42025768679951003,0.36919320173076103
0.712498703270308,0.8255989533666541,0.882449744526055,0.9537181701397159,0.988093627392996,1.0,0.9837474979424359,0.9627903686501809,0.9420330663009492,0.915441767418552,0.8983502454617651,0.867992574216039,0.848158401300683,0.8165871338489741,0.802998439762972,0.787490831070101,0.7725703528838391,0.7512265221225249,0.730282700876376,0.720389632622945,0.6968992281177789,0.6701997818168621,0.6313048389266321,0.618756879990505,0.596845264192568,0.5757193683218791,0.5368302778057961,0.510004358952742,0.509341216534605,0.489807734633182,0.45074720689181297,0.396259043429659
0.673217218962464,0.7815514099541908,0.8370748747814009,0.908741612267119,0.9455068760816621,0.9837474979424359,1.0,0.9936115758675469,0.9727227303926879,0.94605935396195,0.9298762892433199,0.899866154277889,0.8807469830642329,0.84925262251377,0.8356756901064741,0.8198503119316429,0.804808206898101,0.783176704585775,0.761679431565422,0.7511628501176489,0.7265065967962461,0.701172187441822,0.6623381116980179,0.6507848091982621,0.628955279269672,0.6058541172277879,0.562878344305017,0.533560629906935,0.532667123637936,0.512108860146362,0.47216246907844,0.41555483806607
0.644991604053343,0.750491322122432,0.8056179654466509,0.876167708358755,0.9131642165426609,0.9627903686501809,0.9936115758675469,1.0,0.990145017943658,0.971103699846662,0.9556656794552251,0.9259424283000259,0.907450189372429,0.8760547025340941,0.8619617791653609,0.8452520461970501,0.8296410358475579,0.807470495380443,0.7853938061248141,0.77456519527427,0.7491534010472151,0.7231681282433741,0.683218431047817,0.671285441346159,0.6487274993330571,0.626329145814362,0.5841021234922961,0.554535029369058,0.5522076067602281,0.5299828599147589,0.4942349436799329,0.43791819971287294
0.6286987256316351,0.733369913410943,0.7890570242022992,0.8575512712675241,0.8931679562160079,0.9420330663009492,0.9727227303926879,0.990145017943658,1.0,0.994515014379833,0.9796161661203959,0.950016948004801,0.9319984536211979,0.900604264040854,0.8855328272788779,0.8674448649599041,0.850863111228648,0.827885129881596,0.805143476466496,0.794222644117727,0.7683135281251091,0.7399772908937711,0.697849372652379,0.684396798678353,0.6603952198145879,0.64075787237154,0.603002549068183,0.5748918058614301,0.5701892532584979,0.5457436340679961,0.5180535961447571,0.463758956362676
0.606877323793906,0.710364965885774,0.7667529518427059,0.83304098536552,0.8673745167654531,0.915441767418552,0.94605935396195,0.971103699846662,0.994515014379833,1.0,0.9908531449050391,0.966382107690642,0.949697597674546,0.9191710373613851,0.9036932200026558,0.8847287607931059,0.867598750596741,0.844192983001802,0.821052236737722,0.8100378273279351,0.783712930174318,0.754319688527364,0.7110112940165929,0.6974802885546291,0.6732891369410979,0.65628979407052,0.6220098699521079,0.594981081267022,0.5884425863812349,0.562116985537895,0.5387791782171889,0.48496202447391706
0.587110005107669,0.691340582670165,0.7503676929502601,0.8157632147316549,0.8498992788644331,0.8983502454617651,0.9298762892433199,0.9556656794552251,0.9796161661203959,0.9908531449050391,1.0,0.9922362594286349,0.9785641735450921,0.9501834283464972,0.9352031483149108,0.915969395682464,0.898783850829355,0.8751767025453121,0.8516022345859781,0.8401806613700309,0.8128783544980991,0.7846174475122571,0.74122156910547,0.730657931601221,0.708576603768582,0.693640934290262,0.6597696648238821,0.6322644043293879,0.6248609249075749,0.5966063217304151,0.5684798160151949,0.510019496373966
0.5591839266245551,0.662457507050495,0.7230298659189001,0.786547082050254,0.819955429368513,0.867992574216039,0.899866154277889,0.9259424283000259,0.950016948004801,0.966382107690642,0.9922362594286349,1.0,0.9897246311439059,0.964122787718695,0.9499318894853771,0.9307690964261041,0.9137965172434731,0.8903474531799901,0.866725933909047,0.8551152534439641,0.8273388847048029,0.8005677216355079,0.757763948714595,0.7501708137493549,0.7304426023749859,0.7176321333094029,0.6845976985249419,0.657029445983989,0.648892043533025,0.6192583304152409,0.587162545747758,0.5253241673294711
0.53657248433076,0.640671822865675,0.704237924642548,0.766747094822389,0.799944891294373,0.848158401300683,0.8807469830642329,0.907450189372429,0.9319984536211979,0.949697597674546,0.9785641735450921,0.9897246311439059,1.0,0.9921728065877929,0.9826800258746129,0.9641438526623369,0.9467233531661491,0.921685406556442,0.896903922417932,0.8854524002240122,0.857152216772888,0.8304543003178729,0.786812994153428,0.783135091813419,0.766668024821972,0.7535458107990161,0.7167289305845791,0.68606004791574,0.6750690104004039,0.6425955103781229,0.6094840644682671,0.545430779807618
0.507810687366919,0.6108822176448461,0.675994838889875,0.7365734602664371,0.7690296286211121,0.8165871338489741,0.84925262251377,0.8760547025340941,0.900604264040854,0.9191710373613851,0.9501834283464972,0.964122787718695,0.9921728065877929,1.0,0.994769646392422,0.97709213342182,0.9595731369718701,0.933568252494342,0.9081901023075999,0.8970699706973589,0.8687877982958679,0.842602396580302,0.798962869785975,0.7987659939539841,0.7854235965022969,0.7722495948328472,0.7327479994644609,0.699886550248618,0.6865880466424671,0.652180097672165,0.6187379586759761,0.553826510025244
0.500404844218728,0.600792863363437,0.663697663363581,0.723512827386616,0.755724993536678,0.802998439762972,0.8356756901064741,0.8619617791653609,0.8855328272788779,0.9036932200026558,0.9352031483149108,0.9499318894853771,0.9826800258746129,0.994769646392422,1.0,0.993496554054014,0.9814748280795501,0.955983451099471,0.9306872847466491,0.919193397762644,0.8901332955468421,0.8696192748602251,0.829232174410647,0.8284964942682909,0.812998640340177,0.7966986474334019,0.7529851195385792,0.7168225693318481,0.700203932204545,0.663123521566289,0.6277298787230899,0.5612166815987889
0.49434289721963304,0.590876933285751,0.650180078644656,0.709024281732052,0.740833430727067,0.787490831070101,0.8198503119316429,0.8452520461970501,0.8674448649599041,0.8847287607931059,0.915969395682464,0.9307690964261041,0.9641438526623369,0.97709213342182,0.993496554054014,1.0,0.994596122707336,0.970203096016106,0.9453991716656409,0.9334888163133102,0.9037846166447121,0.8900165999839971,0.8538468141398671,0.8515829726454841,0.8328849743049541,0.813070375548673,0.765505091872898,0.7263647429661501,0.7065891485605079,0.667213694632151,0.629943682961287,0.562399545726605
0.485887739900111,0.577854088623709,0.6331108664012081,0.692678090991043,0.725972756186018,0.7725703528838391,0.804808206898101,0.8296410358475579,0.850863111228648,0.867598750596741,0.898783850829355,0.9137965172434731,0.9467233531661491,0.9595731369718701,0.9814748280795501,0.994596122707336,1.0,0.988939123651678,0.971614475357195,0.9566106273429,0.923908584970709,0.910634127925492,0.8742350203494449,0.8710895004793571,0.8509737710484591,0.828455138771631,0.777180985261022,0.736009119325057,0.7163438808971031,0.6766744535223721,0.635965732365754,0.566289387783699
0.47118536097834796,0.557385535729364,0.60794543842399,0.668905061156483,0.704723874973842,0.7512265221225249,0.783176704585775,0.807470495380443,0.827885129881596,0.844192983001802,0.8751767025453121,0.8903474531799901,0.921685406556442,0.933568252494342,0.955983451099471,0.970203096016106,0.988939123651678,1.0,0.995294502162912,0.975461241996793,0.938450025616077,0.920908543624067,0.8812038440254369,0.8777668884504158,0.8579128272188971,0.8337188383426508,0.779599376611084,0.737676700319412,0.7208555969828659,0.6828688610811079,0.63813453163599,0.5663087026417121
0.458037206610139,0.539967431075307,0.58719878181083,0.647948143453048,0.684458137822455,0.730282700876376,0.761679431565422,0.7853938061248141,0.805143476466496,0.821052236737722,0.8516022345859781,0.866725933909047,0.896903922417932,0.9081901023075999,0.9306872847466491,0.9453991716656409,0.971614475357195,0.995294502162912,1.0,0.985269435866604,0.9521719260785649,0.9313884391826421,0.889005245813341,0.885056854509305,0.865077595438312,0.8404893228619699,0.785613892265606,0.7437346956523959,0.7288378941171941,0.691804765079355,0.643068825677006,0.568899513240567
0.454841721089724,0.5364925259598471,0.58359070629718,0.641744813188025,0.675756818065526,0.720389632622945,0.7511628501176489,0.77456519527427,0.794222644117727,0.8100378273279351,0.8401806613700309,0.8551152534439641,0.8854524002240122,0.8970699706973589,0.919193397762644,0.9334888163133102,0.9566106273429,0.975461241996793,0.985269435866604,1.0,0.990399939084999,0.9672299837304421,0.9217827268797779,0.9165563464617571,0.895052117778784,0.8723485307654629,0.8200564139469542,0.779111306712567,0.764279131290604,0.725958938506362,0.6708630901514799,0.591432463229309
0.44247635173166205,0.5221452143244629,0.568122799666281,0.622928357317298,0.6541896640314471,0.6968992281177789,0.7265065967962461,0.7491534010472151,0.7683135281251091,0.783712930174318,0.8128783544980991,0.8273388847048029,0.857152216772888,0.8687877982958679,0.8901332955468421,0.9037846166447121,0.923908584970709,0.938450025616077,0.9521719260785649,0.990399939084999,1.0,0.975399315473713,0.9284527324575591,0.922305722115588,0.9000313130036829,0.879339460955732,0.83026016620563,0.7909507240723559,0.7764897862056149,0.737953383188583,0.678901597810099,0.596926431547639
0.42920316435644396,0.504861208345427,0.547621131383302,0.5988911035944301,0.627430229416842,0.6701997818168621,0.701172187441822,0.7231681282433741,0.7399772908937711,0.754319688527364,0.7846174475122571,0.8005677216355079,0.8304543003178729,0.842602396580302,0.8696192748602251,0.8900165999839971,0.910634127925492,0.920908543624067,0.9313884391826421,0.9672299837304421,0.975399315473713,1.0,0.987495903799127,0.9764490946324399,0.939715446739157,0.9072319660571371,0.848509699081144,0.804372845841713,0.791362753090183,0.7532132574917572,0.6793843402365649,0.590244369142401
0.40699601407220604,0.477542815148095,0.516734454595272,0.563980645440181,0.58975171685393,0.6313048389266321,0.6623381116980179,0.683218431047817,0.697849372652379,0.7110112940165929,0.74122156910547,0.757763948714595,0.786812994153428,0.798962869785975,0.829232174410647,0.8538468141398671,0.8742350203494449,0.8812038440254369,0.889005245813341,0.9217827268797779,0.9284527324575591,0.987495903799127,1.0,0.985793811631087,0.9398373593014251,0.8998765020395759,0.8359847623308979,0.7897016631032701,0.7781141002687141,0.7413877131315779,0.659259643221468,0.567702934825666
0.387196760056585,0.45714758233759606,0.49771261783562104,0.547151417018393,0.5759970702687,0.618756879990505,0.6507848091982621,0.671285441346159,0.684396798678353,0.6974802885546291,0.730657931601221,0.7501708137493549,0.783135091813419,0.7987659939539841,0.8284964942682909,0.8515829726454841,0.8710895004793571,0.8777668884504158,0.885056854509305,0.9165563464617571,0.922305722115588,0.9764490946324399,0.985793811631087,1.0,0.983549838906198,0.9540096235512819,0.8854569410232859,0.834937042493402,0.818712053515106,0.777443578387245,0.706322260449595,0.616397131419056
0.36072201052301006,0.429203925285318,0.470821428544079,0.522001843037279,0.5538043745976939,0.596845264192568,0.628955279269672,0.6487274993330571,0.6603952198145879,0.6732891369410979,0.708576603768582,0.7304426023749859,0.766668024821972,0.7854235965022969,0.812998640340177,0.8328849743049541,0.8509737710484591,0.8579128272188971,0.865077595438312,0.895052117778784,0.9000313130036829,0.939715446739157,0.9398373593014251,0.983549838906198,1.0,0.9837281901685491,0.91354776111453,0.8606247213125171,0.839778958487924,0.7947117059838851,0.7388509392194241,0.653754106450912
0.340261546396925,0.40839762164880894,0.45157954960179403,0.502343212834377,0.534559895370877,0.5757193683218791,0.6058541172277879,0.626329145814362,0.64075787237154,0.65628979407052,0.693640934290262,0.7176321333094029,0.7535458107990161,0.7722495948328472,0.7966986474334019,0.813070375548673,0.828455138771631,0.8337188383426508,0.8404893228619699,0.8723485307654629,0.879339460955732,0.9072319660571371,0.8998765020395759,0.9540096235512819,0.9837281901685491,1.0,0.9694585753495191,0.9331695645842671,0.9002348691227791,0.845028923599386,0.788097662040887,0.6987625506134381
0.31375224899150705,0.379797546717726,0.42308492551174204,0.47030581588543297,0.500142140563363,0.5368302778057961,0.562878344305017,0.5841021234922961,0.603002549068183,0.6220098699521079,0.6597696648238821,0.6845976985249419,0.7167289305845791,0.7327479994644609,0.7529851195385792,0.765505091872898,0.777180985261022,0.779599376611084,0.785613892265606,0.8200564139469542,0.83026016620563,0.848509699081144,0.8359847623308979,0.8854569410232859,0.91354776111453,0.9694585753495191,1.0,0.991259113927869,0.9443893689351021,0.8784540214034009,0.8125958232698929,0.7172332745070841
0.29554952861077693,0.35973345277813396,0.402647961688156,0.447638583848704,0.476085575004105,0.510004358952742,0.533560629906935,0.554535029369058,0.5748918058614301,0.594981081267022,0.6322644043293879,0.657029445983989,0.68606004791574,0.699886550248618,0.7168225693318481,0.7263647429661501,0.736009119325057,0.737676700319412,0.7437346956523959,0.779111306712567,0.7909507240723559,0.804372845841713,0.7897016631032701,0.834937042493402,0.8606247213125171,0.9331695645842671,0.991259113927869,1.0,0.9649753386015931,0.9059806147056422,0.8297106184461039,0.7278106126448579
0.293006633526239,0.35728177874658,0.40057337473905297,0.446235269093605,0.47545977343963103,0.509341216534605,0.532667123637936,0.5522076067602281,0.5701892532584979,0.5884425863812349,0.6248609249075749,0.648892043533025,0.6750690104004039,0.6865880466424671,0.700203932204545,0.7065891485605079,0.7163438808971031,0.7208555969828659,0.7288378941171941,0.764279131290604,0.7764897862056149,0.791362753090183,0.7781141002687141,0.818712053515106,0.839778958487924,0.9002348691227791,0.9443893689351021,0.9649753386015931,1.0,0.985302761801077,0.8840350587026801,0.7647754864354509
0.28036233381550396,0.34228638137448997,0.384199955421883,0.428586487018509,0.457221252177438,0.489807734633182,0.512108860146362,0.5299828599147589,0.5457436340679961,0.562116985537895,0.5966063217304151,0.6192583304152409,0.6425955103781229,0.652180097672165,0.663123521566289,0.667213694632151,0.6766744535223721,0.6828688610811079,0.691804765079355,0.725958938506362,0.737953383188583,0.7532132574917572,0.7413877131315779,0.777443578387245,0.7947117059838851,0.845028923599386,0.8784540214034009,0.9059806147056422,0.985302761801077,1.0,0.8862534311307589,0.760163137058443
0.267896537608868,0.32131856250250296,0.3550731297991189,0.394957431635945,0.42025768679951003,0.45074720689181297,0.47216246907844,0.4942349436799329,0.5180535961447571,0.5387791782171889,0.5684798160151949,0.587162545747758,0.6094840644682671,0.6187379586759761,0.6277298787230899,0.629943682961287,0.635965732365754,0.63813453163599,0.643068825677006,0.6708630901514799,0.678901597810099,0.6793843402365649,0.659259643221468,0.706322260449595,0.7388509392194241,0.788097662040887,0.8125958232698929,0.8297106184461039,0.8840350587026801,0.8862534311307589,1.0,0.9746487270464341
0.24071237130529397,0.28581199193992896,0.312963296305288,0.347512511364708,0.36919320173076103,0.396259043429659,0.41555483806607,0.43791819971287294,0.463758956362676,0.48496202447391706,0.510019496373966,0.5253241673294711,0.545430779807618,0.553826510025244,0.5612166815987889,0.562399545726605,0.566289387783699,0.5663087026417121,0.568899513240567,0.591432463229309,0.596926431547639,0.590244369142401,0.567702934825666,0.616397131419056,0.653754106450912,0.6987625506134381,0.7172332745070841,0.7278106126448579,0.7647754864354509,0.760163137058443,0.9746487270464341,1.0
