1.0,0.851163483304648,0.7282076156493349,0.6656580517434579,0.6453560097155661,0.6300295508103311,0.6242041621493559,0.6150433653652061,0.6023285407351949,0.5977927262785501,0.592586446105009,0.581174847378187,0.56933696049409,0.556470201081839,0.5384875857545051,0.5334451473327949,0.524504549395983,0.5094537657809001,0.5039802301573321,0.49608894875721404,0.493327184275203,0.486445123451801,0.474713233071731,0.47400977533995703,0.4646360679754,0.44323573925034904,0.43047146546435294,0.41126524847288704,0.379015097219707,0.354889939090609,0.315555730389337,0.21905331625987698
0.851163483304648,1.0,0.962285980666521,0.8706533852135329,0.840954846566235,0.811076791766859,0.787890881509144,0.7797787622606379,0.7628302067322141,0.7491692689546031,0.7425137398237829,0.729771582636943,0.71628861010639,0.701523755419951,0.6804102058905339,0.676540468374629,0.665596941351701,0.644849669261496,0.63778003737801,0.625832375024117,0.6169204349791179,0.6079196464077751,0.593155288300141,0.5870717911749991,0.578737102740415,0.560006526160571,0.5450660596969221,0.5214947169718871,0.480861037816747,0.437991136573117,0.356964908120779,0.22538111593979102
0.7282076156493349,0.962285980666521,1.0,0.9611438182061129,0.925000669422495,0.8871725606552741,0.8554880548752192,0.846346493787552,0.827374582684514,0.8115034657306031,0.8034815496299871,0.7887876038208571,0.772898678742838,0.758302626374997,0.737908804628022,0.732062403818173,0.7208523446985451,0.701192130984777,0.691921602783509,0.676672491655875,0.6640587105879739,0.654243075267193,0.6381023532417299,0.6271222476739531,0.616817831001502,0.597307570576369,0.5851965337907871,0.559532422567985,0.512007406984191,0.46117008663890796,0.37166508535888204,0.23278423756715
0.6656580517434579,0.8706533852135329,0.9611438182061129,1.0,0.968245594065166,0.930083995699338,0.894229636595761,0.882922634894868,0.8625122817728941,0.847133063538963,0.8377425575525892,0.820775095206475,0.8022399990783431,0.787972021591855,0.768798909707734,0.7598402572552719,0.748733365261417,0.732096987245605,0.720278212063181,0.7021527304474581,0.687373796261861,0.677103924309309,0.660100393978725,0.6455743308764921,0.6320190486566,0.60944743275652,0.601228039090527,0.574368840158506,0.5211726456202801,0.46819060942793506,0.383149127930323,0.24554369565757397
0.6453560097155661,0.840954846566235,0.925000669422495,0.968245594065166,1.0,0.9882120111445319,0.9457062092853071,0.933364976015885,0.9102595096799742,0.890646894308386,0.8802916417794859,0.8628112369507159,0.8442728743551781,0.8276193920344921,0.8047294213396479,0.795974645023212,0.7836159604377541,0.764206650112462,0.750080683204978,0.7299772231311971,0.714256535340585,0.702870933057077,0.685023402534528,0.6723530798029339,0.658444767399802,0.633847260012686,0.62396164979418,0.597695481185228,0.54627895425618,0.49579845923053706,0.39660401188530897,0.244162281421691
0.6300295508103311,0.811076791766859,0.8871725606552741,0.930083995699338,0.9882120111445319,1.0,0.978063903325687,0.964217214942228,0.938837103523722,0.9168355567282959,0.905891142774121,0.887991349143192,0.8691356284036259,0.851132491157967,0.826262303922115,0.817368164116278,0.804431398868021,0.7839397988079629,0.76792926692166,0.746526265535109,0.730941811005934,0.719296141270042,0.70121039040989,0.6898056534171451,0.675230453928603,0.648646402160821,0.638554743291077,0.613397420386457,0.5635946847109939,0.512330485634308,0.403693580210009,0.24271832971249802
0.6242041621493559,0.787890881509144,0.8554880548752192,0.894229636595761,0.9457062092853071,0.978063903325687,1.0,0.984168772004973,0.9567558383594151,0.9338916116515559,0.92262328134561,0.9042641036499959,0.8846815806692541,0.866143973836862,0.8406924256791141,0.831293423965213,0.8182916400781229,0.798084867206653,0.780493099879812,0.7582637352577729,0.7436464521115799,0.732415474604657,0.7144971603528001,0.7037186210733871,0.6881085487849531,0.659426928993775,0.650347407462555,0.6265366288499089,0.5777865825332261,0.522478649170921,0.407994247469776,0.243070058639279
0.6150433653652061,0.7797787622606379,0.846346493787552,0.882922634894868,0.933364976015885,0.964217214942228,0.984168772004973,1.0,0.9919389972744721,0.968577222872512,0.9570634332583741,0.938558935517742,0.9200572047880441,0.90078446196198,0.8733945567553579,0.8633480108893891,0.849950335464687,0.829437939128529,0.811175865514289,0.7881562660506509,0.7732281946372579,0.761279428143577,0.742884901870325,0.734750976675971,0.721921231784829,0.695352749225514,0.687404968760806,0.664334281859311,0.614869607959592,0.553684346261047,0.43063249447144397,0.255982668584086
0.6023285407351949,0.7628302067322141,0.827374582684514,0.8625122817728941,0.9102595096799742,0.938837103523722,0.9567558383594151,0.9919389972744721,1.0,0.986861106165337,0.9763537620870749,0.956938508453615,0.9385054067475199,0.9187324725379179,0.890390591739662,0.879782937209076,0.865718887398683,0.844385043381147,0.825881886842332,0.802579622303143,0.787520915699111,0.7758411994048341,0.757744319419556,0.750443537637461,0.739322593779502,0.7145510778982241,0.706984297491375,0.684170029750931,0.634288949893548,0.568577931961769,0.440282724884041,0.26100841148249204
0.5977927262785501,0.7491692689546031,0.8115034657306031,0.847133063538963,0.890646894308386,0.9168355567282959,0.9338916116515559,0.968577222872512,0.986861106165337,1.0,0.9921850348716059,0.970269788062087,0.949886192162217,0.92957255923088,0.9012644189506701,0.8900246131045481,0.874596839527082,0.8512123608074049,0.832729901133826,0.80944086787264,0.794231192264615,0.7841169331569829,0.7671313780356669,0.7576025284256791,0.7461369014233861,0.721981903736306,0.7134388127106841,0.6896256257605899,0.638751727711525,0.569410636549914,0.438530364909819,0.258981695726693
0.592586446105009,0.7425137398237829,0.8034815496299871,0.8377425575525892,0.8802916417794859,0.905891142774121,0.92262328134561,0.9570634332583741,0.9763537620870749,0.9921850348716059,1.0,0.9922322508211251,0.9710100989877499,0.950927544321289,0.9230841251959209,0.910976029732868,0.894135546334413,0.868776049960898,0.8507247999345359,0.8277645806609429,0.812773093595116,0.8025228551097571,0.7851900819412511,0.7758824685109951,0.764529758519024,0.7400975900862141,0.729986550110634,0.7054176116615258,0.654183066352572,0.58577599001628,0.454256762065365,0.27017714082776895
0.581174847378187,0.729771582636943,0.7887876038208571,0.820775095206475,0.8628112369507159,0.887991349143192,0.9042641036499959,0.938558935517742,0.956938508453615,0.970269788062087,0.9922322508211251,1.0,0.985444069424695,0.9681695696776199,0.9408377704805,0.9281569490750071,0.910312265206256,0.8834942611675529,0.866535264741905,0.8442690403696228,0.8293069672198871,0.818392708632595,0.8003064232385241,0.7915173375831659,0.7805211908400959,0.7560477685464059,0.7443818725658541,0.719101095073859,0.6676240794899599,0.600417135804134,0.46783546431752204,0.279310231919295
0.56933696049409,0.71628861010639,0.772898678742838,0.8022399990783431,0.8442728743551781,0.8691356284036259,0.8846815806692541,0.9200572047880441,0.9385054067475199,0.949886192162217,0.9710100989877499,0.985444069424695,1.0,0.9925233767465301,0.964643908914754,0.9521949903395401,0.934275727476884,0.9069668405137901,0.892310974539703,0.8709345860952109,0.854657425303784,0.8423067575670141,0.8227068614039069,0.813331512730307,0.80277880015129,0.7789151730281009,0.7659762696664959,0.7392532011032729,0.6859030637044421,0.6152980728163921,0.47490665054762793,0.279915550731706
0.556470201081839,0.701523755419951,0.758302626374997,0.787972021591855,0.8276193920344921,0.851132491157967,0.866143973836862,0.90078446196198,0.9187324725379179,0.92957255923088,0.950927544321289,0.9681695696776199,0.9925233767465301,1.0,0.9883312830940499,0.9752214097034221,0.956701834050482,0.9287580410313541,0.9139164328657401,0.891934197224043,0.874708161286797,0.8611561095367091,0.8402525283852191,0.8303045325768399,0.81961899954346,0.7956083502644059,0.783288968799538,0.757538116536794,0.704809192413544,0.629461351052721,0.48918756966148896,0.292719762579874
0.5384875857545051,0.6804102058905339,0.737908804628022,0.768798909707734,0.8047294213396479,0.826262303922115,0.8406924256791141,0.8733945567553579,0.890390591739662,0.9012644189506701,0.9230841251959209,0.9408377704805,0.964643908914754,0.9883312830940499,1.0,0.987936751323228,0.9697147023272149,0.9412709521682149,0.9251915112191129,0.9020952086627759,0.8842580516772058,0.869842792692038,0.848012076551629,0.837507347614353,0.8263738201830191,0.801913468341977,0.791105226471925,0.767661331970497,0.717251219976875,0.637818563144285,0.502762237731726,0.30872067485588894
0.5334451473327949,0.676540468374629,0.732062403818173,0.7598402572552719,0.795974645023212,0.817368164116278,0.831293423965213,0.8633480108893891,0.879782937209076,0.8900246131045481,0.910976029732868,0.9281569490750071,0.9521949903395401,0.9752214097034221,0.987936751323228,1.0,0.9932418001639021,0.9635409978011159,0.947548573954717,0.9240796602137099,0.9053585488014941,0.891031307760577,0.868976615120313,0.8569241908038872,0.8440260619825849,0.8174998986010171,0.8055016349910359,0.781979883259998,0.732063805714566,0.655743762898928,0.520034248871874,0.32032268486279
0.524504549395983,0.665596941351701,0.7208523446985451,0.748733365261417,0.7836159604377541,0.804431398868021,0.8182916400781229,0.849950335464687,0.865718887398683,0.874596839527082,0.894135546334413,0.910312265206256,0.934275727476884,0.956701834050482,0.9697147023272149,0.9932418001639021,1.0,0.9851556486195571,0.9699675485026321,0.9459525650135091,0.9268974584008001,0.912556196229506,0.89009235717949,0.8767562355139279,0.8625794162730551,0.834534625426832,0.8200676966018181,0.794205435743193,0.742130507037893,0.6703772029429829,0.533027743918908,0.327240298279565
0.5094537657809001,0.644849669261496,0.701192130984777,0.732096987245605,0.764206650112462,0.7839397988079629,0.798084867206653,0.829437939128529,0.844385043381147,0.8512123608074049,0.868776049960898,0.8834942611675529,0.9069668405137901,0.9287580410313541,0.9412709521682149,0.9635409978011159,0.9851556486195571,1.0,0.9863470931363539,0.961770892809856,0.9430225058656091,0.928646135231649,0.905732680506767,0.891491235437323,0.876630377594105,0.8478038633168771,0.8298298718874828,0.7997031121165301,0.743303144756287,0.677687536739327,0.538552319708924,0.327652184268
0.5039802301573321,0.63778003737801,0.691921602783509,0.720278212063181,0.750080683204978,0.76792926692166,0.780493099879812,0.811175865514289,0.825881886842332,0.832729901133826,0.8507247999345359,0.866535264741905,0.892310974539703,0.9139164328657401,0.9251915112191129,0.947548573954717,0.9699675485026321,0.9863470931363539,1.0,0.992712868984103,0.971667632136364,0.9553947790470492,0.930844339550493,0.9167939014959801,0.900222762532623,0.868312337872728,0.8471233365944479,0.8139155352315341,0.754694120786369,0.6828234734916779,0.5461147265544961,0.33748732330469705
0.49608894875721404,0.625832375024117,0.676672491655875,0.7021527304474581,0.7299772231311971,0.746526265535109,0.7582637352577729,0.7881562660506509,0.802579622303143,0.80944086787264,0.8277645806609429,0.8442690403696228,0.8709345860952109,0.891934197224043,0.9020952086627759,0.9240796602137099,0.9459525650135091,0.961770892809856,0.992712868984103,1.0,0.9869722400531701,0.971698011298297,0.946168817648443,0.9323872775463741,0.914489768786432,0.880201279655952,0.857874290411114,0.822904514829895,0.761456429145838,0.686655314480716,0.549002825812439,0.33996044366161
0.493327184275203,0.6169204349791179,0.6640587105879739,0.687373796261861,0.714256535340585,0.730941811005934,0.7436464521115799,0.7732281946372579,0.787520915699111,0.794231192264615,0.812773093595116,0.8293069672198871,0.854657425303784,0.874708161286797,0.8842580516772058,0.9053585488014941,0.9268974584008001,0.9430225058656091,0.971667632136364,0.9869722400531701,1.0,0.9906497974705541,0.9648413513331581,0.9510067523716469,0.9321451651394379,0.8961772763125441,0.8756871208948821,0.840200213335128,0.775881805363654,0.703891924239829,0.5558354525752989,0.33606248724009496
0.486445123451801,0.6079196464077751,0.654243075267193,0.677103924309309,0.702870933057077,0.719296141270042,0.732415474604657,0.761279428143577,0.7758411994048341,0.7841169331569829,0.8025228551097571,0.818392708632595,0.8423067575670141,0.8611561095367091,0.869842792692038,0.891031307760577,0.912556196229506,0.928646135231649,0.9553947790470492,0.971698011298297,0.9906497974705541,1.0,0.991124219602423,0.974803157668566,0.9541360174894509,0.916510693532379,0.895979342764936,0.8574800544126071,0.787699458118506,0.7168593967339079,0.562481209183036,0.335648608330193
0.474713233071731,0.593155288300141,0.6381023532417299,0.660100393978725,0.685023402534528,0.70121039040989,0.7144971603528001,0.742884901870325,0.757744319419556,0.7671313780356669,0.7851900819412511,0.8003064232385241,0.8227068614039069,0.8402525283852191,0.848012076551629,0.868976615120313,0.89009235717949,0.905732680506767,0.930844339550493,0.946168817648443,0.9648413513331581,0.991124219602423,1.0,0.9864023906849471,0.966338215041373,0.9278692216260971,0.9065458325534709,0.8652590329670949,0.7912763683321709,0.7205837872390329,0.562788156149585,0.333028903513622
0.47400977533995703,0.5870717911749991,0.6271222476739531,0.6455743308764921,0.6723530798029339,0.6898056534171451,0.7037186210733871,0.734750976675971,0.750443537637461,0.7576025284256791,0.7758824685109951,0.7915173375831659,0.813331512730307,0.8303045325768399,0.837507347614353,0.8569241908038872,0.8767562355139279,0.891491235437323,0.9167939014959801,0.9323872775463741,0.9510067523716469,0.974803157668566,0.9864023906849471,1.0,0.990594386013685,0.9522850556875,0.9280047660218109,0.8851691941677521,0.8105606412320671,0.733760187119568,0.569859263557908,0.335993393452336
0.4646360679754,0.578737102740415,0.616817831001502,0.6320190486566,0.658444767399802,0.675230453928603,0.6881085487849531,0.721921231784829,0.739322593779502,0.7461369014233861,0.764529758519024,0.7805211908400959,0.80277880015129,0.81961899954346,0.8263738201830191,0.8440260619825849,0.8625794162730551,0.876630377594105,0.900222762532623,0.914489768786432,0.9321451651394379,0.9541360174894509,0.966338215041373,0.990594386013685,1.0,0.98358050120758,0.957826590538155,0.913623711497879,0.83721707186711,0.753092849978943,0.577338804370182,0.33526526005884194
0.44323573925034904,0.560006526160571,0.597307570576369,0.60944743275652,0.633847260012686,0.648646402160821,0.659426928993775,0.695352749225514,0.7145510778982241,0.721981903736306,0.7400975900862141,0.7560477685464059,0.7789151730281009,0.7956083502644059,0.801913468341977,0.8174998986010171,0.834534625426832,0.8478038633168771,0.868312337872728,0.880201279655952,0.8961772763125441,0.916510693532379,0.9278692216260971,0.9522850556875,0.98358050120758,1.0,0.974698452481511,0.93033658478041,0.852840925455993,0.7625130524862049,0.575322955384587,0.327201685208052
0.43047146546435294,0.5450660596969221,0.5851965337907871,0.601228039090527,0.62396164979418,0.638554743291077,0.650347407462555,0.687404968760806,0.706984297491375,0.7134388127106841,0.729986550110634,0.7443818725658541,0.7659762696664959,0.783288968799538,0.791105226471925,0.8055016349910359,0.8200676966018181,0.8298298718874828,0.8471233365944479,0.857874290411114,0.8756871208948821,0.895979342764936,0.9065458325534709,0.9280047660218109,0.957826590538155,0.974698452481511,1.0,0.980804035816263,0.9014375213270039,0.8015807322274491,0.605981848739343,0.34767542036155297
0.41126524847288704,0.5214947169718871,0.559532422567985,0.574368840158506,0.597695481185228,0.613397420386457,0.6265366288499089,0.664334281859311,0.684170029750931,0.6896256257605899,0.7054176116615258,0.719101095073859,0.7392532011032729,0.757538116536794,0.767661331970497,0.781979883259998,0.794205435743193,0.7997031121165301,0.8139155352315341,0.822904514829895,0.840200213335128,0.8574800544126071,0.8652590329670949,0.8851691941677521,0.913623711497879,0.93033658478041,0.980804035816263,1.0,0.9631537455044009,0.857173437350433,0.642527270617619,0.365181373240868
0.379015097219707,0.480861037816747,0.512007406984191,0.5211726456202801,0.54627895425618,0.5635946847109939,0.5777865825332261,0.614869607959592,0.634288949893548,0.638751727711525,0.654183066352572,0.6676240794899599,0.6859030637044421,0.704809192413544,0.717251219976875,0.732063805714566,0.742130507037893,0.743303144756287,0.754694120786369,0.761456429145838,0.775881805363654,0.787699458118506,0.7912763683321709,0.8105606412320671,0.83721707186711,0.852840925455993,0.9014375213270039,0.9631537455044009,1.0,0.894605766049664,0.660851237477964,0.36756446650614
0.354889939090609,0.437991136573117,0.46117008663890796,0.46819060942793506,0.49579845923053706,0.512330485634308,0.522478649170921,0.553684346261047,0.568577931961769,0.569410636549914,0.58577599001628,0.600417135804134,0.6152980728163921,0.629461351052721,0.637818563144285,0.655743762898928,0.6703772029429829,0.677687536739327,0.6828234734916779,0.686655314480716,0.703891924239829,0.7168593967339079,0.7205837872390329,0.733760187119568,0.753092849978943,0.7625130524862049,0.8015807322274491,0.857173437350433,0.894605766049664,1.0,0.796281453025625,0.41658620247043104
0.315555730389337,0.356964908120779,0.37166508535888204,0.383149127930323,0.39660401188530897,0.403693580210009,0.407994247469776,0.43063249447144397,0.440282724884041,0.438530364909819,0.454256762065365,0.46783546431752204,0.47490665054762793,0.48918756966148896,0.502762237731726,0.520034248871874,0.533027743918908,0.538552319708924,0.5461147265544961,0.549002825812439,0.5558354525752989,0.562481209183036,0.562788156149585,0.569859263557908,0.577338804370182,0.575322955384587,0.605981848739343,0.642527270617619,0.660851237477964,0.796281453025625,1.0,0.8728130684668679
0.21905331625987698,0.22538111593979102,0.23278423756715,0.24554369565757397,0.244162281421691,0.24271832971249802,0.243070058639279,0.255982668584086,0.26100841148249204,0.258981695726693,0.27017714082776895,0.279310231919295,0.279915550731706,0.292719762579874,0.30872067485588894,0.32032268486279,0.327240298279565,0.327652184268,0.33748732330469705,0.33996044366161,0.33606248724009496,0.335648608330193,0.333028903513622,0.335993393452336,0.33526526005884194,0.327201685208052,0.34767542036155297,0.365181373240868,0.36756446650614,0.41658620247043104,0.8728130684668679,1.0
