1.0,0.8871203388190431,0.8621405783468991,0.845338124608738,0.8317738076543729,0.8213492694351401,0.8114056948488821,0.8001431827136519,0.7919970680839069,0.7858735353288259,0.7780252693133279,0.7735206717822559,0.7636839243795609,0.755669614546545,0.7463407042671228,0.737668742054834,0.7326726377539641,0.7241656878647259,0.712824995840732,0.7085541059073241,0.700358040807079,0.692920069480405,0.683164604821766,0.673106717456234,0.661961600752847,0.649594214916166,0.635418571084364,0.607880881514548,0.5669890202378249,0.4918281784074461,0.267217529476441,0.0252978604983218
0.8871203388190431,1.0,0.982735250201357,0.9720226926798821,0.965056937470443,0.9583626846069508,0.9527975774223142,0.9471816982061041,0.9431886325104971,0.93940568962857,0.934157038355573,0.9304667960073421,0.922139220724144,0.9158630895151719,0.9088475389267621,0.900863087075848,0.8960638747812751,0.889336505666396,0.87935914190817,0.8742745395356409,0.866471319856527,0.856922195905098,0.8463331062411559,0.8360315419731641,0.824829657978923,0.811471084475956,0.796829798978246,0.76659260674403,0.7256360769428871,0.643684331063455,0.3774854274540321,0.0600870889149102
0.8621405783468991,0.982735250201357,1.0,0.991220771638547,0.9846708929023059,0.9787662144683,0.9731858579353079,0.967251633195128,0.9629262824988991,0.9583730207025699,0.954298872035683,0.950294309119522,0.942522395162573,0.936340747802624,0.9296839720520501,0.9225456634848009,0.9178473359539421,0.9114118448500029,0.9027443750265,0.8982756238856,0.8913333794493441,0.882631248489495,0.8724557673164229,0.862605886913864,0.851595861712994,0.838564128170365,0.8247961739313009,0.796260828543966,0.7563042703878091,0.6747138158738061,0.407855947068671,0.0933330259812252
0.845338124608738,0.9720226926798821,0.991220771638547,1.0,0.9948303808589929,0.9896056529916251,0.984543583954103,0.9799353473098521,0.9753900116780999,0.970616981889458,0.9667145845465129,0.962353362402817,0.9552631361227449,0.9491433790863109,0.9432215197694541,0.9365903308463721,0.931763573783649,0.9255939473276991,0.918065789385961,0.913944898094897,0.9071712896637208,0.8990818579427908,0.8895539571791958,0.8801273088893851,0.8695977043386871,0.856518020055306,0.842904802163271,0.8154411972259921,0.7756834231992971,0.694633866347921,0.42446049551841103,0.1146643087865
0.8317738076543729,0.965056937470443,0.9846708929023059,0.9948303808589929,1.0,0.995775652221491,0.99141378085827,0.987301698159706,0.9833360983275509,0.979061179974138,0.975337951630921,0.9706580665629371,0.9645300535711441,0.9587377885431121,0.9532475070812529,0.947358485851056,0.9429384036615741,0.9373791400497521,0.930803166448667,0.9268398247323578,0.920466305949633,0.9127753052524058,0.9042077339107131,0.8951615500633899,0.885389499688234,0.8724425465992,0.859657791031927,0.8331470327086291,0.7939801197040409,0.7143561693901519,0.44065427321460904,0.128848162100831
0.8213492694351401,0.9583626846069508,0.9787662144683,0.9896056529916251,0.995775652221491,1.0,0.996717184976729,0.9930308393599909,0.989268908075715,0.985259756461004,0.9817736411573629,0.9775303322348121,0.971888994441955,0.966206981533479,0.961150462565448,0.955442002864345,0.9512374269003192,0.945922868151263,0.9401324643073431,0.9361473752862479,0.929991565239281,0.923046427416547,0.914871597008332,0.905954379559516,0.896088726020068,0.8836263426290331,0.8714338649606199,0.8460673091460079,0.8077193844976899,0.7288460730761959,0.4532828487231971,0.143023033138648
0.8114056948488821,0.9527975774223142,0.9731858579353079,0.984543583954103,0.99141378085827,0.996717184976729,1.0,0.997287008665652,0.994166771569613,0.9903197574209359,0.9865655269734979,0.9827782606607941,0.9773471821608221,0.9719210949525631,0.9667350187141441,0.961211312660152,0.957050894339095,0.951866307531117,0.946242448685005,0.942283871952944,0.936367634611886,0.9300261215192579,0.922122531214126,0.9133907395495591,0.9039214622851701,0.8919207104450859,0.879726672407581,0.8545544933148871,0.816969607562419,0.7392784334764508,0.462316867851914,0.15070820414523997
0.8001431827136519,0.9471816982061041,0.967251633195128,0.9799353473098521,0.987301698159706,0.9930308393599909,0.997287008665652,1.0,0.9974513482040609,0.994217737502959,0.990606689934316,0.986890544176871,0.9819826028859722,0.9768859474289889,0.9717936720345021,0.966215060018141,0.961862172102918,0.956771644736192,0.951327468921231,0.9472759177870391,0.9415048125465558,0.9354237513060121,0.9277864714696659,0.919322783954283,0.910291102588285,0.898925119619812,0.887126201036813,0.862476749626918,0.825717537436205,0.7492700667242479,0.47250201700280803,0.167301798529221
0.7919970680839069,0.9431886325104971,0.9629262824988991,0.9753900116780999,0.9833360983275509,0.989268908075715,0.994166771569613,0.9974513482040609,1.0,0.997692251665171,0.9943534766572809,0.9911303774811422,0.9865844671786179,0.9817888341548431,0.976808917366867,0.971628627135368,0.9672748095578709,0.962641460847068,0.9573078350961229,0.953288808277629,0.947819707347078,0.941821832720751,0.934388257587395,0.926321609441551,0.9178103502520509,0.9067506781456821,0.895438330072711,0.871958425516201,0.835932581348499,0.7609875343358491,0.48536862347796,0.18155813583039604
0.7858735353288259,0.93940568962857,0.9583730207025699,0.970616981889458,0.979061179974138,0.985259756461004,0.9903197574209359,0.994217737502959,0.997692251665171,1.0,0.9977364415455501,0.9950346401473249,0.9910286399141759,0.98678702523269,0.982091990361739,0.9774606768894529,0.973367146858683,0.969167648187585,0.964005786098016,0.960341223252553,0.955238657000914,0.949488050201593,0.9420532184811701,0.9339439825041179,0.9255498653840659,0.9149241991266629,0.903904352493464,0.8811905451727791,0.845222849113149,0.771302379883417,0.493266247174443,0.19412772658914498
0.7780252693133279,0.934157038355573,0.954298872035683,0.9667145845465129,0.975337951630921,0.9817736411573629,0.9865655269734979,0.990606689934316,0.9943534766572809,0.9977364415455501,1.0,0.998126616618032,0.9950182153463609,0.991431890177232,0.9872052823802858,0.98313766489972,0.9792059199412041,0.9750132029497529,0.970085700228261,0.966372191615889,0.9613276437197951,0.9558727615852751,0.948798014811613,0.9412001162425991,0.9330857094570909,0.923208994946785,0.9123618881674449,0.890023247776759,0.855270869740621,0.782578346138125,0.508029467442995,0.208789482094587
0.7735206717822559,0.9304667960073421,0.950294309119522,0.962353362402817,0.9706580665629371,0.9775303322348121,0.9827782606607941,0.986890544176871,0.9911303774811422,0.9950346401473249,0.998126616618032,1.0,0.997996971238588,0.9951097862909241,0.9914575407252509,0.98770418242117,0.9838879142224408,0.979832472424645,0.9751015828316041,0.9715061056389642,0.966624304939013,0.961665599360687,0.9548471309192249,0.947727880807634,0.939895389368692,0.930343934448728,0.919986252967667,0.89804338051496,0.8649272387071529,0.7942495339701829,0.5233939831969779,0.21817136942412899
0.7636839243795609,0.922139220724144,0.942522395162573,0.9552631361227449,0.9645300535711441,0.971888994441955,0.9773471821608221,0.9819826028859722,0.9865844671786179,0.9910286399141759,0.9950182153463609,0.997996971238588,1.0,0.998208518771236,0.995199814468629,0.992074583582788,0.9886910719113009,0.9849672235921791,0.980832868010952,0.977575265531611,0.9729593479770892,0.9683077084045949,0.9620290980565991,0.955402048650721,0.9478132901245471,0.938744859072966,0.9286136633748291,0.9074653165262809,0.8755008950922308,0.806985824458493,0.5390013134740871,0.23462031219553303
0.755669614546545,0.9158630895151719,0.936340747802624,0.9491433790863109,0.9587377885431121,0.966206981533479,0.9719210949525631,0.9768859474289889,0.9817888341548431,0.98678702523269,0.991431890177232,0.9951097862909241,0.998208518771236,1.0,0.998281565494899,0.9958947912421089,0.992917919417511,0.9897006957997571,0.9860503764899731,0.98306842918236,0.979025264599777,0.974736605814162,0.969069899439741,0.963137947268658,0.9561954500241099,0.947822335843575,0.938156954386241,0.917846842126264,0.887076926582342,0.8204774659538409,0.5557116208035671,0.24982286803949602
0.7463407042671228,0.9088475389267621,0.9296839720520501,0.9432215197694541,0.9532475070812529,0.961150462565448,0.9667350187141441,0.9717936720345021,0.976808917366867,0.982091990361739,0.9872052823802858,0.9914575407252509,0.995199814468629,0.998281565494899,1.0,0.9983882144523679,0.996061564842663,0.9933216113173909,0.9901591018021071,0.9873848272024579,0.98375652019226,0.979759847344333,0.9746468899204391,0.96915671265177,0.9627537328319499,0.95509951194244,0.9461203146784541,0.926798109873941,0.8969311083102429,0.8324183503347661,0.569208807047425,0.263927147190077
0.737668742054834,0.900863087075848,0.9225456634848009,0.9365903308463721,0.947358485851056,0.955442002864345,0.961211312660152,0.966215060018141,0.971628627135368,0.9774606768894529,0.98313766489972,0.98770418242117,0.992074583582788,0.9958947912421089,0.9983882144523679,1.0,0.998514641418764,0.9963632732144201,0.9938216589893479,0.9912582328075609,0.987932045084417,0.98428240696923,0.9793830143268101,0.9742774646102579,0.9681709995395319,0.9608501887344109,0.9522126681294709,0.9339407874649109,0.905224733170753,0.8431787798500592,0.583637823451884,0.27810657588244103
0.7326726377539641,0.8960638747812751,0.9178473359539421,0.931763573783649,0.9429384036615741,0.9512374269003192,0.957050894339095,0.961862172102918,0.9672748095578709,0.973367146858683,0.9792059199412041,0.9838879142224408,0.9886910719113009,0.992917919417511,0.996061564842663,0.998514641418764,1.0,0.998516197830317,0.996388018009274,0.99406294033949,0.991150635581852,0.9877917342001801,0.9831895673600021,0.978164619476126,0.972303450040391,0.9651355365283459,0.9567405465861191,0.939129813032289,0.91121875125671,0.8509857080663571,0.594490602703228,0.287316867799868
0.7241656878647259,0.889336505666396,0.9114118448500029,0.9255939473276991,0.9373791400497521,0.945922868151263,0.951866307531117,0.956771644736192,0.962641460847068,0.969167648187585,0.9750132029497529,0.979832472424645,0.9849672235921791,0.9897006957997571,0.9933216113173909,0.9963632732144201,0.998516197830317,1.0,0.99842218108388,0.996371350112201,0.993758779568701,0.9907672233765671,0.9865208811405191,0.98195304865699,0.9765672555821601,0.9696571615298102,0.9614629346290401,0.945027802993289,0.9178672877442821,0.859691481245183,0.6050165629876411,0.29975043610467
0.712824995840732,0.87935914190817,0.9027443750265,0.918065789385961,0.930803166448667,0.9401324643073431,0.946242448685005,0.951327468921231,0.9573078350961229,0.964005786098016,0.970085700228261,0.9751015828316041,0.980832868010952,0.9860503764899731,0.9901591018021071,0.9938216589893479,0.996388018009274,0.99842218108388,1.0,0.9985537939044822,0.9963744713877042,0.9937221309919971,0.989731336231857,0.985489010217538,0.980517630055425,0.973598101940389,0.9658318135984101,0.9503397631633941,0.9239119737858579,0.866791386102823,0.611694472285098,0.309749766401217
0.7085541059073241,0.8742745395356409,0.8982756238856,0.913944898094897,0.9268398247323578,0.9361473752862479,0.942283871952944,0.9472759177870391,0.953288808277629,0.960341223252553,0.966372191615889,0.9715061056389642,0.977575265531611,0.98306842918236,0.9873848272024579,0.9912582328075609,0.99406294033949,0.996371350112201,0.9985537939044822,1.0,0.9983669076854379,0.9959991442784379,0.9922719345654691,0.988323800912623,0.9834832252595359,0.976963078778422,0.969691868680605,0.954633430065377,0.9286932995362529,0.8732438145481379,0.6192703233222329,0.318573442979171
0.700358040807079,0.866471319856527,0.8913333794493441,0.9071712896637208,0.920466305949633,0.929991565239281,0.936367634611886,0.9415048125465558,0.947819707347078,0.955238657000914,0.9613276437197951,0.966624304939013,0.9729593479770892,0.979025264599777,0.98375652019226,0.987932045084417,0.991150635581852,0.993758779568701,0.9963744713877042,0.9983669076854379,1.0,0.998272031886192,0.9954339636435491,0.9919473175534891,0.9877191283053249,0.9819690851321541,0.9752109732887819,0.960997917673852,0.936431062986126,0.882672590325167,0.6322778372576241,0.33310082519342105
0.692920069480405,0.856922195905098,0.882631248489495,0.8990818579427908,0.9127753052524058,0.923046427416547,0.9300261215192579,0.9354237513060121,0.941821832720751,0.949488050201593,0.9558727615852751,0.961665599360687,0.9683077084045949,0.974736605814162,0.979759847344333,0.98428240696923,0.9877917342001801,0.9907672233765671,0.9937221309919971,0.9959991442784379,0.998272031886192,1.0,0.9979652126215159,0.9950816162116429,0.991480292333407,0.9862895643866291,0.979973738631351,0.9670950595684391,0.9439021902196391,0.891795606331958,0.646981364510888,0.34488920947713503
0.683164604821766,0.8463331062411559,0.8724557673164229,0.8895539571791958,0.9042077339107131,0.914871597008332,0.922122531214126,0.9277864714696659,0.934388257587395,0.9420532184811701,0.948798014811613,0.9548471309192249,0.9620290980565991,0.969069899439741,0.9746468899204391,0.9793830143268101,0.9831895673600021,0.9865208811405191,0.989731336231857,0.9922719345654691,0.9954339636435491,0.9979652126215159,1.0,0.9981208957231941,0.995206546735692,0.990930774930302,0.9852347613056591,0.9736663287625308,0.952805776300759,0.903912926648982,0.6658006230372379,0.36097814345270596
0.673106717456234,0.8360315419731641,0.862605886913864,0.8801273088893851,0.8951615500633899,0.905954379559516,0.9133907395495591,0.919322783954283,0.926321609441551,0.9339439825041179,0.9412001162425991,0.947727880807634,0.955402048650721,0.963137947268658,0.96915671265177,0.9742774646102579,0.978164619476126,0.98195304865699,0.985489010217538,0.988323800912623,0.9919473175534891,0.9950816162116429,0.9981208957231941,1.0,0.99790321338818,0.9945933673073101,0.9896156955852591,0.979435294078131,0.960536274098282,0.9148835581257071,0.68393227755051,0.3738271861082821
0.661961600752847,0.824829657978923,0.851595861712994,0.8695977043386871,0.885389499688234,0.896088726020068,0.9039214622851701,0.910291102588285,0.9178103502520509,0.9255498653840659,0.9330857094570909,0.939895389368692,0.9478132901245471,0.9561954500241099,0.9627537328319499,0.9681709995395319,0.972303450040391,0.9765672555821601,0.980517630055425,0.9834832252595359,0.9877191283053249,0.991480292333407,0.995206546735692,0.99790321338818,1.0,0.997523427754386,0.9933399704959829,0.984781351416533,0.9677425909788309,0.9247169881343029,0.6997566603751241,0.38948347170788
0.649594214916166,0.811471084475956,0.838564128170365,0.856518020055306,0.8724425465992,0.8836263426290331,0.8919207104450859,0.898925119619812,0.9067506781456821,0.9149241991266629,0.923208994946785,0.930343934448728,0.938744859072966,0.947822335843575,0.95509951194244,0.9608501887344109,0.9651355365283459,0.9696571615298102,0.973598101940389,0.976963078778422,0.9819690851321541,0.9862895643866291,0.990930774930302,0.9945933673073101,0.997523427754386,1.0,0.9968696056637409,0.990196152809209,0.9756186711176591,0.9369435301755941,0.7227116624333991,0.41539507074902793
0.635418571084364,0.796829798978246,0.8247961739313009,0.842904802163271,0.859657791031927,0.8714338649606199,0.879726672407581,0.887126201036813,0.895438330072711,0.903904352493464,0.9123618881674449,0.919986252967667,0.9286136633748291,0.938156954386241,0.9461203146784541,0.9522126681294709,0.9567405465861191,0.9614629346290401,0.9658318135984101,0.969691868680605,0.9752109732887819,0.979973738631351,0.9852347613056591,0.9896156955852591,0.9933399704959829,0.9968696056637409,1.0,0.9949480664213639,0.982872068054691,0.9478796112850291,0.741908666113032,0.438243997780426
0.607880881514548,0.76659260674403,0.796260828543966,0.8154411972259921,0.8331470327086291,0.8460673091460079,0.8545544933148871,0.862476749626918,0.871958425516201,0.8811905451727791,0.890023247776759,0.89804338051496,0.9074653165262809,0.917846842126264,0.926798109873941,0.9339407874649109,0.939129813032289,0.945027802993289,0.9503397631633941,0.954633430065377,0.960997917673852,0.9670950595684391,0.9736663287625308,0.979435294078131,0.984781351416533,0.990196152809209,0.9949480664213639,1.0,0.9924233845232271,0.965218458421826,0.775397997009892,0.47572102653167603
0.5669890202378249,0.7256360769428871,0.7563042703878091,0.7756834231992971,0.7939801197040409,0.8077193844976899,0.816969607562419,0.825717537436205,0.835932581348499,0.845222849113149,0.855270869740621,0.8649272387071529,0.8755008950922308,0.887076926582342,0.8969311083102429,0.905224733170753,0.91121875125671,0.9178672877442821,0.9239119737858579,0.9286932995362529,0.936431062986126,0.9439021902196391,0.952805776300759,0.960536274098282,0.9677425909788309,0.9756186711176591,0.982872068054691,0.9924233845232271,1.0,0.982971136697172,0.8214985059769079,0.520722013215209
0.4918281784074461,0.643684331063455,0.6747138158738061,0.694633866347921,0.7143561693901519,0.7288460730761959,0.7392784334764508,0.7492700667242479,0.7609875343358491,0.771302379883417,0.782578346138125,0.7942495339701829,0.806985824458493,0.8204774659538409,0.8324183503347661,0.8431787798500592,0.8509857080663571,0.859691481245183,0.866791386102823,0.8732438145481379,0.882672590325167,0.891795606331958,0.903912926648982,0.9148835581257071,0.9247169881343029,0.9369435301755941,0.9478796112850291,0.965218458421826,0.982971136697172,1.0,0.884524435497103,0.587730064947033
0.267217529476441,0.3774854274540321,0.407855947068671,0.42446049551841103,0.44065427321460904,0.4532828487231971,0.462316867851914,0.47250201700280803,0.48536862347796,0.493266247174443,0.508029467442995,0.5233939831969779,0.5390013134740871,0.5557116208035671,0.569208807047425,0.583637823451884,0.594490602703228,0.6050165629876411,0.611694472285098,0.6192703233222329,0.6322778372576241,0.646981364510888,0.6658006230372379,0.68393227755051,0.6997566603751241,0.7227116624333991,0.741908666113032,0.775397997009892,0.8214985059769079,0.884524435497103,1.0,0.71111195212015
0.0252978604983218,0.0600870889149102,0.0933330259812252,0.1146643087865,0.128848162100831,0.143023033138648,0.15070820414523997,0.167301798529221,0.18155813583039604,0.19412772658914498,0.208789482094587,0.21817136942412899,0.23462031219553303,0.24982286803949602,0.263927147190077,0.27810657588244103,0.287316867799868,0.29975043610467,0.309749766401217,0.318573442979171,0.33310082519342105,0.34488920947713503,0.36097814345270596,0.3738271861082821,0.38948347170788,0.41539507074902793,0.438243997780426,0.47572102653167603,0.520722013215209,0.587730064947033,0.71111195212015,1.0
