1.0,0.985845040259808,0.9308729520862571,0.840531335059616,0.8244348124810359,0.7888679218436829,0.7356853956860558,0.67111207248655,0.574574866974668,0.48608732104227,0.43825280688586,0.388218381871389,0.34557207725782,0.31009596617234997,0.278067979342318,0.252598081667452,0.24326182206514702,0.242529959336868,0.239662505617889,0.239169566218719,0.23615757831709697,0.22737029847194198,0.223126878636033,0.238986198742695,0.24759612933840197,0.25242892253234195,0.28065625924051396,0.283462430556488,0.27834579475548804,0.305959951431353,0.308288841581257,0.302948519897055
0.985845040259808,1.0,0.97894955178446,0.9193916175146399,0.903337231547739,0.8660018759048499,0.8093067793638129,0.73894914419871,0.6332066630876519,0.536141876376534,0.48335269112511897,0.428080486462642,0.380988746202992,0.342822633085624,0.308518481105644,0.281093522407861,0.27043271162783605,0.268585410537675,0.264595992615332,0.263916715587841,0.261355359903345,0.252187241017427,0.24773603195663899,0.26482526168272,0.273987687112533,0.27906903349374895,0.31165239594345895,0.315594201177404,0.31043456837960903,0.34097393739033,0.343360408296895,0.337290563739139
0.9308729520862571,0.97894955178446,1.0,0.9801970725600291,0.9648085796273571,0.92674963537691,0.867948869940062,0.793243057915629,0.6803424464751829,0.576551876125203,0.519751931214626,0.460219375739621,0.40951869077200004,0.36953894477199706,0.333777106301472,0.30502201152231107,0.29315685705168704,0.29002237839999606,0.284819843546873,0.28393972971986997,0.28202501256597695,0.272744249169817,0.26821048676637,0.286142752719824,0.295627008481768,0.30081640980351804,0.33745528517865797,0.34262867110310496,0.33761421738408603,0.3705455248348879,0.372910733195991,0.366185159624849
0.840531335059616,0.9193916175146399,0.9801970725600291,1.0,0.9890725961152941,0.955066363673918,0.8996183800230229,0.8244030989120351,0.7088755918202131,0.602208882640344,0.543492999670212,0.48158962409784706,0.42879580773635106,0.388172052548576,0.351935758301875,0.322612948598591,0.310075772797205,0.306086580579065,0.30006121259765195,0.299379737293143,0.29866543001789503,0.289784254039096,0.285366338387108,0.30340367670598606,0.312697719337104,0.317629071476489,0.357553029008853,0.36376986388800897,0.358921713671566,0.39300585079688793,0.3948891314705639,0.387401619358008
0.8244348124810359,0.903337231547739,0.9648085796273571,0.9890725961152941,1.0,0.9883268397865319,0.954166867327599,0.884673514240835,0.7690722587399079,0.660168386155835,0.6000605903476139,0.5346190935059689,0.47818724884225206,0.434794504071595,0.3956999881747171,0.363847213424579,0.351561272798972,0.34935058447196404,0.344312331393067,0.346047938287224,0.34875197462938207,0.34093303755027304,0.33667719084101605,0.354525419305004,0.36286559323568396,0.36667746349506497,0.41180481402127506,0.418395391738969,0.412451511769936,0.447194478141041,0.446567353912466,0.436477998525245
0.7888679218436829,0.8660018759048499,0.92674963537691,0.955066363673918,0.9883268397865319,1.0,0.98862283060032,0.9266382518768871,0.8136155898759679,0.7049009040893329,0.644735138276022,0.577140341312445,0.518245047760904,0.47298744427078704,0.431837150681022,0.39810149972586795,0.386357325794831,0.386035252296247,0.382132754840151,0.386326234522914,0.39250057331722105,0.385958881352267,0.381968247475533,0.399211168565834,0.40637411320109895,0.408941608354765,0.45840961253749296,0.46523504976543606,0.4582953818127679,0.49292128195659796,0.489714391907975,0.477168083126047
0.7356853956860558,0.8093067793638129,0.867948869940062,0.8996183800230229,0.954166867327599,0.98862283060032,1.0,0.9468485237133509,0.8389602150106479,0.7329221259719659,0.6740770564825781,0.6059043489467371,0.5459256925330821,0.49986338884727904,0.4576258315185,0.422803812913546,0.41186350063235705,0.41341345884283104,0.41072168453912294,0.41724581588674997,0.426705026021363,0.421574195208264,0.4179368040855321,0.434187195299449,0.440023797703219,0.44130390273425696,0.49392456603317103,0.500825565486163,0.49306167625708097,0.526778984563817,0.521098501062652,0.506413746857041
0.67111207248655,0.73894914419871,0.793243057915629,0.8244030989120351,0.884673514240835,0.9266382518768871,0.9468485237133509,1.0,0.969423664668601,0.912808180235012,0.862079033890792,0.786131252297286,0.716608158917287,0.671591955833913,0.6297023341385091,0.592782253480536,0.5866278735460401,0.596404568543617,0.59844082212596,0.6080950617132671,0.6143771405067739,0.601698077312854,0.591337703855754,0.60519947017881,0.606474528883486,0.6024519992154179,0.631401816337121,0.614678446527755,0.5886016028147371,0.611501906267648,0.595069860554975,0.5724494204559929
0.574574866974668,0.6332066630876519,0.6803424464751829,0.7088755918202131,0.7690722587399079,0.8136155898759679,0.8389602150106479,0.969423664668601,1.0,0.985113576413389,0.94417182488425,0.867685026196388,0.7958198829908821,0.754804519582126,0.7161629278442042,0.6802707311228989,0.678200802431434,0.6935494573578329,0.6990413232790589,0.7103818685228199,0.71376733307973,0.696215239417755,0.6814553109275929,0.69251699691761,0.690229326543564,0.6824541301711011,0.6912537743343391,0.6576819725061739,0.61948247203367,0.6325059847197989,0.60905161153623,0.581995326527741
0.48608732104227,0.536141876376534,0.576551876125203,0.602208882640344,0.660168386155835,0.7049009040893329,0.7329221259719659,0.912808180235012,0.985113576413389,1.0,0.967401025259573,0.8933135601361508,0.8224168815107501,0.7856933228447179,0.750729989303647,0.716860956506132,0.717727451613241,0.7364221727958241,0.7441354046167029,0.756245524486022,0.7574789166170279,0.7371503745013641,0.7198443080479279,0.7285428533822299,0.7238424472762559,0.7137206886774442,0.708085090104537,0.66392934590261,0.618624454775046,0.624256166050334,0.596733989619923,0.567552576166697
0.43825280688586,0.48335269112511897,0.519751931214626,0.543492999670212,0.6000605903476139,0.644735138276022,0.6740770564825781,0.862079033890792,0.94417182488425,0.967401025259573,1.0,0.9779015864786179,0.939443744115228,0.9125394129226071,0.876529255752355,0.8402448611978441,0.83464742009673,0.843457121141485,0.84239858306869,0.846233891461501,0.8370182537170521,0.8069260987358621,0.784159721408511,0.798679384794424,0.7974165312437921,0.789210620545629,0.7756099545279859,0.722291556006399,0.669535263242364,0.664461863837926,0.627863545763497,0.592664694704018
0.388218381871389,0.428080486462642,0.460219375739621,0.48158962409784706,0.5346190935059689,0.577140341312445,0.6059043489467371,0.786131252297286,0.867685026196388,0.8933135601361508,0.9779015864786179,1.0,0.9903310191185201,0.9723839075534829,0.936746504070206,0.8998979506147591,0.888815266918977,0.8885610225710179,0.8799607766991441,0.876611721278901,0.8593455889468409,0.8228221785045681,0.796852350207277,0.8158369023870459,0.8177885404866329,0.811841335701563,0.793910282069636,0.736660814430528,0.680969614177427,0.6680527928163139,0.626052426883265,0.587714765793461
0.34557207725782,0.380988746202992,0.40951869077200004,0.42879580773635106,0.47818724884225206,0.518245047760904,0.5459256925330821,0.716608158917287,0.7958198829908821,0.8224168815107501,0.939443744115228,0.9903310191185201,1.0,0.9884330970012779,0.953910170918032,0.9175838815951429,0.9031311615810821,0.8968687715559591,0.8834735296527679,0.8754388185218579,0.853250948068254,0.81334881005429,0.7858852538792691,0.8073705217742059,0.811407630676068,0.8071038869579621,0.786735731137614,0.7282708329654459,0.671987283675155,0.6541802975364599,0.609617395904374,0.570129836453834
0.31009596617234997,0.342822633085624,0.36953894477199706,0.388172052548576,0.434794504071595,0.47298744427078704,0.49986338884727904,0.671591955833913,0.754804519582126,0.7856933228447179,0.9125394129226071,0.9723839075534829,0.9884330970012779,1.0,0.9880505529476009,0.9665545167361871,0.955525707520393,0.9451889594317969,0.928138476676822,0.9143041395032909,0.8820745505204609,0.834123161616337,0.8011372716663571,0.820709069945883,0.823042244985535,0.817210968208465,0.7884728599649151,0.724328789106652,0.664411698382188,0.642960890649129,0.596807747829309,0.556663414865584
0.278067979342318,0.308518481105644,0.333777106301472,0.351935758301875,0.3956999881747171,0.431837150681022,0.4576258315185,0.6297023341385091,0.7161629278442042,0.750729989303647,0.876529255752355,0.936746504070206,0.953910170918032,0.9880505529476009,1.0,0.9945331350696859,0.9882895290356251,0.9754909198024041,0.9562213704155559,0.9377970137597791,0.8969022433857919,0.842286376113088,0.8045021987688531,0.8209637408724471,0.8208651752483951,0.8130732330356659,0.7766895619791592,0.7081206385089921,0.6456950686459549,0.622150731034942,0.5759306738814111,0.5362014021570161
0.252598081667452,0.281093522407861,0.30502201152231107,0.322612948598591,0.363847213424579,0.39810149972586795,0.422803812913546,0.592782253480536,0.6802707311228989,0.716860956506132,0.8402448611978441,0.8998979506147591,0.9175838815951429,0.9665545167361871,0.9945331350696859,1.0,0.997082994798586,0.9827900828852401,0.96227848341894,0.9409943195362621,0.894783619577598,0.8363933689464972,0.7958708524092908,0.8100019711020258,0.8082572649681321,0.799242671769604,0.7581726696899059,0.6875359225316089,0.624257531607828,0.5996141704156789,0.553975638267349,0.5150663934835811
0.24326182206514702,0.27043271162783605,0.29315685705168704,0.310075772797205,0.351561272798972,0.386357325794831,0.41186350063235705,0.5866278735460401,0.678200802431434,0.717727451613241,0.83464742009673,0.888815266918977,0.9031311615810821,0.955525707520393,0.9882895290356251,0.997082994798586,1.0,0.9932491394913789,0.9785592412107199,0.960318571615636,0.9133013018115391,0.8538106651279129,0.811928956752272,0.823431450980563,0.81942315960134,0.8085062076833391,0.763519709339582,0.689966853592788,0.6247133476311271,0.6003590417679661,0.555045830713246,0.5163046900507029
0.242529959336868,0.268585410537675,0.29002237839999606,0.306086580579065,0.34935058447196404,0.386035252296247,0.41341345884283104,0.596404568543617,0.6935494573578329,0.7364221727958241,0.843457121141485,0.8885610225710179,0.8968687715559591,0.9451889594317969,0.9754909198024041,0.9827900828852401,0.9932491394913789,1.0,0.9958452595175171,0.984582497153951,0.939892767607254,0.8813358367519071,0.839193574473011,0.847750354981137,0.8410592321761771,0.827830460864563,0.779600099850045,0.702967192140209,0.63537137527756,0.612342011345925,0.5674697894615051,0.528717668420455
0.239662505617889,0.264595992615332,0.284819843546873,0.30006121259765195,0.344312331393067,0.382132754840151,0.41072168453912294,0.59844082212596,0.6990413232790589,0.7441354046167029,0.84239858306869,0.8799607766991441,0.8834735296527679,0.928138476676822,0.9562213704155559,0.96227848341894,0.9785592412107199,0.9958452595175171,1.0,0.994321443277336,0.9518813624631,0.894611010521131,0.8526626336029101,0.8588261024768921,0.850092190396989,0.8351736862976329,0.7848528426110999,0.706526569475241,0.637731082329277,0.615959535606318,0.5718577268719289,0.5334633576499
0.239169566218719,0.263916715587841,0.28393972971986997,0.299379737293143,0.346047938287224,0.386326234522914,0.41724581588674997,0.6080950617132671,0.7103818685228199,0.756245524486022,0.846233891461501,0.876611721278901,0.8754388185218579,0.9143041395032909,0.9377970137597791,0.9409943195362621,0.960318571615636,0.984582497153951,0.994321443277336,1.0,0.9773813179405341,0.933691424166092,0.898809162032163,0.90025972483756,0.887193669586875,0.8685717085796009,0.81696172886122,0.73594409803774,0.6646585202509611,0.636327227287011,0.586729797113189,0.544778423348253
0.23615757831709697,0.261355359903345,0.28202501256597695,0.29866543001789503,0.34875197462938207,0.39250057331722105,0.426705026021363,0.6143771405067739,0.71376733307973,0.7574789166170279,0.8370182537170521,0.8593455889468409,0.853250948068254,0.8820745505204609,0.8969022433857919,0.894783619577598,0.9133013018115391,0.939892767607254,0.9518813624631,0.9773813179405341,1.0,0.988300695926586,0.9709752028205991,0.9642113582077719,0.9437249083655171,0.9188594723476909,0.8681141424144809,0.7847545389677891,0.710732207875822,0.665630223025559,0.6029623343850071,0.5529677749753671
0.22737029847194198,0.252187241017427,0.272744249169817,0.289784254039096,0.34093303755027304,0.385958881352267,0.421574195208264,0.601698077312854,0.696215239417755,0.7371503745013641,0.8069260987358621,0.8228221785045681,0.81334881005429,0.834123161616337,0.842286376113088,0.8363933689464972,0.8538106651279129,0.8813358367519071,0.894611010521131,0.933691424166092,0.988300695926586,1.0,0.995821365305555,0.983322939344854,0.958058921598899,0.9293873471173709,0.880687030369246,0.7979734671987091,0.7240509194560141,0.668117657750364,0.5977790628124879,0.543384355731205
0.223126878636033,0.24773603195663899,0.26821048676637,0.285366338387108,0.33667719084101605,0.381968247475533,0.4179368040855321,0.591337703855754,0.6814553109275929,0.7198443080479279,0.784159721408511,0.796852350207277,0.7858852538792691,0.8011372716663571,0.8045021987688531,0.7958708524092908,0.811928956752272,0.839193574473011,0.8526626336029101,0.898809162032163,0.9709752028205991,0.995821365305555,1.0,0.988641115228145,0.9641826966405891,0.936094976500562,0.888480649154525,0.806046439372995,0.7321091675525941,0.6710701852739119,0.597020404791597,0.540458778178126
0.238986198742695,0.26482526168272,0.286142752719824,0.30340367670598606,0.354525419305004,0.399211168565834,0.434187195299449,0.60519947017881,0.69251699691761,0.7285428533822299,0.798679384794424,0.8158369023870459,0.8073705217742059,0.820709069945883,0.8209637408724471,0.8100019711020258,0.823431450980563,0.847750354981137,0.8588261024768921,0.90025972483756,0.9642113582077719,0.983322939344854,0.988641115228145,1.0,0.9930948917460071,0.9783247628850881,0.9276965608535379,0.841015668466151,0.763430389291225,0.707696570559769,0.635570249647031,0.579301157033992
0.24759612933840197,0.273987687112533,0.295627008481768,0.312697719337104,0.36286559323568396,0.40637411320109895,0.440023797703219,0.606474528883486,0.690229326543564,0.7238424472762559,0.7974165312437921,0.8177885404866329,0.811407630676068,0.823042244985535,0.8208651752483951,0.8082572649681321,0.81942315960134,0.8410592321761771,0.850092190396989,0.887193669586875,0.9437249083655171,0.958058921598899,0.9641826966405891,0.9930948917460071,1.0,0.995857920356227,0.943675699534608,0.855047113789341,0.775837989891527,0.7251241367146641,0.6556367090725289,0.600483393918077
0.25242892253234195,0.27906903349374895,0.30081640980351804,0.317629071476489,0.36667746349506497,0.408941608354765,0.44130390273425696,0.6024519992154179,0.6824541301711011,0.7137206886774442,0.789210620545629,0.811841335701563,0.8071038869579621,0.817210968208465,0.8130732330356659,0.799242671769604,0.8085062076833391,0.827830460864563,0.8351736862976329,0.8685717085796009,0.9188594723476909,0.9293873471173709,0.936094976500562,0.9783247628850881,0.995857920356227,1.0,0.948349908114558,0.8598094018821899,0.7805412040316759,0.734118181932639,0.6671075640600821,0.613161766207155
0.28065625924051396,0.31165239594345895,0.33745528517865797,0.357553029008853,0.41180481402127506,0.45840961253749296,0.49392456603317103,0.631401816337121,0.6912537743343391,0.708085090104537,0.7756099545279859,0.793910282069636,0.786735731137614,0.7884728599649151,0.7766895619791592,0.7581726696899059,0.763519709339582,0.779600099850045,0.7848528426110999,0.81696172886122,0.8681141424144809,0.880687030369246,0.888480649154525,0.9276965608535379,0.943675699534608,0.948349908114558,1.0,0.9773806506623341,0.938525641671569,0.8880081873141429,0.806053079919246,0.7402904487831709
0.283462430556488,0.315594201177404,0.34262867110310496,0.36376986388800897,0.418395391738969,0.46523504976543606,0.500825565486163,0.614678446527755,0.6576819725061739,0.66392934590261,0.722291556006399,0.736660814430528,0.7282708329654459,0.724328789106652,0.7081206385089921,0.6875359225316089,0.689966853592788,0.702967192140209,0.706526569475241,0.73594409803774,0.7847545389677891,0.7979734671987091,0.806046439372995,0.841015668466151,0.855047113789341,0.8598094018821899,0.9773806506623341,1.0,0.9903043853701191,0.9399394519635921,0.852696993201639,0.782808315776711
0.27834579475548804,0.31043456837960903,0.33761421738408603,0.358921713671566,0.412451511769936,0.4582953818127679,0.49306167625708097,0.5886016028147371,0.61948247203367,0.618624454775046,0.669535263242364,0.680969614177427,0.671987283675155,0.664411698382188,0.6456950686459549,0.624257531607828,0.6247133476311271,0.63537137527756,0.637731082329277,0.6646585202509611,0.710732207875822,0.7240509194560141,0.7321091675525941,0.763430389291225,0.775837989891527,0.7805412040316759,0.938525641671569,0.9903043853701191,1.0,0.950971859183874,0.862398499405023,0.7915156298584091
0.305959951431353,0.34097393739033,0.3705455248348879,0.39300585079688793,0.447194478141041,0.49292128195659796,0.526778984563817,0.611501906267648,0.6325059847197989,0.624256166050334,0.664461863837926,0.6680527928163139,0.6541802975364599,0.642960890649129,0.622150731034942,0.5996141704156789,0.6003590417679661,0.612342011345925,0.615959535606318,0.636327227287011,0.665630223025559,0.668117657750364,0.6710701852739119,0.707696570559769,0.7251241367146641,0.734118181932639,0.8880081873141429,0.9399394519635921,0.950971859183874,1.0,0.976640319603898,0.9416384734685992
0.308288841581257,0.343360408296895,0.372910733195991,0.3948891314705639,0.446567353912466,0.489714391907975,0.521098501062652,0.595069860554975,0.60905161153623,0.596733989619923,0.627863545763497,0.626052426883265,0.609617395904374,0.596807747829309,0.5759306738814111,0.553975638267349,0.555045830713246,0.5674697894615051,0.5718577268719289,0.586729797113189,0.6029623343850071,0.5977790628124879,0.597020404791597,0.635570249647031,0.6556367090725289,0.6671075640600821,0.806053079919246,0.852696993201639,0.862398499405023,0.976640319603898,1.0,0.9919764823134659
0.302948519897055,0.337290563739139,0.366185159624849,0.387401619358008,0.436477998525245,0.477168083126047,0.506413746857041,0.5724494204559929,0.581995326527741,0.567552576166697,0.592664694704018,0.587714765793461,0.570129836453834,0.556663414865584,0.5362014021570161,0.5150663934835811,0.5163046900507029,0.528717668420455,0.5334633576499,0.544778423348253,0.5529677749753671,0.543384355731205,0.540458778178126,0.579301157033992,0.600483393918077,0.613161766207155,0.7402904487831709,0.782808315776711,0.7915156298584091,0.9416384734685992,0.9919764823134659,1.0
