1.0,0.8173877723327309,0.73221283741495,0.7110070912394839,0.6882676238094799,0.6646036365674001,0.6469129858078628,0.6310789704001191,0.6174906456021391,0.6095429460485781,0.6047823064203249,0.5991335015108911,0.596723885160347,0.592146209615411,0.58232709142962,0.574609787077999,0.572135586086548,0.560999802436009,0.554332375567611,0.5529471290583621,0.549107249303321,0.539616170053584,0.53458568606279,0.533995069335364,0.524654295412057,0.5107885890183921,0.493796675165606,0.45723267964278996,0.40511941509257304,0.331500528902466,0.22300991892096603,0.20331402647828198
0.8173877723327309,1.0,0.9284617683456851,0.8891450016387329,0.8583244305572509,0.83392842759715,0.8150050605051801,0.794900533108763,0.782285834366212,0.7711317346680621,0.76358191424189,0.755010150625534,0.749035598572632,0.74111269737776,0.7306380420411651,0.726963518780072,0.7250692893876151,0.717953792049648,0.7098026476052329,0.707009629786819,0.7026081454437889,0.6920266258025761,0.686489091405541,0.679164620546895,0.668064570352183,0.652467171367468,0.625843414454183,0.573449611888761,0.515106219305851,0.44674457385571503,0.285250453127836,0.24719663228080202
0.73221283741495,0.9284617683456851,1.0,0.959673556154978,0.924844584598355,0.898435599292167,0.8785114089400459,0.8575284231161829,0.845649018407547,0.8344810967709879,0.8246827345846859,0.8148781529667389,0.8078341345536659,0.7995279074923721,0.7897339743584352,0.786473455263022,0.7837543921916391,0.7788777487072791,0.767920057175937,0.7600596451806558,0.751623668706887,0.739316690113475,0.7335098315037979,0.726706345629921,0.7179983651244259,0.700253676984276,0.670721157829741,0.612420488938011,0.5445909499285461,0.46733922157677793,0.29332914370485197,0.251117616864841
0.7110070912394839,0.8891450016387329,0.959673556154978,1.0,0.978993862265272,0.950292460607125,0.9284058827602759,0.9040644277154499,0.8912024693831658,0.8813050681835709,0.8707464200066541,0.859111551259151,0.8504785230347439,0.840450471414104,0.8288328391413661,0.825216224651232,0.822106714407115,0.816195620357365,0.8051696548929329,0.796673626638111,0.787846879630725,0.7759636010004041,0.768989324634227,0.7574257734052159,0.7459975283437191,0.7280283622135619,0.6981529297342121,0.642269990602582,0.5784588450025401,0.49436982783818895,0.32369426059925105,0.258276992594536
0.6882676238094799,0.8583244305572509,0.924844584598355,0.978993862265272,1.0,0.9887474459863879,0.9665223982354809,0.9425079042409399,0.9269169439816691,0.915265581076198,0.905136661432858,0.8934010601983309,0.884926066632169,0.875286090025062,0.863166862549127,0.8569365026676039,0.852719344668455,0.844752663293568,0.833414477136843,0.8252776357843441,0.8169367523511819,0.805310604323782,0.7976244688929631,0.7874746780303191,0.7751938010075301,0.756552853293221,0.725396316058325,0.667413622165657,0.601437399321905,0.513144959898522,0.33365603308999703,0.263125921028093
0.6646036365674001,0.83392842759715,0.898435599292167,0.950292460607125,0.9887474459863879,1.0,0.9905116856299231,0.9666892445519091,0.94872917441596,0.9363974167246659,0.9257510043098379,0.913285827947348,0.9047150706190451,0.895278814659177,0.882741585815019,0.8749798918870559,0.8696333806404941,0.861413718976016,0.8506098850136841,0.8428057585563359,0.8346902097547341,0.823521501492298,0.8160958348829879,0.806227210261917,0.792851974827873,0.7744195835918259,0.7422764864538579,0.6823465396884529,0.6159722612480589,0.528422388370709,0.346682381239231,0.27133819033415696
0.6469129858078628,0.8150050605051801,0.8785114089400459,0.9284058827602759,0.9665223982354809,0.9905116856299231,1.0,0.9885626679127071,0.96964070084945,0.957119416895429,0.945857066428626,0.932906259270811,0.924022638769322,0.9144349546415551,0.901622142059492,0.892864942804154,0.886007357995126,0.8779768242691809,0.8674229487476891,0.859494549734271,0.8513225268128471,0.8406286153108,0.833945508610206,0.824454477019909,0.8096577747748,0.7911232748757849,0.758225477309429,0.696985742202965,0.630611852132374,0.5435566857452391,0.360388737694372,0.27940959708709
0.6310789704001191,0.794900533108763,0.8575284231161829,0.9040644277154499,0.9425079042409399,0.9666892445519091,0.9885626679127071,1.0,0.9884817852411478,0.9751265662012208,0.9638346308410219,0.9513450112372289,0.94228373369214,0.9325837218929771,0.9198645475506251,0.9095705065625981,0.901031831559035,0.892344870655231,0.88122705971857,0.872970435575491,0.864613982985228,0.853814473912223,0.8474978127882921,0.839889532612582,0.8242741442939789,0.80528977160943,0.7724627392106709,0.710726756870515,0.642876755780584,0.5530376430367651,0.36568729280873796,0.286585716353387
0.6174906456021391,0.782285834366212,0.845649018407547,0.8912024693831658,0.9269169439816691,0.94872917441596,0.96964070084945,0.9884817852411478,1.0,0.9886602466566651,0.976839076578527,0.964289981970356,0.954578300597385,0.944259064625943,0.931264779539507,0.9196381702868199,0.91038380082544,0.9011646300689559,0.889910578664404,0.881569419735355,0.8725578998514331,0.8605006107055941,0.853342272032806,0.845234061964938,0.8296343552498721,0.811781191827856,0.7808060301993092,0.7202302837906741,0.6513842437905369,0.557579790791428,0.37175195711397496,0.30316456490529303
0.6095429460485781,0.7711317346680621,0.8344810967709879,0.8813050681835709,0.915265581076198,0.9363974167246659,0.957119416895429,0.9751265662012208,0.9886602466566651,1.0,0.9899382119108551,0.9786432965093771,0.968900126413017,0.9576338220327472,0.9440428408875919,0.932337562505247,0.9217245415665161,0.9115676365372959,0.90092041762227,0.892546034367364,0.8832723019454871,0.871180650799432,0.8620796456733921,0.851523715953462,0.83599747412652,0.818975230049314,0.789530595265864,0.7302893767850681,0.661677529990293,0.566429342346104,0.383332328098564,0.304486114079698
0.6047823064203249,0.76358191424189,0.8246827345846859,0.8707464200066541,0.905136661432858,0.9257510043098379,0.945857066428626,0.9638346308410219,0.976839076578527,0.9899382119108551,1.0,0.9942294888916781,0.9846273958274159,0.973221767637929,0.9596501578738209,0.947935249927573,0.936639695922664,0.926014819769996,0.9156419849635721,0.90701756373082,0.897563143638651,0.8860500195474641,0.877150815261326,0.865979667420346,0.849371185171414,0.832800862143327,0.801947548724429,0.7407007525578729,0.6708276748621661,0.5712117295101539,0.386166992867677,0.30952279055435805
0.5991335015108911,0.755010150625534,0.8148781529667389,0.859111551259151,0.8934010601983309,0.913285827947348,0.932906259270811,0.9513450112372289,0.964289981970356,0.9786432965093771,0.9942294888916781,1.0,0.995365771526307,0.9835683978707759,0.969992224205545,0.958740061554343,0.94672847889396,0.9355402256315041,0.92507671938423,0.916586159901271,0.907308192361205,0.895856323135107,0.88663613342741,0.8743274072423058,0.856956264870415,0.8404509060473029,0.809140968656327,0.7466549891571189,0.6756815351223839,0.5752534997789139,0.38659452233109204,0.310131768712759
0.596723885160347,0.749035598572632,0.8078341345536659,0.8504785230347439,0.884926066632169,0.9047150706190451,0.924022638769322,0.94228373369214,0.954578300597385,0.968900126413017,0.9846273958274159,0.995365771526307,1.0,0.994798154171119,0.981755086661895,0.971174347427511,0.959501054642127,0.947961490608982,0.938179020247808,0.929800631639177,0.9203278056156701,0.9089691063276641,0.899165569502088,0.8866099709531949,0.8695620995503589,0.8534438291364209,0.822326086440435,0.759107319209326,0.686613083570486,0.5841489899025849,0.39308082298335095,0.3151206613489961
0.592146209615411,0.74111269737776,0.7995279074923721,0.840450471414104,0.875286090025062,0.895278814659177,0.9144349546415551,0.9325837218929771,0.944259064625943,0.9576338220327472,0.973221767637929,0.9835683978707759,0.994798154171119,1.0,0.9939069092599719,0.983963871297371,0.973537142744752,0.962089410746327,0.9532007144218001,0.9445210141127219,0.934408796503174,0.9230416576733109,0.912048421406712,0.899309626693645,0.882643685646624,0.866908962030015,0.8378743738381029,0.776250360216368,0.703053438440109,0.598281454850999,0.40535999533910605,0.3278410697522439
0.58232709142962,0.7306380420411651,0.7897339743584352,0.8288328391413661,0.863166862549127,0.882741585815019,0.901622142059492,0.9198645475506251,0.931264779539507,0.9440428408875919,0.9596501578738209,0.969992224205545,0.981755086661895,0.9939069092599719,1.0,0.9939078781560309,0.9847410877893449,0.9737501273499459,0.965160036780865,0.955859843872277,0.9448529465009481,0.932814896086799,0.92030665948809,0.9065268806529408,0.889531887778398,0.8738659755988059,0.8477743895099509,0.789331433809317,0.717032783462739,0.611899967840811,0.418261325243134,0.34174563333108393
0.574609787077999,0.726963518780072,0.786473455263022,0.825216224651232,0.8569365026676039,0.8749798918870559,0.892864942804154,0.9095705065625981,0.9196381702868199,0.932337562505247,0.947935249927573,0.958740061554343,0.971174347427511,0.983963871297371,0.9939078781560309,1.0,0.992630060092328,0.982158999086144,0.9735269796043141,0.963929836551008,0.9518886665628778,0.9382833098239909,0.925435022928961,0.9108928646844359,0.893798385228768,0.878354613708528,0.85145648457983,0.792455226256568,0.720942749926169,0.6161940033415699,0.426564018645956,0.34341434202628596
0.572135586086548,0.7250692893876151,0.7837543921916391,0.822106714407115,0.852719344668455,0.8696333806404941,0.886007357995126,0.901031831559035,0.91038380082544,0.9217245415665161,0.936639695922664,0.94672847889396,0.959501054642127,0.973537142744752,0.9847410877893449,0.992630060092328,1.0,0.9908565191328721,0.9814592803168921,0.971621821158623,0.9594167602438359,0.944910441468115,0.9312123504761278,0.918166526841172,0.9011455848553459,0.885103371553315,0.859186729211773,0.7994883990465391,0.7249704194964829,0.620949146924588,0.428700813346775,0.339695443631421
0.560999802436009,0.717953792049648,0.7788777487072791,0.816195620357365,0.844752663293568,0.861413718976016,0.8779768242691809,0.892344870655231,0.9011646300689559,0.9115676365372959,0.926014819769996,0.9355402256315041,0.947961490608982,0.962089410746327,0.9737501273499459,0.982158999086144,0.9908565191328721,1.0,0.994872389018053,0.984458554263279,0.9716579232554391,0.95617245242153,0.941502232817799,0.929124829898543,0.91252117014404,0.8965445113325592,0.870666835077842,0.8111064692332589,0.736278974188963,0.6299117018752031,0.4416207273612029,0.3477779352427439
0.554332375567611,0.7098026476052329,0.767920057175937,0.8051696548929329,0.833414477136843,0.8506098850136841,0.8674229487476891,0.88122705971857,0.889910578664404,0.90092041762227,0.9156419849635721,0.92507671938423,0.938179020247808,0.9532007144218001,0.965160036780865,0.9735269796043141,0.9814592803168921,0.994872389018053,1.0,0.9948413874163058,0.9819835309130579,0.966356398630327,0.952662895655931,0.938541031876583,0.9209395992144771,0.90466630863511,0.8788004699121401,0.818559304306914,0.741764318622255,0.632761471181805,0.45129563172693,0.353245001261116
0.5529471290583621,0.707009629786819,0.7600596451806558,0.796673626638111,0.8252776357843441,0.8428057585563359,0.859494549734271,0.872970435575491,0.881569419735355,0.892546034367364,0.90701756373082,0.916586159901271,0.929800631639177,0.9445210141127219,0.955859843872277,0.963929836551008,0.971621821158623,0.984458554263279,0.9948413874163058,1.0,0.9942845174443041,0.97863448313718,0.965566623349667,0.9501599742296579,0.9310582437869829,0.91541476870617,0.8890278332803051,0.829095082222766,0.754393370487597,0.643029133315032,0.46223717648754203,0.362787763451494
0.549107249303321,0.7026081454437889,0.751623668706887,0.787846879630725,0.8169367523511819,0.8346902097547341,0.8513225268128471,0.864613982985228,0.8725578998514331,0.8832723019454871,0.897563143638651,0.907308192361205,0.9203278056156701,0.934408796503174,0.9448529465009481,0.9518886665628778,0.9594167602438359,0.9716579232554391,0.9819835309130579,0.9942845174443041,1.0,0.992222821876971,0.9786846241140319,0.9633213410252429,0.944417365938895,0.9303748430760291,0.9030302245972378,0.8432534628196708,0.7729051288849541,0.66251236193499,0.47518520074911796,0.37364644651231393
0.539616170053584,0.6920266258025761,0.739316690113475,0.7759636010004041,0.805310604323782,0.823521501492298,0.8406286153108,0.853814473912223,0.8605006107055941,0.871180650799432,0.8860500195474641,0.895856323135107,0.9089691063276641,0.9230416576733109,0.932814896086799,0.9382833098239909,0.944910441468115,0.95617245242153,0.966356398630327,0.97863448313718,0.992222821876971,1.0,0.9905427264680641,0.975482613679121,0.9584487295650121,0.9458135279044642,0.9175184243143791,0.8565346052407509,0.788416382769088,0.682307284694487,0.4887814670515379,0.38347464938777404
0.53458568606279,0.686489091405541,0.7335098315037979,0.768989324634227,0.7976244688929631,0.8160958348829879,0.833945508610206,0.8474978127882921,0.853342272032806,0.8620796456733921,0.877150815261326,0.88663613342741,0.899165569502088,0.912048421406712,0.92030665948809,0.925435022928961,0.9312123504761278,0.941502232817799,0.952662895655931,0.965566623349667,0.9786846241140319,0.9905427264680641,1.0,0.985887257567607,0.9688211244034851,0.9559781884098779,0.9270223266929409,0.8653517175970179,0.797448249071332,0.692196925758771,0.5032944574889501,0.4004726144539829
0.533995069335364,0.679164620546895,0.726706345629921,0.7574257734052159,0.7874746780303191,0.806227210261917,0.824454477019909,0.839889532612582,0.845234061964938,0.851523715953462,0.865979667420346,0.8743274072423058,0.8866099709531949,0.899309626693645,0.9065268806529408,0.9108928646844359,0.918166526841172,0.929124829898543,0.938541031876583,0.9501599742296579,0.9633213410252429,0.975482613679121,0.985887257567607,1.0,0.9880389284643469,0.974046538224485,0.945218169948725,0.883858128109978,0.8145076714424669,0.707565482728302,0.518923752415159,0.419149175850806
0.524654295412057,0.668064570352183,0.7179983651244259,0.7459975283437191,0.7751938010075301,0.792851974827873,0.8096577747748,0.8242741442939789,0.8296343552498721,0.83599747412652,0.849371185171414,0.856956264870415,0.8695620995503589,0.882643685646624,0.889531887778398,0.893798385228768,0.9011455848553459,0.91252117014404,0.9209395992144771,0.9310582437869829,0.944417365938895,0.9584487295650121,0.9688211244034851,0.9880389284643469,1.0,0.991158884911765,0.960238050137694,0.896991124256057,0.827582937566447,0.7245815706736379,0.5306194601206989,0.43123712288910604
0.5107885890183921,0.652467171367468,0.700253676984276,0.7280283622135619,0.756552853293221,0.7744195835918259,0.7911232748757849,0.80528977160943,0.811781191827856,0.818975230049314,0.832800862143327,0.8404509060473029,0.8534438291364209,0.866908962030015,0.8738659755988059,0.878354613708528,0.885103371553315,0.8965445113325592,0.90466630863511,0.91541476870617,0.9303748430760291,0.9458135279044642,0.9559781884098779,0.974046538224485,0.991158884911765,1.0,0.9792683660001992,0.921621536547505,0.861347447657273,0.757785548864588,0.564026611680183,0.45932806880706706
0.493796675165606,0.625843414454183,0.670721157829741,0.6981529297342121,0.725396316058325,0.7422764864538579,0.758225477309429,0.7724627392106709,0.7808060301993092,0.789530595265864,0.801947548724429,0.809140968656327,0.822326086440435,0.8378743738381029,0.8477743895099509,0.85145648457983,0.859186729211773,0.870666835077842,0.8788004699121401,0.8890278332803051,0.9030302245972378,0.9175184243143791,0.9270223266929409,0.945218169948725,0.960238050137694,0.9792683660001992,1.0,0.976469737779867,0.915064541066067,0.8052263000605141,0.6003785495743559,0.51320834549101
0.45723267964278996,0.573449611888761,0.612420488938011,0.642269990602582,0.667413622165657,0.6823465396884529,0.696985742202965,0.710726756870515,0.7202302837906741,0.7302893767850681,0.7407007525578729,0.7466549891571189,0.759107319209326,0.776250360216368,0.789331433809317,0.792455226256568,0.7994883990465391,0.8111064692332589,0.818559304306914,0.829095082222766,0.8432534628196708,0.8565346052407509,0.8653517175970179,0.883858128109978,0.896991124256057,0.921621536547505,0.976469737779867,1.0,0.9655788617471701,0.8456798226224291,0.643559759521963,0.5707648635072049
0.40511941509257304,0.515106219305851,0.5445909499285461,0.5784588450025401,0.601437399321905,0.6159722612480589,0.630611852132374,0.642876755780584,0.6513842437905369,0.661677529990293,0.6708276748621661,0.6756815351223839,0.686613083570486,0.703053438440109,0.717032783462739,0.720942749926169,0.7249704194964829,0.736278974188963,0.741764318622255,0.754393370487597,0.7729051288849541,0.788416382769088,0.797448249071332,0.8145076714424669,0.827582937566447,0.861347447657273,0.915064541066067,0.9655788617471701,1.0,0.918327348379419,0.7189259793310591,0.622968380632801
0.331500528902466,0.44674457385571503,0.46733922157677793,0.49436982783818895,0.513144959898522,0.528422388370709,0.5435566857452391,0.5530376430367651,0.557579790791428,0.566429342346104,0.5712117295101539,0.5752534997789139,0.5841489899025849,0.598281454850999,0.611899967840811,0.6161940033415699,0.620949146924588,0.6299117018752031,0.632761471181805,0.643029133315032,0.66251236193499,0.682307284694487,0.692196925758771,0.707565482728302,0.7245815706736379,0.757785548864588,0.8052263000605141,0.8456798226224291,0.918327348379419,1.0,0.7739296419064291,0.636735511300621
0.22300991892096603,0.285250453127836,0.29332914370485197,0.32369426059925105,0.33365603308999703,0.346682381239231,0.360388737694372,0.36568729280873796,0.37175195711397496,0.383332328098564,0.386166992867677,0.38659452233109204,0.39308082298335095,0.40535999533910605,0.418261325243134,0.426564018645956,0.428700813346775,0.4416207273612029,0.45129563172693,0.46223717648754203,0.47518520074911796,0.4887814670515379,0.5032944574889501,0.518923752415159,0.5306194601206989,0.564026611680183,0.6003785495743559,0.643559759521963,0.7189259793310591,0.7739296419064291,1.0,0.7436707082132029
0.20331402647828198,0.24719663228080202,0.251117616864841,0.258276992594536,0.263125921028093,0.27133819033415696,0.27940959708709,0.286585716353387,0.30316456490529303,0.304486114079698,0.30952279055435805,0.310131768712759,0.3151206613489961,0.3278410697522439,0.34174563333108393,0.34341434202628596,0.339695443631421,0.3477779352427439,0.353245001261116,0.362787763451494,0.37364644651231393,0.38347464938777404,0.4004726144539829,0.419149175850806,0.43123712288910604,0.45932806880706706,0.51320834549101,0.5707648635072049,0.622968380632801,0.636735511300621,0.7436707082132029,1.0
