1.0,0.7551700517984471,0.6901605347040171,0.659604239053714,0.617229382960742,0.598083013419794,0.579510411138057,0.571157246334943,0.556610503591706,0.54588915197031,0.53834831283434,0.5301111567631789,0.524092748848665,0.515239587505787,0.501154950140739,0.47845355866447203,0.45848926635107,0.44631728041925806,0.43158087902627,0.41386461425232296,0.393919534782864,0.37429459442928903,0.350425852090685,0.32593176266185103,0.285357240018019,0.25426781181187197,0.212106721739721,0.17535218557919302,0.116365138211083,0.0410268975734675,0.119196750917151,0.121308318251241
0.7551700517984471,1.0,0.925263539696045,0.891860486565923,0.855690820424848,0.842760178049892,0.818661018273742,0.8071172723754141,0.799867508769131,0.7913407124072019,0.777567500212384,0.766938179545765,0.7645198631656259,0.7526186561594759,0.7357716196710931,0.713305302142563,0.7016813183622509,0.6906802174765301,0.6791784023902411,0.6619323721792499,0.643562035523253,0.622577521757535,0.5968287555804399,0.567299892637809,0.5272462250850539,0.49854112667809203,0.456885313375336,0.40597825795062,0.329489002693386,0.18603578397741102,0.0614303865954864,0.14288623476828502
0.6901605347040171,0.925263539696045,1.0,0.9551031398459481,0.9133608047274141,0.896496152292223,0.8731295092012149,0.865571441929129,0.8551572321454329,0.8483127334372951,0.8322504554267449,0.8196254770383828,0.8143734765286569,0.8042735881227758,0.7881106829823109,0.767575213592342,0.7565669640380259,0.7483454338102421,0.7392698180556808,0.7226844671400491,0.705660585880365,0.684823365132615,0.653826252777834,0.6235363999584119,0.588400296577329,0.559951136519833,0.518839875544753,0.46789284016069005,0.390427291491026,0.239913248392901,0.0219856847546058,0.14540989449923197
0.659604239053714,0.891860486565923,0.9551031398459481,1.0,0.9680691312805,0.9464004419644741,0.921827965590377,0.9131800187085721,0.9005082774536071,0.8924366002006391,0.8777326267418281,0.867119437563226,0.862237854885086,0.854097190829083,0.838483686858848,0.820999406825376,0.808005931750779,0.7988528672400391,0.788486186331425,0.7714535170833342,0.7535702184128371,0.7336442274682491,0.7036622719520961,0.674625566636552,0.637910593598835,0.6081695819851939,0.5679795344353821,0.516851729375135,0.43236765235830604,0.272068686558687,0.016479594442826,0.14790401240628398
0.617229382960742,0.855690820424848,0.9133608047274141,0.9680691312805,1.0,0.981230871797708,0.9581452288817459,0.946032496653585,0.935012540208369,0.9262936832857309,0.9138044063292929,0.9048028341718242,0.8984511841070509,0.8931100626844158,0.8785210358431551,0.862781216456897,0.8512964976724219,0.8411030822268369,0.830591361819794,0.814486002857325,0.7971770753311039,0.7767515793050501,0.7489751913826519,0.7230655536393349,0.6900959387356129,0.6591313593789511,0.622332769782042,0.5773472432543549,0.49345720239519203,0.335605355499107,0.0227099766999248,0.13585744536513
0.598083013419794,0.842760178049892,0.896496152292223,0.9464004419644741,0.981230871797708,1.0,0.9795686712696491,0.966774260191976,0.95493216714101,0.9461507569645781,0.933073858303757,0.924628072376485,0.919826676685193,0.9130635615536529,0.898934320890578,0.884836542116485,0.874369921021354,0.861959773019188,0.8513692785029949,0.8367203838662951,0.818423748227782,0.800108011803346,0.7742878676153522,0.7488159675276109,0.716902983330833,0.6862333121871761,0.6486210940542979,0.6038210812907729,0.520908479677724,0.35722160446802004,0.0371163849340601,0.12229531003654301
0.579510411138057,0.818661018273742,0.8731295092012149,0.921827965590377,0.9581452288817459,0.9795686712696491,1.0,0.98620349688463,0.9727451981714129,0.963844138791729,0.949924907094398,0.9389666552934709,0.9329419879843779,0.924834786204675,0.909674115793703,0.895834975185338,0.8861203759558108,0.87470054659618,0.864639205469856,0.850881354791542,0.8353113088992009,0.818925526268715,0.796445855727244,0.7728779768160021,0.7421581421789059,0.709714370720987,0.6719464905767161,0.6277235802281489,0.543800421490574,0.38190290595609205,0.0585417108420082,0.11303019845979902
0.571157246334943,0.8071172723754141,0.865571441929129,0.9131800187085721,0.946032496653585,0.966774260191976,0.98620349688463,1.0,0.9890831717643531,0.978399717542932,0.9642568189578851,0.9522347491603941,0.9447680309197791,0.9364343759930591,0.92035891304031,0.9069409716169059,0.897981346552345,0.887128283992718,0.876665597865787,0.8618766735368629,0.844769962409941,0.8285455883620441,0.80579942367291,0.781919200658489,0.7515845185587041,0.7208840324976892,0.6841449428568481,0.640418502747587,0.555266041999258,0.393380490882252,0.0658583169928322,0.10877646577780999
0.556610503591706,0.799867508769131,0.8551572321454329,0.9005082774536071,0.935012540208369,0.95493216714101,0.9727451981714129,0.9890831717643531,1.0,0.9912265973849841,0.9782300862051341,0.9664970952454149,0.9591126795179641,0.950971823503533,0.93732710546113,0.9248063055528359,0.9160737642547829,0.9063652265547191,0.896281444739923,0.8799520852539019,0.8634714987676959,0.848068783758485,0.8269552608735571,0.803903871761093,0.7744176015519421,0.7459634736960029,0.711727047126581,0.6687096471366141,0.5838437055724771,0.42410694445398905,0.0834146447138893,0.0993838780743596
0.54588915197031,0.7913407124072019,0.8483127334372951,0.8924366002006391,0.9262936832857309,0.9461507569645781,0.963844138791729,0.978399717542932,0.9912265973849841,1.0,0.990533702092973,0.9788643399904521,0.9719798198184509,0.962777115044148,0.949032306125861,0.9347931926696891,0.924388090813428,0.914679374271808,0.9042983125085121,0.8875120110445229,0.8706784810984028,0.8565403125027441,0.8359938872744841,0.8142702298207719,0.7852376931848509,0.758377196210376,0.724057699401975,0.681838683870026,0.5993602768200961,0.441325282445342,0.09947136235212801,0.09108026960034199
0.53834831283434,0.777567500212384,0.8322504554267449,0.8777326267418281,0.9138044063292929,0.933073858303757,0.949924907094398,0.9642568189578851,0.9782300862051341,0.990533702092973,1.0,0.990414467632879,0.982604184022644,0.9718412495146371,0.9581804671031651,0.944035321551357,0.934134315962958,0.9236901138325441,0.913286912888595,0.897027941105182,0.879353704061528,0.865565262640852,0.845990427395991,0.825831238730496,0.798419734840405,0.771707189055775,0.7345143397170071,0.691999832563922,0.6115484886722211,0.454354565231992,0.10834327218342998,0.0854388728634056
0.5301111567631789,0.766938179545765,0.8196254770383828,0.867119437563226,0.9048028341718242,0.924628072376485,0.9389666552934709,0.9522347491603941,0.9664970952454149,0.9788643399904521,0.990414467632879,1.0,0.9919015042435629,0.981921844772688,0.969686110462215,0.954310724921627,0.9440278188404649,0.9318243082494201,0.92151352322311,0.9059172465784742,0.887970557605218,0.8716553214733229,0.8502849082659051,0.830489126395352,0.803374666547143,0.776757670418185,0.739975083776761,0.6991739180240459,0.618244376146826,0.4652725981448,0.125200874800966,0.0803173737295861
0.524092748848665,0.7645198631656259,0.8143734765286569,0.862237854885086,0.8984511841070509,0.919826676685193,0.9329419879843779,0.9447680309197791,0.9591126795179641,0.9719798198184509,0.982604184022644,0.9919015042435629,1.0,0.9911319884162628,0.979543616952878,0.965097935873601,0.9538041950976971,0.9417358716686041,0.9304888063383671,0.9133674195489359,0.895610568081695,0.8787461834539441,0.858954426956144,0.838554022216891,0.812089243591297,0.785043239383962,0.7472641982712379,0.7063763192227709,0.626731325497851,0.475381933807219,0.13471109244702698,0.0762428462769601
0.515239587505787,0.7526186561594759,0.8042735881227758,0.854097190829083,0.8931100626844158,0.9130635615536529,0.924834786204675,0.9364343759930591,0.950971823503533,0.962777115044148,0.9718412495146371,0.981921844772688,0.9911319884162628,1.0,0.9915066410519341,0.9786448832158929,0.965877654692962,0.9534971734320501,0.9405458856308979,0.9230855276009341,0.9046674171292258,0.8880382503833141,0.867307554257462,0.8466300914515129,0.8203045571585681,0.792375164676487,0.7556416865660809,0.7136295394248059,0.632880391552646,0.481958754893001,0.138525921239154,0.0759363527650462
0.501154950140739,0.7357716196710931,0.7881106829823109,0.838483686858848,0.8785210358431551,0.898934320890578,0.909674115793703,0.92035891304031,0.93732710546113,0.949032306125861,0.9581804671031651,0.969686110462215,0.979543616952878,0.9915066410519341,1.0,0.990656063366971,0.9782727959664009,0.965725034154547,0.951742971910049,0.934185769359943,0.913824206153026,0.895821851133485,0.8748464481355809,0.8551935085171161,0.8306631747549091,0.804030906291506,0.7693717483257909,0.7305200981461859,0.6521999406295339,0.501067108095694,0.16193688936344902,0.0583541755385743
0.47845355866447203,0.713305302142563,0.767575213592342,0.820999406825376,0.862781216456897,0.884836542116485,0.895834975185338,0.9069409716169059,0.9248063055528359,0.9347931926696891,0.944035321551357,0.954310724921627,0.965097935873601,0.9786448832158929,0.990656063366971,1.0,0.989043289080251,0.9778003513470469,0.9644366506315741,0.9477446351638441,0.9266089025286078,0.9090691834334742,0.889084761285491,0.8708644377185641,0.84606374792003,0.820391426160813,0.7891257931535379,0.7506179684902079,0.673790560790907,0.523500228057984,0.179530388142142,0.0542071675802788
0.45848926635107,0.7016813183622509,0.7565669640380259,0.808005931750779,0.8512964976724219,0.874369921021354,0.8861203759558108,0.897981346552345,0.9160737642547829,0.924388090813428,0.934134315962958,0.9440278188404649,0.9538041950976971,0.965877654692962,0.9782727959664009,0.989043289080251,1.0,0.9920300449839979,0.980641446428505,0.965556375908429,0.944937538176089,0.926916338605697,0.9064749022584949,0.888392070017829,0.864512170749788,0.838644470099239,0.807136357313208,0.767351352162093,0.690501133077312,0.539812296626001,0.18816828692564397,0.0393729119002364
0.44631728041925806,0.6906802174765301,0.7483454338102421,0.7988528672400391,0.8411030822268369,0.861959773019188,0.87470054659618,0.887128283992718,0.9063652265547191,0.914679374271808,0.9236901138325441,0.9318243082494201,0.9417358716686041,0.9534971734320501,0.965725034154547,0.9778003513470469,0.9920300449839979,1.0,0.9920459576343841,0.977782291155393,0.957227331221828,0.9403531675128349,0.9211930976822209,0.903033816669503,0.878655354870493,0.853046290160014,0.8210497267399,0.781353242203305,0.705524128897595,0.554108905435438,0.19571941466219897,0.0311414465878701
0.43158087902627,0.6791784023902411,0.7392698180556808,0.788486186331425,0.830591361819794,0.8513692785029949,0.864639205469856,0.876665597865787,0.896281444739923,0.9042983125085121,0.913286912888595,0.92151352322311,0.9304888063383671,0.9405458856308979,0.951742971910049,0.9644366506315741,0.980641446428505,0.9920459576343841,1.0,0.9900034375071229,0.971807574869123,0.9547963692146272,0.9356980583820901,0.916484098513924,0.8916771634877328,0.8652545205410609,0.8319030791803309,0.7928172561662901,0.71808771411908,0.5686744199453491,0.20268744841411698,0.0278214581533077
0.41386461425232296,0.6619323721792499,0.7226844671400491,0.7714535170833342,0.814486002857325,0.8367203838662951,0.850881354791542,0.8618766735368629,0.8799520852539019,0.8875120110445229,0.897027941105182,0.9059172465784742,0.9133674195489359,0.9230855276009341,0.934185769359943,0.9477446351638441,0.965556375908429,0.977782291155393,0.9900034375071229,1.0,0.9864996331074352,0.9699327356912629,0.951305191455358,0.931656792025006,0.905812863824003,0.878424057142873,0.8468716156802291,0.808442953151088,0.736216251928212,0.591458707849698,0.21924954962630896,0.0108561979158803
0.393919534782864,0.643562035523253,0.705660585880365,0.7535702184128371,0.7971770753311039,0.818423748227782,0.8353113088992009,0.844769962409941,0.8634714987676959,0.8706784810984028,0.879353704061528,0.887970557605218,0.895610568081695,0.9046674171292258,0.913824206153026,0.9266089025286078,0.944937538176089,0.957227331221828,0.971807574869123,0.9864996331074352,1.0,0.986899975102011,0.969317967174996,0.950598490500246,0.923971806098668,0.8974509757048051,0.8683544848264241,0.8313126517714141,0.7614055526491641,0.613585921781903,0.232176698598557,0.0043584056822835605
0.37429459442928903,0.622577521757535,0.684823365132615,0.7336442274682491,0.7767515793050501,0.800108011803346,0.818925526268715,0.8285455883620441,0.848068783758485,0.8565403125027441,0.865565262640852,0.8716553214733229,0.8787461834539441,0.8880382503833141,0.895821851133485,0.9090691834334742,0.926916338605697,0.9403531675128349,0.9547963692146272,0.9699327356912629,0.986899975102011,1.0,0.986474085031868,0.9705229274129219,0.945902526747453,0.919163573962981,0.891362503559053,0.855157659913902,0.782349673490847,0.63123130375739,0.244425835931383,0.0221692875441939
0.350425852090685,0.5968287555804399,0.653826252777834,0.7036622719520961,0.7489751913826519,0.7742878676153522,0.796445855727244,0.80579942367291,0.8269552608735571,0.8359938872744841,0.845990427395991,0.8502849082659051,0.858954426956144,0.867307554257462,0.8748464481355809,0.889084761285491,0.9064749022584949,0.9211930976822209,0.9356980583820901,0.951305191455358,0.969317967174996,0.986474085031868,1.0,0.9895470340712859,0.9691271014008871,0.942792974276692,0.91584327445068,0.8805091436108801,0.807007218881444,0.6588741647452341,0.26694465699216396,0.0360708465209106
0.32593176266185103,0.567299892637809,0.6235363999584119,0.674625566636552,0.7230655536393349,0.7488159675276109,0.7728779768160021,0.781919200658489,0.803903871761093,0.8142702298207719,0.825831238730496,0.830489126395352,0.838554022216891,0.8466300914515129,0.8551935085171161,0.8708644377185641,0.888392070017829,0.903033816669503,0.916484098513924,0.931656792025006,0.950598490500246,0.9705229274129219,0.9895470340712859,1.0,0.9849280902424309,0.959812121124731,0.933799451770577,0.8995102397005958,0.8273471829295941,0.6780265340403481,0.282363002408717,0.0460375843163787
0.285357240018019,0.5272462250850539,0.588400296577329,0.637910593598835,0.6900959387356129,0.716902983330833,0.7421581421789059,0.7515845185587041,0.7744176015519421,0.7852376931848509,0.798419734840405,0.803374666547143,0.812089243591297,0.8203045571585681,0.8306631747549091,0.84606374792003,0.864512170749788,0.878655354870493,0.8916771634877328,0.905812863824003,0.923971806098668,0.945902526747453,0.9691271014008871,0.9849280902424309,1.0,0.9784791301556609,0.9535792458574571,0.9205405075996429,0.848431228528585,0.699934983742563,0.304456579993886,0.0639895921367224
0.25426781181187197,0.49854112667809203,0.559951136519833,0.6081695819851939,0.6591313593789511,0.6862333121871761,0.709714370720987,0.7208840324976892,0.7459634736960029,0.758377196210376,0.771707189055775,0.776757670418185,0.785043239383962,0.792375164676487,0.804030906291506,0.820391426160813,0.838644470099239,0.853046290160014,0.8652545205410609,0.878424057142873,0.8974509757048051,0.919163573962981,0.942792974276692,0.959812121124731,0.9784791301556609,1.0,0.976123051848641,0.945167141015015,0.876543155251043,0.7334584042368529,0.32653276733729497,0.0858779009936618
0.212106721739721,0.456885313375336,0.518839875544753,0.5679795344353821,0.622332769782042,0.6486210940542979,0.6719464905767161,0.6841449428568481,0.711727047126581,0.724057699401975,0.7345143397170071,0.739975083776761,0.7472641982712379,0.7556416865660809,0.7693717483257909,0.7891257931535379,0.807136357313208,0.8210497267399,0.8319030791803309,0.8468716156802291,0.8683544848264241,0.891362503559053,0.91584327445068,0.933799451770577,0.9535792458574571,0.976123051848641,1.0,0.9744171925318951,0.9066737380815749,0.759668301336414,0.35059023896881,0.10301889133064501
0.17535218557919302,0.40597825795062,0.46789284016069005,0.516851729375135,0.5773472432543549,0.6038210812907729,0.6277235802281489,0.640418502747587,0.6687096471366141,0.681838683870026,0.691999832563922,0.6991739180240459,0.7063763192227709,0.7136295394248059,0.7305200981461859,0.7506179684902079,0.767351352162093,0.781353242203305,0.7928172561662901,0.808442953151088,0.8313126517714141,0.855157659913902,0.8805091436108801,0.8995102397005958,0.9205405075996429,0.945167141015015,0.9744171925318951,1.0,0.9474986640163771,0.813738286042034,0.42646545739386105,0.134834508523244
0.116365138211083,0.329489002693386,0.390427291491026,0.43236765235830604,0.49345720239519203,0.520908479677724,0.543800421490574,0.555266041999258,0.5838437055724771,0.5993602768200961,0.6115484886722211,0.618244376146826,0.626731325497851,0.632880391552646,0.6521999406295339,0.673790560790907,0.690501133077312,0.705524128897595,0.71808771411908,0.736216251928212,0.7614055526491641,0.782349673490847,0.807007218881444,0.8273471829295941,0.848431228528585,0.876543155251043,0.9066737380815749,0.9474986640163771,1.0,0.9061316789880921,0.5369365378783311,0.20334143599158605
0.0410268975734675,0.18603578397741102,0.239913248392901,0.272068686558687,0.335605355499107,0.35722160446802004,0.38190290595609205,0.393380490882252,0.42410694445398905,0.441325282445342,0.454354565231992,0.4652725981448,0.475381933807219,0.481958754893001,0.501067108095694,0.523500228057984,0.539812296626001,0.554108905435438,0.5686744199453491,0.591458707849698,0.613585921781903,0.63123130375739,0.6588741647452341,0.6780265340403481,0.699934983742563,0.7334584042368529,0.759668301336414,0.813738286042034,0.9061316789880921,1.0,0.695703884594092,0.302157209069063
0.119196750917151,0.0614303865954864,0.0219856847546058,0.016479594442826,0.0227099766999248,0.0371163849340601,0.0585417108420082,0.0658583169928322,0.0834146447138893,0.09947136235212801,0.10834327218342998,0.125200874800966,0.13471109244702698,0.138525921239154,0.16193688936344902,0.179530388142142,0.18816828692564397,0.19571941466219897,0.20268744841411698,0.21924954962630896,0.232176698598557,0.244425835931383,0.26694465699216396,0.282363002408717,0.304456579993886,0.32653276733729497,0.35059023896881,0.42646545739386105,0.5369365378783311,0.695703884594092,1.0,0.361300056098364
0.121308318251241,0.14288623476828502,0.14540989449923197,0.14790401240628398,0.13585744536513,0.12229531003654301,0.11303019845979902,0.10877646577780999,0.0993838780743596,0.09108026960034199,0.0854388728634056,0.0803173737295861,0.0762428462769601,0.0759363527650462,0.0583541755385743,0.0542071675802788,0.0393729119002364,0.0311414465878701,0.0278214581533077,0.0108561979158803,0.0043584056822835605,0.0221692875441939,0.0360708465209106,0.0460375843163787,0.0639895921367224,0.0858779009936618,0.10301889133064501,0.134834508523244,0.20334143599158605,0.302157209069063,0.361300056098364,1.0
