1.0,0.784112554812282,0.7351811759619509,0.6957974891542739,0.6829297025744289,0.669276595029815,0.654004903148217,0.641973378890857,0.630998686902333,0.6199870448418331,0.611409809783394,0.599070331239843,0.595020280438248,0.5904117165735071,0.591690369121994,0.588829275786633,0.581200385602186,0.575465743529713,0.571111910171576,0.564989103866521,0.5585724360307851,0.559669428136281,0.5526833333940501,0.548567336236106,0.541588634249985,0.5330994982102729,0.520199971411124,0.506292893437427,0.471475142761286,0.402334784466001,0.266698680362379,0.103003510726053
0.784112554812282,1.0,0.9446399932912479,0.912527899892862,0.8911371013184499,0.877616704368087,0.8629743585676322,0.852654238533171,0.8411808219568159,0.8331180861552979,0.8241196938222779,0.8145914630154091,0.811473050340168,0.8050883802374891,0.8018794075093959,0.796752433049148,0.788438996822297,0.7819109475703331,0.7745903947144129,0.7681763921427042,0.7634014594406329,0.762023948032761,0.755804972145409,0.7514251868013059,0.7411132399060419,0.728435237227653,0.7141102381365328,0.69156494592291,0.658062944991557,0.592095205335397,0.39141150156423604,0.127500741239307
0.7351811759619509,0.9446399932912479,1.0,0.9679991016536892,0.9456412687462741,0.931821943735971,0.9177432340895758,0.908262209562438,0.8967622354898229,0.888079296532264,0.880091584654874,0.871091133157773,0.866327306848452,0.862109317222611,0.8595748948672819,0.854340445509679,0.847521317679518,0.8420099100245351,0.8330214271559009,0.8265569760141399,0.8202388484026679,0.821462005569175,0.81479501865363,0.812838212408575,0.80581860399887,0.7957684390954609,0.778756294475537,0.7547261163175909,0.721855265604373,0.6579027905353921,0.43463575761252904,0.16196976820965198
0.6957974891542739,0.912527899892862,0.9679991016536892,1.0,0.981325391450884,0.9658332878757049,0.951641465377001,0.9403493433906809,0.9298654768290441,0.918600455563475,0.909078738399577,0.899151652337428,0.894351436251283,0.8919956946315071,0.88960576001699,0.885348868891322,0.877767183430548,0.873801959175598,0.8660606088707121,0.859308141518527,0.8528248377487699,0.8529318288533371,0.8459394433257759,0.8431839039153171,0.8373487605999309,0.8268672039955122,0.8100291476671428,0.7906402224022141,0.757797879600842,0.6920418353953279,0.46586910487837396,0.166488322272314
0.6829297025744289,0.8911371013184499,0.9456412687462741,0.981325391450884,1.0,0.9869862000396571,0.9733745667035469,0.960896943839428,0.950554812797327,0.938913162124141,0.928641063324632,0.9181221894481221,0.9128227515903771,0.909899057373414,0.907025483001313,0.903909630628763,0.8947191338792729,0.8893208390059849,0.8818220818367081,0.876270356147097,0.8688153373588291,0.869229410822515,0.8634235367369599,0.860524370821068,0.855795416119743,0.8455255503953001,0.8292391766071651,0.8106432124419541,0.776471752083311,0.7099567694619592,0.486684796255759,0.16251510899149402
0.669276595029815,0.877616704368087,0.931821943735971,0.9658332878757049,0.9869862000396571,1.0,0.989204982823088,0.9765948678595141,0.966628423600621,0.955060171105287,0.944565820432947,0.934256132580152,0.929132969991874,0.9254380145443779,0.9217475815409929,0.9178909930683579,0.9084859047710692,0.903558206173937,0.895624135071875,0.8906966873597529,0.883713712375665,0.8837015291310351,0.8778909395696171,0.875187744580875,0.870725406111458,0.8611822067322591,0.8454949448195269,0.8287532563984259,0.7946131391949101,0.731412512524205,0.509626189475327,0.16900478341768202
0.654004903148217,0.8629743585676322,0.9177432340895758,0.951641465377001,0.9733745667035469,0.989204982823088,1.0,0.990365647802106,0.9793662630082289,0.967683114516754,0.957236198714693,0.94652793115833,0.941188668220173,0.935986722219136,0.9317971164560279,0.928524933994292,0.9195536665670792,0.9152782692144731,0.908348672957879,0.9048396900101909,0.897380367231761,0.89589899320685,0.889781645873738,0.8872532453720251,0.881860239193774,0.8726286621560949,0.85767962600364,0.841673252902945,0.8099664565615259,0.74710934390735,0.531521855060145,0.173942598829998
0.641973378890857,0.852654238533171,0.908262209562438,0.9403493433906809,0.960896943839428,0.9765948678595141,0.990365647802106,1.0,0.990607129471792,0.9789671902713041,0.968747124482646,0.959001926955293,0.952761775403345,0.946316869909646,0.941648964803275,0.937937047973192,0.929623354222586,0.9251424041791659,0.918496713772853,0.913166654359799,0.9060206457443699,0.9033857100506141,0.896248902022031,0.8945114368833521,0.8892750219076792,0.880394076633611,0.867170088900817,0.851335467591688,0.8198693376642959,0.7593905280484209,0.543104178936219,0.182388108283661
0.630998686902333,0.8411808219568159,0.8967622354898229,0.9298654768290441,0.950554812797327,0.966628423600621,0.9793662630082289,0.990607129471792,1.0,0.9912500232539371,0.9810474445495508,0.9705565153791771,0.9631691624678961,0.955322220463078,0.9498510734658728,0.9446200145668531,0.9360175513017841,0.9312506985057719,0.924483754257616,0.9187544923858741,0.911932448609972,0.9087405205065171,0.9026967700015841,0.901006824792994,0.895155941226251,0.887388218545356,0.8757605180481259,0.860231266472275,0.8293520249679691,0.7674588568351259,0.550999821519126,0.19358420870892398
0.6199870448418331,0.8331180861552979,0.888079296532264,0.918600455563475,0.938913162124141,0.955060171105287,0.967683114516754,0.9789671902713041,0.9912500232539371,1.0,0.9928705491214129,0.9822647761671509,0.973854889833421,0.9644326698630521,0.957488193478197,0.951686517351147,0.943015723279769,0.937646516011878,0.9301854661475051,0.9239974231926601,0.9177727894268249,0.914519315915935,0.909154884928814,0.907000853669431,0.902600972965202,0.8948099977834809,0.883619997048794,0.8678310081236899,0.838413404410052,0.778777303545478,0.564568144118082,0.19624336130014497
0.611409809783394,0.8241196938222779,0.880091584654874,0.909078738399577,0.928641063324632,0.944565820432947,0.957236198714693,0.968747124482646,0.9810474445495508,0.9928705491214129,1.0,0.992409246834874,0.983227917728415,0.972692326336357,0.9641591941925809,0.9573074738658249,0.949378007361769,0.9441606193465542,0.93708820428994,0.931108578505976,0.9251685827138442,0.922644218288835,0.917656857949004,0.915126225775643,0.9103860411665881,0.9025739698052441,0.891119340253727,0.874692919396037,0.845712298983396,0.786444548174903,0.5705731167025879,0.20774788550290302
0.599070331239843,0.8145914630154091,0.871091133157773,0.899151652337428,0.9181221894481221,0.934256132580152,0.94652793115833,0.959001926955293,0.9705565153791771,0.9822647761671509,0.992409246834874,1.0,0.992514653020491,0.9820864276774491,0.9734284129373979,0.9665649984731459,0.959833530540947,0.954026598430663,0.9472145825927221,0.9414694762527551,0.936700226128202,0.9349027650594409,0.9305714965408249,0.9274082964890529,0.923612680830753,0.9162917078292849,0.9058368880408559,0.8897343649789541,0.8617503687402179,0.805672393701611,0.594057489202578,0.22820373989565695
0.595020280438248,0.811473050340168,0.866327306848452,0.894351436251283,0.9128227515903771,0.929132969991874,0.941188668220173,0.952761775403345,0.9631691624678961,0.973854889833421,0.983227917728415,0.992514653020491,1.0,0.992432184677097,0.9845242805215809,0.978525784627995,0.971309210697463,0.965015319579419,0.958348427295778,0.9525354093435601,0.9473734525140621,0.9450126904916759,0.940633233018482,0.937588473402002,0.9335775374490279,0.925780446690466,0.916221985940616,0.900222240359486,0.871785708027762,0.815948830892438,0.6075307805883821,0.234124936444222
0.5904117165735071,0.8050883802374891,0.862109317222611,0.8919956946315071,0.909899057373414,0.9254380145443779,0.935986722219136,0.946316869909646,0.955322220463078,0.9644326698630521,0.972692326336357,0.9820864276774491,0.992432184677097,1.0,0.993944767516762,0.9872531193355779,0.9803872338155809,0.975106253921265,0.967690713813198,0.961267326719538,0.9552918028965219,0.952516286657103,0.94749929741961,0.9444979943040781,0.940385811701364,0.9332126708477799,0.92410962364389,0.907280736178681,0.877731626786689,0.8216155060945078,0.6089537496295,0.232332895056088
0.591690369121994,0.8018794075093959,0.8595748948672819,0.88960576001699,0.907025483001313,0.9217475815409929,0.9317971164560279,0.941648964803275,0.9498510734658728,0.957488193478197,0.9641591941925809,0.9734284129373979,0.9845242805215809,0.993944767516762,1.0,0.9935892365253499,0.9865544239653871,0.981014700053996,0.9732080140236609,0.966521557333663,0.9607852654563299,0.95810408452739,0.9535802962266551,0.950992694507097,0.9458808758003341,0.939012189777527,0.9290942547591491,0.911005024071181,0.8825207166041559,0.825148769543637,0.610120898573925,0.233802309890847
0.588829275786633,0.796752433049148,0.854340445509679,0.885348868891322,0.903909630628763,0.9178909930683579,0.928524933994292,0.937937047973192,0.9446200145668531,0.951686517351147,0.9573074738658249,0.9665649984731459,0.978525784627995,0.9872531193355779,0.9935892365253499,1.0,0.9938482197841371,0.987282556717299,0.979970116324912,0.973634977666752,0.9677501597090541,0.9637406574503091,0.958423555466996,0.9554067336476929,0.950731765936989,0.942549035567281,0.932189676886784,0.9146297970319749,0.8865766933976421,0.8302737295014709,0.6149279597734351,0.237798081152075
0.581200385602186,0.788438996822297,0.847521317679518,0.877767183430548,0.8947191338792729,0.9084859047710692,0.9195536665670792,0.929623354222586,0.9360175513017841,0.943015723279769,0.949378007361769,0.959833530540947,0.971309210697463,0.9803872338155809,0.9865544239653871,0.9938482197841371,1.0,0.9937493417233499,0.986877434503091,0.980499777203756,0.9735049273888929,0.9700267445245409,0.9648430751417759,0.96106748993042,0.9558836147120079,0.9479053372281009,0.9381818287008191,0.920345135598395,0.891661951400505,0.8360212683121551,0.6240994509479351,0.242132981445775
0.575465743529713,0.7819109475703331,0.8420099100245351,0.873801959175598,0.8893208390059849,0.903558206173937,0.9152782692144731,0.9251424041791659,0.9312506985057719,0.937646516011878,0.9441606193465542,0.954026598430663,0.965015319579419,0.975106253921265,0.981014700053996,0.987282556717299,0.9937493417233499,1.0,0.9941409555791301,0.987819728400764,0.9801757774997191,0.975337549018058,0.9694099732675059,0.965062350103471,0.959436454054326,0.950943700025855,0.9412018762742941,0.923867981553018,0.8963718600969921,0.841670959605609,0.628384982620158,0.24573824084764997
0.571111910171576,0.7745903947144129,0.8330214271559009,0.8660606088707121,0.8818220818367081,0.895624135071875,0.908348672957879,0.918496713772853,0.924483754257616,0.9301854661475051,0.93708820428994,0.9472145825927221,0.958348427295778,0.967690713813198,0.9732080140236609,0.979970116324912,0.986877434503091,0.9941409555791301,1.0,0.994425317705653,0.987012439397956,0.981649205630097,0.97476514396041,0.9699623576702081,0.963444863971135,0.954757366363176,0.944780985821239,0.9273356425748481,0.899473275570144,0.8462824551029708,0.63579609959759,0.248453648897219
0.564989103866521,0.7681763921427042,0.8265569760141399,0.859308141518527,0.876270356147097,0.8906966873597529,0.9048396900101909,0.913166654359799,0.9187544923858741,0.9239974231926601,0.931108578505976,0.9414694762527551,0.9525354093435601,0.961267326719538,0.966521557333663,0.973634977666752,0.980499777203756,0.987819728400764,0.994425317705653,1.0,0.99377622482242,0.9877657949253079,0.9807950220956569,0.9747850491814559,0.967866193773683,0.958321995307052,0.948469433323557,0.931697552257586,0.9036735319615541,0.847739034740568,0.6398595199157869,0.249888354036878
0.5585724360307851,0.7634014594406329,0.8202388484026679,0.8528248377487699,0.8688153373588291,0.883713712375665,0.897380367231761,0.9060206457443699,0.911932448609972,0.9177727894268249,0.9251685827138442,0.936700226128202,0.9473734525140621,0.9552918028965219,0.9607852654563299,0.9677501597090541,0.9735049273888929,0.9801757774997191,0.987012439397956,0.99377622482242,1.0,0.9940599492793221,0.987113050319327,0.9811697645275441,0.9743548963696179,0.96468656529852,0.955274628567956,0.939743492607258,0.9121143682904258,0.8581735113516329,0.6496665671378891,0.254581006233872
0.559669428136281,0.762023948032761,0.821462005569175,0.8529318288533371,0.869229410822515,0.8837015291310351,0.89589899320685,0.9033857100506141,0.9087405205065171,0.914519315915935,0.922644218288835,0.9349027650594409,0.9450126904916759,0.952516286657103,0.95810408452739,0.9637406574503091,0.9700267445245409,0.975337549018058,0.981649205630097,0.9877657949253079,0.9940599492793221,1.0,0.9934759558332321,0.9865709533238679,0.9804431570489399,0.970618412589095,0.9598774415149408,0.943656223646754,0.9167504378747401,0.86154712490248,0.650930704344606,0.26756344256763
0.5526833333940501,0.755804972145409,0.81479501865363,0.8459394433257759,0.8634235367369599,0.8778909395696171,0.889781645873738,0.896248902022031,0.9026967700015841,0.909154884928814,0.917656857949004,0.9305714965408249,0.940633233018482,0.94749929741961,0.9535802962266551,0.958423555466996,0.9648430751417759,0.9694099732675059,0.97476514396041,0.9807950220956569,0.987113050319327,0.9934759558332321,1.0,0.994085964779086,0.987560519489848,0.9769043042402579,0.964871278112999,0.9493133384352,0.9228600324034271,0.8696742087450121,0.661508064825,0.278919901712906
0.548567336236106,0.7514251868013059,0.812838212408575,0.8431839039153171,0.860524370821068,0.875187744580875,0.8872532453720251,0.8945114368833521,0.901006824792994,0.907000853669431,0.915126225775643,0.9274082964890529,0.937588473402002,0.9444979943040781,0.950992694507097,0.9554067336476929,0.96106748993042,0.965062350103471,0.9699623576702081,0.9747850491814559,0.9811697645275441,0.9865709533238679,0.994085964779086,1.0,0.9931257142343509,0.9826757902667179,0.9702256477300308,0.954552199435735,0.9276497050713101,0.8757634121906109,0.663614471930563,0.28692199474103997
0.541588634249985,0.7411132399060419,0.80581860399887,0.8373487605999309,0.855795416119743,0.870725406111458,0.881860239193774,0.8892750219076792,0.895155941226251,0.902600972965202,0.9103860411665881,0.923612680830753,0.9335775374490279,0.940385811701364,0.9458808758003341,0.950731765936989,0.9558836147120079,0.959436454054326,0.963444863971135,0.967866193773683,0.9743548963696179,0.9804431570489399,0.987560519489848,0.9931257142343509,1.0,0.9909859293511439,0.978277147196742,0.962224509749615,0.9364217730150122,0.8846138091556941,0.6724277574304,0.293645858352742
0.5330994982102729,0.728435237227653,0.7957684390954609,0.8268672039955122,0.8455255503953001,0.8611822067322591,0.8726286621560949,0.880394076633611,0.887388218545356,0.8948099977834809,0.9025739698052441,0.9162917078292849,0.925780446690466,0.9332126708477799,0.939012189777527,0.942549035567281,0.9479053372281009,0.950943700025855,0.954757366363176,0.958321995307052,0.96468656529852,0.970618412589095,0.9769043042402579,0.9826757902667179,0.9909859293511439,1.0,0.988973466449087,0.973374726489763,0.948801095570593,0.8981038636393001,0.6855433719092421,0.310473444084628
0.520199971411124,0.7141102381365328,0.778756294475537,0.8100291476671428,0.8292391766071651,0.8454949448195269,0.85767962600364,0.867170088900817,0.8757605180481259,0.883619997048794,0.891119340253727,0.9058368880408559,0.916221985940616,0.92410962364389,0.9290942547591491,0.932189676886784,0.9381818287008191,0.9412018762742941,0.944780985821239,0.948469433323557,0.955274628567956,0.9598774415149408,0.964871278112999,0.9702256477300308,0.978277147196742,0.988973466449087,1.0,0.984549834080486,0.962015272368284,0.9161698951385391,0.715243058958254,0.33311289253835397
0.506292893437427,0.69156494592291,0.7547261163175909,0.7906402224022141,0.8106432124419541,0.8287532563984259,0.841673252902945,0.851335467591688,0.860231266472275,0.8678310081236899,0.874692919396037,0.8897343649789541,0.900222240359486,0.907280736178681,0.911005024071181,0.9146297970319749,0.920345135598395,0.923867981553018,0.9273356425748481,0.931697552257586,0.939743492607258,0.943656223646754,0.9493133384352,0.954552199435735,0.962224509749615,0.973374726489763,0.984549834080486,1.0,0.981528810536778,0.9405243800230829,0.7480990265541702,0.35947825220726093
0.471475142761286,0.658062944991557,0.721855265604373,0.757797879600842,0.776471752083311,0.7946131391949101,0.8099664565615259,0.8198693376642959,0.8293520249679691,0.838413404410052,0.845712298983396,0.8617503687402179,0.871785708027762,0.877731626786689,0.8825207166041559,0.8865766933976421,0.891661951400505,0.8963718600969921,0.899473275570144,0.9036735319615541,0.9121143682904258,0.9167504378747401,0.9228600324034271,0.9276497050713101,0.9364217730150122,0.948801095570593,0.962015272368284,0.981528810536778,1.0,0.96000127945647,0.773775327298145,0.384954394634239
0.402334784466001,0.592095205335397,0.6579027905353921,0.6920418353953279,0.7099567694619592,0.731412512524205,0.74710934390735,0.7593905280484209,0.7674588568351259,0.778777303545478,0.786444548174903,0.805672393701611,0.815948830892438,0.8216155060945078,0.825148769543637,0.8302737295014709,0.8360212683121551,0.841670959605609,0.8462824551029708,0.847739034740568,0.8581735113516329,0.86154712490248,0.8696742087450121,0.8757634121906109,0.8846138091556941,0.8981038636393001,0.9161698951385391,0.9405243800230829,0.96000127945647,1.0,0.836934211117823,0.43639391950889794
0.266698680362379,0.39141150156423604,0.43463575761252904,0.46586910487837396,0.486684796255759,0.509626189475327,0.531521855060145,0.543104178936219,0.550999821519126,0.564568144118082,0.5705731167025879,0.594057489202578,0.6075307805883821,0.6089537496295,0.610120898573925,0.6149279597734351,0.6240994509479351,0.628384982620158,0.63579609959759,0.6398595199157869,0.6496665671378891,0.650930704344606,0.661508064825,0.663614471930563,0.6724277574304,0.6855433719092421,0.715243058958254,0.7480990265541702,0.773775327298145,0.836934211117823,1.0,0.533577298763531
0.103003510726053,0.127500741239307,0.16196976820965198,0.166488322272314,0.16251510899149402,0.16900478341768202,0.173942598829998,0.182388108283661,0.19358420870892398,0.19624336130014497,0.20774788550290302,0.22820373989565695,0.234124936444222,0.232332895056088,0.233802309890847,0.237798081152075,0.242132981445775,0.24573824084764997,0.248453648897219,0.249888354036878,0.254581006233872,0.26756344256763,0.278919901712906,0.28692199474103997,0.293645858352742,0.310473444084628,0.33311289253835397,0.35947825220726093,0.384954394634239,0.43639391950889794,0.533577298763531,1.0
