1.0,0.987930542320952,0.941935983872038,0.850086949716948,0.7136225283455659,0.630558680892086,0.554067264665669,0.486786593180004,0.433195113366339,0.40122989998976394,0.39283517772286697,0.38006779141273,0.366489323916229,0.35363136374638393,0.366566465613745,0.37397084430254995,0.37269442966507704,0.36748648191745104,0.366876398620237,0.375505195576092,0.3748853683618011,0.37028411898565294,0.36431547678768395,0.37563409942319104,0.37862632731979706,0.372968540493185,0.364305379040901,0.3621850676811379,0.371607491065443,0.36859835779189604,0.36237918739378794,0.35590696011018896
0.987930542320952,1.0,0.982580754687802,0.921402460263715,0.813519922316655,0.738093805629854,0.6589039312172429,0.587041925647482,0.5289512538929511,0.49402130567684205,0.48395792257809706,0.468444999103664,0.451882764878079,0.43617065894972995,0.45140594563330605,0.45975161788490104,0.457593592016462,0.45074080168148906,0.44877602731423794,0.456104066604676,0.452958591207973,0.44557467787484206,0.43696480144794503,0.451213415778979,0.455903944568455,0.449908445288883,0.44008305243638,0.438364206012805,0.45140952845108895,0.448809235745586,0.441963600932426,0.43459806620328906
0.941935983872038,0.982580754687802,1.0,0.9775700422462809,0.907419602846212,0.8435627937556559,0.7636615923360391,0.6885955514154029,0.626960095811883,0.5895874935851121,0.577843174241802,0.559531184503297,0.539917543858658,0.52128242384624,0.538791328073365,0.5480000819507179,0.5448531952433979,0.53624562826267,0.532718257614701,0.538251971225303,0.53217672400564,0.521689891468901,0.51018588164532,0.527495189661539,0.534073605800592,0.5278641936573021,0.5169578543475539,0.515775489972861,0.532751196178416,0.5307243519445479,0.523345497011234,0.515143185515674
0.850086949716948,0.921402460263715,0.9775700422462809,1.0,0.9755702003738209,0.927517976058034,0.85018016553794,0.7746485899497301,0.711595037914328,0.673030198798294,0.659876126412552,0.639164159816587,0.616919454286687,0.595757512545176,0.6151047627709201,0.6249033124312651,0.620768445097005,0.6105351594402461,0.6053856316046229,0.608652447156329,0.599513051859204,0.585951883816248,0.571653054069715,0.591701129341724,0.60014169249077,0.593951709763314,0.582280255114106,0.581755755065542,0.60246992848325,0.601178456038301,0.593506472369822,0.5847017336352529
0.7136225283455659,0.813519922316655,0.907419602846212,0.9755702003738209,1.0,0.970731710273972,0.8997665694888911,0.827361804946965,0.765844666507808,0.7278806258701409,0.713885152976605,0.691660350803865,0.667735067260889,0.6449494987670279,0.665289016916472,0.6752341524017801,0.670266478498831,0.6588268275578589,0.652231511121294,0.652977484567725,0.641078981078276,0.6249595562158029,0.608429312177254,0.630375366945339,0.640354653446313,0.634480982709246,0.6225696408506229,0.62275644419738,0.646379527178487,0.6459168877769721,0.6383060655420849,0.629294034617592
0.630558680892086,0.738093805629854,0.8435627937556559,0.927517976058034,0.970731710273972,1.0,0.977842400506645,0.937195297235506,0.896672858515244,0.869459058141756,0.8528094179572819,0.826313406042985,0.7977735169212259,0.770585791741273,0.785129582128963,0.786770523714875,0.7732462071766301,0.7540014902199209,0.739650723657365,0.729947792078886,0.708650643875391,0.684632079969994,0.6616078028052429,0.680688085381213,0.687736888420242,0.678672378805583,0.663835651657656,0.66398938556308,0.694113369754644,0.696754021190018,0.690689822398607,0.682489015714594
0.554067264665669,0.6589039312172429,0.7636615923360391,0.85018016553794,0.8997665694888911,0.977842400506645,1.0,0.989448988517545,0.969479318566799,0.953088295321962,0.9348506858593408,0.9058163842082649,0.874539110561098,0.8447422299326751,0.853213495342381,0.847174517727444,0.8265409673448292,0.8011765800230269,0.7805954063834879,0.7622098893373449,0.733707933835052,0.703928615766798,0.6763261131022789,0.691657540606969,0.695456984388054,0.6837902238967111,0.66693257505216,0.666918526907468,0.701211462801871,0.706425885405792,0.702011342362784,0.6949253914621178
0.486786593180004,0.587041925647482,0.6885955514154029,0.7746485899497301,0.827361804946965,0.937195297235506,0.989448988517545,1.0,0.9947714205688148,0.986294919610443,0.967430404344602,0.9373909806340021,0.905028856636985,0.8741975492106031,0.878246856114141,0.8670490845588341,0.84202949291489,0.813086383051918,0.788726030704285,0.7648073950780719,0.732056934131856,0.699061576420454,0.6690050897710109,0.6813451430120819,0.68279741866006,0.669631696471349,0.6518117827015569,0.651681979615097,0.687972461819239,0.6948331600814681,0.6916745848376279,0.685543629052945
0.433195113366339,0.5289512538929511,0.626960095811883,0.711595037914328,0.765844666507808,0.896672858515244,0.969479318566799,0.9947714205688148,1.0,0.9972097760765619,0.978142294386141,0.947774841934307,0.9150579082443551,0.8838879452421221,0.8847689435205279,0.870076589719739,0.842282192408276,0.8111830475790219,0.784467314589165,0.756951358572634,0.7216209591471658,0.686776545694028,0.655370949620223,0.6654460970457621,0.665225469105977,0.651169891292399,0.63289738697072,0.63268763278138,0.669926523935057,0.677860777905894,0.675627535525625,0.670247406205592
0.40122989998976394,0.49402130567684205,0.5895874935851121,0.673030198798294,0.7278806258701409,0.869459058141756,0.953088295321962,0.986294919610443,0.9972097760765619,1.0,0.9884143910818441,0.963684375465941,0.9351990010452651,0.9072425423553699,0.9052566755584541,0.8862396588183109,0.854777771476747,0.820691349518418,0.791663727454318,0.7624785731520659,0.7257759596564559,0.689841164104829,0.657572841479787,0.665408727702943,0.6629499214463139,0.6472604425701589,0.627803083087049,0.627473881850355,0.667138925756786,0.6767427410241771,0.675663083719973,0.671106713769231
0.39283517772286697,0.48395792257809706,0.577843174241802,0.659876126412552,0.713885152976605,0.8528094179572819,0.9348506858593408,0.967430404344602,0.978142294386141,0.9884143910818441,1.0,0.99305126699849,0.978112675726425,0.960571200488783,0.9551565734895121,0.928843734883126,0.89090618661641,0.8513859877796979,0.8193085013429642,0.791113822727279,0.754616237790057,0.7185198442338822,0.6859397867873511,0.690729071398166,0.684253759801027,0.665102090446635,0.6428258046712679,0.64226698015216,0.6876681784530071,0.7005461365731221,0.701435166383968,0.698140567971018
0.38006779141273,0.468444999103664,0.559531184503297,0.639164159816587,0.691660350803865,0.826313406042985,0.9058163842082649,0.9373909806340021,0.947774841934307,0.963684375465941,0.99305126699849,1.0,0.995802936906345,0.98661620953493,0.978629348909463,0.947078884193394,0.9047248245766659,0.8616211559994731,0.8276899974479929,0.800712474714611,0.7649553264086599,0.729308713032101,0.697006005732569,0.699356799033849,0.6898704426446259,0.6683394733513629,0.6442324244397659,0.6435044639490021,0.6926298870362819,0.7078412925623141,0.71024258503734,0.7079787927165679
0.366489323916229,0.451882764878079,0.539917543858658,0.616919454286687,0.667735067260889,0.7977735169212259,0.874539110561098,0.905028856636985,0.9150579082443551,0.9351990010452651,0.978112675726425,0.995802936906345,1.0,0.997399074695958,0.9874884370775999,0.952167522691842,0.9067853325966729,0.861308598220942,0.8262615935360451,0.800489685322142,0.765651695441482,0.73069713183352,0.6989202677100071,0.6993520434677571,0.687615037739016,0.6644403780449061,0.63914097652108,0.6382884660178879,0.689838605995646,0.7067187170996991,0.7102730611192649,0.708832675503196
0.35363136374638393,0.43617065894972995,0.52128242384624,0.595757512545176,0.6449494987670279,0.770585791741273,0.8447422299326751,0.8741975492106031,0.8838879452421221,0.9072425423553699,0.960571200488783,0.98661620953493,0.997399074695958,1.0,0.9886328728008349,0.95055124518085,0.9030523614733641,0.855975372213572,0.820256605267615,0.795586364157864,0.761677996099236,0.7274748888994279,0.6962998210115521,0.6952177708013461,0.6817776420223189,0.657445408403906,0.6313564222980911,0.6304108605633,0.6835660611179921,0.7016606232368431,0.7061020323434279,0.7053186079775099
0.366566465613745,0.45140594563330605,0.538791328073365,0.6151047627709201,0.665289016916472,0.785129582128963,0.853213495342381,0.878246856114141,0.8847689435205279,0.9052566755584541,0.9551565734895121,0.978629348909463,0.9874884370775999,0.9886328728008349,1.0,0.9863777824838771,0.957227836680516,0.9237760746215871,0.8964391834676001,0.871677431148957,0.83624712558257,0.8000640391036221,0.766885734669326,0.7626422964177572,0.7442659253024492,0.714920629298447,0.684376660488396,0.6799297240217149,0.72999467855582,0.744898317601492,0.7466707827164809,0.743753765923984
0.37397084430254995,0.45975161788490104,0.5480000819507179,0.6249033124312651,0.6752341524017801,0.786770523714875,0.847174517727444,0.8670490845588341,0.870076589719739,0.8862396588183109,0.928843734883126,0.947078884193394,0.952167522691842,0.95055124518085,0.9863777824838771,1.0,0.991782700880563,0.9741830860094841,0.9567007405387908,0.9322269208273549,0.8958592976931691,0.8583060331824691,0.823689278766527,0.816497626532866,0.7936702501112459,0.7599496138845229,0.7255779732721379,0.7175041114014781,0.7626086800182009,0.773430716249935,0.7720916315275921,0.7668097490182529
0.37269442966507704,0.457593592016462,0.5448531952433979,0.620768445097005,0.670266478498831,0.7732462071766301,0.8265409673448292,0.84202949291489,0.842282192408276,0.854777771476747,0.89090618661641,0.9047248245766659,0.9067853325966729,0.9030523614733641,0.957227836680516,0.991782700880563,1.0,0.9950602075035552,0.985570943935024,0.961781454412193,0.925368986873253,0.8874565319500831,0.852372248854836,0.8430229599958001,0.81716331144367,0.780674171636636,0.7439722139462371,0.7332294548824351,0.7736276702448991,0.7810717265829781,0.7773378764562691,0.770316120581647
0.36748648191745104,0.45074080168148906,0.53624562826267,0.6105351594402461,0.6588268275578589,0.7540014902199209,0.8011765800230269,0.813086383051918,0.8111830475790219,0.820691349518418,0.8513859877796979,0.8616211559994731,0.861308598220942,0.855975372213572,0.9237760746215871,0.9741830860094841,0.9950602075035552,1.0,0.996820537700938,0.973831276769683,0.9377960618572779,0.900033909576656,0.864983857359133,0.8540660982906669,0.8261461201474671,0.7879216135536541,0.74982671843274,0.7371345333467321,0.7734235896028471,0.778162185006039,0.7726123136302679,0.7643199218965809
0.366876398620237,0.44877602731423794,0.532718257614701,0.6053856316046229,0.652231511121294,0.739650723657365,0.7805954063834879,0.788726030704285,0.784467314589165,0.791663727454318,0.8193085013429642,0.8276899974479929,0.8262615935360451,0.820256605267615,0.8964391834676001,0.9567007405387908,0.985570943935024,0.996820537700938,1.0,0.9856796863889371,0.9559969095453441,0.922870142600947,0.89125402793593,0.8791852858343521,0.848359657643544,0.807488487648432,0.7671687291876641,0.7520629321817941,0.7843703218320501,0.786210756456323,0.7785894196193441,0.7687839799668091
0.375505195576092,0.456104066604676,0.538251971225303,0.608652447156329,0.652977484567725,0.729947792078886,0.7622098893373449,0.7648073950780719,0.756951358572634,0.7624785731520659,0.791113822727279,0.800712474714611,0.800489685322142,0.795586364157864,0.871677431148957,0.9322269208273549,0.961781454412193,0.973831276769683,0.9856796863889371,1.0,0.9917783996357329,0.974595073309955,0.9549647401987099,0.9422591157884158,0.905736409747413,0.8593873337348671,0.8143281736572819,0.794989622198986,0.822167618832598,0.8196863029124609,0.8087334766859471,0.7963796170487291
0.3748853683618011,0.452958591207973,0.53217672400564,0.599513051859204,0.641078981078276,0.708650643875391,0.733707933835052,0.732056934131856,0.7216209591471658,0.7257759596564559,0.754616237790057,0.7649553264086599,0.765651695441482,0.761677996099236,0.83624712558257,0.8958592976931691,0.925368986873253,0.9377960618572779,0.9559969095453441,0.9917783996357329,1.0,0.995243695101929,0.985083742195217,0.972137342397845,0.931988467568669,0.882367120145364,0.8345714950309829,0.812389980963537,0.8351566339421658,0.8294430333371441,0.8161711142195509,0.8021191543212
0.37028411898565294,0.44557467787484206,0.521689891468901,0.585951883816248,0.6249595562158029,0.684632079969994,0.703928615766798,0.699061576420454,0.686776545694028,0.689841164104829,0.7185198442338822,0.729308713032101,0.73069713183352,0.7274748888994279,0.8000640391036221,0.8583060331824691,0.8874565319500831,0.900033909576656,0.922870142600947,0.974595073309955,0.995243695101929,1.0,0.997161400112917,0.9841743130161709,0.9417072175721679,0.8901413983432349,0.8407890799241179,0.816687658097465,0.8358453460979649,0.827734065993371,0.812842901154913,0.797653025824262
0.36431547678768395,0.43696480144794503,0.51018588164532,0.571653054069715,0.608429312177254,0.6616078028052429,0.6763261131022789,0.6690050897710109,0.655370949620223,0.657572841479787,0.6859397867873511,0.697006005732569,0.6989202677100071,0.6962998210115521,0.766885734669326,0.823689278766527,0.852372248854836,0.864983857359133,0.89125402793593,0.9549647401987099,0.985083742195217,0.997161400112917,1.0,0.987066073384123,0.9430838780527809,0.8903511071743471,0.8401171324200011,0.8146888203878578,0.830932315068914,0.8210207007262941,0.8049750260338199,0.789004609241953
0.37563409942319104,0.451213415778979,0.527495189661539,0.591701129341724,0.630375366945339,0.680688085381213,0.691657540606969,0.6813451430120819,0.6654460970457621,0.665408727702943,0.690729071398166,0.699356799033849,0.6993520434677571,0.6952177708013461,0.7626422964177572,0.816497626532866,0.8430229599958001,0.8540660982906669,0.8791852858343521,0.9422591157884158,0.972137342397845,0.9841743130161709,0.987066073384123,1.0,0.984105268593413,0.951616466889078,0.915911451973707,0.8962364968237739,0.8988633190854108,0.878283473329651,0.8543005580044499,0.832384563076757
0.37862632731979706,0.455903944568455,0.534073605800592,0.60014169249077,0.640354653446313,0.687736888420242,0.695456984388054,0.68279741866006,0.665225469105977,0.6629499214463139,0.684253759801027,0.6898704426446259,0.687615037739016,0.6817776420223189,0.7442659253024492,0.7936702501112459,0.81716331144367,0.8261461201474671,0.848359657643544,0.905736409747413,0.931988467568669,0.9417072175721679,0.9430838780527809,0.984105268593413,1.0,0.991060907462264,0.9726328594261229,0.9602184732342571,0.948539880501629,0.917290619627707,0.885575824585955,0.8579620540092281
0.372968540493185,0.449908445288883,0.5278641936573021,0.593951709763314,0.634480982709246,0.678672378805583,0.6837902238967111,0.669631696471349,0.651169891292399,0.6472604425701589,0.665102090446635,0.6683394733513629,0.6644403780449061,0.657445408403906,0.714920629298447,0.7599496138845229,0.780674171636636,0.7879216135536541,0.807488487648432,0.8593873337348671,0.882367120145364,0.8901413983432349,0.8903511071743471,0.951616466889078,0.991060907462264,1.0,0.994935915976011,0.9882351873382149,0.9660536093491859,0.927441513495798,0.8905804046459972,0.859262796364218
0.364305379040901,0.44008305243638,0.5169578543475539,0.582280255114106,0.6225696408506229,0.663835651657656,0.66693257505216,0.6518117827015569,0.63289738697072,0.627803083087049,0.6428258046712679,0.6442324244397659,0.63914097652108,0.6313564222980911,0.684376660488396,0.7255779732721379,0.7439722139462371,0.74982671843274,0.7671687291876641,0.8143281736572819,0.8345714950309829,0.8407890799241179,0.8401171324200011,0.915911451973707,0.9726328594261229,0.994935915976011,1.0,0.997683004710225,0.9678501878134409,0.924146504434963,0.883843076796827,0.850104505363956
0.3621850676811379,0.438364206012805,0.515775489972861,0.581755755065542,0.62275644419738,0.66398938556308,0.666918526907468,0.651681979615097,0.63268763278138,0.627473881850355,0.64226698015216,0.6435044639490021,0.6382884660178879,0.6304108605633,0.6799297240217149,0.7175041114014781,0.7332294548824351,0.7371345333467321,0.7520629321817941,0.794989622198986,0.812389980963537,0.816687658097465,0.8146888203878578,0.8962364968237739,0.9602184732342571,0.9882351873382149,0.997683004710225,1.0,0.977266582251962,0.938012135242819,0.900592671900434,0.868820162949338
0.371607491065443,0.45140952845108895,0.532751196178416,0.60246992848325,0.646379527178487,0.694113369754644,0.701211462801871,0.687972461819239,0.669926523935057,0.667138925756786,0.6876681784530071,0.6926298870362819,0.689838605995646,0.6835660611179921,0.72999467855582,0.7626086800182009,0.7736276702448991,0.7734235896028471,0.7843703218320501,0.822167618832598,0.8351566339421658,0.8358453460979649,0.830932315068914,0.8988633190854108,0.948539880501629,0.9660536093491859,0.9678501878134409,0.977266582251962,1.0,0.9901725523478871,0.97227408038767,0.954043039933625
0.36859835779189604,0.448809235745586,0.5307243519445479,0.601178456038301,0.6459168877769721,0.696754021190018,0.706425885405792,0.6948331600814681,0.677860777905894,0.6767427410241771,0.7005461365731221,0.7078412925623141,0.7067187170996991,0.7016606232368431,0.744898317601492,0.773430716249935,0.7810717265829781,0.778162185006039,0.786210756456323,0.8196863029124609,0.8294430333371441,0.827734065993371,0.8210207007262941,0.878283473329651,0.917290619627707,0.927441513495798,0.924146504434963,0.938012135242819,0.9901725523478871,1.0,0.995422465809405,0.986576342583648
0.36237918739378794,0.441963600932426,0.523345497011234,0.593506472369822,0.6383060655420849,0.690689822398607,0.702011342362784,0.6916745848376279,0.675627535525625,0.675663083719973,0.701435166383968,0.71024258503734,0.7102730611192649,0.7061020323434279,0.7466707827164809,0.7720916315275921,0.7773378764562691,0.7726123136302679,0.7785894196193441,0.8087334766859471,0.8161711142195509,0.812842901154913,0.8049750260338199,0.8543005580044499,0.885575824585955,0.8905804046459972,0.883843076796827,0.900592671900434,0.97227408038767,0.995422465809405,1.0,0.9976673223586041
0.35590696011018896,0.43459806620328906,0.515143185515674,0.5847017336352529,0.629294034617592,0.682489015714594,0.6949253914621178,0.685543629052945,0.670247406205592,0.671106713769231,0.698140567971018,0.7079787927165679,0.708832675503196,0.7053186079775099,0.743753765923984,0.7668097490182529,0.770316120581647,0.7643199218965809,0.7687839799668091,0.7963796170487291,0.8021191543212,0.797653025824262,0.789004609241953,0.832384563076757,0.8579620540092281,0.859262796364218,0.850104505363956,0.868820162949338,0.954043039933625,0.986576342583648,0.9976673223586041,1.0
