1.0,0.970718276253774,0.839183414460103,0.761039446412207,0.729085887842247,0.667841973872189,0.653643223733957,0.6129822992512529,0.5741105473723149,0.5559064465290761,0.5281529421098701,0.498135471075544,0.46416017672634996,0.429243562551505,0.400421973923047,0.36900116001466,0.34839849298399606,0.336250465238601,0.32289864597938106,0.287122420234736,0.25402865793947,0.226833424414013,0.20260835760470897,0.18379469129372303,0.165783447119929,0.148273925810655,0.134190007065861,0.10516153532703999,0.0824805328093167,0.0516602406016718,0.005735640726229029,0.0189534839796374
0.970718276253774,1.0,0.9452543953931709,0.8923907283772281,0.856842776160539,0.787003585524473,0.770209756212787,0.722233733109376,0.67647632871041,0.655232114688359,0.622736250117587,0.589527197599472,0.552002111197757,0.512843058314158,0.479235365993133,0.44234535931670504,0.41957452195260203,0.407990057887605,0.394649240264037,0.35463237699376204,0.316993506937611,0.286165791844977,0.25904562828003896,0.23753229229477696,0.21485278716253303,0.191862860869332,0.173401613863318,0.145914145964263,0.123210628958769,0.0940475267471964,0.0475358571949311,0.019933375115723
0.839183414460103,0.9452543953931709,1.0,0.986475929579482,0.949405216737636,0.874491031809496,0.855759269949265,0.802380747493496,0.751594523281437,0.7282284771447439,0.692361870052128,0.657956185401991,0.619155815532658,0.5779349840294351,0.541002219170181,0.5001694372343161,0.47660558468922204,0.46688172043087295,0.454816877696686,0.41282176646846397,0.37256625490783507,0.33971786123872993,0.31122828613708,0.28808104117829103,0.261203572547698,0.23294174620133198,0.21027903377235896,0.187483213391685,0.16689514158198998,0.142739910997535,0.0998271968305912,0.0708760873351245
0.761039446412207,0.8923907283772281,0.986475929579482,1.0,0.9831408322067,0.9285355477850149,0.9086519894218309,0.8519803132957902,0.7982702243463591,0.773991611826251,0.7364372845865971,0.7029911080210501,0.665302944774686,0.6243316390600041,0.585791524840192,0.5427480244559689,0.5182062363252561,0.508572695977977,0.496299289451868,0.454416560267544,0.413725499390188,0.37963406527134097,0.34801153465824103,0.322282999364776,0.295108141428711,0.267044610436876,0.24414962283504102,0.22754973847411103,0.21005357004081399,0.188324715669139,0.142959114739827,0.11002318312323801
0.729085887842247,0.856842776160539,0.949405216737636,0.9831408322067,1.0,0.9807454049504329,0.9597927545218129,0.899982211625451,0.8435636961654991,0.8186371229075129,0.779683147493861,0.747906165431307,0.7121044280730849,0.672030374680915,0.632175029597339,0.5871238927373729,0.560999725107863,0.550177604973462,0.53653719352489,0.49525791532887503,0.454690924961187,0.419159167986869,0.38264566472165995,0.35320653861034795,0.32762029532121,0.30260465503083,0.28148932391094,0.27181408466981,0.257736163402932,0.236464393636486,0.18398291438624698,0.144722829425781
0.667841973872189,0.787003585524473,0.874491031809496,0.9285355477850149,0.9807454049504329,1.0,0.980355697531337,0.9210468208962092,0.8647694606212059,0.8401983394273291,0.8012493045782689,0.772577955040846,0.7402274913652981,0.7026415970536519,0.6628303356850699,0.617189025619479,0.590275819338702,0.578568943989599,0.563928923414709,0.5247186974620001,0.485646192845366,0.449930185495044,0.40996171767091,0.37786152247550503,0.354758257613286,0.333576577511888,0.31485053647581296,0.312901109072123,0.302869800252802,0.28274806774155,0.22412958620439702,0.17911858830493801
0.653643223733957,0.770209756212787,0.855759269949265,0.9086519894218309,0.9597927545218129,0.980355697531337,1.0,0.9797680843759421,0.946350455833718,0.925063819549298,0.8880549378206078,0.863284587335891,0.834074420901629,0.7981845791556491,0.758363700785493,0.7107646222494141,0.6827115582526859,0.6707978155303829,0.6553278430965479,0.614342455214822,0.5726404365404331,0.538368347973895,0.5086572754441621,0.481939563839126,0.45548800655531196,0.426612996721192,0.401393424141776,0.39895135699034495,0.386225761537997,0.36350857872984105,0.29451677218049893,0.239627695198842
0.6129822992512529,0.722233733109376,0.802380747493496,0.8519803132957902,0.899982211625451,0.9210468208962092,0.9797680843759421,1.0,0.991120255232082,0.974021346818178,0.9404675879248839,0.9206504625057231,0.8957999651680351,0.863072612380389,0.824841377353675,0.777167572186329,0.7490846482031809,0.737439512385745,0.72174874142085,0.6806082787162759,0.6379130613235949,0.606482645791874,0.588373048907529,0.5681900337002089,0.539403403207545,0.5038817678857179,0.473086179420466,0.47024231829804497,0.45529396448842396,0.43085562323885096,0.35410909912817895,0.29140139367601897
0.5741105473723149,0.67647632871041,0.751594523281437,0.7982702243463591,0.8435636961654991,0.8647694606212059,0.946350455833718,0.991120255232082,1.0,0.991945616366508,0.9673087542398721,0.9523480280373299,0.930531031660236,0.90035633240441,0.8650935113252141,0.818992406073791,0.7917805035788609,0.7806859044236949,0.765192814639315,0.7251060713553481,0.6827004469363691,0.6536264767588791,0.64291351457302,0.626844705909819,0.5972468558164781,0.558307360725698,0.524483583941583,0.5201259874336359,0.5027523515386849,0.47687625747739004,0.39520635298092405,0.32733156362580895
0.5559064465290761,0.655232114688359,0.7282284771447439,0.773991611826251,0.8186371229075129,0.8401983394273291,0.925063819549298,0.974021346818178,0.991945616366508,1.0,0.9916399975253409,0.98107997445841,0.959766818241283,0.9303382499256422,0.8989358721930529,0.8552578121666321,0.829313806528586,0.8188168246249979,0.803599718798807,0.764972155486717,0.7232576181522501,0.6949423270696761,0.685518226952049,0.669702753497334,0.640435721581156,0.6012439356386021,0.5667705087459111,0.559091881232376,0.538309185052379,0.510458040633771,0.42493514298361706,0.35316814333595203
0.5281529421098701,0.622736250117587,0.692361870052128,0.7364372845865971,0.779683147493861,0.8012493045782689,0.8880549378206078,0.9404675879248839,0.9673087542398721,0.9916399975253409,1.0,0.994097978129738,0.9736511481426379,0.945470164857588,0.918520672860559,0.8780345445143101,0.8538119336500971,0.8440976388548629,0.829413756230583,0.7929125560823961,0.7525930484819259,0.725519683856724,0.71756468153632,0.7022692706533951,0.673824061551847,0.635024480076889,0.6004603005649499,0.589525678511519,0.565614381607443,0.53621257720254,0.448181267401365,0.37363803599877404
0.498135471075544,0.589527197599472,0.657956185401991,0.7029911080210501,0.747906165431307,0.772577955040846,0.863284587335891,0.9206504625057231,0.9523480280373299,0.98107997445841,0.994097978129738,1.0,0.992379165555728,0.9746189115471441,0.9509061777314309,0.912369767851547,0.888327185647359,0.8775491138371729,0.8616681295317359,0.8283803438765229,0.79048000812977,0.7646125647283621,0.75601723720562,0.7397610273515309,0.710084724812165,0.6696305030245021,0.633509916020461,0.624654082763185,0.601182461410348,0.5733346998844511,0.484536760193099,0.4073240022466721
0.46416017672634996,0.552002111197757,0.619155815532658,0.665302944774686,0.7121044280730849,0.7402274913652981,0.834074420901629,0.8957999651680351,0.930531031660236,0.959766818241283,0.9736511481426379,0.992379165555728,1.0,0.9946030849837969,0.9738197583896578,0.9371784973487001,0.9131483459166321,0.900999200167249,0.8837122884984009,0.8540697424863342,0.819113057237332,0.7946409890858491,0.784970514798878,0.767599777597717,0.736551376454771,0.6944544273098069,0.656893014126505,0.651522594021469,0.629697002146541,0.6044493366050739,0.516407414847957,0.437611076661236
0.429243562551505,0.512843058314158,0.5779349840294351,0.6243316390600041,0.672030374680915,0.7026415970536519,0.7981845791556491,0.863072612380389,0.90035633240441,0.9303382499256422,0.945470164857588,0.9746189115471441,0.9946030849837969,1.0,0.9859769577436049,0.9545403848958198,0.932307565178713,0.919474892547465,0.9014398133980699,0.8764172598922428,0.845213684667322,0.822645199863966,0.811983145488696,0.793580170314063,0.762463380185055,0.7203465090919209,0.6824874278945009,0.677974946542414,0.655971548209067,0.631720430799215,0.543321764055043,0.462660834457328
0.400421973923047,0.479235365993133,0.541002219170181,0.585791524840192,0.632175029597339,0.6628303356850699,0.758363700785493,0.824841377353675,0.8650935113252141,0.8989358721930529,0.918520672860559,0.9509061777314309,0.9738197583896578,0.9859769577436049,1.0,0.990899136363658,0.9790690134999229,0.9681610494786529,0.9515311378019309,0.9363987837117809,0.912736142975528,0.894132396750042,0.881991808847871,0.8616333149119909,0.835455502892187,0.7993925997983811,0.764976294184641,0.747870150608512,0.715070035171873,0.6826157388617641,0.5832695763664301,0.494321389526419
0.36900116001466,0.44234535931670504,0.5001694372343161,0.5427480244559689,0.5871238927373729,0.617189025619479,0.7107646222494141,0.777167572186329,0.818992406073791,0.8552578121666321,0.8780345445143101,0.912369767851547,0.9371784973487001,0.9545403848958198,0.990899136363658,1.0,0.9968021571145931,0.987669312814125,0.9725122549266649,0.9656662054691991,0.948569073310745,0.9335430180958358,0.920457658141037,0.898937398865824,0.8772776991323871,0.8468340309766871,0.8158971648889971,0.7889821530704871,0.748142926411009,0.709734405537371,0.603585840920903,0.5097687560495321
0.34839849298399606,0.41957452195260203,0.47660558468922204,0.5182062363252561,0.560999725107863,0.590275819338702,0.6827115582526859,0.7490846482031809,0.7917805035788609,0.829313806528586,0.8538119336500971,0.888327185647359,0.9131483459166321,0.932307565178713,0.9790690134999229,0.9968021571145931,1.0,0.995967116424374,0.9853742312435341,0.980939001560432,0.965205943521494,0.950865147756646,0.9374208476820151,0.9154263089416841,0.8962873179648628,0.8689669333439269,0.8400103892260079,0.8096400885499581,0.7657685829797349,0.724614582507671,0.614418666245894,0.517782781318202
0.336250465238601,0.407990057887605,0.46688172043087295,0.508572695977977,0.550177604973462,0.578568943989599,0.6707978155303829,0.737439512385745,0.7806859044236949,0.8188168246249979,0.8440976388548629,0.8775491138371729,0.900999200167249,0.919474892547465,0.9681610494786529,0.987669312814125,0.995967116424374,1.0,0.9966888386407851,0.9901879514643741,0.9717542012744119,0.955810769230991,0.942389962647641,0.920341327579397,0.902251522035117,0.876200117296295,0.8480674344382181,0.8188818439390201,0.7755328980694279,0.733802585680239,0.621002681651125,0.522577242111535
0.32289864597938106,0.394649240264037,0.454816877696686,0.496299289451868,0.53653719352489,0.563928923414709,0.6553278430965479,0.72174874142085,0.765192814639315,0.803599718798807,0.829413756230583,0.8616681295317359,0.8837122884984009,0.9014398133980699,0.9515311378019309,0.9725122549266649,0.9853742312435341,0.9966888386407851,1.0,0.991672341116485,0.9709194272375471,0.953634626272708,0.940328601571453,0.918384532593495,0.9013715942548409,0.8766517123760429,0.849461650052415,0.8215530436965831,0.778979653318615,0.7370177391180579,0.622643673561734,0.52328204079608
0.287122420234736,0.35463237699376204,0.41282176646846397,0.454416560267544,0.49525791532887503,0.5247186974620001,0.614342455214822,0.6806082787162759,0.7251060713553481,0.764972155486717,0.7929125560823961,0.8283803438765229,0.8540697424863342,0.8764172598922428,0.9363987837117809,0.9656662054691991,0.980939001560432,0.9901879514643741,0.991672341116485,1.0,0.993645289780662,0.9839215048839591,0.9674156010909509,0.942981897583812,0.9295256631244391,0.9099157890629691,0.885998006795022,0.8575833823328181,0.8135218734973821,0.7720285572807192,0.656790499660864,0.554845258005734
0.25402865793947,0.316993506937611,0.37256625490783507,0.413725499390188,0.454690924961187,0.485646192845366,0.5726404365404331,0.6379130613235949,0.6827004469363691,0.7232576181522501,0.7525930484819259,0.79048000812977,0.819113057237332,0.845213684667322,0.912736142975528,0.948569073310745,0.965205943521494,0.9717542012744119,0.9709194272375471,0.993645289780662,1.0,0.997049234760482,0.9780020543974559,0.9517441416192891,0.9414041973540759,0.926299045567435,0.9054076249369208,0.8767967194297909,0.831959330130659,0.7914478307731629,0.677178943021397,0.574477890646674
0.226833424414013,0.286165791844977,0.33971786123872993,0.37963406527134097,0.419159167986869,0.449930185495044,0.538368347973895,0.606482645791874,0.6536264767588791,0.6949423270696761,0.725519683856724,0.7646125647283621,0.7946409890858491,0.822645199863966,0.894132396750042,0.9335430180958358,0.950865147756646,0.955810769230991,0.953634626272708,0.9839215048839591,0.997049234760482,1.0,0.987185174056221,0.9649088426054899,0.9568870631222629,0.9429317679650999,0.922676520765742,0.891900571667797,0.845115412990565,0.8031127172291909,0.686608112753701,0.582135497526236
0.20260835760470897,0.25904562828003896,0.31122828613708,0.34801153465824103,0.38264566472165995,0.40996171767091,0.5086572754441621,0.588373048907529,0.64291351457302,0.685518226952049,0.71756468153632,0.75601723720562,0.784970514798878,0.811983145488696,0.881991808847871,0.920457658141037,0.9374208476820151,0.942389962647641,0.940328601571453,0.9674156010909509,0.9780020543974559,0.987185174056221,1.0,0.9944467479236841,0.987945034655602,0.9688810739244941,0.944706178301071,0.907037840367567,0.8551703841341249,0.806151682067731,0.679944014138425,0.57074534350424
0.18379469129372303,0.23753229229477696,0.28808104117829103,0.322282999364776,0.35320653861034795,0.37786152247550503,0.481939563839126,0.5681900337002089,0.626844705909819,0.669702753497334,0.7022692706533951,0.7397610273515309,0.767599777597717,0.793580170314063,0.8616333149119909,0.898937398865824,0.9154263089416841,0.920341327579397,0.918384532593495,0.942981897583812,0.9517441416192891,0.9649088426054899,0.9944467479236841,1.0,0.994591811319209,0.972425709306307,0.946004395658917,0.904318111059638,0.849825300393152,0.7968660834081541,0.666026803206224,0.5552406133094371
0.165783447119929,0.21485278716253303,0.261203572547698,0.295108141428711,0.32762029532121,0.354758257613286,0.45548800655531196,0.539403403207545,0.5972468558164781,0.640435721581156,0.673824061551847,0.710084724812165,0.736551376454771,0.762463380185055,0.835455502892187,0.8772776991323871,0.8962873179648628,0.902251522035117,0.9013715942548409,0.9295256631244391,0.9414041973540759,0.9568870631222629,0.987945034655602,0.994591811319209,1.0,0.9910029107074549,0.9737497935866509,0.935902720327961,0.882888488727308,0.8289584970872809,0.6915387601221071,0.5756778017994649
0.148273925810655,0.191862860869332,0.23294174620133198,0.267044610436876,0.30260465503083,0.333576577511888,0.426612996721192,0.5038817678857179,0.558307360725698,0.6012439356386021,0.635024480076889,0.6696305030245021,0.6944544273098069,0.7203465090919209,0.7993925997983811,0.8468340309766871,0.8689669333439269,0.876200117296295,0.8766517123760429,0.9099157890629691,0.926299045567435,0.9429317679650999,0.9688810739244941,0.972425709306307,0.9910029107074549,1.0,0.9954537528142329,0.964550206827861,0.9151443129315859,0.862259081457034,0.720168593127639,0.600050571576414
0.134190007065861,0.173401613863318,0.21027903377235896,0.24414962283504102,0.28148932391094,0.31485053647581296,0.401393424141776,0.473086179420466,0.524483583941583,0.5667705087459111,0.6004603005649499,0.633509916020461,0.656893014126505,0.6824874278945009,0.764976294184641,0.8158971648889971,0.8400103892260079,0.8480674344382181,0.849461650052415,0.885998006795022,0.9054076249369208,0.922676520765742,0.944706178301071,0.946004395658917,0.9737497935866509,0.9954537528142329,1.0,0.9743761072028551,0.9280789929919459,0.8765162917515079,0.7326576493223921,0.610825295582901
0.10516153532703999,0.145914145964263,0.187483213391685,0.22754973847411103,0.27181408466981,0.312901109072123,0.39895135699034495,0.47024231829804497,0.5201259874336359,0.559091881232376,0.589525678511519,0.624654082763185,0.651522594021469,0.677974946542414,0.747870150608512,0.7889821530704871,0.8096400885499581,0.8188818439390201,0.8215530436965831,0.8575833823328181,0.8767967194297909,0.891900571667797,0.907037840367567,0.904318111059638,0.935902720327961,0.964550206827861,0.9743761072028551,1.0,0.9880545910851021,0.954106107545322,0.804577300276747,0.675263318901594
0.0824805328093167,0.123210628958769,0.16689514158198998,0.21005357004081399,0.257736163402932,0.302869800252802,0.386225761537997,0.45529396448842396,0.5027523515386849,0.538309185052379,0.565614381607443,0.601182461410348,0.629697002146541,0.655971548209067,0.715070035171873,0.748142926411009,0.7657685829797349,0.7755328980694279,0.778979653318615,0.8135218734973821,0.831959330130659,0.845115412990565,0.8551703841341249,0.849825300393152,0.882888488727308,0.9151443129315859,0.9280789929919459,0.9880545910851021,1.0,0.9791243367072171,0.830125114942635,0.699501218011516
0.0516602406016718,0.0940475267471964,0.142739910997535,0.188324715669139,0.236464393636486,0.28274806774155,0.36350857872984105,0.43085562323885096,0.47687625747739004,0.510458040633771,0.53621257720254,0.5733346998844511,0.6044493366050739,0.631720430799215,0.6826157388617641,0.709734405537371,0.724614582507671,0.733802585680239,0.7370177391180579,0.7720285572807192,0.7914478307731629,0.8031127172291909,0.806151682067731,0.7968660834081541,0.8289584970872809,0.862259081457034,0.8765162917515079,0.954106107545322,0.9791243367072171,1.0,0.922426167583787,0.823899008106453
0.005735640726229029,0.0475358571949311,0.0998271968305912,0.142959114739827,0.18398291438624698,0.22412958620439702,0.29451677218049893,0.35410909912817895,0.39520635298092405,0.42493514298361706,0.448181267401365,0.484536760193099,0.516407414847957,0.543321764055043,0.5832695763664301,0.603585840920903,0.614418666245894,0.621002681651125,0.622643673561734,0.656790499660864,0.677178943021397,0.686608112753701,0.679944014138425,0.666026803206224,0.6915387601221071,0.720168593127639,0.7326576493223921,0.804577300276747,0.830125114942635,0.922426167583787,1.0,0.9788446732344099
0.0189534839796374,0.019933375115723,0.0708760873351245,0.11002318312323801,0.144722829425781,0.17911858830493801,0.239627695198842,0.29140139367601897,0.32733156362580895,0.35316814333595203,0.37363803599877404,0.4073240022466721,0.437611076661236,0.462660834457328,0.494321389526419,0.5097687560495321,0.517782781318202,0.522577242111535,0.52328204079608,0.554845258005734,0.574477890646674,0.582135497526236,0.57074534350424,0.5552406133094371,0.5756778017994649,0.600050571576414,0.610825295582901,0.675263318901594,0.699501218011516,0.823899008106453,0.9788446732344099,1.0
