1.0,0.8252137991811178,0.777867388006807,0.7602594772697561,0.7387141931886609,0.7290682671378059,0.720474250983655,0.7133515177839058,0.700410433554413,0.694434075724248,0.687623493755507,0.677271916248845,0.6678735067229561,0.6587540847913741,0.64592913851679,0.639847048914606,0.6267634359135219,0.620173367368093,0.613856413926026,0.60418988707152,0.594811428666628,0.585348695720354,0.573830126431176,0.562696238883968,0.5554864306049929,0.5457285548874149,0.540405105189112,0.5154320125825921,0.48651532366286004,0.340228518696224,0.255313042070693,0.13391728432624198
0.8252137991811178,1.0,0.954652773473526,0.934138425363103,0.916715489420473,0.905540785160639,0.8935313578156691,0.884116292288592,0.876168109711968,0.870775966831442,0.864341641211,0.854880197700322,0.846654922639332,0.8388352693267099,0.830177711408679,0.822213611763873,0.812548204028241,0.805119441232323,0.79746020486966,0.7894792426186429,0.780172860317369,0.7717362274622489,0.757853770376808,0.7458560729979749,0.735684329454894,0.7219721577403879,0.711077620622571,0.681693760783611,0.6383319523549039,0.443252790005127,0.369520878018174,0.21569508790105302
0.777867388006807,0.954652773473526,1.0,0.9796303934053259,0.9650891107276508,0.951734440187067,0.9415058038122329,0.931508168789079,0.9249713664938459,0.9199690469386071,0.914201337895601,0.9069714928432571,0.8991358506259408,0.8909578788053149,0.882156747460784,0.874017335587613,0.864813530253559,0.8557116303448281,0.8460296282880241,0.838164550124896,0.8284403703966171,0.8198534738304379,0.8071774361735241,0.7948109532065841,0.7826165710767041,0.768613723928423,0.7561379261835051,0.72417847115825,0.681169411734044,0.47154569804158897,0.39022449375311097,0.231228834289358
0.7602594772697561,0.934138425363103,0.9796303934053259,1.0,0.9866894234390869,0.973369743301509,0.963898710929611,0.955981978288821,0.9500103856418308,0.9452795675392769,0.9387400340542931,0.931868737689438,0.923975729669942,0.9172004031344331,0.9078598988494091,0.8995321463799358,0.8913535574628879,0.8827742027702921,0.87384416785053,0.8663067589947291,0.856671162501146,0.848633014003847,0.836817933957866,0.8239681897093771,0.8112137755436851,0.7970121290220171,0.78264943448068,0.7517929913007471,0.707064440807336,0.488025034192582,0.413636859278852,0.251617944807649
0.7387141931886609,0.916715489420473,0.9650891107276508,0.9866894234390869,1.0,0.9889986262682908,0.979247249568703,0.971787725537208,0.965602263755188,0.9593687297609599,0.9531115831659409,0.946569390967051,0.9383984463500251,0.9324023291060831,0.923633188743969,0.915506305442778,0.9081058344964029,0.899979610678128,0.891648593713783,0.8839961171986022,0.876051955290097,0.868186507284415,0.8576800377463009,0.845616034396922,0.8329091477198329,0.819552924201125,0.8046796984072,0.772641277894201,0.727304989379496,0.49917729651089504,0.43173190010495094,0.27208134566798603
0.7290682671378059,0.905540785160639,0.951734440187067,0.973369743301509,0.9889986262682908,1.0,0.991673003837205,0.984820782146212,0.978459950081578,0.972131378754567,0.9655992254947829,0.958702788499368,0.950743752195479,0.944883233976918,0.936278323533842,0.928842185449505,0.922115208247395,0.913729685665994,0.905842919638716,0.898292289121277,0.8907831929909591,0.8827567588383379,0.8730641102624641,0.8617925680997421,0.849649504192712,0.8360591594297572,0.819692054362223,0.7863123856251791,0.7414774470733609,0.507757066557149,0.447688374022632,0.28963013004655896
0.720474250983655,0.8935313578156691,0.9415058038122329,0.963898710929611,0.979247249568703,0.991673003837205,1.0,0.9944918440284001,0.9882016275436228,0.98169061131432,0.9752120789044709,0.9677863199523928,0.9602719939802571,0.9534636621162571,0.9458443691548539,0.938156510757391,0.9310420860905542,0.922526275467608,0.914653091162498,0.9067833339106558,0.899375730519505,0.8907661272995369,0.8817158152495171,0.871544914533976,0.8594255521253471,0.8462058460055841,0.829383308987484,0.796072487412847,0.751105403073851,0.5143774055554401,0.455448518360406,0.30063976136412895
0.7133515177839058,0.884116292288592,0.931508168789079,0.955981978288821,0.971787725537208,0.984820782146212,0.9944918440284001,1.0,0.9945650489482841,0.988699766834159,0.982277404885775,0.9749077947028001,0.9663415329059541,0.959301007485981,0.9520299185466109,0.94444873580106,0.9372610002456809,0.929106963653602,0.921882201493485,0.914202607931215,0.907160109277348,0.898955260078087,0.890344876828569,0.8801794294793961,0.8687807079520791,0.8549431526292289,0.837634191160801,0.804801954331927,0.7598466993514019,0.523738484957447,0.466565316909753,0.307917076553922
0.700410433554413,0.876168109711968,0.9249713664938459,0.9500103856418308,0.965602263755188,0.978459950081578,0.9882016275436228,0.9945650489482841,1.0,0.9958022962084709,0.99029701848333,0.9835048156412192,0.976251104997389,0.9696488458176931,0.9622254781258219,0.954471259544609,0.947680984165168,0.9400202483008671,0.93340870766577,0.926486564598992,0.919718181621107,0.912513631556101,0.9043194789159911,0.894858119108323,0.8845510603758979,0.8709797538326651,0.8537376052109599,0.822148151447584,0.779467645788977,0.5474684199318329,0.493695796894214,0.331659306663134
0.694434075724248,0.870775966831442,0.9199690469386071,0.9452795675392769,0.9593687297609599,0.972131378754567,0.98169061131432,0.988699766834159,0.9958022962084709,1.0,0.995721494463557,0.9890495492425759,0.981836356418235,0.9749391140962571,0.967609794815245,0.960427722906255,0.953867252446514,0.9461502446904201,0.939588152889438,0.932814012343323,0.926743887512585,0.9199827300867951,0.912381000895884,0.9031535481467009,0.8929293408447679,0.8804263300615759,0.864179924448092,0.83338763074414,0.7901345435480159,0.555413745943867,0.500544003123242,0.340126990993442
0.687623493755507,0.864341641211,0.914201337895601,0.9387400340542931,0.9531115831659409,0.9655992254947829,0.9752120789044709,0.982277404885775,0.99029701848333,0.995721494463557,1.0,0.9951827558978079,0.988887801972864,0.9824349750819391,0.9755484370233409,0.968029579017833,0.961295547506713,0.95379567878307,0.947186998843681,0.9406156016061971,0.934922153291302,0.92865884029356,0.920969734930913,0.9120577976879509,0.901915305323315,0.890004544817367,0.8742598562380379,0.844418737818302,0.8023168964540891,0.568418661882881,0.513936914964064,0.3522343704016311
0.677271916248845,0.854880197700322,0.9069714928432571,0.931868737689438,0.946569390967051,0.958702788499368,0.9677863199523928,0.9749077947028001,0.9835048156412192,0.9890495492425759,0.9951827558978079,1.0,0.995796199907108,0.9901550858124971,0.9835906231605249,0.9762523112551509,0.9692966751648359,0.9618427918355079,0.9552647583115509,0.948846890635493,0.943149023509581,0.937020028690876,0.9302877226467701,0.9224281256322429,0.9131298572103399,0.90104990692505,0.8858557469795529,0.856629438965285,0.816508185849981,0.5789082345719461,0.528582147148675,0.36509878651871397
0.6678735067229561,0.846654922639332,0.8991358506259408,0.923975729669942,0.9383984463500251,0.950743752195479,0.9602719939802571,0.9663415329059541,0.976251104997389,0.981836356418235,0.988887801972864,0.995796199907108,1.0,0.9962697271691621,0.9907974406794978,0.9840728959978409,0.977501548586034,0.970868425890149,0.964398170588995,0.9578813306151341,0.9519426565961291,0.94560091488966,0.938860674413857,0.9312654361085742,0.922620208317436,0.911122265559042,0.896873916734675,0.8689255999824921,0.8314977864170849,0.6023190332554661,0.5479268740604171,0.38324533734904
0.6587540847913741,0.8388352693267099,0.8909578788053149,0.9172004031344331,0.9324023291060831,0.944883233976918,0.9534636621162571,0.959301007485981,0.9696488458176931,0.9749391140962571,0.9824349750819391,0.9901550858124971,0.9962697271691621,1.0,0.996362725645386,0.9905333826648259,0.9843410805677959,0.9785288180849441,0.9717218431165271,0.9656160102239029,0.9599094401987441,0.953942857771277,0.947001661478163,0.939527285297754,0.9319364155206421,0.921488605632553,0.907996578422816,0.8806961213211021,0.844355363935713,0.6191384520752261,0.565153331642254,0.399245576411998
0.64592913851679,0.830177711408679,0.882156747460784,0.9078598988494091,0.923633188743969,0.936278323533842,0.9458443691548539,0.9520299185466109,0.9622254781258219,0.967609794815245,0.9755484370233409,0.9835906231605249,0.9907974406794978,0.996362725645386,1.0,0.99629381413209,0.990875283228947,0.9848445960966229,0.978470357107323,0.9725187513685949,0.9664392460248259,0.960287079042989,0.9536409496300341,0.9463267845651141,0.939185593817118,0.929449649305008,0.9166048997414759,0.8891262506634,0.8545498347948871,0.6290329424668011,0.5785897231355739,0.411620838342663
0.639847048914606,0.822213611763873,0.874017335587613,0.8995321463799358,0.915506305442778,0.928842185449505,0.938156510757391,0.94444873580106,0.954471259544609,0.960427722906255,0.968029579017833,0.9762523112551509,0.9840728959978409,0.9905333826648259,0.99629381413209,1.0,0.996298050297529,0.9911945139400681,0.9854181252911779,0.980030625651063,0.9739888466674259,0.9680953945251441,0.9617465233946649,0.9544201772018771,0.947258194114193,0.9376192581268521,0.92513694457689,0.896606901985694,0.8634300957506609,0.637073436186837,0.587063665359397,0.42316187103518
0.6267634359135219,0.812548204028241,0.864813530253559,0.8913535574628879,0.9081058344964029,0.922115208247395,0.9310420860905542,0.9372610002456809,0.947680984165168,0.953867252446514,0.961295547506713,0.9692966751648359,0.977501548586034,0.9843410805677959,0.990875283228947,0.996298050297529,1.0,0.9962890485582491,0.9912529524854079,0.9862874820495919,0.9808848037433759,0.9755183430413221,0.9693257307116121,0.9621947580098599,0.954963481158922,0.9453247407554258,0.933082750089282,0.9054838506700049,0.872705892275718,0.6459774844150601,0.59827961097554,0.43483981231165203
0.620173367368093,0.805119441232323,0.8557116303448281,0.8827742027702921,0.899979610678128,0.913729685665994,0.922526275467608,0.929106963653602,0.9400202483008671,0.9461502446904201,0.95379567878307,0.9618427918355079,0.970868425890149,0.9785288180849441,0.9848445960966229,0.9911945139400681,0.9962890485582491,1.0,0.996408780274216,0.991691648237435,0.986421147536777,0.98124208350434,0.9752327897715799,0.968571168977652,0.96174055712018,0.9527834826970341,0.941635765910207,0.9153403560378001,0.883747476389865,0.6591272767274979,0.61110351224963,0.44225238859905
0.613856413926026,0.79746020486966,0.8460296282880241,0.87384416785053,0.891648593713783,0.905842919638716,0.914653091162498,0.921882201493485,0.93340870766577,0.939588152889438,0.947186998843681,0.9552647583115509,0.964398170588995,0.9717218431165271,0.978470357107323,0.9854181252911779,0.9912529524854079,0.996408780274216,1.0,0.99662510294764,0.9916407699518179,0.986800489597892,0.981197872432271,0.9747121241908281,0.9678224646636391,0.959070794651512,0.948563338221493,0.922110874876418,0.891282884913221,0.66647785948373,0.6226604525381371,0.45349428110066103
0.60418988707152,0.7894792426186429,0.838164550124896,0.8663067589947291,0.8839961171986022,0.898292289121277,0.9067833339106558,0.914202607931215,0.926486564598992,0.932814012343323,0.9406156016061971,0.948846890635493,0.9578813306151341,0.9656160102239029,0.9725187513685949,0.980030625651063,0.9862874820495919,0.991691648237435,0.99662510294764,1.0,0.996634830357328,0.992352702274649,0.986593208231076,0.980506155690975,0.9734629261997501,0.964380415049797,0.954019080342045,0.92795018906648,0.8958499119227441,0.673305878626389,0.63312122052095,0.46492954036673606
0.594811428666628,0.780172860317369,0.8284403703966171,0.856671162501146,0.876051955290097,0.8907831929909591,0.899375730519505,0.907160109277348,0.919718181621107,0.926743887512585,0.934922153291302,0.943149023509581,0.9519426565961291,0.9599094401987441,0.9664392460248259,0.9739888466674259,0.9808848037433759,0.986421147536777,0.9916407699518179,0.996634830357328,1.0,0.9967497496073559,0.991502294179199,0.9856454535145369,0.979158156564428,0.9702962699094759,0.959546525225361,0.93308818256448,0.900347871526453,0.67373410679847,0.636573892029604,0.4707433989573929
0.585348695720354,0.7717362274622489,0.8198534738304379,0.848633014003847,0.868186507284415,0.8827567588383379,0.8907661272995369,0.898955260078087,0.912513631556101,0.9199827300867951,0.92865884029356,0.937020028690876,0.94560091488966,0.953942857771277,0.960287079042989,0.9680953945251441,0.9755183430413221,0.98124208350434,0.986800489597892,0.992352702274649,0.9967497496073559,1.0,0.996244140258182,0.990412481538962,0.984146871044993,0.9763247123796139,0.9659964557285029,0.9407391029296501,0.908565036441397,0.676673758243101,0.641372573351056,0.47659980068272295
0.573830126431176,0.757853770376808,0.8071774361735241,0.836817933957866,0.8576800377463009,0.8730641102624641,0.8817158152495171,0.890344876828569,0.9043194789159911,0.912381000895884,0.920969734930913,0.9302877226467701,0.938860674413857,0.947001661478163,0.9536409496300341,0.9617465233946649,0.9693257307116121,0.9752327897715799,0.981197872432271,0.986593208231076,0.991502294179199,0.996244140258182,1.0,0.9962218233616629,0.990054278492831,0.98364406512476,0.9735010731599221,0.9488335079463349,0.919597791759835,0.679496463337282,0.64648573083026,0.48289395824566295
0.562696238883968,0.7458560729979749,0.7948109532065841,0.8239681897093771,0.845616034396922,0.8617925680997421,0.871544914533976,0.8801794294793961,0.894858119108323,0.9031535481467009,0.9120577976879509,0.9224281256322429,0.9312654361085742,0.939527285297754,0.9463267845651141,0.9544201772018771,0.9621947580098599,0.968571168977652,0.9747121241908281,0.980506155690975,0.9856454535145369,0.990412481538962,0.9962218233616629,1.0,0.995192794119797,0.9891237819944879,0.979310139000088,0.954694636405268,0.9287849227028391,0.688430686853881,0.6605049537743879,0.4963926605826429
0.5554864306049929,0.735684329454894,0.7826165710767041,0.8112137755436851,0.8329091477198329,0.849649504192712,0.8594255521253471,0.8687807079520791,0.8845510603758979,0.8929293408447679,0.901915305323315,0.9131298572103399,0.922620208317436,0.9319364155206421,0.939185593817118,0.947258194114193,0.954963481158922,0.96174055712018,0.9678224646636391,0.9734629261997501,0.979158156564428,0.984146871044993,0.990054278492831,0.995192794119797,1.0,0.994204897643885,0.983443369877122,0.9585066425002241,0.9359437549360808,0.6972689026661021,0.676619469312629,0.5181409308157809
0.5457285548874149,0.7219721577403879,0.768613723928423,0.7970121290220171,0.819552924201125,0.8360591594297572,0.8462058460055841,0.8549431526292289,0.8709797538326651,0.8804263300615759,0.890004544817367,0.90104990692505,0.911122265559042,0.921488605632553,0.929449649305008,0.9376192581268521,0.9453247407554258,0.9527834826970341,0.959070794651512,0.964380415049797,0.9702962699094759,0.9763247123796139,0.98364406512476,0.9891237819944879,0.994204897643885,1.0,0.9920971761530301,0.9694838873031371,0.950002014568386,0.7025517767986321,0.6823522816699978,0.5245169867013939
0.540405105189112,0.711077620622571,0.7561379261835051,0.78264943448068,0.8046796984072,0.819692054362223,0.829383308987484,0.837634191160801,0.8537376052109599,0.864179924448092,0.8742598562380379,0.8858557469795529,0.896873916734675,0.907996578422816,0.9166048997414759,0.92513694457689,0.933082750089282,0.941635765910207,0.948563338221493,0.954019080342045,0.959546525225361,0.9659964557285029,0.9735010731599221,0.979310139000088,0.983443369877122,0.9920971761530301,1.0,0.9841466098732571,0.963361132263678,0.7171977647707308,0.690642656585504,0.526969733855241
0.5154320125825921,0.681693760783611,0.72417847115825,0.7517929913007471,0.772641277894201,0.7863123856251791,0.796072487412847,0.804801954331927,0.822148151447584,0.83338763074414,0.844418737818302,0.856629438965285,0.8689255999824921,0.8806961213211021,0.8891262506634,0.896606901985694,0.9054838506700049,0.9153403560378001,0.922110874876418,0.92795018906648,0.93308818256448,0.9407391029296501,0.9488335079463349,0.954694636405268,0.9585066425002241,0.9694838873031371,0.9841466098732571,1.0,0.975822168159706,0.7540488835404571,0.7226925413974109,0.544814467070335
0.48651532366286004,0.6383319523549039,0.681169411734044,0.707064440807336,0.727304989379496,0.7414774470733609,0.751105403073851,0.7598466993514019,0.779467645788977,0.7901345435480159,0.8023168964540891,0.816508185849981,0.8314977864170849,0.844355363935713,0.8545498347948871,0.8634300957506609,0.872705892275718,0.883747476389865,0.891282884913221,0.8958499119227441,0.900347871526453,0.908565036441397,0.919597791759835,0.9287849227028391,0.9359437549360808,0.950002014568386,0.963361132263678,0.975822168159706,1.0,0.78464624294599,0.766014453663256,0.6004062459043089
0.340228518696224,0.443252790005127,0.47154569804158897,0.488025034192582,0.49917729651089504,0.507757066557149,0.5143774055554401,0.523738484957447,0.5474684199318329,0.555413745943867,0.568418661882881,0.5789082345719461,0.6023190332554661,0.6191384520752261,0.6290329424668011,0.637073436186837,0.6459774844150601,0.6591272767274979,0.66647785948373,0.673305878626389,0.67373410679847,0.676673758243101,0.679496463337282,0.688430686853881,0.6972689026661021,0.7025517767986321,0.7171977647707308,0.7540488835404571,0.78464624294599,1.0,0.895323515724442,0.68909224274164
0.255313042070693,0.369520878018174,0.39022449375311097,0.413636859278852,0.43173190010495094,0.447688374022632,0.455448518360406,0.466565316909753,0.493695796894214,0.500544003123242,0.513936914964064,0.528582147148675,0.5479268740604171,0.565153331642254,0.5785897231355739,0.587063665359397,0.59827961097554,0.61110351224963,0.6226604525381371,0.63312122052095,0.636573892029604,0.641372573351056,0.64648573083026,0.6605049537743879,0.676619469312629,0.6823522816699978,0.690642656585504,0.7226925413974109,0.766014453663256,0.895323515724442,1.0,0.79330350581635
0.13391728432624198,0.21569508790105302,0.231228834289358,0.251617944807649,0.27208134566798603,0.28963013004655896,0.30063976136412895,0.307917076553922,0.331659306663134,0.340126990993442,0.3522343704016311,0.36509878651871397,0.38324533734904,0.399245576411998,0.411620838342663,0.42316187103518,0.43483981231165203,0.44225238859905,0.45349428110066103,0.46492954036673606,0.4707433989573929,0.47659980068272295,0.48289395824566295,0.4963926605826429,0.5181409308157809,0.5245169867013939,0.526969733855241,0.544814467070335,0.6004062459043089,0.68909224274164,0.79330350581635,1.0
