1.0,0.807894692585778,0.7688235436768491,0.748066314041567,0.73236191943848,0.720120375162734,0.7055836902757808,0.6956689777182071,0.683727165587765,0.673063487741957,0.661713154179232,0.6557651351342441,0.649623191777828,0.642298504183813,0.63859096272899,0.632902082573533,0.6284510865146921,0.6235175765605451,0.617207438386841,0.605001130694138,0.602362112972052,0.595091248090035,0.5870907713103389,0.579891250731033,0.5705768670855269,0.5650127538601201,0.556134512929584,0.545373555759369,0.5182691118280229,0.45822619109994395,0.3644090451722729,0.291093162417901
0.807894692585778,1.0,0.9554160277921391,0.931136463045856,0.917148806324676,0.9016608338952181,0.8860059827634509,0.871620052743428,0.8602946946376651,0.84950285249071,0.840599287048166,0.8293309539272329,0.8218752282997499,0.814862413178739,0.808151721536944,0.800524385341325,0.7928010868637081,0.7856508766290659,0.7816558037520799,0.7761663076937779,0.773434123540293,0.7654860652189849,0.7521738478370892,0.7428909570944341,0.732690448563177,0.7228869774373929,0.711887669814905,0.697428429237163,0.6637785181074121,0.587226631800327,0.457838993598399,0.326795949351023
0.7688235436768491,0.9554160277921391,1.0,0.979092125629422,0.9622809878928169,0.9488844449107701,0.9361372850023622,0.923392659650712,0.9141600938270709,0.9037804227841891,0.89618780608002,0.886209448991821,0.8787804174152208,0.872451552269648,0.865633534309268,0.858667885912616,0.852683101768827,0.845703449467834,0.8426925673097908,0.837141549951815,0.8347094476925291,0.826332968460967,0.8139055236195591,0.8029565208130991,0.7934921243436658,0.7837242606826909,0.769069670862083,0.753409394812538,0.718830460704695,0.637079539789291,0.490485586186288,0.338608052767136
0.748066314041567,0.931136463045856,0.979092125629422,1.0,0.9850293214371858,0.972246082412553,0.959661862822594,0.947814945104609,0.937770520125453,0.927895621881856,0.9186686329249371,0.908164437131238,0.9005785074836842,0.894498783643848,0.8886028197083481,0.8822374121098341,0.8770914638631809,0.870399165632706,0.867542705679515,0.8621251796878929,0.85996317898708,0.85159957579943,0.8395278128218271,0.828909686871021,0.819176184745292,0.808300356303778,0.791922250841538,0.775986660493933,0.7381041453930841,0.651383257091287,0.499828228141909,0.338013104993698
0.73236191943848,0.917148806324676,0.9622809878928169,0.9850293214371858,1.0,0.990349439410577,0.9792506593299,0.968468467781292,0.95894741754956,0.9496146086381141,0.9391521687904609,0.929540000112029,0.9225842984273359,0.9163597221359671,0.9112798863448169,0.9052273205262671,0.9008957472096429,0.895304948351044,0.893055035515234,0.888022514086514,0.8861222749238651,0.8781379872025881,0.867972308929549,0.857799019730465,0.8477742776618521,0.836992978292001,0.8216338379020509,0.80647513154624,0.7666661026965229,0.677221746499556,0.523714002228562,0.35408550789232
0.720120375162734,0.9016608338952181,0.9488844449107701,0.972246082412553,0.990349439410577,1.0,0.9915536430140601,0.98137584342033,0.972577196664679,0.963998981737187,0.953909144317903,0.9455257359844659,0.938592483105325,0.9326669567049458,0.9282229726242541,0.92235503689478,0.918696004397429,0.91375254905022,0.911170806653948,0.9063940262215409,0.9040602040275809,0.8959460429148841,0.8866488006346809,0.877171836393065,0.867262524212426,0.8565417838588292,0.8417343753115409,0.8257966722113371,0.785106131517354,0.697091154769797,0.53647946034179,0.3590130839666861
0.7055836902757808,0.8860059827634509,0.9361372850023622,0.959661862822594,0.9792506593299,0.9915536430140601,1.0,0.9923692823496311,0.9839671100366599,0.976262352163135,0.9667880971403829,0.958145399704992,0.951428711068736,0.9461929901442321,0.9414162408720571,0.9361046975692441,0.9324302113581758,0.9279630601174059,0.9255347623181128,0.920962115496419,0.918265171802222,0.9106524184542959,0.9017485240413872,0.8925034677028141,0.8838424462319909,0.8746454129730059,0.859899290461587,0.8444966193963729,0.8044925599614849,0.712501430296848,0.541025860150399,0.368615062694351
0.6956689777182071,0.871620052743428,0.923392659650712,0.947814945104609,0.968468467781292,0.98137584342033,0.9923692823496311,1.0,0.9942743322891049,0.986794349074386,0.978087030273498,0.9699718102860121,0.963414087905765,0.95862381302128,0.953542154684605,0.9478246426403691,0.9439817735588392,0.9395993158215559,0.9371116574061321,0.932726197039856,0.9299045734472591,0.9224358896102521,0.914650809864642,0.905183779732819,0.897421826963779,0.8880122718053209,0.873814557137221,0.85977109844006,0.821240106861124,0.7305640845778809,0.559036570383893,0.38107949321157397
0.683727165587765,0.8602946946376651,0.9141600938270709,0.937770520125453,0.95894741754956,0.972577196664679,0.9839671100366599,0.9942743322891049,1.0,0.994643372378842,0.9874418562807691,0.9791853437609559,0.97261433229753,0.96787764738876,0.962850049470682,0.9571998923802109,0.9533635077655971,0.9490406586827809,0.9465336651152221,0.9426585022211609,0.939911555016285,0.932533033541959,0.9254881902802672,0.915652054163826,0.907724552410945,0.898255143035826,0.8835783114199549,0.869317019462264,0.829695822926884,0.737437089526061,0.5634495445034611,0.38483511373151896
0.673063487741957,0.84950285249071,0.9037804227841891,0.927895621881856,0.9496146086381141,0.963998981737187,0.976262352163135,0.986794349074386,0.994643372378842,1.0,0.994578544279585,0.987243967170324,0.981090053122077,0.976260085066834,0.971351250204433,0.9661662658213951,0.9622680485549828,0.95781241925603,0.954649958887312,0.9509269910433801,0.947667745290481,0.940976819396403,0.934494392678103,0.925128395160625,0.9172473383339008,0.9087358127994659,0.8951774232221271,0.882078561054102,0.8441055832789149,0.7552892480244979,0.577054876747801,0.39021723362210603
0.661713154179232,0.840599287048166,0.89618780608002,0.9186686329249371,0.9391521687904609,0.953909144317903,0.9667880971403829,0.978087030273498,0.9874418562807691,0.994578544279585,1.0,0.994387166104081,0.9888177759846608,0.984103520328413,0.978912415992489,0.9737564299446321,0.9693677809785891,0.9644428526476909,0.961292244318662,0.9570482682212329,0.953837792311783,0.947508936450365,0.941048558033293,0.931650337678092,0.923901671398405,0.916994789053563,0.9033925575890299,0.88982816826289,0.852832512793625,0.76528883220958,0.58954582101976,0.400105825208966
0.6557651351342441,0.8293309539272329,0.886209448991821,0.908164437131238,0.929540000112029,0.9455257359844659,0.958145399704992,0.9699718102860121,0.9791853437609559,0.987243967170324,0.994387166104081,1.0,0.995716948440287,0.9912641021159899,0.986201832656885,0.9811734787329641,0.976690555265217,0.971761610418956,0.9689855720074271,0.96467150537917,0.9612130913845941,0.955111399362303,0.94899067149224,0.940129963504422,0.9327986011190741,0.925581732062442,0.91193756260948,0.8982296384942199,0.8611350046574642,0.77062094979334,0.595625078736119,0.40160352064685906
0.649623191777828,0.8218752282997499,0.8787804174152208,0.9005785074836842,0.9225842984273359,0.938592483105325,0.951428711068736,0.963414087905765,0.97261433229753,0.981090053122077,0.9888177759846608,0.995716948440287,1.0,0.9966709671572529,0.992411646882504,0.9877193778489121,0.983180047981033,0.9783676679285179,0.9753727342086451,0.970953843156028,0.9669013337912009,0.9609972371474609,0.9555256344740279,0.9481887513881859,0.9405703752450691,0.93398737966371,0.9210503988871451,0.907682796433021,0.8723962799341128,0.7826667004850849,0.608510837365925,0.40634156441214203
0.642298504183813,0.814862413178739,0.872451552269648,0.894498783643848,0.9163597221359671,0.9326669567049458,0.9461929901442321,0.95862381302128,0.96787764738876,0.976260085066834,0.984103520328413,0.9912641021159899,0.9966709671572529,1.0,0.995939627004067,0.9914331046243929,0.9868318588708141,0.982345270108478,0.9793392428580029,0.9749017084853199,0.97051495857676,0.964936740007018,0.95964796739169,0.952328217407208,0.944970243090195,0.9386281523632759,0.9257184792541451,0.9130111545632601,0.8781416227890401,0.7905976761835609,0.611311003127281,0.411395495556105
0.63859096272899,0.808151721536944,0.865633534309268,0.8886028197083481,0.9112798863448169,0.9282229726242541,0.9414162408720571,0.953542154684605,0.962850049470682,0.971351250204433,0.978912415992489,0.986201832656885,0.992411646882504,0.995939627004067,1.0,0.996743898207535,0.992450945211999,0.988159429680668,0.9852169499099108,0.9807253261755741,0.9761367398013661,0.970718591001205,0.9656254148349491,0.960609949935585,0.953317773663084,0.947454245796396,0.935407564148627,0.922503801695664,0.89002335074553,0.801132816054264,0.618696257495656,0.4094258596391939
0.632902082573533,0.800524385341325,0.858667885912616,0.8822374121098341,0.9052273205262671,0.92235503689478,0.9361046975692441,0.9478246426403691,0.9571998923802109,0.9661662658213951,0.9737564299446321,0.9811734787329641,0.9877193778489121,0.9914331046243929,0.996743898207535,1.0,0.9969787975694029,0.9934733150739491,0.990476716531097,0.985978589327251,0.981437707763548,0.9765970309873259,0.972125577223005,0.9666621289666909,0.9599225346316329,0.9543464505927829,0.942706192841845,0.9302545300815409,0.895901384710259,0.804533484308393,0.618964218239393,0.4143684832122929
0.6284510865146921,0.7928010868637081,0.852683101768827,0.8770914638631809,0.9008957472096429,0.918696004397429,0.9324302113581758,0.9439817735588392,0.9533635077655971,0.9622680485549828,0.9693677809785891,0.976690555265217,0.983180047981033,0.9868318588708141,0.992450945211999,0.9969787975694029,1.0,0.997332773462923,0.9943873485945591,0.990411821169681,0.9860305416969509,0.9810574487658149,0.976617407033045,0.97134441937112,0.964865571581098,0.95964465044811,0.9479228791277909,0.9355452499389579,0.89991607482834,0.8079092382148481,0.6223064180994421,0.415425738236456
0.6235175765605451,0.7856508766290659,0.845703449467834,0.870399165632706,0.895304948351044,0.91375254905022,0.9279630601174059,0.9395993158215559,0.9490406586827809,0.95781241925603,0.9644428526476909,0.971761610418956,0.9783676679285179,0.982345270108478,0.988159429680668,0.9934733150739491,0.997332773462923,1.0,0.997463910182591,0.993475278700601,0.989410314795423,0.984753432410819,0.979983836409883,0.974087268784228,0.967723206433277,0.962136355634119,0.950289396990307,0.937888033271166,0.9017401051503711,0.809594646658025,0.624577842852641,0.41681409955426796
0.617207438386841,0.7816558037520799,0.8426925673097908,0.867542705679515,0.893055035515234,0.911170806653948,0.9255347623181128,0.9371116574061321,0.9465336651152221,0.954649958887312,0.961292244318662,0.9689855720074271,0.9753727342086451,0.9793392428580029,0.9852169499099108,0.990476716531097,0.9943873485945591,0.997463910182591,1.0,0.9967549510660179,0.992962168653355,0.9878151448809621,0.9828707220926372,0.9765977590125909,0.9704570414944351,0.9643454924847309,0.952396820213927,0.940231074491836,0.9021772548728241,0.807841458847655,0.6254190447968541,0.413440327435269
0.605001130694138,0.7761663076937779,0.837141549951815,0.8621251796878929,0.888022514086514,0.9063940262215409,0.920962115496419,0.932726197039856,0.9426585022211609,0.9509269910433801,0.9570482682212329,0.96467150537917,0.970953843156028,0.9749017084853199,0.9807253261755741,0.985978589327251,0.990411821169681,0.993475278700601,0.9967549510660179,1.0,0.9966972681316291,0.9918695976749641,0.987483567672922,0.9814758480649599,0.975838815234116,0.9697127206972991,0.9574145832112808,0.9455631303928199,0.9071032676485641,0.812136487627895,0.628265139303952,0.41039741830105103
0.602362112972052,0.773434123540293,0.8347094476925291,0.85996317898708,0.8861222749238651,0.9040602040275809,0.918265171802222,0.9299045734472591,0.939911555016285,0.947667745290481,0.953837792311783,0.9612130913845941,0.9669013337912009,0.97051495857676,0.9761367398013661,0.981437707763548,0.9860305416969509,0.989410314795423,0.992962168653355,0.9966972681316291,1.0,0.9958507180520659,0.991492960606841,0.9847946605138651,0.9787752682713391,0.972140680713072,0.9600341556189621,0.948146227956889,0.909021805594756,0.8151496916528879,0.631103363911598,0.414835055391065
0.595091248090035,0.7654860652189849,0.826332968460967,0.85159957579943,0.8781379872025881,0.8959460429148841,0.9106524184542959,0.9224358896102521,0.932533033541959,0.940976819396403,0.947508936450365,0.955111399362303,0.9609972371474609,0.964936740007018,0.970718591001205,0.9765970309873259,0.9810574487658149,0.984753432410819,0.9878151448809621,0.9918695976749641,0.9958507180520659,1.0,0.99600870087183,0.989209806310405,0.984063962757279,0.9777097894334421,0.965269806402864,0.9532249525095371,0.9118487156051821,0.819236096581829,0.633878032483824,0.413929156564527
0.5870907713103389,0.7521738478370892,0.8139055236195591,0.8395278128218271,0.867972308929549,0.8866488006346809,0.9017485240413872,0.914650809864642,0.9254881902802672,0.934494392678103,0.941048558033293,0.94899067149224,0.9555256344740279,0.95964796739169,0.9656254148349491,0.972125577223005,0.976617407033045,0.979983836409883,0.9828707220926372,0.987483567672922,0.991492960606841,0.99600870087183,1.0,0.9940164375974041,0.98902894124649,0.9827835673139308,0.9715100888874141,0.9592428155732601,0.9207817243359301,0.8285748188126599,0.636322412467737,0.415480606094212
0.579891250731033,0.7428909570944341,0.8029565208130991,0.828909686871021,0.857799019730465,0.877171836393065,0.8925034677028141,0.905183779732819,0.915652054163826,0.925128395160625,0.931650337678092,0.940129963504422,0.9481887513881859,0.952328217407208,0.960609949935585,0.9666621289666909,0.97134441937112,0.974087268784228,0.9765977590125909,0.9814758480649599,0.9847946605138651,0.989209806310405,0.9940164375974041,1.0,0.995679457164313,0.9892872130753121,0.9790538491296721,0.967397810918971,0.9327302724040542,0.843888478961951,0.643455116722384,0.414764285385864
0.5705768670855269,0.732690448563177,0.7934921243436658,0.819176184745292,0.8477742776618521,0.867262524212426,0.8838424462319909,0.897421826963779,0.907724552410945,0.9172473383339008,0.923901671398405,0.9327986011190741,0.9405703752450691,0.944970243090195,0.953317773663084,0.9599225346316329,0.964865571581098,0.967723206433277,0.9704570414944351,0.975838815234116,0.9787752682713391,0.984063962757279,0.98902894124649,0.995679457164313,1.0,0.99455843119151,0.984809028401834,0.9734001846651541,0.938598602732522,0.8465405687809742,0.641916152183303,0.41654697067719604
0.5650127538601201,0.7228869774373929,0.7837242606826909,0.808300356303778,0.836992978292001,0.8565417838588292,0.8746454129730059,0.8880122718053209,0.898255143035826,0.9087358127994659,0.916994789053563,0.925581732062442,0.93398737966371,0.9386281523632759,0.947454245796396,0.9543464505927829,0.95964465044811,0.962136355634119,0.9643454924847309,0.9697127206972991,0.972140680713072,0.9777097894334421,0.9827835673139308,0.9892872130753121,0.99455843119151,1.0,0.992279973278336,0.9796840953440891,0.946586174884038,0.8563867461294721,0.6462772880992691,0.42160511120859295
0.556134512929584,0.711887669814905,0.769069670862083,0.791922250841538,0.8216338379020509,0.8417343753115409,0.859899290461587,0.873814557137221,0.8835783114199549,0.8951774232221271,0.9033925575890299,0.91193756260948,0.9210503988871451,0.9257184792541451,0.935407564148627,0.942706192841845,0.9479228791277909,0.950289396990307,0.952396820213927,0.9574145832112808,0.9600341556189621,0.965269806402864,0.9715100888874141,0.9790538491296721,0.984809028401834,0.992279973278336,1.0,0.989149567748962,0.9586667794114829,0.8648629680285129,0.653683857896688,0.425439022908006
0.545373555759369,0.697428429237163,0.753409394812538,0.775986660493933,0.80647513154624,0.8257966722113371,0.8444966193963729,0.85977109844006,0.869317019462264,0.882078561054102,0.88982816826289,0.8982296384942199,0.907682796433021,0.9130111545632601,0.922503801695664,0.9302545300815409,0.9355452499389579,0.937888033271166,0.940231074491836,0.9455631303928199,0.948146227956889,0.9532249525095371,0.9592428155732601,0.967397810918971,0.9734001846651541,0.9796840953440891,0.989149567748962,1.0,0.974013211589315,0.875770317140428,0.6629431999703029,0.41973242477199896
0.5182691118280229,0.6637785181074121,0.718830460704695,0.7381041453930841,0.7666661026965229,0.785106131517354,0.8044925599614849,0.821240106861124,0.829695822926884,0.8441055832789149,0.852832512793625,0.8611350046574642,0.8723962799341128,0.8781416227890401,0.89002335074553,0.895901384710259,0.89991607482834,0.9017401051503711,0.9021772548728241,0.9071032676485641,0.909021805594756,0.9118487156051821,0.9207817243359301,0.9327302724040542,0.938598602732522,0.946586174884038,0.9586667794114829,0.974013211589315,1.0,0.9250329762027221,0.6948053969521159,0.444472679324897
0.45822619109994395,0.587226631800327,0.637079539789291,0.651383257091287,0.677221746499556,0.697091154769797,0.712501430296848,0.7305640845778809,0.737437089526061,0.7552892480244979,0.76528883220958,0.77062094979334,0.7826667004850849,0.7905976761835609,0.801132816054264,0.804533484308393,0.8079092382148481,0.809594646658025,0.807841458847655,0.812136487627895,0.8151496916528879,0.819236096581829,0.8285748188126599,0.843888478961951,0.8465405687809742,0.8563867461294721,0.8648629680285129,0.875770317140428,0.9250329762027221,1.0,0.7759798665059179,0.49949649262678103
0.3644090451722729,0.457838993598399,0.490485586186288,0.499828228141909,0.523714002228562,0.53647946034179,0.541025860150399,0.559036570383893,0.5634495445034611,0.577054876747801,0.58954582101976,0.595625078736119,0.608510837365925,0.611311003127281,0.618696257495656,0.618964218239393,0.6223064180994421,0.624577842852641,0.6254190447968541,0.628265139303952,0.631103363911598,0.633878032483824,0.636322412467737,0.643455116722384,0.641916152183303,0.6462772880992691,0.653683857896688,0.6629431999703029,0.6948053969521159,0.7759798665059179,1.0,0.561303777687511
0.291093162417901,0.326795949351023,0.338608052767136,0.338013104993698,0.35408550789232,0.3590130839666861,0.368615062694351,0.38107949321157397,0.38483511373151896,0.39021723362210603,0.400105825208966,0.40160352064685906,0.40634156441214203,0.411395495556105,0.4094258596391939,0.4143684832122929,0.415425738236456,0.41681409955426796,0.413440327435269,0.41039741830105103,0.414835055391065,0.413929156564527,0.415480606094212,0.414764285385864,0.41654697067719604,0.42160511120859295,0.425439022908006,0.41973242477199896,0.444472679324897,0.49949649262678103,0.561303777687511,1.0
