1.0,0.651230552705516,0.534612088500318,0.49369394797757593,0.459919082299615,0.43356644817278006,0.4212945371752179,0.40338384796379,0.386736852361,0.36739508748489796,0.35396563918427104,0.344936577246959,0.33592233190609194,0.32835427340854606,0.325247167988656,0.322712239447544,0.31188799178929905,0.299987054925563,0.28935542337640097,0.282369640512737,0.26534006862355297,0.259463660885207,0.25115443183666797,0.24219980953505701,0.23603372026905,0.22801627998023602,0.21675570833983002,0.191171093682079,0.164064794818793,0.15379854034362198,0.111978533736485,0.0726659708463576
0.651230552705516,1.0,0.8996585149499,0.839165699199407,0.793337905390196,0.761538872683359,0.737564561876798,0.7145786847989641,0.695560793045765,0.6774978459121129,0.665531009852273,0.6571452274620799,0.639871330024136,0.630486351089656,0.6207177937186329,0.6079889587262579,0.585324097599214,0.568891488178258,0.5516533352702739,0.538390714341503,0.52018054646,0.508155133862152,0.494786069402614,0.486751341544541,0.480534540327047,0.46797317960719803,0.441953174078105,0.40797418970058,0.327211109372899,0.25190202469002804,0.18210389196989604,0.15353744021027402
0.534612088500318,0.8996585149499,1.0,0.9512415193835271,0.910558450718558,0.8830193489126921,0.8572676375571681,0.836773243545718,0.8193934941414921,0.800663178342803,0.7892580970290419,0.781972899255638,0.767664314943154,0.758610381274278,0.7469208049201881,0.7345598561548771,0.716381287500407,0.701765474637254,0.6851810190367779,0.670636929991284,0.6565179168597789,0.644714039968533,0.633335556266691,0.621810477917721,0.6128285775248531,0.597323688402283,0.5778824661244449,0.543872202226118,0.44980078678522206,0.33233086019832503,0.27479006647188103,0.23342077917202397
0.49369394797757593,0.839165699199407,0.9512415193835271,1.0,0.971131797074795,0.942881814382239,0.9168832088358979,0.895830409128554,0.879709491942818,0.862851933629971,0.8541788285596079,0.8456908571604771,0.8301946123789159,0.8214061767040959,0.808480264073289,0.796190483061636,0.7794053535990609,0.76859424230392,0.752310188429125,0.737238521769384,0.726307533078545,0.7115728979554159,0.699487751590322,0.6885173199616,0.6804078120782829,0.668163412593551,0.649133470697955,0.6070250806892171,0.507821559944531,0.368408848672935,0.30774080066737297,0.27457517890243
0.459919082299615,0.793337905390196,0.910558450718558,0.971131797074795,1.0,0.9806779744569158,0.9564053569530941,0.93741784970431,0.9220150876505971,0.906465924687684,0.896241642622447,0.8858831515771278,0.868081844724379,0.859629307554746,0.8469941001284459,0.8359518584512771,0.8213052763256641,0.812283103823773,0.7960912404189341,0.7819373553663058,0.772631566304182,0.7576468384837809,0.744692649160868,0.731674743924537,0.720960473085458,0.706909882586522,0.6850788603908171,0.6398135718580861,0.535238764340476,0.387151644312585,0.32338025754300703,0.28951351736610603
0.43356644817278006,0.761538872683359,0.8830193489126921,0.942881814382239,0.9806779744569158,1.0,0.980247100205831,0.9613070871676809,0.9451815452944531,0.9307689671284209,0.920488078118177,0.9100968762156899,0.893394550843038,0.885755944641862,0.8744264564916091,0.863064233449866,0.8493604846360441,0.8404380797708951,0.8248659398143441,0.8111201469576071,0.803043746393709,0.788876978388542,0.7779591616389491,0.7642569953655172,0.7529389550911979,0.736989983522657,0.712819920238125,0.6656178743591441,0.553913029752312,0.39353592332177795,0.330019067268867,0.304470081393592
0.4212945371752179,0.737564561876798,0.8572676375571681,0.9168832088358979,0.9564053569530941,0.980247100205831,1.0,0.9850675689576,0.9690206421069549,0.9563449145766411,0.9471499298302192,0.9373641979475659,0.923475670849662,0.916102582631557,0.904942933346698,0.8933982244678821,0.880437856783514,0.871408470913593,0.8556623104426802,0.8436687854160679,0.8340551379881491,0.8194763405855531,0.808324280315239,0.795811819173612,0.7842954197278341,0.7686670019952341,0.744608258014191,0.6959192774673809,0.5780977263868101,0.416665281128965,0.3592791216098011,0.33327326873115304
0.40338384796379,0.7145786847989641,0.836773243545718,0.895830409128554,0.93741784970431,0.9613070871676809,0.9850675689576,1.0,0.9897029644490629,0.9774465880776271,0.969218457159235,0.9593021640053699,0.9469969488473392,0.93925220989914,0.927389397753208,0.9170495856526071,0.9039970152609391,0.8948759198402192,0.8801561722161908,0.8693026380307,0.8613892392312651,0.8471973223344491,0.8360417087575559,0.824050866697754,0.8142642506950781,0.7984679930850601,0.775355118510153,0.722145757286009,0.6013016733176221,0.436564068958661,0.378913635061456,0.35342313937844394
0.386736852361,0.695560793045765,0.8193934941414921,0.879709491942818,0.9220150876505971,0.9451815452944531,0.9690206421069549,0.9897029644490629,1.0,0.9911761097096801,0.9830771668972289,0.9731904259457271,0.9609346251093209,0.9536995052585259,0.9431969764934071,0.933314508361914,0.9205108445670259,0.911569154674908,0.896806599215002,0.886730888969023,0.879257632210504,0.865746886842278,0.85513245204328,0.8435624112581229,0.8336294481411679,0.81715359774928,0.7942743293077441,0.7388287159380891,0.6185830499739201,0.450758181350892,0.394615390745326,0.363823215497632
0.36739508748489796,0.6774978459121129,0.800663178342803,0.862851933629971,0.906465924687684,0.9307689671284209,0.9563449145766411,0.9774465880776271,0.9911761097096801,1.0,0.9931512980864801,0.98324232845989,0.9714536036748309,0.9635106770081441,0.9533238821046899,0.944151888641389,0.931418600276462,0.9221629440236129,0.9075094755175109,0.8983727649935991,0.8912235831432271,0.879231002338994,0.8683043135047109,0.857054683839905,0.8476883029053871,0.831333000702461,0.807316020184568,0.750412459399199,0.6294958645978139,0.46234370218994797,0.406141111877339,0.37551833851677396
0.35396563918427104,0.665531009852273,0.7892580970290419,0.8541788285596079,0.896241642622447,0.920488078118177,0.9471499298302192,0.969218457159235,0.9830771668972289,0.9931512980864801,1.0,0.993101570175854,0.98123126606278,0.9738049669140569,0.963817855442047,0.954417627289977,0.9425532700569821,0.934102677052753,0.9200508110090341,0.9106705701771709,0.9029386995946209,0.890805351530702,0.879617011977098,0.8690387510023759,0.860591696828165,0.844533094885962,0.8198953778436229,0.7619114305437841,0.638641371227388,0.465377578219901,0.41100965485289903,0.38497663565944
0.344936577246959,0.6571452274620799,0.781972899255638,0.8456908571604771,0.8858831515771278,0.9100968762156899,0.9373641979475659,0.9593021640053699,0.9731904259457271,0.98324232845989,0.993101570175854,1.0,0.991638165287871,0.9834997877760551,0.9738478916977671,0.9648910632209879,0.95278561277059,0.944444283113355,0.9304076064777891,0.922198549547996,0.9149767977875359,0.9035893848575659,0.8926584638043241,0.8830236626450999,0.8737976233865151,0.858861888374808,0.8349832182585379,0.779027103326567,0.652573178181631,0.47693680872244393,0.41964785233956897,0.39316484248767
0.33592233190609194,0.639871330024136,0.767664314943154,0.8301946123789159,0.868081844724379,0.893394550843038,0.923475670849662,0.9469969488473392,0.9609346251093209,0.9714536036748309,0.98123126606278,0.991638165287871,1.0,0.993025021762931,0.9844749683237549,0.9757765120001669,0.9636843637460201,0.9560142234655671,0.942143080020342,0.9345425038916201,0.9274746399567099,0.9168932576518158,0.9058759165331809,0.896646621023869,0.8869513207129559,0.872385651141455,0.8491894656338119,0.7920394677348579,0.663115974024685,0.48611190707513796,0.42983542312427603,0.39611750730249395
0.32835427340854606,0.630486351089656,0.758610381274278,0.8214061767040959,0.859629307554746,0.885755944641862,0.916102582631557,0.93925220989914,0.9536995052585259,0.9635106770081441,0.9738049669140569,0.9834997877760551,0.993025021762931,1.0,0.9944753885677241,0.9857117391841189,0.9742125842626751,0.9668268256901958,0.9539434948426619,0.946202563500291,0.9394909690049079,0.928842938227565,0.918621437055869,0.9089940370232479,0.9005888086318199,0.885838150494966,0.8614686740527421,0.8039128848769771,0.674900580455824,0.49362661500486604,0.435475101445229,0.393149473688912
0.325247167988656,0.6207177937186329,0.7469208049201881,0.808480264073289,0.8469941001284459,0.8744264564916091,0.904942933346698,0.927389397753208,0.9431969764934071,0.9533238821046899,0.963817855442047,0.9738478916977671,0.9844749683237549,0.9944753885677241,1.0,0.994592950199652,0.984397207183734,0.9770551931539929,0.9648897325022591,0.957971805349887,0.9511322394113879,0.9410832746382621,0.931265581557567,0.921508179104899,0.9130295124519929,0.8982337966486209,0.875778136262657,0.8152695460748969,0.6875766510128051,0.508689232843778,0.448799478406498,0.403716607948927
0.322712239447544,0.6079889587262579,0.7345598561548771,0.796190483061636,0.8359518584512771,0.863064233449866,0.8933982244678821,0.9170495856526071,0.933314508361914,0.944151888641389,0.954417627289977,0.9648910632209879,0.9757765120001669,0.9857117391841189,0.994592950199652,1.0,0.991973010331935,0.984340188903008,0.972446085688281,0.9656190274386101,0.958637945904726,0.948214995959335,0.9376681179614129,0.927644670934273,0.9194564698894592,0.9038614187800892,0.8812822036721991,0.82058830641791,0.692425817019159,0.516319914413729,0.453747664553734,0.410721465420014
0.31188799178929905,0.585324097599214,0.716381287500407,0.7794053535990609,0.8213052763256641,0.8493604846360441,0.880437856783514,0.9039970152609391,0.9205108445670259,0.931418600276462,0.9425532700569821,0.95278561277059,0.9636843637460201,0.9742125842626751,0.984397207183734,0.991973010331935,1.0,0.993915041963322,0.9835219470872522,0.975942748099707,0.969384069135907,0.9582506245755391,0.9481166896375061,0.9389454824524299,0.930683454894495,0.914783342186423,0.891524292891672,0.828746163842697,0.6992006740338829,0.520973494678856,0.459006197821267,0.42088256593695594
0.299987054925563,0.568891488178258,0.701765474637254,0.76859424230392,0.812283103823773,0.8404380797708951,0.871408470913593,0.8948759198402192,0.911569154674908,0.9221629440236129,0.934102677052753,0.944444283113355,0.9560142234655671,0.9668268256901958,0.9770551931539929,0.984340188903008,0.993915041963322,1.0,0.9937969076712209,0.9852410194290451,0.979046257003223,0.968154452452725,0.957717717711371,0.9494000628858341,0.941518084125399,0.928162718653274,0.906052645874345,0.844365047224247,0.7120059116757621,0.530074677305198,0.475571131768964,0.43996215157877006
0.28935542337640097,0.5516533352702739,0.6851810190367779,0.752310188429125,0.7960912404189341,0.8248659398143441,0.8556623104426802,0.8801561722161908,0.896806599215002,0.9075094755175109,0.9200508110090341,0.9304076064777891,0.942143080020342,0.9539434948426619,0.9648897325022591,0.972446085688281,0.9835219470872522,0.9937969076712209,1.0,0.993415799989495,0.9871918983735258,0.976992365771561,0.96730648811635,0.959314241108362,0.951481356803783,0.93698216421588,0.9146975588599201,0.852081128832274,0.719173958516318,0.532873930069066,0.479937092378752,0.443896914861677
0.282369640512737,0.538390714341503,0.670636929991284,0.737238521769384,0.7819373553663058,0.8111201469576071,0.8436687854160679,0.8693026380307,0.886730888969023,0.8983727649935991,0.9106705701771709,0.922198549547996,0.9345425038916201,0.946202563500291,0.957971805349887,0.9656190274386101,0.975942748099707,0.9852410194290451,0.993415799989495,1.0,0.9932390441539,0.9838801938593671,0.9743264152256,0.9648972776260041,0.9557809130792808,0.941365986957728,0.9191097114070921,0.8573594190248491,0.725136258349783,0.534838154449308,0.48321257855327004,0.4480207214216261
0.26534006862355297,0.52018054646,0.6565179168597789,0.726307533078545,0.772631566304182,0.803043746393709,0.8340551379881491,0.8613892392312651,0.879257632210504,0.8912235831432271,0.9029386995946209,0.9149767977875359,0.9274746399567099,0.9394909690049079,0.9511322394113879,0.958637945904726,0.969384069135907,0.979046257003223,0.9871918983735258,0.9932390441539,1.0,0.993707851047961,0.9846902723767119,0.9756284830659381,0.9671517823151651,0.9532027212254579,0.931012032877272,0.8687083509986759,0.7391668991044591,0.551060094764458,0.499166537425211,0.45533052462967105
0.259463660885207,0.508155133862152,0.644714039968533,0.7115728979554159,0.7576468384837809,0.788876978388542,0.8194763405855531,0.8471973223344491,0.865746886842278,0.879231002338994,0.890805351530702,0.9035893848575659,0.9168932576518158,0.928842938227565,0.9410832746382621,0.948214995959335,0.9582506245755391,0.968154452452725,0.976992365771561,0.9838801938593671,0.993707851047961,1.0,0.9936319612836291,0.983976995737029,0.975546335038797,0.961772448177656,0.94120476921977,0.881589043471892,0.7510843254531742,0.5628577741523431,0.513874468757403,0.463696446199942
0.25115443183666797,0.494786069402614,0.633335556266691,0.699487751590322,0.744692649160868,0.7779591616389491,0.808324280315239,0.8360417087575559,0.85513245204328,0.8683043135047109,0.879617011977098,0.8926584638043241,0.9058759165331809,0.918621437055869,0.931265581557567,0.9376681179614129,0.9481166896375061,0.957717717711371,0.96730648811635,0.9743264152256,0.9846902723767119,0.9936319612836291,1.0,0.992518417044629,0.98399337930803,0.9696525206558679,0.949313366057715,0.889630969511639,0.766653609676815,0.577854530627293,0.527216649524222,0.46658914343538105
0.24219980953505701,0.486751341544541,0.621810477917721,0.6885173199616,0.731674743924537,0.7642569953655172,0.795811819173612,0.824050866697754,0.8435624112581229,0.857054683839905,0.8690387510023759,0.8830236626450999,0.896646621023869,0.9089940370232479,0.921508179104899,0.927644670934273,0.9389454824524299,0.9494000628858341,0.959314241108362,0.9648972776260041,0.9756284830659381,0.983976995737029,0.992518417044629,1.0,0.992674226074994,0.9772804216127651,0.955341193786163,0.8978060190473391,0.7708120015004609,0.575607670732465,0.526353146642956,0.46194933633796403
0.23603372026905,0.480534540327047,0.6128285775248531,0.6804078120782829,0.720960473085458,0.7529389550911979,0.7842954197278341,0.8142642506950781,0.8336294481411679,0.8476883029053871,0.860591696828165,0.8737976233865151,0.8869513207129559,0.9005888086318199,0.9130295124519929,0.9194564698894592,0.930683454894495,0.941518084125399,0.951481356803783,0.9557809130792808,0.9671517823151651,0.975546335038797,0.98399337930803,0.992674226074994,1.0,0.987853694898415,0.9648610313694058,0.905747102439896,0.782329011952545,0.589083530809979,0.5414350058303811,0.476476887109705
0.22801627998023602,0.46797317960719803,0.597323688402283,0.668163412593551,0.706909882586522,0.736989983522657,0.7686670019952341,0.7984679930850601,0.81715359774928,0.831333000702461,0.844533094885962,0.858861888374808,0.872385651141455,0.885838150494966,0.8982337966486209,0.9038614187800892,0.914783342186423,0.928162718653274,0.93698216421588,0.941365986957728,0.9532027212254579,0.961772448177656,0.9696525206558679,0.9772804216127651,0.987853694898415,1.0,0.9833637605609109,0.932358149586505,0.809168759001884,0.6162534925008579,0.564089936816435,0.486784589404102
0.21675570833983002,0.441953174078105,0.5778824661244449,0.649133470697955,0.6850788603908171,0.712819920238125,0.744608258014191,0.775355118510153,0.7942743293077441,0.807316020184568,0.8198953778436229,0.8349832182585379,0.8491894656338119,0.8614686740527421,0.875778136262657,0.8812822036721991,0.891524292891672,0.906052645874345,0.9146975588599201,0.9191097114070921,0.931012032877272,0.94120476921977,0.949313366057715,0.955341193786163,0.9648610313694058,0.9833637605609109,1.0,0.958758483731063,0.847625211492048,0.651616427083923,0.581249644144673,0.495543802973883
0.191171093682079,0.40797418970058,0.543872202226118,0.6070250806892171,0.6398135718580861,0.6656178743591441,0.6959192774673809,0.722145757286009,0.7388287159380891,0.750412459399199,0.7619114305437841,0.779027103326567,0.7920394677348579,0.8039128848769771,0.8152695460748969,0.82058830641791,0.828746163842697,0.844365047224247,0.852081128832274,0.8573594190248491,0.8687083509986759,0.881589043471892,0.889630969511639,0.8978060190473391,0.905747102439896,0.932358149586505,0.958758483731063,1.0,0.901641634722072,0.684107993732931,0.594146227802796,0.507374903739736
0.164064794818793,0.327211109372899,0.44980078678522206,0.507821559944531,0.535238764340476,0.553913029752312,0.5780977263868101,0.6013016733176221,0.6185830499739201,0.6294958645978139,0.638641371227388,0.652573178181631,0.663115974024685,0.674900580455824,0.6875766510128051,0.692425817019159,0.6992006740338829,0.7120059116757621,0.719173958516318,0.725136258349783,0.7391668991044591,0.7510843254531742,0.766653609676815,0.7708120015004609,0.782329011952545,0.809168759001884,0.847625211492048,0.901641634722072,1.0,0.835711372525936,0.6542645228667261,0.5196940912014679
0.15379854034362198,0.25190202469002804,0.33233086019832503,0.368408848672935,0.387151644312585,0.39353592332177795,0.416665281128965,0.436564068958661,0.450758181350892,0.46234370218994797,0.465377578219901,0.47693680872244393,0.48611190707513796,0.49362661500486604,0.508689232843778,0.516319914413729,0.520973494678856,0.530074677305198,0.532873930069066,0.534838154449308,0.551060094764458,0.5628577741523431,0.577854530627293,0.575607670732465,0.589083530809979,0.6162534925008579,0.651616427083923,0.684107993732931,0.835711372525936,1.0,0.754552895061209,0.531835864499068
0.111978533736485,0.18210389196989604,0.27479006647188103,0.30774080066737297,0.32338025754300703,0.330019067268867,0.3592791216098011,0.378913635061456,0.394615390745326,0.406141111877339,0.41100965485289903,0.41964785233956897,0.42983542312427603,0.435475101445229,0.448799478406498,0.453747664553734,0.459006197821267,0.475571131768964,0.479937092378752,0.48321257855327004,0.499166537425211,0.513874468757403,0.527216649524222,0.526353146642956,0.5414350058303811,0.564089936816435,0.581249644144673,0.594146227802796,0.6542645228667261,0.754552895061209,1.0,0.696697093074909
0.0726659708463576,0.15353744021027402,0.23342077917202397,0.27457517890243,0.28951351736610603,0.304470081393592,0.33327326873115304,0.35342313937844394,0.363823215497632,0.37551833851677396,0.38497663565944,0.39316484248767,0.39611750730249395,0.393149473688912,0.403716607948927,0.410721465420014,0.42088256593695594,0.43996215157877006,0.443896914861677,0.4480207214216261,0.45533052462967105,0.463696446199942,0.46658914343538105,0.46194933633796403,0.476476887109705,0.486784589404102,0.495543802973883,0.507374903739736,0.5196940912014679,0.531835864499068,0.696697093074909,1.0
