1.0,0.898507866555761,0.858879439434862,0.8382630706241229,0.8258808844605191,0.8165908629256899,0.8045112732323121,0.796103301357563,0.7871231925757809,0.7793907348169922,0.7708782885968081,0.7642977990922809,0.757820934794104,0.7483710899896079,0.738813966960583,0.7286277953279521,0.7217161532528921,0.706942015737582,0.6974668169341539,0.687662648845529,0.6807571013906228,0.66842545792255,0.658263826923679,0.652216754116497,0.642599994247453,0.635436320320673,0.6199332450898051,0.6062397062800021,0.57901757747938,0.5361568934837679,0.41972346419177703,0.135795325118267
0.898507866555761,1.0,0.9732797410552829,0.95942973832091,0.9514391317736091,0.9435561295393671,0.935445042242054,0.930524489273746,0.9238736291108571,0.917190524870078,0.909806726429376,0.903633151564933,0.8989805186202471,0.8906388519293241,0.8825088751518041,0.8754168318942169,0.869250670174096,0.857152262888785,0.8491656548154591,0.839915867771804,0.83387849580579,0.823382108077536,0.8146398973829059,0.807105332216914,0.7983875552108921,0.7894634102680319,0.7765114054317289,0.76186301497812,0.7334274430166271,0.69145291548016,0.5680643629264029,0.24965999168123498
0.858879439434862,0.9732797410552829,1.0,0.990398334772391,0.984530643156633,0.9784953018030891,0.9725632565743271,0.9680402424747709,0.9625684481182191,0.9571600681129799,0.9506129873562379,0.9453733233268771,0.9408745531567779,0.934443116304952,0.9273782719513629,0.9213189155532672,0.9156337506671322,0.90414480363867,0.8964233729045209,0.8881366278220992,0.882611867879849,0.873217044183319,0.8647762379400981,0.8586691556941558,0.850130038636287,0.8414975165963859,0.8296875279969069,0.8171181763185291,0.7909091197639351,0.7515953038288119,0.629166282171459,0.298159863879955
0.8382630706241229,0.95942973832091,0.990398334772391,1.0,0.9947473203996059,0.9893144298352149,0.984516024029583,0.9804268454145749,0.975720910864129,0.971172030198384,0.965285162759746,0.960573203175908,0.95626604649084,0.95046189893226,0.943953333162985,0.938048506834251,0.9327445162166991,0.921589552450701,0.914313423807327,0.9064070403579979,0.901264308057722,0.892534800335347,0.884838917169576,0.8795333107457199,0.8711156221390359,0.8629941816631072,0.8520861752572351,0.840268300196963,0.8156277656751941,0.7768425574813259,0.6563666490095771,0.328125355427038
0.8258808844605191,0.9514391317736091,0.984530643156633,0.9947473203996059,1.0,0.9958277809477951,0.9918242463166259,0.9881295761695419,0.9840417242807521,0.980130170415183,0.9752833277473509,0.971149107772579,0.967314617955398,0.9621463530759259,0.9563632035971801,0.951103203803607,0.9462611371134259,0.936357774096601,0.9297248406231321,0.922475087574315,0.917690891168779,0.909508053610647,0.902178027853764,0.8969553909932059,0.8889914982092308,0.881235384422812,0.8705361842402349,0.859591686407902,0.836143376219562,0.7988779898989271,0.679117369492983,0.345687355133233
0.8165908629256899,0.9435561295393671,0.9784953018030891,0.9893144298352149,0.9958277809477951,1.0,0.9966531946949491,0.993423966831637,0.989641111266631,0.986246142998787,0.981950129780403,0.977881467877284,0.974480594554175,0.969417688116755,0.9634593336148299,0.958266616210339,0.9534601811501959,0.944113146568689,0.9378385599917071,0.9308833661444891,0.926021786995057,0.918318037561878,0.911494217900241,0.9065592944282509,0.898890932992246,0.8917624209591791,0.88155451356784,0.871128380550713,0.848612494746761,0.811502976184664,0.69157328289018,0.35780092660265506
0.8045112732323121,0.935445042242054,0.9725632565743271,0.984516024029583,0.9918242463166259,0.9966531946949491,1.0,0.997360115722303,0.994498246848608,0.9915243288578759,0.987451280712485,0.983552883573782,0.9803220513640079,0.9757691240736851,0.970121450719021,0.965008973137352,0.9602955588772181,0.951584803415098,0.945320236983383,0.9390079404678209,0.9344976240440419,0.9271387861514799,0.920740801422933,0.916391891843582,0.908963278174033,0.902241273845903,0.892674295723862,0.882678229857498,0.8612700074006858,0.8249671409737329,0.706269118045315,0.369981901818012
0.796103301357563,0.930524489273746,0.9680402424747709,0.9804268454145749,0.9881295761695419,0.993423966831637,0.997360115722303,1.0,0.9975731246659709,0.9946594984639899,0.990852369639208,0.9870444334112808,0.983832417783934,0.9793408847489001,0.973870548239598,0.9686191518605242,0.9639438566891609,0.9553667814485219,0.9495578773497679,0.943374788460932,0.938873093909086,0.931373760219132,0.924990643330016,0.9205354027648571,0.913396326845111,0.906978216097835,0.8980446374668671,0.8881616391047409,0.8667946191072479,0.8308588465621959,0.7112816657668141,0.3745282821110179
0.7871231925757809,0.9238736291108571,0.9625684481182191,0.975720910864129,0.9840417242807521,0.989641111266631,0.994498246848608,0.9975731246659709,1.0,0.9979192893987929,0.9948521489617571,0.9913938769002059,0.9881741394955409,0.9838679895033059,0.978740530405986,0.9734729388290859,0.969029905171034,0.960610407397821,0.9552126290318629,0.9493300750211221,0.9447408300701091,0.9379313802774369,0.931567203803504,0.9274276553825369,0.9204551972783319,0.9141047700280601,0.905474742653698,0.8957320855351509,0.874620569530919,0.8390990024992869,0.7204177156751841,0.38150742715588004
0.7793907348169922,0.917190524870078,0.9571600681129799,0.971172030198384,0.980130170415183,0.986246142998787,0.9915243288578759,0.9946594984639899,0.9979192893987929,1.0,0.997831719978374,0.9946987473727951,0.99158416577914,0.9874437531188079,0.9827155002806041,0.9777675863142601,0.9737804956869051,0.965678874881285,0.9604066926951399,0.9548302125671421,0.950456055067115,0.94386807567687,0.937898400952136,0.93440081979583,0.9278138945184,0.9218060359310458,0.9136052234559459,0.9043722363265351,0.8837796916093209,0.849097386117288,0.7314718681701871,0.39569608310433296
0.7708782885968081,0.909806726429376,0.9506129873562379,0.965285162759746,0.9752833277473509,0.981950129780403,0.987451280712485,0.990852369639208,0.9948521489617571,0.997831719978374,1.0,0.9980455972199291,0.995210440691011,0.991543827409606,0.987530643180727,0.9828937724885641,0.9794603054021519,0.9721530526225941,0.967474132608807,0.9623349553313092,0.9580622349969571,0.9520447708409929,0.946313079061359,0.942852200946055,0.9369927986428709,0.9315955273847071,0.923703748939352,0.914914960576764,0.895401760479809,0.862283669549555,0.74716939374178,0.41034088972755395
0.7642977990922809,0.903633151564933,0.9453733233268771,0.960573203175908,0.971149107772579,0.977881467877284,0.983552883573782,0.9870444334112808,0.9913938769002059,0.9946987473727951,0.9980455972199291,1.0,0.9979772473209009,0.9949472597327129,0.991587496053176,0.9872805667056059,0.9837948810396201,0.9772646424322571,0.9726251207957521,0.967704051287664,0.9635329679963729,0.957839450832661,0.9523813127867851,0.948954684882386,0.9435489789291122,0.9385776566599581,0.9309712714463471,0.92291219860842,0.9042240689720792,0.8725062936798659,0.760864217266227,0.424192038153762
0.757820934794104,0.8989805186202471,0.9408745531567779,0.95626604649084,0.967314617955398,0.974480594554175,0.9803220513640079,0.983832417783934,0.9881741394955409,0.99158416577914,0.995210440691011,0.9979772473209009,1.0,0.997983816346004,0.9949871329314292,0.990944630205222,0.9875842359302659,0.981575218179348,0.9771413089279241,0.9725868209834921,0.9685773359183459,0.963044192875706,0.957770726752962,0.9544838547810559,0.9490859277833441,0.9445200864719921,0.9372357678019069,0.929297704820883,0.9109389594497329,0.8803841431674599,0.769448468689869,0.433160477065282
0.7483710899896079,0.8906388519293241,0.934443116304952,0.95046189893226,0.9621463530759259,0.969417688116755,0.9757691240736851,0.9793408847489001,0.9838679895033059,0.9874437531188079,0.991543827409606,0.9949472597327129,0.997983816346004,1.0,0.9981444468536641,0.994806660601511,0.9916002956194541,0.9863176688633629,0.982342166847231,0.97820926993455,0.9743562361781619,0.9692564457712859,0.964383165250649,0.961362136382125,0.956335653982141,0.9520032036143671,0.9454072441860759,0.9377907344455451,0.920592310987475,0.8914662528630659,0.7846905711525609,0.44820448609154706
0.738813966960583,0.8825088751518041,0.9273782719513629,0.943953333162985,0.9563632035971801,0.9634593336148299,0.970121450719021,0.973870548239598,0.978740530405986,0.9827155002806041,0.987530643180727,0.991587496053176,0.9949871329314292,0.9981444468536641,1.0,0.9980162477468171,0.9953219550598059,0.99100985632962,0.987401951493322,0.9836222395681851,0.9799597359047629,0.9752726513104759,0.9708263487824971,0.968043448934373,0.963497190202793,0.9593078030498621,0.9531365839466509,0.946032511440153,0.930159371805273,0.902457766191197,0.7997434267623491,0.46393048579715507
0.7286277953279521,0.8754168318942169,0.9213189155532672,0.938048506834251,0.951103203803607,0.958266616210339,0.965008973137352,0.9686191518605242,0.9734729388290859,0.9777675863142601,0.9828937724885641,0.9872805667056059,0.990944630205222,0.994806660601511,0.9980162477468171,1.0,0.9982695076424458,0.995000855823297,0.9920046109020891,0.9885598309093979,0.985298742584956,0.98113511316348,0.9770865104682891,0.974349180878559,0.970179582136912,0.9658865171925479,0.959914762560932,0.9530194344302371,0.937849326368628,0.9116770655468821,0.8111173983838621,0.47561648642319104
0.7217161532528921,0.869250670174096,0.9156337506671322,0.9327445162166991,0.9462611371134259,0.9534601811501959,0.9602955588772181,0.9639438566891609,0.969029905171034,0.9737804956869051,0.9794603054021519,0.9837948810396201,0.9875842359302659,0.9916002956194541,0.9953219550598059,0.9982695076424458,1.0,0.9978008013457471,0.9952907426182759,0.9920778104500649,0.989001607662476,0.9852879629495891,0.981190992396192,0.978552295951918,0.9744613597229549,0.9704297786488041,0.9646751656127399,0.9581298861461371,0.943154245365088,0.917403574488798,0.818124143160113,0.48656157417776896
0.706942015737582,0.857152262888785,0.90414480363867,0.921589552450701,0.936357774096601,0.944113146568689,0.951584803415098,0.9553667814485219,0.960610407397821,0.965678874881285,0.9721530526225941,0.9772646424322571,0.981575218179348,0.9863176688633629,0.99100985632962,0.995000855823297,0.9978008013457471,1.0,0.9983916541148541,0.995846843408134,0.993204911681375,0.989971653084506,0.9864254560376379,0.983869241200197,0.9806926634239781,0.977079685543385,0.9718014971644391,0.96627521872672,0.952444238046798,0.928668840460879,0.8344819898919359,0.5040161952631761
0.6974668169341539,0.8491656548154591,0.8964233729045209,0.914313423807327,0.9297248406231321,0.9378385599917071,0.945320236983383,0.9495578773497679,0.9552126290318629,0.9604066926951399,0.967474132608807,0.9726251207957521,0.9771413089279241,0.982342166847231,0.987401951493322,0.9920046109020891,0.9952907426182759,0.9983916541148541,1.0,0.998275554225656,0.996064229445607,0.9932988932965501,0.989959493038807,0.987313805209205,0.984429605124929,0.980938408434958,0.975869414714967,0.970397180971957,0.95703246320036,0.9340438843029809,0.841550807495896,0.51213815674288
0.687662648845529,0.839915867771804,0.8881366278220992,0.9064070403579979,0.922475087574315,0.9308833661444891,0.9390079404678209,0.943374788460932,0.9493300750211221,0.9548302125671421,0.9623349553313092,0.967704051287664,0.9725868209834921,0.97820926993455,0.9836222395681851,0.9885598309093979,0.9920778104500649,0.995846843408134,0.998275554225656,1.0,0.9984420834280251,0.9962231137974771,0.9932251170682809,0.990573053993147,0.987739081408232,0.9842867197786771,0.9792220624353801,0.973936237958215,0.96109384862056,0.938961898372821,0.8474934644464039,0.5202613975230039
0.6807571013906228,0.83387849580579,0.882611867879849,0.901264308057722,0.917690891168779,0.926021786995057,0.9344976240440419,0.938873093909086,0.9447408300701091,0.950456055067115,0.9580622349969571,0.9635329679963729,0.9685773359183459,0.9743562361781619,0.9799597359047629,0.985298742584956,0.989001607662476,0.993204911681375,0.996064229445607,0.9984420834280251,1.0,0.998416826606111,0.9957202094834681,0.9930645276490909,0.9901778401142691,0.986550618474652,0.981673005462108,0.977048433998938,0.964571268782189,0.942329423384658,0.8519251663895451,0.524562522026499
0.66842545792255,0.823382108077536,0.873217044183319,0.892534800335347,0.909508053610647,0.918318037561878,0.9271387861514799,0.931373760219132,0.9379313802774369,0.94386807567687,0.9520447708409929,0.957839450832661,0.963044192875706,0.9692564457712859,0.9752726513104759,0.98113511316348,0.9852879629495891,0.989971653084506,0.9932988932965501,0.9962231137974771,0.998416826606111,1.0,0.998255722489478,0.995940409301866,0.9933324191935641,0.98989898195877,0.985556991662405,0.9813456484474671,0.9698195374658309,0.9486227693840541,0.861992024850872,0.5365426866261229
0.658263826923679,0.8146398973829059,0.8647762379400981,0.884838917169576,0.902178027853764,0.911494217900241,0.920740801422933,0.924990643330016,0.931567203803504,0.937898400952136,0.946313079061359,0.9523813127867851,0.957770726752962,0.964383165250649,0.9708263487824971,0.9770865104682891,0.981190992396192,0.9864254560376379,0.989959493038807,0.9932251170682809,0.9957202094834681,0.998255722489478,1.0,0.998370578208475,0.9958085634441559,0.992378760837891,0.9884357016242951,0.9844459815517059,0.973664967251343,0.953640315768573,0.870694760742452,0.5465466010649771
0.652216754116497,0.807105332216914,0.8586691556941558,0.8795333107457199,0.8969553909932059,0.9065592944282509,0.916391891843582,0.9205354027648571,0.9274276553825369,0.93440081979583,0.942852200946055,0.948954684882386,0.9544838547810559,0.961362136382125,0.968043448934373,0.974349180878559,0.978552295951918,0.983869241200197,0.987313805209205,0.990573053993147,0.9930645276490909,0.995940409301866,0.998370578208475,1.0,0.997659858829554,0.994552681254386,0.9907543894597819,0.986656801567498,0.9763097063564059,0.957456963725491,0.8763530095397479,0.5553040744954211
0.642599994247453,0.7983875552108921,0.850130038636287,0.8711156221390359,0.8889914982092308,0.898890932992246,0.908963278174033,0.913396326845111,0.9204551972783319,0.9278138945184,0.9369927986428709,0.9435489789291122,0.9490859277833441,0.956335653982141,0.963497190202793,0.970179582136912,0.9744613597229549,0.9806926634239781,0.984429605124929,0.987739081408232,0.9901778401142691,0.9933324191935641,0.9958085634441559,0.997659858829554,1.0,0.9977210741972159,0.9941740116332869,0.9901575173984809,0.9811810070707371,0.9635901623544609,0.8845316829059491,0.563416220142314
0.635436320320673,0.7894634102680319,0.8414975165963859,0.8629941816631072,0.881235384422812,0.8917624209591791,0.902241273845903,0.906978216097835,0.9141047700280601,0.9218060359310458,0.9315955273847071,0.9385776566599581,0.9445200864719921,0.9520032036143671,0.9593078030498621,0.9658865171925479,0.9704297786488041,0.977079685543385,0.980938408434958,0.9842867197786771,0.986550618474652,0.98989898195877,0.992378760837891,0.994552681254386,0.9977210741972159,1.0,0.997382528072524,0.9938875029700022,0.98599500182907,0.969278183605765,0.891453738638303,0.5706961187400129
0.6199332450898051,0.7765114054317289,0.8296875279969069,0.8520861752572351,0.8705361842402349,0.88155451356784,0.892674295723862,0.8980446374668671,0.905474742653698,0.9136052234559459,0.923703748939352,0.9309712714463471,0.9372357678019069,0.9454072441860759,0.9531365839466509,0.959914762560932,0.9646751656127399,0.9718014971644391,0.975869414714967,0.9792220624353801,0.981673005462108,0.985556991662405,0.9884357016242951,0.9907543894597819,0.9941740116332869,0.997382528072524,1.0,0.996667073014957,0.990058771870205,0.974643338769232,0.9004553014564441,0.5869927353040071
0.6062397062800021,0.76186301497812,0.8171181763185291,0.840268300196963,0.859591686407902,0.871128380550713,0.882678229857498,0.8881616391047409,0.8957320855351509,0.9043722363265351,0.914914960576764,0.92291219860842,0.929297704820883,0.9377907344455451,0.946032511440153,0.9530194344302371,0.9581298861461371,0.96627521872672,0.970397180971957,0.973936237958215,0.977048433998938,0.9813456484474671,0.9844459815517059,0.986656801567498,0.9901575173984809,0.9938875029700022,0.996667073014957,1.0,0.994891497604726,0.9805075754376641,0.9095821713149309,0.601689959012965
0.57901757747938,0.7334274430166271,0.7909091197639351,0.8156277656751941,0.836143376219562,0.848612494746761,0.8612700074006858,0.8667946191072479,0.874620569530919,0.8837796916093209,0.895401760479809,0.9042240689720792,0.9109389594497329,0.920592310987475,0.930159371805273,0.937849326368628,0.943154245365088,0.952444238046798,0.95703246320036,0.96109384862056,0.964571268782189,0.9698195374658309,0.973664967251343,0.9763097063564059,0.9811810070707371,0.98599500182907,0.990058771870205,0.994891497604726,1.0,0.9899069033151441,0.9274251528826479,0.619044576558839
0.5361568934837679,0.69145291548016,0.7515953038288119,0.7768425574813259,0.7988779898989271,0.811502976184664,0.8249671409737329,0.8308588465621959,0.8390990024992869,0.849097386117288,0.862283669549555,0.8725062936798659,0.8803841431674599,0.8914662528630659,0.902457766191197,0.9116770655468821,0.917403574488798,0.928668840460879,0.9340438843029809,0.938961898372821,0.942329423384658,0.9486227693840541,0.953640315768573,0.957456963725491,0.9635901623544609,0.969278183605765,0.974643338769232,0.9805075754376641,0.9899069033151441,1.0,0.9524334927094871,0.656977176403702
0.41972346419177703,0.5680643629264029,0.629166282171459,0.6563666490095771,0.679117369492983,0.69157328289018,0.706269118045315,0.7112816657668141,0.7204177156751841,0.7314718681701871,0.74716939374178,0.760864217266227,0.769448468689869,0.7846905711525609,0.7997434267623491,0.8111173983838621,0.818124143160113,0.8344819898919359,0.841550807495896,0.8474934644464039,0.8519251663895451,0.861992024850872,0.870694760742452,0.8763530095397479,0.8845316829059491,0.891453738638303,0.9004553014564441,0.9095821713149309,0.9274251528826479,0.9524334927094871,1.0,0.7551517979591059
0.135795325118267,0.24965999168123498,0.298159863879955,0.328125355427038,0.345687355133233,0.35780092660265506,0.369981901818012,0.3745282821110179,0.38150742715588004,0.39569608310433296,0.41034088972755395,0.424192038153762,0.433160477065282,0.44820448609154706,0.46393048579715507,0.47561648642319104,0.48656157417776896,0.5040161952631761,0.51213815674288,0.5202613975230039,0.524562522026499,0.5365426866261229,0.5465466010649771,0.5553040744954211,0.563416220142314,0.5706961187400129,0.5869927353040071,0.601689959012965,0.619044576558839,0.656977176403702,0.7551517979591059,1.0
