1.0,0.99131994614832,0.939226050461475,0.7501596951932259,0.49559677493659704,0.485785656106972,0.46538758309154205,0.43213339017897395,0.40539887569599004,0.39340098445070604,0.36953118794354295,0.33868108745102504,0.314737176454011,0.299657669926862,0.28269135400210305,0.264778191703508,0.241071192125692,0.205116571686066,0.17822950953664501,0.159923333278582,0.15729339137833898,0.16158163130553302,0.163255590330286,0.16310031026386,0.15861486288621301,0.149829162832967,0.141438920988069,0.13433006761298,0.155411689919619,0.15839225859196598,0.15286814177198402,0.14762084198323
0.99131994614832,1.0,0.976207606716483,0.830584702486847,0.605357354941699,0.594403415683828,0.5706378579659079,0.531230156831997,0.499054362458577,0.483746578970081,0.453872970706673,0.41548723506350205,0.38608491535369893,0.36808052185255996,0.347724022084075,0.32616133302744205,0.294732131451486,0.247524805057454,0.21297690914660503,0.189643181546363,0.185542533071879,0.18989036627544698,0.19124878844599102,0.190544558814441,0.18414484914161203,0.172701997120411,0.162118180279893,0.15327645416894597,0.17351890605391,0.17405165641164702,0.166562468622549,0.15999992998563298
0.939226050461475,0.976207606716483,1.0,0.9315785082814759,0.7633178463233291,0.7508964747515521,0.7224825445265931,0.6744275396170601,0.634503532975603,0.6143200516903149,0.57568270595435,0.526331158208785,0.489046682346179,0.46690434988655605,0.44173212536672896,0.414971939500909,0.37200411498411795,0.30803653365814,0.262170079238696,0.23143354985839498,0.22506351263900198,0.22934394436837,0.23013017938188396,0.228547396142672,0.21923434846559398,0.20384508611196897,0.190046706833346,0.178683872917291,0.19677085819556,0.193246082680479,0.182801275794198,0.174319582700895
0.7501596951932259,0.830584702486847,0.9315785082814759,1.0,0.9454713924542261,0.9319351611170659,0.898805523515197,0.8414577320704741,0.7928676388424829,0.766695881897842,0.7175505093466221,0.6551595040618641,0.6086984883041279,0.582016935963785,0.5514973179191229,0.5189216708889001,0.461262616086059,0.376123963408694,0.31624918081597303,0.27643056165503194,0.26694571862175404,0.270649531770387,0.270391307444113,0.267507015476139,0.25431830685309104,0.23397950273873702,0.216286253329758,0.201927366654129,0.21444158572543803,0.20449592676112197,0.19022715407881396,0.179446556160338
0.49559677493659704,0.605357354941699,0.7633178463233291,0.9454713924542261,1.0,0.992147663842538,0.96432529110028,0.9112723631481441,0.8640214805059772,0.8349612804637379,0.7809146369388381,0.71251467573636,0.6620340279837409,0.633679784385219,0.601100523130944,0.56622482111322,0.500413173779973,0.403709170885245,0.33651447615893393,0.29204399752293103,0.280511331234203,0.283233255280026,0.281947224016563,0.278058296696341,0.262719005010055,0.23999178458215098,0.220549785118642,0.20490368009496499,0.21089693191226103,0.19570356118758303,0.17911193415207102,0.167146639046456
0.485785656106972,0.594403415683828,0.7508964747515521,0.9319351611170659,0.992147663842538,1.0,0.989862165885593,0.9556219313267471,0.9194691097833599,0.888994027763744,0.8318882690176078,0.75944053814809,0.705886628050102,0.675724820462149,0.6410527577774909,0.6039257447924671,0.5336111626731911,0.430284401276593,0.35852501319416097,0.311043531734344,0.298509315286693,0.30105419703152897,0.299380681599907,0.294984338885892,0.279138337341742,0.25567396423266603,0.235480309113888,0.219179920088038,0.22463479317522697,0.20749571239773199,0.189371325344161,0.176385862696315
0.46538758309154205,0.5706378579659079,0.7224825445265931,0.898805523515197,0.96432529110028,0.989862165885593,1.0,0.987775831014736,0.9649148130781708,0.9334136967739091,0.873922164239709,0.7982582874678691,0.742234857984726,0.710595118542572,0.674207152018461,0.635231011258381,0.561142752543563,0.452264095371392,0.37668842856024104,0.326692419764534,0.31325968533222104,0.315555026026529,0.313473373790895,0.308584584089581,0.292465109051857,0.26861073991560896,0.24794829599187898,0.231215507168849,0.235955057333684,0.21693301960618203,0.197413394969684,0.183516870968316
0.43213339017897395,0.531230156831997,0.6744275396170601,0.8414577320704741,0.9112723631481441,0.9556219313267471,0.987775831014736,1.0,0.992260714028002,0.9603690815846551,0.899648294455323,0.822221453063515,0.764795875023598,0.732272893353685,0.6948513812657671,0.6547559153981422,0.578256003852652,0.465826452335176,0.38782710815757104,0.336238810366318,0.32213360356321696,0.324101472454165,0.321620492921301,0.316305392725297,0.300262176070574,0.276536794573873,0.25584232901505605,0.239025696268272,0.242869499754638,0.222225069436451,0.201629949014838,0.18705801589245102
0.40539887569599004,0.499054362458577,0.634503532975603,0.7928676388424829,0.8640214805059772,0.9194691097833599,0.9649148130781708,0.992260714028002,1.0,0.9825017735070659,0.934623494090395,0.8677111574755659,0.8160439537695899,0.785337074324525,0.7490991890441379,0.709646244853505,0.637178259225345,0.5252983940128879,0.4455433886531521,0.39221846017273904,0.3774477498779771,0.378749691474458,0.3749722030713979,0.368008308267549,0.351599653060984,0.32711404294707697,0.30511706055043003,0.28698617495004,0.28711108596559004,0.258153873677887,0.231654960044364,0.213282235589639
0.39340098445070604,0.483746578970081,0.6143200516903149,0.766695881897842,0.8349612804637379,0.888994027763744,0.9334136967739091,0.9603690815846551,0.9825017735070659,1.0,0.9845081067975551,0.945108411420918,0.9090891772842621,0.88390751468386,0.8518768886626821,0.815446964215719,0.755901674934155,0.650111488537193,0.569388566725434,0.5140251918496861,0.49859579416273897,0.49880082067508297,0.49249729957081706,0.482187402675274,0.464704746700975,0.43807853276119,0.41289602222989996,0.39164908100887,0.3842085179468329,0.337620339794313,0.29845420940152695,0.27189426412317896
0.36953118794354295,0.453872970706673,0.57568270595435,0.7175505093466221,0.7809146369388381,0.8318882690176078,0.873922164239709,0.899648294455323,0.934623494090395,0.9845081067975551,1.0,0.987760147202048,0.9676232805766051,0.9484479908295559,0.921401935840237,0.8889823600646031,0.8435058665085171,0.74683006957232,0.667776237756437,0.612263542837551,0.596707252696994,0.595873088104412,0.587393046549515,0.574262771604115,0.5563278784365961,0.528537597146029,0.501161178355196,0.477659930914903,0.46333505509271705,0.401638239023825,0.35179910757217997,0.31838068249026197
0.33868108745102504,0.41548723506350205,0.526331158208785,0.6551595040618641,0.71251467573636,0.75944053814809,0.7982582874678691,0.822221453063515,0.8677111574755659,0.945108411420918,0.987760147202048,1.0,0.9945159659054731,0.981182870566213,0.959274829955173,0.931266433256089,0.899488802195638,0.81343673634544,0.737924801615168,0.683723786990605,0.668459409620852,0.666722493876986,0.656526896760957,0.6412293002588489,0.623358789853426,0.595256102480697,0.566640368996575,0.541745240127513,0.521668879618203,0.448136957105721,0.390100078339867,0.35144998901209495
0.314737176454011,0.38608491535369893,0.489046682346179,0.6086984883041279,0.6620340279837409,0.705886628050102,0.742234857984726,0.764795875023598,0.8160439537695899,0.9090891772842621,0.9676232805766051,0.9945159659054731,1.0,0.9946564436320608,0.980076698306369,0.9586325641328042,0.933574004537201,0.8497036068729691,0.7741372851789821,0.7194780887721031,0.7047748255336179,0.703897888452373,0.693975970847652,0.678547135960447,0.6613506542781639,0.633361373078353,0.604240237366681,0.5786926400419771,0.5553535853193821,0.47500010470898396,0.41223541232386296,0.37056748375223497
0.299657669926862,0.36808052185255996,0.46690434988655605,0.582016935963785,0.633679784385219,0.675724820462149,0.710595118542572,0.732272893353685,0.785337074324525,0.88390751468386,0.9484479908295559,0.981182870566213,0.9946564436320608,1.0,0.995345129117356,0.982897042321751,0.9575695087705172,0.8664424610984219,0.78630298508719,0.7287433310920529,0.714757472347923,0.7166025546210391,0.7089113273464441,0.6952691677066021,0.6792338638540071,0.6515010178800079,0.6222797084157149,0.596521145744339,0.572002828253974,0.488647275754288,0.423720518315951,0.38065404501611605
0.28269135400210305,0.347724022084075,0.44173212536672896,0.5514973179191229,0.601100523130944,0.6410527577774909,0.674207152018461,0.6948513812657671,0.7490991890441379,0.8518768886626821,0.921401935840237,0.959274829955173,0.980076698306369,0.995345129117356,1.0,0.996069746925681,0.9707353618506709,0.8737129876415249,0.790077270105435,0.7303650954666701,0.7171837993235358,0.7215520900734399,0.7160173757348779,0.704174626928206,0.689377910326671,0.662151876065699,0.633118837761169,0.6074117309551801,0.582029005453599,0.496674827235011,0.43035587892104604,0.38639915945530495
0.264778191703508,0.32616133302744205,0.414971939500909,0.5189216708889001,0.56622482111322,0.6039257447924671,0.635231011258381,0.6547559153981422,0.709646244853505,0.815446964215719,0.8889823600646031,0.931266433256089,0.9586325641328042,0.982897042321751,0.996069746925681,1.0,0.9748672696664409,0.8732232299720821,0.787060825100365,0.725860527834553,0.713526854075111,0.720178222851563,0.716670864576813,0.7065790581375458,0.6930421105455831,0.6665053362061589,0.6378836381124201,0.6124348323801059,0.5864660281215589,0.49997563974578796,0.432921573881448,0.38850748974834204
0.241071192125692,0.294732131451486,0.37200411498411795,0.461262616086059,0.500413173779973,0.5336111626731911,0.561142752543563,0.578256003852652,0.637178259225345,0.755901674934155,0.8435058665085171,0.899488802195638,0.933574004537201,0.9575695087705172,0.9707353618506709,0.9748672696664409,1.0,0.959233356795872,0.903599564474493,0.859438611022961,0.849751469973161,0.8501261467110022,0.839405021246907,0.821852492354014,0.808139005417165,0.782421366209844,0.752591108765787,0.725390853628521,0.6880094694965481,0.5794416775691539,0.497419882264171,0.443527272377518
0.205116571686066,0.247524805057454,0.30803653365814,0.376123963408694,0.403709170885245,0.430284401276593,0.452264095371392,0.465826452335176,0.5252983940128879,0.650111488537193,0.74683006957232,0.81343673634544,0.8497036068729691,0.8664424610984219,0.8737129876415249,0.8732232299720821,0.959233356795872,1.0,0.987829027985376,0.9688860990626029,0.962683727255828,0.953865147643441,0.933703875667938,0.9070405157145309,0.8933280316467491,0.8700241656779429,0.840525356211243,0.8128847288896128,0.764205244554278,0.6363109534433199,0.5417528036699989,0.48005266524197204
0.17822950953664501,0.21297690914660503,0.262170079238696,0.31624918081597303,0.33651447615893393,0.35852501319416097,0.37668842856024104,0.38782710815757104,0.4455433886531521,0.569388566725434,0.667776237756437,0.737924801615168,0.7741372851789821,0.78630298508719,0.790077270105435,0.787060825100365,0.903599564474493,0.987829027985376,1.0,0.9955919470145379,0.991522146223001,0.9779490444256971,0.953289914429602,0.9225349655530269,0.909297592399932,0.888128696047508,0.859833195395623,0.8329067808290191,0.779693824890686,0.645588904093504,0.547403541708931,0.483541661962083
0.159923333278582,0.189643181546363,0.23143354985839498,0.27643056165503194,0.29204399752293103,0.311043531734344,0.326692419764534,0.336238810366318,0.39221846017273904,0.5140251918496861,0.612263542837551,0.683723786990605,0.7194780887721031,0.7287433310920529,0.7303650954666701,0.725860527834553,0.859438611022961,0.9688860990626029,0.9955919470145379,1.0,0.9972639172334549,0.9809833487002622,0.953901744148731,0.9210409026823059,0.908245513811132,0.888612644488866,0.861375108633968,0.83519565823311,0.77987417438984,0.64359965912994,0.544380520023357,0.47996532486101395
0.15729339137833898,0.185542533071879,0.22506351263900198,0.26694571862175404,0.280511331234203,0.298509315286693,0.31325968533222104,0.32213360356321696,0.3774477498779771,0.49859579416273897,0.596707252696994,0.668459409620852,0.7047748255336179,0.714757472347923,0.7171837993235358,0.713526854075111,0.849751469973161,0.962683727255828,0.991522146223001,0.9972639172334549,1.0,0.9921416415187191,0.972327966137746,0.9455858800003292,0.9336312761821371,0.911717128750325,0.8825431719607459,0.8548115302931542,0.8017067510309741,0.665313896849206,0.56506481086891,0.499777220147784
0.16158163130553302,0.18989036627544698,0.22934394436837,0.270649531770387,0.283233255280026,0.30105419703152897,0.315555026026529,0.324101472454165,0.378749691474458,0.49880082067508297,0.595873088104412,0.666722493876986,0.703897888452373,0.7166025546210391,0.7215520900734399,0.720178222851563,0.8501261467110022,0.953865147643441,0.9779490444256971,0.9809833487002622,0.9921416415187191,1.0,0.993917556841329,0.97886568310283,0.968188200880288,0.941794169026676,0.909051974099639,0.878556489192604,0.830836019193553,0.696712465078893,0.596236727836551,0.530396400727128
0.163255590330286,0.19124878844599102,0.23013017938188396,0.270391307444113,0.281947224016563,0.299380681599907,0.313473373790895,0.321620492921301,0.3749722030713979,0.49249729957081706,0.587393046549515,0.656526896760957,0.693975970847652,0.7089113273464441,0.7160173757348779,0.716670864576813,0.839405021246907,0.933703875667938,0.953289914429602,0.953901744148731,0.972327966137746,0.993917556841329,1.0,0.9954331628305609,0.986018562864968,0.9560245703528059,0.9205673391838209,0.888035617072353,0.845674579850285,0.715291885979667,0.61592275476994,0.550451792941127
0.16310031026386,0.190544558814441,0.228547396142672,0.267507015476139,0.278058296696341,0.294984338885892,0.308584584089581,0.316305392725297,0.368008308267549,0.482187402675274,0.574262771604115,0.6412293002588489,0.678547135960447,0.6952691677066021,0.704174626928206,0.7065790581375458,0.821852492354014,0.9070405157145309,0.9225349655530269,0.9210409026823059,0.9455858800003292,0.97886568310283,0.9954331628305609,1.0,0.9917727366185219,0.958953310940385,0.9214914796037309,0.887514775516755,0.8502162552723961,0.7243591214410972,0.626926949679501,0.562420351657639
0.15861486288621301,0.18414484914161203,0.21923434846559398,0.25431830685309104,0.262719005010055,0.279138337341742,0.292465109051857,0.300262176070574,0.351599653060984,0.464704746700975,0.5563278784365961,0.623358789853426,0.6613506542781639,0.6792338638540071,0.689377910326671,0.6930421105455831,0.808139005417165,0.8933280316467491,0.909297592399932,0.908245513811132,0.9336312761821371,0.968188200880288,0.986018562864968,0.9917727366185219,1.0,0.9869333790103291,0.962743152503181,0.937967761369817,0.8932674086578299,0.7529861048690691,0.646813933687444,0.577013495512542
0.149829162832967,0.172701997120411,0.20384508611196897,0.23397950273873702,0.23999178458215098,0.25567396423266603,0.26861073991560896,0.276536794573873,0.32711404294707697,0.43807853276119,0.528537597146029,0.595256102480697,0.633361373078353,0.6515010178800079,0.662151876065699,0.6665053362061589,0.782421366209844,0.8700241656779429,0.888128696047508,0.888612644488866,0.911717128750325,0.941794169026676,0.9560245703528059,0.958953310940385,0.9869333790103291,1.0,0.993735412057483,0.9815786857417651,0.9262767032598901,0.76888023610596,0.6531438193135389,0.577759435558562
0.141438920988069,0.162118180279893,0.190046706833346,0.216286253329758,0.220549785118642,0.235480309113888,0.24794829599187898,0.25584232901505605,0.30511706055043003,0.41289602222989996,0.501161178355196,0.566640368996575,0.604240237366681,0.6222797084157149,0.633118837761169,0.6378836381124201,0.752591108765787,0.840525356211243,0.859833195395623,0.861375108633968,0.8825431719607459,0.909051974099639,0.9205673391838209,0.9214914796037309,0.962743152503181,0.993735412057483,1.0,0.996781864674491,0.934974275603169,0.768119297586722,0.6475231115576701,0.569421181938479
0.13433006761298,0.15327645416894597,0.178683872917291,0.201927366654129,0.20490368009496499,0.219179920088038,0.231215507168849,0.239025696268272,0.28698617495004,0.39164908100887,0.477659930914903,0.541745240127513,0.5786926400419771,0.596521145744339,0.6074117309551801,0.6124348323801059,0.725390853628521,0.8128847288896128,0.8329067808290191,0.83519565823311,0.8548115302931542,0.878556489192604,0.888035617072353,0.887514775516755,0.937967761369817,0.9815786857417651,0.996781864674491,1.0,0.9340027176569828,0.761650075359678,0.638498072117883,0.559049196652646
0.155411689919619,0.17351890605391,0.19677085819556,0.21444158572543803,0.21089693191226103,0.22463479317522697,0.235955057333684,0.242869499754638,0.28711108596559004,0.3842085179468329,0.46333505509271705,0.521668879618203,0.5553535853193821,0.572002828253974,0.582029005453599,0.5864660281215589,0.6880094694965481,0.764205244554278,0.779693824890686,0.77987417438984,0.8017067510309741,0.830836019193553,0.845674579850285,0.8502162552723961,0.8932674086578299,0.9262767032598901,0.934974275603169,0.9340027176569828,1.0,0.942759432459057,0.871085305256352,0.81807730302514
0.15839225859196598,0.17405165641164702,0.193246082680479,0.20449592676112197,0.19570356118758303,0.20749571239773199,0.21693301960618203,0.222225069436451,0.258153873677887,0.337620339794313,0.401638239023825,0.448136957105721,0.47500010470898396,0.488647275754288,0.496674827235011,0.49997563974578796,0.5794416775691539,0.6363109534433199,0.645588904093504,0.64359965912994,0.665313896849206,0.696712465078893,0.715291885979667,0.7243591214410972,0.7529861048690691,0.76888023610596,0.768119297586722,0.761650075359678,0.942759432459057,1.0,0.985003366907951,0.963033529420432
0.15286814177198402,0.166562468622549,0.182801275794198,0.19022715407881396,0.17911193415207102,0.189371325344161,0.197413394969684,0.201629949014838,0.231654960044364,0.29845420940152695,0.35179910757217997,0.390100078339867,0.41223541232386296,0.423720518315951,0.43035587892104604,0.432921573881448,0.497419882264171,0.5417528036699989,0.547403541708931,0.544380520023357,0.56506481086891,0.596236727836551,0.61592275476994,0.626926949679501,0.646813933687444,0.6531438193135389,0.6475231115576701,0.638498072117883,0.871085305256352,0.985003366907951,1.0,0.9950690471799879
0.14762084198323,0.15999992998563298,0.174319582700895,0.179446556160338,0.167146639046456,0.176385862696315,0.183516870968316,0.18705801589245102,0.213282235589639,0.27189426412317896,0.31838068249026197,0.35144998901209495,0.37056748375223497,0.38065404501611605,0.38639915945530495,0.38850748974834204,0.443527272377518,0.48005266524197204,0.483541661962083,0.47996532486101395,0.499777220147784,0.530396400727128,0.550451792941127,0.562420351657639,0.577013495512542,0.577759435558562,0.569421181938479,0.559049196652646,0.81807730302514,0.963033529420432,0.9950690471799879,1.0
