1.0,0.846682513548386,0.806740143086659,0.7846946651870291,0.762433272175794,0.7541546931036651,0.7453066547167649,0.737058071902313,0.73246771517387,0.7228913357958101,0.71647753503338,0.710036936510583,0.699709685960308,0.698859152850162,0.6930516429328211,0.6801104543832199,0.6717060612137261,0.6653767702229549,0.661002328442561,0.6519409419404971,0.642363431797588,0.6343286709800401,0.6207475703709561,0.610564481132269,0.600822400102539,0.5909177281622829,0.571927952626772,0.542415581442013,0.508346157139716,0.423814573594879,0.26139108849685,0.0450503351575391
0.846682513548386,1.0,0.9687517805546859,0.9507963600075771,0.938135837995492,0.927277436460727,0.918685880814391,0.9110270749130941,0.9040487553369508,0.8946546206410941,0.88847073262428,0.8815826978665351,0.873975135065975,0.8721734823747729,0.8651587402018209,0.8540486349905909,0.845034270989867,0.8383227221046708,0.8319249416997221,0.8232747690188679,0.814377919583865,0.807813990872317,0.7964220101517591,0.785841816477788,0.776257368760097,0.7646146003456201,0.746004228689509,0.7158031148880271,0.6725537828841659,0.560071030951658,0.36011623894649797,0.107161139480809
0.806740143086659,0.9687517805546859,1.0,0.9842884251024009,0.972493994992495,0.961666067839126,0.9522452724183759,0.9440383034827529,0.9355207463696329,0.9284695302345308,0.9219189687121842,0.9148597450097979,0.908955250307772,0.9057612182370129,0.8979167932130401,0.887518911374337,0.879870191654737,0.8735306926746559,0.868043644992386,0.8595689596646121,0.852135922592396,0.8455474328337191,0.83473618578698,0.823701663785325,0.8153269240276819,0.804848003907179,0.787438103702475,0.755982665668229,0.713320920070606,0.5894413347306879,0.37831341841321403,0.136290436337322
0.7846946651870291,0.9507963600075771,0.9842884251024009,1.0,0.9893906059978259,0.979487077509903,0.969456024017234,0.961027624996876,0.9522535062914309,0.9464641594133509,0.9397696406501679,0.933271309887016,0.9278340413662809,0.9240113587183281,0.9158404421333471,0.9058035306900859,0.898638994769255,0.892007946233477,0.887079107263037,0.879517699066053,0.8724773474276459,0.8657917379934681,0.856290729373662,0.846080057307418,0.839189540905109,0.8291282685738471,0.811722852625006,0.782235576347952,0.7404619623734671,0.615710551391326,0.400590210048239,0.144080600030736
0.762433272175794,0.938135837995492,0.972493994992495,0.9893906059978259,1.0,0.991979487313784,0.9832264031460859,0.975720010086823,0.9670238033376899,0.961400288844068,0.954244772712766,0.948056236822433,0.9427764516764091,0.938355367754218,0.9311956372217179,0.922781839123261,0.9165611944297031,0.9107183798567259,0.9066532156297571,0.899507996107326,0.893306519274856,0.8866992677919091,0.8773943729642092,0.867742827733894,0.861163209989158,0.8515997572350341,0.833659502666395,0.802611894029626,0.7611410398254309,0.631548865128774,0.41563885727304495,0.16690260325845302
0.7541546931036651,0.927277436460727,0.961666067839126,0.979487077509903,0.991979487313784,1.0,0.9937192632888601,0.9870035097163949,0.9790579529387919,0.9734909854506401,0.9676581020215259,0.9615319964759479,0.9558642475821469,0.951597563789314,0.9449200318611289,0.9369503224063879,0.930981120649119,0.924576106299291,0.9206329058896742,0.914145715848279,0.9081768867992471,0.9018832419561741,0.8927109392828589,0.883587052067875,0.8762324733728192,0.865804667065963,0.847324132643514,0.817052808638818,0.775569281380011,0.646944578957601,0.43205403675624104,0.17346491776321898
0.7453066547167649,0.918685880814391,0.9522452724183759,0.969456024017234,0.9832264031460859,0.9937192632888601,1.0,0.9948391049280221,0.9878604118534109,0.9823433578582671,0.977667946998698,0.9720424257404241,0.966817069630643,0.9623213348529001,0.9556475878514481,0.9480271519451791,0.942549446916992,0.9361022314769492,0.932255354529178,0.9263321876707541,0.9206265226596341,0.914948037541938,0.9061197367646759,0.897090325195609,0.890747356796692,0.8803421334653929,0.86301062696078,0.8338672405424571,0.7918554134528759,0.663609213198436,0.44583926464760204,0.186893295716813
0.737058071902313,0.9110270749130941,0.9440383034827529,0.961027624996876,0.975720010086823,0.9870035097163949,0.9948391049280221,1.0,0.995167280218828,0.990134521103592,0.985327544010734,0.979763841484236,0.97472503939971,0.9700031526837779,0.963733554328208,0.95710955814934,0.951989285674125,0.946106571394432,0.942439639818527,0.936969380858754,0.9312395933042109,0.9259765164267859,0.917895037030621,0.9084897983437661,0.9027262579152049,0.89242230749485,0.874951280530255,0.845934114969154,0.804887555312068,0.675493368261181,0.45703011772842794,0.19582899142699497
0.73246771517387,0.9040487553369508,0.9355207463696329,0.9522535062914309,0.9670238033376899,0.9790579529387919,0.9878604118534109,0.995167280218828,1.0,0.996135988998327,0.9915748795002359,0.9868221690303299,0.9825826526773509,0.9786629579296771,0.97341668245926,0.967427479420878,0.96257393769197,0.956758643433865,0.9532132524422391,0.947903122303227,0.942368751852761,0.9377337420219409,0.929808515799424,0.921412504419398,0.915755122809035,0.906168666378771,0.889301035898948,0.8605450056798231,0.8225237919495719,0.690831162861392,0.472875183026757,0.213387673938469
0.7228913357958101,0.8946546206410941,0.9284695302345308,0.9464641594133509,0.961400288844068,0.9734909854506401,0.9823433578582671,0.990134521103592,0.996135988998327,1.0,0.996393495976647,0.9921770355636049,0.9881365626559201,0.9841726162338309,0.979129723781748,0.973690265228825,0.969276147969328,0.963645595230888,0.960325325186925,0.955072982891095,0.949688877090907,0.9448076803978109,0.937560803792086,0.9295714695089721,0.9244288633054442,0.915307735130153,0.899502077297076,0.8712427058749491,0.8352981999488321,0.704821316142438,0.488387987711415,0.22503078921571898
0.71647753503338,0.88847073262428,0.9219189687121842,0.9397696406501679,0.954244772712766,0.9676581020215259,0.977667946998698,0.985327544010734,0.9915748795002359,0.996393495976647,1.0,0.9969918145377259,0.993121212834509,0.989152542206897,0.9839434091093191,0.9785851631183241,0.973988908436614,0.968604507748948,0.965450115200343,0.9600778618204421,0.9549774625846279,0.950745765021422,0.943864249920124,0.9362479491280341,0.930892159885592,0.921357307393775,0.905543954203473,0.87914744193499,0.844217451793105,0.7164865910751469,0.498273078788437,0.2269519258097
0.710036936510583,0.8815826978665351,0.9148597450097979,0.933271309887016,0.948056236822433,0.9615319964759479,0.9720424257404241,0.979763841484236,0.9868221690303299,0.9921770355636049,0.9969918145377259,1.0,0.9973933172969329,0.993783968003377,0.9893741417238221,0.984433225904922,0.979895327224436,0.974751091340245,0.9717940038380479,0.9666289187343499,0.962327413857052,0.9584251601993621,0.952095366627125,0.944689953215059,0.9394806553915709,0.930079686300212,0.9147232638736109,0.889668581931069,0.854159178892959,0.728580691290859,0.510047251406934,0.236231574568839
0.699709685960308,0.873975135065975,0.908955250307772,0.9278340413662809,0.9427764516764091,0.9558642475821469,0.966817069630643,0.97472503939971,0.9825826526773509,0.9881365626559201,0.993121212834509,0.9973933172969329,1.0,0.9970859842418109,0.9932621916153429,0.9890737061467672,0.98483160831275,0.979792800902121,0.9771667405113491,0.9719853145719529,0.967801195751261,0.96406438223627,0.9581158330106311,0.951243162970563,0.945994334372929,0.936828063696525,0.922532127086162,0.897989240135256,0.8635618865899269,0.7355472866494169,0.517893997025706,0.24433177844300102
0.698859152850162,0.8721734823747729,0.9057612182370129,0.9240113587183281,0.938355367754218,0.951597563789314,0.9623213348529001,0.9700031526837779,0.9786629579296771,0.9841726162338309,0.989152542206897,0.993783968003377,0.9970859842418109,1.0,0.9967558664649542,0.9929701547716608,0.989018673165756,0.984301400082805,0.981325549283119,0.9764712061492281,0.972563385435059,0.96854738757778,0.962326002261139,0.955710755278489,0.9503853859854721,0.94123577776112,0.927102026102881,0.9022151578866391,0.868118806549843,0.738556778147381,0.5232100795171161,0.250514633459945
0.6930516429328211,0.8651587402018209,0.8979167932130401,0.9158404421333471,0.9311956372217179,0.9449200318611289,0.9556475878514481,0.963733554328208,0.97341668245926,0.979129723781748,0.9839434091093191,0.9893741417238221,0.9932621916153429,0.9967558664649542,1.0,0.9972302553841551,0.993828112581494,0.9893543635611859,0.9863303294808901,0.98185182862803,0.9778072838592801,0.9737849567412409,0.967529867519393,0.961215426653533,0.955744907843505,0.9468760495831441,0.9333675819677589,0.9092352104579221,0.8759313369210509,0.7466563560360451,0.5367090285070779,0.258101248752308
0.6801104543832199,0.8540486349905909,0.887518911374337,0.9058035306900859,0.922781839123261,0.9369503224063879,0.9480271519451791,0.95710955814934,0.967427479420878,0.973690265228825,0.9785851631183241,0.984433225904922,0.9890737061467672,0.9929701547716608,0.9972302553841551,1.0,0.997561097346103,0.993556000484239,0.9902427453153041,0.986239755139324,0.982348294118853,0.9784234949316509,0.972770226572291,0.9668021438482378,0.9616209319034991,0.952737626944293,0.9393868428350759,0.916451694321478,0.883255902253239,0.7551329375888579,0.5441289947116039,0.261562730200886
0.6717060612137261,0.845034270989867,0.879870191654737,0.898638994769255,0.9165611944297031,0.930981120649119,0.942549446916992,0.951989285674125,0.96257393769197,0.969276147969328,0.973988908436614,0.979895327224436,0.98483160831275,0.989018673165756,0.993828112581494,0.997561097346103,1.0,0.9968666603062409,0.993803513781986,0.990314216634407,0.9870582242090179,0.9832560479425541,0.977649404015121,0.9716391351693531,0.966219809814636,0.9574600956157451,0.944479014806886,0.922279660396862,0.889871545763224,0.7617691592652951,0.550044771532345,0.269923369689422
0.6653767702229549,0.8383227221046708,0.8735306926746559,0.892007946233477,0.9107183798567259,0.924576106299291,0.9361022314769492,0.946106571394432,0.956758643433865,0.963645595230888,0.968604507748948,0.974751091340245,0.979792800902121,0.984301400082805,0.9893543635611859,0.993556000484239,0.9968666603062409,1.0,0.9972043446686859,0.9936955612102181,0.990867257192822,0.987417653738002,0.9819997764995541,0.9760531954052909,0.9707488316974691,0.9620851821965699,0.9492463446513109,0.9283160270955301,0.8955720935519279,0.7678616669289949,0.554073885073577,0.277794943183782
0.661002328442561,0.8319249416997221,0.868043644992386,0.887079107263037,0.9066532156297571,0.9206329058896742,0.932255354529178,0.942439639818527,0.9532132524422391,0.960325325186925,0.965450115200343,0.9717940038380479,0.9771667405113491,0.981325549283119,0.9863303294808901,0.9902427453153041,0.993803513781986,0.9972043446686859,1.0,0.9967789469090029,0.9939950746731808,0.990717106489342,0.985435386654247,0.979556496105351,0.9744273802612109,0.9660532593842921,0.95323506082278,0.931672591730818,0.899939691650397,0.7729693120844671,0.563326075134859,0.286808252173846
0.6519409419404971,0.8232747690188679,0.8595689596646121,0.879517699066053,0.899507996107326,0.914145715848279,0.9263321876707541,0.936969380858754,0.947903122303227,0.955072982891095,0.9600778618204421,0.9666289187343499,0.9719853145719529,0.9764712061492281,0.98185182862803,0.986239755139324,0.990314216634407,0.9936955612102181,0.9967789469090029,1.0,0.997494016996395,0.9939818887671559,0.988558350719665,0.982939558077126,0.9783974327978531,0.970557696763213,0.9589928158023671,0.939098480845247,0.9064691264834909,0.782557695392157,0.576148295573406,0.295187770786909
0.642363431797588,0.814377919583865,0.852135922592396,0.8724773474276459,0.893306519274856,0.9081768867992471,0.9206265226596341,0.9312395933042109,0.942368751852761,0.949688877090907,0.9549774625846279,0.962327413857052,0.967801195751261,0.972563385435059,0.9778072838592801,0.982348294118853,0.9870582242090179,0.990867257192822,0.9939950746731808,0.997494016996395,1.0,0.9970816587699309,0.992073931269857,0.9866757564886479,0.981759363222715,0.9745080666127021,0.9635151008039351,0.9437663679457329,0.9131659774996899,0.7899308818592241,0.583271997017074,0.303044945870129
0.6343286709800401,0.807813990872317,0.8455474328337191,0.8657917379934681,0.8866992677919091,0.9018832419561741,0.914948037541938,0.9259765164267859,0.9377337420219409,0.9448076803978109,0.950745765021422,0.9584251601993621,0.96406438223627,0.96854738757778,0.9737849567412409,0.9784234949316509,0.9832560479425541,0.987417653738002,0.990717106489342,0.9939818887671559,0.9970816587699309,1.0,0.9957054335652759,0.9909104951108259,0.985959724430404,0.9788564017482941,0.96792985572392,0.949319468664438,0.919715516682331,0.7999264425060941,0.592758728507662,0.309809254951406
0.6207475703709561,0.7964220101517591,0.83473618578698,0.856290729373662,0.8773943729642092,0.8927109392828589,0.9061197367646759,0.917895037030621,0.929808515799424,0.937560803792086,0.943864249920124,0.952095366627125,0.9581158330106311,0.962326002261139,0.967529867519393,0.972770226572291,0.977649404015121,0.9819997764995541,0.985435386654247,0.988558350719665,0.992073931269857,0.9957054335652759,1.0,0.995750941240924,0.990654257035512,0.9837851786329851,0.9736701501831129,0.9566631448748409,0.928784086436589,0.8092664122501031,0.6013322165816279,0.31530892209775296
0.610564481132269,0.785841816477788,0.823701663785325,0.846080057307418,0.867742827733894,0.883587052067875,0.897090325195609,0.9084897983437661,0.921412504419398,0.9295714695089721,0.9362479491280341,0.944689953215059,0.951243162970563,0.955710755278489,0.961215426653533,0.9668021438482378,0.9716391351693531,0.9760531954052909,0.979556496105351,0.982939558077126,0.9866757564886479,0.9909104951108259,0.995750941240924,1.0,0.995039993235481,0.9884224250952591,0.9799133013711079,0.963743287323412,0.9356540367219609,0.816271269000854,0.611152353155343,0.321450143111596
0.600822400102539,0.776257368760097,0.8153269240276819,0.839189540905109,0.861163209989158,0.8762324733728192,0.890747356796692,0.9027262579152049,0.915755122809035,0.9244288633054442,0.930892159885592,0.9394806553915709,0.945994334372929,0.9503853859854721,0.955744907843505,0.9616209319034991,0.966219809814636,0.9707488316974691,0.9744273802612109,0.9783974327978531,0.981759363222715,0.985959724430404,0.990654257035512,0.995039993235481,1.0,0.994984755735908,0.9864999511975271,0.97065555405231,0.9421615163832329,0.8253978838371422,0.617453174988963,0.326599785873628
0.5909177281622829,0.7646146003456201,0.804848003907179,0.8291282685738471,0.8515997572350341,0.865804667065963,0.8803421334653929,0.89242230749485,0.906168666378771,0.915307735130153,0.921357307393775,0.930079686300212,0.936828063696525,0.94123577776112,0.9468760495831441,0.952737626944293,0.9574600956157451,0.9620851821965699,0.9660532593842921,0.970557696763213,0.9745080666127021,0.9788564017482941,0.9837851786329851,0.9884224250952591,0.994984755735908,1.0,0.9928101142300451,0.976950070401154,0.9516307910885771,0.8353927981352879,0.629610237080202,0.342792390540213
0.571927952626772,0.746004228689509,0.787438103702475,0.811722852625006,0.833659502666395,0.847324132643514,0.86301062696078,0.874951280530255,0.889301035898948,0.899502077297076,0.905543954203473,0.9147232638736109,0.922532127086162,0.927102026102881,0.9333675819677589,0.9393868428350759,0.944479014806886,0.9492463446513109,0.95323506082278,0.9589928158023671,0.9635151008039351,0.96792985572392,0.9736701501831129,0.9799133013711079,0.9864999511975271,0.9928101142300451,1.0,0.986351749587961,0.9586049551264609,0.840891123822405,0.633656043682852,0.352606333459803
0.542415581442013,0.7158031148880271,0.755982665668229,0.782235576347952,0.802611894029626,0.817052808638818,0.8338672405424571,0.845934114969154,0.8605450056798231,0.8712427058749491,0.87914744193499,0.889668581931069,0.897989240135256,0.9022151578866391,0.9092352104579221,0.916451694321478,0.922279660396862,0.9283160270955301,0.931672591730818,0.939098480845247,0.9437663679457329,0.949319468664438,0.9566631448748409,0.963743287323412,0.97065555405231,0.976950070401154,0.986351749587961,1.0,0.973796395328082,0.869563151025455,0.656655926638886,0.365594119120565
0.508346157139716,0.6725537828841659,0.713320920070606,0.7404619623734671,0.7611410398254309,0.775569281380011,0.7918554134528759,0.804887555312068,0.8225237919495719,0.8352981999488321,0.844217451793105,0.854159178892959,0.8635618865899269,0.868118806549843,0.8759313369210509,0.883255902253239,0.889871545763224,0.8955720935519279,0.899939691650397,0.9064691264834909,0.9131659774996899,0.919715516682331,0.928784086436589,0.9356540367219609,0.9421615163832329,0.9516307910885771,0.9586049551264609,0.973796395328082,1.0,0.919762766815359,0.724226764725302,0.409153029452465
0.423814573594879,0.560071030951658,0.5894413347306879,0.615710551391326,0.631548865128774,0.646944578957601,0.663609213198436,0.675493368261181,0.690831162861392,0.704821316142438,0.7164865910751469,0.728580691290859,0.7355472866494169,0.738556778147381,0.7466563560360451,0.7551329375888579,0.7617691592652951,0.7678616669289949,0.7729693120844671,0.782557695392157,0.7899308818592241,0.7999264425060941,0.8092664122501031,0.816271269000854,0.8253978838371422,0.8353927981352879,0.840891123822405,0.869563151025455,0.919762766815359,1.0,0.8496586096665371,0.448010116544458
0.26139108849685,0.36011623894649797,0.37831341841321403,0.400590210048239,0.41563885727304495,0.43205403675624104,0.44583926464760204,0.45703011772842794,0.472875183026757,0.488387987711415,0.498273078788437,0.510047251406934,0.517893997025706,0.5232100795171161,0.5367090285070779,0.5441289947116039,0.550044771532345,0.554073885073577,0.563326075134859,0.576148295573406,0.583271997017074,0.592758728507662,0.6013322165816279,0.611152353155343,0.617453174988963,0.629610237080202,0.633656043682852,0.656655926638886,0.724226764725302,0.8496586096665371,1.0,0.5753083413762811
0.0450503351575391,0.107161139480809,0.136290436337322,0.144080600030736,0.16690260325845302,0.17346491776321898,0.186893295716813,0.19582899142699497,0.213387673938469,0.22503078921571898,0.2269519258097,0.236231574568839,0.24433177844300102,0.250514633459945,0.258101248752308,0.261562730200886,0.269923369689422,0.277794943183782,0.286808252173846,0.295187770786909,0.303044945870129,0.309809254951406,0.31530892209775296,0.321450143111596,0.326599785873628,0.342792390540213,0.352606333459803,0.365594119120565,0.409153029452465,0.448010116544458,0.5753083413762811,1.0
