1.0,0.8019955577673729,0.746890391123053,0.7171005741069859,0.693095888506101,0.6798679067895409,0.664792669677951,0.658075015589046,0.6540421970696539,0.647370199154805,0.6426137101689791,0.63590746807803,0.626889189446826,0.6195000914063531,0.613424879986194,0.60914132142334,0.6027988819502371,0.597534798832839,0.587781793627755,0.5819029396641371,0.5747621647339499,0.5635924964031851,0.5594407639394561,0.5542454517402929,0.542675593634464,0.5314647050290809,0.5195946751655051,0.5042870236834179,0.482558386994592,0.416741095903019,0.28922642978282,0.144143626980056
0.8019955577673729,1.0,0.958983251570166,0.9380938549799142,0.921487698348774,0.912143391928752,0.8993855224716759,0.8921571226753259,0.884575665379655,0.8798255338272422,0.871848269973652,0.865279367942965,0.8577415947728599,0.851120082683157,0.846369866023452,0.840805684854092,0.833877119082041,0.82893347475929,0.821431257603192,0.8160320913259409,0.810621643253293,0.800969806160913,0.797814574312222,0.7936655795931551,0.7838032175189421,0.772669220675378,0.759704821510024,0.742622679474368,0.7128608146808458,0.6337433301848749,0.46564802067206895,0.247902536912263
0.746890391123053,0.958983251570166,1.0,0.9824989640784709,0.970739396050071,0.9612981755049509,0.9513803790873789,0.9441627151665319,0.938472163614649,0.9345837551920859,0.928634863711303,0.92268855941252,0.916512803426457,0.911014650647057,0.906478785612787,0.901480180976575,0.8952504497119771,0.890572474239899,0.884884700057463,0.880358280153808,0.8756016741788871,0.8679705295222959,0.86441885226262,0.8596557202856361,0.851123071336382,0.8428176464055429,0.830418585847777,0.814341776220621,0.7826941529886942,0.702468705810813,0.5207481529617429,0.30447045748341495
0.7171005741069859,0.9380938549799142,0.9824989640784709,1.0,0.9909189107548749,0.982843549111751,0.9741726605851979,0.9671034315967489,0.9610891527149379,0.956366076724153,0.95088779014761,0.946454142869985,0.9408875055793829,0.9354285229415491,0.9310909865774492,0.92746986603038,0.9222484351711121,0.917683405496202,0.9118836406762579,0.9080801526380848,0.90344103604113,0.8963248166483531,0.892809492659692,0.8885559478876149,0.880237186381494,0.8727326150068241,0.8618304432604091,0.845791244536575,0.8141255696406959,0.7359316727317929,0.55347177405497,0.321669707176778
0.693095888506101,0.921487698348774,0.970739396050071,0.9909189107548749,1.0,0.9943201657143629,0.9873167342155892,0.981557246025303,0.976018793200426,0.9713265135724699,0.965992253944028,0.9622028794356691,0.956836263049787,0.9514479658917441,0.947132258495787,0.943144352330144,0.938141664382423,0.933502788035257,0.9281518639631021,0.9244875319985509,0.920423310242943,0.9136690903263721,0.910343092538067,0.906691962996317,0.8996736304120059,0.8930334890125771,0.882695891804083,0.866071223277251,0.83386901359366,0.7557340012175259,0.5733861151562171,0.340839309101337
0.6798679067895409,0.912143391928752,0.9612981755049509,0.982843549111751,0.9943201657143629,1.0,0.9950629899502109,0.9903337869207092,0.985410279399104,0.980701802500839,0.975664166013557,0.971930918105146,0.9665572604742808,0.961463397986056,0.9574616758828441,0.9534088767178599,0.948389302572252,0.9435767341961441,0.938367248055319,0.9345139152190078,0.930513919814625,0.923639450723055,0.9201985667956399,0.9167462733549709,0.910248763830221,0.903936410573294,0.8938896549966371,0.8773885047793271,0.845945370108798,0.7697460279913699,0.588985298263836,0.35774339548210704
0.664792669677951,0.8993855224716759,0.9513803790873789,0.9741726605851979,0.9873167342155892,0.9950629899502109,1.0,0.996286679692491,0.9918138670327629,0.987018459048625,0.982397810713601,0.978738551340133,0.9738814567171371,0.9693184493966909,0.965525457190371,0.961988626181465,0.9569763411519191,0.9521530315125101,0.9470459195926709,0.9432238709468209,0.9391184538037869,0.9326239071647919,0.92917821973793,0.9258996654116991,0.9196312368080529,0.9137979116764391,0.90422697874348,0.88845097560262,0.858305756853261,0.783595225740861,0.6057300237199029,0.377098256289339
0.658075015589046,0.8921571226753259,0.9441627151665319,0.9671034315967489,0.981557246025303,0.9903337869207092,0.996286679692491,1.0,0.996742200434208,0.992361920239899,0.9879515728655259,0.984472560561064,0.979771674485185,0.9751901069738922,0.9718859775358399,0.968416482168995,0.9636285803690079,0.958981546025635,0.9541224923654179,0.9504583728386371,0.9466577780530999,0.940539931585271,0.937402861467653,0.934541295124222,0.928461626058924,0.923266610931127,0.914107742327428,0.899107075281979,0.869673935426898,0.7969410501030458,0.618137351506749,0.39012369628995897
0.6540421970696539,0.884575665379655,0.938472163614649,0.9610891527149379,0.976018793200426,0.985410279399104,0.9918138670327629,0.996742200434208,1.0,0.9969558792754191,0.9930626120213241,0.989748043831438,0.98502535826269,0.980705295010776,0.9772560364324759,0.9738747553039621,0.969025466306541,0.9643186625869821,0.9594730964002521,0.9556327366855549,0.9522834837122289,0.947153215279456,0.944344549490629,0.941766207705358,0.936257455775833,0.931146437376544,0.922277015110261,0.9076682988637529,0.879422131768765,0.808357389657948,0.629500262390097,0.404060029366216
0.647370199154805,0.8798255338272422,0.9345837551920859,0.956366076724153,0.9713265135724699,0.980701802500839,0.987018459048625,0.992361920239899,0.9969558792754191,1.0,0.9971186251807621,0.99419505636435,0.989962773599705,0.9857385525391371,0.982689281813044,0.979482658420481,0.9748532680947181,0.9707279325245569,0.9663843295521009,0.9624475956519359,0.9592301797948499,0.954071291306377,0.951327388554136,0.948711823499739,0.9433312865105601,0.9384973259329109,0.9296983182408292,0.915879046049542,0.8888478949652701,0.8193323320909509,0.6424692175214711,0.415404352079224
0.6426137101689791,0.871848269973652,0.928634863711303,0.95088779014761,0.965992253944028,0.975664166013557,0.982397810713601,0.9879515728655259,0.9930626120213241,0.9971186251807621,1.0,0.9974683652975,0.9938660083376519,0.9901004265285129,0.987225301469153,0.984105410889491,0.9794613117513391,0.97557411747793,0.9715425089780321,0.9676649370677142,0.964488444356976,0.95979320011168,0.957399115907703,0.954644843445975,0.9496203512567439,0.9452107973746559,0.93702486438163,0.923660482644033,0.896883996720581,0.828674376121625,0.6530737978461639,0.424540840241497
0.63590746807803,0.865279367942965,0.92268855941252,0.946454142869985,0.9622028794356691,0.971930918105146,0.978738551340133,0.984472560561064,0.989748043831438,0.99419505636435,0.9974683652975,1.0,0.997541945113517,0.994493509441799,0.9916938143300429,0.9887340780936429,0.984590606999335,0.98074189986201,0.976825737254392,0.97308762090528,0.9698373654119259,0.965278654407674,0.9629535854349899,0.9603672295443291,0.955356853880684,0.9507707515096679,0.942668920123605,0.929525801593211,0.9032551224498541,0.836655420140062,0.661789947656954,0.42946238193383096
0.626889189446826,0.8577415947728599,0.916512803426457,0.9408875055793829,0.956836263049787,0.9665572604742808,0.9738814567171371,0.979771674485185,0.98502535826269,0.989962773599705,0.9938660083376519,0.997541945113517,1.0,0.99758737048397,0.994850906112522,0.9921299057948599,0.988591900088372,0.98488987609677,0.9814696907943459,0.9778157668903861,0.974705437084255,0.9703136217739351,0.968030838845164,0.9654263311442259,0.9602194040243341,0.955649251108087,0.947958515574438,0.9351079977426792,0.9098221018555541,0.8440478245497299,0.669797069401152,0.438730801368253
0.6195000914063531,0.851120082683157,0.911014650647057,0.9354285229415491,0.9514479658917441,0.961463397986056,0.9693184493966909,0.9751901069738922,0.980705295010776,0.9857385525391371,0.9901004265285129,0.994493509441799,0.99758737048397,1.0,0.9980094825680129,0.9956960442449408,0.992586806885392,0.989216323024783,0.985930365431769,0.982637936971408,0.9796012083276691,0.975688695777562,0.9733310618550991,0.970915111542103,0.9657440419593408,0.9613499811559859,0.9542551890545291,0.941611285988658,0.9171355668873209,0.8519977635227071,0.680028838036128,0.446541846966244
0.613424879986194,0.846369866023452,0.906478785612787,0.9310909865774492,0.947132258495787,0.9574616758828441,0.965525457190371,0.9718859775358399,0.9772560364324759,0.982689281813044,0.987225301469153,0.9916938143300429,0.994850906112522,0.9980094825680129,1.0,0.998082226072288,0.995217655815555,0.992118847336143,0.9891108042797191,0.986071153571102,0.983278669514041,0.979442925500558,0.977264089479644,0.975095314997146,0.970447016291999,0.9661817628322059,0.9591462221887711,0.9474879494377599,0.92401430358726,0.8599685525605559,0.6897734599905581,0.45784002024480497
0.60914132142334,0.840805684854092,0.901480180976575,0.92746986603038,0.943144352330144,0.9534088767178599,0.961988626181465,0.968416482168995,0.9738747553039621,0.979482658420481,0.984105410889491,0.9887340780936429,0.9921299057948599,0.9956960442449408,0.998082226072288,1.0,0.997955288681149,0.9952009641625358,0.992311914269391,0.9895568814713851,0.9865758957295041,0.983032809783687,0.9807984939537672,0.9787572414278941,0.9741498284108471,0.9702374910941359,0.963239405568077,0.951477077175492,0.928203331360902,0.864774992440014,0.694125434152704,0.460806518900959
0.6027988819502371,0.833877119082041,0.8952504497119771,0.9222484351711121,0.938141664382423,0.948389302572252,0.9569763411519191,0.9636285803690079,0.969025466306541,0.9748532680947181,0.9794613117513391,0.984590606999335,0.988591900088372,0.992586806885392,0.995217655815555,0.997955288681149,1.0,0.9980029530744492,0.995471220688335,0.9927923244381259,0.9896698204353599,0.9864729868798621,0.98433897798104,0.9823148842348929,0.977735254641273,0.97356542768851,0.96670114634127,0.9551801192633209,0.932406832867977,0.86979049936992,0.6994250819354301,0.4637826979586379
0.597534798832839,0.82893347475929,0.890572474239899,0.917683405496202,0.933502788035257,0.9435767341961441,0.9521530315125101,0.958981546025635,0.9643186625869821,0.9707279325245569,0.97557411747793,0.98074189986201,0.98488987609677,0.989216323024783,0.992118847336143,0.9952009641625358,0.9980029530744492,1.0,0.998109074637231,0.995536048136235,0.99262024972204,0.9896281459455308,0.987547172201286,0.98534415823192,0.9807087609231899,0.976605742549684,0.9703231928114191,0.959687607411223,0.9377051950835079,0.87685301728685,0.7095069005308391,0.470691293412081
0.587781793627755,0.821431257603192,0.884884700057463,0.9118836406762579,0.9281518639631021,0.938367248055319,0.9470459195926709,0.9541224923654179,0.9594730964002521,0.9663843295521009,0.9715425089780321,0.976825737254392,0.9814696907943459,0.985930365431769,0.9891108042797191,0.992311914269391,0.995471220688335,0.998109074637231,1.0,0.998012766598312,0.9954414850534399,0.9927043506132809,0.990740783297394,0.9884924083681992,0.984127894975958,0.9796074186333551,0.973509856381141,0.9633986149804621,0.9418311240511891,0.881771824010996,0.7143027254961959,0.476194397253749
0.5819029396641371,0.8160320913259409,0.880358280153808,0.9080801526380848,0.9244875319985509,0.9345139152190078,0.9432238709468209,0.9504583728386371,0.9556327366855549,0.9624475956519359,0.9676649370677142,0.97308762090528,0.9778157668903861,0.982637936971408,0.986071153571102,0.9895568814713851,0.9927923244381259,0.995536048136235,0.998012766598312,1.0,0.9981506136889541,0.9956662673610559,0.993367232019317,0.990837420637601,0.986717641415273,0.9823995489168149,0.9761969998303321,0.9659798101812971,0.9448982718257779,0.8849145215459789,0.718505452815578,0.477683696649347
0.5747621647339499,0.810621643253293,0.8756016741788871,0.90344103604113,0.920423310242943,0.930513919814625,0.9391184538037869,0.9466577780530999,0.9522834837122289,0.9592301797948499,0.964488444356976,0.9698373654119259,0.974705437084255,0.9796012083276691,0.983278669514041,0.9865758957295041,0.9896698204353599,0.99262024972204,0.9954414850534399,0.9981506136889541,1.0,0.9977374789875391,0.995507379493172,0.993142916494869,0.989506623168149,0.985231907271952,0.9794330721200151,0.969530479548229,0.948459141160169,0.889292003224932,0.72279308530415,0.48504289792731203
0.5635924964031851,0.800969806160913,0.8679705295222959,0.8963248166483531,0.9136690903263721,0.923639450723055,0.9326239071647919,0.940539931585271,0.947153215279456,0.954071291306377,0.95979320011168,0.965278654407674,0.9703136217739351,0.975688695777562,0.979442925500558,0.983032809783687,0.9864729868798621,0.9896281459455308,0.9927043506132809,0.9956662673610559,0.9977374789875391,1.0,0.997987818055425,0.995316908773735,0.991697354260777,0.9879119695546171,0.9824902293530781,0.9724459824130159,0.951592721949565,0.894015342423133,0.7285852326929889,0.491468018155514
0.5594407639394561,0.797814574312222,0.86441885226262,0.892809492659692,0.910343092538067,0.9201985667956399,0.92917821973793,0.937402861467653,0.944344549490629,0.951327388554136,0.957399115907703,0.9629535854349899,0.968030838845164,0.9733310618550991,0.977264089479644,0.9807984939537672,0.98433897798104,0.987547172201286,0.990740783297394,0.993367232019317,0.995507379493172,0.997987818055425,1.0,0.9978903787263941,0.994243727891486,0.9902600408078229,0.9845656039738241,0.9745762743868319,0.954070074611446,0.897883225639499,0.732185532444705,0.49411834831843504
0.5542454517402929,0.7936655795931551,0.8596557202856361,0.8885559478876149,0.906691962996317,0.9167462733549709,0.9258996654116991,0.934541295124222,0.941766207705358,0.948711823499739,0.954644843445975,0.9603672295443291,0.9654263311442259,0.970915111542103,0.975095314997146,0.9787572414278941,0.9823148842348929,0.98534415823192,0.9884924083681992,0.990837420637601,0.993142916494869,0.995316908773735,0.9978903787263941,1.0,0.9970551797244829,0.993028912513838,0.9876055251549519,0.9779783157670641,0.958280604143965,0.9024997102053609,0.73838595935971,0.500570462555007
0.542675593634464,0.7838032175189421,0.851123071336382,0.880237186381494,0.8996736304120059,0.910248763830221,0.9196312368080529,0.928461626058924,0.936257455775833,0.9433312865105601,0.9496203512567439,0.955356853880684,0.9602194040243341,0.9657440419593408,0.970447016291999,0.9741498284108471,0.977735254641273,0.9807087609231899,0.984127894975958,0.986717641415273,0.989506623168149,0.991697354260777,0.994243727891486,0.9970551797244829,1.0,0.996706481882467,0.991874350321354,0.982460858964713,0.9636518310726749,0.9086510373876899,0.744512626821522,0.51459550842844
0.5314647050290809,0.772669220675378,0.8428176464055429,0.8727326150068241,0.8930334890125771,0.903936410573294,0.9137979116764391,0.923266610931127,0.931146437376544,0.9384973259329109,0.9452107973746559,0.9507707515096679,0.955649251108087,0.9613499811559859,0.9661817628322059,0.9702374910941359,0.97356542768851,0.976605742549684,0.9796074186333551,0.9823995489168149,0.985231907271952,0.9879119695546171,0.9902600408078229,0.993028912513838,0.996706481882467,1.0,0.996216856490294,0.9880671892340369,0.96987596790648,0.917750004293292,0.7558875953316251,0.529569390047717
0.5195946751655051,0.759704821510024,0.830418585847777,0.8618304432604091,0.882695891804083,0.8938896549966371,0.90422697874348,0.914107742327428,0.922277015110261,0.9296983182408292,0.93702486438163,0.942668920123605,0.947958515574438,0.9542551890545291,0.9591462221887711,0.963239405568077,0.96670114634127,0.9703231928114191,0.973509856381141,0.9761969998303321,0.9794330721200151,0.9824902293530781,0.9845656039738241,0.9876055251549519,0.991874350321354,0.996216856490294,1.0,0.9930871507853851,0.9755204020415358,0.927841345346757,0.766402412427062,0.5405252675071239
0.5042870236834179,0.742622679474368,0.814341776220621,0.845791244536575,0.866071223277251,0.8773885047793271,0.88845097560262,0.899107075281979,0.9076682988637529,0.915879046049542,0.923660482644033,0.929525801593211,0.9351079977426792,0.941611285988658,0.9474879494377599,0.951477077175492,0.9551801192633209,0.959687607411223,0.9633986149804621,0.9659798101812971,0.969530479548229,0.9724459824130159,0.9745762743868319,0.9779783157670641,0.982460858964713,0.9880671892340369,0.9930871507853851,1.0,0.9883664559726422,0.9474653642690921,0.7898899703223922,0.565412538182986
0.482558386994592,0.7128608146808458,0.7826941529886942,0.8141255696406959,0.83386901359366,0.845945370108798,0.858305756853261,0.869673935426898,0.879422131768765,0.8888478949652701,0.896883996720581,0.9032551224498541,0.9098221018555541,0.9171355668873209,0.92401430358726,0.928203331360902,0.932406832867977,0.9377051950835079,0.9418311240511891,0.9448982718257779,0.948459141160169,0.951592721949565,0.954070074611446,0.958280604143965,0.9636518310726749,0.96987596790648,0.9755204020415358,0.9883664559726422,1.0,0.9710377212944851,0.837849933309652,0.6027922595702591
0.416741095903019,0.6337433301848749,0.702468705810813,0.7359316727317929,0.7557340012175259,0.7697460279913699,0.783595225740861,0.7969410501030458,0.808357389657948,0.8193323320909509,0.828674376121625,0.836655420140062,0.8440478245497299,0.8519977635227071,0.8599685525605559,0.864774992440014,0.86979049936992,0.87685301728685,0.881771824010996,0.8849145215459789,0.889292003224932,0.894015342423133,0.897883225639499,0.9024997102053609,0.9086510373876899,0.917750004293292,0.927841345346757,0.9474653642690921,0.9710377212944851,1.0,0.900079498876853,0.6599999953135289
0.28922642978282,0.46564802067206895,0.5207481529617429,0.55347177405497,0.5733861151562171,0.588985298263836,0.6057300237199029,0.618137351506749,0.629500262390097,0.6424692175214711,0.6530737978461639,0.661789947656954,0.669797069401152,0.680028838036128,0.6897734599905581,0.694125434152704,0.6994250819354301,0.7095069005308391,0.7143027254961959,0.718505452815578,0.72279308530415,0.7285852326929889,0.732185532444705,0.73838595935971,0.744512626821522,0.7558875953316251,0.766402412427062,0.7898899703223922,0.837849933309652,0.900079498876853,1.0,0.695598602299791
0.144143626980056,0.247902536912263,0.30447045748341495,0.321669707176778,0.340839309101337,0.35774339548210704,0.377098256289339,0.39012369628995897,0.404060029366216,0.415404352079224,0.424540840241497,0.42946238193383096,0.438730801368253,0.446541846966244,0.45784002024480497,0.460806518900959,0.4637826979586379,0.470691293412081,0.476194397253749,0.477683696649347,0.48504289792731203,0.491468018155514,0.49411834831843504,0.500570462555007,0.51459550842844,0.529569390047717,0.5405252675071239,0.565412538182986,0.6027922595702591,0.6599999953135289,0.695598602299791,1.0
