1.0,0.963702826029482,0.8930268621196831,0.8218809331729141,0.7606916782153029,0.7103978747495601,0.669386604886153,0.6357571996346839,0.607895705592874,0.584545811948215,0.564754358338442,0.547800581042729,0.533136244259814,0.520340278089871,0.509085665018102,0.499115519835639,0.498859196180772,0.5022130916888271,0.500924133095483,0.49702321402201205,0.491787812033784,0.48598377979066104,0.480054039808255,0.4742452209871071,0.468687123280693,0.4634410319736911,0.458528667487177,0.453949416765118,0.44969054917983003,0.44573324416014,0.44205611641318,0.4386372434764171
0.963702826029482,1.0,0.9807531794889119,0.9441350663252079,0.9063792367064971,0.872511122238432,0.8434309799745721,0.818757855275978,0.7978152698786031,0.7799433175605419,0.764580782430193,0.7512725403318492,0.73965552535127,0.7294410429857611,0.7203988643444019,0.7123443082495621,0.71160479140025,0.710824152707556,0.7043976964248321,0.6950648530957779,0.684492097206689,0.6736378881765699,0.663025665788589,0.6529219918918421,0.643445688473343,0.634632647411039,0.626473689340124,0.618936446021458,0.61197787617524,0.605551314659976,0.599610338482051,0.594110785104766
0.8930268621196831,0.9807531794889119,1.0,0.990310354915463,0.971421300854256,0.951116883466445,0.932094124679365,0.9151009453172859,0.9001774594654,0.8871301552318961,0.875710161552261,0.865677468840628,0.856821059340836,0.8489622702416391,0.841952200964906,0.835667433163963,0.8346084012355229,0.830839752269516,0.820950312481104,0.8080722498091439,0.794080216476713,0.780029643059417,0.766478885387259,0.753696876584607,0.741788968841674,0.730770839199485,0.7206111303342401,0.71125573233569,0.702641407443592,0.694703263530232,0.687378692308242,0.6806092884565121
0.8218809331729141,0.9441350663252079,0.990310354915463,1.0,0.994971463649066,0.9847888617642858,0.9733641042658541,0.962230534264504,0.9519370012547509,0.9426262383972791,0.9342773468671508,0.9268089275438578,0.9201230396260351,0.914123456803935,0.9087226040389359,0.9038435212904771,0.9025819945970569,0.896776242885761,0.884654974813537,0.8695564645782009,0.853459602685647,0.8374641152627991,0.8221401383032779,0.807752004139999,0.7943930216135691,0.782064123537657,0.7707189117089692,0.76028907757525,0.750698497143244,0.741870831523755,0.7337334244193501,0.726219105839701
0.7606916782153029,0.9063792367064971,0.971421300854256,0.994971463649066,1.0,0.997239936766935,0.9914323901160121,0.9846587483981479,0.977828181677304,0.971324218477207,0.9652906319195279,0.9597613959532649,0.954721301417124,0.9501347341722429,0.9459594014935009,0.942152775373269,0.9407603628228159,0.933555155850977,0.919969883945795,0.9034513555790721,0.886029860852348,0.86882385782224,0.852405127376687,0.837031507126227,0.8227864985722159,0.8096603893145791,0.7975964907589151,0.786517074707239,0.776337637989805,0.7669745033158331,0.758348640556393,0.750387365546727
0.7103978747495601,0.872511122238432,0.951116883466445,0.9847888617642858,0.997239936766935,1.0,0.9983940875081079,0.9948963423162271,0.9906771365241508,0.9862960085662541,0.982017867739009,0.977961991962198,0.9741745985100191,0.970665235217912,0.967425450862591,0.9644385173092149,0.962958114450126,0.95476225642746,0.9401798761431921,0.922715875283843,0.9044254739252171,0.886433759673542,0.8693100232420509,0.8533056150391759,0.838496224800013,0.8248643119926609,0.8123459276805949,0.800856865292083,0.790306958521981,0.7806076330974291,0.771675646780093,0.763434699376754
0.669386604886153,0.8434309799745721,0.932094124679365,0.9733641042658541,0.9914323901160121,0.9983940875081079,1.0,0.9990147603889251,0.9968036947498891,0.9940585608761899,0.9911357121577579,0.9882190710515221,0.9854015519018922,0.982727125875542,0.9802131943233999,0.977862776611605,0.9763207318229771,0.96739942480295,0.9521103743791222,0.93398979792232,0.9151043085079879,0.896579875957131,0.8789817778465829,0.862555481847472,0.8473704363361371,0.833403192991887,0.82058450057641,0.8088255220546031,0.7980321048097969,0.788112266926346,0.7789798612920551,0.770556111884208
0.6357571996346839,0.818757855275978,0.9151009453172859,0.962230534264504,0.9846587483981479,0.9948963423162271,0.9990147603889251,1.0,0.9993670491817471,0.9979096930927421,0.996055122007477,0.9940374876051159,0.9919860777634371,0.989971731865249,0.988032064845402,0.986185559270232,0.9845986841361349,0.9751290815191009,0.959320731365907,0.9407264506335351,0.921417141527121,0.902516939103982,0.884586709010744,0.8678667597912191,0.852421494617336,0.8382228896735742,0.825197695308,0.8132536463193579,0.802293678470657,0.7922233466790859,0.782954421439722,0.774406363910194
0.607895705592874,0.7978152698786031,0.9001774594654,0.9519370012547509,0.977828181677304,0.9906771365241508,0.9968036947498891,0.9993670491817471,1.0,0.9995769871582809,0.9985813753051491,0.9972872462346021,0.9958528605476651,0.994370494137913,0.992893911432755,0.9914539638505658,0.989833410819455,0.9799377723993058,0.9637356474355699,0.944788104323297,0.925166537099912,0.905992010777266,0.8878210564939991,0.8708895053996709,0.855257624853599,0.840893763238888,0.8277215700279941,0.8156461633023341,0.8045682829932241,0.7943916439354479,0.785026472923716,0.7763909326403171
0.584545811948215,0.7799433175605419,0.8871301552318961,0.9426262383972791,0.971324218477207,0.9862960085662541,0.9940585608761899,0.9979096930927421,0.9995769871582809,1.0,0.999707567058717,0.999006157245083,0.9980775689834699,0.9970315168139009,0.995934917625148,0.994828705981649,0.9931821436698459,0.9829475061332179,0.966438688181611,0.9472201550563629,0.9273617547836139,0.9079809881164008,0.88963031910658,0.872541696612792,0.856771950078274,0.842286491743057,0.8290065077634681,0.816835066157093,0.8056712050042472,0.7954172253338849,0.785982176317792,0.777283236035611
0.564754358338442,0.764580782430193,0.875710161552261,0.9342773468671508,0.9652906319195279,0.982017867739009,0.9911357121577579,0.996055122007477,0.9985813753051491,0.999707567058717,1.0,0.9997918747868629,0.999284443909364,0.998601851077736,0.9978219060525809,0.9969939009400072,0.9953267731414291,0.9848168581654679,0.9680636661641251,0.94863219069923,0.9285896610126859,0.9090498944084251,0.8905616173722769,0.873353401313113,0.857479180516804,0.8429019481662091,0.8295408929941059,0.8172974408755129,0.806069279875266,0.795757598408086,0.786270525065445,0.7775244726024051
0.547800581042729,0.7512725403318492,0.865677468840628,0.9268089275438578,0.9597613959532649,0.977961991962198,0.9882190710515221,0.9940374876051159,0.9972872462346021,0.999006157245083,0.9997918747868629,1.0,0.9998481061111439,0.999472453424353,0.998960005997342,0.9983670842923209,0.996683364845241,0.985945994439094,0.9689942580695741,0.9493919735316899,0.9292032205039621,0.909538202174779,0.890942242281635,0.873640958911792,0.8576858193427059,0.843037792770191,0.8296144195717071,0.817315785076176,0.8060384849531921,0.7956828139118961,0.786156165689493,0.7773743453991621
0.533136244259814,0.73965552535127,0.856821059340836,0.9201230396260351,0.954721301417124,0.9741745985100191,0.9854015519018922,0.9919860777634371,0.9958528605476651,0.9980775689834699,0.999284443909364,0.9998481061111439,1.0,0.9998866922449922,0.999602938811167,0.999211045965102,0.9975137072751351,0.986585560203479,0.9694697949438029,0.949728049846485,0.9294210333761009,0.909655495126918,0.89097367205365,0.8735985848150251,0.857579576137622,0.842875898979508,0.8294037127035029,0.817061990342298,0.8057464284167729,0.7953565910097429,0.7857992745993221,0.7769897929448231
0.520340278089871,0.7294410429857611,0.8489622702416391,0.914123456803935,0.9501347341722429,0.970665235217912,0.982727125875542,0.989971731865249,0.994370494137913,0.9970315168139009,0.998601851077736,0.999472453424353,0.9998866922449922,1.0,0.999913839371586,0.9996956713429042,0.9979869846847349,0.9868967353703392,0.969643482836494,0.9497861122269209,0.9293819164417091,0.909534391600506,0.8907829760217092,0.873348392431902,0.8572781365148749,0.842529988873557,0.8290189365847841,0.816643016689893,0.805297174615419,0.794880367957312,0.785298900128054,0.776467681209386
0.509085665018102,0.7203988643444019,0.841952200964906,0.9087226040389359,0.9459594014935009,0.967425450862591,0.9802131943233999,0.988032064845402,0.992893911432755,0.995934917625148,0.9978219060525809,0.998960005997342,0.999602938811167,0.999913839371586,1.0,0.999933364228947,0.998215097941693,0.9869855432029929,0.969615590000128,0.949661064341269,0.9291759001459791,0.909260552320768,0.890451918932373,0.872968678032918,0.856856705858652,0.8420725068953019,0.82853006168489,0.816126609923313,0.804756461497817,0.794318063823888,0.784717307680631,0.775868766872843
0.499115519835639,0.7123443082495621,0.835667433163963,0.9038435212904771,0.942152775373269,0.9644385173092149,0.977862776611605,0.986185559270232,0.9914539638505658,0.994828705981649,0.9969939009400072,0.9983670842923209,0.999211045965102,0.9996956713429042,0.999933364228947,1.0,0.9982735537919809,0.986923088826669,0.969452979145074,0.949415854080803,0.928862401067611,0.908890243763528,0.8900339698025129,0.872510427946591,0.8563640637076941,0.841550265509579,0.827982140966955,0.8155562431999059,0.8041663382343199,0.793710439279445,0.78409408763402,0.775231573536096
0.498859196180772,0.71160479140025,0.8346084012355229,0.9025819945970569,0.9407603628228159,0.962958114450126,0.9763207318229771,0.9845986841361349,0.989833410819455,0.9931821436698459,0.9953267731414291,0.996683364845241,0.9975137072751351,0.9979869846847349,0.998215097941693,0.9982735537919809,1.0,0.9946715652902959,0.98215213897514,0.9661715616205061,0.9489532181731741,0.9317421141566942,0.915191420755536,0.8996109112396351,0.88511712455578,0.871721316521772,0.859380048486554,0.8480238868599971,0.837573427343596,0.827948023113641,0.819070333608336,0.810868496290022
0.5022130916888271,0.710824152707556,0.830839752269516,0.896776242885761,0.933555155850977,0.95476225642746,0.96739942480295,0.9751290815191009,0.9799377723993058,0.9829475061332179,0.9848168581654679,0.985945994439094,0.986585560203479,0.9868967353703392,0.9869855432029929,0.986923088826669,0.9946715652902959,1.0,0.996309666873865,0.9876114733679341,0.976414527371146,0.964213134954324,0.9518639724461929,0.9398379753874581,0.928377753169265,0.9175929191758001,0.907516974306812,0.8981410057886758,0.88943355434647,0.881352254394036,0.8738505790551641,0.8668816694827199
0.500924133095483,0.7043976964248321,0.820950312481104,0.884654974813537,0.919969883945795,0.9401798761431921,0.9521103743791222,0.959320731365907,0.9637356474355699,0.966438688181611,0.9680636661641251,0.9689942580695741,0.9694697949438029,0.969643482836494,0.969615590000128,0.969452979145074,0.98215213897514,0.996309666873865,1.0,0.9974354537679828,0.9913426248493771,0.9834112313884049,0.974660416463614,0.965691464468037,0.9568499733844309,0.948326553580718,0.940218489865285,0.9325673286038041,0.9253817828875709,0.9186517025255021,0.9123565927301501,0.9064707923195809
0.49702321402201205,0.6950648530957779,0.8080722498091439,0.8695564645782009,0.9034513555790721,0.922715875283843,0.93398979792232,0.9407264506335351,0.944788104323297,0.9472201550563629,0.94863219069923,0.9493919735316899,0.949728049846485,0.9497861122269209,0.949661064341269,0.949415854080803,0.9661715616205061,0.9876114733679341,0.9974354537679828,1.0,0.9981976818090519,0.993871631293887,0.988170716825562,0.981801523617727,0.97519357828068,0.968603956219376,0.9621825804484878,0.9560128389667751,0.950136893973339,0.944571515780525,0.939318032433536,0.934368603481967
0.491787812033784,0.684492097206689,0.794080216476713,0.853459602685647,0.886029860852348,0.9044254739252171,0.9151043085079879,0.921417141527121,0.925166537099912,0.9273617547836139,0.9285896610126859,0.9292032205039621,0.9294210333761009,0.9293819164417091,0.9291759001459791,0.928862401067611,0.9489532181731741,0.976414527371146,0.9913426248493771,0.9981976818090519,1.0,0.998714060992163,0.9955929643066129,0.991428795034153,0.986719754594177,0.981777631946768,0.976795893659506,0.9718926815497991,0.9671380376117908,0.9625712382060521,0.9582119041627951,0.9540671683699681
0.48598377979066104,0.6736378881765699,0.780029643059417,0.8374641152627991,0.86882385782224,0.886433759673542,0.896579875957131,0.902516939103982,0.905992010777266,0.9079809881164008,0.9090498944084251,0.909538202174779,0.909655495126918,0.909534391600506,0.909260552320768,0.908890243763528,0.9317421141566942,0.964213134954324,0.9834112313884049,0.993871631293887,0.998714060992163,1.0,0.999067082273702,0.99677739805271,0.9936857655768729,0.9901493197943879,0.9863977692272141,0.982578283688325,0.978784261126592,0.9750738805570409,0.971482161330043,0.9680288656794749
0.480054039808255,0.663025665788589,0.766478885387259,0.8221401383032779,0.852405127376687,0.8693100232420509,0.8789817778465829,0.884586709010744,0.8878210564939991,0.88963031910658,0.8905616173722769,0.890942242281635,0.89097367205365,0.8907829760217092,0.890451918932373,0.8900339698025129,0.915191420755536,0.9518639724461929,0.974660416463614,0.988170716825562,0.9955929643066129,0.999067082273702,1.0,0.999311691198512,0.997604076327572,0.9952721927523969,0.992576154838634,0.989687560634374,0.986719513809559,0.983746177107503,0.9808156156764201,0.97795830964533
0.4742452209871071,0.6529219918918421,0.753696876584607,0.807752004139999,0.837031507126227,0.8533056150391759,0.862555481847472,0.8678667597912191,0.8708895053996709,0.872541696612792,0.873353401313113,0.873640958911792,0.8735985848150251,0.873348392431902,0.872968678032918,0.872510427946591,0.8996109112396351,0.9398379753874581,0.965691464468037,0.981801523617727,0.991428795034153,0.99677739805271,0.999311691198512,1.0,0.9994838093616549,0.9981901265955929,0.9964047974011659,0.9943201482162809,0.9920660415680022,0.989730259849937,0.9873720030359879,0.985030912593063
0.468687123280693,0.643445688473343,0.741788968841674,0.7943930216135691,0.8227864985722159,0.838496224800013,0.8473704363361371,0.852421494617336,0.855257624853599,0.856771950078274,0.857479180516804,0.8576858193427059,0.857579576137622,0.8572781365148749,0.856856705858652,0.8563640637076941,0.88511712455578,0.928377753169265,0.9568499733844309,0.97519357828068,0.986719754594177,0.9936857655768729,0.997604076327572,0.9994838093616549,1.0,0.999606867480028,0.9986122236227221,0.9972261323166591,0.9955928252895491,0.993811782298763,0.9919517805452959,0.9900603513814791
0.4634410319736911,0.634632647411039,0.730770839199485,0.782064123537657,0.8096603893145791,0.8248643119926609,0.833403192991887,0.8382228896735742,0.840893763238888,0.842286491743057,0.8429019481662091,0.843037792770191,0.842875898979508,0.842529988873557,0.8420725068953019,0.841550265509579,0.871721316521772,0.9175929191758001,0.948326553580718,0.968603956219376,0.981777631946768,0.9901493197943879,0.9952721927523969,0.9981901265955929,0.999606867480028,1.0,0.999696246698468,0.9989209741786089,0.9978308328619109,0.9965354271725859,0.995111834582078,0.993614432050186
0.458528667487177,0.626473689340124,0.7206111303342401,0.7707189117089692,0.7975964907589151,0.8123459276805949,0.82058450057641,0.825197695308,0.8277215700279941,0.8290065077634681,0.8295408929941059,0.8296144195717071,0.8294037127035029,0.8290189365847841,0.82853006168489,0.827982140966955,0.859380048486554,0.907516974306812,0.940218489865285,0.9621825804484878,0.976795893659506,0.9863977692272141,0.992576154838634,0.9964047974011659,0.9986122236227221,0.999696246698468,1.0,0.99976215524719,0.9991501774739671,0.998282499760489,0.9972434456665671,0.996093374296755
0.453949416765118,0.618936446021458,0.71125573233569,0.76028907757525,0.786517074707239,0.800856865292083,0.8088255220546031,0.8132536463193579,0.8156461633023341,0.816835066157093,0.8172974408755129,0.817315785076176,0.817061990342298,0.816643016689893,0.816126609923313,0.8155562431999059,0.8480238868599971,0.8981410057886758,0.9325673286038041,0.9560128389667751,0.9718926815497991,0.982578283688325,0.989687560634374,0.9943201482162809,0.9972261323166591,0.9989209741786089,0.99976215524719,1.0,0.99981145846115,0.9993227161724609,0.9986244660248871,0.997782330133611
0.44969054917983003,0.61197787617524,0.702641407443592,0.750698497143244,0.776337637989805,0.790306958521981,0.7980321048097969,0.802293678470657,0.8045682829932241,0.8056712050042472,0.806069279875266,0.8060384849531921,0.8057464284167729,0.805297174615419,0.804756461497817,0.8041663382343199,0.837573427343596,0.88943355434647,0.9253817828875709,0.950136893973339,0.9671380376117908,0.978784261126592,0.986719513809559,0.9920660415680022,0.9955928252895491,0.9978308328619109,0.9991501774739671,0.99981145846115,1.0,0.9998488395446842,0.999454304632438,0.9988866770452709
0.44573324416014,0.605551314659976,0.694703263530232,0.741870831523755,0.7669745033158331,0.7806076330974291,0.788112266926346,0.7922233466790859,0.7943916439354479,0.7954172253338849,0.795757598408086,0.7956828139118961,0.7953565910097429,0.794880367957312,0.794318063823888,0.793710439279445,0.827948023113641,0.881352254394036,0.9186517025255021,0.944571515780525,0.9625712382060521,0.9750738805570409,0.983746177107503,0.989730259849937,0.993811782298763,0.9965354271725859,0.998282499760489,0.9993227161724609,0.9998488395446842,1.0,0.9998775395444169,0.999555889761152
0.44205611641318,0.599610338482051,0.687378692308242,0.7337334244193501,0.758348640556393,0.771675646780093,0.7789798612920551,0.782954421439722,0.785026472923716,0.785982176317792,0.786270525065445,0.786156165689493,0.7857992745993221,0.785298900128054,0.784717307680631,0.78409408763402,0.819070333608336,0.8738505790551641,0.9123565927301501,0.939318032433536,0.9582119041627951,0.971482161330043,0.9808156156764201,0.9873720030359879,0.9919517805452959,0.995111834582078,0.9972434456665671,0.9986244660248871,0.999454304632438,0.9998775395444169,1.0,0.9998998335008921
0.4386372434764171,0.594110785104766,0.6806092884565121,0.726219105839701,0.750387365546727,0.763434699376754,0.770556111884208,0.774406363910194,0.7763909326403171,0.777283236035611,0.7775244726024051,0.7773743453991621,0.7769897929448231,0.776467681209386,0.775868766872843,0.775231573536096,0.810868496290022,0.8668816694827199,0.9064707923195809,0.934368603481967,0.9540671683699681,0.9680288656794749,0.97795830964533,0.985030912593063,0.9900603513814791,0.993614432050186,0.996093374296755,0.997782330133611,0.9988866770452709,0.999555889761152,0.9998998335008921,1.0
