1.0,0.9518468755564911,0.866212729377455,0.8467316881248119,0.8232974948088678,0.7973489530595408,0.7826735417696999,0.7643028224939491,0.75880166133503,0.747942420732542,0.738188173353773,0.7220449688368359,0.7116638649149971,0.697302541897206,0.6844961579977231,0.6651459462382839,0.6334294441454129,0.611552280116907,0.599171429294713,0.5805977166914871,0.5546811705894,0.511901375652375,0.464945409907233,0.45651300075567997,0.44119616020233604,0.39804219089248905,0.366496073436746,0.34784220610229605,0.32256088188961496,0.296085573437526,0.278207442988391,0.25276830010268
0.9518468755564911,1.0,0.976062554753402,0.9504045345453399,0.9231122845793409,0.895214389757341,0.879710086224184,0.8599675077874631,0.852515796727835,0.838700830320601,0.826185673863683,0.8067502576360409,0.7950410977988729,0.7785061852236469,0.7628374178267551,0.7400385208543009,0.703681576673237,0.678227072537921,0.663331091997736,0.641329653419277,0.6113223839873381,0.564679106832318,0.5135327953521021,0.5044785097885971,0.489276820615881,0.451314448293697,0.420804165613973,0.397931789691284,0.370187655304165,0.3429690959711,0.32640332515879306,0.300923547857872
0.866212729377455,0.976062554753402,1.0,0.9843223745194051,0.961957884825511,0.9349750446947059,0.9197910334839241,0.899743438270755,0.8909330207475892,0.875224656277577,0.8615306617712809,0.840645478703432,0.8279568570804309,0.8101782730455291,0.7931563789408101,0.769201156752467,0.7317140046642059,0.70503658651748,0.6890071068928909,0.665452480140137,0.6336347469233461,0.585354369206964,0.5324825540179989,0.5233200692028821,0.508807252783364,0.47631626962912893,0.44861756583600104,0.425716974959411,0.39851654241196,0.372467175100722,0.357982083242856,0.333424545863156
0.8467316881248119,0.9504045345453399,0.9843223745194051,1.0,0.9928238731024099,0.968156056027952,0.953384272743487,0.9326740037901909,0.923002963806944,0.906106106583049,0.8927621675235251,0.871684428965876,0.8575378666086121,0.838530167138627,0.821255649782766,0.797696562284559,0.761130519343233,0.7346060033183079,0.7183617629588659,0.694304257458369,0.661571015991523,0.6105559250805649,0.554776167448277,0.5453738067067211,0.5306263372243,0.498424840418945,0.472352916909139,0.45382726306108007,0.42891875564060206,0.403869971890686,0.390355136914791,0.3652336409084129
0.8232974948088678,0.9231122845793409,0.961957884825511,0.9928238731024099,1.0,0.988878902239338,0.977634296639182,0.9563423073379169,0.946432688486305,0.929136475538396,0.916510850612404,0.895828447644082,0.8816111140076859,0.862637097504351,0.845996832124972,0.823343657470143,0.787782059737259,0.761779620890932,0.7458516092279279,0.722313977927361,0.6897275616648469,0.636728467456234,0.578551142440233,0.5704377708365289,0.5563716806541539,0.523087844981253,0.49713377182725293,0.4808551030137829,0.4561017722684871,0.42995051158617104,0.41687829712323504,0.391655046859992
0.7973489530595408,0.895214389757341,0.9349750446947059,0.968156056027952,0.988878902239338,1.0,0.9946930541090799,0.9728800604867428,0.9632198275249471,0.9461422924201341,0.934511965879343,0.9146747256799391,0.9014733308364791,0.883518666512272,0.8681970821864771,0.846831960239958,0.812314675177619,0.7871083520571721,0.7719044633464008,0.749676352672378,0.7180576050241959,0.6636636172046899,0.6034907481684111,0.59785299044815,0.5851762702129979,0.549727224021082,0.5226907546153821,0.506953329552006,0.48066080037791403,0.45175178760202006,0.43869658061072603,0.41372572171686894
0.7826735417696999,0.879710086224184,0.9197910334839241,0.953384272743487,0.977634296639182,0.9946930541090799,1.0,0.990857856761803,0.9832637751359029,0.9665077655590629,0.956608606865215,0.9382529434065521,0.926380571381434,0.909602216934402,0.895471166475018,0.874600437977108,0.8395434154662441,0.8141590233965291,0.799128340523011,0.777722599072614,0.7466588165185121,0.692282847834316,0.631366375747359,0.6256759499282789,0.612801632448468,0.577295969736009,0.5508521970853979,0.537189012197041,0.511590483473072,0.482636104909836,0.47166924995218107,0.4481017014890689
0.7643028224939491,0.8599675077874631,0.899743438270755,0.9326740037901909,0.9563423073379169,0.9728800604867428,0.990857856761803,1.0,0.9953161033970171,0.979096790315749,0.971360720058187,0.954957162790726,0.9446884570754771,0.9293444014494731,0.9165233571537891,0.8960534785688029,0.860166495711297,0.8344673925278141,0.819546161174682,0.799003712711869,0.768654582807407,0.715395445644995,0.6548167386801551,0.648130813239702,0.634555491135206,0.600177204010802,0.575265026441934,0.564468629081236,0.540717437278084,0.513075194416988,0.505175308325165,0.48373458238272204
0.75880166133503,0.852515796727835,0.8909330207475892,0.923002963806944,0.946432688486305,0.9632198275249471,0.9832637751359029,0.9953161033970171,1.0,0.994083893937971,0.9871671409569379,0.97147340295689,0.9621882390418309,0.947519328841104,0.9349209431259591,0.915048244829215,0.8800343122409939,0.8548088321413531,0.8401803880568941,0.8204512187396892,0.790694956474185,0.738081138759183,0.677450104155357,0.670858393158195,0.6570520685347429,0.621556733959184,0.595946716681822,0.5851338031910861,0.561279585224888,0.533648794539422,0.526982705225435,0.5062495418346
0.747942420732542,0.838700830320601,0.875224656277577,0.906106106583049,0.929136475538396,0.9461422924201341,0.9665077655590629,0.979096790315749,0.994083893937971,1.0,0.9939209000819291,0.9790300378354,0.9707307948491031,0.956771822238652,0.944371384034697,0.9253228497455841,0.8917643940435842,0.8673637046799498,0.85318870740942,0.834446939344414,0.805538687165495,0.7539782352083159,0.693787971006812,0.687537153740865,0.67371619969568,0.6371079115577171,0.610720311946337,0.5995912194754439,0.575565935051505,0.54799200999649,0.542374701081205,0.5223638303146799
0.738188173353773,0.826185673863683,0.8615306617712809,0.8927621675235251,0.916510850612404,0.934511965879343,0.956608606865215,0.971360720058187,0.9871671409569379,0.9939209000819291,1.0,0.9954368073521,0.987652603292515,0.97442006997116,0.9634822224955779,0.9452356765807919,0.9115410167616992,0.886803425006948,0.872256012723255,0.853121362320177,0.8236159086435271,0.770632268756381,0.7088573609556651,0.7043776294729571,0.6918724504058139,0.6556528306694289,0.6301882511156911,0.621279322239834,0.597077792139621,0.5678171403124971,0.564126142179852,0.546521691591484
0.7220449688368359,0.8067502576360409,0.840645478703432,0.871684428965876,0.895828447644082,0.9146747256799391,0.9382529434065521,0.954957162790726,0.97147340295689,0.9790300378354,0.9954368073521,1.0,0.9944238267711021,0.983135301679951,0.9736236970123571,0.956441442707029,0.9232820696277629,0.8987610751035491,0.884272171540095,0.86531912222553,0.835849792097927,0.7821742112784978,0.719506455145933,0.716820607448517,0.7056272893948199,0.669542225458401,0.644656625228059,0.6373311065281071,0.612755050721812,0.581877059445942,0.5798393367304521,0.564507699311799
0.7116638649149971,0.7950410977988729,0.8279568570804309,0.8575378666086121,0.8816111140076859,0.9014733308364791,0.926380571381434,0.9446884570754771,0.9621882390418309,0.9707307948491031,0.987652603292515,0.9944238267711021,1.0,0.9966622221902421,0.9877645232021159,0.972081869118752,0.9412996373285051,0.91868290122563,0.9058291616958621,0.8891739740620559,0.8616051122702059,0.80833647030273,0.745166318440769,0.744149363970272,0.733548013333141,0.6941705853412851,0.666537872022772,0.65676977322753,0.6293719561502789,0.5956315463226639,0.593527105357147,0.578744719179316
0.697302541897206,0.7785061852236469,0.8101782730455291,0.838530167138627,0.862637097504351,0.883518666512272,0.909602216934402,0.9293444014494731,0.947519328841104,0.956771822238652,0.97442006997116,0.983135301679951,0.9966622221902421,1.0,0.9947530191644741,0.98241764950425,0.9544821442571451,0.9336915596811719,0.9220267514143691,0.9071286013304021,0.8810367054035171,0.8281325740050849,0.7646274349146909,0.7652810949522808,0.755417450451457,0.713454395564663,0.6842382893961899,0.674152431271745,0.64556033156289,0.6101783385541011,0.607668923589563,0.5924149554203921
0.6844961579977231,0.7628374178267551,0.7931563789408101,0.821255649782766,0.845996832124972,0.8681970821864771,0.895471166475018,0.9165233571537891,0.9349209431259591,0.944371384034697,0.9634822224955779,0.9736236970123571,0.9877645232021159,0.9947530191644741,1.0,0.995015693860595,0.9705325740837208,0.951039760238678,0.9393369413723149,0.9246909455115061,0.8986797294974309,0.845243514923415,0.78084600297262,0.7831497778300959,0.774196942026691,0.7307018139091429,0.7021788523852921,0.6965262866908821,0.670086260796515,0.6353797703687621,0.6316568321502509,0.6133608562870531
0.6651459462382839,0.7400385208543009,0.769201156752467,0.797696562284559,0.823343657470143,0.846831960239958,0.874600437977108,0.8960534785688029,0.915048244829215,0.9253228497455841,0.9452356765807919,0.956441442707029,0.972081869118752,0.98241764950425,0.995015693860595,1.0,0.9882862763978921,0.9742606411775381,0.9633161392310859,0.9495541031386422,0.9240233119510141,0.8711482323741941,0.806559751427882,0.8101495628574871,0.801698381562573,0.7561753121154721,0.728289831620501,0.727756631379964,0.7046859434570191,0.6722946438832811,0.666878688473368,0.6436570008572929
0.6334294441454129,0.703681576673237,0.7317140046642059,0.761130519343233,0.787782059737259,0.812314675177619,0.8395434154662441,0.860166495711297,0.8800343122409939,0.8917643940435842,0.9115410167616992,0.9232820696277629,0.9412996373285051,0.9544821442571451,0.9705325740837208,0.9882862763978921,1.0,0.9962841586526701,0.987092734362885,0.975037535439643,0.9506397859267219,0.89999454125945,0.836534538745563,0.840933437250843,0.8325638052622301,0.784830526237582,0.75772103158826,0.7630047292281771,0.7448282948601891,0.716861559450593,0.709271726041292,0.679215341855444
0.611552280116907,0.678227072537921,0.70503658651748,0.7346060033183079,0.761779620890932,0.7871083520571721,0.8141590233965291,0.8344673925278141,0.8548088321413531,0.8673637046799498,0.886803425006948,0.8987610751035491,0.91868290122563,0.9336915596811719,0.951039760238678,0.9742606411775381,0.9962841586526701,1.0,0.996214909908351,0.986825482780029,0.9637006719594409,0.914396252699462,0.851615514375791,0.856589444936567,0.848670307023788,0.801632838536499,0.7747642321043041,0.7798851120733579,0.7624570610526361,0.7360082120442291,0.7282410218677909,0.696421142017621
0.599171429294713,0.663331091997736,0.6890071068928909,0.7183617629588659,0.7458516092279279,0.7719044633464008,0.799128340523011,0.819546161174682,0.8401803880568941,0.85318870740942,0.872256012723255,0.884272171540095,0.9058291616958621,0.9220267514143691,0.9393369413723149,0.9633161392310859,0.987092734362885,0.996214909908351,1.0,0.993773891833345,0.9718770740763871,0.9230985254105151,0.8604232437305109,0.8658282941395459,0.8585485867324859,0.813839701473266,0.7867491481651241,0.787920234545848,0.768501392048299,0.741561619392039,0.7348619853370502,0.70442535823846
0.5805977166914871,0.641329653419277,0.665452480140137,0.694304257458369,0.722313977927361,0.749676352672378,0.777722599072614,0.799003712711869,0.8204512187396892,0.834446939344414,0.853121362320177,0.86531912222553,0.8891739740620559,0.9071286013304021,0.9246909455115061,0.9495541031386422,0.975037535439643,0.986825482780029,0.993773891833345,1.0,0.9918935648611991,0.95722666042327,0.9044982019565592,0.908979480889972,0.900876274723157,0.8573985499555601,0.8279103840323259,0.8210852202678721,0.7953305111863291,0.76365378669672,0.753624671719825,0.7198525527228259
0.5546811705894,0.6113223839873381,0.6336347469233461,0.661571015991523,0.6897275616648469,0.7180576050241959,0.7466588165185121,0.768654582807407,0.790694956474185,0.805538687165495,0.8236159086435271,0.835849792097927,0.8616051122702059,0.8810367054035171,0.8986797294974309,0.9240233119510141,0.9506397859267219,0.9637006719594409,0.9718770740763871,0.9918935648611991,1.0,0.982512276692342,0.9423553814422471,0.945531044583008,0.9363416973429599,0.8941570941288699,0.8622636740482679,0.8472453881026779,0.814898401383093,0.7781332820839579,0.763904895720854,0.726139150671124
0.511901375652375,0.564679106832318,0.585354369206964,0.6105559250805649,0.636728467456234,0.6636636172046899,0.692282847834316,0.715395445644995,0.738081138759183,0.7539782352083159,0.770632268756381,0.7821742112784978,0.80833647030273,0.8281325740050849,0.845243514923415,0.8711482323741941,0.89999454125945,0.914396252699462,0.9230985254105151,0.95722666042327,0.982512276692342,1.0,0.988150366650842,0.985635930015636,0.9726938910406859,0.936799132389226,0.902506665529312,0.8719177120200601,0.830442739995129,0.7895268054748391,0.7701247434815942,0.726798680327086
0.464945409907233,0.5135327953521021,0.5324825540179989,0.554776167448277,0.578551142440233,0.6034907481684111,0.631366375747359,0.6548167386801551,0.677450104155357,0.693787971006812,0.7088573609556651,0.719506455145933,0.745166318440769,0.7646274349146909,0.78084600297262,0.806559751427882,0.836534538745563,0.851615514375791,0.8604232437305109,0.9044982019565592,0.9423553814422471,0.988150366650842,1.0,0.9926945498547131,0.976892959101903,0.9472488907848091,0.911962784009348,0.869389183995374,0.8216722671505859,0.778701666906277,0.7557175049676942,0.70902401758332
0.45651300075567997,0.5044785097885971,0.5233200692028821,0.5453738067067211,0.5704377708365289,0.59785299044815,0.6256759499282789,0.648130813239702,0.670858393158195,0.687537153740865,0.7043776294729571,0.716820607448517,0.744149363970272,0.7652810949522808,0.7831497778300959,0.8101495628574871,0.840933437250843,0.856589444936567,0.8658282941395459,0.908979480889972,0.945531044583008,0.985635930015636,0.9926945498547131,1.0,0.995241297309859,0.9657673272815229,0.930690173596078,0.888671188914091,0.839301774501241,0.7933158679066851,0.7714328054127391,0.726867745646771
0.44119616020233604,0.489276820615881,0.508807252783364,0.5306263372243,0.5563716806541539,0.5851762702129979,0.612801632448468,0.634555491135206,0.6570520685347429,0.67371619969568,0.6918724504058139,0.7056272893948199,0.733548013333141,0.755417450451457,0.774196942026691,0.801698381562573,0.8325638052622301,0.848670307023788,0.8585485867324859,0.900876274723157,0.9363416973429599,0.9726938910406859,0.976892959101903,0.995241297309859,1.0,0.9777686275032841,0.946525940753981,0.9045266661354642,0.8543173496059508,0.807035274725963,0.7868968786534559,0.744600299497128
0.39804219089248905,0.451314448293697,0.47631626962912893,0.498424840418945,0.523087844981253,0.549727224021082,0.577295969736009,0.600177204010802,0.621556733959184,0.6371079115577171,0.6556528306694289,0.669542225458401,0.6941705853412851,0.713454395564663,0.7307018139091429,0.7561753121154721,0.784830526237582,0.801632838536499,0.813839701473266,0.8573985499555601,0.8941570941288699,0.936799132389226,0.9472488907848091,0.9657673272815229,0.9777686275032841,1.0,0.99081817668739,0.9441862310361371,0.8944902172425949,0.851685303213664,0.8363960146882979,0.7965636677073559
0.366496073436746,0.420804165613973,0.44861756583600104,0.472352916909139,0.49713377182725293,0.5226907546153821,0.5508521970853979,0.575265026441934,0.595946716681822,0.610720311946337,0.6301882511156911,0.644656625228059,0.666537872022772,0.6842382893961899,0.7021788523852921,0.728289831620501,0.75772103158826,0.7747642321043041,0.7867491481651241,0.8279103840323259,0.8622636740482679,0.902506665529312,0.911962784009348,0.930690173596078,0.946525940753981,0.99081817668739,1.0,0.9715143229756509,0.9323220973731421,0.8945991213757591,0.8790615974660809,0.8347373592577378
0.34784220610229605,0.397931789691284,0.425716974959411,0.45382726306108007,0.4808551030137829,0.506953329552006,0.537189012197041,0.564468629081236,0.5851338031910861,0.5995912194754439,0.621279322239834,0.6373311065281071,0.65676977322753,0.674152431271745,0.6965262866908821,0.727756631379964,0.7630047292281771,0.7798851120733579,0.787920234545848,0.8210852202678721,0.8472453881026779,0.8719177120200601,0.869389183995374,0.888671188914091,0.9045266661354642,0.9441862310361371,0.9715143229756509,1.0,0.9887339506692059,0.957974158078301,0.9343116026135841,0.8732892720319121
0.32256088188961496,0.370187655304165,0.39851654241196,0.42891875564060206,0.4561017722684871,0.48066080037791403,0.511590483473072,0.540717437278084,0.561279585224888,0.575565935051505,0.597077792139621,0.612755050721812,0.6293719561502789,0.64556033156289,0.670086260796515,0.7046859434570191,0.7448282948601891,0.7624570610526361,0.768501392048299,0.7953305111863291,0.814898401383093,0.830442739995129,0.8216722671505859,0.839301774501241,0.8543173496059508,0.8944902172425949,0.9323220973731421,0.9887339506692059,1.0,0.987342569558356,0.964199041279057,0.8945964766552059
0.296085573437526,0.3429690959711,0.372467175100722,0.403869971890686,0.42995051158617104,0.45175178760202006,0.482636104909836,0.513075194416988,0.533648794539422,0.54799200999649,0.5678171403124971,0.581877059445942,0.5956315463226639,0.6101783385541011,0.6353797703687621,0.6722946438832811,0.716861559450593,0.7360082120442291,0.741561619392039,0.76365378669672,0.7781332820839579,0.7895268054748391,0.778701666906277,0.7933158679066851,0.807035274725963,0.851685303213664,0.8945991213757591,0.957974158078301,0.987342569558356,1.0,0.983284381006859,0.91053319659559
0.278207442988391,0.32640332515879306,0.357982083242856,0.390355136914791,0.41687829712323504,0.43869658061072603,0.47166924995218107,0.505175308325165,0.526982705225435,0.542374701081205,0.564126142179852,0.5798393367304521,0.593527105357147,0.607668923589563,0.6316568321502509,0.666878688473368,0.709271726041292,0.7282410218677909,0.7348619853370502,0.753624671719825,0.763904895720854,0.7701247434815942,0.7557175049676942,0.7714328054127391,0.7868968786534559,0.8363960146882979,0.8790615974660809,0.9343116026135841,0.964199041279057,0.983284381006859,1.0,0.969571814231918
0.25276830010268,0.300923547857872,0.333424545863156,0.3652336409084129,0.391655046859992,0.41372572171686894,0.4481017014890689,0.48373458238272204,0.5062495418346,0.5223638303146799,0.546521691591484,0.564507699311799,0.578744719179316,0.5924149554203921,0.6133608562870531,0.6436570008572929,0.679215341855444,0.696421142017621,0.70442535823846,0.7198525527228259,0.726139150671124,0.726798680327086,0.70902401758332,0.726867745646771,0.744600299497128,0.7965636677073559,0.8347373592577378,0.8732892720319121,0.8945964766552059,0.91053319659559,0.969571814231918,1.0
