1.0,0.967286113236372,0.8782913697677711,0.869685227711374,0.842854214803641,0.838739984654932,0.820274503891996,0.812593944136403,0.793588566608129,0.786828151749785,0.7755035232408729,0.7647673010525401,0.750758493549962,0.74108572556872,0.728787969055705,0.7125874984159809,0.6908840769237641,0.658461620318854,0.613736271012991,0.5714250866560551,0.538239989972833,0.510007238194692,0.49150298789897395,0.46839271677851496,0.418821581016543,0.371514324927671,0.328750426638897,0.27996808901281894,0.226157940244715,0.185112375022952,0.17537045697088502,0.165675303500127
0.967286113236372,1.0,0.9706424216750251,0.958388851282592,0.925810609766006,0.91851724089487,0.895363514954947,0.8865472656367821,0.8653972360849459,0.857066842422226,0.8436951478727099,0.832431830093015,0.8180197616522579,0.8070556603618779,0.792627907849665,0.7740207764513829,0.749516547314222,0.7158459298837321,0.6713503766242049,0.628438460504438,0.594166377026903,0.5650105797488381,0.5465405352623149,0.523242286778385,0.473806278060113,0.42518162513064206,0.36671378144022204,0.306977863077736,0.24990346109582898,0.206186515679091,0.202724190835318,0.197378704993635
0.8782913697677711,0.9706424216750251,1.0,0.9891712573886591,0.95712916833732,0.947270440774788,0.920934082180559,0.9115706461297909,0.8895451644613149,0.8802815496382679,0.8657856548347421,0.8547248524970129,0.840785911648741,0.829411981140417,0.8140088315813209,0.7943960590940671,0.768808012661565,0.7360043461516009,0.6943213399645041,0.653226662751907,0.619729681149624,0.591197085305938,0.5736448248193969,0.5513057240380971,0.504551217821995,0.45713254579059603,0.38750246471757793,0.320501875732796,0.262917690559271,0.21854081637289102,0.221594852844292,0.22087579649118805
0.869685227711374,0.958388851282592,0.9891712573886591,1.0,0.989241482059812,0.979564914829379,0.9528757437118042,0.943620435376523,0.921262090233213,0.912393190411648,0.8981362600611199,0.8873313148370648,0.873491982206595,0.863057801996859,0.8487548498680091,0.8301909010335999,0.805413948570254,0.77311600572696,0.7314754225355509,0.6898371107051121,0.6553953463886529,0.6258633866557199,0.607337168881882,0.5838799143751,0.535469006714958,0.486152852930931,0.418487867148113,0.349852460167533,0.28853406477181104,0.24074441706156,0.245565509009154,0.245767463110621
0.842854214803641,0.925810609766006,0.95712916833732,0.989241482059812,1.0,0.992189255244808,0.967249527151078,0.958381986604162,0.9361959237519659,0.927882230666218,0.914109566802515,0.9038184156452379,0.890412164975487,0.8811871684985891,0.868320220429218,0.8512158121582378,0.827767643841357,0.7966403396106909,0.75588359535224,0.714552895497111,0.679916360178774,0.650005670419411,0.6308706610601801,0.606744368808374,0.5575908163716079,0.507289785828627,0.443560761444586,0.37476177998346294,0.31108161932881606,0.260782457055807,0.267203508266825,0.26817468293945895
0.838739984654932,0.91851724089487,0.947270440774788,0.979564914829379,0.992189255244808,1.0,0.991357440042223,0.983435886371639,0.9616952019390219,0.9531819138929251,0.938922643567233,0.929026063991423,0.9161391377545409,0.907565696127982,0.895224049810179,0.8785062579058052,0.8552054823193209,0.82412095522985,0.7832030674380949,0.7417671707311991,0.707485604612121,0.6776276817105951,0.658243258287478,0.633671330869342,0.5835133117767779,0.531980121027697,0.47448974350221096,0.406172644227784,0.34334742360693105,0.291924325169066,0.297776313931884,0.29727067778011895
0.820274503891996,0.895363514954947,0.920934082180559,0.9528757437118042,0.967249527151078,0.991357440042223,1.0,0.9932068568036372,0.9723010508899692,0.9637213607880609,0.9491907035703051,0.9398759140939531,0.92775238644394,0.920008695396318,0.9084275421307639,0.8923981589904019,0.8696451742654979,0.839129626261857,0.798732018660118,0.757883972305187,0.724553604339732,0.695254489687265,0.67593452484873,0.651308139519189,0.600939253852603,0.548978916640222,0.49901872342296993,0.43236003055338396,0.37149297795410796,0.319754694466391,0.32490956386267,0.322859316380699
0.812593944136403,0.8865472656367821,0.9115706461297909,0.943620435376523,0.958381986604162,0.983435886371639,0.9932068568036372,1.0,0.9928931419409079,0.9865866359572241,0.972591355158222,0.9640527887618969,0.9526434457190691,0.9448024249513771,0.932569663462168,0.9175201652775731,0.8967928076884151,0.8690179837638811,0.8319121474940279,0.793846431231782,0.7632028446216959,0.735734653511506,0.7174502695878809,0.693291885560521,0.6418281861795,0.5880907174349139,0.533944845974052,0.4622802471651629,0.404426878541126,0.353022190903363,0.35741370613384904,0.35348871617829203
0.793588566608129,0.8653972360849459,0.8895451644613149,0.921262090233213,0.9361959237519659,0.9616952019390219,0.9723010508899692,0.9928931419409079,1.0,0.9961088467575692,0.982859731627162,0.97522862001173,0.964701368691936,0.9568613396746629,0.9441242852108431,0.9302804251538142,0.9119097707262049,0.887321689647131,0.854097340521483,0.8194043693828359,0.791928288520218,0.7667114760764759,0.74974151272453,0.726399864689565,0.674536071529987,0.619734178691372,0.561979834623197,0.48617414246162,0.432191903570786,0.38184940343509993,0.385405736857781,0.379633115536376
0.786828151749785,0.857066842422226,0.8802815496382679,0.912393190411648,0.927882230666218,0.9531819138929251,0.9637213607880609,0.9865866359572241,0.9961088467575692,1.0,0.995224280741623,0.989987679837282,0.9799890025294828,0.9725541033506179,0.9600491895337071,0.946906128839285,0.9294788847762221,0.9057434898893879,0.8731842238783771,0.839273907454489,0.81308351960236,0.7887957785308829,0.772577432261405,0.749743604078731,0.698081091562706,0.642886558572186,0.582692803254798,0.5039395593377021,0.450769826421643,0.400097377559044,0.40428816785576893,0.39835689280258396
0.7755035232408729,0.8436951478727099,0.8657856548347421,0.8981362600611199,0.914109566802515,0.938922643567233,0.9491907035703051,0.972591355158222,0.982859731627162,0.995224280741623,1.0,0.99739922739374,0.987960241666268,0.981043667739461,0.968969098910787,0.95656231812035,0.9400250830685942,0.9170145490825379,0.884943226141804,0.8517336284593721,0.8267814221263889,0.803435874572658,0.7880210916598129,0.7658336943894308,0.714861988717933,0.659801984102472,0.597803387762145,0.5168873666124629,0.46453717911025205,0.41374750463176707,0.418737827866442,0.41292289342782795
0.7647673010525401,0.832431830093015,0.8547248524970129,0.8873313148370648,0.9038184156452379,0.929026063991423,0.9398759140939531,0.9640527887618969,0.97522862001173,0.989987679837282,0.99739922739374,1.0,0.9963828345439979,0.9913211840007501,0.979078378770179,0.967322252149371,0.951963203750037,0.930249384234374,0.899508186023815,0.867591136211523,0.84417503568922,0.8218006188614599,0.806596987080761,0.7844445516848041,0.73312132381448,0.6773351677920699,0.610950540537552,0.526761268390142,0.47566025507748105,0.425182618114039,0.43227722614578096,0.427616015284252
0.750758493549962,0.8180197616522579,0.840785911648741,0.873491982206595,0.890412164975487,0.9161391377545409,0.92775238644394,0.9526434457190691,0.964701368691936,0.9799890025294828,0.987960241666268,0.9963828345439979,1.0,0.9971642983424871,0.9846431598913891,0.973556208806982,0.959507917609102,0.9393329234327829,0.9102841610182141,0.8799563961765922,0.858243104792332,0.83693560218097,0.821841322341215,0.7996533545583929,0.747931576818275,0.6914533367630121,0.620346613116313,0.5330334846305821,0.483524392531811,0.43371731744286895,0.44321492097534604,0.440004660569341
0.74108572556872,0.8070556603618779,0.829411981140417,0.863057801996859,0.8811871684985891,0.907565696127982,0.920008695396318,0.9448024249513771,0.9568613396746629,0.9725541033506179,0.981043667739461,0.9913211840007501,0.9971642983424871,1.0,0.994667202154893,0.986899969158361,0.9731574687066379,0.95356538975492,0.925321199557282,0.895415727987001,0.873791349297169,0.852532122909523,0.8376587837528001,0.815599023422672,0.764063014007359,0.7074727023698291,0.642944079912812,0.556981291196657,0.506734121927656,0.455281155283325,0.466180392451508,0.463429553376536
0.728787969055705,0.792627907849665,0.8140088315813209,0.8487548498680091,0.868320220429218,0.895224049810179,0.9084275421307639,0.932569663462168,0.9441242852108431,0.9600491895337071,0.968969098910787,0.979078378770179,0.9846431598913891,0.994667202154893,1.0,0.9968088583313951,0.9829720359011871,0.963619185125913,0.935921350075455,0.906064872029977,0.8838928419690201,0.8623309348996819,0.8478264263211339,0.8261178060207159,0.7753882469635491,0.719344729638965,0.667128137754604,0.585215914547467,0.533457554380739,0.47962033560649203,0.491334469956648,0.488572856908786
0.7125874984159809,0.7740207764513829,0.7943960590940671,0.8301909010335999,0.8512158121582378,0.8785062579058052,0.8923981589904019,0.9175201652775731,0.9302804251538142,0.946906128839285,0.95656231812035,0.967322252149371,0.973556208806982,0.986899969158361,0.9968088583313951,1.0,0.9936234504804928,0.979584626514713,0.954708491873354,0.926863858386655,0.905896504898198,0.885002798876208,0.8704279911503571,0.8484850435170971,0.7971405419624291,0.740200013133354,0.690754221976626,0.608224291648581,0.5568209881746781,0.502052844942843,0.5130320683420829,0.508970637800183
0.6908840769237641,0.749516547314222,0.768808012661565,0.805413948570254,0.827767643841357,0.8552054823193209,0.8696451742654979,0.8967928076884151,0.9119097707262049,0.9294788847762221,0.9400250830685942,0.951963203750037,0.959507917609102,0.9731574687066379,0.9829720359011871,0.9936234504804928,1.0,0.994863942584718,0.974486917258396,0.950145351973296,0.931717683393585,0.912273858578944,0.897375704526335,0.874877514140145,0.8221318774896291,0.763527276317251,0.709987857743583,0.623817290946457,0.57435611299262,0.520003363291269,0.5290893041815681,0.522849247048143
0.658461620318854,0.7158459298837321,0.7360043461516009,0.77311600572696,0.7966403396106909,0.82412095522985,0.839129626261857,0.8690179837638811,0.887321689647131,0.9057434898893879,0.9170145490825379,0.930249384234374,0.9393329234327829,0.95356538975492,0.963619185125913,0.979584626514713,0.994863942584718,1.0,0.9909473870974208,0.9743194650421558,0.9589685277536171,0.941317837514244,0.926108175151688,0.9033512266067449,0.851344154323572,0.7925657139397959,0.732058496047524,0.64058830071873,0.595825692147359,0.543382788653936,0.550684881894681,0.5419736891889989
0.613736271012991,0.6713503766242049,0.6943213399645041,0.7314754225355509,0.75588359535224,0.7832030674380949,0.798732018660118,0.8319121474940279,0.854097340521483,0.8731842238783771,0.884943226141804,0.899508186023815,0.9102841610182141,0.925321199557282,0.935921350075455,0.954708491873354,0.974486917258396,0.9909473870974208,1.0,0.99528023830744,0.9835112186300309,0.9680091813335021,0.952562839578096,0.9299438810899681,0.881067130211322,0.823881260834951,0.7538461531172859,0.6558349524101539,0.618643687221311,0.569785936450186,0.575457699521823,0.5640861405576371
0.5714250866560551,0.628438460504438,0.653226662751907,0.6898371107051121,0.714552895497111,0.7417671707311991,0.757883972305187,0.793846431231782,0.8194043693828359,0.839273907454489,0.8517336284593721,0.867591136211523,0.8799563961765922,0.895415727987001,0.906064872029977,0.926863858386655,0.950145351973296,0.9743194650421558,0.99528023830744,1.0,0.994584098923212,0.9834862226749781,0.9694598489740601,0.9482942288120011,0.902575594590414,0.847190967486721,0.768294838133444,0.664689419498755,0.6322131046198659,0.585680449069485,0.5899299296980649,0.5765983540005429
0.538239989972833,0.594166377026903,0.619729681149624,0.6553953463886529,0.679916360178774,0.707485604612121,0.724553604339732,0.7632028446216959,0.791928288520218,0.81308351960236,0.8267814221263889,0.84417503568922,0.858243104792332,0.873791349297169,0.8838928419690201,0.905896504898198,0.931717683393585,0.9589685277536171,0.9835112186300309,0.994584098923212,1.0,0.9968116346689241,0.986588612703213,0.968647375938403,0.925675885490583,0.8717369106828199,0.783345215102489,0.673781387818695,0.641544077465805,0.5949243988758771,0.5980394182986121,0.583498031664088
0.510007238194692,0.5650105797488381,0.591197085305938,0.6258633866557199,0.650005670419411,0.6776276817105951,0.695254489687265,0.735734653511506,0.7667114760764759,0.7887957785308829,0.803435874572658,0.8218006188614599,0.83693560218097,0.852532122909523,0.8623309348996819,0.885002798876208,0.912273858578944,0.941317837514244,0.9680091813335021,0.9834862226749781,0.9968116346689241,1.0,0.9948444879503879,0.9813408350332199,0.9426088780948009,0.891434084331011,0.797142373226742,0.683502428702874,0.6511805912153411,0.604193012891966,0.6067630958493411,0.5914970649834921
0.49150298789897395,0.5465405352623149,0.5736448248193969,0.607337168881882,0.6308706610601801,0.658243258287478,0.67593452484873,0.7174502695878809,0.74974151272453,0.772577432261405,0.7880210916598129,0.806596987080761,0.821841322341215,0.8376587837528001,0.8478264263211339,0.8704279911503571,0.897375704526335,0.926108175151688,0.952562839578096,0.9694598489740601,0.986588612703213,0.9948444879503879,1.0,0.995651222096914,0.9660992575164961,0.921373425617708,0.826505960052144,0.710111928743538,0.676300935975496,0.627293031244713,0.630661383110396,0.615376191146458
0.46839271677851496,0.523242286778385,0.5513057240380971,0.5838799143751,0.606744368808374,0.633671330869342,0.651308139519189,0.693291885560521,0.726399864689565,0.749743604078731,0.7658336943894308,0.7844445516848041,0.7996533545583929,0.815599023422672,0.8261178060207159,0.8484850435170971,0.874877514140145,0.9033512266067449,0.9299438810899681,0.9482942288120011,0.968647375938403,0.9813408350332199,0.995651222096914,1.0,0.9824538916073989,0.9464554844112191,0.8496226999498041,0.730313246169029,0.694304854802308,0.64322042987528,0.647965216907476,0.633381466685343
0.418821581016543,0.473806278060113,0.504551217821995,0.535469006714958,0.5575908163716079,0.5835133117767779,0.600939253852603,0.6418281861795,0.674536071529987,0.698081091562706,0.714861988717933,0.73312132381448,0.747931576818275,0.764063014007359,0.7753882469635491,0.7971405419624291,0.8221318774896291,0.851344154323572,0.881067130211322,0.902575594590414,0.925675885490583,0.9426088780948009,0.9660992575164961,0.9824538916073989,1.0,0.9900460320401059,0.8792491099282141,0.7505470331198492,0.70584880905489,0.6494415377784879,0.6598317247656179,0.649974030353905
0.371514324927671,0.42518162513064206,0.45713254579059603,0.486152852930931,0.507289785828627,0.531980121027697,0.548978916640222,0.5880907174349139,0.619734178691372,0.642886558572186,0.659801984102472,0.6773351677920699,0.6914533367630121,0.7074727023698291,0.719344729638965,0.740200013133354,0.763527276317251,0.7925657139397959,0.823881260834951,0.847190967486721,0.8717369106828199,0.891434084331011,0.921373425617708,0.9464554844112191,0.9900460320401059,1.0,0.8843863247454351,0.752871793930158,0.7024580738102031,0.6429633939408741,0.6570959176696739,0.6507180716001221
0.328750426638897,0.36671378144022204,0.38750246471757793,0.418487867148113,0.443560761444586,0.47448974350221096,0.49901872342296993,0.533944845974052,0.561979834623197,0.582692803254798,0.597803387762145,0.610950540537552,0.620346613116313,0.642944079912812,0.667128137754604,0.690754221976626,0.709987857743583,0.732058496047524,0.7538461531172859,0.768294838133444,0.783345215102489,0.797142373226742,0.826505960052144,0.8496226999498041,0.8792491099282141,0.8843863247454351,1.0,0.9730327718553771,0.9165206656503381,0.838595856425608,0.8310792210520179,0.8028328561629791
0.27996808901281894,0.306977863077736,0.320501875732796,0.349852460167533,0.37476177998346294,0.406172644227784,0.43236003055338396,0.4622802471651629,0.48617414246162,0.5039395593377021,0.5168873666124629,0.526761268390142,0.5330334846305821,0.556981291196657,0.585215914547467,0.608224291648581,0.623817290946457,0.64058830071873,0.6558349524101539,0.664689419498755,0.673781387818695,0.683502428702874,0.710111928743538,0.730313246169029,0.7505470331198492,0.752871793930158,0.9730327718553771,1.0,0.9452269342080749,0.86474777992814,0.847164471337405,0.810486451225072
0.226157940244715,0.24990346109582898,0.262917690559271,0.28853406477181104,0.31108161932881606,0.34334742360693105,0.37149297795410796,0.404426878541126,0.432191903570786,0.450769826421643,0.46453717911025205,0.47566025507748105,0.483524392531811,0.506734121927656,0.533457554380739,0.5568209881746781,0.57435611299262,0.595825692147359,0.618643687221311,0.6322131046198659,0.641544077465805,0.6511805912153411,0.676300935975496,0.694304854802308,0.70584880905489,0.7024580738102031,0.9165206656503381,0.9452269342080749,1.0,0.981282670980228,0.9569218409424021,0.9035082433105479
0.185112375022952,0.206186515679091,0.21854081637289102,0.24074441706156,0.260782457055807,0.291924325169066,0.319754694466391,0.353022190903363,0.38184940343509993,0.400097377559044,0.41374750463176707,0.425182618114039,0.43371731744286895,0.455281155283325,0.47962033560649203,0.502052844942843,0.520003363291269,0.543382788653936,0.569785936450186,0.585680449069485,0.5949243988758771,0.604193012891966,0.627293031244713,0.64322042987528,0.6494415377784879,0.6429633939408741,0.838595856425608,0.86474777992814,0.981282670980228,1.0,0.9732602337823342,0.9129821517715541
0.17537045697088502,0.202724190835318,0.221594852844292,0.245565509009154,0.267203508266825,0.297776313931884,0.32490956386267,0.35741370613384904,0.385405736857781,0.40428816785576893,0.418737827866442,0.43227722614578096,0.44321492097534604,0.466180392451508,0.491334469956648,0.5130320683420829,0.5290893041815681,0.550684881894681,0.575457699521823,0.5899299296980649,0.5980394182986121,0.6067630958493411,0.630661383110396,0.647965216907476,0.6598317247656179,0.6570959176696739,0.8310792210520179,0.847164471337405,0.9569218409424021,0.9732602337823342,1.0,0.98214924756326
0.165675303500127,0.197378704993635,0.22087579649118805,0.245767463110621,0.26817468293945895,0.29727067778011895,0.322859316380699,0.35348871617829203,0.379633115536376,0.39835689280258396,0.41292289342782795,0.427616015284252,0.440004660569341,0.463429553376536,0.488572856908786,0.508970637800183,0.522849247048143,0.5419736891889989,0.5640861405576371,0.5765983540005429,0.583498031664088,0.5914970649834921,0.615376191146458,0.633381466685343,0.649974030353905,0.6507180716001221,0.8028328561629791,0.810486451225072,0.9035082433105479,0.9129821517715541,0.98214924756326,1.0
