1.0,0.9140559047357829,0.902628330144316,0.896555819402616,0.8902913073778149,0.885852563918325,0.8819199043430871,0.8783512645322579,0.8744524824308171,0.872526499931869,0.8695062986724459,0.868411591320619,0.8665679209224809,0.863544923387609,0.8605767551397691,0.8584374188614521,0.855746367252549,0.852842415862144,0.8504686521084308,0.848135317389966,0.8475040229234101,0.845950279360846,0.84582191367882,0.8439013439884392,0.841536501057755,0.838154834026015,0.837277696398145,0.835396979524154,0.8299108823077901,0.819147201296683,0.7775054968226999,0.45282750336434996
0.9140559047357829,1.0,0.9903579416604941,0.984537445668917,0.9807615520592902,0.9779510097519091,0.975025260297794,0.971587020429279,0.968308793566024,0.9650825826493241,0.962204653458914,0.9589666184877551,0.9560788383840649,0.952271418771062,0.9501350843777959,0.9481216584687808,0.946482588672174,0.9441238363012611,0.9431447983173691,0.942097492778482,0.942234669561843,0.9411699863601971,0.940603637256992,0.9391063691876569,0.9373884547477941,0.935321822151606,0.933217026200723,0.930779427694473,0.9251591885424308,0.914186935594288,0.865970394382914,0.506722683740645
0.902628330144316,0.9903579416604941,1.0,0.9951733143934409,0.9910635481023091,0.988571443856888,0.986130123476855,0.982570516560518,0.979220792253859,0.9758135128232379,0.9729079171648559,0.9694909410822171,0.9667726642946859,0.963174780426427,0.960777312769081,0.95860569778299,0.957018768331505,0.9547714323406709,0.9534692780557809,0.952535646126398,0.9524816875687109,0.951572788124446,0.9513018331282741,0.9499369578988579,0.9482014684845179,0.946519353720121,0.944253378387695,0.941481060257024,0.9357131057936271,0.924788263969897,0.876078445293501,0.506546098127455
0.896555819402616,0.984537445668917,0.9951733143934409,1.0,0.9966836216185909,0.9938350465357559,0.991625630125698,0.987982263884646,0.984742352336624,0.9812264304402528,0.978249174859294,0.974840812599817,0.9719676990434499,0.9686676554406829,0.9662103670461669,0.9641794158182231,0.9627317553063041,0.9603448981016421,0.9589483403443679,0.9581903609556809,0.9582917898888059,0.9573891283969991,0.957125057706042,0.9558383677112241,0.954410858237596,0.9528395073485809,0.9506692764389799,0.94758889085318,0.9419221356806948,0.930523925185852,0.8817757059225559,0.5075194308647579
0.8902913073778149,0.9807615520592902,0.9910635481023091,0.9966836216185909,1.0,0.997719805484014,0.995794225319147,0.9928534433921521,0.9899396913202809,0.986884423388037,0.984309943418473,0.9812936097905959,0.9784607243998159,0.9755645813030401,0.9730806565821191,0.9711610110529191,0.969775020058638,0.9675227254328679,0.966195871936563,0.9655901916394619,0.9657391546189201,0.9649602937923671,0.96472877853614,0.96352576583504,0.9624440250887271,0.9613120838775892,0.959237400669998,0.956230401770035,0.9512160026766701,0.940407090443807,0.8944037127545621,0.521479862631403
0.885852563918325,0.9779510097519091,0.988571443856888,0.9938350465357559,0.997719805484014,1.0,0.998397591350967,0.995908306325053,0.993277301686905,0.99052201361121,0.988025986755473,0.985058297406523,0.9821699742631971,0.9792780914206209,0.976806861036008,0.9747773948719001,0.9734508687309129,0.97133074686359,0.970042508624832,0.9695013722738001,0.9696231671789379,0.9687831085545021,0.968549582773185,0.967531669843792,0.966550347015939,0.9655907740320558,0.9636378557970708,0.960819927843843,0.9560104793597349,0.9457739280621981,0.90090646568054,0.528513029866831
0.8819199043430871,0.975025260297794,0.986130123476855,0.991625630125698,0.995794225319147,0.998397591350967,1.0,0.9982857395594129,0.9960730021493108,0.9937192670836559,0.991332052303592,0.9884719138626271,0.985722992106466,0.9828273805746809,0.9804078285991301,0.978414821549305,0.977131664148909,0.9749969842372049,0.973648996035389,0.9731489312986851,0.9732844778578978,0.972492570102739,0.972194056412193,0.97131841968328,0.970455374637779,0.96955732977292,0.9676504912462859,0.96493198562519,0.9602658791691101,0.9502435839498341,0.906486164571183,0.53322907615297
0.8783512645322579,0.971587020429279,0.982570516560518,0.987982263884646,0.9928534433921521,0.995908306325053,0.9982857395594129,1.0,0.998666657576363,0.996885484179979,0.994845784413239,0.992287566050538,0.989704351585467,0.9871630446601559,0.984992172546593,0.9831519827455129,0.9817147447262881,0.9796545822251791,0.978442849821475,0.9779042392316891,0.9779531620899341,0.9773107308179879,0.977078719453147,0.9763710695345649,0.975571927056425,0.9748809044557099,0.973129136851414,0.9706210376796558,0.966080883699665,0.9567259485328491,0.9160654418288159,0.54344595161031
0.8744524824308171,0.968308793566024,0.979220792253859,0.984742352336624,0.9899396913202809,0.993277301686905,0.9960730021493108,0.998666657576363,1.0,0.998856946388992,0.9972789118190458,0.9950880051718091,0.9927441615466629,0.9904345397907671,0.9884483755196729,0.986737861011917,0.985378494871389,0.9835538297380041,0.9824351164475029,0.981765346423984,0.981647735444126,0.981049864890315,0.980773965065188,0.9800501763948929,0.9792772404024219,0.978534318144792,0.976931666006275,0.974403538092652,0.969846978995607,0.960898981401407,0.921737061225429,0.546968536660057
0.872526499931869,0.9650825826493241,0.9758135128232379,0.9812264304402528,0.986884423388037,0.99052201361121,0.9937192670836559,0.996885484179979,0.998856946388992,1.0,0.9990342088056671,0.997348672630875,0.9953732584733971,0.993329943685068,0.9914065557114449,0.9897443749823449,0.9883601468393051,0.9865458531696228,0.9853932466730021,0.984635838715692,0.9844063763181541,0.9837998369691708,0.983502895594317,0.982849436102525,0.9821699113811692,0.9814563416806831,0.979917209549146,0.9775313609973629,0.973038399983688,0.964156798210082,0.9266516330419621,0.5528206003471551
0.8695062986724459,0.962204653458914,0.9729079171648559,0.978249174859294,0.984309943418473,0.988025986755473,0.991332052303592,0.994845784413239,0.9972789118190458,0.9990342088056671,1.0,0.9990046128930979,0.9974527443858922,0.995792799487012,0.9940288012889259,0.9924026011617091,0.9909194365407491,0.989101192889682,0.9879520758526931,0.9870496228561642,0.9867097364660409,0.9860170204405602,0.985595971280302,0.984966205812664,0.9843527434948309,0.983611694861248,0.982098264092731,0.9798293193254259,0.9754275191947891,0.9669182098290241,0.9309450972772829,0.5577811926564921
0.868411591320619,0.9589666184877551,0.9694909410822171,0.974840812599817,0.9812936097905959,0.985058297406523,0.9884719138626271,0.992287566050538,0.9950880051718091,0.997348672630875,0.9990046128930979,1.0,0.999045892030913,0.9976769523902859,0.996130777100091,0.994577285792917,0.9929733459665601,0.9911646821002309,0.9900856833649542,0.9891252863139549,0.988727826926581,0.9879289301584769,0.987377361634758,0.9866187345421841,0.986055949858509,0.9852817616071551,0.983835267385,0.981773107380514,0.977530600819509,0.9696628626132908,0.9348605188734309,0.5640272588580071
0.8665679209224809,0.9560788383840649,0.9667726642946859,0.9719676990434499,0.9784607243998159,0.9821699742631971,0.985722992106466,0.989704351585467,0.9927441615466629,0.9953732584733971,0.9974527443858922,0.999045892030913,1.0,0.99916234867927,0.997924660833423,0.996464241914506,0.994882870423777,0.9931535886725821,0.9920362765372959,0.9910487018880371,0.9905591014733539,0.989776303570127,0.989253051781943,0.9886334174537059,0.9881167735170608,0.9872243500861171,0.985857874273863,0.9838689562024671,0.979696579114413,0.9719084850955648,0.9381887689417892,0.570041624191448
0.863544923387609,0.952271418771062,0.963174780426427,0.9686676554406829,0.9755645813030401,0.9792780914206209,0.9828273805746809,0.9871630446601559,0.9904345397907671,0.993329943685068,0.995792799487012,0.9976769523902859,0.99916234867927,1.0,0.9992432506262541,0.9979895611255171,0.996551066373403,0.9949632351218359,0.9938629413916971,0.992892330826608,0.9923468208444379,0.9915671912027779,0.99101845564097,0.990330264824425,0.989907243426036,0.989069585773054,0.9878168792316009,0.985894298221318,0.9820353083264379,0.9745896178599119,0.9425213692363392,0.574929915871643
0.8605767551397691,0.9501350843777959,0.960777312769081,0.9662103670461669,0.9730806565821191,0.976806861036008,0.9804078285991301,0.984992172546593,0.9884483755196729,0.9914065557114449,0.9940288012889259,0.996130777100091,0.997924660833423,0.9992432506262541,1.0,0.9992462387785709,0.9980120582162321,0.996625605036636,0.9955898806129351,0.994635228640473,0.99400254166763,0.993187272370035,0.9925909283730892,0.9919346304484379,0.9914852171435571,0.9906442345013801,0.9894203366694421,0.987524097237508,0.9837366387527641,0.9765620194913359,0.9454633727364621,0.580290458213276
0.8584374188614521,0.9481216584687808,0.95860569778299,0.9641794158182231,0.9711610110529191,0.9747773948719001,0.978414821549305,0.9831519827455129,0.986737861011917,0.9897443749823449,0.9924026011617091,0.994577285792917,0.996464241914506,0.9979895611255171,0.9992462387785709,1.0,0.999238279730557,0.9981147096333721,0.9971606906299519,0.996252414961717,0.9955684500064459,0.9947109506495679,0.99403113732686,0.993353750105347,0.992828638559673,0.9919184504797891,0.990791566054487,0.988892562980225,0.98522521643601,0.978231144511018,0.94786025188481,0.583746197059495
0.855746367252549,0.946482588672174,0.957018768331505,0.9627317553063041,0.969775020058638,0.9734508687309129,0.977131664148909,0.9817147447262881,0.985378494871389,0.9883601468393051,0.9909194365407491,0.9929733459665601,0.994882870423777,0.996551066373403,0.9980120582162321,0.999238279730557,1.0,0.999323650558805,0.9984638042523191,0.9976537437294092,0.996884092171017,0.996039148344827,0.995320482585208,0.9945885250825579,0.993994614195252,0.9930775788550459,0.9920565334802142,0.9900559188409449,0.9865709892064659,0.9794473603493571,0.9496716529122821,0.5852773401112861
0.852842415862144,0.9441238363012611,0.9547714323406709,0.9603448981016421,0.9675227254328679,0.97133074686359,0.9749969842372049,0.9796545822251791,0.9835538297380041,0.9865458531696228,0.989101192889682,0.9911646821002309,0.9931535886725821,0.9949632351218359,0.996625605036636,0.9981147096333721,0.999323650558805,1.0,0.999386771542154,0.9987006389350099,0.997917145861631,0.997040600985746,0.99628367730701,0.9955248494520951,0.9948343111996291,0.9939107321563859,0.992959116938557,0.991068447706583,0.98772699355454,0.98076517364009,0.9515286405478192,0.58731810319993
0.8504686521084308,0.9431447983173691,0.9534692780557809,0.9589483403443679,0.966195871936563,0.970042508624832,0.973648996035389,0.978442849821475,0.9824351164475029,0.9853932466730021,0.9879520758526931,0.9900856833649542,0.9920362765372959,0.9938629413916971,0.9955898806129351,0.9971606906299519,0.9984638042523191,0.999386771542154,1.0,0.9994650793483579,0.9987712194231391,0.997930440301828,0.997101769450429,0.9963284204173141,0.9955733475496089,0.994644174329226,0.993557266004525,0.9916200786930458,0.988348490025282,0.9817334484186422,0.952798121753554,0.591755342505412
0.848135317389966,0.942097492778482,0.952535646126398,0.9581903609556809,0.9655901916394619,0.9695013722738001,0.9731489312986851,0.9779042392316891,0.981765346423984,0.984635838715692,0.9870496228561642,0.9891252863139549,0.9910487018880371,0.992892330826608,0.994635228640473,0.996252414961717,0.9976537437294092,0.9987006389350099,0.9994650793483579,1.0,0.9994624769586641,0.99870961868603,0.9978211392059959,0.996988228941235,0.996248967671427,0.9953130642380451,0.9942719739884169,0.992334466034894,0.9889911127462171,0.982396791361515,0.953324323035814,0.592305957452357
0.8475040229234101,0.942234669561843,0.9524816875687109,0.9582917898888059,0.9657391546189201,0.9696231671789379,0.9732844778578978,0.9779531620899341,0.981647735444126,0.9844063763181541,0.9867097364660409,0.988727826926581,0.9905591014733539,0.9923468208444379,0.99400254166763,0.9955684500064459,0.996884092171017,0.997917145861631,0.9987712194231391,0.9994624769586641,1.0,0.9994279284686161,0.998701956798265,0.997889369210975,0.9971536278684909,0.996160774514229,0.995105418690882,0.9932755766475371,0.990051970738013,0.9837516243712109,0.9546639160605891,0.595947626547041
0.845950279360846,0.9411699863601971,0.951572788124446,0.9573891283969991,0.9649602937923671,0.9687831085545021,0.972492570102739,0.9773107308179879,0.981049864890315,0.9837998369691708,0.9860170204405602,0.9879289301584769,0.989776303570127,0.9915671912027779,0.993187272370035,0.9947109506495679,0.996039148344827,0.997040600985746,0.997930440301828,0.99870961868603,0.9994279284686161,1.0,0.999369723720754,0.9986145008578141,0.9978109327047171,0.9968387187896129,0.9957791548724209,0.993892676500154,0.9908931754994491,0.984414781826158,0.956041528711384,0.596858864045068
0.84582191367882,0.940603637256992,0.9513018331282741,0.957125057706042,0.96472877853614,0.968549582773185,0.972194056412193,0.977078719453147,0.980773965065188,0.983502895594317,0.985595971280302,0.987377361634758,0.989253051781943,0.99101845564097,0.9925909283730892,0.99403113732686,0.995320482585208,0.99628367730701,0.997101769450429,0.9978211392059959,0.998701956798265,0.999369723720754,1.0,0.999352487905665,0.998545094838173,0.9974910380123649,0.996392340804015,0.994512214400693,0.991568626607645,0.984832497041893,0.95656066213928,0.596638099210211
0.8439013439884392,0.9391063691876569,0.9499369578988579,0.9558383677112241,0.96352576583504,0.967531669843792,0.97131841968328,0.9763710695345649,0.9800501763948929,0.982849436102525,0.984966205812664,0.9866187345421841,0.9886334174537059,0.990330264824425,0.9919346304484379,0.993353750105347,0.9945885250825579,0.9955248494520951,0.9963284204173141,0.996988228941235,0.997889369210975,0.9986145008578141,0.999352487905665,1.0,0.9992846104383901,0.9982813577791619,0.997240664500885,0.9954216494728001,0.99255081256222,0.98578413124009,0.958335797900558,0.59983965604802
0.841536501057755,0.9373884547477941,0.9482014684845179,0.954410858237596,0.9624440250887271,0.966550347015939,0.970455374637779,0.975571927056425,0.9792772404024219,0.9821699113811692,0.9843527434948309,0.986055949858509,0.9881167735170608,0.989907243426036,0.9914852171435571,0.992828638559673,0.993994614195252,0.9948343111996291,0.9955733475496089,0.996248967671427,0.9971536278684909,0.9978109327047171,0.998545094838173,0.9992846104383901,1.0,0.9992242430854901,0.9982163797397521,0.9963677766099308,0.99365103056135,0.9871444631981179,0.960584639286702,0.603170216553402
0.838154834026015,0.935321822151606,0.946519353720121,0.9528395073485809,0.9613120838775892,0.9655907740320558,0.96955732977292,0.9748809044557099,0.978534318144792,0.9814563416806831,0.983611694861248,0.9852817616071551,0.9872243500861171,0.989069585773054,0.9906442345013801,0.9919184504797891,0.9930775788550459,0.9939107321563859,0.994644174329226,0.9953130642380451,0.996160774514229,0.9968387187896129,0.9974910380123649,0.9982813577791619,0.9992242430854901,1.0,0.9989848341998822,0.997275572122421,0.9946078996863741,0.988591374361484,0.9631554847208199,0.609206686798803
0.837277696398145,0.933217026200723,0.944253378387695,0.9506692764389799,0.959237400669998,0.9636378557970708,0.9676504912462859,0.973129136851414,0.976931666006275,0.979917209549146,0.982098264092731,0.983835267385,0.985857874273863,0.9878168792316009,0.9894203366694421,0.990791566054487,0.9920565334802142,0.992959116938557,0.993557266004525,0.9942719739884169,0.995105418690882,0.9957791548724209,0.996392340804015,0.997240664500885,0.9982163797397521,0.9989848341998822,1.0,0.9986604946274759,0.99622289673073,0.990097966795388,0.966549193589226,0.6128137944164129
0.835396979524154,0.930779427694473,0.941481060257024,0.94758889085318,0.956230401770035,0.960819927843843,0.96493198562519,0.9706210376796558,0.974403538092652,0.9775313609973629,0.9798293193254259,0.981773107380514,0.9838689562024671,0.985894298221318,0.987524097237508,0.988892562980225,0.9900559188409449,0.991068447706583,0.9916200786930458,0.992334466034894,0.9932755766475371,0.993892676500154,0.994512214400693,0.9954216494728001,0.9963677766099308,0.997275572122421,0.9986604946274759,1.0,0.9980468915426329,0.992484958324752,0.970698306723307,0.624054282266145
0.8299108823077901,0.9251591885424308,0.9357131057936271,0.9419221356806948,0.9512160026766701,0.9560104793597349,0.9602658791691101,0.966080883699665,0.969846978995607,0.973038399983688,0.9754275191947891,0.977530600819509,0.979696579114413,0.9820353083264379,0.9837366387527641,0.98522521643601,0.9865709892064659,0.98772699355454,0.988348490025282,0.9889911127462171,0.990051970738013,0.9908931754994491,0.991568626607645,0.99255081256222,0.99365103056135,0.9946078996863741,0.99622289673073,0.9980468915426329,1.0,0.9951999792078,0.9754650713450509,0.639645945206019
0.819147201296683,0.914186935594288,0.924788263969897,0.930523925185852,0.940407090443807,0.9457739280621981,0.9502435839498341,0.9567259485328491,0.960898981401407,0.964156798210082,0.9669182098290241,0.9696628626132908,0.9719084850955648,0.9745896178599119,0.9765620194913359,0.978231144511018,0.9794473603493571,0.98076517364009,0.9817334484186422,0.982396791361515,0.9837516243712109,0.984414781826158,0.984832497041893,0.98578413124009,0.9871444631981179,0.988591374361484,0.990097966795388,0.992484958324752,0.9951999792078,1.0,0.9818813943814271,0.661098474667
0.7775054968226999,0.865970394382914,0.876078445293501,0.8817757059225559,0.8944037127545621,0.90090646568054,0.906486164571183,0.9160654418288159,0.921737061225429,0.9266516330419621,0.9309450972772829,0.9348605188734309,0.9381887689417892,0.9425213692363392,0.9454633727364621,0.94786025188481,0.9496716529122821,0.9515286405478192,0.952798121753554,0.953324323035814,0.9546639160605891,0.956041528711384,0.95656066213928,0.958335797900558,0.960584639286702,0.9631554847208199,0.966549193589226,0.970698306723307,0.9754650713450509,0.9818813943814271,1.0,0.7173861900230741
0.45282750336434996,0.506722683740645,0.506546098127455,0.5075194308647579,0.521479862631403,0.528513029866831,0.53322907615297,0.54344595161031,0.546968536660057,0.5528206003471551,0.5577811926564921,0.5640272588580071,0.570041624191448,0.574929915871643,0.580290458213276,0.583746197059495,0.5852773401112861,0.58731810319993,0.591755342505412,0.592305957452357,0.595947626547041,0.596858864045068,0.596638099210211,0.59983965604802,0.603170216553402,0.609206686798803,0.6128137944164129,0.624054282266145,0.639645945206019,0.661098474667,0.7173861900230741,1.0
