1.0,0.994844152896167,0.9758113184676009,0.9369721616014252,0.873078244121465,0.785404134712992,0.742252749612733,0.6882098058169991,0.632224124540604,0.579370892048875,0.531771585966272,0.510725379856298,0.49095321945225,0.468931098377492,0.44717389663654794,0.42686911798325,0.40572094191461205,0.384250407237396,0.366723978072358,0.35277236809859996,0.34161088164609904,0.337272505111801,0.346023848863099,0.35053363742052696,0.352372090883096,0.352575570509075,0.351804201741918,0.364650707443037,0.36346800732477597,0.355417420052767,0.345193898234415,0.33492245848528995
0.994844152896167,1.0,0.9929510850537572,0.967576273119117,0.9180249872616708,0.844124294958893,0.804135093636775,0.751354987854544,0.695394964660027,0.6418711661806371,0.593262290953809,0.5727238606208461,0.5528543676710289,0.530022910962908,0.507119045642134,0.4855496497651479,0.463956292078479,0.442127891742131,0.42392552828248403,0.40927535354559497,0.397475863712724,0.392835431089662,0.401760291711183,0.405973113873623,0.40726352383173703,0.40680127659214205,0.40532383691330104,0.419625657214326,0.41788740550400205,0.4083423948270661,0.39637056213882,0.3843961176031121
0.9758113184676009,0.9929510850537572,1.0,0.990692802194418,0.9585516858770708,0.9017142774445279,0.86594357856601,0.815329435773608,0.7601310531087909,0.7065233618959591,0.657370138647263,0.637693679824147,0.617970219102087,0.594491399385889,0.570546880864496,0.547781531129654,0.52595021147955,0.503988968873609,0.48523462578630605,0.46995957970142105,0.457568725412136,0.45263594999307105,0.461646911868829,0.465457586998989,0.466090624128601,0.464856382168195,0.46257307068922204,0.478388734349728,0.476023933549469,0.464857179563861,0.450998613660206,0.43719041951031395
0.9369721616014252,0.967576273119117,0.990692802194418,1.0,0.988412465307408,0.9521600400202379,0.9218564630732191,0.8746105679303829,0.821247452237493,0.76847631582065,0.719553331449414,0.7012091975230129,0.6819966780131429,0.658182997658995,0.633460058976385,0.609717417832917,0.5879927330464579,0.566261108213452,0.547199228078939,0.531472386464095,0.5186180250702821,0.5134353580890321,0.522388388874004,0.525670914168864,0.525537992446825,0.523438652162116,0.520269593381674,0.537548561073937,0.5345053695243499,0.521670494749268,0.5058863311940001,0.49021251042865605
0.873078244121465,0.9180249872616708,0.9585516858770708,0.988412465307408,1.0,0.9874994643446049,0.963958267873374,0.921506336911756,0.8713620409559101,0.82068299670543,0.7730914346453491,0.7566360134127859,0.738415307835499,0.714751308682843,0.6897033846497012,0.665392451149707,0.644263897646552,0.623265702161769,0.604279592750643,0.588394391288414,0.575305511290636,0.5699580205534761,0.578649781716083,0.581271229709628,0.580287061177716,0.57726911314264,0.573181917723073,0.591713144188286,0.587980286855009,0.5735671284750079,0.555982339124406,0.53857234601164
0.785404134712992,0.844124294958893,0.9017142774445279,0.9521600400202379,0.9874994643446049,1.0,0.985317858241899,0.9499302939679491,0.905187816893491,0.858570162930546,0.814030102655382,0.7999654435904621,0.783077247923193,0.7599812454113442,0.735040855920266,0.710576057206717,0.6906953683001159,0.671202535515791,0.652886929241901,0.637301991823645,0.624338199769442,0.618954572997474,0.6270491681114251,0.6287936018965329,0.62682281561457,0.62280418888073,0.6177518726608221,0.636830108773021,0.632120450915051,0.616093263259501,0.5967878495604971,0.577766943055178
0.742252749612733,0.804135093636775,0.86594357856601,0.9218564630732191,0.963958267873374,0.985317858241899,1.0,0.989329888852134,0.964459964591783,0.9334970946123778,0.9012422294309,0.888797381842416,0.869701444368613,0.843771703040048,0.8158460972107909,0.7884913686855279,0.771709826911749,0.7578414007912779,0.7427204256016199,0.7290945036031541,0.7174099753624709,0.7121985717046949,0.7176007787028391,0.716400325951715,0.711507956544845,0.7047270644608359,0.6971276910533329,0.7098341688836829,0.697593275671639,0.674526481518856,0.6491716027393449,0.625107363088557
0.6882098058169991,0.751354987854544,0.815329435773608,0.8746105679303829,0.921506336911756,0.9499302939679491,0.989329888852134,1.0,0.992665316807046,0.975779798102855,0.954756812399259,0.943982943777971,0.923446035113482,0.8956996652765171,0.86587446966115,0.83668822042039,0.8229406590566771,0.8141935664990909,0.802149529404232,0.790511446607984,0.7801896515912651,0.775246114955373,0.7782254409404741,0.774539813233162,0.767267804186881,0.7582870386945141,0.7486904282329421,0.755664774805634,0.7372810660681299,0.7087421404320529,0.6788131508041811,0.651003443149954
0.632224124540604,0.695394964660027,0.7601310531087909,0.821247452237493,0.8713620409559101,0.905187816893491,0.964459964591783,0.992665316807046,1.0,0.99506912882949,0.983706616985359,0.9744937303283009,0.9530935785165892,0.9242889591592959,0.8933703267284341,0.8631367802461422,0.8521293506059701,0.8477735107327801,0.838477673571236,0.8286774917556091,0.819653579943488,0.8150123468882109,0.8159329508286479,0.810244806716508,0.8011159125248181,0.790455093218497,0.77935654496761,0.7814615013512249,0.7582781325419259,0.725660475504649,0.692420429376088,0.661952959240293
0.579370892048875,0.6418711661806371,0.7065233618959591,0.76847631582065,0.82068299670543,0.858570162930546,0.9334970946123778,0.975779798102855,0.99506912882949,1.0,0.996687474652167,0.9888561049670028,0.966982032862283,0.9376245739727651,0.906147378815319,0.875385622590093,0.8667467478995969,0.8660412414408789,0.8591018393922941,0.8509167926336301,0.843056478986005,0.8387140737776608,0.837935594712664,0.8306668343380269,0.820114472297732,0.8081920320487621,0.795982784102609,0.7940697799306421,0.7672025234548101,0.7315957284140459,0.696003169472794,0.663688802811662
0.531771585966272,0.593262290953809,0.657370138647263,0.719553331449414,0.7730914346453491,0.814030102655382,0.9012422294309,0.954756812399259,0.983706616985359,0.996687474652167,1.0,0.9933590268984329,0.97125725614649,0.9416624330141858,0.9099587728561899,0.878990177409807,0.8723569728947141,0.874649791436541,0.869693621023113,0.86289313038086,0.856044741026558,0.8519793045950219,0.849813367856258,0.8413020283233249,0.829660095925217,0.816790871489477,0.8037606987376751,0.798567190050298,0.7688769110442529,0.7310810469760101,0.6938213229048039,0.660230264127511
0.510725379856298,0.5727238606208461,0.637693679824147,0.7012091975230129,0.7566360134127859,0.7999654435904621,0.888797381842416,0.943982943777971,0.9744937303283009,0.9888561049670028,0.9933590268984329,1.0,0.9921166369675178,0.973952268436117,0.9513599633894501,0.927671884787765,0.922119528131907,0.9209457641735691,0.913277214118135,0.9043666731192109,0.895854420804239,0.890539926213585,0.887363700493282,0.8777190877500759,0.864938148496555,0.850983468199265,0.8369470582794442,0.8315794882117141,0.8007109654123309,0.76138920416721,0.722616146805104,0.6876565733571179
0.49095321945225,0.5528543676710289,0.617970219102087,0.6819966780131429,0.738415307835499,0.783077247923193,0.869701444368613,0.923446035113482,0.9530935785165892,0.966982032862283,0.97125725614649,0.9921166369675178,1.0,0.9946904766703499,0.982468179133583,0.9671519675650909,0.9624193877148249,0.9567923127357609,0.945815506703313,0.9344082243359301,0.923965968768113,0.9172945038909879,0.913362441074087,0.9028865370395309,0.8892785052860319,0.8745404494436311,0.859780831042006,0.85502635720839,0.8239287354162009,0.783975438147655,0.7444610289189542,0.708778334404095
0.468931098377492,0.530022910962908,0.594491399385889,0.658182997658995,0.714751308682843,0.7599812454113442,0.843771703040048,0.8956996652765171,0.9242889591592959,0.9376245739727651,0.9416624330141858,0.973952268436117,0.9946904766703499,1.0,0.9964376401838051,0.9881769371871478,0.9841733292249059,0.9749554723118671,0.96139124897234,0.948068042842489,0.936163901248357,0.9284566960367819,0.9239502679204009,0.9129151437593069,0.898788247043725,0.8835805424039871,0.8684009388687192,0.8642059674793691,0.8332866435821591,0.793285510200678,0.753627911784648,0.7177718487360341
0.44717389663654794,0.507119045642134,0.570546880864496,0.633460058976385,0.6897033846497012,0.735040855920266,0.8158460972107909,0.86587446966115,0.8933703267284341,0.906147378815319,0.9099587728561899,0.9513599633894501,0.982468179133583,0.9964376401838051,1.0,0.997586420152327,0.9942118621822429,0.982124423511495,0.9665472364467241,0.9517594258545842,0.938751519010008,0.930256548926678,0.925315108530113,0.913909046821801,0.899468748504512,0.8839965260619008,0.868592880062511,0.8648895984443729,0.834361058732516,0.7946372676923449,0.755176154452745,0.719461762785659
0.42686911798325,0.4855496497651479,0.547781531129654,0.609717417832917,0.665392451149707,0.710576057206717,0.7884913686855279,0.83668822042039,0.8631367802461422,0.875385622590093,0.878990177409807,0.927671884787765,0.9671519675650909,0.9881769371871478,0.997586420152327,1.0,0.9971614157951129,0.9827759215851508,0.965624637798504,0.949710004013881,0.935862856013027,0.9267646959436651,0.921491506458803,0.9098410160443949,0.895219884546082,0.8796125949700541,0.864106840733848,0.8608281943015259,0.8307846343714341,0.7915015841880341,0.752413233245381,0.717006440226818
0.40572094191461205,0.463956292078479,0.52595021147955,0.5879927330464579,0.644263897646552,0.6906953683001159,0.771709826911749,0.8229406590566771,0.8521293506059701,0.8667467478995969,0.8723569728947141,0.922119528131907,0.9624193877148249,0.9841733292249059,0.9942118621822429,0.9971614157951129,1.0,0.993506682421917,0.9816645972700309,0.969502384204634,0.958423559749001,0.950863377305254,0.944880439115624,0.9324574458152859,0.9170719068451101,0.9007430483172041,0.8845726639137571,0.877056778928117,0.8430164549408941,0.800440263075445,0.758732657154413,0.7212536815256999
0.384250407237396,0.442127891742131,0.503988968873609,0.566261108213452,0.623265702161769,0.671202535515791,0.7578414007912779,0.8141935664990909,0.8477735107327801,0.8660412414408789,0.874649791436541,0.9209457641735691,0.9567923127357609,0.9749554723118671,0.982124423511495,0.9827759215851508,0.993506682421917,1.0,0.996977486722991,0.9910909879114258,0.9846654897727131,0.979789397670352,0.9730364434090459,0.9597533658707429,0.9435052529292349,0.926355444880731,0.909424688850274,0.8955442815422371,0.855683253467388,0.8084122933539291,0.763025269599598,0.7226666081973191
0.366723978072358,0.42392552828248403,0.48523462578630605,0.547199228078939,0.604279592750643,0.652886929241901,0.7427204256016199,0.802149529404232,0.838477673571236,0.8591018393922941,0.869693621023113,0.913277214118135,0.945815506703313,0.96139124897234,0.9665472364467241,0.965624637798504,0.9816645972700309,0.996977486722991,1.0,0.9984427970601178,0.9952427580563091,0.992235869207447,0.9850074590431189,0.971236114016082,0.9545201422689099,0.936937622377702,0.919613887061753,0.9014909329369291,0.8579524317764351,0.807828101764231,0.7602669976790201,0.718242862994565
0.35277236809859996,0.40927535354559497,0.46995957970142105,0.531472386464095,0.588394391288414,0.637301991823645,0.7290945036031541,0.790511446607984,0.8286774917556091,0.8509167926336301,0.86289313038086,0.9043666731192109,0.9344082243359301,0.948068042842489,0.9517594258545842,0.949710004013881,0.969502384204634,0.9910909879114258,0.9984427970601178,1.0,0.999127893165683,0.9974743724842241,0.9899315104253459,0.975860902976447,0.9588712990782491,0.9410436139555459,0.9235022783014101,0.9024005649361999,0.856383785317445,0.804397463295538,0.755452568928928,0.712389204477455
0.34161088164609904,0.397475863712724,0.457568725412136,0.5186180250702821,0.575305511290636,0.624338199769442,0.7174099753624709,0.7801896515912651,0.819653579943488,0.843056478986005,0.856044741026558,0.895854420804239,0.923965968768113,0.936163901248357,0.938751519010008,0.935862856013027,0.958423559749001,0.9846654897727131,0.9952427580563091,0.999127893165683,1.0,0.999362832717987,0.991599975985038,0.977334044369892,0.9601742482568578,0.942199385880597,0.924530921568721,0.9012426313985,0.853464648827772,0.800190572697046,0.750309656586352,0.7065561863292891
0.337272505111801,0.392835431089662,0.45263594999307105,0.5134353580890321,0.5699580205534761,0.618954572997474,0.7121985717046949,0.775246114955373,0.8150123468882109,0.8387140737776608,0.8519793045950219,0.890539926213585,0.9172945038909879,0.9284566960367819,0.930256548926678,0.9267646959436651,0.950863377305254,0.979789397670352,0.992235869207447,0.9974743724842241,0.999362832717987,1.0,0.994774157748047,0.9825835341261329,0.967118363074933,0.9505336090635401,0.9340144114777561,0.909491957785746,0.8603909707914791,0.8059702218503101,0.755146732805292,0.710630103302002
0.346023848863099,0.401760291711183,0.461646911868829,0.522388388874004,0.578649781716083,0.6270491681114251,0.7176007787028391,0.7782254409404741,0.8159329508286479,0.837935594712664,0.849813367856258,0.887363700493282,0.913362441074087,0.9239502679204009,0.925315108530113,0.921491506458803,0.944880439115624,0.9730364434090459,0.9850074590431189,0.9899315104253459,0.991599975985038,0.994774157748047,1.0,0.9964210423213969,0.9880310679393791,0.977280695694197,0.96560706533491,0.9415869981196129,0.891699607592243,0.8360625697015351,0.7839648461617091,0.7382647733100342
0.35053363742052696,0.405973113873623,0.465457586998989,0.525670914168864,0.581271229709628,0.6287936018965329,0.716400325951715,0.774539813233162,0.810244806716508,0.8306668343380269,0.8413020283233249,0.8777190877500759,0.9028865370395309,0.9129151437593069,0.913909046821801,0.9098410160443949,0.9324574458152859,0.9597533658707429,0.971236114016082,0.975860902976447,0.977334044369892,0.9825835341261329,0.9964210423213969,1.0,0.9975339270430009,0.991698842126524,0.9841291555665909,0.9607149048747979,0.9105708308030429,0.8543666595727509,0.8016258495539741,0.755307280176869
0.352372090883096,0.40726352383173703,0.466090624128601,0.525537992446825,0.580287061177716,0.62682281561457,0.711507956544845,0.767267804186881,0.8011159125248181,0.820114472297732,0.829660095925217,0.864938148496555,0.8892785052860319,0.898788247043725,0.899468748504512,0.895219884546082,0.9170719068451101,0.9435052529292349,0.9545201422689099,0.9588712990782491,0.9601742482568578,0.967118363074933,0.9880310679393791,0.9975339270430009,1.0,0.9982779080289359,0.9941569716937929,0.971373063746207,0.9212885312594791,0.86491908214591,0.811931095897458,0.7653508452625399
0.352575570509075,0.40680127659214205,0.464856382168195,0.523438652162116,0.57726911314264,0.62280418888073,0.7047270644608359,0.7582870386945141,0.790455093218497,0.8081920320487621,0.816790871489477,0.850983468199265,0.8745404494436311,0.8835805424039871,0.8839965260619008,0.8796125949700541,0.9007430483172041,0.926355444880731,0.936937622377702,0.9410436139555459,0.942199385880597,0.9505336090635401,0.977280695694197,0.991698842126524,0.9982779080289359,1.0,0.9987771442405691,0.976606278549006,0.92676099381808,0.8704666641773822,0.81747255324924,0.770849812441566
0.351804201741918,0.40532383691330104,0.46257307068922204,0.520269593381674,0.573181917723073,0.6177518726608221,0.6971276910533329,0.7486904282329421,0.77935654496761,0.795982784102609,0.8037606987376751,0.8369470582794442,0.859780831042006,0.8684009388687192,0.868592880062511,0.864106840733848,0.8845726639137571,0.909424688850274,0.919613887061753,0.9235022783014101,0.924530921568721,0.9340144114777561,0.96560706533491,0.9841291555665909,0.9941569716937929,0.9987771442405691,1.0,0.9784050827281329,0.9288947271675742,0.8728142488594,0.819956692960206,0.7734228207993209
0.364650707443037,0.419625657214326,0.478388734349728,0.537548561073937,0.591713144188286,0.636830108773021,0.7098341688836829,0.755664774805634,0.7814615013512249,0.7940697799306421,0.798567190050298,0.8315794882117141,0.85502635720839,0.8642059674793691,0.8648895984443729,0.8608281943015259,0.877056778928117,0.8955442815422371,0.9014909329369291,0.9024005649361999,0.9012426313985,0.909491957785746,0.9415869981196129,0.9607149048747979,0.971373063746207,0.976606278549006,0.9784050827281329,1.0,0.985383391371813,0.9548429574349029,0.9205656432457819,0.8877406004557471
0.36346800732477597,0.41788740550400205,0.476023933549469,0.5345053695243499,0.587980286855009,0.632120450915051,0.697593275671639,0.7372810660681299,0.7582781325419259,0.7672025234548101,0.7688769110442529,0.8007109654123309,0.8239287354162009,0.8332866435821591,0.834361058732516,0.8307846343714341,0.8430164549408941,0.855683253467388,0.8579524317764351,0.856383785317445,0.853464648827772,0.8603909707914791,0.891699607592243,0.9105708308030429,0.9212885312594791,0.92676099381808,0.9288947271675742,0.985383391371813,1.0,0.991499636828832,0.9736472571822891,0.9531850564707249
0.355417420052767,0.4083423948270661,0.464857179563861,0.521670494749268,0.5735671284750079,0.616093263259501,0.674526481518856,0.7087421404320529,0.725660475504649,0.7315957284140459,0.7310810469760101,0.76138920416721,0.783975438147655,0.793285510200678,0.7946372676923449,0.7915015841880341,0.800440263075445,0.8084122933539291,0.807828101764231,0.804397463295538,0.800190572697046,0.8059702218503101,0.8360625697015351,0.8543666595727509,0.86491908214591,0.8704666641773822,0.8728142488594,0.9548429574349029,0.991499636828832,1.0,0.9950435656870359,0.9844261203339051
0.345193898234415,0.39637056213882,0.450998613660206,0.5058863311940001,0.555982339124406,0.5967878495604971,0.6491716027393449,0.6788131508041811,0.692420429376088,0.696003169472794,0.6938213229048039,0.722616146805104,0.7444610289189542,0.753627911784648,0.755176154452745,0.752413233245381,0.758732657154413,0.763025269599598,0.7602669976790201,0.755452568928928,0.750309656586352,0.755146732805292,0.7839648461617091,0.8016258495539741,0.811931095897458,0.81747255324924,0.819956692960206,0.9205656432457819,0.9736472571822891,0.9950435656870359,1.0,0.997028298424689
0.33492245848528995,0.3843961176031121,0.43719041951031395,0.49021251042865605,0.53857234601164,0.577766943055178,0.625107363088557,0.651003443149954,0.661952959240293,0.663688802811662,0.660230264127511,0.6876565733571179,0.708778334404095,0.7177718487360341,0.719461762785659,0.717006440226818,0.7212536815256999,0.7226666081973191,0.718242862994565,0.712389204477455,0.7065561863292891,0.710630103302002,0.7382647733100342,0.755307280176869,0.7653508452625399,0.770849812441566,0.7734228207993209,0.8877406004557471,0.9531850564707249,0.9844261203339051,0.997028298424689,1.0
