1.0,0.889185699813369,0.849718036824255,0.832565008014337,0.823721880433094,0.81796409825093,0.810862575912514,0.802905365781706,0.798839393251241,0.7954292391293141,0.792000522199973,0.787457743891826,0.778057901196887,0.7736869121747629,0.76634980447692,0.759387421501134,0.7490364814229008,0.7400362035193491,0.7368365453105541,0.730389944498128,0.722430433814723,0.714903715945863,0.709315106986631,0.7069427651465771,0.691423736949487,0.6876326225173609,0.68413063893076,0.670195523986881,0.6450624674691811,0.506586582293857,0.24002168091937198,0.1334271240419
0.889185699813369,1.0,0.963028280137211,0.943447506857646,0.93167430059423,0.9269038492505219,0.920992589604826,0.913298744166736,0.9086762995258041,0.902215371701052,0.8988932746072209,0.894528426291314,0.887533879095757,0.883439191902105,0.876979379076721,0.8714287381051371,0.861098549397177,0.85473518778964,0.85120278616418,0.8458525955640569,0.839692458884409,0.8333159818417301,0.8304386763282371,0.8246513792546558,0.8121890627773399,0.8086900926496691,0.801947809250432,0.7859389605764749,0.760947909987798,0.614955819608461,0.31884530802134003,0.12557926647512702
0.849718036824255,0.963028280137211,1.0,0.980332125951114,0.967522837195386,0.960302142880805,0.953703405536273,0.9474568585774259,0.9425412229284049,0.9362378958809541,0.9321394003941951,0.9291755400981351,0.9225538519481251,0.9187899101779909,0.912997714061369,0.906915751623464,0.8984958211959879,0.8935538377748551,0.889380686279573,0.884306435836135,0.8787848704908771,0.8730448103392571,0.8711581174174922,0.8658329322499859,0.8548944685941049,0.851414724714655,0.8445097596263971,0.827974078423283,0.803414250168245,0.6513617418417299,0.34714591889582797,0.13362178881699802
0.832565008014337,0.943447506857646,0.980332125951114,1.0,0.9885564498614721,0.980020735427945,0.972626452004859,0.9668779607390631,0.9626762503155502,0.9574066918181109,0.952531387691831,0.9483623721949941,0.94254219639311,0.9385467002376979,0.9328677002925609,0.927119174661081,0.9186177166379571,0.912083424219387,0.907473169302592,0.9013053717804609,0.897093658783398,0.8916989350680059,0.88988665587068,0.8859691123213659,0.875025913132336,0.8722853210492891,0.866467512316848,0.850663583360279,0.8260840761638459,0.668432802127526,0.358076805981766,0.129378224239505
0.823721880433094,0.93167430059423,0.967522837195386,0.9885564498614721,1.0,0.991477301717037,0.984693890971528,0.9785808548566629,0.973561070796109,0.9683109875976491,0.9633935798020509,0.959268356689975,0.9541442195681921,0.950649530740585,0.944291836494565,0.9381431489853091,0.9300392530352729,0.9231126674043101,0.9176034668330442,0.911468922094865,0.9071187246081971,0.902248429228698,0.9004722603073871,0.8975024289770559,0.8870036699939621,0.884654945608913,0.8778324639999691,0.861762804083203,0.8375779468588158,0.6809849088121569,0.36448632130193204,0.12272600353969
0.81796409825093,0.9269038492505219,0.960302142880805,0.980020735427945,0.991477301717037,1.0,0.993531346109552,0.9873819871898101,0.9827617668286359,0.977571875283093,0.973000253198886,0.9683570108611229,0.963878206969448,0.960542059945782,0.95486993926087,0.9489043763348081,0.9414908605271178,0.935000672662057,0.929412359807073,0.9239553066176189,0.919450998698961,0.914338929597075,0.9130253247526801,0.9099383268451859,0.899954320247246,0.8959784825419359,0.888590218421712,0.87355057230958,0.8516779315379379,0.6996544661581421,0.38455815244024,0.122632027256124
0.810862575912514,0.920992589604826,0.953703405536273,0.972626452004859,0.984693890971528,0.993531346109552,1.0,0.994731400146947,0.990384302464889,0.984489800462649,0.9801279854834549,0.9752036859948109,0.9702630833017499,0.9665715943672359,0.961181449197682,0.9553618690014779,0.948308127906137,0.9420924665910451,0.936774257683808,0.9311933661972751,0.9263047937695881,0.921438493337965,0.9203101948577971,0.916987631368019,0.9068488920750291,0.903231660392054,0.8961109441922459,0.8810234651462379,0.8602386180562879,0.716934726738361,0.40525767693041204,0.11333773236295801
0.802905365781706,0.913298744166736,0.9474568585774259,0.9668779607390631,0.9785808548566629,0.9873819871898101,0.994731400146947,1.0,0.995611217596917,0.989474823450529,0.984692925398735,0.9795677099555451,0.974271715686167,0.9702618059817361,0.96506988471814,0.9591361074208941,0.9519715105378699,0.9456394167648371,0.9404567547709399,0.935311548559179,0.930552984850707,0.9257629050337979,0.92448844218384,0.921360351877329,0.9121934749149159,0.909280488808773,0.902291664395599,0.8873211931693711,0.866216773201693,0.7257870510790401,0.411990794402614,0.11178398621666198
0.798839393251241,0.9086762995258041,0.9425412229284049,0.9626762503155502,0.973561070796109,0.9827617668286359,0.990384302464889,0.995611217596917,1.0,0.995377477442975,0.990386179420501,0.985191710786458,0.979758580498119,0.975356048044226,0.970531418234968,0.964884581417261,0.957880365724862,0.951871465603966,0.9463035941145781,0.941034716557496,0.9362381003183101,0.9313744089866259,0.92992138009433,0.9269766532693421,0.9179425664253001,0.9151750421153321,0.907745469532884,0.89257072584099,0.871059349337066,0.7320463988150521,0.420495895069876,0.10442844606762999
0.7954292391293141,0.902215371701052,0.9362378958809541,0.9574066918181109,0.9683109875976491,0.977571875283093,0.984489800462649,0.989474823450529,0.995377477442975,1.0,0.9957592759027142,0.991191829757342,0.9859928890885601,0.9814602786566179,0.976525219100234,0.9710818833056779,0.9640350816531159,0.9579367804067281,0.952433554327594,0.9469858181495759,0.941890486000244,0.9366623318778041,0.934781890425912,0.9317820103172428,0.922983853620577,0.9205382215013019,0.9137742571455791,0.8995474683932209,0.8778342896575609,0.7408237676314909,0.43204228367536796,0.099308843851704
0.792000522199973,0.8988932746072209,0.9321394003941951,0.952531387691831,0.9633935798020509,0.973000253198886,0.9801279854834549,0.984692925398735,0.990386179420501,0.9957592759027142,1.0,0.9961490573543191,0.9913051864518221,0.9868164159176449,0.981767871900115,0.9762815001144292,0.969494046605652,0.962970679879936,0.9570734077010951,0.9517467603444159,0.9466403491043991,0.9411707146782351,0.939091355758238,0.935755773180745,0.927448893560749,0.9247433758058059,0.9182249320752929,0.9046361226682329,0.884196952342152,0.7505820048064391,0.44371570501496294,0.0961378040849035
0.787457743891826,0.894528426291314,0.9291755400981351,0.9483623721949941,0.959268356689975,0.9683570108611229,0.9752036859948109,0.9795677099555451,0.985191710786458,0.991191829757342,0.9961490573543191,1.0,0.996250972692277,0.991805774993764,0.9868001899091751,0.9810152305525089,0.9742647624384351,0.967877437821553,0.961125949954251,0.9551129842010251,0.949665517527467,0.944321413342353,0.942264055704273,0.9387689890676741,0.930720237317435,0.9281583248065971,0.9213664802422971,0.90702686491587,0.887180736651572,0.7540470804407621,0.44860340920080394,0.0880544385476747
0.778057901196887,0.887533879095757,0.9225538519481251,0.94254219639311,0.9541442195681921,0.963878206969448,0.9702630833017499,0.974271715686167,0.979758580498119,0.9859928890885601,0.9913051864518221,0.996250972692277,1.0,0.9963371984534051,0.9918252184769509,0.9864709866995021,0.9799432160244829,0.9736681612350451,0.9664843428310691,0.9602127977914271,0.954509523127366,0.9493095609838991,0.9470867602212429,0.943125429438643,0.935201364003309,0.9322723408540692,0.925058910821488,0.910992950373805,0.8920668614561859,0.7576368362681422,0.452190563141353,0.08149724588794001
0.7736869121747629,0.883439191902105,0.9187899101779909,0.9385467002376979,0.950649530740585,0.960542059945782,0.9665715943672359,0.9702618059817361,0.975356048044226,0.9814602786566179,0.9868164159176449,0.991805774993764,0.9963371984534051,1.0,0.9965322393327192,0.991762302742246,0.9858064182894459,0.9797923004421,0.9723703834914571,0.9663525962393579,0.9606649058057579,0.95524360704598,0.952495348996896,0.9484411742339821,0.940784449219686,0.9376258824927591,0.930464208423139,0.9161331320924759,0.896091199598235,0.7661486063296841,0.46232983746760203,0.0748907490267628
0.76634980447692,0.876979379076721,0.912997714061369,0.9328677002925609,0.944291836494565,0.95486993926087,0.961181449197682,0.96506988471814,0.970531418234968,0.976525219100234,0.981767871900115,0.9868001899091751,0.9918252184769509,0.9965322393327192,1.0,0.9959123079828242,0.9906143610499241,0.9848327394223391,0.977677033897193,0.9710547750616659,0.9652762409517941,0.9600163740423392,0.95716848231241,0.953468985880769,0.9462316518047491,0.942269955258136,0.9353686391287741,0.921496506684503,0.901211504747037,0.775614814455851,0.47440599522843396,0.0668766930439469
0.759387421501134,0.8714287381051371,0.906915751623464,0.927119174661081,0.9381431489853091,0.9489043763348081,0.9553618690014779,0.9591361074208941,0.964884581417261,0.9710818833056779,0.9762815001144292,0.9810152305525089,0.9864709866995021,0.991762302742246,0.9959123079828242,1.0,0.996215788391048,0.990904083137339,0.984303106947563,0.977752690755678,0.9721007464893779,0.967195593258034,0.9640661221570691,0.9601284044441929,0.9529368247000191,0.9490290038901741,0.941794544220417,0.9284167992486809,0.908238135884414,0.78634511027282,0.48965889818736097,0.0617022351712606
0.7490364814229008,0.861098549397177,0.8984958211959879,0.9186177166379571,0.9300392530352729,0.9414908605271178,0.948308127906137,0.9519715105378699,0.957880365724862,0.9640350816531159,0.969494046605652,0.9742647624384351,0.9799432160244829,0.9858064182894459,0.9906143610499241,0.996215788391048,1.0,0.9963914577445792,0.9908731909628821,0.9848532595006201,0.979005346269943,0.9744639112053041,0.970951608335104,0.96700359179298,0.9599757634542849,0.9557539204966501,0.948890070162652,0.936115190470564,0.9162777013467741,0.800317488570438,0.504958940533771,0.0545143823772514
0.7400362035193491,0.85473518778964,0.8935538377748551,0.912083424219387,0.9231126674043101,0.935000672662057,0.9420924665910451,0.9456394167648371,0.951871465603966,0.9579367804067281,0.962970679879936,0.967877437821553,0.9736681612350451,0.9797923004421,0.9848327394223391,0.990904083137339,0.9963914577445792,1.0,0.9959501816319971,0.9906157279116609,0.985071338597773,0.9800237001375991,0.975779407346126,0.9718107710582858,0.964802569245737,0.9600889312525691,0.953255766182415,0.940661374425385,0.921361954825932,0.8080716503131651,0.513624000422105,0.0529780643515462
0.7368365453105541,0.85120278616418,0.889380686279573,0.907473169302592,0.9176034668330442,0.929412359807073,0.936774257683808,0.9404567547709399,0.9463035941145781,0.952433554327594,0.9570734077010951,0.961125949954251,0.9664843428310691,0.9723703834914571,0.977677033897193,0.984303106947563,0.9908731909628821,0.9959501816319971,1.0,0.996549892391617,0.991743889807228,0.986623468665047,0.9818660769413841,0.977325780251584,0.9701073531858309,0.9648930980939491,0.9585007219547901,0.945658072058953,0.9265315351546569,0.816262723837728,0.524343924451531,0.053717818062217
0.730389944498128,0.8458525955640569,0.884306435836135,0.9013053717804609,0.911468922094865,0.9239553066176189,0.9311933661972751,0.935311548559179,0.941034716557496,0.9469858181495759,0.9517467603444159,0.9551129842010251,0.9602127977914271,0.9663525962393579,0.9710547750616659,0.977752690755678,0.9848532595006201,0.9906157279116609,0.996549892391617,1.0,0.996575630148723,0.991854383841751,0.986739563329135,0.981834866278072,0.97484292604057,0.969335268440177,0.96225334639021,0.949573295206362,0.929939078334364,0.821675578587063,0.529003542239736,0.0527051090089987
0.722430433814723,0.839692458884409,0.8787848704908771,0.897093658783398,0.9071187246081971,0.919450998698961,0.9263047937695881,0.930552984850707,0.9362381003183101,0.941890486000244,0.9466403491043991,0.949665517527467,0.954509523127366,0.9606649058057579,0.9652762409517941,0.9721007464893779,0.979005346269943,0.985071338597773,0.991743889807228,0.996575630148723,1.0,0.9959980950995941,0.990898317019886,0.986276106230925,0.9798587549891171,0.974412577840562,0.967683016268048,0.955032031666438,0.9359062261388008,0.8279486945605992,0.536854405451771,0.0468670865572769
0.714903715945863,0.8333159818417301,0.8730448103392571,0.8916989350680059,0.902248429228698,0.914338929597075,0.921438493337965,0.9257629050337979,0.9313744089866259,0.9366623318778041,0.9411707146782351,0.944321413342353,0.9493095609838991,0.95524360704598,0.9600163740423392,0.967195593258034,0.9744639112053041,0.9800237001375991,0.986623468665047,0.991854383841751,0.9959980950995941,1.0,0.995929996300369,0.991384538085553,0.9854411459857629,0.9801748638023491,0.9738178208399999,0.9605788005310991,0.941281587175007,0.839168923084941,0.549388156325569,0.042590769616258
0.709315106986631,0.8304386763282371,0.8711581174174922,0.88988665587068,0.9004722603073871,0.9130253247526801,0.9203101948577971,0.92448844218384,0.92992138009433,0.934781890425912,0.939091355758238,0.942264055704273,0.9470867602212429,0.952495348996896,0.95716848231241,0.9640661221570691,0.970951608335104,0.975779407346126,0.9818660769413841,0.986739563329135,0.990898317019886,0.995929996300369,1.0,0.9958194074740351,0.990185025512937,0.984411566844749,0.977082198262748,0.9638911307399909,0.944428321502473,0.84110288801103,0.552235558863519,0.0453674877996498
0.7069427651465771,0.8246513792546558,0.8658329322499859,0.8859691123213659,0.8975024289770559,0.9099383268451859,0.916987631368019,0.921360351877329,0.9269766532693421,0.9317820103172428,0.935755773180745,0.9387689890676741,0.943125429438643,0.9484411742339821,0.953468985880769,0.9601284044441929,0.96700359179298,0.9718107710582858,0.977325780251584,0.981834866278072,0.986276106230925,0.991384538085553,0.9958194074740351,1.0,0.9953579969611479,0.989659225486737,0.9814970308309859,0.96942202500283,0.9509194475333209,0.847750461767459,0.5577043852723679,0.0423898323210716
0.691423736949487,0.8121890627773399,0.8548944685941049,0.875025913132336,0.8870036699939621,0.899954320247246,0.9068488920750291,0.9121934749149159,0.9179425664253001,0.922983853620577,0.927448893560749,0.930720237317435,0.935201364003309,0.940784449219686,0.9462316518047491,0.9529368247000191,0.9599757634542849,0.964802569245737,0.9701073531858309,0.97484292604057,0.9798587549891171,0.9854411459857629,0.990185025512937,0.9953579969611479,1.0,0.9951427677338021,0.9876763322291819,0.976321447275709,0.9589452970073441,0.860113276624658,0.5739113658245091,0.0364185161454135
0.6876326225173609,0.8086900926496691,0.851414724714655,0.8722853210492891,0.884654945608913,0.8959784825419359,0.903231660392054,0.909280488808773,0.9151750421153321,0.9205382215013019,0.9247433758058059,0.9281583248065971,0.9322723408540692,0.9376258824927591,0.942269955258136,0.9490290038901741,0.9557539204966501,0.9600889312525691,0.9648930980939491,0.969335268440177,0.974412577840562,0.9801748638023491,0.984411566844749,0.989659225486737,0.9951427677338021,1.0,0.9933593283003579,0.982378195989119,0.965517599374384,0.867320597677168,0.581221635561306,0.0241441464540354
0.68413063893076,0.801947809250432,0.8445097596263971,0.866467512316848,0.8778324639999691,0.888590218421712,0.8961109441922459,0.902291664395599,0.907745469532884,0.9137742571455791,0.9182249320752929,0.9213664802422971,0.925058910821488,0.930464208423139,0.9353686391287741,0.941794544220417,0.948890070162652,0.953255766182415,0.9585007219547901,0.96225334639021,0.967683016268048,0.9738178208399999,0.977082198262748,0.9814970308309859,0.9876763322291819,0.9933593283003579,1.0,0.990095152362126,0.9740090254258041,0.8762971832361841,0.5954440911144301,0.0159406010382247
0.670195523986881,0.7859389605764749,0.827974078423283,0.850663583360279,0.861762804083203,0.87355057230958,0.8810234651462379,0.8873211931693711,0.89257072584099,0.8995474683932209,0.9046361226682329,0.90702686491587,0.910992950373805,0.9161331320924759,0.921496506684503,0.9284167992486809,0.936115190470564,0.940661374425385,0.945658072058953,0.949573295206362,0.955032031666438,0.9605788005310991,0.9638911307399909,0.96942202500283,0.976321447275709,0.982378195989119,0.990095152362126,1.0,0.9852211018711691,0.8901910318607791,0.613217432671463,0.0011236283612498
0.6450624674691811,0.760947909987798,0.803414250168245,0.8260840761638459,0.8375779468588158,0.8516779315379379,0.8602386180562879,0.866216773201693,0.871059349337066,0.8778342896575609,0.884196952342152,0.887180736651572,0.8920668614561859,0.896091199598235,0.901211504747037,0.908238135884414,0.9162777013467741,0.921361954825932,0.9265315351546569,0.929939078334364,0.9359062261388008,0.941281587175007,0.944428321502473,0.9509194475333209,0.9589452970073441,0.965517599374384,0.9740090254258041,0.9852211018711691,1.0,0.9132054174071959,0.6417784551957181,0.0205665487707221
0.506586582293857,0.614955819608461,0.6513617418417299,0.668432802127526,0.6809849088121569,0.6996544661581421,0.716934726738361,0.7257870510790401,0.7320463988150521,0.7408237676314909,0.7505820048064391,0.7540470804407621,0.7576368362681422,0.7661486063296841,0.775614814455851,0.78634511027282,0.800317488570438,0.8080716503131651,0.816262723837728,0.821675578587063,0.8279486945605992,0.839168923084941,0.84110288801103,0.847750461767459,0.860113276624658,0.867320597677168,0.8762971832361841,0.8901910318607791,0.9132054174071959,1.0,0.8301506101908441,0.0874871013145304
0.24002168091937198,0.31884530802134003,0.34714591889582797,0.358076805981766,0.36448632130193204,0.38455815244024,0.40525767693041204,0.411990794402614,0.420495895069876,0.43204228367536796,0.44371570501496294,0.44860340920080394,0.452190563141353,0.46232983746760203,0.47440599522843396,0.48965889818736097,0.504958940533771,0.513624000422105,0.524343924451531,0.529003542239736,0.536854405451771,0.549388156325569,0.552235558863519,0.5577043852723679,0.5739113658245091,0.581221635561306,0.5954440911144301,0.613217432671463,0.6417784551957181,0.8301506101908441,1.0,0.26138885586282196
0.1334271240419,0.12557926647512702,0.13362178881699802,0.129378224239505,0.12272600353969,0.122632027256124,0.11333773236295801,0.11178398621666198,0.10442844606762999,0.099308843851704,0.0961378040849035,0.0880544385476747,0.08149724588794001,0.0748907490267628,0.0668766930439469,0.0617022351712606,0.0545143823772514,0.0529780643515462,0.053717818062217,0.0527051090089987,0.0468670865572769,0.042590769616258,0.0453674877996498,0.0423898323210716,0.0364185161454135,0.0241441464540354,0.0159406010382247,0.0011236283612498,0.0205665487707221,0.0874871013145304,0.26138885586282196,1.0
