1.0,0.9502857003980741,0.850472232604152,0.822803862662356,0.78597917909931,0.7556100882529829,0.72328485678507,0.698752665713301,0.677849241900781,0.664921715886298,0.651774675444468,0.639368367621171,0.6273667260698289,0.6162200766292479,0.6072436795077629,0.599603980683214,0.588841487385406,0.5745816068646971,0.5639377674332329,0.5481257638846679,0.530351817710852,0.510166394239064,0.49567654187077703,0.485139643430269,0.47842324093378,0.46791835788079,0.452249129493037,0.431395145928969,0.42444478181564704,0.411114561573417,0.37263853000553293,0.32885268415572
0.9502857003980741,1.0,0.970986008078088,0.9440588300947741,0.9077225714299741,0.8805289194579159,0.8508255022665401,0.830267839779266,0.810588373773369,0.7959192764961881,0.782005409442428,0.770209421829354,0.7579395726262951,0.7456847799647149,0.7356092950777291,0.7267283416838629,0.7141433782573241,0.697381340711834,0.6823107337299611,0.6592742049035409,0.636622497663306,0.612791294390675,0.59468178211252,0.580744984740515,0.575350929285742,0.566968762257839,0.550347041205293,0.526284943026069,0.516154151346805,0.497637650347346,0.444138928888932,0.386423536455826
0.850472232604152,0.970986008078088,1.0,0.9852336132894219,0.9579348383331591,0.9355581898028509,0.91031945508671,0.894830609552034,0.877789833229884,0.862898353157525,0.849477155940997,0.839153945814611,0.8274328554091992,0.814798313090888,0.8042721707108441,0.794792968613368,0.781449552729131,0.7636903421691659,0.745797039982337,0.7179127765577591,0.6927674345436511,0.6677602863795999,0.647840053057024,0.631842362461514,0.627910970862391,0.621796552934962,0.605115804372775,0.579422772946407,0.5675071375420799,0.546027416571848,0.483443525206109,0.417436972142074
0.822803862662356,0.9440588300947741,0.9852336132894219,1.0,0.9920853127677579,0.9724537939132701,0.9497095616259359,0.937074509352697,0.9218597136228259,0.9076524708611171,0.8950284196622621,0.885747386676745,0.8741829085434979,0.860803778833352,0.8496662389504459,0.839648123129712,0.8259394834703979,0.807893373481473,0.788805864751943,0.758524913953865,0.7328687211322041,0.7083519003784491,0.687953939183635,0.670961796921936,0.667564081516829,0.6621173840778211,0.644572683069227,0.617055659640724,0.6051086362955429,0.5830935475285339,0.517513024847664,0.44777637532533293
0.78597917909931,0.9077225714299741,0.9579348383331591,0.9920853127677579,1.0,0.98991768220676,0.9735066810722309,0.963147935174197,0.9498482598075519,0.93720539274135,0.925660228177949,0.916986147910351,0.9056308032467478,0.89206209619579,0.880770050131074,0.870593862513413,0.856907075057317,0.8389838204617279,0.819490583382307,0.787989984865941,0.7623555229118109,0.7384893881333441,0.7179216794794799,0.700307892608944,0.6977859954876799,0.6934193715230289,0.6747207323627069,0.644953732630888,0.632758339175903,0.610398250943947,0.541884841712641,0.4688449677534821
0.7556100882529829,0.8805289194579159,0.9355581898028509,0.9724537939132701,0.98991768220676,1.0,0.99559971128549,0.986209639198814,0.9745573531235792,0.9645484282108249,0.9542098809161299,0.9451777206951371,0.9338188948208891,0.920636812248895,0.9096614037074978,0.899701401060942,0.88632402137987,0.8687360655605791,0.8496553788489799,0.8181187131126579,0.792727423156855,0.769139541468019,0.748389799542186,0.7303423913410569,0.729163168971782,0.7264042822019741,0.7056373028704229,0.6722394814977171,0.659133891193522,0.6361829597945129,0.5631972053690739,0.48581276531443796
0.72328485678507,0.8508255022665401,0.91031945508671,0.9497095616259359,0.9735066810722309,0.99559971128549,1.0,0.9951310639970601,0.9868464978424429,0.9787441731353391,0.969587333762134,0.960958806374342,0.950079191441213,0.937464440170512,0.926757636580243,0.9167641506093359,0.903452358439992,0.8859847480755491,0.867129756224979,0.8356032987858699,0.810405688740903,0.7870419248354499,0.766060286111664,0.747538334541215,0.747180100759147,0.745520824474661,0.7233483631827741,0.6875188156654921,0.673675781695676,0.6502778586882622,0.5751107972981441,0.495575046494555
0.698752665713301,0.830267839779266,0.894830609552034,0.937074509352697,0.963147935174197,0.986209639198814,0.9951310639970601,1.0,0.997553174260601,0.990237495790884,0.982117838954454,0.974869577966485,0.9650079391928861,0.953036948649343,0.9423648479618021,0.9318134217075621,0.918000820326302,0.9000634849866881,0.8808658776721859,0.8489063261943559,0.82342914259431,0.7998402505513901,0.7782068584087379,0.7588351089346659,0.7585644713506301,0.7572793672628559,0.734254552159414,0.6970669333917471,0.6824874716555971,0.6584567626379471,0.5831342084985661,0.503261645498079
0.677849241900781,0.810588373773369,0.877789833229884,0.9218597136228259,0.9498482598075519,0.9745573531235792,0.9868464978424429,0.997553174260601,1.0,0.996334293850514,0.9905680436106651,0.984248647555601,0.975407603731544,0.9645569716746609,0.9544813489548699,0.944017625788771,0.9306721917536279,0.913497440038875,0.8948968499381651,0.863145161982799,0.8376513914883341,0.813854928402461,0.7921824234794921,0.7728637548119549,0.7727407521396451,0.7714391481594279,0.747975637153682,0.710079369640752,0.6943987202700029,0.66902165454945,0.594350031861114,0.514791725553817
0.664921715886298,0.7959192764961881,0.862898353157525,0.9076524708611171,0.93720539274135,0.9645484282108249,0.9787441731353391,0.990237495790884,0.996334293850514,1.0,0.998256607529107,0.9922449732604641,0.9843810188284648,0.975213090456144,0.966413590813661,0.9568273395346999,0.9451420189956758,0.930246726794977,0.9133741790032719,0.882514728262082,0.8572280229569129,0.833137782241038,0.812121880342222,0.7939394187706199,0.7940406154512499,0.7922090605298391,0.768738108641224,0.730805449081057,0.7134835486383431,0.6857234425772231,0.612400688923161,0.533632085670216
0.651774675444468,0.782005409442428,0.849477155940997,0.8950284196622621,0.925660228177949,0.9542098809161299,0.969587333762134,0.982117838954454,0.9905680436106651,0.998256607529107,1.0,0.9969478965298991,0.991341388370522,0.9836910651433259,0.976030287260481,0.96721309039522,0.9567175796644971,0.9433346633131321,0.9273690945438491,0.8966863565742991,0.8719994536379839,0.848675152150697,0.828154395466263,0.810281055003275,0.81015399578691,0.807646323130146,0.784312214953725,0.74664551024837,0.728025992096097,0.6983003509684351,0.626080497455534,0.5480073478292561
0.639368367621171,0.770209421829354,0.839153945814611,0.885747386676745,0.916986147910351,0.9451777206951371,0.960958806374342,0.974869577966485,0.984248647555601,0.9922449732604641,0.9969478965298991,1.0,0.9981823379927209,0.9918819758687879,0.985214516440947,0.9770425919550809,0.967201087991875,0.9544531656279449,0.9384335900316009,0.907039761318166,0.8833728882245899,0.862015053525805,0.8417730511613579,0.8232214155815741,0.822335405222482,0.818959460044016,0.7958851518398079,0.7587645479445531,0.7391738556901479,0.707854622603933,0.6363330642954,0.5587040490838051
0.6273667260698289,0.7579395726262951,0.8274328554091992,0.8741829085434979,0.9056308032467478,0.9338188948208891,0.950079191441213,0.9650079391928861,0.975407603731544,0.9843810188284648,0.991341388370522,0.9981823379927209,1.0,0.997163831028654,0.9924731224063971,0.9848652122082031,0.9755690076357579,0.963329028666254,0.947137357343809,0.9149679645263741,0.891601017855452,0.871143045918732,0.851351313998195,0.8329693804315941,0.831399736559433,0.82689176260423,0.803746128818326,0.7669022957093009,0.746581594771231,0.7141372453057251,0.643938478622674,0.567266580192344
0.6162200766292479,0.7456847799647149,0.814798313090888,0.860803778833352,0.89206209619579,0.920636812248895,0.937464440170512,0.953036948649343,0.9645569716746609,0.975213090456144,0.9836910651433259,0.9918819758687879,0.997163831028654,1.0,0.9983099336298291,0.991174212662908,0.9823016519306842,0.9704269628303092,0.953929539743497,0.9208990446628491,0.8970601772099109,0.8763663171255949,0.8571912051528059,0.839857523546498,0.837684438218538,0.8317680382116871,0.808189015880132,0.7713151404556,0.7505071799500149,0.7174127864929659,0.64914462648054,0.5739175933221451
0.6072436795077629,0.7356092950777291,0.8042721707108441,0.8496662389504459,0.880770050131074,0.9096614037074978,0.926757636580243,0.9423648479618021,0.9544813489548699,0.966413590813661,0.976030287260481,0.985214516440947,0.9924731224063971,0.9983099336298291,1.0,0.996596814519713,0.9900784830687791,0.9793398209402241,0.964316984060801,0.9327076076493029,0.9095295435753009,0.888956177722698,0.8706016619909671,0.854420672933795,0.8516796802748829,0.8442487471821349,0.8200796593822551,0.782933602016061,0.761696711564032,0.7278843884664771,0.6610365973101279,0.5865765984133411
0.599603980683214,0.7267283416838629,0.794792968613368,0.839648123129712,0.870593862513413,0.899701401060942,0.9167641506093359,0.9318134217075621,0.944017625788771,0.9568273395346999,0.96721309039522,0.9770425919550809,0.9848652122082031,0.991174212662908,0.996596814519713,1.0,0.997661225065095,0.988796732556316,0.9769430980323242,0.948942243369433,0.9275195465671731,0.9074268420885441,0.8901061020126049,0.8751942550220759,0.8719226552971301,0.862887446958864,0.8380097584179509,0.8004074496452959,0.7788221522808578,0.744268596379496,0.6784378193297249,0.604193158358302
0.588841487385406,0.7141433782573241,0.781449552729131,0.8259394834703979,0.856907075057317,0.88632402137987,0.903452358439992,0.918000820326302,0.9306721917536279,0.9451420189956758,0.9567175796644971,0.967201087991875,0.9755690076357579,0.9823016519306842,0.9900784830687791,0.997661225065095,1.0,0.9961693850306421,0.987583765373217,0.961130529974345,0.941039102735163,0.922027431294037,0.9063478784894309,0.893278508814619,0.889595794186818,0.8788773054881209,0.853973798675649,0.8168349055982429,0.794380324350801,0.7582450044236491,0.695135276491964,0.622663282227301
0.5745816068646971,0.697381340711834,0.7636903421691659,0.807893373481473,0.8389838204617279,0.8687360655605791,0.8859847480755491,0.9000634849866881,0.913497440038875,0.930246726794977,0.9433346633131321,0.9544531656279449,0.963329028666254,0.9704269628303092,0.9793398209402241,0.988796732556316,0.9961693850306421,1.0,0.994736419010055,0.968099879951977,0.948994273774295,0.9315917699886991,0.918074333042312,0.9073322569323591,0.9033518919994108,0.8909237187159929,0.8666175931391411,0.830780770359048,0.8070629724712559,0.768712474129183,0.709842839890583,0.640566260942125
0.5639377674332329,0.6823107337299611,0.745797039982337,0.788805864751943,0.819490583382307,0.8496553788489799,0.867129756224979,0.8808658776721859,0.8948968499381651,0.9133741790032719,0.9273690945438491,0.9384335900316009,0.947137357343809,0.953929539743497,0.964316984060801,0.9769430980323242,0.987583765373217,0.994736419010055,1.0,0.987985813472349,0.974437684447552,0.956756924549034,0.944008083584908,0.934558941724486,0.9300744158965408,0.915978950611023,0.8914899904386351,0.8558075506169829,0.8307083074647571,0.790068298119009,0.7317565777422941,0.662456491712804
0.5481257638846679,0.6592742049035409,0.7179127765577591,0.758524913953865,0.787989984865941,0.8181187131126579,0.8356032987858699,0.8489063261943559,0.863145161982799,0.882514728262082,0.8966863565742991,0.907039761318166,0.9149679645263741,0.9208990446628491,0.9327076076493029,0.948942243369433,0.961130529974345,0.968099879951977,0.987985813472349,1.0,0.9949708479371742,0.97596526666447,0.963118936780454,0.95425388557804,0.949233217656018,0.933870260044742,0.9090374865995521,0.8732288332170091,0.847177487195134,0.8050313982603722,0.745503685738485,0.6749590597808219
0.530351817710852,0.636622497663306,0.6927674345436511,0.7328687211322041,0.7623555229118109,0.792727423156855,0.810405688740903,0.82342914259431,0.8376513914883341,0.8572280229569129,0.8719994536379839,0.8833728882245899,0.891601017855452,0.8970601772099109,0.9095295435753009,0.9275195465671731,0.941039102735163,0.948994273774295,0.974437684447552,0.9949708479371742,1.0,0.991460137747682,0.9824724325956898,0.9735513464733531,0.967689918398628,0.950963481083331,0.926620286681403,0.8917794269654329,0.8661964426536409,0.823695728816883,0.764452268608744,0.693394787520928
0.510166394239064,0.612791294390675,0.6677602863795999,0.7083519003784491,0.7384893881333441,0.769139541468019,0.7870419248354499,0.7998402505513901,0.813854928402461,0.833137782241038,0.848675152150697,0.862015053525805,0.871143045918732,0.8763663171255949,0.888956177722698,0.9074268420885441,0.922027431294037,0.9315917699886991,0.956756924549034,0.97596526666447,0.991460137747682,1.0,0.9970972918657769,0.9877730392044541,0.9809525234150172,0.962939143322705,0.939660016747922,0.906536440358841,0.882355804460606,0.8403807270251279,0.78254677547129,0.7117255503670029
0.49567654187077703,0.59468178211252,0.647840053057024,0.687953939183635,0.7179216794794799,0.748389799542186,0.766060286111664,0.7782068584087379,0.7921824234794921,0.812121880342222,0.828154395466263,0.8417730511613579,0.851351313998195,0.8571912051528059,0.8706016619909671,0.8901061020126049,0.9063478784894309,0.918074333042312,0.944008083584908,0.963118936780454,0.9824724325956898,0.9970972918657769,1.0,0.995954166059266,0.989655395717789,0.969692697620504,0.9474813072172672,0.9164087385840121,0.893222553068593,0.8513620234979251,0.7985431683334521,0.7309975136472149
0.485139643430269,0.580744984740515,0.631842362461514,0.670961796921936,0.700307892608944,0.7303423913410569,0.747538334541215,0.7588351089346659,0.7728637548119549,0.7939394187706199,0.810281055003275,0.8232214155815741,0.8329693804315941,0.839857523546498,0.854420672933795,0.8751942550220759,0.893278508814619,0.9073322569323591,0.934558941724486,0.95425388557804,0.9735513464733531,0.9877730392044541,0.995954166059266,1.0,0.995012210887537,0.9728629242725171,0.95165889981451,0.922699409397107,0.9002240869809641,0.858253955203896,0.812142306828035,0.749365538434934
0.47842324093378,0.575350929285742,0.627910970862391,0.667564081516829,0.6977859954876799,0.729163168971782,0.747180100759147,0.7585644713506301,0.7727407521396451,0.7940406154512499,0.81015399578691,0.822335405222482,0.831399736559433,0.837684438218538,0.8516796802748829,0.8719226552971301,0.889595794186818,0.9033518919994108,0.9300744158965408,0.949233217656018,0.967689918398628,0.9809525234150172,0.989655395717789,0.995012210887537,1.0,0.9906939668287241,0.975490440046126,0.948650470380477,0.9263696999890749,0.8831487352347142,0.834179105644871,0.768445440961836
0.46791835788079,0.566968762257839,0.621796552934962,0.6621173840778211,0.6934193715230289,0.7264042822019741,0.745520824474661,0.7572793672628559,0.7714391481594279,0.7922090605298391,0.807646323130146,0.818959460044016,0.82689176260423,0.8317680382116871,0.8442487471821349,0.862887446958864,0.8788773054881209,0.8909237187159929,0.915978950611023,0.933870260044742,0.950963481083331,0.962939143322705,0.969692697620504,0.9728629242725171,0.9906939668287241,1.0,0.992662378683206,0.968045028310246,0.9459870391568829,0.901704298241083,0.8462884594038721,0.775133370013994
0.452249129493037,0.550347041205293,0.605115804372775,0.644572683069227,0.6747207323627069,0.7056373028704229,0.7233483631827741,0.734254552159414,0.747975637153682,0.768738108641224,0.784312214953725,0.7958851518398079,0.803746128818326,0.808189015880132,0.8200796593822551,0.8380097584179509,0.853973798675649,0.8666175931391411,0.8914899904386351,0.9090374865995521,0.926620286681403,0.939660016747922,0.9474813072172672,0.95165889981451,0.975490440046126,0.992662378683206,1.0,0.9906975435088371,0.9719203143260291,0.925479178861603,0.8710451858454609,0.800054568200496
0.431395145928969,0.526284943026069,0.579422772946407,0.617055659640724,0.644953732630888,0.6722394814977171,0.6875188156654921,0.6970669333917471,0.710079369640752,0.730805449081057,0.74664551024837,0.7587645479445531,0.7669022957093009,0.7713151404556,0.782933602016061,0.8004074496452959,0.8168349055982429,0.830780770359048,0.8558075506169829,0.8732288332170091,0.8917794269654329,0.906536440358841,0.9164087385840121,0.922699409397107,0.948650470380477,0.968045028310246,0.9906975435088371,1.0,0.985506314060483,0.9373021509994699,0.887356754481946,0.8195970385164809
0.42444478181564704,0.516154151346805,0.5675071375420799,0.6051086362955429,0.632758339175903,0.659133891193522,0.673675781695676,0.6824874716555971,0.6943987202700029,0.7134835486383431,0.728025992096097,0.7391738556901479,0.746581594771231,0.7505071799500149,0.761696711564032,0.7788221522808578,0.794380324350801,0.8070629724712559,0.8307083074647571,0.847177487195134,0.8661964426536409,0.882355804460606,0.893222553068593,0.9002240869809641,0.9263696999890749,0.9459870391568829,0.9719203143260291,0.985506314060483,1.0,0.9823624481465401,0.9399581145615229,0.8696336108943691
0.411114561573417,0.497637650347346,0.546027416571848,0.5830935475285339,0.610398250943947,0.6361829597945129,0.6502778586882622,0.6584567626379471,0.66902165454945,0.6857234425772231,0.6983003509684351,0.707854622603933,0.7141372453057251,0.7174127864929659,0.7278843884664771,0.744268596379496,0.7582450044236491,0.768712474129183,0.790068298119009,0.8050313982603722,0.823695728816883,0.8403807270251279,0.8513620234979251,0.858253955203896,0.8831487352347142,0.901704298241083,0.925479178861603,0.9373021509994699,0.9823624481465401,1.0,0.9657867288087622,0.893590038496039
0.37263853000553293,0.444138928888932,0.483443525206109,0.517513024847664,0.541884841712641,0.5631972053690739,0.5751107972981441,0.5831342084985661,0.594350031861114,0.612400688923161,0.626080497455534,0.6363330642954,0.643938478622674,0.64914462648054,0.6610365973101279,0.6784378193297249,0.695135276491964,0.709842839890583,0.7317565777422941,0.745503685738485,0.764452268608744,0.78254677547129,0.7985431683334521,0.812142306828035,0.834179105644871,0.8462884594038721,0.8710451858454609,0.887356754481946,0.9399581145615229,0.9657867288087622,1.0,0.9790138760701741
0.32885268415572,0.386423536455826,0.417436972142074,0.44777637532533293,0.4688449677534821,0.48581276531443796,0.495575046494555,0.503261645498079,0.514791725553817,0.533632085670216,0.5480073478292561,0.5587040490838051,0.567266580192344,0.5739175933221451,0.5865765984133411,0.604193158358302,0.622663282227301,0.640566260942125,0.662456491712804,0.6749590597808219,0.693394787520928,0.7117255503670029,0.7309975136472149,0.749365538434934,0.768445440961836,0.775133370013994,0.800054568200496,0.8195970385164809,0.8696336108943691,0.893590038496039,0.9790138760701741,1.0
