1.0,0.7118135950268571,0.547638140742651,0.43734330336432203,0.36800103457221395,0.29553716259449103,0.228458428962612,0.18212874289857298,0.17007019603037,0.149477352454599,0.133424902068706,0.12193368466760698,0.0977495473783558,0.0944146049303096,0.0786982420378416,0.0519671663343918,0.044977489577735986,0.0329539279501062,0.0319670319449252,0.0319766300286539,0.028362958042928,0.0238860742260241,0.0169474530979321,0.000942225637754035,0.0195889975068494,0.0165690856865303,0.00269271717392621,0.0395484497646598,0.152002341420294,0.265387187520165,0.284788307708981,0.304594515652606
0.7118135950268571,1.0,0.822033991385805,0.670833853521655,0.5670293695644381,0.49246806160496204,0.423894337508169,0.38377932001373405,0.370680367973641,0.35256773794638,0.32954563123137,0.300273554873067,0.274760624547579,0.27254860023644,0.265442372884305,0.247579262498885,0.23946278053214104,0.22980403836726698,0.23052239748989603,0.218282671120271,0.214305305739958,0.20605731627121698,0.19053878394119603,0.16268483372197698,0.14215764713948997,0.147252473428076,0.12928037386760802,0.0494786663777209,0.0113683927780343,0.0709074485013705,0.10623132967968597,0.175758359616599
0.547638140742651,0.822033991385805,1.0,0.87088119615878,0.750816919040039,0.685051939234356,0.6208753652902321,0.568450955717865,0.534109322233108,0.518106406606943,0.49341300632658897,0.46964210804982903,0.44732660553869,0.436288121546022,0.420378029442679,0.405408792588859,0.38783882743241294,0.382785021669086,0.38107917946604997,0.37120571917215506,0.36028813456342695,0.33981404215303995,0.321029797329203,0.287258957811899,0.26546053079167103,0.258607672098475,0.206549376857543,0.0717714235514401,0.0417689641511337,0.0371747197971835,0.0679132642950637,0.16245159639645598
0.43734330336432203,0.670833853521655,0.87088119615878,1.0,0.9175295098705161,0.8508073532966469,0.7924005327161691,0.74432198454659,0.708724770661997,0.689351874299736,0.659442168632759,0.645126278620085,0.621383058625916,0.6042310193606789,0.587792044936499,0.567976854506926,0.546703004298647,0.537312633242904,0.5302619876026831,0.520199588425522,0.5062559953632729,0.48208986902459994,0.46174995730157503,0.43146253456741707,0.409738044293368,0.400576750527618,0.298879637912318,0.0899293257565892,0.048445770244568996,0.0315573981259752,0.065791417820765,0.122618198033753
0.36800103457221395,0.5670293695644381,0.750816919040039,0.9175295098705161,1.0,0.9547108961806791,0.897707809144163,0.8502864232925931,0.814955106318009,0.7940109090303029,0.7632719025428499,0.74882166502026,0.725623076122147,0.7045494222774191,0.687614699096082,0.6616578042156529,0.637445461077778,0.6267294758443399,0.6174601560876589,0.6113436787268621,0.606971913286086,0.589589547866456,0.568673117911538,0.538648512549485,0.514485278009943,0.502919560531122,0.36385769758766495,0.103921452630571,0.0667133420414735,0.0171007069427169,0.0103747917656917,0.0698830884057746
0.29553716259449103,0.49246806160496204,0.685051939234356,0.8508073532966469,0.9547108961806791,1.0,0.956769017091874,0.9077111806382709,0.874264331204967,0.8519890474256779,0.8216800157176791,0.806027227475364,0.7818932931898859,0.7592781954361459,0.7392680275089399,0.7144770096859691,0.691664589485969,0.679693684602769,0.66836556580201,0.658780959311156,0.65200403096522,0.6351285184608001,0.615858402523156,0.585274708546609,0.5614117475938121,0.545880185096934,0.387500458751747,0.10728465720116499,0.0761166977089499,0.0253146694577191,0.00257800730326861,0.0582889098857832
0.228458428962612,0.423894337508169,0.6208753652902321,0.7924005327161691,0.897707809144163,0.956769017091874,1.0,0.9655131389696311,0.931637558047284,0.910146075643609,0.877340151840297,0.8544031744659941,0.830086584539882,0.8036676774027289,0.783315610406019,0.7591062792963791,0.7365598004991379,0.7257845741243141,0.7118550041540981,0.7024373947021639,0.6970504790728811,0.6796766380996611,0.6621138147375699,0.636282840831491,0.611370243796735,0.5928636977349909,0.409991999777626,0.10140917664647699,0.0697035074470953,0.0438254582557323,0.0213229753622156,0.0342395053351213
0.18212874289857298,0.38377932001373405,0.568450955717865,0.74432198454659,0.8502864232925931,0.9077111806382709,0.9655131389696311,1.0,0.975009888514777,0.948457115482729,0.9152940326720551,0.888356472179803,0.8609614589176279,0.8374907298207529,0.813253192963307,0.7891819183072579,0.7668675582321751,0.7574875521223821,0.7442036317931201,0.7353974564004581,0.7304533591830258,0.7152196422149009,0.696937136700766,0.6720373804763199,0.643623020562474,0.6279659149080021,0.42760897261972397,0.10499074032700999,0.0800386357207941,0.0623054431317779,0.0368269328866512,0.00824661537804678
0.17007019603037,0.370680367973641,0.534109322233108,0.708724770661997,0.814955106318009,0.874264331204967,0.931637558047284,0.975009888514777,1.0,0.976468419080767,0.9421314804130592,0.914723564224903,0.886083767990625,0.8647749043924409,0.8410097932858441,0.814433726276725,0.7904272983595559,0.7802741572209491,0.765910676663947,0.755923754374427,0.7487660443255071,0.732044509526013,0.7130075366596059,0.6879506145601091,0.661676410450813,0.645824010094354,0.44000502310521106,0.127181441964123,0.09041376465697899,0.0767437036129112,0.0513897268720693,0.00143716269321473
0.149477352454599,0.35256773794638,0.518106406606943,0.689351874299736,0.7940109090303029,0.8519890474256779,0.910146075643609,0.948457115482729,0.976468419080767,1.0,0.9759088321064259,0.953363953101487,0.923345396200414,0.8986023144548699,0.870825091787207,0.8419335094750451,0.817048568965201,0.804320363566512,0.7901166368900558,0.780516463682304,0.7739691397535001,0.755958501353043,0.7392548122120329,0.713285376596066,0.688566442611548,0.673161705653236,0.45644742799503707,0.147796996720413,0.11824775334132401,0.0997408558655214,0.0798267239138973,0.0295395022486563
0.133424902068706,0.32954563123137,0.49341300632658897,0.659442168632759,0.7632719025428499,0.8216800157176791,0.877340151840297,0.9152940326720551,0.9421314804130592,0.9759088321064259,1.0,0.9756321763577591,0.940430785643189,0.9113770322134691,0.8779648639649621,0.8493657607255429,0.8257975360177929,0.814358522992086,0.798745177598639,0.7888866922710059,0.7831916765513341,0.768250739928725,0.7494866908062091,0.7220408141780971,0.6974799566868959,0.6811444644105029,0.459104540336577,0.145746767966435,0.123496349939724,0.120411952839784,0.10245743442951899,0.043082148101089
0.12193368466760698,0.300273554873067,0.46964210804982903,0.645126278620085,0.74882166502026,0.806027227475364,0.8544031744659941,0.888356472179803,0.914723564224903,0.953363953101487,0.9756321763577591,1.0,0.9759608805144541,0.9447339432207901,0.9076379255604209,0.877300574382802,0.853877992934497,0.8404387585783559,0.8251230478603899,0.8182378512218721,0.8101005197586549,0.7918095821640201,0.7746010502960691,0.74493037354436,0.7205651950574,0.6991691739893431,0.468773655973012,0.143786621699104,0.131511677120696,0.119810291462175,0.10110652858319,0.0478314881895536
0.0977495473783558,0.274760624547579,0.44732660553869,0.621383058625916,0.725623076122147,0.7818932931898859,0.830086584539882,0.8609614589176279,0.886083767990625,0.923345396200414,0.940430785643189,0.9759608805144541,1.0,0.9720878131200041,0.9311846674784658,0.898549721437242,0.8722943035767329,0.856373699843702,0.8403727049928759,0.8307818694536759,0.818731304073822,0.8001595077614551,0.7833987728877959,0.753616586679105,0.7284823518318531,0.70220844391762,0.47167804107505107,0.14899599841496,0.147714953120907,0.12385092681714999,0.10653825660797199,0.0602898919550115
0.0944146049303096,0.27254860023644,0.436288121546022,0.6042310193606789,0.7045494222774191,0.7592781954361459,0.8036676774027289,0.8374907298207529,0.8647749043924409,0.8986023144548699,0.9113770322134691,0.9447339432207901,0.9720878131200041,1.0,0.972944919891495,0.9366794496432149,0.906315098848442,0.887053432129702,0.870389617745446,0.854463390248427,0.840769068453959,0.8222028508986491,0.809024501801095,0.7823649356751801,0.7561802408797871,0.7240706237592819,0.48820916279958204,0.16389969119268302,0.157653691533194,0.127426710065187,0.114761222431226,0.0697483962823629
0.0786982420378416,0.265442372884305,0.420378029442679,0.587792044936499,0.687614699096082,0.7392680275089399,0.783315610406019,0.813253192963307,0.8410097932858441,0.870825091787207,0.8779648639649621,0.9076379255604209,0.9311846674784658,0.972944919891495,1.0,0.9766950093538102,0.946060927255183,0.923349974323872,0.9063100927443241,0.887698644993463,0.870721371327953,0.851324207328808,0.83905657239569,0.812061590928316,0.7877010231076049,0.7524553375498241,0.50480501504895,0.179897166581401,0.17808301851025302,0.15685907050334802,0.14475915827834,0.10327132274593599
0.0519671663343918,0.247579262498885,0.405408792588859,0.567976854506926,0.6616578042156529,0.7144770096859691,0.7591062792963791,0.7891819183072579,0.814433726276725,0.8419335094750451,0.8493657607255429,0.877300574382802,0.898549721437242,0.9366794496432149,0.9766950093538102,1.0,0.979931335561302,0.9569393066330629,0.9373434544743622,0.91574959761048,0.8962377626979259,0.8767823274937159,0.864242055710052,0.8395451368452941,0.813082453132087,0.7745618519142909,0.5152942412343571,0.19894028942412897,0.21294598599172399,0.192475202315402,0.185341801785095,0.132755324539684
0.044977489577735986,0.23946278053214104,0.38783882743241294,0.546703004298647,0.637445461077778,0.691664589485969,0.7365598004991379,0.7668675582321751,0.7904272983595559,0.817048568965201,0.8257975360177929,0.853877992934497,0.8722943035767329,0.906315098848442,0.946060927255183,0.979931335561302,1.0,0.9835272241575991,0.9606182869968951,0.935966679609472,0.915887127462378,0.8956496602558771,0.881480035932877,0.8552025479403391,0.828501139035922,0.791845365965942,0.527340768891834,0.218075889540374,0.233600262711858,0.209148005816996,0.198473660431327,0.142674718842805
0.0329539279501062,0.22980403836726698,0.382785021669086,0.537312633242904,0.6267294758443399,0.679693684602769,0.7257845741243141,0.7574875521223821,0.7802741572209491,0.804320363566512,0.814358522992086,0.8404387585783559,0.856373699843702,0.887053432129702,0.923349974323872,0.9569393066330629,0.9835272241575991,1.0,0.981322908060922,0.9554493326444731,0.932186400385483,0.9105349399787099,0.8950382101264119,0.868998141086147,0.841717470578347,0.804413608974803,0.534633698970149,0.21371902268422702,0.228966024041964,0.20795244909405,0.1990750474264,0.142903605228621
0.0319670319449252,0.23052239748989603,0.38107917946604997,0.5302619876026831,0.6174601560876589,0.66836556580201,0.7118550041540981,0.7442036317931201,0.765910676663947,0.7901166368900558,0.798745177598639,0.8251230478603899,0.8403727049928759,0.870389617745446,0.9063100927443241,0.9373434544743622,0.9606182869968951,0.981322908060922,1.0,0.9795402398845179,0.9554108941276009,0.9302601807330309,0.91463820939263,0.8861058128063158,0.85834045874603,0.8203701424962329,0.5483791065735489,0.22176399406631797,0.2409213445686,0.21281749617946102,0.20718048877928197,0.157175147969703
0.0319766300286539,0.218282671120271,0.37120571917215506,0.520199588425522,0.6113436787268621,0.658780959311156,0.7024373947021639,0.7353974564004581,0.755923754374427,0.780516463682304,0.7888866922710059,0.8182378512218721,0.8307818694536759,0.854463390248427,0.887698644993463,0.91574959761048,0.935966679609472,0.9554493326444731,0.9795402398845179,1.0,0.979580251827442,0.9528976470070469,0.9346087009436619,0.903323450728581,0.875364730620241,0.8397371433020351,0.559308057408609,0.23097510409876998,0.24259996547454998,0.212041496451912,0.20702855893566602,0.158034412473324
0.028362958042928,0.214305305739958,0.36028813456342695,0.5062559953632729,0.606971913286086,0.65200403096522,0.6970504790728811,0.7304533591830258,0.7487660443255071,0.7739691397535001,0.7831916765513341,0.8101005197586549,0.818731304073822,0.840769068453959,0.870721371327953,0.8962377626979259,0.915887127462378,0.932186400385483,0.9554108941276009,0.979580251827442,1.0,0.981651201554683,0.9596668867597289,0.926440163292151,0.898170832020145,0.861270889349283,0.5860874402115059,0.250281419394047,0.259403515712755,0.224765707411751,0.225128288657336,0.17132602038238498
0.0238860742260241,0.20605731627121698,0.33981404215303995,0.48208986902459994,0.589589547866456,0.6351285184608001,0.6796766380996611,0.7152196422149009,0.732044509526013,0.755958501353043,0.768250739928725,0.7918095821640201,0.8001595077614551,0.8222028508986491,0.851324207328808,0.8767823274937159,0.8956496602558771,0.9105349399787099,0.9302601807330309,0.9528976470070469,0.981651201554683,1.0,0.976463561504718,0.9448620815110941,0.9147379964073951,0.8773568661919721,0.596752036463177,0.25532535799975703,0.25941412073732195,0.22588542678263102,0.233400986326679,0.178186435092118
0.0169474530979321,0.19053878394119603,0.321029797329203,0.46174995730157503,0.568673117911538,0.615858402523156,0.6621138147375699,0.696937136700766,0.7130075366596059,0.7392548122120329,0.7494866908062091,0.7746010502960691,0.7833987728877959,0.809024501801095,0.83905657239569,0.864242055710052,0.881480035932877,0.8950382101264119,0.91463820939263,0.9346087009436619,0.9596668867597289,0.976463561504718,1.0,0.9782193672090308,0.9511298667174741,0.913504844902548,0.639994791779657,0.276601491525824,0.28001356242023495,0.23594126829367199,0.24072004739055897,0.18025338444310995
0.000942225637754035,0.16268483372197698,0.287258957811899,0.43146253456741707,0.538648512549485,0.585274708546609,0.636282840831491,0.6720373804763199,0.6879506145601091,0.713285376596066,0.7220408141780971,0.74493037354436,0.753616586679105,0.7823649356751801,0.812061590928316,0.8395451368452941,0.8552025479403391,0.868998141086147,0.8861058128063158,0.903323450728581,0.926440163292151,0.9448620815110941,0.9782193672090308,1.0,0.975508931059795,0.9401156480085779,0.681884016178599,0.30355436219414006,0.301102473325539,0.260031361098772,0.265251226035089,0.21021297831217603
0.0195889975068494,0.14215764713948997,0.26546053079167103,0.409738044293368,0.514485278009943,0.5614117475938121,0.611370243796735,0.643623020562474,0.661676410450813,0.688566442611548,0.6974799566868959,0.7205651950574,0.7284823518318531,0.7561802408797871,0.7877010231076049,0.813082453132087,0.828501139035922,0.841717470578347,0.85834045874603,0.875364730620241,0.898170832020145,0.9147379964073951,0.9511298667174741,0.975508931059795,1.0,0.972349491607545,0.7309185017146669,0.341176009628333,0.34190647780984,0.290413417491576,0.296758796139409,0.241746245515933
0.0165690856865303,0.147252473428076,0.258607672098475,0.400576750527618,0.502919560531122,0.545880185096934,0.5928636977349909,0.6279659149080021,0.645824010094354,0.673161705653236,0.6811444644105029,0.6991691739893431,0.70220844391762,0.7240706237592819,0.7524553375498241,0.7745618519142909,0.791845365965942,0.804413608974803,0.8203701424962329,0.8397371433020351,0.861270889349283,0.8773568661919721,0.913504844902548,0.9401156480085779,0.972349491607545,1.0,0.780919429424155,0.39375806134229996,0.37241424812038704,0.309402811314831,0.31305500103508505,0.26604828228624305
0.00269271717392621,0.12928037386760802,0.206549376857543,0.298879637912318,0.36385769758766495,0.387500458751747,0.409991999777626,0.42760897261972397,0.44000502310521106,0.45644742799503707,0.459104540336577,0.468773655973012,0.47167804107505107,0.48820916279958204,0.50480501504895,0.5152942412343571,0.527340768891834,0.534633698970149,0.5483791065735489,0.559308057408609,0.5860874402115059,0.596752036463177,0.639994791779657,0.681884016178599,0.7309185017146669,0.780919429424155,1.0,0.6933241052601229,0.607885733224539,0.42223891063464597,0.38667394718246706,0.304903975357819
0.0395484497646598,0.0494786663777209,0.0717714235514401,0.0899293257565892,0.103921452630571,0.10728465720116499,0.10140917664647699,0.10499074032700999,0.127181441964123,0.147796996720413,0.145746767966435,0.143786621699104,0.14899599841496,0.16389969119268302,0.179897166581401,0.19894028942412897,0.218075889540374,0.21371902268422702,0.22176399406631797,0.23097510409876998,0.250281419394047,0.25532535799975703,0.276601491525824,0.30355436219414006,0.341176009628333,0.39375806134229996,0.6933241052601229,1.0,0.852018480273408,0.521077865879306,0.43225040896925504,0.278041033431284
0.152002341420294,0.0113683927780343,0.0417689641511337,0.048445770244568996,0.0667133420414735,0.0761166977089499,0.0697035074470953,0.0800386357207941,0.09041376465697899,0.11824775334132401,0.123496349939724,0.131511677120696,0.147714953120907,0.157653691533194,0.17808301851025302,0.21294598599172399,0.233600262711858,0.228966024041964,0.2409213445686,0.24259996547454998,0.259403515712755,0.25941412073732195,0.28001356242023495,0.301102473325539,0.34190647780984,0.37241424812038704,0.607885733224539,0.852018480273408,1.0,0.7328858501960219,0.611611183307032,0.384115522003613
0.265387187520165,0.0709074485013705,0.0371747197971835,0.0315573981259752,0.0171007069427169,0.0253146694577191,0.0438254582557323,0.0623054431317779,0.0767437036129112,0.0997408558655214,0.120411952839784,0.119810291462175,0.12385092681714999,0.127426710065187,0.15685907050334802,0.192475202315402,0.209148005816996,0.20795244909405,0.21281749617946102,0.212041496451912,0.224765707411751,0.22588542678263102,0.23594126829367199,0.260031361098772,0.290413417491576,0.309402811314831,0.42223891063464597,0.521077865879306,0.7328858501960219,1.0,0.8697347292546821,0.5715455983424019
0.284788307708981,0.10623132967968597,0.0679132642950637,0.065791417820765,0.0103747917656917,0.00257800730326861,0.0213229753622156,0.0368269328866512,0.0513897268720693,0.0798267239138973,0.10245743442951899,0.10110652858319,0.10653825660797199,0.114761222431226,0.14475915827834,0.185341801785095,0.198473660431327,0.1990750474264,0.20718048877928197,0.20702855893566602,0.225128288657336,0.233400986326679,0.24072004739055897,0.265251226035089,0.296758796139409,0.31305500103508505,0.38667394718246706,0.43225040896925504,0.611611183307032,0.8697347292546821,1.0,0.7216802234751191
0.304594515652606,0.175758359616599,0.16245159639645598,0.122618198033753,0.0698830884057746,0.0582889098857832,0.0342395053351213,0.00824661537804678,0.00143716269321473,0.0295395022486563,0.043082148101089,0.0478314881895536,0.0602898919550115,0.0697483962823629,0.10327132274593599,0.132755324539684,0.142674718842805,0.142903605228621,0.157175147969703,0.158034412473324,0.17132602038238498,0.178186435092118,0.18025338444310995,0.21021297831217603,0.241746245515933,0.26604828228624305,0.304903975357819,0.278041033431284,0.384115522003613,0.5715455983424019,0.7216802234751191,1.0
