1.0,0.840119587229011,0.7688984900578999,0.77148975013729,0.7501492814279291,0.71500075211963,0.6780752175223941,0.661641514221522,0.6188518873664169,0.5977546968545511,0.5703556084386079,0.552751871579643,0.534746279251057,0.489062648411827,0.444749211889856,0.403354224866861,0.34130627852692996,0.291010030493465,0.228302622889371,0.182663481218879,0.131694405625458,0.0697249907150636,0.0115188351437856,0.0668589619609663,0.109088785761605,0.137707703318172,0.132938921213766,0.146789338911417,0.159287539135772,0.109990589875129,0.125407813327393,0.161936566217457
0.840119587229011,1.0,0.963266921097043,0.949182138045317,0.8848395089694939,0.8567186293899649,0.826086189932897,0.800184122452683,0.7597450796685781,0.732632032724663,0.6873380814980591,0.662983689703306,0.639149563264255,0.5951978992391539,0.550082438754602,0.508387698153567,0.428955154468463,0.37215675124171704,0.30906913403582104,0.261584666479367,0.20283265337194603,0.133453842691814,0.0556391428591629,0.042237286248861,0.0841428846317229,0.125567397815295,0.127389171697803,0.14361086906992301,0.15758658041195497,0.11073576677583401,0.11831820119888302,0.14534685163869598
0.7688984900578999,0.963266921097043,1.0,0.9783449531838541,0.89960049564053,0.8760638181254939,0.850046178624938,0.8215898419321999,0.7841015791791421,0.7612879420928641,0.711253610921886,0.6869868185043461,0.666184445798811,0.629294555904003,0.588385278264032,0.548426176396869,0.4642778914136811,0.408281628590099,0.34985432219179996,0.30621726396736604,0.24945481048524898,0.182339736970912,0.10284936592795599,0.007435566953159109,0.043845553128692004,0.0928484701849075,0.0992058210713336,0.120111067227745,0.133273632614422,0.0890024684263209,0.0870170183101508,0.100548247854293
0.77148975013729,0.949182138045317,0.9783449531838541,1.0,0.949551603569883,0.923576376698556,0.8970252511499549,0.872400683694198,0.8387604554888859,0.815775503967508,0.7687553749795071,0.7434077367994991,0.7219495475771179,0.6830436900380179,0.641406386110605,0.602013104544513,0.526132860235339,0.47185243446250796,0.4108682255617271,0.365498594669916,0.307041220145732,0.24041640815835602,0.156837446916859,0.0624504398140827,0.009391356274010191,0.037807746021277004,0.0461982564350161,0.0666529694180149,0.0899304700602882,0.0532008465553092,0.0611710428788144,0.0843704561373335
0.7501492814279291,0.8848395089694939,0.89960049564053,0.949551603569883,1.0,0.979466672314716,0.947784142903609,0.924917505592962,0.891348855662521,0.865690553102227,0.831955337861342,0.8052225877620458,0.779037121309235,0.734251900568915,0.689401765841711,0.647417768796819,0.58629651758943,0.532347332164136,0.4665378499659821,0.41702436365186296,0.35665720332508505,0.289643209026063,0.20590329023166198,0.11735101843250201,0.0535107360114247,0.0105793957149866,0.00428457922933266,0.0165333078022479,0.0475591040309083,0.0158090036138407,0.0360715271477665,0.0735028439776542
0.71500075211963,0.8567186293899649,0.8760638181254939,0.923576376698556,0.979466672314716,1.0,0.9778665751755551,0.955757903848846,0.924708129944506,0.9024843365762049,0.872160542403455,0.8470152651055071,0.819667119082816,0.779415416937398,0.7385527921126249,0.698613238409494,0.6395655444019971,0.590372073357963,0.528137902630229,0.479808714974571,0.419275010422796,0.35159752614552103,0.269157312140922,0.177960469247013,0.112609741766441,0.06771208943304799,0.0663516603681683,0.0416473295422008,0.0123668464334253,0.0316733709102137,0.000846760180036119,0.0467005839388921
0.6780752175223941,0.826086189932897,0.850046178624938,0.8970252511499549,0.947784142903609,0.9778665751755551,1.0,0.9834001256200209,0.957328361561553,0.937709911556402,0.911122205189587,0.888032300935992,0.8625675589551459,0.831516279114773,0.7964313861290391,0.7619583046641469,0.7080542581396521,0.663930591281384,0.603863126897079,0.55548134136893,0.494243410476845,0.423737029414803,0.33890937348078304,0.24985495295655605,0.185433625700683,0.13776653959075,0.130416015770956,0.0987346517994909,0.0653069457117741,0.0700149225286389,0.0320182717810941,0.0304438146526947
0.661641514221522,0.800184122452683,0.8215898419321999,0.872400683694198,0.924917505592962,0.955757903848846,0.9834001256200209,1.0,0.986001102669492,0.9662760074438751,0.944757076926025,0.924816450078802,0.90418731728711,0.874586278119729,0.8418715603940571,0.8101360996235931,0.762141836573787,0.721817670976373,0.665927564229496,0.6164129253672049,0.556868452339162,0.489471230154649,0.407089641450646,0.316984314755415,0.248674746226276,0.196413698809984,0.181281840640455,0.142691710586233,0.106952325607423,0.10222751880929401,0.0660182814150448,0.000653378080251888
0.6188518873664169,0.7597450796685781,0.7841015791791421,0.8387604554888859,0.891348855662521,0.924708129944506,0.957328361561553,0.986001102669492,1.0,0.985997786092211,0.9702029593840441,0.952082244487625,0.9335385691003029,0.9082211842828042,0.879955242893295,0.8530384346375891,0.810563322241804,0.7738103172823709,0.7225863822618701,0.675043123570321,0.6182298632595351,0.5545913043453521,0.47401472317902105,0.38373041469293295,0.315282720855004,0.26193975815630605,0.23994886448378797,0.19604917442225897,0.15742585222050698,0.142302364809893,0.10266083382933801,0.027294185685287003
0.5977546968545511,0.732632032724663,0.7612879420928641,0.815775503967508,0.865690553102227,0.9024843365762049,0.937709911556402,0.9662760074438751,0.985997786092211,1.0,0.988457208637615,0.973636126319172,0.956457800685449,0.933082173759907,0.9086227691388449,0.8828785998830371,0.8432303434485029,0.8074671916334151,0.758211746172874,0.712097075479292,0.657181810777528,0.595363365327344,0.515933930869828,0.427797015120373,0.35821493818508604,0.30363844074280605,0.279515145846944,0.233199417526589,0.194879549268075,0.174135973287601,0.134468018036941,0.0604443365672402
0.5703556084386079,0.6873380814980591,0.711253610921886,0.7687553749795071,0.831955337861342,0.872160542403455,0.911122205189587,0.944757076926025,0.9702029593840441,0.988457208637615,1.0,0.9917743671347259,0.9763685353569391,0.9556570933710969,0.933417573343804,0.9100660883092859,0.876131593499563,0.8430987056846251,0.797988537620652,0.753631861493928,0.69992801745386,0.6406471824884971,0.5638720253541459,0.479707438013326,0.407726810268201,0.351824954685795,0.320828040320901,0.26758366283069196,0.224448169882055,0.195426336018732,0.155623711028997,0.076204779021356
0.552751871579643,0.662983689703306,0.6869868185043461,0.7434077367994991,0.8052225877620458,0.8470152651055071,0.888032300935992,0.924816450078802,0.952082244487625,0.973636126319172,0.9917743671347259,1.0,0.9905468864935151,0.9734042601113909,0.953334037280405,0.9316340988495541,0.90110933136438,0.8700099234487709,0.827396338190979,0.7851817959970309,0.733996052757453,0.6754150203863231,0.599910431005105,0.5191439134161929,0.44681159757598105,0.38811460878461895,0.354070857353807,0.295998834837286,0.25165296129125,0.21917686781555998,0.184663460430577,0.0957657960238294
0.534746279251057,0.639149563264255,0.666184445798811,0.7219495475771179,0.779037121309235,0.819667119082816,0.8625675589551459,0.90418731728711,0.9335385691003029,0.956457800685449,0.9763685353569391,0.9905468864935151,1.0,0.9864736298907809,0.9686588344017281,0.948356562765045,0.920592163065226,0.892150477223562,0.8516808548781879,0.811291389595297,0.7612248135509939,0.703088212038254,0.630426105359559,0.5507175143411229,0.476769189943285,0.41668865776336206,0.379659112241652,0.318479777819056,0.270206956707155,0.23346107562004503,0.20206784646824602,0.112283794778967
0.489062648411827,0.5951978992391539,0.629294555904003,0.6830436900380179,0.734251900568915,0.779415416937398,0.831516279114773,0.874586278119729,0.9082211842828042,0.933082173759907,0.9556570933710969,0.9734042601113909,0.9864736298907809,1.0,0.990620392269088,0.9739381727297901,0.9495817393161221,0.9252060368567809,0.888907158571125,0.851335996572098,0.806384362008588,0.749480498940866,0.677441760399697,0.6018362068369221,0.52569735808313,0.4627645270760611,0.41979401129592503,0.354399339959799,0.301397716638296,0.25845252309072697,0.22865509015089702,0.12756680906850398
0.444749211889856,0.550082438754602,0.588385278264032,0.641406386110605,0.689401765841711,0.7385527921126249,0.7964313861290391,0.8418715603940571,0.879955242893295,0.9086227691388449,0.933417573343804,0.953334037280405,0.9686588344017281,0.990620392269088,1.0,0.9909026706445541,0.971683608696929,0.9511399939475691,0.9182776993507321,0.883051342967203,0.842441681748162,0.7867466038848291,0.715920099635202,0.643153123073677,0.5681702605404871,0.505078455731298,0.461149921745459,0.394216313299188,0.33757456510213596,0.28365093875113695,0.261079308880189,0.158499881419478
0.403354224866861,0.508387698153567,0.548426176396869,0.602013104544513,0.647417768796819,0.698613238409494,0.7619583046641469,0.8101360996235931,0.8530384346375891,0.8828785998830371,0.9100660883092859,0.9316340988495541,0.948356562765045,0.9739381727297901,0.9909026706445541,1.0,0.98719045791684,0.969450076691786,0.939771492471534,0.9080329187957309,0.8712724920291899,0.818875291888673,0.7500747755312671,0.680797659206689,0.613763382330657,0.552808785481511,0.502411899227879,0.433523692400829,0.37371985580881795,0.312462269676375,0.29148915197903197,0.179451925337296
0.34130627852692996,0.428955154468463,0.4642778914136811,0.526132860235339,0.58629651758943,0.6395655444019971,0.7080542581396521,0.762141836573787,0.810563322241804,0.8432303434485029,0.876131593499563,0.90110933136438,0.920592163065226,0.9495817393161221,0.971683608696929,0.98719045791684,1.0,0.989772680214903,0.9656223251507551,0.9394813768335409,0.9071099645651859,0.8607851991323209,0.7982098577135072,0.7375129288935841,0.67050465168736,0.611924420864296,0.561352707228749,0.485604546130759,0.42695359515598796,0.3488862482713,0.330706954007901,0.21258716306449696
0.291010030493465,0.37215675124171704,0.408281628590099,0.47185243446250796,0.532347332164136,0.590372073357963,0.663930591281384,0.721817670976373,0.7738103172823709,0.8074671916334151,0.8430987056846251,0.8700099234487709,0.892150477223562,0.9252060368567809,0.9511399939475691,0.969450076691786,0.989772680214903,1.0,0.9865361416282808,0.962894784269761,0.9343609996921809,0.895661982173438,0.83734874154505,0.7793481941928371,0.7135759933575571,0.6553910005195911,0.6014294768556819,0.525220610212924,0.466813341853095,0.38241132262898997,0.36672984258411295,0.244256138955966
0.228302622889371,0.30906913403582104,0.34985432219179996,0.4108682255617271,0.4665378499659821,0.528137902630229,0.603863126897079,0.665927564229496,0.7225863822618701,0.758211746172874,0.797988537620652,0.827396338190979,0.8516808548781879,0.888907158571125,0.9182776993507321,0.939771492471534,0.9656223251507551,0.9865361416282808,1.0,0.985513171121905,0.9632518888775699,0.9343138369111171,0.882866007379601,0.829493770668256,0.764145614581533,0.7051580527315,0.648198674516178,0.567538775060651,0.5124580582479871,0.425216276819406,0.413222228454535,0.291352133299509
0.182663481218879,0.261584666479367,0.30621726396736604,0.365498594669916,0.41702436365186296,0.479808714974571,0.55548134136893,0.6164129253672049,0.675043123570321,0.712097075479292,0.753631861493928,0.7851817959970309,0.811291389595297,0.851335996572098,0.883051342967203,0.9080329187957309,0.9394813768335409,0.962894784269761,0.985513171121905,1.0,0.9841747126303271,0.95955948616886,0.916877759145068,0.8688578493790551,0.8089454401495699,0.752263180940772,0.6957721105255359,0.61356950364367,0.563773286137577,0.46834035407844604,0.46128641358635797,0.338476352638733
0.131694405625458,0.20283265337194603,0.24945481048524898,0.307041220145732,0.35665720332508505,0.419275010422796,0.494243410476845,0.556868452339162,0.6182298632595351,0.657181810777528,0.69992801745386,0.733996052757453,0.7612248135509939,0.806384362008588,0.842441681748162,0.8712724920291899,0.9071099645651859,0.9343609996921809,0.9632518888775699,0.9841747126303271,1.0,0.9851574349854609,0.949590314703274,0.9076626552853391,0.8515716618672641,0.799029389630353,0.7380690645050959,0.648260897927606,0.594729761659074,0.495227125614794,0.503941389051223,0.37146337451018996
0.0697249907150636,0.133453842691814,0.182339736970912,0.24041640815835602,0.289643209026063,0.35159752614552103,0.423737029414803,0.489471230154649,0.5545913043453521,0.595363365327344,0.6406471824884971,0.6754150203863231,0.703088212038254,0.749480498940866,0.7867466038848291,0.818875291888673,0.8607851991323209,0.895661982173438,0.9343138369111171,0.95955948616886,0.9851574349854609,1.0,0.9780373752107879,0.9439451001952679,0.894676414295818,0.842364506292659,0.7815703139394692,0.6970474984409281,0.6504053907110601,0.5444314761846251,0.551011352487782,0.41282138611365204
0.0115188351437856,0.0556391428591629,0.10284936592795599,0.156837446916859,0.20590329023166198,0.269157312140922,0.33890937348078304,0.407089641450646,0.47401472317902105,0.515933930869828,0.5638720253541459,0.599910431005105,0.630426105359559,0.677441760399697,0.715920099635202,0.7500747755312671,0.7982098577135072,0.83734874154505,0.882866007379601,0.916877759145068,0.949590314703274,0.9780373752107879,1.0,0.9738059387875301,0.917752312319445,0.868475993036394,0.8123294458214709,0.724553029640958,0.6874979815299099,0.5691320935204189,0.5758701809759921,0.445214840237649
0.0668589619609663,0.042237286248861,0.007435566953159109,0.0624504398140827,0.11735101843250201,0.177960469247013,0.24985495295655605,0.316984314755415,0.38373041469293295,0.427797015120373,0.479707438013326,0.5191439134161929,0.5507175143411229,0.6018362068369221,0.643153123073677,0.680797659206689,0.7375129288935841,0.7793481941928371,0.829493770668256,0.8688578493790551,0.9076626552853391,0.9439451001952679,0.9738059387875301,1.0,0.962200089432578,0.919806124847593,0.864513099601828,0.77008108732929,0.7219025567436959,0.593303387480416,0.6090367032704039,0.472871158038465
0.109088785761605,0.0841428846317229,0.043845553128692004,0.009391356274010191,0.0535107360114247,0.112609741766441,0.185433625700683,0.248674746226276,0.315282720855004,0.35821493818508604,0.407726810268201,0.44681159757598105,0.476769189943285,0.52569735808313,0.5681702605404871,0.613763382330657,0.67050465168736,0.7135759933575571,0.764145614581533,0.8089454401495699,0.8515716618672641,0.894676414295818,0.917752312319445,0.962200089432578,1.0,0.978752055420497,0.9311092581315601,0.854543074389427,0.7891201845740979,0.6672516815337789,0.670038644117251,0.49223921891959993
0.137707703318172,0.125567397815295,0.0928484701849075,0.037807746021277004,0.0105793957149866,0.06771208943304799,0.13776653959075,0.196413698809984,0.26193975815630605,0.30363844074280605,0.351824954685795,0.38811460878461895,0.41668865776336206,0.4627645270760611,0.505078455731298,0.552808785481511,0.611924420864296,0.6553910005195911,0.7051580527315,0.752263180940772,0.799029389630353,0.842364506292659,0.868475993036394,0.919806124847593,0.978752055420497,1.0,0.9609977356905159,0.88064103798838,0.8033643363012759,0.6881571190953891,0.6996915440129499,0.516204407255675
0.132938921213766,0.127389171697803,0.0992058210713336,0.0461982564350161,0.00428457922933266,0.0663516603681683,0.130416015770956,0.181281840640455,0.23994886448378797,0.279515145846944,0.320828040320901,0.354070857353807,0.379659112241652,0.41979401129592503,0.461149921745459,0.502411899227879,0.561352707228749,0.6014294768556819,0.648198674516178,0.6957721105255359,0.7380690645050959,0.7815703139394692,0.8123294458214709,0.864513099601828,0.9311092581315601,0.9609977356905159,1.0,0.9485443681287778,0.879186565755729,0.777076626049548,0.7625885716595859,0.559539461498427
0.146789338911417,0.14361086906992301,0.120111067227745,0.0666529694180149,0.0165333078022479,0.0416473295422008,0.0987346517994909,0.142691710586233,0.19604917442225897,0.233199417526589,0.26758366283069196,0.295998834837286,0.318479777819056,0.354399339959799,0.394216313299188,0.433523692400829,0.485604546130759,0.525220610212924,0.567538775060651,0.61356950364367,0.648260897927606,0.6970474984409281,0.724553029640958,0.77008108732929,0.854543074389427,0.88064103798838,0.9485443681287778,1.0,0.9455379182745128,0.87368024969835,0.7981408132025541,0.549430976869579
0.159287539135772,0.15758658041195497,0.133273632614422,0.0899304700602882,0.0475591040309083,0.0123668464334253,0.0653069457117741,0.106952325607423,0.15742585222050698,0.194879549268075,0.224448169882055,0.25165296129125,0.270206956707155,0.301397716638296,0.33757456510213596,0.37371985580881795,0.42695359515598796,0.466813341853095,0.5124580582479871,0.563773286137577,0.594729761659074,0.6504053907110601,0.6874979815299099,0.7219025567436959,0.7891201845740979,0.8033643363012759,0.879186565755729,0.9455379182745128,1.0,0.9232483554624659,0.8237715928330991,0.5939035998726949
0.109990589875129,0.11073576677583401,0.0890024684263209,0.0532008465553092,0.0158090036138407,0.0316733709102137,0.0700149225286389,0.10222751880929401,0.142302364809893,0.174135973287601,0.195426336018732,0.21917686781555998,0.23346107562004503,0.25845252309072697,0.28365093875113695,0.312462269676375,0.3488862482713,0.38241132262898997,0.425216276819406,0.46834035407844604,0.495227125614794,0.5444314761846251,0.5691320935204189,0.593303387480416,0.6672516815337789,0.6881571190953891,0.777076626049548,0.87368024969835,0.9232483554624659,1.0,0.877653638478169,0.587420271680822
0.125407813327393,0.11831820119888302,0.0870170183101508,0.0611710428788144,0.0360715271477665,0.000846760180036119,0.0320182717810941,0.0660182814150448,0.10266083382933801,0.134468018036941,0.155623711028997,0.184663460430577,0.20206784646824602,0.22865509015089702,0.261079308880189,0.29148915197903197,0.330706954007901,0.36672984258411295,0.413222228454535,0.46128641358635797,0.503941389051223,0.551011352487782,0.5758701809759921,0.6090367032704039,0.670038644117251,0.6996915440129499,0.7625885716595859,0.7981408132025541,0.8237715928330991,0.877653638478169,1.0,0.7652299679025779
0.161936566217457,0.14534685163869598,0.100548247854293,0.0843704561373335,0.0735028439776542,0.0467005839388921,0.0304438146526947,0.000653378080251888,0.027294185685287003,0.0604443365672402,0.076204779021356,0.0957657960238294,0.112283794778967,0.12756680906850398,0.158499881419478,0.179451925337296,0.21258716306449696,0.244256138955966,0.291352133299509,0.338476352638733,0.37146337451018996,0.41282138611365204,0.445214840237649,0.472871158038465,0.49223921891959993,0.516204407255675,0.559539461498427,0.549430976869579,0.5939035998726949,0.587420271680822,0.7652299679025779,1.0
