1.0,0.893791638723234,0.7755869566052229,0.6884124950264521,0.6386506054467951,0.577096484476469,0.519447448672878,0.467303314658219,0.401068758126441,0.34638343028645197,0.302876613736192,0.25012929250864,0.200412481131136,0.155838650652366,0.112321063679311,0.0596573582675953,0.0118000838701677,0.0294035718370193,0.0932218334026677,0.13837627705042999,0.15895750105601997,0.18976611649722602,0.2137405164123,0.224192901943685,0.13530398261121002,0.0768136373435292,0.0444683667770037,0.0327954760480562,0.0231922584306255,0.0285510395782738,0.0466812910838913,0.0670857809473231
0.893791638723234,1.0,0.962783024763193,0.86740164829597,0.815537745251328,0.7457635986420441,0.6769821480956851,0.624103548474514,0.553923260426186,0.49749134333461703,0.454661830329784,0.39770223074753797,0.342604361799919,0.29524079259508396,0.24665668083178,0.184502022350667,0.13168833147855802,0.09008741941782002,0.0278048920985235,0.0188216736054526,0.042915668991952996,0.0828817773431448,0.118056493011915,0.136126658483616,0.0946568160922988,0.0607155843708139,0.0206393082965032,0.006047352086439021,0.028414345616290002,0.00990186194777227,0.0255519605318911,0.0663044576774482
0.7755869566052229,0.962783024763193,1.0,0.959895734704802,0.9065585481694121,0.8326815034655508,0.7588360562927671,0.7131476466289499,0.647123952408972,0.5923138610999229,0.55293337709723,0.496313134302927,0.4402294114474671,0.391168793556055,0.33890076630816496,0.277977457435834,0.226533896281754,0.186751222389858,0.131358786374424,0.0866172744056057,0.0588179655769845,0.0174697191335967,0.0212669174724502,0.0461500890777114,0.0468682063177554,0.0367335699002431,0.006199482007041729,0.0226459216897816,0.0479632810522825,0.033438651880271,0.00268651213497082,0.0507181501889705
0.6884124950264521,0.86740164829597,0.959895734704802,1.0,0.955786445130859,0.885307010976943,0.8091514347930029,0.7728440946565001,0.7130424465771529,0.659866935999027,0.623823135396569,0.568219482571735,0.511535610559553,0.45974170633203104,0.40327802502664395,0.348060537442677,0.300076267096698,0.262010117038141,0.213221928992458,0.170137072513656,0.13795691338281302,0.0982438002857543,0.0594124252437099,0.0285444214817972,0.00485531510170921,0.0139737361074454,0.00017602535048500501,0.0241530957501894,0.0472555638459625,0.0453957251947232,0.0185378146051355,0.0272248567824437
0.6386506054467951,0.815537745251328,0.9065585481694121,0.955786445130859,1.0,0.977027028988391,0.900367508299926,0.8661759690072,0.8053925013835059,0.750166015423182,0.7139804854771759,0.654331636108839,0.589652937418516,0.531153051556348,0.46802400439329206,0.41292811552995795,0.36471822187365793,0.326427053618114,0.273267586852028,0.22480940217005105,0.187155432055834,0.14131627311501999,0.0963197623944007,0.061442353332761,0.00740967216551832,0.0116834035538838,0.00202616778749771,0.0304878396457035,0.0577882339226705,0.0557970819716056,0.0371698550099184,0.00390156880097399
0.577096484476469,0.7457635986420441,0.8326815034655508,0.885307010976943,0.977027028988391,1.0,0.9622726102657551,0.9299134951020859,0.868569511381232,0.8123035090675691,0.7762847388606291,0.714707275960871,0.647224103769197,0.5861517971314351,0.520051227088034,0.468334873627796,0.422045094834926,0.38460065641911,0.330848189108595,0.28042249748229103,0.24008114217346502,0.191482869645227,0.14298987159256502,0.10498516468028099,0.0298353776614515,0.00110552825955332,0.00472810554119563,0.0332428856137172,0.0617938124180939,0.0559897355044648,0.0427220818141178,0.0215587151395879
0.519447448672878,0.6769821480956851,0.7588360562927671,0.8091514347930029,0.900367508299926,0.9622726102657551,1.0,0.968450993972726,0.9061285542939972,0.849169517261879,0.813075523440958,0.7511203901865059,0.685670685484573,0.6258091759237321,0.560025625834475,0.513944639565265,0.4709121821632,0.43477788608748497,0.38370372185505097,0.334407196090958,0.29405970221726696,0.245883796618448,0.196426474551629,0.15604112917989002,0.0607353875617207,0.0169541518121172,0.0076980357560172095,0.0323565527406507,0.0593042106731222,0.0461575049195602,0.0343287974921982,0.0230304871743209
0.467303314658219,0.624103548474514,0.7131476466289499,0.7728440946565001,0.8661759690072,0.9299134951020859,0.968450993972726,1.0,0.97985432984779,0.917907541345249,0.881437309375459,0.8191525962023921,0.757291450999902,0.6988323995533801,0.632042714639456,0.5892776532016679,0.54665727982809,0.50882014837256,0.45873913607998207,0.409079823000677,0.367757230312765,0.320425691444196,0.269525261293543,0.22317900579717104,0.12196122459096602,0.06801865793483701,0.0419854027814561,0.0619197681005612,0.0845168987393043,0.0726517376944237,0.0592522877101251,0.0406522925130571
0.401068758126441,0.553923260426186,0.647123952408972,0.7130424465771529,0.8053925013835059,0.868569511381232,0.9061285542939972,0.97985432984779,1.0,0.9638301345059491,0.931488649420995,0.868645089426623,0.81167557898616,0.7567368049234781,0.691390799278145,0.651770434389067,0.610020769293321,0.57138574303968,0.5229844020783521,0.473698949453875,0.432052878511065,0.38561820434313,0.333729651889517,0.283275963179915,0.17554669793058,0.111854427417967,0.06678355140491299,0.0835808546959619,0.10453331638866,0.0970797715759619,0.0840156183677119,0.0589288866433434
0.34638343028645197,0.49749134333461703,0.5923138610999229,0.659866935999027,0.750166015423182,0.8123035090675691,0.849169517261879,0.917907541345249,0.9638301345059491,1.0,0.9772472652587441,0.910674474412419,0.856908926380862,0.8057701403597879,0.7428694618506869,0.703422032463313,0.6612475924361789,0.621933104737089,0.573769496556729,0.523824165312539,0.481205404100824,0.43335230684088,0.37917309990267606,0.326819263139556,0.208033429032982,0.135035830413948,0.0700983404593804,0.0882798707961475,0.113935886401565,0.114778583157542,0.104838304289285,0.0757126152071776
0.302876613736192,0.454661830329784,0.55293337709723,0.623823135396569,0.7139804854771759,0.7762847388606291,0.813075523440958,0.881437309375459,0.931488649420995,0.9772472652587441,1.0,0.9761795088868259,0.9253670333563241,0.875724804242424,0.811949549572712,0.772065615803279,0.728651215702401,0.687784524578097,0.643132642891302,0.594456051286381,0.5508611873365179,0.5051933589206931,0.451997313393229,0.398962662905926,0.25587755267992196,0.166283033660674,0.10358880471504901,0.11804975394572802,0.13713167455873299,0.144114765044806,0.133398280688439,0.0934749088351248
0.25012929250864,0.39770223074753797,0.496313134302927,0.568219482571735,0.654331636108839,0.714707275960871,0.7511203901865059,0.8191525962023921,0.868645089426623,0.910674474412419,0.9761795088868259,1.0,0.9684536142411091,0.9266030236167191,0.863621515689557,0.8249154871591321,0.7814546043281059,0.739751207148766,0.7013154515453389,0.655960950139969,0.6121295685070129,0.5709493301114389,0.521050556726967,0.468290663467355,0.30212525503392307,0.19656627338945395,0.137219327562327,0.14618687265388197,0.156633288796345,0.168957425101676,0.15791355518866299,0.10901880893097197
0.200412481131136,0.342604361799919,0.4402294114474671,0.511535610559553,0.589652937418516,0.647224103769197,0.685670685484573,0.757291450999902,0.81167557898616,0.856908926380862,0.9253670333563241,0.9684536142411091,1.0,0.981286352532549,0.9201564997076559,0.8839613552818221,0.840446946467842,0.796811109075672,0.765264003081256,0.722888452411114,0.676798950184777,0.639470257538712,0.591956288557675,0.536222585526019,0.349930169035165,0.22940802524011197,0.15432073976369598,0.158197632736325,0.16489818446222798,0.18124563466241003,0.173040317918149,0.12340336518033301
0.155838650652366,0.29524079259508396,0.391168793556055,0.45974170633203104,0.531153051556348,0.5861517971314351,0.6258091759237321,0.6988323995533801,0.7567368049234781,0.8057701403597879,0.875724804242424,0.9266030236167191,0.981286352532549,1.0,0.9762183291450459,0.9393931032660909,0.893627278364539,0.84674079550826,0.817518999144887,0.777509829989447,0.734685790778715,0.6972061346658189,0.647504190860641,0.589616452841408,0.39246947115510405,0.261696367894391,0.175351190287285,0.17840484159969897,0.18478104965177103,0.20298747807453302,0.19632460831117604,0.14483183292478902
0.112321063679311,0.24665668083178,0.33890076630816496,0.40327802502664395,0.46802400439329206,0.520051227088034,0.560025625834475,0.632042714639456,0.691390799278145,0.7428694618506869,0.811949549572712,0.863621515689557,0.9201564997076559,0.9762183291450459,1.0,0.967644584586058,0.92263963328613,0.8735093028443991,0.8447549604023759,0.8070577233414051,0.7699570308917559,0.731239356804182,0.678618631699204,0.62060051849332,0.421403806161947,0.285844989139588,0.19412931607044198,0.198086904396404,0.205072167836188,0.22348022912099105,0.21759371589811802,0.16468325340973
0.0596573582675953,0.184502022350667,0.277977457435834,0.348060537442677,0.41292811552995795,0.468334873627796,0.513944639565265,0.5892776532016679,0.651770434389067,0.703422032463313,0.772065615803279,0.8249154871591321,0.8839613552818221,0.9393931032660909,0.967644584586058,1.0,0.9856033979531009,0.937295852719174,0.9061171833114581,0.864992060459097,0.824482604558973,0.7831577379100609,0.728258501392722,0.671603748444683,0.46129265343821296,0.315682914134119,0.229280203181,0.23171427362947303,0.23377829123495703,0.251302103342892,0.24390572066239002,0.18548078491779801
0.0118000838701677,0.13168833147855802,0.226533896281754,0.300076267096698,0.36471822187365793,0.422045094834926,0.4709121821632,0.54665727982809,0.610020769293321,0.6612475924361789,0.728651215702401,0.7814546043281059,0.840446946467842,0.893627278364539,0.92263963328613,0.9856033979531009,1.0,0.9774711290250601,0.947846419561062,0.9057992150839581,0.864524696844967,0.8238228083722049,0.768886940172389,0.711569336344426,0.491073445510875,0.337213642756135,0.24886435469427698,0.251938207651229,0.253680018936029,0.275192435639935,0.27023823094301896,0.209283173705261
0.0294035718370193,0.09008741941782002,0.186751222389858,0.262010117038141,0.326427053618114,0.38460065641911,0.43477788608748497,0.50882014837256,0.57138574303968,0.621933104737089,0.687784524578097,0.739751207148766,0.796811109075672,0.84674079550826,0.8735093028443991,0.937295852719174,0.9774711290250601,1.0,0.9750297630707858,0.9340163526651261,0.8940422347677339,0.856444059633504,0.803104261202907,0.743226929585679,0.512927496334012,0.352105072353437,0.255491929088223,0.260985034016171,0.26625855581927105,0.29569198280000103,0.296316219066771,0.23519159321782498
0.0932218334026677,0.0278048920985235,0.131358786374424,0.213221928992458,0.273267586852028,0.330848189108595,0.38370372185505097,0.45873913607998207,0.5229844020783521,0.573769496556729,0.643132642891302,0.7013154515453389,0.765264003081256,0.817518999144887,0.8447549604023759,0.9061171833114581,0.947846419561062,0.9750297630707858,1.0,0.987579322022573,0.941248879284597,0.9039139966247779,0.851698116424942,0.793261442103557,0.545943194670774,0.372727986050663,0.257452383182314,0.26042523321312194,0.26619035931194296,0.29885593914867603,0.301261318341851,0.239837234587561
0.13837627705042999,0.0188216736054526,0.0866172744056057,0.170137072513656,0.22480940217005105,0.28042249748229103,0.334407196090958,0.409079823000677,0.473698949453875,0.523824165312539,0.594456051286381,0.655960950139969,0.722888452411114,0.777509829989447,0.8070577233414051,0.864992060459097,0.9057992150839581,0.9340163526651261,0.987579322022573,1.0,0.9715578664018092,0.9392271570045029,0.8876972123320269,0.8303999268824069,0.575651625253191,0.3949731205963521,0.271899225860497,0.274937561799018,0.28115274408686,0.312408915298299,0.31482170874512,0.25299518426476697
0.15895750105601997,0.042915668991952996,0.0588179655769845,0.13795691338281302,0.187155432055834,0.24008114217346502,0.29405970221726696,0.367757230312765,0.432052878511065,0.481205404100824,0.5508611873365179,0.6121295685070129,0.676798950184777,0.734685790778715,0.7699570308917559,0.824482604558973,0.864524696844967,0.8940422347677339,0.941248879284597,0.9715578664018092,1.0,0.9799263676234521,0.9272509021355281,0.8688053187337091,0.6154203760116761,0.430500106858315,0.31400146312444105,0.32178461907588,0.328955737738778,0.352904181740563,0.35312988991628796,0.289202107471615
0.18976611649722602,0.0828817773431448,0.0174697191335967,0.0982438002857543,0.14131627311501999,0.191482869645227,0.245883796618448,0.320425691444196,0.38561820434313,0.43335230684088,0.5051933589206931,0.5709493301114389,0.639470257538712,0.6972061346658189,0.731239356804182,0.7831577379100609,0.8238228083722049,0.856444059633504,0.9039139966247779,0.9392271570045029,0.9799263676234521,1.0,0.9817089455600401,0.9205543142478729,0.651984081939572,0.456327782107414,0.347790827657338,0.35296217765688703,0.35370011707714705,0.373530490507456,0.369681367968168,0.299690833035627
0.2137405164123,0.118056493011915,0.0212669174724502,0.0594124252437099,0.0963197623944007,0.14298987159256502,0.196426474551629,0.269525261293543,0.333729651889517,0.37917309990267606,0.451997313393229,0.521050556726967,0.591956288557675,0.647504190860641,0.678618631699204,0.728258501392722,0.768886940172389,0.803104261202907,0.851698116424942,0.8876972123320269,0.9272509021355281,0.9817089455600401,1.0,0.9561176620603292,0.6818450796761041,0.477803808946428,0.38355886722272997,0.38280133555684903,0.372385528447697,0.38563264299234296,0.376581400414967,0.30155273368980395
0.224192901943685,0.136126658483616,0.0461500890777114,0.0285444214817972,0.061442353332761,0.10498516468028099,0.15604112917989002,0.22317900579717104,0.283275963179915,0.326819263139556,0.398962662905926,0.468290663467355,0.536222585526019,0.589616452841408,0.62060051849332,0.671603748444683,0.711569336344426,0.743226929585679,0.793261442103557,0.8303999268824069,0.8688053187337091,0.9205543142478729,0.9561176620603292,1.0,0.7476338057693941,0.533040083228159,0.46916691929752496,0.45708774724817797,0.423655180087452,0.41848438759195394,0.400580927815715,0.321464385156789
0.13530398261121002,0.0946568160922988,0.0468682063177554,0.00485531510170921,0.00740967216551832,0.0298353776614515,0.0607353875617207,0.12196122459096602,0.17554669793058,0.208033429032982,0.25587755267992196,0.30212525503392307,0.349930169035165,0.39246947115510405,0.421403806161947,0.46129265343821296,0.491073445510875,0.512927496334012,0.545943194670774,0.575651625253191,0.6154203760116761,0.651984081939572,0.6818450796761041,0.7476338057693941,1.0,0.959755552296373,0.594814822918183,0.492261201891106,0.40812917188276293,0.379331396123486,0.33321828284523,0.229987481917651
0.0768136373435292,0.0607155843708139,0.0367335699002431,0.0139737361074454,0.0116834035538838,0.00110552825955332,0.0169541518121172,0.06801865793483701,0.111854427417967,0.135035830413948,0.166283033660674,0.19656627338945395,0.22940802524011197,0.261696367894391,0.285844989139588,0.315682914134119,0.337213642756135,0.352105072353437,0.372727986050663,0.3949731205963521,0.430500106858315,0.456327782107414,0.477803808946428,0.533040083228159,0.959755552296373,1.0,0.5717262575093891,0.44663824825117104,0.351541982193104,0.315847118142325,0.263351394220409,0.162853361181194
0.0444683667770037,0.0206393082965032,0.006199482007041729,0.00017602535048500501,0.00202616778749771,0.00472810554119563,0.0076980357560172095,0.0419854027814561,0.06678355140491299,0.0700983404593804,0.10358880471504901,0.137219327562327,0.15432073976369598,0.175351190287285,0.19412931607044198,0.229280203181,0.24886435469427698,0.255491929088223,0.257452383182314,0.271899225860497,0.31400146312444105,0.347790827657338,0.38355886722272997,0.46916691929752496,0.594814822918183,0.5717262575093891,1.0,0.9367292471188859,0.727315822839072,0.584036569847545,0.48101303331501594,0.350634565623723
0.0327954760480562,0.006047352086439021,0.0226459216897816,0.0241530957501894,0.0304878396457035,0.0332428856137172,0.0323565527406507,0.0619197681005612,0.0835808546959619,0.0882798707961475,0.11804975394572802,0.14618687265388197,0.158197632736325,0.17840484159969897,0.198086904396404,0.23171427362947303,0.251938207651229,0.260985034016171,0.26042523321312194,0.274937561799018,0.32178461907588,0.35296217765688703,0.38280133555684903,0.45708774724817797,0.492261201891106,0.44663824825117104,0.9367292471188859,1.0,0.916736132473453,0.7633021848864271,0.621149316644662,0.423760876184074
0.0231922584306255,0.028414345616290002,0.0479632810522825,0.0472555638459625,0.0577882339226705,0.0617938124180939,0.0593042106731222,0.0845168987393043,0.10453331638866,0.113935886401565,0.13713167455873299,0.156633288796345,0.16489818446222798,0.18478104965177103,0.205072167836188,0.23377829123495703,0.253680018936029,0.26625855581927105,0.26619035931194296,0.28115274408686,0.328955737738778,0.35370011707714705,0.372385528447697,0.423655180087452,0.40812917188276293,0.351541982193104,0.727315822839072,0.916736132473453,1.0,0.86451292735715,0.697200006759255,0.44367023970960207
0.0285510395782738,0.00990186194777227,0.033438651880271,0.0453957251947232,0.0557970819716056,0.0559897355044648,0.0461575049195602,0.0726517376944237,0.0970797715759619,0.114778583157542,0.144114765044806,0.168957425101676,0.18124563466241003,0.20298747807453302,0.22348022912099105,0.251302103342892,0.275192435639935,0.29569198280000103,0.29885593914867603,0.312408915298299,0.352904181740563,0.373530490507456,0.38563264299234296,0.41848438759195394,0.379331396123486,0.315847118142325,0.584036569847545,0.7633021848864271,0.86451292735715,1.0,0.9272846450066559,0.574230597939124
0.0466812910838913,0.0255519605318911,0.00268651213497082,0.0185378146051355,0.0371698550099184,0.0427220818141178,0.0343287974921982,0.0592522877101251,0.0840156183677119,0.104838304289285,0.133398280688439,0.15791355518866299,0.173040317918149,0.19632460831117604,0.21759371589811802,0.24390572066239002,0.27023823094301896,0.296316219066771,0.301261318341851,0.31482170874512,0.35312988991628796,0.369681367968168,0.376581400414967,0.400580927815715,0.33321828284523,0.263351394220409,0.48101303331501594,0.621149316644662,0.697200006759255,0.9272846450066559,1.0,0.80693208428799
0.0670857809473231,0.0663044576774482,0.0507181501889705,0.0272248567824437,0.00390156880097399,0.0215587151395879,0.0230304871743209,0.0406522925130571,0.0589288866433434,0.0757126152071776,0.0934749088351248,0.10901880893097197,0.12340336518033301,0.14483183292478902,0.16468325340973,0.18548078491779801,0.209283173705261,0.23519159321782498,0.239837234587561,0.25299518426476697,0.289202107471615,0.299690833035627,0.30155273368980395,0.321464385156789,0.229987481917651,0.162853361181194,0.350634565623723,0.423760876184074,0.44367023970960207,0.574230597939124,0.80693208428799,1.0
