1,0.865014490192638,0.823426516615959,0.797638701255242,0.785577029009715,0.774555848567872,0.763170685422843,0.754624662543917,0.745002692669614,0.739428570705665,0.733887182710003,0.727624015748468,0.717221618983302,0.703786444454161,0.696669231592962,0.687398813399215,0.679920874558126,0.675506778283647,0.67135961605563,0.662242502390975,0.658204185531766,0.650552202024239,0.646293689051325,0.63450885094906,0.622215846045677,0.612992026046549,0.599645313938642,0.57779439991781,0.554000085409602,0.501899028673701,0.340964397187712,-0.0574958622421026
0.865014490192638,1,0.969919159551676,0.948040014211998,0.937602174101016,0.926397903536336,0.918303422425539,0.91116597840119,0.902596102986928,0.89812273625672,0.89461391739504,0.889480879528348,0.883864690004841,0.874409480917979,0.86661368399539,0.857873175032971,0.850114717213539,0.84572010108846,0.839616963190271,0.831356253760392,0.82620779982654,0.819031879087307,0.812661253391516,0.804230969222587,0.793124222968938,0.784195194214129,0.767051913242357,0.749372394246592,0.723085538138106,0.667690752383532,0.493392456339734,0.0776175258787499
0.823426516615959,0.969919159551676,1,0.985021927979325,0.974055573347871,0.964852311177532,0.957332812415157,0.951626688247826,0.943599150646529,0.938420624406704,0.934061619759446,0.928826040051069,0.923403807296485,0.915513065360149,0.909977416072381,0.901510032525006,0.895275679559718,0.891674664104,0.885483810617826,0.877663133647243,0.873027934465338,0.866129864562217,0.860076506582679,0.852852051228732,0.841907612334586,0.833535044165952,0.815417546361605,0.797819134372749,0.770886291552007,0.715487512785029,0.53539727442519,0.115617056793452
0.797638701255242,0.948040014211998,0.985021927979325,1,0.990450211023875,0.982353935530468,0.97492880551363,0.968926795145766,0.960713931284922,0.954967977989075,0.950637106049053,0.945473712466349,0.940610123494139,0.933707898710124,0.928262271368991,0.919868074203311,0.913839657556696,0.910376589722136,0.904643835192211,0.897452027009425,0.893201630239075,0.886419074627428,0.880865191391898,0.874270439749274,0.864195642781977,0.855942672597433,0.83811602426029,0.820323486046225,0.794065107869766,0.741213968447751,0.560072626537482,0.142739559187878
0.785577029009715,0.937602174101016,0.974055573347871,0.990450211023875,1,0.993447273866464,0.986172566070702,0.980018906881569,0.971599683274041,0.965390843549152,0.959991026016549,0.95432793990757,0.948700379375278,0.94181840247893,0.935905304569084,0.928097034920608,0.922257716295337,0.918831971266755,0.914249091905214,0.907543389854942,0.903134469805227,0.896791060223131,0.891762046912132,0.885611847726105,0.87605562211641,0.867943722038217,0.850444902937433,0.833005687403843,0.808482056933762,0.756931128386627,0.574786350235972,0.158343023302613
0.774555848567872,0.926397903536336,0.964852311177532,0.982353935530468,0.993447273866464,1,0.99500700805133,0.989540210052226,0.981655700152441,0.975770167206171,0.970534828829831,0.964530354326661,0.958594276213364,0.951748448244827,0.945304500867317,0.937797054318029,0.932075880596101,0.928990611515185,0.924337036360856,0.917572987381916,0.913057192364178,0.90700192261295,0.902326357739641,0.896894392472394,0.887812028109579,0.879882871671784,0.863419038286142,0.846148908247474,0.821044716042409,0.76961136433171,0.586834188323643,0.175103546104048
0.763170685422843,0.918303422425539,0.957332812415157,0.97492880551363,0.986172566070702,0.99500700805133,1,0.994755706598617,0.987381648515345,0.981552391766725,0.976264182384062,0.969780929268915,0.96334947867281,0.956539410709246,0.949866237157506,0.942402864320399,0.936414843110641,0.933540534395793,0.928986556973333,0.92208771946864,0.917605640188292,0.911539230362665,0.906627960438073,0.902041894250592,0.893633468307081,0.885617001553358,0.869210677473663,0.852204199784903,0.826758824273393,0.775180125723324,0.590314866140808,0.1782671960588
0.754624662543917,0.91116597840119,0.951626688247826,0.968926795145766,0.980018906881569,0.989540210052226,0.994755706598617,1,0.995190658115904,0.990131654911937,0.985339980559878,0.979115063336875,0.973200610506403,0.966384803107942,0.960406348581592,0.953725168333147,0.948241506906194,0.945153374929406,0.94097519131347,0.934958106753546,0.931328517126598,0.926429800056181,0.921949597086917,0.917668916446608,0.90992956912867,0.902602724687324,0.88723989918847,0.87170066127314,0.846931428031757,0.798459202121502,0.613424654539942,0.196728635454607
0.745002692669614,0.902596102986928,0.943599150646529,0.960713931284922,0.971599683274041,0.981655700152441,0.987381648515345,0.995190658115904,1,0.996240806151643,0.991472030714774,0.985490269385115,0.979832892598066,0.973038249416499,0.967375728556416,0.960976812788771,0.955585593240706,0.952777166204025,0.948687829810817,0.943007140039277,0.939519937882166,0.93522999910467,0.930492757239287,0.926522556557804,0.919088753509934,0.912562718921246,0.89768428815481,0.883253988967809,0.859465989960454,0.813496621867828,0.631199850608205,0.213914546534526
0.739428570705665,0.89812273625672,0.938420624406704,0.954967977989075,0.965390843549152,0.975770167206171,0.981552391766725,0.990131654911937,0.996240806151643,1,0.996551304670121,0.991495437612057,0.985900323374028,0.979634266727951,0.973880947971414,0.968007923819102,0.962604204312456,0.95999509509569,0.955815164378521,0.950372500184264,0.946804861266337,0.942954630998008,0.938454864150473,0.934786512306217,0.927746300137381,0.921362098669256,0.906999029441586,0.893059917882837,0.869252753009676,0.824942261327879,0.64414244345145,0.218970552604803
0.733887182710003,0.89461391739504,0.934061619759446,0.950637106049053,0.959991026016549,0.970534828829831,0.976264182384062,0.985339980559878,0.991472030714774,0.996551304670121,1,0.996364996058476,0.991457696048907,0.985940215953261,0.980633651012411,0.974917022720968,0.969638709960509,0.967167333459696,0.962676193696931,0.957722022091233,0.953868308213273,0.950357499661324,0.945998100559739,0.942548536632106,0.935797683012956,0.929130726852286,0.914875842099924,0.901251741892521,0.878180369808425,0.834698062916239,0.654907887180141,0.230128865051823
0.727624015748468,0.889480879528348,0.928826040051069,0.945473712466349,0.95432793990757,0.964530354326661,0.969780929268915,0.979115063336875,0.985490269385115,0.991495437612057,0.996364996058476,1,0.996708468474631,0.991793238171841,0.987001066891826,0.981503774922224,0.976717752684314,0.974096956245687,0.969604310852215,0.965156193201949,0.961343709617775,0.957886239012408,0.953077136838001,0.949771105947909,0.943258743976226,0.937035501354058,0.923282434739846,0.910593538266695,0.888529920343874,0.845899688956614,0.667432559596732,0.239944858888935
0.717221618983302,0.883864690004841,0.923403807296485,0.940610123494139,0.948700379375278,0.958594276213364,0.96334947867281,0.973200610506403,0.979832892598066,0.985900323374028,0.991457696048907,0.996708468474631,1,0.996679402008727,0.992518590705357,0.987783633343992,0.983511030207134,0.980680516705816,0.976110770580439,0.971777708992876,0.968164200753352,0.964385365181005,0.959816361390192,0.956365977916432,0.95011946411416,0.944282889202988,0.931021972638154,0.918782416021347,0.897292545088224,0.85600646523247,0.679725370771462,0.254226762993122
0.703786444454161,0.874409480917979,0.915513065360149,0.933707898710124,0.94181840247893,0.951748448244827,0.956539410709246,0.966384803107942,0.973038249416499,0.979634266727951,0.985940215953261,0.991793238171841,0.996679402008727,1,0.997095712038631,0.993477891720999,0.989471758855815,0.9863073271925,0.981474760580826,0.977339836204494,0.973514908012727,0.969690521722662,0.965525071080673,0.962123128800465,0.956645439493913,0.950767285979766,0.938166393117795,0.926784902772755,0.90637854723485,0.866513803540448,0.692043494188211,0.268160097475536
0.696669231592962,0.86661368399539,0.909977416072381,0.928262271368991,0.935905304569084,0.945304500867317,0.949866237157506,0.960406348581592,0.967375728556416,0.973880947971414,0.980633651012411,0.987001066891826,0.992518590705357,0.997095712038631,1,0.997187721659664,0.993527074965808,0.990489887635889,0.985900267377709,0.981880922521452,0.978318996481628,0.974859324563631,0.970444697568801,0.966800974994419,0.961582517762214,0.955683390724717,0.943409569998495,0.932317232158066,0.91247318067014,0.87402699967054,0.704722793401143,0.277826379925816
0.687398813399215,0.857873175032971,0.901510032525006,0.919868074203311,0.928097034920608,0.937797054318029,0.942402864320399,0.953725168333147,0.960976812788771,0.968007923819102,0.974917022720968,0.981503774922224,0.987783633343992,0.993477891720999,0.997187721659664,1,0.997340178582896,0.994385878899559,0.990361716671707,0.98691335556171,0.983678696911941,0.980234063294125,0.976525781305692,0.972517055660827,0.967793265056356,0.962003875153389,0.950758939003603,0.94042839359051,0.921496343559191,0.88397648378911,0.716433244005299,0.290043840199519
0.679920874558126,0.850114717213539,0.895275679559718,0.913839657556696,0.922257716295337,0.932075880596101,0.936414843110641,0.948241506906194,0.955585593240706,0.962604204312456,0.969638709960509,0.976717752684314,0.983511030207134,0.989471758855815,0.993527074965808,0.997340178582896,1,0.997694120719169,0.994258824351705,0.991297300027451,0.988305984552714,0.984957578762112,0.981724678431437,0.977609794047478,0.973120807723341,0.967541423502955,0.957251522650975,0.946823957955425,0.928732393790708,0.892131446930855,0.724883400312636,0.296917028098714
0.675506778283647,0.84572010108846,0.891674664104,0.910376589722136,0.918831971266755,0.928990611515185,0.933540534395793,0.945153374929406,0.952777166204025,0.95999509509569,0.967167333459696,0.974096956245687,0.980680516705816,0.9863073271925,0.990489887635889,0.994385878899559,0.997694120719169,1,0.997543258881909,0.994775289609073,0.991538538230063,0.988061342388628,0.984778706351911,0.980806601556943,0.976375393556419,0.970518668026463,0.960117166506444,0.949419454316671,0.93132151053699,0.894541139723189,0.728964751168425,0.300648268533671
0.67135961605563,0.839616963190271,0.885483810617826,0.904643835192211,0.914249091905214,0.924337036360856,0.928986556973333,0.94097519131347,0.948687829810817,0.955815164378521,0.962676193696931,0.969604310852215,0.976110770580439,0.981474760580826,0.985900267377709,0.990361716671707,0.994258824351705,0.997543258881909,1,0.997874786977517,0.99490804388337,0.991353994817029,0.988007488320548,0.984253107520456,0.979768227363318,0.974146225639994,0.964066095505574,0.953093377770532,0.935055472750664,0.897952361524793,0.733663009737127,0.306205794552779
0.662242502390975,0.831356253760392,0.877663133647243,0.897452027009425,0.907543389854942,0.917572987381916,0.92208771946864,0.934958106753546,0.943007140039277,0.950372500184264,0.957722022091233,0.965156193201949,0.971777708992876,0.977339836204494,0.981880922521452,0.98691335556171,0.991297300027451,0.994775289609073,0.997874786977517,1,0.997706072016249,0.994260054349934,0.99089192013433,0.987296088052533,0.983017809889128,0.977785385196751,0.967865332936051,0.956935149212591,0.939453822767113,0.90349909840746,0.741962387027761,0.317067704651198
0.658204185531766,0.82620779982654,0.873027934465338,0.893201630239075,0.903134469805227,0.913057192364178,0.917605640188292,0.931328517126598,0.939519937882166,0.946804861266337,0.953868308213273,0.961343709617775,0.968164200753352,0.973514908012727,0.978318996481628,0.983678696911941,0.988305984552714,0.991538538230063,0.99490804388337,0.997706072016249,1,0.997013705581201,0.993682387947731,0.990385499089055,0.986721211134181,0.982129504730406,0.97273103994365,0.962309388726143,0.945279193928037,0.910763586514486,0.751238514799518,0.324487321161517
0.650552202024239,0.819031879087307,0.866129864562217,0.886419074627428,0.896791060223131,0.90700192261295,0.911539230362665,0.926429800056181,0.93522999910467,0.942954630998008,0.950357499661324,0.957886239012408,0.964385365181005,0.969690521722662,0.974859324563631,0.980234063294125,0.984957578762112,0.988061342388628,0.991353994817029,0.994260054349934,0.997013705581201,1,0.997224862952959,0.994198613752056,0.990923129750728,0.986466838741372,0.976985251158906,0.967416905151576,0.950383483860235,0.9168667365211,0.757251953980676,0.331144126346395
0.646293689051325,0.812661253391516,0.860076506582679,0.880865191391898,0.891762046912132,0.902326357739641,0.906627960438073,0.921949597086917,0.930492757239287,0.938454864150473,0.945998100559739,0.953077136838001,0.959816361390192,0.965525071080673,0.970444697568801,0.976525781305692,0.981724678431437,0.984778706351911,0.988007488320548,0.99089192013433,0.993682387947731,0.997224862952959,1,0.997177249844064,0.994034949661119,0.990138120694374,0.981722194064216,0.972663026253385,0.956190156605227,0.923752539222936,0.766788987268835,0.341157417277333
0.63450885094906,0.804230969222587,0.852852051228732,0.874270439749274,0.885611847726105,0.896894392472394,0.902041894250592,0.917668916446608,0.926522556557804,0.934786512306217,0.942548536632106,0.949771105947909,0.956365977916432,0.962123128800465,0.966800974994419,0.972517055660827,0.977609794047478,0.980806601556943,0.984253107520456,0.987296088052533,0.990385499089055,0.994198613752056,0.997177249844064,1,0.996959679592689,0.992825451443149,0.984716205769109,0.976346658924552,0.960727843843147,0.929334949087351,0.777538944981823,0.356490450058106
0.622215846045677,0.793124222968938,0.841907612334586,0.864195642781977,0.87605562211641,0.887812028109579,0.893633468307081,0.90992956912867,0.919088753509934,0.927746300137381,0.935797683012956,0.943258743976226,0.95011946411416,0.956645439493913,0.961582517762214,0.967793265056356,0.973120807723341,0.976375393556419,0.979768227363318,0.983017809889128,0.986721211134181,0.990923129750728,0.994034949661119,0.996959679592689,1,0.996294579915631,0.989209212618428,0.981682321057148,0.96642663012772,0.937573751956646,0.789572498020363,0.370900621899391
0.612992026046549,0.784195194214129,0.833535044165952,0.855942672597433,0.867943722038217,0.879882871671784,0.885617001553358,0.902602724687324,0.912562718921246,0.921362098669256,0.929130726852286,0.937035501354058,0.944282889202988,0.950767285979766,0.955683390724717,0.962003875153389,0.967541423502955,0.970518668026463,0.974146225639994,0.977785385196751,0.982129504730406,0.986466838741372,0.990138120694374,0.992825451443149,0.996294579915631,1,0.994127212018167,0.98714010967224,0.972669732476711,0.945036133284643,0.799457122762904,0.381939439725622
0.599645313938642,0.767051913242357,0.815417546361605,0.83811602426029,0.850444902937433,0.863419038286142,0.869210677473663,0.88723989918847,0.89768428815481,0.906999029441586,0.914875842099924,0.923282434739846,0.931021972638154,0.938166393117795,0.943409569998495,0.950758939003603,0.957251522650975,0.960117166506444,0.964066095505574,0.967865332936051,0.97273103994365,0.976985251158906,0.981722194064216,0.984716205769109,0.989209212618428,0.994127212018167,1,0.994322092495704,0.982302608129421,0.956763662395439,0.819049905501866,0.406778314460956
0.57779439991781,0.749372394246592,0.797819134372749,0.820323486046225,0.833005687403843,0.846148908247474,0.852204199784903,0.87170066127314,0.883253988967809,0.893059917882837,0.901251741892521,0.910593538266695,0.918782416021347,0.926784902772755,0.932317232158066,0.94042839359051,0.946823957955425,0.949419454316671,0.953093377770532,0.956935149212591,0.962309388726143,0.967416905151576,0.972663026253385,0.976346658924552,0.981682321057148,0.98714010967224,0.994322092495704,1,0.989515051208391,0.966888286052607,0.837951003455328,0.428659113998636
0.554000085409602,0.723085538138106,0.770886291552007,0.794065107869766,0.808482056933762,0.821044716042409,0.826758824273393,0.846931428031757,0.859465989960454,0.869252753009676,0.878180369808425,0.888529920343874,0.897292545088224,0.90637854723485,0.91247318067014,0.921496343559191,0.928732393790708,0.93132151053699,0.935055472750664,0.939453822767113,0.945279193928037,0.950383483860235,0.956190156605227,0.960727843843147,0.96642663012772,0.972669732476711,0.982302608129421,0.989515051208391,1,0.981757482854533,0.868735354945133,0.462442868667528
0.501899028673701,0.667690752383532,0.715487512785029,0.741213968447751,0.756931128386627,0.76961136433171,0.775180125723324,0.798459202121502,0.813496621867828,0.824942261327879,0.834698062916239,0.845899688956614,0.85600646523247,0.866513803540448,0.87402699967054,0.88397648378911,0.892131446930855,0.894541139723189,0.897952361524793,0.90349909840746,0.910763586514486,0.9168667365211,0.923752539222936,0.929334949087351,0.937573751956646,0.945036133284643,0.956763662395439,0.966888286052607,0.981757482854533,1,0.912647629173903,0.511704129237008
0.340964397187712,0.493392456339734,0.53539727442519,0.560072626537482,0.574786350235972,0.586834188323643,0.590314866140808,0.613424654539942,0.631199850608205,0.64414244345145,0.654907887180141,0.667432559596732,0.679725370771462,0.692043494188211,0.704722793401143,0.716433244005299,0.724883400312636,0.728964751168425,0.733663009737127,0.741962387027761,0.751238514799518,0.757251953980676,0.766788987268835,0.777538944981823,0.789572498020363,0.799457122762904,0.819049905501866,0.837951003455328,0.868735354945133,0.912647629173903,1,0.635479406001202
-0.0574958622421026,0.0776175258787499,0.115617056793452,0.142739559187878,0.158343023302613,0.175103546104048,0.1782671960588,0.196728635454607,0.213914546534526,0.218970552604803,0.230128865051823,0.239944858888935,0.254226762993122,0.268160097475536,0.277826379925816,0.290043840199519,0.296917028098714,0.300648268533671,0.306205794552779,0.317067704651198,0.324487321161517,0.331144126346395,0.341157417277333,0.356490450058106,0.370900621899391,0.381939439725622,0.406778314460956,0.428659113998636,0.462442868667528,0.511704129237008,0.635479406001202,1
