1,0.851999763918765,0.809373061281667,0.775723246032594,0.73980194062639,0.71566727808216,0.691562143725046,0.665932546921281,0.642959894423671,0.599626816982459,0.582725510809908,0.569164584266183,0.544760804320674,0.524512198171828,0.496558306157256,0.455925697443891,0.424834441043293,0.39160987683206,0.364862263368212,0.340626051076398,0.320212551247934,0.292723793558748,0.257736762624399,0.231585652692202,0.190817534868306,0.155262078158861,0.119731798497211,0.0692058538932238,0.0299154348591566,-0.0305704979148965,-0.158886061040185,-0.168326382130533
0.851999763918765,1,0.953880347668401,0.926301719037537,0.895480967468572,0.872645365705211,0.85396217680472,0.833926091298072,0.815565393787787,0.777075614930905,0.760201758790798,0.745905851540378,0.722212844584283,0.70707715101317,0.681828385977061,0.646400911824343,0.616168161197261,0.58600337117907,0.558724863579366,0.537015321899687,0.514675303700166,0.49100311715469,0.460134426659897,0.428899386685112,0.385943915038397,0.347581683927701,0.308084830642699,0.249290510973805,0.199912487100671,0.13171739424184,-0.0713559495759229,-0.119545009205806
0.809373061281667,0.953880347668401,1,0.976174092692849,0.950418143672477,0.929835270215955,0.914374284861641,0.897375056038073,0.881722485359781,0.850556480232258,0.835891926687031,0.820244263676984,0.798941047124119,0.783312140190526,0.76126029821894,0.729012861456941,0.703071348488905,0.672007557822297,0.646896024772403,0.626929535853477,0.605820744211389,0.583141955807321,0.555840817244103,0.525791814153488,0.481421304041767,0.44533763478861,0.41018582790888,0.351237193089778,0.299399640432723,0.215504472238344,-0.0176001275019653,-0.105621148667772
0.775723246032594,0.926301719037537,0.976174092692849,1,0.982248757054477,0.966464661691737,0.953244830899087,0.93935927642119,0.925445591723212,0.898677047319506,0.883056678808804,0.868394860674233,0.848414968507613,0.835654397773656,0.815860079094479,0.787399900347128,0.764564480045967,0.735538391734509,0.712766804187206,0.691918820955321,0.671694376108336,0.649163005198483,0.62202316092412,0.593341838255607,0.552093424198418,0.517066908879468,0.48132988902464,0.423513097405303,0.369518730882345,0.276758337180183,0.0301157667206121,-0.0860128423496515
0.73980194062639,0.895480967468572,0.950418143672477,0.982248757054477,1,0.987021950125199,0.973818279302562,0.96142805765546,0.947424710723469,0.925234328523892,0.910750775390728,0.898261036647968,0.882164626772155,0.870060787462588,0.848989886400426,0.82543960786317,0.804512382949385,0.779160907293068,0.757125673037083,0.737483835093041,0.718723833963795,0.697348170649275,0.67175292124389,0.644804172533673,0.60653082854277,0.570171861218065,0.532591533027322,0.478334793985402,0.423145092725694,0.32699102349375,0.0745074946366694,-0.0733305096156005
0.71566727808216,0.872645365705211,0.929835270215955,0.966464661691737,0.987021950125199,1,0.989081259394689,0.978468680676006,0.966284641215298,0.947534972942259,0.935034721219962,0.923957156996273,0.910033490663316,0.899730507552754,0.880734389517581,0.858312029361773,0.839948436298143,0.817172576984207,0.796650779501777,0.777618908107647,0.759807090934467,0.738967216759328,0.715080189689801,0.690158460936761,0.653680645573216,0.618131516605113,0.580743757311186,0.526399665614509,0.471005157655902,0.370525891797937,0.115994201063192,-0.0524964872264029
0.691562143725046,0.85396217680472,0.914374284861641,0.953244830899087,0.973818279302562,0.989081259394689,1,0.991870500422604,0.981842126111294,0.965945229261159,0.954007909101791,0.944238958144015,0.931131757190885,0.92076158181736,0.902903180358106,0.880916849912986,0.863064962786331,0.840537545193429,0.821217404476185,0.803068054389159,0.786284196486259,0.766181309646618,0.743510318354482,0.719266647455487,0.683384132357882,0.648927952851647,0.610672173443629,0.55601713768203,0.500812516798499,0.398367494599526,0.144023201347614,-0.0285255263549153
0.665932546921281,0.833926091298072,0.897375056038073,0.93935927642119,0.96142805765546,0.978468680676006,0.991870500422604,1,0.99234295029257,0.978891011982068,0.967491226232215,0.958003315662726,0.945104888740688,0.93465962038162,0.917029752536869,0.896150557835947,0.879464599983573,0.857366415350818,0.839526607700273,0.822156669276,0.806623364831909,0.788539402479175,0.767532576777546,0.743660129138745,0.708883959365758,0.675042830146636,0.638340555109201,0.584137140002839,0.530163864993323,0.428930994099469,0.167990725011069,-0.0141646401473411
0.642959894423671,0.815565393787787,0.881722485359781,0.925445591723212,0.947424710723469,0.966284641215298,0.981842126111294,0.99234295029257,1,0.990226929668598,0.979944338155821,0.970381502628823,0.957809163126558,0.947481729406067,0.93067995139024,0.910720865602113,0.894719214215362,0.87318568078643,0.856658029993289,0.8405903605348,0.825646693989771,0.808491309312919,0.789404222981996,0.766691909514541,0.731353131788336,0.698600790632193,0.662798980082112,0.61108374996683,0.557991378419347,0.455676695831421,0.187004040548586,-0.00334211552682577
0.599626816982459,0.777075614930905,0.850556480232258,0.898677047319506,0.925234328523892,0.947534972942259,0.965945229261159,0.978891011982068,0.990226929668598,1,0.993510036546996,0.985359181667808,0.97539552909099,0.965495884468549,0.951237149005499,0.934486552028657,0.920430954972033,0.901521368278859,0.887123991635641,0.872819297577954,0.859503105056105,0.844009416684155,0.826770353183852,0.805911775742005,0.772699303356376,0.74201604601462,0.70852509535922,0.658686082870435,0.605001206295315,0.502031194416075,0.223303407763559,0.00993197523818892
0.582725510809908,0.760201758790798,0.835891926687031,0.883056678808804,0.910750775390728,0.935034721219962,0.954007909101791,0.967491226232215,0.979944338155821,0.993510036546996,1,0.993863868577294,0.984500791728245,0.975323067001746,0.962299664812546,0.946457796889086,0.932944358601876,0.914650851944884,0.900622600998177,0.887713377612962,0.875508950430884,0.860733911944686,0.845271261545497,0.824862808119615,0.792115732065267,0.761971585982815,0.730582137741658,0.682078118359926,0.629853194094351,0.529465869098846,0.249060687032386,0.0193123680182294
0.569164584266183,0.745905851540378,0.820244263676984,0.868394860674233,0.898261036647968,0.923957156996273,0.944238958144015,0.958003315662726,0.970381502628823,0.985359181667808,0.993863868577294,1,0.993450400572459,0.985145347125274,0.972739154333289,0.957618205273953,0.944047509959221,0.926619971187331,0.91279439872019,0.900225065117731,0.888840542842804,0.875517987101732,0.860487271548453,0.840358323245084,0.80898730344118,0.779321070219373,0.749005690727523,0.70198562851577,0.653415626986233,0.55437607209873,0.275934634480875,0.0357349366429058
0.544760804320674,0.722212844584283,0.798941047124119,0.848414968507613,0.882164626772155,0.910033490663316,0.931131757190885,0.945104888740688,0.957809163126558,0.97539552909099,0.984500791728245,0.993450400572459,1,0.994226010236042,0.984624830859928,0.971755536299775,0.958782685415443,0.943080921288113,0.929610013058532,0.917087564554267,0.905972613924513,0.89353938233572,0.879710684650251,0.860462019920813,0.8300924067725,0.802311042812603,0.77268828637537,0.7271133013018,0.681003441507909,0.583822314148649,0.307954540693339,0.0566713366027266
0.524512198171828,0.70707715101317,0.783312140190526,0.835654397773656,0.870060787462588,0.899730507552754,0.92076158181736,0.93465962038162,0.947481729406067,0.965495884468549,0.975323067001746,0.985145347125274,0.994226010236042,1,0.993050838750313,0.982603483810912,0.970963414229855,0.956379798609127,0.943291381949852,0.931125981055041,0.919895983870584,0.907890819907154,0.894388733515331,0.876091821926264,0.847154092086422,0.819756958222567,0.791672969380245,0.746926708266516,0.701674414117221,0.60578448038066,0.327477760416701,0.0683849652173397
0.496558306157256,0.681828385977061,0.76126029821894,0.815860079094479,0.848989886400426,0.880734389517581,0.902903180358106,0.917029752536869,0.93067995139024,0.951237149005499,0.962299664812546,0.972739154333289,0.984624830859928,0.993050838750313,1,0.993227686740205,0.984240298974049,0.972320030383788,0.961104332400597,0.949565269047421,0.938781279810095,0.927595032568601,0.914602019302589,0.897221027075528,0.868830407790681,0.843272716063494,0.816158470708978,0.772249242938276,0.728786272081585,0.634182527009918,0.353673917966834,0.0919024186675512
0.455925697443891,0.646400911824343,0.729012861456941,0.787399900347128,0.82543960786317,0.858312029361773,0.880916849912986,0.896150557835947,0.910720865602113,0.934486552028657,0.946457796889086,0.957618205273953,0.971755536299775,0.982603483810912,0.993227686740205,1,0.993924388184227,0.983941774176495,0.973570177444618,0.96271901651756,0.952593473718804,0.942359344172785,0.930277502942071,0.914380977591351,0.888529530452715,0.86335604873376,0.837701381190302,0.795102414874472,0.753249866401321,0.66100199529729,0.375975829991837,0.100651001526585
0.424834441043293,0.616168161197261,0.703071348488905,0.764564480045967,0.804512382949385,0.839948436298143,0.863064962786331,0.879464599983573,0.894719214215362,0.920430954972033,0.932944358601876,0.944047509959221,0.958782685415443,0.970963414229855,0.984240298974049,0.993924388184227,1,0.993130067324343,0.984685035844992,0.974897215186678,0.96574402092441,0.956398290160693,0.945744333901109,0.930709753240167,0.906771351567074,0.881642865465295,0.857128348569093,0.816117556764205,0.775209577444409,0.683830710141981,0.396809485180687,0.114688625356974
0.39160987683206,0.58600337117907,0.672007557822297,0.735538391734509,0.779160907293068,0.817172576984207,0.840537545193429,0.857366415350818,0.87318568078643,0.901521368278859,0.914650851944884,0.926619971187331,0.943080921288113,0.956379798609127,0.972320030383788,0.983941774176495,0.993130067324343,1,0.993586386685815,0.985521255776757,0.977333603858668,0.968554380951504,0.958228517488489,0.945375867646208,0.923388919113614,0.900485512397494,0.877612778959895,0.840201814027257,0.798653949331574,0.710257493806822,0.425559747056808,0.125045370088123
0.364862263368212,0.558724863579366,0.646896024772403,0.712766804187206,0.757125673037083,0.796650779501777,0.821217404476185,0.839526607700273,0.856658029993289,0.887123991635641,0.900622600998177,0.91279439872019,0.929610013058532,0.943291381949852,0.961104332400597,0.973570177444618,0.984685035844992,0.993586386685815,1,0.994009323938229,0.987364744056309,0.978824885499073,0.96893888721651,0.957174224596554,0.936724061750211,0.915397708255072,0.895268701912615,0.858274711136578,0.81535336341189,0.727325664592724,0.44424199302614,0.140122278931795
0.340626051076398,0.537015321899687,0.626929535853477,0.691918820955321,0.737483835093041,0.777618908107647,0.803068054389159,0.822156669276,0.8405903605348,0.872819297577954,0.887713377612962,0.900225065117731,0.917087564554267,0.931125981055041,0.949565269047421,0.96271901651756,0.974897215186678,0.985521255776757,0.994009323938229,1,0.994763967792984,0.987265554255904,0.977583144750726,0.966510932330181,0.946666737220887,0.926540318607898,0.906282608168285,0.871144815609514,0.830774846936147,0.741594635691196,0.45924096163483,0.154891823533459
0.320212551247934,0.514675303700166,0.605820744211389,0.671694376108336,0.718723833963795,0.759807090934467,0.786284196486259,0.806623364831909,0.825646693989771,0.859503105056105,0.875508950430884,0.888840542842804,0.905972613924513,0.919895983870584,0.938781279810095,0.952593473718804,0.96574402092441,0.977333603858668,0.987364744056309,0.994763967792984,1,0.993834317316517,0.984458013316541,0.974381265987812,0.956287813497663,0.937984528538317,0.919282316709859,0.884962318375017,0.846543282938685,0.761705131061171,0.483236529859348,0.171081864491115
0.292723793558748,0.49100311715469,0.583141955807321,0.649163005198483,0.697348170649275,0.738967216759328,0.766181309646618,0.788539402479175,0.808491309312919,0.844009416684155,0.860733911944686,0.875517987101732,0.89353938233572,0.907890819907154,0.927595032568601,0.942359344172785,0.956398290160693,0.968554380951504,0.978824885499073,0.987265554255904,0.993834317316517,1,0.993179634494784,0.983562761787622,0.968314686623992,0.952223270273601,0.934051440503133,0.901548873192152,0.865650101804895,0.782025919381001,0.503791208918765,0.183988254960935
0.257736762624399,0.460134426659897,0.555840817244103,0.62202316092412,0.67175292124389,0.715080189689801,0.743510318354482,0.767532576777546,0.789404222981996,0.826770353183852,0.845271261545497,0.860487271548453,0.879710684650251,0.894388733515331,0.914602019302589,0.930277502942071,0.945744333901109,0.958228517488489,0.96893888721651,0.977583144750726,0.984458013316541,0.993179634494784,1,0.993199522494982,0.980868436361435,0.966811072889705,0.950001574924759,0.920006544194844,0.886727713718442,0.805279597771007,0.531144616097156,0.203722704605492
0.231585652692202,0.428899386685112,0.525791814153488,0.593341838255607,0.644804172533673,0.690158460936761,0.719266647455487,0.743660129138745,0.766691909514541,0.805911775742005,0.824862808119615,0.840358323245084,0.860462019920813,0.876091821926264,0.897221027075528,0.914380977591351,0.930709753240167,0.945375867646208,0.957174224596554,0.966510932330181,0.974381265987812,0.983562761787622,0.993199522494982,1,0.991105145749391,0.97881971369744,0.962244201893731,0.935495333381122,0.902639128840507,0.820764378268776,0.544615954614021,0.212568648304998
0.190817534868306,0.385943915038397,0.481421304041767,0.552093424198418,0.60653082854277,0.653680645573216,0.683384132357882,0.708883959365758,0.731353131788336,0.772699303356376,0.792115732065267,0.80898730344118,0.8300924067725,0.847154092086422,0.868830407790681,0.888529530452715,0.906771351567074,0.923388919113614,0.936724061750211,0.946666737220887,0.956287813497663,0.968314686623992,0.980868436361435,0.991105145749391,1,0.990096641912484,0.975030099888532,0.951496074690492,0.919364281675603,0.840339055018464,0.567966458930362,0.23035795657707
0.155262078158861,0.347581683927701,0.44533763478861,0.517066908879468,0.570171861218065,0.618131516605113,0.648927952851647,0.675042830146636,0.698600790632193,0.74201604601462,0.761971585982815,0.779321070219373,0.802311042812603,0.819756958222567,0.843272716063494,0.86335604873376,0.881642865465295,0.900485512397494,0.915397708255072,0.926540318607898,0.937984528538317,0.952223270273601,0.966811072889705,0.97881971369744,0.990096641912484,1,0.987602065727281,0.966953687349195,0.937119711790826,0.85950914863283,0.594551222079069,0.250743191725655
0.119731798497211,0.308084830642699,0.41018582790888,0.48132988902464,0.532591533027322,0.580743757311186,0.610672173443629,0.638340555109201,0.662798980082112,0.70852509535922,0.730582137741658,0.749005690727523,0.77268828637537,0.791672969380245,0.816158470708978,0.837701381190302,0.857128348569093,0.877612778959895,0.895268701912615,0.906282608168285,0.919282316709859,0.934051440503133,0.950001574924759,0.962244201893731,0.975030099888532,0.987602065727281,1,0.983424373953461,0.952653427305135,0.886911828133279,0.621704626549025,0.270004278437109
0.0692058538932238,0.249290510973805,0.351237193089778,0.423513097405303,0.478334793985402,0.526399665614509,0.55601713768203,0.584137140002839,0.61108374996683,0.658686082870435,0.682078118359926,0.70198562851577,0.7271133013018,0.746926708266516,0.772249242938276,0.795102414874472,0.816117556764205,0.840201814027257,0.858274711136578,0.871144815609514,0.884962318375017,0.901548873192152,0.920006544194844,0.935495333381122,0.951496074690492,0.966953687349195,0.983424373953461,1,0.974091574312403,0.911686718629768,0.659225718331787,0.298061689671718
0.0299154348591566,0.199912487100671,0.299399640432723,0.369518730882345,0.423145092725694,0.471005157655902,0.500812516798499,0.530163864993323,0.557991378419347,0.605001206295315,0.629853194094351,0.653415626986233,0.681003441507909,0.701674414117221,0.728786272081585,0.753249866401321,0.775209577444409,0.798653949331574,0.81535336341189,0.830774846936147,0.846543282938685,0.865650101804895,0.886727713718442,0.902639128840507,0.919364281675603,0.937119711790826,0.952653427305135,0.974091574312403,1,0.945221956913073,0.703916580176682,0.343789564049746
-0.0305704979148965,0.13171739424184,0.215504472238344,0.276758337180183,0.32699102349375,0.370525891797937,0.398367494599526,0.428930994099469,0.455676695831421,0.502031194416075,0.529465869098846,0.55437607209873,0.583822314148649,0.60578448038066,0.634182527009918,0.66100199529729,0.683830710141981,0.710257493806822,0.727325664592724,0.741594635691196,0.761705131061171,0.782025919381001,0.805279597771007,0.820764378268776,0.840339055018464,0.85950914863283,0.886911828133279,0.911686718629768,0.945221956913073,1,0.804129363688092,0.389142055740223
-0.158886061040185,-0.0713559495759229,-0.0176001275019653,0.0301157667206121,0.0745074946366694,0.115994201063192,0.144023201347614,0.167990725011069,0.187004040548586,0.223303407763559,0.249060687032386,0.275934634480875,0.307954540693339,0.327477760416701,0.353673917966834,0.375975829991837,0.396809485180687,0.425559747056808,0.44424199302614,0.45924096163483,0.483236529859348,0.503791208918765,0.531144616097156,0.544615954614021,0.567966458930362,0.594551222079069,0.621704626549025,0.659225718331787,0.703916580176682,0.804129363688092,1,0.511027420630556
-0.168326382130533,-0.119545009205806,-0.105621148667772,-0.0860128423496515,-0.0733305096156005,-0.0524964872264029,-0.0285255263549153,-0.0141646401473411,-0.00334211552682577,0.00993197523818892,0.0193123680182294,0.0357349366429058,0.0566713366027266,0.0683849652173397,0.0919024186675512,0.100651001526585,0.114688625356974,0.125045370088123,0.140122278931795,0.154891823533459,0.171081864491115,0.183988254960935,0.203722704605492,0.212568648304998,0.23035795657707,0.250743191725655,0.270004278437109,0.298061689671718,0.343789564049746,0.389142055740223,0.511027420630556,1
