1,0.471014804481336,0.407777336324262,0.358681352261027,0.332960628383376,0.302796747478243,0.27456998343784,0.262757688730592,0.242901980537726,0.224313061447666,0.21029147952668,0.195005793661652,0.173334719249034,0.158294065660502,0.142912132944971,0.129834709523091,0.110991989228577,0.0990347525071694,0.0879087442916441,0.0793786066431706,0.0648858779170686,0.0516976296835582,0.0294341158955988,0.00207316257852761,-0.00992356443043984,-0.0273266716022146,-0.0487097346852244,-0.0764950440365304,-0.113630842736458,-0.144012819934782,-0.0721916609788185,-0.0499108569872365
0.471014804481336,1,0.893174370466875,0.832096083219543,0.79298815791229,0.766423131701022,0.729882148256312,0.703151144392928,0.670966668961539,0.649289126728219,0.62313037395899,0.601280606160359,0.569155385115545,0.539535300426211,0.521093681141086,0.497651221789903,0.468669830417399,0.45037874353307,0.435303407861169,0.421409920235206,0.404257687020183,0.382130925245299,0.353663583077124,0.319263865982144,0.300584112689125,0.270450441238862,0.234215996296848,0.188680663583883,0.122508652020669,0.0445915351926372,0.00699161348504013,-0.0433771698419724
0.407777336324262,0.893174370466875,1,0.954566419548312,0.921787643072035,0.896443090397479,0.868692531296777,0.8461738349304,0.819951701926776,0.800796529275406,0.776766047622525,0.756508388975302,0.731221736458355,0.706443941146191,0.687264810535293,0.667121807809157,0.640215450232979,0.620055518494331,0.603668790299374,0.590126843762926,0.571619106496407,0.54988962369088,0.520574917916696,0.486962710752089,0.465445500235287,0.437549988470555,0.399769054646021,0.347672703952576,0.270239415637913,0.162183951491103,0.0689567292221201,-0.00244828004190065
0.358681352261027,0.832096083219543,0.954566419548312,1,0.973841602382816,0.949723936389064,0.927673505183018,0.909312079183691,0.887251146867127,0.869677338914196,0.849803007148152,0.833523683310561,0.811560578248379,0.787624392279569,0.768372583128009,0.748110589235433,0.720625717456942,0.700675278860774,0.687207276443542,0.674038846627324,0.657260185089599,0.635589469278453,0.609293860191626,0.575225164182423,0.554831224832715,0.527886031498916,0.48453561512014,0.426852704871623,0.349206877662391,0.224887233196024,0.106782399201325,0.0395416435699219
0.332960628383376,0.79298815791229,0.921787643072035,0.973841602382816,1,0.984304549565037,0.966569583695038,0.951391108938685,0.932684471146535,0.917343805442526,0.89951416679949,0.884434255844503,0.864580366835027,0.84429848239516,0.82463692519614,0.805091263373685,0.779906977706971,0.762509464077959,0.750774373675415,0.738790104746875,0.723017097604889,0.70229840127856,0.677137013112972,0.644399418800934,0.62606113922505,0.59799378912668,0.5514314125467,0.489938429219282,0.405683536381028,0.267146436712316,0.142934409424458,0.0600769058243523
0.302796747478243,0.766423131701022,0.896443090397479,0.949723936389064,0.984304549565037,1,0.98640620177927,0.972358619287999,0.954239673481041,0.940608528529303,0.922975430851931,0.908680731229544,0.888729267212213,0.870388177037998,0.851378795085722,0.831917062524758,0.807671374336705,0.791495568464699,0.781707583381168,0.769994360906705,0.75531387605332,0.735373427886875,0.711787030433284,0.680458197246514,0.661888998288095,0.633962865533813,0.587968491905697,0.523398228833701,0.435132441773454,0.288513501905003,0.161592985239401,0.0796599796766388
0.27456998343784,0.729882148256312,0.868692531296777,0.927673505183018,0.966569583695038,0.98640620177927,1,0.98882911425426,0.973393262860966,0.961233296737241,0.944442319129965,0.930406407563344,0.91150281475038,0.89501809179689,0.877247652428674,0.859553106476161,0.838610322558592,0.823624872731635,0.814203893733661,0.803568351080256,0.790156460851684,0.772370647314247,0.749808958661039,0.720024631340884,0.703310987359847,0.677682196456638,0.633823090562438,0.571639263750643,0.481520733303744,0.332595251145341,0.195279610804344,0.105615458030317
0.262757688730592,0.703151144392928,0.8461738349304,0.909312079183691,0.951391108938685,0.972358619287999,0.98882911425426,1,0.989351718512042,0.978311917028146,0.962686557712458,0.949812530602087,0.932828541623294,0.916530505375155,0.900421860422031,0.884571876941781,0.865063921373389,0.851739718865139,0.844000078312688,0.834161976496189,0.821228181054847,0.80432822375533,0.781603283607177,0.751408321271999,0.736107516097489,0.71124918680969,0.667096635565895,0.604629325010983,0.514149561610698,0.356806076414722,0.21763913526768,0.126876905914228
0.242901980537726,0.670966668961539,0.819951701926776,0.887251146867127,0.932684471146535,0.954239673481041,0.973393262860966,0.989351718512042,1,0.991177166069246,0.978339157613753,0.966605286832853,0.950652929350004,0.935036703732206,0.9203110781181,0.906243766453949,0.888883479486993,0.876689094131732,0.870628055064234,0.861332238134127,0.848681428273503,0.832893096205654,0.810992803875385,0.780243619922012,0.766397829076093,0.743248096443773,0.699690127642979,0.639770106535747,0.548807111507407,0.385605278185801,0.239321284611854,0.14261344391846
0.224313061447666,0.649289126728219,0.800796529275406,0.869677338914196,0.917343805442526,0.940608528529303,0.961233296737241,0.978311917028146,0.991177166069246,1,0.991309743197351,0.98091197882528,0.965611563592335,0.951377917160012,0.937872809941427,0.924679428688396,0.908872044699857,0.897505691910866,0.891973444006462,0.882654707130401,0.871499791330964,0.858037676212788,0.839449936678771,0.812230133894548,0.799862984443299,0.777758155129888,0.737383771765616,0.680494052589325,0.593656802867839,0.435808993903336,0.26612794993444,0.151162716726164
0.21029147952668,0.62313037395899,0.776766047622525,0.849803007148152,0.89951416679949,0.922975430851931,0.944442319129965,0.962686557712458,0.978339157613753,0.991309743197351,1,0.992683281548009,0.980117470067415,0.96615460938061,0.953287566304768,0.940461642857526,0.925618934915492,0.915695057824956,0.910663345547079,0.902016162419258,0.89147387355791,0.879061426554986,0.862289338965988,0.837309594066427,0.825130372881433,0.803470073937236,0.764075105942369,0.708114627061548,0.622274918169695,0.465959114278972,0.293629088097902,0.163602656890001
0.195005793661652,0.601280606160359,0.756508388975302,0.833523683310561,0.884434255844503,0.908680731229544,0.930406407563344,0.949812530602087,0.966605286832853,0.98091197882528,0.992683281548009,1,0.991837473769446,0.979353735125145,0.967025149578375,0.95509831109037,0.941480149906148,0.932460652548984,0.9273030256269,0.918811085345988,0.909164970473401,0.897852761070777,0.882312834203579,0.858434416281037,0.846873019066718,0.826630730478703,0.789195873676811,0.734849157117521,0.648786469798397,0.492767890834473,0.3166847791752,0.17947005459334
0.173334719249034,0.569155385115545,0.731221736458355,0.811560578248379,0.864580366835027,0.888729267212213,0.91150281475038,0.932828541623294,0.950652929350004,0.965611563592335,0.980117470067415,0.991837473769446,1,0.992255770238378,0.981409207543188,0.970296924466362,0.958069039243396,0.948732744342383,0.943291042057756,0.935400423411883,0.926494557360079,0.915914270091538,0.901760582020003,0.880079760441491,0.869987869027184,0.851445941709209,0.814916051956115,0.762490830292038,0.678626216483807,0.522731154369154,0.342301180892207,0.198188810686292
0.158294065660502,0.539535300426211,0.706443941146191,0.787624392279569,0.84429848239516,0.870388177037998,0.89501809179689,0.916530505375155,0.935036703732206,0.951377917160012,0.96615460938061,0.979353735125145,0.992255770238378,1,0.992780325616654,0.982988546737993,0.971381375447859,0.962020686662362,0.956366497004296,0.949021261260701,0.940707492896177,0.930870417866358,0.917981020490947,0.899109866283449,0.889199377268016,0.871865905494826,0.83651978828732,0.786527992824774,0.707710561212898,0.551437196111141,0.360007227231661,0.203560824597624
0.142912132944971,0.521093681141086,0.687264810535293,0.768372583128009,0.82463692519614,0.851378795085722,0.877247652428674,0.900421860422031,0.9203110781181,0.937872809941427,0.953287566304768,0.967025149578375,0.981409207543188,0.992780325616654,1,0.993442915810479,0.983055038527341,0.974612051658086,0.968729269866508,0.960657806260989,0.952369445871662,0.943536807546418,0.932073069324547,0.914777512581486,0.904717920711185,0.887110642645114,0.85441077336601,0.806497476079798,0.733853671207519,0.577592156544289,0.38285866838018,0.220107596217915
0.129834709523091,0.497651221789903,0.667121807809157,0.748110589235433,0.805091263373685,0.831917062524758,0.859553106476161,0.884571876941781,0.906243766453949,0.924679428688396,0.940461642857526,0.95509831109037,0.970296924466362,0.982988546737993,0.993442915810479,1,0.993143677027466,0.985846043355273,0.979223343754012,0.971931386283435,0.963876050898809,0.95584397508921,0.944145823307935,0.928301305631273,0.918930918745802,0.901679803275229,0.8712322893996,0.823257147860032,0.752266514423606,0.593933717613302,0.407487170675742,0.23512871875317
0.110991989228577,0.468669830417399,0.640215450232979,0.720625717456942,0.779906977706971,0.807671374336705,0.838610322558592,0.865063921373389,0.888883479486993,0.908872044699857,0.925618934915492,0.941480149906148,0.958069039243396,0.971381375447859,0.983055038527341,0.993143677027466,1,0.994541080584896,0.987838383894424,0.981530293886377,0.97435570773144,0.967395217987604,0.956942011788739,0.942499423831683,0.93371317259031,0.919260207431719,0.891919084570335,0.847744365794113,0.776474142485477,0.620523484529338,0.432226413639556,0.253561983906737
0.0990347525071694,0.45037874353307,0.620055518494331,0.700675278860774,0.762509464077959,0.791495568464699,0.823624872731635,0.851739718865139,0.876689094131732,0.897505691910866,0.915695057824956,0.932460652548984,0.948732744342383,0.962020686662362,0.974612051658086,0.985846043355273,0.994541080584896,1,0.994954701884429,0.989085412968178,0.981837719630159,0.975833175236715,0.965381978249854,0.951502693167801,0.943081825013129,0.928473509229219,0.902333261322417,0.8580590408863,0.78813742709151,0.630423906199139,0.436696952682316,0.260721610256679
0.0879087442916441,0.435303407861169,0.603668790299374,0.687207276443542,0.750774373675415,0.781707583381168,0.814203893733661,0.844000078312688,0.870628055064234,0.891973444006462,0.910663345547079,0.9273030256269,0.943291042057756,0.956366497004296,0.968729269866508,0.979223343754012,0.987838383894424,0.994954701884429,1,0.994985852807913,0.987828888836919,0.981584750745919,0.972303526458146,0.958515295106459,0.950909486248191,0.937469606619161,0.911694054966022,0.868022942355024,0.796836635879657,0.638237479807505,0.445017485166467,0.268387948418901
0.0793786066431706,0.421409920235206,0.590126843762926,0.674038846627324,0.738790104746875,0.769994360906705,0.803568351080256,0.834161976496189,0.861332238134127,0.882654707130401,0.902016162419258,0.918811085345988,0.935400423411883,0.949021261260701,0.960657806260989,0.971931386283435,0.981530293886377,0.989085412968178,0.994985852807913,1,0.994769586293004,0.989122453391407,0.980042306234379,0.966449925932369,0.959074187800054,0.945564872601045,0.918402758614529,0.875907279848938,0.805621199221295,0.645538333444447,0.453110663185987,0.270159507582071
0.0648858779170686,0.404257687020183,0.571619106496407,0.657260185089599,0.723017097604889,0.75531387605332,0.790156460851684,0.821228181054847,0.848681428273503,0.871499791330964,0.89147387355791,0.909164970473401,0.926494557360079,0.940707492896177,0.952369445871662,0.963876050898809,0.97435570773144,0.981837719630159,0.987828888836919,0.994769586293004,1,0.99529435209328,0.988300392415084,0.976422041504924,0.968779311991021,0.955536492197273,0.929078208648954,0.889096232347957,0.820536966311936,0.664400113480275,0.467142101702594,0.276390800238492
0.0516976296835582,0.382130925245299,0.54988962369088,0.635589469278453,0.70229840127856,0.735373427886875,0.772370647314247,0.80432822375533,0.832893096205654,0.858037676212788,0.879061426554986,0.897852761070777,0.915914270091538,0.930870417866358,0.943536807546418,0.95584397508921,0.967395217987604,0.975833175236715,0.981584750745919,0.989122453391407,0.99529435209328,1,0.993870405443445,0.981600819543143,0.97413600724157,0.961608169802073,0.935461171063574,0.896878457218334,0.834217944435993,0.675933471952203,0.47952647241341,0.281473415180534
0.0294341158955988,0.353663583077124,0.520574917916696,0.609293860191626,0.677137013112972,0.711787030433284,0.749808958661039,0.781603283607177,0.810992803875385,0.839449936678771,0.862289338965988,0.882312834203579,0.901760582020003,0.917981020490947,0.932073069324547,0.944145823307935,0.956942011788739,0.965381978249854,0.972303526458146,0.980042306234379,0.988300392415084,0.993870405443445,1,0.991491764777665,0.983648014088123,0.970529848453606,0.945873489801773,0.91162575741172,0.852744537876234,0.70506774537154,0.498358390471252,0.294646807473711
0.00207316257852761,0.319263865982144,0.486962710752089,0.575225164182423,0.644399418800934,0.680458197246514,0.720024631340884,0.751408321271999,0.780243619922012,0.812230133894548,0.837309594066427,0.858434416281037,0.880079760441491,0.899109866283449,0.914777512581486,0.928301305631273,0.942499423831683,0.951502693167801,0.958515295106459,0.966449925932369,0.976422041504924,0.981600819543143,0.991491764777665,1,0.992555598661502,0.981005381421304,0.961003318683608,0.931217461181856,0.874468545432393,0.740854538493702,0.525945696678236,0.308356564319068
-0.00992356443043984,0.300584112689125,0.465445500235287,0.554831224832715,0.62606113922505,0.661888998288095,0.703310987359847,0.736107516097489,0.766397829076093,0.799862984443299,0.825130372881433,0.846873019066718,0.869987869027184,0.889199377268016,0.904717920711185,0.918930918745802,0.93371317259031,0.943081825013129,0.950909486248191,0.959074187800054,0.968779311991021,0.97413600724157,0.983648014088123,0.992555598661502,1,0.990676476806211,0.971140569060428,0.940958033095479,0.883320812681741,0.744065316807893,0.530560882134336,0.313866064053997
-0.0273266716022146,0.270450441238862,0.437549988470555,0.527886031498916,0.59799378912668,0.633962865533813,0.677682196456638,0.71124918680969,0.743248096443773,0.777758155129888,0.803470073937236,0.826630730478703,0.851445941709209,0.871865905494826,0.887110642645114,0.901679803275229,0.919260207431719,0.928473509229219,0.937469606619161,0.945564872601045,0.955536492197273,0.961608169802073,0.970529848453606,0.981005381421304,0.990676476806211,1,0.984263747873759,0.958871577296603,0.902219657744468,0.766816421516098,0.554375116541895,0.335098930203503
-0.0487097346852244,0.234215996296848,0.399769054646021,0.48453561512014,0.5514314125467,0.587968491905697,0.633823090562438,0.667096635565895,0.699690127642979,0.737383771765616,0.764075105942369,0.789195873676811,0.814916051956115,0.83651978828732,0.85441077336601,0.8712322893996,0.891919084570335,0.902333261322417,0.911694054966022,0.918402758614529,0.929078208648954,0.935461171063574,0.945873489801773,0.961003318683608,0.971140569060428,0.984263747873759,1,0.980792244767435,0.925279750960475,0.808770993541951,0.59450891831304,0.357121777876953
-0.0764950440365304,0.188680663583883,0.347672703952576,0.426852704871623,0.489938429219282,0.523398228833701,0.571639263750643,0.604629325010983,0.639770106535747,0.680494052589325,0.708114627061548,0.734849157117521,0.762490830292038,0.786527992824774,0.806497476079798,0.823257147860032,0.847744365794113,0.8580590408863,0.868022942355024,0.875907279848938,0.889096232347957,0.896878457218334,0.91162575741172,0.931217461181856,0.940958033095479,0.958871577296603,0.980792244767435,1,0.958376064773271,0.869651715392802,0.630304075797574,0.369526808060161
-0.113630842736458,0.122508652020669,0.270239415637913,0.349206877662391,0.405683536381028,0.435132441773454,0.481520733303744,0.514149561610698,0.548807111507407,0.593656802867839,0.622274918169695,0.648786469798397,0.678626216483807,0.707710561212898,0.733853671207519,0.752266514423606,0.776474142485477,0.78813742709151,0.796836635879657,0.805621199221295,0.820536966311936,0.834217944435993,0.852744537876234,0.874468545432393,0.883320812681741,0.902219657744468,0.925279750960475,0.958376064773271,1,0.920871323874612,0.67975570404798,0.376876803489684
-0.144012819934782,0.0445915351926372,0.162183951491103,0.224887233196024,0.267146436712316,0.288513501905003,0.332595251145341,0.356806076414722,0.385605278185801,0.435808993903336,0.465959114278972,0.492767890834473,0.522731154369154,0.551437196111141,0.577592156544289,0.593933717613302,0.620523484529338,0.630423906199139,0.638237479807505,0.645538333444447,0.664400113480275,0.675933471952203,0.70506774537154,0.740854538493702,0.744065316807893,0.766816421516098,0.808770993541951,0.869651715392802,0.920871323874612,1,0.702060456228248,0.333105675192346
-0.0721916609788185,0.00699161348504013,0.0689567292221201,0.106782399201325,0.142934409424458,0.161592985239401,0.195279610804344,0.21763913526768,0.239321284611854,0.26612794993444,0.293629088097902,0.3166847791752,0.342301180892207,0.360007227231661,0.38285866838018,0.407487170675742,0.432226413639556,0.436696952682316,0.445017485166467,0.453110663185987,0.467142101702594,0.47952647241341,0.498358390471252,0.525945696678236,0.530560882134336,0.554375116541895,0.59450891831304,0.630304075797574,0.67975570404798,0.702060456228248,1,0.555319375756488
-0.0499108569872365,-0.0433771698419724,-0.00244828004190065,0.0395416435699219,0.0600769058243523,0.0796599796766388,0.105615458030317,0.126876905914228,0.14261344391846,0.151162716726164,0.163602656890001,0.17947005459334,0.198188810686292,0.203560824597624,0.220107596217915,0.23512871875317,0.253561983906737,0.260721610256679,0.268387948418901,0.270159507582071,0.276390800238492,0.281473415180534,0.294646807473711,0.308356564319068,0.313866064053997,0.335098930203503,0.357121777876953,0.369526808060161,0.376876803489684,0.333105675192346,0.555319375756488,1
