1,0.749363104152928,0.630641475225822,0.568624211711559,0.52232109405502,0.480078589995803,0.443182744827574,0.417114269649321,0.396961081930447,0.378239658466307,0.356406729046865,0.336596024019365,0.31567008960844,0.300607376988942,0.287620711426747,0.268027628802119,0.249153650898997,0.228666497152951,0.213127407955652,0.199935605671988,0.18812279095811,0.183526306876862,0.175943893903247,0.164994720289524,0.157006260935625,0.1583615308891,0.158346499492305,0.160635512664802,0.163239116685854,0.174155182023309,0.180893763209031,0.10006319918249
0.749363104152928,1,0.944143749799789,0.901251661629788,0.870243244548262,0.838768953342867,0.812160120281102,0.791258725678128,0.770950046506603,0.75335535313947,0.734996476654773,0.710587158047996,0.687646969282091,0.669887759565174,0.65383340241563,0.631915444232182,0.61408296737608,0.592808653830111,0.573327210618969,0.556562045276836,0.537727886593999,0.524075555834937,0.508507170062807,0.487762575734661,0.467231535895648,0.450327200076826,0.430522406190469,0.408590848255737,0.374393315660585,0.326798441872857,0.257973574689358,0.125249109228503
0.630641475225822,0.944143749799789,1,0.982585313631436,0.964361165819015,0.946155682271223,0.930347334853346,0.914700697383802,0.899621731193353,0.886542326266589,0.873173479194545,0.853873395966283,0.834980099576953,0.819772964778663,0.80518053991161,0.784308849049057,0.767210902814428,0.748082125617657,0.729512882335129,0.712621799089372,0.694296265209927,0.678082029349295,0.66089770500016,0.637058518565278,0.611381298203199,0.589057355008684,0.562174295056776,0.529745344930092,0.479555999738313,0.402602946891091,0.293667036217678,0.138669365772141
0.568624211711559,0.901251661629788,0.982585313631436,1,0.991734518996786,0.980582917202262,0.96996249123434,0.958049975049312,0.946318721977678,0.935963989137967,0.925459712047066,0.908792484981851,0.892566066037603,0.878903144727046,0.865513614112987,0.846268541211138,0.829964456667433,0.812079861002248,0.794364090094548,0.777308568513467,0.75955424421454,0.743179938815324,0.725126243347301,0.700376502711697,0.673583882290764,0.649163656454716,0.618976910948963,0.582730988458675,0.52565400218647,0.433172637047889,0.306284945781685,0.148262025198944
0.52232109405502,0.870243244548262,0.964361165819015,0.991734518996786,1,0.993613339561088,0.98593614909988,0.977083350752721,0.968139583276388,0.95963983071503,0.951157623158623,0.93700108141163,0.92316521101769,0.911242781650036,0.898984550990653,0.881357771829904,0.866671679864544,0.849903178541587,0.833427434437812,0.816864695205265,0.800070040846416,0.784223527778006,0.766111407268557,0.742206490569749,0.715491587445466,0.690707796083835,0.659780817269149,0.621736516821741,0.560373893669229,0.459072080004885,0.319030752466753,0.153894342191311
0.480078589995803,0.838768953342867,0.946155682271223,0.980582917202262,0.993613339561088,1,0.995450221099352,0.989235231927496,0.982475726519145,0.975449695652347,0.968242822878761,0.957308625340752,0.945528716206786,0.934884476936789,0.923771524003138,0.908213342121015,0.895469960466435,0.880457951222739,0.865096929916757,0.848867238672591,0.832851963726571,0.817400475068199,0.800000785000308,0.776225870676158,0.750041100783947,0.724731788193365,0.693599723853472,0.654141950955433,0.589503745099396,0.481608430721699,0.331586252275377,0.162356158962925
0.443182744827574,0.812160120281102,0.930347334853346,0.96996249123434,0.98593614909988,0.995450221099352,1,0.996511256930162,0.991631400293049,0.986096181854384,0.980097159268526,0.970585002969052,0.960637917926152,0.951350512452207,0.941508191478063,0.927536456859303,0.915784567956009,0.902036241851565,0.887800289636425,0.87240507500918,0.857214042941172,0.8427264105567,0.825888880699383,0.802770753098137,0.777237898224188,0.751600788987499,0.719898015433174,0.679706759869778,0.614282338163858,0.501284839048781,0.345078557966474,0.171787615840587
0.417114269649321,0.791258725678128,0.914700697383802,0.958049975049312,0.977083350752721,0.989235231927496,0.996511256930162,1,0.996968711330833,0.992933726436054,0.988399196632674,0.980775698761621,0.972292382663039,0.964166319882389,0.955275614808901,0.942575583020629,0.931329018004332,0.918300387283749,0.904898685716658,0.890257745800215,0.875753066411152,0.862076506716064,0.845848682589627,0.823906863344947,0.799176767144412,0.77404016346848,0.742944080074913,0.70294536861713,0.636563520324016,0.51970810011432,0.357755236575494,0.182430599108084
0.396961081930447,0.770950046506603,0.899621731193353,0.946318721977678,0.968139583276388,0.982475726519145,0.991631400293049,0.996968711330833,1,0.997543927599066,0.993805294877359,0.987751710315059,0.980744316470054,0.973189472686308,0.965068842635189,0.953306587445396,0.942716049593077,0.930639438893843,0.918638471709066,0.905147834031981,0.891504720844644,0.878806875214542,0.863364078864735,0.842628385448543,0.818318531619957,0.793660284747993,0.763510719957729,0.723298869857068,0.656927539584561,0.537683744265768,0.370483237346669,0.187486186471458
0.378239658466307,0.75335535313947,0.886542326266589,0.935963989137967,0.95963983071503,0.975449695652347,0.986096181854384,0.992933726436054,0.997543927599066,1,0.997509329120862,0.9927090986123,0.986915448513531,0.980139538767623,0.973071056140015,0.96233396689462,0.95238800149989,0.941186102791142,0.929837026560128,0.917197788406878,0.90445110219557,0.892425490294306,0.877789689373106,0.857907893812065,0.834413709109209,0.810561318693875,0.78092385026975,0.740868758778423,0.674256797445096,0.553224881735378,0.384030954250035,0.198342841255411
0.356406729046865,0.734996476654773,0.873173479194545,0.925459712047066,0.951157623158623,0.968242822878761,0.980097159268526,0.988399196632674,0.993805294877359,0.997509329120862,1,0.996864667707034,0.992136169492191,0.986414995457399,0.980499105030651,0.970703450680329,0.961411897834665,0.951143891607512,0.940481421170343,0.928559033968401,0.916356035018088,0.905126920876969,0.891137995869811,0.872249582261248,0.849447893723822,0.826594509861328,0.79805957088134,0.758187725154571,0.6921127208595,0.5705978216854,0.398607128749987,0.211660663780326
0.336596024019365,0.710587158047996,0.853873395966283,0.908792484981851,0.93700108141163,0.957308625340752,0.970585002969052,0.980775698761621,0.987751710315059,0.9927090986123,0.996864667707034,1,0.997366154099543,0.993019613896623,0.988108568840656,0.980334803346877,0.972515455951668,0.963595174251706,0.954249678003771,0.94313748179789,0.931900429293275,0.921733516998737,0.908552904166858,0.890782765162343,0.869059861700805,0.847366545342128,0.819846509042889,0.780009061310991,0.714073761062801,0.591317992420724,0.416798353169519,0.22406367783526
0.31567008960844,0.687646969282091,0.834980099576953,0.892566066037603,0.92316521101769,0.945528716206786,0.960637917926152,0.972292382663039,0.980744316470054,0.986915448513531,0.992136169492191,0.997366154099543,1,0.997569626465656,0.993941416190739,0.987635837158295,0.981267594840595,0.973642112403398,0.965525498516022,0.955363333467947,0.945005092099173,0.935550327477826,0.923420256445408,0.906814744064007,0.886536231162593,0.865589216000329,0.839182635858666,0.80023773547827,0.734519781224925,0.610044740220389,0.431195030234591,0.237117325043031
0.300607376988942,0.669887759565174,0.819772964778663,0.878903144727046,0.911242781650036,0.934884476936789,0.951350512452207,0.964166319882389,0.973189472686308,0.980139538767623,0.986414995457399,0.993019613896623,0.997569626465656,1,0.99767994898031,0.992956868133436,0.987507668722902,0.980647742840179,0.973271857590951,0.964057965637667,0.954706147485704,0.94604989516113,0.934297268589651,0.918792173487431,0.899924496126185,0.880066390347652,0.854686078654155,0.816470057670835,0.751900151109899,0.627470149153514,0.446898528874172,0.250900757087509
0.287620711426747,0.65383340241563,0.80518053991161,0.865513614112987,0.898984550990653,0.923771524003138,0.941508191478063,0.955275614808901,0.965068842635189,0.973071056140015,0.980499105030651,0.988108568840656,0.993941416190739,0.99767994898031,1,0.997286244243726,0.992977517220055,0.987181913365859,0.980852696289032,0.972552043267247,0.963800487369138,0.955621813681457,0.944583112873278,0.929978122166256,0.912607595824125,0.89350060901386,0.868879017630572,0.831249238062635,0.768029038879139,0.643349439167192,0.460295131124533,0.262365998065174
0.268027628802119,0.631915444232182,0.784308849049057,0.846268541211138,0.881357771829904,0.908213342121015,0.927536456859303,0.942575583020629,0.953306587445396,0.96233396689462,0.970703450680329,0.980334803346877,0.987635837158295,0.992956868133436,0.997286244243726,1,0.997637611919085,0.9932148508665,0.988123674552166,0.981225447724109,0.97371098841208,0.966491940762018,0.956259981037556,0.943045875678479,0.927527885669934,0.909594504109962,0.886027634855591,0.849631663108679,0.787631928041171,0.663242151155996,0.476683375149426,0.27805277952931
0.249153650898997,0.61408296737608,0.767210902814428,0.829964456667433,0.866671679864544,0.895469960466435,0.915784567956009,0.931329018004332,0.942716049593077,0.95238800149989,0.961411897834665,0.972515455951668,0.981267594840595,0.987507668722902,0.992977517220055,0.997637611919085,1,0.997648242265253,0.99352519486164,0.987609103161526,0.981130008934649,0.974415934352054,0.965027971973854,0.952960560395387,0.938362519151026,0.92140680506692,0.898669648509391,0.863243148258325,0.801978297123798,0.677740647539638,0.489745305206918,0.290316813934175
0.228666497152951,0.592808653830111,0.748082125617657,0.812079861002248,0.849903178541587,0.880457951222739,0.902036241851565,0.918300387283749,0.930639438893843,0.941186102791142,0.951143891607512,0.963595174251706,0.973642112403398,0.980647742840179,0.987181913365859,0.9932148508665,0.997648242265253,1,0.997526764889645,0.992797297456765,0.987499590437511,0.981594815969661,0.97361681662645,0.962871996571568,0.94923841642251,0.93323606170919,0.911687265936166,0.877600006727178,0.81738241764201,0.693662817752177,0.50541983263318,0.302950908414522
0.213127407955652,0.573327210618969,0.729512882335129,0.794364090094548,0.833427434437812,0.865096929916757,0.887800289636425,0.904898685716658,0.918638471709066,0.929837026560128,0.940481421170343,0.954249678003771,0.965525498516022,0.973271857590951,0.980852696289032,0.988123674552166,0.99352519486164,0.997526764889645,1,0.99727290279617,0.993310300290689,0.988545755440274,0.981968022869955,0.97275959458786,0.960797077297875,0.946099208120412,0.926047688507847,0.893745384002421,0.83576445507198,0.714390836829865,0.526056358349642,0.318223255314919
0.199935605671988,0.556562045276836,0.712621799089372,0.777308568513467,0.816864695205265,0.848867238672591,0.87240507500918,0.890257745800215,0.905147834031981,0.917197788406878,0.928559033968401,0.94313748179789,0.955363333467947,0.964057965637667,0.972552043267247,0.981225447724109,0.987609103161526,0.992797297456765,0.99727290279617,1,0.997589681732378,0.993791059414678,0.988442794447117,0.980765132825914,0.970386511996667,0.957413024985945,0.939040172305552,0.908245314483831,0.853255742128803,0.736393447845532,0.549460350550291,0.333578118891866
0.18812279095811,0.537727886593999,0.694296265209927,0.75955424421454,0.800070040846416,0.832851963726571,0.857214042941172,0.875753066411152,0.891504720844644,0.90445110219557,0.916356035018088,0.931900429293275,0.945005092099173,0.954706147485704,0.963800487369138,0.97371098841208,0.981130008934649,0.987499590437511,0.993310300290689,0.997589681732378,1,0.99752128629253,0.993303506454431,0.986747209246538,0.977476711880033,0.965737659306516,0.948566434128989,0.919383889852345,0.866956879877745,0.7529111409576,0.568292189443603,0.348340453288103
0.183526306876862,0.524075555834937,0.678082029349295,0.743179938815324,0.784223527778006,0.817400475068199,0.8427264105567,0.862076506716064,0.878806875214542,0.892425490294306,0.905126920876969,0.921733516998737,0.935550327477826,0.94604989516113,0.955621813681457,0.966491940762018,0.974415934352054,0.981594815969661,0.988545755440274,0.993791059414678,0.99752128629253,1,0.996951215335229,0.991726640186272,0.983476520166611,0.972976818674641,0.957105997834145,0.930008899055989,0.880156569085085,0.769170655992521,0.586209350717126,0.364358356467341
0.175943893903247,0.508507170062807,0.66089770500016,0.725126243347301,0.766111407268557,0.800000785000308,0.825888880699383,0.845848682589627,0.863364078864735,0.877789689373106,0.891137995869811,0.908552904166858,0.923420256445408,0.934297268589651,0.944583112873278,0.956259981037556,0.965027971973854,0.97361681662645,0.981968022869955,0.988442794447117,0.993303506454431,0.996951215335229,1,0.996438726628319,0.989673513928403,0.980824160995871,0.966472401997013,0.941486596580864,0.894136077098381,0.785480213754576,0.605169198632423,0.385997054951414
0.164994720289524,0.487762575734661,0.637058518565278,0.700376502711697,0.742206490569749,0.776225870676158,0.802770753098137,0.823906863344947,0.842628385448543,0.857907893812065,0.872249582261248,0.890782765162343,0.906814744064007,0.918792173487431,0.929978122166256,0.943045875678479,0.952960560395387,0.962871996571568,0.97275959458786,0.980765132825914,0.986747209246538,0.991726640186272,0.996438726628319,1,0.995912288202874,0.989902519917948,0.978392793849011,0.957598060329422,0.914447399024749,0.810449096061464,0.632700078724133,0.408769447810774
0.157006260935625,0.467231535895648,0.611381298203199,0.673583882290764,0.715491587445466,0.750041100783947,0.777237898224188,0.799176767144412,0.818318531619957,0.834413709109209,0.849447893723822,0.869059861700805,0.886536231162593,0.899924496126185,0.912607595824125,0.927527885669934,0.938362519151026,0.94923841642251,0.960797077297875,0.970386511996667,0.977476711880033,0.983476520166611,0.989673513928403,0.995912288202874,1,0.995853788731486,0.987116163855869,0.970162144714579,0.931311426675878,0.832231367910026,0.658032349093804,0.429892769412458
0.1583615308891,0.450327200076826,0.589057355008684,0.649163656454716,0.690707796083835,0.724731788193365,0.751600788987499,0.77404016346848,0.793660284747993,0.810561318693875,0.826594509861328,0.847366545342128,0.865589216000329,0.880066390347652,0.89350060901386,0.909594504109962,0.92140680506692,0.93323606170919,0.946099208120412,0.957413024985945,0.965737659306516,0.972976818674641,0.980824160995871,0.989902519917948,0.995853788731486,1,0.994402876549155,0.981137642413393,0.948590179142938,0.858111025621855,0.69269225399386,0.457810239648957
0.158346499492305,0.430522406190469,0.562174295056776,0.618976910948963,0.659780817269149,0.693599723853472,0.719898015433174,0.742944080074913,0.763510719957729,0.78092385026975,0.79805957088134,0.819846509042889,0.839182635858666,0.854686078654155,0.868879017630572,0.886027634855591,0.898669648509391,0.911687265936166,0.926047688507847,0.939040172305552,0.948566434128989,0.957105997834145,0.966472401997013,0.978392793849011,0.987116163855869,0.994402876549155,1,0.991526941968011,0.965395162064914,0.883936183906471,0.726693689372015,0.488082417646511
0.160635512664802,0.408590848255737,0.529745344930092,0.582730988458675,0.621736516821741,0.654141950955433,0.679706759869778,0.70294536861713,0.723298869857068,0.740868758778423,0.758187725154571,0.780009061310991,0.80023773547827,0.816470057670835,0.831249238062635,0.849631663108679,0.863243148258325,0.877600006727178,0.893745384002421,0.908245314483831,0.919383889852345,0.930008899055989,0.941486596580864,0.957598060329422,0.970162144714579,0.981137642413393,0.991526941968011,1,0.984541818623566,0.918649209248599,0.773113565401349,0.532752996074665
0.163239116685854,0.374393315660585,0.479555999738313,0.52565400218647,0.560373893669229,0.589503745099396,0.614282338163858,0.636563520324016,0.656927539584561,0.674256797445096,0.6921127208595,0.714073761062801,0.734519781224925,0.751900151109899,0.768029038879139,0.787631928041171,0.801978297123798,0.81738241764201,0.83576445507198,0.853255742128803,0.866956879877745,0.880156569085085,0.894136077098381,0.914447399024749,0.931311426675878,0.948590179142938,0.965395162064914,0.984541818623566,1,0.958034786346657,0.830831074588158,0.579485179222298
0.174155182023309,0.326798441872857,0.402602946891091,0.433172637047889,0.459072080004885,0.481608430721699,0.501284839048781,0.51970810011432,0.537683744265768,0.553224881735378,0.5705978216854,0.591317992420724,0.610044740220389,0.627470149153514,0.643349439167192,0.663242151155996,0.677740647539638,0.693662817752177,0.714390836829865,0.736393447845532,0.7529111409576,0.769170655992521,0.785480213754576,0.810449096061464,0.832231367910026,0.858111025621855,0.883936183906471,0.918649209248599,0.958034786346657,1,0.914388770133595,0.655943856525398
0.180893763209031,0.257973574689358,0.293667036217678,0.306284945781685,0.319030752466753,0.331586252275377,0.345078557966474,0.357755236575494,0.370483237346669,0.384030954250035,0.398607128749987,0.416798353169519,0.431195030234591,0.446898528874172,0.460295131124533,0.476683375149426,0.489745305206918,0.50541983263318,0.526056358349642,0.549460350550291,0.568292189443603,0.586209350717126,0.605169198632423,0.632700078724133,0.658032349093804,0.69269225399386,0.726693689372015,0.773113565401349,0.830831074588158,0.914388770133595,1,0.728609862668489
0.10006319918249,0.125249109228503,0.138669365772141,0.148262025198944,0.153894342191311,0.162356158962925,0.171787615840587,0.182430599108084,0.187486186471458,0.198342841255411,0.211660663780326,0.22406367783526,0.237117325043031,0.250900757087509,0.262365998065174,0.27805277952931,0.290316813934175,0.302950908414522,0.318223255314919,0.333578118891866,0.348340453288103,0.364358356467341,0.385997054951414,0.408769447810774,0.429892769412458,0.457810239648957,0.488082417646511,0.532752996074665,0.579485179222298,0.655943856525398,0.728609862668489,1
