1,0.798060958648253,0.743060404836333,0.71137855821033,0.689912424695331,0.67692608989941,0.663482406461956,0.655728580167134,0.649992346669173,0.643127348316932,0.633218294419852,0.627771748544393,0.613563157500049,0.601859229760748,0.586601394039177,0.564730615848716,0.546776712336006,0.523340065733366,0.505806506659791,0.483354654482723,0.465718543650703,0.451976683231184,0.436874997134429,0.413304944076937,0.400725059227949,0.381336203274785,0.363175582603023,0.329792861062872,0.278531960768372,0.192365211803062,0.171143031530907,0.138479830047344
0.798060958648253,1,0.955744601343938,0.929973642185295,0.907112710134802,0.889822030294539,0.874938558374552,0.863176387956725,0.852679580023882,0.842744674829148,0.827754394755049,0.814828555908364,0.79379692573296,0.77678193478846,0.758251996334005,0.725757059392358,0.699137571408325,0.665889553330449,0.642270538438095,0.611480322342952,0.589132751493676,0.565220719282225,0.540031439251309,0.507231547474441,0.481031043070755,0.451903760861706,0.422971972718411,0.388486184043358,0.327560499088702,0.224330065228459,0.17226679120769,0.0896751788127824
0.743060404836333,0.955744601343938,1,0.978921256283774,0.959294053333157,0.946007005074889,0.932917629458163,0.921911559459592,0.913596141786069,0.903520627081007,0.888401266270585,0.876045317093661,0.857227419898727,0.842247096197643,0.825601030824568,0.793158679379094,0.76697155160147,0.734453808405743,0.709721731450947,0.677521265493894,0.655325608449439,0.631849317691982,0.607112927125441,0.573368257132207,0.544179283194501,0.514517510659996,0.483237640518741,0.44611252372994,0.385108367458557,0.274789260821428,0.197306556628086,0.0935685156428304
0.71137855821033,0.929973642185295,0.978921256283774,1,0.983764084293274,0.970603294678667,0.958910615378815,0.948592622130954,0.940836834431703,0.930834430977621,0.918122242950954,0.904896433301156,0.887009032048211,0.87219384591861,0.856184267210967,0.825418406420112,0.799392085032105,0.767884187867261,0.743297074983941,0.711718124752399,0.689214409109507,0.666751828520821,0.643304742822812,0.610302065626991,0.581533604743138,0.550591804666846,0.516953863091333,0.479141906403645,0.4186342111752,0.296721748678096,0.211140138769229,0.0914361614983588
0.689912424695331,0.907112710134802,0.959294053333157,0.983764084293274,1,0.990332484548275,0.979193468712019,0.96980186417537,0.960823068153171,0.950949783295569,0.940743660390295,0.928123934129568,0.91230947176662,0.89806240941158,0.881515638073376,0.852551977930328,0.828476038775592,0.799366584584504,0.775253356486001,0.744933924024223,0.722102529341936,0.699630571090894,0.675629793424901,0.643087688457833,0.614821514171601,0.583562910482937,0.550520259744488,0.513531095839199,0.446789113892817,0.316546946540298,0.218747126487746,0.0924082790430124
0.67692608989941,0.889822030294539,0.946007005074889,0.970603294678667,0.990332484548275,1,0.991462728035701,0.983851990861449,0.975366550481911,0.966727457778821,0.95717305384656,0.945471997580516,0.931725646277453,0.91869207179052,0.901762465044325,0.874008151880704,0.850692709317941,0.822617229572548,0.799381947796068,0.770847197851658,0.748584869031052,0.72620290368035,0.702807654773187,0.670396878282873,0.642969840942789,0.612025288421503,0.578605747726865,0.540775854638398,0.475136813118555,0.335099326674231,0.231777497990637,0.0966020260470935
0.663482406461956,0.874938558374552,0.932917629458163,0.958910615378815,0.979193468712019,0.991462728035701,1,0.993274671873349,0.984845819585334,0.97766143890495,0.96895881605435,0.957784936982151,0.945623449689812,0.93382317928848,0.917623978998355,0.891599361448282,0.869121130767598,0.842471772698051,0.820631172745241,0.793575712336469,0.772090224577081,0.74981365930349,0.727619172486663,0.696277300041945,0.668829424294697,0.638755799656365,0.605569828114405,0.568003239166961,0.498629635661944,0.349855549825012,0.239263836709548,0.0994246005725269
0.655728580167134,0.863176387956725,0.921911559459592,0.948592622130954,0.96980186417537,0.983851990861449,0.993274671873349,1,0.993277601465737,0.98686603787769,0.979489497086243,0.96956046108462,0.958582111857669,0.947527909046962,0.932834328528418,0.90960298602651,0.888849852893401,0.864044396779374,0.843444152588378,0.817768733677201,0.797256658113074,0.775076685684305,0.753456879449565,0.723607840921466,0.697154711338705,0.667010778902586,0.634681669517895,0.59557066696571,0.5259098255728,0.370964088191879,0.253088973718049,0.101160536370583
0.649992346669173,0.852679580023882,0.913596141786069,0.940836834431703,0.960823068153171,0.975366550481911,0.984845819585334,0.993277601465737,1,0.994203981239803,0.987874118034945,0.979121457412346,0.969735614095251,0.959349355052597,0.946269669160875,0.925252427495093,0.905656184207104,0.882325074765363,0.862730215859682,0.838775068221004,0.819117125946151,0.798090706435798,0.777734119912691,0.749565041481243,0.723210843636891,0.694306975596308,0.663064592065987,0.624579330135182,0.551931481902153,0.390515953437264,0.263363346959469,0.102288345148834
0.643127348316932,0.842744674829148,0.903520627081007,0.930834430977621,0.950949783295569,0.966727457778821,0.97766143890495,0.98686603787769,0.994203981239803,1,0.99440932064089,0.98710495741542,0.978611666843842,0.968884519937383,0.957133696994275,0.937520532286744,0.918699062018835,0.896421797308334,0.877996534750823,0.855385010292603,0.836959264267991,0.816950859983173,0.797059268119731,0.769523659149705,0.744049570498986,0.716482791848474,0.685554579663329,0.647180269923702,0.575899839474919,0.411520649593057,0.27134586977608,0.107460422155022
0.633218294419852,0.827754394755049,0.888401266270585,0.918122242950954,0.940743660390295,0.95717305384656,0.96895881605435,0.979489497086243,0.987874118034945,0.99440932064089,1,0.994118060996582,0.986524445067806,0.976859123580285,0.965669672064201,0.947027869599567,0.929545490383108,0.90944769077051,0.891968116160882,0.870570189730365,0.853238463616527,0.83362869570131,0.814466670898743,0.788295013298736,0.765216294961473,0.738562862038148,0.707797516071359,0.669996092011988,0.597542273764964,0.429506952326249,0.27976036939641,0.104374788431197
0.627771748544393,0.814828555908364,0.876045317093661,0.904896433301156,0.928123934129568,0.945471997580516,0.957784936982151,0.96956046108462,0.979121457412346,0.98710495741542,0.994118060996582,1,0.993682375533775,0.985366023342124,0.975021941219182,0.9579325808537,0.941911614332064,0.923066068266847,0.905645050497297,0.885298390595778,0.868933757373183,0.849926579428735,0.831357614899887,0.806958565669595,0.784061618606978,0.757834516831953,0.729067628503732,0.691407815824287,0.618717276295916,0.449197729343576,0.288691786600416,0.114353361570456
0.613563157500049,0.79379692573296,0.857227419898727,0.887009032048211,0.91230947176662,0.931725646277453,0.945623449689812,0.958582111857669,0.969735614095251,0.978611666843842,0.986524445067806,0.993682375533775,1,0.994285107774392,0.986076295412337,0.971518675634289,0.956508623610015,0.93978646493238,0.924016310294512,0.904933423620157,0.889312904209185,0.87179002024412,0.853883571845779,0.83092833704589,0.80873300099995,0.783838620067025,0.756388537232996,0.719752089772466,0.646388226314914,0.473036135990037,0.300566431031814,0.119659055732027
0.601859229760748,0.77678193478846,0.842247096197643,0.87219384591861,0.89806240941158,0.91869207179052,0.93382317928848,0.947527909046962,0.959349355052597,0.968884519937383,0.976859123580285,0.985366023342124,0.994285107774392,1,0.99429649260665,0.981648341513363,0.967770568940341,0.951846258491263,0.936489202867407,0.917924644844412,0.903313687839604,0.886878675259592,0.870079557271575,0.847117812889784,0.825557960766798,0.802671170566419,0.775883323666992,0.738714955301062,0.66256702144211,0.483353196389022,0.309240098381888,0.127155214039345
0.586601394039177,0.758251996334005,0.825601030824568,0.856184267210967,0.881515638073376,0.901762465044325,0.917623978998355,0.932834328528418,0.946269669160875,0.957133696994275,0.965669672064201,0.975021941219182,0.986076295412337,0.99429649260665,1,0.992327120587526,0.981117029420062,0.967106963824438,0.95355315721373,0.936308633617104,0.922332973992688,0.906526810360582,0.890429084439611,0.86968919730572,0.848842096999235,0.827017750574232,0.800311647142265,0.76369316445121,0.688765042076868,0.507146744950049,0.322095517766321,0.130384967675764
0.564730615848716,0.725757059392358,0.793158679379094,0.825418406420112,0.852551977930328,0.874008151880704,0.891599361448282,0.90960298602651,0.925252427495093,0.937520532286744,0.947027869599567,0.9579325808537,0.971518675634289,0.981648341513363,0.992327120587526,1,0.993448702250662,0.983227315763672,0.971335968991378,0.956686909824032,0.944574460493828,0.930611726565653,0.916558865589047,0.899324737973812,0.881032806913418,0.861002998939537,0.836230003571882,0.801752615721744,0.728348732322738,0.537591285929504,0.346307650165128,0.140182858944384
0.546776712336006,0.699137571408325,0.76697155160147,0.799392085032105,0.828476038775592,0.850692709317941,0.869121130767598,0.888849852893401,0.905656184207104,0.918699062018835,0.929545490383108,0.941911614332064,0.956508623610015,0.967770568940341,0.981117029420062,0.993448702250662,1,0.993596127565331,0.983891524255369,0.970907251986588,0.960498239721571,0.948206613609106,0.935505323182082,0.91921700286019,0.902957674766819,0.883751295113647,0.860383482817163,0.826539721765182,0.754484188471342,0.560131709736938,0.354716671304024,0.143276964241085
0.523340065733366,0.665889553330449,0.734453808405743,0.767884187867261,0.799366584584504,0.822617229572548,0.842471772698051,0.864044396779374,0.882325074765363,0.896421797308334,0.90944769077051,0.923066068266847,0.93978646493238,0.951846258491263,0.967106963824438,0.983227315763672,0.993596127565331,1,0.99417299567954,0.984546530794644,0.975863395090302,0.965109689064814,0.953743759308312,0.93983390822488,0.925165337594228,0.906839345748498,0.885749954289838,0.85425637148678,0.782977813701939,0.585932136018317,0.377412493253419,0.155698874108938
0.505806506659791,0.642270538438095,0.709721731450947,0.743297074983941,0.775253356486001,0.799381947796068,0.820631172745241,0.843444152588378,0.862730215859682,0.877996534750823,0.891968116160882,0.905645050497297,0.924016310294512,0.936489202867407,0.95355315721373,0.971335968991378,0.983891524255369,0.99417299567954,1,0.994374758841903,0.986560553705639,0.976608641455426,0.965907737638027,0.952852487569278,0.939259081631787,0.921355199081236,0.901027859132866,0.870815532380003,0.799893291626534,0.603913205631441,0.389868925227162,0.157864233917949
0.483354654482723,0.611480322342952,0.677521265493894,0.711718124752399,0.744933924024223,0.770847197851658,0.793575712336469,0.817768733677201,0.838775068221004,0.855385010292603,0.870570189730365,0.885298390595778,0.904933423620157,0.917924644844412,0.936308633617104,0.956686909824032,0.970907251986588,0.984546530794644,0.994374758841903,1,0.994863637658924,0.987139104133895,0.977857616352611,0.965622979492494,0.953361401173416,0.936550147640633,0.918201163197393,0.888058347726836,0.817028521982138,0.617010964207324,0.401071179592124,0.162179395567935
0.465718543650703,0.589132751493676,0.655325608449439,0.689214409109507,0.722102529341936,0.748584869031052,0.772090224577081,0.797256658113074,0.819117125946151,0.836959264267991,0.853238463616527,0.868933757373183,0.889312904209185,0.903313687839604,0.922332973992688,0.944574460493828,0.960498239721571,0.975863395090302,0.986560553705639,0.994863637658924,1,0.994638328768589,0.98655736263611,0.975039254465492,0.963558368451284,0.948458700916714,0.931813235992961,0.901528597579706,0.82965109578736,0.627302730952293,0.411903155744472,0.170252287880547
0.451976683231184,0.565220719282225,0.631849317691982,0.666751828520821,0.699630571090894,0.72620290368035,0.74981365930349,0.775076685684305,0.798090706435798,0.816950859983173,0.83362869570131,0.849926579428735,0.87179002024412,0.886878675259592,0.906526810360582,0.930611726565653,0.948206613609106,0.965109689064814,0.976608641455426,0.987139104133895,0.994638328768589,1,0.994121942242113,0.984019181049369,0.973472907345277,0.96003093006005,0.945518206998502,0.916027285898837,0.843732442968451,0.638956569215807,0.423153480239236,0.178186141563109
0.436874997134429,0.540031439251309,0.607112927125441,0.643304742822812,0.675629793424901,0.702807654773187,0.727619172486663,0.753456879449565,0.777734119912691,0.797059268119731,0.814466670898743,0.831357614899887,0.853883571845779,0.870079557271575,0.890429084439611,0.916558865589047,0.935505323182082,0.953743759308312,0.965907737638027,0.977857616352611,0.98655736263611,0.994121942242113,1,0.993106728157613,0.984324536925016,0.972382685029022,0.959859346824777,0.930745958012303,0.862105176356123,0.650711933016749,0.431563303413718,0.17663465752106
0.413304944076937,0.507231547474441,0.573368257132207,0.610302065626991,0.643087688457833,0.670396878282873,0.696277300041945,0.723607840921466,0.749565041481243,0.769523659149705,0.788295013298736,0.806958565669595,0.83092833704589,0.847117812889784,0.86968919730572,0.899324737973812,0.91921700286019,0.93983390822488,0.952852487569278,0.965622979492494,0.975039254465492,0.984019181049369,0.993106728157613,1,0.992897281831164,0.98303665518607,0.971672445265083,0.946077352812607,0.881641923150487,0.666626396066441,0.443111257162315,0.180566966096652
0.400725059227949,0.481031043070755,0.544179283194501,0.581533604743138,0.614821514171601,0.642969840942789,0.668829424294697,0.697154711338705,0.723210843636891,0.744049570498986,0.765216294961473,0.784061618606978,0.80873300099995,0.825557960766798,0.848842096999235,0.881032806913418,0.902957674766819,0.925165337594228,0.939259081631787,0.953361401173416,0.963558368451284,0.973472907345277,0.984324536925016,0.992897281831164,1,0.992272172941413,0.982470795311126,0.958385604668411,0.897414756792561,0.683452282238003,0.456544609606301,0.184382931177397
0.381336203274785,0.451903760861706,0.514517510659996,0.550591804666846,0.583562910482937,0.612025288421503,0.638755799656365,0.667010778902586,0.694306975596308,0.716482791848474,0.738562862038148,0.757834516831953,0.783838620067025,0.802671170566419,0.827017750574232,0.861002998939537,0.883751295113647,0.906839345748498,0.921355199081236,0.936550147640633,0.948458700916714,0.96003093006005,0.972382685029022,0.98303665518607,0.992272172941413,1,0.991671342138163,0.970369280564993,0.914856150517048,0.705174852264079,0.468425239689977,0.19038656520135
0.363175582603023,0.422971972718411,0.483237640518741,0.516953863091333,0.550520259744488,0.578605747726865,0.605569828114405,0.634681669517895,0.663064592065987,0.685554579663329,0.707797516071359,0.729067628503732,0.756388537232996,0.775883323666992,0.800311647142265,0.836230003571882,0.860383482817163,0.885749954289838,0.901027859132866,0.918201163197393,0.931813235992961,0.945518206998502,0.959859346824777,0.971672445265083,0.982470795311126,0.991671342138163,1,0.983248463641152,0.927908170305501,0.726109094071811,0.487481146476888,0.207105751711067
0.329792861062872,0.388486184043358,0.44611252372994,0.479141906403645,0.513531095839199,0.540775854638398,0.568003239166961,0.59557066696571,0.624579330135182,0.647180269923702,0.669996092011988,0.691407815824287,0.719752089772466,0.738714955301062,0.76369316445121,0.801752615721744,0.826539721765182,0.85425637148678,0.870815532380003,0.888058347726836,0.901528597579706,0.916027285898837,0.930745958012303,0.946077352812607,0.958385604668411,0.970369280564993,0.983248463641152,1,0.958784385692041,0.78306545777174,0.524040228620184,0.225279765347735
0.278531960768372,0.327560499088702,0.385108367458557,0.4186342111752,0.446789113892817,0.475136813118555,0.498629635661944,0.5259098255728,0.551931481902153,0.575899839474919,0.597542273764964,0.618717276295916,0.646388226314914,0.66256702144211,0.688765042076868,0.728348732322738,0.754484188471342,0.782977813701939,0.799893291626534,0.817028521982138,0.82965109578736,0.843732442968451,0.862105176356123,0.881641923150487,0.897414756792561,0.914856150517048,0.927908170305501,0.958784385692041,1,0.871972948552888,0.577843856688129,0.241996137827414
0.192365211803062,0.224330065228459,0.274789260821428,0.296721748678096,0.316546946540298,0.335099326674231,0.349855549825012,0.370964088191879,0.390515953437264,0.411520649593057,0.429506952326249,0.449197729343576,0.473036135990037,0.483353196389022,0.507146744950049,0.537591285929504,0.560131709736938,0.585932136018317,0.603913205631441,0.617010964207324,0.627302730952293,0.638956569215807,0.650711933016749,0.666626396066441,0.683452282238003,0.705174852264079,0.726109094071811,0.78306545777174,0.871972948552888,1,0.670955090681651,0.281820747096494
0.171143031530907,0.17226679120769,0.197306556628086,0.211140138769229,0.218747126487746,0.231777497990637,0.239263836709548,0.253088973718049,0.263363346959469,0.27134586977608,0.27976036939641,0.288691786600416,0.300566431031814,0.309240098381888,0.322095517766321,0.346307650165128,0.354716671304024,0.377412493253419,0.389868925227162,0.401071179592124,0.411903155744472,0.423153480239236,0.431563303413718,0.443111257162315,0.456544609606301,0.468425239689977,0.487481146476888,0.524040228620184,0.577843856688129,0.670955090681651,1,0.455351907570306
0.138479830047344,0.0896751788127824,0.0935685156428304,0.0914361614983588,0.0924082790430124,0.0966020260470935,0.0994246005725269,0.101160536370583,0.102288345148834,0.107460422155022,0.104374788431197,0.114353361570456,0.119659055732027,0.127155214039345,0.130384967675764,0.140182858944384,0.143276964241085,0.155698874108938,0.157864233917949,0.162179395567935,0.170252287880547,0.178186141563109,0.17663465752106,0.180566966096652,0.184382931177397,0.19038656520135,0.207105751711067,0.225279765347735,0.241996137827414,0.281820747096494,0.455351907570306,1
