1,0.903648419437047,0.81395125584143,0.781126990241145,0.720915482110286,0.671803621160058,0.614819870854436,0.560289834258157,0.473692507042262,0.42005980925454,0.353830125669541,0.293686825388961,0.219634864737149,0.137735114824132,0.0540034378100155,-0.0296873888820115,-0.0977866429034374,-0.164754224419315,-0.225281496408396,-0.267104838893976,-0.323925103943488,-0.372355643243089,-0.415258732845427,-0.454428623080722,-0.487769870599385,-0.520690296324525,-0.553218673068489,-0.550867051334356,-0.558262299863153,-0.580006922127299,-0.445092391287625,-0.400038750861834
0.903648419437047,1,0.925587343901728,0.867488703029397,0.821956492165466,0.756294822358131,0.689484522890102,0.639683678427309,0.549103751766941,0.499279169196612,0.41825912206117,0.350191640098117,0.275206037709013,0.194850303925248,0.105039729026973,0.00871633857855397,-0.0605472411575617,-0.133939780437824,-0.199477861953426,-0.245484897883149,-0.309892586342706,-0.356078012954791,-0.399260566505168,-0.435877159113528,-0.471834810199422,-0.514413777548448,-0.55469294249083,-0.564908308095057,-0.56517431202059,-0.540540010512986,-0.415197132818021,-0.347613133800973
0.81395125584143,0.925587343901728,1,0.95302355330915,0.910265941477339,0.850959501397757,0.791362076090191,0.753434312466599,0.672072380801763,0.624774514699212,0.545117509126788,0.478869993023216,0.412604163472868,0.339388512464695,0.254575228629046,0.155936642508001,0.0820113305944867,-0.00274680963258687,-0.0682058003707952,-0.120760999304253,-0.193361208593524,-0.245941149009481,-0.294437209847623,-0.336321755673432,-0.376937510268882,-0.438684512767952,-0.492160931431727,-0.524689851117864,-0.551026970752455,-0.542993725979699,-0.418945984539426,-0.345850064996379
0.781126990241145,0.867488703029397,0.95302355330915,1,0.97143574558263,0.923754805181371,0.876892002616581,0.838174804423516,0.765067238881021,0.717569540505965,0.644731428264752,0.585589631170677,0.520883887651179,0.452957631337399,0.367636366621347,0.271636235864127,0.197933128458956,0.118257125225727,0.0473302573128343,-0.00590583559552249,-0.0781090809767419,-0.13409696436754,-0.190252417917733,-0.240384199307884,-0.29047513160284,-0.358558913707442,-0.415772035200498,-0.459937664186909,-0.507829345282457,-0.5239084163227,-0.374196368111445,-0.339438613587842
0.720915482110286,0.821956492165466,0.910265941477339,0.97143574558263,1,0.95304224939491,0.911330719357231,0.880004485016487,0.821975683757586,0.778556856338797,0.708012859915392,0.651407531350164,0.589511652358251,0.530598910041938,0.446215052697448,0.350258648909146,0.278927536704918,0.202549772416579,0.129722448816486,0.0747223182910423,0.000557385319079304,-0.0544019081710294,-0.11221160452378,-0.16081314296764,-0.214258995018503,-0.292460613597014,-0.354286633167747,-0.406311991570057,-0.461585705582849,-0.477526041960503,-0.338096763801578,-0.312035560500679
0.671803621160058,0.756294822358131,0.850959501397757,0.923754805181371,0.95304224939491,1,0.978444638827114,0.950963065680583,0.902722427775836,0.861615970178009,0.797961643322233,0.744147324973332,0.683375261330468,0.62660493118886,0.546832631948597,0.453189279857289,0.383452032719342,0.311109928367806,0.240905559773942,0.18305059274488,0.103591332831219,0.0511224760045378,-0.00343825897481002,-0.056957851519912,-0.120537402340662,-0.211055293872531,-0.284776398648576,-0.343221414457808,-0.412893020632284,-0.450718906640204,-0.32367673477045,-0.301873481515041
0.614819870854436,0.689484522890102,0.791362076090191,0.876892002616581,0.911330719357231,0.978444638827114,1,0.979579341676945,0.939238476696652,0.904582762619647,0.850046974440038,0.80225858190926,0.745221948569267,0.695906048392895,0.624488586904025,0.537961525362953,0.472754860569923,0.405973027196874,0.336334691656404,0.27812015169767,0.200878656181125,0.14926795659394,0.0949196559991092,0.0351706415529625,-0.0327853084084305,-0.129846803093738,-0.202452615042307,-0.264930059438676,-0.348799279914683,-0.414599652442032,-0.295839847424156,-0.298851307997112
0.560289834258157,0.639683678427309,0.753434312466599,0.838174804423516,0.880004485016487,0.950963065680583,0.979579341676945,1,0.9760424706101,0.946003072969076,0.901489437308809,0.859080042246455,0.80729532445416,0.761166253658326,0.691475105725811,0.611239407033686,0.550533777646837,0.48274873152107,0.415572054860345,0.357789644789903,0.281919319311554,0.232434808769234,0.17869800985334,0.119560635473812,0.0488435123292324,-0.0513823072112229,-0.133956048588136,-0.20674092180239,-0.300038432562059,-0.37326113535116,-0.261866787176817,-0.269909665759319
0.473692507042262,0.549103751766941,0.672072380801763,0.765067238881021,0.821975683757586,0.902722427775836,0.939238476696652,0.9760424706101,1,0.982909237904121,0.953401988848184,0.920652424545171,0.879211515457236,0.840026435875624,0.777743574921358,0.706484793625327,0.652692797805462,0.590336055470251,0.526424358957114,0.469814282358172,0.395919880854156,0.350452527935775,0.296742464922927,0.238085096842028,0.165152103779452,0.0596123400074326,-0.0323748996110964,-0.119583689985686,-0.224664266802213,-0.317753892893606,-0.220482875128849,-0.253734585907447
0.42005980925454,0.499279169196612,0.624774514699212,0.717569540505965,0.778556856338797,0.861615970178009,0.904582762619647,0.946003072969076,0.982909237904121,1,0.982107538033446,0.954992297794787,0.920514826862656,0.885867421727296,0.82951597265855,0.76482686735754,0.713926333780773,0.652243792938192,0.591740928906284,0.538398090220985,0.466485070143519,0.424515492080528,0.37084461647695,0.313624451378635,0.241277759812611,0.137561804772472,0.0468439255578573,-0.0477814411003622,-0.160364400878591,-0.266229988804662,-0.171707925339937,-0.234842137888313
0.353830125669541,0.41825912206117,0.545117509126788,0.644731428264752,0.708012859915392,0.797961643322233,0.850046974440038,0.901489437308809,0.953401988848184,0.982107538033446,1,0.985377227733126,0.96016880227161,0.930523771466404,0.88110895431908,0.826447941629178,0.78071854216182,0.722885669407256,0.666061489794559,0.61312174739275,0.545725823996307,0.50557761545704,0.451937163868697,0.394827448787794,0.322036359623326,0.218815741297967,0.125939595964294,0.0227343209206738,-0.0975108955715749,-0.223273655274663,-0.132762955067364,-0.222447362373879
0.293686825388961,0.350191640098117,0.478869993023216,0.585589631170677,0.651407531350164,0.744147324973332,0.80225858190926,0.859080042246455,0.920652424545171,0.954992297794787,0.985377227733126,1,0.985734960077457,0.962300014661506,0.920305985488575,0.873839331838596,0.834058525985589,0.780269489580229,0.728994637824544,0.678727864298924,0.615861422664937,0.577602896562172,0.524212752647218,0.46882562796015,0.396965300179159,0.296037372096545,0.20020874023358,0.09290164101781,-0.029962399717442,-0.166804616146342,-0.0790863164929813,-0.191726998670618
0.219634864737149,0.275206037709013,0.412604163472868,0.520883887651179,0.589511652358251,0.683375261330468,0.745221948569267,0.80729532445416,0.879211515457236,0.920514826862656,0.96016880227161,0.985734960077457,1,0.984792175187314,0.951780393560254,0.914588634921009,0.880872914926917,0.831240953397572,0.78710871405255,0.740512840508901,0.682615176486184,0.646288609528852,0.594569798833893,0.542414860892165,0.474086716194402,0.377217096891284,0.284587131414033,0.171426180688499,0.0439709698402109,-0.102509872995874,-0.023462516996248,-0.156113518325497
0.137735114824132,0.194850303925248,0.339388512464695,0.452957631337399,0.530598910041938,0.62660493118886,0.695906048392895,0.761166253658326,0.840026435875624,0.885867421727296,0.930523771466404,0.962300014661506,0.984792175187314,1,0.98174654933714,0.952137359111789,0.92460835777974,0.881686932402989,0.840236064042616,0.794975551865159,0.741883377821176,0.709543973465972,0.660755131667036,0.611401504790647,0.546472773145203,0.451952779827746,0.361962868018019,0.246726670713929,0.11530394307537,-0.0361987931751216,0.0291266519078525,-0.115448872792112
0.0540034378100155,0.105039729026973,0.254575228629046,0.367636366621347,0.446215052697448,0.546832631948597,0.624488586904025,0.691475105725811,0.777743574921358,0.82951597265855,0.88110895431908,0.920305985488575,0.951780393560254,0.98174654933714,1,0.983309478657704,0.961334293786425,0.930276579081205,0.894947985765567,0.855530100468202,0.809686559469317,0.779471608082292,0.734451613754279,0.687760155751119,0.626932417035963,0.53995138926122,0.454586347411898,0.341421329903972,0.207448805020957,0.0434776812848464,0.0959483033479777,-0.0676194722418469
-0.0296873888820115,0.00871633857855397,0.155936642508001,0.271636235864127,0.350258648909146,0.453189279857289,0.537961525362953,0.611239407033686,0.706484793625327,0.76482686735754,0.826447941629178,0.873839331838596,0.914588634921009,0.952137359111789,0.983309478657704,1,0.987871925546865,0.964759618020221,0.938011797781274,0.906412874853759,0.868702067076635,0.84098372439422,0.798337767631329,0.754427286522667,0.695601748194274,0.616315256253814,0.534421817078781,0.422479431038849,0.286231649951443,0.11216241193682,0.153724694372276,-0.0259250879485147
-0.0977866429034374,-0.0605472411575617,0.0820113305944867,0.197933128458956,0.278927536704918,0.383452032719342,0.472754860569923,0.550533777646837,0.652692797805462,0.713926333780773,0.78071854216182,0.834058525985589,0.880872914926917,0.92460835777974,0.961334293786425,0.987871925546865,1,0.985312887819235,0.96648544712776,0.940148943186676,0.907548769216278,0.883872750756726,0.843798695605252,0.8034670833747,0.747527088768749,0.670758647290776,0.589322947233643,0.479498050844344,0.347084806103131,0.173870033909324,0.200868371404083,0.0132569771665734
-0.164754224419315,-0.133939780437824,-0.00274680963258687,0.118257125225727,0.202549772416579,0.311109928367806,0.405973027196874,0.48274873152107,0.590336055470251,0.652243792938192,0.722885669407256,0.780269489580229,0.831240953397572,0.881686932402989,0.930276579081205,0.964759618020221,0.985312887819235,1,0.984880667014842,0.963793772208008,0.938164852900976,0.917408182684202,0.880288110229523,0.841423831345814,0.789352742007069,0.719933733929617,0.644526898924013,0.542255302064702,0.413626938940757,0.238289468342067,0.249302980792942,0.0651080573987474
-0.225281496408396,-0.199477861953426,-0.0682058003707952,0.0473302573128343,0.129722448816486,0.240905559773942,0.336334691656404,0.415572054860345,0.526424358957114,0.591740928906284,0.666061489794559,0.728994637824544,0.78710871405255,0.840236064042616,0.894947985765567,0.938011797781274,0.96648544712776,0.984880667014842,1,0.989535901467856,0.968776999257143,0.950459458967355,0.919288391946414,0.887408204785633,0.841846163838822,0.779313239058035,0.709032129943017,0.611339319310445,0.485409884476231,0.304609081913347,0.302241731716068,0.10184696134164
-0.267104838893976,-0.245484897883149,-0.120760999304253,-0.00590583559552249,0.0747223182910423,0.18305059274488,0.27812015169767,0.357789644789903,0.469814282358172,0.538398090220985,0.61312174739275,0.678727864298924,0.740512840508901,0.794975551865159,0.855530100468202,0.906412874853759,0.940148943186676,0.963793772208008,0.989535901467856,1,0.987292564960205,0.971767237533601,0.944368217419657,0.917174305927234,0.877360790005851,0.824589904778253,0.761441504193213,0.671342367213326,0.547884272387447,0.368190673957992,0.359596837934282,0.144247336294053
-0.323925103943488,-0.309892586342706,-0.193361208593524,-0.0781090809767419,0.000557385319079304,0.103591332831219,0.200878656181125,0.281919319311554,0.395919880854156,0.466485070143519,0.545725823996307,0.615861422664937,0.682615176486184,0.741883377821176,0.809686559469317,0.868702067076635,0.907548769216278,0.938164852900976,0.968776999257143,0.987292564960205,1,0.990033732669279,0.96654468852642,0.942110236395936,0.906884179295108,0.863447581941565,0.808070777308218,0.725223994889786,0.603977209014705,0.425238140770829,0.413057418051818,0.184047921832721
-0.372355643243089,-0.356078012954791,-0.245941149009481,-0.13409696436754,-0.0544019081710294,0.0511224760045378,0.14926795659394,0.232434808769234,0.350452527935775,0.424515492080528,0.50557761545704,0.577602896562172,0.646288609528852,0.709543973465972,0.779471608082292,0.84098372439422,0.883872750756726,0.917408182684202,0.950459458967355,0.971767237533601,0.990033732669279,1,0.986866707119522,0.967097412249383,0.936107617875046,0.894964726849753,0.840013706560402,0.755966713902003,0.640193726070748,0.470149360001823,0.449949807368946,0.217086966717141
-0.415258732845427,-0.399260566505168,-0.294437209847623,-0.190252417917733,-0.11221160452378,-0.00343825897481002,0.0949196559991092,0.17869800985334,0.296742464922927,0.37084461647695,0.451937163868697,0.524212752647218,0.594569798833893,0.660755131667036,0.734451613754279,0.798337767631329,0.843798695605252,0.880288110229523,0.919288391946414,0.944368217419657,0.96654468852642,0.986866707119522,1,0.987369072142543,0.963687515902993,0.92701857230608,0.876064347823862,0.797135264979891,0.691117427214837,0.527337295813759,0.48880995970651,0.25621292182217
-0.454428623080722,-0.435877159113528,-0.336321755673432,-0.240384199307884,-0.16081314296764,-0.056957851519912,0.0351706415529625,0.119560635473812,0.238085096842028,0.313624451378635,0.394827448787794,0.46882562796015,0.542414860892165,0.611401504790647,0.687760155751119,0.754427286522667,0.8034670833747,0.841423831345814,0.887408204785633,0.917174305927234,0.942110236395936,0.967097412249383,0.987369072142543,1,0.985396027846791,0.953209053900524,0.903886998565133,0.828362378102256,0.730452691016536,0.579358409574796,0.525096631882184,0.293274897006406
-0.487769870599385,-0.471834810199422,-0.376937510268882,-0.29047513160284,-0.214258995018503,-0.120537402340662,-0.0327853084084305,0.0488435123292324,0.165152103779452,0.241277759812611,0.322036359623326,0.396965300179159,0.474086716194402,0.546472773145203,0.626932417035963,0.695601748194274,0.747527088768749,0.789352742007069,0.841846163838822,0.877360790005851,0.906884179295108,0.936107617875046,0.963687515902993,0.985396027846791,1,0.979286949597811,0.939556325327075,0.874122802738222,0.784773561872033,0.641094239934514,0.567670401256258,0.333483073450321
-0.520690296324525,-0.514413777548448,-0.438684512767952,-0.358558913707442,-0.292460613597014,-0.211055293872531,-0.129846803093738,-0.0513823072112229,0.0596123400074326,0.137561804772472,0.218815741297967,0.296037372096545,0.377217096891284,0.451952779827746,0.53995138926122,0.616315256253814,0.670758647290776,0.719933733929617,0.779313239058035,0.824589904778253,0.863447581941565,0.894964726849753,0.92701857230608,0.953209053900524,0.979286949597811,1,0.976625108390761,0.928625777332733,0.852243375906641,0.716479250682793,0.637894063299283,0.393435909753574
-0.553218673068489,-0.55469294249083,-0.492160931431727,-0.415772035200498,-0.354286633167747,-0.284776398648576,-0.202452615042307,-0.133956048588136,-0.0323748996110964,0.0468439255578573,0.125939595964294,0.20020874023358,0.284587131414033,0.361962868018019,0.454586347411898,0.534421817078781,0.589322947233643,0.644526898924013,0.709032129943017,0.761441504193213,0.808070777308218,0.840013706560402,0.876064347823862,0.903886998565133,0.939556325327075,0.976625108390761,1,0.968832547004241,0.900573332753516,0.773943956174557,0.675771823363818,0.437622217281617
-0.550867051334356,-0.564908308095057,-0.524689851117864,-0.459937664186909,-0.406311991570057,-0.343221414457808,-0.264930059438676,-0.20674092180239,-0.119583689985686,-0.0477814411003622,0.0227343209206738,0.09290164101781,0.171426180688499,0.246726670713929,0.341421329903972,0.422479431038849,0.479498050844344,0.542255302064702,0.611339319310445,0.671342367213326,0.725223994889786,0.755966713902003,0.797135264979891,0.828362378102256,0.874122802738222,0.928625777332733,0.968832547004241,1,0.957216169781245,0.841529541487005,0.723072675293039,0.487737917378821
-0.558262299863153,-0.56517431202059,-0.551026970752455,-0.507829345282457,-0.461585705582849,-0.412893020632284,-0.348799279914683,-0.300038432562059,-0.224664266802213,-0.160364400878591,-0.0975108955715749,-0.029962399717442,0.0439709698402109,0.11530394307537,0.207448805020957,0.286231649951443,0.347084806103131,0.413626938940757,0.485409884476231,0.547884272387447,0.603977209014705,0.640193726070748,0.691117427214837,0.730452691016536,0.784773561872033,0.852243375906641,0.900573332753516,0.957216169781245,1,0.922095081562276,0.79371699485887,0.55722668788862
-0.580006922127299,-0.540540010512986,-0.542993725979699,-0.5239084163227,-0.477526041960503,-0.450718906640204,-0.414599652442032,-0.37326113535116,-0.317753892893606,-0.266229988804662,-0.223273655274663,-0.166804616146342,-0.102509872995874,-0.0361987931751216,0.0434776812848464,0.11216241193682,0.173870033909324,0.238289468342067,0.304609081913347,0.368190673957992,0.425238140770829,0.470149360001823,0.527337295813759,0.579358409574796,0.641094239934514,0.716479250682793,0.773943956174557,0.841529541487005,0.922095081562276,1,0.870912255994851,0.670989256816775
-0.445092391287625,-0.415197132818021,-0.418945984539426,-0.374196368111445,-0.338096763801578,-0.32367673477045,-0.295839847424156,-0.261866787176817,-0.220482875128849,-0.171707925339937,-0.132762955067364,-0.0790863164929813,-0.023462516996248,0.0291266519078525,0.0959483033479777,0.153724694372276,0.200868371404083,0.249302980792942,0.302241731716068,0.359596837934282,0.413057418051818,0.449949807368946,0.48880995970651,0.525096631882184,0.567670401256258,0.637894063299283,0.675771823363818,0.723072675293039,0.79371699485887,0.870912255994851,1,0.679274081720994
-0.400038750861834,-0.347613133800973,-0.345850064996379,-0.339438613587842,-0.312035560500679,-0.301873481515041,-0.298851307997112,-0.269909665759319,-0.253734585907447,-0.234842137888313,-0.222447362373879,-0.191726998670618,-0.156113518325497,-0.115448872792112,-0.0676194722418469,-0.0259250879485147,0.0132569771665734,0.0651080573987474,0.10184696134164,0.144247336294053,0.184047921832721,0.217086966717141,0.25621292182217,0.293274897006406,0.333483073450321,0.393435909753574,0.437622217281617,0.487737917378821,0.55722668788862,0.670989256816775,0.679274081720994,1
