1,0.772337683109171,0.713357266814794,0.674998792630922,0.644003733506132,0.626538212750206,0.604612080410307,0.588172880044974,0.570985459430141,0.556178828159638,0.537913415850125,0.521933150729272,0.505533277558378,0.490030173368499,0.47689205664862,0.459282681248507,0.441285432195352,0.418216330514486,0.399218262172098,0.384715690624254,0.365259108429049,0.347913815817816,0.327638330928152,0.314292248229794,0.302686549097098,0.288641414746511,0.262817390688034,0.238477654983873,0.209472127311159,0.169376214518158,0.0603293073680744,-0.000847798473345356
0.772337683109171,1,0.97031091151576,0.946415094534734,0.924304933863609,0.910627482241717,0.89527311127724,0.882200816592831,0.866846601724059,0.851325376254763,0.836784839390745,0.821192532353446,0.80507952067267,0.789904258829332,0.775672451837292,0.759119129067962,0.739729654384195,0.7187025394519,0.698032359695349,0.680318210999679,0.661020382558373,0.640047631426412,0.616829369787718,0.597621109545249,0.579518124131625,0.55692107830582,0.521902822379122,0.485072879460296,0.442154564793672,0.379259981371131,0.220476261103328,0.085807305835025
0.713357266814794,0.97031091151576,1,0.98552537846051,0.971089380415586,0.960604024548082,0.950479268948166,0.94064399871745,0.929738013651093,0.918225756988724,0.906468459617962,0.893059418114061,0.878729819346521,0.866249759940584,0.853625670819519,0.839676425518005,0.822100710684566,0.804019552455953,0.785733578387698,0.768641452934053,0.751355717533337,0.731741545755123,0.709543446916365,0.690296016455485,0.672830533307331,0.650456982519765,0.614788359272456,0.576650183890168,0.532921068874364,0.465371250837833,0.295295124551798,0.125610091990225
0.674998792630922,0.946415094534734,0.98552537846051,1,0.991178771020879,0.983383569623227,0.975763748625746,0.967427598006609,0.958409181951487,0.948696713536709,0.938635726053991,0.926221877864832,0.912831775005141,0.901207965013788,0.890208916981925,0.877463601499947,0.862051198250907,0.845943478020928,0.828932195266561,0.813154424459032,0.797053994682394,0.778790267512156,0.758160663248985,0.740072681324563,0.723031570964432,0.702012002114035,0.667509394591727,0.6300703699086,0.587316868512788,0.518344711544357,0.345395146953427,0.153994279195801
0.644003733506132,0.924304933863609,0.971089380415586,0.991178771020879,1,0.993724094019671,0.987812303351554,0.981342720856967,0.973687123917808,0.965418939177453,0.956999763537507,0.946307026371522,0.934190725540755,0.923420578861237,0.913004427563117,0.901722847653261,0.88805627118945,0.873450275802528,0.858129316667157,0.843167394452896,0.828096931015117,0.810685074231437,0.790763606436696,0.772814705792263,0.755962408901051,0.736023031549082,0.703305470342057,0.666454975580831,0.624242252041359,0.555782226595729,0.381791639074729,0.180509796652969
0.626538212750206,0.910627482241717,0.960604024548082,0.983383569623227,0.993724094019671,1,0.995591607618278,0.990556270453802,0.984530673811641,0.977604070172353,0.970501458153093,0.961092497570693,0.950375282317735,0.940415457661971,0.930588508777448,0.920357229405452,0.907827427747575,0.894162449542669,0.880143878238918,0.865854456993074,0.852018608653558,0.835824068187911,0.817159704675509,0.800372895311714,0.784482533299294,0.765384044310077,0.733478193823456,0.697828012127993,0.655173053411933,0.587517275989239,0.410194544345691,0.200236791262084
0.604612080410307,0.89527311127724,0.950479268948166,0.975763748625746,0.987812303351554,0.995591607618278,1,0.996498499097121,0.991658939600924,0.98579574690636,0.97963680000148,0.971393948980642,0.962111719132976,0.953342025677472,0.944585589401733,0.935360756653103,0.924024387854293,0.911504920139097,0.89857355247362,0.885232608269192,0.872450275939556,0.857352268284658,0.839260446713069,0.823087909998318,0.807800661499174,0.78963394314215,0.759026285076872,0.724158362471522,0.682294669078755,0.615235352641177,0.436574340926551,0.213459000095013
0.588172880044974,0.882200816592831,0.94064399871745,0.967427598006609,0.981342720856967,0.990556270453802,0.996498499097121,1,0.996606624447385,0.991471710248457,0.986627053896147,0.979586046954163,0.971188440523469,0.963432813427686,0.955375643758575,0.946656376333717,0.93623424041127,0.924509381858045,0.912487551888725,0.899925461782192,0.887928871332072,0.873463953665358,0.856202604689781,0.841070408298026,0.826234842233829,0.808477981791766,0.778998015843541,0.744928884179444,0.703577536075686,0.637914556132037,0.455791730709513,0.22489782545937
0.570985459430141,0.866846601724059,0.929738013651093,0.958409181951487,0.973687123917808,0.984530673811641,0.991658939600924,0.996606624447385,1,0.99658818963907,0.992665308483386,0.986791375650141,0.979327033992895,0.972565752473368,0.965164377178462,0.956858012763915,0.947153750851709,0.936028973700487,0.925019933956499,0.913019578017872,0.901566031737037,0.887903773143639,0.871569785087539,0.85738017729225,0.843266861961583,0.826311114252098,0.798237495670474,0.765761596544985,0.725271404351579,0.661281199197634,0.477134036142919,0.237889019660742
0.556178828159638,0.851325376254763,0.918225756988724,0.948696713536709,0.965418939177453,0.977604070172353,0.98579574690636,0.991471710248457,0.99658818963907,1,0.997296393188484,0.992767293387396,0.986448904545016,0.980507531022107,0.974221386938984,0.966880912720788,0.95785945752725,0.947795462746961,0.937571097945127,0.926328007000211,0.915333181048313,0.902166903480194,0.886861782496362,0.873019885983662,0.859863622355465,0.843759183849457,0.816489199066692,0.785039697374976,0.744995336228831,0.682267562602535,0.501839544637695,0.249977536822643
0.537913415850125,0.836784839390745,0.906468459617962,0.938635726053991,0.956999763537507,0.970501458153093,0.97963680000148,0.986627053896147,0.992665308483386,0.997296393188484,1,0.996997178738496,0.991801895083394,0.986494365697947,0.980927131741806,0.974374665259237,0.965872438418241,0.956701803308384,0.94693940393059,0.936266673684175,0.925780355595814,0.913291854020414,0.898945088450099,0.885803035562035,0.873442886384827,0.858451628515243,0.832675100074447,0.80198979941431,0.762871101441115,0.700609189651008,0.520635261311364,0.261268948772546
0.521933150729272,0.821192532353446,0.893059418114061,0.926221877864832,0.946307026371522,0.961092497570693,0.971393948980642,0.979586046954163,0.986791375650141,0.992767293387396,0.996997178738496,1,0.996670591695021,0.9923735863739,0.987442093399018,0.981713215320662,0.97406575400002,0.965866965505001,0.956875018675874,0.946754255310654,0.936764210003361,0.925146713956626,0.91161697601037,0.899597140115093,0.888313116574035,0.87394894530237,0.849394561976944,0.819576445232158,0.781606666514529,0.719873571626212,0.539348965470864,0.269001489422794
0.505533277558378,0.80507952067267,0.878729819346521,0.912831775005141,0.934190725540755,0.950375282317735,0.962111719132976,0.971188440523469,0.979327033992895,0.986448904545016,0.991801895083394,0.996670591695021,1,0.997486315758931,0.993742967913813,0.988937123092472,0.98245724356565,0.97538785868503,0.967596068152593,0.958474537194223,0.948900714372014,0.938743642826665,0.926269840866862,0.915370554883954,0.904834694451273,0.891331264445093,0.868587979888422,0.840304783260454,0.803771098486965,0.744269578997945,0.563569514580919,0.280439966566501
0.490030173368499,0.789904258829332,0.866249759940584,0.901207965013788,0.923420578861237,0.940415457661971,0.953342025677472,0.963432813427686,0.972565752473368,0.980507531022107,0.986494365697947,0.9923735863739,0.997486315758931,1,0.997577377393812,0.993869292353566,0.988305573711604,0.981997009259956,0.974925620904405,0.966350098379517,0.957164077681991,0.94780639725742,0.935985982979259,0.92574418203805,0.915999226478234,0.903262274889482,0.881984950391608,0.855522141900655,0.820008426145528,0.76260135398973,0.58254080711759,0.292958406353048
0.47689205664862,0.775672451837292,0.853625670819519,0.890208916981925,0.913004427563117,0.930588508777448,0.944585589401733,0.955375643758575,0.965164377178462,0.974221386938984,0.980927131741806,0.987442093399018,0.993742967913813,0.997577377393812,1,0.997642048244159,0.993230311755488,0.987754834447891,0.981532009233729,0.974072880025147,0.965667568196633,0.9571483251482,0.946336773103421,0.936556341269032,0.927131421040513,0.915265713786184,0.895349873017624,0.87003426566968,0.835897127725161,0.779997362542174,0.60138227363984,0.29674796042416
0.459282681248507,0.759119129067962,0.839676425518005,0.877463601499947,0.901722847653261,0.920357229405452,0.935360756653103,0.946656376333717,0.956858012763915,0.966880912720788,0.974374665259237,0.981713215320662,0.988937123092472,0.993869292353566,0.997642048244159,1,0.99708290655415,0.992800657266539,0.9871831329574,0.98057402748868,0.973375540904514,0.965713759509643,0.955863412469242,0.946766436388916,0.938032535494185,0.927056319243632,0.908077824030358,0.883807649200877,0.850797292851044,0.79687480825776,0.621534994144424,0.300649282247502
0.441285432195352,0.739729654384195,0.822100710684566,0.862051198250907,0.88805627118945,0.907827427747575,0.924024387854293,0.93623424041127,0.947153750851709,0.95785945752725,0.965872438418241,0.97406575400002,0.98245724356565,0.988305573711604,0.993230311755488,0.99708290655415,1,0.997272303405724,0.992922813188848,0.987367950696835,0.98115103220111,0.974357975957085,0.965286243475126,0.956843568693049,0.948832918891609,0.939170227053134,0.921390503902707,0.897975540373074,0.867649932681767,0.815877465895726,0.642510588732692,0.308856485664485
0.418216330514486,0.7187025394519,0.804019552455953,0.845943478020928,0.873450275802528,0.894162449542669,0.911504920139097,0.924509381858045,0.936028973700487,0.947795462746961,0.956701803308384,0.965866965505001,0.97538785868503,0.981997009259956,0.987754834447891,0.992800657266539,0.997272303405724,1,0.99738160818813,0.993136428285732,0.987952460730623,0.982113263939437,0.973946760978365,0.965808962960717,0.957915526428815,0.949085444228998,0.932530054824406,0.910291447555283,0.881507905343174,0.831055164202837,0.661329548445524,0.315109099153515
0.399218262172098,0.698032359695349,0.785733578387698,0.828932195266561,0.858129316667157,0.880143878238918,0.89857355247362,0.912487551888725,0.925019933956499,0.937571097945127,0.94693940393059,0.956875018675874,0.967596068152593,0.974925620904405,0.981532009233729,0.9871831329574,0.992922813188848,0.99738160818813,1,0.997472701201633,0.993540456924345,0.988741237571959,0.981609123283869,0.973918573544251,0.966534257734514,0.957884381105078,0.942455919110436,0.921713192888834,0.894241912211077,0.845104683761964,0.676356465015484,0.321092441854838
0.384715690624254,0.680318210999679,0.768641452934053,0.813154424459032,0.843167394452896,0.865854456993074,0.885232608269192,0.899925461782192,0.913019578017872,0.926328007000211,0.936266673684175,0.946754255310654,0.958474537194223,0.966350098379517,0.974072880025147,0.98057402748868,0.987367950696835,0.993136428285732,0.997472701201633,1,0.997605890902199,0.993644180002358,0.987604357250554,0.980584159113751,0.973423186607588,0.965053770056067,0.950945931845155,0.931438531912852,0.905428627819674,0.858307549038525,0.691815583452717,0.327280014970344
0.365259108429049,0.661020382558373,0.751355717533337,0.797053994682394,0.828096931015117,0.852018608653558,0.872450275939556,0.887928871332072,0.901566031737037,0.915333181048313,0.925780355595814,0.936764210003361,0.948900714372014,0.957164077681991,0.965667568196633,0.973375540904514,0.98115103220111,0.987952460730623,0.993540456924345,0.997605890902199,1,0.997441917170485,0.992563059834056,0.986412358515282,0.979653030582527,0.971669402318876,0.958563228245415,0.940136931458178,0.915722574254472,0.870435713186462,0.70709451169603,0.334797720510049
0.347913815817816,0.640047631426412,0.731741545755123,0.778790267512156,0.810685074231437,0.835824068187911,0.857352268284658,0.873463953665358,0.887903773143639,0.902166903480194,0.913291854020414,0.925146713956626,0.938743642826665,0.94780639725742,0.9571483251482,0.965713759509643,0.974357975957085,0.982113263939437,0.988741237571959,0.993644180002358,0.997441917170485,1,0.996800114375289,0.991637519358959,0.985604896631513,0.977916338919843,0.966343297976653,0.94980711403449,0.927249220239079,0.884219936616175,0.721842245732614,0.343268838140098
0.327638330928152,0.616829369787718,0.709543446916365,0.758160663248985,0.790763606436696,0.817159704675509,0.839260446713069,0.856202604689781,0.871569785087539,0.886861782496362,0.898945088450099,0.91161697601037,0.926269840866862,0.935985982979259,0.946336773103421,0.955863412469242,0.965286243475126,0.973946760978365,0.981609123283869,0.987604357250554,0.992563059834056,0.996800114375289,1,0.99673655567369,0.992073360716051,0.985943016924918,0.975908398004158,0.961736900412276,0.941197480259942,0.900137244200878,0.743514251083378,0.357366871903067
0.314292248229794,0.597621109545249,0.690296016455485,0.740072681324563,0.772814705792263,0.800372895311714,0.823087909998318,0.841070408298026,0.85738017729225,0.873019885983662,0.885803035562035,0.899597140115093,0.915370554883954,0.92574418203805,0.936556341269032,0.946766436388916,0.956843568693049,0.965808962960717,0.973918573544251,0.980584159113751,0.986412358515282,0.991637519358959,0.99673655567369,1,0.997052119222711,0.991464784875688,0.983034742439348,0.971268055000285,0.952183905160804,0.91377792622231,0.75525455424132,0.368032410429559
0.302686549097098,0.579518124131625,0.672830533307331,0.723031570964432,0.755962408901051,0.784482533299294,0.807800661499174,0.826234842233829,0.843266861961583,0.859863622355465,0.873442886384827,0.888313116574035,0.904834694451273,0.915999226478234,0.927131421040513,0.938032535494185,0.948832918891609,0.957915526428815,0.966534257734514,0.973423186607588,0.979653030582527,0.985604896631513,0.992073360716051,0.997052119222711,1,0.995983273117102,0.988764905972334,0.978975159156357,0.961552933209999,0.925398330981774,0.76984332215505,0.377228689636941
0.288641414746511,0.55692107830582,0.650456982519765,0.702012002114035,0.736023031549082,0.765384044310077,0.78963394314215,0.808477981791766,0.826311114252098,0.843759183849457,0.858451628515243,0.87394894530237,0.891331264445093,0.903262274889482,0.915265713786184,0.927056319243632,0.939170227053134,0.949085444228998,0.957884381105078,0.965053770056067,0.971669402318876,0.977916338919843,0.985943016924918,0.991464784875688,0.995983273117102,1,0.995146735030792,0.986893772310437,0.971619478488681,0.937496843569878,0.787569947383323,0.386222101073277
0.262817390688034,0.521902822379122,0.614788359272456,0.667509394591727,0.703305470342057,0.733478193823456,0.759026285076872,0.778998015843541,0.798237495670474,0.816489199066692,0.832675100074447,0.849394561976944,0.868587979888422,0.881984950391608,0.895349873017624,0.908077824030358,0.921390503902707,0.932530054824406,0.942455919110436,0.950945931845155,0.958563228245415,0.966343297976653,0.975908398004158,0.983034742439348,0.988764905972334,0.995146735030792,1,0.993953197189301,0.980919176188668,0.951627279857862,0.805748610697638,0.393218338168925
0.238477654983873,0.485072879460296,0.576650183890168,0.6300703699086,0.666454975580831,0.697828012127993,0.724158362471522,0.744928884179444,0.765761596544985,0.785039697374976,0.80198979941431,0.819576445232158,0.840304783260454,0.855522141900655,0.87003426566968,0.883807649200877,0.897975540373074,0.910291447555283,0.921713192888834,0.931438531912852,0.940136931458178,0.94980711403449,0.961736900412276,0.971268055000285,0.978975159156357,0.986893772310437,0.993953197189301,1,0.991131459525234,0.966065434649028,0.825729167858265,0.420027924247989
0.209472127311159,0.442154564793672,0.532921068874364,0.587316868512788,0.624242252041359,0.655173053411933,0.682294669078755,0.703577536075686,0.725271404351579,0.744995336228831,0.762871101441115,0.781606666514529,0.803771098486965,0.820008426145528,0.835897127725161,0.850797292851044,0.867649932681767,0.881507905343174,0.894241912211077,0.905428627819674,0.915722574254472,0.927249220239079,0.941197480259942,0.952183905160804,0.961552933209999,0.971619478488681,0.980919176188668,0.991131459525234,1,0.981794532120973,0.856388911844342,0.437955206476982
0.169376214518158,0.379259981371131,0.465371250837833,0.518344711544357,0.555782226595729,0.587517275989239,0.615235352641177,0.637914556132037,0.661281199197634,0.682267562602535,0.700609189651008,0.719873571626212,0.744269578997945,0.76260135398973,0.779997362542174,0.79687480825776,0.815877465895726,0.831055164202837,0.845104683761964,0.858307549038525,0.870435713186462,0.884219936616175,0.900137244200878,0.91377792622231,0.925398330981774,0.937496843569878,0.951627279857862,0.966065434649028,0.981794532120973,1,0.894056382065442,0.479662294644645
0.0603293073680744,0.220476261103328,0.295295124551798,0.345395146953427,0.381791639074729,0.410194544345691,0.436574340926551,0.455791730709513,0.477134036142919,0.501839544637695,0.520635261311364,0.539348965470864,0.563569514580919,0.58254080711759,0.60138227363984,0.621534994144424,0.642510588732692,0.661329548445524,0.676356465015484,0.691815583452717,0.70709451169603,0.721842245732614,0.743514251083378,0.75525455424132,0.76984332215505,0.787569947383323,0.805748610697638,0.825729167858265,0.856388911844342,0.894056382065442,1,0.591041320288393
-0.000847798473345356,0.085807305835025,0.125610091990225,0.153994279195801,0.180509796652969,0.200236791262084,0.213459000095013,0.22489782545937,0.237889019660742,0.249977536822643,0.261268948772546,0.269001489422794,0.280439966566501,0.292958406353048,0.29674796042416,0.300649282247502,0.308856485664485,0.315109099153515,0.321092441854838,0.327280014970344,0.334797720510049,0.343268838140098,0.357366871903067,0.368032410429559,0.377228689636941,0.386222101073277,0.393218338168925,0.420027924247989,0.437955206476982,0.479662294644645,0.591041320288393,1
