1,0.898910703371744,0.869582682548841,0.856370324560564,0.846697406158065,0.839665574499041,0.829347483352322,0.821955948081858,0.813081352208735,0.804183203588515,0.794339211649148,0.785064758077028,0.779110156492027,0.773083900505567,0.763106822236342,0.753302546467058,0.743407831878077,0.734998158070583,0.723044672899941,0.711201861664659,0.700450996594029,0.687749457355504,0.674536615793313,0.661452706034415,0.64450921607816,0.627343677311358,0.601380748871818,0.574706026151007,0.545594779078663,0.463574627535155,0.251966128714715,0.000132424039667882
0.898910703371744,1,0.98050446700494,0.970715966211778,0.964772906673995,0.961113977698438,0.95525311798985,0.950270238322059,0.944691258125829,0.940014776575043,0.932852571152717,0.926992893355977,0.920953147224945,0.915202554119936,0.908315356119225,0.901129276118366,0.892704055589266,0.885451856914378,0.876975858637687,0.86670184904543,0.857859298931328,0.846333500840126,0.835266071690947,0.825908801693725,0.812316347579167,0.796549872888043,0.773550134374582,0.747893166612272,0.718167352256635,0.637571100369431,0.407147010416815,0.0758109245104939
0.869582682548841,0.98050446700494,1,0.99236407284716,0.986858417073534,0.983278186875315,0.978213887658625,0.973730717118532,0.968868073890322,0.964439120133492,0.958475420734453,0.953275677523444,0.948161601164738,0.943031861507719,0.936548821254318,0.930215354184146,0.922185659137446,0.915947688303509,0.908561055828512,0.899781350657489,0.892056983541949,0.881597023917542,0.870983264344424,0.86231012174618,0.850059656873979,0.835119204613783,0.814459114085278,0.789623134788373,0.759274799554201,0.678351306449267,0.442640243305279,0.0859783420629633
0.856370324560564,0.970715966211778,0.99236407284716,1,0.99525092921019,0.991800390160611,0.987418848428687,0.983404140415324,0.97891441951303,0.97473764374389,0.969081526781162,0.964367365669578,0.959791340701345,0.955047975464236,0.949332222566939,0.943600856884427,0.936543432694326,0.9313611041748,0.924856844541299,0.917037169263403,0.909880230361909,0.900231783590184,0.889976612919639,0.881263985996002,0.869388430747474,0.855093300397249,0.834626417788702,0.809816708398263,0.779214957068267,0.697792798695655,0.460672491622145,0.095346611260199
0.846697406158065,0.964772906673995,0.986858417073534,0.99525092921019,1,0.996726685032858,0.992878958506404,0.988774636754657,0.9845894923077,0.980367223049089,0.974786804968612,0.970192116252862,0.965693411231818,0.960670776022166,0.955082354391709,0.949882928597765,0.943308254737308,0.93846125818484,0.932093931389359,0.924755556233766,0.917746818094311,0.908756684074664,0.898645832740562,0.890192680235798,0.879023777697827,0.865038261740353,0.845206516615835,0.8205166510744,0.789967433475978,0.7087705517911,0.47175325825834,0.101296469529801
0.839665574499041,0.961113977698438,0.983278186875315,0.991800390160611,0.996726685032858,1,0.996855037847842,0.993239771429988,0.989377265261508,0.985371479722809,0.98011142937973,0.975644074035965,0.971421929461342,0.966602516044605,0.961282607550244,0.95652178492975,0.950422486870852,0.945712864252429,0.93976033416938,0.932631275688921,0.926004731169981,0.91742697199389,0.907798719672385,0.899628131870078,0.88873814477131,0.875195572219695,0.855615048240561,0.831248073856821,0.800866294023511,0.720616231123635,0.484865984418755,0.108931652177589
0.829347483352322,0.95525311798985,0.978213887658625,0.987418848428687,0.992878958506404,0.996855037847842,1,0.997457251571167,0.994123013889888,0.990683459177942,0.985876182435262,0.981880142251874,0.977920679559263,0.973140611288854,0.96795521070062,0.963194632659727,0.957363462033362,0.952617796212234,0.946824101954887,0.940115210368811,0.93381179135666,0.92525308971681,0.91586555881016,0.908391099129842,0.897999975317558,0.884645348261194,0.865723373326959,0.842055486928018,0.81201995104353,0.732459015697224,0.495209341361984,0.113534925090059
0.821955948081858,0.950270238322059,0.973730717118532,0.983404140415324,0.988774636754657,0.993239771429988,0.997457251571167,1,0.997685042298499,0.994871686893628,0.990740260245627,0.986915925556004,0.983376602650389,0.978857528809813,0.973926606259577,0.969379884199695,0.963960800795088,0.959086745240501,0.953551257469925,0.94724672024964,0.941663895899328,0.933724719665445,0.924874180335865,0.917886992321242,0.90763990012834,0.894875776687443,0.876478618674124,0.853641194759347,0.823939400465552,0.745283322613673,0.50657851601893,0.119282104879782
0.813081352208735,0.944691258125829,0.968868073890322,0.97891441951303,0.9845894923077,0.989377265261508,0.994123013889888,0.997685042298499,1,0.998015975902475,0.994924491593189,0.991770841254488,0.988605491121082,0.98443901324387,0.979744642468854,0.975494239485208,0.970266057387191,0.965512485851185,0.960408878974862,0.954588704053269,0.949430026522345,0.941904331509336,0.933737982448412,0.92724097334152,0.917737947191285,0.905370237031478,0.887599467592791,0.865827987867582,0.836176358917766,0.758533156662621,0.522118563691355,0.126474828990984
0.804183203588515,0.940014776575043,0.964439120133492,0.97473764374389,0.980367223049089,0.985371479722809,0.990683459177942,0.994871686893628,0.998015975902475,1,0.99807854842683,0.995460037283559,0.992621464198869,0.988975577022994,0.984681349757206,0.980499548745736,0.97577490488111,0.971123988817699,0.966199723044012,0.960628220945318,0.956066395438169,0.949226575245109,0.941702019497367,0.93563901917617,0.926525092435231,0.914727516208889,0.897817290078021,0.876909669870243,0.847822053331208,0.771175125383915,0.534447991972812,0.137213587056906
0.794339211649148,0.932852571152717,0.958475420734453,0.969081526781162,0.974786804968612,0.98011142937973,0.985876182435262,0.990740260245627,0.994924491593189,0.99807854842683,1,0.998381531729542,0.996219530787522,0.993174937556506,0.989430094547066,0.985624539286411,0.981362555021028,0.977118051460384,0.972385465698789,0.966948009211603,0.962690433728707,0.956236873657399,0.949280700308405,0.94354831608246,0.934900022327741,0.923799681413655,0.907578072108511,0.88754077527654,0.858793936801458,0.783929483432197,0.548958883908769,0.146470269062166
0.785064758077028,0.926992893355977,0.953275677523444,0.964367365669578,0.970192116252862,0.975644074035965,0.981880142251874,0.986915925556004,0.991770841254488,0.995460037283559,0.998381531729542,1,0.998664520986261,0.996404293565356,0.993188830356812,0.989846317377268,0.985845236365836,0.981871933375815,0.977653200041974,0.972659022595668,0.968557049723542,0.962481587484339,0.955829968615638,0.950210864775453,0.941815896286054,0.931372334289774,0.915600329761707,0.896043519075577,0.867892879306033,0.793838012169526,0.559754749133476,0.151483344439436
0.779110156492027,0.920953147224945,0.948161601164738,0.959791340701345,0.965693411231818,0.971421929461342,0.977920679559263,0.983376602650389,0.988605491121082,0.992621464198869,0.996219530787522,0.998664520986261,1,0.998572024729062,0.996094454579316,0.993220354052761,0.989690039975342,0.985944691096949,0.982022459497378,0.977404338005036,0.973356693893886,0.967727382196171,0.961414654251388,0.955978886801393,0.947918044754986,0.937861032666407,0.922687504866942,0.90379275949466,0.876382117367414,0.80362183310654,0.570956521093261,0.160832347097839
0.773083900505567,0.915202554119936,0.943031861507719,0.955047975464236,0.960670776022166,0.966602516044605,0.973140611288854,0.978857528809813,0.98443901324387,0.988975577022994,0.993174937556506,0.996404293565356,0.998572024729062,1,0.998478308282212,0.996262145520689,0.993180750899869,0.989890338259311,0.986261852455201,0.981826634998801,0.977911593406331,0.972773311991108,0.966949863366199,0.961702469294318,0.953943171069306,0.944625297334092,0.929774536256484,0.911348394721544,0.884922629050923,0.812819160791418,0.581532034425232,0.168688694359587
0.763106822236342,0.908315356119225,0.936548821254318,0.949332222566939,0.955082354391709,0.961282607550244,0.96795521070062,0.973926606259577,0.979744642468854,0.984681349757206,0.989430094547066,0.993188830356812,0.996094454579316,0.998478308282212,1,0.998581078553026,0.996297474823729,0.993507976434989,0.990131285310367,0.986110075459108,0.982393244845437,0.977535471880575,0.971933626020734,0.966897375859681,0.959549978992278,0.950705182754883,0.936418843381181,0.918284501822732,0.892582200677904,0.821579292582513,0.59251347346177,0.177189973264549
0.753302546467058,0.901129276118366,0.930215354184146,0.943600856884427,0.949882928597765,0.95652178492975,0.963194632659727,0.969379884199695,0.975494239485208,0.980499548745736,0.985624539286411,0.989846317377268,0.993220354052761,0.996262145520689,0.998581078553026,1,0.998591848210587,0.996383372962694,0.993479017868223,0.989930280052366,0.986420468880429,0.982063663003249,0.976785355442683,0.972089513023182,0.965146139977598,0.956760153075196,0.9432653731515,0.926056379334095,0.901021268257438,0.831223391228991,0.602197883473496,0.184418698231426
0.743407831878077,0.892704055589266,0.922185659137446,0.936543432694326,0.943308254737308,0.950422486870852,0.957363462033362,0.963960800795088,0.970266057387191,0.97577490488111,0.981362555021028,0.985845236365836,0.989690039975342,0.993180750899869,0.996297474823729,0.998591848210587,1,0.998707586460554,0.996355640326523,0.993448639290053,0.990264440094565,0.986482332484268,0.981628571110975,0.977305217406091,0.97061876282469,0.962885229138941,0.950249708347023,0.93384150319141,0.909680299547082,0.841373317541457,0.612451791404075,0.1916522547317
0.734998158070583,0.885451856914378,0.915947688303509,0.9313611041748,0.93846125818484,0.945712864252429,0.952617796212234,0.959086745240501,0.965512485851185,0.971123988817699,0.977118051460384,0.981871933375815,0.985944691096949,0.989890338259311,0.993507976434989,0.996383372962694,0.998707586460554,1,0.998517905085195,0.996101605758653,0.993314883814789,0.989909044439991,0.985522544138161,0.981319658890608,0.97498773479412,0.96779334167664,0.955669957800254,0.939608852354249,0.915593380925044,0.848499874126574,0.620304754184652,0.198063021847791
0.723044672899941,0.876975858637687,0.908561055828512,0.924856844541299,0.932093931389359,0.93976033416938,0.946824101954887,0.953551257469925,0.960408878974862,0.966199723044012,0.972385465698789,0.977653200041974,0.982022459497378,0.986261852455201,0.990131285310367,0.993479017868223,0.996355640326523,0.998517905085195,1,0.998429579771568,0.996208174180828,0.993299759446058,0.989406146189277,0.98555531314088,0.979866419448276,0.973189412444057,0.961679643308341,0.946285395681675,0.922973158542231,0.859026299673319,0.634189128031829,0.209553168812192
0.711201861664659,0.86670184904543,0.899781350657489,0.917037169263403,0.924755556233766,0.932631275688921,0.940115210368811,0.94724672024964,0.954588704053269,0.960628220945318,0.966948009211603,0.972659022595668,0.977404338005036,0.981826634998801,0.986110075459108,0.989930280052366,0.993448639290053,0.996101605758653,0.998429579771568,1,0.99844315440947,0.996192091685579,0.992715133419987,0.989179757218722,0.983968216667682,0.977690251359428,0.96691367607461,0.952497013152849,0.93053053472888,0.867879283095064,0.642528628765488,0.218179886035298
0.700450996594029,0.857859298931328,0.892056983541949,0.909880230361909,0.917746818094311,0.926004731169981,0.93381179135666,0.941663895899328,0.949430026522345,0.956066395438169,0.962690433728707,0.968557049723542,0.973356693893886,0.977911593406331,0.982393244845437,0.986420468880429,0.990264440094565,0.993314883814789,0.996208174180828,0.99844315440947,1,0.998485155256325,0.995817611823628,0.992892124212211,0.98813170365384,0.982217152713854,0.972381820504496,0.95835573917497,0.936882002733303,0.875188504719974,0.651062567596748,0.225897684742906
0.687749457355504,0.846333500840126,0.881597023917542,0.900231783590184,0.908756684074664,0.91742697199389,0.92525308971681,0.933724719665445,0.941904331509336,0.949226575245109,0.956236873657399,0.962481587484339,0.967727382196171,0.972773311991108,0.977535471880575,0.982063663003249,0.986482332484268,0.989909044439991,0.993299759446058,0.996192091685579,0.998485155256325,1,0.99810715945375,0.995770782049873,0.991772137419063,0.986689340421543,0.977755769524445,0.964469071716894,0.944372134738901,0.88476819265575,0.664197942496563,0.236171370690654
0.674536615793313,0.835266071690947,0.870983264344424,0.889976612919639,0.898645832740562,0.907798719672385,0.91586555881016,0.924874180335865,0.933737982448412,0.941702019497367,0.949280700308405,0.955829968615638,0.961414654251388,0.966949863366199,0.971933626020734,0.976785355442683,0.981628571110975,0.985522544138161,0.989406146189277,0.992715133419987,0.995817611823628,0.99810715945375,1,0.998273317693071,0.995346010819395,0.991060618490837,0.983261915340581,0.971033873328201,0.952412541328017,0.895517394063369,0.680890705378741,0.247693347071791
0.661452706034415,0.825908801693725,0.86231012174618,0.881263985996002,0.890192680235798,0.899628131870078,0.908391099129842,0.917886992321242,0.92724097334152,0.93563901917617,0.94354831608246,0.950210864775453,0.955978886801393,0.961702469294318,0.966897375859681,0.972089513023182,0.977305217406091,0.981319658890608,0.98555531314088,0.989179757218722,0.992892124212211,0.995770782049873,0.998273317693071,1,0.997560741577191,0.993908944629635,0.986963753595518,0.976265376998617,0.958492871997105,0.903285964202273,0.692166264532258,0.259063072703777
0.64450921607816,0.812316347579167,0.850059656873979,0.869388430747474,0.879023777697827,0.88873814477131,0.897999975317558,0.90763990012834,0.917737947191285,0.926525092435231,0.934900022327741,0.941815896286054,0.947918044754986,0.953943171069306,0.959549978992278,0.965146139977598,0.97061876282469,0.97498773479412,0.979866419448276,0.983968216667682,0.98813170365384,0.991772137419063,0.995346010819395,0.997560741577191,1,0.996920892014145,0.991258477464876,0.982009409108782,0.964531122101667,0.911761448844118,0.707436071320297,0.273029020674968
0.627343677311358,0.796549872888043,0.835119204613783,0.855093300397249,0.865038261740353,0.875195572219695,0.884645348261194,0.894875776687443,0.905370237031478,0.914727516208889,0.923799681413655,0.931372334289774,0.937861032666407,0.944625297334092,0.950705182754883,0.956760153075196,0.962885229138941,0.96779334167664,0.973189412444057,0.977690251359428,0.982217152713854,0.986689340421543,0.991060618490837,0.993908944629635,0.996920892014145,1,0.995934841477907,0.988117457061404,0.972517062290868,0.924152458654258,0.726217371647351,0.290982052874079
0.601380748871818,0.773550134374582,0.814459114085278,0.834626417788702,0.845206516615835,0.855615048240561,0.865723373326959,0.876478618674124,0.887599467592791,0.897817290078021,0.907578072108511,0.915600329761707,0.922687504866942,0.929774536256484,0.936418843381181,0.9432653731515,0.950249708347023,0.955669957800254,0.961679643308341,0.96691367607461,0.972381820504496,0.977755769524445,0.983261915340581,0.986963753595518,0.991258477464876,0.995934841477907,1,0.994751374901067,0.981365155747769,0.937750305005403,0.746228628227891,0.310682666414557
0.574706026151007,0.747893166612272,0.789623134788373,0.809816708398263,0.8205166510744,0.831248073856821,0.842055486928018,0.853641194759347,0.865827987867582,0.876909669870243,0.88754077527654,0.896043519075577,0.90379275949466,0.911348394721544,0.918284501822732,0.926056379334095,0.93384150319141,0.939608852354249,0.946285395681675,0.952497013152849,0.95835573917497,0.964469071716894,0.971033873328201,0.976265376998617,0.982009409108782,0.988117457061404,0.994751374901067,1,0.990727088041576,0.951747476616194,0.763797783043246,0.332414842764636
0.545594779078663,0.718167352256635,0.759274799554201,0.779214957068267,0.789967433475978,0.800866294023511,0.81201995104353,0.823939400465552,0.836176358917766,0.847822053331208,0.858793936801458,0.867892879306033,0.876382117367414,0.884922629050923,0.892582200677904,0.901021268257438,0.909680299547082,0.915593380925044,0.922973158542231,0.93053053472888,0.936882002733303,0.944372134738901,0.952412541328017,0.958492871997105,0.964531122101667,0.972517062290868,0.981365155747769,0.990727088041576,1,0.970700518356317,0.795307922434769,0.373306798502367
0.463574627535155,0.637571100369431,0.678351306449267,0.697792798695655,0.7087705517911,0.720616231123635,0.732459015697224,0.745283322613673,0.758533156662621,0.771175125383915,0.783929483432197,0.793838012169526,0.80362183310654,0.812819160791418,0.821579292582513,0.831223391228991,0.841373317541457,0.848499874126574,0.859026299673319,0.867879283095064,0.875188504719974,0.88476819265575,0.895517394063369,0.903285964202273,0.911761448844118,0.924152458654258,0.937750305005403,0.951747476616194,0.970700518356317,1,0.873657731015065,0.453259582500552
0.251966128714715,0.407147010416815,0.442640243305279,0.460672491622145,0.47175325825834,0.484865984418755,0.495209341361984,0.50657851601893,0.522118563691355,0.534447991972812,0.548958883908769,0.559754749133476,0.570956521093261,0.581532034425232,0.59251347346177,0.602197883473496,0.612451791404075,0.620304754184652,0.634189128031829,0.642528628765488,0.651062567596748,0.664197942496563,0.680890705378741,0.692166264532258,0.707436071320297,0.726217371647351,0.746228628227891,0.763797783043246,0.795307922434769,0.873657731015065,1,0.617953546049635
0.000132424039667882,0.0758109245104939,0.0859783420629633,0.095346611260199,0.101296469529801,0.108931652177589,0.113534925090059,0.119282104879782,0.126474828990984,0.137213587056906,0.146470269062166,0.151483344439436,0.160832347097839,0.168688694359587,0.177189973264549,0.184418698231426,0.1916522547317,0.198063021847791,0.209553168812192,0.218179886035298,0.225897684742906,0.236171370690654,0.247693347071791,0.259063072703777,0.273029020674968,0.290982052874079,0.310682666414557,0.332414842764636,0.373306798502367,0.453259582500552,0.617953546049635,1
