1,0.63028589936037,0.47737503124546,0.421269997359626,0.377460082272776,0.329007670994725,0.315844356401844,0.284725400280205,0.264742326169171,0.251452033819962,0.240580657584118,0.235335056289651,0.220362843478285,0.209214014329335,0.196394100057968,0.177800048542596,0.16875177170491,0.15276618542821,0.139213240626368,0.127850158276152,0.123620562253397,0.117097025805046,0.0942852564223613,0.0841960695232549,0.056914257417201,0.0201480061708631,-0.00629484491448987,-0.0330421517653489,-0.0318764437281353,-0.0430216421564945,-0.108060009092123,-0.0718189969626514
0.63028589936037,1,0.883852133388448,0.817321921154983,0.753314741333335,0.713890072192629,0.678815687643437,0.655924551851745,0.635424020598579,0.619588448650939,0.607774721876148,0.595829400195456,0.582137039771984,0.569564647080696,0.555672204961656,0.537100679114735,0.529776615775888,0.514541570058038,0.496292663547796,0.478682964441472,0.467093688153533,0.453070543799425,0.429581529184289,0.416977196340817,0.384874658963121,0.322890372866587,0.246775089436346,0.166785605593924,0.0917564052067176,0.0390891967925018,0.0036031242340545,0.0594368894978667
0.47737503124546,0.883852133388448,1,0.946481643502211,0.891798476327484,0.851597759416973,0.817646115608537,0.797597374476667,0.784535003239381,0.766506412412028,0.755122795904162,0.742250689197381,0.73107719140038,0.716132535342566,0.702936435452179,0.686289506869839,0.677455518834359,0.667629808875383,0.651941205948561,0.632303474268839,0.619857361469528,0.604907787173385,0.580960819053934,0.566311980953554,0.530201653156144,0.459578884925761,0.371721910630292,0.267083002354699,0.150533390713037,0.0892979400071643,0.0830584054024992,0.124757367533573
0.421269997359626,0.817321921154983,0.946481643502211,1,0.955028108497223,0.913449643662906,0.881285917536103,0.856977796821099,0.845646942663152,0.829335142768006,0.815993714772618,0.80224933288156,0.78941374374701,0.773320405170048,0.763702145385472,0.747412361944054,0.738268865310636,0.729321413495142,0.714977178710277,0.695020214708629,0.680577855036181,0.666308800760663,0.645915753926341,0.632275123236967,0.6015542179765,0.537141244017903,0.44879983805298,0.340376724751313,0.198766984107289,0.125179224367749,0.129751445441836,0.172601170899472
0.377460082272776,0.753314741333335,0.891798476327484,0.955028108497223,1,0.970241336811177,0.941748309165968,0.919868271079095,0.9069114795609,0.88910238805359,0.875703432243003,0.86219588353568,0.848331882410493,0.833212948031818,0.822960921374564,0.807785215978985,0.795323541048625,0.782253993659587,0.767272437647697,0.747017365304958,0.729883185641552,0.716632650126235,0.699148754709976,0.683586283460107,0.647954576714912,0.578157414261416,0.489323049294394,0.374064942208183,0.209036203525887,0.13088979736981,0.147680209537875,0.189575245586901
0.329007670994725,0.713890072192629,0.851597759416973,0.913449643662906,0.970241336811177,1,0.981816977098896,0.962094470585555,0.947955831819204,0.932585345139006,0.919164941785712,0.906290092603647,0.892676810042621,0.878618092082891,0.869156994991625,0.854544425934619,0.843871745471503,0.830070015152308,0.813673323127375,0.79521452197304,0.778265202675274,0.765883741636639,0.751242739117774,0.733784889321184,0.697677055244385,0.624924395143837,0.533519169746435,0.412722005175997,0.234815408476594,0.159532429512718,0.188296571706059,0.227907113286354
0.315844356401844,0.678815687643437,0.817646115608537,0.881285917536103,0.941748309165968,0.981816977098896,1,0.983181305110647,0.969860770735894,0.954621999166074,0.942001392098168,0.930864839590922,0.918157765414509,0.903295883316206,0.893026066179141,0.878568879684681,0.868615410360746,0.854494616494567,0.838233014219586,0.8208187249413,0.807699645474469,0.79538426616102,0.781345211190031,0.764406790950785,0.728475933108896,0.65273335390734,0.559917629728867,0.437285959450721,0.257616611434434,0.182346727033558,0.213612770554393,0.249906264148772
0.284725400280205,0.655924551851745,0.797597374476667,0.856977796821099,0.919868271079095,0.962094470585555,0.983181305110647,1,0.986441673697081,0.972088549883834,0.957772530308963,0.946044078232727,0.933429461708563,0.919761147083755,0.908927308736457,0.895684380430984,0.885737998718225,0.872496084599886,0.857357274690326,0.841832388040045,0.828960413888846,0.817961142845297,0.804200829328627,0.787859344739729,0.751487995347644,0.677612044342188,0.58734183169864,0.465568522222764,0.283270454972752,0.213544410799589,0.243379698330701,0.270525998792319
0.264742326169171,0.635424020598579,0.784535003239381,0.845646942663152,0.9069114795609,0.947955831819204,0.969860770735894,0.986441673697081,1,0.988522836129065,0.973786240773622,0.960973838086952,0.948641242978694,0.934375591695025,0.924496181171522,0.912271168836658,0.90129974875283,0.888069513141854,0.873683668718056,0.858481542885667,0.846175027277975,0.835571509954363,0.822234648781353,0.806310701113551,0.771800947154967,0.697042389753623,0.606086273927966,0.48238636574225,0.298660643045351,0.227628595348464,0.25544643461373,0.281417215740462
0.251452033819962,0.619588448650939,0.766506412412028,0.829335142768006,0.88910238805359,0.932585345139006,0.954621999166074,0.972088549883834,0.988522836129065,1,0.990418086769582,0.977538907495915,0.964627410734472,0.950846821672821,0.940951499951215,0.928939514012047,0.916435081926471,0.904198651789854,0.889927819997784,0.874111803834995,0.862230539449985,0.851518709614209,0.839038825294101,0.823350974377344,0.789961942103488,0.713556953611233,0.622326663434205,0.495007260027721,0.305849224536015,0.235931348248396,0.261636581364959,0.296478934782809
0.240580657584118,0.607774721876148,0.755122795904162,0.815993714772618,0.875703432243003,0.919164941785712,0.942001392098168,0.957772530308963,0.973786240773622,0.990418086769582,1,0.990779580860686,0.976900591253126,0.963717953076181,0.953237225873656,0.94059412212004,0.927920764133481,0.915062231677695,0.90110422883147,0.885311672538145,0.873515976140583,0.862456058985099,0.849425130466357,0.833997386361882,0.801278477776055,0.725286868734167,0.63532407250934,0.507043076456551,0.318010217473964,0.248912271578363,0.272940470480157,0.313854424666786
0.235335056289651,0.595829400195456,0.742250689197381,0.80224933288156,0.86219588353568,0.906290092603647,0.930864839590922,0.946044078232727,0.960973838086952,0.977538907495915,0.990779580860686,1,0.989076455910503,0.975974065452161,0.964926617290893,0.952229093963465,0.941162118276947,0.928437373141157,0.91445558886693,0.898486462558084,0.886843472511425,0.875979265220146,0.863101229842483,0.847325119019049,0.814632746809062,0.740872978031947,0.649856754951905,0.522824858811412,0.335276239969326,0.263900676576607,0.285830115890914,0.332480287084876
0.220362843478285,0.582137039771984,0.73107719140038,0.78941374374701,0.848331882410493,0.892676810042621,0.918157765414509,0.933429461708563,0.948641242978694,0.964627410734472,0.976900591253126,0.989076455910503,1,0.990927229233403,0.9795014976443,0.965755610714122,0.954612943159232,0.942766356904226,0.92935302820894,0.913984461326413,0.904187390562419,0.895016714563382,0.883189323823037,0.867479928185074,0.834856000701012,0.760669064627081,0.66673502265667,0.54071763488108,0.349224341142226,0.289453164752061,0.310786136605752,0.353020730708644
0.209214014329335,0.569564647080696,0.716132535342566,0.773320405170048,0.833212948031818,0.878618092082891,0.903295883316206,0.919761147083755,0.934375591695025,0.950846821672821,0.963717953076181,0.975974065452161,0.990927229233403,1,0.99204478221354,0.979894125902219,0.968285548105643,0.957412046299549,0.945686041594531,0.930568641922437,0.920314118306993,0.911527437835421,0.900359196371318,0.886313173658649,0.854753844356728,0.782062544281063,0.692100110576538,0.572014451488215,0.373651215291631,0.309886970149061,0.335280786559626,0.372253247411399
0.196394100057968,0.555672204961656,0.702936435452179,0.763702145385472,0.822960921374564,0.869156994991625,0.893026066179141,0.908927308736457,0.924496181171522,0.940951499951215,0.953237225873656,0.964926617290893,0.9795014976443,0.99204478221354,1,0.991101967376005,0.97997568292411,0.969571535603196,0.95902651773274,0.944570887770192,0.933150516822846,0.923805338349381,0.912882278177051,0.898737721702445,0.866881499309318,0.795489856318048,0.707944488090003,0.590471108660162,0.386544326967777,0.319597441278666,0.343342691547508,0.383682236291092
0.177800048542596,0.537100679114735,0.686289506869839,0.747412361944054,0.807785215978985,0.854544425934619,0.878568879684681,0.895684380430984,0.912271168836658,0.928939514012047,0.94059412212004,0.952229093963465,0.965755610714122,0.979894125902219,0.991101967376005,1,0.9911266338345,0.980982210985656,0.970684482641033,0.957797162533503,0.946914546145875,0.937100342687584,0.925557293919387,0.910850939370858,0.879408686940611,0.807680727635844,0.720641493754292,0.602793802492558,0.392336019731444,0.32431936700517,0.350222297951548,0.400039362198679
0.16875177170491,0.529776615775888,0.677455518834359,0.738268865310636,0.795323541048625,0.843871745471503,0.868615410360746,0.885737998718225,0.90129974875283,0.916435081926471,0.927920764133481,0.941162118276947,0.954612943159232,0.968285548105643,0.97997568292411,0.9911266338345,1,0.991537734797647,0.981710698533649,0.968759957984439,0.957437206136075,0.948016861852965,0.93546261605754,0.919705184929348,0.887565249798257,0.818890461092381,0.734271816524101,0.619713957981699,0.406094047963999,0.336195167042412,0.360068974092375,0.412881703502796
0.15276618542821,0.514541570058038,0.667629808875383,0.729321413495142,0.782253993659587,0.830070015152308,0.854494616494567,0.872496084599886,0.888069513141854,0.904198651789854,0.915062231677695,0.928437373141157,0.942766356904226,0.957412046299549,0.969571535603196,0.980982210985656,0.991537734797647,1,0.993121649208612,0.980816658230665,0.970561135581184,0.96103335973202,0.949410746575622,0.935743145514433,0.904336823475896,0.838217901337117,0.756005467588694,0.643051528138188,0.421595505208038,0.347440164576576,0.377302344646383,0.437070598758859
0.139213240626368,0.496292663547796,0.651941205948561,0.714977178710277,0.767272437647697,0.813673323127375,0.838233014219586,0.857357274690326,0.873683668718056,0.889927819997784,0.90110422883147,0.91445558886693,0.92935302820894,0.945686041594531,0.95902651773274,0.970684482641033,0.981710698533649,0.993121649208612,1,0.992119709029505,0.98082969041576,0.971874773747797,0.960810326182799,0.947383747765677,0.915860815863513,0.849356313307938,0.768875595260557,0.657946120106019,0.434416513274871,0.367078679293863,0.395186961913913,0.449800764579222
0.127850158276152,0.478682964441472,0.632303474268839,0.695020214708629,0.747017365304958,0.79521452197304,0.8208187249413,0.841832388040045,0.858481542885667,0.874111803834995,0.885311672538145,0.898486462558084,0.913984461326413,0.930568641922437,0.944570887770192,0.957797162533503,0.968759957984439,0.980816658230665,0.992119709029505,1,0.990386489231964,0.981041930169899,0.970072294027787,0.956337569740593,0.924130513284718,0.857071447621014,0.779149459470239,0.671268029515033,0.441097925622927,0.384860020539664,0.406711995013522,0.458262225276549
0.123620562253397,0.467093688153533,0.619857361469528,0.680577855036181,0.729883185641552,0.778265202675274,0.807699645474469,0.828960413888846,0.846175027277975,0.862230539449985,0.873515976140583,0.886843472511425,0.904187390562419,0.920314118306993,0.933150516822846,0.946914546145875,0.957437206136075,0.970561135581184,0.98082969041576,0.990386489231964,1,0.991384943667417,0.980519769966335,0.966699188811589,0.935716729823379,0.869955668887159,0.790516652954875,0.683990938793471,0.449690578293327,0.398246944460044,0.419403742857595,0.474503393128393
0.117097025805046,0.453070543799425,0.604907787173385,0.666308800760663,0.716632650126235,0.765883741636639,0.79538426616102,0.817961142845297,0.835571509954363,0.851518709614209,0.862456058985099,0.875979265220146,0.895016714563382,0.911527437835421,0.923805338349381,0.937100342687584,0.948016861852965,0.96103335973202,0.971874773747797,0.981041930169899,0.991384943667417,1,0.992369046379069,0.978726517075313,0.950389968700709,0.887357344089454,0.806947613389984,0.701739018408514,0.462421369596281,0.437699827243006,0.453079583096675,0.500496506339344
0.0942852564223613,0.429581529184289,0.580960819053934,0.645915753926341,0.699148754709976,0.751242739117774,0.781345211190031,0.804200829328627,0.822234648781353,0.839038825294101,0.849425130466357,0.863101229842483,0.883189323823037,0.900359196371318,0.912882278177051,0.925557293919387,0.93546261605754,0.949410746575622,0.960810326182799,0.970072294027787,0.980519769966335,0.992369046379069,1,0.990260379351422,0.965116439879805,0.910456641436374,0.831483512538218,0.724718620225051,0.485529901802555,0.450020361948998,0.469785392161847,0.511279114133526
0.0841960695232549,0.416977196340817,0.566311980953554,0.632275123236967,0.683586283460107,0.733784889321184,0.764406790950785,0.787859344739729,0.806310701113551,0.823350974377344,0.833997386361882,0.847325119019049,0.867479928185074,0.886313173658649,0.898737721702445,0.910850939370858,0.919705184929348,0.935743145514433,0.947383747765677,0.956337569740593,0.966699188811589,0.978726517075313,0.990260379351422,1,0.982638663042244,0.934344065770051,0.865728082347144,0.76299888594189,0.513428055268206,0.470759675699293,0.488543856887462,0.531195084767819
0.056914257417201,0.384874658963121,0.530201653156144,0.6015542179765,0.647954576714912,0.697677055244385,0.728475933108896,0.751487995347644,0.771800947154967,0.789961942103488,0.801278477776055,0.814632746809062,0.834856000701012,0.854753844356728,0.866881499309318,0.879408686940611,0.887565249798257,0.904336823475896,0.915860815863513,0.924130513284718,0.935716729823379,0.950389968700709,0.965116439879805,0.982638663042244,1,0.965507575611714,0.904444059367653,0.807058981360658,0.545041051887683,0.495402078597914,0.505291067196141,0.541728909898853
0.0201480061708631,0.322890372866587,0.459578884925761,0.537141244017903,0.578157414261416,0.624924395143837,0.65273335390734,0.677612044342188,0.697042389753623,0.713556953611233,0.725286868734167,0.740872978031947,0.760669064627081,0.782062544281063,0.795489856318048,0.807680727635844,0.818890461092381,0.838217901337117,0.849356313307938,0.857071447621014,0.869955668887159,0.887357344089454,0.910456641436374,0.934344065770051,0.965507575611714,1,0.964123653648701,0.883478134488646,0.603804964676021,0.509796658337632,0.517461646034409,0.538066580296636
-0.00629484491448987,0.246775089436346,0.371721910630292,0.44879983805298,0.489323049294394,0.533519169746435,0.559917629728867,0.58734183169864,0.606086273927966,0.622326663434205,0.63532407250934,0.649856754951905,0.66673502265667,0.692100110576538,0.707944488090003,0.720641493754292,0.734271816524101,0.756005467588694,0.768875595260557,0.779149459470239,0.790516652954875,0.806947613389984,0.831483512538218,0.865728082347144,0.904444059367653,0.964123653648701,1,0.955558819174109,0.651565827355515,0.524476907189945,0.522023527125979,0.523159952079428
-0.0330421517653489,0.166785605593924,0.267083002354699,0.340376724751313,0.374064942208183,0.412722005175997,0.437285959450721,0.465568522222764,0.48238636574225,0.495007260027721,0.507043076456551,0.522824858811412,0.54071763488108,0.572014451488215,0.590471108660162,0.602793802492558,0.619713957981699,0.643051528138188,0.657946120106019,0.671268029515033,0.683990938793471,0.701739018408514,0.724718620225051,0.76299888594189,0.807058981360658,0.883478134488646,0.955558819174109,1,0.724782630455972,0.582051452474194,0.543015298741705,0.514287454607153
-0.0318764437281353,0.0917564052067176,0.150533390713037,0.198766984107289,0.209036203525887,0.234815408476594,0.257616611434434,0.283270454972752,0.298660643045351,0.305849224536015,0.318010217473964,0.335276239969326,0.349224341142226,0.373651215291631,0.386544326967777,0.392336019731444,0.406094047963999,0.421595505208038,0.434416513274871,0.441097925622927,0.449690578293327,0.462421369596281,0.485529901802555,0.513428055268206,0.545041051887683,0.603804964676021,0.651565827355515,0.724782630455972,1,0.760483100575424,0.638093311924017,0.498133390392876
-0.0430216421564945,0.0390891967925018,0.0892979400071643,0.125179224367749,0.13088979736981,0.159532429512718,0.182346727033558,0.213544410799589,0.227628595348464,0.235931348248396,0.248912271578363,0.263900676576607,0.289453164752061,0.309886970149061,0.319597441278666,0.32431936700517,0.336195167042412,0.347440164576576,0.367078679293863,0.384860020539664,0.398246944460044,0.437699827243006,0.450020361948998,0.470759675699293,0.495402078597914,0.509796658337632,0.524476907189945,0.582051452474194,0.760483100575424,1,0.802883506431953,0.53458485368626
-0.108060009092123,0.0036031242340545,0.0830584054024992,0.129751445441836,0.147680209537875,0.188296571706059,0.213612770554393,0.243379698330701,0.25544643461373,0.261636581364959,0.272940470480157,0.285830115890914,0.310786136605752,0.335280786559626,0.343342691547508,0.350222297951548,0.360068974092375,0.377302344646383,0.395186961913913,0.406711995013522,0.419403742857595,0.453079583096675,0.469785392161847,0.488543856887462,0.505291067196141,0.517461646034409,0.522023527125979,0.543015298741705,0.638093311924017,0.802883506431953,1,0.737637385954974
-0.0718189969626514,0.0594368894978667,0.124757367533573,0.172601170899472,0.189575245586901,0.227907113286354,0.249906264148772,0.270525998792319,0.281417215740462,0.296478934782809,0.313854424666786,0.332480287084876,0.353020730708644,0.372253247411399,0.383682236291092,0.400039362198679,0.412881703502796,0.437070598758859,0.449800764579222,0.458262225276549,0.474503393128393,0.500496506339344,0.511279114133526,0.531195084767819,0.541728909898853,0.538066580296636,0.523159952079428,0.514287454607153,0.498133390392876,0.53458485368626,0.737637385954974,1
