1,0.735949693863513,0.660959536270862,0.637054167034664,0.619055103557503,0.609928309773621,0.604507290215935,0.598287009181602,0.584385272852553,0.573080451286392,0.568223241638356,0.559523157699612,0.549172770137394,0.539788418135463,0.534510859566808,0.524523594600125,0.514344352094781,0.49579809414149,0.482619470272609,0.475468352489116,0.464034665393848,0.457015056478233,0.454984413423869,0.439104038452463,0.41663355151666,0.392732744661466,0.346124751285096,0.307135191692025,0.260398568608563,0.180371913166334,0.162175360048921,0.103191277488537
0.735949693863513,1,0.927178999735376,0.891263709901076,0.869544600169475,0.855100963983196,0.846572407383359,0.831517981470487,0.814508462829198,0.801755859030199,0.791560871646402,0.78291815368827,0.763908944441341,0.74941791937626,0.738851051540801,0.72397641652322,0.709268142382143,0.691647131344174,0.675310996292104,0.664695527535677,0.648945512011956,0.633753145970196,0.62647647720777,0.608580788102907,0.574730141415609,0.54068985154883,0.482651106960659,0.425106601402229,0.35218716333204,0.235903061614202,0.192491424818623,0.14621349878711
0.660959536270862,0.927178999735376,1,0.964342898779292,0.939545804961953,0.925286608287805,0.915946318142638,0.900984636469233,0.884192760852007,0.870905151197118,0.860294953523029,0.84895148092853,0.829906976078094,0.816242773358396,0.805086904519206,0.792497680122874,0.779563770033574,0.76512923040667,0.74519325189058,0.732492252621235,0.717123575772061,0.701167281578199,0.694125052567742,0.678568148808619,0.645283292158368,0.609807960425644,0.547606406921368,0.483778409690159,0.403299427398764,0.275767085533877,0.201992791389475,0.137827761342503
0.637054167034664,0.891263709901076,0.964342898779292,1,0.976155150674805,0.95823013865815,0.94728854944091,0.931062864958753,0.91420310341546,0.902946885444551,0.892561867972735,0.880970322641332,0.862683016735423,0.84894521293455,0.837399573870286,0.826516744795292,0.815556173123322,0.800205209809341,0.779633235414762,0.769454709847746,0.754314735430023,0.739220037654162,0.729041490931684,0.715916874219088,0.684409274513413,0.649977224474243,0.586442078068876,0.519431029718333,0.429156076248152,0.29902434196108,0.220071773471412,0.14125361593895
0.619055103557503,0.869544600169475,0.939545804961953,0.976155150674805,1,0.983155102169196,0.972289835420399,0.958163752891761,0.943308862889911,0.932879372535321,0.923341099733193,0.914293056273483,0.897965075562893,0.8840099619645,0.872667928011328,0.861328485643004,0.849827516653498,0.83537586003059,0.817402923166953,0.806026903642381,0.790639377068243,0.776422870558411,0.766737962548669,0.750790965504287,0.721571258987941,0.686742728402277,0.621827248541657,0.552061868006415,0.461069089327317,0.328999122820293,0.243193311254498,0.142585639644381
0.609928309773621,0.855100963983196,0.925286608287805,0.95823013865815,0.983155102169196,1,0.989254328830434,0.976118477993622,0.962329733468154,0.950625369859125,0.940163969023195,0.929631523377152,0.913774671578929,0.900521432954262,0.889530343754675,0.878205535427957,0.867712300827062,0.853246690402873,0.836541421581778,0.826194821208536,0.810986232418149,0.797390444268824,0.787538837426287,0.772144519766358,0.74066500768667,0.704432067323214,0.637232762562366,0.565984722382507,0.474144413954252,0.340017888400021,0.2518962572966,0.145795224899492
0.604507290215935,0.846572407383359,0.915946318142638,0.94728854944091,0.972289835420399,0.989254328830434,1,0.988402081216258,0.973657106832578,0.960900592969581,0.949752246672084,0.938810556947987,0.922349696396616,0.907617784440723,0.895376102842946,0.882601180014115,0.872003676450183,0.858984704734616,0.842410785341544,0.832391026977676,0.816803835060336,0.80504676037397,0.79586218016118,0.781284513527273,0.74937681338993,0.713274650351007,0.647421808162357,0.576258329424516,0.485369841529844,0.353444960238014,0.25949306937491,0.139786382229811
0.598287009181602,0.831517981470487,0.900984636469233,0.931062864958753,0.958163752891761,0.976118477993622,0.988402081216258,1,0.988279563698475,0.976270618618465,0.964142000365242,0.953362094403778,0.938860808237865,0.924762816892363,0.912649598521696,0.900224507685203,0.890271809798946,0.87828329269093,0.862334089295846,0.853309820289011,0.838263073100621,0.82695759470317,0.817049341752917,0.803905480922795,0.774134119493599,0.738665993069396,0.674659290771423,0.602991319249936,0.511103868987326,0.376310871013037,0.281045068366568,0.150902432914358
0.584385272852553,0.814508462829198,0.884192760852007,0.91420310341546,0.943308862889911,0.962329733468154,0.973657106832578,0.988279563698475,1,0.990052036100241,0.978013013871398,0.96716603871893,0.954456045942123,0.940211789645838,0.927170294001271,0.914101251937676,0.9035774270964,0.891977248069726,0.87847207564273,0.869275296748332,0.85479805989605,0.843739237467999,0.834576710975466,0.822443067188306,0.792639311445284,0.757993786783926,0.69338837278174,0.62091153692689,0.527108184575087,0.389141021783221,0.293067558100803,0.14349914425003
0.573080451286392,0.801755859030199,0.870905151197118,0.902946885444551,0.932879372535321,0.950625369859125,0.960900592969581,0.976270618618465,0.990052036100241,1,0.989835492369575,0.978586438698072,0.966351974766565,0.952059187640114,0.938800679901476,0.924804988380775,0.913896628867224,0.902583232489461,0.888914150264428,0.880131420306532,0.866480621633293,0.853931385855378,0.844526553208861,0.831770535216913,0.804368677168306,0.768534541094548,0.70659127001183,0.635677619878966,0.53880635093235,0.398745241964558,0.306223861191336,0.150561352745483
0.568223241638356,0.791560871646402,0.860294953523029,0.892561867972735,0.923341099733193,0.940163969023195,0.949752246672084,0.964142000365242,0.978013013871398,0.989835492369575,1,0.990966428046414,0.979244942278321,0.964511972987757,0.952389236759095,0.938325231986218,0.92819583561144,0.916998964822385,0.902855637831845,0.893100796390313,0.88065193787132,0.867732414347142,0.858439452800056,0.845849395195729,0.818082199322664,0.782184106412339,0.721642789100016,0.651786583294733,0.554729382686701,0.414595560300093,0.322324150313273,0.165586194107928
0.559523157699612,0.78291815368827,0.84895148092853,0.880970322641332,0.914293056273483,0.929631523377152,0.938810556947987,0.953362094403778,0.96716603871893,0.978586438698072,0.990966428046414,1,0.991098227990131,0.977542783096962,0.966249043935,0.952953816271038,0.942336102976666,0.930540420542959,0.916347863507569,0.90578213694316,0.894176739860117,0.881966978766996,0.873115439700663,0.860020982828373,0.830985142091103,0.794513056147118,0.732465924405535,0.661805117457308,0.562039775091133,0.419901879194408,0.331475686532561,0.177666367613316
0.549172770137394,0.763908944441341,0.829906976078094,0.862683016735423,0.897965075562893,0.913774671578929,0.922349696396616,0.938860808237865,0.954456045942123,0.966351974766565,0.979244942278321,0.991098227990131,1,0.990720553136729,0.979814606978768,0.967316847335213,0.95720314604651,0.946142951376101,0.933398821386843,0.924188637045468,0.913653274008631,0.901615354197045,0.893982831743395,0.880405063412194,0.853409470072031,0.818291970924289,0.758789414805938,0.689123616934712,0.59011749127385,0.447759429794816,0.359503060977561,0.186400524330892
0.539788418135463,0.74941791937626,0.816242773358396,0.84894521293455,0.8840099619645,0.900521432954262,0.907617784440723,0.924762816892363,0.940211789645838,0.952059187640114,0.964511972987757,0.977542783096962,0.990720553136729,1,0.991869290217782,0.981180731005085,0.970658366313346,0.960516351265604,0.948358381704685,0.939244856708488,0.929421639726313,0.917795499520202,0.911308455987998,0.898505419724285,0.873453626154064,0.839803516056091,0.782054820721307,0.712825991808584,0.613518558061466,0.46937119341865,0.387028386867738,0.198535267507079
0.534510859566808,0.738851051540801,0.805086904519206,0.837399573870286,0.872667928011328,0.889530343754675,0.895376102842946,0.912649598521696,0.927170294001271,0.938800679901476,0.952389236759095,0.966249043935,0.979814606978768,0.991869290217782,1,0.991962248272153,0.983227329730074,0.974358979295215,0.963641899611641,0.954821009705306,0.945112988305148,0.933299449121379,0.927198590597608,0.914730388865212,0.891527408950185,0.858960127065366,0.804608566092132,0.738722557929272,0.638434211589045,0.495575635664397,0.410811690530617,0.21307636124735
0.524523594600125,0.72397641652322,0.792497680122874,0.826516744795292,0.861328485643004,0.878205535427957,0.882601180014115,0.900224507685203,0.914101251937676,0.924804988380775,0.938325231986218,0.952953816271038,0.967316847335213,0.981180731005085,0.991962248272153,1,0.992714437317617,0.984294245748863,0.973962654463785,0.964419968105257,0.95486065856236,0.943963763317511,0.937908476738472,0.925380303108435,0.902425343093921,0.872019306795205,0.818332726671586,0.754624216334963,0.653123655434465,0.513567266305875,0.434083398753035,0.22750508019935
0.514344352094781,0.709268142382143,0.779563770033574,0.815556173123322,0.849827516653498,0.867712300827062,0.872003676450183,0.890271809798946,0.9035774270964,0.913896628867224,0.92819583561144,0.942336102976666,0.95720314604651,0.970658366313346,0.983227329730074,0.992714437317617,1,0.993124683510814,0.982715846179064,0.97482363700225,0.965482737907635,0.954773275648719,0.947179622218297,0.934927967833986,0.914015633541747,0.885129560998801,0.832939939646446,0.771360057444389,0.670413468044661,0.52979519187584,0.446958028820912,0.236442907883619
0.49579809414149,0.691647131344174,0.76512923040667,0.800205209809341,0.83537586003059,0.853246690402873,0.858984704734616,0.87828329269093,0.891977248069726,0.902583232489461,0.916998964822385,0.930540420542959,0.946142951376101,0.960516351265604,0.974358979295215,0.984294245748863,0.993124683510814,1,0.992307677956129,0.983898392961809,0.97454982153324,0.963224747930718,0.955710587690651,0.944983561266784,0.92243877477245,0.893803770477472,0.844191291611077,0.783499996058808,0.686275951571056,0.547502516822536,0.461374747493303,0.247905295405385
0.482619470272609,0.675310996292104,0.74519325189058,0.779633235414762,0.817402923166953,0.836541421581778,0.842410785341544,0.862334089295846,0.87847207564273,0.888914150264428,0.902855637831845,0.916347863507569,0.933398821386843,0.948358381704685,0.963641899611641,0.973962654463785,0.982715846179064,0.992307677956129,1,0.991698490881216,0.982860276475793,0.972938180642834,0.965589298294374,0.954888007826382,0.933449231988341,0.906613553107287,0.85902780979055,0.799357221183017,0.704338252198132,0.566821411112567,0.477539394418369,0.256218261630896
0.475468352489116,0.664695527535677,0.732492252621235,0.769454709847746,0.806026903642381,0.826194821208536,0.832391026977676,0.853309820289011,0.869275296748332,0.880131420306532,0.893100796390313,0.90578213694316,0.924188637045468,0.939244856708488,0.954821009705306,0.964419968105257,0.97482363700225,0.983898392961809,0.991698490881216,1,0.993137239006208,0.984055055036204,0.976487987768555,0.965605815645127,0.94537501098737,0.920362991532534,0.875491902887252,0.819010379185467,0.724631310244477,0.587256167366518,0.49922034004246,0.259284569218028
0.464034665393848,0.648945512011956,0.717123575772061,0.754314735430023,0.790639377068243,0.810986232418149,0.816803835060336,0.838263073100621,0.85479805989605,0.866480621633293,0.88065193787132,0.894176739860117,0.913653274008631,0.929421639726313,0.945112988305148,0.95486065856236,0.965482737907635,0.97454982153324,0.982860276475793,0.993137239006208,1,0.992382337059145,0.984520193277061,0.974553495396856,0.956333408236313,0.932841638420139,0.888033952926737,0.831045829761857,0.738589503844809,0.599825885701742,0.510400907492282,0.268654023078319
0.457015056478233,0.633753145970196,0.701167281578199,0.739220037654162,0.776422870558411,0.797390444268824,0.80504676037397,0.82695759470317,0.843739237467999,0.853931385855378,0.867732414347142,0.881966978766996,0.901615354197045,0.917795499520202,0.933299449121379,0.943963763317511,0.954773275648719,0.963224747930718,0.972938180642834,0.984055055036204,0.992382337059145,1,0.9913562517301,0.981557917405255,0.965566882855368,0.942876814968581,0.899469835434813,0.846304421905246,0.755046809858729,0.619554528251282,0.528111650609591,0.274519136937584
0.454984413423869,0.62647647720777,0.694125052567742,0.729041490931684,0.766737962548669,0.787538837426287,0.79586218016118,0.817049341752917,0.834576710975466,0.844526553208861,0.858439452800056,0.873115439700663,0.893982831743395,0.911308455987998,0.927198590597608,0.937908476738472,0.947179622218297,0.955710587690651,0.965589298294374,0.976487987768555,0.984520193277061,0.9913562517301,1,0.990608365561129,0.97340837475672,0.953849726141575,0.910333730573585,0.855680779340509,0.769084028940925,0.635405113954156,0.542703525043359,0.275096726265006
0.439104038452463,0.608580788102907,0.678568148808619,0.715916874219088,0.750790965504287,0.772144519766358,0.781284513527273,0.803905480922795,0.822443067188306,0.831770535216913,0.845849395195729,0.860020982828373,0.880405063412194,0.898505419724285,0.914730388865212,0.925380303108435,0.934927967833986,0.944983561266784,0.954888007826382,0.965605815645127,0.974553495396856,0.981557917405255,0.990608365561129,1,0.98467442811445,0.966512759932538,0.925011051181444,0.870605636690039,0.788310012471331,0.656851025838871,0.560262399822767,0.280186620049869
0.41663355151666,0.574730141415609,0.645283292158368,0.684409274513413,0.721571258987941,0.74066500768667,0.74937681338993,0.774134119493599,0.792639311445284,0.804368677168306,0.818082199322664,0.830985142091103,0.853409470072031,0.873453626154064,0.891527408950185,0.902425343093921,0.914015633541747,0.92243877477245,0.933449231988341,0.94537501098737,0.956333408236313,0.965566882855368,0.97340837475672,0.98467442811445,1,0.986354119610572,0.954435484555957,0.905006100005499,0.823673974662079,0.689110398112756,0.59693932167758,0.285563889294425
0.392732744661466,0.54068985154883,0.609807960425644,0.649977224474243,0.686742728402277,0.704432067323214,0.713274650351007,0.738665993069396,0.757993786783926,0.768534541094548,0.782184106412339,0.794513056147118,0.818291970924289,0.839803516056091,0.858960127065366,0.872019306795205,0.885129560998801,0.893803770477472,0.906613553107287,0.920362991532534,0.932841638420139,0.942876814968581,0.953849726141575,0.966512759932538,0.986354119610572,1,0.978341220609077,0.937265718466591,0.865953778631663,0.741950741213469,0.645230572453386,0.299805730138755
0.346124751285096,0.482651106960659,0.547606406921368,0.586442078068876,0.621827248541657,0.637232762562366,0.647421808162357,0.674659290771423,0.69338837278174,0.70659127001183,0.721642789100016,0.732465924405535,0.758789414805938,0.782054820721307,0.804608566092132,0.818332726671586,0.832939939646446,0.844191291611077,0.85902780979055,0.875491902887252,0.888033952926737,0.899469835434813,0.910333730573585,0.925011051181444,0.954435484555957,0.978341220609077,1,0.974899754883157,0.915409560737717,0.799314634683989,0.700335163089561,0.312014906146789
0.307135191692025,0.425106601402229,0.483778409690159,0.519431029718333,0.552061868006415,0.565984722382507,0.576258329424516,0.602991319249936,0.62091153692689,0.635677619878966,0.651786583294733,0.661805117457308,0.689123616934712,0.712825991808584,0.738722557929272,0.754624216334963,0.771360057444389,0.783499996058808,0.799357221183017,0.819010379185467,0.831045829761857,0.846304421905246,0.855680779340509,0.870605636690039,0.905006100005499,0.937265718466591,0.974899754883157,1,0.96102733745799,0.858930234657626,0.75259027356717,0.319051138163948
0.260398568608563,0.35218716333204,0.403299427398764,0.429156076248152,0.461069089327317,0.474144413954252,0.485369841529844,0.511103868987326,0.527108184575087,0.53880635093235,0.554729382686701,0.562039775091133,0.59011749127385,0.613518558061466,0.638434211589045,0.653123655434465,0.670413468044661,0.686275951571056,0.704338252198132,0.724631310244477,0.738589503844809,0.755046809858729,0.769084028940925,0.788310012471331,0.823673974662079,0.865953778631663,0.915409560737717,0.96102733745799,1,0.942690227874277,0.807303993837803,0.337466805392979
0.180371913166334,0.235903061614202,0.275767085533877,0.29902434196108,0.328999122820293,0.340017888400021,0.353444960238014,0.376310871013037,0.389141021783221,0.398745241964558,0.414595560300093,0.419901879194408,0.447759429794816,0.46937119341865,0.495575635664397,0.513567266305875,0.52979519187584,0.547502516822536,0.566821411112567,0.587256167366518,0.599825885701742,0.619554528251282,0.635405113954156,0.656851025838871,0.689110398112756,0.741950741213469,0.799314634683989,0.858930234657626,0.942690227874277,1,0.85332642562936,0.372463161525635
0.162175360048921,0.192491424818623,0.201992791389475,0.220071773471412,0.243193311254498,0.2518962572966,0.25949306937491,0.281045068366568,0.293067558100803,0.306223861191336,0.322324150313273,0.331475686532561,0.359503060977561,0.387028386867738,0.410811690530617,0.434083398753035,0.446958028820912,0.461374747493303,0.477539394418369,0.49922034004246,0.510400907492282,0.528111650609591,0.542703525043359,0.560262399822767,0.59693932167758,0.645230572453386,0.700335163089561,0.75259027356717,0.807303993837803,0.85332642562936,1,0.445893753299135
0.103191277488537,0.14621349878711,0.137827761342503,0.14125361593895,0.142585639644381,0.145795224899492,0.139786382229811,0.150902432914358,0.14349914425003,0.150561352745483,0.165586194107928,0.177666367613316,0.186400524330892,0.198535267507079,0.21307636124735,0.22750508019935,0.236442907883619,0.247905295405385,0.256218261630896,0.259284569218028,0.268654023078319,0.274519136937584,0.275096726265006,0.280186620049869,0.285563889294425,0.299805730138755,0.312014906146789,0.319051138163948,0.337466805392979,0.372463161525635,0.445893753299135,1
