1,0.856599607034656,0.80488570904081,0.778441783299342,0.747847043557088,0.725728431846299,0.693628090623497,0.679085651291453,0.642867678604611,0.608104979058384,0.578897662856998,0.503189563534046,0.455829011983133,0.394833605082758,0.343175976412191,0.291907678811302,0.22172914366083,0.182962429004248,0.126350132067669,0.0745142609148863,0.0200262291513173,-0.0154758544120561,-0.0330346423503545,-0.0708331032473746,-0.110971079335563,-0.127584153524926,-0.151845771363213,-0.164492765599259,-0.149428550240448,-0.122794845920039,-0.0888028329704813,-0.17369948387971
0.856599607034656,1,0.96315213387497,0.938345023419245,0.911466569824443,0.894078559078295,0.869010389337592,0.851985433113342,0.820060991385335,0.782241328555207,0.75100518154459,0.680311065387646,0.631545524652445,0.573702975824321,0.519290862738182,0.462409176430958,0.386257242323748,0.342830795249667,0.278556712635569,0.220814800886922,0.155678446073922,0.107375191936027,0.0807654612852534,0.0375480420548815,-0.0119334634253469,-0.0306004700790663,-0.0561728235179654,-0.0724774594134515,-0.0538375806257791,-0.0220708063065571,-0.0457772550905488,-0.157481624106206
0.80488570904081,0.96315213387497,1,0.980004783563778,0.955419003195069,0.939424570102568,0.919264821323879,0.903836512095449,0.878161630721399,0.84425039007264,0.814882950596548,0.755324645887128,0.714734609136205,0.658998293424894,0.609637186462731,0.553999075133253,0.481630699769331,0.438998530854325,0.375459912218355,0.318640135831824,0.25498890398776,0.206433087199563,0.175799877099614,0.132818915803419,0.0792922281542212,0.0565118799553548,0.0251938354792285,0.00742455545915613,0.0223051296885113,0.0489008327710942,0.0010092192938033,-0.128121563272504
0.778441783299342,0.938345023419245,0.980004783563778,1,0.979033185725612,0.963446363252364,0.946151700372543,0.931267615505022,0.907196871799717,0.879877998853492,0.852712545010012,0.797051995792153,0.759788140731293,0.708083851110058,0.659053415064354,0.604326982298435,0.532315898762328,0.488348482849072,0.42467458598153,0.370986324503477,0.308304620533065,0.259115153323729,0.225678389982122,0.18318029411788,0.126666579379044,0.1018551331582,0.0655377646883862,0.042337369713132,0.0458787488480121,0.0612422773920221,0.00209242627164563,-0.125545436476243
0.747847043557088,0.911466569824443,0.955419003195069,0.979033185725612,1,0.988392948832394,0.97171476964289,0.958227327974407,0.93263901645125,0.908448000809215,0.880214573963375,0.825578124428465,0.789033194836854,0.738809140240143,0.691922356703471,0.640848198929362,0.569601930047941,0.52538054069859,0.464290434571254,0.41208328168835,0.351901132215392,0.302845453897983,0.269928592845114,0.226529455782844,0.16679609788732,0.140437702384657,0.10423913700562,0.075204470355123,0.072726410319601,0.0845838442699649,0.0259858700982298,-0.104999979017359
0.725728431846299,0.894078559078295,0.939424570102568,0.963446363252364,0.988392948832394,1,0.986466336075087,0.972560222667649,0.948746219347673,0.925208905708856,0.89772330662945,0.846380832153157,0.810651487560768,0.763616567867071,0.718380911847953,0.6691282692292,0.600886655270224,0.557567750464767,0.499321736924626,0.448884385570516,0.389085683274552,0.339871006249978,0.307540418460526,0.264974393129618,0.205699519773986,0.178211299930163,0.141617034453671,0.1088369746769,0.100498477840744,0.108523120565049,0.051745172198008,-0.0790852758393184
0.693628090623497,0.869010389337592,0.919264821323879,0.946151700372543,0.97171476964289,0.986466336075087,1,0.989989692879174,0.972295831213561,0.951596271248179,0.927519860394528,0.883522694924054,0.850489662714649,0.807381024830772,0.765816713381238,0.719135165328235,0.654241942647325,0.612324849032916,0.557679397422091,0.507973464879406,0.446869493854312,0.397183006766995,0.36362128014162,0.321671447395523,0.261366743275205,0.23051817373269,0.190964933885383,0.155849735723625,0.138013466159571,0.134515528180152,0.0714111561148659,-0.0666084833426166
0.679085651291453,0.851985433113342,0.903836512095449,0.931267615505022,0.958227327974407,0.972560222667649,0.989989692879174,1,0.985696446152452,0.969000319757391,0.946270099047738,0.904961200758283,0.872298521193163,0.831154512573814,0.79031958057314,0.747835119427633,0.684128417650409,0.644071878704953,0.589870781609003,0.541478673106878,0.480575118555304,0.430966966619298,0.397998844720859,0.355115581177848,0.293627448283513,0.263947044274182,0.22509290328896,0.186593975759007,0.163205380332544,0.15179652639173,0.0773608991735063,-0.0680935700930458
0.642867678604611,0.820060991385335,0.878161630721399,0.907196871799717,0.93263901645125,0.948746219347673,0.972295831213561,0.985696446152452,1,0.987524773021045,0.969846336213014,0.937837567153428,0.909206625573348,0.87101046290401,0.834050225472246,0.792712417392583,0.736019204095054,0.700127722593386,0.64935591858235,0.603161148086054,0.543165266763735,0.495650483255648,0.463091778842221,0.421859521751982,0.36031834142032,0.329398201452696,0.289582895576875,0.245664501236812,0.210764211894538,0.187158499874493,0.100479396108482,-0.0444789556380493
0.608104979058384,0.782241328555207,0.84425039007264,0.879877998853492,0.908448000809215,0.925208905708856,0.951596271248179,0.969000319757391,0.987524773021045,1,0.989060547702534,0.963929417511137,0.937851418006022,0.904038710940461,0.870826631592092,0.833625333923786,0.782081426754212,0.749786055437094,0.701927073139948,0.659436354950874,0.602335836669432,0.556589854949765,0.5246791320694,0.484132228526398,0.422221021704315,0.388433554960111,0.347720923117939,0.299365492421211,0.253786436383147,0.213879426970693,0.119243266540938,-0.0327449125994245
0.578897662856998,0.75100518154459,0.814882950596548,0.852712545010012,0.880214573963375,0.89772330662945,0.927519860394528,0.946270099047738,0.969846336213014,0.989060547702534,1,0.984318997197991,0.96188845782887,0.932025926993826,0.900129901839391,0.866468676984264,0.820681465569604,0.790644030096833,0.745650863025242,0.705407600037738,0.651625521464392,0.607130084859885,0.575271038953018,0.534307231686754,0.475264010216822,0.441099546468437,0.39778023864438,0.348353857555831,0.299256863272896,0.245585081396476,0.141771054190353,-0.00919952745245318
0.503189563534046,0.680311065387646,0.755324645887128,0.797051995792153,0.825578124428465,0.846380832153157,0.883522694924054,0.904961200758283,0.937837567153428,0.963929417511137,0.984318997197991,1,0.986699288930266,0.965360950001298,0.940198647548347,0.911625945396013,0.8756673444684,0.848782922895701,0.808516369894978,0.771818488501085,0.722230100711233,0.680781203381836,0.649231520010342,0.611006461522387,0.553649289271943,0.519395635876393,0.474564002563025,0.423231524642506,0.363991691984081,0.289968341038455,0.170208538442334,0.0190551174412661
0.455829011983133,0.631545524652445,0.714734609136205,0.759788140731293,0.789033194836854,0.810651487560768,0.850489662714649,0.872298521193163,0.909206625573348,0.937851418006022,0.96188845782887,0.986699288930266,1,0.986292763380095,0.966666967544181,0.940730151233536,0.90918893205652,0.886083992298968,0.849722386529611,0.816358826860869,0.76971360421607,0.729822254379493,0.699697966585945,0.664579373996579,0.608851600764927,0.575397050663923,0.532243932509188,0.478471375750998,0.415636097560397,0.330871188704104,0.201945684416658,0.0445374315446176
0.394833605082758,0.573702975824321,0.658998293424894,0.708083851110058,0.738809140240143,0.763616567867071,0.807381024830772,0.831154512573814,0.87101046290401,0.904038710940461,0.932025926993826,0.965360950001298,0.986292763380095,1,0.989117554588542,0.968635030140816,0.941037237565645,0.92079157642044,0.889501223341464,0.860032883479183,0.820669037270829,0.78521227691994,0.756454406397423,0.723468564887118,0.670081102612606,0.637506207823764,0.594755028696036,0.537543014013203,0.477908318239908,0.382070136122238,0.243307530514956,0.0720416871302487
0.343175976412191,0.519290862738182,0.609637186462731,0.659053415064354,0.691922356703471,0.718380911847953,0.765816713381238,0.79031958057314,0.834050225472246,0.870826631592092,0.900129901839391,0.940198647548347,0.966666967544181,0.989117554588542,1,0.986592286802199,0.965563988176,0.94826657646601,0.920947343287912,0.894344307154775,0.859592765268549,0.827640011075553,0.800881923912956,0.770815952386216,0.719747260946279,0.686240692891204,0.644720786508642,0.585783397709855,0.520461075628734,0.415682894049368,0.268579409791376,0.0957040975150617
0.291907678811302,0.462409176430958,0.553999075133253,0.604326982298435,0.640848198929362,0.6691282692292,0.719135165328235,0.747835119427633,0.792712417392583,0.833625333923786,0.866468676984264,0.911625945396013,0.940730151233536,0.968635030140816,0.986592286802199,1,0.987635713196591,0.973301481028283,0.949810933487071,0.926260215224218,0.897670326079182,0.868983615050601,0.843912381454649,0.816571965048075,0.767677050078977,0.737598163142458,0.700349778475928,0.638760721361314,0.568498423991519,0.454336773778114,0.294901853440039,0.114429648900506
0.22172914366083,0.386257242323748,0.481630699769331,0.532315898762328,0.569601930047941,0.600886655270224,0.654241942647325,0.684128417650409,0.736019204095054,0.782081426754212,0.820681465569604,0.8756673444684,0.90918893205652,0.941037237565645,0.965563988176,0.987635713196591,1,0.991527113800977,0.974936215635285,0.955578854223026,0.933069650236286,0.909979136614901,0.887039452553235,0.861322162219946,0.818403719689356,0.787108410559242,0.749526690557614,0.690612661006235,0.613380006117034,0.486516574109326,0.316005576660366,0.138958002019977
0.182962429004248,0.342830795249667,0.438998530854325,0.488348482849072,0.52538054069859,0.557567750464767,0.612324849032916,0.644071878704953,0.700127722593386,0.749786055437094,0.790644030096833,0.848782922895701,0.886083992298968,0.92079157642044,0.94826657646601,0.973301481028283,0.991527113800977,1,0.989170480485006,0.973103796262342,0.952594057702995,0.930926710463962,0.909431875473696,0.883628470112687,0.843771594962612,0.814001269955458,0.780205741728163,0.721577904362656,0.64326974614719,0.512221861279785,0.338903926408027,0.160731067658119
0.126350132067669,0.278556712635569,0.375459912218355,0.42467458598153,0.464290434571254,0.499321736924626,0.557679397422091,0.589870781609003,0.64935591858235,0.701927073139948,0.745650863025242,0.808516369894978,0.849722386529611,0.889501223341464,0.920947343287912,0.949810933487071,0.974936215635285,0.989170480485006,1,0.990132543026723,0.973417124058678,0.954228339861576,0.934633148463087,0.910632152643451,0.874210676668957,0.845094091527501,0.811782597359261,0.753464428177236,0.669890177788144,0.537702919215359,0.367096106860685,0.188508785812004
0.0745142609148863,0.220814800886922,0.318640135831824,0.370986324503477,0.41208328168835,0.448884385570516,0.507973464879406,0.541478673106878,0.603161148086054,0.659436354950874,0.705407600037738,0.771818488501085,0.816358826860869,0.860032883479183,0.894344307154775,0.926260215224218,0.955578854223026,0.973103796262342,0.990132543026723,1,0.987679810599937,0.970875531718053,0.953324550800915,0.933235113199002,0.900670974618311,0.871891656027706,0.840903206771852,0.784344647663121,0.694404154498587,0.55662320452593,0.388894583498967,0.205984250268412
0.0200262291513173,0.155678446073922,0.25498890398776,0.308304620533065,0.351901132215392,0.389085683274552,0.446869493854312,0.480575118555304,0.543165266763735,0.602335836669432,0.651625521464392,0.722230100711233,0.76971360421607,0.820669037270829,0.859592765268549,0.897670326079182,0.933069650236286,0.952594057702995,0.973417124058678,0.987679810599937,1,0.989488174848804,0.975844802456063,0.959523675365455,0.932639899047378,0.906688105337015,0.87547857538705,0.820589329759839,0.735352742666934,0.58977706012217,0.422412632309372,0.240980363856644
-0.0154758544120561,0.107375191936027,0.206433087199563,0.259115153323729,0.302845453897983,0.339871006249978,0.397183006766995,0.430966966619298,0.495650483255648,0.556589854949765,0.607130084859885,0.680781203381836,0.729822254379493,0.78521227691994,0.827640011075553,0.868983615050601,0.909979136614901,0.930926710463962,0.954228339861576,0.970875531718053,0.989488174848804,1,0.991562492509549,0.978732567708778,0.95571198139039,0.931820003442934,0.901884069890411,0.850325224172345,0.766432918974946,0.614652913413372,0.43773290735869,0.268670954894068
-0.0330346423503545,0.0807654612852534,0.175799877099614,0.225678389982122,0.269928592845114,0.307540418460526,0.36362128014162,0.397998844720859,0.463091778842221,0.5246791320694,0.575271038953018,0.649231520010342,0.699697966585945,0.756454406397423,0.800881923912956,0.843912381454649,0.887039452553235,0.909431875473696,0.934633148463087,0.953324550800915,0.975844802456063,0.991562492509549,1,0.990390259300428,0.971055826775177,0.95080486022306,0.925087307026258,0.876036790051926,0.79443361068743,0.640740804246242,0.456370223080249,0.291322909768432
-0.0708331032473746,0.0375480420548815,0.132818915803419,0.18318029411788,0.226529455782844,0.264974393129618,0.321671447395523,0.355115581177848,0.421859521751982,0.484132228526398,0.534307231686754,0.611006461522387,0.664579373996579,0.723468564887118,0.770815952386216,0.816571965048075,0.861322162219946,0.883628470112687,0.910632152643451,0.933235113199002,0.959523675365455,0.978732567708778,0.990390259300428,1,0.985773045051036,0.967505028461267,0.943848094646589,0.898846671949871,0.813317641567705,0.662424594629845,0.480636368510195,0.317541551863722
-0.110971079335563,-0.0119334634253469,0.0792922281542212,0.126666579379044,0.16679609788732,0.205699519773986,0.261366743275205,0.293627448283513,0.36031834142032,0.422221021704315,0.475264010216822,0.553649289271943,0.608851600764927,0.670081102612606,0.719747260946279,0.767677050078977,0.818403719689356,0.843771594962612,0.874210676668957,0.900670974618311,0.932639899047378,0.95571198139039,0.971055826775177,0.985773045051036,1,0.986612874658617,0.965467100064777,0.932158284459311,0.848530043059461,0.694842581801589,0.52027963046087,0.353627078475421
-0.127584153524926,-0.0306004700790663,0.0565118799553548,0.1018551331582,0.140437702384657,0.178211299930163,0.23051817373269,0.263947044274182,0.329398201452696,0.388433554960111,0.441099546468437,0.519395635876393,0.575397050663923,0.637506207823764,0.686240692891204,0.737598163142458,0.787108410559242,0.814001269955458,0.845094091527501,0.871891656027706,0.906688105337015,0.931820003442934,0.95080486022306,0.967505028461267,0.986612874658617,1,0.986968694397856,0.954839590182171,0.884320099019103,0.742946014352975,0.571333713069893,0.390440232077517
-0.151845771363213,-0.0561728235179654,0.0251938354792285,0.0655377646883862,0.10423913700562,0.141617034453671,0.190964933885383,0.22509290328896,0.289582895576875,0.347720923117939,0.39778023864438,0.474564002563025,0.532243932509188,0.594755028696036,0.644720786508642,0.700349778475928,0.749526690557614,0.780205741728163,0.811782597359261,0.840903206771852,0.87547857538705,0.901884069890411,0.925087307026258,0.943848094646589,0.965467100064777,0.986968694397856,1,0.972495621560114,0.907134623682858,0.77103838834389,0.601038447138493,0.405183754407865
-0.164492765599259,-0.0724774594134515,0.00742455545915613,0.042337369713132,0.075204470355123,0.1088369746769,0.155849735723625,0.186593975759007,0.245664501236812,0.299365492421211,0.348353857555831,0.423231524642506,0.478471375750998,0.537543014013203,0.585783397709855,0.638760721361314,0.690612661006235,0.721577904362656,0.753464428177236,0.784344647663121,0.820589329759839,0.850325224172345,0.876036790051926,0.898846671949871,0.932158284459311,0.954839590182171,0.972495621560114,1,0.9467414423093,0.806303247541701,0.629832201105477,0.427738581802134
-0.149428550240448,-0.0538375806257791,0.0223051296885113,0.0458787488480121,0.072726410319601,0.100498477840744,0.138013466159571,0.163205380332544,0.210764211894538,0.253786436383147,0.299256863272896,0.363991691984081,0.415636097560397,0.477908318239908,0.520461075628734,0.568498423991519,0.613380006117034,0.64326974614719,0.669890177788144,0.694404154498587,0.735352742666934,0.766432918974946,0.79443361068743,0.813317641567705,0.848530043059461,0.884320099019103,0.907134623682858,0.9467414423093,1,0.903783458127283,0.707844579702742,0.448767801861839
-0.122794845920039,-0.0220708063065571,0.0489008327710942,0.0612422773920221,0.0845838442699649,0.108523120565049,0.134515528180152,0.15179652639173,0.187158499874493,0.213879426970693,0.245585081396476,0.289968341038455,0.330871188704104,0.382070136122238,0.415682894049368,0.454336773778114,0.486516574109326,0.512221861279785,0.537702919215359,0.55662320452593,0.58977706012217,0.614652913413372,0.640740804246242,0.662424594629845,0.694842581801589,0.742946014352975,0.77103838834389,0.806303247541701,0.903783458127283,1,0.837479585363508,0.48515419355765
-0.0888028329704813,-0.0457772550905488,0.0010092192938033,0.00209242627164563,0.0259858700982298,0.051745172198008,0.0714111561148659,0.0773608991735063,0.100479396108482,0.119243266540938,0.141771054190353,0.170208538442334,0.201945684416658,0.243307530514956,0.268579409791376,0.294901853440039,0.316005576660366,0.338903926408027,0.367096106860685,0.388894583498967,0.422412632309372,0.43773290735869,0.456370223080249,0.480636368510195,0.52027963046087,0.571333713069893,0.601038447138493,0.629832201105477,0.707844579702742,0.837479585363508,1,0.635361363083296
-0.17369948387971,-0.157481624106206,-0.128121563272504,-0.125545436476243,-0.104999979017359,-0.0790852758393184,-0.0666084833426166,-0.0680935700930458,-0.0444789556380493,-0.0327449125994245,-0.00919952745245318,0.0190551174412661,0.0445374315446176,0.0720416871302487,0.0957040975150617,0.114429648900506,0.138958002019977,0.160731067658119,0.188508785812004,0.205984250268412,0.240980363856644,0.268670954894068,0.291322909768432,0.317541551863722,0.353627078475421,0.390440232077517,0.405183754407865,0.427738581802134,0.448767801861839,0.48515419355765,0.635361363083296,1
