1,0.804814472108805,0.763828492324688,0.740617436023262,0.730136445897046,0.723581501725447,0.71558751958308,0.704874805452178,0.699726022165403,0.693617121942524,0.688966965780366,0.683037420889123,0.68103737281148,0.675599496908279,0.669562163026002,0.664468729369285,0.660650480499322,0.656117271744861,0.652334768583339,0.648939721807163,0.641214453941307,0.633741605930239,0.629135180815355,0.624985160570105,0.619621998057476,0.606835738714539,0.58915576734757,0.57350630976005,0.531915487924572,0.430666718022749,0.214682335338615,0.0196654142349295
0.804814472108805,1,0.97206259946433,0.958189361904913,0.949335449744603,0.942695270189021,0.934419439849033,0.928651296211703,0.923010803428653,0.918046944241597,0.91193794780185,0.907560482250795,0.902739010754238,0.896580294281551,0.890560049587687,0.884827330634049,0.879876361155058,0.875686267748939,0.870586573065459,0.86559232054863,0.859420544428701,0.852206892838069,0.846546375092726,0.839557119541318,0.831534103088115,0.817631012106077,0.799677169598034,0.777196726038968,0.719891931722659,0.5912971837588,0.289302786357531,0.00400268453403689
0.763828492324688,0.97206259946433,1,0.987215127182331,0.980186472203059,0.973546370867154,0.965749566853654,0.959900445645292,0.954368069146536,0.949124737358052,0.942661557544584,0.937589374454592,0.932784314643605,0.92687270398375,0.92147401941724,0.916348094288146,0.911561086319665,0.907581620930839,0.903239438926435,0.898360581209034,0.892443275790057,0.884985285199485,0.880301490955388,0.873540646588127,0.864909817774039,0.851491189253624,0.83285490999837,0.810180039773885,0.751843905571413,0.622621402079203,0.311835316815104,0.0195776216734307
0.740617436023262,0.958189361904913,0.987215127182331,1,0.993654122800911,0.987443632017165,0.981102103379879,0.976477547965442,0.970808410261139,0.965495105521022,0.960156409277326,0.955666752473087,0.951405527702592,0.945621008981235,0.940932360928525,0.935902837696597,0.931495736642689,0.927552967243149,0.923476801585487,0.918775552346022,0.913210129985095,0.906788467166233,0.903179634181007,0.896428527086895,0.887509764169337,0.874425839511934,0.855306955868899,0.832348791983461,0.774287207023362,0.641678431318781,0.322038111823493,0.0240165432520272
0.730136445897046,0.949335449744603,0.980186472203059,0.993654122800911,1,0.995626565529017,0.990773790442302,0.985972194661305,0.980767665573932,0.975829115358436,0.970888703738083,0.9662688662841,0.962165153742412,0.956470046062055,0.951659000635604,0.946176696060703,0.941808419607541,0.937889762205699,0.933908196361496,0.929479078884036,0.92400203994948,0.918212041186772,0.914601652780717,0.90784389279221,0.899285835807158,0.886348774557689,0.86752233261395,0.844677756847832,0.786475681785615,0.653629538893219,0.326816755263337,0.0271052453259372
0.723581501725447,0.942695270189021,0.973546370867154,0.987443632017165,0.995626565529017,1,0.996210483267886,0.991941780102152,0.987457285634253,0.982878367162059,0.978585044968871,0.974329380517832,0.970374209453536,0.964835240988133,0.960444806674767,0.955209684976329,0.950568929007345,0.94654916005266,0.942658414926835,0.938634590665135,0.933591907191813,0.928213561527876,0.924340902003655,0.917534716156279,0.909252637794714,0.896004276451611,0.876505738634673,0.85262284023023,0.793353596303261,0.659656521688122,0.324292729516666,0.0265224946710528
0.71558751958308,0.934419439849033,0.965749566853654,0.981102103379879,0.990773790442302,0.996210483267886,1,0.996710533095995,0.992477253901206,0.98849334172822,0.98456357862306,0.980519667682013,0.976859004689745,0.971375081285638,0.967345204488639,0.96226608273955,0.957667422989964,0.953546704747363,0.950108321986802,0.945903442478405,0.940909429055977,0.935882446782537,0.932235199982959,0.925160968762483,0.917703162819645,0.905594217708259,0.886066282965153,0.86314632812387,0.804746865045567,0.671160003639618,0.331635867780148,0.0303773501385239
0.704874805452178,0.928651296211703,0.959900445645292,0.976477547965442,0.985972194661305,0.991941780102152,0.996710533095995,1,0.997000983432225,0.993582636269941,0.989897895299181,0.986628339527943,0.983085369793554,0.97797068369985,0.9745055130117,0.96982676450761,0.965563449394827,0.961326800751789,0.95748687806733,0.953327130177921,0.948402665831328,0.943396491319541,0.939558279469441,0.932621912416869,0.925417650792454,0.913602553395183,0.894005145032487,0.870706149922543,0.812488970902418,0.67982457296854,0.336408438926651,0.0319287796975773
0.699726022165403,0.923010803428653,0.954368069146536,0.970808410261139,0.980767665573932,0.987457285634253,0.992477253901206,0.997000983432225,1,0.997314112168227,0.994162266822879,0.991147861141246,0.987841662506704,0.983013957498945,0.979655107348696,0.975087654523233,0.971234600594101,0.967116773375048,0.963340354234753,0.959378355231778,0.954758821362587,0.949640032574925,0.945910212974005,0.938973832429841,0.931679394545527,0.919564642792332,0.899970911451654,0.876294663222279,0.818441752044674,0.686328014846978,0.338475969808944,0.0305106303759983
0.693617121942524,0.918046944241597,0.949124737358052,0.965495105521022,0.975829115358436,0.982878367162059,0.98849334172822,0.993582636269941,0.997314112168227,1,0.997788282920823,0.995048420924973,0.991919064390978,0.987509110541582,0.984386711305173,0.980247673728851,0.976663386207045,0.972592753871026,0.968814115643964,0.964875152930953,0.960536538841621,0.955531166220516,0.951909492797867,0.945212252738194,0.937607199345378,0.925576063871476,0.90604766375195,0.881547447247205,0.823338131377364,0.691473425251947,0.34038470074336,0.0299646642102214
0.688966965780366,0.91193794780185,0.942661557544584,0.960156409277326,0.970888703738083,0.978585044968871,0.98456357862306,0.989897895299181,0.994162266822879,0.997788282920823,1,0.997694295909276,0.995056473507843,0.991383267027412,0.988721060778754,0.985054654861697,0.981719186699856,0.978027942208103,0.974649180946719,0.970701990396617,0.966451575102381,0.961582259460924,0.958340750652947,0.951836839440267,0.94428703918992,0.932330530449231,0.913074407658779,0.888826390638701,0.831448874088703,0.701162430522875,0.34706509899986,0.033160504604884
0.683037420889123,0.907560482250795,0.937589374454592,0.955666752473087,0.9662688662841,0.974329380517832,0.980519667682013,0.986628339527943,0.991147861141246,0.995048420924973,0.997694295909276,1,0.997984547369289,0.995087447900408,0.992666090920249,0.989485291540034,0.986468396775328,0.98303585043836,0.97970981634065,0.976034988904007,0.971922499693959,0.967039477216153,0.963569194891964,0.957314392179273,0.950318550944532,0.93844675989864,0.919535771789302,0.895365423177112,0.838508049524828,0.707893803469367,0.350704404072848,0.0390397071251165
0.68103737281148,0.902739010754238,0.932784314643605,0.951405527702592,0.962165153742412,0.970374209453536,0.976859004689745,0.983085369793554,0.987841662506704,0.991919064390978,0.995056473507843,0.997984547369289,1,0.997773816956563,0.995479284238084,0.992607979622107,0.989748117304832,0.986743656347436,0.983633680026141,0.980036312728,0.976170519430842,0.97126144549266,0.967748172802384,0.961396834809477,0.954345844230645,0.943086777112666,0.924069978561018,0.899943255828324,0.843223052758326,0.712473015763118,0.354687975216133,0.0419490762631858
0.675599496908279,0.896580294281551,0.92687270398375,0.945621008981235,0.956470046062055,0.964835240988133,0.971375081285638,0.97797068369985,0.983013957498945,0.987509110541582,0.991383267027412,0.995087447900408,0.997773816956563,1,0.998230056244439,0.995586335732217,0.993098773159077,0.990338215923068,0.987531638637666,0.984242362180148,0.980615255485914,0.97576457619033,0.972233585123622,0.966342890551374,0.959765789647052,0.949531114458863,0.931795972470206,0.908267105028042,0.853261679019375,0.725944003915317,0.369598718630823,0.0528235244214826
0.669562163026002,0.890560049587687,0.92147401941724,0.940932360928525,0.951659000635604,0.960444806674767,0.967345204488639,0.9745055130117,0.979655107348696,0.984386711305173,0.988721060778754,0.992666090920249,0.995479284238084,0.998230056244439,1,0.998063088570509,0.995641245276777,0.99302200333099,0.990174058309459,0.987045165943998,0.983888515566008,0.979319560784586,0.975751279069227,0.970141294772295,0.963491431811225,0.95386524993884,0.93675315031358,0.913993786195336,0.859708113961145,0.731689876360208,0.373781616657449,0.0571059864152358
0.664468729369285,0.884827330634049,0.916348094288146,0.935902837696597,0.946176696060703,0.955209684976329,0.96226608273955,0.96982676450761,0.975087654523233,0.980247673728851,0.985054654861697,0.989485291540034,0.992607979622107,0.995586335732217,0.998063088570509,1,0.997865139480834,0.995557701482873,0.993002947202545,0.989935066289204,0.986706859225622,0.982287930765859,0.978837606047171,0.973458007034333,0.967045409139774,0.957991479359822,0.940824224017671,0.91803380264432,0.863760312757105,0.734661022811449,0.376520771823503,0.0564513571861754
0.660650480499322,0.879876361155058,0.911561086319665,0.931495736642689,0.941808419607541,0.950568929007345,0.957667422989964,0.965563449394827,0.971234600594101,0.976663386207045,0.981719186699856,0.986468396775328,0.989748117304832,0.993098773159077,0.995641245276777,0.997865139480834,1,0.998408317918201,0.995965261749374,0.993094914996546,0.990210879088123,0.985897015955366,0.982465826995791,0.977559485308987,0.971572892846426,0.963113233742356,0.946860565618625,0.924292098062808,0.870191738271972,0.74133765570128,0.382292868689879,0.0568406899902106
0.656117271744861,0.875686267748939,0.907581620930839,0.927552967243149,0.937889762205699,0.94654916005266,0.953546704747363,0.961326800751789,0.967116773375048,0.972592753871026,0.978027942208103,0.98303585043836,0.986743656347436,0.990338215923068,0.99302200333099,0.995557701482873,0.998408317918201,1,0.997955203261331,0.995416588029614,0.992773390181469,0.988648582373365,0.98512832963005,0.980882567622253,0.975447284102232,0.967441632368843,0.95192879454685,0.929883877009171,0.877537465187482,0.750387494702936,0.389744316674827,0.0596254351084757
0.652334768583339,0.870586573065459,0.903239438926435,0.923476801585487,0.933908196361496,0.942658414926835,0.950108321986802,0.95748687806733,0.963340354234753,0.968814115643964,0.974649180946719,0.97970981634065,0.983633680026141,0.987531638637666,0.990174058309459,0.993002947202545,0.995965261749374,0.997955203261331,1,0.997615540151655,0.995065727552343,0.991335616223039,0.988061482048994,0.983799839599059,0.978421128567079,0.971168367508996,0.955966483894988,0.933940353131582,0.882860364224563,0.757821429738716,0.39974725156044,0.0677952988800631
0.648939721807163,0.86559232054863,0.898360581209034,0.918775552346022,0.929479078884036,0.938634590665135,0.945903442478405,0.953327130177921,0.959378355231778,0.964875152930953,0.970701990396617,0.976034988904007,0.980036312728,0.984242362180148,0.987045165943998,0.989935066289204,0.993094914996546,0.995416588029614,0.997615540151655,1,0.997916333952318,0.994642811807689,0.991263009053139,0.986624248169164,0.981630537770819,0.97451518246928,0.959913997933148,0.937814196210668,0.886994911067868,0.764257790996708,0.408844527596806,0.0757811840678192
0.641214453941307,0.859420544428701,0.892443275790057,0.913210129985095,0.92400203994948,0.933591907191813,0.940909429055977,0.948402665831328,0.954758821362587,0.960536538841621,0.966451575102381,0.971922499693959,0.976170519430842,0.980615255485914,0.983888515566008,0.986706859225622,0.990210879088123,0.992773390181469,0.995065727552343,0.997916333952318,1,0.997364943267798,0.993928604357787,0.989763360144927,0.985021898889245,0.978211432971871,0.964328190395718,0.943517681655282,0.893829563688561,0.773523360957916,0.417506974918887,0.0809296630901851
0.633741605930239,0.852206892838069,0.884985285199485,0.906788467166233,0.918212041186772,0.928213561527876,0.935882446782537,0.943396491319541,0.949640032574925,0.955531166220516,0.961582259460924,0.967039477216153,0.97126144549266,0.97576457619033,0.979319560784586,0.982287930765859,0.985897015955366,0.988648582373365,0.991335616223039,0.994642811807689,0.997364943267798,1,0.9974852992986,0.993413441777786,0.989471231820694,0.983236661156498,0.969977049088296,0.950369373208281,0.901039678927688,0.782170303247714,0.430085641199225,0.0901172304316339
0.629135180815355,0.846546375092726,0.880301490955388,0.903179634181007,0.914601652780717,0.924340902003655,0.932235199982959,0.939558279469441,0.945910212974005,0.951909492797867,0.958340750652947,0.963569194891964,0.967748172802384,0.972233585123622,0.975751279069227,0.978837606047171,0.982465826995791,0.98512832963005,0.988061482048994,0.991263009053139,0.993928604357787,0.9974852992986,1,0.996592317642896,0.992699675413443,0.98684340735508,0.974156531931002,0.954648882762539,0.907380775633613,0.790225131102969,0.441242676653891,0.0985064247621681
0.624985160570105,0.839557119541318,0.873540646588127,0.896428527086895,0.90784389279221,0.917534716156279,0.925160968762483,0.932621912416869,0.938973832429841,0.945212252738194,0.951836839440267,0.957314392179273,0.961396834809477,0.966342890551374,0.970141294772295,0.973458007034333,0.977559485308987,0.980882567622253,0.983799839599059,0.986624248169164,0.989763360144927,0.993413441777786,0.996592317642896,1,0.996278475367108,0.990663614509736,0.979060077090996,0.96062429730282,0.91600280193244,0.8023779220326,0.45086604950297,0.108687471867165
0.619621998057476,0.831534103088115,0.864909817774039,0.887509764169337,0.899285835807158,0.909252637794714,0.917703162819645,0.925417650792454,0.931679394545527,0.937607199345378,0.94428703918992,0.950318550944532,0.954345844230645,0.959765789647052,0.963491431811225,0.967045409139774,0.971572892846426,0.975447284102232,0.978421128567079,0.981630537770819,0.985021898889245,0.989471231820694,0.992699675413443,0.996278475367108,1,0.995646703873747,0.985691484634685,0.968782310915449,0.927066245727467,0.81563944608393,0.469725690259617,0.122372690822659
0.606835738714539,0.817631012106077,0.851491189253624,0.874425839511934,0.886348774557689,0.896004276451611,0.905594217708259,0.913602553395183,0.919564642792332,0.925576063871476,0.932330530449231,0.93844675989864,0.943086777112666,0.949531114458863,0.95386524993884,0.957991479359822,0.963113233742356,0.967441632368843,0.971168367508996,0.97451518246928,0.978211432971871,0.983236661156498,0.98684340735508,0.990663614509736,0.995646703873747,1,0.992707405354337,0.977548223029828,0.9399782927916,0.833657793823258,0.498137449408374,0.143920649687781
0.58915576734757,0.799677169598034,0.83285490999837,0.855306955868899,0.86752233261395,0.876505738634673,0.886066282965153,0.894005145032487,0.899970911451654,0.90604766375195,0.913074407658779,0.919535771789302,0.924069978561018,0.931795972470206,0.93675315031358,0.940824224017671,0.946860565618625,0.95192879454685,0.955966483894988,0.959913997933148,0.964328190395718,0.969977049088296,0.974156531931002,0.979060077090996,0.985691484634685,0.992707405354337,1,0.988472840093002,0.95654606669818,0.862637438444097,0.528341150884967,0.168834235430473
0.57350630976005,0.777196726038968,0.810180039773885,0.832348791983461,0.844677756847832,0.85262284023023,0.86314632812387,0.870706149922543,0.876294663222279,0.881547447247205,0.888826390638701,0.895365423177112,0.899943255828324,0.908267105028042,0.913993786195336,0.91803380264432,0.924292098062808,0.929883877009171,0.933940353131582,0.937814196210668,0.943517681655282,0.950369373208281,0.954648882762539,0.96062429730282,0.968782310915449,0.977548223029828,0.988472840093002,1,0.977759054539434,0.892930690016721,0.574399737973873,0.201772227927295
0.531915487924572,0.719891931722659,0.751843905571413,0.774287207023362,0.786475681785615,0.793353596303261,0.804746865045567,0.812488970902418,0.818441752044674,0.823338131377364,0.831448874088703,0.838508049524828,0.843223052758326,0.853261679019375,0.859708113961145,0.863760312757105,0.870191738271972,0.877537465187482,0.882860364224563,0.886994911067868,0.893829563688561,0.901039678927688,0.907380775633613,0.91600280193244,0.927066245727467,0.9399782927916,0.95654606669818,0.977759054539434,1,0.939986121500345,0.650056015877424,0.263415651118441
0.430666718022749,0.5912971837588,0.622621402079203,0.641678431318781,0.653629538893219,0.659656521688122,0.671160003639618,0.67982457296854,0.686328014846978,0.691473425251947,0.701162430522875,0.707893803469367,0.712473015763118,0.725944003915317,0.731689876360208,0.734661022811449,0.74133765570128,0.750387494702936,0.757821429738716,0.764257790996708,0.773523360957916,0.782170303247714,0.790225131102969,0.8023779220326,0.81563944608393,0.833657793823258,0.862637438444097,0.892930690016721,0.939986121500345,1,0.788596538185598,0.368767849476725
0.214682335338615,0.289302786357531,0.311835316815104,0.322038111823493,0.326816755263337,0.324292729516666,0.331635867780148,0.336408438926651,0.338475969808944,0.34038470074336,0.34706509899986,0.350704404072848,0.354687975216133,0.369598718630823,0.373781616657449,0.376520771823503,0.382292868689879,0.389744316674827,0.39974725156044,0.408844527596806,0.417506974918887,0.430085641199225,0.441242676653891,0.45086604950297,0.469725690259617,0.498137449408374,0.528341150884967,0.574399737973873,0.650056015877424,0.788596538185598,1,0.527623261378134
0.0196654142349295,0.00400268453403689,0.0195776216734307,0.0240165432520272,0.0271052453259372,0.0265224946710528,0.0303773501385239,0.0319287796975773,0.0305106303759983,0.0299646642102214,0.033160504604884,0.0390397071251165,0.0419490762631858,0.0528235244214826,0.0571059864152358,0.0564513571861754,0.0568406899902106,0.0596254351084757,0.0677952988800631,0.0757811840678192,0.0809296630901851,0.0901172304316339,0.0985064247621681,0.108687471867165,0.122372690822659,0.143920649687781,0.168834235430473,0.201772227927295,0.263415651118441,0.368767849476725,0.527623261378134,1
