1,0.816176086469644,0.757578342198721,0.736389148806418,0.711777590322009,0.699151797578498,0.684888523654713,0.680618145780644,0.664829678389588,0.654004919017769,0.639442563973915,0.624071142832925,0.611234821339932,0.594264695397496,0.582327276894341,0.565411638024495,0.550915589460373,0.535680577521839,0.524845897368923,0.513190197891374,0.49707706797652,0.485248165401171,0.468435339692758,0.451898018405716,0.431354326019255,0.3932127438882,0.357978718327482,0.307257602173859,0.235719617974903,0.0905766178023593,-0.0433314804249745,-0.138379578642464
0.816176086469644,1,0.956593323403709,0.934957541407465,0.915666461723849,0.902553975480012,0.887809917064359,0.881005956794978,0.86808070212019,0.856693216581812,0.846410249567907,0.835125045642742,0.825795662472075,0.813280019566492,0.800345690307776,0.783708114174281,0.769621902414171,0.757025436051317,0.746743833310868,0.731516314457956,0.716986440697444,0.704342345732243,0.686157849402334,0.668938043822672,0.645002874641913,0.604676576002655,0.562494547607785,0.495103287925839,0.389196399564711,0.224548463696046,0.062290196641168,-0.0476130347729955
0.757578342198721,0.956593323403709,1,0.983014607761611,0.969340885488879,0.957024987561786,0.945071820651768,0.938003254172441,0.926807338951336,0.917514981066356,0.909759333905874,0.901252916983514,0.891937509461593,0.880827866458949,0.87001533153481,0.856048226736339,0.843741770873223,0.831921750129202,0.822406098125723,0.80729382810687,0.794074948068986,0.781906918938715,0.765024364725566,0.747857821068695,0.725341074413757,0.689711425064411,0.64761375176475,0.581990324810206,0.463119972255433,0.305588879145924,0.147444476440927,0.0330072997164367
0.736389148806418,0.934957541407465,0.983014607761611,1,0.988537054635017,0.978285812583514,0.968066054839833,0.960903159460867,0.951593457795953,0.944249237526226,0.936860574134507,0.927531120185588,0.91852797426763,0.908805528853686,0.898250062949676,0.88432126082599,0.872706093636594,0.861487268953264,0.852451348514035,0.838180195064775,0.826622580894219,0.814853074435341,0.798338425152849,0.781808751245354,0.759986371484589,0.724579870330656,0.683720306659521,0.620086633639314,0.49889364821001,0.337116003722422,0.175368408658628,0.062291334767352
0.711777590322009,0.915666461723849,0.969340885488879,0.988537054635017,1,0.990902697067178,0.98238431780978,0.976217273728732,0.967931745525588,0.961624630890114,0.955137250266128,0.94756372133294,0.939577408697738,0.930594337693482,0.919937412161171,0.906507635750906,0.896479403332527,0.885893885808572,0.878268353562589,0.864994552510761,0.854418664817354,0.843418292524408,0.828604855745314,0.81379534276899,0.794007519172999,0.760711589962916,0.720595940484832,0.656807628181117,0.534808755949695,0.373938563225979,0.21409837890423,0.103258049219395
0.699151797578498,0.902553975480012,0.957024987561786,0.978285812583514,0.990902697067178,1,0.992914120211735,0.986575621268826,0.979206891645806,0.972680966516537,0.965936086963484,0.957155686581135,0.94946835306394,0.940782629254951,0.930098715919916,0.917754018138911,0.907802120758055,0.898686116958001,0.891446490261845,0.878970435096996,0.869083955192927,0.858435184791772,0.844508044910812,0.830151832423256,0.811351403390471,0.778089995447445,0.738994289519189,0.67663708949078,0.555400566786694,0.397242807523278,0.230851882227342,0.117576057083431
0.684888523654713,0.887809917064359,0.945071820651768,0.968066054839833,0.98238431780978,0.992914120211735,1,0.994133965500482,0.98808370408655,0.982346918847042,0.975517186047808,0.967204863715339,0.959922945880563,0.951255394524579,0.941296160727076,0.929484011729266,0.919281619116878,0.91069840404542,0.903458299609622,0.892067134164911,0.882755833677448,0.873019627825135,0.860022731808384,0.846024918990134,0.829175638019577,0.79664857053505,0.758657322369484,0.697489508549639,0.578960708986934,0.422233192450958,0.254005877329573,0.139552876196717
0.680618145780644,0.881005956794978,0.938003254172441,0.960903159460867,0.976217273728732,0.986575621268826,0.994133965500482,1,0.99470232150158,0.989080721623931,0.982301313415784,0.973751419399225,0.966622812792572,0.95867982193064,0.948676235365294,0.937291930741207,0.927765773532469,0.919452635497044,0.912511726960158,0.901598416223042,0.893062256111648,0.884229077930525,0.872183056911638,0.858967769265651,0.842625479432248,0.81110665050048,0.772708344801227,0.712712471731725,0.592928905492273,0.438214342730684,0.27153006317777,0.153890962397871
0.664829678389588,0.86808070212019,0.926807338951336,0.951593457795953,0.967931745525588,0.979206891645806,0.98808370408655,0.99470232150158,1,0.995462151620012,0.989419419773131,0.981076260263982,0.974298324951402,0.966161642709944,0.956630851428224,0.945724288727892,0.936732993078565,0.929012600193493,0.921597241396365,0.911529163555012,0.904085109732235,0.89634912159285,0.884261891166732,0.872128716467712,0.856878152103064,0.826649240900538,0.789661484128324,0.730450668034354,0.611325774556318,0.459814837577864,0.297493489441545,0.182192553079494
0.654004919017769,0.856693216581812,0.917514981066356,0.944249237526226,0.961624630890114,0.972680966516537,0.982346918847042,0.989080721623931,0.995462151620012,1,0.995401387598957,0.988036786192635,0.981670252193385,0.974077346270172,0.964999647535657,0.954592654563893,0.946073211008404,0.938621591642342,0.931384938946999,0.922646491099242,0.915923387168885,0.909048634738688,0.897511989769935,0.886509871910861,0.871901296119997,0.843572969696137,0.809186144819243,0.752034417416329,0.631149266451774,0.48473154878768,0.325502165538665,0.2037179252601
0.639442563973915,0.846410249567907,0.909759333905874,0.936860574134507,0.955137250266128,0.965936086963484,0.975517186047808,0.982301313415784,0.989419419773131,0.995401387598957,1,0.995254050693034,0.98947381628898,0.982451621252732,0.974294656662739,0.964225348958984,0.955627743981953,0.948729110406789,0.94168311249658,0.933799530692215,0.927566972968727,0.92102301241393,0.910307710811886,0.900517557002994,0.886684204312286,0.858895659995533,0.825997070884038,0.768693927561446,0.648512644672418,0.504366145436303,0.344923947219824,0.224356276850492
0.624071142832925,0.835125045642742,0.901252916983514,0.927531120185588,0.94756372133294,0.957155686581135,0.967204863715339,0.973751419399225,0.981076260263982,0.988036786192635,0.995254050693034,1,0.99593620997234,0.989728072706209,0.982529181796225,0.973777169144182,0.965881159374361,0.959491150436053,0.953123077931692,0.94558697435626,0.939773188929978,0.933140023141045,0.923383796401603,0.914176980769499,0.901324331193109,0.876142073107232,0.844813414226988,0.787979846546309,0.66780540462827,0.526324543375689,0.368095715701087,0.246627480556824
0.611234821339932,0.825795662472075,0.891937509461593,0.91852797426763,0.939577408697738,0.94946835306394,0.959922945880563,0.966622812792572,0.974298324951402,0.981670252193385,0.98947381628898,0.99593620997234,1,0.995580360664588,0.989722694245454,0.982066579161548,0.974744092758989,0.968150989595435,0.962006809636456,0.955129436423374,0.949743023518448,0.943067902224225,0.934224291938538,0.925235142080709,0.912753060495392,0.889272247724577,0.858985962230452,0.803451970342013,0.684953246296773,0.543563773051489,0.38637774908694,0.264838422486778
0.594264695397496,0.813280019566492,0.880827866458949,0.908805528853686,0.930594337693482,0.940782629254951,0.951255394524579,0.95867982193064,0.966161642709944,0.974077346270172,0.982451621252732,0.989728072706209,0.995580360664588,1,0.99602309479872,0.990096655079311,0.983394490400273,0.977312973708177,0.971649786758983,0.964876140439223,0.959762197517037,0.953795235027654,0.945365552723081,0.936753036292984,0.925030171451761,0.902718199888285,0.873444823740632,0.81838092009661,0.700210830043465,0.562498622108855,0.404911276859319,0.28519086281731
0.582327276894341,0.800345690307776,0.87001533153481,0.898250062949676,0.919937412161171,0.930098715919916,0.941296160727076,0.948676235365294,0.956630851428224,0.964999647535657,0.974294656662739,0.982529181796225,0.989722694245454,0.99602309479872,1,0.995908131227291,0.989674562217558,0.983578805036113,0.978347444252683,0.972183151277835,0.966950445154449,0.961489325270961,0.953653119737608,0.94560550082697,0.934045545512254,0.912406891700871,0.884964703934491,0.830995281641285,0.713367037541398,0.579555663784485,0.421116038111413,0.30485528678023
0.565411638024495,0.783708114174281,0.856048226736339,0.88432126082599,0.906507635750906,0.917754018138911,0.929484011729266,0.937291930741207,0.945724288727892,0.954592654563893,0.964225348958984,0.973777169144182,0.982066579161548,0.990096655079311,0.995908131227291,1,0.995956913685382,0.990851843831619,0.985942401595692,0.980663744782609,0.975223220272492,0.970156477189109,0.96321001500211,0.955596793411652,0.944734284898229,0.925698009696023,0.901060038862212,0.850556022300821,0.736460165436551,0.605623155303928,0.444385175876214,0.326920448997511
0.550915589460373,0.769621902414171,0.843741770873223,0.872706093636594,0.896479403332527,0.907802120758055,0.919281619116878,0.927765773532469,0.936732993078565,0.946073211008404,0.955627743981953,0.965881159374361,0.974744092758989,0.983394490400273,0.989674562217558,0.995956913685382,1,0.996600784032742,0.991905448505263,0.987093584638088,0.982201208234877,0.977118037384635,0.971540257868816,0.96419565929495,0.953700177771448,0.935862595852653,0.912765232308304,0.863474286577295,0.74996645659848,0.621339534079586,0.462848452611388,0.343214767057503
0.535680577521839,0.757025436051317,0.831921750129202,0.861487268953264,0.885893885808572,0.898686116958001,0.91069840404542,0.919452635497044,0.929012600193493,0.938621591642342,0.948729110406789,0.959491150436053,0.968150989595435,0.977312973708177,0.983578805036113,0.990851843831619,0.996600784032742,1,0.996990558731826,0.992870558669339,0.988042578787505,0.983039259038398,0.977992085516063,0.971253825565316,0.961875832868459,0.945101753495436,0.923579010046578,0.876432924767785,0.764072673273628,0.638209954773925,0.47873348835998,0.353918417024643
0.524845897368923,0.746743833310868,0.822406098125723,0.852451348514035,0.878268353562589,0.891446490261845,0.903458299609622,0.912511726960158,0.921597241396365,0.931384938946999,0.94168311249658,0.953123077931692,0.962006809636456,0.971649786758983,0.978347444252683,0.985942401595692,0.991905448505263,0.996990558731826,1,0.996656239183861,0.992010869878475,0.98745203573896,0.982439878536656,0.976170280036092,0.966688226693008,0.950247700024773,0.929018906294656,0.881281845554302,0.768597924293496,0.647957348380308,0.491904944433481,0.363765990602234
0.513190197891374,0.731516314457956,0.80729382810687,0.838180195064775,0.864994552510761,0.878970435096996,0.892067134164911,0.901598416223042,0.911529163555012,0.922646491099242,0.933799530692215,0.94558697435626,0.955129436423374,0.964876140439223,0.972183151277835,0.980663744782609,0.987093584638088,0.992870558669339,0.996656239183861,1,0.996552926304934,0.99280985579859,0.988312335036972,0.982685465376104,0.974266010461984,0.958181788233517,0.938193353032176,0.892465785059382,0.785592575672355,0.669362094352223,0.510902575158818,0.383216803877691
0.49707706797652,0.716986440697444,0.794074948068986,0.826622580894219,0.854418664817354,0.869083955192927,0.882755833677448,0.893062256111648,0.904085109732235,0.915923387168885,0.927566972968727,0.939773188929978,0.949743023518448,0.959762197517037,0.966950445154449,0.975223220272492,0.982201208234877,0.988042578787505,0.992010869878475,0.996552926304934,1,0.996876269005948,0.992872706854212,0.988087010661568,0.980266945408161,0.965396497626622,0.946174599216516,0.902056937399154,0.796567744923698,0.68209749234779,0.526538213776971,0.398109659939391
0.485248165401171,0.704342345732243,0.781906918938715,0.814853074435341,0.843418292524408,0.858435184791772,0.873019627825135,0.884229077930525,0.89634912159285,0.909048634738688,0.92102301241393,0.933140023141045,0.943067902224225,0.953795235027654,0.961489325270961,0.970156477189109,0.977118037384635,0.983039259038398,0.98745203573896,0.99280985579859,0.996876269005948,1,0.996498341092737,0.992137064382071,0.984818940327292,0.970979407450793,0.953348798262965,0.909951151319174,0.805798547440876,0.694785178206933,0.542139375121424,0.41199416381345
0.468435339692758,0.686157849402334,0.765024364725566,0.798338425152849,0.828604855745314,0.844508044910812,0.860022731808384,0.872183056911638,0.884261891166732,0.897511989769935,0.910307710811886,0.923383796401603,0.934224291938538,0.945365552723081,0.953653119737608,0.96321001500211,0.971540257868816,0.977992085516063,0.982439878536656,0.988312335036972,0.992872706854212,0.996498341092737,1,0.996411256881876,0.989840875872154,0.977374174672649,0.962133480067504,0.923172457870192,0.822968150178684,0.715077704610773,0.561804954947333,0.432051234356094
0.451898018405716,0.668938043822672,0.747857821068695,0.781808751245354,0.81379534276899,0.830151832423256,0.846024918990134,0.858967769265651,0.872128716467712,0.886509871910861,0.900517557002994,0.914176980769499,0.925235142080709,0.936753036292984,0.94560550082697,0.955596793411652,0.96419565929495,0.971253825565316,0.976170280036092,0.982685465376104,0.988087010661568,0.992137064382071,0.996411256881876,1,0.994764866588994,0.984066951155814,0.970966084385808,0.933828105339598,0.836908379773138,0.731955425997141,0.580501340497677,0.451027394604119
0.431354326019255,0.645002874641913,0.725341074413757,0.759986371484589,0.794007519172999,0.811351403390471,0.829175638019577,0.842625479432248,0.856878152103064,0.871901296119997,0.886684204312286,0.901324331193109,0.912753060495392,0.925030171451761,0.934045545512254,0.944734284898229,0.953700177771448,0.961875832868459,0.966688226693008,0.974266010461984,0.980266945408161,0.984818940327292,0.989840875872154,0.994764866588994,1,0.991747674171029,0.98008549175286,0.946767813490008,0.85566781976821,0.751666089132754,0.596836549523194,0.469910376260324
0.3932127438882,0.604676576002655,0.689711425064411,0.724579870330656,0.760711589962916,0.778089995447445,0.79664857053505,0.81110665050048,0.826649240900538,0.843572969696137,0.858895659995533,0.876142073107232,0.889272247724577,0.902718199888285,0.912406891700871,0.925698009696023,0.935862595852653,0.945101753495436,0.950247700024773,0.958181788233517,0.965396497626622,0.970979407450793,0.977374174672649,0.984066951155814,0.991747674171029,1,0.991809166334162,0.96322215737826,0.874814433839476,0.772547296214743,0.625578511725448,0.494627432736478
0.357978718327482,0.562494547607785,0.64761375176475,0.683720306659521,0.720595940484832,0.738994289519189,0.758657322369484,0.772708344801227,0.789661484128324,0.809186144819243,0.825997070884038,0.844813414226988,0.858985962230452,0.873444823740632,0.884964703934491,0.901060038862212,0.912765232308304,0.923579010046578,0.929018906294656,0.938193353032176,0.946174599216516,0.953348798262965,0.962133480067504,0.970966084385808,0.98008549175286,0.991809166334162,1,0.980683376028616,0.901130294058392,0.809954470347164,0.665431552179253,0.528305196456235
0.307257602173859,0.495103287925839,0.581990324810206,0.620086633639314,0.656807628181117,0.67663708949078,0.697489508549639,0.712712471731725,0.730450668034354,0.752034417416329,0.768693927561446,0.787979846546309,0.803451970342013,0.81838092009661,0.830995281641285,0.850556022300821,0.863474286577295,0.876432924767785,0.881281845554302,0.892465785059382,0.902056937399154,0.909951151319174,0.923172457870192,0.933828105339598,0.946767813490008,0.96322215737826,0.980683376028616,1,0.953026361305147,0.869727429680864,0.710212801497263,0.568170839264305
0.235719617974903,0.389196399564711,0.463119972255433,0.49889364821001,0.534808755949695,0.555400566786694,0.578960708986934,0.592928905492273,0.611325774556318,0.631149266451774,0.648512644672418,0.66780540462827,0.684953246296773,0.700210830043465,0.713367037541398,0.736460165436551,0.74996645659848,0.764072673273628,0.768597924293496,0.785592575672355,0.796567744923698,0.805798547440876,0.822968150178684,0.836908379773138,0.85566781976821,0.874814433839476,0.901130294058392,0.953026361305147,1,0.922063697408732,0.729342945519177,0.567091960840974
0.0905766178023593,0.224548463696046,0.305588879145924,0.337116003722422,0.373938563225979,0.397242807523278,0.422233192450958,0.438214342730684,0.459814837577864,0.48473154878768,0.504366145436303,0.526324543375689,0.543563773051489,0.562498622108855,0.579555663784485,0.605623155303928,0.621339534079586,0.638209954773925,0.647957348380308,0.669362094352223,0.68209749234779,0.694785178206933,0.715077704610773,0.731955425997141,0.751666089132754,0.772547296214743,0.809954470347164,0.869727429680864,0.922063697408732,1,0.870086377715321,0.645408152714695
-0.0433314804249745,0.062290196641168,0.147444476440927,0.175368408658628,0.21409837890423,0.230851882227342,0.254005877329573,0.27153006317777,0.297493489441545,0.325502165538665,0.344923947219824,0.368095715701087,0.38637774908694,0.404911276859319,0.421116038111413,0.444385175876214,0.462848452611388,0.47873348835998,0.491904944433481,0.510902575158818,0.526538213776971,0.542139375121424,0.561804954947333,0.580501340497677,0.596836549523194,0.625578511725448,0.665431552179253,0.710212801497263,0.729342945519177,0.870086377715321,1,0.707754117458449
-0.138379578642464,-0.0476130347729955,0.0330072997164367,0.062291334767352,0.103258049219395,0.117576057083431,0.139552876196717,0.153890962397871,0.182192553079494,0.2037179252601,0.224356276850492,0.246627480556824,0.264838422486778,0.28519086281731,0.30485528678023,0.326920448997511,0.343214767057503,0.353918417024643,0.363765990602234,0.383216803877691,0.398109659939391,0.41199416381345,0.432051234356094,0.451027394604119,0.469910376260324,0.494627432736478,0.528305196456235,0.568170839264305,0.567091960840974,0.645408152714695,0.707754117458449,1
