1,0.705050829536091,0.631808755905252,0.609849939406201,0.59603511629837,0.573254781664494,0.562343338436461,0.547110909241276,0.527311914101238,0.514127689655162,0.503373349520532,0.48901142504289,0.47961799051166,0.470873595781064,0.4615013210812,0.446835104067947,0.435726729364285,0.426157040004055,0.411338257863873,0.407638054811652,0.408811301443198,0.400985357732319,0.393793554922668,0.385758019728059,0.367505085151118,0.34025841247327,0.323520532031425,0.276450900540745,0.263406021335825,0.246523916886468,0.202581420315207,0.169825312609938
0.705050829536091,1,0.933228386246753,0.898632632418637,0.876039064318264,0.850167776959801,0.83807609803983,0.824537861017045,0.803124561902643,0.790792856730046,0.781816273897318,0.767943327145007,0.753105673112996,0.738308139748222,0.725155949411783,0.708568911468517,0.694817712917269,0.683797798529857,0.666653616081277,0.656580211420003,0.645563048534114,0.633611897250605,0.622419541255377,0.612500507572229,0.59769191775574,0.564869192855324,0.536921768840071,0.476289214938944,0.449748232968666,0.407671662477441,0.28807386319425,0.136161139584674
0.631808755905252,0.933228386246753,1,0.966149542310266,0.934989433674519,0.905560640276872,0.890256974666309,0.875158298591307,0.856999964367941,0.848486441460702,0.841361275220772,0.827784012729306,0.813593873033322,0.797132494793347,0.780381422034972,0.762589656108653,0.748275602212921,0.740058034553334,0.72205962847139,0.714362474767767,0.703193930164427,0.693897343360392,0.684260638789916,0.672622744498967,0.655282942635927,0.627364718032504,0.602798299436305,0.546180422080396,0.518060400403563,0.462216017326716,0.331591280105664,0.173465866717338
0.609849939406201,0.898632632418637,0.966149542310266,1,0.97483797763343,0.947586148740398,0.929580264066092,0.915203701642408,0.896217060758115,0.886645708715861,0.877843808276126,0.862590760428046,0.847835894929242,0.832111149664207,0.815804786533679,0.798667579528896,0.783541797889903,0.773931642483418,0.758286290637098,0.74964689711423,0.737291558886937,0.728408822118677,0.718279671957813,0.709523918131234,0.69377449223052,0.667537815178171,0.641440494444593,0.586317249968341,0.558712641083992,0.502291061096437,0.368101422257406,0.182485359696363
0.59603511629837,0.876039064318264,0.934989433674519,0.97483797763343,1,0.981134528666611,0.964175525611649,0.950279195705846,0.932644791843109,0.923738492201012,0.91501396235799,0.899895083663749,0.886639554200247,0.871577631523569,0.856361149544973,0.840862026725059,0.825830269075224,0.814791703702778,0.798824920959315,0.789083794424559,0.777045346394306,0.768937943091214,0.759688761367407,0.752034988699566,0.73604228166765,0.709724309455884,0.684356344235619,0.627431432439556,0.597085404465854,0.538102173777699,0.392118811379251,0.197820654404316
0.573254781664494,0.850167776959801,0.905560640276872,0.947586148740398,0.981134528666611,1,0.986262372138776,0.973551143481611,0.958202829869452,0.948498219312656,0.937898144400419,0.923645778318566,0.913153052523358,0.899391760293639,0.885739072000906,0.869387458609414,0.854369840598147,0.841981264966409,0.828501496675948,0.82039561142025,0.809350500820106,0.801089408855402,0.792835236121713,0.784144015349469,0.767718369497454,0.743361278666888,0.717740002939481,0.663639159023218,0.633364564852413,0.568506221177337,0.417360872715445,0.201190413897107
0.562343338436461,0.83807609803983,0.890256974666309,0.929580264066092,0.964175525611649,0.986262372138776,1,0.988823521648945,0.973692794862366,0.96446108645346,0.953806371402486,0.940365058440363,0.928908504045738,0.916216033500457,0.901243347868619,0.885363676945612,0.871184524622368,0.858187608704197,0.844445858304619,0.836197563684078,0.824766328893784,0.814680169602466,0.806781572809033,0.799420079070058,0.783320526549994,0.758476840085071,0.731878856504829,0.678825506645333,0.650777915016923,0.588458638161018,0.438548954258236,0.208828919804903
0.547110909241276,0.824537861017045,0.875158298591307,0.915203701642408,0.950279195705846,0.973551143481611,0.988823521648945,1,0.989329999122982,0.979177731593694,0.968783319688792,0.955707813857829,0.943731827175146,0.931920169959162,0.917397823877439,0.900603499560135,0.885786585262629,0.872875294388801,0.85918963331764,0.851390295325287,0.841466449981322,0.832497209719913,0.82532791196936,0.820096393124258,0.805515247387606,0.782129785563149,0.756454140096181,0.703737843785904,0.676341021544782,0.612393078674029,0.458401158130852,0.215791338207634
0.527311914101238,0.803124561902643,0.856999964367941,0.896217060758115,0.932644791843109,0.958202829869452,0.973692794862366,0.989329999122982,1,0.990093298230378,0.980795345945159,0.968790872918398,0.958394162760249,0.947717698563209,0.93377646545789,0.917959350389857,0.903918803518464,0.890784604316224,0.877358099438776,0.870547603944725,0.86197573757684,0.852523729810545,0.844326290040958,0.838683321709245,0.824087482317613,0.802320735339578,0.777230882656368,0.727760256102032,0.70022674878001,0.632176749338831,0.476665268289447,0.221014173943771
0.514127689655162,0.790792856730046,0.848486441460702,0.886645708715861,0.923738492201012,0.948498219312656,0.96446108645346,0.979177731593694,0.990093298230378,1,0.992038102446404,0.980954336189598,0.970457829947435,0.959178734108556,0.94387986399399,0.928198260873275,0.915932486584757,0.90373348481304,0.890781129591057,0.884254963442629,0.875775363285933,0.866828949156418,0.859350224648412,0.853703757068503,0.839756450664343,0.818406059969407,0.793989812898826,0.744634695816566,0.717483706597283,0.645070294706914,0.488806209132196,0.21778020893278
0.503373349520532,0.781816273897318,0.841361275220772,0.877843808276126,0.91501396235799,0.937898144400419,0.953806371402486,0.968783319688792,0.980795345945159,0.992038102446404,1,0.991547097540457,0.98013355459197,0.968729053659829,0.953047413065277,0.937204392209408,0.924869147736481,0.912637409589264,0.89964887579884,0.892818633137569,0.883706873417965,0.875502612914764,0.868991742849846,0.863412703194271,0.84878365824519,0.827422292194839,0.804310707771972,0.755311647966218,0.730112641407447,0.657534092875623,0.497376324730561,0.223643763408692
0.48901142504289,0.767943327145007,0.827784012729306,0.862590760428046,0.899895083663749,0.923645778318566,0.940365058440363,0.955707813857829,0.968790872918398,0.980954336189598,0.991547097540457,1,0.991335649595077,0.980680718033145,0.966058893690187,0.950562291169665,0.938571573287521,0.926757608801454,0.91466348737284,0.909031704394777,0.899505263945815,0.89226664902869,0.887279899447097,0.88116256273592,0.866252207356066,0.845182239968471,0.821977316734508,0.774574241997589,0.748631071531429,0.672915828964623,0.509394539052599,0.22439104378353
0.47961799051166,0.753105673112996,0.813593873033322,0.847835894929242,0.886639554200247,0.913153052523358,0.928908504045738,0.943731827175146,0.958394162760249,0.970457829947435,0.98013355459197,0.991335649595077,1,0.993259911854854,0.981115963308709,0.968717154146816,0.956324752266892,0.944718064811733,0.933197378926717,0.927198887116899,0.917870732518553,0.911087643277599,0.90525036304078,0.898923156529282,0.884761050122132,0.864110775089473,0.841328647687612,0.798691451411786,0.773208752585972,0.696811340318042,0.535204384074224,0.248024454874659
0.470873595781064,0.738308139748222,0.797132494793347,0.832111149664207,0.871577631523569,0.899391760293639,0.916216033500457,0.931920169959162,0.947717698563209,0.959178734108556,0.968729053659829,0.980680718033145,0.993259911854854,1,0.991533504384076,0.980142422956566,0.968162019166171,0.956644121501527,0.945762711256155,0.939280141662735,0.93084306391762,0.92379700632704,0.917458546093688,0.911921350535887,0.898197159079528,0.878818447151704,0.855634221901483,0.814954724838481,0.788843551776936,0.715397885198876,0.558875204216322,0.264163555528613
0.4615013210812,0.725155949411783,0.780381422034972,0.815804786533679,0.856361149544973,0.885739072000906,0.901243347868619,0.917397823877439,0.93377646545789,0.94387986399399,0.953047413065277,0.966058893690187,0.981115963308709,0.991533504384076,1,0.991156782307845,0.979869960188434,0.968218296492924,0.956498792726293,0.948616586305213,0.940205835461493,0.932539164697075,0.925171418705434,0.918782025060202,0.905423020228677,0.8868059623969,0.863541424367353,0.824732506835881,0.79984823064917,0.726767140826383,0.570191303509935,0.270229277852306
0.446835104067947,0.708568911468517,0.762589656108653,0.798667579528896,0.840862026725059,0.869387458609414,0.885363676945612,0.900603499560135,0.917959350389857,0.928198260873275,0.937204392209408,0.950562291169665,0.968717154146816,0.980142422956566,0.991156782307845,1,0.992709503216157,0.982507439791021,0.972836076544682,0.963773666166721,0.954591918765527,0.946377288612851,0.939122845113729,0.932269338590977,0.919763235199859,0.902857291121061,0.880962464923401,0.845422226692805,0.821462677215286,0.751544281094837,0.59194806380581,0.293373399795919
0.435726729364285,0.694817712917269,0.748275602212921,0.783541797889903,0.825830269075224,0.854369840598147,0.871184524622368,0.885786585262629,0.903918803518464,0.915932486584757,0.924869147736481,0.938571573287521,0.956324752266892,0.968162019166171,0.979869960188434,0.992709503216157,1,0.99324508364473,0.98495199802432,0.976525359818827,0.967782917525695,0.958434692135926,0.951898790075165,0.944621213081737,0.932596704284221,0.915796546730489,0.89464139760975,0.86000517620309,0.835537391124271,0.765233332249163,0.606188419352254,0.303561678425441
0.426157040004055,0.683797798529857,0.740058034553334,0.773931642483418,0.814791703702778,0.841981264966409,0.858187608704197,0.872875294388801,0.890784604316224,0.90373348481304,0.912637409589264,0.926757608801454,0.944718064811733,0.956644121501527,0.968218296492924,0.982507439791021,0.99324508364473,1,0.993591062067646,0.985270342048747,0.975623246865136,0.966595738246632,0.959629808617593,0.95230846123794,0.941366208922018,0.925933382304697,0.907654251643537,0.876085437299981,0.85295153194984,0.781001724119781,0.625526505894188,0.319831636893853
0.411338257863873,0.666653616081277,0.72205962847139,0.758286290637098,0.798824920959315,0.828501496675948,0.844445858304619,0.85918963331764,0.877358099438776,0.890781129591057,0.89964887579884,0.91466348737284,0.933197378926717,0.945762711256155,0.956498792726293,0.972836076544682,0.98495199802432,0.993591062067646,1,0.994037026438549,0.984302686288321,0.975894802170772,0.968529087091147,0.961069364376646,0.950398457107893,0.936552268240187,0.919615373148381,0.889915477241203,0.867465024777648,0.796740762048034,0.641559844283315,0.330605924560871
0.407638054811652,0.656580211420003,0.714362474767767,0.74964689711423,0.789083794424559,0.82039561142025,0.836197563684078,0.851390295325287,0.870547603944725,0.884254963442629,0.892818633137569,0.909031704394777,0.927198887116899,0.939280141662735,0.948616586305213,0.963773666166721,0.976525359818827,0.985270342048747,0.994037026438549,1,0.993025593469824,0.984403905259357,0.976434853477216,0.968249614430988,0.958496039159612,0.944005165079745,0.928347125030007,0.897564042970707,0.876703896888494,0.807088978473297,0.656598105180857,0.339269842790555
0.408811301443198,0.645563048534114,0.703193930164427,0.737291558886937,0.777045346394306,0.809350500820106,0.824766328893784,0.841466449981322,0.86197573757684,0.875775363285933,0.883706873417965,0.899505263945815,0.917870732518553,0.93084306391762,0.940205835461493,0.954591918765527,0.967782917525695,0.975623246865136,0.984302686288321,0.993025593469824,1,0.99278429387982,0.984414210505816,0.974648172416806,0.964866757053826,0.950293796272514,0.93493954764979,0.905267558644481,0.885076230746482,0.814932977834031,0.667790117875681,0.34327591977443
0.400985357732319,0.633611897250605,0.693897343360392,0.728408822118677,0.768937943091214,0.801089408855402,0.814680169602466,0.832497209719913,0.852523729810545,0.866828949156418,0.875502612914764,0.89226664902869,0.911087643277599,0.92379700632704,0.932539164697075,0.946377288612851,0.958434692135926,0.966595738246632,0.975894802170772,0.984403905259357,0.99278429387982,1,0.993422211092203,0.983670106759538,0.97410435889053,0.960248636483426,0.945223226513967,0.917231376783861,0.89636890591748,0.827409764971948,0.67789141682067,0.355203541937489
0.393793554922668,0.622419541255377,0.684260638789916,0.718279671957813,0.759688761367407,0.792835236121713,0.806781572809033,0.82532791196936,0.844326290040958,0.859350224648412,0.868991742849846,0.887279899447097,0.90525036304078,0.917458546093688,0.925171418705434,0.939122845113729,0.951898790075165,0.959629808617593,0.968529087091147,0.976434853477216,0.984414210505816,0.993422211092203,1,0.991859194003865,0.981673722374638,0.968733426815841,0.954776938351579,0.926216369150531,0.903761255949555,0.832097715126865,0.68086061820081,0.350358199081611
0.385758019728059,0.612500507572229,0.672622744498967,0.709523918131234,0.752034988699566,0.784144015349469,0.799420079070058,0.820096393124258,0.838683321709245,0.853703757068503,0.863412703194271,0.88116256273592,0.898923156529282,0.911921350535887,0.918782025060202,0.932269338590977,0.944621213081737,0.95230846123794,0.961069364376646,0.968249614430988,0.974648172416806,0.983670106759538,0.991859194003865,1,0.991370008309771,0.978795665307569,0.964477111238588,0.935510974192481,0.914001536628387,0.845532925743169,0.691840461650613,0.362090788037259
0.367505085151118,0.59769191775574,0.655282942635927,0.69377449223052,0.73604228166765,0.767718369497454,0.783320526549994,0.805515247387606,0.824087482317613,0.839756450664343,0.84878365824519,0.866252207356066,0.884761050122132,0.898197159079528,0.905423020228677,0.919763235199859,0.932596704284221,0.941366208922018,0.950398457107893,0.958496039159612,0.964866757053826,0.97410435889053,0.981673722374638,0.991370008309771,1,0.98932340629785,0.975204833044667,0.947194232909682,0.924884027955753,0.856707222399264,0.702065059919835,0.379028457655667
0.34025841247327,0.564869192855324,0.627364718032504,0.667537815178171,0.709724309455884,0.743361278666888,0.758476840085071,0.782129785563149,0.802320735339578,0.818406059969407,0.827422292194839,0.845182239968471,0.864110775089473,0.878818447151704,0.8868059623969,0.902857291121061,0.915796546730489,0.925933382304697,0.936552268240187,0.944005165079745,0.950293796272514,0.960248636483426,0.968733426815841,0.978795665307569,0.98932340629785,1,0.988145499041798,0.96533507208916,0.942500726171528,0.870107603842011,0.713038710264566,0.391661762115522
0.323520532031425,0.536921768840071,0.602798299436305,0.641440494444593,0.684356344235619,0.717740002939481,0.731878856504829,0.756454140096181,0.777230882656368,0.793989812898826,0.804310707771972,0.821977316734508,0.841328647687612,0.855634221901483,0.863541424367353,0.880962464923401,0.89464139760975,0.907654251643537,0.919615373148381,0.928347125030007,0.93493954764979,0.945223226513967,0.954776938351579,0.964477111238588,0.975204833044667,0.988145499041798,1,0.979472500167095,0.958610981068621,0.890126937578688,0.737791811649831,0.40643171673194
0.276450900540745,0.476289214938944,0.546180422080396,0.586317249968341,0.627431432439556,0.663639159023218,0.678825506645333,0.703737843785904,0.727760256102032,0.744634695816566,0.755311647966218,0.774574241997589,0.798691451411786,0.814954724838481,0.824732506835881,0.845422226692805,0.86000517620309,0.876085437299981,0.889915477241203,0.897564042970707,0.905267558644481,0.917231376783861,0.926216369150531,0.935510974192481,0.947194232909682,0.96533507208916,0.979472500167095,1,0.983469457654712,0.91909366755138,0.774217229296353,0.445214316585896
0.263406021335825,0.449748232968666,0.518060400403563,0.558712641083992,0.597085404465854,0.633364564852413,0.650777915016923,0.676341021544782,0.70022674878001,0.717483706597283,0.730112641407447,0.748631071531429,0.773208752585972,0.788843551776936,0.79984823064917,0.821462677215286,0.835537391124271,0.85295153194984,0.867465024777648,0.876703896888494,0.885076230746482,0.89636890591748,0.903761255949555,0.914001536628387,0.924884027955753,0.942500726171528,0.958610981068621,0.983469457654712,1,0.945787434489788,0.808171750511826,0.463919437849317
0.246523916886468,0.407671662477441,0.462216017326716,0.502291061096437,0.538102173777699,0.568506221177337,0.588458638161018,0.612393078674029,0.632176749338831,0.645070294706914,0.657534092875623,0.672915828964623,0.696811340318042,0.715397885198876,0.726767140826383,0.751544281094837,0.765233332249163,0.781001724119781,0.796740762048034,0.807088978473297,0.814932977834031,0.827409764971948,0.832097715126865,0.845532925743169,0.856707222399264,0.870107603842011,0.890126937578688,0.91909366755138,0.945787434489788,1,0.89304031554643,0.519796996538992
0.202581420315207,0.28807386319425,0.331591280105664,0.368101422257406,0.392118811379251,0.417360872715445,0.438548954258236,0.458401158130852,0.476665268289447,0.488806209132196,0.497376324730561,0.509394539052599,0.535204384074224,0.558875204216322,0.570191303509935,0.59194806380581,0.606188419352254,0.625526505894188,0.641559844283315,0.656598105180857,0.667790117875681,0.67789141682067,0.68086061820081,0.691840461650613,0.702065059919835,0.713038710264566,0.737791811649831,0.774217229296353,0.808171750511826,0.89304031554643,1,0.612501323485418
0.169825312609938,0.136161139584674,0.173465866717338,0.182485359696363,0.197820654404316,0.201190413897107,0.208828919804903,0.215791338207634,0.221014173943771,0.21778020893278,0.223643763408692,0.22439104378353,0.248024454874659,0.264163555528613,0.270229277852306,0.293373399795919,0.303561678425441,0.319831636893853,0.330605924560871,0.339269842790555,0.34327591977443,0.355203541937489,0.350358199081611,0.362090788037259,0.379028457655667,0.391661762115522,0.40643171673194,0.445214316585896,0.463919437849317,0.519796996538992,0.612501323485418,1
