1,0.902502206269731,0.869869912589046,0.847460940725601,0.779787287555754,0.683334536762696,0.594528125179508,0.485792778410963,0.346653104279843,0.184783590873228,0.0513375002766759,-0.0410669953655344,-0.096687163671048,-0.205380930592276,-0.290891833371151,-0.376539626186196,-0.407472816569253,-0.436178491224696,-0.46182707635317,-0.479858614567276,-0.506513308945447,-0.531436502085661,-0.567647683043006,-0.594632727795973,-0.615278664696838,-0.62815219998976,-0.610302223121709,-0.622860517136489,-0.54642158654588,-0.431042908390509,-0.403322625288679,-0.320409877155007
0.902502206269731,1,0.976099051595057,0.941116384940518,0.859852128120444,0.754676989542627,0.658484785562286,0.527377614357848,0.367299809252806,0.181392636235223,0.0331486194082557,-0.0676407417115007,-0.127255967605416,-0.248052039543824,-0.3452194519798,-0.439624845875816,-0.472910446385615,-0.501024807576845,-0.526766629648433,-0.544847426721799,-0.577151967649817,-0.601325948832718,-0.638318423291666,-0.666577526545633,-0.68853016977906,-0.701184796415136,-0.67888905241064,-0.688069968291112,-0.605622183849741,-0.467460860883365,-0.436501489689321,-0.312402791408553
0.869869912589046,0.976099051595057,1,0.969846156474208,0.902260317414401,0.809095368390115,0.71012530800134,0.573100294115173,0.40604455448147,0.21408042682346,0.0649035760731478,-0.0383927326716124,-0.0978921270166439,-0.222028340516386,-0.321653192445221,-0.420729329664854,-0.451588449760241,-0.48229630474281,-0.5111980596957,-0.528236473300482,-0.562235994013408,-0.589658142564094,-0.627028246208914,-0.655337712516617,-0.681616119817823,-0.691955220410951,-0.669422561109011,-0.669915480642363,-0.581435960930936,-0.438969081443466,-0.414153360658005,-0.267912707945998
0.847460940725601,0.941116384940518,0.969846156474208,1,0.956128156998098,0.877697168798603,0.790986241867861,0.672232653140608,0.523189090848204,0.339910686761887,0.189097851005825,0.0805915962778902,0.0194924703673666,-0.099228843485966,-0.195161299973736,-0.298023572875123,-0.332803703926709,-0.36841084857031,-0.399080415733812,-0.421008836479988,-0.457854965304207,-0.490245528668962,-0.535171560046358,-0.567580334223221,-0.609356591187608,-0.620836671892776,-0.609690308687278,-0.618422433363196,-0.538497330467109,-0.402040347999693,-0.372046443817644,-0.262015460318659
0.779787287555754,0.859852128120444,0.902260317414401,0.956128156998098,1,0.955214378012967,0.891676149889301,0.802910883423384,0.67530556591059,0.511991260859577,0.363367715984248,0.250506391207829,0.184362691038212,0.0578510807341757,-0.0416437827778566,-0.14443166646156,-0.185143483414713,-0.221118764879983,-0.251518663980947,-0.270942786012608,-0.318100546659167,-0.357635019771735,-0.409437905088128,-0.442914737574941,-0.489410662166459,-0.507533406428703,-0.510881658367785,-0.514694834040242,-0.446629793930641,-0.322810775326525,-0.272082750243602,-0.199915042187062
0.683334536762696,0.754676989542627,0.809095368390115,0.877697168798603,0.955214378012967,1,0.967707728450048,0.89494961593975,0.784128131180648,0.635981976776176,0.507029114296083,0.401990354760533,0.341091744484038,0.22102701089389,0.119961091928785,0.0118425441079657,-0.0264540596341917,-0.0650085946974172,-0.0954462343005665,-0.110582357085755,-0.161419416192961,-0.208027372377224,-0.261106926978793,-0.296681226122378,-0.35800060134938,-0.376698230129167,-0.385231945821499,-0.38999021947344,-0.330906079075794,-0.213867125263666,-0.154248074074377,-0.104957804425566
0.594528125179508,0.658484785562286,0.71012530800134,0.790986241867861,0.891676149889301,0.967707728450048,1,0.961958036152863,0.884897053720527,0.761589979679323,0.650382636884563,0.552921996309922,0.496646736677329,0.384423027205774,0.284596927255535,0.178480933636128,0.139106596202853,0.100822545909713,0.0728592918422772,0.0589730419075686,0.00197783523175169,-0.0517598800180434,-0.111438095715448,-0.15099282077982,-0.221686171946293,-0.246009029264394,-0.265692006577402,-0.282146821637909,-0.232947989728593,-0.12625330679951,-0.0523502293098181,-0.0568114720878262
0.485792778410963,0.527377614357848,0.573100294115173,0.672232653140608,0.802910883423384,0.89494961593975,0.961958036152863,1,0.964388871750956,0.882713806004833,0.78529966904493,0.692906251761571,0.639209503469493,0.533523380124487,0.43590016863817,0.339817400370701,0.298388666835637,0.265608650066583,0.24245827945642,0.228824813652155,0.16517064297933,0.108102466223902,0.0420520995014257,0.00154287728358517,-0.066580515403438,-0.0998834779091127,-0.134745146254218,-0.164699448715994,-0.126708680050434,-0.0341998152353927,0.0467593045453274,-0.0191307964106752
0.346653104279843,0.367299809252806,0.40604455448147,0.523189090848204,0.67530556591059,0.784128131180648,0.884897053720527,0.964388871750956,1,0.962697884882456,0.889234058119992,0.811541894330264,0.762112949788286,0.674158389734577,0.592922534418226,0.51231653570424,0.471961528450552,0.444237893254496,0.425629495888482,0.410118678682659,0.343387931070364,0.28293646433361,0.212422892354357,0.171466322869662,0.0995434097077516,0.062687475425674,0.0145138342991308,-0.0226281203898644,0.00264382106906209,0.0628545369574621,0.137207626463723,0.0226645041850049
0.184783590873228,0.181392636235223,0.21408042682346,0.339910686761887,0.511991260859577,0.635981976776176,0.761589979679323,0.882713806004833,0.962697884882456,1,0.960618430220443,0.905025854695732,0.866554321501589,0.795828016321928,0.725715760756395,0.661192731720905,0.620237855948699,0.598770696810839,0.587532635065804,0.5743072684219,0.511986384478418,0.457485283199368,0.390676949987522,0.354021124185403,0.293595713449191,0.248386407941937,0.189968810056813,0.143077136931399,0.144168018873693,0.1738292349879,0.239685348275542,0.0740652500621867
0.0513375002766759,0.0331486194082557,0.0649035760731478,0.189097851005825,0.363367715984248,0.507029114296083,0.650382636884563,0.78529966904493,0.889234058119992,0.960618430220443,1,0.980742347988171,0.958329631747304,0.911988029733591,0.857371943951636,0.80549500558909,0.773067134699534,0.75347957139125,0.741094285017028,0.729336987791191,0.679519095032054,0.633879546244755,0.576790170346069,0.542551084330967,0.48759383685625,0.441671525276181,0.382144827544735,0.33568219304423,0.318266357122934,0.30704792703138,0.330455224683993,0.121124208848176
-0.0410669953655344,-0.0676407417115007,-0.0383927326716124,0.0805915962778902,0.250506391207829,0.401990354760533,0.552921996309922,0.692906251761571,0.811541894330264,0.905025854695732,0.980742347988171,1,0.989218905671245,0.95777690963837,0.912442776757902,0.871845482755809,0.846466765131501,0.831482829348152,0.820101790912506,0.809777284336152,0.769323578193626,0.730692184694611,0.682037679679131,0.649918428974636,0.602160080091686,0.553407563413875,0.493821172041355,0.445574547291456,0.423804160213359,0.389459586017931,0.379483219969692,0.149759985565043
-0.096687163671048,-0.127255967605416,-0.0978921270166439,0.0194924703673666,0.184362691038212,0.341091744484038,0.496646736677329,0.639209503469493,0.762112949788286,0.866554321501589,0.958329631747304,0.989218905671245,1,0.979532063955679,0.94066203769937,0.90415069824682,0.882003561583025,0.86680291596121,0.856827407965269,0.848270728801036,0.812454103315279,0.776651104689747,0.731868738576989,0.700500673320493,0.65384714513796,0.605190267099375,0.544281747724061,0.492869796598831,0.468110408396952,0.427905720681645,0.403577445890086,0.161267040476315
-0.205380930592276,-0.248052039543824,-0.222028340516386,-0.099228843485966,0.0578510807341757,0.22102701089389,0.384423027205774,0.533523380124487,0.674158389734577,0.795828016321928,0.911988029733591,0.95777690963837,0.979532063955679,1,0.983931328405642,0.959979624330736,0.943448332197395,0.928327082472011,0.920085178248813,0.91381396973725,0.889752713775734,0.862022896080302,0.824800660179664,0.797243188421619,0.746606009387017,0.707374910923147,0.649514428051351,0.596479673633695,0.564094990384887,0.502062108791876,0.453193027782131,0.181224142027076
-0.290891833371151,-0.3452194519798,-0.321653192445221,-0.195161299973736,-0.0416437827778566,0.119961091928785,0.284596927255535,0.43590016863817,0.592922534418226,0.725715760756395,0.857371943951636,0.912442776757902,0.94066203769937,0.983931328405642,1,0.988709360442741,0.976409150727692,0.962609463951071,0.954511698795164,0.948708083150444,0.933394464019539,0.911103232853737,0.878875433787325,0.855233484094189,0.80088113446525,0.770516899644642,0.713974017492669,0.663697401062774,0.626099965776734,0.547539852016725,0.48545143742458,0.197816526436903
-0.376539626186196,-0.439624845875816,-0.420729329664854,-0.298023572875123,-0.14443166646156,0.0118425441079657,0.178480933636128,0.339817400370701,0.51231653570424,0.661192731720905,0.80549500558909,0.871845482755809,0.90415069824682,0.959979624330736,0.988709360442741,1,0.992541793130873,0.984740732461058,0.979199988924944,0.974217632609798,0.96368564870253,0.945320393187304,0.918637304635594,0.900100272188527,0.851921419874535,0.824186129057499,0.768280796152248,0.721937331246127,0.678871291568204,0.585939927634034,0.515460785541047,0.222617801003491
-0.407472816569253,-0.472910446385615,-0.451588449760241,-0.332803703926709,-0.185143483414713,-0.0264540596341917,0.139106596202853,0.298388666835637,0.471961528450552,0.620237855948699,0.773067134699534,0.846466765131501,0.882003561583025,0.943448332197395,0.976409150727692,0.992541793130873,1,0.993901758256778,0.988190015743074,0.983078634851427,0.974712551509224,0.95554885878009,0.930800979323473,0.912310809567389,0.861804839377413,0.836255321194746,0.782763548228379,0.738454606368567,0.698673332965805,0.602326642994094,0.522254216708294,0.238808270728273
-0.436178491224696,-0.501024807576845,-0.48229630474281,-0.36841084857031,-0.221118764879983,-0.0650085946974172,0.100822545909713,0.265608650066583,0.444237893254496,0.598770696810839,0.75347957139125,0.831482829348152,0.86680291596121,0.928327082472011,0.962609463951071,0.984740732461058,0.993901758256778,1,0.995614855160991,0.990606088058151,0.981102224138035,0.960781562974251,0.936634031024977,0.918808345106375,0.872114814399021,0.846612651852553,0.793950753476425,0.751032656018723,0.71769785836441,0.620110689820506,0.539874375983804,0.253321948012737
-0.46182707635317,-0.526766629648433,-0.5111980596957,-0.399080415733812,-0.251518663980947,-0.0954462343005665,0.0728592918422772,0.24245827945642,0.425629495888482,0.587532635065804,0.741094285017028,0.820101790912506,0.856827407965269,0.920085178248813,0.954511698795164,0.979199988924944,0.988190015743074,0.995614855160991,1,0.995952483254627,0.986536669823738,0.967727498679357,0.945645884053954,0.928903854520205,0.885750385347822,0.858433307503669,0.804437048819903,0.760084922413663,0.721813695868905,0.621810787526798,0.553089948869916,0.262192225680876
-0.479858614567276,-0.544847426721799,-0.528236473300482,-0.421008836479988,-0.270942786012608,-0.110582357085755,0.0589730419075686,0.228824813652155,0.410118678682659,0.5743072684219,0.729336987791191,0.809777284336152,0.848270728801036,0.91381396973725,0.948708083150444,0.974217632609798,0.983078634851427,0.990606088058151,0.995952483254627,1,0.991724049094754,0.974688762048344,0.954236314495854,0.938029560681906,0.896303703273018,0.870145444411057,0.818344185010566,0.776239310318564,0.740760946512329,0.643834712330892,0.575849285822806,0.279083003265601
-0.506513308945447,-0.577151967649817,-0.562235994013408,-0.457854965304207,-0.318100546659167,-0.161419416192961,0.00197783523175169,0.16517064297933,0.343387931070364,0.511986384478418,0.679519095032054,0.769323578193626,0.812454103315279,0.889752713775734,0.933394464019539,0.96368564870253,0.974712551509224,0.981102224138035,0.986536669823738,0.991724049094754,1,0.992045977267927,0.977834040719416,0.96536800004024,0.92773033032693,0.907018080973088,0.860557785663509,0.818967484774093,0.778816860085214,0.674322162945257,0.588070211312625,0.289259747034704
-0.531436502085661,-0.601325948832718,-0.589658142564094,-0.490245528668962,-0.357635019771735,-0.208027372377224,-0.0517598800180434,0.108102466223902,0.28293646433361,0.457485283199368,0.633879546244755,0.730692184694611,0.776651104689747,0.862022896080302,0.911103232853737,0.945320393187304,0.95554885878009,0.960781562974251,0.967727498679357,0.974688762048344,0.992045977267927,1,0.993042526298173,0.983984508538737,0.955195959133597,0.934944381338272,0.891920229945118,0.849119626620249,0.798358711074363,0.685889342425314,0.589570372860052,0.287428622477041
-0.567647683043006,-0.638318423291666,-0.627028246208914,-0.535171560046358,-0.409437905088128,-0.261106926978793,-0.111438095715448,0.0420520995014257,0.212422892354357,0.390676949987522,0.576790170346069,0.682037679679131,0.731868738576989,0.824800660179664,0.878875433787325,0.918637304635594,0.930800979323473,0.936634031024977,0.945645884053954,0.954236314495854,0.977834040719416,0.993042526298173,1,0.995371631512789,0.973805054721355,0.95491125449989,0.915204764591424,0.876329991392937,0.815845722091782,0.695275328632751,0.588103469769833,0.296537253093115
-0.594632727795973,-0.666577526545633,-0.655337712516617,-0.567580334223221,-0.442914737574941,-0.296681226122378,-0.15099282077982,0.00154287728358517,0.171466322869662,0.354021124185403,0.542551084330967,0.649918428974636,0.700500673320493,0.797243188421619,0.855233484094189,0.900100272188527,0.912310809567389,0.918808345106375,0.928903854520205,0.938029560681906,0.96536800004024,0.983984508538737,0.995371631512789,1,0.984886499807358,0.97309412902914,0.93763439721621,0.901276941808819,0.832119702855656,0.70320956716719,0.595861189170395,0.320325909779054
-0.615278664696838,-0.68853016977906,-0.681616119817823,-0.609356591187608,-0.489410662166459,-0.35800060134938,-0.221686171946293,-0.066580515403438,0.0995434097077516,0.293595713449191,0.48759383685625,0.602160080091686,0.65384714513796,0.746606009387017,0.80088113446525,0.851921419874535,0.861804839377413,0.872114814399021,0.885750385347822,0.896303703273018,0.92773033032693,0.955195959133597,0.973805054721355,0.984886499807358,1,0.985870407032783,0.953476928558667,0.919914677684628,0.843244789878388,0.704523206629696,0.594602953179459,0.337665316906477
-0.62815219998976,-0.701184796415136,-0.691955220410951,-0.620836671892776,-0.507533406428703,-0.376698230129167,-0.246009029264394,-0.0998834779091127,0.062687475425674,0.248386407941937,0.441671525276181,0.553407563413875,0.605190267099375,0.707374910923147,0.770516899644642,0.824186129057499,0.836255321194746,0.846612651852553,0.858433307503669,0.870145444411057,0.907018080973088,0.934944381338272,0.95491125449989,0.97309412902914,0.985870407032783,1,0.984485164698178,0.955973958942503,0.883450758489063,0.744543467734081,0.636013726737479,0.389013174981775
-0.610302223121709,-0.67888905241064,-0.669422561109011,-0.609690308687278,-0.510881658367785,-0.385231945821499,-0.265692006577402,-0.134745146254218,0.0145138342991308,0.189968810056813,0.382144827544735,0.493821172041355,0.544281747724061,0.649514428051351,0.713974017492669,0.768280796152248,0.782763548228379,0.793950753476425,0.804437048819903,0.818344185010566,0.860557785663509,0.891920229945118,0.915204764591424,0.93763439721621,0.953476928558667,0.984485164698178,1,0.979572194886435,0.916059566062103,0.780705294940035,0.655428558199952,0.426014405827733
-0.622860517136489,-0.688069968291112,-0.669915480642363,-0.618422433363196,-0.514694834040242,-0.38999021947344,-0.282146821637909,-0.164699448715994,-0.0226281203898644,0.143077136931399,0.33568219304423,0.445574547291456,0.492869796598831,0.596479673633695,0.663697401062774,0.721937331246127,0.738454606368567,0.751032656018723,0.760084922413663,0.776239310318564,0.818967484774093,0.849119626620249,0.876329991392937,0.901276941808819,0.919914677684628,0.955973958942503,0.979572194886435,1,0.950921951148755,0.819721368901549,0.687262509399135,0.481674845572337
-0.54642158654588,-0.605622183849741,-0.581435960930936,-0.538497330467109,-0.446629793930641,-0.330906079075794,-0.232947989728593,-0.126708680050434,0.00264382106906209,0.144168018873693,0.318266357122934,0.423804160213359,0.468110408396952,0.564094990384887,0.626099965776734,0.678871291568204,0.698673332965805,0.71769785836441,0.721813695868905,0.740760946512329,0.778816860085214,0.798358711074363,0.815845722091782,0.832119702855656,0.843244789878388,0.883450758489063,0.916059566062103,0.950921951148755,1,0.924523724154273,0.745888309027595,0.502235541804208
-0.431042908390509,-0.467460860883365,-0.438969081443466,-0.402040347999693,-0.322810775326525,-0.213867125263666,-0.12625330679951,-0.0341998152353927,0.0628545369574621,0.1738292349879,0.30704792703138,0.389459586017931,0.427905720681645,0.502062108791876,0.547539852016725,0.585939927634034,0.602326642994094,0.620110689820506,0.621810787526798,0.643834712330892,0.674322162945257,0.685889342425314,0.695275328632751,0.70320956716719,0.704523206629696,0.744543467734081,0.780705294940035,0.819721368901549,0.924523724154273,1,0.818048906901156,0.527618641439116
-0.403322625288679,-0.436501489689321,-0.414153360658005,-0.372046443817644,-0.272082750243602,-0.154248074074377,-0.0523502293098181,0.0467593045453274,0.137207626463723,0.239685348275542,0.330455224683993,0.379483219969692,0.403577445890086,0.453193027782131,0.48545143742458,0.515460785541047,0.522254216708294,0.539874375983804,0.553089948869916,0.575849285822806,0.588070211312625,0.589570372860052,0.588103469769833,0.595861189170395,0.594602953179459,0.636013726737479,0.655428558199952,0.687262509399135,0.745888309027595,0.818048906901156,1,0.656487463367209
-0.320409877155007,-0.312402791408553,-0.267912707945998,-0.262015460318659,-0.199915042187062,-0.104957804425566,-0.0568114720878262,-0.0191307964106752,0.0226645041850049,0.0740652500621867,0.121124208848176,0.149759985565043,0.161267040476315,0.181224142027076,0.197816526436903,0.222617801003491,0.238808270728273,0.253321948012737,0.262192225680876,0.279083003265601,0.289259747034704,0.287428622477041,0.296537253093115,0.320325909779054,0.337665316906477,0.389013174981775,0.426014405827733,0.481674845572337,0.502235541804208,0.527618641439116,0.656487463367209,1
