1,0.797127699755314,0.732796869683591,0.665583329330068,0.665262320345856,0.639500294654919,0.642251808312415,0.650477638991102,0.639111502527482,0.624035289788742,0.590420069821701,0.542647558935276,0.496705752360368,0.438128506951917,0.358226416575878,0.269859693586517,0.170105191308438,0.073692399081303,-2.70219520621132e-05,-0.0358966589583807,-0.0756872570638093,-0.0894170644011267,-0.112933489299432,-0.112843238805084,-0.0971550883375236,-0.0884358228509713,-0.0744986285692222,-0.0428653676835312,-0.0309794763660596,-0.0230117933675463,-0.0326021307895361,0.0461662335269515
0.797127699755314,1,0.952023089478329,0.904206427878967,0.891033619429236,0.867198451144359,0.856146294600321,0.839776316925803,0.801659655935083,0.769202817706,0.705771065094363,0.618277384115003,0.540204149983598,0.44575513543835,0.324624378248129,0.192679640881587,0.0589324881562506,-0.052857568293278,-0.142041148456528,-0.186128320284042,-0.232716507884694,-0.241743152625809,-0.25704055164478,-0.247439504464956,-0.219059795913653,-0.195799573363166,-0.162199808658155,-0.121006137018601,-0.106396386261816,-0.0972278290769941,-0.105583116147261,-0.00751291760269774
0.732796869683591,0.952023089478329,1,0.969914218910216,0.946420796638309,0.925175254442931,0.904730581570144,0.879696141995281,0.835997109726794,0.795565188298928,0.717683209955056,0.614831535231395,0.530415499795465,0.422275863270827,0.293659477855352,0.153947322505937,0.0164144071737921,-0.0992118793368041,-0.1945955597047,-0.239926292167829,-0.280840203178406,-0.286480624951614,-0.305630522099496,-0.294010993250572,-0.258100041854135,-0.233437800341088,-0.197701706761776,-0.149741897579642,-0.129415146742008,-0.110503581420975,-0.116135796631668,-0.026124511693319
0.665583329330068,0.904206427878967,0.969914218910216,1,0.969160019032038,0.950944085658463,0.920339585881516,0.89024919346305,0.84189925701862,0.803543510933882,0.720745899702278,0.612119096926932,0.530026206195772,0.41433975487907,0.281976955611825,0.142638934333579,0.00700536266675061,-0.104525283020345,-0.200915552749039,-0.24770616196805,-0.291165723237591,-0.297921954979606,-0.318046180189337,-0.310457124522169,-0.274129144807703,-0.248617659919621,-0.2152458769647,-0.165093920429876,-0.138280015074742,-0.121778589657376,-0.111675269237436,-0.0222932806702664
0.665262320345856,0.891033619429236,0.946420796638309,0.969160019032038,1,0.982339352781049,0.961340795262303,0.933326269723237,0.893830101428512,0.856021606611902,0.783543495472429,0.684991227275787,0.596903587956065,0.48815895792023,0.353291964469233,0.209292087942082,0.0654129917531274,-0.0524948572946615,-0.157799185339251,-0.215242896005455,-0.271983838653291,-0.287484518027267,-0.313110063785796,-0.317070303431532,-0.282862643038989,-0.26159426046393,-0.225249942220708,-0.169398428805747,-0.14501902017727,-0.129834700884332,-0.124960659590847,-0.0221337246325649
0.639500294654919,0.867198451144359,0.925175254442931,0.950944085658463,0.982339352781049,1,0.981994809044214,0.956080148048829,0.922095558985739,0.888023875710581,0.816937009664962,0.719545452571153,0.639582200713392,0.537069699453265,0.404025228644118,0.26096024179213,0.119306822107275,0.00335274583216168,-0.106170786785528,-0.167604077432875,-0.225677826595594,-0.244176650199955,-0.278494927373064,-0.287249976542128,-0.247693555456844,-0.224740558650203,-0.194903352294795,-0.140797075008425,-0.116057043976395,-0.0999139554035097,-0.0915644994253784,0.0103922929124714
0.642251808312415,0.856146294600321,0.904730581570144,0.920339585881516,0.961340795262303,0.981994809044214,1,0.98345459746864,0.958358945322614,0.929019717901416,0.870149023891156,0.787335378019612,0.713980134149511,0.614564705706505,0.483262031320048,0.339177057740741,0.195917738114458,0.0733184080781106,-0.0404840685112948,-0.107725795307738,-0.169005001092154,-0.19287712032278,-0.227506899102358,-0.244306181598588,-0.208516079965374,-0.186036690044227,-0.158500127128082,-0.105061399731036,-0.0828321425195412,-0.0728825904844858,-0.0580984718406433,0.0377652172668799
0.650477638991102,0.839776316925803,0.879696141995281,0.89024919346305,0.933326269723237,0.956080148048829,0.98345459746864,1,0.984254109560107,0.959883685861364,0.908897151802778,0.83826149995904,0.768412900324675,0.674118412902206,0.539369635238834,0.397279027670018,0.255015029778058,0.131792091344499,0.0171981980170611,-0.0508164652720268,-0.113021547838117,-0.141853330080691,-0.17621796898624,-0.195454582749109,-0.162733504543646,-0.144523604522364,-0.122950630425898,-0.0747831969480676,-0.0551963571141801,-0.0456344477469106,-0.0280679168399189,0.0575365692741586
0.639111502527482,0.801659655935083,0.835997109726794,0.84189925701862,0.893830101428512,0.922095558985739,0.958358945322614,0.984254109560107,1,0.981366228164715,0.942037347683725,0.882266750058227,0.819519340508969,0.730949313581634,0.604601436794343,0.467405896022145,0.330734059205849,0.205029737667692,0.0864982106726636,0.0153059354321145,-0.0487194969337587,-0.0834105185625893,-0.121052481338319,-0.149211268339085,-0.121546351220705,-0.105250578081723,-0.0910815964907562,-0.0484949274850335,-0.0310854937130984,-0.0256536308601662,-0.00359303469250659,0.083125743795895
0.624035289788742,0.769202817706,0.795565188298928,0.803543510933882,0.856021606611902,0.888023875710581,0.929019717901416,0.959883685861364,0.981366228164715,1,0.975262030549045,0.925655110319982,0.868839019226492,0.791050349475353,0.677710742910347,0.548124803977562,0.41867426501968,0.302492503395259,0.182362494366348,0.106019240284796,0.0372790414965211,-0.00720506558995511,-0.0467012273316244,-0.0862432526454416,-0.0705724554209876,-0.0605723757777267,-0.0521635351957586,-0.0197607002216137,-0.00307663329443929,-0.00220845495316188,0.0212890365583202,0.105015924885587
0.590420069821701,0.705771065094363,0.717683209955056,0.720745899702278,0.783543495472429,0.816937009664962,0.870149023891156,0.908897151802778,0.942037347683725,0.975262030549045,1,0.974315133939898,0.928776428453185,0.865801161003746,0.762883625484074,0.641856585802699,0.518826585665693,0.403043438931481,0.294940499717119,0.219562505791224,0.14583712384642,0.0947427256999105,0.0528291025138285,0.00175922173898555,0.000704018433327641,0.000320557819387454,0.0100538524706223,0.0389220515077572,0.0600054294443887,0.0602973515251609,0.0753522206591724,0.141750942150863
0.542647558935276,0.618277384115003,0.614831535231395,0.612119096926932,0.684991227275787,0.719545452571153,0.787335378019612,0.83826149995904,0.882266750058227,0.925655110319982,0.974315133939898,1,0.975358652032339,0.928915566883413,0.842933953056956,0.736388943946813,0.621170567772334,0.509950839834687,0.415319426971864,0.341588386587237,0.263072436945658,0.20773362516413,0.164808614637336,0.103282579474478,0.0858391710955752,0.0748493228847099,0.0757529503352097,0.0953288167359047,0.117847693829601,0.117451512469763,0.126887591133568,0.175758900304113
0.496705752360368,0.540204149983598,0.530415499795465,0.530026206195772,0.596903587956065,0.639582200713392,0.713980134149511,0.768412900324675,0.819519340508969,0.868839019226492,0.928776428453185,0.975358652032339,1,0.97002743066903,0.903034151615427,0.815356618153081,0.716355940605508,0.614192242206632,0.526583870444426,0.456177604080361,0.378119262395877,0.321216495291032,0.273282659694685,0.199938185076278,0.16977406287063,0.150400816113104,0.147468315446925,0.161460594517254,0.185644023622276,0.183741087367731,0.183550649923817,0.222245230132375
0.438128506951917,0.44575513543835,0.422275863270827,0.41433975487907,0.48815895792023,0.537069699453265,0.614564705706505,0.674118412902206,0.730949313581634,0.791050349475353,0.865801161003746,0.928915566883413,0.97002743066903,1,0.963547692543441,0.899566321507312,0.818910160589774,0.734337059959931,0.654439100077652,0.584191941210258,0.509337475164303,0.45208394790303,0.404113176218263,0.321492292409827,0.279128873256918,0.251495701574807,0.237395504652971,0.234625858253282,0.253832833157889,0.24739742273997,0.249143108668092,0.268378358990499
0.358226416575878,0.324624378248129,0.293659477855352,0.281976955611825,0.353291964469233,0.404025228644118,0.483262031320048,0.539369635238834,0.604601436794343,0.677710742910347,0.762883625484074,0.842933953056956,0.903034151615427,0.963547692543441,1,0.968196742773053,0.91226491699115,0.844408960915951,0.778091393350854,0.70978757454886,0.639825252378737,0.58060397451271,0.534937739998032,0.448947161303941,0.391674655722177,0.356089229117463,0.330716459842333,0.310703194205485,0.327352200233672,0.310899243564092,0.310552280095877,0.305326848227475
0.269859693586517,0.192679640881587,0.153947322505937,0.142638934333579,0.209292087942082,0.26096024179213,0.339177057740741,0.397279027670018,0.467405896022145,0.548124803977562,0.641856585802699,0.736388943946813,0.815356618153081,0.899566321507312,0.968196742773053,1,0.973471838941499,0.922448617635483,0.872011290833689,0.811478100477894,0.747179488685988,0.68966704512413,0.648209933587286,0.554480197717377,0.487741896956663,0.444542723438285,0.421312152268688,0.38794776372998,0.407127626794153,0.375905394559726,0.368420986135018,0.346627167874634
0.170105191308438,0.0589324881562506,0.0164144071737921,0.00700536266675061,0.0654129917531274,0.119306822107275,0.195917738114458,0.255015029778058,0.330734059205849,0.41867426501968,0.518826585665693,0.621170567772334,0.716355940605508,0.818910160589774,0.91226491699115,0.973471838941499,1,0.975035029992466,0.937741443982046,0.881826162746129,0.826773816765741,0.771940826897386,0.728832987865813,0.628474035436457,0.552944073383615,0.508895768614231,0.484129944621571,0.440166045491313,0.459547937528183,0.417793517844551,0.408530280700963,0.368542097993763
0.073692399081303,-0.052857568293278,-0.0992118793368041,-0.104525283020345,-0.0524948572946615,0.00335274583216168,0.0733184080781106,0.131792091344499,0.205029737667692,0.302492503395259,0.403043438931481,0.509950839834687,0.614192242206632,0.734337059959931,0.844408960915951,0.922448617635483,0.975035029992466,1,0.975105263920726,0.921963124663883,0.873140068186498,0.81518497088345,0.777089091677014,0.673721455858995,0.58822227616405,0.537029241025597,0.509100243577031,0.458523205913614,0.481133292150698,0.434746287883979,0.427956166500528,0.374640371261246
-2.70219520621132e-05,-0.142041148456528,-0.1945955597047,-0.200915552749039,-0.157799185339251,-0.106170786785528,-0.0404840685112948,0.0171981980170611,0.0864982106726636,0.182362494366348,0.294940499717119,0.415319426971864,0.526583870444426,0.654439100077652,0.778091393350854,0.872011290833689,0.937741443982046,0.975105263920726,1,0.97036298459413,0.927962383862828,0.876323206973193,0.841267121184988,0.738831314204242,0.64845375222227,0.593258502906494,0.559412306923706,0.50101158640316,0.523912195616437,0.475443742363736,0.464336948494674,0.38730919588162
-0.0358966589583807,-0.186128320284042,-0.239926292167829,-0.24770616196805,-0.215242896005455,-0.167604077432875,-0.107725795307738,-0.0508164652720268,0.0153059354321145,0.106019240284796,0.219562505791224,0.341588386587237,0.456177604080361,0.584191941210258,0.70978757454886,0.811478100477894,0.881826162746129,0.921963124663883,0.97036298459413,1,0.971581746381666,0.927265175795349,0.893420036704095,0.795177517595861,0.719463946946889,0.655593737819131,0.610348996728017,0.552392255390576,0.571039177520207,0.51828560565885,0.50792894280257,0.423747982892953
-0.0756872570638093,-0.232716507884694,-0.280840203178406,-0.291165723237591,-0.271983838653291,-0.225677826595594,-0.169005001092154,-0.113021547838117,-0.0487194969337587,0.0372790414965211,0.14583712384642,0.263072436945658,0.378119262395877,0.509337475164303,0.639825252378737,0.747179488685988,0.826773816765741,0.873140068186498,0.927962383862828,0.971581746381666,1,0.98005463387737,0.947478759363588,0.864393236854895,0.804579213088853,0.747837460490774,0.6775866950771,0.612961603534664,0.62503654555679,0.563685585931275,0.558993482285169,0.480492325067704
-0.0894170644011267,-0.241743152625809,-0.286480624951614,-0.297921954979606,-0.287484518027267,-0.244176650199955,-0.19287712032278,-0.141853330080691,-0.0834105185625893,-0.00720506558995511,0.0947427256999105,0.20773362516413,0.321216495291032,0.45208394790303,0.58060397451271,0.68966704512413,0.771940826897386,0.81518497088345,0.876323206973193,0.927265175795349,0.98005463387737,1,0.970843846173515,0.90616917124004,0.856059414656365,0.805338409207442,0.718177588832631,0.650093842664707,0.663028039631192,0.597696110719237,0.595334064751999,0.506939536771976
-0.112933489299432,-0.25704055164478,-0.305630522099496,-0.318046180189337,-0.313110063785796,-0.278494927373064,-0.227506899102358,-0.17621796898624,-0.121052481338319,-0.0467012273316244,0.0528291025138285,0.164808614637336,0.273282659694685,0.404113176218263,0.534937739998032,0.648209933587286,0.728832987865813,0.777089091677014,0.841267121184988,0.893420036704095,0.947478759363588,0.970843846173515,1,0.963399032645959,0.905843122251441,0.856464536003405,0.771474588077409,0.689220257412939,0.69568221336833,0.624219258698434,0.626786763223124,0.508302953271308
-0.112843238805084,-0.247439504464956,-0.294010993250572,-0.310457124522169,-0.317070303431532,-0.287249976542128,-0.244306181598588,-0.195454582749109,-0.149211268339085,-0.0862432526454416,0.00175922173898555,0.103282579474478,0.199938185076278,0.321492292409827,0.448947161303941,0.554480197717377,0.628474035436457,0.673721455858995,0.738831314204242,0.795177517595861,0.864393236854895,0.90616917124004,0.963399032645959,1,0.956645702485511,0.907030754049295,0.81783943061206,0.720942486937272,0.713153250733836,0.641611709636083,0.634265690168807,0.492386353703509
-0.0971550883375236,-0.219059795913653,-0.258100041854135,-0.274129144807703,-0.282862643038989,-0.247693555456844,-0.208516079965374,-0.162733504543646,-0.121546351220705,-0.0705724554209876,0.000704018433327641,0.0858391710955752,0.16977406287063,0.279128873256918,0.391674655722177,0.487741896956663,0.552944073383615,0.58822227616405,0.64845375222227,0.719463946946889,0.804579213088853,0.856059414656365,0.905843122251441,0.956645702485511,1,0.972831780082788,0.871011176918864,0.772086037356174,0.747653400616121,0.647966487004539,0.643662568799244,0.514021485700132
-0.0884358228509713,-0.195799573363166,-0.233437800341088,-0.248617659919621,-0.26159426046393,-0.224740558650203,-0.186036690044227,-0.144523604522364,-0.105250578081723,-0.0605723757777267,0.000320557819387454,0.0748493228847099,0.150400816113104,0.251495701574807,0.356089229117463,0.444542723438285,0.508895768614231,0.537029241025597,0.593258502906494,0.655593737819131,0.747837460490774,0.805338409207442,0.856464536003405,0.907030754049295,0.972831780082788,1,0.910615753846951,0.809758685969115,0.775415540929744,0.663603271570432,0.666002885293424,0.541379814681054
-0.0744986285692222,-0.162199808658155,-0.197701706761776,-0.2152458769647,-0.225249942220708,-0.194903352294795,-0.158500127128082,-0.122950630425898,-0.0910815964907562,-0.0521635351957586,0.0100538524706223,0.0757529503352097,0.147468315446925,0.237395504652971,0.330716459842333,0.421312152268688,0.484129944621571,0.509100243577031,0.559412306923706,0.610348996728017,0.6775866950771,0.718177588832631,0.771474588077409,0.81783943061206,0.871011176918864,0.910615753846951,1,0.956129884678468,0.904682696582789,0.78382412735768,0.726254015927831,0.592874936505004
-0.0428653676835312,-0.121006137018601,-0.149741897579642,-0.165093920429876,-0.169398428805747,-0.140797075008425,-0.105061399731036,-0.0747831969480676,-0.0484949274850335,-0.0197607002216137,0.0389220515077572,0.0953288167359047,0.161460594517254,0.234625858253282,0.310703194205485,0.38794776372998,0.440166045491313,0.458523205913614,0.50101158640316,0.552392255390576,0.612961603534664,0.650093842664707,0.689220257412939,0.720942486937272,0.772086037356174,0.809758685969115,0.956129884678468,1,0.951825250937217,0.82594843646451,0.748336790350148,0.626118048684867
-0.0309794763660596,-0.106396386261816,-0.129415146742008,-0.138280015074742,-0.14501902017727,-0.116057043976395,-0.0828321425195412,-0.0551963571141801,-0.0310854937130984,-0.00307663329443929,0.0600054294443887,0.117847693829601,0.185644023622276,0.253832833157889,0.327352200233672,0.407127626794153,0.459547937528183,0.481133292150698,0.523912195616437,0.571039177520207,0.62503654555679,0.663028039631192,0.69568221336833,0.713153250733836,0.747653400616121,0.775415540929744,0.904682696582789,0.951825250937217,1,0.894353369773122,0.82722090239686,0.663708040425258
-0.0230117933675463,-0.0972278290769941,-0.110503581420975,-0.121778589657376,-0.129834700884332,-0.0999139554035097,-0.0728825904844858,-0.0456344477469106,-0.0256536308601662,-0.00220845495316188,0.0602973515251609,0.117451512469763,0.183741087367731,0.24739742273997,0.310899243564092,0.375905394559726,0.417793517844551,0.434746287883979,0.475443742363736,0.51828560565885,0.563685585931275,0.597696110719237,0.624219258698434,0.641611709636083,0.647966487004539,0.663603271570432,0.78382412735768,0.82594843646451,0.894353369773122,1,0.900380714221317,0.700009717266147
-0.0326021307895361,-0.105583116147261,-0.116135796631668,-0.111675269237436,-0.124960659590847,-0.0915644994253784,-0.0580984718406433,-0.0280679168399189,-0.00359303469250659,0.0212890365583202,0.0753522206591724,0.126887591133568,0.183550649923817,0.249143108668092,0.310552280095877,0.368420986135018,0.408530280700963,0.427956166500528,0.464336948494674,0.50792894280257,0.558993482285169,0.595334064751999,0.626786763223124,0.634265690168807,0.643662568799244,0.666002885293424,0.726254015927831,0.748336790350148,0.82722090239686,0.900380714221317,1,0.726288835893293
0.0461662335269515,-0.00751291760269774,-0.026124511693319,-0.0222932806702664,-0.0221337246325649,0.0103922929124714,0.0377652172668799,0.0575365692741586,0.083125743795895,0.105015924885587,0.141750942150863,0.175758900304113,0.222245230132375,0.268378358990499,0.305326848227475,0.346627167874634,0.368542097993763,0.374640371261246,0.38730919588162,0.423747982892953,0.480492325067704,0.506939536771976,0.508302953271308,0.492386353703509,0.514021485700132,0.541379814681054,0.592874936505004,0.626118048684867,0.663708040425258,0.700009717266147,0.726288835893293,1
