1,0.881854240283114,0.842868340565552,0.832125697795852,0.811764499543838,0.775984546589246,0.743259435838045,0.728135730366219,0.706071092529473,0.672307941750405,0.650089987801599,0.640715869619836,0.620802772577237,0.59054826090384,0.524549234202665,0.480487573075755,0.369238408072833,0.279495823916909,0.160068023255293,0.0700681979439555,0.0187534931638853,-0.0574197264342352,-0.089043207745608,-0.145278756818966,-0.243864750642641,-0.363669677557467,-0.448084331371422,-0.429355025405843,-0.351920492544294,-0.262296722780239,-0.133502737696392,-0.0634824426616607
0.881854240283114,1,0.943926052015515,0.915899126575913,0.896833068617674,0.841312009081563,0.805097948003968,0.786080644949522,0.762462683808303,0.734249938754823,0.709225876528056,0.691455177592886,0.673015327191678,0.642459922949136,0.566772940046719,0.506468890895077,0.40069720203785,0.306607944122834,0.175776157930749,0.0801393618153657,0.0203280045861936,-0.0561282874011974,-0.0880152460154276,-0.156689173650725,-0.270246178082456,-0.388880181504145,-0.463673698259098,-0.452682188858504,-0.393321826700305,-0.291477355026466,-0.141697300368983,-0.0663431028360583
0.842868340565552,0.943926052015515,1,0.972358168860404,0.94590812169538,0.907904465305315,0.870838847586089,0.849959119491129,0.821631663766631,0.789970863337674,0.767120249057172,0.748579830673498,0.732727625908926,0.701284011402599,0.620349628596952,0.559662296583971,0.443127103719908,0.34535200811564,0.209592983621274,0.107800372841109,0.0451437836606265,-0.0336447382659028,-0.064791306782709,-0.135163710745387,-0.257626400450712,-0.387638798577852,-0.474337023015491,-0.465123084896511,-0.404241037995847,-0.300960361794877,-0.13848252671894,-0.0726430092017318
0.832125697795852,0.915899126575913,0.972358168860404,1,0.979622640851456,0.939777697019017,0.901394230441887,0.879952653401652,0.853276139894016,0.820941500021869,0.802077201204646,0.786017512670715,0.768360264999064,0.739390661413604,0.660360770072209,0.604229368034808,0.485232162042415,0.389329195279225,0.252270860264138,0.144703820777035,0.0819613842886607,0.00407725684033592,-0.0257701765708213,-0.0990683855207706,-0.22285167863374,-0.362376524237356,-0.457259715054236,-0.452053829432171,-0.392286520047219,-0.29411655677397,-0.124766497636903,-0.0508775322250351
0.811764499543838,0.896833068617674,0.94590812169538,0.979622640851456,1,0.970991794788161,0.934753792419488,0.912568746495519,0.884292074619704,0.8558437731257,0.834899482883193,0.815387267111499,0.797261540260683,0.763354020237401,0.682067795992334,0.628142956716796,0.516412191155012,0.421323628935646,0.287896115624058,0.181457350080673,0.116096748713067,0.03794099258864,0.00350901801209228,-0.0805685048202102,-0.204930958074245,-0.344239851829822,-0.439489013671354,-0.443659324207672,-0.388200664210937,-0.290453654487519,-0.127251097285824,-0.0497123847259536
0.775984546589246,0.841312009081563,0.907904465305315,0.939777697019017,0.970991794788161,1,0.973774998677819,0.954306800013883,0.92707465664313,0.903061516210804,0.88325843491639,0.861624132323744,0.846601535397854,0.815517853013232,0.737783439765223,0.687844035793318,0.584899198762341,0.488381927779051,0.357193834094188,0.255225984377431,0.188990942183631,0.109268549766759,0.0726563142930366,-0.0153033416812894,-0.147489090548906,-0.287509087534012,-0.387227098642813,-0.396814792122823,-0.345361031143121,-0.254798828174175,-0.109824485193437,-0.031972482652182
0.743259435838045,0.805097948003968,0.870838847586089,0.901394230441887,0.934753792419488,0.973774998677819,1,0.985528593079865,0.961313039775381,0.940455748133685,0.92209673566418,0.906514451178319,0.891397755790881,0.864096018069825,0.801031487175144,0.756470549843034,0.664104719735484,0.572989715858515,0.449564309332425,0.355716295274541,0.293208711564348,0.214851073331958,0.17452018058708,0.0797467711923594,-0.0502150665156971,-0.191805343469095,-0.293984293203582,-0.310748750357502,-0.272002064848954,-0.188065519440061,-0.0670476991209955,-0.00942718446333287
0.728135730366219,0.786080644949522,0.849959119491129,0.879952653401652,0.912568746495519,0.954306800013883,0.985528593079865,1,0.982088662556899,0.961985670719317,0.944505849410976,0.930799062254384,0.918978462532595,0.893292935486718,0.835100683711913,0.792487087978688,0.707832777369137,0.619748881793675,0.4993571964641,0.413893937744674,0.350710157583589,0.273329252169399,0.231347764723488,0.141319625651567,0.00269799650859895,-0.142306141836875,-0.24124427530152,-0.253687716415622,-0.205971832331214,-0.129371973369129,-0.0389598152238356,0.000697716905981311
0.706071092529473,0.762462683808303,0.821631663766631,0.853276139894016,0.884292074619704,0.92707465664313,0.961313039775381,0.982088662556899,1,0.986282804257815,0.971854233109508,0.958889117936754,0.94438938663253,0.922054167837696,0.872230705293136,0.831853976842054,0.755002218993785,0.673597608407335,0.558131843187516,0.472480881605773,0.411429103937908,0.337263196687297,0.293938388512596,0.207525792929811,0.0697658360162926,-0.0718758141208016,-0.175605610996562,-0.18637234842175,-0.145713419607474,-0.0858339168270351,-0.0156439201087196,0.0185941487577301
0.672307941750405,0.734249938754823,0.789970863337674,0.820941500021869,0.8558437731257,0.903061516210804,0.940455748133685,0.961985670719317,0.986282804257815,1,0.987116334601114,0.969704536180271,0.953299144956691,0.930449136408555,0.882751359515827,0.842327852547877,0.776425468036913,0.699537094060004,0.589384845063542,0.505598717360341,0.443822969562749,0.373208880576325,0.330919159970228,0.241410169712632,0.103685058459447,-0.0321517847606424,-0.133011836584609,-0.150430519852684,-0.119235424352474,-0.0588865956676504,-0.00274126897708749,0.0214596243533768
0.650089987801599,0.709225876528056,0.767120249057172,0.802077201204646,0.834899482883193,0.88325843491639,0.92209673566418,0.944505849410976,0.971854233109508,0.987116334601114,1,0.986288150468446,0.972132436460362,0.951944127345807,0.910211987027546,0.873539901250354,0.809637718639506,0.740384685124239,0.637566648409128,0.553437604512705,0.495844767082093,0.427569051775564,0.387961588320529,0.299324724976172,0.161300205069778,0.0198573760785923,-0.0846432826497217,-0.102785624093576,-0.0725631696481405,-0.0253859327318478,0.0138145543287188,0.0338575717871495
0.640715869619836,0.691455177592886,0.748579830673498,0.786017512670715,0.815387267111499,0.861624132323744,0.906514451178319,0.930799062254384,0.958889117936754,0.969704536180271,0.986288150468446,1,0.988457772298959,0.973165985044256,0.938749794852547,0.904695422682348,0.840602603531559,0.773971954932397,0.673509614377872,0.593004183558109,0.537672995500276,0.471088257233666,0.433094741727591,0.34925555619669,0.21477710264056,0.0711872084265759,-0.0391896773786439,-0.0585694405004436,-0.0257041716572885,0.0157910337361969,0.0431106001908993,0.0502389390444771
0.620802772577237,0.673015327191678,0.732727625908926,0.768360264999064,0.797261540260683,0.846601535397854,0.891397755790881,0.918978462532595,0.94438938663253,0.953299144956691,0.972132436460362,0.988457772298959,1,0.987086307230944,0.952732221452366,0.919602783363105,0.857218726637677,0.792726138106076,0.697683267858234,0.621826115552663,0.56736429322345,0.500721786787611,0.465630874482482,0.381071755753383,0.245621228882193,0.0992319878412097,-0.0118808115256299,-0.0310779219321763,0.00281865855633696,0.0381568989145698,0.0538078944815879,0.0585803168919533
0.59054826090384,0.642459922949136,0.701284011402599,0.739390661413604,0.763354020237401,0.815517853013232,0.864096018069825,0.893292935486718,0.922054167837696,0.930449136408555,0.951944127345807,0.973165985044256,0.987086307230944,1,0.976690918788993,0.946380660006925,0.887230337528525,0.826247647763789,0.733952421090535,0.660765746034318,0.607914070965842,0.544055581039603,0.510617673025944,0.428959952873023,0.290815896997407,0.148527847261791,0.0380743650680301,0.0189002697589421,0.0489003437201458,0.0803163601816475,0.0735450187213645,0.0602660833503923
0.524549234202665,0.566772940046719,0.620349628596952,0.660360770072209,0.682067795992334,0.737783439765223,0.801031487175144,0.835100683711913,0.872230705293136,0.882751359515827,0.910211987027546,0.938749794852547,0.952732221452366,0.976690918788993,1,0.981828389011944,0.936998513731001,0.888446889026453,0.806023679502688,0.741574697210962,0.69428622458002,0.63603884714719,0.602594499867529,0.530214677484736,0.398572547389473,0.269983477942086,0.163142027052515,0.143877160301938,0.161431540884271,0.17530537047632,0.123428219740934,0.0731394770734673
0.480487573075755,0.506468890895077,0.559662296583971,0.604229368034808,0.628142956716796,0.687844035793318,0.756470549843034,0.792487087978688,0.831853976842054,0.842327852547877,0.873539901250354,0.904695422682348,0.919602783363105,0.946380660006925,0.981828389011944,1,0.970702256063196,0.931255580446923,0.860433036417918,0.799944009510726,0.757691144767936,0.701345436015816,0.669839387724098,0.602388552819094,0.485387067326905,0.356766237734771,0.244992359811681,0.222460233338903,0.238972043088457,0.233622249706963,0.14497298128347,0.0852845657157593
0.369238408072833,0.40069720203785,0.443127103719908,0.485232162042415,0.516412191155012,0.584899198762341,0.664104719735484,0.707832777369137,0.755002218993785,0.776425468036913,0.809637718639506,0.840602603531559,0.857218726637677,0.887230337528525,0.936998513731001,0.970702256063196,1,0.979029628057645,0.930588230346461,0.883614966363168,0.845870710845069,0.797462216377042,0.768396734942774,0.708523953355662,0.604510143312318,0.488755352165454,0.385333814546688,0.357686138463253,0.362201600091913,0.332546394113802,0.188787900871946,0.100732256803701
0.279495823916909,0.306607944122834,0.34535200811564,0.389329195279225,0.421323628935646,0.488381927779051,0.572989715858515,0.619748881793675,0.673597608407335,0.699537094060004,0.740384685124239,0.773971954932397,0.792726138106076,0.826247647763789,0.888446889026453,0.931255580446923,0.979029628057645,1,0.972715361167361,0.932992952652094,0.900545648347547,0.863268638147183,0.837253144464407,0.781612855232917,0.690140762645539,0.583751304990674,0.487082308672689,0.45762223200595,0.454752861395666,0.402102499112093,0.225516148099843,0.125612181158044
0.160068023255293,0.175776157930749,0.209592983621274,0.252270860264138,0.287896115624058,0.357193834094188,0.449564309332425,0.4993571964641,0.558131843187516,0.589384845063542,0.637566648409128,0.673509614377872,0.697683267858234,0.733952421090535,0.806023679502688,0.860433036417918,0.930588230346461,0.972715361167361,1,0.977403297309502,0.956905612377411,0.930973768899959,0.906115933181626,0.853296084418257,0.780309193042252,0.681790247249821,0.595344580115308,0.564227123512697,0.557215319405986,0.483834490818591,0.262765268799883,0.141876623342733
0.0700681979439555,0.0801393618153657,0.107800372841109,0.144703820777035,0.181457350080673,0.255225984377431,0.355716295274541,0.413893937744674,0.472480881605773,0.505598717360341,0.553437604512705,0.593004183558109,0.621826115552663,0.660765746034318,0.741574697210962,0.799944009510726,0.883614966363168,0.932992952652094,0.977403297309502,1,0.984932157257715,0.964893075434973,0.938770425368716,0.893080592540885,0.825836067736065,0.739176928498086,0.667427294894755,0.636407531004434,0.63025263500474,0.553919347199999,0.30541675964819,0.157815082969762
0.0187534931638853,0.0203280045861936,0.0451437836606265,0.0819613842886607,0.116096748713067,0.188990942183631,0.293208711564348,0.350710157583589,0.411429103937908,0.443822969562749,0.495844767082093,0.537672995500276,0.56736429322345,0.607914070965842,0.69428622458002,0.757691144767936,0.845870710845069,0.900545648347547,0.956905612377411,0.984932157257715,1,0.985207583237483,0.963146078801209,0.920431619350338,0.862678412544543,0.781462580244387,0.714133650797747,0.683571544343394,0.673936109555621,0.590432511896957,0.329816678218605,0.175962668551442
-0.0574197264342352,-0.0561282874011974,-0.0336447382659028,0.00407725684033592,0.03794099258864,0.109268549766759,0.214851073331958,0.273329252169399,0.337263196687297,0.373208880576325,0.427569051775564,0.471088257233666,0.500721786787611,0.544055581039603,0.63603884714719,0.701345436015816,0.797462216377042,0.863268638147183,0.930973768899959,0.964893075434973,0.985207583237483,1,0.983149962103695,0.945166242063335,0.895240691639772,0.828643964658777,0.767674324283215,0.735544070513395,0.714813464372875,0.625594820692358,0.348960024639659,0.187396064819353
-0.089043207745608,-0.0880152460154276,-0.064791306782709,-0.0257701765708213,0.00350901801209228,0.0726563142930366,0.17452018058708,0.231347764723488,0.293938388512596,0.330919159970228,0.387961588320529,0.433094741727591,0.465630874482482,0.510617673025944,0.602594499867529,0.669839387724098,0.768396734942774,0.837253144464407,0.906115933181626,0.938770425368716,0.963146078801209,0.983149962103695,1,0.974586747842964,0.925677353308641,0.862641049870083,0.805352108216419,0.773919098122102,0.752182957071901,0.658887832527541,0.368904828709375,0.202076165970916
-0.145278756818966,-0.156689173650725,-0.135163710745387,-0.0990683855207706,-0.0805685048202102,-0.0153033416812894,0.0797467711923594,0.141319625651567,0.207525792929811,0.241410169712632,0.299324724976172,0.34925555619669,0.381071755753383,0.428959952873023,0.530214677484736,0.602388552819094,0.708523953355662,0.781612855232917,0.853296084418257,0.893080592540885,0.920431619350338,0.945166242063335,0.974586747842964,1,0.965366795944177,0.916689888144216,0.866889613420977,0.845832739764891,0.82868320047335,0.717040400227345,0.389653226520047,0.210099342173365
-0.243864750642641,-0.270246178082456,-0.257626400450712,-0.22285167863374,-0.204930958074245,-0.147489090548906,-0.0502150665156971,0.00269799650859895,0.0697658360162926,0.103685058459447,0.161300205069778,0.21477710264056,0.245621228882193,0.290815896997407,0.398572547389473,0.485387067326905,0.604510143312318,0.690140762645539,0.780309193042252,0.825836067736065,0.862678412544543,0.895240691639772,0.925677353308641,0.965366795944177,1,0.971171248793039,0.921231458364301,0.896938734747293,0.872299302088224,0.732774357548782,0.38408036717805,0.20457508850141
-0.363669677557467,-0.388880181504145,-0.387638798577852,-0.362376524237356,-0.344239851829822,-0.287509087534012,-0.191805343469095,-0.142306141836875,-0.0718758141208016,-0.0321517847606424,0.0198573760785923,0.0711872084265759,0.0992319878412097,0.148527847261791,0.269983477942086,0.356766237734771,0.488755352165454,0.583751304990674,0.681790247249821,0.739176928498086,0.781462580244387,0.828643964658777,0.862641049870083,0.916689888144216,0.971171248793039,1,0.972980992659686,0.94326894601093,0.890891361810421,0.739346642815425,0.394651366092588,0.194580474958123
-0.448084331371422,-0.463673698259098,-0.474337023015491,-0.457259715054236,-0.439489013671354,-0.387227098642813,-0.293984293203582,-0.24124427530152,-0.175605610996562,-0.133011836584609,-0.0846432826497217,-0.0391896773786439,-0.0118808115256299,0.0380743650680301,0.163142027052515,0.244992359811681,0.385333814546688,0.487082308672689,0.595344580115308,0.667427294894755,0.714133650797747,0.767674324283215,0.805352108216419,0.866889613420977,0.921231458364301,0.972980992659686,1,0.973718263173183,0.91386318496702,0.764862778481399,0.412809340434454,0.197619670150198
-0.429355025405843,-0.452682188858504,-0.465123084896511,-0.452053829432171,-0.443659324207672,-0.396814792122823,-0.310748750357502,-0.253687716415622,-0.18637234842175,-0.150430519852684,-0.102785624093576,-0.0585694405004436,-0.0310779219321763,0.0189002697589421,0.143877160301938,0.222460233338903,0.357686138463253,0.45762223200595,0.564227123512697,0.636407531004434,0.683571544343394,0.735544070513395,0.773919098122102,0.845832739764891,0.896938734747293,0.94326894601093,0.973718263173183,1,0.957685447418382,0.806887764038292,0.450078779567503,0.212188254908836
-0.351920492544294,-0.393321826700305,-0.404241037995847,-0.392286520047219,-0.388200664210937,-0.345361031143121,-0.272002064848954,-0.205971832331214,-0.145713419607474,-0.119235424352474,-0.0725631696481405,-0.0257041716572885,0.00281865855633696,0.0489003437201458,0.161431540884271,0.238972043088457,0.362201600091913,0.454752861395666,0.557215319405986,0.63025263500474,0.673936109555621,0.714813464372875,0.752182957071901,0.82868320047335,0.872299302088224,0.890891361810421,0.91386318496702,0.957685447418382,1,0.876100607781901,0.504100480965924,0.236577733964114
-0.262296722780239,-0.291477355026466,-0.300960361794877,-0.29411655677397,-0.290453654487519,-0.254798828174175,-0.188065519440061,-0.129371973369129,-0.0858339168270351,-0.0588865956676504,-0.0253859327318478,0.0157910337361969,0.0381568989145698,0.0803163601816475,0.17530537047632,0.233622249706963,0.332546394113802,0.402102499112093,0.483834490818591,0.553919347199999,0.590432511896957,0.625594820692358,0.658887832527541,0.717040400227345,0.732774357548782,0.739346642815425,0.764862778481399,0.806887764038292,0.876100607781901,1,0.655073120716656,0.315117067891882
-0.133502737696392,-0.141697300368983,-0.13848252671894,-0.124766497636903,-0.127251097285824,-0.109824485193437,-0.0670476991209955,-0.0389598152238356,-0.0156439201087196,-0.00274126897708749,0.0138145543287188,0.0431106001908993,0.0538078944815879,0.0735450187213645,0.123428219740934,0.14497298128347,0.188787900871946,0.225516148099843,0.262765268799883,0.30541675964819,0.329816678218605,0.348960024639659,0.368904828709375,0.389653226520047,0.38408036717805,0.394651366092588,0.412809340434454,0.450078779567503,0.504100480965924,0.655073120716656,1,0.582724583647325
-0.0634824426616607,-0.0663431028360583,-0.0726430092017318,-0.0508775322250351,-0.0497123847259536,-0.031972482652182,-0.00942718446333287,0.000697716905981311,0.0185941487577301,0.0214596243533768,0.0338575717871495,0.0502389390444771,0.0585803168919533,0.0602660833503923,0.0731394770734673,0.0852845657157593,0.100732256803701,0.125612181158044,0.141876623342733,0.157815082969762,0.175962668551442,0.187396064819353,0.202076165970916,0.210099342173365,0.20457508850141,0.194580474958123,0.197619670150198,0.212188254908836,0.236577733964114,0.315117067891882,0.582724583647325,1
