1,0.572011902851602,0.497929532508908,0.454429566833884,0.426093002559134,0.401090170655143,0.38220743735659,0.370527765703065,0.364595319415396,0.34806768459571,0.343388939426484,0.331637554653644,0.323173873733267,0.307279477497922,0.30252368670048,0.293995046598287,0.29063356137454,0.283068675342626,0.283797146712218,0.286187226759724,0.280536190584601,0.275392031163393,0.269794521617931,0.26646163586466,0.254447319314709,0.258018432106855,0.255305554291469,0.242912988105423,0.224364127071508,0.19916547834164,0.172904547370005,-0.053159044363022
0.572011902851602,1,0.93233884782323,0.891545249454725,0.873545801392754,0.849311258106475,0.832802158868487,0.822405773454714,0.808689047098495,0.796039453570383,0.787735842294306,0.782551688202483,0.774238156805646,0.763351589227822,0.763661842405992,0.757530941177746,0.751639863057937,0.740077251642214,0.735782743926242,0.732674644618643,0.730184789843382,0.720877525556238,0.718859288674488,0.71175793881317,0.702080961958621,0.703616452622348,0.69142747248693,0.675392159822697,0.647387790921675,0.604527619492361,0.510566952168913,0.11910984948705
0.497929532508908,0.93233884782323,1,0.965741491809442,0.946880688089715,0.925629266653118,0.909207406369585,0.898271108865913,0.883430273732161,0.870629755440682,0.862680335033479,0.856529323927751,0.849536689774077,0.83646333813298,0.832697457393198,0.827271565419463,0.821948794338634,0.810348430850278,0.80276947486973,0.797445065070409,0.79668931452936,0.786618936704329,0.783919349209008,0.77724367311338,0.768728307947334,0.766112234903248,0.757224015802986,0.744365987953703,0.714551559757346,0.671709043747974,0.570305365043427,0.128794548458197
0.454429566833884,0.891545249454725,0.965741491809442,1,0.979483328235775,0.958416927006596,0.940523650977787,0.927817638970691,0.915991192333105,0.903860287332911,0.894474538322369,0.888227391903282,0.88320180906059,0.873145369756701,0.869369276784761,0.863107966452486,0.857976166625504,0.847461594548587,0.841547318765596,0.83535606590192,0.834817638843434,0.82520358379594,0.819680958152647,0.812495051990905,0.804887289592386,0.802112588395034,0.792926568715687,0.781552542775632,0.752701005061517,0.716364110066265,0.609398262880498,0.139763294488973
0.426093002559134,0.873545801392754,0.946880688089715,0.979483328235775,1,0.982312060530708,0.965883975246159,0.952499026019261,0.940336525335906,0.927768314931424,0.91576564869577,0.908779540445686,0.902105898777765,0.891696886512968,0.887249377616099,0.879117145426786,0.874475828131903,0.863983308448084,0.85757903604937,0.852530249911923,0.853143092315012,0.84460912378883,0.839143437292139,0.830998626446374,0.823341868118014,0.8190225014994,0.810528600647063,0.799688399622836,0.771218569346148,0.733767416717359,0.622922981701724,0.145925226633259
0.401090170655143,0.849311258106475,0.925629266653118,0.958416927006596,0.982312060530708,1,0.987108168125923,0.974012120426695,0.962205501925487,0.949094826173695,0.937613130262252,0.929532279661949,0.921360031285139,0.909434368478753,0.904050637555794,0.895984517400973,0.891040940121462,0.881404993558084,0.874831337674541,0.871374337287843,0.872733399912655,0.863640830885549,0.859078980670389,0.851216418613602,0.844844488430691,0.840431310356593,0.830937579804812,0.820278001621119,0.793721831615857,0.756032057573832,0.649192194432256,0.159487497155787
0.38220743735659,0.832802158868487,0.909207406369585,0.940523650977787,0.965883975246159,0.987108168125923,1,0.9880858290578,0.974555871891873,0.960393474927761,0.950071009705961,0.940358865720893,0.930190027990026,0.917016185757586,0.911034237656542,0.903803091350875,0.898371956353711,0.888868169611117,0.88193381144933,0.878937832817332,0.88202700880592,0.873106708804969,0.869362633592343,0.862109672586539,0.855473402741249,0.852780531489366,0.84433371661895,0.833673583030696,0.80626882573006,0.768130890480925,0.659055103384654,0.16754176313999
0.370527765703065,0.822405773454714,0.898271108865913,0.927817638970691,0.952499026019261,0.974012120426695,0.9880858290578,1,0.989384102329556,0.975680903036124,0.964494537450994,0.95248301471576,0.941300629714979,0.928794586044371,0.921822157008415,0.914582169260995,0.909192517479371,0.900155850812395,0.893434830327849,0.890956751016021,0.893771397582979,0.885865744196507,0.881690340187313,0.874377040549377,0.868145040572027,0.864880081860597,0.854996625368603,0.844390451448123,0.817203981439232,0.779207857109692,0.671990801073468,0.171769510005812
0.364595319415396,0.808689047098495,0.883430273732161,0.915991192333105,0.940336525335906,0.962205501925487,0.974555871891873,0.989384102329556,1,0.989434775363969,0.977883300478193,0.964810701332702,0.952747170003409,0.939626424109138,0.931729435517756,0.923266707585359,0.917066364991144,0.908784267112196,0.902059600210287,0.899062710105692,0.90068195432063,0.892710995574093,0.88791078589206,0.880783829750459,0.875760369386144,0.872535356946775,0.862859044000464,0.851960626306784,0.825317504707479,0.78718799267802,0.680617791320015,0.184522986847857
0.34806768459571,0.796039453570383,0.870629755440682,0.903860287332911,0.927768314931424,0.949094826173695,0.960393474927761,0.975680903036124,0.989434775363969,1,0.991506785620216,0.979269888044193,0.966385752822019,0.953547538033366,0.945142401957135,0.936215801978087,0.929113968318233,0.920568860377683,0.91359025503069,0.910215049890228,0.911142064451442,0.904499553677021,0.899973417613368,0.892552958577967,0.888251516215628,0.88421679378348,0.875723147258926,0.865781388856081,0.839838318199101,0.799238571656702,0.692281664900587,0.197807125527454
0.343388939426484,0.787735842294306,0.862680335033479,0.894474538322369,0.91576564869577,0.937613130262252,0.950071009705961,0.964494537450994,0.977883300478193,0.991506785620216,1,0.990895503728505,0.978789549670927,0.965280393620615,0.955119319198092,0.944716753955714,0.936852691922204,0.927071710176074,0.92072724911548,0.917399520245769,0.919176975494545,0.912157021427604,0.907850603399594,0.900505211024012,0.896219334534913,0.891987464554607,0.884439830253647,0.874069025176385,0.848483827520139,0.807763424907191,0.701458747894685,0.20474375093574
0.331637554653644,0.782551688202483,0.856529323927751,0.888227391903282,0.908779540445686,0.929532279661949,0.940358865720893,0.95248301471576,0.964810701332702,0.979269888044193,0.990895503728505,1,0.991709342929682,0.979355733524913,0.968636711709124,0.958635122682391,0.94932194130264,0.93827718127954,0.931756263211347,0.927340209884852,0.927950138860271,0.921720791348252,0.917423270827211,0.91067536833546,0.906221227671794,0.901171012548855,0.893550475939159,0.882586053887164,0.856535898424482,0.816169734296751,0.712782712887522,0.211118936693847
0.323173873733267,0.774238156805646,0.849536689774077,0.88320180906059,0.902105898777765,0.921360031285139,0.930190027990026,0.941300629714979,0.952747170003409,0.966385752822019,0.978789549670927,0.991709342929682,1,0.991313301432973,0.980028140038334,0.969202277354652,0.95978925632736,0.949577779088963,0.943224476152135,0.938795620220644,0.937923352385718,0.931748525907537,0.927644020935976,0.921284487305486,0.916325029526175,0.911142217523728,0.901994258836502,0.890574452855261,0.865884520663105,0.827617147391231,0.727633786076301,0.212991909998074
0.307279477497922,0.763351589227822,0.83646333813298,0.873145369756701,0.891696886512968,0.909434368478753,0.917016185757586,0.928794586044371,0.939626424109138,0.953547538033366,0.965280393620615,0.979355733524913,0.991313301432973,1,0.99158735278727,0.981810593790095,0.972614887516816,0.96276600009987,0.956594559986577,0.951547305586484,0.948595871398109,0.942739833110663,0.9383927956273,0.933126706894014,0.929156776089722,0.923349832055835,0.914168882895467,0.90415168644255,0.881390760221123,0.845348737261326,0.7442755445323,0.22401479854461
0.30252368670048,0.763661842405992,0.832697457393198,0.869369276784761,0.887249377616099,0.904050637555794,0.911034237656542,0.921822157008415,0.931729435517756,0.945142401957135,0.955119319198092,0.968636711709124,0.980028140038334,0.99158735278727,1,0.993268011517603,0.983901565535937,0.973510265230629,0.966522960190869,0.961041066616462,0.956767211249376,0.952067688777373,0.946938542920544,0.941754032416237,0.937490975946008,0.931972680423337,0.922757988450302,0.911792231503744,0.890511421953581,0.855518645119322,0.753891438463368,0.234634944641754
0.293995046598287,0.757530941177746,0.827271565419463,0.863107966452486,0.879117145426786,0.895984517400973,0.903803091350875,0.914582169260995,0.923266707585359,0.936215801978087,0.944716753955714,0.958635122682391,0.969202277354652,0.981810593790095,0.993268011517603,1,0.993334879052095,0.984083648032758,0.976208504156913,0.971123494246814,0.966245584784181,0.96116698735353,0.955511789860757,0.950307945761306,0.945483586421996,0.939635363148563,0.930966056268609,0.919712410428514,0.896762050019738,0.863276074309845,0.761276823760619,0.242188971915219
0.29063356137454,0.751639863057937,0.821948794338634,0.857976166625504,0.874475828131903,0.891040940121462,0.898371956353711,0.909192517479371,0.917066364991144,0.929113968318233,0.936852691922204,0.94932194130264,0.95978925632736,0.972614887516816,0.983901565535937,0.993334879052095,1,0.993719671843499,0.986488708786003,0.98094224152219,0.975478518803077,0.969285378842519,0.963045132529494,0.957100015496643,0.951849994536079,0.945386036631061,0.937054055227522,0.925689494092679,0.902251948195677,0.868368625918982,0.766268537334894,0.247349229816471
0.283068675342626,0.740077251642214,0.810348430850278,0.847461594548587,0.863983308448084,0.881404993558084,0.888868169611117,0.900155850812395,0.908784267112196,0.920568860377683,0.927071710176074,0.93827718127954,0.949577779088963,0.96276600009987,0.973510265230629,0.984083648032758,0.993719671843499,1,0.993933306194183,0.987838496380099,0.981872869936207,0.975438157896305,0.968863882767271,0.962630538795267,0.95728902453835,0.950819742545278,0.942012066626689,0.930258892161183,0.907453285804526,0.875106009055654,0.774589266534388,0.250265646124358
0.283797146712218,0.735782743926242,0.80276947486973,0.841547318765596,0.85757903604937,0.874831337674541,0.88193381144933,0.893434830327849,0.902059600210287,0.91359025503069,0.92072724911548,0.931756263211347,0.943224476152135,0.956594559986577,0.966522960190869,0.976208504156913,0.986488708786003,0.993933306194183,1,0.994746675570217,0.988161170070727,0.981836600314636,0.975634833910699,0.969573416541191,0.963997734302833,0.957181583372901,0.949050900251829,0.936740066891671,0.91445474503575,0.882820099930555,0.783744994087136,0.246378477491386
0.286187226759724,0.732674644618643,0.797445065070409,0.83535606590192,0.852530249911923,0.871374337287843,0.878937832817332,0.890956751016021,0.899062710105692,0.910215049890228,0.917399520245769,0.927340209884852,0.938795620220644,0.951547305586484,0.961041066616462,0.971123494246814,0.98094224152219,0.987838496380099,0.994746675570217,1,0.994156061492389,0.988333154882199,0.981950790792874,0.975987763124176,0.968975475321001,0.962081907725185,0.954355817408878,0.942397109980044,0.921227873812904,0.889816016758557,0.790477168328249,0.253081181752161
0.280536190584601,0.730184789843382,0.79668931452936,0.834817638843434,0.853143092315012,0.872733399912655,0.88202700880592,0.893771397582979,0.90068195432063,0.911142064451442,0.919176975494545,0.927950138860271,0.937923352385718,0.948595871398109,0.956767211249376,0.966245584784181,0.975478518803077,0.981872869936207,0.988161170070727,0.994156061492389,1,0.994219990125581,0.988147708383221,0.981657027690277,0.974077186745128,0.967181691612524,0.95967207275744,0.947199182751076,0.9248477217069,0.89407743262638,0.79380233080471,0.244017623407528
0.275392031163393,0.720877525556238,0.786618936704329,0.82520358379594,0.84460912378883,0.863640830885549,0.873106708804969,0.885865744196507,0.892710995574093,0.904499553677021,0.912157021427604,0.921720791348252,0.931748525907537,0.942739833110663,0.952067688777373,0.96116698735353,0.969285378842519,0.975438157896305,0.981836600314636,0.988333154882199,0.994219990125581,1,0.994118987261937,0.986938727467474,0.978924805043075,0.970879571918843,0.963490592877589,0.951227018977946,0.93143495043485,0.90237294128428,0.804258097275859,0.253839686867012
0.269794521617931,0.718859288674488,0.783919349209008,0.819680958152647,0.839143437292139,0.859078980670389,0.869362633592343,0.881690340187313,0.88791078589206,0.899973417613368,0.907850603399594,0.917423270827211,0.927644020935976,0.9383927956273,0.946938542920544,0.955511789860757,0.963045132529494,0.968863882767271,0.975634833910699,0.981950790792874,0.988147708383221,0.994118987261937,1,0.99299595478767,0.984846460432481,0.976215179678539,0.968701090482711,0.956176431085382,0.937105175076922,0.906689453802958,0.807253563677373,0.258174602187461
0.26646163586466,0.71175793881317,0.77724367311338,0.812495051990905,0.830998626446374,0.851216418613602,0.862109672586539,0.874377040549377,0.880783829750459,0.892552958577967,0.900505211024012,0.91067536833546,0.921284487305486,0.933126706894014,0.941754032416237,0.950307945761306,0.957100015496643,0.962630538795267,0.969573416541191,0.975987763124176,0.981657027690277,0.986938727467474,0.99299595478767,1,0.992526483458268,0.983028673383947,0.974436244575725,0.96065879212884,0.940585962062836,0.909475201274601,0.810987719801528,0.251170235187764
0.254447319314709,0.702080961958621,0.768728307947334,0.804887289592386,0.823341868118014,0.844844488430691,0.855473402741249,0.868145040572027,0.875760369386144,0.888251516215628,0.896219334534913,0.906221227671794,0.916325029526175,0.929156776089722,0.937490975946008,0.945483586421996,0.951849994536079,0.95728902453835,0.963997734302833,0.968975475321001,0.974077186745128,0.978924805043075,0.984846460432481,0.992526483458268,1,0.991143636659596,0.981672607247686,0.968063149997318,0.947977944802721,0.91577547098461,0.817946571339195,0.260180696227848
0.258018432106855,0.703616452622348,0.766112234903248,0.802112588395034,0.8190225014994,0.840431310356593,0.852780531489366,0.864880081860597,0.872535356946775,0.88421679378348,0.891987464554607,0.901171012548855,0.911142217523728,0.923349832055835,0.931972680423337,0.939635363148563,0.945386036631061,0.950819742545278,0.957181583372901,0.962081907725185,0.967181691612524,0.970879571918843,0.976215179678539,0.983028673383947,0.991143636659596,1,0.990898263550946,0.975423278559551,0.955773895617171,0.923853903786965,0.830115124674835,0.272570366856643
0.255305554291469,0.69142747248693,0.757224015802986,0.792926568715687,0.810528600647063,0.830937579804812,0.84433371661895,0.854996625368603,0.862859044000464,0.875723147258926,0.884439830253647,0.893550475939159,0.901994258836502,0.914168882895467,0.922757988450302,0.930966056268609,0.937054055227522,0.942012066626689,0.949050900251829,0.954355817408878,0.95967207275744,0.963490592877589,0.968701090482711,0.974436244575725,0.981672607247686,0.990898263550946,1,0.986660566767334,0.966017215704982,0.934396154830105,0.840530648440457,0.286246922179535
0.242912988105423,0.675392159822697,0.744365987953703,0.781552542775632,0.799688399622836,0.820278001621119,0.833673583030696,0.844390451448123,0.851960626306784,0.865781388856081,0.874069025176385,0.882586053887164,0.890574452855261,0.90415168644255,0.911792231503744,0.919712410428514,0.925689494092679,0.930258892161183,0.936740066891671,0.942397109980044,0.947199182751076,0.951227018977946,0.956176431085382,0.96065879212884,0.968063149997318,0.975423278559551,0.986660566767334,1,0.982407228589115,0.949120394363002,0.851179424426801,0.289207927762838
0.224364127071508,0.647387790921675,0.714551559757346,0.752701005061517,0.771218569346148,0.793721831615857,0.80626882573006,0.817203981439232,0.825317504707479,0.839838318199101,0.848483827520139,0.856535898424482,0.865884520663105,0.881390760221123,0.890511421953581,0.896762050019738,0.902251948195677,0.907453285804526,0.91445474503575,0.921227873812904,0.9248477217069,0.93143495043485,0.937105175076922,0.940585962062836,0.947977944802721,0.955773895617171,0.966017215704982,0.982407228589115,1,0.971109331042922,0.87801482501682,0.306002084534056
0.19916547834164,0.604527619492361,0.671709043747974,0.716364110066265,0.733767416717359,0.756032057573832,0.768130890480925,0.779207857109692,0.78718799267802,0.799238571656702,0.807763424907191,0.816169734296751,0.827617147391231,0.845348737261326,0.855518645119322,0.863276074309845,0.868368625918982,0.875106009055654,0.882820099930555,0.889816016758557,0.89407743262638,0.90237294128428,0.906689453802958,0.909475201274601,0.91577547098461,0.923853903786965,0.934396154830105,0.949120394363002,0.971109331042922,1,0.911165783718735,0.307930315903764
0.172904547370005,0.510566952168913,0.570305365043427,0.609398262880498,0.622922981701724,0.649192194432256,0.659055103384654,0.671990801073468,0.680617791320015,0.692281664900587,0.701458747894685,0.712782712887522,0.727633786076301,0.7442755445323,0.753891438463368,0.761276823760619,0.766268537334894,0.774589266534388,0.783744994087136,0.790477168328249,0.79380233080471,0.804258097275859,0.807253563677373,0.810987719801528,0.817946571339195,0.830115124674835,0.840530648440457,0.851179424426801,0.87801482501682,0.911165783718735,1,0.330902300681161
-0.053159044363022,0.11910984948705,0.128794548458197,0.139763294488973,0.145925226633259,0.159487497155787,0.16754176313999,0.171769510005812,0.184522986847857,0.197807125527454,0.20474375093574,0.211118936693847,0.212991909998074,0.22401479854461,0.234634944641754,0.242188971915219,0.247349229816471,0.250265646124358,0.246378477491386,0.253081181752161,0.244017623407528,0.253839686867012,0.258174602187461,0.251170235187764,0.260180696227848,0.272570366856643,0.286246922179535,0.289207927762838,0.306002084534056,0.307930315903764,0.330902300681161,1
