1,0.885173468708043,0.841830038019676,0.816304823307886,0.788123241083863,0.770428789921979,0.75496160073755,0.732382582509758,0.711821197395037,0.694689566157408,0.678506070198837,0.658973998268513,0.6440531913285,0.631905835052728,0.614036769523435,0.594765837912413,0.580403576482242,0.558872155224783,0.542689486668908,0.524576112411188,0.50801501899463,0.488716004270127,0.474224200999105,0.45860268207689,0.436786033816245,0.410146672442125,0.391649256968809,0.357171937498445,0.315372816533917,0.269432163901538,0.187139708168426,-0.0324701295522941
0.885173468708043,1,0.972579197182232,0.958446790816661,0.938828108501453,0.925011079393939,0.914917039034196,0.897582004510834,0.881855360502057,0.868058239949351,0.857507430308576,0.842885073068517,0.830228808247252,0.819271210622513,0.805092064013188,0.787327303817343,0.774776048076769,0.754515766976975,0.7409121734135,0.724131378690084,0.709187002615997,0.692199673261429,0.678251295405538,0.663154713768041,0.64457760528075,0.620124241370324,0.603082326892697,0.569323096336355,0.524195549956704,0.469654722560377,0.377479031533917,0.0678677466308087
0.841830038019676,0.972579197182232,1,0.987736539115541,0.9756737740341,0.965558374032911,0.958560772936832,0.94536286876096,0.932913717469523,0.923034223952827,0.91332254504893,0.90166647898789,0.890372080593357,0.881589400761238,0.869115700981152,0.854478836811911,0.844137333387018,0.826028314582261,0.813346291546044,0.798569378023914,0.78497145933509,0.769649744233724,0.75695663996234,0.742498706069944,0.724727116910299,0.701305706676363,0.684052001036094,0.651933391699106,0.607336936891477,0.550468763409484,0.457206920621641,0.114969410430635
0.816304823307886,0.958446790816661,0.987736539115541,1,0.990308988842772,0.981906954416839,0.975576090760937,0.964529144166552,0.953989450622533,0.94517921235702,0.936852126395382,0.925476541634583,0.915273539963461,0.907274375403426,0.896096852720255,0.882352755544589,0.87334514334624,0.856690089104579,0.844265539218227,0.829803560366625,0.816195529757341,0.801827867425421,0.790349633752977,0.777192069731904,0.760731783544782,0.739560461436055,0.722904779169939,0.692624666178033,0.648315948983207,0.593161773995109,0.500767343401674,0.14363050334842
0.788123241083863,0.938828108501453,0.9756737740341,0.990308988842772,1,0.993587734270904,0.98734026219769,0.979075453484926,0.970713428239303,0.963996414389395,0.955971463605908,0.945259467716003,0.93604405852953,0.928546996311852,0.918618176160857,0.906275645984517,0.89796458988549,0.882963162658993,0.87092314669579,0.858490889212087,0.846387051812951,0.833255497966342,0.822962604993229,0.810326835497705,0.794667082912243,0.774743718874743,0.758176653988566,0.730163833538708,0.687980442395551,0.632739762803048,0.539940691229166,0.166795381521957
0.770428789921979,0.925011079393939,0.965558374032911,0.981906954416839,0.993587734270904,1,0.995421056746167,0.989296323461009,0.982572383237918,0.976236470291112,0.969628124047786,0.960242924222981,0.951701151647469,0.944825272499681,0.935504833813999,0.923989025634885,0.915277062698423,0.901218895380791,0.889894207109471,0.877979522249798,0.866759126383492,0.85483027161498,0.845359982998351,0.833955180771026,0.819297823466871,0.800352724578805,0.783425838344335,0.756033792488987,0.714814839800823,0.660438178565295,0.56411533189687,0.181543433705464
0.75496160073755,0.914917039034196,0.958560772936832,0.975576090760937,0.98734026219769,0.995421056746167,1,0.995728032414647,0.989884054928371,0.984607766039897,0.978878973257074,0.970939989079165,0.962714848012467,0.956113781965285,0.947317097073524,0.936392370082612,0.927944303365407,0.915213693580053,0.904424231409873,0.893079828359317,0.882241200170922,0.870887431549799,0.861933273056131,0.851054123009925,0.83692809451693,0.818903202585256,0.80238048084298,0.775860671445952,0.735750502006648,0.682286817570082,0.586057586035624,0.199134786382979
0.732382582509758,0.897582004510834,0.94536286876096,0.964529144166552,0.979075453484926,0.989296323461009,0.995728032414647,1,0.996040043255815,0.991916638102099,0.986663899747419,0.979239089579762,0.971776968375035,0.965699295991767,0.957743254036285,0.947666166123713,0.939955386839798,0.928426892908085,0.917863534100954,0.907292903218961,0.897236792238545,0.886746267992626,0.878291359397829,0.867746581833077,0.854681399406838,0.837430165727562,0.8217532267775,0.796190036323058,0.756313136384237,0.703234820664514,0.607126020174404,0.219916622343434
0.711821197395037,0.881855360502057,0.932913717469523,0.953989450622533,0.970713428239303,0.982572383237918,0.989884054928371,0.996040043255815,1,0.997213818807035,0.993333548727532,0.987051841038095,0.980587000886234,0.975056312602656,0.967719836050575,0.958796243782773,0.951616891595497,0.940891687109407,0.931421655750596,0.922102173875675,0.913419384932815,0.903858132381238,0.896225196738732,0.886478197040858,0.874497440367592,0.85788109143715,0.842328550375404,0.818113800449383,0.779237527426919,0.728468733967384,0.633172228377539,0.248731273390562
0.694689566157408,0.868058239949351,0.923034223952827,0.94517921235702,0.963996414389395,0.976236470291112,0.984607766039897,0.991916638102099,0.997213818807035,1,0.997068428237878,0.992135061257344,0.986422811852666,0.981402019199814,0.974654642890965,0.966389024375591,0.959866458006447,0.949885045161986,0.940797584461912,0.932132263607463,0.924127383703891,0.915328969359642,0.90812867361136,0.898874690030945,0.887303300784683,0.871678246377003,0.856856675438951,0.833803354895061,0.797064166534945,0.747913600903031,0.655388846660458,0.265093600833802
0.678506070198837,0.857507430308576,0.91332254504893,0.936852126395382,0.955971463605908,0.969628124047786,0.978878973257074,0.986663899747419,0.993333548727532,0.997068428237878,1,0.996919689982669,0.992373094295459,0.98814551418452,0.98240209228265,0.974909069925425,0.968725776013302,0.959042430960827,0.950429852310912,0.941723168386134,0.934233230081372,0.926155309430298,0.919530273617966,0.911211274604386,0.900044059786639,0.885553537932899,0.871430304378062,0.849171949538277,0.813120200986897,0.765122292362059,0.673924865574968,0.281238566202038
0.658973998268513,0.842885073068517,0.90166647898789,0.925476541634583,0.945259467716003,0.960242924222981,0.970939989079165,0.979239089579762,0.987051841038095,0.992135061257344,0.996919689982669,1,0.997239373589755,0.993922577086325,0.98918958574199,0.982840060866471,0.977135124922038,0.968229904392613,0.959994702105153,0.95183331621497,0.945015312528325,0.937584466526358,0.931842879726689,0.92382396142623,0.913348684655742,0.900360567443831,0.88745918386155,0.866838952569316,0.832895639865408,0.787303745309156,0.697900498207419,0.300935809149488
0.6440531913285,0.830228808247252,0.890372080593357,0.915273539963461,0.93604405852953,0.951701151647469,0.962714848012467,0.971776968375035,0.980587000886234,0.986422811852666,0.992373094295459,0.997239373589755,1,0.997585668949954,0.993697206689131,0.988358227111485,0.983236725320846,0.97498589232233,0.967438265926361,0.959736911474423,0.953127876079776,0.946138002383685,0.940966145680239,0.933652600798711,0.924043786430468,0.911763018982385,0.899527925321266,0.879691440983603,0.847329933170646,0.803692615491333,0.715483392003239,0.316415701495522
0.631905835052728,0.819271210622513,0.881589400761238,0.907274375403426,0.928546996311852,0.944825272499681,0.956113781965285,0.965699295991767,0.975056312602656,0.981402019199814,0.98814551418452,0.993922577086325,0.997585668949954,1,0.997558735443432,0.993336000610165,0.988724563793621,0.981393052743822,0.974338454848116,0.966922227603982,0.960744324689349,0.954337902949825,0.949274383968708,0.942628912083421,0.93330755589891,0.92172077633801,0.910180604217667,0.890978852584847,0.859960862920826,0.816939126999199,0.730546577837028,0.330816956459567
0.614036769523435,0.805092064013188,0.869115700981152,0.896096852720255,0.918618176160857,0.935504833813999,0.947317097073524,0.957743254036285,0.967719836050575,0.974654642890965,0.98240209228265,0.98918958574199,0.993697206689131,0.997558735443432,1,0.99711102340954,0.993516867936705,0.987298410114937,0.981100407186324,0.974237192395526,0.968427260058257,0.962506526683333,0.957470549262612,0.950998728855847,0.942105794826313,0.931760242138929,0.921295296264038,0.903137618628504,0.872752515420853,0.830579413579126,0.747137517176598,0.345607915916639
0.594765837912413,0.787327303817343,0.854478836811911,0.882352755544589,0.906275645984517,0.923989025634885,0.936392370082612,0.947666166123713,0.958796243782773,0.966389024375591,0.974909069925425,0.982840060866471,0.988358227111485,0.993336000610165,0.99711102340954,1,0.997624270180171,0.992918770610391,0.987976870673587,0.982290042176557,0.97728582458183,0.972146174925523,0.967319441028052,0.961309467585353,0.953632714668504,0.944752846921969,0.935078288815971,0.918382167287255,0.890340761565988,0.84995004560472,0.768632273623974,0.362065339506056
0.580403576482242,0.774776048076769,0.844137333387018,0.87334514334624,0.89796458988549,0.915277062698423,0.927944303365407,0.939955386839798,0.951616891595497,0.959866458006447,0.968725776013302,0.977135124922038,0.983236725320846,0.988724563793621,0.993516867936705,0.997624270180171,1,0.997115669706591,0.993099237326535,0.988101346034515,0.983431001818813,0.978546491369136,0.973735121038828,0.967909568157349,0.96062242276838,0.951992722427283,0.942274995563904,0.926034965468711,0.899064373745829,0.860801630694092,0.781764622671943,0.372618648704948
0.558872155224783,0.754515766976975,0.826028314582261,0.856690089104579,0.882963162658993,0.901218895380791,0.915213693580053,0.928426892908085,0.940891687109407,0.949885045161986,0.959042430960827,0.968229904392613,0.97498589232233,0.981393052743822,0.987298410114937,0.992918770610391,0.997115669706591,1,0.997340290410269,0.993732117167332,0.989689809749378,0.985170651014206,0.980679129047715,0.975443073336269,0.969096836693764,0.961685810600172,0.952781092483676,0.937907138033998,0.912723348584319,0.87592077257487,0.79817440505972,0.386431000799259
0.542689486668908,0.7409121734135,0.813346291546044,0.844265539218227,0.87092314669579,0.889894207109471,0.904424231409873,0.917863534100954,0.931421655750596,0.940797584461912,0.950429852310912,0.959994702105153,0.967438265926361,0.974338454848116,0.981100407186324,0.987976870673587,0.993099237326535,0.997340290410269,1,0.997277949918183,0.993785360560546,0.989825302151898,0.985629869148685,0.980906696940562,0.975158163448745,0.968033949794105,0.959722181016247,0.945769617207267,0.92083381643275,0.88540555726443,0.810188681098428,0.399783100048336
0.524576112411188,0.724131378690084,0.798569378023914,0.829803560366625,0.858490889212087,0.877979522249798,0.893079828359317,0.907292903218961,0.922102173875675,0.932132263607463,0.941723168386134,0.95183331621497,0.959736911474423,0.966922227603982,0.974237192395526,0.982290042176557,0.988101346034515,0.993732117167332,0.997277949918183,1,0.997565056870439,0.993903059141037,0.990273571522015,0.985958637071438,0.980806571080453,0.974121340099766,0.96615668987846,0.953126171779924,0.929840043814703,0.895445867154069,0.820704641497904,0.4095376995656
0.50801501899463,0.709187002615997,0.78497145933509,0.816195529757341,0.846387051812951,0.866759126383492,0.882241200170922,0.897236792238545,0.913419384932815,0.924127383703891,0.934233230081372,0.945015312528325,0.953127876079776,0.960744324689349,0.968427260058257,0.97728582458183,0.983431001818813,0.989689809749378,0.993785360560546,0.997565056870439,1,0.997417209253756,0.994263662706099,0.990338186481134,0.985807081969941,0.979754809514537,0.972126655522749,0.960178447319871,0.938052899045787,0.904409572877233,0.830375411166822,0.421703184606712
0.488716004270127,0.692199673261429,0.769649744233724,0.801827867425421,0.833255497966342,0.85483027161498,0.870887431549799,0.886746267992626,0.903858132381238,0.915328969359642,0.926155309430298,0.937584466526358,0.946138002383685,0.954337902949825,0.962506526683333,0.972146174925523,0.978546491369136,0.985170651014206,0.989825302151898,0.993903059141037,0.997417209253756,1,0.997615608679558,0.994363900315223,0.990172644864556,0.984776065396805,0.977435777397323,0.96630282747413,0.945307586457152,0.912879051465688,0.84078364855338,0.434672179390602
0.474224200999105,0.678251295405538,0.75695663996234,0.790349633752977,0.822962604993229,0.845359982998351,0.861933273056131,0.878291359397829,0.896225196738732,0.90812867361136,0.919530273617966,0.931842879726689,0.940966145680239,0.949274383968708,0.957470549262612,0.967319441028052,0.973735121038828,0.980679129047715,0.985629869148685,0.990273571522015,0.994263662706099,0.997615608679558,1,0.997437961548692,0.994003597312003,0.989427776857713,0.982643670062246,0.972813335199121,0.952987487539016,0.92219754353637,0.850568848603164,0.446975601132048
0.45860268207689,0.663154713768041,0.742498706069944,0.777192069731904,0.810326835497705,0.833955180771026,0.851054123009925,0.867746581833077,0.886478197040858,0.898874690030945,0.911211274604386,0.92382396142623,0.933652600798711,0.942628912083421,0.950998728855847,0.961309467585353,0.967909568157349,0.975443073336269,0.980906696940562,0.985958637071438,0.990338186481134,0.994363900315223,0.997437961548692,1,0.997151952131751,0.992893842555452,0.986365128119142,0.976985605203822,0.958706509061933,0.930087439383995,0.860917982398193,0.463368480583421
0.436786033816245,0.64457760528075,0.724727116910299,0.760731783544782,0.794667082912243,0.819297823466871,0.83692809451693,0.854681399406838,0.874497440367592,0.887303300784683,0.900044059786639,0.913348684655742,0.924043786430468,0.93330755589891,0.942105794826313,0.953632714668504,0.96062242276838,0.969096836693764,0.975158163448745,0.980806571080453,0.985807081969941,0.990172644864556,0.994003597312003,0.997151952131751,1,0.996185889500319,0.990009588974543,0.981291251753266,0.96407222769431,0.937241554830749,0.868705267880832,0.470843080478742
0.410146672442125,0.620124241370324,0.701305706676363,0.739560461436055,0.774743718874743,0.800352724578805,0.818903202585256,0.837430165727562,0.85788109143715,0.871678246377003,0.885553537932899,0.900360567443831,0.911763018982385,0.92172077633801,0.931760242138929,0.944752846921969,0.951992722427283,0.961685810600172,0.968033949794105,0.974121340099766,0.979754809514537,0.984776065396805,0.989427776857713,0.992893842555452,0.996185889500319,1,0.995955781308658,0.989089217806888,0.974521864762067,0.948980861324849,0.885388061453355,0.487356065964957
0.391649256968809,0.603082326892697,0.684052001036094,0.722904779169939,0.758176653988566,0.783425838344335,0.80238048084298,0.8217532267775,0.842328550375404,0.856856675438951,0.871430304378062,0.88745918386155,0.899527925321266,0.910180604217667,0.921295296264038,0.935078288815971,0.942274995563904,0.952781092483676,0.959722181016247,0.96615668987846,0.972126655522749,0.977435777397323,0.982643670062246,0.986365128119142,0.990009588974543,0.995955781308658,1,0.995065962850683,0.982337716470467,0.957653870284397,0.899248519950384,0.504308504418926
0.357171937498445,0.569323096336355,0.651933391699106,0.692624666178033,0.730163833538708,0.756033792488987,0.775860671445952,0.796190036323058,0.818113800449383,0.833803354895061,0.849171949538277,0.866838952569316,0.879691440983603,0.890978852584847,0.903137618628504,0.918382167287255,0.926034965468711,0.937907138033998,0.945769617207267,0.953126171779924,0.960178447319871,0.96630282747413,0.972813335199121,0.976985605203822,0.981291251753266,0.989089217806888,0.995065962850683,1,0.990633355156372,0.968074189119785,0.913697655849623,0.525564082073386
0.315372816533917,0.524195549956704,0.607336936891477,0.648315948983207,0.687980442395551,0.714814839800823,0.735750502006648,0.756313136384237,0.779237527426919,0.797064166534945,0.813120200986897,0.832895639865408,0.847329933170646,0.859960862920826,0.872752515420853,0.890340761565988,0.899064373745829,0.912723348584319,0.92083381643275,0.929840043814703,0.938052899045787,0.945307586457152,0.952987487539016,0.958706509061933,0.96407222769431,0.974521864762067,0.982337716470467,0.990633355156372,1,0.985264000150488,0.941391191550241,0.555298655101201
0.269432163901538,0.469654722560377,0.550468763409484,0.593161773995109,0.632739762803048,0.660438178565295,0.682286817570082,0.703234820664514,0.728468733967384,0.747913600903031,0.765122292362059,0.787303745309156,0.803692615491333,0.816939126999199,0.830579413579126,0.84995004560472,0.860801630694092,0.87592077257487,0.88540555726443,0.895445867154069,0.904409572877233,0.912879051465688,0.92219754353637,0.930087439383995,0.937241554830749,0.948980861324849,0.957653870284397,0.968074189119785,0.985264000150488,1,0.967068753793782,0.61507762872515
0.187139708168426,0.377479031533917,0.457206920621641,0.500767343401674,0.539940691229166,0.56411533189687,0.586057586035624,0.607126020174404,0.633172228377539,0.655388846660458,0.673924865574968,0.697900498207419,0.715483392003239,0.730546577837028,0.747137517176598,0.768632273623974,0.781764622671943,0.79817440505972,0.810188681098428,0.820704641497904,0.830375411166822,0.84078364855338,0.850568848603164,0.860917982398193,0.868705267880832,0.885388061453355,0.899248519950384,0.913697655849623,0.941391191550241,0.967068753793782,1,0.684735547052368
-0.0324701295522941,0.0678677466308087,0.114969410430635,0.14363050334842,0.166795381521957,0.181543433705464,0.199134786382979,0.219916622343434,0.248731273390562,0.265093600833802,0.281238566202038,0.300935809149488,0.316415701495522,0.330816956459567,0.345607915916639,0.362065339506056,0.372618648704948,0.386431000799259,0.399783100048336,0.4095376995656,0.421703184606712,0.434672179390602,0.446975601132048,0.463368480583421,0.470843080478742,0.487356065964957,0.504308504418926,0.525564082073386,0.555298655101201,0.61507762872515,0.684735547052368,1
