1,0.855672523305518,0.823997336879877,0.806443578264243,0.789797071340764,0.776272462713818,0.762405871380719,0.746962194223078,0.733920628123058,0.720770132530848,0.707153614738691,0.692883361229454,0.681892281254162,0.667326353623539,0.657104813388338,0.646070730192692,0.634554339077477,0.626406296478433,0.615177892440181,0.602343252466635,0.592542726964698,0.576766705101001,0.564742821685088,0.54866612961651,0.531245660308796,0.512051188068506,0.49661385276133,0.478287312712056,0.450671708651963,0.40664831636431,0.307601634606411,-0.0216336475242848
0.855672523305518,1,0.980222030139766,0.969817833663934,0.95977717558588,0.95095269514,0.941654345595161,0.932787744422277,0.923454166926702,0.914930411148401,0.906403389699707,0.896655422655601,0.888335563624861,0.878156748255245,0.870045248834341,0.860789245345255,0.852354169782685,0.844389936310884,0.835605404928766,0.827054815802408,0.818322039120863,0.804736689381089,0.793712520237242,0.780170944387609,0.764301567951188,0.746248873678558,0.733758890080382,0.714591787768581,0.686885051128399,0.642812887849848,0.535044651219818,0.185351756775118
0.823997336879877,0.980222030139766,1,0.991054129493918,0.983728004291435,0.976853638646021,0.96871652179863,0.961403071342123,0.953526910633981,0.946151003603083,0.938685476267024,0.929490539356646,0.921579010269154,0.912271766460371,0.905238840729098,0.897017672059734,0.889460989735576,0.882186471330141,0.874492766122897,0.866460366770989,0.858820756040822,0.845626060938081,0.834889945360742,0.822547247594713,0.807306680834822,0.790836527020665,0.777859042025032,0.760937724067473,0.733498377354502,0.689099023662724,0.579085559244845,0.218189476162065
0.806443578264243,0.969817833663934,0.991054129493918,1,0.993988597944776,0.987339390365845,0.980770954039213,0.974789925053993,0.968060913726462,0.961638023071461,0.954855789283325,0.94620657794642,0.938704392242667,0.930201929306361,0.92347841695527,0.915609090699068,0.908715854015305,0.901782665714848,0.894518912741331,0.886696858356948,0.879538992857455,0.867208625586485,0.857473597807144,0.84606876184253,0.831739518274798,0.81646209590458,0.804403477356545,0.788108344372231,0.761947749530975,0.717803979945979,0.607497212252677,0.239966814861396
0.789797071340764,0.95977717558588,0.983728004291435,0.993988597944776,1,0.995629828761789,0.990696732041032,0.985830187195463,0.97969666071021,0.974120137905276,0.96824539776344,0.960688004836063,0.953623050065053,0.945807817721997,0.940038936353662,0.933077306948247,0.926673922256547,0.920249244669733,0.913645623157877,0.906052051199154,0.899188911902471,0.888000805605238,0.87926192109818,0.868617083241154,0.855070745263271,0.840550458192423,0.829276292361101,0.813721855651803,0.78905655652143,0.746721672534342,0.636856684509848,0.263186442140732
0.776272462713818,0.95095269514,0.976853638646021,0.987339390365845,0.995629828761789,1,0.996349599258943,0.992185772701783,0.986751237695812,0.981830359659287,0.976469210494569,0.969976401975764,0.963201997381617,0.955741445273529,0.950476829040092,0.943627852896351,0.937500276683384,0.931400988492908,0.92533884862471,0.918285237237588,0.911921389156023,0.901734284521244,0.893882276507034,0.883993429831821,0.871197592878226,0.857702077014556,0.847082822419281,0.832224121882484,0.808954763982083,0.768251712836275,0.658886359354707,0.285331609536122
0.762405871380719,0.941654345595161,0.96871652179863,0.980770954039213,0.990696732041032,0.996349599258943,1,0.997456019131875,0.993338260865862,0.98904956618759,0.984269348830795,0.978737471431508,0.972451078405746,0.965581819843951,0.960502282797637,0.954331665448047,0.94884254716197,0.943293443068889,0.937666504061338,0.931313291937616,0.925393143567586,0.916030320863526,0.908814760059494,0.899541879053652,0.887576756859682,0.874621032091129,0.864679086230955,0.850643368937785,0.828038599619119,0.788000593834521,0.680027366894962,0.303850363336416
0.746962194223078,0.932787744422277,0.961403071342123,0.974789925053993,0.985830187195463,0.992185772701783,0.997456019131875,1,0.997401300410779,0.993672096290315,0.989492614409427,0.984576478360389,0.978871767316075,0.972599023546719,0.96772098924585,0.962008998671558,0.956984447861755,0.95172876881797,0.946281034073731,0.940405591067274,0.934973533547952,0.926406924204534,0.919454088911456,0.910949959673493,0.900072298280583,0.887588013400835,0.878312422106753,0.865360730495001,0.843835120391825,0.804088841270798,0.697248638031971,0.318984937128849
0.733920628123058,0.923454166926702,0.953526910633981,0.968060913726462,0.97969666071021,0.986751237695812,0.993338260865862,0.997401300410779,1,0.99755651510853,0.994212297501151,0.99022258045907,0.98506415237455,0.979554646606386,0.975199822696741,0.970110278048517,0.965532563562396,0.960824919109022,0.955772580825701,0.950394939990181,0.94529732681904,0.937393016952242,0.931082568136657,0.923211783700766,0.913016196407228,0.901349119014444,0.892815940060524,0.88059368338373,0.859749842195107,0.821086850382996,0.71652714401967,0.33467177332358
0.720770132530848,0.914930411148401,0.946151003603083,0.961638023071461,0.974120137905276,0.981830359659287,0.98904956618759,0.993672096290315,0.99755651510853,1,0.997916430786902,0.994923368164034,0.990717884747864,0.986025102851717,0.982212546571187,0.977895581430528,0.973742501145507,0.96926968880607,0.964291156905661,0.959206717734049,0.954304769539612,0.947271132665477,0.941106952620747,0.933722100169215,0.924320560605759,0.913320418388709,0.905292081599856,0.893804001432154,0.873682946693895,0.836157890378506,0.733370705167378,0.350414886002925
0.707153614738691,0.906403389699707,0.938685476267024,0.954855789283325,0.96824539776344,0.976469210494569,0.984269348830795,0.989492614409427,0.994212297501151,0.997916430786902,1,0.998030377651516,0.994787943517688,0.99097494094118,0.987454787908314,0.983499956624951,0.979794898239634,0.975617389152556,0.970941448946996,0.966269522525361,0.961837808777182,0.955491351982006,0.949688828496936,0.943044527687914,0.934419933963272,0.923902574030131,0.916066900644307,0.905298099459076,0.886028548953592,0.849352273837937,0.747901385948014,0.364654582822824
0.692883361229454,0.896655422655601,0.929490539356646,0.94620657794642,0.960688004836063,0.969976401975764,0.978737471431508,0.984576478360389,0.99022258045907,0.994923368164034,0.998030377651516,1,0.998068067159092,0.99514810981843,0.992290349654847,0.989056740620924,0.98554951225892,0.981680573117213,0.977470183161979,0.973091759840025,0.969015024692898,0.963295578996609,0.957949872313563,0.951847911364275,0.943693685524487,0.933713057599948,0.926347042912742,0.916246651031789,0.897729971343094,0.862910884703943,0.7660189248588,0.382929074840967
0.681892281254162,0.888335563624861,0.921579010269154,0.938704392242667,0.953623050065053,0.963201997381617,0.972451078405746,0.978871767316075,0.98506415237455,0.990717884747864,0.994787943517688,0.998068067159092,1,0.998277965726184,0.99594476442311,0.993015800757771,0.989815551901216,0.986238006547608,0.982262964047083,0.978037980620926,0.974471516674426,0.969141934595456,0.964216453122233,0.958662299858887,0.951064568873722,0.941657791918433,0.934541256206382,0.924575919607248,0.906497149698856,0.872832855790343,0.777242488600703,0.392709376192121
0.667326353623539,0.878156748255245,0.912271766460371,0.930201929306361,0.945807817721997,0.955741445273529,0.965581819843951,0.972599023546719,0.979554646606386,0.986025102851717,0.99097494094118,0.99514810981843,0.998277965726184,1,0.998447526477873,0.996203707314205,0.993464008008298,0.990249349510175,0.986754217157497,0.983052965793661,0.979840885245625,0.975288797836631,0.970750629305098,0.965564962661807,0.95844026628621,0.949649753878464,0.943330875236714,0.934012549197208,0.916629462405809,0.883754855627931,0.790069090875554,0.406698010884956
0.657104813388338,0.870045248834341,0.905238840729098,0.92347841695527,0.940038936353662,0.950476829040092,0.960502282797637,0.96772098924585,0.975199822696741,0.982212546571187,0.987454787908314,0.992290349654847,0.99594476442311,0.998447526477873,1,0.998483060749728,0.996447450815481,0.993806109970937,0.99067655564286,0.987485835522013,0.9846876051593,0.980506387570448,0.976313390216173,0.971297122327703,0.964520961890793,0.956257243152964,0.950233881071419,0.94093841386783,0.924094466924007,0.892015799194328,0.800148703041615,0.415844187582316
0.646070730192692,0.860789245345255,0.897017672059734,0.915609090699068,0.933077306948247,0.943627852896351,0.954331665448047,0.962008998671558,0.970110278048517,0.977895581430528,0.983499956624951,0.989056740620924,0.993015800757771,0.996203707314205,0.998483060749728,1,0.99864537286265,0.996401446204928,0.993701317838016,0.990817694242044,0.988273356030848,0.98440720518139,0.9804160890151,0.975624820717697,0.969123166651445,0.961234975919579,0.955265527997554,0.946270377168493,0.930038800424701,0.898702958051252,0.807886694051391,0.427773817105402
0.634554339077477,0.852354169782685,0.889460989735576,0.908715854015305,0.926673922256547,0.937500276683384,0.94884254716197,0.956984447861755,0.965532563562396,0.973742501145507,0.979794898239634,0.98554951225892,0.989815551901216,0.993464008008298,0.996447450815481,0.99864537286265,1,0.998543243992569,0.996547029287124,0.994097446695983,0.991741666542042,0.988363394673486,0.98480294729054,0.980457982123984,0.974481826692071,0.967180785893249,0.961287567693491,0.952635370957501,0.936907096086281,0.906477228473884,0.816365612909667,0.436814459431538
0.626406296478433,0.844389936310884,0.882186471330141,0.901782665714848,0.920249244669733,0.931400988492908,0.943293443068889,0.95172876881797,0.960824919109022,0.96926968880607,0.975617389152556,0.981680573117213,0.986238006547608,0.990249349510175,0.993806109970937,0.996401446204928,0.998543243992569,1,0.998605071222976,0.99656882012828,0.994445590238227,0.991232082707854,0.987950656093599,0.983671930792423,0.978040008352135,0.9713622565333,0.965686256183227,0.957220482340734,0.942050620484724,0.9118389869301,0.821631522976064,0.442929237461571
0.615177892440181,0.835605404928766,0.874492766122897,0.894518912741331,0.913645623157877,0.92533884862471,0.937666504061338,0.946281034073731,0.955772580825701,0.964291156905661,0.970941448946996,0.977470183161979,0.982262964047083,0.986754217157497,0.99067655564286,0.993701317838016,0.996547029287124,0.998605071222976,1,0.99863294455467,0.996771292839688,0.993976407312145,0.990750917166155,0.986755560329945,0.981453129225956,0.975164346593782,0.969517661546907,0.961301542028476,0.945981745844194,0.916381911858264,0.827490618047667,0.44623944146364
0.602343252466635,0.827054815802408,0.866460366770989,0.886696858356948,0.906052051199154,0.918285237237588,0.931313291937616,0.940405591067274,0.950394939990181,0.959206717734049,0.966269522525361,0.973091759840025,0.978037980620926,0.983052965793661,0.987485835522013,0.990817694242044,0.994097446695983,0.99656882012828,0.99863294455467,1,0.998633847335542,0.996366739295474,0.993375807229736,0.989632915878591,0.984741861958874,0.978860510413661,0.973317326002072,0.965360812024342,0.950565362871115,0.921546965986935,0.832864244777924,0.454283049137179
0.592542726964698,0.818322039120863,0.858820756040822,0.879538992857455,0.899188911902471,0.911921389156023,0.925393143567586,0.934973533547952,0.94529732681904,0.954304769539612,0.961837808777182,0.969015024692898,0.974471516674426,0.979840885245625,0.9846876051593,0.988273356030848,0.991741666542042,0.994445590238227,0.996771292839688,0.998633847335542,1,0.99818032577974,0.995361839799215,0.99194663601929,0.987732726489198,0.982257629519416,0.976814309958062,0.969188727092302,0.954833556462105,0.926194003914853,0.838485196543205,0.460481775005506
0.576766705101001,0.804736689381089,0.845626060938081,0.867208625586485,0.888000805605238,0.901734284521244,0.916030320863526,0.926406924204534,0.937393016952242,0.947271132665477,0.955491351982006,0.963295578996609,0.969141934595456,0.975288797836631,0.980506387570448,0.98440720518139,0.988363394673486,0.991232082707854,0.993976407312145,0.996366739295474,0.99818032577974,1,0.998233906389187,0.995603901352787,0.992039526351668,0.987357218064652,0.982724232824518,0.975888415887854,0.96250132971573,0.93601578289283,0.851229071212507,0.477815329542025
0.564742821685088,0.793712520237242,0.834889945360742,0.857473597807144,0.87926192109818,0.893882276507034,0.908814760059494,0.919454088911456,0.931082568136657,0.941106952620747,0.949688828496936,0.957949872313563,0.964216453122233,0.970750629305098,0.976313390216173,0.9804160890151,0.98480294729054,0.987950656093599,0.990750917166155,0.993375807229736,0.995361839799215,0.998233906389187,1,0.998226642103337,0.995260725386775,0.991175407776106,0.987118649044444,0.980600127539469,0.968773759165125,0.943788050846082,0.861471013697012,0.49014683565588
0.54866612961651,0.780170944387609,0.822547247594713,0.84606876184253,0.868617083241154,0.883993429831821,0.899541879053652,0.910949959673493,0.923211783700766,0.933722100169215,0.943044527687914,0.951847911364275,0.958662299858887,0.965564962661807,0.971297122327703,0.975624820717697,0.980457982123984,0.983671930792423,0.986755560329945,0.989632915878591,0.99194663601929,0.995603901352787,0.998226642103337,1,0.997958244374311,0.994824746544791,0.99132368874786,0.985370618161479,0.974531257344308,0.951651459774408,0.87123613340343,0.502766855531465
0.531245660308796,0.764301567951188,0.807306680834822,0.831739518274798,0.855070745263271,0.871197592878226,0.887576756859682,0.900072298280583,0.913016196407228,0.924320560605759,0.934419933963272,0.943693685524487,0.951064568873722,0.95844026628621,0.964520961890793,0.969123166651445,0.974481826692071,0.978040008352135,0.981453129225956,0.984741861958874,0.987732726489198,0.992039526351668,0.995260725386775,0.997958244374311,1,0.997687054927192,0.994752596207029,0.989764843986123,0.980272623869508,0.959156325536468,0.880931747615308,0.51190620174823
0.512051188068506,0.746248873678558,0.790836527020665,0.81646209590458,0.840550458192423,0.857702077014556,0.874621032091129,0.887588013400835,0.901349119014444,0.913320418388709,0.923902574030131,0.933713057599948,0.941657791918433,0.949649753878464,0.956257243152964,0.961234975919579,0.967180785893249,0.9713622565333,0.975164346593782,0.978860510413661,0.982257629519416,0.987357218064652,0.991175407776106,0.994824746544791,0.997687054927192,1,0.997669467864396,0.993382245152819,0.984926385165013,0.965568056614313,0.890947075979848,0.524256287591986
0.49661385276133,0.733758890080382,0.777859042025032,0.804403477356545,0.829276292361101,0.847082822419281,0.864679086230955,0.878312422106753,0.892815940060524,0.905292081599856,0.916066900644307,0.926347042912742,0.934541256206382,0.943330875236714,0.950233881071419,0.955265527997554,0.961287567693491,0.965686256183227,0.969517661546907,0.973317326002072,0.976814309958062,0.982724232824518,0.987118649044444,0.99132368874786,0.994752596207029,0.997669467864396,1,0.996490426989733,0.989242595078287,0.971772057922456,0.899608424344937,0.538963543722816
0.478287312712056,0.714591787768581,0.760937724067473,0.788108344372231,0.813721855651803,0.832224121882484,0.850643368937785,0.865360730495001,0.88059368338373,0.893804001432154,0.905298099459076,0.916246651031789,0.924575919607248,0.934012549197208,0.94093841386783,0.946270377168493,0.952635370957501,0.957220482340734,0.961301542028476,0.965360812024342,0.969188727092302,0.975888415887854,0.980600127539469,0.985370618161479,0.989764843986123,0.993382245152819,0.996490426989733,1,0.994531319612697,0.979529725378148,0.912525877689889,0.559890737474093
0.450671708651963,0.686885051128399,0.733498377354502,0.761947749530975,0.78905655652143,0.808954763982083,0.828038599619119,0.843835120391825,0.859749842195107,0.873682946693895,0.886028548953592,0.897729971343094,0.906497149698856,0.916629462405809,0.924094466924007,0.930038800424701,0.936907096086281,0.942050620484724,0.945981745844194,0.950565362871115,0.954833556462105,0.96250132971573,0.968773759165125,0.974531257344308,0.980272623869508,0.984926385165013,0.989242595078287,0.994531319612697,1,0.988647395083155,0.926887884759572,0.585794346634337
0.40664831636431,0.642812887849848,0.689099023662724,0.717803979945979,0.746721672534342,0.768251712836275,0.788000593834521,0.804088841270798,0.821086850382996,0.836157890378506,0.849352273837937,0.862910884703943,0.872832855790343,0.883754855627931,0.892015799194328,0.898702958051252,0.906477228473884,0.9118389869301,0.916381911858264,0.921546965986935,0.926194003914853,0.93601578289283,0.943788050846082,0.951651459774408,0.959156325536468,0.965568056614313,0.971772057922456,0.979529725378148,0.988647395083155,1,0.954784015465101,0.629125300965042
0.307601634606411,0.535044651219818,0.579085559244845,0.607497212252677,0.636856684509848,0.658886359354707,0.680027366894962,0.697248638031971,0.71652714401967,0.733370705167378,0.747901385948014,0.7660189248588,0.777242488600703,0.790069090875554,0.800148703041615,0.807886694051391,0.816365612909667,0.821631522976064,0.827490618047667,0.832864244777924,0.838485196543205,0.851229071212507,0.861471013697012,0.87123613340343,0.880931747615308,0.890947075979848,0.899608424344937,0.912525877689889,0.926887884759572,0.954784015465101,1,0.707380416929626
-0.0216336475242848,0.185351756775118,0.218189476162065,0.239966814861396,0.263186442140732,0.285331609536122,0.303850363336416,0.318984937128849,0.33467177332358,0.350414886002925,0.364654582822824,0.382929074840967,0.392709376192121,0.406698010884956,0.415844187582316,0.427773817105402,0.436814459431538,0.442929237461571,0.44623944146364,0.454283049137179,0.460481775005506,0.477815329542025,0.49014683565588,0.502766855531465,0.51190620174823,0.524256287591986,0.538963543722816,0.559890737474093,0.585794346634337,0.629125300965042,0.707380416929626,1
