1,0.888525071416441,0.864392073736349,0.857383730180071,0.838663218634364,0.825034376558223,0.810639174517703,0.791199828667332,0.778296343116947,0.763465608739832,0.739667560717372,0.705836005357926,0.665542423824998,0.607066923066402,0.524849476084258,0.449198665171086,0.361907347716677,0.281285225197381,0.194408737980474,0.10386534423781,0.0230447918194827,-0.0529374623596015,-0.151841501544478,-0.211877544069742,-0.236790458867526,-0.19282136875321,-0.172220232341417,-0.197798778250065,-0.206804455393013,-0.142139377831724,-0.125873849520739,-0.111664131476502
0.888525071416441,1,0.960669258551196,0.943489281583404,0.923196696140484,0.906417737896252,0.890217000095105,0.8710900765248,0.850483417856519,0.834238261433389,0.805856918240547,0.767873493001465,0.724926059763186,0.666336132641544,0.58511610913804,0.508119187988738,0.42860355142846,0.34523277757423,0.254323158233885,0.156995809676017,0.0671591920571783,-0.0176512456999363,-0.124076472452382,-0.196977124410389,-0.228566589754097,-0.192433539239559,-0.176465714491434,-0.208220288358474,-0.222393058677231,-0.153485074136757,-0.146723638882257,-0.126256272968845
0.864392073736349,0.960669258551196,1,0.979987670434045,0.957623920945315,0.937483468590357,0.918583973767349,0.89901695795375,0.876103021591346,0.857263745143347,0.828199117477936,0.789873882415182,0.746015302368535,0.687655517622823,0.608663955455918,0.532895941936128,0.450930140319167,0.364786520369357,0.270837564251967,0.168716254101771,0.0747554916618256,-0.0124860613881046,-0.12316393484289,-0.193900434661353,-0.2242817438201,-0.198509110551666,-0.186243633050277,-0.218855826691997,-0.23234948778078,-0.160670350781535,-0.154280900542052,-0.139888469032786
0.857383730180071,0.943489281583404,0.979987670434045,1,0.986854151448629,0.964830398083948,0.944234295169591,0.925488814539146,0.904563495500231,0.889949881672827,0.86197472326899,0.825089895140628,0.784371216752622,0.729265023745997,0.651704778788142,0.576606239484418,0.498938265417028,0.413137865552729,0.319057624085539,0.215387971349692,0.11933495687045,0.0299680392606612,-0.0848520015112211,-0.15449813260024,-0.182430908352893,-0.167099942174219,-0.16101729146688,-0.189030480274796,-0.193161770660547,-0.127888752596241,-0.127047686675055,-0.106555702117658
0.838663218634364,0.923196696140484,0.957623920945315,0.986854151448629,1,0.990579822159101,0.970765312655852,0.953488558073157,0.934002265261348,0.919563311387673,0.890636460377801,0.85402337187178,0.816806816420252,0.767439988540074,0.695449415226668,0.624168730173567,0.549613999330608,0.464533944624988,0.368947245582305,0.260470942110615,0.159540279096763,0.0681454394622479,-0.0474039950638268,-0.112585614624835,-0.140567054570764,-0.136650012366085,-0.136625739227854,-0.162161781194094,-0.154484432305367,-0.0856120718126473,-0.0948495861182133,-0.0763266653148151
0.825034376558223,0.906417737896252,0.937483468590357,0.964830398083948,0.990579822159101,1,0.991989709845289,0.974985428060377,0.955855504028156,0.939604395065,0.911319545440065,0.875766239329113,0.840227287893676,0.794065212666664,0.726468324635491,0.658162675211517,0.585432008817881,0.501478142014068,0.404297526567971,0.294310182236671,0.193304623566362,0.103634640968607,-0.00869142383110116,-0.0750432380280745,-0.105359497399828,-0.105166799665817,-0.109463653427045,-0.134942929656079,-0.124064255116677,-0.0585457032077921,-0.0760079942545096,-0.0618461804764504
0.810639174517703,0.890217000095105,0.918583973767349,0.944234295169591,0.970765312655852,0.991989709845289,1,0.991553148708019,0.972249013280295,0.955356201063339,0.927943585209237,0.893198777083375,0.859325312500234,0.816054027900533,0.751789618096982,0.685756198446206,0.616029497533916,0.534412959608931,0.437167715070615,0.327959188703802,0.228536714153256,0.140146277183485,0.0286750521769785,-0.0404397397912643,-0.0725131181396604,-0.0746024720294773,-0.082103549229072,-0.10828629588056,-0.100292983401812,-0.0417815565203117,-0.0624755411198382,-0.051956325162296
0.791199828667332,0.8710900765248,0.89901695795375,0.925488814539146,0.953488558073157,0.974985428060377,0.991553148708019,1,0.98784271173586,0.972191448837049,0.944267646708833,0.909331946359336,0.878572500763836,0.839716848078416,0.77842048769782,0.715076849719674,0.649725224907036,0.571395611935319,0.475586104296874,0.367249589007773,0.267916133327625,0.17783668686454,0.0622747696559243,-0.00626448706190634,-0.0369563730436574,-0.046916608455781,-0.0584040941610938,-0.0839091510151842,-0.0767829811728616,-0.0229648414254207,-0.0449878748535154,-0.0370516403449932
0.778296343116947,0.850483417856519,0.876103021591346,0.904563495500231,0.934002265261348,0.955855504028156,0.972249013280295,0.98784271173586,1,0.987289417513565,0.960031141301018,0.92613978117028,0.898163373262039,0.861734560166706,0.801255959160351,0.740292608746747,0.677116580594994,0.601237569543315,0.506468103538001,0.401203648572343,0.305303176777454,0.216100469807517,0.0987865946181211,0.0297175350021454,0.0025815290084584,-0.0169868015421332,-0.034874531304436,-0.0576962818970881,-0.0468887594540417,-0.00252733909418428,-0.0305935700447099,-0.0250807726273404
0.763465608739832,0.834238261433389,0.857263745143347,0.889949881672827,0.919563311387673,0.939604395065,0.955356201063339,0.972191448837049,0.987289417513565,1,0.976844007868633,0.945834654230134,0.920349510165028,0.886410557577272,0.828318651303294,0.7683747024606,0.707257861259838,0.631667383515515,0.53881139825854,0.434636336788645,0.33902564536185,0.249813162898118,0.13052362464869,0.062229590647286,0.0356040194068092,0.00530690900345051,-0.0184212383705106,-0.0398207985599618,-0.0272655933614121,0.0106992278954203,-0.0157495511232602,-0.00961015595638112
0.739667560717372,0.805856918240547,0.828199117477936,0.86197472326899,0.890636460377801,0.911319545440065,0.927943585209237,0.944267646708833,0.960031141301018,0.976844007868633,1,0.987398538044183,0.96520359731265,0.934422794528051,0.882114771028897,0.823115230371205,0.761785015344467,0.689044429928706,0.59705341056525,0.500299553070599,0.412592937457504,0.326037713880271,0.21046102424171,0.140181188411876,0.107505637167301,0.058934985055343,0.025364483438118,0.00412848965357532,0.00959266516940786,0.0283132151048004,-0.0124477199579667,-0.00481975947006519
0.705836005357926,0.767873493001465,0.789873882415182,0.825089895140628,0.85402337187178,0.875766239329113,0.893198777083375,0.909331946359336,0.92613978117028,0.945834654230134,0.987398538044183,1,0.989877399485339,0.961814419969426,0.913311553386178,0.856935310170997,0.800190938953705,0.73308492560675,0.645269100657891,0.555775369576708,0.47477643071609,0.391463341506739,0.279632268406257,0.209557453234064,0.175236410171874,0.1136574487562,0.0710605956698045,0.0498856389785573,0.0490967545452976,0.0486649182039724,-0.00455977561019822,0.00240303416158046
0.665542423824998,0.724926059763186,0.746015302368535,0.784371216752622,0.816806816420252,0.840227287893676,0.859325312500234,0.878572500763836,0.898163373262039,0.920349510165028,0.96520359731265,0.989877399485339,1,0.987302952046969,0.942231639138091,0.890195236906726,0.842661540326558,0.782979159922111,0.702959216675922,0.619675269576789,0.543173735011108,0.463398355340722,0.352816618277238,0.281574685736636,0.249107070780713,0.169180431208909,0.116445378620178,0.0965191324188356,0.091633614619162,0.0750259085021829,0.0183992735862725,0.0235929757632519
0.607066923066402,0.666336132641544,0.687655517622823,0.729265023745997,0.767439988540074,0.794065212666664,0.816054027900533,0.839716848078416,0.861734560166706,0.886410557577272,0.934422794528051,0.961814419969426,0.987302952046969,1,0.977827541520577,0.934954038878661,0.896608908018158,0.845100892923399,0.774871333337561,0.698120619562819,0.625568522365405,0.550459635881972,0.444639935625949,0.37399117597193,0.340864141618791,0.234126561009768,0.167953433926896,0.150027394246533,0.143184688835606,0.10932935904495,0.044203977388422,0.0526531900609379
0.524849476084258,0.58511610913804,0.608663955455918,0.651704778788142,0.695449415226668,0.726468324635491,0.751789618096982,0.77842048769782,0.801255959160351,0.828318651303294,0.882114771028897,0.913311553386178,0.942231639138091,0.977827541520577,1,0.979472782304001,0.947430190191452,0.903722706666982,0.843502530577182,0.774559410133237,0.706954536490109,0.638261087261645,0.544683820410989,0.480062611394899,0.442064763122462,0.309013627560087,0.228071424833382,0.211773533691574,0.202785675270752,0.146933667422259,0.0623578580969465,0.0766588076046625
0.449198665171086,0.508119187988738,0.532895941936128,0.576606239484418,0.624168730173567,0.658162675211517,0.685756198446206,0.715076849719674,0.740292608746747,0.7683747024606,0.823115230371205,0.856935310170997,0.890195236906726,0.934954038878661,0.979472782304001,1,0.977062850343179,0.939253893118109,0.887348760486795,0.824930471154868,0.761828196217787,0.699178840029996,0.615560234425371,0.557809700511255,0.518569243648138,0.374984198854729,0.285094564497067,0.269666320757897,0.254926339593662,0.177169797789756,0.0859354402335612,0.0912457406907421
0.361907347716677,0.42860355142846,0.450930140319167,0.498938265417028,0.549613999330608,0.585432008817881,0.616029497533916,0.649725224907036,0.677116580594994,0.707257861259838,0.761785015344467,0.800190938953705,0.842661540326558,0.896608908018158,0.947430190191452,0.977062850343179,1,0.97689340488435,0.935583191163771,0.880238944773034,0.822569740836415,0.764865241827058,0.681625230828948,0.626056369866029,0.587603628085601,0.427028314443369,0.329035729120485,0.318205453321706,0.311988705043438,0.228144843953273,0.12530638066981,0.127488689721738
0.281285225197381,0.34523277757423,0.364786520369357,0.413137865552729,0.464533944624988,0.501478142014068,0.534412959608931,0.571395611935319,0.601237569543315,0.631667383515515,0.689044429928706,0.73308492560675,0.782979159922111,0.845100892923399,0.903722706666982,0.939253893118109,0.97689340488435,1,0.978889593950781,0.934507726881212,0.885629590637675,0.833009269347874,0.752184460519548,0.701020088698992,0.662594029371413,0.480363477542193,0.37210638789843,0.363999082394531,0.359950838493723,0.265537132134792,0.1542419432669,0.155705997943858
0.194408737980474,0.254323158233885,0.270837564251967,0.319057624085539,0.368947245582305,0.404297526567971,0.437167715070615,0.475586104296874,0.506468103538001,0.53881139825854,0.59705341056525,0.645269100657891,0.702959216675922,0.774871333337561,0.843502530577182,0.887348760486795,0.935583191163771,0.978889593950781,1,0.982182141604123,0.941690170342924,0.895437852409005,0.822655340911875,0.773926141445778,0.742957385358098,0.538171319110395,0.416523530666549,0.409101683316045,0.399533467808822,0.285493244977544,0.175618487350986,0.175637945927663
0.10386534423781,0.156995809676017,0.168716254101771,0.215387971349692,0.260470942110615,0.294310182236671,0.327959188703802,0.367249589007773,0.401203648572343,0.434636336788645,0.500299553070599,0.555775369576708,0.619675269576789,0.698120619562819,0.774559410133237,0.824930471154868,0.880238944773034,0.934507726881212,0.982182141604123,1,0.984430317377578,0.947486154052304,0.88911629209836,0.843416497491673,0.815339190107047,0.593600137492448,0.462594289101142,0.457349687889338,0.44052505972616,0.304704904241432,0.19865276193043,0.190648010197015
0.0230447918194827,0.0671591920571783,0.0747554916618256,0.11933495687045,0.159540279096763,0.193304623566362,0.228536714153256,0.267916133327625,0.305303176777454,0.33902564536185,0.412592937457504,0.47477643071609,0.543173735011108,0.625568522365405,0.706954536490109,0.761828196217787,0.822569740836415,0.885629590637675,0.941690170342924,0.984430317377578,1,0.984385541764026,0.938445468703885,0.896859245369766,0.868663364311515,0.635111823383017,0.499301187300388,0.49713034927208,0.473289692730531,0.319177674352178,0.214606979445534,0.198420526111854
-0.0529374623596015,-0.0176512456999363,-0.0124860613881046,0.0299680392606612,0.0681454394622479,0.103634640968607,0.140146277183485,0.17783668686454,0.216100469807517,0.249813162898118,0.326037713880271,0.391463341506739,0.463398355340722,0.550459635881972,0.638261087261645,0.699178840029996,0.764865241827058,0.833009269347874,0.895437852409005,0.947486154052304,0.984385541764026,1,0.972700802317718,0.935709273599255,0.908412317879829,0.667059557052733,0.528347023400892,0.528842614159821,0.497912421567884,0.32759410532474,0.222206619690438,0.201814931860319
-0.151841501544478,-0.124076472452382,-0.12316393484289,-0.0848520015112211,-0.0474039950638268,-0.00869142383110116,0.0286750521769785,0.0622747696559243,0.0987865946181211,0.13052362464869,0.21046102424171,0.279632268406257,0.352816618277238,0.444639935625949,0.544683820410989,0.615560234425371,0.681625230828948,0.752184460519548,0.822655340911875,0.88911629209836,0.938445468703885,0.972700802317718,1,0.971997058995994,0.942316386877679,0.704495529928381,0.566576813381734,0.570922595038628,0.534700981457735,0.346280923594257,0.243817367418271,0.214111353148442
-0.211877544069742,-0.196977124410389,-0.193900434661353,-0.15449813260024,-0.112585614624835,-0.0750432380280745,-0.0404397397912643,-0.00626448706190634,0.0297175350021454,0.062229590647286,0.140181188411876,0.209557453234064,0.281574685736636,0.37399117597193,0.480062611394899,0.557809700511255,0.626056369866029,0.701020088698992,0.773926141445778,0.843416497491673,0.896859245369766,0.935709273599255,0.971997058995994,1,0.980939915366358,0.746313730935432,0.609644164250211,0.620403466395972,0.589563662407609,0.395988305530792,0.324445396163443,0.275470272142383
-0.236790458867526,-0.228566589754097,-0.2242817438201,-0.182430908352893,-0.140567054570764,-0.105359497399828,-0.0725131181396604,-0.0369563730436574,0.0025815290084584,0.0356040194068092,0.107505637167301,0.175236410171874,0.249107070780713,0.340864141618791,0.442064763122462,0.518569243648138,0.587603628085601,0.662594029371413,0.742957385358098,0.815339190107047,0.868663364311515,0.908412317879829,0.942316386877679,0.980939915366358,1,0.770312058411022,0.632634675568641,0.647201549291231,0.616268575594209,0.417423943360459,0.376225384479025,0.306121310357142
-0.19282136875321,-0.192433539239559,-0.198509110551666,-0.167099942174219,-0.136650012366085,-0.105166799665817,-0.0746024720294773,-0.046916608455781,-0.0169868015421332,0.00530690900345051,0.058934985055343,0.1136574487562,0.169180431208909,0.234126561009768,0.309013627560087,0.374984198854729,0.427028314443369,0.480363477542193,0.538171319110395,0.593600137492448,0.635111823383017,0.667059557052733,0.704495529928381,0.746313730935432,0.770312058411022,1,0.97680606389362,0.956272408552633,0.810491656162671,0.46468660690085,0.395181704985536,0.357464814625611
-0.172220232341417,-0.176465714491434,-0.186243633050277,-0.16101729146688,-0.136625739227854,-0.109463653427045,-0.082103549229072,-0.0584040941610938,-0.034874531304436,-0.0184212383705106,0.025364483438118,0.0710605956698045,0.116445378620178,0.167953433926896,0.228071424833382,0.285094564497067,0.329035729120485,0.37210638789843,0.416523530666549,0.462594289101142,0.499301187300388,0.528347023400892,0.566576813381734,0.609644164250211,0.632634675568641,0.97680606389362,1,0.983067662700982,0.82081444472137,0.461711818567191,0.396584036231975,0.361992814889764
-0.197798778250065,-0.208220288358474,-0.218855826691997,-0.189030480274796,-0.162161781194094,-0.134942929656079,-0.10828629588056,-0.0839091510151842,-0.0576962818970881,-0.0398207985599618,0.00412848965357532,0.0498856389785573,0.0965191324188356,0.150027394246533,0.211773533691574,0.269666320757897,0.318205453321706,0.363999082394531,0.409101683316045,0.457349687889338,0.49713034927208,0.528842614159821,0.570922595038628,0.620403466395972,0.647201549291231,0.956272408552633,0.983067662700982,1,0.887816483494969,0.536023146842948,0.477114994550001,0.420560050131352
-0.206804455393013,-0.222393058677231,-0.23234948778078,-0.193161770660547,-0.154484432305367,-0.124064255116677,-0.100292983401812,-0.0767829811728616,-0.0468887594540417,-0.0272655933614121,0.00959266516940786,0.0490967545452976,0.091633614619162,0.143184688835606,0.202785675270752,0.254926339593662,0.311988705043438,0.359950838493723,0.399533467808822,0.44052505972616,0.473289692730531,0.497912421567884,0.534700981457735,0.589563662407609,0.616268575594209,0.810491656162671,0.82081444472137,0.887816483494969,1,0.843482048145887,0.674751789069448,0.576002944046758
-0.142139377831724,-0.153485074136757,-0.160670350781535,-0.127888752596241,-0.0856120718126473,-0.0585457032077921,-0.0417815565203117,-0.0229648414254207,-0.00252733909418428,0.0106992278954203,0.0283132151048004,0.0486649182039724,0.0750259085021829,0.10932935904495,0.146933667422259,0.177169797789756,0.228144843953273,0.265537132134792,0.285493244977544,0.304704904241432,0.319177674352178,0.32759410532474,0.346280923594257,0.395988305530792,0.417423943360459,0.46468660690085,0.461711818567191,0.536023146842948,0.843482048145887,1,0.742704936157589,0.6114768907624
-0.125873849520739,-0.146723638882257,-0.154280900542052,-0.127047686675055,-0.0948495861182133,-0.0760079942545096,-0.0624755411198382,-0.0449878748535154,-0.0305935700447099,-0.0157495511232602,-0.0124477199579667,-0.00455977561019822,0.0183992735862725,0.044203977388422,0.0623578580969465,0.0859354402335612,0.12530638066981,0.1542419432669,0.175618487350986,0.19865276193043,0.214606979445534,0.222206619690438,0.243817367418271,0.324445396163443,0.376225384479025,0.395181704985536,0.396584036231975,0.477114994550001,0.674751789069448,0.742704936157589,1,0.703454944326468
-0.111664131476502,-0.126256272968845,-0.139888469032786,-0.106555702117658,-0.0763266653148151,-0.0618461804764504,-0.051956325162296,-0.0370516403449932,-0.0250807726273404,-0.00961015595638112,-0.00481975947006519,0.00240303416158046,0.0235929757632519,0.0526531900609379,0.0766588076046625,0.0912457406907421,0.127488689721738,0.155705997943858,0.175637945927663,0.190648010197015,0.198420526111854,0.201814931860319,0.214111353148442,0.275470272142383,0.306121310357142,0.357464814625611,0.361992814889764,0.420560050131352,0.576002944046758,0.6114768907624,0.703454944326468,1
