1,0.874768987889382,0.811578130980777,0.806512152559822,0.789576509189641,0.770833192251002,0.742311500521657,0.69754317087528,0.669321729929263,0.656959570644895,0.627830232567882,0.586020277268307,0.531014638038341,0.456929451489349,0.357802918369099,0.26817697636068,0.206738780615234,0.129121334739255,0.0325990839362546,-0.0474560188566805,-0.0923907510773368,-0.112514263066891,-0.152180158667902,-0.179955558120614,-0.185729459758368,-0.210104329011147,-0.212506369650591,-0.186900300326873,-0.164084129402862,-0.174663389829342,-0.16079639262658,-0.0758227369233965
0.874768987889382,1,0.935051047545927,0.915105822078077,0.887701419791303,0.862516968762883,0.833050394816845,0.787686088045414,0.748213836577198,0.734537394119608,0.708696300210531,0.66017252595429,0.594414240123203,0.509024245593758,0.399768112160366,0.306692452393836,0.226447439587105,0.136239243940927,0.0269867319960196,-0.0663694659084257,-0.119514390048189,-0.139784795482753,-0.178716893208392,-0.212163568257762,-0.220466111543277,-0.249695862685665,-0.251257330278394,-0.217394770829639,-0.184313217646594,-0.189353477223321,-0.179987421536405,-0.0667362621945448
0.811578130980777,0.935051047545927,1,0.973391597491746,0.941096949093249,0.913468638233986,0.884139889970024,0.840885899574212,0.801609905969979,0.789906265419323,0.766886390164147,0.716014835412885,0.649282828651475,0.563070184347822,0.450452894907502,0.356817662575874,0.264525556510257,0.168932554507421,0.0651200092704508,-0.0329133264437454,-0.0954069944284666,-0.119200176436846,-0.159648255485731,-0.195406342526538,-0.20365930994574,-0.234534399692052,-0.242512484963912,-0.211369552100435,-0.176695102128643,-0.186641909570755,-0.192276278398493,-0.0814420897215918
0.806512152559822,0.915105822078077,0.973391597491746,1,0.985282648856684,0.961179449059492,0.931462125919853,0.885682531822768,0.84537542388533,0.833987800731695,0.808223278778695,0.758499404845502,0.694817143400585,0.607693383683622,0.488833691656354,0.393162615277043,0.30207114415358,0.207346942247936,0.100228979049729,-0.00263833116898016,-0.0688547438960982,-0.0941026292457668,-0.134498634061693,-0.172178930206876,-0.182170778488504,-0.217931258748473,-0.231331238027219,-0.205010531402434,-0.175725463047918,-0.192813081482171,-0.200754900951131,-0.0738374983973708
0.789576509189641,0.887701419791303,0.941096949093249,0.985282648856684,1,0.989984131858993,0.961969969451487,0.917925086946944,0.878777489955667,0.866397644703989,0.843356866008988,0.797909418080039,0.738506751830701,0.654184684984418,0.53614477832288,0.441228169042322,0.353958445442032,0.261897172843977,0.151924755780955,0.0440498056178828,-0.025335625915389,-0.0512652943249219,-0.0932762470140275,-0.129984133692326,-0.142305995659067,-0.179227391798063,-0.196075055485714,-0.176194532786681,-0.15394905981416,-0.176318427747994,-0.194056576789751,-0.0797562823285095
0.770833192251002,0.862516968762883,0.913468638233986,0.961179449059492,0.989984131858993,1,0.987438448013663,0.948472415005527,0.911182606446577,0.897065519486461,0.876983830306133,0.835977667762059,0.780433519112036,0.699121045256711,0.582791773212188,0.487035254865452,0.401141000956808,0.312228136729737,0.200932335639757,0.0922568102376408,0.0227494112336302,-0.00422140162941554,-0.0472468453244065,-0.0836704706158518,-0.0970930707827972,-0.130470156289065,-0.148104505650698,-0.134459539683151,-0.119957929560547,-0.14844375857335,-0.171055960530375,-0.0759804803826636
0.742311500521657,0.833050394816845,0.884139889970024,0.931462125919853,0.961969969451487,0.987438448013663,1,0.981993665808174,0.949190110293268,0.931422307833638,0.912726007782348,0.876862986453632,0.825694385862764,0.747696565523177,0.633611893001886,0.535812894979303,0.446946942864078,0.359771388472643,0.245465905581573,0.134538245012628,0.0646479577033885,0.0382312894827091,-0.00281798101184763,-0.0399592136264251,-0.0528798210048195,-0.0806385322728256,-0.0979561045407672,-0.0895193177332785,-0.0810862780022123,-0.113633346949693,-0.137680278714229,-0.0611457024942947
0.69754317087528,0.787686088045414,0.840885899574212,0.885682531822768,0.917925086946944,0.948472415005527,0.981993665808174,1,0.983360464374539,0.960725746497815,0.942644049190144,0.913115150969875,0.867657252103487,0.794784500965857,0.685913908505553,0.588069194163435,0.494672545740903,0.40842007341395,0.289631667676892,0.172536355686472,0.100143053864106,0.0769573680198646,0.0414939839591426,0.00346261586628949,-0.00912373630977182,-0.0338966136697467,-0.0518678623534245,-0.04751870802427,-0.0419041646179929,-0.0721480111164607,-0.099772788024574,-0.0447254435340015
0.669321729929263,0.748213836577198,0.801609905969979,0.84537542388533,0.878777489955667,0.911182606446577,0.949190110293268,0.983360464374539,1,0.979976882942027,0.962564904040624,0.936228086126456,0.894181492939721,0.825877121873336,0.722871128818427,0.6274834026758,0.533883561546002,0.45024965836833,0.331875223916452,0.213214416116059,0.139855841829932,0.11858176584221,0.0880335676751861,0.0478530735597148,0.0325765834135034,0.00444518173235808,-0.0160647920743362,-0.0144496964816085,-0.00945344243128208,-0.0331966716158915,-0.0656137019812763,-0.0335007501070512
0.656959570644895,0.734537394119608,0.789906265419323,0.833987800731695,0.866397644703989,0.897065519486461,0.931422307833638,0.960725746497815,0.979976882942027,1,0.983701298181586,0.953527213324415,0.908385891503418,0.840924946688812,0.74260041822563,0.652685110977045,0.56808949345773,0.486524876924918,0.373606496761278,0.253540219396132,0.176100201748638,0.153712250594007,0.121134638923987,0.077997399416581,0.0624452709051306,0.0320444267657425,0.00700793339454708,0.00696805759128237,0.01297160107294,-0.0132006143752957,-0.0563779870355419,-0.0290145128388065
0.627830232567882,0.708696300210531,0.766886390164147,0.808223278778695,0.843356866008988,0.876983830306133,0.912726007782348,0.942644049190144,0.962564904040624,0.983701298181586,1,0.981221993234411,0.937846890595763,0.872610181778394,0.778681493742567,0.692062972799015,0.610035211862811,0.531531661195124,0.420673321202472,0.300451704060536,0.221604187259563,0.197467837079205,0.163030397587349,0.122177084312598,0.104996081045403,0.0726075060347769,0.0429788848912111,0.035834539747929,0.0363297460458878,0.0101285114873239,-0.04502522928661,-0.0151050661779422
0.586020277268307,0.66017252595429,0.716014835412885,0.758499404845502,0.797909418080039,0.835977667762059,0.876862986453632,0.913115150969875,0.936228086126456,0.953527213324415,0.981221993234411,1,0.980719661324299,0.925232918621873,0.843420901183828,0.763518674821771,0.689632537354147,0.616920627987163,0.505644518017591,0.38986736571025,0.315103561058494,0.288690903950483,0.252955528362157,0.213909557072407,0.195543319736017,0.163336371001924,0.131150158969117,0.114912812201174,0.102294060128543,0.0666458561840492,0.0036058424217676,0.0024985960854097
0.531014638038341,0.594414240123203,0.649282828651475,0.694817143400585,0.738506751830701,0.780433519112036,0.825694385862764,0.867657252103487,0.894181492939721,0.908385891503418,0.937846890595763,0.980719661324299,1,0.977225070738907,0.912319804636539,0.843189170800417,0.776271074552857,0.710132183754705,0.604240165583689,0.497657220396047,0.428739782146288,0.401040536288978,0.368019692690695,0.323653191645818,0.30627589705873,0.272267645070349,0.232838756686267,0.204534923823548,0.177077733605941,0.127373392706994,0.0486220561181239,0.0303723141495532
0.456929451489349,0.509024245593758,0.563070184347822,0.607693383683622,0.654184684984418,0.699121045256711,0.747696565523177,0.794784500965857,0.825877121873336,0.840924946688812,0.872610181778394,0.925232918621873,0.977225070738907,1,0.971916633062915,0.916759309684163,0.857650890772089,0.798561548513523,0.702847940761666,0.60784612507452,0.545532865778766,0.518275270852554,0.489645345923001,0.439790962742274,0.424446599516708,0.387600730995684,0.341005782810551,0.302319042995576,0.262326012542218,0.201196673463975,0.103608651896689,0.067474732520238
0.357802918369099,0.399768112160366,0.450452894907502,0.488833691656354,0.53614477832288,0.582791773212188,0.633611893001886,0.685913908505553,0.722871128818427,0.74260041822563,0.778681493742567,0.843420901183828,0.912319804636539,0.971916633062915,1,0.972493133201685,0.926393232378754,0.876728149419098,0.793415328467693,0.710990442110731,0.656171324544456,0.630217694491975,0.604642009003273,0.557567550434343,0.543602669848268,0.505396340076272,0.457282908916661,0.412567858004025,0.361803321245211,0.29369368134876,0.181554005199617,0.10381202676571
0.26817697636068,0.306692452393836,0.356817662575874,0.393162615277043,0.441228169042322,0.487035254865452,0.535812894979303,0.588069194163435,0.6274834026758,0.652685110977045,0.692062972799015,0.763518674821771,0.843189170800417,0.916759309684163,0.972493133201685,1,0.969188576558293,0.930432740371049,0.861821991630468,0.78959287416564,0.738142532854188,0.71163026318759,0.688268899700928,0.646267770392467,0.632798002984632,0.592356650306847,0.541569807451377,0.489903599129805,0.428093264391614,0.351886555337655,0.223128969034571,0.122799383643142
0.206738780615234,0.226447439587105,0.264525556510257,0.30207114415358,0.353958445442032,0.401141000956808,0.446946942864078,0.494672545740903,0.533883561546002,0.56808949345773,0.610035211862811,0.689632537354147,0.776271074552857,0.857650890772089,0.926393232378754,0.969188576558293,1,0.976325212241334,0.919931085729191,0.856154451507458,0.807862436687034,0.780084248405917,0.754477513747461,0.714424399641305,0.699851894424489,0.654680006724763,0.59741557665596,0.536073391387322,0.463850731411466,0.383224057512719,0.24717080505441,0.136835678799148
0.129121334739255,0.136239243940927,0.168932554507421,0.207346942247936,0.261897172843977,0.312228136729737,0.359771388472643,0.40842007341395,0.45024965836833,0.486524876924918,0.531531661195124,0.616920627987163,0.710132183754705,0.798561548513523,0.876728149419098,0.930432740371049,0.976325212241334,1,0.96711096994769,0.912884718942841,0.868494825527792,0.84049285236473,0.814010943561373,0.782924828105209,0.764787756924586,0.716513204508101,0.655428892316623,0.583963903984807,0.498841113449488,0.412815386479325,0.264622817305893,0.136884289719602
0.0325990839362546,0.0269867319960196,0.0651200092704508,0.100228979049729,0.151924755780955,0.200932335639757,0.245465905581573,0.289631667676892,0.331875223916452,0.373606496761278,0.420673321202472,0.505644518017591,0.604240165583689,0.702847940761666,0.793415328467693,0.861821991630468,0.919931085729191,0.96711096994769,1,0.979386398496918,0.93880980578972,0.910850562373228,0.882063118091052,0.853882204285076,0.83663951129471,0.797257536873349,0.733897753549163,0.648174754195155,0.547696242756834,0.45186149527334,0.28090078252324,0.142834334593904
-0.0474560188566805,-0.0663694659084257,-0.0329133264437454,-0.00263833116898016,0.0440498056178828,0.0922568102376408,0.134538245012628,0.172536355686472,0.213214416116059,0.253540219396132,0.300451704060536,0.38986736571025,0.497657220396047,0.60784612507452,0.710990442110731,0.78959287416564,0.856154451507458,0.912884718942841,0.979386398496918,1,0.984748403028392,0.958884804987496,0.930351916244115,0.900993582000444,0.883989177198811,0.852071970623221,0.790508759708237,0.697235875125282,0.585100646209175,0.479635595808121,0.298604628022496,0.15092936356542
-0.0923907510773368,-0.119514390048189,-0.0954069944284666,-0.0688547438960982,-0.025335625915389,0.0227494112336302,0.0646479577033885,0.100143053864106,0.139855841829932,0.176100201748638,0.221604187259563,0.315103561058494,0.428739782146288,0.545532865778766,0.656171324544456,0.738142532854188,0.807862436687034,0.868494825527792,0.93880980578972,0.984748403028392,1,0.988168133787677,0.960080442413502,0.928642502447488,0.911153823465359,0.88175407698164,0.823530089411217,0.729712809407316,0.61167876231142,0.49852347878965,0.314618280686187,0.159218791310148
-0.112514263066891,-0.139784795482753,-0.119200176436846,-0.0941026292457668,-0.0512652943249219,-0.00422140162941554,0.0382312894827091,0.0769573680198646,0.11858176584221,0.153712250594007,0.197467837079205,0.288690903950483,0.401040536288978,0.518275270852554,0.630217694491975,0.71163026318759,0.780084248405917,0.84049285236473,0.910850562373228,0.958884804987496,0.988168133787677,1,0.980643673715231,0.947774043267172,0.930205445094022,0.899788917776169,0.841907391417973,0.75006069002226,0.6322812293756,0.514781895643312,0.328276607865401,0.168904756058822
-0.152180158667902,-0.178716893208392,-0.159648255485731,-0.134498634061693,-0.0932762470140275,-0.0472468453244065,-0.00281798101184763,0.0414939839591426,0.0880335676751861,0.121134638923987,0.163030397587349,0.252955528362157,0.368019692690695,0.489645345923001,0.604642009003273,0.688268899700928,0.754477513747461,0.814010943561373,0.882063118091052,0.930351916244115,0.960080442413502,0.980643673715231,1,0.970014313130391,0.951114392286152,0.915952167546571,0.852510398266943,0.761038570469968,0.647845875737028,0.530875953527358,0.350612109439334,0.183202942961191
-0.179955558120614,-0.212163568257762,-0.195406342526538,-0.172178930206876,-0.129984133692326,-0.0836704706158518,-0.0399592136264251,0.00346261586628949,0.0478530735597148,0.077997399416581,0.122177084312598,0.213909557072407,0.323653191645818,0.439790962742274,0.557567550434343,0.646267770392467,0.714424399641305,0.782924828105209,0.853882204285076,0.900993582000444,0.928642502447488,0.947774043267172,0.970014313130391,1,0.984151744861358,0.942708762228461,0.881102713111202,0.793966371471973,0.6832557454843,0.572390431879214,0.379627781447431,0.190835632730033
-0.185729459758368,-0.220466111543277,-0.20365930994574,-0.182170778488504,-0.142305995659067,-0.0970930707827972,-0.0528798210048195,-0.00912373630977182,0.0325765834135034,0.0624452709051306,0.104996081045403,0.195543319736017,0.30627589705873,0.424446599516708,0.543602669848268,0.632798002984632,0.699851894424489,0.764787756924586,0.83663951129471,0.883989177198811,0.911153823465359,0.930205445094022,0.951114392286152,0.984151744861358,1,0.9729804253825,0.914929305257921,0.829761578196934,0.720611385765382,0.609719900022111,0.410312475605902,0.222097564271753
-0.210104329011147,-0.249695862685665,-0.234534399692052,-0.217931258748473,-0.179227391798063,-0.130470156289065,-0.0806385322728256,-0.0338966136697467,0.00444518173235808,0.0320444267657425,0.0726075060347769,0.163336371001924,0.272267645070349,0.387600730995684,0.505396340076272,0.592356650306847,0.654680006724763,0.716513204508101,0.797257536873349,0.852071970623221,0.88175407698164,0.899788917776169,0.915952167546571,0.942708762228461,0.9729804253825,1,0.970448416831115,0.890889667494286,0.785225853283268,0.670731610884595,0.452475169688645,0.245615118837226
-0.212506369650591,-0.251257330278394,-0.242512484963912,-0.231331238027219,-0.196075055485714,-0.148104505650698,-0.0979561045407672,-0.0518678623534245,-0.0160647920743362,0.00700793339454708,0.0429788848912111,0.131150158969117,0.232838756686267,0.341005782810551,0.457282908916661,0.541569807451377,0.59741557665596,0.655428892316623,0.733897753549163,0.790508759708237,0.823530089411217,0.841907391417973,0.852510398266943,0.881102713111202,0.914929305257921,0.970448416831115,1,0.963170600852379,0.863426565736284,0.746691966825285,0.493000545690512,0.257583053530722
-0.186900300326873,-0.217394770829639,-0.211369552100435,-0.205010531402434,-0.176194532786681,-0.134459539683151,-0.0895193177332785,-0.04751870802427,-0.0144496964816085,0.00696805759128237,0.035834539747929,0.114912812201174,0.204534923823548,0.302319042995576,0.412567858004025,0.489903599129805,0.536073391387322,0.583963903984807,0.648174754195155,0.697235875125282,0.729712809407316,0.75006069002226,0.761038570469968,0.793966371471973,0.829761578196934,0.890889667494286,0.963170600852379,1,0.955625123517653,0.833396611611778,0.557054852600102,0.296749742819995
-0.164084129402862,-0.184313217646594,-0.176695102128643,-0.175725463047918,-0.15394905981416,-0.119957929560547,-0.0810862780022123,-0.0419041646179929,-0.00945344243128208,0.01297160107294,0.0363297460458878,0.102294060128543,0.177077733605941,0.262326012542218,0.361803321245211,0.428093264391614,0.463850731411466,0.498841113449488,0.547696242756834,0.585100646209175,0.61167876231142,0.6322812293756,0.647845875737028,0.6832557454843,0.720611385765382,0.785225853283268,0.863426565736284,0.955625123517653,1,0.92110846913253,0.643350794396624,0.363112800353736
-0.174663389829342,-0.189353477223321,-0.186641909570755,-0.192813081482171,-0.176318427747994,-0.14844375857335,-0.113633346949693,-0.0721480111164607,-0.0331966716158915,-0.0132006143752957,0.0101285114873239,0.0666458561840492,0.127373392706994,0.201196673463975,0.29369368134876,0.351886555337655,0.383224057512719,0.412815386479325,0.45186149527334,0.479635595808121,0.49852347878965,0.514781895643312,0.530875953527358,0.572390431879214,0.609719900022111,0.670731610884595,0.746691966825285,0.833396611611778,0.92110846913253,1,0.746200899096894,0.42571231241462
-0.16079639262658,-0.179987421536405,-0.192276278398493,-0.200754900951131,-0.194056576789751,-0.171055960530375,-0.137680278714229,-0.099772788024574,-0.0656137019812763,-0.0563779870355419,-0.04502522928661,0.0036058424217676,0.0486220561181239,0.103608651896689,0.181554005199617,0.223128969034571,0.24717080505441,0.264622817305893,0.28090078252324,0.298604628022496,0.314618280686187,0.328276607865401,0.350612109439334,0.379627781447431,0.410312475605902,0.452475169688645,0.493000545690512,0.557054852600102,0.643350794396624,0.746200899096894,1,0.511832173908286
-0.0758227369233965,-0.0667362621945448,-0.0814420897215918,-0.0738374983973708,-0.0797562823285095,-0.0759804803826636,-0.0611457024942947,-0.0447254435340015,-0.0335007501070512,-0.0290145128388065,-0.0151050661779422,0.0024985960854097,0.0303723141495532,0.067474732520238,0.10381202676571,0.122799383643142,0.136835678799148,0.136884289719602,0.142834334593904,0.15092936356542,0.159218791310148,0.168904756058822,0.183202942961191,0.190835632730033,0.222097564271753,0.245615118837226,0.257583053530722,0.296749742819995,0.363112800353736,0.42571231241462,0.511832173908286,1
