1,0.869304609750947,0.818490458106735,0.764793598971105,0.738036049708619,0.727544153847414,0.709558811245937,0.693799920450358,0.671865719925836,0.656916014629334,0.646513318155486,0.627934183585037,0.613491674344003,0.600002775365316,0.585848161462423,0.572011924277285,0.563351780052091,0.542917742372592,0.528660983301676,0.512010098588343,0.503809910775444,0.482848124480196,0.458287784551546,0.43839479513615,0.404213569449738,0.359318136744254,0.291384329442501,0.199271435643461,0.122778322044856,0.0613975583069896,0.0136361960176872,0.0157233433357691
0.869304609750947,1,0.957773928524013,0.907132069391362,0.87787642920035,0.85929863875772,0.834276879446038,0.819131485658875,0.800658882724058,0.784231436062959,0.775677033451349,0.762309113604904,0.747809327530155,0.739081032880808,0.728094594908218,0.719173782191117,0.710094882017471,0.690491672508955,0.679181056631143,0.663541394557529,0.650767047727923,0.632302885639002,0.606003973210539,0.581278333559493,0.554350597546402,0.507193526341012,0.428388966068789,0.297978014451046,0.192593988967772,0.122886150987954,0.0767698249947176,0.0965017551926868
0.818490458106735,0.957773928524013,1,0.967122043995035,0.939207665894654,0.916361226533564,0.893116483024046,0.879618927552162,0.862552232697373,0.84707037614943,0.839059732988416,0.827710975384112,0.812203736770202,0.803098541601728,0.793205202212774,0.784045130298982,0.775204037879718,0.756358366302606,0.745475144432631,0.729641070422809,0.715619436480692,0.697990796345749,0.6707135428077,0.645055889881686,0.613190290349921,0.559996662672515,0.474023654661684,0.328134809859401,0.217682593255997,0.14048959246957,0.107591754848562,0.119394549552846
0.764793598971105,0.907132069391362,0.967122043995035,1,0.982307831477649,0.959193449907244,0.940033735842618,0.928008143011671,0.911688558217359,0.89943261928189,0.891389637370472,0.878268447951859,0.863193906336447,0.854342227868573,0.844145737442806,0.834821605692082,0.82685230707635,0.809445931551003,0.798118094105084,0.781940868538767,0.768276206413168,0.750572786189446,0.725458403525563,0.702816082788839,0.669985005265373,0.611542675707858,0.520427445533352,0.358118918049472,0.235319065054156,0.152505197015016,0.126963211098912,0.131964606008737
0.738036049708619,0.87787642920035,0.939207665894654,0.982307831477649,1,0.98322001746913,0.967129920523996,0.955587330372847,0.940857144785344,0.929150905059398,0.919549387900923,0.907021195310786,0.893554527655959,0.884460362736188,0.874824205923919,0.866545233702021,0.858796711004635,0.842387170845089,0.831007733338709,0.814639746424034,0.801541608745457,0.78310137940729,0.756420691682235,0.734212520532574,0.698575717452452,0.636401125465041,0.544182533548624,0.376529405093884,0.248698061267522,0.16842165454923,0.137468956132997,0.144939491276768
0.727544153847414,0.85929863875772,0.916361226533564,0.959193449907244,0.98322001746913,1,0.988411335276162,0.977054584391311,0.963666872740428,0.951331896868798,0.940120094958181,0.927558022764041,0.91307320687839,0.903823041926409,0.894957251959327,0.885976721686262,0.876942975298301,0.861074293935625,0.848917301822781,0.832974575818872,0.820873583745044,0.803034695737723,0.774662298332634,0.753340239068555,0.718169508479185,0.655588192202939,0.564617325869424,0.397215488175126,0.263770434115498,0.179785857933403,0.144141401719957,0.14734157271288
0.709558811245937,0.834276879446038,0.893116483024046,0.940033735842618,0.967129920523996,0.988411335276162,1,0.992353187532836,0.979506684938666,0.96831749416343,0.957464721763269,0.945112547314404,0.93067579897844,0.921208535934025,0.911532196271247,0.902299410546454,0.894435225737605,0.880493376339079,0.868366273588158,0.852102816497857,0.839566144619016,0.822083799421407,0.794717888202266,0.77391675230876,0.738013485255133,0.673082667741432,0.579072360764749,0.40654959757761,0.270506031382593,0.183116626629758,0.14351042852405,0.141586822756309
0.693799920450358,0.819131485658875,0.879618927552162,0.928008143011671,0.955587330372847,0.977054584391311,0.992353187532836,1,0.990905174559693,0.98006092127053,0.969037300490012,0.957349422716506,0.943322708763318,0.93430975253835,0.924320962620879,0.914964076566689,0.90768430828907,0.893648844864372,0.881305600286136,0.865155730951902,0.85310536517434,0.83652603039558,0.810245204327418,0.787637574732186,0.752224751823566,0.686203373772692,0.592497154856898,0.417512500245866,0.276105682297553,0.184899669818034,0.144736688917496,0.142404709627844
0.671865719925836,0.800658882724058,0.862552232697373,0.911688558217359,0.940857144785344,0.963666872740428,0.979506684938666,0.990905174559693,1,0.991894915847239,0.981136542694111,0.973127917197771,0.960657238738616,0.951973549192378,0.942741969213769,0.933622241895059,0.926539901306122,0.91359096849488,0.90116968614064,0.885194802760022,0.872641872216531,0.856773605769278,0.830882023283015,0.807733223386839,0.771575926094625,0.703916600219785,0.611966623471714,0.435005054100315,0.286090156847413,0.193382977157903,0.153714729188334,0.15198016439431
0.656916014629334,0.784231436062959,0.84707037614943,0.89943261928189,0.929150905059398,0.951331896868798,0.96831749416343,0.98006092127053,0.991894915847239,1,0.993135114521158,0.98457663933466,0.973137839728361,0.965080301724334,0.955347241004859,0.945838773142536,0.938887378645555,0.927208763469083,0.915954159420727,0.90050536007168,0.888949332080143,0.873224269959095,0.847337529019151,0.824592805355891,0.78809293941735,0.721213159055419,0.630456064595979,0.448328514445719,0.296852205803672,0.20481554286782,0.161405888645363,0.160530581771947
0.646513318155486,0.775677033451349,0.839059732988416,0.891389637370472,0.919549387900923,0.940120094958181,0.957464721763269,0.969037300490012,0.981136542694111,0.993135114521158,1,0.992039874628236,0.980871279257663,0.973810722843576,0.964003700395661,0.954325945143973,0.94724058009557,0.936578040821181,0.926431691880949,0.910966869481605,0.900505181470408,0.885106788133962,0.860097541290582,0.838067434625178,0.802002530207951,0.735052776262513,0.645054402965543,0.461382381370675,0.306107966688065,0.213593148607062,0.165393539746535,0.168380852643334
0.627934183585037,0.762309113604904,0.827710975384112,0.878268447951859,0.907021195310786,0.927558022764041,0.945112547314404,0.957349422716506,0.973127917197771,0.98457663933466,0.992039874628236,1,0.993061369416209,0.986285150851597,0.976942746315135,0.966856985042059,0.959605409368925,0.948869762325365,0.939503068113871,0.925787772583276,0.915233283031191,0.900804109298956,0.877770639309276,0.855691630110832,0.821973853151893,0.758270761263785,0.669452782966793,0.489315019445321,0.329532210316419,0.234575793171009,0.176703867034114,0.187648489692225
0.613491674344003,0.747809327530155,0.812203736770202,0.863193906336447,0.893554527655959,0.91307320687839,0.93067579897844,0.943322708763318,0.960657238738616,0.973137839728361,0.980871279257663,0.993061369416209,1,0.993866239402192,0.98476431403083,0.97472487400428,0.967049207487522,0.95682840998912,0.947580880613396,0.934568584541407,0.924872615116342,0.911442595263161,0.889591155689039,0.868157131510652,0.834051867287582,0.770056690722914,0.680618646195006,0.495182937808391,0.333344185463461,0.242721004948175,0.185612862241605,0.198762313937595
0.600002775365316,0.739081032880808,0.803098541601728,0.854342227868573,0.884460362736188,0.903823041926409,0.921208535934025,0.93430975253835,0.951973549192378,0.965080301724334,0.973810722843576,0.986285150851597,0.993866239402192,1,0.994173759040959,0.985178143637267,0.978173488881732,0.968302479819698,0.959052167156603,0.946639500852661,0.936778906624747,0.923552663477246,0.900554042872256,0.877948169695435,0.841968237224347,0.777855204196984,0.688105858084574,0.503269238585224,0.341457782743957,0.251126633201364,0.187875631549688,0.203963472373166
0.585848161462423,0.728094594908218,0.793205202212774,0.844145737442806,0.874824205923919,0.894957251959327,0.911532196271247,0.924320962620879,0.942741969213769,0.955347241004859,0.964003700395661,0.976942746315135,0.98476431403083,0.994173759040959,1,0.993517855665215,0.986270652764144,0.976961962554857,0.967614289931636,0.95642720486033,0.946279315831692,0.933278346291559,0.911971394399631,0.888754360658109,0.852702972317945,0.79333837938007,0.702703162019186,0.512848218069024,0.3451266190218,0.250756725401396,0.18609573055832,0.206698829356173
0.572011924277285,0.719173782191117,0.784045130298982,0.834821605692082,0.866545233702021,0.885976721686262,0.902299410546454,0.914964076566689,0.933622241895059,0.945838773142536,0.954325945143973,0.966856985042059,0.97472487400428,0.985178143637267,0.993517855665215,1,0.994492483480413,0.984882580939458,0.976683955065868,0.967098418922443,0.957055258120907,0.944011103558192,0.924883777358898,0.901957869422493,0.866777967524832,0.809220076219827,0.719411774857861,0.52821984610757,0.354596828441581,0.257309019880758,0.190026270598069,0.214106719508513
0.563351780052091,0.710094882017471,0.775204037879718,0.82685230707635,0.858796711004635,0.876942975298301,0.894435225737605,0.90768430828907,0.926539901306122,0.938887378645555,0.94724058009557,0.959605409368925,0.967049207487522,0.978173488881732,0.986270652764144,0.994492483480413,1,0.993439255676281,0.985503420173744,0.976115930250818,0.965945626699209,0.951916256218863,0.933035782121482,0.911298594821187,0.876961741859384,0.820244462200025,0.730850958873279,0.533589339365542,0.359939687270936,0.263189132405847,0.202794415403871,0.225682924712686
0.542917742372592,0.690491672508955,0.756358366302606,0.809445931551003,0.842387170845089,0.861074293935625,0.880493376339079,0.893648844864372,0.91359096849488,0.927208763469083,0.936578040821181,0.948869762325365,0.95682840998912,0.968302479819698,0.976961962554857,0.984882580939458,0.993439255676281,1,0.994411093993595,0.984951349493564,0.975937172467174,0.962597429442029,0.94394575733401,0.923260361617607,0.890435218706197,0.836258991576826,0.750548197900819,0.550145897414299,0.369521872435909,0.271561107983672,0.213979072088367,0.241890809114694
0.528660983301676,0.679181056631143,0.745475144432631,0.798118094105084,0.831007733338709,0.848917301822781,0.868366273588158,0.881305600286136,0.90116968614064,0.915954159420727,0.926431691880949,0.939503068113871,0.947580880613396,0.959052167156603,0.967614289931636,0.976683955065868,0.985503420173744,0.994411093993595,1,0.992501660949917,0.984597613448381,0.972608138180332,0.953864974474671,0.935092556867554,0.903844268310221,0.849949809746196,0.76542154634039,0.562133719413995,0.380843108426312,0.283801122314705,0.224615471796056,0.260147904914044
0.512010098588343,0.663541394557529,0.729641070422809,0.781940868538767,0.814639746424034,0.832974575818872,0.852102816497857,0.865155730951902,0.885194802760022,0.90050536007168,0.910966869481605,0.925787772583276,0.934568584541407,0.946639500852661,0.95642720486033,0.967098418922443,0.976115930250818,0.984951349493564,0.992501660949917,1,0.993474511890149,0.982257982081501,0.965418679360915,0.947993725487747,0.919627384222759,0.866556919908671,0.780363523015841,0.570171975893715,0.388713572858731,0.293984874714239,0.23062456312605,0.270195467664737
0.503809910775444,0.650767047727923,0.715619436480692,0.768276206413168,0.801541608745457,0.820873583745044,0.839566144619016,0.85310536517434,0.872641872216531,0.888949332080143,0.900505181470408,0.915233283031191,0.924872615116342,0.936778906624747,0.946279315831692,0.957055258120907,0.965945626699209,0.975937172467174,0.984597613448381,0.993474511890149,1,0.992835927066365,0.977846288556215,0.961237634572932,0.935132030956977,0.882247864382345,0.797560341778906,0.585408761843888,0.405032023277554,0.312077997122678,0.248225533302055,0.280272093598034
0.482848124480196,0.632302885639002,0.697990796345749,0.750572786189446,0.78310137940729,0.803034695737723,0.822083799421407,0.83652603039558,0.856773605769278,0.873224269959095,0.885106788133962,0.900804109298956,0.911442595263161,0.923552663477246,0.933278346291559,0.944011103558192,0.951916256218863,0.962597429442029,0.972608138180332,0.982257982081501,0.992835927066365,1,0.987342584647847,0.971212406890874,0.945803061886649,0.894591978559676,0.814068271389559,0.593057737664835,0.408177396811157,0.316086831509228,0.255056901317967,0.284438253482079
0.458287784551546,0.606003973210539,0.6707135428077,0.725458403525563,0.756420691682235,0.774662298332634,0.794717888202266,0.810245204327418,0.830882023283015,0.847337529019151,0.860097541290582,0.877770639309276,0.889591155689039,0.900554042872256,0.911971394399631,0.924883777358898,0.933035782121482,0.94394575733401,0.953864974474671,0.965418679360915,0.977846288556215,0.987342584647847,1,0.988326199440992,0.967136493538223,0.927138994193712,0.850361167560643,0.622057953903689,0.430307255638916,0.331898199540354,0.269137569103428,0.296278583082135
0.43839479513615,0.581278333559493,0.645055889881686,0.702816082788839,0.734212520532574,0.753340239068555,0.77391675230876,0.787637574732186,0.807733223386839,0.824592805355891,0.838067434625178,0.855691630110832,0.868157131510652,0.877948169695435,0.888754360658109,0.901957869422493,0.911298594821187,0.923260361617607,0.935092556867554,0.947993725487747,0.961237634572932,0.971212406890874,0.988326199440992,1,0.982674364979362,0.944237462396508,0.872501712984615,0.646856356784722,0.451190949425758,0.352498225334164,0.285498872510167,0.31458442926973
0.404213569449738,0.554350597546402,0.613190290349921,0.669985005265373,0.698575717452452,0.718169508479185,0.738013485255133,0.752224751823566,0.771575926094625,0.78809293941735,0.802002530207951,0.821973853151893,0.834051867287582,0.841968237224347,0.852702972317945,0.866777967524832,0.876961741859384,0.890435218706197,0.903844268310221,0.919627384222759,0.935132030956977,0.945803061886649,0.967136493538223,0.982674364979362,1,0.972397244349883,0.905927279697927,0.67855603504353,0.47807181644138,0.377542522062605,0.306891616955078,0.343194194188892
0.359318136744254,0.507193526341012,0.559996662672515,0.611542675707858,0.636401125465041,0.655588192202939,0.673082667741432,0.686203373772692,0.703916600219785,0.721213159055419,0.735052776262513,0.758270761263785,0.770056690722914,0.777855204196984,0.79333837938007,0.809220076219827,0.820244462200025,0.836258991576826,0.849949809746196,0.866556919908671,0.882247864382345,0.894591978559676,0.927138994193712,0.944237462396508,0.972397244349883,1,0.958380406632472,0.739544094203393,0.522318564845858,0.410591942612003,0.329652527785785,0.366392584361071
0.291384329442501,0.428388966068789,0.474023654661684,0.520427445533352,0.544182533548624,0.564617325869424,0.579072360764749,0.592497154856898,0.611966623471714,0.630456064595979,0.645054402965543,0.669452782966793,0.680618646195006,0.688105858084574,0.702703162019186,0.719411774857861,0.730850958873279,0.750548197900819,0.76542154634039,0.780363523015841,0.797560341778906,0.814068271389559,0.850361167560643,0.872501712984615,0.905927279697927,0.958380406632472,1,0.819181211310466,0.58728367156876,0.47450942537587,0.395544209724109,0.410580390842946
0.199271435643461,0.297978014451046,0.328134809859401,0.358118918049472,0.376529405093884,0.397215488175126,0.40654959757761,0.417512500245866,0.435005054100315,0.448328514445719,0.461382381370675,0.489315019445321,0.495182937808391,0.503269238585224,0.512848218069024,0.52821984610757,0.533589339365542,0.550145897414299,0.562133719413995,0.570171975893715,0.585408761843888,0.593057737664835,0.622057953903689,0.646856356784722,0.67855603504353,0.739544094203393,0.819181211310466,1,0.867324123677258,0.737180193072,0.576739530194941,0.514625354212876
0.122778322044856,0.192593988967772,0.217682593255997,0.235319065054156,0.248698061267522,0.263770434115498,0.270506031382593,0.276105682297553,0.286090156847413,0.296852205803672,0.306107966688065,0.329532210316419,0.333344185463461,0.341457782743957,0.3451266190218,0.354596828441581,0.359939687270936,0.369521872435909,0.380843108426312,0.388713572858731,0.405032023277554,0.408177396811157,0.430307255638916,0.451190949425758,0.47807181644138,0.522318564845858,0.58728367156876,0.867324123677258,1,0.915325647053225,0.747804903637672,0.597618836893274
0.0613975583069896,0.122886150987954,0.14048959246957,0.152505197015016,0.16842165454923,0.179785857933403,0.183116626629758,0.184899669818034,0.193382977157903,0.20481554286782,0.213593148607062,0.234575793171009,0.242721004948175,0.251126633201364,0.250756725401396,0.257309019880758,0.263189132405847,0.271561107983672,0.283801122314705,0.293984874714239,0.312077997122678,0.316086831509228,0.331898199540354,0.352498225334164,0.377542522062605,0.410591942612003,0.47450942537587,0.737180193072,0.915325647053225,1,0.843039872478263,0.660644346702597
0.0136361960176872,0.0767698249947176,0.107591754848562,0.126963211098912,0.137468956132997,0.144141401719957,0.14351042852405,0.144736688917496,0.153714729188334,0.161405888645363,0.165393539746535,0.176703867034114,0.185612862241605,0.187875631549688,0.18609573055832,0.190026270598069,0.202794415403871,0.213979072088367,0.224615471796056,0.23062456312605,0.248225533302055,0.255056901317967,0.269137569103428,0.285498872510167,0.306891616955078,0.329652527785785,0.395544209724109,0.576739530194941,0.747804903637672,0.843039872478263,1,0.730908657540792
0.0157233433357691,0.0965017551926868,0.119394549552846,0.131964606008737,0.144939491276768,0.14734157271288,0.141586822756309,0.142404709627844,0.15198016439431,0.160530581771947,0.168380852643334,0.187648489692225,0.198762313937595,0.203963472373166,0.206698829356173,0.214106719508513,0.225682924712686,0.241890809114694,0.260147904914044,0.270195467664737,0.280272093598034,0.284438253482079,0.296278583082135,0.31458442926973,0.343194194188892,0.366392584361071,0.410580390842946,0.514625354212876,0.597618836893274,0.660644346702597,0.730908657540792,1
