1,0.970511685291022,0.844380125887371,0.841068836913032,0.807572504928189,0.78208858782585,0.738425711584734,0.702203934447814,0.676243624290243,0.638317966726964,0.618385783762666,0.584473887616695,0.560759368684228,0.526869195989978,0.499342072639265,0.468939820756356,0.423797679246559,0.365963961540336,0.315071681812209,0.276505891962723,0.242243685570695,0.202847340123646,0.171263713488607,0.152737657010448,0.137967953225544,0.108318374793663,0.0771757184171975,0.0540088918360766,0.0213751036317418,0.00279545068117173,-0.0443171037859534,-0.0589420760076234
0.970511685291022,1,0.948607169920951,0.939580525705765,0.896034737235717,0.870773447071694,0.828444445276476,0.791789668453923,0.763990771033569,0.722608816937564,0.701026411727172,0.663700228027604,0.641841161765228,0.60827829899195,0.578536308571928,0.54433847709365,0.494601275301293,0.43101174495156,0.375345907793651,0.335385779793767,0.299348667058766,0.25509283046788,0.219290324544025,0.199758328760168,0.184660842539623,0.152411658814618,0.117029742817434,0.0902122294502605,0.0500597992944774,0.0259028349762109,-0.0263845257000028,-0.0434208334040838
0.844380125887371,0.948607169920951,1,0.985739531357759,0.934545984634049,0.912143487204967,0.875215205530458,0.841217326205647,0.813534556104792,0.771294092043375,0.749441252882347,0.710880754868008,0.693456035030882,0.663319759546964,0.633357038005096,0.597242164367388,0.545935441378913,0.480454002491378,0.423416879858944,0.385073798416941,0.349801126174352,0.302969495488922,0.264692676412817,0.245605630078791,0.23147816262786,0.198684125791062,0.16079666646378,0.131562805009227,0.0851226681431162,0.0556971315589272,0.00108891765871798,-0.0177184284425074
0.841068836913032,0.939580525705765,0.985739531357759,1,0.981099461955053,0.964423508338721,0.924499358883976,0.889289469123921,0.862423986026936,0.819788279874189,0.797279650829326,0.757034909917224,0.740152122303802,0.709683363558743,0.680237179529874,0.644366001079825,0.59341247894812,0.527574874939135,0.468991597369939,0.428085600739572,0.390265790496224,0.340598431178229,0.299802733528061,0.281036126137977,0.267803205725493,0.234710714065708,0.19494565079573,0.165423830187618,0.119204036772625,0.0880361377446208,0.0296182675199227,0.00842555222827156
0.807572504928189,0.896034737235717,0.934545984634049,0.981099461955053,1,0.990497671100373,0.948537828344525,0.913177105427181,0.888199742672242,0.846614531736229,0.824146332273219,0.783385459311434,0.767721783561456,0.737946208963748,0.71013340722416,0.675808662296423,0.627059882454216,0.563136706029886,0.504843411593955,0.462434234225574,0.423020447058513,0.37184546228015,0.329593328426784,0.311857632987145,0.30012046250444,0.26785289892448,0.227332424647145,0.198521560992241,0.154186641779032,0.122115377714237,0.0613788390623936,0.0381912503603341
0.78208858782585,0.870773447071694,0.912143487204967,0.964423508338721,0.990497671100373,1,0.982371041942806,0.958336215124664,0.931751350183909,0.888048572592167,0.865312262740013,0.823388304473456,0.807518118906083,0.776798007520657,0.748305995196821,0.712979437733187,0.663966932775388,0.599830015877535,0.540751879186475,0.497732089802437,0.457436689236583,0.404727342342206,0.360971825472973,0.343882405117809,0.333172290246584,0.300678382437507,0.258375233832071,0.229789700113723,0.187369009646951,0.154508288961465,0.0929584570026789,0.0683102769422696
0.738425711584734,0.828444445276476,0.875215205530458,0.924499358883976,0.948537828344525,0.982371041942806,1,0.992499366372722,0.963689837919784,0.917694730394551,0.895092882081041,0.852656183709604,0.836489450942261,0.804937088141442,0.775648049856809,0.739254628133573,0.690328330622541,0.626785038660642,0.567875830078989,0.525446820354331,0.485325830888919,0.43213231535898,0.387714249803393,0.371613545777742,0.362139092376487,0.329824055433423,0.286218179769555,0.258391653070218,0.219066933694877,0.186128336248315,0.125559865466125,0.100033176988633
0.702203934447814,0.791789668453923,0.841217326205647,0.889289469123921,0.913177105427181,0.958336215124664,0.992499366372722,1,0.98490153570761,0.949752414867985,0.928473881461227,0.886654720447178,0.870625207667161,0.838573634028134,0.810334793490644,0.775050316855332,0.727872099516472,0.665769854363543,0.60722334518422,0.564778860812684,0.524213933761886,0.470272609610703,0.424885249774236,0.409399175156879,0.400723567559883,0.368034080253616,0.32245539481376,0.29514837932603,0.258736132803932,0.225186725781512,0.162255433264928,0.134528719784685
0.676243624290243,0.763990771033569,0.813534556104792,0.862423986026936,0.888199742672242,0.931751350183909,0.963689837919784,0.98490153570761,1,0.98917678999572,0.970363686002391,0.930138070501951,0.914618793069339,0.882253649028719,0.856845290387232,0.824755315285469,0.780839842631277,0.720784993595632,0.662536359433027,0.619259612546228,0.577423182007036,0.522203449960145,0.475307741850477,0.459991788501649,0.451640591428775,0.417853097109649,0.369372865822129,0.342222833570414,0.308415296059259,0.273544581278764,0.204495183748184,0.173050544806441
0.638317966726964,0.722608816937564,0.771294092043375,0.819788279874189,0.846614531736229,0.888048572592167,0.917694730394551,0.949752414867985,0.98917678999572,1,0.989264519140363,0.956806435101064,0.942530580966697,0.910876307260068,0.888737566807464,0.860254473538016,0.820380678314101,0.763559025055061,0.706926502535444,0.664380621281063,0.622641121432543,0.567782711388342,0.520671562044402,0.505669003578104,0.497479475225513,0.462916536107087,0.41216573624855,0.385078432566463,0.352812670266937,0.31634171951106,0.24526794846525,0.211603508204966
0.618385783762666,0.701026411727172,0.749441252882347,0.797279650829326,0.824146332273219,0.865312262740013,0.895092882081041,0.928473881461227,0.970363686002391,0.989264519140363,1,0.98901847426331,0.976834586690624,0.94661170240068,0.926611023120653,0.90000813129193,0.862649491699454,0.807856124952491,0.752514972714548,0.712281941131602,0.671889918992382,0.618500592377889,0.571942297429386,0.556595985349111,0.547504245532166,0.511073069594357,0.45724440917828,0.428145287267838,0.391722775429932,0.350910358181078,0.285771245219568,0.252734666794697
0.584473887616695,0.663700228027604,0.710880754868008,0.757034909917224,0.783385459311434,0.823388304473456,0.852656183709604,0.886654720447178,0.930138070501951,0.956806435101064,0.98901847426331,1,0.990547178966971,0.962770931330723,0.945466638054392,0.92135955917803,0.887418383502606,0.835945767058492,0.78315448113237,0.746149982448506,0.708000851933214,0.657272624825843,0.612286817895314,0.596938642645593,0.587140886477305,0.549604381511738,0.493792930478792,0.463278636965271,0.423417663960739,0.379040812301559,0.321300435238497,0.289581871310469
0.560759368684228,0.641841161765228,0.693456035030882,0.740152122303802,0.767721783561456,0.807518118906083,0.836489450942261,0.870625207667161,0.914618793069339,0.942530580966697,0.976834586690624,0.990547178966971,1,0.990750296814861,0.97910934805196,0.956275811776909,0.926187015865354,0.87953617909684,0.829500226793686,0.793868091901315,0.756306871852103,0.706957179750186,0.662476466776036,0.647859088330781,0.638498693102811,0.600629486628236,0.542777511875996,0.511577193190721,0.470146653770603,0.422382133747756,0.364816621038149,0.331574273305815
0.526869195989978,0.60827829899195,0.663319759546964,0.709683363558743,0.737946208963748,0.776798007520657,0.804937088141442,0.838573634028134,0.882253649028719,0.910876307260068,0.94661170240068,0.962770931330723,0.990750296814861,1,0.994178037507014,0.973029075273438,0.947310918120876,0.906297766095223,0.859918236338056,0.826306499523143,0.790025541090886,0.742957510714172,0.699803841993544,0.686181299347154,0.677427674400628,0.639933744481513,0.581139283261672,0.54984066902525,0.507628083549906,0.457400780789528,0.401079022173228,0.366947611098736
0.499342072639265,0.578536308571928,0.633357038005096,0.680237179529874,0.71013340722416,0.748305995196821,0.775648049856809,0.810334793490644,0.856845290387232,0.888737566807464,0.926611023120653,0.945466638054392,0.97910934805196,0.994178037507014,1,0.991890478679946,0.974337912797097,0.936023769457562,0.891792090167851,0.861412031831934,0.827362939012102,0.781559511033881,0.738922063787643,0.726789548933479,0.719471619352174,0.679834223082504,0.616410409931985,0.583384279679854,0.540782949077624,0.488538841265882,0.429412864222511,0.393260838585923
0.468939820756356,0.54433847709365,0.597242164367388,0.644366001079825,0.675808662296423,0.712979437733187,0.739254628133573,0.775050316855332,0.824755315285469,0.860254473538016,0.90000813129193,0.92135955917803,0.956275811776909,0.973029075273438,0.991890478679946,1,0.991742234165018,0.955594421567078,0.913487914694779,0.886956566972514,0.855743861696438,0.811370176228504,0.769460420462426,0.759062738538223,0.753474303737063,0.711424812662772,0.643075743288658,0.608238236406674,0.565845046233022,0.512344276812772,0.449915757302626,0.411851036182552
0.423797679246559,0.494601275301293,0.545935441378913,0.59341247894812,0.627059882454216,0.663966932775388,0.690328330622541,0.727872099516472,0.780839842631277,0.820380678314101,0.862649491699454,0.887418383502606,0.926187015865354,0.947310918120876,0.974337912797097,0.991742234165018,1,0.983910268072761,0.955148828156869,0.933800308602268,0.906270701872154,0.867819502743108,0.829745802245051,0.819796568027381,0.813281293018606,0.777082404526474,0.714907260117411,0.680630991011313,0.627184990264813,0.564438996199363,0.516355589303934,0.480972195222202
0.365963961540336,0.43101174495156,0.480454002491378,0.527574874939135,0.563136706029886,0.599830015877535,0.626785038660642,0.665769854363543,0.720784993595632,0.763559025055061,0.807856124952491,0.835945767058492,0.87953617909684,0.906297766095223,0.936023769457562,0.955594421567078,0.983910268072761,1,0.992378861461123,0.976947292569214,0.953735801618123,0.924678120310281,0.893058164262108,0.882611111495554,0.873238483171696,0.849395624754376,0.80257084353848,0.771250087087743,0.699920100385131,0.623661945580916,0.603110358555825,0.574342511711402
0.315071681812209,0.375345907793651,0.423416879858944,0.468991597369939,0.504843411593955,0.540751879186475,0.567875830078989,0.60722334518422,0.662536359433027,0.706926502535444,0.752514972714548,0.78315448113237,0.829500226793686,0.859918236338056,0.891792090167851,0.913487914694779,0.955148828156869,0.992378861461123,1,0.992511280831072,0.975560956193945,0.954566226990801,0.928655458035495,0.918471009236398,0.907561784405282,0.891697742198388,0.854714050029151,0.825065135981155,0.741737694388706,0.656795660865184,0.655528592675954,0.631696801762563
0.276505891962723,0.335385779793767,0.385073798416941,0.428085600739572,0.462434234225574,0.497732089802437,0.525446820354331,0.564778860812684,0.619259612546228,0.664380621281063,0.712281941131602,0.746149982448506,0.793868091901315,0.826306499523143,0.861412031831934,0.886956566972514,0.933800308602268,0.976947292569214,0.992511280831072,1,0.99509580898165,0.981091869943298,0.960039258029677,0.951419335490206,0.940841980769298,0.925295918772418,0.88761688892659,0.855944929975289,0.765411324477041,0.675332186358934,0.681833796439414,0.65981943441114
0.242243685570695,0.299348667058766,0.349801126174352,0.390265790496224,0.423020447058513,0.457436689236583,0.485325830888919,0.524213933761886,0.577423182007036,0.622641121432543,0.671889918992382,0.708000851933214,0.756306871852103,0.790025541090886,0.827362939012102,0.855743861696438,0.906270701872154,0.953735801618123,0.975560956193945,0.99509580898165,1,0.9918105892104,0.974922876496938,0.967664405692046,0.95747180514256,0.942353748107058,0.904524930965215,0.871562160418399,0.776186225582762,0.682935234447162,0.695656371244784,0.675355168371526
0.202847340123646,0.25509283046788,0.302969495488922,0.340598431178229,0.37184546228015,0.404727342342206,0.43213231535898,0.470272609610703,0.522203449960145,0.567782711388342,0.618500592377889,0.657272624825843,0.706957179750186,0.742957510714172,0.781559511033881,0.811370176228504,0.867819502743108,0.924678120310281,0.954566226990801,0.981091869943298,0.9918105892104,1,0.995361097178875,0.990479927021776,0.979568463376732,0.967750840206557,0.933833645911969,0.904023075945839,0.811621950035773,0.718024446467499,0.741610908567921,0.723407773034651
0.171263713488607,0.219290324544025,0.264692676412817,0.299802733528061,0.329593328426784,0.360971825472973,0.387714249803393,0.424885249774236,0.475307741850477,0.520671562044402,0.571942297429386,0.612286817895314,0.662476466776036,0.699803841993544,0.738922063787643,0.769460420462426,0.829745802245051,0.893058164262108,0.928655458035495,0.960039258029677,0.974922876496938,0.995361097178875,1,0.996954995928341,0.985610659759396,0.976415026778337,0.945827022011562,0.918740912685044,0.829645729763051,0.736828633334445,0.768315852934237,0.75187538488143
0.152737657010448,0.199758328760168,0.245605630078791,0.281036126137977,0.311857632987145,0.343882405117809,0.371613545777742,0.409399175156879,0.459991788501649,0.505669003578104,0.556595985349111,0.596938642645593,0.647859088330781,0.686181299347154,0.726789548933479,0.759062738538223,0.819796568027381,0.882611111495554,0.918471009236398,0.951419335490206,0.967664405692046,0.990479927021776,0.996954995928341,1,0.995624788076897,0.986615674022808,0.95174346322101,0.924982608784187,0.843158665636026,0.753484000593729,0.775943338949708,0.7559972752818
0.137967953225544,0.184660842539623,0.23147816262786,0.267803205725493,0.30012046250444,0.333172290246584,0.362139092376487,0.400723567559883,0.451640591428775,0.497479475225513,0.547504245532166,0.587140886477305,0.638498693102811,0.677427674400628,0.719471619352174,0.753474303737063,0.813281293018606,0.873238483171696,0.907561784405282,0.940841980769298,0.95747180514256,0.979568463376732,0.985610659759396,0.995624788076897,1,0.990526459588043,0.949633317011616,0.922661298187469,0.849375671622236,0.763917704177679,0.772833550878491,0.748182317646324
0.108318374793663,0.152411658814618,0.198684125791062,0.234710714065708,0.26785289892448,0.300678382437507,0.329824055433423,0.368034080253616,0.417853097109649,0.462916536107087,0.511073069594357,0.549604381511738,0.600629486628236,0.639933744481513,0.679834223082504,0.711424812662772,0.777082404526474,0.849395624754376,0.891697742198388,0.925295918772418,0.942353748107058,0.967750840206557,0.976415026778337,0.986615674022808,0.990526459588043,1,0.982952748163158,0.964367806602741,0.880823488119747,0.788175346616901,0.816404510461774,0.797010030801525
0.0771757184171975,0.117029742817434,0.16079666646378,0.19494565079573,0.227332424647145,0.258375233832071,0.286218179769555,0.32245539481376,0.369372865822129,0.41216573624855,0.45724440917828,0.493792930478792,0.542777511875996,0.581139283261672,0.616410409931985,0.643075743288658,0.714907260117411,0.80257084353848,0.854714050029151,0.88761688892659,0.904524930965215,0.933833645911969,0.945827022011562,0.95174346322101,0.949633317011616,0.982952748163158,1,0.992579281377106,0.893156679636071,0.79136294291801,0.851371503224119,0.841967302971605
0.0540088918360766,0.0902122294502605,0.131562805009227,0.165423830187618,0.198521560992241,0.229789700113723,0.258391653070218,0.29514837932603,0.342222833570414,0.385078432566463,0.428145287267838,0.463278636965271,0.511577193190721,0.54984066902525,0.583384279679854,0.608238236406674,0.680630991011313,0.771250087087743,0.825065135981155,0.855944929975289,0.871562160418399,0.904023075945839,0.918740912685044,0.924982608784187,0.922661298187469,0.964367806602741,0.992579281377106,1,0.932736035503388,0.845941922934923,0.895662569252509,0.880760021178027
0.0213751036317418,0.0500597992944774,0.0851226681431162,0.119204036772625,0.154186641779032,0.187369009646951,0.219066933694877,0.258736132803932,0.308415296059259,0.352812670266937,0.391722775429932,0.423417663960739,0.470146653770603,0.507628083549906,0.540782949077624,0.565845046233022,0.627184990264813,0.699920100385131,0.741737694388706,0.765411324477041,0.776186225582762,0.811621950035773,0.829645729763051,0.843158665636026,0.849375671622236,0.880823488119747,0.893156679636071,0.932736035503388,1,0.981318143229508,0.946137342394889,0.898503856808399
0.00279545068117173,0.0259028349762109,0.0556971315589272,0.0880361377446208,0.122115377714237,0.154508288961465,0.186128336248315,0.225186725781512,0.273544581278764,0.31634171951106,0.350910358181078,0.379040812301559,0.422382133747756,0.457400780789528,0.488538841265882,0.512344276812772,0.564438996199363,0.623661945580916,0.656795660865184,0.675332186358934,0.682935234447162,0.718024446467499,0.736828633334445,0.753484000593729,0.763917704177679,0.788175346616901,0.79136294291801,0.845941922934923,0.981318143229508,1,0.92143636908187,0.858937425491687
-0.0443171037859534,-0.0263845257000028,0.00108891765871798,0.0296182675199227,0.0613788390623936,0.0929584570026789,0.125559865466125,0.162255433264928,0.204495183748184,0.24526794846525,0.285771245219568,0.321300435238497,0.364816621038149,0.401079022173228,0.429412864222511,0.449915757302626,0.516355589303934,0.603110358555825,0.655528592675954,0.681833796439414,0.695656371244784,0.741610908567921,0.768315852934237,0.775943338949708,0.772833550878491,0.816404510461774,0.851371503224119,0.895662569252509,0.946137342394889,0.92143636908187,1,0.99041244285424
-0.0589420760076234,-0.0434208334040838,-0.0177184284425074,0.00842555222827156,0.0381912503603341,0.0683102769422696,0.100033176988633,0.134528719784685,0.173050544806441,0.211603508204966,0.252734666794697,0.289581871310469,0.331574273305815,0.366947611098736,0.393260838585923,0.411851036182552,0.480972195222202,0.574342511711402,0.631696801762563,0.65981943441114,0.675355168371526,0.723407773034651,0.75187538488143,0.7559972752818,0.748182317646324,0.797010030801525,0.841967302971605,0.880760021178027,0.898503856808399,0.858937425491687,0.99041244285424,1
