1,0.935347072693346,0.853015427209637,0.747717863541144,0.720064868007896,0.686511593884511,0.667765036511971,0.648433334481673,0.620149230315231,0.614352640085365,0.599487434351096,0.579906421195084,0.574107290976624,0.571399435894752,0.562511841255818,0.549555446046587,0.534784091805836,0.522876167202036,0.510096493108804,0.513612007704133,0.511429294935553,0.503524243020427,0.499949371419793,0.495822127315325,0.497405656122429,0.493749629770926,0.484388035069196,0.481686245199456,0.476778024769587,0.473655165002266,0.471245763487452,0.461920719814693
0.935347072693346,1,0.963306231807029,0.8506244906705,0.821775687801689,0.784307491489108,0.761160419655686,0.73877663731476,0.706776971910732,0.700842526622455,0.685652099369685,0.666852877670159,0.661881660252058,0.659598557806845,0.65015055663672,0.637430983842421,0.625176337897105,0.613151308034371,0.598717895403107,0.603129298539093,0.60048152351388,0.590526147235896,0.586281641509378,0.581634332155271,0.584298493990563,0.580847580694827,0.570773381183567,0.567645439365889,0.561649201246679,0.560227543626875,0.560495828942791,0.553295096957878
0.853015427209637,0.963306231807029,1,0.955433926508962,0.927061389487638,0.887945828881735,0.865558009980373,0.843345589114808,0.809412136461812,0.800180747532086,0.782762385095751,0.764784322303858,0.759471174391772,0.756013128177296,0.74949208329219,0.737570639145321,0.724297409131177,0.715549351049066,0.705020320176874,0.708272203801924,0.704208848529388,0.693101732708683,0.687536964511391,0.681114330343873,0.682045707033141,0.677353749242914,0.667135021551603,0.666447269982671,0.662439225873458,0.662704905516092,0.65874366098056,0.639929241346152
0.747717863541144,0.8506244906705,0.955433926508962,1,0.973875790692684,0.936058770741665,0.917504273727199,0.897774545530512,0.864491795694745,0.851619951891316,0.832286306332861,0.815666865331983,0.809760424531475,0.804794146494967,0.802395271748515,0.791816704045535,0.776652831799176,0.772342435745851,0.767799735038129,0.769083158340613,0.763646898399048,0.752495841294269,0.745828445981394,0.737707020014664,0.73596920657222,0.729836670154099,0.720167330154146,0.722711208453839,0.721811311407989,0.723366622331464,0.713116252427372,0.679743196566834
0.720064868007896,0.821775687801689,0.927061389487638,0.973875790692684,1,0.990537030314244,0.971011169637928,0.950501183915216,0.915683923440966,0.899048792439656,0.879137345613637,0.867407266272949,0.861059529323674,0.853450537413294,0.852237150123114,0.842009638026013,0.826614757736676,0.823724701347328,0.820750249076957,0.821051135651024,0.815080451303243,0.804444512592341,0.797067844860299,0.787603116697175,0.786285264399993,0.781488865307054,0.774740580160599,0.778094861878544,0.776554554896379,0.771987577940874,0.757601841986846,0.721453090635164
0.686511593884511,0.784307491489108,0.887945828881735,0.936058770741665,0.990537030314244,1,0.98857125762326,0.970826868994168,0.936029058294178,0.918685263072434,0.89906727013359,0.889474948318967,0.882441158964071,0.873030678911377,0.871788886178425,0.861484842414611,0.846154871968378,0.843760629856628,0.841266482567081,0.84147254811927,0.835619981139706,0.825578913657709,0.818201011840302,0.808413023991585,0.807483182195366,0.803427931037734,0.798044724950595,0.801712004473187,0.799808629638713,0.791852986356557,0.774933318568276,0.736884573948983
0.667765036511971,0.761160419655686,0.865558009980373,0.917504273727199,0.971011169637928,0.98857125762326,1,0.990139163422872,0.956167773116977,0.941815546194922,0.922944923928801,0.911223438925198,0.902684672584212,0.892005422547752,0.88889042724433,0.877397764510034,0.861864445966516,0.858603839846188,0.854998222344777,0.856425984944333,0.851418323631238,0.841734707612651,0.835082790918099,0.826002264797159,0.825386195507057,0.821074695538899,0.814667598038069,0.818163306393827,0.816229336973077,0.80816494939501,0.789858623477821,0.748943365113472
0.648433334481673,0.73877663731476,0.843345589114808,0.897774545530512,0.950501183915216,0.970826868994168,0.990139163422872,1,0.987110443849121,0.973494815269345,0.954640126653757,0.942617169984736,0.933532917063105,0.922116724084058,0.916477159759017,0.904022410058545,0.889985778304413,0.885180632884198,0.878885793240932,0.880124991580573,0.874690328422961,0.864349181485259,0.85773766304892,0.848827453499282,0.847175374361355,0.842018222085301,0.835114343115886,0.838500357543575,0.836373608044678,0.826658945898633,0.805007749314503,0.758900044850101
0.620149230315231,0.706776971910732,0.809412136461812,0.864491795694745,0.915683923440966,0.936029058294178,0.956167773116977,0.987110443849121,1,0.986417875628991,0.967640511893457,0.956253519186564,0.947221539964178,0.935576487438136,0.927637436203569,0.91466637477039,0.90279093856828,0.896499093294384,0.887431255045033,0.887962861260915,0.881787077292444,0.87069066288258,0.863976460180787,0.855170722817511,0.852160719189907,0.846153465139911,0.839143900285691,0.842398887440826,0.840084931292842,0.828559588460392,0.803706951332101,0.753117398361568
0.614352640085365,0.700842526622455,0.800180747532086,0.851619951891316,0.899048792439656,0.918685263072434,0.941815546194922,0.973494815269345,0.986417875628991,1,0.99493190314051,0.978632868566465,0.968170754266064,0.956401498582713,0.949141174828024,0.936509616914574,0.924793546597205,0.917206703873109,0.90630908797175,0.907583149219209,0.901602968279913,0.889963414896994,0.881291238355947,0.870103965995936,0.865921397288784,0.858495990050864,0.849730629356072,0.852974305655368,0.851087206502566,0.837576159466638,0.812756912071139,0.764062471035176
0.599487434351096,0.685652099369685,0.782762385095751,0.832286306332861,0.879137345613637,0.89906727013359,0.922944923928801,0.954640126653757,0.967640511893457,0.99493190314051,1,0.989293591484073,0.980166644239475,0.967999912691743,0.960942780620433,0.94831595649452,0.936451142979316,0.928253680044554,0.916567732725026,0.917506215673345,0.911032644594745,0.898705392829044,0.889369719046022,0.8775509974733,0.873137971240383,0.865239407404135,0.855663447509342,0.858762290691422,0.856908704209286,0.843138989493495,0.818106931827943,0.769163569601963
0.579906421195084,0.666852877670159,0.764784322303858,0.815666865331983,0.867407266272949,0.889474948318967,0.911223438925198,0.942617169984736,0.956253519186564,0.978632868566465,0.989293591484073,1,0.996256476279928,0.983052617281761,0.975362852275122,0.962026031136823,0.949367886016445,0.941382938647559,0.930178632137885,0.929164631156978,0.921023732245514,0.907532732555737,0.899255531071109,0.889167305851455,0.885820582123236,0.878680387322089,0.869482573517148,0.872278977455814,0.869843320605312,0.858114903179277,0.832035963241531,0.778770977839696
0.574107290976624,0.661881660252058,0.759471174391772,0.809760424531475,0.861059529323674,0.882441158964071,0.902684672584212,0.933532917063105,0.947221539964178,0.968170754266064,0.980166644239475,0.996256476279928,1,0.9946277087977,0.986488718215648,0.972973876568293,0.960667513357588,0.952260874333218,0.940320050394177,0.938806557943499,0.930605504811478,0.917817705651546,0.910036841007021,0.900270229950004,0.897473217259433,0.890136436337675,0.879691454380024,0.880235611469731,0.875476299527737,0.864286499562808,0.838377631222596,0.784807911344782
0.571399435894752,0.659598557806845,0.756013128177296,0.804794146494967,0.853450537413294,0.873030678911377,0.892005422547752,0.922116724084058,0.935576487438136,0.956401498582713,0.967999912691743,0.983052617281761,0.9946277087977,1,0.991541414778109,0.978116720099506,0.966625660443109,0.957618356881664,0.944575148239172,0.943145056710921,0.93552787509993,0.924160598040701,0.916668582162804,0.906715490922838,0.904253620087447,0.896402849630297,0.884214520323356,0.881899337426548,0.874314399155656,0.863113281358458,0.837933338737614,0.785817885833925
0.562511841255818,0.65015055663672,0.74949208329219,0.802395271748515,0.852237150123114,0.871788886178425,0.88889042724433,0.916477159759017,0.927637436203569,0.949141174828024,0.960942780620433,0.975362852275122,0.986488718215648,0.991541414778109,1,0.996379260112656,0.986142084962801,0.979676263754068,0.969244079239051,0.965940081527376,0.956574996015145,0.943781989035351,0.936832496392153,0.927988519356416,0.925261164466959,0.917339618570599,0.905451494348476,0.902916590893174,0.89470348784191,0.879488787245381,0.849628552240205,0.792099596443391
0.549555446046587,0.637430983842421,0.737570639145321,0.791816704045535,0.842009638026013,0.861484842414611,0.877397764510034,0.904022410058545,0.91466637477039,0.936509616914574,0.94831595649452,0.962026031136823,0.972973876568293,0.978116720099506,0.996379260112656,1,0.994563828938802,0.990079405026414,0.98028558446118,0.975825752188972,0.96537647132711,0.951660550858631,0.945081750303975,0.93701074068362,0.934821999733946,0.927182363839926,0.915246401781486,0.911765192263624,0.902328620945007,0.885001986677538,0.852490350926726,0.791794967175082
0.534784091805836,0.625176337897105,0.724297409131177,0.776652831799176,0.826614757736676,0.846154871968378,0.861864445966516,0.889985778304413,0.90279093856828,0.924793546597205,0.936451142979316,0.949367886016445,0.960667513357588,0.966625660443109,0.986142084962801,0.994563828938802,1,0.996970518313417,0.984884008156275,0.980070104568202,0.969200860712196,0.954980885099137,0.948507546221793,0.940754069992997,0.940369426612024,0.933492595556407,0.920834496504687,0.915105147951699,0.903216372061455,0.886006654513952,0.852983903555424,0.791157330222793
0.522876167202036,0.613151308034371,0.715549351049066,0.772342435745851,0.823724701347328,0.843760629856628,0.858603839846188,0.885180632884198,0.896499093294384,0.917206703873109,0.928253680044554,0.941382938647559,0.952260874333218,0.957618356881664,0.979676263754068,0.990079405026414,0.996970518313417,1,0.99503467146512,0.989743461096816,0.978597503453946,0.96448001671538,0.957598100232795,0.949240917649903,0.948632163515624,0.941944914901048,0.930121882123561,0.924470123014103,0.912281210985838,0.893420011478664,0.857767776829615,0.792328153552052
0.510096493108804,0.598717895403107,0.705020320176874,0.767799735038129,0.820750249076957,0.841266482567081,0.854998222344777,0.878885793240932,0.887431255045033,0.90630908797175,0.916567732725026,0.930178632137885,0.940320050394177,0.944575148239172,0.969244079239051,0.98028558446118,0.984884008156275,0.99503467146512,1,0.99430133482762,0.983053379845565,0.969349403092693,0.961953241878597,0.952761293811614,0.951186305812785,0.944488985517223,0.934068092479657,0.929392731750856,0.917818276247231,0.896937139774401,0.858364639051838,0.789174368853892
0.513612007704133,0.603129298539093,0.708272203801924,0.769083158340613,0.821051135651024,0.84147254811927,0.856425984944333,0.880124991580573,0.887962861260915,0.907583149219209,0.917506215673345,0.929164631156978,0.938806557943499,0.943145056710921,0.965940081527376,0.975825752188972,0.980070104568202,0.989743461096816,0.99430133482762,1,0.996519375018623,0.9849641667705,0.97804303598613,0.968564125107324,0.964852924315799,0.956455770692419,0.944989960324318,0.938915851147656,0.92595374528949,0.906156019220066,0.868730585413338,0.800551887621026
0.511429294935553,0.60048152351388,0.704208848529388,0.763646898399048,0.815080451303243,0.835619981139706,0.851418323631238,0.874690328422961,0.881787077292444,0.901602968279913,0.911032644594745,0.921023732245514,0.930605504811478,0.93552787509993,0.956574996015145,0.96537647132711,0.969200860712196,0.978597503453946,0.983053379845565,0.996519375018623,1,0.994215839444013,0.988606406387758,0.978604652960111,0.973593189116925,0.964360796020414,0.952757371993009,0.945784713030749,0.93173611780745,0.911827226935571,0.87482911009551,0.807503268568655
0.503524243020427,0.590526147235896,0.693101732708683,0.752495841294269,0.804444512592341,0.825578913657709,0.841734707612651,0.864349181485259,0.87069066288258,0.889963414896994,0.898705392829044,0.907532732555737,0.917817705651546,0.924160598040701,0.943781989035351,0.951660550858631,0.954980885099137,0.96448001671538,0.969349403092693,0.9849641667705,0.994215839444013,1,0.997012792840629,0.986040444294933,0.981015019335999,0.972256229547739,0.961883660155273,0.954754562540891,0.939995421624337,0.917937612607113,0.879978606244709,0.812815600185465
0.499949371419793,0.586281641509378,0.687536964511391,0.745828445981394,0.797067844860299,0.818201011840302,0.835082790918099,0.85773766304892,0.863976460180787,0.881291238355947,0.889369719046022,0.899255531071109,0.910036841007021,0.916668582162804,0.936832496392153,0.945081750303975,0.948507546221793,0.957598100232795,0.961953241878597,0.97804303598613,0.988606406387758,0.997012792840629,1,0.995625772832723,0.990323532404485,0.981439257333656,0.971198657578892,0.963737207686213,0.948432319014466,0.925028338894705,0.88531024148998,0.81593567119354
0.495822127315325,0.581634332155271,0.681114330343873,0.737707020014664,0.787603116697175,0.808413023991585,0.826002264797159,0.848827453499282,0.855170722817511,0.870103965995936,0.8775509974733,0.889167305851455,0.900270229950004,0.906715490922838,0.927988519356416,0.93701074068362,0.940754069992997,0.949240917649903,0.952761293811614,0.968564125107324,0.978604652960111,0.986040444294933,0.995625772832723,1,0.994473552042753,0.98535486959226,0.974876403207828,0.9670762332015,0.951403351753073,0.927196830636553,0.885800387784523,0.813911039755983
0.497405656122429,0.584298493990563,0.682045707033141,0.73596920657222,0.786285264399993,0.807483182195366,0.825386195507057,0.847175374361355,0.852160719189907,0.865921397288784,0.873137971240383,0.885820582123236,0.897473217259433,0.904253620087447,0.925261164466959,0.934821999733946,0.940369426612024,0.948632163515624,0.951186305812785,0.964852924315799,0.973593189116925,0.981015019335999,0.990323532404485,0.994473552042753,1,0.997190569629549,0.986244060474714,0.97703990647374,0.959757747742368,0.935242615143889,0.893895022857527,0.822277087520585
0.493749629770926,0.580847580694827,0.677353749242914,0.729836670154099,0.781488865307054,0.803427931037734,0.821074695538899,0.842018222085301,0.846153465139911,0.858495990050864,0.865239407404135,0.878680387322089,0.890136436337675,0.896402849630297,0.917339618570599,0.927182363839926,0.933492595556407,0.941944914901048,0.944488985517223,0.956455770692419,0.964360796020414,0.972256229547739,0.981439257333656,0.98535486959226,0.997190569629549,1,0.993786091486471,0.985078716194923,0.966727696561482,0.94057643877721,0.898293837234182,0.82639141641147
0.484388035069196,0.570773381183567,0.667135021551603,0.720167330154146,0.774740580160599,0.798044724950595,0.814667598038069,0.835114343115886,0.839143900285691,0.849730629356072,0.855663447509342,0.869482573517148,0.879691454380024,0.884214520323356,0.905451494348476,0.915246401781486,0.920834496504687,0.930121882123561,0.934068092479657,0.944989960324318,0.952757371993009,0.961883660155273,0.971198657578892,0.974876403207828,0.986244060474714,0.993786091486471,1,0.994550093322494,0.97582457753645,0.945949014179779,0.901094324271519,0.827787997206487
0.481686245199456,0.567645439365889,0.666447269982671,0.722711208453839,0.778094861878544,0.801712004473187,0.818163306393827,0.838500357543575,0.842398887440826,0.852974305655368,0.858762290691422,0.872278977455814,0.880235611469731,0.881899337426548,0.902916590893174,0.911765192263624,0.915105147951699,0.924470123014103,0.929392731750856,0.938915851147656,0.945784713030749,0.954754562540891,0.963737207686213,0.9670762332015,0.97703990647374,0.985078716194923,0.994550093322494,1,0.992988759294693,0.959881277759723,0.912589030856915,0.837511705251272
0.476778024769587,0.561649201246679,0.662439225873458,0.721811311407989,0.776554554896379,0.799808629638713,0.816229336973077,0.836373608044678,0.840084931292842,0.851087206502566,0.856908704209286,0.869843320605312,0.875476299527737,0.874314399155656,0.89470348784191,0.902328620945007,0.903216372061455,0.912281210985838,0.917818276247231,0.92595374528949,0.93173611780745,0.939995421624337,0.948432319014466,0.951403351753073,0.959757747742368,0.966727696561482,0.97582457753645,0.992988759294693,1,0.965702205884965,0.917315611520472,0.841190750006984
0.473655165002266,0.560227543626875,0.662704905516092,0.723366622331464,0.771987577940874,0.791852986356557,0.80816494939501,0.826658945898633,0.828559588460392,0.837576159466638,0.843138989493495,0.858114903179277,0.864286499562808,0.863113281358458,0.879488787245381,0.885001986677538,0.886006654513952,0.893420011478664,0.896937139774401,0.906156019220066,0.911827226935571,0.917937612607113,0.925028338894705,0.927196830636553,0.935242615143889,0.94057643877721,0.945949014179779,0.959881277759723,0.965702205884965,1,0.981952658527545,0.896237049606098
0.471245763487452,0.560495828942791,0.65874366098056,0.713116252427372,0.757601841986846,0.774933318568276,0.789858623477821,0.805007749314503,0.803706951332101,0.812756912071139,0.818106931827943,0.832035963241531,0.838377631222596,0.837933338737614,0.849628552240205,0.852490350926726,0.852983903555424,0.857767776829615,0.858364639051838,0.868730585413338,0.87482911009551,0.879978606244709,0.88531024148998,0.885800387784523,0.893895022857527,0.898293837234182,0.901094324271519,0.912589030856915,0.917315611520472,0.981952658527545,1,0.954878691978373
0.461920719814693,0.553295096957878,0.639929241346152,0.679743196566834,0.721453090635164,0.736884573948983,0.748943365113472,0.758900044850101,0.753117398361568,0.764062471035176,0.769163569601963,0.778770977839696,0.784807911344782,0.785817885833925,0.792099596443391,0.791794967175082,0.791157330222793,0.792328153552052,0.789174368853892,0.800551887621026,0.807503268568655,0.812815600185465,0.81593567119354,0.813911039755983,0.822277087520585,0.82639141641147,0.827787997206487,0.837511705251272,0.841190750006984,0.896237049606098,0.954878691978373,1
