1,0.890603256525694,0.829895587104385,0.79118898832113,0.765872427269247,0.745460386664001,0.7202164359224,0.707862557251934,0.701761484806223,0.697083103594076,0.690336271981471,0.675875932640431,0.669110894708541,0.661456277956083,0.651627999138507,0.635153141421589,0.621614745352402,0.610080945202036,0.601154015671436,0.594674835707984,0.586720992423736,0.585291210370836,0.572350203117172,0.555478571204195,0.545651934885175,0.548395190337596,0.530790218321112,0.489580657288672,0.451313192595021,0.429997990786235,0.415213590045977,0.415491415705779
0.890603256525694,1,0.949057996273388,0.909920622949254,0.881653514042956,0.859746967273765,0.836168527742482,0.826303497945595,0.817949435586303,0.810129892429896,0.802058548051866,0.79000143044795,0.782675006220705,0.776360595724625,0.76789441422721,0.750701639070668,0.737409030006049,0.723529772238544,0.71339786004727,0.706438807965941,0.697111903881671,0.694962840352048,0.678075765057283,0.658531806003722,0.647652861704249,0.648977266732183,0.631471840043344,0.587932439678206,0.536944534600942,0.50359201058288,0.488346735960836,0.507415234490514
0.829895587104385,0.949057996273388,1,0.980605148012957,0.950396471994289,0.928346764526909,0.908700190714182,0.89914045691673,0.891959588764521,0.884559369904571,0.875517491726273,0.861123243341672,0.853338075661816,0.849698191144772,0.844104405312468,0.827882406887445,0.817615972133126,0.803799744947619,0.793314036438136,0.784540301682562,0.770843891602615,0.76958048995079,0.751156984038491,0.72889198878301,0.715121149768649,0.713545375763778,0.700262379229743,0.662744213453784,0.610289685777034,0.571480029960267,0.552154425226728,0.574230874314157
0.79118898832113,0.909920622949254,0.980605148012957,1,0.989428643134519,0.967493658191332,0.949447577816779,0.938827609902498,0.930793840854986,0.922784581405315,0.913417398804113,0.899000967066997,0.892247427993861,0.888868510390999,0.883816980638914,0.868456197194962,0.857779668538744,0.847400970276881,0.838853521681575,0.830400495269413,0.816024187790887,0.815560744326153,0.796797844676642,0.77547253426236,0.762739567025156,0.759730505923718,0.74607904796923,0.707213377070678,0.656172074056158,0.619035547222851,0.596902649917069,0.620046439889216
0.765872427269247,0.881653514042956,0.950396471994289,0.989428643134519,1,0.99078816885832,0.972531377036635,0.960410688711029,0.950309624483236,0.941442451469812,0.932537426957295,0.917986009397095,0.911899784737755,0.908146234737272,0.903123360934941,0.888393360114725,0.875871822545569,0.867751934948098,0.860053963147911,0.851710505074054,0.837926101038983,0.838002434656891,0.820818242129511,0.800599526683968,0.788027079357881,0.783970684060791,0.76888465426994,0.728035747247869,0.677107494080271,0.639605314876942,0.612340846354515,0.635106634008979
0.745460386664001,0.859746967273765,0.928346764526909,0.967493658191332,0.99078816885832,1,0.98768901546243,0.974858083440903,0.9629617510585,0.953363705523022,0.944945031985613,0.929859008982004,0.924337915533187,0.920640046729099,0.916096745652219,0.902248142098025,0.888364266869657,0.881340039890129,0.873501407630436,0.864889687321293,0.851992346333986,0.852351676258693,0.837412679425141,0.81771925655964,0.804106210883351,0.798693310869496,0.782754492973753,0.742110414420128,0.690984532852825,0.650775041944268,0.615998136796849,0.635335583254986
0.7202164359224,0.836168527742482,0.908700190714182,0.949447577816779,0.972531377036635,0.98768901546243,1,0.988723412550437,0.977244238296556,0.967216664824591,0.958023859179834,0.942977957344834,0.939416795708088,0.936889633928958,0.933776754300032,0.921923542834075,0.909103579164543,0.904654050306706,0.897794259603195,0.889640902043111,0.877797396708022,0.878280636640293,0.863870695401118,0.844975620516834,0.831397094893447,0.823850742684774,0.808274632499444,0.770750363477615,0.723210291811313,0.682826921351482,0.640217684133039,0.65014644241197
0.707862557251934,0.826303497945595,0.89914045691673,0.938827609902498,0.960410688711029,0.974858083440903,0.988723412550437,1,0.994200583751562,0.983298429246938,0.972798904199228,0.957769279858438,0.954405202904847,0.951030187057889,0.947919878538314,0.937675155225256,0.926389420164521,0.920823312857091,0.914481058348221,0.907481563808559,0.895698485746881,0.894648700811545,0.878996664636785,0.858855464555404,0.844853375442935,0.838680597688316,0.824662052196743,0.792377019083493,0.746394691081674,0.704937488326077,0.662373163324914,0.666078038657053
0.701761484806223,0.817949435586303,0.891959588764521,0.930793840854986,0.950309624483236,0.9629617510585,0.977244238296556,0.994200583751562,1,0.995916821000213,0.985189191826194,0.969677417275282,0.965167751706511,0.9610628688195,0.957430559753281,0.946777667085439,0.936239336007792,0.92920899712499,0.923753862345396,0.917895906410595,0.905103164230533,0.90353913246003,0.88659376192187,0.86482382260304,0.850186561758376,0.845769578226609,0.834509488598547,0.804385261138607,0.758449294540883,0.716358126588475,0.674322355726172,0.674067740619068
0.697083103594076,0.810129892429896,0.884559369904571,0.922784581405315,0.941442451469812,0.953363705523022,0.967216664824591,0.983298429246938,0.995916821000213,1,0.994888498332766,0.979648019286501,0.973736524995737,0.968373612233572,0.963276774842131,0.95095719054491,0.940185111292788,0.931734832528903,0.926548406820268,0.92128101734629,0.907888363981847,0.906501528970124,0.889207780163639,0.866534186096535,0.851211661354219,0.847247657430144,0.838074495157329,0.808866065876566,0.761983759395371,0.718952675182121,0.677983848251389,0.675088920799626
0.690336271981471,0.802058548051866,0.875517491726273,0.913417398804113,0.932537426957295,0.944945031985613,0.958023859179834,0.972798904199228,0.985189191826194,0.994888498332766,1,0.989966754454599,0.983231148728218,0.976419336074976,0.969450582134896,0.955091871180871,0.943885700529365,0.934309780304604,0.928590426476805,0.9231474432858,0.909551878251194,0.908376861110518,0.891101876229317,0.868130963292933,0.852122322288248,0.847004738757429,0.838466419547994,0.810415216544752,0.763429552367482,0.720267995695488,0.681153556949846,0.676215205026194
0.675875932640431,0.79000143044795,0.861123243341672,0.899000967066997,0.917986009397095,0.929859008982004,0.942977957344834,0.957769279858438,0.969677417275282,0.979648019286501,0.989966754454599,1,0.993997984229833,0.987455297248115,0.980309381473186,0.965013538838031,0.95551660838633,0.945502288056575,0.939201873885461,0.932836948729716,0.917587728417655,0.915398067948105,0.895835012978567,0.871663927442069,0.855022607890904,0.84834490937272,0.839101871164476,0.813898147845053,0.77219090846646,0.734035424117276,0.69821153203676,0.691533652472437
0.669110894708541,0.782675006220705,0.853338075661816,0.892247427993861,0.911899784737755,0.924337915533187,0.939416795708088,0.954405202904847,0.965167751706511,0.973736524995737,0.983231148728218,0.993997984229833,1,0.996956777781696,0.989668977615119,0.974976386999259,0.965152206815218,0.955099604022031,0.947806773666059,0.94137131688484,0.928278804330375,0.925347501230194,0.906700720097066,0.883285795933,0.86651423471366,0.85845780352166,0.848401367829025,0.823041644233026,0.781585832776802,0.743123953912257,0.705316594336011,0.692948162165762
0.661456277956083,0.776360595724625,0.849698191144772,0.888868510390999,0.908146234737272,0.920640046729099,0.936889633928958,0.951030187057889,0.9610628688195,0.968373612233572,0.976419336074976,0.987455297248115,0.996956777781696,1,0.996499563497787,0.981275606992473,0.972049867297155,0.962098950089539,0.954357572049949,0.947322673662025,0.933792120580919,0.930319657851663,0.910662896956751,0.886077892075288,0.868062574483195,0.858620661173152,0.849437057272853,0.825898046096303,0.785482778405153,0.747259781292103,0.70963131948444,0.693693925463083
0.651627999138507,0.76789441422721,0.844104405312468,0.883816980638914,0.903123360934941,0.916096745652219,0.933776754300032,0.947919878538314,0.957430559753281,0.963276774842131,0.969450582134896,0.980309381473186,0.989668977615119,0.996499563497787,1,0.992133470012346,0.983073423219543,0.973922375007943,0.966137400887779,0.959452407710032,0.947524072988667,0.942923956210156,0.925946589459792,0.902609685775822,0.883692153943229,0.871938269426994,0.862117759300238,0.840095782878528,0.799243460503762,0.758463292777565,0.717057036805737,0.699345798293016
0.635153141421589,0.750701639070668,0.827882406887445,0.868456197194962,0.888393360114725,0.902248142098025,0.921923542834075,0.937675155225256,0.946777667085439,0.95095719054491,0.955091871180871,0.965013538838031,0.974976386999259,0.981275606992473,0.992133470012346,1,0.992348630122169,0.984759364406634,0.977131389077974,0.971980042316088,0.964692707674192,0.958581767067807,0.948591488257498,0.929913629117192,0.911317832215886,0.896584063040007,0.883965307579786,0.862222682681538,0.819725159654125,0.774087064263382,0.724151214338664,0.70476983510377
0.621614745352402,0.737409030006049,0.817615972133126,0.857779668538744,0.875871822545569,0.888364266869657,0.909103579164543,0.926389420164521,0.936239336007792,0.940185111292788,0.943885700529365,0.95551660838633,0.965152206815218,0.972049867297155,0.983073423219543,0.992348630122169,1,0.993218735579714,0.985533892212964,0.979323384947705,0.968522009821463,0.963367799892079,0.949638096499617,0.929054807833537,0.910273803288179,0.89473312408809,0.883499133343397,0.863956606847962,0.825895712094758,0.783984377620371,0.734074490048722,0.707642884259971
0.610080945202036,0.723529772238544,0.803799744947619,0.847400970276881,0.867751934948098,0.881340039890129,0.904654050306706,0.920823312857091,0.92920899712499,0.931734832528903,0.934309780304604,0.945502288056575,0.955099604022031,0.962098950089539,0.973922375007943,0.984759364406634,0.993218735579714,1,0.996944672932093,0.98993472912811,0.979301256093332,0.97476532465936,0.961766199838974,0.944075151614402,0.927949264809678,0.911215870055367,0.897344721040677,0.875099746799965,0.841426354615202,0.804086688604414,0.749267225301354,0.720136197905099
0.601154015671436,0.71339786004727,0.793314036438136,0.838853521681575,0.860053963147911,0.873501407630436,0.897794259603195,0.914481058348221,0.923753862345396,0.926548406820268,0.928590426476805,0.939201873885461,0.947806773666059,0.954357572049949,0.966137400887779,0.977131389077974,0.985533892212964,0.996944672932093,1,0.996970621678973,0.985878505563299,0.981781362267284,0.9677453196607,0.950699276103822,0.936364270025117,0.920865231239195,0.906301277589464,0.883592713344222,0.850796668137928,0.814268874704839,0.758241154408733,0.726181427361476
0.594674835707984,0.706438807965941,0.784540301682562,0.830400495269413,0.851710505074054,0.864889687321293,0.889640902043111,0.907481563808559,0.917895906410595,0.92128101734629,0.9231474432858,0.932836948729716,0.94137131688484,0.947322673662025,0.959452407710032,0.971980042316088,0.979323384947705,0.98993472912811,0.996970621678973,1,0.99347088564714,0.988898774810814,0.975530401700463,0.959370062836279,0.946184815540854,0.932440892392739,0.917375566206115,0.894694068092923,0.859175750424122,0.819573965459425,0.763259049218513,0.727790099871018
0.586720992423736,0.697111903881671,0.770843891602615,0.816024187790887,0.837926101038983,0.851992346333986,0.877797396708022,0.895698485746881,0.905103164230533,0.907888363981847,0.909551878251194,0.917587728417655,0.928278804330375,0.933792120580919,0.947524072988667,0.964692707674192,0.968522009821463,0.979301256093332,0.985878505563299,0.99347088564714,1,0.994539393323411,0.986693644274794,0.974367101927292,0.962434658268939,0.948956745365782,0.931784756646599,0.907500642653522,0.867250727148068,0.822381729840949,0.763305757512936,0.724357650403516
0.585291210370836,0.694962840352048,0.76958048995079,0.815560744326153,0.838002434656891,0.852351676258693,0.878280636640293,0.894648700811545,0.90353913246003,0.906501528970124,0.908376861110518,0.915398067948105,0.925347501230194,0.930319657851663,0.942923956210156,0.958581767067807,0.963367799892079,0.97476532465936,0.981781362267284,0.988898774810814,0.994539393323411,1,0.992628587523736,0.979905865219613,0.968181159343587,0.954053937494027,0.939080794563329,0.915296003850997,0.87638995817314,0.831327904532186,0.766795801975785,0.720665880698484
0.572350203117172,0.678075765057283,0.751156984038491,0.796797844676642,0.820818242129511,0.837412679425141,0.863870695401118,0.878996664636785,0.88659376192187,0.889207780163639,0.891101876229317,0.895835012978567,0.906700720097066,0.910662896956751,0.925946589459792,0.948591488257498,0.949638096499617,0.961766199838974,0.9677453196607,0.975530401700463,0.986693644274794,0.992628587523736,1,0.994927814106108,0.982674582344712,0.965651145366814,0.948848756702477,0.922993531219364,0.88004793067504,0.830016952249029,0.760340562507428,0.713835869683048
0.555478571204195,0.658531806003722,0.72889198878301,0.77547253426236,0.800599526683968,0.81771925655964,0.844975620516834,0.858855464555404,0.86482382260304,0.866534186096535,0.868130963292933,0.871663927442069,0.883285795933,0.886077892075288,0.902609685775822,0.929913629117192,0.929054807833537,0.944075151614402,0.950699276103822,0.959370062836279,0.974367101927292,0.979905865219613,0.994927814106108,1,0.994717059930914,0.976815540897546,0.958357990224369,0.929878720239002,0.886912859146101,0.836969036283722,0.763209335743679,0.713860526541345
0.545651934885175,0.647652861704249,0.715121149768649,0.762739567025156,0.788027079357881,0.804106210883351,0.831397094893447,0.844853375442935,0.850186561758376,0.851211661354219,0.852122322288248,0.855022607890904,0.86651423471366,0.868062574483195,0.883692153943229,0.911317832215886,0.910273803288179,0.927949264809678,0.936364270025117,0.946184815540854,0.962434658268939,0.968181159343587,0.982674582344712,0.994717059930914,1,0.989265018127791,0.971284861397529,0.940090863601489,0.899331778123664,0.852933432927003,0.777261206668058,0.72296187422323
0.548395190337596,0.648977266732183,0.713545375763778,0.759730505923718,0.783970684060791,0.798693310869496,0.823850742684774,0.838680597688316,0.845769578226609,0.847247657430144,0.847004738757429,0.84834490937272,0.85845780352166,0.858620661173152,0.871938269426994,0.896584063040007,0.89473312408809,0.911215870055367,0.920865231239195,0.932440892392739,0.948956745365782,0.954053937494027,0.965651145366814,0.976815540897546,0.989265018127791,1,0.986039772571907,0.952099849525135,0.910830479882112,0.866676408326879,0.792812949768447,0.735092592053657
0.530790218321112,0.631471840043344,0.700262379229743,0.74607904796923,0.76888465426994,0.782754492973753,0.808274632499444,0.824662052196743,0.834509488598547,0.838074495157329,0.838466419547994,0.839101871164476,0.848401367829025,0.849437057272853,0.862117759300238,0.883965307579786,0.883499133343397,0.897344721040677,0.906301277589464,0.917375566206115,0.931784756646599,0.939080794563329,0.948848756702477,0.958357990224369,0.971284861397529,0.986039772571907,1,0.97267724112701,0.928467065915183,0.880665342188999,0.805691047801779,0.737613472571397
0.489580657288672,0.587932439678206,0.662744213453784,0.707213377070678,0.728035747247869,0.742110414420128,0.770750363477615,0.792377019083493,0.804385261138607,0.808866065876566,0.810415216544752,0.813898147845053,0.823041644233026,0.825898046096303,0.840095782878528,0.862222682681538,0.863956606847962,0.875099746799965,0.883592713344222,0.894694068092923,0.907500642653522,0.915296003850997,0.922993531219364,0.929878720239002,0.940090863601489,0.952099849525135,0.97267724112701,1,0.978101845355852,0.92278765335871,0.846673681519004,0.768434513627544
0.451313192595021,0.536944534600942,0.610289685777034,0.656172074056158,0.677107494080271,0.690984532852825,0.723210291811313,0.746394691081674,0.758449294540883,0.761983759395371,0.763429552367482,0.77219090846646,0.781585832776802,0.785482778405153,0.799243460503762,0.819725159654125,0.825895712094758,0.841426354615202,0.850796668137928,0.859175750424122,0.867250727148068,0.87638995817314,0.88004793067504,0.886912859146101,0.899331778123664,0.910830479882112,0.928467065915183,0.978101845355852,1,0.976554757137449,0.893848388669479,0.79286170373819
0.429997990786235,0.50359201058288,0.571480029960267,0.619035547222851,0.639605314876942,0.650775041944268,0.682826921351482,0.704937488326077,0.716358126588475,0.718952675182121,0.720267995695488,0.734035424117276,0.743123953912257,0.747259781292103,0.758463292777565,0.774087064263382,0.783984377620371,0.804086688604414,0.814268874704839,0.819573965459425,0.822381729840949,0.831327904532186,0.830016952249029,0.836969036283722,0.852933432927003,0.866676408326879,0.880665342188999,0.92278765335871,0.976554757137449,1,0.944648259891304,0.818653890099568
0.415213590045977,0.488346735960836,0.552154425226728,0.596902649917069,0.612340846354515,0.615998136796849,0.640217684133039,0.662373163324914,0.674322355726172,0.677983848251389,0.681153556949846,0.69821153203676,0.705316594336011,0.70963131948444,0.717057036805737,0.724151214338664,0.734074490048722,0.749267225301354,0.758241154408733,0.763259049218513,0.763305757512936,0.766795801975785,0.760340562507428,0.763209335743679,0.777261206668058,0.792812949768447,0.805691047801779,0.846673681519004,0.893848388669479,0.944648259891304,1,0.859719534983402
0.415491415705779,0.507415234490514,0.574230874314157,0.620046439889216,0.635106634008979,0.635335583254986,0.65014644241197,0.666078038657053,0.674067740619068,0.675088920799626,0.676215205026194,0.691533652472437,0.692948162165762,0.693693925463083,0.699345798293016,0.70476983510377,0.707642884259971,0.720136197905099,0.726181427361476,0.727790099871018,0.724357650403516,0.720665880698484,0.713835869683048,0.713860526541345,0.72296187422323,0.735092592053657,0.737613472571397,0.768434513627544,0.79286170373819,0.818653890099568,0.859719534983402,1
