1,0.98367946264841,0.932117614211868,0.849388641774241,0.748052054560151,0.647354082767121,0.634129839502467,0.593078948957718,0.546098900873494,0.502959880010131,0.46618802584676,0.454735643450004,0.44253162420099,0.426154725396851,0.40845614071865,0.391061045437371,0.381291391855952,0.372429453006208,0.360095132478033,0.347257094012597,0.335179764549319,0.32835002297761,0.326811342137882,0.31813178345456,0.307813303658345,0.297944126428637,0.289146157639023,0.29894660123282,0.292506859398036,0.281967733395268,0.271806032308181,0.263045787573368
0.98367946264841,1,0.982067538817534,0.930487305186428,0.855252032077722,0.773910214482295,0.753969026641533,0.701848494656983,0.643609832083115,0.59063854665465,0.545715045317269,0.535784083211418,0.525760725445123,0.510055540770424,0.492107878407446,0.473952100289444,0.465702034246959,0.458754209458401,0.446648732435874,0.433220762752514,0.420202090584323,0.413704551884111,0.41432858867233,0.405202991717409,0.393478091375029,0.381962681579856,0.371559110622621,0.381918468211031,0.372129296859167,0.35764807356479,0.343984232836306,0.332315247396599
0.932117614211868,0.982067538817534,1,0.98286426197798,0.937613527407248,0.879402636303462,0.853122069819373,0.791228766522134,0.723233664350438,0.661815929018958,0.609924981487652,0.601936067235299,0.594548743651906,0.58009757774949,0.562517694169435,0.544200928592143,0.537832103166785,0.533133280333922,0.521691675909966,0.508116001936522,0.494567079449758,0.488645249651543,0.4915135086136,0.482240252466505,0.469452470954699,0.45661556713703,0.444894123385394,0.455476188372758,0.442520446883793,0.424416036111419,0.407561357809554,0.393253409226476
0.849388641774241,0.930487305186428,0.98286426197798,1,0.985634823975357,0.952057826160588,0.920490178684296,0.851187517128301,0.776010566953388,0.708463769564264,0.651559542923651,0.645746392523462,0.641192507261914,0.628468437605515,0.611857616272395,0.594018469420711,0.589709788226239,0.587372783695711,0.576976934196637,0.563727498174784,0.550129859653949,0.544976220378863,0.549939282402369,0.540843148488455,0.527459494168682,0.513775567136806,0.50117196905203,0.511604913775814,0.496002283662041,0.474983034377485,0.455592912057565,0.439200811223709
0.748052054560151,0.855252032077722,0.937613527407248,0.985634823975357,1,0.990002968632416,0.954540206942,0.880532448784854,0.801035468790447,0.729903837013774,0.670117121516121,0.666472259476625,0.664651386980582,0.65389230096175,0.638668782701397,0.621803591050298,0.61951203067924,0.619409272013343,0.61028413760059,0.597731964097285,0.584498510722845,0.580203662137173,0.586936840558875,0.578276472676122,0.564749245313522,0.550700660105336,0.537667734767421,0.54765037791137,0.530091675328561,0.507033701940811,0.485903489740334,0.468094651534832
0.647354082767121,0.773910214482295,0.879402636303462,0.952057826160588,0.990002968632416,1,0.965394955270683,0.89153571402476,0.811846330576025,0.740408006799435,0.68030090165737,0.678450390057285,0.678525533496253,0.669162990227285,0.654952361948422,0.638820066271562,0.637845077493943,0.639145517257284,0.630824051612431,0.618717530830778,0.605720974685339,0.60201686206794,0.610033363129027,0.601775092463127,0.588252186634991,0.574044968525121,0.560795989039934,0.570149249040346,0.551120135181807,0.526627215292886,0.504301990893951,0.485532618314656
0.634129839502467,0.753969026641533,0.853122069819373,0.920490178684296,0.954540206942,0.965394955270683,1,0.978810021332464,0.936021407033492,0.890079653122018,0.847902262690443,0.844105818215188,0.835431073562034,0.816554627367415,0.7930257093099,0.768244662037564,0.758735397120827,0.750467229359307,0.7330744922548,0.712970307593725,0.693123726632774,0.685030488269718,0.69177236909641,0.680694159790039,0.664121619947528,0.647101596423638,0.631392823678355,0.639733951348537,0.616872096068422,0.588406629730728,0.562697509297542,0.541175870446246
0.593078948957718,0.701848494656983,0.791228766522134,0.851187517128301,0.880532448784854,0.89153571402476,0.978810021332464,1,0.988254678761347,0.964554287663431,0.938494819613887,0.933354056715158,0.918228542921206,0.892794802050126,0.863087182046768,0.832713699703822,0.816963319741407,0.80158187297881,0.777907635112774,0.752496060953537,0.728230742833062,0.717082623503321,0.722497643364433,0.709741014551786,0.691575414982534,0.67316992722201,0.656289456626284,0.663432483432849,0.638666843257787,0.608458817425944,0.581336037006272,0.558694172767036
0.546098900873494,0.643609832083115,0.723233664350438,0.776010566953388,0.801035468790447,0.811846330576025,0.936021407033492,0.988254678761347,1,0.993551026038172,0.980238194606387,0.974235869323421,0.954713126164809,0.925086742134578,0.891586798368675,0.857876861315025,0.83790293306776,0.817636893074898,0.789927341157789,0.761255290773529,0.734361089274043,0.721240407339389,0.725515986610401,0.711858348137537,0.693004506687491,0.674072312241964,0.656782636419809,0.662834691514862,0.637330812050638,0.606654852498971,0.579224562974543,0.556370684305936
0.502959880010131,0.59063854665465,0.661815929018958,0.708463769564264,0.729903837013774,0.740408006799435,0.890079653122018,0.964554287663431,0.993551026038172,1,0.996346753970014,0.989796186744688,0.967306837538418,0.935018854673685,0.899213077549512,0.863538735841862,0.840733910590995,0.817150922851733,0.786867440371783,0.75621096646079,0.727774010069699,0.713388690277018,0.716753996914517,0.702634930654556,0.683556324088682,0.664520408076236,0.647189287369559,0.652340094624876,0.626675192517522,0.596117198926552,0.568874690285297,0.546210051890518
0.46618802584676,0.545715045317269,0.609924981487652,0.651559542923651,0.670117121516121,0.68030090165737,0.847902262690443,0.938494819613887,0.980238194606387,0.996346753970014,1,0.99309225668804,0.968559915954266,0.934542057808115,0.897304298766798,0.860454013645722,0.835711094982732,0.809830552939031,0.777866165856165,0.745975966261411,0.716619050763482,0.701403657715622,0.704054725338349,0.689708281193805,0.670622754274835,0.651670722105256,0.634455882131099,0.638884052192335,0.61331629179301,0.583107210952565,0.556237981855902,0.533908762312538
0.454735643450004,0.535784083211418,0.601936067235299,0.645746392523462,0.666472259476625,0.678450390057285,0.844105818215188,0.933354056715158,0.974235869323421,0.989796186744688,0.99309225668804,1,0.990979006346327,0.969651582155428,0.942614879884942,0.913931698493737,0.892951975656956,0.86661183778178,0.833460652243794,0.800149138320906,0.769368324768614,0.753417486418666,0.755951061237019,0.740318869370253,0.719661649661708,0.699191530582809,0.680616577007189,0.681655543836512,0.651757293112542,0.617820850180153,0.588009811439751,0.563385440288
0.44253162420099,0.525760725445123,0.594548743651906,0.641192507261914,0.664651386980582,0.678525533496253,0.835431073562034,0.918228542921206,0.954713126164809,0.967306837538418,0.968559915954266,0.990979006346327,1,0.993670348873198,0.978857486324177,0.960080420803131,0.944093480289336,0.918159077718657,0.884570868863287,0.850463841587109,0.818775722243239,0.802434246180288,0.804950134315782,0.788171998182513,0.766079966620892,0.744212606470845,0.724380648435528,0.721746553076127,0.687435323938744,0.649774721881323,0.61705178365409,0.590167956555845
0.426154725396851,0.510055540770424,0.58009757774949,0.628468437605515,0.65389230096175,0.669162990227285,0.816554627367415,0.892794802050126,0.925086742134578,0.935018854673685,0.934542057808115,0.969651582155428,0.993670348873198,1,0.995639125866469,0.985426362671344,0.973846530705819,0.948612481840017,0.915124533295008,0.880824481192846,0.848816029274952,0.832374116977441,0.834840231159652,0.817334614357746,0.794346784997929,0.771611998532356,0.751001888611027,0.745325563873964,0.707791928823327,0.667532827104417,0.632823648330373,0.604419357183938
0.40845614071865,0.492107878407446,0.562517694169435,0.611857616272395,0.638668782701397,0.654952361948422,0.7930257093099,0.863087182046768,0.891586798368675,0.899213077549512,0.897304298766798,0.942614879884942,0.978857486324177,0.995639125866469,1,0.996997643757598,0.989189042736047,0.964779283119605,0.931696659143677,0.897566184490194,0.865599548835344,0.849232356595333,0.851633418840774,0.833692025739141,0.810181365962636,0.786944876464196,0.765886767409183,0.757738627440216,0.717889931819457,0.675860101414288,0.639835266573906,0.610441485402473
0.391061045437371,0.473952100289444,0.544200928592143,0.594018469420711,0.621803591050298,0.638820066271562,0.768244662037564,0.832713699703822,0.857876861315025,0.863538735841862,0.860454013645722,0.913931698493737,0.960080420803131,0.985426362671344,0.996997643757598,1,0.995373330211086,0.971809394141704,0.93928227350252,0.905518564627555,0.873798320606581,0.85760153153912,0.859932699104009,0.84174840788173,0.817959472411898,0.794460427959367,0.773169914392745,0.763024058550245,0.721517678657763,0.67829641749466,0.641418109286984,0.611397670470313
0.381291391855952,0.465702034246959,0.537832103166785,0.589709788226239,0.61951203067924,0.637845077493943,0.758735397120827,0.816963319741407,0.83790293306776,0.840733910590995,0.835711094982732,0.892951975656956,0.944093480289336,0.973846530705819,0.989189042736047,0.995373330211086,1,0.989436209757108,0.96676753138813,0.940464355870126,0.914455969540417,0.90065393592735,0.897873935390846,0.875083737940627,0.847497662597432,0.820943552331994,0.797194043680146,0.786087683802097,0.742911333173165,0.698113214299689,0.659938907848201,0.628884120023633
0.372429453006208,0.458754209458401,0.533133280333922,0.587372783695711,0.619409272013343,0.639145517257284,0.750467229359307,0.80158187297881,0.817636893074898,0.817150922851733,0.809830552939031,0.86661183778178,0.918159077718657,0.948612481840017,0.964779283119605,0.971809394141704,0.989436209757108,1,0.993617131265831,0.979803310433283,0.963462653769071,0.95370513804802,0.942523517565864,0.9125719292736,0.879259640091216,0.848186429627452,0.820847532149887,0.809747284255111,0.765593317452518,0.719656440275887,0.680473662710954,0.648582559779807
0.360095132478033,0.446648732435874,0.521691675909966,0.576976934196637,0.61028413760059,0.630824051612431,0.7330744922548,0.777907635112774,0.789927341157789,0.786867440371783,0.777866165856165,0.833460652243794,0.884570868863287,0.915124533295008,0.931696659143677,0.93928227350252,0.96676753138813,0.993617131265831,1,0.996106282509744,0.987527028245188,0.981059174214858,0.96350325851804,0.928416534491634,0.891134944432661,0.856999031230682,0.827266338477335,0.816332942380239,0.772063036146536,0.725910865169142,0.686515545118303,0.654439380375722
0.347257094012597,0.433220762752514,0.508116001936522,0.563727498174784,0.597731964097285,0.618717530830778,0.712970307593725,0.752496060953537,0.761255290773529,0.75621096646079,0.745975966261411,0.800149138320906,0.850463841587109,0.880824481192846,0.897566184490194,0.905518564627555,0.940464355870126,0.979803310433283,0.996106282509744,1,0.997562710353552,0.993723271255157,0.971341591330434,0.932553253076854,0.892500677840588,0.856274372122136,0.824934947659016,0.81422906280637,0.770261756956524,0.724351256514454,0.685139742099146,0.653203850356534
0.335179764549319,0.420202090584323,0.494567079449758,0.550129859653949,0.584498510722845,0.605720974685339,0.693123726632774,0.728230742833062,0.734361089274043,0.727774010069699,0.716619050763482,0.769368324768614,0.818775722243239,0.848816029274952,0.865599548835344,0.873798320606581,0.914455969540417,0.963462653769071,0.987527028245188,0.997562710353552,1,0.998262039764207,0.972184478643795,0.930680529137391,0.888655876954209,0.850975039856454,0.818536912088862,0.80807017955917,0.764585026524883,0.719119179799202,0.680269549450527,0.648620933091277
0.32835002297761,0.413704551884111,0.488645249651543,0.544976220378863,0.580203662137173,0.60201686206794,0.685030488269718,0.717082623503321,0.721240407339389,0.713388690277018,0.701403657715622,0.753417486418666,0.802434246180288,0.832374116977441,0.849232356595333,0.85760153153912,0.90065393592735,0.95370513804802,0.981059174214858,0.993723271255157,0.998262039764207,1,0.981638285983017,0.945544387780783,0.907310591718279,0.872348169007547,0.841917303822585,0.829009230418606,0.7827731642239,0.735071825279546,0.694506656157922,0.661541640406265
0.326811342137882,0.41432858867233,0.4915135086136,0.549939282402369,0.586936840558875,0.610033363129027,0.69177236909641,0.722497643364433,0.725515986610401,0.716753996914517,0.704054725338349,0.755951061237019,0.804950134315782,0.834840231159652,0.851633418840774,0.859932699104009,0.897873935390846,0.942523517565864,0.96350325851804,0.971341591330434,0.972184478643795,0.981638285983017,1,0.990271004693531,0.970854544198923,0.949586113964865,0.929389221321446,0.907272429336414,0.850619139108976,0.794474236432155,0.747437934212317,0.709511332297169
0.31813178345456,0.405202991717409,0.482240252466505,0.540843148488455,0.578276472676122,0.601775092463127,0.680694159790039,0.709741014551786,0.711858348137537,0.702634930654556,0.689708281193805,0.740318869370253,0.788171998182513,0.817334614357746,0.833692025739141,0.84174840788173,0.875083737940627,0.9125719292736,0.928416534491634,0.932553253076854,0.930680529137391,0.945544387780783,0.990271004693531,1,0.9947596408257,0.983972691961103,0.971708441391812,0.943385373969108,0.88044282477574,0.819436679261671,0.768767384191224,0.728098343425314
0.307813303658345,0.393478091375029,0.469452470954699,0.527459494168682,0.564749245313522,0.588252186634991,0.664121619947528,0.691575414982534,0.693004506687491,0.683556324088682,0.670622754274835,0.719661649661708,0.766079966620892,0.794346784997929,0.810181365962636,0.817959472411898,0.847497662597432,0.879259640091216,0.891134944432661,0.892500677840588,0.888655876954209,0.907310591718279,0.970854544198923,0.9947596408257,1,0.997047886659688,0.990764030509732,0.95823182827579,0.891448062160822,0.827625935712314,0.774915048434367,0.73273485426178
0.297944126428637,0.381962681579856,0.45661556713703,0.513775567136806,0.550700660105336,0.574044968525121,0.647101596423638,0.67316992722201,0.674072312241964,0.664520408076236,0.651670722105256,0.699191530582809,0.744212606470845,0.771611998532356,0.786944876464196,0.794460427959367,0.820943552331994,0.848186429627452,0.856999031230682,0.856274372122136,0.850975039856454,0.872348169007547,0.949586113964865,0.983972691961103,0.997047886659688,1,0.998250648924658,0.962781490896356,0.893572982453381,0.82807565851957,0.774194603473839,0.731170065520875
0.289146157639023,0.371559110622621,0.444894123385394,0.50117196905203,0.537667734767421,0.560795989039934,0.631392823678355,0.656289456626284,0.656782636419809,0.647189287369559,0.634455882131099,0.680616577007189,0.724380648435528,0.751001888611027,0.765886767409183,0.773169914392745,0.797194043680146,0.820847532149887,0.827266338477335,0.824934947659016,0.818536912088862,0.841917303822585,0.929389221321446,0.971708441391812,0.990764030509732,0.998250648924658,1,0.962411999714748,0.891614782198024,0.825090986262913,0.77052561591648,0.727023983274021
0.29894660123282,0.381918468211031,0.455476188372758,0.511604913775814,0.54765037791137,0.570149249040346,0.639733951348537,0.663432483432849,0.662834691514862,0.652340094624876,0.638884052192335,0.681655543836512,0.721746553076127,0.745325563873964,0.757738627440216,0.763024058550245,0.786087683802097,0.809747284255111,0.816332942380239,0.81422906280637,0.80807017955917,0.829009230418606,0.907272429336414,0.943385373969108,0.95823182827579,0.962781490896356,0.962411999714748,1,0.981076180489437,0.94752615546172,0.914676939955933,0.886173143276239
0.292506859398036,0.372129296859167,0.442520446883793,0.496002283662041,0.530091675328561,0.551120135181807,0.616872096068422,0.638666843257787,0.637330812050638,0.626675192517522,0.61331629179301,0.651757293112542,0.687435323938744,0.707791928823327,0.717889931819457,0.721517678657763,0.742911333173165,0.765593317452518,0.772063036146536,0.770261756956524,0.764585026524883,0.7827731642239,0.850619139108976,0.88044282477574,0.891448062160822,0.893572982453381,0.891614782198024,0.981076180489437,1,0.991492124606226,0.975627057278927,0.959118997932833
0.281967733395268,0.35764807356479,0.424416036111419,0.474983034377485,0.507033701940811,0.526627215292886,0.588406629730728,0.608458817425944,0.606654852498971,0.596117198926552,0.583107210952565,0.617820850180153,0.649774721881323,0.667532827104417,0.675860101414288,0.67829641749466,0.698113214299689,0.719656440275887,0.725910865169142,0.724351256514454,0.719119179799202,0.735071825279546,0.794474236432155,0.819436679261671,0.827625935712314,0.82807565851957,0.825090986262913,0.94752615546172,0.991492124606226,1,0.995889708512358,0.987796507860837
0.271806032308181,0.343984232836306,0.407561357809554,0.455592912057565,0.485903489740334,0.504301990893951,0.562697509297542,0.581336037006272,0.579224562974543,0.568874690285297,0.556237981855902,0.588009811439751,0.61705178365409,0.632823648330373,0.639835266573906,0.641418109286984,0.659938907848201,0.680473662710954,0.686515545118303,0.685139742099146,0.680269549450527,0.694506656157922,0.747437934212317,0.768767384191224,0.774915048434367,0.774194603473839,0.77052561591648,0.914676939955933,0.975627057278927,0.995889708512358,1,0.997843309316872
0.263045787573368,0.332315247396599,0.393253409226476,0.439200811223709,0.468094651534832,0.485532618314656,0.541175870446246,0.558694172767036,0.556370684305936,0.546210051890518,0.533908762312538,0.563385440288,0.590167956555845,0.604419357183938,0.610441485402473,0.611397670470313,0.628884120023633,0.648582559779807,0.654439380375722,0.653203850356534,0.648620933091277,0.661541640406265,0.709511332297169,0.728098343425314,0.73273485426178,0.731170065520875,0.727023983274021,0.886173143276239,0.959118997932833,0.987796507860837,0.997843309316872,1
