1,0.983454428022113,0.904320452615468,0.748399721731797,0.715970775294078,0.636300860268548,0.514885678435174,0.437920301941755,0.351586085235341,0.278500710880677,0.246138707144838,0.219846799849633,0.195293373614782,0.171477181701547,0.147473378961176,0.125707210322419,0.106994197228004,0.0894132775152298,0.0737279883435993,0.0553874700434223,0.0304663426545613,0.0108189409043068,0.00199372701018252,0.0207411068136633,0.0348094645348062,0.0451091875862829,0.0571076182359833,0.0636746647474713,0.0673912898908847,0.0584580989309552,0.0471628510313348,0.0387354388081022
0.983454428022113,1,0.966685027618135,0.856042620086022,0.822222970715319,0.734613048225986,0.598844174852697,0.513770465548343,0.416433226405389,0.333356249527825,0.296811213473248,0.266917415128869,0.238777174773183,0.213578291398725,0.188470619004065,0.165160004612631,0.144413022050528,0.12394525265783,0.105291804806069,0.085072866041051,0.0591472005917898,0.0379159313352231,0.0286153557988624,0.0511182566328884,0.0672766848571965,0.0786294634949809,0.0890588319378464,0.0936639364362527,0.0956197640572651,0.0842144912094836,0.0693981607366335,0.0581155296664808
0.904320452615468,0.966685027618135,1,0.959607531163385,0.925740204222667,0.831878144875792,0.683525044662788,0.59181757186796,0.484451701301134,0.391966742200575,0.351583042724468,0.318294638415844,0.286681680133657,0.260957697930701,0.235713724472046,0.211542403586667,0.189097687495205,0.165711254781288,0.143921395636932,0.122194573880058,0.0963193355145798,0.0740537724019287,0.0646088038007212,0.0911424019989636,0.109337974377619,0.121535067854208,0.129156110039206,0.130727955935771,0.130084934261695,0.115833270962014,0.0968817208238608,0.0822043825558355
0.748399721731797,0.856042620086022,0.959607531163385,1,0.975334129277545,0.888944828000972,0.74444167462331,0.653309296951622,0.542382528273488,0.445415647257579,0.40370808594027,0.368930547268872,0.335424429686076,0.31121873857832,0.287808594122375,0.264293714987725,0.241828113663745,0.217150212775005,0.193320714891517,0.171460761431034,0.147409435464481,0.125043744270223,0.115682806096949,0.145014105643283,0.163899163789869,0.175697026856493,0.179017645942652,0.17626757272058,0.172018086872526,0.155375185137342,0.132186155518789,0.113813901115327
0.715970775294078,0.822222970715319,0.925740204222667,0.975334129277545,1,0.968117388208203,0.873460458632257,0.791030789076702,0.677496446198995,0.5741154766364,0.532065023338569,0.495943064987171,0.459657919711779,0.437172865253462,0.414948698233441,0.390374000724396,0.369453619937037,0.346269794526371,0.321069367044051,0.298817506581819,0.274076840583962,0.247538132839777,0.234999002957057,0.266603672038554,0.283888255379085,0.292491741918854,0.290823542134766,0.281549559707886,0.271371220759028,0.2524539675143,0.221347304061113,0.1953687395971
0.636300860268548,0.734613048225986,0.831878144875792,0.888944828000972,0.968117388208203,1,0.967577993223777,0.899959914680136,0.790264195842748,0.685794145569824,0.645872310327965,0.610387433189177,0.57312109190821,0.553934960372121,0.534387344115275,0.510081319120962,0.492167108483685,0.472066934209611,0.446819583545122,0.42545528848286,0.401413665226335,0.371728247771973,0.356333157289767,0.388625422824061,0.403058822490808,0.407522080159992,0.400292260721944,0.384169971078152,0.367872765082885,0.347507149802739,0.309277745536545,0.276222700597056
0.514885678435174,0.598844174852697,0.683525044662788,0.74444167462331,0.873460458632257,0.967577993223777,1,0.951682249215869,0.852939877571261,0.754117226686775,0.71891935010792,0.686368047839649,0.650518623097539,0.635897572470776,0.620310848987513,0.597845132919897,0.584118698466124,0.568425568325797,0.544761096302818,0.525671186919618,0.503886736509495,0.472945288743424,0.455664617071847,0.486565103920892,0.497191749719437,0.497192287959226,0.484821589223636,0.462835247937323,0.441420768310463,0.420909773641643,0.377967039738744,0.339911206722631
0.437920301941755,0.513770465548343,0.59181757186796,0.653309296951622,0.791030789076702,0.899959914680136,0.951682249215869,1,0.972027664854866,0.919352368716383,0.894069520605771,0.862376673436611,0.824918264681377,0.808787303592069,0.789040910957846,0.760529102933221,0.744811136741294,0.727729491122333,0.699815286233815,0.676349854920004,0.647608076739454,0.607281134169318,0.580536535115208,0.599215562267643,0.597167488338595,0.585968705571267,0.576931108995463,0.554635324457953,0.53178763586398,0.508229229967495,0.4570165691192,0.411442340602687
0.351586085235341,0.416433226405389,0.484451701301134,0.542382528273488,0.677496446198995,0.790264195842748,0.852939877571261,0.972027664854866,1,0.986040628972543,0.969951591028653,0.940941479414335,0.904659328732093,0.888378899725754,0.866691050565566,0.835374830804226,0.819114586671248,0.802039093765149,0.772660119912211,0.747340909367284,0.715108259823823,0.670205159253953,0.637951694705524,0.646071111152073,0.634473439806233,0.615451549238617,0.609590492563264,0.588542440137099,0.566111483410473,0.541741224392424,0.487536565547344,0.439184079188541
0.278500710880677,0.333356249527825,0.391966742200575,0.445415647257579,0.5741154766364,0.685794145569824,0.754117226686775,0.919352368716383,0.986040628972543,1,0.990972418881186,0.964844440621065,0.930622151051707,0.914785873556046,0.89245448963663,0.860208298296019,0.844113047040825,0.827618895632289,0.798194209817422,0.772416325403925,0.738798015446352,0.692167990888371,0.657098943553621,0.657457932933294,0.639482106731708,0.615556893215112,0.612145840009419,0.592693560069897,0.571315979299996,0.547193638803199,0.492699420645963,0.444011158279555
0.246138707144838,0.296811213473248,0.351583042724468,0.40370808594027,0.532065023338569,0.645872310327965,0.71891935010792,0.894069520605771,0.969951591028653,0.990972418881186,1,0.991236185976465,0.970971878164791,0.95812161313697,0.933623621497435,0.8989702946462,0.881167248737817,0.862968183263104,0.831494787050187,0.804382818371227,0.769836135606248,0.721611607174369,0.684309556680678,0.679716166749459,0.657253782566537,0.629656579825135,0.628329077552637,0.609841812410424,0.58890698452786,0.565373320487862,0.51002728245105,0.460286437985893
0.219846799849633,0.266917415128869,0.318294638415844,0.368930547268872,0.495943064987171,0.610387433189177,0.686368047839649,0.862376673436611,0.940941479414335,0.964844440621065,0.991236185976465,1,0.994060319482578,0.98440153621709,0.95814100805077,0.921672014435495,0.902359644683243,0.882599782440195,0.849502610752664,0.821494557731281,0.786713762354272,0.737826065492135,0.699200030476219,0.690719767410757,0.664915650747784,0.634675492364199,0.635150237806933,0.617698553017081,0.597378800595897,0.574765612998566,0.51941662375964,0.469389608852026
0.195293373614782,0.238777174773183,0.286681680133657,0.335424429686076,0.459657919711779,0.57312109190821,0.650518623097539,0.824918264681377,0.904659328732093,0.930622151051707,0.970971878164791,0.994060319482578,1,0.993097592449872,0.965730596278085,0.928245703777605,0.907944037292025,0.887158361724619,0.85315900679176,0.824781300315942,0.790265337063135,0.741474641109153,0.702266160494329,0.690695334340279,0.662477739108259,0.630458159060991,0.632411420259828,0.616042545905515,0.596496918081106,0.574939637361784,0.520316590605634,0.470712155557467
0.171477181701547,0.213578291398725,0.260957697930701,0.31121873857832,0.437172865253462,0.553934960372121,0.635897572470776,0.808787303592069,0.888378899725754,0.914785873556046,0.95812161313697,0.98440153621709,0.993097592449872,1,0.989140942048265,0.964642293834141,0.94837412676755,0.924441732763606,0.887214093710752,0.857255118401833,0.822789511801393,0.773098544511553,0.732360340159424,0.717245985713974,0.685523148357758,0.650481289856544,0.653476353567702,0.637226945162168,0.61748316724958,0.598355304483762,0.543995970208536,0.493837852468897
0.147473378961176,0.188470619004065,0.235713724472046,0.287808594122375,0.414948698233441,0.534387344115275,0.620310848987513,0.789040910957846,0.866691050565566,0.89245448963663,0.933623621497435,0.95814100805077,0.965730596278085,0.989140942048265,1,0.992902997039869,0.982436470876312,0.955258229334386,0.914851733193168,0.883500704272899,0.84956477021364,0.799500347196546,0.757693294977779,0.739461239785921,0.704686175499626,0.667024797025435,0.670744805583373,0.654505479144222,0.634539404220467,0.618434568455265,0.565029910852526,0.514826382948778
0.125707210322419,0.165160004612631,0.211542403586667,0.264293714987725,0.390374000724396,0.510081319120962,0.597845132919897,0.760529102933221,0.835374830804226,0.860208298296019,0.8989702946462,0.921672014435495,0.928245703777605,0.964642293834141,0.992902997039869,1,0.994394367765911,0.965021312574442,0.922684329440442,0.890704843407337,0.857736556972888,0.808165163201627,0.766157273648136,0.745691998360856,0.708999465175767,0.669816607335567,0.674064146780811,0.658090925165958,0.638262111725222,0.624859296324589,0.573075438940155,0.523632601764192
0.106994197228004,0.144413022050528,0.189097687495205,0.241828113663745,0.369453619937037,0.492167108483685,0.584118698466124,0.744811136741294,0.819114586671248,0.844113047040825,0.881167248737817,0.902359644683243,0.907944037292025,0.94837412676755,0.982436470876312,0.994394367765911,1,0.986038597367377,0.9554857131903,0.929529206107629,0.895053767823857,0.843270853545244,0.799275535615119,0.777289193957492,0.738531108910435,0.697277460081091,0.699293824273527,0.681096180399096,0.659416927473044,0.645565220487292,0.592177138741225,0.541161770239763
0.0894132775152298,0.12394525265783,0.165711254781288,0.217150212775005,0.346269794526371,0.472066934209611,0.568425568325797,0.727729491122333,0.802039093765149,0.827618895632289,0.862968183263104,0.882599782440195,0.887158361724619,0.924441732763606,0.955258229334386,0.965021312574442,0.986038597367377,1,0.991274507066782,0.976368568651981,0.939149482556697,0.884028286117655,0.837460689571487,0.814835459368543,0.774535731936622,0.731482342006089,0.729304714821126,0.707413103915709,0.682818679299961,0.666458299706121,0.60997025027542,0.556495134036269
0.0737279883435993,0.105291804806069,0.143921395636932,0.193320714891517,0.321069367044051,0.446819583545122,0.544761096302818,0.699815286233815,0.772660119912211,0.798194209817422,0.831494787050187,0.849502610752664,0.85315900679176,0.887214093710752,0.914851733193168,0.922684329440442,0.9554857131903,0.991274507066782,1,0.994136417640937,0.95548156902921,0.898807955895419,0.851125139369068,0.828441633967397,0.787718570231246,0.744091994611897,0.73863749885428,0.714254723704123,0.68783907833974,0.669816413254715,0.611991627894058,0.557626982106733
0.0553874700434223,0.085072866041051,0.122194573880058,0.171460761431034,0.298817506581819,0.42545528848286,0.525671186919618,0.676349854920004,0.747340909367284,0.772416325403925,0.804382818371227,0.821494557731281,0.824781300315942,0.857255118401833,0.883500704272899,0.890704843407337,0.929529206107629,0.976368568651981,0.994136417640937,1,0.978106840758312,0.933404117796946,0.892809986122382,0.868969571582497,0.826217424896934,0.780369294057131,0.769829124800653,0.741112529215699,0.71133007555271,0.692581783723755,0.632943381395466,0.576820427063042
0.0304663426545613,0.0591472005917898,0.0963193355145798,0.147409435464481,0.274076840583962,0.401413665226335,0.503886736509495,0.647608076739454,0.715108259823823,0.738798015446352,0.769836135606248,0.786713762354272,0.790265337063135,0.822789511801393,0.84956477021364,0.857736556972888,0.895053767823857,0.939149482556697,0.95548156902921,0.978106840758312,1,0.987642038556123,0.966641259153814,0.940305320712929,0.893622978707107,0.843608593420912,0.825025191435083,0.789290320411971,0.753993433263308,0.735929330215908,0.674341331695693,0.615756627073172
0.0108189409043068,0.0379159313352231,0.0740537724019287,0.125043744270223,0.247538132839777,0.371728247771973,0.472945288743424,0.607281134169318,0.670205159253953,0.692167990888371,0.721611607174369,0.737826065492135,0.741474641109153,0.773098544511553,0.799500347196546,0.808165163201627,0.843270853545244,0.884028286117655,0.898807955895419,0.933404117796946,0.987642038556123,1,0.994361130771467,0.966905456023781,0.918609814442564,0.866900465527482,0.842795613630512,0.802805960304233,0.764374228173985,0.747346479547238,0.686066777817936,0.62731802383141
0.00199372701018252,0.0286153557988624,0.0646088038007212,0.115682806096949,0.234999002957057,0.356333157289767,0.455664617071847,0.580536535115208,0.637951694705524,0.657098943553621,0.684309556680678,0.699200030476219,0.702266160494329,0.732360340159424,0.757693294977779,0.766157273648136,0.799275535615119,0.837460689571487,0.851125139369068,0.892809986122382,0.966641259153814,0.994361130771467,1,0.980007367077385,0.937177579921942,0.889290935010291,0.861916008502437,0.81916590684754,0.778599586363189,0.759842087810098,0.696569610559189,0.63626796095852
0.0207411068136633,0.0511182566328884,0.0911424019989636,0.145014105643283,0.266603672038554,0.388625422824061,0.486565103920892,0.599215562267643,0.646071111152073,0.657457932933294,0.679716166749459,0.690719767410757,0.690695334340279,0.717245985713974,0.739461239785921,0.745691998360856,0.777289193957492,0.814835459368543,0.828441633967397,0.868969571582497,0.940305320712929,0.966905456023781,0.980007367077385,1,0.987849079152001,0.962503346351293,0.935331060471873,0.890664330912317,0.847817829026616,0.816371391401202,0.739626139945245,0.669672116441048
0.0348094645348062,0.0672766848571965,0.109337974377619,0.163899163789869,0.283888255379085,0.403058822490808,0.497191749719437,0.597167488338595,0.634473439806233,0.639482106731708,0.657253782566537,0.664915650747784,0.662477739108259,0.685523148357758,0.704686175499626,0.708999465175767,0.738531108910435,0.774535731936622,0.787718570231246,0.826217424896934,0.893622978707107,0.918609814442564,0.937177579921942,0.987849079152001,1,0.992965634270413,0.966706156895875,0.921782578645576,0.878344698572521,0.837859647869398,0.752721354074437,0.67716997066586
0.0451091875862829,0.0786294634949809,0.121535067854208,0.175697026856493,0.292491741918854,0.407522080159992,0.497192287959226,0.585968705571267,0.615451549238617,0.615556893215112,0.629656579825135,0.634675492364199,0.630458159060991,0.650481289856544,0.667024797025435,0.669816607335567,0.697277460081091,0.731482342006089,0.744091994611897,0.780369294057131,0.843608593420912,0.866900465527482,0.889290935010291,0.962503346351293,0.992965634270413,1,0.975463474735891,0.931467330722999,0.888545145833107,0.841782409989988,0.751489054589179,0.672780629218232
0.0571076182359833,0.0890588319378464,0.129156110039206,0.179017645942652,0.290823542134766,0.400292260721944,0.484821589223636,0.576931108995463,0.609590492563264,0.612145840009419,0.628329077552637,0.635150237806933,0.632411420259828,0.653476353567702,0.670744805583373,0.674064146780811,0.699293824273527,0.729304714821126,0.73863749885428,0.769829124800653,0.825025191435083,0.842795613630512,0.861916008502437,0.935331060471873,0.966706156895875,0.975463474735891,1,0.988712547756731,0.967750972537776,0.917349970919358,0.81688552243524,0.729894096160929
0.0636746647474713,0.0936639364362527,0.130727955935771,0.17626757272058,0.281549559707886,0.384169971078152,0.462835247937323,0.554635324457953,0.588542440137099,0.592693560069897,0.609841812410424,0.617698553017081,0.616042545905515,0.637226945162168,0.654505479144222,0.658090925165958,0.681096180399096,0.707413103915709,0.714254723704123,0.741112529215699,0.789290320411971,0.802805960304233,0.81916590684754,0.890664330912317,0.921782578645576,0.931467330722999,0.988712547756731,1,0.994569741567709,0.943103294101124,0.838528691121386,0.74833495665222
0.0673912898908847,0.0956197640572651,0.130084934261695,0.172018086872526,0.271371220759028,0.367872765082885,0.441420768310463,0.53178763586398,0.566111483410473,0.571315979299996,0.58890698452786,0.597378800595897,0.596496918081106,0.61748316724958,0.634539404220467,0.638262111725222,0.659416927473044,0.682818679299961,0.68783907833974,0.71133007555271,0.753993433263308,0.764374228173985,0.778599586363189,0.847817829026616,0.878344698572521,0.888545145833107,0.967750972537776,0.994569741567709,1,0.9484764680226,0.842434635872395,0.75121343984418
0.0584580989309552,0.0842144912094836,0.115833270962014,0.155375185137342,0.2524539675143,0.347507149802739,0.420909773641643,0.508229229967495,0.541741224392424,0.547193638803199,0.565373320487862,0.574765612998566,0.574939637361784,0.598355304483762,0.618434568455265,0.624859296324589,0.645565220487292,0.666458299706121,0.669816413254715,0.692581783723755,0.735929330215908,0.747346479547238,0.759842087810098,0.816371391401202,0.837859647869398,0.841782409989988,0.917349970919358,0.943103294101124,0.9484764680226,1,0.969716665507786,0.921585069564754
0.0471628510313348,0.0693981607366335,0.0968817208238608,0.132186155518789,0.221347304061113,0.309277745536545,0.377967039738744,0.4570165691192,0.487536565547344,0.492699420645963,0.51002728245105,0.51941662375964,0.520316590605634,0.543995970208536,0.565029910852526,0.573075438940155,0.592177138741225,0.60997025027542,0.611991627894058,0.632943381395466,0.674341331695693,0.686066777817936,0.696569610559189,0.739626139945245,0.752721354074437,0.751489054589179,0.81688552243524,0.838528691121386,0.842434635872395,0.969716665507786,1,0.98848176574578
0.0387354388081022,0.0581155296664808,0.0822043825558355,0.113813901115327,0.1953687395971,0.276222700597056,0.339911206722631,0.411442340602687,0.439184079188541,0.444011158279555,0.460286437985893,0.469389608852026,0.470712155557467,0.493837852468897,0.514826382948778,0.523632601764192,0.541161770239763,0.556495134036269,0.557626982106733,0.576820427063042,0.615756627073172,0.62731802383141,0.63626796095852,0.669672116441048,0.67716997066586,0.672780629218232,0.729894096160929,0.74833495665222,0.75121343984418,0.921585069564754,0.98848176574578,1
