1,0.905817241620039,0.873313640566415,0.848407005340722,0.822513696979267,0.799289751604221,0.779946060025535,0.756575893592193,0.72482487876415,0.693368739176777,0.655418587947428,0.621190944519172,0.58163955557791,0.527497239463908,0.479301790519754,0.431941918212487,0.39112688680141,0.33457352850841,0.281354150767729,0.232529488662161,0.191798437737509,0.154801485289109,0.10890575572374,0.064236896666707,0.0303524498759285,0.00450980565564438,-0.034619306104123,-0.0652228708049542,-0.100732279634915,-0.10936496491975,-0.0822544711674874,0.00376800189425267
0.905817241620039,1,0.971187898393558,0.951269584200015,0.931131162777718,0.912036764572171,0.894676738993359,0.875151261623805,0.847351844253074,0.819002827092795,0.781774509586485,0.748524010590666,0.70594346232781,0.649628830657915,0.601396365372298,0.554626664928379,0.511380097551164,0.456866677636368,0.406064952814985,0.358139946261025,0.315155786035531,0.275363681404647,0.227659957479742,0.183717228376378,0.145007609864059,0.119644284553249,0.0754243916273755,0.0452037870400137,0.00209968769958385,-0.0258977187693284,-0.0133697068997508,0.0701866407170772
0.873313640566415,0.971187898393558,1,0.98492082823077,0.966550358769316,0.948652974539075,0.934805056791136,0.917509204746834,0.893617482900522,0.869307039898957,0.837274975061176,0.80728037813199,0.769444527329133,0.718477249770608,0.673275353935675,0.629817323496634,0.588823463440548,0.536640019382088,0.488538019732636,0.442197959823563,0.399636306991663,0.361264338967856,0.313385172954011,0.271009548227517,0.232189148364322,0.206310162878153,0.161651563754313,0.128363510429904,0.0870557800538224,0.0482307453579754,0.0460159062949483,0.110353003826826
0.848407005340722,0.951269584200015,0.98492082823077,1,0.987517721912127,0.973858310438704,0.962344076899674,0.946008197313218,0.923324912722294,0.902221765324721,0.873941233530949,0.846269573926582,0.811845919955617,0.765891639834078,0.723523860096895,0.681617161437089,0.642348858859063,0.592149418891457,0.545011618256219,0.499419483148461,0.457114689294228,0.419139268486588,0.371881664126829,0.330315139320472,0.292530176000019,0.264336366311277,0.217848493446912,0.184483203652969,0.142213439001791,0.0982835438834758,0.0877655342993168,0.147975612157368
0.822513696979267,0.931131162777718,0.966550358769316,0.987517721912127,1,0.989982153778889,0.97944543871885,0.96564575911288,0.945564404100125,0.927593726960054,0.903175983650154,0.878599023252453,0.84740643820192,0.805876802003016,0.767414540657373,0.728294194526921,0.691274260084816,0.643109098440887,0.599255251672478,0.556796891260172,0.516580275936866,0.481859641329323,0.436098859678897,0.395594904844015,0.358708782019815,0.329426213406915,0.282535485808555,0.250280303282361,0.209707481383675,0.156483803323743,0.142360844025764,0.188668127723757
0.799289751604221,0.912036764572171,0.948652974539075,0.973858310438704,0.989982153778889,1,0.991806167087072,0.980466089084123,0.96461920031098,0.949616691787349,0.927801860289378,0.904094425855431,0.876234343137077,0.83881692788916,0.803631515341225,0.767378644488402,0.732636438564403,0.686460421149682,0.645825677970487,0.604744041360175,0.565267477111364,0.53149385690336,0.486482870196985,0.446712837754587,0.410114892122042,0.379864545567398,0.333400125764566,0.300838821706639,0.259337293600681,0.201590712500256,0.176525635886708,0.207094703799383
0.779946060025535,0.894676738993359,0.934805056791136,0.962344076899674,0.97944543871885,0.991806167087072,1,0.991638318358956,0.979007873520661,0.965711852799387,0.946001500426975,0.923663898485714,0.897780174320807,0.863613594288858,0.830691217679726,0.79667038965662,0.763571581314745,0.71988185113404,0.680620155369257,0.641354008592951,0.603778020061443,0.571147544962371,0.527515886456072,0.488475453608422,0.452285551198463,0.422268454024089,0.375228021846606,0.341482405843643,0.298941720091068,0.230555919146668,0.198151891523476,0.213345475593984
0.756575893592193,0.875151261623805,0.917509204746834,0.946008197313218,0.96564575911288,0.980466089084123,0.991638318358956,1,0.992189945022499,0.981208579105651,0.965051204827676,0.945991920906401,0.921688425003712,0.88930596563374,0.859145321351537,0.826737385051639,0.794342774990855,0.753520147490624,0.715854537259199,0.678747832039244,0.643241202122644,0.611903158538706,0.570105303964089,0.531948887507502,0.496959833247262,0.467193174323342,0.421530572612944,0.388471532075144,0.345834942333801,0.268427162163778,0.229161720339231,0.236179287304179
0.72482487876415,0.847351844253074,0.893617482900522,0.923324912722294,0.945564404100125,0.96461920031098,0.979007873520661,0.992189945022499,1,0.993219407409327,0.980826327049768,0.964781232045238,0.944175344832351,0.91552443492479,0.888141516440149,0.85849320973935,0.828325308206567,0.791295773983448,0.756790262259915,0.721581529308822,0.687608959196622,0.658118852449927,0.61749031317641,0.580478379698443,0.547327627739596,0.517741610154805,0.474601724398769,0.439255928684835,0.39654421834621,0.305951310449707,0.258284295436858,0.253657380048526
0.693368739176777,0.819002827092795,0.869307039898957,0.902221765324721,0.927593726960054,0.949616691787349,0.965711852799387,0.981208579105651,0.993219407409327,1,0.992150871570809,0.979578645135569,0.962219383324333,0.937833516043631,0.913411995459447,0.886014805250385,0.858948066552996,0.825358636429189,0.793128859453677,0.760073331202743,0.728542382165126,0.700291186454417,0.661060782992344,0.624537857513657,0.592274138447833,0.56380311389607,0.521614536118932,0.485329728728453,0.442905965985899,0.345288272258042,0.290067021909166,0.27184842060655
0.655418587947428,0.781774509586485,0.837274975061176,0.873941233530949,0.903175983650154,0.927801860289378,0.946001500426975,0.965051204827676,0.980826327049768,0.992150871570809,1,0.992349384186763,0.978346785944901,0.957969231560094,0.936868543032072,0.913495800680826,0.889546040631798,0.859548119472958,0.829838466688287,0.798992791886921,0.77019905368045,0.744248510311595,0.706839943635693,0.671928019878109,0.641040124535439,0.61386564144375,0.572608529814974,0.535590386472087,0.492786216511719,0.384719263259035,0.317510435864099,0.290424270097227
0.621190944519172,0.748524010590666,0.80728037813199,0.846269573926582,0.878599023252453,0.904094425855431,0.923663898485714,0.945991920906401,0.964781232045238,0.979578645135569,0.992349384186763,1,0.991001699355292,0.974347284432303,0.955970684647966,0.935144362966339,0.913500050327706,0.886636855580385,0.858614936194596,0.829767863115559,0.803174354091723,0.778110938127847,0.742925254237069,0.709510520247103,0.679931562162125,0.654517545361763,0.614776883126307,0.577665690366917,0.534416780738651,0.418048743427463,0.343597448185209,0.306075551584178
0.58163955557791,0.70594346232781,0.769444527329133,0.811845919955617,0.84740643820192,0.876234343137077,0.897780174320807,0.921688425003712,0.944175344832351,0.962219383324333,0.978346785944901,0.991001699355292,1,0.990264610405577,0.97598441784624,0.959314113752576,0.940535629321881,0.916633150574295,0.892252955941459,0.866578047799911,0.84224483331964,0.818996649458973,0.786655503514385,0.756187415582586,0.728122802246462,0.705032383978362,0.667210764330901,0.631286966144305,0.5882775236479,0.463762145674791,0.377597193953364,0.327710390798216
0.527497239463908,0.649628830657915,0.718477249770608,0.765891639834078,0.805876802003016,0.83881692788916,0.863613594288858,0.88930596563374,0.91552443492479,0.937833516043631,0.957969231560094,0.974347284432303,0.990264610405577,1,0.992578510674786,0.979751703406559,0.965925075774276,0.947533964550648,0.927199783438403,0.904951881664762,0.88307349152253,0.861958512640001,0.833056964746798,0.805331015346879,0.779306779816206,0.75668488676781,0.721978305509919,0.684220056280238,0.641107320544184,0.506833422508488,0.409767520465518,0.349868111129525
0.479301790519754,0.601396365372298,0.673275353935675,0.723523860096895,0.767414540657373,0.803631515341225,0.830691217679726,0.859145321351537,0.888141516440149,0.913411995459447,0.936868543032072,0.955970684647966,0.97598441784624,0.992578510674786,1,0.992446080111232,0.982436906617934,0.968179824652108,0.952083250280958,0.932346999561897,0.912709250252612,0.893894034325966,0.86823855690984,0.843017657709209,0.818617171261114,0.796793474735935,0.7644241864182,0.72717283924563,0.685060801457753,0.543761461845629,0.441534746243933,0.369487836404779
0.431941918212487,0.554626664928379,0.629817323496634,0.681617161437089,0.728294194526921,0.767378644488402,0.79667038965662,0.826737385051639,0.85849320973935,0.886014805250385,0.913495800680826,0.935144362966339,0.959314113752576,0.979751703406559,0.992446080111232,1,0.993746243966577,0.982820760277509,0.968901769205148,0.951375516061898,0.933656076147165,0.917468061102496,0.895085729173675,0.871837493604031,0.849864496886365,0.829403917767216,0.798212949382965,0.762655949061094,0.722275475155424,0.57800239505096,0.465696297033682,0.375782514252918
0.39112688680141,0.511380097551164,0.588823463440548,0.642348858859063,0.691274260084816,0.732636438564403,0.763571581314745,0.794342774990855,0.828325308206567,0.858948066552996,0.889546040631798,0.913500050327706,0.940535629321881,0.965925075774276,0.982436906617934,0.993746243966577,1,0.992627476562456,0.981290346661187,0.966175743557955,0.951031569524782,0.936380131532984,0.91697158354182,0.89519777538608,0.875144916065142,0.855464050884843,0.826186677462484,0.789862298929809,0.75030522088446,0.5993508898438,0.479916595538633,0.38494939763229
0.33457352850841,0.456866677636368,0.536640019382088,0.592149418891457,0.643109098440887,0.686460421149682,0.71988185113404,0.753520147490624,0.791295773983448,0.825358636429189,0.859548119472958,0.886636855580385,0.916633150574295,0.947533964550648,0.968179824652108,0.982820760277509,0.992627476562456,1,0.993347807906239,0.982204146614861,0.969855028102101,0.958139394960162,0.942377880568304,0.923725804762325,0.905925020230429,0.887639984942427,0.861040906779453,0.826656892769483,0.789175490911912,0.631935933525828,0.502689929889887,0.393377445916304
0.281354150767729,0.406064952814985,0.488538019732636,0.545011618256219,0.599255251672478,0.645825677970487,0.680620155369257,0.715854537259199,0.756790262259915,0.793128859453677,0.829838466688287,0.858614936194596,0.892252955941459,0.927199783438403,0.952083250280958,0.968901769205148,0.981290346661187,0.993347807906239,1,0.993501570710906,0.983608760743098,0.973794755793606,0.959854080873645,0.94440481348376,0.929024410423859,0.911179703333793,0.888010562980863,0.853753806701216,0.817345430090547,0.657199528681712,0.521283725333043,0.395723276384551
0.232529488662161,0.358139946261025,0.442197959823563,0.499419483148461,0.556796891260172,0.604744041360175,0.641354008592951,0.678747832039244,0.721581529308822,0.760073331202743,0.798992791886921,0.829767863115559,0.866578047799911,0.904951881664762,0.932346999561897,0.951375516061898,0.966175743557955,0.982204146614861,0.993501570710906,1,0.993701743641537,0.9858316103906,0.974850143454464,0.962479375195308,0.948721182536582,0.932392370629119,0.912130236830337,0.880014196518151,0.845022524219316,0.682162254226254,0.54631291455643,0.404469705031231
0.191798437737509,0.315155786035531,0.399636306991663,0.457114689294228,0.516580275936866,0.565267477111364,0.603778020061443,0.643241202122644,0.687608959196622,0.728542382165126,0.77019905368045,0.803174354091723,0.84224483331964,0.88307349152253,0.912709250252612,0.933656076147165,0.951031569524782,0.969855028102101,0.983608760743098,0.993701743641537,1,0.994217766414969,0.986410325052994,0.976500988841222,0.9647558062904,0.949399209989014,0.930834718810796,0.900945549474135,0.867587003040699,0.702697493532404,0.565075759125079,0.410390038409395
0.154801485289109,0.275363681404647,0.361264338967856,0.419139268486588,0.481859641329323,0.53149385690336,0.571147544962371,0.611903158538706,0.658118852449927,0.700291186454417,0.744248510311595,0.778110938127847,0.818996649458973,0.861958512640001,0.893894034325966,0.917468061102496,0.936380131532984,0.958139394960162,0.973794755793606,0.9858316103906,0.994217766414969,1,0.993572808213402,0.985493623790642,0.975382782609893,0.960944390701921,0.943033950188802,0.914442038233889,0.883572207897535,0.715067509399507,0.572473828626041,0.413917692874473
0.10890575572374,0.227659957479742,0.313385172954011,0.371881664126829,0.436098859678897,0.486482870196985,0.527515886456072,0.570105303964089,0.61749031317641,0.661060782992344,0.706839943635693,0.742925254237069,0.786655503514385,0.833056964746798,0.86823855690984,0.895085729173675,0.91697158354182,0.942377880568304,0.959854080873645,0.974850143454464,0.986410325052994,0.993572808213402,1,0.994664766745426,0.986259808915471,0.974622553069288,0.959274628092351,0.933541137854632,0.905631170166716,0.739802272480335,0.592353226506776,0.419801153176515
0.064236896666707,0.183717228376378,0.271009548227517,0.330315139320472,0.395594904844015,0.446712837754587,0.488475453608422,0.531948887507502,0.580478379698443,0.624537857513657,0.671928019878109,0.709510520247103,0.756187415582586,0.805331015346879,0.843017657709209,0.871837493604031,0.89519777538608,0.923725804762325,0.94440481348376,0.962479375195308,0.976500988841222,0.985493623790642,0.994664766745426,1,0.994063423695568,0.9837363788014,0.970386898533774,0.945637067799195,0.920360448682162,0.752927565216694,0.601278417976566,0.422919593530886
0.0303524498759285,0.145007609864059,0.232189148364322,0.292530176000019,0.358708782019815,0.410114892122042,0.452285551198463,0.496959833247262,0.547327627739596,0.592274138447833,0.641040124535439,0.679931562162125,0.728122802246462,0.779306779816206,0.818617171261114,0.849864496886365,0.875144916065142,0.905925020230429,0.929024410423859,0.948721182536582,0.9647558062904,0.975382782609893,0.986259808915471,0.994063423695568,1,0.991877362215653,0.980090101301341,0.956954893767104,0.933383474207226,0.76639759012089,0.610412962278159,0.426984337710427
0.00450980565564438,0.119644284553249,0.206310162878153,0.264336366311277,0.329426213406915,0.379864545567398,0.422268454024089,0.467193174323342,0.517741610154805,0.56380311389607,0.61386564144375,0.654517545361763,0.705032383978362,0.75668488676781,0.796793474735935,0.829403917767216,0.855464050884843,0.887639984942427,0.911179703333793,0.932392370629119,0.949399209989014,0.960944390701921,0.974622553069288,0.9837363788014,0.991877362215653,1,0.991514084060192,0.97386727540533,0.95223252394284,0.794918228520179,0.632651167747943,0.429923926152356
-0.034619306104123,0.0754243916273755,0.161651563754313,0.217848493446912,0.282535485808555,0.333400125764566,0.375228021846606,0.421530572612944,0.474601724398769,0.521614536118932,0.572608529814974,0.614776883126307,0.667210764330901,0.721978305509919,0.7644241864182,0.798212949382965,0.826186677462484,0.861040906779453,0.888010562980863,0.912130236830337,0.930834718810796,0.943033950188802,0.959274628092351,0.970386898533774,0.980090101301341,0.991514084060192,1,0.985256705463061,0.96621393147229,0.818766448913499,0.655045668233641,0.432716463084379
-0.0652228708049542,0.0452037870400137,0.128363510429904,0.184483203652969,0.250280303282361,0.300838821706639,0.341482405843643,0.388471532075144,0.439255928684835,0.485329728728453,0.535590386472087,0.577665690366917,0.631286966144305,0.684220056280238,0.72717283924563,0.762655949061094,0.789862298929809,0.826656892769483,0.853753806701216,0.880014196518151,0.900945549474135,0.914442038233889,0.933541137854632,0.945637067799195,0.956954893767104,0.97386727540533,0.985256705463061,1,0.987279685600106,0.872967258989957,0.7115516360193,0.462861826906157
-0.100732279634915,0.00209968769958385,0.0870557800538224,0.142213439001791,0.209707481383675,0.259337293600681,0.298941720091068,0.345834942333801,0.39654421834621,0.442905965985899,0.492786216511719,0.534416780738651,0.5882775236479,0.641107320544184,0.685060801457753,0.722275475155424,0.75030522088446,0.789175490911912,0.817345430090547,0.845022524219316,0.867587003040699,0.883572207897535,0.905631170166716,0.920360448682162,0.933383474207226,0.95223252394284,0.96621393147229,0.987279685600106,1,0.898555671598708,0.740979983030072,0.469272084424639
-0.10936496491975,-0.0258977187693284,0.0482307453579754,0.0982835438834758,0.156483803323743,0.201590712500256,0.230555919146668,0.268427162163778,0.305951310449707,0.345288272258042,0.384719263259035,0.418048743427463,0.463762145674791,0.506833422508488,0.543761461845629,0.57800239505096,0.5993508898438,0.631935933525828,0.657199528681712,0.682162254226254,0.702697493532404,0.715067509399507,0.739802272480335,0.752927565216694,0.76639759012089,0.794918228520179,0.818766448913499,0.872967258989957,0.898555671598708,1,0.858538743901975,0.505288434614254
-0.0822544711674874,-0.0133697068997508,0.0460159062949483,0.0877655342993168,0.142360844025764,0.176525635886708,0.198151891523476,0.229161720339231,0.258284295436858,0.290067021909166,0.317510435864099,0.343597448185209,0.377597193953364,0.409767520465518,0.441534746243933,0.465696297033682,0.479916595538633,0.502689929889887,0.521283725333043,0.54631291455643,0.565075759125079,0.572473828626041,0.592353226506776,0.601278417976566,0.610412962278159,0.632651167747943,0.655045668233641,0.7115516360193,0.740979983030072,0.858538743901975,1,0.651297995698149
0.00376800189425267,0.0701866407170772,0.110353003826826,0.147975612157368,0.188668127723757,0.207094703799383,0.213345475593984,0.236179287304179,0.253657380048526,0.27184842060655,0.290424270097227,0.306075551584178,0.327710390798216,0.349868111129525,0.369487836404779,0.375782514252918,0.38494939763229,0.393377445916304,0.395723276384551,0.404469705031231,0.410390038409395,0.413917692874473,0.419801153176515,0.422919593530886,0.426984337710427,0.429923926152356,0.432716463084379,0.462861826906157,0.469272084424639,0.505288434614254,0.651297995698149,1
