1,0.984382555920355,0.903003164409843,0.684323543757461,0.612362486361694,0.578619842593854,0.508350454717953,0.43044287782268,0.412152753766636,0.377441043839795,0.325252516776781,0.314073063775152,0.310523589652132,0.297612624355338,0.284122099443692,0.286630070691824,0.282128710863173,0.271983869589975,0.270229496465418,0.265809273903474,0.255245226833821,0.242552815371699,0.226948376789586,0.203609739492996,0.178952916713739,0.0903603180939539,0.0288399337164918,0.00324023986701881,0.0279738989856611,0.0464392377495336,0.0481393448483856,0.0487486614473452
0.984382555920355,1,0.964534414813151,0.802002610615076,0.740242157996457,0.702131612161806,0.62030069578129,0.529418362312767,0.511314782158053,0.473494663611496,0.414159651306959,0.399385367174375,0.391813163038715,0.372289613021735,0.352115932765464,0.352165517148161,0.343699048681275,0.328579209706037,0.326238592847984,0.321521859211267,0.309329808762155,0.294670401530446,0.276948400862765,0.249594072497429,0.220374428481651,0.127778727479589,0.0585851582950272,0.0289624228479704,0.0456718162555534,0.0548310081620356,0.0551378468133662,0.055200324940055
0.903003164409843,0.964534414813151,1,0.931226126494614,0.888396993749371,0.845981278687154,0.751633469589468,0.646648226133862,0.629890328888225,0.589636416735557,0.523079789924469,0.503785381935963,0.490627390103856,0.462338562884055,0.43333207342268,0.42969264818314,0.415779445476405,0.394090416528297,0.391008610327274,0.386125021876957,0.372209849056967,0.35546431997452,0.335610771753757,0.303846026492467,0.269505436054442,0.176359754569531,0.0997353351680815,0.0658247304772471,0.0695187025263927,0.064185001561016,0.0623847148045158,0.061623587871171
0.684323543757461,0.802002610615076,0.931226126494614,1,0.988351808080301,0.944986062564195,0.844464933002637,0.732369036321711,0.719442191356247,0.680567498660299,0.611876514329474,0.588612971919711,0.5692919925233,0.53223181639927,0.494445235605756,0.486140954940754,0.466345672895392,0.438140336998596,0.434398035100063,0.429859069718284,0.415203188298624,0.397549010473874,0.377090035260988,0.342975892812204,0.30560816885836,0.222670175733956,0.144807899049086,0.108969752012195,0.0942585831159342,0.0695427416058076,0.0650451433404762,0.0632364920571985
0.612362486361694,0.740242157996457,0.888396993749371,0.988351808080301,1,0.981150303131465,0.908529053330214,0.8159842249515,0.802061747169987,0.759281527043854,0.683278734301355,0.656878957022031,0.634493276676548,0.592298394691035,0.549221597453929,0.538742446807532,0.515569315784099,0.483194205819089,0.477828771349473,0.471627325778343,0.454410799604845,0.434500076592044,0.413095385222321,0.376583498212191,0.33631143067379,0.246725531516189,0.161608399773742,0.12232600204931,0.104599594909526,0.0760036750408109,0.0708751964020018,0.068816212513468
0.578619842593854,0.702131612161806,0.845981278687154,0.944986062564195,0.981150303131465,1,0.972145996651532,0.91201221732502,0.895249320954313,0.846100964455279,0.759825612988014,0.730082393488485,0.705226386593967,0.658353989292106,0.610367227348484,0.598229159639443,0.572011344813045,0.535621909191354,0.528024385877305,0.519179315573247,0.498348806686885,0.475350237203254,0.452749863026948,0.413465767707658,0.36989351504807,0.266733658172274,0.171129638306951,0.127337271426806,0.111506690068118,0.0838487407669163,0.0787140619948706,0.0766446616070624
0.508350454717953,0.62030069578129,0.751633469589468,0.844464933002637,0.908529053330214,0.972145996651532,1,0.982225262367719,0.962867541751066,0.908488262758638,0.814129479152835,0.78183965477672,0.755248132029458,0.70507983337303,0.653571762535453,0.640037288349146,0.611456420853939,0.572043775015502,0.562124404773002,0.550521631690469,0.526364382815235,0.500787145378567,0.477882794671746,0.437228779481816,0.391863733658209,0.277472693774671,0.17399840428346,0.126957136602521,0.114228740582956,0.0891110865788984,0.0842292964400128,0.0822522134465947
0.43044287782268,0.529418362312767,0.646648226133862,0.732369036321711,0.8159842249515,0.91201221732502,0.982225262367719,1,0.986340424448063,0.937687921748513,0.84830560396272,0.816742571023269,0.789010256877573,0.736649362684022,0.682767091077464,0.668210081952007,0.637957875699676,0.596436581565963,0.584181113884252,0.569749740835454,0.542493781906292,0.514630406597237,0.491691087201423,0.450397044745659,0.404133967874976,0.282882440722796,0.174758546200865,0.125827561932838,0.11371281711575,0.0897775358755041,0.085043532107113,0.0831228616774701
0.412152753766636,0.511314782158053,0.629890328888225,0.719442191356247,0.802061747169987,0.895249320954313,0.962867541751066,0.986340424448063,1,0.982116056530023,0.923938314170413,0.898614400033065,0.868200610881729,0.810690938198617,0.751466246006349,0.735402837713768,0.702067328303806,0.656333493337429,0.640807036792467,0.622306214859497,0.589988064911139,0.557728110470596,0.5325063546569,0.487461876873739,0.437109428482676,0.30826505374189,0.192300593822493,0.139666810169649,0.118751736350445,0.0882629417214119,0.0826730370053531,0.0804232568832984
0.377441043839795,0.473494663611496,0.589636416735557,0.680567498660299,0.759281527043854,0.846100964455279,0.908488262758638,0.937687921748513,0.982116056530023,1,0.979438237670471,0.962093985557584,0.929634009351017,0.868165623263204,0.804818330460798,0.787571166032,0.7518280440836,0.702811171227399,0.684066025301782,0.661533497023966,0.62451176372811,0.588307078854759,0.561321324285684,0.513498909293328,0.460158916694763,0.326951727103358,0.205909869423888,0.150806815992172,0.120533453885984,0.0835751988203411,0.0771942342010441,0.0746436386792958
0.325252516776781,0.414159651306959,0.523079789924469,0.611876514329474,0.683278734301355,0.759825612988014,0.814129479152835,0.84830560396272,0.923938314170413,0.979438237670471,1,0.9918952073992,0.958532148857726,0.895263706387397,0.830015386408379,0.812184933059751,0.775281872842142,0.724694315218836,0.703244892481307,0.67728736772478,0.636696283809479,0.597702925927744,0.569898999388069,0.520999681136598,0.466577370383492,0.333986938917374,0.212312873765026,0.156752887120509,0.117654432359874,0.0752321119969092,0.0682569853770146,0.0654853790005188
0.314073063775152,0.399385367174375,0.503785381935963,0.588612971919711,0.656878957022031,0.730082393488485,0.78183965477672,0.816742571023269,0.898614400033065,0.962093985557584,0.9918952073992,1,0.986137861618108,0.942429665154691,0.890739371661571,0.872085588264038,0.832936992457949,0.779049150283058,0.755560127682141,0.726942806423148,0.682671642857467,0.640411984333712,0.61092041089975,0.558768864676759,0.500635789574172,0.364558817274046,0.236490319960446,0.177597126584433,0.132087258949352,0.0821881331625055,0.0740900097116975,0.0708774462777635
0.310523589652132,0.391813163038715,0.490627390103856,0.5692919925233,0.634493276676548,0.705226386593967,0.755248132029458,0.789010256877573,0.868200610881729,0.929634009351017,0.958532148857726,0.986137861618108,1,0.984852650661316,0.953502758446615,0.934178358556901,0.892879110311566,0.835730354190217,0.810636035495231,0.779861100137649,0.732297959722787,0.687039451715138,0.655915236796174,0.60038278980282,0.538323384140508,0.399290886101523,0.264489289652025,0.202005686619519,0.151115454326071,0.0933271800417175,0.0839800251919865,0.0802735370987522
0.297612624355338,0.372289613021735,0.462338562884055,0.53223181639927,0.592298394691035,0.658353989292106,0.70507983337303,0.736649362684022,0.810690938198617,0.868165623263204,0.895263706387397,0.942429665154691,0.984852650661316,1,0.990834645217167,0.971382100053522,0.929059266197051,0.870196381965517,0.844168166949197,0.812050502434557,0.762456721341598,0.715405594635947,0.683497592595957,0.626077735962641,0.561754365739207,0.423753341811399,0.285910313402271,0.221526350516617,0.1665217228501,0.102201806877173,0.091826410925124,0.0877136108574147
0.284122099443692,0.352115932765464,0.43333207342268,0.494445235605756,0.549221597453929,0.610367227348484,0.653571762535453,0.682767091077464,0.751466246006349,0.804818330460798,0.830015386408379,0.890739371661571,0.953502758446615,0.990834645217167,1,0.987313268697502,0.951157061257263,0.897534188167725,0.872584039184003,0.839655111009671,0.788636495892777,0.740332440584422,0.708007441743531,0.649148800840175,0.582997696876183,0.448609672143354,0.309069221988997,0.243268992679311,0.182406480321574,0.110010758263148,0.0984174090337388,0.0938260955159003
0.286630070691824,0.352165517148161,0.42969264818314,0.486140954940754,0.538742446807532,0.598229159639443,0.640037288349146,0.668210081952007,0.735402837713768,0.787571166032,0.812184933059751,0.872085588264038,0.934178358556901,0.971382100053522,0.987313268697502,1,0.988107925987373,0.956162613193508,0.936511264769629,0.902385449850566,0.848730701664833,0.797924187361631,0.764337630308984,0.701913678531006,0.631362303660549,0.49979291327235,0.35421741566094,0.284562441538467,0.209572012347485,0.120845628464439,0.106872987330051,0.101351409151563
0.282128710863173,0.343699048681275,0.415779445476405,0.466345672895392,0.515569315784099,0.572011344813045,0.611456420853939,0.637957875699676,0.702067328303806,0.7518280440836,0.775281872842142,0.832936992457949,0.892879110311566,0.929059266197051,0.951157061257263,0.988107925987373,1,0.989818916104041,0.975773880907748,0.941314115475034,0.886403856615875,0.834402414232306,0.800406242930522,0.736039011261902,0.662932308173904,0.537273414981113,0.389373419000941,0.317669714318659,0.230811334350004,0.128416031535577,0.112477182230696,0.10618826287097
0.271983869589975,0.328579209706037,0.394090416528297,0.438140336998596,0.483194205819089,0.535621909191354,0.572043775015502,0.596436581565963,0.656333493337429,0.702811171227399,0.724694315218836,0.779049150283058,0.835730354190217,0.870196381965517,0.897534188167725,0.956162613193508,0.989818916104041,1,0.991442149548949,0.957403431505491,0.902494491158738,0.850488811158556,0.816833824602693,0.752031651444051,0.678108635955844,0.560583507964226,0.413665680565557,0.341584876059298,0.245581178748418,0.132702675754334,0.115281502798582,0.108415537770545
0.270229496465418,0.326238592847984,0.391008610327274,0.434398035100063,0.477828771349473,0.528024385877305,0.562124404773002,0.584181113884252,0.640807036792467,0.684066025301782,0.703244892481307,0.755560127682141,0.810636035495231,0.844168166949197,0.872584039184003,0.936511264769629,0.975773880907748,0.991442149548949,1,0.986484013503995,0.949966068723507,0.910046344510216,0.873772553473645,0.804220534063279,0.724964936249419,0.594312138499225,0.435233079293929,0.357588083466314,0.254063489026282,0.135218295314277,0.116952153857506,0.109757181938143
0.265809273903474,0.321521859211267,0.386125021876957,0.429859069718284,0.471627325778343,0.519179315573247,0.550521631690469,0.569749740835454,0.622306214859497,0.661533497023966,0.67728736772478,0.726942806423148,0.779861100137649,0.812050502434557,0.839655111009671,0.902385449850566,0.941314115475034,0.957403431505491,0.986484013503995,1,0.988307750950658,0.96501889187701,0.925921250240034,0.851656169433486,0.767236500835623,0.619378513376121,0.447191973966955,0.363908149552139,0.255473818095847,0.134483212222254,0.115940912538545,0.108640004618717
0.255245226833821,0.309329808762155,0.372209849056967,0.415203188298624,0.454410799604845,0.498348806686885,0.526364382815235,0.542493781906292,0.589988064911139,0.62451176372811,0.636696283809479,0.682671642857467,0.732297959722787,0.762456721341598,0.788636495892777,0.848730701664833,0.886403856615875,0.902494491158738,0.949966068723507,0.988307750950658,1,0.992751647327891,0.951975228912429,0.875126910486249,0.787950775043509,0.627671443470211,0.447466981489593,0.360957353988997,0.250586032072729,0.130535417220804,0.112186152610503,0.10496385593512
0.242552815371699,0.294670401530446,0.35546431997452,0.397549010473874,0.434500076592044,0.475350237203254,0.500787145378567,0.514630406597237,0.557728110470596,0.588307078854759,0.597702925927744,0.640411984333712,0.687039451715138,0.715405594635947,0.740332440584422,0.797924187361631,0.834402414232306,0.850488811158556,0.910046344510216,0.96501889187701,0.992751647327891,1,0.971988511334786,0.905143448155494,0.825104842917838,0.653455661588365,0.461625299863035,0.370001483247887,0.258098611960051,0.136534137249449,0.117880049386085,0.110533857613699
0.226948376789586,0.276948400862765,0.335610771753757,0.377090035260988,0.413095385222321,0.452749863026948,0.477882794671746,0.491691087201423,0.5325063546569,0.561321324285684,0.569898999388069,0.61092041089975,0.655915236796174,0.683497592595957,0.708007441743531,0.764337630308984,0.800406242930522,0.816833824602693,0.873772553473645,0.925921250240034,0.951975228912429,0.971988511334786,1,0.97970106494369,0.934778671739943,0.748921899152041,0.528695996162327,0.423549667444829,0.308494568856453,0.175338340812784,0.154470464133923,0.14622934879288
0.203609739492996,0.249594072497429,0.303846026492467,0.342975892812204,0.376583498212191,0.413465767707658,0.437228779481816,0.450397044745659,0.487461876873739,0.513498909293328,0.520999681136598,0.558768864676759,0.60038278980282,0.626077735962641,0.649148800840175,0.701913678531006,0.736039011261902,0.752031651444051,0.804220534063279,0.851656169433486,0.875126910486249,0.905143448155494,0.97970106494369,1,0.987014630034834,0.79725288248907,0.562539403128695,0.450505758484898,0.337846404916859,0.200687456876609,0.178853532095437,0.17021328726138
0.178952916713739,0.220374428481651,0.269505436054442,0.30560816885836,0.33631143067379,0.36989351504807,0.391863733658209,0.404133967874976,0.437109428482676,0.460158916694763,0.466577370383492,0.500635789574172,0.538323384140508,0.561754365739207,0.582997696876183,0.631362303660549,0.662932308173904,0.678108635955844,0.724964936249419,0.767236500835623,0.787950775043509,0.825104842917838,0.934778671739943,0.987014630034834,1,0.812659899558814,0.573203176962682,0.45892784478701,0.351483556396575,0.215129261132802,0.193159907847127,0.184452577147721
0.0903603180939539,0.127778727479589,0.176359754569531,0.222670175733956,0.246725531516189,0.266733658172274,0.277472693774671,0.282882440722796,0.30826505374189,0.326951727103358,0.333986938917374,0.364558817274046,0.399290886101523,0.423753341811399,0.448609672143354,0.49979291327235,0.537273414981113,0.560583507964226,0.594312138499225,0.619378513376121,0.627671443470211,0.653455661588365,0.748921899152041,0.79725288248907,0.812659899558814,1,0.943143311743635,0.890389446253855,0.690525699813456,0.376309995478314,0.327698731910382,0.308534091905815
0.0288399337164918,0.0585851582950272,0.0997353351680815,0.144807899049086,0.161608399773742,0.171129638306951,0.17399840428346,0.174758546200865,0.192300593822493,0.205909869423888,0.212312873765026,0.236490319960446,0.264489289652025,0.285910313402271,0.309069221988997,0.35421741566094,0.389373419000941,0.413665680565557,0.435233079293929,0.447191973966955,0.447466981489593,0.461625299863035,0.528695996162327,0.562539403128695,0.573203176962682,0.943143311743635,1,0.991066974744128,0.77012959138033,0.405292721638956,0.349383875474495,0.327370343249819
0.00324023986701881,0.0289624228479704,0.0658247304772471,0.108969752012195,0.12232600204931,0.127337271426806,0.126957136602521,0.125827561932838,0.139666810169649,0.150806815992172,0.156752887120509,0.177597126584433,0.202005686619519,0.221526350516617,0.243268992679311,0.284562441538467,0.317669714318659,0.341584876059298,0.357588083466314,0.363908149552139,0.360957353988997,0.370001483247887,0.423549667444829,0.450505758484898,0.45892784478701,0.890389446253855,0.991066974744128,1,0.777620994457158,0.404055217183132,0.346993202345179,0.324535434342523
0.0279738989856611,0.0456718162555534,0.0695187025263927,0.0942585831159342,0.104599594909526,0.111506690068118,0.114228740582956,0.11371281711575,0.118751736350445,0.120533453885984,0.117654432359874,0.132087258949352,0.151115454326071,0.1665217228501,0.182406480321574,0.209572012347485,0.230811334350004,0.245581178748418,0.254063489026282,0.255473818095847,0.250586032072729,0.258098611960051,0.308494568856453,0.337846404916859,0.351483556396575,0.690525699813456,0.77012959138033,0.777620994457158,1,0.88871120401134,0.858748837380053,0.846264877467958
0.0464392377495336,0.0548310081620356,0.064185001561016,0.0695427416058076,0.0760036750408109,0.0838487407669163,0.0891110865788984,0.0897775358755041,0.0882629417214119,0.0835751988203411,0.0752321119969092,0.0821881331625055,0.0933271800417175,0.102201806877173,0.110010758263148,0.120845628464439,0.128416031535577,0.132702675754334,0.135218295314277,0.134483212222254,0.130535417220804,0.136534137249449,0.175338340812784,0.200687456876609,0.215129261132802,0.376309995478314,0.405292721638956,0.404055217183132,0.88871120401134,1,0.998096942933886,0.996339285562563
0.0481393448483856,0.0551378468133662,0.0623847148045158,0.0650451433404762,0.0708751964020018,0.0787140619948706,0.0842292964400128,0.085043532107113,0.0826730370053531,0.0771942342010441,0.0682569853770146,0.0740900097116975,0.0839800251919865,0.091826410925124,0.0984174090337388,0.106872987330051,0.112477182230696,0.115281502798582,0.116952153857506,0.115940912538545,0.112186152610503,0.117880049386085,0.154470464133923,0.178853532095437,0.193159907847127,0.327698731910382,0.349383875474495,0.346993202345179,0.858748837380053,0.998096942933886,1,0.999714695957737
0.0487486614473452,0.055200324940055,0.061623587871171,0.0632364920571985,0.068816212513468,0.0766446616070624,0.0822522134465947,0.0831228616774701,0.0804232568832984,0.0746436386792958,0.0654853790005188,0.0708774462777635,0.0802735370987522,0.0877136108574147,0.0938260955159003,0.101351409151563,0.10618826287097,0.108415537770545,0.109757181938143,0.108640004618717,0.10496385593512,0.110533857613699,0.14622934879288,0.17021328726138,0.184452577147721,0.308534091905815,0.327370343249819,0.324535434342523,0.846264877467958,0.996339285562563,0.999714695957737,1
