1,0.965377523033824,0.885750088206201,0.842041673440901,0.784728805671595,0.759821846482613,0.73058148907984,0.706553771563695,0.681745497288985,0.662216550845593,0.637546749643489,0.608918719413891,0.577210240772353,0.534153887535394,0.512613865362557,0.504665166625742,0.49518531675097,0.478800324115769,0.466373393947536,0.45289005463916,0.442610589297914,0.43114962834744,0.429121786558771,0.42700690449154,0.430570694319373,0.431058718401519,0.433985528287185,0.430605916390903,0.437148767124257,0.439542551541557,0.440717667058789,0.428904571348089
0.965377523033824,1,0.974856582090085,0.932569125214211,0.874679498669088,0.850908005922466,0.820674034810294,0.79383612588403,0.767286508871886,0.748196520674728,0.724014403424304,0.695889303924364,0.663297821796999,0.616605002630413,0.593810198768895,0.586086223983794,0.574295642993962,0.553149500836617,0.538103663521192,0.522720425288476,0.511684694784709,0.499551412178494,0.496441597546865,0.492401264413506,0.498425156455469,0.502093303565602,0.505037719495386,0.49947716836028,0.507028836830227,0.510336642371679,0.510693892372478,0.495845342627291
0.885750088206201,0.974856582090085,1,0.975788931849231,0.930033015929885,0.908187982932939,0.878362570998195,0.850495489577214,0.823760793550933,0.806129935146065,0.783592726348427,0.757202240089738,0.725227597840184,0.676972674174914,0.653825685800505,0.64646510646919,0.632583644306777,0.607219506770382,0.589949001418019,0.573121028803387,0.561695291459431,0.549339808606818,0.545832796813675,0.540795234189861,0.548167180742399,0.553408538235135,0.555834458963747,0.548349609660285,0.556846854862379,0.561225621256078,0.561703055549817,0.545243146563627
0.842041673440901,0.932569125214211,0.975788931849231,1,0.986934007792241,0.965338612940692,0.935541696334295,0.908178564452496,0.881948713294648,0.865439386470415,0.843851177094229,0.818161417581029,0.786299729362186,0.736467375196576,0.71253115296518,0.704784960789451,0.68865853378565,0.659349124291654,0.639783453158902,0.621267035530442,0.609140613754184,0.596266090382406,0.593855201551148,0.590034531323842,0.59619407388687,0.598814879970056,0.599920743951682,0.591170528113058,0.601052959601026,0.606923318519352,0.609901950534533,0.594173575650632
0.784728805671595,0.874679498669088,0.930033015929885,0.986934007792241,1,0.987910976074477,0.964690940463302,0.939714136729168,0.915277880900319,0.900211375519884,0.880112354071717,0.855864247475172,0.824610966934184,0.773905572910493,0.749911691810129,0.742602529990292,0.72642028341591,0.696207607857896,0.675424477891389,0.655274929738506,0.642643565859255,0.62962311452747,0.628149727933814,0.625302831023123,0.631165082039679,0.632589809742356,0.633980445592298,0.625464605490951,0.636242630471672,0.642598034128549,0.646444331111616,0.630425721589228
0.759821846482613,0.850908005922466,0.908187982932939,0.965338612940692,0.987910976074477,1,0.992896880051573,0.971867362318124,0.949827538958674,0.935626058007381,0.916539679384775,0.893394915410865,0.861703918375307,0.808610528323118,0.784514704846342,0.778657999152639,0.765556519606064,0.738505041653974,0.717525171012554,0.694975810070082,0.681556749804166,0.668344457222276,0.667240130349797,0.664552473119265,0.672230194487003,0.675436742409687,0.680131679804198,0.674097282283843,0.68531859027879,0.69056181706536,0.692284861558182,0.673179265714764
0.73058148907984,0.820674034810294,0.878362570998195,0.935541696334295,0.964690940463302,0.992896880051573,1,0.989824298999986,0.974015263606724,0.960638816196087,0.94247317408869,0.920291014328401,0.888801505767575,0.834740188611746,0.810954120776239,0.806269813313832,0.795565417856013,0.770953270879836,0.750083908490496,0.726081714841268,0.712459868092426,0.69946438793161,0.699327817227997,0.697505778734665,0.707206707076251,0.712232091253927,0.719305104015969,0.714776660990777,0.725755587004988,0.729496660592137,0.73014770168475,0.709343101260646
0.706553771563695,0.79383612588403,0.850495489577214,0.908178564452496,0.939714136729168,0.971867362318124,0.989824298999986,1,0.995542881036913,0.982707693704438,0.965031349803525,0.943250499617504,0.912450040338216,0.858791307248766,0.835571703670702,0.831529685064206,0.821959716427089,0.798271385109849,0.777665923414554,0.753330506262578,0.740182586746647,0.727811613918823,0.729475323601747,0.729490491807686,0.741563130167993,0.748449123946281,0.756531614594523,0.75194544379361,0.761840687294839,0.763628269038963,0.764808036186944,0.74412724785873
0.681745497288985,0.767286508871886,0.823760793550933,0.881948713294648,0.915277880900319,0.949827538958674,0.974015263606724,0.995542881036913,1,0.993316314461638,0.979824726943514,0.959864417212718,0.930694827554857,0.878023153901001,0.855120129717856,0.850877012291567,0.843223478978828,0.822243552803813,0.802192312605395,0.776993452427076,0.76313672118912,0.750005087659514,0.751895279367882,0.752335537306035,0.765704538354789,0.773790826923988,0.782654387679835,0.778148765047357,0.786947276159242,0.786895533574909,0.788980867281363,0.769061346907755
0.662216550845593,0.748196520674728,0.806129935146065,0.865439386470415,0.900211375519884,0.935626058007381,0.960638816196087,0.982707693704438,0.993316314461638,1,0.995356613624585,0.978861998870782,0.952263833759691,0.900805667048567,0.877676756050742,0.872115933239682,0.867347925962708,0.851200451330868,0.831880904838301,0.80486159759445,0.788635500394811,0.772832513679355,0.77298520644795,0.772082218307249,0.785565301732016,0.794137081679392,0.803608271969649,0.79931409829817,0.80705634939979,0.805252537502924,0.808769413410596,0.790235397846408
0.637546749643489,0.724014403424304,0.783592726348427,0.843851177094229,0.880112354071717,0.916539679384775,0.94247317408869,0.965031349803525,0.979824726943514,0.995356613624585,1,0.992669798823078,0.972734618536759,0.924968447803122,0.902537325510474,0.895489079989311,0.892891348695281,0.88058551732043,0.86186989343664,0.833386510426252,0.816734359299148,0.800855647522256,0.800091480644736,0.79765687370333,0.810628968631352,0.818906151815668,0.827571186507967,0.822087845972369,0.827816820143761,0.82352249866048,0.826912014779681,0.80845998849214
0.608918719413891,0.695889303924364,0.757202240089738,0.818161417581029,0.855864247475172,0.893394915410865,0.920291014328401,0.943250499617504,0.959864417212718,0.978861998870782,0.992669798823078,1,0.990669504921222,0.949007268356724,0.928216182069839,0.919594445538557,0.918266543812734,0.90850253702514,0.890217462469277,0.860744934217951,0.845767374406992,0.832586957763225,0.831839394902754,0.827769705609898,0.839595782752042,0.846764588494614,0.853166330670745,0.845075995095587,0.847898539936076,0.840484635244651,0.842092134516851,0.822327958517304
0.577210240772353,0.663297821796999,0.725227597840184,0.786299729362186,0.824610966934184,0.861703918375307,0.888801505767575,0.912450040338216,0.930694827554857,0.952263833759691,0.972734618536759,0.990669504921222,1,0.98188572597662,0.967191445156118,0.952239402403864,0.946247156692819,0.933051316126781,0.913241673668102,0.883180742244714,0.872492078241698,0.865593679391806,0.865178532753388,0.858164483792069,0.866374399932792,0.869853665299336,0.871117849353426,0.858133360485344,0.859126083057908,0.850918668324978,0.855597453483916,0.838761338494876
0.534153887535394,0.616605002630413,0.676972674174914,0.736467375196576,0.773905572910493,0.808610528323118,0.834740188611746,0.858791307248766,0.878023153901001,0.900805667048567,0.924968447803122,0.949007268356724,0.98188572597662,1,0.994834122762058,0.970478425790965,0.955480653333429,0.934523245846525,0.912109065688136,0.882424976684857,0.878022086652834,0.879958220471366,0.88011426903541,0.869462885642107,0.872172302285462,0.870086329836758,0.864257733702322,0.845163075196174,0.845328831314125,0.838446546944692,0.849810742932589,0.839452852638233
0.512613865362557,0.593810198768895,0.653825685800505,0.71253115296518,0.749911691810129,0.784514704846342,0.810954120776239,0.835571703670702,0.855120129717856,0.877676756050742,0.902537325510474,0.928216182069839,0.967191445156118,0.994834122762058,1,0.986839737619428,0.972186472019236,0.944437421917639,0.919655579726333,0.890098435546066,0.887996457461942,0.893104048825249,0.892896783046307,0.880073487092427,0.880830027000332,0.877064818245729,0.867945398205523,0.845592630867891,0.844563122285757,0.83731659215699,0.848645983477125,0.838390457242024
0.504665166625742,0.586086223983794,0.64646510646919,0.704784960789451,0.742602529990292,0.778657999152639,0.806269813313832,0.831529685064206,0.850877012291567,0.872115933239682,0.895489079989311,0.919594445538557,0.952239402403864,0.970478425790965,0.986839737619428,1,0.992439587280659,0.958462680245992,0.931472789728899,0.901936881436248,0.899350512230095,0.903649267513248,0.902398609744581,0.888421304327161,0.889710058720997,0.887011931929091,0.877253609457505,0.853645792323095,0.851124694276254,0.842309210112803,0.848757804627277,0.834060482706484
0.49518531675097,0.574295642993962,0.632583644306777,0.68865853378565,0.72642028341591,0.765556519606064,0.795565417856013,0.821959716427089,0.843223478978828,0.867347925962708,0.892891348695281,0.918266543812734,0.946247156692819,0.955480653333429,0.972186472019236,0.992439587280659,1,0.984215643974349,0.964296114052166,0.935107724127291,0.928526862636045,0.926617332958407,0.921085711330103,0.903994477528626,0.904164124810835,0.901185529357228,0.893882418677507,0.872953147589144,0.868369139606969,0.855693069866272,0.860641221356234,0.845218899482047
0.478800324115769,0.553149500836617,0.607219506770382,0.659349124291654,0.696207607857896,0.738505041653974,0.770953270879836,0.798271385109849,0.822243552803813,0.851200451330868,0.88058551732043,0.90850253702514,0.933051316126781,0.934523245846525,0.944437421917639,0.958462680245992,0.984215643974349,1,0.992413526181485,0.964155136317268,0.951956826845885,0.941232302058976,0.929989579710948,0.909181610401268,0.907326678561782,0.903294473398972,0.900198875632886,0.884398709791973,0.877714700035964,0.860395542794199,0.866094404789451,0.85260682295017
0.466373393947536,0.538103663521192,0.589949001418019,0.639783453158902,0.675424477891389,0.717525171012554,0.750083908490496,0.777665923414554,0.802192312605395,0.831880904838301,0.86186989343664,0.890217462469277,0.913241673668102,0.912109065688136,0.919655579726333,0.931472789728899,0.964296114052166,0.992413526181485,1,0.987903445975721,0.977168870966615,0.959717816526561,0.944138721851419,0.920441375377502,0.914301327160945,0.905928814743516,0.901301413449941,0.88525122724102,0.879116724753941,0.862564368925236,0.869772816645424,0.857474455800971
0.45289005463916,0.522720425288476,0.573121028803387,0.621267035530442,0.655274929738506,0.694975810070082,0.726081714841268,0.753330506262578,0.776993452427076,0.80486159759445,0.833386510426252,0.860744934217951,0.883180742244714,0.882424976684857,0.890098435546066,0.901936881436248,0.935107724127291,0.964155136317268,0.987903445975721,1,0.994717543151738,0.972083095172313,0.953212684946032,0.927378631537559,0.915891382449258,0.90156306142757,0.892289414340379,0.873121364758374,0.869045440193283,0.856385748303636,0.865416905615056,0.85394705737584
0.442610589297914,0.511684694784709,0.561695291459431,0.609140613754184,0.642643565859255,0.681556749804166,0.712459868092426,0.740182586746647,0.76313672118912,0.788635500394811,0.816734359299148,0.845767374406992,0.872492078241698,0.878022086652834,0.887996457461942,0.899350512230095,0.928526862636045,0.951956826845885,0.977168870966615,0.994717543151738,1,0.989677189071056,0.974910005516229,0.948549778123088,0.934183125674091,0.916182189026594,0.902659050526893,0.879730113165368,0.875125073414341,0.863016957617389,0.871462383043724,0.859078399817786
0.43114962834744,0.499551412178494,0.549339808606818,0.596266090382406,0.62962311452747,0.668344457222276,0.69946438793161,0.727811613918823,0.750005087659514,0.772832513679355,0.800855647522256,0.832586957763225,0.865593679391806,0.879958220471366,0.893104048825249,0.903649267513248,0.926617332958407,0.941232302058976,0.959717816526561,0.972083095172313,0.989677189071056,1,0.993045452590293,0.967291641039715,0.951741217207369,0.931766308698525,0.914698251629193,0.888195597615035,0.881766930423863,0.868482484341014,0.875036229259246,0.860995529131585
0.429121786558771,0.496441597546865,0.545832796813675,0.593855201551148,0.628149727933814,0.667240130349797,0.699327817227997,0.729475323601747,0.751895279367882,0.77298520644795,0.800091480644736,0.831839394902754,0.865178532753388,0.88011426903541,0.892896783046307,0.902398609744581,0.921085711330103,0.929989579710948,0.944138721851419,0.953212684946032,0.974910005516229,0.993045452590293,1,0.989552056602003,0.977460721356035,0.955135661181299,0.936032142802533,0.907688603169283,0.900030373578582,0.885526703148397,0.88678411057163,0.867459958048083
0.42700690449154,0.492401264413506,0.540795234189861,0.590034531323842,0.625302831023123,0.664552473119265,0.697505778734665,0.729490491807686,0.752335537306035,0.772082218307249,0.79765687370333,0.827769705609898,0.858164483792069,0.869462885642107,0.880073487092427,0.888421304327161,0.903994477528626,0.909181610401268,0.920441375377502,0.927378631537559,0.948549778123088,0.967291641039715,0.989552056602003,1,0.993377065533824,0.969019512247334,0.949036972895109,0.920200425563103,0.911814350923761,0.896362565773356,0.891225959161901,0.865644662446784
0.430570694319373,0.498425156455469,0.548167180742399,0.59619407388687,0.631165082039679,0.672230194487003,0.707206707076251,0.741563130167993,0.765704538354789,0.785565301732016,0.810628968631352,0.839595782752042,0.866374399932792,0.872172302285462,0.880830027000332,0.889710058720997,0.904164124810835,0.907326678561782,0.914301327160945,0.915891382449258,0.934183125674091,0.951741217207369,0.977460721356035,0.993377065533824,1,0.990199818525754,0.974811555966091,0.945739822683897,0.935130456185736,0.916541738575576,0.906593129217185,0.876663909224144
0.431058718401519,0.502093303565602,0.553408538235135,0.598814879970056,0.632589809742356,0.675436742409687,0.712232091253927,0.748449123946281,0.773790826923988,0.794137081679392,0.818906151815668,0.846764588494614,0.869853665299336,0.870086329836758,0.877064818245729,0.887011931929091,0.901185529357228,0.903294473398972,0.905928814743516,0.90156306142757,0.916182189026594,0.931766308698525,0.955135661181299,0.969019512247334,0.990199818525754,1,0.991039990331658,0.962211421606597,0.949187761739904,0.927201004980651,0.91391678385855,0.881418331358581
0.433985528287185,0.505037719495386,0.555834458963747,0.599920743951682,0.633980445592298,0.680131679804198,0.719305104015969,0.756531614594523,0.782654387679835,0.803608271969649,0.827571186507967,0.853166330670745,0.871117849353426,0.864257733702322,0.867945398205523,0.877253609457505,0.893882418677507,0.900198875632886,0.901301413449941,0.892289414340379,0.902659050526893,0.914698251629193,0.936032142802533,0.949036972895109,0.974811555966091,0.991039990331658,1,0.989432319648959,0.97854732076175,0.952369636537976,0.933678782058378,0.896417029036084
0.430605916390903,0.49947716836028,0.548349609660285,0.591170528113058,0.625464605490951,0.674097282283843,0.714776660990777,0.75194544379361,0.778148765047357,0.79931409829817,0.822087845972369,0.845075995095587,0.858133360485344,0.845163075196174,0.845592630867891,0.853645792323095,0.872953147589144,0.884398709791973,0.88525122724102,0.873121364758374,0.879730113165368,0.888195597615035,0.907688603169283,0.920200425563103,0.945739822683897,0.962211421606597,0.989432319648959,1,0.992599653739692,0.963185979109478,0.939721397419482,0.898438830585919
0.437148767124257,0.507028836830227,0.556846854862379,0.601052959601026,0.636242630471672,0.68531859027879,0.725755587004988,0.761840687294839,0.786947276159242,0.80705634939979,0.827816820143761,0.847898539936076,0.859126083057908,0.845328831314125,0.844563122285757,0.851124694276254,0.868369139606969,0.877714700035964,0.879116724753941,0.869045440193283,0.875125073414341,0.881766930423863,0.900030373578582,0.911814350923761,0.935130456185736,0.949187761739904,0.97854732076175,0.992599653739692,1,0.988132022781392,0.966842831700983,0.921938244221123
0.439542551541557,0.510336642371679,0.561225621256078,0.606923318519352,0.642598034128549,0.69056181706536,0.729496660592137,0.763628269038963,0.786895533574909,0.805252537502924,0.82352249866048,0.840484635244651,0.850918668324978,0.838446546944692,0.83731659215699,0.842309210112803,0.855693069866272,0.860395542794199,0.862564368925236,0.856385748303636,0.863016957617389,0.868482484341014,0.885526703148397,0.896362565773356,0.916541738575576,0.927201004980651,0.952369636537976,0.963185979109478,0.988132022781392,1,0.983520184535094,0.936144245451379
0.440717667058789,0.510693892372478,0.561703055549817,0.609901950534533,0.646444331111616,0.692284861558182,0.73014770168475,0.764808036186944,0.788980867281363,0.808769413410596,0.826912014779681,0.842092134516851,0.855597453483916,0.849810742932589,0.848645983477125,0.848757804627277,0.860641221356234,0.866094404789451,0.869772816645424,0.865416905615056,0.871462383043724,0.875036229259246,0.88678411057163,0.891225959161901,0.906593129217185,0.91391678385855,0.933678782058378,0.939721397419482,0.966842831700983,0.983520184535094,1,0.983801412749877
0.428904571348089,0.495845342627291,0.545243146563627,0.594173575650632,0.630425721589228,0.673179265714764,0.709343101260646,0.74412724785873,0.769061346907755,0.790235397846408,0.80845998849214,0.822327958517304,0.838761338494876,0.839452852638233,0.838390457242024,0.834060482706484,0.845218899482047,0.85260682295017,0.857474455800971,0.85394705737584,0.859078399817786,0.860995529131585,0.867459958048083,0.865644662446784,0.876663909224144,0.881418331358581,0.896417029036084,0.898438830585919,0.921938244221123,0.936144245451379,0.983801412749877,1
