1,0.974922312932548,0.87270970947135,0.770576034105734,0.744566900443442,0.688516796327173,0.654126270994495,0.641877327809565,0.617750007668636,0.590394994145932,0.554952395383488,0.512447691504939,0.497738919933499,0.481085792814096,0.459161148310326,0.450530275752372,0.437005532951977,0.421769042251825,0.426006907879795,0.423151604350371,0.416294706180718,0.40311944532073,0.384785345683004,0.377698258968443,0.388527803768172,0.390201318162234,0.384367138222991,0.360028789718881,0.333866054009811,0.311151152180848,0.261793644315372,0.233128700517357
0.974922312932548,1,0.959479644198672,0.89210220686987,0.862890688376208,0.798925900301158,0.7590344075976,0.744005971042464,0.715225465482845,0.687431389150069,0.651999626321047,0.607694850723313,0.592948500373568,0.574929591970193,0.55033413803093,0.539230224051816,0.522219406065218,0.503095811864586,0.504885901594722,0.498732074340774,0.489315477221434,0.476698283101302,0.457382603494491,0.449019729395134,0.458164698552267,0.457266140772986,0.446605853474944,0.414084427795072,0.381070214267278,0.356952750643888,0.302628747929983,0.270616555374998
0.87270970947135,0.959479644198672,1,0.981499036222197,0.950343984452587,0.88098085549972,0.837007329014562,0.819545757460025,0.786953623898087,0.760612377044771,0.727755083242084,0.684373156150948,0.670644983582666,0.652199053960966,0.625999510303026,0.612566842400361,0.592371516519709,0.569708344837188,0.568269786408363,0.558384257249624,0.546407237056868,0.535408522807629,0.516246003095974,0.506872186737615,0.513223283665838,0.509133014679526,0.493132555684161,0.452600464071332,0.413297216262772,0.389146920471074,0.332460687587962,0.298523953254028
0.770576034105734,0.89210220686987,0.981499036222197,1,0.982749003710355,0.926979079283339,0.888009164910513,0.869082187055782,0.834118128838971,0.809257547631081,0.778749083342496,0.736547089124511,0.723463964845487,0.704571739266344,0.677151148076407,0.66377257404531,0.642954159316552,0.61910845084107,0.615298197741411,0.602664315668391,0.588778729962253,0.57887235086954,0.55973873782233,0.549582985879569,0.553905565556384,0.547485368634993,0.528259147421203,0.482961535133588,0.43970072600983,0.415202991536733,0.356060692159506,0.320359866008992
0.744566900443442,0.862890688376208,0.950343984452587,0.982749003710355,1,0.980362785326038,0.956500912801237,0.936402213307686,0.899018418310255,0.873538553549337,0.842313148477644,0.798275264420975,0.784160817666121,0.763432571940565,0.733501374262434,0.722801420491989,0.703807912659355,0.680779786859603,0.676025643538394,0.661658280793813,0.646132714935093,0.635573088025301,0.614818414766738,0.603592856001998,0.607734160753462,0.600213691808972,0.580089766105467,0.532367642918941,0.486107449477461,0.458977031753249,0.393157404854905,0.353524984678632
0.688516796327173,0.798925900301158,0.88098085549972,0.926979079283339,0.980362785326038,1,0.993155039423248,0.972571342222771,0.934029195663965,0.908858041395889,0.878055728997187,0.833735103564251,0.819057773182579,0.797160144035331,0.765690267938958,0.758253410504551,0.741928118539616,0.720647561717489,0.715067774634202,0.699398449655756,0.682714667649471,0.671860095124791,0.65016625105739,0.638226904503306,0.64201741889189,0.633609767180798,0.613293982235349,0.564801600216993,0.51710257223299,0.488196789876342,0.417760487040406,0.375443170634627
0.654126270994495,0.7590344075976,0.837007329014562,0.888009164910513,0.956500912801237,0.993155039423248,1,0.99027554822897,0.962045706648509,0.941029770601387,0.911201202349313,0.867145844811875,0.852233775071462,0.829449950737002,0.796706029264159,0.791749827107478,0.777363953079494,0.757282760106553,0.751212840561176,0.73457316024551,0.717139955820138,0.70676321546792,0.684773837142377,0.672239387348215,0.674991821412651,0.66517580930864,0.644263394790793,0.594812302976193,0.545623150084714,0.515265082360734,0.440743713130362,0.396011916470276
0.641877327809565,0.744005971042464,0.819545757460025,0.869082187055782,0.936402213307686,0.972571342222771,0.99027554822897,1,0.99065453341491,0.97657476235586,0.947925687874513,0.904255515339752,0.889267415795816,0.865679800849282,0.831668905797742,0.828497258425962,0.815342586864544,0.795869460919294,0.789539921583139,0.772094183747376,0.754126334434693,0.744750905799533,0.72282398866807,0.709712899109464,0.710929389141207,0.699257968815623,0.67730019881145,0.626421590753079,0.575393291419157,0.543655749692613,0.465033944973094,0.417839599910709
0.617750007668636,0.715225465482845,0.786953623898087,0.834118128838971,0.899018418310255,0.934029195663965,0.962045706648509,0.99065453341491,1,0.992986356965584,0.966034552858314,0.923566489743446,0.908786816634332,0.884856475735238,0.850245529702718,0.848883362865267,0.837184131771773,0.818674804852371,0.812210228995301,0.794303587436524,0.776150788183621,0.767934061996769,0.746482350803042,0.7330534460063,0.732741109133364,0.719470971566609,0.696902871573208,0.6455852674884,0.593717230419472,0.561226421118371,0.48006883060098,0.431351173166778
0.590394994145932,0.687431389150069,0.760612377044771,0.809257547631081,0.873538553549337,0.908858041395889,0.941029770601387,0.97657476235586,0.992986356965584,1,0.989216936659957,0.960985484776431,0.947788209487443,0.922198009835234,0.885572015379656,0.883715725545729,0.871152485603277,0.851605793918174,0.845371257827508,0.827156801917984,0.808729511801422,0.800988739759595,0.779275844452606,0.765178650874006,0.763564257484613,0.748714883155063,0.726135066629161,0.675029338481769,0.622443230469314,0.586077278269491,0.499004702806637,0.447249102269618
0.554952395383488,0.651999626321047,0.727755083242084,0.778749083342496,0.842313148477644,0.878055728997187,0.911201202349313,0.947925687874513,0.966034552858314,0.989216936659957,1,0.991133136647034,0.980193787931059,0.952821935325304,0.914184788496508,0.910927479552205,0.896749241493568,0.875648972129573,0.869869815564473,0.851672535851593,0.833196510198589,0.825731724722709,0.80375923880612,0.78907077760411,0.786330503089602,0.770184642169359,0.748148356105308,0.698208342781025,0.645701749353714,0.604839503402244,0.511906912546243,0.457328697234864
0.512447691504939,0.607694850723313,0.684373156150948,0.736547089124511,0.798275264420975,0.833735103564251,0.867145844811875,0.904255515339752,0.923566489743446,0.960985484776431,0.991133136647034,1,0.991313152095731,0.962835386690288,0.923094210066306,0.918626586018234,0.903247574318289,0.881131348358537,0.875873110673166,0.85803078787724,0.83985511979858,0.832779936915256,0.810981720020513,0.796030771686422,0.792320156181485,0.775299184151051,0.754166981892223,0.706215920341758,0.654760698503433,0.610581296307492,0.514065420795091,0.45794427943128
0.497738919933499,0.592948500373568,0.670644983582666,0.723463964845487,0.784160817666121,0.819057773182579,0.852233775071462,0.889267415795816,0.908786816634332,0.947788209487443,0.980193787931059,0.991313152095731,1,0.989842176329303,0.965294806908292,0.95942608825337,0.941307869884229,0.916436338570845,0.90935000086009,0.889431467127708,0.869503353360443,0.861743063721992,0.838836307556445,0.823238892796632,0.819599154195106,0.802149508706259,0.780799026072197,0.731900227253975,0.67908756928266,0.631830452296773,0.53063390002294,0.472058162857498
0.481085792814096,0.574929591970193,0.652199053960966,0.704571739266344,0.763432571940565,0.797160144035331,0.829449950737002,0.865679800849282,0.884856475735238,0.922198009835234,0.952821935325304,0.962835386690288,0.989842176329303,1,0.992619152310354,0.985558461751066,0.965005237878263,0.93776433519168,0.92871467093686,0.906818934819736,0.885276324780923,0.876832731555052,0.853087940254297,0.837110009555094,0.833795000189157,0.816350293048842,0.794964613676405,0.745513558483557,0.691949194598814,0.642799941298367,0.538961927494989,0.479033626941187
0.459161148310326,0.55033413803093,0.625999510303026,0.677151148076407,0.733501374262434,0.765690267938958,0.796706029264159,0.831668905797742,0.850245529702718,0.885572015379656,0.914184788496508,0.923094210066306,0.965294806908292,0.992619152310354,1,0.992035835014077,0.969735308795148,0.940910398362862,0.930331198471637,0.907100213412505,0.884526081320094,0.875635103832658,0.851556457203345,0.835510317011569,0.832525497210096,0.815364913385984,0.794292356856051,0.745163691815138,0.691817585561475,0.641842944888379,0.537417873731497,0.477297404805307
0.450530275752372,0.539230224051816,0.612566842400361,0.66377257404531,0.722801420491989,0.758253410504551,0.791749827107478,0.828497258425962,0.848883362865267,0.883715725545729,0.910927479552205,0.918626586018234,0.95942608825337,0.985558461751066,0.992035835014077,1,0.992754410516639,0.976026999589608,0.965144142409814,0.94112287337743,0.917347254866136,0.906184162099623,0.87969953808809,0.861522035546351,0.856542970603845,0.83737578469746,0.815294240786983,0.765333632979924,0.710864930807527,0.663144532256945,0.558160587983862,0.49714769955334
0.437005532951977,0.522219406065218,0.592371516519709,0.642954159316552,0.703807912659355,0.741928118539616,0.777363953079494,0.815342586864544,0.837184131771773,0.871152485603277,0.896749241493568,0.903247574318289,0.941307869884229,0.965005237878263,0.969735308795148,0.992754410516639,1,0.995084436174932,0.984153112526233,0.959800870206048,0.935283980102022,0.922149391427674,0.893781573155413,0.87384715882401,0.867029060842033,0.846218712655322,0.823481648613804,0.77343614384972,0.718677405237018,0.673831442328164,0.569866346838669,0.508898676727302
0.421769042251825,0.503095811864586,0.569708344837188,0.61910845084107,0.680779786859603,0.720647561717489,0.757282760106553,0.795869460919294,0.818674804852371,0.851605793918174,0.875648972129573,0.881131348358537,0.916436338570845,0.93776433519168,0.940910398362862,0.976026999589608,0.995084436174932,1,0.990424648253676,0.967138822021616,0.942988757107155,0.928232141392039,0.898451722481788,0.877163493793041,0.868842140768249,0.846808760131125,0.823657002243518,0.773875084366856,0.719273745326699,0.677396354487611,0.575284417371342,0.514905988782534
0.426006907879795,0.504885901594722,0.568269786408363,0.615298197741411,0.676025643538394,0.715067774634202,0.751212840561176,0.789539921583139,0.812210228995301,0.845371257827508,0.869869815564473,0.875873110673166,0.90935000086009,0.92871467093686,0.930331198471637,0.965144142409814,0.984153112526233,0.990424648253676,1,0.992978304679131,0.979658029876317,0.962850353400885,0.930761475009197,0.907769603366473,0.898500935495985,0.875190021680209,0.850441405666922,0.798073260603569,0.741100000089753,0.701551623887519,0.598910942738149,0.537560378614337
0.423151604350371,0.498732074340774,0.558384257249624,0.602664315668391,0.661658280793813,0.699398449655756,0.73457316024551,0.772094183747376,0.794303587436524,0.827156801917984,0.851672535851593,0.85803078787724,0.889431467127708,0.906818934819736,0.907100213412505,0.94112287337743,0.959800870206048,0.967138822021616,0.992978304679131,1,0.996162422453945,0.977853149608935,0.944274795682792,0.920173189076469,0.9102339131295,0.886183248948903,0.860443149534742,0.806656299753473,0.748518090192128,0.711567599105723,0.610036720516914,0.548787313248313
0.416294706180718,0.489315477221434,0.546407237056868,0.588778729962253,0.646132714935093,0.682714667649471,0.717139955820138,0.754126334434693,0.776150788183621,0.808729511801422,0.833196510198589,0.83985511979858,0.869503353360443,0.885276324780923,0.884526081320094,0.917347254866136,0.935283980102022,0.942988757107155,0.979658029876317,0.996162422453945,1,0.986471959518061,0.956542619278455,0.933979607211733,0.922606592096488,0.8972002911458,0.870113636206192,0.814811251422547,0.755458018132136,0.720117309310288,0.619113193838494,0.557790565646597
0.40311944532073,0.476698283101302,0.535408522807629,0.57887235086954,0.635573088025301,0.671860095124791,0.70676321546792,0.744750905799533,0.767934061996769,0.800988739759595,0.825731724722709,0.832779936915256,0.861743063721992,0.876832731555052,0.875635103832658,0.906184162099623,0.922149391427674,0.928232141392039,0.962850353400885,0.977853149608935,0.986471959518061,1,0.991403264433762,0.979196238503204,0.963054071015991,0.933151010480571,0.902402128101101,0.843407795035108,0.780841211009176,0.743665249239055,0.639152657074543,0.575746753073559
0.384785345683004,0.457382603494491,0.516246003095974,0.55973873782233,0.614818414766738,0.65016625105739,0.684773837142377,0.72282398866807,0.746482350803042,0.779275844452606,0.80375923880612,0.810981720020513,0.838836307556445,0.853087940254297,0.851556457203345,0.87969953808809,0.893781573155413,0.898451722481788,0.930761475009197,0.944274795682792,0.956542619278455,0.991403264433762,1,0.996295411193756,0.976659781394165,0.943747552253107,0.910671992073386,0.8498750578489,0.785957149141001,0.748037368225279,0.642751405000452,0.578912430237105
0.377698258968443,0.449019729395134,0.506872186737615,0.549582985879569,0.603592856001998,0.638226904503306,0.672239387348215,0.709712899109464,0.7330534460063,0.765178650874006,0.78907077760411,0.796030771686422,0.823238892796632,0.837110009555094,0.835510317011569,0.861522035546351,0.87384715882401,0.877163493793041,0.907769603366473,0.920173189076469,0.933979607211733,0.979196238503204,0.996295411193756,1,0.987468066233044,0.959990965994855,0.929338208092304,0.867665590994372,0.802665932667249,0.760366901423531,0.650403478173498,0.584396022956271
0.388527803768172,0.458164698552267,0.513223283665838,0.553905565556384,0.607734160753462,0.64201741889189,0.674991821412651,0.710929389141207,0.732741109133364,0.763564257484613,0.786330503089602,0.792320156181485,0.819599154195106,0.833795000189157,0.832525497210096,0.856542970603845,0.867029060842033,0.868842140768249,0.898500935495985,0.9102339131295,0.922606592096488,0.963054071015991,0.976659781394165,0.987468066233044,1,0.99215461424841,0.971726905419873,0.910216377824581,0.844085991064787,0.790686897361845,0.668566447849855,0.596978074897551
0.390201318162234,0.457266140772986,0.509133014679526,0.547485368634993,0.600213691808972,0.633609767180798,0.66517580930864,0.699257968815623,0.719470971566609,0.748714883155063,0.770184642169359,0.775299184151051,0.802149508706259,0.816350293048842,0.815364913385984,0.83737578469746,0.846218712655322,0.846808760131125,0.875190021680209,0.886183248948903,0.8972002911458,0.933151010480571,0.943747552253107,0.959990965994855,0.99215461424841,1,0.988035156952484,0.927746231527885,0.861895443145956,0.800652433065368,0.671072146761398,0.596335140155528
0.384367138222991,0.446605853474944,0.493132555684161,0.528259147421203,0.580089766105467,0.613293982235349,0.644263394790793,0.67730019881145,0.696902871573208,0.726135066629161,0.748148356105308,0.754166981892223,0.780799026072197,0.794964613676405,0.794292356856051,0.815294240786983,0.823481648613804,0.823657002243518,0.850441405666922,0.860443149534742,0.870113636206192,0.902402128101101,0.910671992073386,0.929338208092304,0.971726905419873,0.988035156952484,1,0.972579292517098,0.92664304583728,0.853725528698371,0.70330973489413,0.618972373909019
0.360028789718881,0.414084427795072,0.452600464071332,0.482961535133588,0.532367642918941,0.564801600216993,0.594812302976193,0.626421590753079,0.6455852674884,0.675029338481769,0.698208342781025,0.706215920341758,0.731900227253975,0.745513558483557,0.745163691815138,0.765333632979924,0.77343614384972,0.773875084366856,0.798073260603569,0.806656299753473,0.814811251422547,0.843407795035108,0.8498750578489,0.867665590994372,0.910216377824581,0.927746231527885,0.972579292517098,1,0.988667332718127,0.904954550885337,0.730831271011896,0.63586280018498
0.333866054009811,0.381070214267278,0.413297216262772,0.43970072600983,0.486107449477461,0.51710257223299,0.545623150084714,0.575393291419157,0.593717230419472,0.622443230469314,0.645701749353714,0.654760698503433,0.67908756928266,0.691949194598814,0.691817585561475,0.710864930807527,0.718677405237018,0.719273745326699,0.741100000089753,0.748518090192128,0.755458018132136,0.780841211009176,0.785957149141001,0.802665932667249,0.844085991064787,0.861895443145956,0.92664304583728,0.988667332718127,1,0.911749357366334,0.727378329659611,0.628304739428337
0.311151152180848,0.356952750643888,0.389146920471074,0.415202991536733,0.458977031753249,0.488196789876342,0.515265082360734,0.543655749692613,0.561226421118371,0.586077278269491,0.604839503402244,0.610581296307492,0.631830452296773,0.642799941298367,0.641842944888379,0.663144532256945,0.673831442328164,0.677396354487611,0.701551623887519,0.711567599105723,0.720117309310288,0.743665249239055,0.748037368225279,0.760366901423531,0.790686897361845,0.800652433065368,0.853725528698371,0.904954550885337,0.911749357366334,1,0.944608620876249,0.891652372569125
0.261793644315372,0.302628747929983,0.332460687587962,0.356060692159506,0.393157404854905,0.417760487040406,0.440743713130362,0.465033944973094,0.48006883060098,0.499004702806637,0.511906912546243,0.514065420795091,0.53063390002294,0.538961927494989,0.537417873731497,0.558160587983862,0.569866346838669,0.575284417371342,0.598910942738149,0.610036720516914,0.619113193838494,0.639152657074543,0.642751405000452,0.650403478173498,0.668566447849855,0.671072146761398,0.70330973489413,0.730831271011896,0.727378329659611,0.944608620876249,1,0.990844983297171
0.233128700517357,0.270616555374998,0.298523953254028,0.320359866008992,0.353524984678632,0.375443170634627,0.396011916470276,0.417839599910709,0.431351173166778,0.447249102269618,0.457328697234864,0.45794427943128,0.472058162857498,0.479033626941187,0.477297404805307,0.49714769955334,0.508898676727302,0.514905988782534,0.537560378614337,0.548787313248313,0.557790565646597,0.575746753073559,0.578912430237105,0.584396022956271,0.596978074897551,0.596335140155528,0.618972373909019,0.63586280018498,0.628304739428337,0.891652372569125,0.990844983297171,1
