1,0.830005220832036,0.741515082054068,0.687568833328153,0.662733511162047,0.652751800277713,0.630338808444583,0.611195873471139,0.597646877622982,0.577933083272027,0.562336606566711,0.552451262860984,0.544369309328436,0.534585228464857,0.519311204025252,0.498965612216798,0.487641505986437,0.479144943479196,0.465148289473721,0.450920865381901,0.43571321593259,0.421217686885662,0.402249286717554,0.383949080841549,0.367193691031466,0.315436992796218,0.276048461881115,0.221555877304467,0.0729187513141128,0.057597404933871,0.0134488323142902,-0.034561048687735
0.830005220832036,1,0.939458762267785,0.876729464672882,0.851822343414224,0.833884008847167,0.810577521891698,0.792020554451351,0.776710222843469,0.760199484259857,0.744189517027349,0.736833630233347,0.726753035706279,0.715164751812769,0.700084528199799,0.682945640389811,0.667398441919661,0.657729042202496,0.643242933217054,0.629980961127974,0.615845070962217,0.604883651187685,0.582832798032202,0.555229360339869,0.531988416573335,0.465727986645338,0.42040047823393,0.341331393449248,0.118106372100123,0.0964434248800039,0.0432272825620499,0.0116313379923698
0.741515082054068,0.939458762267785,1,0.956124686766405,0.932586296646267,0.911450975026039,0.888877636502593,0.87497300022934,0.860079914766895,0.846383428241241,0.832821972960857,0.824486027343612,0.815264084874263,0.803292443014173,0.788420998413752,0.772606383061383,0.754922739112656,0.745124636548817,0.732833288407671,0.721825403244114,0.708784619161459,0.696743146283616,0.674229378708153,0.645978546294285,0.618637824199359,0.544555875589069,0.498330018998028,0.417707557852303,0.174749765253736,0.140787896479782,0.0693022562785544,0.0455987693399205
0.687568833328153,0.876729464672882,0.956124686766405,1,0.978296131581036,0.949978807387461,0.925492377866961,0.909482377281696,0.893324321036502,0.879415069077966,0.865814000900888,0.854769885741349,0.844717524582708,0.834621331607969,0.820601151586025,0.805889831884303,0.789863280172748,0.781128923398574,0.769468937286106,0.758190279789903,0.748548705673457,0.734586660098833,0.7145910499564,0.687172571518696,0.657175883003522,0.579087231097747,0.534050475434965,0.457872445253338,0.21075706562389,0.172504057299889,0.10016714511324,0.0592490731965157
0.662733511162047,0.851822343414224,0.932586296646267,0.978296131581036,1,0.981203949597645,0.956061656796612,0.939672447507185,0.923586399212619,0.910140895434374,0.896759521935508,0.882768218925591,0.872130440029916,0.863054432043653,0.849388036765942,0.835934709805802,0.823499485446935,0.81572569650638,0.803019082919559,0.791830645872633,0.783084974918588,0.769186027947504,0.748666067638026,0.72136584316048,0.690049745185285,0.611853333531966,0.563186191809368,0.484609743147872,0.226722368107842,0.186652347538305,0.109637816380008,0.0652901864528751
0.652751800277713,0.833884008847167,0.911450975026039,0.949978807387461,0.981203949597645,1,0.985954660642903,0.968115797082915,0.951285877001258,0.936058584893502,0.921872383181586,0.90692572480057,0.896885846276345,0.887179548526609,0.874206373523607,0.860743550883996,0.848013086865741,0.840225220555588,0.828508967618384,0.817837595131942,0.807888265522699,0.795088598249297,0.773667894757873,0.745173359187633,0.711646522600502,0.630828274289852,0.581404940747243,0.504494742393335,0.244175692808906,0.200684195449524,0.124667906627611,0.0807842490763429
0.630338808444583,0.810577521891698,0.888877636502593,0.925492377866961,0.956061656796612,0.985954660642903,1,0.985287237099088,0.969425281825577,0.953798513149808,0.939758858733378,0.925455621132381,0.914513277190174,0.902868324266045,0.888913120450902,0.874817772901357,0.861589945476842,0.853275946483781,0.842254946172639,0.831771735336495,0.820919778107437,0.809103250918888,0.787539475986029,0.758391723869402,0.722996770098567,0.640798124928837,0.594196596301773,0.519012528645844,0.255795221139729,0.207033671187737,0.130240779570218,0.0980357512137403
0.611195873471139,0.792020554451351,0.87497300022934,0.909482377281696,0.939672447507185,0.968115797082915,0.985287237099088,1,0.985618808889154,0.971544143344662,0.956600414700793,0.942562360531806,0.931779575529804,0.920409498475103,0.907360686113463,0.893285451645514,0.879397616883601,0.870661997762466,0.860078871059837,0.849743433678027,0.839104672385197,0.828740336073037,0.809136869925569,0.780865838389192,0.746628389522411,0.660958951333638,0.614154742016999,0.537271803396392,0.264858829840501,0.21552099184502,0.136950987360437,0.101941791498543
0.597646877622982,0.776710222843469,0.860079914766895,0.893324321036502,0.923586399212619,0.951285877001258,0.969425281825577,0.985618808889154,1,0.991117289949014,0.976411294647739,0.962130987135749,0.951025939455175,0.93904000815791,0.925443329827942,0.910870989732723,0.897330540335916,0.889434396574805,0.877998808103663,0.868168279005534,0.858093724470424,0.84800621810055,0.830648634578239,0.80512312597038,0.77138445574112,0.689133683050613,0.642754293303911,0.564531838359208,0.289107312668678,0.249286934128058,0.160911296202631,0.117949410741827
0.577933083272027,0.760199484259857,0.846383428241241,0.879415069077966,0.910140895434374,0.936058584893502,0.953798513149808,0.971544143344662,0.991117289949014,1,0.991064176500692,0.977662347842989,0.965832491045556,0.954352719136024,0.942524257821123,0.928679228347852,0.915305689353929,0.90662155273298,0.894045137807814,0.884466811387739,0.874661802039678,0.865357867242044,0.84836850253961,0.824477126173002,0.791892850363386,0.711133610072166,0.666110848295098,0.587940775755545,0.30389033742193,0.268043059328445,0.179529537603279,0.131205567980727
0.562336606566711,0.744189517027349,0.832821972960857,0.865814000900888,0.896759521935508,0.921872383181586,0.939758858733378,0.956600414700793,0.976411294647739,0.991064176500692,1,0.991040320535177,0.979112946140902,0.968471800432416,0.957697096626791,0.944380383499425,0.931222043446353,0.922054264376897,0.90896949361123,0.899070592823374,0.889176014354227,0.88001147858232,0.863468363864875,0.840084192685355,0.807573674270632,0.729208477388525,0.685403547716594,0.608980185302959,0.329832931727636,0.292247424685313,0.197906524419914,0.140105085649341
0.552451262860984,0.736833630233347,0.824486027343612,0.854769885741349,0.882768218925591,0.90692572480057,0.925455621132381,0.942562360531806,0.962130987135749,0.977662347842989,0.991040320535177,1,0.99062268152523,0.980158078539367,0.969875852634854,0.957014999591114,0.944582779096972,0.935184982143415,0.922365723843783,0.911446114090222,0.899919776214126,0.889867754181978,0.873609060510595,0.851173822577685,0.818969666475836,0.739091673372303,0.696149512611517,0.620563524631866,0.342197029437317,0.302602929894001,0.204562954332522,0.14178823130391
0.544369309328436,0.726753035706279,0.815264084874263,0.844717524582708,0.872130440029916,0.896885846276345,0.914513277190174,0.931779575529804,0.951025939455175,0.965832491045556,0.979112946140902,0.99062268152523,1,0.993187833655039,0.982754317137002,0.96971676103483,0.956910868312295,0.946536965495034,0.933595453129209,0.922356537083052,0.910281280316452,0.900070689907,0.883327903069856,0.861462360499681,0.831691030410735,0.753419321572316,0.710580122385463,0.636009424781394,0.357119184734643,0.318435250998025,0.215584607211215,0.154954996438661
0.534585228464857,0.715164751812769,0.803292443014173,0.834621331607969,0.863054432043653,0.887179548526609,0.902868324266045,0.920409498475103,0.93904000815791,0.954352719136024,0.968471800432416,0.980158078539367,0.993187833655039,1,0.993470149081693,0.980952054829565,0.969212243515944,0.959234357374159,0.946617266983685,0.934757843114731,0.922865455596034,0.913605968060014,0.897153733859768,0.875879484767611,0.846223546701654,0.772532866673728,0.728167671199539,0.653095998118344,0.369884986788356,0.335805545235309,0.229706765051148,0.158119688187689
0.519311204025252,0.700084528199799,0.788420998413752,0.820601151586025,0.849388036765942,0.874206373523607,0.888913120450902,0.907360686113463,0.925443329827942,0.942524257821123,0.957697096626791,0.969875852634854,0.982754317137002,0.993470149081693,1,0.992281270156076,0.981580808925437,0.972236002744496,0.961024058023536,0.949966117339815,0.938710400684405,0.930032515217479,0.913877692115045,0.893499325925614,0.863410389810097,0.790446544744922,0.746757080524031,0.673552385416949,0.391526434134585,0.359136899548374,0.246733300964532,0.166620382329688
0.498965612216798,0.682945640389811,0.772606383061383,0.805889831884303,0.835934709805802,0.860743550883996,0.874817772901357,0.893285451645514,0.910870989732723,0.928679228347852,0.944380383499425,0.957014999591114,0.96971676103483,0.980952054829565,0.992281270156076,1,0.990958735706502,0.981437275957853,0.971250373979136,0.96077563689558,0.950271964952361,0.941972878219261,0.927418164563466,0.908191646351597,0.878476111909971,0.806108948879111,0.763013025333505,0.688406630818303,0.408702452253122,0.380934856197317,0.270560517787624,0.174118180842797
0.487641505986437,0.667398441919661,0.754922739112656,0.789863280172748,0.823499485446935,0.848013086865741,0.861589945476842,0.879397616883601,0.897330540335916,0.915305689353929,0.931222043446353,0.944582779096972,0.956910868312295,0.969212243515944,0.981580808925437,0.990958735706502,1,0.99275130648195,0.983010741445206,0.972540215065951,0.961189067334282,0.952597764526348,0.938965995307174,0.920558027558366,0.890251463947382,0.819063522485096,0.775095182761783,0.70040947342721,0.419948769768119,0.395264383788746,0.281546559182249,0.18096020436357
0.479144943479196,0.657729042202496,0.745124636548817,0.781128923398574,0.81572569650638,0.840225220555588,0.853275946483781,0.870661997762466,0.889434396574805,0.90662155273298,0.922054264376897,0.935184982143415,0.946536965495034,0.959234357374159,0.972236002744496,0.981437275957853,0.99275130648195,1,0.993896577696197,0.983578317071843,0.971863929857064,0.962718062611422,0.949305555847734,0.931001691692506,0.900292730020728,0.831554451813254,0.786251943729196,0.709909813092801,0.430158632772525,0.406821419688214,0.290645149709669,0.190568157990822
0.465148289473721,0.643242933217054,0.732833288407671,0.769468937286106,0.803019082919559,0.828508967618384,0.842254946172639,0.860078871059837,0.877998808103663,0.894045137807814,0.90896949361123,0.922365723843783,0.933595453129209,0.946617266983685,0.961024058023536,0.971250373979136,0.983010741445206,0.993896577696197,1,0.993663417275498,0.982310633166797,0.973684754467241,0.959943982892876,0.941260131626871,0.909924543016826,0.838969827380899,0.793139041505788,0.717872154012304,0.439043651296925,0.419876373005607,0.304415002258691,0.198338343507153
0.450920865381901,0.629980961127974,0.721825403244114,0.758190279789903,0.791830645872633,0.817837595131942,0.831771735336495,0.849743433678027,0.868168279005534,0.884466811387739,0.899070592823374,0.911446114090222,0.922356537083052,0.934757843114731,0.949966117339815,0.96077563689558,0.972540215065951,0.983578317071843,0.993663417275498,1,0.991357586406627,0.983115058918144,0.968852362555776,0.949769339066842,0.917683017338465,0.846934855018241,0.802767085402005,0.731230511521683,0.451281433899252,0.43906261442779,0.324167523629384,0.208552357620065
0.43571321593259,0.615845070962217,0.708784619161459,0.748548705673457,0.783084974918588,0.807888265522699,0.820919778107437,0.839104672385197,0.858093724470424,0.874661802039678,0.889176014354227,0.899919776214126,0.910281280316452,0.922865455596034,0.938710400684405,0.950271964952361,0.961189067334282,0.971863929857064,0.982310633166797,0.991357586406627,1,0.991461628683116,0.977257202014209,0.957773954270818,0.926237198255621,0.85689687921556,0.815120525621439,0.744913525039128,0.468213447898788,0.457417763357094,0.341180730092374,0.225383499461232
0.421217686885662,0.604883651187685,0.696743146283616,0.734586660098833,0.769186027947504,0.795088598249297,0.809103250918888,0.828740336073037,0.84800621810055,0.865357867242044,0.88001147858232,0.889867754181978,0.900070689907,0.913605968060014,0.930032515217479,0.941972878219261,0.952597764526348,0.962718062611422,0.973684754467241,0.983115058918144,0.991461628683116,1,0.990289438668878,0.972086759891287,0.941077329741606,0.875808551667513,0.834297205626135,0.758758411588039,0.475652085701358,0.460672537481517,0.340220857724094,0.224896593087097
0.402249286717554,0.582832798032202,0.674229378708153,0.7145910499564,0.748666067638026,0.773667894757873,0.787539475986029,0.809136869925569,0.830648634578239,0.84836850253961,0.863468363864875,0.873609060510595,0.883327903069856,0.897153733859768,0.913877692115045,0.927418164563466,0.938965995307174,0.949305555847734,0.959943982892876,0.968852362555776,0.977257202014209,0.990289438668878,1,0.98826246132089,0.958642675493601,0.900591129139101,0.857543143313329,0.778190274014477,0.495541686893427,0.483125336220278,0.355590115231774,0.235178433752115
0.383949080841549,0.555229360339869,0.645978546294285,0.687172571518696,0.72136584316048,0.745173359187633,0.758391723869402,0.780865838389192,0.80512312597038,0.824477126173002,0.840084192685355,0.851173822577685,0.861462360499681,0.875879484767611,0.893499325925614,0.908191646351597,0.920558027558366,0.931001691692506,0.941260131626871,0.949769339066842,0.957773954270818,0.972086759891287,0.98826246132089,1,0.97841999679547,0.931596421701042,0.889327016196709,0.806444272629121,0.530086688294692,0.51174942001979,0.375024853568152,0.252320517001388
0.367193691031466,0.531988416573335,0.618637824199359,0.657175883003522,0.690049745185285,0.711646522600502,0.722996770098567,0.746628389522411,0.77138445574112,0.791892850363386,0.807573674270632,0.818969666475836,0.831691030410735,0.846223546701654,0.863410389810097,0.878476111909971,0.890251463947382,0.900292730020728,0.909924543016826,0.917683017338465,0.926237198255621,0.941077329741606,0.958642675493601,0.97841999679547,1,0.962574770768092,0.928367916112897,0.846907545845125,0.561766212973533,0.539014841587235,0.406154220688166,0.281830306648968
0.315436992796218,0.465727986645338,0.544555875589069,0.579087231097747,0.611853333531966,0.630828274289852,0.640798124928837,0.660958951333638,0.689133683050613,0.711133610072166,0.729208477388525,0.739091673372303,0.753419321572316,0.772532866673728,0.790446544744922,0.806108948879111,0.819063522485096,0.831554451813254,0.838969827380899,0.846934855018241,0.85689687921556,0.875808551667513,0.900591129139101,0.931596421701042,0.962574770768092,1,0.969625115350227,0.883722667842955,0.650120724606529,0.621456990296535,0.458847479982513,0.309629423177841
0.276048461881115,0.42040047823393,0.498330018998028,0.534050475434965,0.563186191809368,0.581404940747243,0.594196596301773,0.614154742016999,0.642754293303911,0.666110848295098,0.685403547716594,0.696149512611517,0.710580122385463,0.728167671199539,0.746757080524031,0.763013025333505,0.775095182761783,0.786251943729196,0.793139041505788,0.802767085402005,0.815120525621439,0.834297205626135,0.857543143313329,0.889327016196709,0.928367916112897,0.969625115350227,1,0.952883771019647,0.689128412178744,0.655567595667759,0.508409233906408,0.377081610570289
0.221555877304467,0.341331393449248,0.417707557852303,0.457872445253338,0.484609743147872,0.504494742393335,0.519012528645844,0.537271803396392,0.564531838359208,0.587940775755545,0.608980185302959,0.620563524631866,0.636009424781394,0.653095998118344,0.673552385416949,0.688406630818303,0.70040947342721,0.709909813092801,0.717872154012304,0.731230511521683,0.744913525039128,0.758758411588039,0.778190274014477,0.806444272629121,0.846907545845125,0.883722667842955,0.952883771019647,1,0.752220286998297,0.735789141329765,0.619935711897734,0.455204981020916
0.0729187513141128,0.118106372100123,0.174749765253736,0.21075706562389,0.226722368107842,0.244175692808906,0.255795221139729,0.264858829840501,0.289107312668678,0.30389033742193,0.329832931727636,0.342197029437317,0.357119184734643,0.369884986788356,0.391526434134585,0.408702452253122,0.419948769768119,0.430158632772525,0.439043651296925,0.451281433899252,0.468213447898788,0.475652085701358,0.495541686893427,0.530086688294692,0.561766212973533,0.650120724606529,0.689128412178744,0.752220286998297,1,0.877986931484514,0.701086289577712,0.459630884280042
0.057597404933871,0.0964434248800039,0.140787896479782,0.172504057299889,0.186652347538305,0.200684195449524,0.207033671187737,0.21552099184502,0.249286934128058,0.268043059328445,0.292247424685313,0.302602929894001,0.318435250998025,0.335805545235309,0.359136899548374,0.380934856197317,0.395264383788746,0.406821419688214,0.419876373005607,0.43906261442779,0.457417763357094,0.460672537481517,0.483125336220278,0.51174942001979,0.539014841587235,0.621456990296535,0.655567595667759,0.735789141329765,0.877986931484514,1,0.838801488529236,0.48690297984753
0.0134488323142902,0.0432272825620499,0.0693022562785544,0.10016714511324,0.109637816380008,0.124667906627611,0.130240779570218,0.136950987360437,0.160911296202631,0.179529537603279,0.197906524419914,0.204562954332522,0.215584607211215,0.229706765051148,0.246733300964532,0.270560517787624,0.281546559182249,0.290645149709669,0.304415002258691,0.324167523629384,0.341180730092374,0.340220857724094,0.355590115231774,0.375024853568152,0.406154220688166,0.458847479982513,0.508409233906408,0.619935711897734,0.701086289577712,0.838801488529236,1,0.646681305939568
-0.034561048687735,0.0116313379923698,0.0455987693399205,0.0592490731965157,0.0652901864528751,0.0807842490763429,0.0980357512137403,0.101941791498543,0.117949410741827,0.131205567980727,0.140105085649341,0.14178823130391,0.154954996438661,0.158119688187689,0.166620382329688,0.174118180842797,0.18096020436357,0.190568157990822,0.198338343507153,0.208552357620065,0.225383499461232,0.224896593087097,0.235178433752115,0.252320517001388,0.281830306648968,0.309629423177841,0.377081610570289,0.455204981020916,0.459630884280042,0.48690297984753,0.646681305939568,1
