1,0.978806826100315,0.906324834302653,0.784824707059508,0.687221497363445,0.666617135179305,0.636741190130253,0.600557101167876,0.576155326545522,0.568659546417978,0.556240907184092,0.540522157804946,0.531373537388365,0.528785158079674,0.522770722309521,0.514477712476757,0.50357906991965,0.487699710673355,0.468886939354673,0.448822329527539,0.426637184912276,0.396743434647975,0.36518071103748,0.335827153509577,0.32501591021184,0.314266968807868,0.299531749572642,0.285510642804497,0.28675469397625,0.272843583288658,0.255133319461621,0.240487026372023
0.978806826100315,1,0.973655638805021,0.895101150158767,0.821110061317996,0.800910325428893,0.769352269459059,0.729836065616509,0.703065236117691,0.694953977851265,0.680741440208396,0.662397274800628,0.65110107920278,0.646808711913837,0.638438075296607,0.627393853131668,0.615692600688072,0.600039414006188,0.580347813373054,0.558675703156331,0.537324308395715,0.507613654129753,0.474018729807927,0.441730768263329,0.429978995822645,0.416120728949261,0.396873461781745,0.378494033510279,0.372216744930581,0.346008222887368,0.31839261487216,0.296608112291272
0.906324834302653,0.973655638805021,1,0.973187534557957,0.929183205130006,0.910442833032579,0.878587876299132,0.837334985232715,0.809263275628563,0.800871794527744,0.785371606997569,0.765020262384593,0.751896958133062,0.745921616752089,0.735345462939708,0.721789414086567,0.709778865504376,0.695159273583413,0.675472565639183,0.65309290368458,0.633736206963819,0.60571324645551,0.571533331804554,0.537590527746537,0.525378412841078,0.508750109980213,0.485440052335793,0.463125661915211,0.448787064830733,0.410194619399918,0.372928864271958,0.344284125932408
0.784824707059508,0.895101150158767,0.973187534557957,1,0.988593327371968,0.972325539402322,0.941871722175513,0.901069345861135,0.873184061062878,0.864957905475848,0.848986336380463,0.82769678982938,0.813431044214522,0.806077047565754,0.793840758070933,0.778474678068264,0.766793338070792,0.753996851329073,0.73536608706241,0.713467475791447,0.69715627207945,0.672331784702272,0.63938652806842,0.605586536220109,0.593562026567718,0.575027247725808,0.548863396402012,0.523771000621434,0.502066245834271,0.45304214336653,0.408031533625085,0.373995947992965
0.687221497363445,0.821110061317996,0.929183205130006,0.988593327371968,1,0.991713825365079,0.968559570186596,0.934159011927014,0.909723562201517,0.901484334184386,0.885145498060321,0.863232698407693,0.848229791305514,0.840005364351855,0.826749159361892,0.810287983557957,0.799231543503561,0.78833474652225,0.771063578435584,0.750094308883915,0.736249177728059,0.713905504002355,0.682116214968536,0.648704526417179,0.635541005726088,0.614088785843638,0.584979905841149,0.557359506080418,0.531873519593895,0.477663590025213,0.42868917426699,0.391858858251889
0.666617135179305,0.800910325428893,0.910442833032579,0.972325539402322,0.991713825365079,1,0.992494082563457,0.972262646185167,0.955212077773035,0.946192255442601,0.92870130310642,0.905394905870434,0.889429911551211,0.880668067575019,0.866644779244698,0.849275419591364,0.838692794797651,0.829219669321914,0.812821753680865,0.79230847590383,0.779227537654094,0.756945855665729,0.724360431140365,0.689803984911578,0.672566618977728,0.64526380608353,0.611324404170944,0.579937434596402,0.554945190367083,0.500829690986959,0.451119287428699,0.413523461904311
0.636741190130253,0.769352269459059,0.878587876299132,0.941871722175513,0.968559570186596,0.992494082563457,1,0.993568167606175,0.983810042520395,0.974185990604433,0.955867545288124,0.931593301293531,0.914958219940521,0.905819665458711,0.891282031865381,0.873315516598093,0.863346843333186,0.855374796735801,0.840060592941383,0.820297170916872,0.808145065197619,0.786265396859784,0.753423714154032,0.718309483733326,0.697459408326099,0.665007473545278,0.626992159710197,0.592502805733615,0.568365302080499,0.51517274130259,0.465526956205954,0.427781156054317
0.600557101167876,0.729836065616509,0.837334985232715,0.901069345861135,0.934159011927014,0.972262646185167,0.993568167606175,1,0.997124816226486,0.987070072098898,0.968230553351268,0.943384976493201,0.926352043518375,0.916986968813925,0.902167623273101,0.883888603504848,0.874621811406235,0.868146353435444,0.854040533442112,0.835235903555434,0.824106458058868,0.802891820507894,0.770252340962116,0.735091529839213,0.711175317645152,0.674389875934046,0.633109230732618,0.596208788842807,0.573185727632487,0.521559567115022,0.472637967532275,0.435258408847025
0.576155326545522,0.703065236117691,0.809263275628563,0.873184061062878,0.909723562201517,0.955212077773035,0.983810042520395,0.997124816226486,1,0.99448301970819,0.97974115653496,0.95851465792313,0.943319607069822,0.933980828779828,0.919066741330383,0.900608713026846,0.891702873262053,0.885949820537704,0.872315398530207,0.853788853065838,0.843098372752165,0.822019454954416,0.789112173385969,0.753509374437838,0.729680790366771,0.692638907582098,0.650761544293154,0.613229518523865,0.590979905964887,0.539141767774972,0.489490863605729,0.451424008379748
0.568659546417978,0.694953977851265,0.800871794527744,0.864957905475848,0.901484334184386,0.946192255442601,0.974185990604433,0.987070072098898,0.99448301970819,1,0.995343591218094,0.983126926696726,0.972623628135972,0.963590032120871,0.948744334752003,0.930181723276316,0.921171968212542,0.915151961024881,0.900999350709701,0.881802132061497,0.870769902426094,0.849053591999095,0.815108473419771,0.77836924938782,0.758546292569733,0.72626864621249,0.686979062307931,0.650883522013161,0.628893691695402,0.574312262752397,0.521806609965543,0.481495722865423
0.556240907184092,0.680741440208396,0.785371606997569,0.848986336380463,0.885145498060321,0.92870130310642,0.955867545288124,0.968230553351268,0.97974115653496,0.995343591218094,1,0.996181295748584,0.990091405620844,0.981426102201479,0.966787637247002,0.948309463546565,0.939291849220364,0.933085087810919,0.918593961771495,0.89896717264774,0.887728208454577,0.865637409669997,0.831068771133766,0.793642609883074,0.777693223497641,0.750107367827764,0.713577824915381,0.679153335860086,0.657616091903353,0.601044708668701,0.546426493972057,0.50444562704433
0.540522157804946,0.662397274800628,0.765020262384593,0.82769678982938,0.863232698407693,0.905394905870434,0.931593301293531,0.943384976493201,0.95851465792313,0.983126926696726,0.996181295748584,1,0.997956635835248,0.989694562959096,0.975361445844796,0.957108252245839,0.948155988250955,0.941829948244107,0.927148657219127,0.907290499585706,0.895954599737759,0.873702126579882,0.838846522216563,0.801098917115362,0.788786316040799,0.765671889988656,0.731935907905972,0.69930167549693,0.678347457840491,0.620428240117759,0.564335438745935,0.521179309239513
0.531373537388365,0.65110107920278,0.751896958133062,0.813431044214522,0.848229791305514,0.889429911551211,0.914958219940521,0.926352043518375,0.943319607069822,0.972623628135972,0.990091405620844,0.997956635835248,1,0.995925333013827,0.985318031611655,0.970338516998292,0.962472061910775,0.955296778781324,0.939730647839532,0.918999651459908,0.907008403597825,0.884082996593461,0.848488409709075,0.810040180483127,0.799721299802597,0.779143121690268,0.746885805441823,0.715138739496634,0.695008868340552,0.636544532294422,0.579572088387966,0.535654489127196
0.528785158079674,0.646808711913837,0.745921616752089,0.806077047565754,0.840005364351855,0.880668067575019,0.905819665458711,0.916986968813925,0.933980828779828,0.963590032120871,0.981426102201479,0.989694562959096,0.995925333013827,1,0.996699808763268,0.988186144630765,0.98247425508898,0.973686043680281,0.956508477299971,0.934233819691324,0.921003890237017,0.896872169763312,0.86006718504399,0.820522967362902,0.81053488057965,0.790538356653204,0.758430748147354,0.72665764140519,0.707615818134281,0.649434383646782,0.592191074552101,0.547933871067318
0.522770722309521,0.638438075296607,0.735345462939708,0.793840758070933,0.826749159361892,0.866644779244698,0.891282031865381,0.902167623273101,0.919066741330383,0.948744334752003,0.966787637247002,0.975361445844796,0.985318031611655,0.996699808763268,1,0.997365798081066,0.993633108903712,0.983454279756848,0.96494589593856,0.941436943080055,0.927184218132178,0.902134800902297,0.864496749520179,0.824241535901425,0.814620804755577,0.795287182850764,0.763538055515688,0.731962901711824,0.714033150947585,0.656511770986633,0.599423514683952,0.555169003131616
0.514477712476757,0.627393853131668,0.721789414086567,0.778474678068264,0.810287983557957,0.849275419591364,0.873315516598093,0.883888603504848,0.900608713026846,0.930181723276316,0.948309463546565,0.957108252245839,0.970338516998292,0.988186144630765,0.997365798081066,1,0.998056700210869,0.986692090051433,0.967097865946668,0.942617240803599,0.927530154022815,0.901800567288996,0.863628253288256,0.822962467489105,0.813723707368053,0.795090375634238,0.763838835449606,0.732616854655592,0.715780920219521,0.659170493819427,0.602539519717327,0.558534492976593
0.50357906991965,0.615692600688072,0.709778865504376,0.766793338070792,0.799231543503561,0.838692794797651,0.863346843333186,0.874621811406235,0.891702873262053,0.921171968212542,0.939291849220364,0.948155988250955,0.962472061910775,0.98247425508898,0.993633108903712,0.998056700210869,1,0.994278036187193,0.979629829739473,0.959408049328007,0.945446943173144,0.918383850325392,0.878825476480157,0.836880921094559,0.827260565802389,0.808292702209414,0.776504541923902,0.744751648038072,0.728793508604621,0.672373725639221,0.615405634312614,0.571015593136987
0.487699710673355,0.600039414006188,0.695159273583413,0.753996851329073,0.78833474652225,0.829219669321914,0.855374796735801,0.868146353435444,0.885949820537704,0.915151961024881,0.933085087810919,0.941829948244107,0.955296778781324,0.973686043680281,0.983454279756848,0.986692090051433,0.994278036187193,1,0.995475778332458,0.98404479096557,0.972944795500159,0.944148541327739,0.902705979676213,0.858983650066407,0.848389445638617,0.828316935531984,0.795294324088337,0.762439611530429,0.747262964336144,0.690737053767907,0.633076632674425,0.588011959704953
0.468886939354673,0.580347813373054,0.675472565639183,0.73536608706241,0.771063578435584,0.812821753680865,0.840060592941383,0.854040533442112,0.872315398530207,0.900999350709701,0.918593961771495,0.927148657219127,0.939730647839532,0.956508477299971,0.96494589593856,0.967097865946668,0.979629829739473,0.995475778332458,1,0.996498025832142,0.988049605682043,0.957988601072875,0.9152685339805,0.870385267330256,0.859026706091713,0.838164621008796,0.804361476293874,0.770842588530149,0.756506956784971,0.700430073438637,0.642708179046286,0.597476682558378
0.448822329527539,0.558675703156331,0.65309290368458,0.713467475791447,0.750094308883915,0.79230847590383,0.820297170916872,0.835235903555434,0.853788853065838,0.881802132061497,0.89896717264774,0.907290499585706,0.918999651459908,0.934233819691324,0.941436943080055,0.942617240803599,0.959408049328007,0.98404479096557,0.996498025832142,1,0.993948259343463,0.962999199645072,0.919474585665005,0.873905543514158,0.861959328796849,0.840558516338064,0.806321444430169,0.772468900441997,0.758980663964561,0.703718582724206,0.646374546748534,0.601334726936738
0.426637184912276,0.537324308395715,0.633736206963819,0.69715627207945,0.736249177728059,0.779227537654094,0.808145065197619,0.824106458058868,0.843098372752165,0.870769902426094,0.887728208454577,0.895954599737759,0.907008403597825,0.921003890237017,0.927184218132178,0.927530154022815,0.945446943173144,0.972944795500159,0.988049605682043,0.993948259343463,1,0.986223055245884,0.955896444688902,0.920286645612867,0.908107302095667,0.880566346360355,0.841093447538281,0.80308649240795,0.78895698413692,0.73225835358276,0.673072978999335,0.626508098594047
0.396743434647975,0.507613654129753,0.60571324645551,0.672331784702272,0.713905504002355,0.756945855665729,0.786265396859784,0.802891820507894,0.822019454954416,0.849053591999095,0.865637409669997,0.873702126579882,0.884082996593461,0.896872169763312,0.902134800902297,0.901800567288996,0.918383850325392,0.944148541327739,0.957988601072875,0.962999199645072,0.986223055245884,1,0.991311887278496,0.972327986688643,0.960399988210767,0.924187027202858,0.877613140477364,0.834094728854654,0.818696945446565,0.760339578777346,0.699194831715708,0.651037473598243
0.36518071103748,0.474018729807927,0.571533331804554,0.63938652806842,0.682116214968536,0.724360431140365,0.753423714154032,0.770252340962116,0.789112173385969,0.815108473419771,0.831068771133766,0.838846522216563,0.848488409709075,0.86006718504399,0.864496749520179,0.863628253288256,0.878825476480157,0.902705979676213,0.9152685339805,0.919474585665005,0.955896444688902,0.991311887278496,1,0.994608858991987,0.983115011958566,0.940717938940746,0.889412630299825,0.842366674124815,0.826262891950307,0.767732897491092,0.706231227171006,0.657753570365298
0.335827153509577,0.441730768263329,0.537590527746537,0.605586536220109,0.648704526417179,0.689803984911578,0.718309483733326,0.735091529839213,0.753509374437838,0.77836924938782,0.793642609883074,0.801098917115362,0.810040180483127,0.820522967362902,0.824241535901425,0.822962467489105,0.836880921094559,0.858983650066407,0.870385267330256,0.873905543514158,0.920286645612867,0.972327986688643,0.994608858991987,1,0.988989122946118,0.942235575284665,0.887828110115413,0.838576975549961,0.822113717949908,0.764164074615658,0.703133835518169,0.654997061118991
0.32501591021184,0.429978995822645,0.525378412841078,0.593562026567718,0.635541005726088,0.672566618977728,0.697459408326099,0.711175317645152,0.729680790366771,0.758546292569733,0.777693223497641,0.788786316040799,0.799721299802597,0.81053488057965,0.814620804755577,0.813723707368053,0.827260565802389,0.848389445638617,0.859026706091713,0.861959328796849,0.908107302095667,0.960399988210767,0.983115011958566,0.988989122946118,1,0.980957719360603,0.945179726188891,0.908618907320661,0.88730432799153,0.816013068874428,0.745178507001099,0.69024910726907
0.314266968807868,0.416120728949261,0.508750109980213,0.575027247725808,0.614088785843638,0.64526380608353,0.665007473545278,0.674389875934046,0.692638907582098,0.72626864621249,0.750107367827764,0.765671889988656,0.779143121690268,0.790538356653204,0.795287182850764,0.795090375634238,0.808292702209414,0.828316935531984,0.838164621008796,0.840558516338064,0.880566346360355,0.924187027202858,0.940717938940746,0.942235575284665,0.980957719360603,1,0.990604461079148,0.97242868590208,0.945699244172247,0.859205910814304,0.777743520810294,0.715623503984638
0.299531749572642,0.396873461781745,0.485440052335793,0.548863396402012,0.584979905841149,0.611324404170944,0.626992159710197,0.633109230732618,0.650761544293154,0.686979062307931,0.713577824915381,0.731935907905972,0.746885805441823,0.758430748147354,0.763538055515688,0.763838835449606,0.776504541923902,0.795294324088337,0.804361476293874,0.806321444430169,0.841093447538281,0.877613140477364,0.889412630299825,0.887828110115413,0.945179726188891,0.990604461079148,1,0.995184265347135,0.965251561799901,0.870026292073687,0.782938129795237,0.717171521810004
0.285510642804497,0.378494033510279,0.463125661915211,0.523771000621434,0.557359506080418,0.579937434596402,0.592502805733615,0.596208788842807,0.613229518523865,0.650883522013161,0.679153335860086,0.69930167549693,0.715138739496634,0.72665764140519,0.731962901711824,0.732616854655592,0.744751648038072,0.762439611530429,0.770842588530149,0.772468900441997,0.80308649240795,0.834094728854654,0.842366674124815,0.838576975549961,0.908618907320661,0.97242868590208,0.995184265347135,1,0.968117072476279,0.86773301544296,0.777618434205893,0.709997726767846
0.28675469397625,0.372216744930581,0.448787064830733,0.502066245834271,0.531873519593895,0.554945190367083,0.568365302080499,0.573185727632487,0.590979905964887,0.628893691695402,0.657616091903353,0.678347457840491,0.695008868340552,0.707615818134281,0.714033150947585,0.715780920219521,0.728793508604621,0.747262964336144,0.756506956784971,0.758980663964561,0.78895698413692,0.818696945446565,0.826262891950307,0.822113717949908,0.88730432799153,0.945699244172247,0.965251561799901,0.968117072476279,1,0.964348370344403,0.909887582110395,0.863186757000772
0.272843583288658,0.346008222887368,0.410194619399918,0.45304214336653,0.477663590025213,0.500829690986959,0.51517274130259,0.521559567115022,0.539141767774972,0.574312262752397,0.601044708668701,0.620428240117759,0.636544532294422,0.649434383646782,0.656511770986633,0.659170493819427,0.672373725639221,0.690737053767907,0.700430073438637,0.703718582724206,0.73225835358276,0.760339578777346,0.767732897491092,0.764164074615658,0.816013068874428,0.859205910814304,0.870026292073687,0.86773301544296,0.964348370344403,1,0.987234154641979,0.966023433942544
0.255133319461621,0.31839261487216,0.372928864271958,0.408031533625085,0.42868917426699,0.451119287428699,0.465526956205954,0.472637967532275,0.489490863605729,0.521806609965543,0.546426493972057,0.564335438745935,0.579572088387966,0.592191074552101,0.599423514683952,0.602539519717327,0.615405634312614,0.633076632674425,0.642708179046286,0.646374546748534,0.673072978999335,0.699194831715708,0.706231227171006,0.703133835518169,0.745178507001099,0.777743520810294,0.782938129795237,0.777618434205893,0.909887582110395,0.987234154641979,1,0.994856828458984
0.240487026372023,0.296608112291272,0.344284125932408,0.373995947992965,0.391858858251889,0.413523461904311,0.427781156054317,0.435258408847025,0.451424008379748,0.481495722865423,0.50444562704433,0.521179309239513,0.535654489127196,0.547933871067318,0.555169003131616,0.558534492976593,0.571015593136987,0.588011959704953,0.597476682558378,0.601334726936738,0.626508098594047,0.651037473598243,0.657753570365298,0.654997061118991,0.69024910726907,0.715623503984638,0.717171521810004,0.709997726767846,0.863186757000772,0.966023433942544,0.994856828458984,1
