1,0.988778626846844,0.955701876295611,0.904664911597829,0.842040845768125,0.774367913057911,0.706770314331537,0.64251034575836,0.606869614073855,0.589753993714061,0.561146514505003,0.530861421423621,0.502908347517843,0.478407008078061,0.457328385162307,0.439272136775963,0.439683563052552,0.445400307582199,0.442203377451732,0.434960513034161,0.426309898927539,0.417534939049112,0.409204170160238,0.401533000128228,0.403093865258892,0.386932397481511,0.36715962872397,0.350741669159597,0.337884909377417,0.327807910952624,0.319790341645798,0.313298391374644
0.988778626846844,1,0.988947968655233,0.958171169536756,0.913174030201808,0.860201658336634,0.804523013353812,0.749773222106748,0.717957682903988,0.695921290961866,0.660748722527393,0.623956827623566,0.590184196563897,0.560675162948836,0.535340276818458,0.513669146831665,0.512724473483029,0.517431985877307,0.512192911768131,0.502595758183532,0.491626239341564,0.480708614207267,0.470453017328279,0.461073112644177,0.467576666125902,0.454174745473244,0.434295615744329,0.417124114522089,0.403446373245608,0.3926237489664,0.383960716788269,0.376916656971537
0.955701876295611,0.988947968655233,1,0.990013671069328,0.963509129731827,0.926301992937688,0.883687975996718,0.839591568894731,0.812278362435253,0.785847224833091,0.744939455111434,0.70250613835655,0.663707159730685,0.629882922150997,0.600885983604649,0.576108057303915,0.573838459634917,0.577439886910755,0.570290299338187,0.558569539087431,0.545541982753722,0.5327400807191,0.520801713799795,0.509934074178037,0.521198781392076,0.510832996818701,0.491289402962448,0.473751052190172,0.459562006839204,0.448239514686436,0.439128104254088,0.431692393184686
0.904664911597829,0.958171169536756,0.990013671069328,1,0.991621792009595,0.970167105754913,0.940848561856289,0.907785350772647,0.885312830463438,0.855244783224049,0.809722268119252,0.762794639132001,0.720011687956171,0.682777690798718,0.650893087454339,0.623668976937744,0.620186130038111,0.622662059128708,0.613842447105864,0.600342734532414,0.585625352891465,0.571294215809363,0.55800051255107,0.545941035457842,0.561501873585547,0.554235352064023,0.535411334758565,0.517883621505035,0.50349922004921,0.491933496069271,0.4825824954382,0.47492678816937
0.842040845768125,0.913174030201808,0.963509129731827,0.991621792009595,1,0.993355705323175,0.976734015618126,0.954360324765605,0.936717349467278,0.903843782252336,0.854890634728738,0.804667358949414,0.758983744740723,0.719277981384101,0.685306249706714,0.656317855849052,0.651784332648644,0.653185542853755,0.642990249036763,0.628097078691592,0.612089252708682,0.596608053205741,0.582305449638955,0.569365255194966,0.588589967562777,0.584290742603478,0.566456053315232,0.549245328973809,0.534934061176748,0.523348192971617,0.513941563356403,0.506218464886315
0.774367913057911,0.860201658336634,0.926301992937688,0.970167105754913,0.993355705323175,1,0.994924677687753,0.98239013646894,0.969298808370984,0.934389552067258,0.883070651640921,0.830619803835578,0.782996467591968,0.741648755140499,0.706296856133191,0.676145615547014,0.670739987319596,0.671163941783753,0.659886869240346,0.643962363653555,0.62703070519306,0.610743312065277,0.595743650441369,0.582201376797247,0.604419067843153,0.602824117470388,0.586122460907846,0.569436966865843,0.555392767028093,0.543952412262775,0.534628936079144,0.526954759611659
0.706770314331537,0.804523013353812,0.883687975996718,0.940848561856289,0.976734015618126,0.994924677687753,1,0.996204613049098,0.98723544741784,0.950926291043161,0.898097517467087,0.844269933857866,0.795468993485998,0.753135722351973,0.71696188738013,0.686122114561295,0.680012812218561,0.67957770247906,0.667477539328759,0.650824633434246,0.633269530695617,0.6164545365273,0.601008678459982,0.58708738859756,0.611680115650454,0.612466969644981,0.596937756026341,0.580893105633324,0.567235279282879,0.556046676561523,0.546897387321906,0.539349515960047
0.64251034575836,0.749773222106748,0.839591568894731,0.907785350772647,0.954360324765605,0.98239013646894,0.996204613049098,1,0.994670083288927,0.957447176496528,0.903744746780464,0.849166851971853,0.799746710210472,0.75690742177489,0.720318689947398,0.689135756423368,0.682467757942249,0.681293086191587,0.668579966636216,0.651433282654862,0.633482577993199,0.616348831669021,0.600643432177767,0.586508234666059,0.6129541499773,0.615794915732194,0.601407028582466,0.586048069972753,0.572836270977389,0.561957030450335,0.553033313315516,0.545656485634403
0.606869614073855,0.717957682903988,0.812278362435253,0.885312830463438,0.936717349467278,0.969298808370984,0.98723544741784,0.994670083288927,1,0.980730419912511,0.940229484001298,0.895138348144476,0.852588834057604,0.814827510535709,0.782082004060794,0.753876356648913,0.747040855532654,0.742219831113373,0.725576837533112,0.704730423986554,0.68348981256033,0.663498792856447,0.645331226428718,0.629074664469111,0.652947759608537,0.651726272671972,0.63397045781488,0.616121020342668,0.601065163502862,0.588787559760526,0.57877528428077,0.570530590049711
0.589753993714061,0.695921290961866,0.785847224833091,0.855244783224049,0.903843782252336,0.934389552067258,0.950926291043161,0.957447176496528,0.980730419912511,1,0.988641861970029,0.964981278603158,0.938254581765673,0.912380431954581,0.888758873846586,0.867708074038142,0.861286805500976,0.849840421252686,0.826110238801784,0.798615803250637,0.771476171173202,0.746369061793206,0.723797246497349,0.703748864829621,0.719753782988262,0.707922942122679,0.682354553922254,0.659005165379223,0.639984944099222,0.624751682165299,0.612465279494242,0.602422914785925
0.561146514505003,0.660748722527393,0.744939455111434,0.809722268119252,0.854890634728738,0.883070651640921,0.898097517467087,0.903744746780464,0.940229484001298,0.988641861970029,1,0.993444935667194,0.97959012948405,0.963537946967817,0.947553692090945,0.932558103475512,0.926623615078576,0.910380177233478,0.881819278342646,0.849930522450243,0.818963470553304,0.790578017473715,0.765209083073444,0.742768642277242,0.752301711208803,0.732619085359747,0.701710086264734,0.674741037792423,0.653169103515739,0.63606095425307,0.622346796680038,0.611184451577473
0.530861421423621,0.623956827623566,0.70250613835655,0.762794639132001,0.804667358949414,0.830619803835578,0.844269933857866,0.849166851971853,0.895138348144476,0.964981278603158,0.993444935667194,1,0.996146119888982,0.987808465992666,0.977876042888548,0.967713918229524,0.962239846153475,0.942594553627575,0.910793348840688,0.876046775607501,0.842639088835556,0.812191405402882,0.785080428792926,0.761161540261082,0.765627246718834,0.740271579956851,0.70577012438039,0.67645771797335,0.653272706366585,0.634998452995102,0.620406713441564,0.608562108428484
0.502908347517843,0.590184196563897,0.663707159730685,0.720011687956171,0.758983744740723,0.782996467591968,0.795468993485998,0.799746710210472,0.852588834057604,0.938254581765673,0.97959012948405,0.996146119888982,1,0.997655627535914,0.992454896586417,0.98609167367734,0.981019499169645,0.958938545013167,0.924933618519271,0.888302964988336,0.853319400317021,0.821559886663502,0.793353112737583,0.768512321240174,0.769050263866301,0.739567024424761,0.702615636118505,0.671765610342743,0.647548877622796,0.628542232852375,0.61340676609852,0.601143896817084
0.478407008078061,0.560675162948836,0.629882922150997,0.682777690798718,0.719277981384101,0.741648755140499,0.753135722351973,0.75690742177489,0.814827510535709,0.912380431954581,0.963537946967817,0.987808465992666,0.997655627535914,1,0.998518956541916,0.995153841373709,0.990422386380549,0.9665591933327,0.931016805862039,0.893112139567201,0.857086219942142,0.824473119018381,0.795562303526456,0.770135137369783,0.767605601838854,0.735059638431912,0.696394452872181,0.664509803078901,0.639617671619,0.620141296327845,0.604662586524422,0.592138993221097
0.457328385162307,0.535340276818458,0.600885983604649,0.650893087454339,0.685306249706714,0.706296856133191,0.71696188738013,0.720318689947398,0.782082004060794,0.888758873846586,0.947553692090945,0.977876042888548,0.992454896586417,0.998518956541916,1,0.999029621282516,0.994584862422065,0.969384616091075,0.932738837227822,0.893948120932184,0.85721403406986,0.824031420058052,0.794657596137654,0.768849314021912,0.763889609377863,0.729017655602928,0.689119337344897,0.656518814618093,0.631173003908131,0.61138833991707,0.595688526902811,0.582999548309319
0.439272136775963,0.513669146831665,0.576108057303915,0.623668976937744,0.656317855849052,0.676145615547014,0.686122114561295,0.689135756423368,0.753876356648913,0.867708074038142,0.932558103475512,0.967713918229524,0.98609167367734,0.995153841373709,0.999029621282516,1,0.995796977461984,0.969568991544371,0.932109462843454,0.892685597966437,0.855457905471141,0.821886228513748,0.792201299591761,0.766140473378716,0.759224191331295,0.722544888010263,0.681734844102946,0.648625510456453,0.622967408971618,0.602976090635185,0.587131342564315,0.574336003640542
0.439683563052552,0.512724473483029,0.573838459634917,0.620186130038111,0.651784332648644,0.670739987319596,0.680012812218561,0.682467757942249,0.747040855532654,0.861286805500976,0.926623615078576,0.962239846153475,0.981019499169645,0.990422386380549,0.994584862422065,0.995796977461984,1,0.987723629493468,0.960953410046981,0.929626450576101,0.898572137288711,0.869775821994302,0.843848591690939,0.820796091783493,0.810722896637947,0.766717022117274,0.720371671042278,0.683321081268038,0.65480391718854,0.632672255406817,0.615175992664074,0.601072406839273
0.445400307582199,0.517431985877307,0.577439886910755,0.622662059128708,0.653185542853755,0.671163941783753,0.67957770247906,0.681293086191587,0.742219831113373,0.849840421252686,0.910380177233478,0.942594553627575,0.958938545013167,0.9665591933327,0.969384616091075,0.969568991544371,0.987723629493468,1,0.992381706996477,0.975778459733968,0.956090573446493,0.936180238512895,0.917309370909181,0.899951029434174,0.886154607851133,0.831898070198798,0.777719944061451,0.735064943668542,0.702471179578956,0.677282425971042,0.657424449050938,0.641448387914854
0.442203377451732,0.512192911768131,0.570290299338187,0.613842447105864,0.642990249036763,0.659886869240346,0.667477539328759,0.668579966636216,0.725576837533112,0.826110238801784,0.881819278342646,0.910793348840688,0.924933618519271,0.931016805862039,0.932738837227822,0.932109462843454,0.960953410046981,0.992381706996477,1,0.995296328139658,0.984913551350741,0.972355889924134,0.959376725441696,0.946809573260426,0.93031539304406,0.868913000927581,0.809494609385731,0.763157460010314,0.727912440268643,0.700748389095583,0.679371321846436,0.662194865545427
0.434960513034161,0.502595758183532,0.558569539087431,0.600342734532414,0.628097078691592,0.643962363653555,0.650824633434246,0.651433282654862,0.704730423986554,0.798615803250637,0.849930522450243,0.876046775607501,0.888302964988336,0.893112139567201,0.893948120932184,0.892685597966437,0.929626450576101,0.975778459733968,0.995296328139658,1,0.997045183416871,0.990403473868319,0.982195958088558,0.973530676936396,0.955091549138537,0.888726777265138,0.825823218306206,0.777086208205902,0.740133332902201,0.711706535594634,0.689363566374141,0.671426886818104
0.426309898927539,0.491626239341564,0.545541982753722,0.585625352891465,0.612089252708682,0.62703070519306,0.633269530695617,0.633482577993199,0.68348981256033,0.771476171173202,0.818963470553304,0.842639088835556,0.853319400317021,0.857086219942142,0.85721403406986,0.855457905471141,0.898572137288711,0.956090573446493,0.984913551350741,0.997045183416871,1,0.998093646020149,0.993724595659785,0.988211163642863,0.968353077598552,0.898497082949639,0.833250496455751,0.782936338771262,0.744876258997332,0.715638206866878,0.692678693175222,0.674259104859202
0.417534939049112,0.480708614207267,0.5327400807191,0.571294215809363,0.596608053205741,0.610743312065277,0.6164545365273,0.616348831669021,0.663498792856447,0.746369061793206,0.790578017473715,0.812191405402882,0.821559886663502,0.824473119018381,0.824031420058052,0.821886228513748,0.869775821994302,0.936180238512895,0.972355889924134,0.990403473868319,0.998093646020149,1,0.998733606316853,0.995776078118923,0.974862951719184,0.902500996703762,0.835651219619248,0.784285289622799,0.745498554241998,0.715733861249529,0.692377269334978,0.673648537843362
0.409204170160238,0.470453017328279,0.520801713799795,0.55800051255107,0.582305449638955,0.595743650441369,0.601008678459982,0.600643432177767,0.645331226428718,0.723797246497349,0.765209083073444,0.785080428792926,0.793353112737583,0.795562303526456,0.794657596137654,0.792201299591761,0.843848591690939,0.917309370909181,0.959376725441696,0.982195958088558,0.993724595659785,0.998733606316853,1,0.999134328285954,0.977420140426508,0.903219473552825,0.835251355528783,0.783172917510939,0.74390322340951,0.713793173335006,0.690178767399522,0.671250852085036
0.401533000128228,0.461073112644177,0.509934074178037,0.545941035457842,0.569365255194966,0.582201376797247,0.58708738859756,0.586508234666059,0.629074664469111,0.703748864829621,0.742768642277242,0.761161540261082,0.768512321240174,0.770135137369783,0.768849314021912,0.766140473378716,0.820796091783493,0.899951029434174,0.946809573260426,0.973530676936396,0.988211163642863,0.995776078118923,0.999134328285954,1,0.977664975816447,0.902085870237098,0.833323042919558,0.780755071589245,0.741161150260121,0.710823130573546,0.687040716573325,0.667984308211678
0.403093865258892,0.467576666125902,0.521198781392076,0.561501873585547,0.588589967562777,0.604419067843153,0.611680115650454,0.6129541499773,0.652947759608537,0.719753782988262,0.752301711208803,0.765627246718834,0.769050263866301,0.767605601838854,0.763889609377863,0.759224191331295,0.810722896637947,0.886154607851133,0.93031539304406,0.955091549138537,0.968353077598552,0.974862951719184,0.977420140426508,0.977664975816447,1,0.972572315411582,0.930763267206314,0.89447148479383,0.865504566258965,0.842558524425332,0.824178202433664,0.80922553916287
0.386932397481511,0.454174745473244,0.510832996818701,0.554235352064023,0.584290742603478,0.602824117470388,0.612466969644981,0.615794915732194,0.651726272671972,0.707922942122679,0.732619085359747,0.740271579956851,0.739567024424761,0.735059638431912,0.729017655602928,0.722544888010263,0.766717022117274,0.831898070198798,0.868913000927581,0.888726777265138,0.898497082949639,0.902500996703762,0.903219473552825,0.902085870237098,0.972572315411582,1,0.990278616836738,0.973939795746613,0.958275717215322,0.944728955524374,0.933301791645116,0.923682834597135
0.36715962872397,0.434295615744329,0.491289402962448,0.535411334758565,0.566456053315232,0.586122460907846,0.596937756026341,0.601407028582466,0.63397045781488,0.682354553922254,0.701710086264734,0.70577012438039,0.702615636118505,0.696394452872181,0.689119337344897,0.681734844102946,0.720371671042278,0.777719944061451,0.809494609385731,0.825823218306206,0.833250496455751,0.835651219619248,0.835251355528783,0.833323042919558,0.930763267206314,0.990278616836738,1,0.996020116726142,0.988720496769296,0.98114850619107,0.974177931748279,0.967999875771493
0.350741669159597,0.417124114522089,0.473751052190172,0.517883621505035,0.549245328973809,0.569436966865843,0.580893105633324,0.586048069972753,0.616121020342668,0.659005165379223,0.674741037792423,0.67645771797335,0.671765610342743,0.664509803078901,0.656518814618093,0.648625510456453,0.683321081268038,0.735064943668542,0.763157460010314,0.777086208205902,0.782936338771262,0.784285289622799,0.783172917510939,0.780755071589245,0.89447148479383,0.973939795746613,0.996020116726142,1,0.99813452773864,0.994468244890849,0.990424445417089,0.986514259239113
0.337884909377417,0.403446373245608,0.459562006839204,0.50349922004921,0.534934061176748,0.555392767028093,0.567235279282879,0.572836270977389,0.601065163502862,0.639984944099222,0.653169103515739,0.653272706366585,0.647548877622796,0.639617671619,0.631173003908131,0.622967408971618,0.65480391718854,0.702471179578956,0.727912440268643,0.740133332902201,0.744876258997332,0.745498554241998,0.74390322340951,0.741161150260121,0.865504566258965,0.958275717215322,0.988720496769296,0.99813452773864,1,0.999025952512147,0.997005555110495,0.994666808945286
0.327807910952624,0.3926237489664,0.448239514686436,0.491933496069271,0.523348192971617,0.543952412262775,0.556046676561523,0.561957030450335,0.588787559760526,0.624751682165299,0.63606095425307,0.634998452995102,0.628542232852375,0.620141296327845,0.61138833991707,0.602976090635185,0.632672255406817,0.677282425971042,0.700748389095583,0.711706535594634,0.715638206866878,0.715733861249529,0.713793173335006,0.710823130573546,0.842558524425332,0.944728955524374,0.98114850619107,0.994468244890849,0.999025952512147,1,0.999446723365424,0.998249178374847
0.319790341645798,0.383960716788269,0.439128104254088,0.4825824954382,0.513941563356403,0.534628936079144,0.546897387321906,0.553033313315516,0.57877528428077,0.612465279494242,0.622346796680038,0.620406713441564,0.61340676609852,0.604662586524422,0.595688526902811,0.587131342564315,0.615175992664074,0.657424449050938,0.679371321846436,0.689363566374141,0.692678693175222,0.692377269334978,0.690178767399522,0.687040716573325,0.824178202433664,0.933301791645116,0.974177931748279,0.990424445417089,0.997005555110495,0.999446723365424,1,0.999664176154194
0.313298391374644,0.376916656971537,0.431692393184686,0.47492678816937,0.506218464886315,0.526954759611659,0.539349515960047,0.545656485634403,0.570530590049711,0.602422914785925,0.611184451577473,0.608562108428484,0.601143896817084,0.592138993221097,0.582999548309319,0.574336003640542,0.601072406839273,0.641448387914854,0.662194865545427,0.671426886818104,0.674259104859202,0.673648537843362,0.671250852085036,0.667984308211678,0.80922553916287,0.923682834597135,0.967999875771493,0.986514259239113,0.994666808945286,0.998249178374847,0.999664176154194,1
