1,0.991475658767028,0.960630037509189,0.900729674103307,0.810071251543598,0.785526688428209,0.77582111739128,0.759001945426084,0.735285607840682,0.708780483743537,0.684648067322048,0.65520432238861,0.622382118748702,0.587940241284159,0.566110570505712,0.547091461895971,0.527943980440207,0.509514377575145,0.491362694056884,0.468790339236561,0.447577361666113,0.429626219597453,0.414815111965651,0.39789557776338,0.37683226416173,0.355835392597001,0.336503758888831,0.317058071495479,0.283844922646073,0.249845784337765,0.220426597484268,0.19635807611648
0.991475658767028,1,0.988640438269776,0.949647817780367,0.87956025367172,0.858915040349426,0.84858695966,0.830483916376737,0.8048348282818,0.776647505125415,0.752327623699208,0.722042165812548,0.68787305845352,0.651732564391844,0.629781674613409,0.610729069517673,0.591212121098681,0.57221950417216,0.553725688498442,0.530825089229345,0.508641272446055,0.489623423716616,0.473818810283967,0.458115315516672,0.437840664787528,0.416782890045618,0.396965439622297,0.377545013990519,0.344779440866465,0.309127304421712,0.277444447191301,0.251134597139509
0.960630037509189,0.988640438269776,1,0.98595212833655,0.941079688509426,0.92537014995091,0.914542847854521,0.895342435518836,0.868007378599885,0.838476905906007,0.814456181226701,0.783841592382038,0.748842890976959,0.711508859636524,0.689883339641315,0.671195874589242,0.651666344170501,0.632426764517863,0.613930216074926,0.591136296978971,0.568302696642591,0.548457379192863,0.531841640946582,0.517873726171009,0.498938526136759,0.478256771514815,0.458298890933746,0.439319181828367,0.407764313279024,0.370960913562601,0.337338224049205,0.309000444538559
0.900729674103307,0.949647817780367,0.98595212833655,1,0.984345916075564,0.974540386188975,0.963447083026537,0.943539274420754,0.915059676272706,0.884824192461381,0.861776594648952,0.831612787282947,0.79662563536383,0.758960991239846,0.738273844353472,0.72049058601652,0.701467959713689,0.682467083734739,0.664460833420695,0.642393421227696,0.619446729149866,0.599211156005779,0.582137186541353,0.570470567755903,0.553528931933897,0.533816666203957,0.514235037113598,0.496251317412155,0.46688352616664,0.429782339841342,0.394900693089786,0.365065096357946
0.810071251543598,0.87956025367172,0.941079688509426,0.984345916075564,1,0.996723198975115,0.985687307017409,0.965639794066947,0.936820463530335,0.906762552169615,0.885444222603386,0.856675390147829,0.822766740261971,0.78590115295811,0.766834662066034,0.750547504726334,0.732639520197517,0.714469619242674,0.697529511713289,0.67690126208544,0.654534590097458,0.634503947256675,0.617466823392082,0.608584088844187,0.594262388569584,0.576173900286133,0.557586085841858,0.541201425331318,0.515036479819649,0.478751815650373,0.443604822635427,0.413098045552795
0.785526688428209,0.858915040349426,0.92537014995091,0.974540386188975,0.996723198975115,1,0.995674988636827,0.982385431225196,0.960188234928332,0.935455061934466,0.916478192546043,0.88960813287546,0.857177521446626,0.821417104512773,0.803286855292575,0.787591911099978,0.769990432910862,0.751936588029764,0.734932248816413,0.713584240374267,0.690280436392423,0.669360264830431,0.651544577556963,0.642381681346925,0.627463065489385,0.608525576614747,0.589027250660288,0.57258786571218,0.548187723184773,0.51213721012459,0.476572143760407,0.445433326763572
0.77582111739128,0.84858695966,0.914542847854521,0.963447083026537,0.985687307017409,0.995674988636827,1,0.99549735734804,0.981988742900603,0.964140743081132,0.947775264433953,0.923055455062495,0.892331312817097,0.857879536956927,0.840575186271817,0.825289046075743,0.807834193031968,0.789757815936022,0.772433301335207,0.749832485374412,0.725228613851662,0.703162865069525,0.684380980099477,0.674143037787805,0.657799752586326,0.637387411223991,0.616503462596513,0.599613337048832,0.576704693419907,0.540835781184603,0.504896861676202,0.473204089348753
0.759001945426084,0.830483916376737,0.895342435518836,0.943539274420754,0.965639794066947,0.982385431225196,0.99549735734804,1,0.995476635085809,0.984812584282839,0.971257368496947,0.948951810116609,0.920242667300439,0.887433226754809,0.871125801421356,0.856393038865107,0.839243401651536,0.821305193076125,0.803808463492921,0.780130923775028,0.754419967883596,0.731382130301976,0.711781897575308,0.700538378803276,0.682887233829539,0.661152108850834,0.639040620856051,0.621841194075013,0.600658541143111,0.565294698167836,0.529294751642953,0.497319341029008
0.735285607840682,0.8048348282818,0.868007378599885,0.915059676272706,0.936820463530335,0.960188234928332,0.981988742900603,0.995476635085809,1,0.996632736913301,0.986016718147296,0.966332507764746,0.939902410713969,0.909035548854381,0.893874694429824,0.879829708715281,0.863140957115263,0.845503329551776,0.827992096331019,0.803449321773006,0.776861075431017,0.753057097362023,0.732813754418099,0.720663953304702,0.701861450904956,0.678996914636433,0.655854878963977,0.638500861390504,0.619239570843142,0.584701514865773,0.548965708890715,0.516995952292503
0.708780483743537,0.776647505125415,0.838476905906007,0.884824192461381,0.906762552169615,0.935455061934466,0.964140743081132,0.984812584282839,0.996632736913301,1,0.994619302199017,0.979778113757711,0.95771716622084,0.930716320566822,0.917231393777634,0.903977554248173,0.887834016777542,0.870565944017057,0.853005821445251,0.827331105624378,0.799674609805185,0.774964985663648,0.753973646851761,0.741162952946368,0.721511824466326,0.69775095421829,0.67375811033644,0.656345326406879,0.638890714663808,0.605058113792816,0.56948116785817,0.537430391656828
0.684648067322048,0.752327623699208,0.814456181226701,0.861776594648952,0.885444222603386,0.916478192546043,0.947775264433953,0.971257368496947,0.986016718147296,0.994619302199017,1,0.995234748842487,0.982370160044234,0.963598365809424,0.952902455641356,0.940516326618297,0.924916908070683,0.907969044162326,0.890059252362426,0.862297803503172,0.832780661799883,0.806533661861687,0.784291057112053,0.771285337404419,0.751313616887685,0.726961779272068,0.702287155853809,0.684840332005894,0.668653792635254,0.634795703312518,0.598674247443584,0.565933885903703
0.65520432238861,0.722042165812548,0.783841592382038,0.831612787282947,0.856675390147829,0.88960813287546,0.923055455062495,0.948951810116609,0.966332507764746,0.979778113757711,0.995234748842487,1,0.995917651439255,0.985075715468486,0.977110017362301,0.965662345270921,0.950728398736275,0.934248513241231,0.916185653447885,0.886733017987409,0.855754745033106,0.828318737326097,0.805117054919351,0.792055615130402,0.77197846268771,0.747309765888375,0.722235982043107,0.704928615618674,0.690094718051267,0.656545452195362,0.620266555156773,0.58719896972619
0.622382118748702,0.68787305845352,0.748842890976959,0.79662563536383,0.822766740261971,0.857177521446626,0.892331312817097,0.920242667300439,0.939902410713969,0.95771716622084,0.982370160044234,0.995917651439255,1,0.996591095691295,0.991220507405123,0.980738830441621,0.966547778865359,0.950641092439245,0.932589952942778,0.901821889711165,0.869754117478696,0.841450437632081,0.817557972210546,0.804555890448999,0.784551665464291,0.75979916984217,0.734568838763352,0.717537576570409,0.704081860963172,0.671103441248381,0.634986937771398,0.601897296241866
0.587940241284159,0.651732564391844,0.711508859636524,0.758960991239846,0.78590115295811,0.821417104512773,0.857879536956927,0.887433226754809,0.909035548854381,0.930716320566822,0.963598365809424,0.985075715468486,0.996591095691295,1,0.997039575679983,0.98751561554392,0.974104861814157,0.95883562816278,0.940924085539849,0.909173462078731,0.876338898390388,0.847444291889117,0.823091072768018,0.810236076460312,0.790441334062773,0.765788982618433,0.740595718562586,0.723938406792646,0.711838363546718,0.679617138207695,0.64390692703594,0.611033387032774
0.566110570505712,0.629781674613409,0.689883339641315,0.738273844353472,0.766834662066034,0.803286855292575,0.840575186271817,0.871125801421356,0.893874694429824,0.917231393777634,0.952902455641356,0.977110017362301,0.991220507405123,0.997039575679983,1,0.996608072660009,0.988377112602964,0.977479678021062,0.963442193013727,0.934675587061562,0.903596026332286,0.875798199683395,0.852170281274418,0.839402947842939,0.819095484205011,0.793712344767484,0.767734799529576,0.751048407228746,0.740542764174735,0.708573697022766,0.672536957026409,0.639141764430045
0.547091461895971,0.610729069517673,0.671195874589242,0.72049058601652,0.750547504726334,0.787591911099978,0.825289046075743,0.856393038865107,0.879829708715281,0.903977554248173,0.940516326618297,0.965662345270921,0.980738830441621,0.98751561554392,0.996608072660009,1,0.997535149791566,0.99153066569586,0.981962458498592,0.957015718492008,0.928306369560457,0.902062902182734,0.879508669850447,0.866870727346895,0.846029417244294,0.819918091397218,0.793170663620033,0.776441917450055,0.767463784345477,0.735755176462927,0.699429395748388,0.66555738011293
0.527943980440207,0.591212121098681,0.651666344170501,0.701467959713689,0.732639520197517,0.769990432910862,0.807834193031968,0.839243401651536,0.863140957115263,0.887834016777542,0.924916908070683,0.950728398736275,0.966547778865359,0.974104861814157,0.988377112602964,0.997535149791566,1,0.998199675341782,0.992493472239002,0.970937395399335,0.944402812584549,0.919625261754637,0.898107334883919,0.885647419400489,0.864462569708417,0.837870230977338,0.810609645539092,0.79393440190856,0.786306801942183,0.754990138387802,0.718612502826571,0.684515374214075
0.509514377575145,0.57221950417216,0.632426764517863,0.682467083734739,0.714469619242674,0.751936588029764,0.789757815936022,0.821305193076125,0.845503329551776,0.870565944017057,0.907969044162326,0.934248513241231,0.950641092439245,0.95883562816278,0.977479678021062,0.99153066569586,0.998199675341782,1,0.997617241125673,0.979043646489036,0.954471678242622,0.931043969193473,0.910495926743084,0.898236868131145,0.87684114286769,0.849941547925091,0.822348840674537,0.80578448357754,0.799341089783401,0.768481811963234,0.732201987533322,0.698045662699604
0.491362694056884,0.553725688498442,0.613930216074926,0.664460833420695,0.697529511713289,0.734932248816413,0.772433301335207,0.803808463492921,0.827992096331019,0.853005821445251,0.890059252362426,0.916185653447885,0.932589952942778,0.940924085539849,0.963442193013727,0.981962458498592,0.992493472239002,0.997617241125673,1,0.989715447451317,0.970740297292269,0.951237134375163,0.933551730617204,0.922002665250805,0.900310560251259,0.872910657115693,0.844753388312068,0.827554771421038,0.81965748280518,0.78705265102263,0.749160866679336,0.713638314206415
0.468790339236561,0.530825089229345,0.591136296978971,0.642393421227696,0.67690126208544,0.713584240374267,0.749832485374412,0.780130923775028,0.803449321773006,0.827331105624378,0.862297803503172,0.886733017987409,0.901821889711165,0.909173462078731,0.934675587061562,0.957015718492008,0.970937395399335,0.979043646489036,0.989715447451317,1,0.995107545512831,0.985579401484305,0.975225834746431,0.965630839618349,0.943582011157816,0.915410519960296,0.886331814956878,0.866951029662049,0.85182136753048,0.812779441458607,0.769699172004076,0.730110040712587
0.447577361666113,0.508641272446055,0.568302696642591,0.619446729149866,0.654534590097458,0.690280436392423,0.725228613851662,0.754419967883596,0.776861075431017,0.799674609805185,0.832780661799883,0.855754745033106,0.869754117478696,0.876338898390388,0.903596026332286,0.928306369560457,0.944402812584549,0.954471678242622,0.970740297292269,0.995107545512831,1,0.997475403040446,0.992309769690022,0.984179450893331,0.962148737598507,0.933782279416928,0.904415997200559,0.883760578030223,0.86381736076191,0.820797978831144,0.774651048034668,0.732728222706163
0.429626219597453,0.489623423716616,0.548457379192863,0.599211156005779,0.634503947256675,0.669360264830431,0.703162865069525,0.731382130301976,0.753057097362023,0.774964985663648,0.806533661861687,0.828318737326097,0.841450437632081,0.847444291889117,0.875798199683395,0.902062902182734,0.919625261754637,0.931043969193473,0.951237134375163,0.985579401484305,0.997475403040446,1,0.998594506057045,0.991566069742571,0.969681467903905,0.941346239208459,0.911950661070777,0.890503855231875,0.867221276863482,0.821602903797938,0.77353052800949,0.730183574456646
0.414815111965651,0.473818810283967,0.531841640946582,0.582137186541353,0.617466823392082,0.651544577556963,0.684380980099477,0.711781897575308,0.732813754418099,0.753973646851761,0.784291057112053,0.805117054919351,0.817557972210546,0.823091072768018,0.852170281274418,0.879508669850447,0.898107334883919,0.910495926743084,0.933551730617204,0.975225834746431,0.992309769690022,0.998594506057045,1,0.993817070596333,0.972113512557876,0.943894806720172,0.914574066806101,0.892607166766002,0.866908863381842,0.819500815732595,0.770149536659894,0.725882290182531
0.39789557776338,0.458115315516672,0.517873726171009,0.570470567755903,0.608584088844187,0.642381681346925,0.674143037787805,0.700538378803276,0.720663953304702,0.741162952946368,0.771285337404419,0.792055615130402,0.804555890448999,0.810236076460312,0.839402947842939,0.866870727346895,0.885647419400489,0.898236868131145,0.922002665250805,0.965630839618349,0.984179450893331,0.991566069742571,0.993817070596333,1,0.992094130410446,0.974620670276803,0.953666483960633,0.936511137373987,0.907128074452649,0.855663512514308,0.802689840705587,0.755406549307749
0.37683226416173,0.437840664787528,0.498938526136759,0.553528931933897,0.594262388569584,0.627463065489385,0.657799752586326,0.682887233829539,0.701861450904956,0.721511824466326,0.751313616887685,0.77197846268771,0.784551665464291,0.790441334062773,0.819095484205011,0.846029417244294,0.864462569708417,0.87684114286769,0.900310560251259,0.943582011157816,0.962148737598507,0.969681467903905,0.972113512557876,0.992094130410446,1,0.995009322570535,0.983884365641228,0.972605617037834,0.940085156956534,0.885208644164915,0.82920357053847,0.779403275649184
0.355835392597001,0.416782890045618,0.478256771514815,0.533816666203957,0.576173900286133,0.608525576614747,0.637387411223991,0.661152108850834,0.678996914636433,0.69775095421829,0.726961779272068,0.747309765888375,0.75979916984217,0.765788982618433,0.793712344767484,0.819918091397218,0.837870230977338,0.849941547925091,0.872910657115693,0.915410519960296,0.933782279416928,0.941346239208459,0.943894806720172,0.974620670276803,0.995009322570535,1,0.996815728325762,0.99033665686171,0.955688369889336,0.898717833469583,0.84093403762758,0.789694050216201
0.336503758888831,0.396965439622297,0.458298890933746,0.514235037113598,0.557586085841858,0.589027250660288,0.616503462596513,0.639040620856051,0.655854878963977,0.67375811033644,0.702287155853809,0.722235982043107,0.734568838763352,0.740595718562586,0.767734799529576,0.793170663620033,0.810609645539092,0.822348840674537,0.844753388312068,0.886331814956878,0.904415997200559,0.911950661070777,0.914574066806101,0.953666483960633,0.983884365641228,0.996815728325762,1,0.997403004620722,0.961302805370407,0.90306747675336,0.844276691198678,0.792253710073962
0.317058071495479,0.377545013990519,0.439319181828367,0.496251317412155,0.541201425331318,0.57258786571218,0.599613337048832,0.621841194075013,0.638500861390504,0.656345326406879,0.684840332005894,0.704928615618674,0.717537576570409,0.723938406792646,0.751048407228746,0.776441917450055,0.79393440190856,0.80578448357754,0.827554771421038,0.866951029662049,0.883760578030223,0.890503855231875,0.892607166766002,0.936511137373987,0.972605617037834,0.99033665686171,0.997403004620722,1,0.974865536273987,0.924358189139949,0.870873886365507,0.822547254707596
0.283844922646073,0.344779440866465,0.407764313279024,0.46688352616664,0.515036479819649,0.548187723184773,0.576704693419907,0.600658541143111,0.619239570843142,0.638890714663808,0.668653792635254,0.690094718051267,0.704081860963172,0.711838363546718,0.740542764174735,0.767463784345477,0.786306801942183,0.799341089783401,0.81965748280518,0.85182136753048,0.86381736076191,0.867221276863482,0.866908863381842,0.907128074452649,0.940085156956534,0.955688369889336,0.961302805370407,0.974865536273987,1,0.986126618374651,0.958489667024352,0.928575223475164
0.249845784337765,0.309127304421712,0.370960913562601,0.429782339841342,0.478751815650373,0.51213721012459,0.540835781184603,0.565294698167836,0.584701514865773,0.605058113792816,0.634795703312518,0.656545452195362,0.671103441248381,0.679617138207695,0.708573697022766,0.735755176462927,0.754990138387802,0.768481811963234,0.78705265102263,0.812779441458607,0.820797978831144,0.821602903797938,0.819500815732595,0.855663512514308,0.885208644164915,0.898717833469583,0.90306747675336,0.924358189139949,0.986126618374651,1,0.992521833935022,0.977300781726577
0.220426597484268,0.277444447191301,0.337338224049205,0.394900693089786,0.443604822635427,0.476572143760407,0.504896861676202,0.529294751642953,0.548965708890715,0.56948116785817,0.598674247443584,0.620266555156773,0.634986937771398,0.64390692703594,0.672536957026409,0.699429395748388,0.718612502826571,0.732201987533322,0.749160866679336,0.769699172004076,0.774651048034668,0.77353052800949,0.770149536659894,0.802689840705587,0.82920357053847,0.84093403762758,0.844276691198678,0.870873886365507,0.958489667024352,0.992521833935022,1,0.995853102319674
0.19635807611648,0.251134597139509,0.309000444538559,0.365065096357946,0.413098045552795,0.445433326763572,0.473204089348753,0.497319341029008,0.516995952292503,0.537430391656828,0.565933885903703,0.58719896972619,0.601897296241866,0.611033387032774,0.639141764430045,0.66555738011293,0.684515374214075,0.698045662699604,0.713638314206415,0.730110040712587,0.732728222706163,0.730183574456646,0.725882290182531,0.755406549307749,0.779403275649184,0.789694050216201,0.792253710073962,0.822547254707596,0.928575223475164,0.977300781726577,0.995853102319674,1
