1,0.993138053922616,0.967170771523295,0.913391652312281,0.825517194475855,0.709522520370409,0.666679461303039,0.605622718336678,0.535140901570072,0.463604777145223,0.396518444010307,0.337832044089677,0.279027264490929,0.228150367360341,0.187211490859282,0.154865758867931,0.133169224357159,0.114975320750425,0.0994647030929739,0.0875739816440063,0.0785641345460747,0.0707386572044846,0.0584836553624627,0.0470376869800647,0.0381390350711294,0.0314820067936407,0.0264639223906502,0.0114343111225478,-0.000559361575862533,-0.00944323470356723,-0.0160386885536531,-0.0210222549062168
0.993138053922616,1,0.990253749218638,0.954731374194423,0.885855227994197,0.787059952507737,0.746630983187031,0.685453933341503,0.612837777108585,0.537938476289947,0.466957007037762,0.408561059288175,0.348187580242138,0.294357439339452,0.250291841089932,0.215087619400875,0.192852092869185,0.173011295222402,0.154655129446767,0.140078576169014,0.12881539825229,0.119758437301083,0.105627297167688,0.0905093336442726,0.0780922676232807,0.0685238799999837,0.0611765276013199,0.0469414121737962,0.0346462450058136,0.0249779339974037,0.0174858088447533,0.0116393536809823
0.967170771523295,0.990253749218638,1,0.986856349543426,0.94183971252382,0.865297692412818,0.828468114307951,0.768243974507027,0.694387155891953,0.61682466260573,0.54247628154273,0.485472590385846,0.42431271072918,0.367930049826084,0.320930370640822,0.282952729218718,0.260473730718414,0.239027134907745,0.217611074146984,0.200097110352032,0.186352223884852,0.175990955767157,0.159878700074666,0.140658590717056,0.124273885435689,0.111409765715713,0.101420105346792,0.0883862350031417,0.0759523214237487,0.0655230509220453,0.0570973124099148,0.0503279884382755
0.913391652312281,0.954731374194423,0.986856349543426,1,0.983768173800632,0.934918101185209,0.903165439915251,0.845519567338278,0.772029174611145,0.693273165228192,0.616836154391169,0.562841754861995,0.502264910784239,0.444299253546667,0.395044420712115,0.354777431531736,0.332565594175824,0.309780215486094,0.285337444713065,0.264843474212138,0.248555167381852,0.236933874387931,0.218916920924242,0.195407087889276,0.174819394376896,0.158445810624087,0.145634563843516,0.134313197944439,0.12202233385663,0.110965144579308,0.101662167259962,0.0939875683928272
0.825517194475855,0.885855227994197,0.94183971252382,0.983768173800632,1,0.983405557512709,0.958269248132402,0.905263378214828,0.834445347837259,0.756791829685592,0.680391869132165,0.631403527784628,0.573341490503679,0.515404936768334,0.465164302392091,0.423596475152209,0.402366019626056,0.378796428226729,0.351746226057688,0.328574955567142,0.309964496432397,0.297302292058341,0.277725726356401,0.250177224717399,0.22555709524816,0.205791272212039,0.190241804822863,0.181171042625804,0.169417912044821,0.158004326155921,0.148014025090428,0.139570772868469
0.709522520370409,0.787059952507737,0.865297692412818,0.934918101185209,0.983405557512709,1,0.983730912482607,0.93840969923663,0.873687261710327,0.800555840336783,0.727365871179201,0.685098069364906,0.631204013813683,0.574865727904575,0.524967229521974,0.483181530164629,0.463792142836473,0.44041360840042,0.411624814475537,0.386455400063649,0.366043061721524,0.35266387114996,0.331817091304268,0.30066792342504,0.272413857853117,0.249578307056594,0.231545494748341,0.22536321197802,0.214716739392921,0.203401994835489,0.193081290172985,0.184150250381355
0.666679461303039,0.746630983187031,0.828468114307951,0.903165439915251,0.958269248132402,0.983730912482607,1,0.985215514271059,0.946869881456988,0.895187204503811,0.838815877442123,0.800117892280083,0.741988702360533,0.67964098165724,0.623804308774122,0.576756620286103,0.561539295111436,0.543275206614106,0.514755096745598,0.488360091496969,0.466399732359782,0.451289128246375,0.423025636481939,0.382143761713604,0.34535314026661,0.315723317968767,0.29237213770166,0.294023493831559,0.287771692048447,0.278551498455523,0.269135693978653,0.260504998658406
0.605622718336678,0.685453933341503,0.768243974507027,0.845519567338278,0.905263378214828,0.93840969923663,0.985215514271059,1,0.987970161139211,0.95830779146443,0.919683388854165,0.885562242418391,0.825155538534321,0.758966080556889,0.699158346662918,0.648518133587727,0.637740523837737,0.62490715947089,0.5975074171269,0.570743391494254,0.54797216345418,0.531668257054753,0.497188264809918,0.448263595071602,0.404446912609223,0.369235572119935,0.341520114120764,0.350591898154202,0.34872045079705,0.341777068107611,0.333509504137515,0.325426733196805
0.535140901570072,0.612837777108585,0.694387155891953,0.772029174611145,0.834445347837259,0.873687261710327,0.946869881456988,0.987970161139211,1,0.990967342089734,0.969342621089623,0.940218673947146,0.879288971029675,0.81131127940263,0.749436637233862,0.696838579739564,0.690342042882073,0.682736468363778,0.657043322706864,0.630625339916108,0.607699993837155,0.590732648810489,0.551516163191002,0.496573001323392,0.447525982821798,0.408169885142451,0.377218223188963,0.392757988295598,0.39488803388769,0.390176045353408,0.383154753032216,0.375771678591173
0.463604777145223,0.537938476289947,0.61682466260573,0.693273165228192,0.756791829685592,0.800555840336783,0.895187204503811,0.95830779146443,0.990967342089734,1,0.993537835365827,0.969314202947401,0.909116941947565,0.840911703016449,0.778449061474968,0.725177016745667,0.722519356878425,0.719595212311872,0.695882085314909,0.670278396276317,0.647665635922994,0.630453238247338,0.587892733278804,0.52879995256659,0.476172015723535,0.433987752962528,0.400832208521405,0.421678347521457,0.427236913429665,0.424551643323709,0.418747748890141,0.412115139866708
0.396518444010307,0.466957007037762,0.54247628154273,0.616836154391169,0.680391869132165,0.727365871179201,0.838815877442123,0.919683388854165,0.969342621089623,0.993537835365827,1,0.980265584384465,0.921537453991087,0.854101807245583,0.792022669558193,0.738931697767812,0.73956064876571,0.740639987826702,0.718937218387517,0.694383920179858,0.672354725425076,0.655177739962953,0.610387357567102,0.548616085775821,0.493699789604726,0.449716946431134,0.415163827490935,0.440207054226964,0.448589008937035,0.447656978531247,0.442965332292229,0.437061463597111
0.337832044089677,0.408561059288175,0.485472590385846,0.562841754861995,0.631403527784628,0.685098069364906,0.800117892280083,0.885562242418391,0.940218673947146,0.969314202947401,0.980265584384465,1,0.979972327725177,0.939759661407783,0.896642874317111,0.857011912628111,0.854688690781051,0.838277418428084,0.802053838793735,0.766505164588888,0.736203618803499,0.714887531263652,0.670033980611928,0.605220603748925,0.546907995393052,0.499950447945097,0.462945708695745,0.498758196453435,0.514042207330968,0.517184955238178,0.514937226059572,0.510537215531483
0.279027264490929,0.348187580242138,0.42431271072918,0.502264910784239,0.573341490503679,0.631204013813683,0.741988702360533,0.825155538534321,0.879288971029675,0.909116941947565,0.921537453991087,0.979972327725177,1,0.989009514870982,0.96685255554224,0.9424608849226,0.936515676329451,0.901988667338429,0.8518577353285,0.806185083995135,0.768445003999139,0.743694231894284,0.70094467236506,0.636037881191308,0.576941041545841,0.529097370631873,0.491280254069572,0.535875214751913,0.557050798580494,0.563876681273728,0.563981984192343,0.561135034760319
0.228150367360341,0.294357439339452,0.367930049826084,0.444299253546667,0.515404936768334,0.574865727904575,0.67964098165724,0.758966080556889,0.81131127940263,0.840911703016449,0.854101807245583,0.939759661407783,0.989009514870982,1,0.993978187883074,0.981532097598791,0.973051399280119,0.925966788714152,0.866806402736575,0.814798066908631,0.772511037127416,0.745850164564232,0.705768293313452,0.642470668912324,0.584319832955702,0.537055500289122,0.499613184578934,0.549575665559237,0.574577985305599,0.583961983932342,0.585811632086014,0.584191415944383
0.187211490859282,0.250291841089932,0.320930370640822,0.395044420712115,0.465164302392091,0.524967229521974,0.623804308774122,0.699158346662918,0.749436637233862,0.778449061474968,0.792022669558193,0.896642874317111,0.96685255554224,0.993978187883074,1,0.996583516318294,0.986343827550967,0.930619406036021,0.865605120867326,0.809638006129215,0.764580166110334,0.736881363422284,0.699344456995744,0.638136193877496,0.581510310487396,0.535344950350385,0.498710866627778,0.551943570891708,0.579427802244736,0.590574763109439,0.593691001023443,0.593002913045457
0.154865758867931,0.215087619400875,0.282952729218718,0.354777431531736,0.423596475152209,0.483181530164629,0.576756620286103,0.648518133587727,0.696838579739564,0.725177016745667,0.738931697767812,0.857011912628111,0.9424608849226,0.981532097598791,0.996583516318294,1,0.988515985427376,0.926722873103894,0.857813595568555,0.799307904714659,0.752520097557437,0.72425933755066,0.688939235210553,0.629792690325001,0.574766665518834,0.529796878639636,0.494063407842078,0.549337463473757,0.578473715767543,0.590860778484852,0.594906879078459,0.594926827955974
0.133169224357159,0.192852092869185,0.260473730718414,0.332565594175824,0.402366019626056,0.463792142836473,0.561539295111436,0.637740523837737,0.690342042882073,0.722519356878425,0.73956064876571,0.854688690781051,0.936515676329451,0.973051399280119,0.986343827550967,0.988515985427376,1,0.972361029673853,0.924654902420307,0.879634947222092,0.841867567505883,0.817880707494932,0.774572452481504,0.705576820377847,0.642068029037931,0.590404918711249,0.549458453183237,0.606398728835056,0.635400507339691,0.646780910550037,0.649571591465131,0.648343303111403
0.114975320750425,0.173011295222402,0.239027134907745,0.309780215486094,0.378796428226729,0.44041360840042,0.543275206614106,0.62490715947089,0.682736468363778,0.719595212311872,0.740639987826702,0.838277418428084,0.901988667338429,0.925966788714152,0.930619406036021,0.926722873103894,0.972361029673853,1,0.988009920471987,0.966378505232242,0.94460596542792,0.928305064027316,0.873738933539099,0.791944430183019,0.717695547333874,0.657665562852575,0.610251877890303,0.665951018074189,0.692498848426229,0.70115007001159,0.701404021689398,0.697957858382205
0.0994647030929739,0.154655129446767,0.217611074146984,0.285337444713065,0.351746226057688,0.411624814475537,0.514755096745598,0.5975074171269,0.657043322706864,0.695882085314909,0.718937218387517,0.802053838793735,0.8518577353285,0.866806402736575,0.865605120867326,0.857813595568555,0.924654902420307,0.988009920471987,1,0.994488978443443,0.983952014044854,0.973226827537852,0.912867937235708,0.825085793453157,0.745982261265417,0.68223656474535,0.631981466251337,0.685174093960852,0.709295742857872,0.715880450017019,0.714449301421685,0.709640869517134
0.0875739816440063,0.140078576169014,0.200097110352032,0.264843474212138,0.328574955567142,0.386455400063649,0.488360091496969,0.570743391494254,0.630625339916108,0.670278396276317,0.694383920179858,0.766505164588888,0.806185083995135,0.814798066908631,0.809638006129215,0.799307904714659,0.879634947222092,0.966378505232242,0.994488978443443,1,0.997236587433268,0.990444107416225,0.926975638751545,0.836325991509825,0.755005841167183,0.689607257755236,0.638108790122828,0.688873089444109,0.711017868046798,0.716109375405065,0.713553473176078,0.707885621724668
0.0785641345460747,0.12881539825229,0.186352223884852,0.248555167381852,0.309964496432397,0.366043061721524,0.466399732359782,0.54797216345418,0.607699993837155,0.647665635922994,0.672354725425076,0.736203618803499,0.768445003999139,0.772511037127416,0.764580166110334,0.752520097557437,0.841867567505883,0.94460596542792,0.983952014044854,0.997236587433268,1,0.996039561388743,0.930790865701645,0.838713786952943,0.756365212967343,0.690231496129596,0.638195388614806,0.686900431256469,0.707496710870767,0.711496172607489,0.708160305713514,0.701921259553268
0.0707386572044846,0.119758437301083,0.175990955767157,0.236933874387931,0.297302292058341,0.35266387114996,0.451289128246375,0.531668257054753,0.590732648810489,0.630453238247338,0.655177739962953,0.714887531263652,0.743694231894284,0.745850164564232,0.736881363422284,0.72425933755066,0.817880707494932,0.928305064027316,0.973226827537852,0.990444107416225,0.996039561388743,1,0.957051202630708,0.87913239966723,0.805485588071055,0.744891421818443,0.696563143127575,0.738565958750033,0.752331169991206,0.750551393683162,0.742522033454674,0.732498917315583
0.0584836553624627,0.105627297167688,0.159878700074666,0.218916920924242,0.277725726356401,0.331817091304268,0.423025636481939,0.497188264809918,0.551516163191002,0.587892733278804,0.610387357567102,0.670033980611928,0.70094467236506,0.705768293313452,0.699344456995744,0.688939235210553,0.774572452481504,0.873738933539099,0.912867937235708,0.926975638751545,0.930790865701645,0.957051202630708,1,0.9795436006662,0.942701372231534,0.906329008828998,0.874662132334481,0.895025771043568,0.886886590073778,0.8667219368551,0.843833623389193,0.821869457772724
0.0470376869800647,0.0905093336442726,0.140658590717056,0.195407087889276,0.250177224717399,0.30066792342504,0.382143761713604,0.448263595071602,0.496573001323392,0.52879995256659,0.548616085775821,0.605220603748925,0.636037881191308,0.642470668912324,0.638136193877496,0.629792690325001,0.705576820377847,0.791944430183019,0.825085793453157,0.836325991509825,0.838713786952943,0.87913239966723,0.9795436006662,1,0.990555694283204,0.972823957415817,0.954313520632903,0.958633838697251,0.935700004616147,0.903788070449574,0.871736721531035,0.84258837622898
0.0381390350711294,0.0780922676232807,0.124273885435689,0.174819394376896,0.22555709524816,0.272413857853117,0.34535314026661,0.404446912609223,0.447525982821798,0.476172015723535,0.493699789604726,0.546907995393052,0.576941041545841,0.584319832955702,0.581510310487396,0.574766665518834,0.642068029037931,0.717695547333874,0.745982261265417,0.755005841167183,0.756365212967343,0.805485588071055,0.942701372231534,0.990555694283204,1,0.995383805223608,0.986270426499198,0.979558487893481,0.947080454383371,0.907910600495573,0.870365386809655,0.837003605724915
0.0314820067936407,0.0685238799999837,0.111409765715713,0.158445810624087,0.205791272212039,0.249578307056594,0.315723317968767,0.369235572119935,0.408169885142451,0.433987752962528,0.449716946431134,0.499950447945097,0.529097370631873,0.537055500289122,0.535344950350385,0.529796878639636,0.590404918711249,0.657665562852575,0.68223656474535,0.689607257755236,0.690231496129596,0.744891421818443,0.906329008828998,0.972823957415817,0.995383805223608,1,0.997566651353047,0.983207753562445,0.944413640568154,0.900603176876832,0.859633909568537,0.823697376996131
0.0264639223906502,0.0611765276013199,0.101420105346792,0.145634563843516,0.190241804822863,0.231545494748341,0.29237213770166,0.341520114120764,0.377218223188963,0.400832208521405,0.415163827490935,0.462945708695745,0.491280254069572,0.499613184578934,0.498710866627778,0.494063407842078,0.549458453183237,0.610251877890303,0.631981466251337,0.638108790122828,0.638195388614806,0.696563143127575,0.874662132334481,0.954313520632903,0.986270426499198,0.997566651353047,1,0.980169164561857,0.937011312964815,0.890083260846418,0.846863714447372,0.809264743639133
0.0114343111225478,0.0469414121737962,0.0883862350031417,0.134313197944439,0.181171042625804,0.22536321197802,0.294023493831559,0.350591898154202,0.392757988295598,0.421678347521457,0.440207054226964,0.498758196453435,0.535875214751913,0.549575665559237,0.551943570891708,0.549337463473757,0.606398728835056,0.665951018074189,0.685174093960852,0.688873089444109,0.686900431256469,0.738565958750033,0.895025771043568,0.958633838697251,0.979558487893481,0.983207753562445,0.980169164561857,1,0.987646558201502,0.962751914811039,0.9354510898199,0.909621476587171
-0.000559361575862533,0.0346462450058136,0.0759523214237487,0.12202233385663,0.169417912044821,0.214716739392921,0.287771692048447,0.34872045079705,0.39488803388769,0.427236913429665,0.448589008937035,0.514042207330968,0.557050798580494,0.574577985305599,0.579427802244736,0.578473715767543,0.635400507339691,0.692498848426229,0.709295742857872,0.711017868046798,0.707496710870767,0.752331169991206,0.886886590073778,0.935700004616147,0.947080454383371,0.944413640568154,0.937011312964815,0.987646558201502,1,0.99322761840224,0.97928093743517,0.963482848470165
-0.00944323470356723,0.0249779339974037,0.0655230509220453,0.110965144579308,0.158004326155921,0.203401994835489,0.278551498455523,0.341777068107611,0.390176045353408,0.424551643323709,0.447656978531247,0.517184955238178,0.563876681273728,0.583961983932342,0.590574763109439,0.590860778484852,0.646780910550037,0.70115007001159,0.715880450017019,0.716109375405065,0.711496172607489,0.750551393683162,0.8667219368551,0.903788070449574,0.907910600495573,0.900603176876832,0.890083260846418,0.962751914811039,0.99322761840224,1,0.996177031371889,0.988068573698433
-0.0160386885536531,0.0174858088447533,0.0570973124099148,0.101662167259962,0.148014025090428,0.193081290172985,0.269135693978653,0.333509504137515,0.383154753032216,0.418747748890141,0.442965332292229,0.514937226059572,0.563981984192343,0.585811632086014,0.593691001023443,0.594906879078459,0.649571591465131,0.701404021689398,0.714449301421685,0.713553473176078,0.708160305713514,0.742522033454674,0.843833623389193,0.871736721531035,0.870365386809655,0.859633909568537,0.846863714447372,0.9354510898199,0.97928093743517,0.996177031371889,1,0.997745538631383
-0.0210222549062168,0.0116393536809823,0.0503279884382755,0.0939875683928272,0.139570772868469,0.184150250381355,0.260504998658406,0.325426733196805,0.375771678591173,0.412115139866708,0.437061463597111,0.510537215531483,0.561135034760319,0.584191415944383,0.593002913045457,0.594926827955974,0.648343303111403,0.697957858382205,0.709640869517134,0.707885621724668,0.701921259553268,0.732498917315583,0.821869457772724,0.84258837622898,0.837003605724915,0.823697376996131,0.809264743639133,0.909621476587171,0.963482848470165,0.988068573698433,0.997745538631383,1
