1,0.967445117339622,0.829511959241948,0.814022609592473,0.745999154519932,0.727650543618632,0.709738044900177,0.686973449719505,0.666147403589624,0.637055392437466,0.617311791659166,0.5849746193079,0.535278807286357,0.474116444512106,0.441304185001373,0.413495652854391,0.378458586844244,0.335596466514368,0.284309257617036,0.225247781188036,0.1840232634865,0.119623098876106,0.0728656536102113,0.0545265885542613,0.044444010471321,0.0206080443228876,-0.010599886988858,-0.0408247793155751,-0.0852527131537931,-0.110523821846111,-0.109471543926208,-0.102696012278253
0.967445117339622,1,0.94382677955456,0.924047404500017,0.844094652712887,0.818845935374115,0.793392014148588,0.767160899571885,0.747569071582355,0.718336506887669,0.698348357172383,0.6642504066301,0.610517262677899,0.543362339053512,0.507505505688923,0.477034037894856,0.440168338824345,0.39589305456255,0.340439703083492,0.272819611417509,0.225425881095966,0.153232187619957,0.100273563439836,0.0796673479246755,0.0684352283561671,0.0417339593522615,0.00630278176280647,-0.0258150230001538,-0.06803754822416,-0.0923186810682707,-0.0997758520926895,-0.096770312611736
0.829511959241948,0.94382677955456,1,0.97865825699603,0.893490431431745,0.86211418192174,0.828999540598744,0.800542351588947,0.784288216556802,0.757545346691074,0.73919360802083,0.706068749835593,0.652075601707856,0.583351137613699,0.546816347786063,0.515650914596407,0.479874217009266,0.438007264579573,0.382361076811376,0.309843441212827,0.258791226443895,0.183512231011752,0.127618940290639,0.10610418923968,0.094517515098891,0.0667955911140678,0.0294194089797715,-0.00205028646611666,-0.0375112278120277,-0.0583038437736582,-0.0766160806563674,-0.0790438240317397
0.814022609592473,0.924047404500017,0.97865825699603,1,0.96670574543545,0.943975761618311,0.905085285921348,0.871441613029318,0.851311474213029,0.820842897039921,0.802531297043705,0.768239284598806,0.709538441760312,0.634802249580465,0.594194184484347,0.5591853632503,0.520910283009184,0.477584609062345,0.418592207786328,0.339711489568008,0.284144607915539,0.209858799057894,0.153922672096626,0.133254118992822,0.122691347599837,0.0973147567923983,0.0622463189502767,0.0304457978376733,-0.0100806717431449,-0.034511428671049,-0.0620053048337212,-0.0686467407473264
0.745999154519932,0.844094652712887,0.893490431431745,0.96670574543545,1,0.989397557319278,0.945643135117294,0.907555274533439,0.883803759803727,0.850519923619982,0.833354619750371,0.799662276487915,0.738613625037522,0.660865821040435,0.617616740639196,0.579917943293121,0.540823295689401,0.498275063375761,0.43864768358456,0.356565964258962,0.298704010530467,0.230102444252168,0.177461866333713,0.159084459333893,0.150429087467527,0.129492299722776,0.0993971076113527,0.0690885224041918,0.0246805566455043,-0.00281790166569507,-0.0400990913312607,-0.0515899749616327
0.727650543618632,0.818845935374115,0.86211418192174,0.943975761618311,0.989397557319278,1,0.981568704159762,0.955442210927441,0.930978325962749,0.896584060071152,0.879439287637628,0.845067187229943,0.789573751417211,0.71509090447436,0.67284264127712,0.635135311140189,0.595998483634642,0.553014805425906,0.49320096280152,0.412630714935305,0.355014795781136,0.284571204764327,0.229097267496667,0.209711863482978,0.200534734170086,0.177697618619412,0.143837809789312,0.10983787207581,0.0609748889248976,0.0300288532689015,-0.0206242411158037,-0.0381851075444066
0.709738044900177,0.793392014148588,0.828999540598744,0.905085285921348,0.945643135117294,0.981568704159762,1,0.992284557914579,0.968428308225658,0.934028049372328,0.916878561861885,0.882030329402851,0.835996381620074,0.768374112185566,0.729131902274794,0.692965037544059,0.654765947901847,0.611751272205466,0.553009405088298,0.477050611824413,0.421580491747744,0.348151367086994,0.288783525105495,0.267657337628406,0.25733794934335,0.230922093958324,0.190949254544069,0.152025808997636,0.0991407831303999,0.0649722499854365,-0.000150662766237927,-0.0242558657986988
0.686973449719505,0.767160899571885,0.800542351588947,0.871441613029318,0.907555274533439,0.955442210927441,0.992284557914579,1,0.988434864734031,0.963271884114214,0.947071099533795,0.912854261550732,0.875824092848963,0.814872411759387,0.778263165336461,0.743262002217783,0.706422683383882,0.664554990205097,0.60746703923012,0.535255766763084,0.481452847701434,0.406410927947547,0.344240465044107,0.321802291958759,0.310578890025052,0.280742398753031,0.234803553913713,0.191351164832109,0.135470432880664,0.0987407208951856,0.0223070182322085,-0.00726379098945013
0.666147403589624,0.747569071582355,0.784288216556802,0.851311474213029,0.883803759803727,0.930978325962749,0.968428308225658,0.988434864734031,1,0.992518669501174,0.978017167866377,0.945177800806453,0.916183507663815,0.861030152996471,0.826312175649526,0.791780627880855,0.756349386707322,0.716363035425426,0.660944854504502,0.590927695063093,0.537818366395304,0.461853137816236,0.397440064526812,0.37393231919051,0.361954541078231,0.328661765032255,0.27662517730693,0.228739515490224,0.17042078731479,0.131497027412588,0.046362699750702,0.0122228718988791
0.637055392437466,0.718336506887669,0.757545346691074,0.820842897039921,0.850519923619982,0.896584060071152,0.934028049372328,0.963271884114214,0.992518669501174,1,0.991481839376871,0.964743681844184,0.942379440791947,0.892239028663999,0.859229433972064,0.825255961483359,0.791360795130873,0.753513622850565,0.700073925138766,0.632341322276448,0.580170753152526,0.505478760848526,0.440654494724749,0.416742060367981,0.404345164515483,0.369046103671004,0.313170234575445,0.262494129091584,0.202881300925179,0.16250959108275,0.0696055041621966,0.0312811516232128
0.617311791659166,0.698348357172383,0.73919360802083,0.802531297043705,0.833354619750371,0.879439287637628,0.916878561861885,0.947071099533795,0.978017167866377,0.991481839376871,1,0.990801446612025,0.969330986759403,0.919111296510841,0.885576676137984,0.85077625212035,0.817040063071831,0.780072539790562,0.726790936284968,0.658210101632856,0.605151335498934,0.5343393246133,0.47132101412591,0.447819331952648,0.435422392959982,0.400799310769131,0.345298924269377,0.294433324971015,0.234139307005119,0.192716733122434,0.0912230006665865,0.0484848766510785
0.5849746193079,0.6642504066301,0.706068749835593,0.768239284598806,0.799662276487915,0.845067187229943,0.882030329402851,0.912854261550732,0.945177800806453,0.964743681844184,0.990801446612025,1,0.98060553638394,0.931856450448218,0.89864600357097,0.86376014760058,0.830915633789164,0.795604407360276,0.743581804289816,0.675649060976026,0.622782150851847,0.557186501654982,0.497044512187311,0.474316468701131,0.462083349695215,0.428577824330911,0.374130478841155,0.323735234603155,0.263655321783942,0.221761621969656,0.112698250562631,0.0659310147869715
0.535278807286357,0.610517262677899,0.652075601707856,0.709538441760312,0.738613625037522,0.789573751417211,0.835996381620074,0.875824092848963,0.916183507663815,0.942379440791947,0.969330986759403,0.98060553638394,1,0.984894741305895,0.96568935924756,0.938835197067128,0.912670699170584,0.882035192722594,0.8379048181922,0.78609535165304,0.742232786953529,0.673859471757343,0.608352430743271,0.582290671369398,0.567319169032758,0.524087852648993,0.453855352947651,0.391950960149211,0.324778799523344,0.277328542235628,0.145788984495823,0.0887956102404827
0.474116444512106,0.543362339053512,0.583351137613699,0.634802249580465,0.660865821040435,0.71509090447436,0.768374112185566,0.814872411759387,0.861030152996471,0.892239028663999,0.919111296510841,0.931856450448218,0.984894741305895,1,0.993786939775121,0.974894362421834,0.95547503923033,0.929958103832171,0.894223081664874,0.858328476655101,0.823835159181133,0.755212184318178,0.687077181485515,0.658910389014475,0.642002268062442,0.59157221442027,0.509658186196052,0.439581518294249,0.368309141887356,0.317479584555289,0.170323657304853,0.106133186748008
0.441304185001373,0.507505505688923,0.546816347786063,0.594194184484347,0.617616740639196,0.67284264127712,0.729131902274794,0.778263165336461,0.826312175649526,0.859229433972064,0.885576676137984,0.89864600357097,0.96568935924756,0.993786939775121,1,0.993303064303702,0.981055995002732,0.957724310239997,0.925457829762213,0.896153926911942,0.865437105054425,0.795324070326513,0.724974177142716,0.695875525550164,0.678385790112586,0.624568736821971,0.536872484845977,0.462757688558191,0.389471273017756,0.336986276660951,0.184389275460967,0.117399436734212
0.413495652854391,0.477034037894856,0.515650914596407,0.5591853632503,0.579917943293121,0.635135311140189,0.692965037544059,0.743262002217783,0.791780627880855,0.825255961483359,0.85077625212035,0.86376014760058,0.938835197067128,0.974894362421834,0.993303064303702,1,0.995110092421855,0.973297413764178,0.943333990637974,0.91819956305484,0.889896513549657,0.818426220304293,0.746459375295874,0.716956145478979,0.699383259902074,0.643617002526176,0.552394952603953,0.475909129134666,0.401693294979739,0.348394324384835,0.194246242070111,0.126146405896687
0.378458586844244,0.440168338824345,0.479874217009266,0.520910283009184,0.540823295689401,0.595998483634642,0.654765947901847,0.706422683383882,0.756349386707322,0.791360795130873,0.817040063071831,0.830915633789164,0.912670699170584,0.95547503923033,0.981055995002732,0.995110092421855,1,0.98978972432484,0.968652389283528,0.946140019970248,0.919170743644471,0.854874692867938,0.786706720281828,0.758621475973708,0.741743787306852,0.687522558870851,0.597264881927469,0.521827503061559,0.450427931563977,0.397848182147888,0.238425219255025,0.165912367959852
0.335596466514368,0.39589305456255,0.438007264579573,0.477584609062345,0.498275063375761,0.553014805425906,0.611751272205466,0.664554990205097,0.716363035425426,0.753513622850565,0.780072539790562,0.795604407360276,0.882035192722594,0.929958103832171,0.957724310239997,0.973297413764178,0.98978972432484,1,0.99344244772465,0.972201920745436,0.945715928877683,0.896516047441557,0.837383103903138,0.812506963562828,0.797118450168472,0.747920235601604,0.663268233818858,0.592446981508754,0.527638489939419,0.477492587164525,0.310650435352578,0.231358398703996
0.284309257617036,0.340439703083492,0.382361076811376,0.418592207786328,0.43864768358456,0.49320096280152,0.553009405088298,0.60746703923012,0.660944854504502,0.700073925138766,0.726790936284968,0.743581804289816,0.8379048181922,0.894223081664874,0.925457829762213,0.943333990637974,0.968652389283528,0.99344244772465,1,0.987733361260325,0.96686008567074,0.930540097950062,0.879104875750871,0.856562050577611,0.841954093889402,0.795373804916246,0.713277686871163,0.644677442428975,0.583750404581367,0.534820969493673,0.363375543083578,0.279452283806219
0.225247781188036,0.272819611417509,0.309843441212827,0.339711489568008,0.356565964258962,0.412630714935305,0.477050611824413,0.535255766763084,0.590927695063093,0.632341322276448,0.658210101632856,0.675649060976026,0.78609535165304,0.858328476655101,0.896153926911942,0.91819956305484,0.946140019970248,0.972201920745436,0.987733361260325,1,0.994866110336722,0.964785850625464,0.916428019124774,0.893658919117425,0.877931746670524,0.827587147682432,0.739535691776416,0.666367255395941,0.601873931058523,0.550407343441642,0.377216793244456,0.291922582426919
0.1840232634865,0.225425881095966,0.258791226443895,0.284144607915539,0.298704010530467,0.355014795781136,0.421580491747744,0.481452847701434,0.537818366395304,0.580170753152526,0.605151335498934,0.622782150851847,0.742232786953529,0.823835159181133,0.865437105054425,0.889896513549657,0.919170743644471,0.945715928877683,0.96686008567074,0.994866110336722,1,0.9743572382734,0.928626552193879,0.906008711758623,0.889761953459564,0.837636426280443,0.746877399338563,0.67170566657516,0.605744871507073,0.553307349541687,0.381251790039299,0.296185048110255
0.119623098876106,0.153232187619957,0.183512231011752,0.209858799057894,0.230102444252168,0.284571204764327,0.348151367086994,0.406410927947547,0.461853137816236,0.505478760848526,0.5343393246133,0.557186501654982,0.673859471757343,0.755212184318178,0.795324070326513,0.818426220304293,0.854874692867938,0.896516047441557,0.930540097950062,0.964785850625464,0.9743572382734,1,0.988294681712947,0.977235186456686,0.966055720459844,0.93138040433837,0.862811155239692,0.801275771290414,0.741581740047519,0.690186615758956,0.514498666820948,0.420795827627105
0.0728656536102113,0.100273563439836,0.127618940290639,0.153922672096626,0.177461866333713,0.229097267496667,0.288783525105495,0.344240465044107,0.397440064526812,0.440654494724749,0.47132101412591,0.497044512187311,0.608352430743271,0.687077181485515,0.724974177142716,0.746459375295874,0.786706720281828,0.837383103903138,0.879104875750871,0.916428019124774,0.928626552193879,0.988294681712947,1,0.997106321401783,0.989696647674974,0.96789233321776,0.916404676736292,0.865932824002331,0.812240346023875,0.763054166121303,0.589985648185755,0.49313629108741
0.0545265885542613,0.0796673479246755,0.10610418923968,0.133254118992822,0.159084459333893,0.209711863482978,0.267657337628406,0.321802291958759,0.37393231919051,0.416742060367981,0.447819331952648,0.474316468701131,0.582290671369398,0.658910389014475,0.695875525550164,0.716956145478979,0.758621475973708,0.812506963562828,0.856562050577611,0.893658919117425,0.906008711758623,0.977235186456686,0.997106321401783,1,0.997499022209896,0.983313181157445,0.939982038657841,0.895207914884223,0.845805163457087,0.798542955660296,0.62644293306993,0.527946983583242
0.044444010471321,0.0684352283561671,0.094517515098891,0.122691347599837,0.150429087467527,0.200534734170086,0.25733794934335,0.310578890025052,0.361954541078231,0.404345164515483,0.435422392959982,0.462083349695215,0.567319169032758,0.642002268062442,0.678385790112586,0.699383259902074,0.741743787306852,0.797118450168472,0.841954093889402,0.877931746670524,0.889761953459564,0.966055720459844,0.989696647674974,0.997499022209896,1,0.991729003566181,0.953879339355898,0.913175382949562,0.86746487659255,0.822005953787332,0.650530918415525,0.550932382376684
0.0206080443228876,0.0417339593522615,0.0667955911140678,0.0973147567923983,0.129492299722776,0.177697618619412,0.230922093958324,0.280742398753031,0.328661765032255,0.369046103671004,0.400799310769131,0.428577824330911,0.524087852648993,0.59157221442027,0.624568736821971,0.643617002526176,0.687522558870851,0.747920235601604,0.795373804916246,0.827587147682432,0.837636426280443,0.93138040433837,0.96789233321776,0.983313181157445,0.991729003566181,1,0.984143374580045,0.957021670391244,0.915787533995288,0.872065407153198,0.705235101397706,0.604395354213003
-0.010599886988858,0.00630278176280647,0.0294194089797715,0.0622463189502767,0.0993971076113527,0.143837809789312,0.190949254544069,0.234803553913713,0.27662517730693,0.313170234575445,0.345298924269377,0.374130478841155,0.453855352947651,0.509658186196052,0.536872484845977,0.552394952603953,0.597264881927469,0.663268233818858,0.713277686871163,0.739535691776416,0.746877399338563,0.862811155239692,0.916404676736292,0.939982038657841,0.953879339355898,0.984143374580045,1,0.992320533099706,0.956387221402637,0.915060405305521,0.759051560082622,0.659349604141578
-0.0408247793155751,-0.0258150230001538,-0.00205028646611666,0.0304457978376733,0.0690885224041918,0.10983787207581,0.152025808997636,0.191351164832109,0.228739515490224,0.262494129091584,0.294433324971015,0.323735234603155,0.391950960149211,0.439581518294249,0.462757688558191,0.475909129134666,0.521827503061559,0.592446981508754,0.644677442428975,0.666367255395941,0.67170566657516,0.801275771290414,0.865932824002331,0.895207914884223,0.913175382949562,0.957021670391244,0.992320533099706,1,0.979106178259133,0.94645907951045,0.80362944693181,0.706355008431759
-0.0852527131537931,-0.06803754822416,-0.0375112278120277,-0.0100806717431449,0.0246805566455043,0.0609748889248976,0.0991407831303999,0.135470432880664,0.17042078731479,0.202881300925179,0.234139307005119,0.263655321783942,0.324778799523344,0.368309141887356,0.389471273017756,0.401693294979739,0.450427931563977,0.527638489939419,0.583750404581367,0.601873931058523,0.605744871507073,0.741581740047519,0.812240346023875,0.845805163457087,0.86746487659255,0.915787533995288,0.956387221402637,0.979106178259133,1,0.992330049683594,0.870754127721811,0.777467727354328
-0.110523821846111,-0.0923186810682707,-0.0583038437736582,-0.034511428671049,-0.00281790166569507,0.0300288532689015,0.0649722499854365,0.0987407208951856,0.131497027412588,0.16250959108275,0.192716733122434,0.221761621969656,0.277328542235628,0.317479584555289,0.336986276660951,0.348394324384835,0.397848182147888,0.477492587164525,0.534820969493673,0.550407343441642,0.553307349541687,0.690186615758956,0.763054166121303,0.798542955660296,0.822005953787332,0.872065407153198,0.915060405305521,0.94645907951045,0.992330049683594,1,0.893820911645635,0.804859216008799
-0.109471543926208,-0.0997758520926895,-0.0766160806563674,-0.0620053048337212,-0.0400990913312607,-0.0206242411158037,-0.000150662766237927,0.0223070182322085,0.046362699750702,0.0696055041621966,0.0912230006665865,0.112698250562631,0.145788984495823,0.170323657304853,0.184389275460967,0.194246242070111,0.238425219255025,0.310650435352578,0.363375543083578,0.377216793244456,0.381251790039299,0.514498666820948,0.589985648185755,0.62644293306993,0.650530918415525,0.705235101397706,0.759051560082622,0.80362944693181,0.870754127721811,0.893820911645635,1,0.985522853438777
-0.102696012278253,-0.096770312611736,-0.0790438240317397,-0.0686467407473264,-0.0515899749616327,-0.0381851075444066,-0.0242558657986988,-0.00726379098945013,0.0122228718988791,0.0312811516232128,0.0484848766510785,0.0659310147869715,0.0887956102404827,0.106133186748008,0.117399436734212,0.126146405896687,0.165912367959852,0.231358398703996,0.279452283806219,0.291922582426919,0.296185048110255,0.420795827627105,0.49313629108741,0.527946983583242,0.550932382376684,0.604395354213003,0.659349604141578,0.706355008431759,0.777467727354328,0.804859216008799,0.985522853438777,1
