1,0.963404202193461,0.805126484996806,0.792278844425782,0.739665367010711,0.707054279837392,0.666526243741749,0.634149890744875,0.606003856287657,0.579334144071789,0.564958640314447,0.54708460801892,0.524816056092253,0.497491864863477,0.488577048052197,0.480217166443426,0.477076798090765,0.473164507549177,0.465460654291636,0.458748100734833,0.448249005786384,0.447867899901576,0.43935235984068,0.44000306212516,0.4391902063751,0.438719816022669,0.428282258013711,0.417796200985813,0.424936425209289,0.418811083370522,0.450898612683932,0.433038240902896
0.963404202193461,1,0.934619722698886,0.916591860841798,0.852215599134083,0.816060345248394,0.771726797555813,0.738543641022373,0.711058012301911,0.683872400579151,0.669535698674617,0.650640787251405,0.626495125062688,0.595739589668256,0.586498955499783,0.57756808197422,0.574022917769085,0.5689089467526,0.559699721794405,0.552717886429393,0.540908910341523,0.541105527291617,0.531354835777415,0.531445999202517,0.529475881927978,0.529207222856363,0.51795106588814,0.505517192955224,0.511697985634943,0.502479662178239,0.537584427760591,0.514691512620909
0.805126484996806,0.934619722698886,1,0.979301866116649,0.908928551945935,0.872646147889716,0.82817142909051,0.797627110447329,0.774105537789365,0.749258425724429,0.736583990994564,0.718421011704427,0.694386817326605,0.662383131281573,0.653851592514169,0.645275343738539,0.641619493052249,0.635423261841463,0.625165960101263,0.618533749739655,0.606216592066786,0.60711573291503,0.596730350082025,0.595991201542801,0.592613497172808,0.59257166820587,0.581382494547617,0.567642931261621,0.571795688198486,0.559395767584625,0.594882817088945,0.567849646257864
0.792278844425782,0.916591860841798,0.979301866116649,1,0.974508649663722,0.947656270470847,0.901371658677586,0.870046936997873,0.846103564977432,0.820307699056354,0.807431819073589,0.788365057553862,0.761984809258062,0.726860741931181,0.72017812384857,0.71357469735069,0.710424057997878,0.703031636290619,0.691099712133119,0.682910758612934,0.66865280118553,0.668728522010182,0.656533474350915,0.654348145829624,0.649225828946584,0.647820301314849,0.634396119751369,0.618334904443154,0.621470740684266,0.606943561041891,0.648905944565618,0.621144135486784
0.739665367010711,0.852215599134083,0.908928551945935,0.974508649663722,1,0.984900605066999,0.938851600994344,0.908179033274275,0.884927793525654,0.859329695912009,0.846854154888187,0.827709094543553,0.800006123038183,0.763124547026037,0.758814972570635,0.754718089164107,0.75228003285093,0.743919771158735,0.73070956786789,0.72119170948727,0.705473094765375,0.704632452990436,0.691022186511343,0.687339726539578,0.68053173848414,0.677682734793768,0.662431407010932,0.644574728387288,0.646431509698085,0.630250036979015,0.677357421587375,0.650132578998921
0.707054279837392,0.816060345248394,0.872646147889716,0.947656270470847,0.984900605066999,1,0.983688602993006,0.964140082738059,0.939096440332932,0.912179941084331,0.900456683846223,0.881494174744054,0.857366886852248,0.822091276366746,0.816853969977456,0.810858603764853,0.80698671014037,0.79701208104819,0.781903231731405,0.770614626157313,0.75296835707172,0.752129105085503,0.737661998063097,0.733650449243075,0.726269191825157,0.722114017291602,0.704018030862403,0.683092354341595,0.68168588952036,0.662057668090781,0.714845733191519,0.687786472182526
0.666526243741749,0.771726797555813,0.82817142909051,0.901371658677586,0.938851600994344,0.983688602993006,1,0.99285182520285,0.966311063925529,0.938570028771264,0.92785601248188,0.909568658101024,0.890208636460073,0.857931111490557,0.851272608165177,0.842790174987354,0.837293108448404,0.826028134122453,0.809515418424294,0.796880826608953,0.77790221112341,0.777293664452,0.762569294711843,0.758638892722987,0.751198279435272,0.74605483134555,0.725725474422991,0.702384190268952,0.697760923266276,0.675243434533394,0.731747231273932,0.705400506714032
0.634149890744875,0.738543641022373,0.797627110447329,0.870046936997873,0.908179033274275,0.964140082738059,0.99285182520285,1,0.988016245104148,0.968893958159209,0.958431281950401,0.940126607948151,0.924004032345272,0.893536800083057,0.886942803376128,0.877787455083961,0.871067408947241,0.857871041599907,0.840299144961048,0.828999859233434,0.810658831995143,0.809536940445999,0.79377370474163,0.789239300242646,0.78109498901653,0.774200377279422,0.750740668122662,0.724338983021042,0.716267296512715,0.690617829412136,0.746018657106661,0.718074094520065
0.606003856287657,0.711058012301911,0.774105537789365,0.846103564977432,0.884927793525654,0.939096440332932,0.966311063925529,0.988016245104148,1,0.995086837330373,0.984424367108394,0.965748506147714,0.951752872948994,0.922366053325889,0.916816579486849,0.908238703051667,0.900664728595954,0.885314419323754,0.867057653652353,0.858781001250081,0.842388045167572,0.84031442591068,0.823154727090241,0.817638076953649,0.808461907644602,0.79947332324006,0.772623624964501,0.743073301364922,0.731665781327589,0.703054743618422,0.754066496793445,0.723281794981449
0.579334144071789,0.683872400579151,0.749258425724429,0.820307699056354,0.859329695912009,0.912179941084331,0.938570028771264,0.968893958159209,0.995086837330373,1,0.993402140441826,0.97803193757845,0.965035135483194,0.93615075470704,0.930837517561656,0.9222631138521,0.913955486736174,0.897221516538001,0.878501287990709,0.871944973157783,0.856705290891344,0.855058530774013,0.837965397435476,0.832162393517409,0.822489120625038,0.812310805613028,0.783497361873438,0.751850839885268,0.737259822850288,0.706070206206585,0.752802571691219,0.719943844868232
0.564958640314447,0.669535698674617,0.736583990994564,0.807431819073589,0.846854154888187,0.900456683846223,0.92785601248188,0.958431281950401,0.984424367108394,0.993402140441826,1,0.995481538874538,0.981194146551991,0.951006168815586,0.944276430816351,0.93435246200211,0.925115606108511,0.907650407631182,0.888242294102978,0.881151993923054,0.865398007912227,0.86691091727347,0.852247694021731,0.847265025487443,0.83772440952394,0.827504921711104,0.798154400274547,0.764999903910448,0.746270494029862,0.711681519830278,0.754549424575793,0.719622297022048
0.54708460801892,0.650640787251405,0.718421011704427,0.788365057553862,0.827709094543553,0.881494174744054,0.909568658101024,0.940126607948151,0.965748506147714,0.97803193757845,0.995481538874538,1,0.985413330142366,0.95491378829919,0.947102392522217,0.936073977707567,0.926101423970657,0.908157241317009,0.888323113111923,0.880814616026008,0.864746614537611,0.868859769054683,0.85634010102527,0.852062824125561,0.842696396826346,0.832476692482226,0.802865940508658,0.768695307558568,0.746620117116468,0.709471638725048,0.748804822602452,0.712538306036818
0.524816056092253,0.626495125062688,0.694386817326605,0.761984809258062,0.800006123038183,0.857366886852248,0.890208636460073,0.924004032345272,0.951752872948994,0.965035135483194,0.981194146551991,0.985413330142366,1,0.991507786687938,0.984984701880267,0.970208795637642,0.957724503898319,0.937861162478881,0.916025596264629,0.906489167429067,0.888577248631217,0.89243601740305,0.87928989024511,0.873944278562648,0.863278366234687,0.850061782095127,0.815889252225305,0.777731491078772,0.751276384400287,0.710663003319701,0.753923036944447,0.719403461094201
0.497491864863477,0.595739589668256,0.662383131281573,0.726860741931181,0.763124547026037,0.822091276366746,0.857931111490557,0.893536800083057,0.922366053325889,0.93615075470704,0.951006168815586,0.95491378829919,0.991507786687938,1,0.994589529343224,0.977240036004992,0.963081494821158,0.942141661479455,0.919205459610328,0.908306604889873,0.889337368274729,0.89292595675183,0.879559277853117,0.873502244951431,0.862052756079131,0.846805566499313,0.809818117357465,0.769362841416601,0.740080227886475,0.697616634554302,0.743027915048784,0.710521257066031
0.488577048052197,0.586498955499783,0.653851592514169,0.72017812384857,0.758814972570635,0.816853969977456,0.851272608165177,0.886942803376128,0.916816579486849,0.930837517561656,0.944276430816351,0.947102392522217,0.984984701880267,0.994589529343224,1,0.993798858336843,0.98412710273688,0.962698938496324,0.938992266860771,0.926983680848931,0.906950989951397,0.910053280686953,0.895975434995124,0.889494323534779,0.877596364153242,0.861349011154604,0.822647896394373,0.780484313845947,0.749125410571698,0.704833152358885,0.752292519492231,0.720188615498882
0.480217166443426,0.57756808197422,0.645275343738539,0.71357469735069,0.754718089164107,0.810858603764853,0.842790174987354,0.877787455083961,0.908238703051667,0.9222631138521,0.93435246200211,0.936073977707567,0.970208795637642,0.977240036004992,0.993798858336843,1,0.995527817197768,0.974026178233431,0.949975372658329,0.937205008620985,0.916472879185978,0.919088576260117,0.904445002324632,0.897732484886853,0.885646239393424,0.868938530015644,0.829412733117658,0.78635290217603,0.753716264113458,0.708325211801191,0.757019372538688,0.725224464731354
0.477076798090765,0.574022917769085,0.641619493052249,0.710424057997878,0.75228003285093,0.80698671014037,0.837293108448404,0.871067408947241,0.900664728595954,0.913955486736174,0.925115606108511,0.926101423970657,0.957724503898319,0.963081494821158,0.98412710273688,0.995527817197768,1,0.990046138232451,0.973005114620985,0.95963904850317,0.938190132090244,0.937964107709067,0.92060133108419,0.912307406594981,0.898986256668547,0.880468673006783,0.838536825388166,0.793786279133117,0.760706628113458,0.714787647572305,0.763476535442446,0.731194099622537
0.473164507549177,0.5689089467526,0.635423261841463,0.703031636290619,0.743919771158735,0.79701208104819,0.826028134122453,0.857871041599907,0.885314419323754,0.897221516538001,0.907650407631182,0.908157241317009,0.937861162478881,0.942141661479455,0.962698938496324,0.974026178233431,0.990046138232451,1,0.995361552878781,0.981646937942522,0.959674173503928,0.954935157025467,0.93348770283713,0.922731436002888,0.907557632054615,0.886447072094185,0.841383894507575,0.794803939397169,0.76219223549351,0.716589460937567,0.763926311773764,0.730894138954168
0.465460654291636,0.559699721794405,0.625165960101263,0.691099712133119,0.73070956786789,0.781903231731405,0.809515418424294,0.840299144961048,0.867057653652353,0.878501287990709,0.888242294102978,0.888323113111923,0.916025596264629,0.919205459610328,0.938992266860771,0.949975372658329,0.973005114620985,0.995361552878781,1,0.991206786937085,0.972863666667818,0.96464672635626,0.940058365075855,0.927623788595798,0.911311991213125,0.888818662514436,0.842228167923113,0.79477337242757,0.762432204569248,0.71702908685391,0.761714110937807,0.72746098397762
0.458748100734833,0.552717886429393,0.618533749739655,0.682910758612934,0.72119170948727,0.770614626157313,0.796880826608953,0.828999859233434,0.858781001250081,0.871944973157783,0.881151993923054,0.880814616026008,0.906489167429067,0.908306604889873,0.926983680848931,0.937205008620985,0.95963904850317,0.981646937942522,0.991206786937085,1,0.994925608529361,0.984404789164822,0.957337368945678,0.944211029490258,0.927641087035925,0.905521379705506,0.85940213982379,0.811790114538243,0.778567373162696,0.732053146001479,0.771624600102425,0.733961423865871
0.448249005786384,0.540908910341523,0.606216592066786,0.66865280118553,0.705473094765375,0.75296835707172,0.77790221112341,0.810658831995143,0.842388045167572,0.856705290891344,0.865398007912227,0.864746614537611,0.888577248631217,0.889337368274729,0.906950989951397,0.916472879185978,0.938190132090244,0.959674173503928,0.972863666667818,0.994925608529361,1,0.987851116338439,0.959217026458949,0.945719064964598,0.929147707651405,0.907572227720442,0.862353698015982,0.815182059773949,0.7816797136261,0.734867664121745,0.770085548909116,0.730272419510738
0.447867899901576,0.541105527291617,0.60711573291503,0.668728522010182,0.704632452990436,0.752129105085503,0.777293664452,0.809536940445999,0.84031442591068,0.855058530774013,0.86691091727347,0.868859769054683,0.89243601740305,0.89292595675183,0.910053280686953,0.919088576260117,0.937964107709067,0.954935157025467,0.96464672635626,0.984404789164822,0.987851116338439,1,0.991491022867183,0.982451602161916,0.965000613974462,0.941961089301891,0.894110469627532,0.844938637540682,0.811568557126595,0.764043704824897,0.791235133365512,0.745611415648689
0.43935235984068,0.531354835777415,0.596730350082025,0.656533474350915,0.691022186511343,0.737661998063097,0.762569294711843,0.79377370474163,0.823154727090241,0.837965397435476,0.852247694021731,0.85634010102527,0.87928989024511,0.879559277853117,0.895975434995124,0.904445002324632,0.92060133108419,0.93348770283713,0.940058365075855,0.957337368945678,0.959217026458949,0.991491022867183,1,0.994864350818901,0.977002471356286,0.953159646824427,0.903985670476113,0.854050136046625,0.821416126310941,0.77418420805641,0.794213996559068,0.744608321809098
0.44000306212516,0.531445999202517,0.595991201542801,0.654348145829624,0.687339726539578,0.733650449243075,0.758638892722987,0.789239300242646,0.817638076953649,0.832162393517409,0.847265025487443,0.852062824125561,0.873944278562648,0.873502244951431,0.889494323534779,0.897732484886853,0.912307406594981,0.922731436002888,0.927623788595798,0.944211029490258,0.945719064964598,0.982451602161916,0.994864350818901,1,0.993252539829387,0.975989760128625,0.928595998269628,0.879379953920808,0.84663667089681,0.798634937386371,0.806933047454084,0.750231465428108
0.4391902063751,0.529475881927978,0.592613497172808,0.649225828946584,0.68053173848414,0.726269191825157,0.751198279435272,0.78109498901653,0.808461907644602,0.822489120625038,0.83772440952394,0.842696396826346,0.863278366234687,0.862052756079131,0.877596364153242,0.885646239393424,0.898986256668547,0.907557632054615,0.911311991213125,0.927641087035925,0.929147707651405,0.965000613974462,0.977002471356286,0.993252539829387,1,0.991013223848623,0.946577775059932,0.898902961258675,0.866117375587015,0.817553113631317,0.813814804992787,0.75030312042227
0.438719816022669,0.529207222856363,0.59257166820587,0.647820301314849,0.677682734793768,0.722114017291602,0.74605483134555,0.774200377279422,0.79947332324006,0.812310805613028,0.827504921711104,0.832476692482226,0.850061782095127,0.846805566499313,0.861349011154604,0.868938530015644,0.880468673006783,0.886447072094185,0.888818662514436,0.905521379705506,0.907572227720442,0.941961089301891,0.953159646824427,0.975989760128625,0.991013223848623,1,0.979842965761391,0.946529361075425,0.914043299599577,0.864402720557426,0.84040032951622,0.764269225793467
0.428282258013711,0.51795106588814,0.581382494547617,0.634396119751369,0.662431407010932,0.704018030862403,0.725725474422991,0.750740668122662,0.772623624964501,0.783497361873438,0.798154400274547,0.802865940508658,0.815889252225305,0.809818117357465,0.822647896394373,0.829412733117658,0.838536825388166,0.841383894507575,0.842228167923113,0.85940213982379,0.862353698015982,0.894110469627532,0.903985670476113,0.928595998269628,0.946577775059932,0.979842965761391,1,0.991206242824828,0.960038254691057,0.910150209136424,0.861326166774561,0.770608169555353
0.417796200985813,0.505517192955224,0.567642931261621,0.618334904443154,0.644574728387288,0.683092354341595,0.702384190268952,0.724338983021042,0.743073301364922,0.751850839885268,0.764999903910448,0.768695307558568,0.777731491078772,0.769362841416601,0.780484313845947,0.78635290217603,0.793786279133117,0.794803939397169,0.79477337242757,0.811790114538243,0.815182059773949,0.844938637540682,0.854050136046625,0.879379953920808,0.898902961258675,0.946529361075425,0.991206242824828,1,0.979693601795482,0.937548676821303,0.869921317688024,0.76851024099934
0.424936425209289,0.511697985634943,0.571795688198486,0.621470740684266,0.646431509698085,0.68168588952036,0.697760923266276,0.716267296512715,0.731665781327589,0.737259822850288,0.746270494029862,0.746620117116468,0.751276384400287,0.740080227886475,0.749125410571698,0.753716264113458,0.760706628113458,0.76219223549351,0.762432204569248,0.778567373162696,0.7816797136261,0.811568557126595,0.821416126310941,0.84663667089681,0.866117375587015,0.914043299599577,0.960038254691057,0.979693601795482,1,0.988255358715661,0.902102383273168,0.787743496179543
0.418811083370522,0.502479662178239,0.559395767584625,0.606943561041891,0.630250036979015,0.662057668090781,0.675243434533394,0.690617829412136,0.703054743618422,0.706070206206585,0.711681519830278,0.709471638725048,0.710663003319701,0.697616634554302,0.704833152358885,0.708325211801191,0.714787647572305,0.716589460937567,0.71702908685391,0.732053146001479,0.734867664121745,0.764043704824897,0.77418420805641,0.798634937386371,0.817553113631317,0.864402720557426,0.910150209136424,0.937548676821303,0.988255358715661,1,0.902072908295794,0.780958828135227
0.450898612683932,0.537584427760591,0.594882817088945,0.648905944565618,0.677357421587375,0.714845733191519,0.731747231273932,0.746018657106661,0.754066496793445,0.752802571691219,0.754549424575793,0.748804822602452,0.753923036944447,0.743027915048784,0.752292519492231,0.757019372538688,0.763476535442446,0.763926311773764,0.761714110937807,0.771624600102425,0.770085548909116,0.791235133365512,0.794213996559068,0.806933047454084,0.813814804992787,0.84040032951622,0.861326166774561,0.869921317688024,0.902102383273168,0.902072908295794,1,0.974036267589761
0.433038240902896,0.514691512620909,0.567849646257864,0.621144135486784,0.650132578998921,0.687786472182526,0.705400506714032,0.718074094520065,0.723281794981449,0.719943844868232,0.719622297022048,0.712538306036818,0.719403461094201,0.710521257066031,0.720188615498882,0.725224464731354,0.731194099622537,0.730894138954168,0.72746098397762,0.733961423865871,0.730272419510738,0.745611415648689,0.744608321809098,0.750231465428108,0.75030312042227,0.764269225793467,0.770608169555353,0.76851024099934,0.787743496179543,0.780958828135227,0.974036267589761,1
