1,0.710249663534694,0.634926191103781,0.601970582770971,0.576478790473256,0.561696080093714,0.544492423451453,0.532837986414298,0.517944108673786,0.505614207748302,0.499934787169624,0.491330801295602,0.487225772901778,0.483918061451196,0.478134501448721,0.470726395388392,0.467674731516035,0.464923766889095,0.459948821062157,0.454530697344696,0.444309419587882,0.4400638385247,0.428532461891951,0.424956210198636,0.412383025838472,0.408527253542408,0.399810864859591,0.381738909002589,0.341519144685337,0.276290743003709,0.166388623272938,0.0136302129152093
0.710249663534694,1,0.937475234490886,0.895115682979427,0.873285926186916,0.853115138325961,0.832813187908582,0.817608586017783,0.805354770828713,0.791942176337581,0.781317893812911,0.76918328461699,0.759476271409544,0.752196648493071,0.742647792715151,0.733122714244685,0.728800672787369,0.724340301980574,0.720596812879984,0.713403017356556,0.70121365311518,0.693475566757748,0.683370214945035,0.676150450558905,0.662489618980617,0.656607319418011,0.640637895400571,0.603600635262679,0.547459623786275,0.457945119574246,0.299994736427461,0.158829805777589
0.634926191103781,0.937475234490886,1,0.966041685117951,0.943474863535991,0.922125424599334,0.903397186129854,0.889040223875105,0.876331368971779,0.862948698830669,0.850387805579658,0.841033170650275,0.830607274108648,0.825179391557456,0.816893830167862,0.809083587673246,0.805077490319523,0.801556332960187,0.797782143701838,0.790340362364286,0.779975077371766,0.772780653497064,0.761580871463497,0.753174441484675,0.737557870088422,0.730306621685734,0.710779117310155,0.671042696930393,0.609542164596202,0.516632686215627,0.360067099799155,0.219458313480864
0.601970582770971,0.895115682979427,0.966041685117951,1,0.980154988861646,0.963618559542019,0.945385458250997,0.930718510725928,0.917312120113027,0.903137308939378,0.890688182185892,0.882985360701764,0.872955520892804,0.867689144699662,0.860495581836094,0.8539081679543,0.851653721596516,0.848449574906948,0.846205843317421,0.840881927167088,0.832094171566131,0.824912942851471,0.814404585811934,0.804670608008753,0.789961959410363,0.783136521812526,0.764667711514,0.724352230153121,0.669128576519197,0.572379308860276,0.402838051667923,0.265381607761698
0.576478790473256,0.873285926186916,0.943474863535991,0.980154988861646,1,0.987185644840764,0.970871854570956,0.958073937324159,0.94580422230784,0.932542206329456,0.920373820971634,0.911586678589353,0.901755990810609,0.896121747958241,0.889851136165676,0.883475662586053,0.881351195641669,0.877719437832031,0.875923122563181,0.871045544798489,0.862723425241809,0.856676407240294,0.84577801423949,0.836268570634591,0.82146575083804,0.813729024302436,0.794785793767897,0.756567116369962,0.700481955274649,0.600652030666883,0.430253525939656,0.288269458975421
0.561696080093714,0.853115138325961,0.922125424599334,0.963618559542019,0.987185644840764,1,0.98936882086688,0.977834484902565,0.966799100285338,0.954812534129613,0.944168174835344,0.935677220004451,0.925723833248935,0.919837441311442,0.91437014106313,0.908964461398146,0.906430765913146,0.903429327083628,0.902908661342516,0.898289990957844,0.89045012754862,0.885791782112812,0.875940987753538,0.867493027554432,0.854355219946791,0.846525051687962,0.829879076538506,0.792587630330539,0.74116438277695,0.638706153443841,0.468553111126492,0.322229558233957
0.544492423451453,0.832813187908582,0.903397186129854,0.945385458250997,0.970871854570956,0.98936882086688,1,0.990832749474299,0.980737463266731,0.970169243882148,0.960052275421119,0.951187415130534,0.941339263453197,0.935300048477913,0.929560337253185,0.924259373063192,0.921125580917272,0.918326091291078,0.917819156008797,0.913440429630352,0.905253279722293,0.90089837655958,0.890996197755611,0.883434728726727,0.871516646344925,0.863546546016758,0.848039812528318,0.811846593137695,0.763344096518357,0.65987673261543,0.49228407705352,0.345719861720773
0.532837986414298,0.817608586017783,0.889040223875105,0.930718510725928,0.958073937324159,0.977834484902565,0.990832749474299,1,0.993130765695833,0.983971730105054,0.974757802563211,0.966492323585391,0.957454323162229,0.952201633465985,0.946591004493998,0.941559187493539,0.938413637381562,0.935606621928517,0.934752313723879,0.93051595848248,0.922935770941561,0.918948102871759,0.909550759974254,0.902703432195587,0.89199310194493,0.88356100182182,0.868881747428901,0.834918001200806,0.787408846752176,0.687039093297308,0.514067299824161,0.371794162484079
0.517944108673786,0.805354770828713,0.876331368971779,0.917312120113027,0.94580422230784,0.966799100285338,0.980737463266731,0.993130765695833,1,0.994246843011907,0.986601345384959,0.978953420834665,0.970449650986287,0.964750962273612,0.959045280439037,0.953819403103399,0.950273497583347,0.947552191861282,0.946524916222567,0.942328466064635,0.935521322919619,0.931660311857653,0.922985465318291,0.916405564799345,0.906407518072812,0.898178025347946,0.884408193692153,0.851436829106153,0.804253261680551,0.706414044555358,0.531090696601836,0.39248451193775
0.505614207748302,0.791942176337581,0.862948698830669,0.903137308939378,0.932542206329456,0.954812534129613,0.970169243882148,0.983971730105054,0.994246843011907,1,0.995147688024667,0.989061874514381,0.981959985380737,0.976111931736514,0.970694523049565,0.965546497502964,0.962368795734701,0.95979062910031,0.958068266823795,0.954232466018502,0.948094560806506,0.944499006160032,0.9363927243312,0.929682467946886,0.919810947815117,0.911590469823847,0.898326601415171,0.866581784023797,0.821368353632309,0.724007299959228,0.545819836185696,0.413244762161965
0.499934787169624,0.781317893812911,0.850387805579658,0.890688182185892,0.920373820971634,0.944168174835344,0.960052275421119,0.974757802563211,0.986601345384959,0.995147688024667,1,0.995319384455051,0.989492823468993,0.983512388795504,0.97808785897453,0.973203224280815,0.969453664453498,0.966952246283866,0.965230749889861,0.961761149664385,0.955850996755979,0.952732414831242,0.944870619840417,0.939101768047557,0.929234315084588,0.921382468311427,0.908911965590886,0.877028767217901,0.833864356638878,0.738121721168728,0.55645828267096,0.424523780068059
0.491330801295602,0.76918328461699,0.841033170650275,0.882985360701764,0.911586678589353,0.935677220004451,0.951187415130534,0.966492323585391,0.978953420834665,0.989061874514381,0.995319384455051,1,0.995915171562605,0.990602109640734,0.985491661432825,0.981015648005948,0.977116469658794,0.974883766382137,0.973082444826379,0.969806687540701,0.964052709609611,0.961016985116744,0.95299532409244,0.947115992408376,0.937209848672764,0.929675161395207,0.917616255992822,0.885870501323365,0.844604134236998,0.747841735766525,0.564075882761862,0.44107811449361
0.487225772901778,0.759476271409544,0.830607274108648,0.872955520892804,0.901755990810609,0.925723833248935,0.941339263453197,0.957454323162229,0.970449650986287,0.981959985380737,0.989492823468993,0.995915171562605,1,0.996484431368082,0.992012543092854,0.987471034869481,0.983536881928013,0.981015717429985,0.978443235534069,0.97530401520067,0.970441372386796,0.967126492767192,0.959720580008194,0.95352535608584,0.943774303999506,0.936682163982464,0.925766315476864,0.894643833389131,0.853983457621719,0.756968359154455,0.572365295807682,0.458026273380559
0.483918061451196,0.752196648493071,0.825179391557456,0.867689144699662,0.896121747958241,0.919837441311442,0.935300048477913,0.952201633465985,0.964750962273612,0.976111931736514,0.983512388795504,0.990602109640734,0.996484431368082,1,0.99652288874214,0.992218278636346,0.988227263930693,0.985794721509785,0.98307892637567,0.979873705715793,0.975293930916385,0.97175225556326,0.965067922220584,0.958431331480392,0.949082837739061,0.94243029705155,0.931864640163311,0.901511660317143,0.860869705364477,0.76314643877173,0.578301991215861,0.471322590044605
0.478134501448721,0.742647792715151,0.816893830167862,0.860495581836094,0.889851136165676,0.91437014106313,0.929560337253185,0.946591004493998,0.959045280439037,0.970694523049565,0.97808785897453,0.985491661432825,0.992012543092854,0.99652288874214,1,0.996342475601386,0.992367478509858,0.98931075455987,0.986635794756863,0.983323710661248,0.978955118997724,0.975661811596393,0.969696376050903,0.963095281673068,0.954287462847604,0.947651596840516,0.938144461312439,0.907885906879946,0.870199856099416,0.773588749789371,0.589331447944271,0.484182299580772
0.470726395388392,0.733122714244685,0.809083587673246,0.8539081679543,0.883475662586053,0.908964461398146,0.924259373063192,0.941559187493539,0.953819403103399,0.965546497502964,0.973203224280815,0.981015648005948,0.987471034869481,0.992218278636346,0.996342475601386,1,0.996934396429773,0.99351684314148,0.990520848877619,0.986710356544789,0.982817559759304,0.979550601800542,0.974519095886712,0.968624370949113,0.959942039279888,0.952994746718614,0.942746049353557,0.913104179004807,0.873915574613188,0.776119495965698,0.594995558812894,0.491509152295661
0.467674731516035,0.728800672787369,0.805077490319523,0.851653721596516,0.881351195641669,0.906430765913146,0.921125580917272,0.938413637381562,0.950273497583347,0.962368795734701,0.969453664453498,0.977116469658794,0.983536881928013,0.988227263930693,0.992367478509858,0.996934396429773,1,0.997034055838877,0.994037212002627,0.990296643451059,0.986558928500383,0.983262588228402,0.978482038027865,0.972820538320129,0.964686013049193,0.958248081652616,0.947188765629737,0.918048729851416,0.878603483091691,0.784934764180159,0.603138804429566,0.499917556100836
0.464923766889095,0.724340301980574,0.801556332960187,0.848449574906948,0.877719437832031,0.903429327083628,0.918326091291078,0.935606621928517,0.947552191861282,0.95979062910031,0.966952246283866,0.974883766382137,0.981015717429985,0.985794721509785,0.98931075455987,0.99351684314148,0.997034055838877,1,0.997271902866193,0.993455735477465,0.989888627776344,0.986159909722923,0.981201680725434,0.976074766919504,0.967586897450952,0.961301707096081,0.949986638581755,0.921245959953873,0.881049772093846,0.7892548947247,0.609588614719572,0.507298205700098
0.459948821062157,0.720596812879984,0.797782143701838,0.846205843317421,0.875923122563181,0.902908661342516,0.917819156008797,0.934752313723879,0.946524916222567,0.958068266823795,0.965230749889861,0.973082444826379,0.978443235534069,0.98307892637567,0.986635794756863,0.990520848877619,0.994037212002627,0.997271902866193,1,0.996834337509861,0.99301211746603,0.989544563114115,0.984360863067177,0.979598803716901,0.971549124046745,0.965694119374283,0.954978417125892,0.926099589170991,0.886599419348352,0.794758486046858,0.615109532909812,0.514138411058083
0.454530697344696,0.713403017356556,0.790340362364286,0.840881927167088,0.871045544798489,0.898289990957844,0.913440429630352,0.93051595848248,0.942328466064635,0.954232466018502,0.961761149664385,0.969806687540701,0.97530401520067,0.979873705715793,0.983323710661248,0.986710356544789,0.990296643451059,0.993455735477465,0.996834337509861,1,0.996823096839208,0.993424787686424,0.987998449901548,0.983505941880385,0.975702188231268,0.970053960810877,0.959887971189358,0.931364607773305,0.891022670695497,0.79997781485208,0.623778812727673,0.522743765236859
0.444309419587882,0.70121365311518,0.779975077371766,0.832094171566131,0.862723425241809,0.89045012754862,0.905253279722293,0.922935770941561,0.935521322919619,0.948094560806506,0.955850996755979,0.964052709609611,0.970441372386796,0.975293930916385,0.978955118997724,0.982817559759304,0.986558928500383,0.989888627776344,0.99301211746603,0.996823096839208,1,0.996561045037842,0.991981796741334,0.986806166300851,0.978780988124179,0.973582023415188,0.962892991574931,0.935749012447082,0.894998924200352,0.803720837390904,0.624653147245049,0.526656551243213
0.4400638385247,0.693475566757748,0.772780653497064,0.824912942851471,0.856676407240294,0.885791782112812,0.90089837655958,0.918948102871759,0.931660311857653,0.944499006160032,0.952732414831242,0.961016985116744,0.967126492767192,0.97175225556326,0.975661811596393,0.979550601800542,0.983262588228402,0.986159909722923,0.989544563114115,0.993424787686424,0.996561045037842,1,0.996040809214254,0.991528259587192,0.984168268849567,0.978602684856618,0.968381954743361,0.943419198979646,0.903168910878757,0.807496609885257,0.636285183542377,0.533497389511623
0.428532461891951,0.683370214945035,0.761580871463497,0.814404585811934,0.84577801423949,0.875940987753538,0.890996197755611,0.909550759974254,0.922985465318291,0.9363927243312,0.944870619840417,0.95299532409244,0.959720580008194,0.965067922220584,0.969696376050903,0.974519095886712,0.978482038027865,0.981201680725434,0.984360863067177,0.987998449901548,0.991981796741334,0.996040809214254,1,0.99574558283026,0.98877818619793,0.984022202924574,0.974394815018178,0.952199528796328,0.912801383190911,0.816091424396872,0.646368456939117,0.542308029767492
0.424956210198636,0.676150450558905,0.753174441484675,0.804670608008753,0.836268570634591,0.867493027554432,0.883434728726727,0.902703432195587,0.916405564799345,0.929682467946886,0.939101768047557,0.947115992408376,0.95352535608584,0.958431331480392,0.963095281673068,0.968624370949113,0.972820538320129,0.976074766919504,0.979598803716901,0.983505941880385,0.986806166300851,0.991528259587192,0.99574558283026,1,0.995183790395425,0.989815644317227,0.979507772312201,0.95883796969438,0.919108268525694,0.827393124946223,0.662811165400678,0.547132743475177
0.412383025838472,0.662489618980617,0.737557870088422,0.789961959410363,0.82146575083804,0.854355219946791,0.871516646344925,0.89199310194493,0.906407518072812,0.919810947815117,0.929234315084588,0.937209848672764,0.943774303999506,0.949082837739061,0.954287462847604,0.959942039279888,0.964686013049193,0.967586897450952,0.971549124046745,0.975702188231268,0.978780988124179,0.984168268849567,0.98877818619793,0.995183790395425,1,0.994691628257188,0.986010250498448,0.967775499276584,0.932150489090863,0.83896574341541,0.679216358245002,0.557459112671421
0.408527253542408,0.656607319418011,0.730306621685734,0.783136521812526,0.813729024302436,0.846525051687962,0.863546546016758,0.88356100182182,0.898178025347946,0.911590469823847,0.921382468311427,0.929675161395207,0.936682163982464,0.94243029705155,0.947651596840516,0.952994746718614,0.958248081652616,0.961301707096081,0.965694119374283,0.970053960810877,0.973582023415188,0.978602684856618,0.984022202924574,0.989815644317227,0.994691628257188,1,0.992645105454676,0.975528220591318,0.937622268162655,0.849872757753542,0.698627181333763,0.568168330410577
0.399810864859591,0.640637895400571,0.710779117310155,0.764667711514,0.794785793767897,0.829879076538506,0.848039812528318,0.868881747428901,0.884408193692153,0.898326601415171,0.908911965590886,0.917616255992822,0.925766315476864,0.931864640163311,0.938144461312439,0.942746049353557,0.947188765629737,0.949986638581755,0.954978417125892,0.959887971189358,0.962892991574931,0.968381954743361,0.974394815018178,0.979507772312201,0.986010250498448,0.992645105454676,1,0.987570998234989,0.957560673825091,0.8702913654416,0.716278059744996,0.592622149563915
0.381738909002589,0.603600635262679,0.671042696930393,0.724352230153121,0.756567116369962,0.792587630330539,0.811846593137695,0.834918001200806,0.851436829106153,0.866581784023797,0.877028767217901,0.885870501323365,0.894643833389131,0.901511660317143,0.907885906879946,0.913104179004807,0.918048729851416,0.921245959953873,0.926099589170991,0.931364607773305,0.935749012447082,0.943419198979646,0.952199528796328,0.95883796969438,0.967775499276584,0.975528220591318,0.987570998234989,1,0.975695385552308,0.889633448233465,0.740344657413442,0.609700767600349
0.341519144685337,0.547459623786275,0.609542164596202,0.669128576519197,0.700481955274649,0.74116438277695,0.763344096518357,0.787408846752176,0.804253261680551,0.821368353632309,0.833864356638878,0.844604134236998,0.853983457621719,0.860869705364477,0.870199856099416,0.873915574613188,0.878603483091691,0.881049772093846,0.886599419348352,0.891022670695497,0.894998924200352,0.903168910878757,0.912801383190911,0.919108268525694,0.932150489090863,0.937622268162655,0.957560673825091,0.975695385552308,1,0.911297823895258,0.75169397134201,0.644199734873759
0.276290743003709,0.457945119574246,0.516632686215627,0.572379308860276,0.600652030666883,0.638706153443841,0.65987673261543,0.687039093297308,0.706414044555358,0.724007299959228,0.738121721168728,0.747841735766525,0.756968359154455,0.76314643877173,0.773588749789371,0.776119495965698,0.784934764180159,0.7892548947247,0.794758486046858,0.79997781485208,0.803720837390904,0.807496609885257,0.816091424396872,0.827393124946223,0.83896574341541,0.849872757753542,0.8702913654416,0.889633448233465,0.911297823895258,1,0.819908593040506,0.653162506961543
0.166388623272938,0.299994736427461,0.360067099799155,0.402838051667923,0.430253525939656,0.468553111126492,0.49228407705352,0.514067299824161,0.531090696601836,0.545819836185696,0.55645828267096,0.564075882761862,0.572365295807682,0.578301991215861,0.589331447944271,0.594995558812894,0.603138804429566,0.609588614719572,0.615109532909812,0.623778812727673,0.624653147245049,0.636285183542377,0.646368456939117,0.662811165400678,0.679216358245002,0.698627181333763,0.716278059744996,0.740344657413442,0.75169397134201,0.819908593040506,1,0.681641576446108
0.0136302129152093,0.158829805777589,0.219458313480864,0.265381607761698,0.288269458975421,0.322229558233957,0.345719861720773,0.371794162484079,0.39248451193775,0.413244762161965,0.424523780068059,0.44107811449361,0.458026273380559,0.471322590044605,0.484182299580772,0.491509152295661,0.499917556100836,0.507298205700098,0.514138411058083,0.522743765236859,0.526656551243213,0.533497389511623,0.542308029767492,0.547132743475177,0.557459112671421,0.568168330410577,0.592622149563915,0.609700767600349,0.644199734873759,0.653162506961543,0.681641576446108,1
