1,0.843359659087262,0.807689031415795,0.793542627722556,0.781949319011042,0.768189334485458,0.755330173003193,0.752560261915068,0.747846352661398,0.746212782583081,0.739908583249239,0.736516697677543,0.727690849483744,0.724674000795495,0.717033534335583,0.71315358462409,0.709556293119306,0.70747489030531,0.702426392025396,0.698013029650378,0.694159102719946,0.687350841041679,0.681487515240933,0.676653204549301,0.671955099459267,0.666092790670765,0.648768529730915,0.626430325513725,0.594771139828127,0.459634916612971,0.344172210406589,0.210308628307841
0.843359659087262,1,0.956855348644218,0.93285144282586,0.921247605689925,0.909375509472476,0.899418297846256,0.8938161727592,0.890622399736043,0.890202892638727,0.881183255297937,0.875585854084146,0.867796675882256,0.865351697169933,0.860292590797504,0.856087946644986,0.852146195768597,0.850482040803734,0.846314917226301,0.845092026159441,0.840076866266835,0.835144683471489,0.828365308179963,0.822430711374589,0.816241474219102,0.811087441200575,0.790037774900733,0.765366744275299,0.728688657121537,0.578747632058667,0.448056326564108,0.273188170186441
0.807689031415795,0.956855348644218,1,0.974686131873931,0.959956197065003,0.946890647972092,0.934257788374779,0.926416705546637,0.92331304333735,0.921972939621549,0.915237634521165,0.910098221822528,0.902749379839914,0.898725930433239,0.897152606614198,0.89427489979225,0.891243642275925,0.888985843558053,0.884921711084557,0.883835781937995,0.879464055986786,0.873705464257448,0.86630103769178,0.860552491234444,0.852499972499116,0.846294496487175,0.822930985550103,0.793740678555818,0.754280640824433,0.595663019201801,0.462383020127461,0.277149915927829
0.793542627722556,0.93285144282586,0.974686131873931,1,0.985117012349345,0.972027688912288,0.959671300811215,0.947666950290905,0.94090592903225,0.93676099123168,0.92902303888956,0.92365187403382,0.916677887047013,0.911485426041571,0.909771982764164,0.907905284397436,0.905545926056484,0.904695162942487,0.901199759236801,0.899922700054843,0.895551047416756,0.890391721916132,0.88397369208077,0.876998324262176,0.869811359754038,0.863234479209988,0.840902902445517,0.809446438196877,0.769836763475512,0.610752665789259,0.474696573375877,0.288368881957038
0.781949319011042,0.921247605689925,0.959956197065003,0.985117012349345,1,0.988213762640208,0.973680450345602,0.958714470484583,0.950363139827836,0.945950425193211,0.938511017124877,0.932786413559967,0.925055248241804,0.920593853956426,0.918856114203497,0.917349826317774,0.915527073718497,0.915194890531099,0.910953247427255,0.909810322504952,0.906077864133914,0.900566114024925,0.894328202469277,0.888000372359308,0.880951898726696,0.87410316721678,0.851948165593795,0.819781689605565,0.780635799971173,0.616830447626868,0.478230528081508,0.288423479429613
0.768189334485458,0.909375509472476,0.946890647972092,0.972027688912288,0.988213762640208,1,0.989086932846525,0.973462998104141,0.961562334516943,0.954792951879232,0.945958181960145,0.939689073026941,0.932435235056374,0.92873807260781,0.926708106431307,0.926065773369196,0.924590721416123,0.923603136436285,0.919976859341239,0.918745174793221,0.915400442725128,0.91055792196827,0.904390837234123,0.897637076824404,0.890908218701375,0.884275431941165,0.863077208481473,0.830906521278786,0.790365407246819,0.626773269197346,0.488996643390692,0.30263161670832
0.755330173003193,0.899418297846256,0.934257788374779,0.959671300811215,0.973680450345602,0.989086932846525,1,0.98837699184911,0.974983005230362,0.965941345540691,0.956230772401723,0.948948224481469,0.941638455203982,0.938322334167743,0.936296145298572,0.935675127347548,0.934190962950734,0.933014405157472,0.92924047879175,0.927261544324556,0.923560919470063,0.918029812379953,0.912093847206676,0.905279236105828,0.899628970772032,0.892906604850809,0.874157903258376,0.843855869861708,0.802199298094838,0.638963240533804,0.502003308617625,0.315012052013947
0.752560261915068,0.8938161727592,0.926416705546637,0.947666950290905,0.958714470484583,0.973462998104141,0.98837699184911,1,0.990451990694214,0.979339169426798,0.967527932710894,0.9590576738778,0.951625633852274,0.948363370636979,0.94580401935367,0.944550279748662,0.942363428960824,0.940396810365792,0.936259129686117,0.933526125787162,0.92939195353882,0.924776337931586,0.919744322914916,0.914326309447654,0.909337050497028,0.902853364753562,0.884086415664766,0.855188770326768,0.813352895610734,0.653451741009633,0.521115438128102,0.332852892238783
0.747846352661398,0.890622399736043,0.92331304333735,0.94090592903225,0.950363139827836,0.961562334516943,0.974983005230362,0.990451990694214,1,0.99212842534499,0.981522475435772,0.972607467053495,0.964552582744049,0.959748340615432,0.957216485823206,0.954959754859398,0.952259085727433,0.949157437745523,0.944818855482082,0.942210074804303,0.938458191349815,0.935458144481632,0.930034730463233,0.924347076352992,0.91987686207803,0.91277945570495,0.893599116219804,0.864925859904149,0.824031715678928,0.66400416238492,0.532227151583546,0.342285438652884
0.746212782583081,0.890202892638727,0.921972939621549,0.93676099123168,0.945950425193211,0.954792951879232,0.965941345540691,0.979339169426798,0.99212842534499,1,0.993122496652829,0.984534895123412,0.976201189296867,0.970611146378965,0.967304730028072,0.964887457276694,0.960710684801838,0.957662951086838,0.953322665944968,0.950632061922244,0.94716849055969,0.944025756241009,0.937805836855322,0.93181841627426,0.927839405732349,0.919996300369882,0.901414112085813,0.872968273768731,0.833760334826346,0.675081250348635,0.543389260617985,0.351056454019816
0.739908583249239,0.881183255297937,0.915237634521165,0.92902303888956,0.938511017124877,0.945958181960145,0.956230772401723,0.967527932710894,0.981522475435772,0.993122496652829,1,0.993942535789175,0.986403943920123,0.979657602714651,0.974857934657549,0.971642134751813,0.967668458181629,0.964218664591253,0.959720780796435,0.956395344944709,0.953135550470442,0.949650769992451,0.94322510988006,0.937007635752781,0.93329017593554,0.924939476516232,0.907245507903173,0.878977420314398,0.841030862776779,0.685072715254445,0.552943508058753,0.35467606365216
0.736516697677543,0.875585854084146,0.910098221822528,0.92365187403382,0.932786413559967,0.939689073026941,0.948948224481469,0.9590576738778,0.972607467053495,0.984534895123412,0.993942535789175,1,0.994725553405269,0.988318607181866,0.982938900555503,0.978738336447897,0.974560917204108,0.971330658980441,0.966778436168075,0.963300967103562,0.960276499363129,0.956984255211251,0.951194153903351,0.946094729740815,0.942622596039484,0.934185640447109,0.918617531131779,0.892033075635219,0.855403741035485,0.703867922248928,0.573599703786702,0.373568933660149
0.727690849483744,0.867796675882256,0.902749379839914,0.916677887047013,0.925055248241804,0.932435235056374,0.941638455203982,0.951625633852274,0.964552582744049,0.976201189296867,0.986403943920123,0.994725553405269,1,0.995203222894382,0.989956660272491,0.985102707205471,0.980587896132485,0.976705628759412,0.971880188603097,0.968288645515897,0.965011376083389,0.961700014742396,0.956315709977962,0.951204579045184,0.947283265463079,0.938941288514145,0.924173008570386,0.897823120239412,0.86221907477068,0.712362616509074,0.582636193179375,0.383812846230226
0.724674000795495,0.865351697169933,0.898725930433239,0.911485426041571,0.920593853956426,0.92873807260781,0.938322334167743,0.948363370636979,0.959748340615432,0.970611146378965,0.979657602714651,0.988318607181866,0.995203222894382,1,0.995477558413665,0.991027988114316,0.986062424317419,0.98233585916614,0.977714117417031,0.973858034889681,0.969731551602337,0.966456458854947,0.961623451898308,0.957070750144238,0.952832910229602,0.945002695687669,0.931022502023458,0.906258255332332,0.871297966778944,0.723189935444376,0.59602716784109,0.395615677875688
0.717033534335583,0.860292590797504,0.897152606614198,0.909771982764164,0.918856114203497,0.926708106431307,0.936296145298572,0.94580401935367,0.957216485823206,0.967304730028072,0.974857934657549,0.982938900555503,0.989956660272491,0.995477558413665,1,0.996276376794729,0.99133123832416,0.987639609269256,0.982893041888457,0.979234819010057,0.975294596826867,0.971623332471303,0.967364660371266,0.96288199380615,0.95899991017041,0.951383202728933,0.937171125010372,0.913079393334713,0.87818897431128,0.731094875433607,0.603331136508144,0.40195011833347
0.71315358462409,0.856087946644986,0.89427489979225,0.907905284397436,0.917349826317774,0.926065773369196,0.935675127347548,0.944550279748662,0.954959754859398,0.964887457276694,0.971642134751813,0.978738336447897,0.985102707205471,0.991027988114316,0.996276376794729,1,0.995989434321206,0.992439758093961,0.987694609146876,0.983882210057173,0.979828114818465,0.975752563656057,0.97096421286839,0.966245951280391,0.962012286626646,0.95420205727702,0.940185292563621,0.915301207761895,0.880056072530118,0.731149491368225,0.602189385118755,0.39936419921665
0.709556293119306,0.852146195768597,0.891243642275925,0.905545926056484,0.915527073718497,0.924590721416123,0.934190962950734,0.942363428960824,0.952259085727433,0.960710684801838,0.967668458181629,0.974560917204108,0.980587896132485,0.986062424317419,0.99133123832416,0.995989434321206,1,0.996954406373879,0.992225374025273,0.988549610066549,0.984333418316811,0.979912932563401,0.975284677187431,0.970942402453264,0.966504759267536,0.958733742210264,0.94558417865007,0.920545112043197,0.885717893760309,0.740062512453093,0.612141166713079,0.406760863213513
0.70747489030531,0.850482040803734,0.888985843558053,0.904695162942487,0.915194890531099,0.923603136436285,0.933014405157472,0.940396810365792,0.949157437745523,0.957662951086838,0.964218664591253,0.971330658980441,0.976705628759412,0.98233585916614,0.987639609269256,0.992439758093961,0.996954406373879,1,0.996606709681431,0.993276947495139,0.988904145634662,0.984214333338681,0.980090869590072,0.975243696605097,0.970240975692666,0.962814192093059,0.950293037726228,0.925641878290261,0.892502793165565,0.746497746365383,0.618630342424073,0.413522634799921
0.702426392025396,0.846314917226301,0.884921711084557,0.901199759236801,0.910953247427255,0.919976859341239,0.92924047879175,0.936259129686117,0.944818855482082,0.953322665944968,0.959720780796435,0.966778436168075,0.971880188603097,0.977714117417031,0.982893041888457,0.987694609146876,0.992225374025273,0.996606709681431,1,0.996197441123623,0.991670572147194,0.98729752521416,0.983863906794375,0.979264475257421,0.974381986006496,0.966847719931084,0.955694086058962,0.932715047175688,0.902064781370599,0.759726304642166,0.633098550237637,0.426264371208852
0.698013029650378,0.845092026159441,0.883835781937995,0.899922700054843,0.909810322504952,0.918745174793221,0.927261544324556,0.933526125787162,0.942210074804303,0.950632061922244,0.956395344944709,0.963300967103562,0.968288645515897,0.973858034889681,0.979234819010057,0.983882210057173,0.988549610066549,0.993276947495139,0.996197441123623,1,0.996175952046624,0.99223189414581,0.988248935496337,0.983689964833133,0.9780115552072,0.970357988635731,0.958736635128681,0.93622405232248,0.904650380654786,0.75903315962765,0.63046417835029,0.424060217909208
0.694159102719946,0.840076866266835,0.879464055986786,0.895551047416756,0.906077864133914,0.915400442725128,0.923560919470063,0.92939195353882,0.938458191349815,0.94716849055969,0.953135550470442,0.960276499363129,0.965011376083389,0.969731551602337,0.975294596826867,0.979828114818465,0.984333418316811,0.988904145634662,0.991670572147194,0.996175952046624,1,0.996314205656085,0.991999541000288,0.9869538792671,0.981493428106875,0.973208051848266,0.962250964836616,0.939631872919554,0.90821745295826,0.762071033733894,0.633581190137265,0.42592089066914
0.687350841041679,0.835144683471489,0.873705464257448,0.890391721916132,0.900566114024925,0.91055792196827,0.918029812379953,0.924776337931586,0.935458144481632,0.944025756241009,0.949650769992451,0.956984255211251,0.961700014742396,0.966456458854947,0.971623332471303,0.975752563656057,0.979912932563401,0.984214333338681,0.98729752521416,0.99223189414581,0.996314205656085,1,0.996115978234681,0.990770046109627,0.985733577573689,0.977456040972486,0.966613404529563,0.944371741006281,0.913400403645361,0.769461917503048,0.642717308752741,0.437409780397568
0.681487515240933,0.828365308179963,0.86630103769178,0.88397369208077,0.894328202469277,0.904390837234123,0.912093847206676,0.919744322914916,0.930034730463233,0.937805836855322,0.94322510988006,0.951194153903351,0.956315709977962,0.961623451898308,0.967364660371266,0.97096421286839,0.975284677187431,0.980090869590072,0.983863906794375,0.988248935496337,0.991999541000288,0.996115978234681,1,0.995337467803287,0.99037249326686,0.982203002249484,0.972437024064529,0.952050967684755,0.92233278196087,0.784673426882457,0.659613301786639,0.452115419694388
0.676653204549301,0.822430711374589,0.860552491234444,0.876998324262176,0.888000372359308,0.897637076824404,0.905279236105828,0.914326309447654,0.924347076352992,0.93181841627426,0.937007635752781,0.946094729740815,0.951204579045184,0.957070750144238,0.96288199380615,0.966245951280391,0.970942402453264,0.975243696605097,0.979264475257421,0.983689964833133,0.9869538792671,0.990770046109627,0.995337467803287,1,0.995064379940756,0.987340076760122,0.97907274567938,0.960758151061304,0.931461366951022,0.798618266560244,0.6765067761921,0.470210238435164
0.671955099459267,0.816241474219102,0.852499972499116,0.869811359754038,0.880951898726696,0.890908218701375,0.899628970772032,0.909337050497028,0.91987686207803,0.927839405732349,0.93329017593554,0.942622596039484,0.947283265463079,0.952832910229602,0.95899991017041,0.962012286626646,0.966504759267536,0.970240975692666,0.974381986006496,0.9780115552072,0.981493428106875,0.985733577573689,0.99037249326686,0.995064379940756,1,0.993551120873209,0.985038810702588,0.967704108927078,0.937618727619982,0.804927452277002,0.684005537855892,0.474328724039388
0.666092790670765,0.811087441200575,0.846294496487175,0.863234479209988,0.87410316721678,0.884275431941165,0.892906604850809,0.902853364753562,0.91277945570495,0.919996300369882,0.924939476516232,0.934185640447109,0.938941288514145,0.945002695687669,0.951383202728933,0.95420205727702,0.958733742210264,0.962814192093059,0.966847719931084,0.970357988635731,0.973208051848266,0.977456040972486,0.982203002249484,0.987340076760122,0.993551120873209,1,0.991727690468238,0.975138201440297,0.945063194320677,0.811414809664905,0.691498574675675,0.477041697606746
0.648768529730915,0.790037774900733,0.822930985550103,0.840902902445517,0.851948165593795,0.863077208481473,0.874157903258376,0.884086415664766,0.893599116219804,0.901414112085813,0.907245507903173,0.918617531131779,0.924173008570386,0.931022502023458,0.937171125010372,0.940185292563621,0.94558417865007,0.950293037726228,0.955694086058962,0.958736635128681,0.962250964836616,0.966613404529563,0.972437024064529,0.97907274567938,0.985038810702588,0.991727690468238,1,0.988169167626439,0.963374314486057,0.844495193954077,0.730843298766443,0.516650157347467
0.626430325513725,0.765366744275299,0.793740678555818,0.809446438196877,0.819781689605565,0.830906521278786,0.843855869861708,0.855188770326768,0.864925859904149,0.872968273768731,0.878977420314398,0.892033075635219,0.897823120239412,0.906258255332332,0.913079393334713,0.915301207761895,0.920545112043197,0.925641878290261,0.932715047175688,0.93622405232248,0.939631872919554,0.944371741006281,0.952050967684755,0.960758151061304,0.967704108927078,0.975138201440297,0.988169167626439,1,0.983069778180026,0.885696747711269,0.781568278933996,0.566599430373473
0.594771139828127,0.728688657121537,0.754280640824433,0.769836763475512,0.780635799971173,0.790365407246819,0.802199298094838,0.813352895610734,0.824031715678928,0.833760334826346,0.841030862776779,0.855403741035485,0.86221907477068,0.871297966778944,0.87818897431128,0.880056072530118,0.885717893760309,0.892502793165565,0.902064781370599,0.904650380654786,0.90821745295826,0.913400403645361,0.92233278196087,0.931461366951022,0.937618727619982,0.945063194320677,0.963374314486057,0.983069778180026,1,0.929114686353028,0.835447730369919,0.615586815196289
0.459634916612971,0.578747632058667,0.595663019201801,0.610752665789259,0.616830447626868,0.626773269197346,0.638963240533804,0.653451741009633,0.66400416238492,0.675081250348635,0.685072715254445,0.703867922248928,0.712362616509074,0.723189935444376,0.731094875433607,0.731149491368225,0.740062512453093,0.746497746365383,0.759726304642166,0.75903315962765,0.762071033733894,0.769461917503048,0.784673426882457,0.798618266560244,0.804927452277002,0.811414809664905,0.844495193954077,0.885696747711269,0.929114686353028,1,0.959394055269393,0.728334010681194
0.344172210406589,0.448056326564108,0.462383020127461,0.474696573375877,0.478230528081508,0.488996643390692,0.502003308617625,0.521115438128102,0.532227151583546,0.543389260617985,0.552943508058753,0.573599703786702,0.582636193179375,0.59602716784109,0.603331136508144,0.602189385118755,0.612141166713079,0.618630342424073,0.633098550237637,0.63046417835029,0.633581190137265,0.642717308752741,0.659613301786639,0.6765067761921,0.684005537855892,0.691498574675675,0.730843298766443,0.781568278933996,0.835447730369919,0.959394055269393,1,0.797321653397359
0.210308628307841,0.273188170186441,0.277149915927829,0.288368881957038,0.288423479429613,0.30263161670832,0.315012052013947,0.332852892238783,0.342285438652884,0.351056454019816,0.35467606365216,0.373568933660149,0.383812846230226,0.395615677875688,0.40195011833347,0.39936419921665,0.406760863213513,0.413522634799921,0.426264371208852,0.424060217909208,0.42592089066914,0.437409780397568,0.452115419694388,0.470210238435164,0.474328724039388,0.477041697606746,0.516650157347467,0.566599430373473,0.615586815196289,0.728334010681194,0.797321653397359,1
