1,0.952581565034053,0.804037454987473,0.761092022390866,0.665636622019362,0.640080159495661,0.562111370900784,0.546116479702055,0.509274363002467,0.492649788143621,0.464269055170856,0.452127775522222,0.435317391136557,0.42072561001643,0.401161985191743,0.385352873101144,0.371539737485353,0.352656193347085,0.328749693560876,0.307128078258426,0.298599385632071,0.285414548535897,0.273459993453397,0.255536910630378,0.236785861020362,0.211046365036983,0.195011196044109,0.170300947000167,0.134154019435861,0.0941303726825854,0.0757238266774644,0.0576357139836289
0.952581565034053,1,0.946300603628368,0.90102967420699,0.793455758550794,0.759378695278859,0.662349802570924,0.642126432592211,0.59733083029658,0.579467897338234,0.548338605642515,0.533960253740583,0.513267809289272,0.492761491267572,0.46498826524317,0.443973161900959,0.427384323702228,0.404890078903676,0.37654497578529,0.349375285116523,0.334541664241879,0.315746932583159,0.301184058625418,0.279846603375336,0.255734481961002,0.2246018734284,0.204598280887852,0.175891509465052,0.140308220746284,0.10086621327217,0.0755486479397795,0.0506685653595827
0.804037454987473,0.946300603628368,1,0.968255604778233,0.86990214873103,0.830521800874798,0.72185888274396,0.699179199787891,0.649722294135419,0.632050095885738,0.600367204139026,0.584577533475989,0.561068765189697,0.535975186202291,0.501901344255989,0.476998436505338,0.458526397117092,0.433832234886429,0.403004620312032,0.371905442352805,0.351209533024021,0.327504038677254,0.31078226807722,0.287047041342414,0.25971405463233,0.225633100885492,0.20269471744534,0.171525094901666,0.139172892581952,0.103157313489798,0.0720468579076474,0.041273681908
0.761092022390866,0.90102967420699,0.968255604778233,1,0.965473812783719,0.92835557960685,0.815209246304285,0.792889580466889,0.740380409259451,0.721574491647304,0.686474901907941,0.668358140497696,0.641021030663702,0.614197725652006,0.578444144266725,0.551296574642005,0.529867260462064,0.502211593179816,0.468591685470288,0.43378781607559,0.409599355357661,0.381545240950965,0.360457106436478,0.332158371070936,0.305493974983449,0.270106837248398,0.243547242998071,0.206971909441119,0.170523086325563,0.129369493798182,0.0931778181563515,0.0563227076265575
0.665636622019362,0.793455758550794,0.86990214873103,0.965473812783719,1,0.972369029492392,0.867412898642782,0.846988732013605,0.794424524687506,0.775577395865132,0.738929489062201,0.719480684336044,0.689755065490513,0.662788702716133,0.627476830190072,0.599612996642678,0.576319991785505,0.547295778214808,0.51299608305588,0.476485138850615,0.450041572488584,0.418971037076223,0.394341289918744,0.362706461353967,0.338432389354924,0.3037432974575,0.274898489772757,0.234606613547752,0.196337930032026,0.152406217383189,0.113450281929315,0.0724196578771345
0.640080159495661,0.759378695278859,0.830521800874798,0.92835557960685,0.972369029492392,1,0.959607141869917,0.940239320849934,0.884580166803762,0.864861799197382,0.825126529197507,0.804664252494026,0.772820883304913,0.744986006241,0.708343002447387,0.678898798673265,0.653521454501341,0.623572880541381,0.589868640463336,0.552103491247443,0.523404173403572,0.488641617462955,0.459625243994264,0.422986998717736,0.398573822856858,0.361318320745421,0.329647736587679,0.283884592714236,0.246530707995591,0.201392327501939,0.164400632573536,0.120478905443718
0.562111370900784,0.662349802570924,0.72185888274396,0.815209246304285,0.867412898642782,0.959607141869917,1,0.983332509218682,0.928045117166419,0.908729865235601,0.868202024274152,0.848026270107968,0.815977293766173,0.78914694246058,0.753600030735723,0.724421048009491,0.698401864161517,0.669546276290664,0.639043407608431,0.602549752701206,0.573246820980938,0.536596533165972,0.504431865757572,0.464463671036793,0.441681923034552,0.404078941035132,0.371336732108695,0.322352241085194,0.288853539754864,0.245587295986623,0.213688838740527,0.169519576341336
0.546116479702055,0.642126432592211,0.699179199787891,0.792889580466889,0.846988732013605,0.940239320849934,0.983332509218682,1,0.980294968579683,0.964250133559089,0.920897114078946,0.900203610873268,0.867308884038677,0.839166609426825,0.801315879054556,0.771176950955181,0.745131267679276,0.716012844636985,0.685053491505729,0.647441663350957,0.617195004525389,0.579562788422621,0.548793713301455,0.508896779188875,0.48472511175129,0.444169919269147,0.408386802819969,0.354712528330952,0.31770573218137,0.269941978444546,0.230692055736866,0.178529210876486
0.509274363002467,0.59733083029658,0.649722294135419,0.740380409259451,0.794424524687506,0.884580166803762,0.928045117166419,0.980294968579683,1,0.988104134519215,0.943307076215743,0.922819518021274,0.890235278264087,0.861705100490172,0.822749416196143,0.792688443860275,0.767593399884588,0.739262844052476,0.708924605725679,0.671485670162905,0.641348894344168,0.604075805572507,0.576009125502723,0.537717734397931,0.512917806871745,0.470670826153044,0.432930008636464,0.376198659791614,0.336713693833895,0.285821079817602,0.239984170109641,0.181081337987148
0.492649788143621,0.579467897338234,0.632050095885738,0.721574491647304,0.775577395865132,0.864861799197382,0.908729865235601,0.964250133559089,0.988104134519215,1,0.982939848163674,0.967679887996474,0.932442688658853,0.90284624311671,0.863118799865516,0.831989554452958,0.805446063613919,0.775781192161588,0.744331842904686,0.704824718387627,0.671907610602537,0.631752539353798,0.601702418533345,0.561291144322809,0.536932805489506,0.494059962547164,0.45268181294863,0.391686673070894,0.350392122984516,0.297401557209807,0.249707916606483,0.188425400763644
0.464269055170856,0.548338605642515,0.600367204139026,0.686474901907941,0.738929489062201,0.825126529197507,0.868202024274152,0.920897114078946,0.943307076215743,0.982939848163674,1,0.991436660972131,0.953939336435642,0.92394031470824,0.884553095776334,0.852993305500605,0.825305105764354,0.794744051739729,0.762741800692564,0.721818713080643,0.686452638757787,0.643891469272758,0.611892731484147,0.569818314756112,0.546763989004068,0.504581043449947,0.460260223290836,0.396275861419282,0.354315701715651,0.300733692790631,0.25309870609624,0.191646080757927
0.452127775522222,0.533960253740583,0.584577533475989,0.668358140497696,0.719480684336044,0.804664252494026,0.848026270107968,0.900203610873268,0.922819518021274,0.967679887996474,0.991436660972131,1,0.984211203299215,0.962797102983395,0.924271927270815,0.892415085101138,0.863304535261919,0.831184093890735,0.797553069290659,0.755358724020341,0.720356738038744,0.677208367477359,0.643695263116209,0.599720401089045,0.576755308572398,0.533428788125033,0.487743176098675,0.42105931665215,0.377474231486915,0.321352339607599,0.270813636911267,0.20525893509948
0.435317391136557,0.513267809289272,0.561068765189697,0.641021030663702,0.689755065490513,0.772820883304913,0.815977293766173,0.867308884038677,0.890235278264087,0.932442688658853,0.953939336435642,0.984211203299215,1,0.991216310536599,0.954563068743609,0.923068025965245,0.892916636523092,0.859541416563294,0.824475651582372,0.781803988288006,0.7488187642806,0.70649886481895,0.672167598952076,0.626947651530165,0.60414000957527,0.559847174212172,0.514123770742042,0.44596156989481,0.401183530848695,0.342809141738479,0.289181230220316,0.219228432680538
0.42072561001643,0.492761491267572,0.535975186202291,0.614197725652006,0.662788702716133,0.744986006241,0.78914694246058,0.839166609426825,0.861705100490172,0.90284624311671,0.92394031470824,0.962797102983395,0.991216310536599,1,0.984008508297953,0.961524777134109,0.930210991173518,0.895672586808431,0.859527211956969,0.815940025530572,0.783354284885908,0.740978397206056,0.707337481901895,0.662132837891556,0.640630570408084,0.595992293035735,0.550625861175338,0.480776113549374,0.434516825791865,0.37313295123529,0.317200786243299,0.242798030610649
0.401161985191743,0.46498826524317,0.501901344255989,0.578444144266725,0.627476830190072,0.708343002447387,0.753600030735723,0.801315879054556,0.822749416196143,0.863118799865516,0.884553095776334,0.924271927270815,0.954563068743609,0.984008508297953,1,0.991937347061126,0.959800071515381,0.924602383262741,0.888054237619482,0.843889101841258,0.811255416029581,0.768914095575624,0.737299170574991,0.6934500274459,0.674231754849265,0.630211086423388,0.586064819080933,0.515340827090023,0.468045538321654,0.404006178043567,0.346934064421962,0.268978310504139
0.385352873101144,0.443973161900959,0.476998436505338,0.551296574642005,0.599612996642678,0.678898798673265,0.724421048009491,0.771176950955181,0.792688443860275,0.831989554452958,0.852993305500605,0.892415085101138,0.923068025965245,0.961524777134109,0.991937347061126,1,0.984661232809257,0.958758708191337,0.922527292957441,0.87849021324306,0.846701589186667,0.804720620697582,0.774279702557659,0.730566669163609,0.710726584008025,0.664719750806102,0.621798543672589,0.550188440653914,0.501282560574753,0.434042777991111,0.376519573144093,0.295791919779328
0.371539737485353,0.427384323702228,0.458526397117092,0.529867260462064,0.576319991785505,0.653521454501341,0.698401864161517,0.745131267679276,0.767593399884588,0.805446063613919,0.825305105764354,0.863304535261919,0.892916636523092,0.930210991173518,0.959800071515381,0.984661232809257,1,0.991320784028922,0.956153287462913,0.913024539361108,0.882927939895642,0.84175453223768,0.811875164428306,0.767488885532644,0.744749220670272,0.694907294963124,0.653360816575692,0.581224058244911,0.530529249960062,0.460088434048514,0.402967577315619,0.3206048210575
0.352656193347085,0.404890078903676,0.433832234886429,0.502211593179816,0.547295778214808,0.623572880541381,0.669546276290664,0.716012844636985,0.739262844052476,0.775781192161588,0.794744051739729,0.831184093890735,0.859541416563294,0.895672586808431,0.924602383262741,0.958758708191337,0.991320784028922,1,0.982039499150942,0.949948603722636,0.921212730308801,0.880909575917718,0.852994888802144,0.809127069290541,0.784268765450605,0.731052252480414,0.692097384031239,0.620105358603971,0.568978661292981,0.496131173577908,0.436646511890238,0.349110315212082
0.328749693560876,0.37654497578529,0.403004620312032,0.468591685470288,0.51299608305588,0.589868640463336,0.639043407608431,0.685053491505729,0.708924605725679,0.744331842904686,0.762741800692564,0.797553069290659,0.824475651582372,0.859527211956969,0.888054237619482,0.922527292957441,0.956153287462913,0.982039499150942,1,0.990649067497768,0.962807193886278,0.923362109184328,0.898984183382559,0.856956670556243,0.830898879562212,0.77482284825583,0.739780748716244,0.668598950822843,0.6185627726282,0.544165812637605,0.478991188460441,0.38204741886697
0.307128078258426,0.349375285116523,0.371905442352805,0.43378781607559,0.476485138850615,0.552103491247443,0.602549752701206,0.647441663350957,0.671485670162905,0.704824718387627,0.721818713080643,0.755358724020341,0.781803988288006,0.815940025530572,0.843889101841258,0.87849021324306,0.913024539361108,0.949948603722636,0.990649067497768,1,0.984223743145431,0.953545822621597,0.931336795647048,0.890479056102188,0.86468648052376,0.807524373155217,0.776714376853076,0.707211070538607,0.659053611874241,0.5842677213753,0.516122001147723,0.412711955503591
0.298599385632071,0.334541664241879,0.351209533024021,0.409599355357661,0.450041572488584,0.523404173403572,0.573246820980938,0.617195004525389,0.641348894344168,0.671907610602537,0.686452638757787,0.720356738038744,0.7488187642806,0.783354284885908,0.811255416029581,0.846701589186667,0.882927939895642,0.921212730308801,0.962807193886278,0.984223743145431,1,0.991296173863082,0.968184454354058,0.92608272251429,0.902373450097733,0.845521574771049,0.818629517482993,0.750256978389156,0.703938830862966,0.62854767584112,0.560146122244505,0.45226446212709
0.285414548535897,0.315746932583159,0.327504038677254,0.381545240950965,0.418971037076223,0.488641617462955,0.536596533165972,0.579562788422621,0.604075805572507,0.631752539353798,0.643891469272758,0.677208367477359,0.70649886481895,0.740978397206056,0.768914095575624,0.804720620697582,0.84175453223768,0.880909575917718,0.923362109184328,0.953545822621597,0.991296173863082,1,0.984041307718538,0.947631768089046,0.924531575102186,0.867338907292121,0.843123710043257,0.775750755491413,0.731748899389561,0.657105481064228,0.58884713284997,0.478144902156324
0.273459993453397,0.301184058625418,0.31078226807722,0.360457106436478,0.394341289918744,0.459625243994264,0.504431865757572,0.548793713301455,0.576009125502723,0.601702418533345,0.611892731484147,0.643695263116209,0.672167598952076,0.707337481901895,0.737299170574991,0.774279702557659,0.811875164428306,0.852994888802144,0.898984183382559,0.931336795647048,0.968184454354058,0.984041307718538,1,0.989115211175576,0.960816566669171,0.897692760334677,0.871352902467634,0.800574889569563,0.758017810303599,0.683732954600278,0.612618123486175,0.496740758893967
0.255536910630378,0.279846603375336,0.287047041342414,0.332158371070936,0.362706461353967,0.422986998717736,0.464463671036793,0.508896779188875,0.537717734397931,0.561291144322809,0.569818314756112,0.599720401089045,0.626947651530165,0.662132837891556,0.6934500274459,0.730566669163609,0.767488885532644,0.809127069290541,0.856956670556243,0.890479056102188,0.92608272251429,0.947631768089046,0.989115211175576,1,0.974431470138519,0.913079198451076,0.885011836436552,0.811974413005519,0.771303556018033,0.698374754885831,0.626426486950283,0.508137041706718
0.236785861020362,0.255734481961002,0.25971405463233,0.305493974983449,0.338432389354924,0.398573822856858,0.441681923034552,0.48472511175129,0.512917806871745,0.536932805489506,0.546763989004068,0.576755308572398,0.60414000957527,0.640630570408084,0.674231754849265,0.710726584008025,0.744749220670272,0.784268765450605,0.830898879562212,0.86468648052376,0.902373450097733,0.924531575102186,0.960816566669171,0.974431470138519,1,0.981353587001828,0.949297313826697,0.869248747120277,0.827084455579318,0.750445071834575,0.679104851772806,0.556890317483604
0.211046365036983,0.2246018734284,0.225633100885492,0.270106837248398,0.3037432974575,0.361318320745421,0.404078941035132,0.444169919269147,0.470670826153044,0.494059962547164,0.504581043449947,0.533428788125033,0.559847174212172,0.595992293035735,0.630211086423388,0.664719750806102,0.694907294963124,0.731052252480414,0.77482284825583,0.807524373155217,0.845521574771049,0.867338907292121,0.897692760334677,0.913079198451076,0.981353587001828,1,0.966528393506057,0.884297777216014,0.842614750105043,0.765837995856755,0.697858972553731,0.577084187992473
0.195011196044109,0.204598280887852,0.20269471744534,0.243547242998071,0.274898489772757,0.329647736587679,0.371336732108695,0.408386802819969,0.432930008636464,0.45268181294863,0.460260223290836,0.487743176098675,0.514123770742042,0.550625861175338,0.586064819080933,0.621798543672589,0.653360816575692,0.692097384031239,0.739780748716244,0.776714376853076,0.818629517482993,0.843123710043257,0.871352902467634,0.885011836436552,0.949297313826697,0.966528393506057,1,0.974492618098864,0.938927615927312,0.858255902784294,0.787756232104375,0.656391628028705
0.170300947000167,0.175891509465052,0.171525094901666,0.206971909441119,0.234606613547752,0.283884592714236,0.322352241085194,0.354712528330952,0.376198659791614,0.391686673070894,0.396275861419282,0.42105931665215,0.44596156989481,0.480776113549374,0.515340827090023,0.550188440653914,0.581224058244911,0.620105358603971,0.668598950822843,0.707211070538607,0.750256978389156,0.775750755491413,0.800574889569563,0.811974413005519,0.869248747120277,0.884297777216014,0.974492618098864,1,0.971735056812146,0.892075990889363,0.823233829859516,0.689802955536016
0.134154019435861,0.140308220746284,0.139172892581952,0.170523086325563,0.196337930032026,0.246530707995591,0.288853539754864,0.31770573218137,0.336713693833895,0.350392122984516,0.354315701715651,0.377474231486915,0.401183530848695,0.434516825791865,0.468045538321654,0.501282560574753,0.530529249960062,0.568978661292981,0.6185627726282,0.659053611874241,0.703938830862966,0.731748899389561,0.758017810303599,0.771303556018033,0.827084455579318,0.842614750105043,0.938927615927312,0.971735056812146,1,0.973442944410432,0.910030701108569,0.763745758263445
0.0941303726825854,0.10086621327217,0.103157313489798,0.129369493798182,0.152406217383189,0.201392327501939,0.245587295986623,0.269941978444546,0.285821079817602,0.297401557209807,0.300733692790631,0.321352339607599,0.342809141738479,0.37313295123529,0.404006178043567,0.434042777991111,0.460088434048514,0.496131173577908,0.544165812637605,0.5842677213753,0.62854767584112,0.657105481064228,0.683732954600278,0.698374754885831,0.750445071834575,0.765837995856755,0.858255902784294,0.892075990889363,0.973442944410432,1,0.944997721279686,0.793848250082481
0.0757238266774644,0.0755486479397795,0.0720468579076474,0.0931778181563515,0.113450281929315,0.164400632573536,0.213688838740527,0.230692055736866,0.239984170109641,0.249707916606483,0.25309870609624,0.270813636911267,0.289181230220316,0.317200786243299,0.346934064421962,0.376519573144093,0.402967577315619,0.436646511890238,0.478991188460441,0.516122001147723,0.560146122244505,0.58884713284997,0.612618123486175,0.626426486950283,0.679104851772806,0.697858972553731,0.787756232104375,0.823233829859516,0.910030701108569,0.944997721279686,1,0.948634251160804
0.0576357139836289,0.0506685653595827,0.041273681908,0.0563227076265575,0.0724196578771345,0.120478905443718,0.169519576341336,0.178529210876486,0.181081337987148,0.188425400763644,0.191646080757927,0.20525893509948,0.219228432680538,0.242798030610649,0.268978310504139,0.295791919779328,0.3206048210575,0.349110315212082,0.38204741886697,0.412711955503591,0.45226446212709,0.478144902156324,0.496740758893967,0.508137041706718,0.556890317483604,0.577084187992473,0.656391628028705,0.689802955536016,0.763745758263445,0.793848250082481,0.948634251160804,1
