1,0.787435171161439,0.707013223583017,0.660444142666907,0.625639708726202,0.606732421306559,0.575655969257315,0.553367024767819,0.545955220657557,0.524000293152513,0.520930144221024,0.50623419984242,0.502530750485024,0.486248327043121,0.473184225389183,0.453535603457276,0.441964688276685,0.429267277998756,0.415155423473055,0.409251063807796,0.404856774368303,0.40494773310294,0.401834728542013,0.392950570786753,0.369741976069454,0.364525316572101,0.354071782222396,0.336772440264686,0.319964091254398,0.25209026006205,0.18861477626803,0.141281835540359
0.787435171161439,1,0.935328224479353,0.864851762918027,0.817000425689209,0.777305873127488,0.741523336289582,0.723861205280509,0.712017907656901,0.692916933911029,0.682127517084821,0.664782531368067,0.658963827232581,0.642521580240845,0.623637079707918,0.607543021155031,0.601555370198378,0.591543377933522,0.582652469985475,0.584345407973901,0.582694741815728,0.576210276424217,0.567019852320483,0.553777339778805,0.534033445542042,0.530325251738584,0.506878874122622,0.48614358364716,0.463103747870917,0.370559300429611,0.274147454334751,0.279914586761827
0.707013223583017,0.935328224479353,1,0.96221639067112,0.90700852423016,0.862960255940987,0.830660216741227,0.811227719539795,0.794748834758105,0.773396252646173,0.761535842339028,0.741682042638282,0.732510827722694,0.716985246890316,0.697377661142858,0.679460860470908,0.672148886144468,0.658583553444251,0.645314591195667,0.640066535912416,0.638209240371946,0.631683727124494,0.624021864066358,0.609794948704267,0.59458343017509,0.591152331561719,0.564150787127347,0.543193022093798,0.514237783251226,0.414062670556023,0.302536350091063,0.293835553116996
0.660444142666907,0.864851762918027,0.96221639067112,1,0.969331959917441,0.926391429990809,0.893787383447878,0.868663215786299,0.849026407792238,0.826529243637185,0.812443594018162,0.789829546106272,0.775423857436265,0.760674583086512,0.742882875814329,0.724725078969053,0.714903630565372,0.70095041167652,0.687160054577619,0.677331690489667,0.672971523856729,0.667081134856019,0.656701625526543,0.639416256530081,0.624638037429917,0.615902376614016,0.588035574846144,0.564489703934899,0.533066256795048,0.423460382629622,0.302017505116788,0.298284642773479
0.625639708726202,0.817000425689209,0.90700852423016,0.969331959917441,1,0.977180588034029,0.940507463107451,0.91149735677425,0.891202637436933,0.869751500705224,0.850574901639977,0.827839488155103,0.813219227304276,0.797408386672131,0.781901495829593,0.765488007766727,0.755248055990536,0.740028418108825,0.725342167076936,0.714866798467588,0.708964293695354,0.703044577364598,0.690137464141153,0.668293541365749,0.651153042550683,0.639419811930105,0.611995537298369,0.587177973231795,0.552822643625575,0.433901823185122,0.303050852809761,0.305216521218668
0.606732421306559,0.777305873127488,0.862960255940987,0.926391429990809,0.977180588034029,1,0.977276444500143,0.947960076675384,0.92796352348009,0.906807829001834,0.883181573435248,0.861166596805348,0.845132800408214,0.829769948019453,0.815194009898119,0.795571592385371,0.782807596813035,0.764970131634001,0.749215205034968,0.735394706014343,0.726951672496603,0.721863162508795,0.709262846802054,0.686118200410631,0.666405981445719,0.653895593099236,0.627731393623492,0.60110089342981,0.565090943112992,0.439731829033731,0.302812599392605,0.310438580463354
0.575655969257315,0.741523336289582,0.830660216741227,0.893787383447878,0.940507463107451,0.977276444500143,1,0.980043379832982,0.955392613174508,0.930040817211362,0.903337923588595,0.881272787428806,0.862941032972035,0.84762218128591,0.831826813592584,0.810877639076899,0.795471324794697,0.777340782679133,0.762697491512865,0.746695925410662,0.735421269974148,0.730102639056687,0.715252041934173,0.692741520767539,0.672026098456952,0.65865039187854,0.631590513961366,0.604135158059941,0.567379369943309,0.437693209241523,0.294551488460341,0.303789345480754
0.553367024767819,0.723861205280509,0.811227719539795,0.868663215786299,0.91149735677425,0.947960076675384,0.980043379832982,1,0.976970846282418,0.949701811338042,0.92305499927808,0.901860045792382,0.881271052032064,0.863778222530246,0.845590702903618,0.823131675908673,0.808313266412988,0.792019218419648,0.778238626225094,0.76183624557903,0.74859820777363,0.743166357835019,0.726456676496578,0.70468916333306,0.685126158334715,0.672575559512615,0.64256921700307,0.614828229477516,0.574534963428502,0.440003338716832,0.288629976586494,0.297434177379344
0.545955220657557,0.712017907656901,0.794748834758105,0.849026407792238,0.891202637436933,0.92796352348009,0.955392613174508,0.976970846282418,1,0.975040165941747,0.949259122749741,0.929493808923834,0.905424041666047,0.886412051699012,0.866943368119537,0.843375061997634,0.829124067780792,0.813615150968593,0.798116444891925,0.780687621141386,0.767754002029638,0.760739047444903,0.742368323131431,0.723310224932255,0.704026289700391,0.690929784692734,0.663109937666742,0.635006397334501,0.596611107020635,0.455407785896841,0.297700974951478,0.312174603184694
0.524000293152513,0.692916933911029,0.773396252646173,0.826529243637185,0.869751500705224,0.906807829001834,0.930040817211362,0.949701811338042,0.975040165941747,1,0.976865553240059,0.958208153474207,0.931943231430357,0.910839876951902,0.889994862309318,0.86562948589716,0.852463436112253,0.837263653466795,0.821294772881034,0.802458018972554,0.788222693636507,0.780630442534967,0.759974127034142,0.743285478076219,0.725370007042392,0.709360579285377,0.679188851294151,0.650404329105748,0.613044699612675,0.462314041917506,0.303361524233637,0.313039440117921
0.520930144221024,0.682127517084821,0.761535842339028,0.812443594018162,0.850574901639977,0.883181573435248,0.903337923588595,0.92305499927808,0.949259122749741,0.976865553240059,1,0.98499529107857,0.959874573803735,0.940014502481145,0.918385617735336,0.893531198936199,0.877825095870595,0.860557563014298,0.843596479366855,0.824887818961562,0.808365486362679,0.799854597914577,0.779876228450208,0.761915029091078,0.741478505167477,0.725889002724296,0.693574347701281,0.664184449463489,0.624791911705764,0.476876592242069,0.327409398279482,0.335006138268079
0.50623419984242,0.664782531368067,0.741682042638282,0.789829546106272,0.827839488155103,0.861166596805348,0.881272787428806,0.901860045792382,0.929493808923834,0.958208153474207,0.98499529107857,1,0.983351346470342,0.964709424873856,0.941361991276809,0.915801228909145,0.898850521102874,0.88364417241872,0.869289918648259,0.849573418777634,0.834581801201264,0.825751105229201,0.805076924779036,0.788562423682864,0.765640857603609,0.750343658893629,0.71706657982319,0.68611365572319,0.641921793862532,0.483380621441543,0.335228822664702,0.355566255840909
0.502530750485024,0.658963827232581,0.732510827722694,0.775423857436265,0.813219227304276,0.845132800408214,0.862941032972035,0.881271052032064,0.905424041666047,0.931943231430357,0.959874573803735,0.983351346470342,1,0.987451144046932,0.963774123853735,0.938502105113738,0.919709109762505,0.903622794067442,0.889153587301705,0.869189073049775,0.855731155041417,0.849168687293535,0.829263371684362,0.813291253095405,0.788667855274462,0.772152807353217,0.737922067528223,0.7056488577661,0.660554850026606,0.501629255373158,0.349025355568905,0.371192572809801
0.486248327043121,0.642521580240845,0.716985246890316,0.760674583086512,0.797408386672131,0.829769948019453,0.84762218128591,0.863778222530246,0.886412051699012,0.910839876951902,0.940014502481145,0.964709424873856,0.987451144046932,1,0.985697201161892,0.961332021514113,0.94276757339017,0.926210257815053,0.911921201545548,0.891485379636368,0.878448078476672,0.87151295137649,0.852773997161555,0.836604260412672,0.812146388176801,0.795734353569769,0.763052556977683,0.73250074031508,0.689172303060208,0.530155243262811,0.370165552223085,0.392493514342998
0.473184225389183,0.623637079707918,0.697377661142858,0.742882875814329,0.781901495829593,0.815194009898119,0.831826813592584,0.845590702903618,0.866943368119537,0.889994862309318,0.918385617735336,0.941361991276809,0.963774123853735,0.985697201161892,1,0.988025451469276,0.970137546356582,0.953082087022789,0.937148318501202,0.91689137214875,0.902565045624204,0.892724613905168,0.872944194837041,0.855546775572383,0.829249313708354,0.810318708342728,0.779203359067488,0.748553659056649,0.703926160787703,0.539584589121068,0.377364781246812,0.404366602820041
0.453535603457276,0.607543021155031,0.679460860470908,0.724725078969053,0.765488007766727,0.795571592385371,0.810877639076899,0.823131675908673,0.843375061997634,0.86562948589716,0.893531198936199,0.915801228909145,0.938502105113738,0.961332021514113,0.988025451469276,1,0.990685082122293,0.973900388551434,0.957475020867327,0.93710917851277,0.92157551120011,0.909170936485431,0.886016333716283,0.867928000741854,0.840643198569623,0.818145585693882,0.788500574280458,0.759172650533997,0.71495737426091,0.546933550647347,0.382581664632512,0.412145392958618
0.441964688276685,0.601555370198378,0.672148886144468,0.714903630565372,0.755248055990536,0.782807596813035,0.795471324794697,0.808313266412988,0.829124067780792,0.852463436112253,0.877825095870595,0.898850521102874,0.919709109762505,0.94276757339017,0.970137546356582,0.990685082122293,1,0.991211676278751,0.974934789647199,0.954790371990179,0.938305277527821,0.925027310217301,0.901260613679773,0.884021571943593,0.858973965486701,0.834064247249043,0.804657642991644,0.775812159381148,0.730399376923185,0.560673200818951,0.399167918459758,0.425519212858685
0.429267277998756,0.591543377933522,0.658583553444251,0.70095041167652,0.740028418108825,0.764970131634001,0.777340782679133,0.792019218419648,0.813615150968593,0.837263653466795,0.860557563014298,0.88364417241872,0.903622794067442,0.926210257815053,0.953082087022789,0.973900388551434,0.991211676278751,1,0.989918100834552,0.969767639722437,0.952482980279645,0.938905333111211,0.914401822772212,0.898247657145047,0.874079861068649,0.847309721863494,0.816598882602888,0.786745997942262,0.739029916052503,0.568142696268058,0.405535185162691,0.435275715820569
0.415155423473055,0.582652469985475,0.645314591195667,0.687160054577619,0.725342167076936,0.749215205034968,0.762697491512865,0.778238626225094,0.798116444891925,0.821294772881034,0.843596479366855,0.869289918648259,0.889153587301705,0.911921201545548,0.937148318501202,0.957475020867327,0.974934789647199,0.989918100834552,1,0.987792496893583,0.97036565461385,0.955775567927693,0.930008718023732,0.912500175710846,0.88736696980884,0.859223944196009,0.825149271991265,0.794827334454735,0.746030329639337,0.572740051493661,0.409253488546481,0.434444569440099
0.409251063807796,0.584345407973901,0.640066535912416,0.677331690489667,0.714866798467588,0.735394706014343,0.746695925410662,0.76183624557903,0.780687621141386,0.802458018972554,0.824887818961562,0.849573418777634,0.869189073049775,0.891485379636368,0.91689137214875,0.93710917851277,0.954790371990179,0.969767639722437,0.987792496893583,1,0.987599791094055,0.972254351316729,0.945182851301997,0.926156829837125,0.89949722817419,0.870515253847031,0.83632795421892,0.805509939333026,0.755330187090439,0.582858849462892,0.415130156504583,0.442277012370823
0.404856774368303,0.582694741815728,0.638209240371946,0.672971523856729,0.708964293695354,0.726951672496603,0.735421269974148,0.74859820777363,0.767754002029638,0.788222693636507,0.808365486362679,0.834581801201264,0.855731155041417,0.878448078476672,0.902565045624204,0.92157551120011,0.938305277527821,0.952482980279645,0.97036565461385,0.987599791094055,1,0.98821761974397,0.959756072355565,0.941721548176228,0.91463684676013,0.887756422801734,0.854859541691137,0.823609493715191,0.773311917587547,0.594737186189439,0.415954533724661,0.464117229742822
0.40494773310294,0.576210276424217,0.631683727124494,0.667081134856019,0.703044577364598,0.721863162508795,0.730102639056687,0.743166357835019,0.760739047444903,0.780630442534967,0.799854597914577,0.825751105229201,0.849168687293535,0.87151295137649,0.892724613905168,0.909170936485431,0.925027310217301,0.938905333111211,0.955775567927693,0.972254351316729,0.98821761974397,1,0.977046728514409,0.959626620045649,0.930760890948694,0.90335781467069,0.871099175629701,0.842423801284292,0.792484946300584,0.604549823835486,0.411522414693944,0.461767911568164
0.401834728542013,0.567019852320483,0.624021864066358,0.656701625526543,0.690137464141153,0.709262846802054,0.715252041934173,0.726456676496578,0.742368323131431,0.759974127034142,0.779876228450208,0.805076924779036,0.829263371684362,0.852773997161555,0.872944194837041,0.886016333716283,0.901260613679773,0.914401822772212,0.930008718023732,0.945182851301997,0.959756072355565,0.977046728514409,1,0.982748278996965,0.957873289102093,0.933058109576576,0.8989138337594,0.868072069396928,0.819315558276697,0.649194501647483,0.439159049218826,0.474310128176182
0.392950570786753,0.553777339778805,0.609794948704267,0.639416256530081,0.668293541365749,0.686118200410631,0.692741520767539,0.70468916333306,0.723310224932255,0.743285478076219,0.761915029091078,0.788562423682864,0.813291253095405,0.836604260412672,0.855546775572383,0.867928000741854,0.884021571943593,0.898247657145047,0.912500175710846,0.926156829837125,0.941721548176228,0.959626620045649,0.982748278996965,1,0.979157212592002,0.955592047767968,0.924647564040792,0.892925579289233,0.842189246154871,0.670905720767548,0.45648129083199,0.486081736600579
0.369741976069454,0.534033445542042,0.59458343017509,0.624638037429917,0.651153042550683,0.666405981445719,0.672026098456952,0.685126158334715,0.704026289700391,0.725370007042392,0.741478505167477,0.765640857603609,0.788667855274462,0.812146388176801,0.829249313708354,0.840643198569623,0.858973965486701,0.874079861068649,0.88736696980884,0.89949722817419,0.91463684676013,0.930760890948694,0.957873289102093,0.979157212592002,1,0.977582761386948,0.944305297031584,0.911677812543565,0.86326862512057,0.695594205998458,0.464918194134443,0.471171664717665
0.364525316572101,0.530325251738584,0.591152331561719,0.615902376614016,0.639419811930105,0.653895593099236,0.65865039187854,0.672575559512615,0.690929784692734,0.709360579285377,0.725889002724296,0.750343658893629,0.772152807353217,0.795734353569769,0.810318708342728,0.818145585693882,0.834064247249043,0.847309721863494,0.859223944196009,0.870515253847031,0.887756422801734,0.90335781467069,0.933058109576576,0.955592047767968,0.977582761386948,1,0.978309232115735,0.944212534874232,0.888825260493451,0.716520289930369,0.476138314857149,0.499008605876471
0.354071782222396,0.506878874122622,0.564150787127347,0.588035574846144,0.611995537298369,0.627731393623492,0.631590513961366,0.64256921700307,0.663109937666742,0.679188851294151,0.693574347701281,0.71706657982319,0.737922067528223,0.763052556977683,0.779203359067488,0.788500574280458,0.804657642991644,0.816598882602888,0.825149271991265,0.83632795421892,0.854859541691137,0.871099175629701,0.8989138337594,0.924647564040792,0.944305297031584,0.978309232115735,1,0.974488223515461,0.910352772926312,0.743137751726735,0.509734008920088,0.539649253048544
0.336772440264686,0.48614358364716,0.543193022093798,0.564489703934899,0.587177973231795,0.60110089342981,0.604135158059941,0.614828229477516,0.635006397334501,0.650404329105748,0.664184449463489,0.68611365572319,0.7056488577661,0.73250074031508,0.748553659056649,0.759172650533997,0.775812159381148,0.786745997942262,0.794827334454735,0.805509939333026,0.823609493715191,0.842423801284292,0.868072069396928,0.892925579289233,0.911677812543565,0.944212534874232,0.974488223515461,1,0.959928436416499,0.776875295858823,0.545581483583953,0.54263540569724
0.319964091254398,0.463103747870917,0.514237783251226,0.533066256795048,0.552822643625575,0.565090943112992,0.567379369943309,0.574534963428502,0.596611107020635,0.613044699612675,0.624791911705764,0.641921793862532,0.660554850026606,0.689172303060208,0.703926160787703,0.71495737426091,0.730399376923185,0.739029916052503,0.746030329639337,0.755330187090439,0.773311917587547,0.792484946300584,0.819315558276697,0.842189246154871,0.86326862512057,0.888825260493451,0.910352772926312,0.959928436416499,1,0.843759474460707,0.569727025610033,0.529576203042938
0.25209026006205,0.370559300429611,0.414062670556023,0.423460382629622,0.433901823185122,0.439731829033731,0.437693209241523,0.440003338716832,0.455407785896841,0.462314041917506,0.476876592242069,0.483380621441543,0.501629255373158,0.530155243262811,0.539584589121068,0.546933550647347,0.560673200818951,0.568142696268058,0.572740051493661,0.582858849462892,0.594737186189439,0.604549823835486,0.649194501647483,0.670905720767548,0.695594205998458,0.716520289930369,0.743137751726735,0.776875295858823,0.843759474460707,1,0.766819735141123,0.537073235627108
0.18861477626803,0.274147454334751,0.302536350091063,0.302017505116788,0.303050852809761,0.302812599392605,0.294551488460341,0.288629976586494,0.297700974951478,0.303361524233637,0.327409398279482,0.335228822664702,0.349025355568905,0.370165552223085,0.377364781246812,0.382581664632512,0.399167918459758,0.405535185162691,0.409253488546481,0.415130156504583,0.415954533724661,0.411522414693944,0.439159049218826,0.45648129083199,0.464918194134443,0.476138314857149,0.509734008920088,0.545581483583953,0.569727025610033,0.766819735141123,1,0.643748127533347
0.141281835540359,0.279914586761827,0.293835553116996,0.298284642773479,0.305216521218668,0.310438580463354,0.303789345480754,0.297434177379344,0.312174603184694,0.313039440117921,0.335006138268079,0.355566255840909,0.371192572809801,0.392493514342998,0.404366602820041,0.412145392958618,0.425519212858685,0.435275715820569,0.434444569440099,0.442277012370823,0.464117229742822,0.461767911568164,0.474310128176182,0.486081736600579,0.471171664717665,0.499008605876471,0.539649253048544,0.54263540569724,0.529576203042938,0.537073235627108,0.643748127533347,1
