1,0.887797766618476,0.760001170957118,0.681259767200311,0.674790802021299,0.642457242508949,0.610621603524701,0.593171317805081,0.578129881808264,0.563360574057915,0.541244682055577,0.527184463438813,0.514236901828782,0.496730695118312,0.48935406201491,0.475690284728623,0.460554042315094,0.433525581662611,0.39554324203531,0.390969718754421,0.355777182975534,0.284977048349446,0.268056915628673,0.266477088640926,0.26723102713935,0.266908068059599,0.265232835082819,0.232801300251359,0.204287616342303,0.200959603644492,0.0942804314692955,-0.00773212026505804
0.887797766618476,1,0.96222653026609,0.854378193864683,0.837635400494085,0.79250951510751,0.758863362591859,0.737440635931811,0.715706258581563,0.700428352210398,0.675669219760244,0.659746480629379,0.64538638469759,0.625421183899094,0.615964003257866,0.59906063641304,0.581256153670554,0.549444031347031,0.503847588162087,0.49535903796883,0.448741740590933,0.35850190588842,0.337339106561614,0.335861324576586,0.339596013497907,0.34101296372511,0.339159308757965,0.30125573381528,0.26763593058374,0.271985397101299,0.159835515171082,0.0350899065477373
0.760001170957118,0.96222653026609,1,0.944696280001243,0.921815163043929,0.869606238906085,0.838206028155803,0.815370849391814,0.789302660749169,0.773797884299535,0.74800970001133,0.73220126328462,0.717918862975334,0.697306275848799,0.686799665800376,0.66813074702795,0.648744424314624,0.614812833523272,0.565695624877343,0.554413417743241,0.499498682017464,0.39580122738231,0.371974889207921,0.370826110771438,0.375993044547179,0.378425898654801,0.376984996587542,0.334495735185034,0.29668115037786,0.300427852368499,0.203917304324771,0.0806235528054905
0.681259767200311,0.854378193864683,0.944696280001243,1,0.974312584928845,0.918275560684952,0.890521701227811,0.867469120210815,0.838405393017133,0.822116595339628,0.795461854356801,0.780587085415127,0.766873926513417,0.746160505005523,0.73509571551703,0.715211166666296,0.694391861232552,0.659145015047594,0.60794960268267,0.594692566428301,0.532584141615179,0.417208529815622,0.391230772252174,0.390488077585375,0.395801318888033,0.398591748632808,0.397922460001523,0.350082538329555,0.307516185517721,0.303879925851805,0.233242341685885,0.125196788243193
0.674790802021299,0.837635400494085,0.921815163043929,0.974312584928845,1,0.982827046639252,0.951801510104156,0.92619428694575,0.894397275629609,0.877894810492607,0.849793407881469,0.832992988054265,0.816854260123689,0.792921680790935,0.779587154777357,0.757261232203497,0.734725111269777,0.697468013149329,0.643555943289848,0.627625043807416,0.562102903838373,0.442444412364499,0.415320942851324,0.41438310407564,0.42004931461055,0.423427897257327,0.423819557054602,0.374063964304888,0.329412061152259,0.326777883158996,0.268160060520776,0.160436426901385
0.642457242508949,0.79250951510751,0.869606238906085,0.918275560684952,0.982827046639252,1,0.979526470810082,0.956814544850263,0.923147294667306,0.907201498773355,0.878671127128638,0.860364100561286,0.842588638343993,0.816675892526985,0.801584458322532,0.777761828173602,0.754801238421278,0.716708911604221,0.661468215052717,0.643427165128018,0.575925925838167,0.454520189185374,0.427111867694191,0.426358260745625,0.432152947539535,0.435765338763877,0.436603710672913,0.385673325270034,0.339846918016667,0.338609129793512,0.29130729135528,0.1860546205153
0.610621603524701,0.758863362591859,0.838206028155803,0.890521701227811,0.951801510104156,0.979526470810082,1,0.99125813809572,0.955520575512498,0.940446981764041,0.911682257275051,0.891916426441972,0.873606713554395,0.847360894620657,0.831140638629093,0.806657141552758,0.784672264162783,0.745619071934315,0.688078526155514,0.668502827519221,0.597111380978139,0.469746500354944,0.441834291656578,0.442134241187644,0.447954001677037,0.451124043493866,0.450731110495985,0.396167604969345,0.347643526053222,0.347897531087289,0.302324162155046,0.195176800294624
0.593171317805081,0.737440635931811,0.815370849391814,0.867469120210815,0.92619428694575,0.956814544850263,0.99125813809572,1,0.983795051388805,0.969252887872423,0.940594685191934,0.921474187911537,0.903310079074848,0.876647028878749,0.859854974132579,0.834690827739221,0.81246738332476,0.775800655420333,0.720743568486488,0.69990773422808,0.630559208041292,0.506623347708916,0.479025455673012,0.479123858692049,0.485077350695806,0.487872951006092,0.486289936235876,0.432374602375469,0.384123594666499,0.382736762359787,0.327708055024068,0.207929033264057
0.578129881808264,0.715706258581563,0.789302660749169,0.838405393017133,0.894397275629609,0.923147294667306,0.955520575512498,0.983795051388805,1,0.985937655750794,0.95787138878226,0.940819414836494,0.923379954449476,0.896514354349997,0.879640689090382,0.854031996871743,0.831080896368815,0.799133445697615,0.749915519410298,0.728181713025416,0.66504407204937,0.551274871736649,0.524746038264797,0.523907573815458,0.529999565312346,0.532430755141926,0.529691883510224,0.479466994234555,0.433707294723204,0.428855204495137,0.358340010913342,0.220789784844372
0.563360574057915,0.700428352210398,0.773797884299535,0.822116595339628,0.877894810492607,0.907201498773355,0.940446981764041,0.969252887872423,0.985937655750794,1,0.991744903239238,0.973587084072635,0.956233303455424,0.929791988964928,0.914418169944937,0.890139742696795,0.868889342857344,0.838477681376359,0.789627263038892,0.76838218189839,0.706284879284864,0.592028645948178,0.565348505285603,0.564774235936861,0.571850705445635,0.574879089458757,0.572177356075568,0.520324995493061,0.472676003862558,0.466012057303093,0.392487697091133,0.245134747500233
0.541244682055577,0.675669219760244,0.74800970001133,0.795461854356801,0.849793407881469,0.878671127128638,0.911682257275051,0.940594685191934,0.95787138878226,0.991744903239238,1,0.988483469015422,0.974033673329267,0.948299283686012,0.934549812659805,0.911638229817947,0.891620945064518,0.863263213354455,0.815970696411349,0.795400368182797,0.735093529771918,0.621971650018269,0.595379286857384,0.594861585609519,0.602159694386716,0.605290310564363,0.602547764045875,0.549984942444655,0.50133797506,0.492409082517553,0.415532140211644,0.260952409806306
0.527184463438813,0.659746480629379,0.73220126328462,0.780587085415127,0.832992988054265,0.860364100561286,0.891916426441972,0.921474187911537,0.940819414836494,0.973587084072635,0.988483469015422,1,0.993926706370235,0.968399374607424,0.955750135724785,0.933143281576286,0.912266780676083,0.885781715539823,0.840752792142449,0.820334406244866,0.760954924642595,0.648164843451969,0.621147127104715,0.620159708243479,0.626182166756281,0.628376811533085,0.625287751876281,0.572194187846579,0.522849936356532,0.510542895698121,0.426659829829226,0.265368966687629
0.514236901828782,0.64538638469759,0.717918862975334,0.766873926513417,0.816854260123689,0.842588638343993,0.873606713554395,0.903310079074848,0.923379954449476,0.956233303455424,0.974033673329267,0.993926706370235,1,0.98879704434631,0.977208811699507,0.955290307283375,0.934868291558348,0.908701103223132,0.863374686847877,0.843489444541247,0.7837368533999,0.668768006920387,0.641148132286304,0.640091206487032,0.645475319217591,0.647118000050695,0.643639082695459,0.589497648226974,0.539210048655159,0.528787764382017,0.443164904034154,0.275894545247817
0.496730695118312,0.625421183899094,0.697306275848799,0.746160505005523,0.792921680790935,0.816675892526985,0.847360894620657,0.876647028878749,0.896514354349997,0.929791988964928,0.948299283686012,0.968399374607424,0.98879704434631,1,0.989577661413842,0.968781339082925,0.949743066972223,0.923294935156652,0.876695633501135,0.857754233631607,0.797487900057977,0.680046161029908,0.651987604127128,0.651091307959885,0.656127934524753,0.657407327032137,0.653543450199875,0.598582240955432,0.547692752359648,0.542184022264552,0.458536959123487,0.287241097970843
0.48935406201491,0.615964003257866,0.686799665800376,0.73509571551703,0.779587154777357,0.801584458322532,0.831140638629093,0.859854974132579,0.879640689090382,0.914418169944937,0.934549812659805,0.955750135724785,0.977208811699507,0.989577661413842,1,0.993743155676939,0.975995670938258,0.952611449422296,0.908739837275049,0.890435992927556,0.833681374417454,0.720058874205415,0.692187557437953,0.690824813364296,0.69471674891605,0.695821206707737,0.693509964942228,0.63966201144237,0.588696538667095,0.582231227778123,0.493215160835075,0.309888314552793
0.475690284728623,0.59906063641304,0.66813074702795,0.715211166666296,0.757261232203497,0.777761828173602,0.806657141552758,0.834690827739221,0.854031996871743,0.890139742696795,0.911638229817947,0.933143281576286,0.955290307283375,0.968781339082925,0.993743155676939,1,0.989961415680829,0.971374659630409,0.929968160199572,0.913428175269851,0.859651811018219,0.748168525321441,0.720461831122139,0.718962697994045,0.721852607046843,0.722595158114564,0.721055482870046,0.668426830216755,0.617872634332646,0.613260460414268,0.522800327627512,0.330587286785798
0.460554042315094,0.581256153670554,0.648744424314624,0.694391861232552,0.734725111269777,0.754801238421278,0.784672264162783,0.81246738332476,0.831080896368815,0.868889342857344,0.891620945064518,0.912266780676083,0.934868291558348,0.949743066972223,0.975995670938258,0.989961415680829,1,0.989017950242125,0.948454250249894,0.935497813265914,0.882221276683282,0.766824682298277,0.738608692101348,0.737622786572449,0.739929325315004,0.739966828975821,0.737519192331215,0.685074337864302,0.634773389552051,0.637547686553333,0.551746100567974,0.353355126980556
0.433525581662611,0.549444031347031,0.614812833523272,0.659145015047594,0.697468013149329,0.716708911604221,0.745619071934315,0.775800655420333,0.799133445697615,0.838477681376359,0.863263213354455,0.885781715539823,0.908701103223132,0.923294935156652,0.952611449422296,0.971374659630409,0.989017950242125,1,0.984146729734891,0.972633674784511,0.931515091984886,0.833390402142414,0.807844621248509,0.806350404163345,0.807850621297041,0.80682979024227,0.802977610430062,0.754968429234579,0.707452477236178,0.704224654117974,0.597843178657642,0.375060550597856
0.39554324203531,0.503847588162087,0.565695624877343,0.60794960268267,0.643555943289848,0.661468215052717,0.688078526155514,0.720743568486488,0.749915519410298,0.789627263038892,0.815970696411349,0.840752792142449,0.863374686847877,0.876695633501135,0.908739837275049,0.929968160199572,0.948454250249894,0.984146729734891,1,0.989135484790944,0.96435455511564,0.892235081439505,0.870902536703763,0.868574316153192,0.869256815810851,0.867201451007581,0.862017466445015,0.820691046086752,0.777701022567671,0.763731244081147,0.631337068328214,0.384846652057173
0.390969718754421,0.49535903796883,0.554413417743241,0.594692566428301,0.627625043807416,0.643427165128018,0.668502827519221,0.69990773422808,0.728181713025416,0.76838218189839,0.795400368182797,0.820334406244866,0.843489444541247,0.857754233631607,0.890435992927556,0.913428175269851,0.935497813265914,0.972633674784511,0.989135484790944,1,0.98510067943089,0.905977020175415,0.88389417372398,0.882562343004185,0.884211860446326,0.882533324628311,0.876758560701651,0.832914452098962,0.788053460494057,0.783190853301216,0.646863786958882,0.390287960161692
0.355777182975534,0.448741740590933,0.499498682017464,0.532584141615179,0.562102903838373,0.575925925838167,0.597111380978139,0.630559208041292,0.66504407204937,0.706284879284864,0.735093529771918,0.760954924642595,0.7837368533999,0.797487900057977,0.833681374417454,0.859651811018219,0.882221276683282,0.931515091984886,0.96435455511564,0.98510067943089,1,0.960971301578617,0.945558512823337,0.94288306522633,0.94256627100045,0.93864551424176,0.930175135694875,0.898280054179587,0.862377778090771,0.842692671646193,0.670350233272817,0.386429165667185
0.284977048349446,0.35850190588842,0.39580122738231,0.417208529815622,0.442444412364499,0.454520189185374,0.469746500354944,0.506623347708916,0.551274871736649,0.592028645948178,0.621971650018269,0.648164843451969,0.668768006920387,0.680046161029908,0.720058874205415,0.748168525321441,0.766824682298277,0.833390402142414,0.892235081439505,0.905977020175415,0.960971301578617,1,0.997511090269131,0.99157931269459,0.986866240800523,0.978856000290612,0.966739459368455,0.959427482489055,0.942449051257805,0.888427037391027,0.665676317184857,0.357551193810657
0.268056915628673,0.337339106561614,0.371974889207921,0.391230772252174,0.415320942851324,0.427111867694191,0.441834291656578,0.479025455673012,0.524746038264797,0.565348505285603,0.595379286857384,0.621147127104715,0.641148132286304,0.651987604127128,0.692187557437953,0.720461831122139,0.738608692101348,0.807844621248509,0.870902536703763,0.88389417372398,0.945558512823337,0.997511090269131,1,0.997340802384846,0.992504606325265,0.98440665577004,0.972270196010985,0.967824502345633,0.952948094121763,0.895585907619872,0.66577664892256,0.353535493326286
0.266477088640926,0.335861324576586,0.370826110771438,0.390488077585375,0.41438310407564,0.426358260745625,0.442134241187644,0.479123858692049,0.523907573815458,0.564774235936861,0.594861585609519,0.620159708243479,0.640091206487032,0.651091307959885,0.690824813364296,0.718962697994045,0.737622786572449,0.806350404163345,0.868574316153192,0.882562343004185,0.94288306522633,0.99157931269459,0.997340802384846,1,0.996214427271853,0.989082230083239,0.977812387785826,0.970516757279343,0.953210682946044,0.900209973658386,0.672626896629917,0.358801547306025
0.26723102713935,0.339596013497907,0.375993044547179,0.395801318888033,0.42004931461055,0.432152947539535,0.447954001677037,0.485077350695806,0.529999565312346,0.571850705445635,0.602159694386716,0.626182166756281,0.645475319217591,0.656127934524753,0.69471674891605,0.721852607046843,0.739929325315004,0.807850621297041,0.869256815810851,0.884211860446326,0.94256627100045,0.986866240800523,0.992504606325265,0.996214427271853,1,0.997651785653215,0.986591960363901,0.975535983211528,0.955210926250473,0.906862761974234,0.677987223686503,0.360168849745345
0.266908068059599,0.34101296372511,0.378425898654801,0.398591748632808,0.423427897257327,0.435765338763877,0.451124043493866,0.487872951006092,0.532430755141926,0.574879089458757,0.605290310564363,0.628376811533085,0.647118000050695,0.657407327032137,0.695821206707737,0.722595158114564,0.739966828975821,0.80682979024227,0.867201451007581,0.882533324628311,0.93864551424176,0.978856000290612,0.98440665577004,0.989082230083239,0.997651785653215,1,0.993673047343915,0.980770945092142,0.957819064443027,0.912299404876315,0.683360360308292,0.363152262615285
0.265232835082819,0.339159308757965,0.376984996587542,0.397922460001523,0.423819557054602,0.436603710672913,0.450731110495985,0.486289936235876,0.529691883510224,0.572177356075568,0.602547764045875,0.625287751876281,0.643639082695459,0.653543450199875,0.693509964942228,0.721055482870046,0.737519192331215,0.802977610430062,0.862017466445015,0.876758560701651,0.930175135694875,0.966739459368455,0.972270196010985,0.977812387785826,0.986591960363901,0.993673047343915,1,0.988435672463165,0.963383636161427,0.917590543649246,0.690257728019688,0.369708070341519
0.232801300251359,0.30125573381528,0.334495735185034,0.350082538329555,0.374063964304888,0.385673325270034,0.396167604969345,0.432374602375469,0.479466994234555,0.520324995493061,0.549984942444655,0.572194187846579,0.589497648226974,0.598582240955432,0.63966201144237,0.668426830216755,0.685074337864302,0.754968429234579,0.820691046086752,0.832914452098962,0.898280054179587,0.959427482489055,0.967824502345633,0.970516757279343,0.975535983211528,0.980770945092142,0.988435672463165,1,0.992689028924895,0.942582466029367,0.698396694606901,0.364761487234453
0.204287616342303,0.26763593058374,0.29668115037786,0.307516185517721,0.329412061152259,0.339846918016667,0.347643526053222,0.384123594666499,0.433707294723204,0.472676003862558,0.50133797506,0.522849936356532,0.539210048655159,0.547692752359648,0.588696538667095,0.617872634332646,0.634773389552051,0.707452477236178,0.777701022567671,0.788053460494057,0.862377778090771,0.942449051257805,0.952948094121763,0.953210682946044,0.955210926250473,0.957819064443027,0.963383636161427,0.992689028924895,1,0.94888608431058,0.695033367968043,0.355276407976418
0.200959603644492,0.271985397101299,0.300427852368499,0.303879925851805,0.326777883158996,0.338609129793512,0.347897531087289,0.382736762359787,0.428855204495137,0.466012057303093,0.492409082517553,0.510542895698121,0.528787764382017,0.542184022264552,0.582231227778123,0.613260460414268,0.637547686553333,0.704224654117974,0.763731244081147,0.783190853301216,0.842692671646193,0.888427037391027,0.895585907619872,0.900209973658386,0.906862761974234,0.912299404876315,0.917590543649246,0.942582466029367,0.94888608431058,1,0.788253141283925,0.419929433792908
0.0942804314692955,0.159835515171082,0.203917304324771,0.233242341685885,0.268160060520776,0.29130729135528,0.302324162155046,0.327708055024068,0.358340010913342,0.392487697091133,0.415532140211644,0.426659829829226,0.443164904034154,0.458536959123487,0.493215160835075,0.522800327627512,0.551746100567974,0.597843178657642,0.631337068328214,0.646863786958882,0.670350233272817,0.665676317184857,0.66577664892256,0.672626896629917,0.677987223686503,0.683360360308292,0.690257728019688,0.698396694606901,0.695033367968043,0.788253141283925,1,0.885142790942485
-0.00773212026505804,0.0350899065477373,0.0806235528054905,0.125196788243193,0.160436426901385,0.1860546205153,0.195176800294624,0.207929033264057,0.220789784844372,0.245134747500233,0.260952409806306,0.265368966687629,0.275894545247817,0.287241097970843,0.309888314552793,0.330587286785798,0.353355126980556,0.375060550597856,0.384846652057173,0.390287960161692,0.386429165667185,0.357551193810657,0.353535493326286,0.358801547306025,0.360168849745345,0.363152262615285,0.369708070341519,0.364761487234453,0.355276407976418,0.419929433792908,0.885142790942485,1
