1,0.991791382297859,0.954084097608246,0.856775345629881,0.668774067292358,0.616069852450212,0.603867963445729,0.581771065506505,0.549585582345941,0.519155378586823,0.508656323805747,0.49148359052558,0.469238592408961,0.443774241747146,0.424118700801864,0.403109745279496,0.380430882513754,0.357871022839563,0.338410515079568,0.322554317354722,0.304707104406225,0.287323910107659,0.27144226817164,0.273536635776983,0.270153444450585,0.262691518071283,0.255077622057478,0.253205553534856,0.2267705793623,0.200456616503645,0.184107503339396,0.17354047315296
0.991791382297859,1,0.984553387190244,0.915681883352626,0.758348748962428,0.711110028577233,0.697430611793146,0.672347392054641,0.63561744727695,0.600776998115377,0.588620912835323,0.568742224902956,0.542994325576239,0.513521557802381,0.492443753865154,0.470071000182505,0.445463469628207,0.420715644707372,0.39883455882862,0.379539546884339,0.35802608532516,0.337165871590308,0.318157465865434,0.319783338444562,0.315130097525136,0.305949836653768,0.296740024645441,0.293926373175194,0.26204037707247,0.231059102870791,0.211882991472656,0.199507731387073
0.954084097608246,0.984553387190244,1,0.971904883325928,0.86076357818838,0.822269264793256,0.806931759730647,0.778428823195199,0.736456447806276,0.696506923128494,0.682406308401443,0.659352913130468,0.62949569503164,0.595320821174315,0.572858038619486,0.549214918474566,0.522623197200718,0.495539875664776,0.470928278714101,0.447439495954613,0.421480045671152,0.396415517347605,0.373632975548784,0.374573960189181,0.368305849103836,0.357017702408526,0.345868417936623,0.341840565721978,0.303341539546233,0.266796207745402,0.244260897610301,0.229739923329617
0.856775345629881,0.915681883352626,0.971904883325928,1,0.956386837622552,0.931528872521634,0.914711727481374,0.88300418831731,0.836034982010719,0.791169063668835,0.775143298231169,0.748948409028615,0.715025697212159,0.676199383217072,0.652972259865203,0.628776549166842,0.600816682705676,0.571916959969363,0.54483715641206,0.516858181289586,0.486190189524031,0.456698286373856,0.429955178201671,0.429929460780295,0.421796673000205,0.408226349357101,0.395014508507305,0.389551156523384,0.344043032226233,0.301803323211951,0.275853185271008,0.259157137844839
0.668774067292358,0.758348748962428,0.86076357818838,0.956386837622552,1,0.994015821049068,0.976682221733068,0.943486113594496,0.894001883198071,0.846555699400921,0.829398486045171,0.801360715824092,0.765054900543591,0.723503146714821,0.701150320635593,0.678167707302694,0.650704230733433,0.621818364147812,0.593800688429973,0.562445089012676,0.528340531139101,0.495668695438813,0.466109247419112,0.464885854535601,0.455077229749273,0.439739680244067,0.425005032792139,0.418188963219663,0.367553891638876,0.321562322234875,0.29341088327141,0.27532583343719
0.616069852450212,0.711110028577233,0.822269264793256,0.931528872521634,0.994015821049068,1,0.99303152138922,0.970562625455082,0.931661288548736,0.89173840944435,0.875140617339355,0.847009347099214,0.81004945749163,0.767417543216116,0.745222330456505,0.722219647992132,0.694245885736936,0.66456401533117,0.635680458454415,0.603155991946604,0.567468954600932,0.533133167196819,0.501988328615574,0.499119988381402,0.486930380012011,0.46937807197915,0.452824998523825,0.445374509881784,0.39237969425634,0.343736582102232,0.313908662721469,0.294732479772813
0.603867963445729,0.697430611793146,0.806931759730647,0.914711727481374,0.976682221733068,0.99303152138922,1,0.992183092909425,0.967986886064527,0.93870871955221,0.92313217992953,0.895321888122606,0.858064667539408,0.814648930960101,0.792324257232796,0.768851944078044,0.739950249892519,0.709096848930091,0.679233987283263,0.646037190957081,0.609133187107525,0.573400601209729,0.540867221502098,0.536152517331403,0.521244285865892,0.501202603827201,0.482619230055139,0.474698141559881,0.419890144460999,0.368652704553848,0.337137112215555,0.316850394980095
0.581771065506505,0.672347392054641,0.778428823195199,0.88300418831731,0.943486113594496,0.970562625455082,0.992183092909425,1,0.991742776053029,0.974181230348839,0.959922796395173,0.93287499045096,0.895869080354589,0.852283091180634,0.83016057323002,0.8065476485886,0.777102550570024,0.745477456384773,0.715031397823461,0.681627123132165,0.643995257854008,0.607326585270504,0.573817247975858,0.567219068085699,0.549658622660796,0.527285486261373,0.506834612239462,0.498535571970375,0.442640446188939,0.389434462099796,0.356610694547446,0.335456303485985
0.549585582345941,0.63561744727695,0.736456447806276,0.836034982010719,0.894001883198071,0.931661288548736,0.967986886064527,0.991742776053029,1,0.994765299528912,0.982093711997785,0.956270105260755,0.920125298696025,0.877074379463788,0.855519994273378,0.832147231779225,0.802623368672827,0.770720417366897,0.740171005794773,0.70709768136945,0.669330855987904,0.632297546716037,0.598331132013928,0.589904856982033,0.569904890580613,0.545500267202834,0.523463381199001,0.514911127694227,0.458809350990382,0.404447108982609,0.370813687406471,0.349112231528233
0.519155378586823,0.600776998115377,0.696506923128494,0.791169063668835,0.846555699400921,0.89173840944435,0.93870871955221,0.974181230348839,0.994765299528912,1,0.992696779510604,0.971906316055415,0.940300829525244,0.901214602859534,0.881253817361264,0.858405685929423,0.829041688708131,0.797057858824353,0.766615168729372,0.734163500221904,0.696470594528759,0.659221724415597,0.62490553175745,0.614894315287799,0.592589175518101,0.566196771658503,0.542581749217335,0.533072854948772,0.474490153649931,0.418028209954796,0.383125733783993,0.360613284999166
0.508656323805747,0.588620912835323,0.682406308401443,0.775143298231169,0.829398486045171,0.875140617339355,0.92313217992953,0.959922796395173,0.982093711997785,0.992696779510604,1,0.993202186436546,0.97449148312515,0.946913337402051,0.930559203759077,0.908322663842051,0.878929001334366,0.846508484719193,0.815883177624671,0.78389216619702,0.745786445255875,0.707707545110782,0.672405566184446,0.661235185167664,0.63647329570438,0.607584270877913,0.581846538162806,0.569367042958243,0.501011580870705,0.438605922255219,0.400373881496709,0.375803989001289
0.49148359052558,0.568742224902956,0.659352913130468,0.748948409028615,0.801360715824092,0.847009347099214,0.895321888122606,0.93287499045096,0.956270105260755,0.971906316055415,0.993202186436546,1,0.993990522135987,0.97789833930539,0.965250683455404,0.943912126525044,0.914896786231713,0.882503762544476,0.852126246237442,0.821022628772308,0.783046144276833,0.744693538539763,0.708929119142414,0.696794910296669,0.670005322852037,0.639107267162612,0.611677661486966,0.596504607042361,0.519665764611365,0.452389000334658,0.411473572276214,0.385258614162933
0.469238592408961,0.542994325576239,0.62949569503164,0.715025697212159,0.765054900543591,0.81004945749163,0.858064667539408,0.895869080354589,0.920125298696025,0.940300829525244,0.97449148312515,0.993990522135987,1,0.994908969765013,0.985903801071616,0.965674366941571,0.937374661935841,0.905409239219377,0.875641498510005,0.845758154436437,0.808374199503255,0.770239855283202,0.734484108944878,0.721593993242842,0.693229778934107,0.660825605449695,0.632145125506753,0.614627187104533,0.530763419479476,0.459740176578689,0.416808693624836,0.389371815221752
0.443774241747146,0.513521557802381,0.595320821174315,0.676199383217072,0.723503146714821,0.767417543216116,0.814648930960101,0.852283091180634,0.877074379463788,0.901214602859534,0.946913337402051,0.97789833930539,0.994908969765013,1,0.994443875834185,0.975450439829836,0.948110211834034,0.916878036348883,0.887987910908343,0.859545451951645,0.823104146154751,0.785575860983661,0.750207951464624,0.736758864785881,0.707246331952994,0.673799829970418,0.644272447261626,0.624781843911631,0.535341658241236,0.461623817321291,0.417292380348956,0.389022043604832
0.424118700801864,0.492443753865154,0.572858038619486,0.652972259865203,0.701150320635593,0.745222330456505,0.792324257232796,0.83016057323002,0.855519994273378,0.881253817361264,0.930559203759077,0.965250683455404,0.985903801071616,0.994443875834185,1,0.993058345377047,0.975943251964734,0.953239027172229,0.930642765624373,0.904571851199551,0.869330098269122,0.832294801561693,0.797018334330805,0.784208952352909,0.753702383485979,0.718695058882562,0.687666881454071,0.666298688367011,0.568448845206292,0.488937220062581,0.441253497435878,0.41088086840851
0.403109745279496,0.470071000182505,0.549214918474566,0.628776549166842,0.678167707302694,0.722219647992132,0.768851944078044,0.8065476485886,0.832147231779225,0.858405685929423,0.908322663842051,0.943912126525044,0.965674366941571,0.975450439829836,0.993058345377047,1,0.994813266054314,0.982169627393123,0.966973985204793,0.943592068279636,0.90990006634561,0.87369558118057,0.838817460272283,0.827050580703403,0.796025324417603,0.759856627274964,0.727640900955401,0.704835253706896,0.599702437635152,0.515002769880877,0.464293595385956,0.432017028439289
0.380430882513754,0.445463469628207,0.522623197200718,0.600816682705676,0.650704230733433,0.694245885736936,0.739950249892519,0.777102550570024,0.802623368672827,0.829041688708131,0.878929001334366,0.914896786231713,0.937374661935841,0.948110211834034,0.975943251964734,0.994813266054314,1,0.996198053524845,0.987572368629666,0.966777485968055,0.934802685804533,0.899721790629701,0.865578429921314,0.854844756046407,0.823718113161645,0.786949800770699,0.754067589606264,0.730274047507594,0.620019458195682,0.531781033203862,0.479022925681826,0.445461034400912
0.357871022839563,0.420715644707372,0.495539875664776,0.571916959969363,0.621818364147812,0.66456401533117,0.709096848930091,0.745477456384773,0.770720417366897,0.797057858824353,0.846508484719193,0.882503762544476,0.905409239219377,0.916878036348883,0.953239027172229,0.982169627393123,0.996198053524845,1,0.997072327428292,0.97866457079302,0.948424089743386,0.914594716566876,0.881362131790647,0.871601846749636,0.840644983795054,0.803666249697506,0.770484308052262,0.746040832343434,0.632308610849205,0.541766837309765,0.487688849098199,0.453302819932629
0.338410515079568,0.39883455882862,0.470928278714101,0.54483715641206,0.593800688429973,0.635680458454415,0.679233987283263,0.715031397823461,0.740171005794773,0.766615168729372,0.815883177624671,0.852126246237442,0.875641498510005,0.887987910908343,0.930642765624373,0.966973985204793,0.987572368629666,0.997072327428292,1,0.989145474261566,0.964820195233633,0.93556372804375,0.90587735508666,0.895987937723969,0.86324088456081,0.824622909520919,0.790104021513565,0.765027673174531,0.649217653212036,0.556668022195735,0.501348334880004,0.466161260365082
0.322554317354722,0.379539546884339,0.447439495954613,0.516858181289586,0.562445089012676,0.603155991946604,0.646037190957081,0.681627123132165,0.70709768136945,0.734163500221904,0.78389216619702,0.821022628772308,0.845758154436437,0.859545451951645,0.904571851199551,0.943592068279636,0.966777485968055,0.97866457079302,0.989145474261566,1,0.992979496336827,0.977301491409146,0.958279277061016,0.94555486164086,0.905835466201758,0.861704337773828,0.822994057996551,0.797148095627573,0.682008813651316,0.587581790170491,0.530851316733396,0.494688794529545
0.304707104406225,0.35802608532516,0.421480045671152,0.486190189524031,0.528340531139101,0.567468954600932,0.609133187107525,0.643995257854008,0.669330855987904,0.696470594528759,0.745786445255875,0.783046144276833,0.808374199503255,0.823104146154751,0.869330098269122,0.90990006634561,0.934802685804533,0.948424089743386,0.964820195233633,0.992979496336827,1,0.99549974215615,0.985361954651726,0.970555877330936,0.925849648586966,0.877975858460086,0.836501513474417,0.810443301864146,0.697658377924684,0.603208070488537,0.546235894109004,0.509857998843845
0.287323910107659,0.337165871590308,0.396415517347605,0.456698286373856,0.495668695438813,0.533133167196819,0.573400601209729,0.607326585270504,0.632297546716037,0.659221724415597,0.707707545110782,0.744693538539763,0.770239855283202,0.785575860983661,0.832294801561693,0.87369558118057,0.899721790629701,0.914594716566876,0.93556372804375,0.977301491409146,0.99549974215615,1,0.997082533330112,0.980758657874366,0.932509908132998,0.882122424476235,0.838853587502347,0.812889165144949,0.703132324388051,0.609619641558389,0.553030651601671,0.516848526376257
0.27144226817164,0.318157465865434,0.373632975548784,0.429955178201671,0.466109247419112,0.501988328615574,0.540867221502098,0.573817247975858,0.598331132013928,0.62490553175745,0.672405566184446,0.708929119142414,0.734484108944878,0.750207951464624,0.797018334330805,0.838817460272283,0.865578429921314,0.881362131790647,0.90587735508666,0.958279277061016,0.985361954651726,0.997082533330112,1,0.982560360306697,0.93177382996675,0.879691261169675,0.83526007106224,0.809541062653258,0.702941359132726,0.610795709591514,0.554885594691844,0.519097874983163
0.273536635776983,0.319783338444562,0.374573960189181,0.429929460780295,0.464885854535601,0.499119988381402,0.536152517331403,0.567219068085699,0.589904856982033,0.614894315287799,0.661235185167664,0.696794910296669,0.721593993242842,0.736758864785881,0.784208952352909,0.827050580703403,0.854844756046407,0.871601846749636,0.895987937723969,0.94555486164086,0.970555877330936,0.980758657874366,0.982560360306697,1,0.982944990181592,0.952598968666438,0.922691784225137,0.900500128224824,0.766755204690388,0.658750635743822,0.594058862500676,0.552874192206544
0.270153444450585,0.315130097525136,0.368305849103836,0.421796673000205,0.455077229749273,0.486930380012011,0.521244285865892,0.549658622660796,0.569904890580613,0.592589175518101,0.63647329570438,0.670005322852037,0.693229778934107,0.707246331952994,0.753702383485979,0.796025324417603,0.823718113161645,0.840644983795054,0.86324088456081,0.905835466201758,0.925849648586966,0.932509908132998,0.93177382996675,0.982944990181592,1,0.992300020251961,0.977855714956951,0.95979629833182,0.803299194080218,0.683120916560696,0.611871115169758,0.566709520718494
0.262691518071283,0.305949836653768,0.357017702408526,0.408226349357101,0.439739680244067,0.46937807197915,0.501202603827201,0.527285486261373,0.545500267202834,0.566196771658503,0.607584270877913,0.639107267162612,0.660825605449695,0.673799829970418,0.718695058882562,0.759856627274964,0.786949800770699,0.803666249697506,0.824622909520919,0.861704337773828,0.877975858460086,0.882122424476235,0.879691261169675,0.952598968666438,0.992300020251961,1,0.996247158847233,0.981317325276864,0.812499162578984,0.686427645440643,0.612128021608895,0.565154446855845
0.255077622057478,0.296740024645441,0.345868417936623,0.395014508507305,0.425005032792139,0.452824998523825,0.482619230055139,0.506834612239462,0.523463381199001,0.542581749217335,0.581846538162806,0.611677661486966,0.632145125506753,0.644272447261626,0.687666881454071,0.727640900955401,0.754067589606264,0.770484308052262,0.790104021513565,0.822994057996551,0.836501513474417,0.838853587502347,0.83526007106224,0.922691784225137,0.977855714956951,0.996247158847233,1,0.987393545638336,0.811507126513027,0.682468802152795,0.606716535881567,0.558905758080486
0.253205553534856,0.293926373175194,0.341840565721978,0.389551156523384,0.418188963219663,0.445374509881784,0.474698141559881,0.498535571970375,0.514911127694227,0.533072854948772,0.569367042958243,0.596504607042361,0.614627187104533,0.624781843911631,0.666298688367011,0.704835253706896,0.730274047507594,0.746040832343434,0.765027673174531,0.797148095627573,0.810443301864146,0.812889165144949,0.809541062653258,0.900500128224824,0.95979629833182,0.981317325276864,0.987393545638336,1,0.890805611557546,0.785142491460823,0.719784036557718,0.677616234762602
0.2267705793623,0.26204037707247,0.303341539546233,0.344043032226233,0.367553891638876,0.39237969425634,0.419890144460999,0.442640446188939,0.458809350990382,0.474490153649931,0.501011580870705,0.519665764611365,0.530763419479476,0.535341658241236,0.568448845206292,0.599702437635152,0.620019458195682,0.632308610849205,0.649217653212036,0.682008813651316,0.697658377924684,0.703132324388051,0.702941359132726,0.766755204690388,0.803299194080218,0.812499162578984,0.811507126513027,0.890805611557546,1,0.98081660720462,0.95662056303715,0.937785907080376
0.200456616503645,0.231059102870791,0.266796207745402,0.301803323211951,0.321562322234875,0.343736582102232,0.368652704553848,0.389434462099796,0.404447108982609,0.418028209954796,0.438605922255219,0.452389000334658,0.459740176578689,0.461623817321291,0.488937220062581,0.515002769880877,0.531781033203862,0.541766837309765,0.556668022195735,0.587581790170491,0.603208070488537,0.609619641558389,0.610795709591514,0.658750635743822,0.683120916560696,0.686427645440643,0.682468802152795,0.785142491460823,0.98081660720462,1,0.995060412184605,0.987479385490746
0.184107503339396,0.211882991472656,0.244260897610301,0.275853185271008,0.29341088327141,0.313908662721469,0.337137112215555,0.356610694547446,0.370813687406471,0.383125733783993,0.400373881496709,0.411473572276214,0.416808693624836,0.417292380348956,0.441253497435878,0.464293595385956,0.479022925681826,0.487688849098199,0.501348334880004,0.530851316733396,0.546235894109004,0.553030651601671,0.554885594691844,0.594058862500676,0.611871115169758,0.612128021608895,0.606716535881567,0.719784036557718,0.95662056303715,0.995060412184605,1,0.998261491526461
0.17354047315296,0.199507731387073,0.229739923329617,0.259157137844839,0.27532583343719,0.294732479772813,0.316850394980095,0.335456303485985,0.349112231528233,0.360613284999166,0.375803989001289,0.385258614162933,0.389371815221752,0.389022043604832,0.41088086840851,0.432017028439289,0.445461034400912,0.453302819932629,0.466161260365082,0.494688794529545,0.509857998843845,0.516848526376257,0.519097874983163,0.552874192206544,0.566709520718494,0.565154446855845,0.558905758080486,0.677616234762602,0.937785907080376,0.987479385490746,0.998261491526461,1
