1,0.970511453092187,0.846677711154744,0.806004361620123,0.74929481355726,0.697069835550064,0.680029010306207,0.637633582014609,0.607617711520513,0.542033206422927,0.459112412869813,0.351630598954677,0.270301446476234,0.257617889268247,0.244070150226116,0.221642600015691,0.197909811250879,0.173457631715773,0.140541391295219,0.110127041208898,0.0997446336421894,0.0928380470414802,0.0730736573941481,0.0434736029386649,0.0228752227706942,0.0111709263356938,0.00349598879757511,-9.99975761006042e-05,-0.00161513962958654,-0.00212310397222278,0.00103375950391594,0.00277137844203612
0.970511453092187,1,0.949977247820697,0.919977313183098,0.861332241242997,0.805894318095327,0.787547475887333,0.739957103711823,0.707815102058847,0.633995377354928,0.546451008930446,0.431169349290505,0.341665536892943,0.329065886022553,0.314884761967346,0.290513841521385,0.264361563682432,0.239684644090307,0.20965193878283,0.179541040913348,0.169130738165728,0.161856827894017,0.141476689707135,0.110428494124376,0.0881386275024376,0.0748419083876079,0.0640328378478064,0.0601947744731983,0.0593953805281344,0.0585890880524006,0.0556720566159117,0.0506469667796268
0.846677711154744,0.949977247820697,1,0.986475774349985,0.930497174695093,0.875787689266985,0.857367452613535,0.807245190322015,0.775184361041464,0.697207853818624,0.611396986481297,0.496180779691513,0.403982441251855,0.392603158425644,0.378852587216152,0.35411399477408,0.327134336697534,0.304343459140086,0.280696519673515,0.253635442929004,0.244107490096065,0.236999433434648,0.217619632081398,0.187434530378415,0.164919731445741,0.150732972928817,0.136816887356615,0.133003809705631,0.133202293296547,0.132080615172631,0.121551405027219,0.10820767784224
0.806004361620123,0.919977313183098,0.986475774349985,1,0.977342159747318,0.941044193712392,0.918458700401989,0.861748590877219,0.826966937574013,0.743252419896818,0.657859634957106,0.542970592037935,0.448530311252921,0.435145578653345,0.419235035007824,0.39287151993714,0.364450531887535,0.341506211385832,0.319554540856077,0.292723277335194,0.28236223692374,0.274217530436051,0.255886885382661,0.228133011903261,0.206843173640318,0.190824145296389,0.174384228353314,0.168288446072587,0.166214150402265,0.162755311698759,0.146445850766545,0.12830295536719
0.74929481355726,0.861332241242997,0.930497174695093,0.977342159747318,1,0.989567684123554,0.962013862759723,0.898486244018157,0.861021282696053,0.772716406444124,0.69007702921943,0.578974907410425,0.484733432349806,0.468807703695292,0.450360431481749,0.422631340459928,0.393234854040024,0.370419079587042,0.350274369297277,0.323998267363628,0.312655450023026,0.303315347599155,0.286763899958394,0.262960443024121,0.243991142390625,0.226116050368308,0.207288109808995,0.198274505992785,0.193006215422144,0.186539024749264,0.164224850324092,0.141584469632911
0.697069835550064,0.805894318095327,0.875787689266985,0.941044193712392,0.989567684123554,1,0.983493089167546,0.930843071271079,0.892215008310389,0.8008883984657,0.720116295005687,0.610997041842605,0.516233353707012,0.498776691737644,0.478705307087101,0.450779568477386,0.421541255234368,0.399256191772362,0.379972289940426,0.353523880088464,0.342604543480318,0.333585757582743,0.318516857278979,0.296739202977478,0.27879199376383,0.258136535328772,0.236450611606932,0.224796604068622,0.216963361013379,0.208641884829525,0.184944899340652,0.16026484424899
0.680029010306207,0.787547475887333,0.857367452613535,0.918458700401989,0.962013862759723,0.983493089167546,1,0.981593890542957,0.943013830365694,0.848540794161695,0.765549540079658,0.652056118533923,0.552799914075552,0.534970907756615,0.514218827152295,0.486993587318459,0.458671381772231,0.436752670711389,0.416204327761506,0.387693545228334,0.378899326892834,0.372142347976585,0.357451939238859,0.3338869769993,0.314331887405809,0.289228264354266,0.263672405239289,0.249766997274261,0.240392286804272,0.231917033298943,0.21317222893161,0.189611378680092
0.637633582014609,0.739957103711823,0.807245190322015,0.861748590877219,0.898486244018157,0.930843071271079,0.981593890542957,1,0.964028957927192,0.870619911536621,0.788602538643991,0.674350291070898,0.573712835764763,0.556325425828447,0.535745320129962,0.510287959726279,0.483955886119441,0.46320396443682,0.441982461859031,0.412185564103918,0.405931725663672,0.401793564057161,0.387896174643594,0.363040603631771,0.342299901671947,0.313212641655235,0.28431796418334,0.268423393845684,0.257671690737355,0.249276872035601,0.236384186962465,0.214758543180371
0.607617711520513,0.707815102058847,0.775184361041464,0.826966937574013,0.861021282696053,0.892215008310389,0.943013830365694,0.964028957927192,1,0.970063420130279,0.911734551364397,0.789287922767794,0.680646930650097,0.675669722195933,0.664674502836157,0.643490685323066,0.618811623235654,0.598622021229789,0.573678178559641,0.537084068780759,0.530197413476777,0.525780485290294,0.504521203407298,0.465642045887754,0.434277566138235,0.394734686691008,0.3565211281901,0.334432290248367,0.31884434217119,0.307128206878197,0.292386566189071,0.26632490253254
0.542033206422927,0.633995377354928,0.697207853818624,0.743252419896818,0.772716406444124,0.8008883984657,0.848540794161695,0.870619911536621,0.970063420130279,1,0.966977865197992,0.844734188303477,0.735603490712113,0.742277727351555,0.740730484420071,0.724781680653279,0.703162833384952,0.684754961998232,0.657976649915758,0.617470307689188,0.610437962878293,0.606043726675857,0.579393215959101,0.530142789849769,0.491041415193361,0.444428905262154,0.400100838870281,0.37373969735341,0.354711963039936,0.34069703158208,0.325191859880894,0.296713858719258
0.459112412869813,0.546451008930446,0.611396986481297,0.657859634957106,0.69007702921943,0.720116295005687,0.765549540079658,0.788602538643991,0.911734551364397,0.966977865197992,1,0.950391335732512,0.879080627148877,0.884071888058986,0.879663416649389,0.865817096395053,0.847076012038538,0.829842003688929,0.798706529094029,0.750633043058619,0.739339582192375,0.731083488288186,0.705782647235334,0.661196894741126,0.623887137241453,0.567414810125884,0.512652011533671,0.478019121228056,0.451502312719777,0.430268907994936,0.39896302348799,0.357020730388489
0.351630598954677,0.431169349290505,0.496180779691513,0.542970592037935,0.578974907410425,0.610997041842605,0.652056118533923,0.674350291070898,0.789287922767794,0.844734188303477,0.950391335732512,1,0.983644108776978,0.980317197833069,0.967742406745819,0.954999759937449,0.939786108967173,0.924359483595542,0.890423228137011,0.837449179329354,0.821338031786772,0.808508596843784,0.789327825664396,0.75898086324326,0.730327847264044,0.668039069489759,0.606114396243834,0.564940981740286,0.531971537355203,0.503730479352218,0.453973345988382,0.398188312943879
0.270301446476234,0.341665536892943,0.403982441251855,0.448530311252921,0.484733432349806,0.516233353707012,0.552799914075552,0.573712835764763,0.680646930650097,0.735603490712113,0.879080627148877,0.983644108776978,1,0.993895893366693,0.97877799418945,0.967952147917287,0.955794831199474,0.942264738082647,0.908000158119132,0.854253728739363,0.83618336630777,0.82141293552877,0.806335376806089,0.784897694811457,0.762033205332147,0.698400223704417,0.634549328246283,0.591148917414286,0.555768018464495,0.524727550996463,0.467082063235461,0.406007511509226
0.257617889268247,0.329065886022553,0.392603158425644,0.435145578653345,0.468807703695292,0.498776691737644,0.534970907756615,0.556325425828447,0.675669722195933,0.742277727351555,0.884071888058986,0.980317197833069,0.993895893366693,1,0.995411007356643,0.988844527466007,0.978469119753761,0.965768545013889,0.930235207274618,0.874828806255227,0.857725864967384,0.844058507805105,0.826684450105315,0.799944638328863,0.773313882110257,0.705238828505762,0.638352572182084,0.593569914863964,0.557630039883177,0.526971796804473,0.473979887523677,0.415142275563668
0.244070150226116,0.314884761967346,0.378852587216152,0.419235035007824,0.450360431481749,0.478705307087101,0.514218827152295,0.535745320129962,0.664674502836157,0.740730484420071,0.879663416649389,0.967742406745819,0.97877799418945,0.995411007356643,1,0.997192936764969,0.988465679039553,0.976610144733091,0.940327501554207,0.884028879173588,0.867934104571645,0.855358621216475,0.836164330156988,0.805089809456923,0.775455453040871,0.704200234345134,0.635342225290863,0.589803240657302,0.553733733266881,0.523710040549,0.475278332999216,0.418962540067538
0.221642600015691,0.290513841521385,0.35411399477408,0.39287151993714,0.422631340459928,0.450779568477386,0.486993587318459,0.510287959726279,0.643490685323066,0.724781680653279,0.865817096395053,0.954999759937449,0.967952147917287,0.988844527466007,0.997192936764969,1,0.996870505620967,0.988859795835175,0.95347389464537,0.897511644299163,0.882487093079923,0.870885455145854,0.852165719105806,0.820884012644509,0.790942105994043,0.71593955356808,0.644295912806276,0.597142926427989,0.560041753626908,0.529965597057002,0.485354341603721,0.430608522810635
0.197909811250879,0.264361563682432,0.327134336697534,0.364450531887535,0.393234854040024,0.421541255234368,0.458671381772231,0.483955886119441,0.618811623235654,0.703162833384952,0.847076012038538,0.939786108967173,0.955794831199474,0.978469119753761,0.988465679039553,0.996870505620967,1,0.996400652242446,0.962469804272021,0.9074110276676,0.893423740562017,0.882703484712575,0.865197262001395,0.835138321404075,0.805878044256626,0.727634629135301,0.653521911825661,0.604840162474878,0.566678864635454,0.53645952715728,0.495216241806862,0.441795321054973
0.173457631715773,0.239684644090307,0.304343459140086,0.341506211385832,0.370419079587042,0.399256191772362,0.436752670711389,0.46320396443682,0.598622021229789,0.684754961998232,0.829842003688929,0.924359483595542,0.942264738082647,0.965768545013889,0.976610144733091,0.988859795835175,0.996400652242446,1,0.979837925750269,0.935293171850263,0.923379427531861,0.913238175938919,0.89781329633343,0.870601669531337,0.842904672348304,0.767492702880196,0.693842188436014,0.646038517858539,0.608632477051499,0.578338447126482,0.532638650738265,0.474416847636697
0.140541391295219,0.20965193878283,0.280696519673515,0.319554540856077,0.350274369297277,0.379972289940426,0.416204327761506,0.441982461859031,0.573678178559641,0.657976649915758,0.798706529094029,0.890423228137011,0.908000158119132,0.930235207274618,0.940327501554207,0.95347389464537,0.962469804272021,0.979837925750269,1,0.987137585279382,0.979859048021589,0.969978971056845,0.958930623123497,0.938656254146065,0.914961594097881,0.85589741599466,0.789702961085174,0.748392894216046,0.716016096844862,0.686274350133118,0.620954612748893,0.546212495601552
0.110127041208898,0.179541040913348,0.253635442929004,0.292723277335194,0.323998267363628,0.353523880088464,0.387693545228334,0.412185564103918,0.537084068780759,0.617470307689188,0.750633043058619,0.837449179329354,0.854253728739363,0.874828806255227,0.884028879173588,0.897511644299163,0.9074110276676,0.935293171850263,0.987137585279382,1,0.996641554024638,0.98725694788543,0.980031010955399,0.965895635644868,0.946090651207355,0.901820421190345,0.843511593478622,0.808595461796496,0.78118180590602,0.75274437887671,0.673618976631582,0.58782469359376
0.0997446336421894,0.169130738165728,0.244107490096065,0.28236223692374,0.312655450023026,0.342604543480318,0.378899326892834,0.405931725663672,0.530197413476777,0.610437962878293,0.739339582192375,0.821338031786772,0.83618336630777,0.857725864967384,0.867934104571645,0.882487093079923,0.893423740562017,0.923379427531861,0.979859048021589,0.996641554024638,1,0.99686821233206,0.991968669444713,0.976133608271625,0.955064178584708,0.914220744483807,0.857698497236155,0.82464657232489,0.798926003304434,0.772195127085675,0.696291456917898,0.610965110554882
0.0928380470414802,0.161856827894017,0.236999433434648,0.274217530436051,0.303315347599155,0.333585757582743,0.372142347976585,0.401793564057161,0.525780485290294,0.606043726675857,0.731083488288186,0.808508596843784,0.82141293552877,0.844058507805105,0.855358621216475,0.870885455145854,0.882703484712575,0.913238175938919,0.969978971056845,0.98725694788543,0.99686821233206,1,0.996967319205654,0.978674481899756,0.955905983792549,0.916749330186457,0.86123560476551,0.829366078682007,0.804812100823885,0.779748140140064,0.709245790788042,0.6262170199461
0.0730736573941481,0.141476689707135,0.217619632081398,0.255886885382661,0.286763899958394,0.318516857278979,0.357451939238859,0.387896174643594,0.504521203407298,0.579393215959101,0.705782647235334,0.789327825664396,0.806335376806089,0.826684450105315,0.836164330156988,0.852165719105806,0.865197262001395,0.89781329633343,0.958930623123497,0.980031010955399,0.991968669444713,0.996967319205654,1,0.990766006137461,0.97403361236982,0.937040767542077,0.882178114872847,0.849333175272141,0.822978927978196,0.797004598159677,0.727934070798055,0.64459321896821
0.0434736029386649,0.110428494124376,0.187434530378415,0.228133011903261,0.262960443024121,0.296739202977478,0.3338869769993,0.363040603631771,0.465642045887754,0.530142789849769,0.661196894741126,0.75898086324326,0.784897694811457,0.799944638328863,0.805089809456923,0.820884012644509,0.835138321404075,0.870601669531337,0.938656254146065,0.965895635644868,0.976133608271625,0.978674481899756,0.990766006137461,1,0.995735826821964,0.961423752452928,0.907349256189293,0.872016466869765,0.841655150457524,0.812796341327921,0.742027583307167,0.656867353212811
0.0228752227706942,0.0881386275024376,0.164919731445741,0.206843173640318,0.243991142390625,0.27879199376383,0.314331887405809,0.342299901671947,0.434277566138235,0.491041415193361,0.623887137241453,0.730327847264044,0.762033205332147,0.773313882110257,0.775455453040871,0.790942105994043,0.805878044256626,0.842904672348304,0.914961594097881,0.946090651207355,0.955064178584708,0.955905983792549,0.97403361236982,0.995735826821964,1,0.967873809481776,0.914905897083523,0.878253030009799,0.845485525563062,0.81496849113412,0.743790654257961,0.658290703078296
0.0111709263356938,0.0748419083876079,0.150732972928817,0.190824145296389,0.226116050368308,0.258136535328772,0.289228264354266,0.313212641655235,0.394734686691008,0.444428905262154,0.567414810125884,0.668039069489759,0.698400223704417,0.705238828505762,0.704200234345134,0.71593955356808,0.727634629135301,0.767492702880196,0.85589741599466,0.901820421190345,0.914220744483807,0.916749330186457,0.937040767542077,0.961423752452928,0.967873809481776,1,0.987009899367884,0.968176570619458,0.941442831613823,0.911489865178894,0.816836539857519,0.713539936794625
0.00349598879757511,0.0640328378478064,0.136816887356615,0.174384228353314,0.207288109808995,0.236450611606932,0.263672405239289,0.28431796418334,0.3565211281901,0.400100838870281,0.512652011533671,0.606114396243834,0.634549328246283,0.638352572182084,0.635342225290863,0.644295912806276,0.653521911825661,0.693842188436014,0.789702961085174,0.843511593478622,0.857698497236155,0.86123560476551,0.882178114872847,0.907349256189293,0.914905897083523,0.987009899367884,1,0.993199434374186,0.971238556566445,0.942663224324067,0.836175193351507,0.724962663107582
-9.99975761006042e-05,0.0601947744731983,0.133003809705631,0.168288446072587,0.198274505992785,0.224796604068622,0.249766997274261,0.268423393845684,0.334432290248367,0.37373969735341,0.478019121228056,0.564940981740286,0.591148917414286,0.593569914863964,0.589803240657302,0.597142926427989,0.604840162474878,0.646038517858539,0.748392894216046,0.808595461796496,0.82464657232489,0.829366078682007,0.849333175272141,0.872016466869765,0.878253030009799,0.968176570619458,0.993199434374186,1,0.991565864822572,0.97240145129377,0.867905783678953,0.755913223425422
-0.00161513962958654,0.0593953805281344,0.133202293296547,0.166214150402265,0.193006215422144,0.216963361013379,0.240392286804272,0.257671690737355,0.31884434217119,0.354711963039936,0.451502312719777,0.531971537355203,0.555768018464495,0.557630039883177,0.553733733266881,0.560041753626908,0.566678864635454,0.608632477051499,0.716016096844862,0.78118180590602,0.798926003304434,0.804812100823885,0.822978927978196,0.841655150457524,0.845485525563062,0.941442831613823,0.971238556566445,0.991565864822572,1,0.993553088226305,0.897989969042403,0.789274091097395
-0.00212310397222278,0.0585890880524006,0.132080615172631,0.162755311698759,0.186539024749264,0.208641884829525,0.231917033298943,0.249276872035601,0.307128206878197,0.34069703158208,0.430268907994936,0.503730479352218,0.524727550996463,0.526971796804473,0.523710040549,0.529965597057002,0.53645952715728,0.578338447126482,0.686274350133118,0.75274437887671,0.772195127085675,0.779748140140064,0.797004598159677,0.812796341327921,0.81496849113412,0.911489865178894,0.942663224324067,0.97240145129377,0.993553088226305,1,0.931974901845966,0.836908995511634
0.00103375950391594,0.0556720566159117,0.121551405027219,0.146445850766545,0.164224850324092,0.184944899340652,0.21317222893161,0.236384186962465,0.292386566189071,0.325191859880894,0.39896302348799,0.453973345988382,0.467082063235461,0.473979887523677,0.475278332999216,0.485354341603721,0.495216241806862,0.532638650738265,0.620954612748893,0.673618976631582,0.696291456917898,0.709245790788042,0.727934070798055,0.742027583307167,0.743790654257961,0.816836539857519,0.836175193351507,0.867905783678953,0.897989969042403,0.931974901845966,1,0.978402157317446
0.00277137844203612,0.0506469667796268,0.10820767784224,0.12830295536719,0.141584469632911,0.16026484424899,0.189611378680092,0.214758543180371,0.26632490253254,0.296713858719258,0.357020730388489,0.398188312943879,0.406007511509226,0.415142275563668,0.418962540067538,0.430608522810635,0.441795321054973,0.474416847636697,0.546212495601552,0.58782469359376,0.610965110554882,0.6262170199461,0.64459321896821,0.656867353212811,0.658290703078296,0.713539936794625,0.724962663107582,0.755913223425422,0.789274091097395,0.836908995511634,0.978402157317446,1
