1,0.838734477413701,0.793307431753845,0.758506628376387,0.735345432053382,0.718149980105547,0.703155488058036,0.681361501598041,0.659984777793962,0.648118776589947,0.630278545823853,0.61300963916451,0.598485721608124,0.581555485155646,0.568728953698316,0.551208184061656,0.53607945972361,0.518026635166186,0.504999788949195,0.488772647698574,0.470119776098476,0.457330657996083,0.448181329196424,0.42477981454824,0.396325689653869,0.353409748484646,0.338329130191764,0.310870887665732,0.281504832314665,0.249770685289796,0.217004737570093,0.136735811088255
0.838734477413701,1,0.955398024823451,0.927913944134468,0.906132871123787,0.888233793065969,0.874707038893509,0.853520166049948,0.834844997835459,0.820431362522182,0.804403554131552,0.790610580004743,0.775134818547778,0.759360951186538,0.746935225211421,0.729844420601414,0.713536095983591,0.697431505921081,0.685482574717553,0.668198474284665,0.645749637845168,0.627027506806224,0.614061071309434,0.588913971076558,0.55663480283126,0.507151548164718,0.49394964492004,0.45918960915388,0.410094775119165,0.362961959681941,0.31488228030618,0.193666476991871
0.793307431753845,0.955398024823451,1,0.977094329930763,0.957110314738018,0.938239383145777,0.92769144209005,0.908204443996303,0.889439724830139,0.875161918058192,0.85967470304242,0.846349664936562,0.833662049572129,0.819957093130723,0.806210091220388,0.791155532145729,0.77407965011019,0.758794990915287,0.746748752472655,0.73072110156065,0.709588384718843,0.691390910652771,0.676492110532838,0.650681115514949,0.617721792174267,0.564238960911109,0.54924289394869,0.510922750183577,0.456918920612321,0.404281417657808,0.35336011830084,0.224028300871891
0.758506628376387,0.927913944134468,0.977094329930763,1,0.984575330048563,0.967039839858963,0.955899544120105,0.939123669441642,0.922309496348103,0.909730175148862,0.895289733474089,0.882341364563572,0.869683207626723,0.855240301327545,0.842645340810361,0.826453725788843,0.809403489530499,0.794307743536656,0.783587763547919,0.768324693164343,0.747591409374302,0.729528478861869,0.715130121643791,0.689220821148074,0.657105161736122,0.59991467950656,0.585235256819643,0.543684599041865,0.484681052152345,0.424052863686687,0.369586656960362,0.232250110331297
0.735345432053382,0.906132871123787,0.957110314738018,0.984575330048563,1,0.984479691052106,0.970242046456869,0.954032027226007,0.93888842180321,0.926278276293989,0.911865937176563,0.898855590171589,0.886426515240952,0.873024760291549,0.861193055102302,0.846801334418714,0.829920950191444,0.816316342956461,0.805822634355529,0.790764718276666,0.770884366981213,0.753394685048881,0.736435078642543,0.711048839591029,0.679557011399491,0.622374232752446,0.607666334441966,0.564581982374669,0.506511552542633,0.450772925692423,0.389026662216576,0.242712921864786
0.718149980105547,0.888233793065969,0.938239383145777,0.967039839858963,0.984479691052106,1,0.988698733834395,0.973932851781808,0.959951395317671,0.949245232814253,0.934794209652829,0.923765301568289,0.911880670789189,0.899637391707736,0.888145840932738,0.875436832065443,0.859101605864457,0.845870250457964,0.836238468092613,0.821856730313861,0.803016337356448,0.786278534259305,0.76968026249393,0.745311961550843,0.715114291090692,0.657916565423382,0.642961984256954,0.598641337552939,0.538697623077267,0.481905935464262,0.413180137398659,0.25539930787399
0.703155488058036,0.874707038893509,0.92769144209005,0.955899544120105,0.970242046456869,0.988698733834395,1,0.990384840506556,0.977840643982986,0.96727499894894,0.954679695645519,0.944131775542297,0.933583128890203,0.922330654079802,0.912203648224031,0.90028548146582,0.886169266741086,0.873923249619004,0.864457472562772,0.851484718499407,0.833859170462398,0.817803641048149,0.802771376911003,0.779869157722496,0.750725078993258,0.69590573729653,0.680792845335815,0.63662353166018,0.574807750368432,0.513598597651624,0.438182276841792,0.269080835626615
0.681361501598041,0.853520166049948,0.908204443996303,0.939123669441642,0.954032027226007,0.973932851781808,0.990384840506556,1,0.991570271911682,0.98187268992656,0.971588684967831,0.962389510883202,0.953321764427747,0.943139613803108,0.934911494382977,0.924126729756726,0.911367423507827,0.900241639543352,0.891369156616059,0.879771829410132,0.863832167206786,0.849281564573958,0.834582665834282,0.813268810603867,0.785703059508609,0.732257264608251,0.717210804512829,0.672818907624043,0.607379065069113,0.541179041003257,0.456904044912793,0.279740905902276
0.659984777793962,0.834844997835459,0.889439724830139,0.922309496348103,0.93888842180321,0.959951395317671,0.977840643982986,0.991570271911682,1,0.992993002427052,0.983906441719842,0.974816186104579,0.966378654701651,0.956981512028151,0.949189150084208,0.939102711933921,0.926694515718195,0.916996565199112,0.908600300819773,0.898319352771579,0.883911359322387,0.870860208291275,0.857280838556648,0.83754443588753,0.812458607654328,0.760870690380924,0.746057088702306,0.701230106138392,0.633899811754165,0.56452412135364,0.479461839986634,0.29245771854474
0.648118776589947,0.820431362522182,0.875161918058192,0.909730175148862,0.926278276293989,0.949245232814253,0.96727499894894,0.98187268992656,0.992993002427052,1,0.993152953978058,0.984342094887259,0.975709957135753,0.966069847651536,0.95795762902016,0.947910237410114,0.935076633007304,0.925224469453939,0.918089199978234,0.908314804242938,0.893880512819021,0.882008321864206,0.868316301033539,0.848903614752843,0.824061662201192,0.771422532349992,0.757304357147084,0.711332071338052,0.646530845967633,0.579663799336048,0.489930872534096,0.302563255128962
0.630278545823853,0.804403554131552,0.85967470304242,0.895289733474089,0.911865937176563,0.934794209652829,0.954679695645519,0.971588684967831,0.983906441719842,0.993152953978058,1,0.993782508529453,0.986606622728617,0.978540890104017,0.970589495012769,0.960721985060952,0.948299942881459,0.938213394568518,0.931116703268259,0.922001700889631,0.908569824776233,0.897376838946168,0.884438878052531,0.864454726489563,0.840403012429409,0.786846267264391,0.772705547486511,0.725338374630114,0.661190900547227,0.593271890555431,0.498715201149278,0.305521878142841
0.61300963916451,0.790610580004743,0.846349664936562,0.882341364563572,0.898855590171589,0.923765301568289,0.944131775542297,0.962389510883202,0.974816186104579,0.984342094887259,0.993782508529453,1,0.995321757773645,0.98947455245617,0.982169586432858,0.973452828766204,0.96220597107516,0.952649007099128,0.945784011750428,0.937150612498396,0.924745594025923,0.914475808098539,0.901306185082055,0.881290943974923,0.858353955448244,0.804412674672891,0.790480058548447,0.742576764335771,0.679028614463114,0.610212618577335,0.50956015104166,0.307554946355143
0.598485721608124,0.775134818547778,0.833662049572129,0.869683207626723,0.886426515240952,0.911880670789189,0.933583128890203,0.953321764427747,0.966378654701651,0.975709957135753,0.986606622728617,0.995321757773645,1,0.99552606738435,0.989403894424441,0.981895767949607,0.971306158742229,0.962127747051064,0.955216376156469,0.947088644358301,0.935455826272054,0.926026523572923,0.913134025673788,0.893986183046265,0.87215766500829,0.818873338374318,0.805030715024682,0.757015791226869,0.692285638796214,0.62052471605604,0.517078799689393,0.315461006499215
0.581555485155646,0.759360951186538,0.819957093130723,0.855240301327545,0.873024760291549,0.899637391707736,0.922330654079802,0.943139613803108,0.956981512028151,0.966069847651536,0.978540890104017,0.98947455245617,0.99552606738435,1,0.99538386272631,0.988370068226653,0.978588288589365,0.970394031306411,0.96349191033755,0.955630256961906,0.944691619037417,0.935673596046343,0.923191504209646,0.904976476575722,0.883787372712915,0.831754158814143,0.817775113142818,0.770059149719226,0.703893108190069,0.630937116143004,0.524204168444643,0.317324867172909
0.568728953698316,0.746935225211421,0.806210091220388,0.842645340810361,0.861193055102302,0.888145840932738,0.912203648224031,0.934911494382977,0.949189150084208,0.95795762902016,0.970589495012769,0.982169586432858,0.989403894424441,0.99538386272631,1,0.994547932146829,0.986441255669282,0.97874404834538,0.971815750638263,0.964126227404678,0.954232231457007,0.945666546840952,0.93411714256243,0.917191951096773,0.896655168757643,0.845923515357531,0.83267042609835,0.785710178864725,0.722098452381223,0.647531563717581,0.538050361365,0.328007886778333
0.551208184061656,0.729844420601414,0.791155532145729,0.826453725788843,0.846801334418714,0.875436832065443,0.90028548146582,0.924126729756726,0.939102711933921,0.947910237410114,0.960721985060952,0.973452828766204,0.981895767949607,0.988370068226653,0.994547932146829,1,0.994759210008085,0.987802652961255,0.981430457636934,0.974612455276719,0.965598359308371,0.957793838061954,0.947406662107428,0.931806982420481,0.912735612378794,0.865475390933224,0.852406721684829,0.808004234039538,0.745598714303127,0.66845854994431,0.555863309702508,0.346797268612477
0.53607945972361,0.713536095983591,0.77407965011019,0.809403489530499,0.829920950191444,0.859101605864457,0.886169266741086,0.911367423507827,0.926694515718195,0.935076633007304,0.948299942881459,0.96220597107516,0.971306158742229,0.978588288589365,0.986441255669282,0.994759210008085,1,0.995582971601225,0.990001284515752,0.984138306596058,0.976599421981018,0.969846982117102,0.960990321207959,0.947987861901754,0.931675814108483,0.891600260614309,0.87846337296602,0.838104465905765,0.77354377621209,0.690382541703388,0.571651150429293,0.349329852827987
0.518026635166186,0.697431505921081,0.758794990915287,0.794307743536656,0.816316342956461,0.845870250457964,0.873923249619004,0.900241639543352,0.916996565199112,0.925224469453939,0.938213394568518,0.952649007099128,0.962127747051064,0.970394031306411,0.97874404834538,0.987802652961255,0.995582971601225,1,0.995923408258979,0.991422238431427,0.984892810005533,0.978753880915697,0.970598320142161,0.959830255702861,0.945204932884387,0.908754538494493,0.895978660818079,0.857832999030311,0.791215938642279,0.707077553609341,0.587178235168438,0.356096618762613
0.504999788949195,0.685482574717553,0.746748752472655,0.783587763547919,0.805822634355529,0.836238468092613,0.864457472562772,0.891369156616059,0.908600300819773,0.918089199978234,0.931116703268259,0.945784011750428,0.955216376156469,0.96349191033755,0.971815750638263,0.981430457636934,0.990001284515752,0.995923408258979,1,0.996411070332407,0.99014087647666,0.984396489423968,0.977217518553288,0.966687828707038,0.952865309563955,0.916208300808831,0.903703938250883,0.86598414844056,0.802278394442037,0.721837163297095,0.602646415763567,0.367813089076892
0.488772647698574,0.668198474284665,0.73072110156065,0.768324693164343,0.790764718276666,0.821856730313861,0.851484718499407,0.879771829410132,0.898319352771579,0.908314804242938,0.922001700889631,0.937150612498396,0.947088644358301,0.955630256961906,0.964126227404678,0.974612455276719,0.984138306596058,0.991422238431427,0.996411070332407,1,0.995593583622633,0.990348094297698,0.983848671900133,0.974280790558248,0.961501375185876,0.925870430257758,0.914190033413459,0.876281445752505,0.814575437525192,0.731579661220334,0.612672148813545,0.379210272602156
0.470119776098476,0.645749637845168,0.709588384718843,0.747591409374302,0.770884366981213,0.803016337356448,0.833859170462398,0.863832167206786,0.883911359322387,0.893880512819021,0.908569824776233,0.924745594025923,0.935455826272054,0.944691619037417,0.954232231457007,0.965598359308371,0.976599421981018,0.984892810005533,0.99014087647666,0.995593583622633,1,0.996526723867739,0.99059986729702,0.982843935975348,0.971671939892879,0.938684536346506,0.927883759530171,0.891978757877896,0.832473399556744,0.745601074552994,0.62281389641496,0.392411063776064
0.457330657996083,0.627027506806224,0.691390910652771,0.729528478861869,0.753394685048881,0.786278534259305,0.817803641048149,0.849281564573958,0.870860208291275,0.882008321864206,0.897376838946168,0.914475808098539,0.926026523572923,0.935673596046343,0.945666546840952,0.957793838061954,0.969846982117102,0.978753880915697,0.984396489423968,0.990348094297698,0.996526723867739,1,0.99513588811206,0.988710440513935,0.978683143461926,0.947695718140928,0.937499702932765,0.902791069153655,0.842535431560803,0.753155832066309,0.628343147678123,0.39616640959942
0.448181329196424,0.614061071309434,0.676492110532838,0.715130121643791,0.736435078642543,0.76968026249393,0.802771376911003,0.834582665834282,0.857280838556648,0.868316301033539,0.884438878052531,0.901306185082055,0.913134025673788,0.923191504209646,0.93411714256243,0.947406662107428,0.960990321207959,0.970598320142161,0.977217518553288,0.983848671900133,0.99059986729702,0.99513588811206,1,0.994719209821682,0.985215716439898,0.956570955920227,0.946651756982213,0.912849876862865,0.854294626166942,0.764346605860704,0.638679069688606,0.404656977871635
0.42477981454824,0.588913971076558,0.650681115514949,0.689220821148074,0.711048839591029,0.745311961550843,0.779869157722496,0.813268810603867,0.83754443588753,0.848903614752843,0.864454726489563,0.881290943974923,0.893986183046265,0.904976476575722,0.917191951096773,0.931806982420481,0.947987861901754,0.959830255702861,0.966687828707038,0.974280790558248,0.982843935975348,0.988710440513935,0.994719209821682,1,0.993823325695624,0.970949432227959,0.961978396987656,0.932104377646997,0.875073286398759,0.783629609423228,0.657051130353456,0.420995180533088
0.396325689653869,0.55663480283126,0.617721792174267,0.657105161736122,0.679557011399491,0.715114291090692,0.750725078993258,0.785703059508609,0.812458607654328,0.824061662201192,0.840403012429409,0.858353955448244,0.87215766500829,0.883787372712915,0.896655168757643,0.912735612378794,0.931675814108483,0.945204932884387,0.952865309563955,0.961501375185876,0.971671939892879,0.978683143461926,0.985215716439898,0.993823325695624,1,0.984546009478003,0.976373423326209,0.950392027602083,0.894357213979915,0.800514404727934,0.67213263490245,0.432413173936658
0.353409748484646,0.507151548164718,0.564238960911109,0.59991467950656,0.622374232752446,0.657916565423382,0.69590573729653,0.732257264608251,0.760870690380924,0.771422532349992,0.786846267264391,0.804412674672891,0.818873338374318,0.831754158814143,0.845923515357531,0.865475390933224,0.891600260614309,0.908754538494493,0.916208300808831,0.925870430257758,0.938684536346506,0.947695718140928,0.956570955920227,0.970949432227959,0.984546009478003,1,0.994278101167973,0.982029789178512,0.92644316171071,0.83214704724829,0.699377296749184,0.44049820929856
0.338329130191764,0.49394964492004,0.54924289394869,0.585235256819643,0.607666334441966,0.642961984256954,0.680792845335815,0.717210804512829,0.746057088702306,0.757304357147084,0.772705547486511,0.790480058548447,0.805030715024682,0.817775113142818,0.83267042609835,0.852406721684829,0.87846337296602,0.895978660818079,0.903703938250883,0.914190033413459,0.927883759530171,0.937499702932765,0.946651756982213,0.961978396987656,0.976373423326209,0.994278101167973,1,0.988253296259764,0.936502039177456,0.84209547373546,0.707665465437563,0.450104872253984
0.310870887665732,0.45918960915388,0.510922750183577,0.543684599041865,0.564581982374669,0.598641337552939,0.63662353166018,0.672818907624043,0.701230106138392,0.711332071338052,0.725338374630114,0.742576764335771,0.757015791226869,0.770059149719226,0.785710178864725,0.808004234039538,0.838104465905765,0.857832999030311,0.86598414844056,0.876281445752505,0.891978757877896,0.902791069153655,0.912849876862865,0.932104377646997,0.950392027602083,0.982029789178512,0.988253296259764,1,0.954332276068456,0.870759745228647,0.737093092387197,0.477671832686656
0.281504832314665,0.410094775119165,0.456918920612321,0.484681052152345,0.506511552542633,0.538697623077267,0.574807750368432,0.607379065069113,0.633899811754165,0.646530845967633,0.661190900547227,0.679028614463114,0.692285638796214,0.703893108190069,0.722098452381223,0.745598714303127,0.77354377621209,0.791215938642279,0.802278394442037,0.814575437525192,0.832473399556744,0.842535431560803,0.854294626166942,0.875073286398759,0.894357213979915,0.92644316171071,0.936502039177456,0.954332276068456,1,0.925222788751073,0.771631055763368,0.581810629771218
0.249770685289796,0.362961959681941,0.404281417657808,0.424052863686687,0.450772925692423,0.481905935464262,0.513598597651624,0.541179041003257,0.56452412135364,0.579663799336048,0.593271890555431,0.610212618577335,0.62052471605604,0.630937116143004,0.647531563717581,0.66845854994431,0.690382541703388,0.707077553609341,0.721837163297095,0.731579661220334,0.745601074552994,0.753155832066309,0.764346605860704,0.783629609423228,0.800514404727934,0.83214704724829,0.84209547373546,0.870759745228647,0.925222788751073,1,0.893579936778962,0.67532086996333
0.217004737570093,0.31488228030618,0.35336011830084,0.369586656960362,0.389026662216576,0.413180137398659,0.438182276841792,0.456904044912793,0.479461839986634,0.489930872534096,0.498715201149278,0.50956015104166,0.517078799689393,0.524204168444643,0.538050361365,0.555863309702508,0.571651150429293,0.587178235168438,0.602646415763567,0.612672148813545,0.62281389641496,0.628343147678123,0.638679069688606,0.657051130353456,0.67213263490245,0.699377296749184,0.707665465437563,0.737093092387197,0.771631055763368,0.893579936778962,1,0.718073120815009
0.136735811088255,0.193666476991871,0.224028300871891,0.232250110331297,0.242712921864786,0.25539930787399,0.269080835626615,0.279740905902276,0.29245771854474,0.302563255128962,0.305521878142841,0.307554946355143,0.315461006499215,0.317324867172909,0.328007886778333,0.346797268612477,0.349329852827987,0.356096618762613,0.367813089076892,0.379210272602156,0.392411063776064,0.39616640959942,0.404656977871635,0.420995180533088,0.432413173936658,0.44049820929856,0.450104872253984,0.477671832686656,0.581810629771218,0.67532086996333,0.718073120815009,1
