1,0.925719477536061,0.762242416142257,0.690434337011369,0.626737649757311,0.577378063890157,0.550405409865452,0.51862216160476,0.504412638136685,0.477912817840186,0.481095440284081,0.470628825558292,0.456283142879669,0.437322029161866,0.431979919997358,0.415485050406276,0.387422555218165,0.379402163371986,0.382522471608627,0.371483461179877,0.349001781148287,0.340008877235246,0.326819131269878,0.325849743702003,0.314411573062255,0.292613951391413,0.255634268163443,0.183856295425584,0.118491027134049,0.0669134289043904,-0.00223028548618246,-0.0294820838278435
0.925719477536061,1,0.946437503639867,0.864606345244216,0.790878722138679,0.733267554541453,0.697264537970691,0.652262978513505,0.636943721247042,0.607377249353182,0.609426549607054,0.593693238988213,0.570956473096921,0.542774218997145,0.532776987692009,0.512957675995769,0.483711556879838,0.474165347789567,0.474885803941962,0.463557114109029,0.439684439108688,0.429498968632153,0.413430801054291,0.41363876906938,0.400804700454548,0.377359493513916,0.337693255330235,0.257928059473646,0.169109978233327,0.0922878636182193,0.0258372266905679,-0.00309513203154345
0.762242416142257,0.946437503639867,1,0.953582231893916,0.894033309379329,0.833207880343386,0.793034437538822,0.741024772533201,0.725074391273763,0.693295144938857,0.692877112710037,0.672436667108865,0.646196991915066,0.613691375630605,0.601559484849854,0.580660738895496,0.551947144230113,0.540956750192025,0.538438424046693,0.52784952563993,0.504734839668179,0.493802783404581,0.475519651088023,0.475350464706849,0.460706150337873,0.436708515275901,0.397520738248368,0.317163720586952,0.219966440668978,0.127235998808574,0.0708404875727184,0.0399722427500193
0.690434337011369,0.864606345244216,0.953582231893916,1,0.981494169636257,0.917593972323671,0.877928491269651,0.825957673122246,0.80754884066306,0.770399883579737,0.766491081146129,0.741693401744973,0.719049050001084,0.688649245259977,0.678563857289206,0.657660735976649,0.626727838184475,0.613255071186858,0.60760648550969,0.597158081531692,0.573909159869041,0.56144342629033,0.54015579842502,0.536686922159446,0.517703986568876,0.490881580436494,0.450267192531987,0.368381799099189,0.279632320293176,0.182481883886317,0.132374892989221,0.0941466282747373
0.626737649757311,0.790878722138679,0.894033309379329,0.981494169636257,1,0.968930287468721,0.93886293223464,0.88581482407108,0.866027215718411,0.825671431977931,0.818329600947531,0.789368541355596,0.767836441764203,0.737317922073912,0.726613376124383,0.705893410829713,0.676326081808872,0.662275845227914,0.654389341383318,0.645342244821338,0.623658815301732,0.611228897816624,0.588747145311869,0.582874800688566,0.560867338896741,0.533264279760242,0.493747915098619,0.413971720943944,0.325812242483708,0.219721509645886,0.178954483135921,0.137666680477346
0.577378063890157,0.733267554541453,0.833207880343386,0.917593972323671,0.968930287468721,1,0.986711149430481,0.931171962037661,0.910770844480144,0.868745853135462,0.858038335670793,0.824913305627149,0.802159882845379,0.769355488993509,0.755688363698449,0.735112462379053,0.709638390814559,0.696508604160144,0.687123514463896,0.68042635904876,0.661506943749005,0.650326090546948,0.628004934363094,0.620494733384863,0.596447640658869,0.56955848421765,0.532883178963862,0.457501084684323,0.362434222441108,0.242808353054523,0.213350433190992,0.172339930135355
0.550405409865452,0.697264537970691,0.793034437538822,0.877928491269651,0.93886293223464,0.986711149430481,1,0.976062779336362,0.958502603287832,0.913504231059437,0.900601676726975,0.864554244772446,0.842238524746912,0.808565105907477,0.792948156967674,0.771195391712166,0.74568132522621,0.731686765717346,0.720640929160788,0.713897138033706,0.694821200704198,0.684022294630754,0.661467753483259,0.650893542140572,0.623842862223922,0.597284427009381,0.56149237779227,0.486557183354091,0.384180248221636,0.254692496491288,0.22425993151228,0.181678051354689
0.51862216160476,0.652262978513505,0.741024772533201,0.825957673122246,0.88581482407108,0.931171962037661,0.976062779336362,1,0.987267139847952,0.939665675507273,0.925256126219057,0.887511976308383,0.866869678241326,0.833666673502038,0.81679709926479,0.793770453298661,0.767086793017723,0.751769537770988,0.739176185743275,0.731541135497097,0.711529041053545,0.701020955411171,0.678585923538659,0.664456523587158,0.634492764361485,0.608742660832119,0.573896348111549,0.499536498507622,0.391736878584348,0.256491503268409,0.220623874915889,0.176622694674438
0.504412638136685,0.636943721247042,0.725074391273763,0.80754884066306,0.866027215718411,0.910770844480144,0.958502603287832,0.987267139847952,1,0.981847814207701,0.966643442036727,0.926962661374895,0.904640426466647,0.869317643052611,0.851354424067262,0.827417112539374,0.800213689011812,0.783033815581707,0.767471160228982,0.760500758435776,0.74177407616718,0.732187061383127,0.709938119459262,0.697481382382293,0.668491304536976,0.646185793165481,0.610751659694071,0.527683354614104,0.407576021964577,0.262442287542942,0.225627608032668,0.18108335436047
0.477912817840186,0.607377249353182,0.693295144938857,0.770399883579737,0.825671431977931,0.868745853135462,0.913504231059437,0.939665675507273,0.981847814207701,1,0.984878460933998,0.944606379290209,0.920656429387436,0.88372311665545,0.865138641450767,0.840978740174989,0.8141069330757,0.795370645634539,0.776900804779665,0.771041053545822,0.754511451468875,0.746235479730918,0.724801651688476,0.715268773118514,0.688729687982751,0.6710669387991,0.635803002393529,0.544589363305531,0.413905422446558,0.261851477131539,0.225779492714553,0.182071186767739
0.481095440284081,0.609426549607054,0.692877112710037,0.766491081146129,0.818329600947531,0.858038335670793,0.900601676726975,0.925256126219057,0.966643442036727,0.984878460933998,1,0.986995998883483,0.964131532030952,0.926798020577744,0.906432741336833,0.880820900109099,0.853109607634481,0.832582896636678,0.811440579940955,0.803202390952661,0.783967766356725,0.773633285563088,0.749817723496102,0.739941591427059,0.712488006529867,0.694194557135006,0.659575761258456,0.569957732009176,0.43096177934975,0.268833540945323,0.229833323460861,0.184855483065102
0.470628825558292,0.593693238988213,0.672436667108865,0.741693401744973,0.789368541355596,0.824913305627149,0.864554244772446,0.887511976308383,0.926962661374895,0.944606379290209,0.986995998883483,1,0.983526330575633,0.95017863554372,0.928586554967851,0.902107274134817,0.87408512869805,0.852151471222574,0.828738837474983,0.818104492475511,0.796351803222786,0.784323892420659,0.758830358394654,0.748627839975383,0.720667702142197,0.701898462878367,0.668424599857853,0.582115818759015,0.438622295731179,0.270625300546404,0.228938738049044,0.1833330571745
0.456283142879669,0.570956473096921,0.646196991915066,0.719049050001084,0.767836441764203,0.802159882845379,0.842238524746912,0.866869678241326,0.904640426466647,0.920656429387436,0.964131532030952,0.983526330575633,1,0.990171800025512,0.968001839493413,0.940526852494278,0.911180603055662,0.88748419681324,0.861789070649864,0.848253598158296,0.823043947083616,0.810571982865779,0.784594562285965,0.772732516247293,0.742626022914396,0.721622484826555,0.686462166782044,0.598580842332119,0.453759237613715,0.282328874899463,0.234295840723168,0.185135768600842
0.437322029161866,0.542774218997145,0.613691375630605,0.688649245259977,0.737317922073912,0.769355488993509,0.808565105907477,0.833666673502038,0.869317643052611,0.88372311665545,0.926798020577744,0.95017863554372,0.990171800025512,1,0.986010761437009,0.962835251693239,0.932962380619246,0.908311780381231,0.881239458510564,0.865384268556737,0.837395335143276,0.824612849940855,0.798438278444842,0.785594925400846,0.754359662464455,0.732799746234954,0.697258873891626,0.608801816172923,0.464087101983869,0.290944591851644,0.23871737155515,0.18701494931844
0.431979919997358,0.532776987692009,0.601559484849854,0.678563857289206,0.726613376124383,0.755688363698449,0.792948156967674,0.81679709926479,0.851354424067262,0.865138641450767,0.906432741336833,0.928586554967851,0.968001839493413,0.986010761437009,1,0.992414439124357,0.9625008185054,0.93773274348561,0.910286237809881,0.893015505709807,0.862819623191692,0.849434172517109,0.822441047819246,0.809745613939244,0.778414581053973,0.759383643071338,0.724887965358905,0.633812100748232,0.485247852128105,0.305902240108233,0.252608140226546,0.198503874099035
0.415485050406276,0.512957675995769,0.580660738895496,0.657660735976649,0.705893410829713,0.735112462379053,0.771195391712166,0.793770453298661,0.827417112539374,0.840978740174989,0.880820900109099,0.902107274134817,0.940526852494278,0.962835251693239,0.992414439124357,1,0.984319936017652,0.964994663780617,0.936717682466285,0.918528480251889,0.886952279532865,0.873439151840263,0.846036542374076,0.832485789381312,0.800093857542436,0.781953352173563,0.749188034371805,0.660036371902351,0.509262292315104,0.323097895904474,0.265046928794756,0.207153689387703
0.387422555218165,0.483711556879838,0.551947144230113,0.626727838184475,0.676326081808872,0.709638390814559,0.74568132522621,0.767086793017723,0.800213689011812,0.8141069330757,0.853109607634481,0.87408512869805,0.911180603055662,0.932962380619246,0.9625008185054,0.984319936017652,1,0.992737675427602,0.962975918436277,0.944434405656973,0.912409585159522,0.899303682932608,0.871896208278837,0.85622202343094,0.821476964935475,0.802103982810167,0.771728632242465,0.68968443012194,0.538171455792647,0.343868153750407,0.276410411387368,0.212891884892086
0.379402163371986,0.474165347789567,0.540956750192025,0.613255071186858,0.662275845227914,0.696508604160144,0.731686765717346,0.751769537770988,0.783033815581707,0.795370645634539,0.832582896636678,0.852151471222574,0.88748419681324,0.908311780381231,0.93773274348561,0.964994663780617,0.992737675427602,1,0.986167972926135,0.970778383610521,0.936612380158859,0.923185063842453,0.895274881444562,0.879214431783153,0.843395719028814,0.822337057525906,0.790612078192662,0.70694369353829,0.551238732281425,0.351716906942172,0.282747216746672,0.217846036874914
0.382522471608627,0.474885803941962,0.538438424046693,0.60760648550969,0.654389341383318,0.687123514463896,0.720640929160788,0.739176185743275,0.767471160228982,0.776900804779665,0.811440579940955,0.828738837474983,0.861789070649864,0.881239458510564,0.910286237809881,0.936717682466285,0.962975918436277,0.986167972926135,1,0.990212735778447,0.953023029933764,0.938876153830147,0.910326883526526,0.895184021716159,0.859432243534355,0.836552196673996,0.80116897199513,0.710529675364473,0.549432179007443,0.348163093443821,0.283575099837394,0.220662328024469
0.371483461179877,0.463557114109029,0.52784952563993,0.597158081531692,0.645342244821338,0.68042635904876,0.713897138033706,0.731541135497097,0.760500758435776,0.771041053545822,0.803202390952661,0.818104492475511,0.848253598158296,0.865384268556737,0.893015505709807,0.918528480251889,0.944434405656973,0.970778383610521,0.990212735778447,1,0.985238365101937,0.972730226096016,0.941884128664232,0.923879648976598,0.884996267646322,0.86003487973103,0.821750496633375,0.726051826040797,0.562832623384216,0.358872553445211,0.299048319762201,0.235855716446276
0.349001781148287,0.439684439108688,0.504734839668179,0.573909159869041,0.623658815301732,0.661506943749005,0.694821200704198,0.711529041053545,0.74177407616718,0.754511451468875,0.783967766356725,0.796351803222786,0.823043947083616,0.837395335143276,0.862819623191692,0.886952279532865,0.912409585159522,0.936612380158859,0.953023029933764,0.985238365101937,1,0.990054839803015,0.957172470262742,0.935618271897801,0.893566387789891,0.867133215546309,0.827259201814256,0.729581225356318,0.568888852603283,0.366292515046924,0.312132385002009,0.249174061195432
0.340008877235246,0.429498968632153,0.493802783404581,0.56144342629033,0.611228897816624,0.650326090546948,0.684022294630754,0.701020955411171,0.732187061383127,0.746235479730918,0.773633285563088,0.784323892420659,0.810571982865779,0.824612849940855,0.849434172517109,0.873439151840263,0.899303682932608,0.923185063842453,0.938876153830147,0.972730226096016,0.990054839803015,1,0.988220689010652,0.966759555293804,0.923905340908575,0.897885674165116,0.856383561044517,0.752533001862698,0.591101938516967,0.385525076335433,0.332697041191246,0.267041740568112
0.326819131269878,0.413430801054291,0.475519651088023,0.54015579842502,0.588747145311869,0.628004934363094,0.661467753483259,0.678585923538659,0.709938119459262,0.724801651688476,0.749817723496102,0.758830358394654,0.784594562285965,0.798438278444842,0.822441047819246,0.846036542374076,0.871896208278837,0.895274881444562,0.910326883526526,0.941884128664232,0.957172470262742,0.988220689010652,1,0.97960867674,0.937217609667726,0.912392684048399,0.870186299695226,0.761981252947341,0.602588270476899,0.397663974259263,0.346484397447588,0.279164993089208
0.325849743702003,0.41363876906938,0.475350464706849,0.536686922159446,0.582874800688566,0.620494733384863,0.650893542140572,0.664456523587158,0.697481382382293,0.715268773118514,0.739941591427059,0.748627839975383,0.772732516247293,0.785594925400846,0.809745613939244,0.832485789381312,0.85622202343094,0.879214431783153,0.895184021716159,0.923879648976598,0.935618271897801,0.966759555293804,0.97960867674,1,0.987939265035025,0.961719967562227,0.918726957592538,0.808536183126601,0.639080027718699,0.420095027537262,0.362487138523486,0.290552326309892
0.314411573062255,0.400804700454548,0.460706150337873,0.517703986568876,0.560867338896741,0.596447640658869,0.623842862223922,0.634492764361485,0.668491304536976,0.688729687982751,0.712488006529867,0.720667702142197,0.742626022914396,0.754359662464455,0.778414581053973,0.800093857542436,0.821476964935475,0.843395719028814,0.859432243534355,0.884996267646322,0.893566387789891,0.923905340908575,0.937217609667726,0.987939265035025,1,0.979212703878851,0.939860769648304,0.829368636165746,0.655265793797261,0.429734365116615,0.368516572481016,0.294395452108335
0.292613951391413,0.377359493513916,0.436708515275901,0.490881580436494,0.533264279760242,0.56955848421765,0.597284427009381,0.608742660832119,0.646185793165481,0.6710669387991,0.694194557135006,0.701898462878367,0.721622484826555,0.732799746234954,0.759383643071338,0.781953352173563,0.802103982810167,0.822337057525906,0.836552196673996,0.86003487973103,0.867133215546309,0.897885674165116,0.912392684048399,0.961719967562227,0.979212703878851,1,0.983355809083829,0.862633503090174,0.681479799224769,0.448560225569831,0.386825624617444,0.309884753175332
0.255634268163443,0.337693255330235,0.397520738248368,0.450267192531987,0.493747915098619,0.532883178963862,0.56149237779227,0.573896348111549,0.610751659694071,0.635803002393529,0.659575761258456,0.668424599857853,0.686462166782044,0.697258873891626,0.724887965358905,0.749188034371805,0.771728632242465,0.790612078192662,0.80116897199513,0.821750496633375,0.827259201814256,0.856383561044517,0.870186299695226,0.918726957592538,0.939860769648304,0.983355809083829,1,0.927764186063596,0.747200519756072,0.488057199674364,0.414717271768798,0.329678908694238
0.183856295425584,0.257928059473646,0.317163720586952,0.368381799099189,0.413971720943944,0.457501084684323,0.486557183354091,0.499536498507622,0.527683354614104,0.544589363305531,0.569957732009176,0.582115818759015,0.598580842332119,0.608801816172923,0.633812100748232,0.660036371902351,0.68968443012194,0.70694369353829,0.710529675364473,0.726051826040797,0.729581225356318,0.752533001862698,0.761981252947341,0.808536183126601,0.829368636165746,0.862633503090174,0.927764186063596,1,0.840444760754488,0.53740067451227,0.438343423645546,0.340840287771131
0.118491027134049,0.169109978233327,0.219966440668978,0.279632320293176,0.325812242483708,0.362434222441108,0.384180248221636,0.391736878584348,0.407576021964577,0.413905422446558,0.43096177934975,0.438622295731179,0.453759237613715,0.464087101983869,0.485247852128105,0.509262292315104,0.538171455792647,0.551238732281425,0.549432179007443,0.562832623384216,0.568888852603283,0.591101938516967,0.602588270476899,0.639080027718699,0.655265793797261,0.681479799224769,0.747200519756072,0.840444760754488,1,0.904905335504137,0.680941448845796,0.46910498667904
0.0669134289043904,0.0922878636182193,0.127235998808574,0.182481883886317,0.219721509645886,0.242808353054523,0.254692496491288,0.256491503268409,0.262442287542942,0.261851477131539,0.268833540945323,0.270625300546404,0.282328874899463,0.290944591851644,0.305902240108233,0.323097895904474,0.343868153750407,0.351716906942172,0.348163093443821,0.358872553445211,0.366292515046924,0.385525076335433,0.397663974259263,0.420095027537262,0.429734365116615,0.448560225569831,0.488057199674364,0.53740067451227,0.904905335504137,1,0.730449162786057,0.474941889442541
-0.00223028548618246,0.0258372266905679,0.0708404875727184,0.132374892989221,0.178954483135921,0.213350433190992,0.22425993151228,0.220623874915889,0.225627608032668,0.225779492714553,0.229833323460861,0.228938738049044,0.234295840723168,0.23871737155515,0.252608140226546,0.265046928794756,0.276410411387368,0.282747216746672,0.283575099837394,0.299048319762201,0.312132385002009,0.332697041191246,0.346484397447588,0.362487138523486,0.368516572481016,0.386825624617444,0.414717271768798,0.438343423645546,0.680941448845796,0.730449162786057,1,0.947543470854005
-0.0294820838278435,-0.00309513203154345,0.0399722427500193,0.0941466282747373,0.137666680477346,0.172339930135355,0.181678051354689,0.176622694674438,0.18108335436047,0.182071186767739,0.184855483065102,0.1833330571745,0.185135768600842,0.18701494931844,0.198503874099035,0.207153689387703,0.212891884892086,0.217846036874914,0.220662328024469,0.235855716446276,0.249174061195432,0.267041740568112,0.279164993089208,0.290552326309892,0.294395452108335,0.309884753175332,0.329678908694238,0.340840287771131,0.46910498667904,0.474941889442541,0.947543470854005,1
