1,0.910027686271408,0.883965307530093,0.864587232733001,0.855032577964622,0.847489825762254,0.842389222460423,0.835252863947752,0.827531265046311,0.819540136685782,0.814299866944816,0.810873181713446,0.805613455936114,0.799352333673961,0.793182078605787,0.785147035203032,0.777773966079333,0.769452586975418,0.761395530692302,0.751910611466703,0.740089108568397,0.729967989457917,0.721967389897746,0.711147750629244,0.700029536426782,0.682703947479926,0.671461678927165,0.644389484937983,0.609462567702084,0.549179723738058,0.452931077706646,0.186592229645113
0.910027686271408,1,0.971732901357806,0.955639515762487,0.944814433875095,0.938653169933179,0.932519817552545,0.924659537641557,0.918112480570284,0.910452343778834,0.905441516627086,0.901421690840145,0.895519000603975,0.8925117095286,0.886445956807149,0.880771182658697,0.873988502504856,0.866628875810112,0.85919752582361,0.84904843969492,0.836981077439801,0.8259465657766,0.817702305188499,0.807737476775815,0.797652857159849,0.781387011260001,0.769593577580494,0.740103168194647,0.708062885067177,0.64681207221773,0.539220050845319,0.209526628171883
0.883965307530093,0.971732901357806,1,0.983211492392153,0.973592537012617,0.966436537638811,0.959975373356768,0.953063178345457,0.946518277086285,0.940435693585098,0.935455563976253,0.931157931514621,0.926453768247569,0.923106630936884,0.916147139264354,0.910514452642186,0.903019153863745,0.896195497196927,0.888683623364862,0.881248030924966,0.870481827043445,0.859548710560382,0.850793970614087,0.842090242516101,0.83274249200852,0.817656266138747,0.807353666927625,0.778804043065086,0.746444381464075,0.690672047374295,0.586649239900397,0.232752779898334
0.864587232733001,0.955639515762487,0.983211492392153,1,0.99182333501187,0.985937689749419,0.980477330642721,0.974002720897503,0.967855303959709,0.963207773279175,0.959237623638015,0.955657789703596,0.95052395017175,0.946975528766996,0.940263832568172,0.934476947447203,0.928538595408704,0.92177441969469,0.913924128349891,0.906320813657426,0.896732289696711,0.886433707901608,0.877592992072775,0.869923565094495,0.860816386918537,0.845841797917103,0.834761910034373,0.807371290106403,0.776352552564048,0.722012054291753,0.612887814021621,0.257570455743173
0.855032577964622,0.944814433875095,0.973592537012617,0.99182333501187,1,0.994122822186862,0.988684304359083,0.982519654231616,0.97664768171632,0.972303488841367,0.968944074202007,0.965440591170913,0.960495564292766,0.956655935146524,0.950349667817576,0.945037485813588,0.939208342019635,0.932127727135823,0.924280124670468,0.916656698249899,0.906833229768988,0.896742067861553,0.888805390892533,0.88153839182071,0.873561158035091,0.859304083525509,0.849014847097436,0.822726666314123,0.79198581083431,0.739751619749911,0.633223969134692,0.281233705870261
0.847489825762254,0.938653169933179,0.966436537638811,0.985937689749419,0.994122822186862,1,0.994503228894764,0.988749375170093,0.983339121311427,0.978969492843603,0.975311298778793,0.971934899588854,0.967616754955471,0.963672333850075,0.958304406823874,0.9531187700855,0.947227730022853,0.940157433818856,0.932751283745533,0.925337357297603,0.916254341934054,0.906673099787012,0.899022163578833,0.891503379302574,0.8840829428484,0.870736714019395,0.86086603754205,0.835339956300551,0.804266815191721,0.751644372864233,0.644706608792938,0.290097097415272
0.842389222460423,0.932519817552545,0.959975373356768,0.980477330642721,0.988684304359083,0.994503228894764,1,0.995338497204809,0.990262966176012,0.985717712843368,0.981777005430042,0.978109086334104,0.973420746967013,0.969015187860313,0.963775900446804,0.958733226617377,0.952801203583674,0.945589196762327,0.938196174904672,0.930761716258026,0.921600598930779,0.912686461314291,0.905550444681498,0.897486153586347,0.890316377678946,0.877135485641406,0.867430507077731,0.842480123181645,0.810970912305458,0.757589931930853,0.649572001319655,0.29585596380562
0.835252863947752,0.924659537641557,0.953063178345457,0.974002720897503,0.982519654231616,0.988749375170093,0.995338497204809,1,0.995601149747096,0.99145552601776,0.987763996387764,0.983544732416018,0.978255880636101,0.973527161735435,0.968668853480419,0.963378689357191,0.957898818525337,0.950720174542412,0.943633967747815,0.93661853755867,0.928247329524777,0.920175203035149,0.913995022137168,0.906526107140872,0.899504002147685,0.886323845564229,0.87717130687589,0.853131754694174,0.822928599152616,0.771821829411044,0.664740040462044,0.315846212698148
0.827531265046311,0.918112480570284,0.946518277086285,0.967855303959709,0.97664768171632,0.983339121311427,0.990262966176012,0.995601149747096,1,0.996249755175083,0.99245845129117,0.988173540614382,0.983150851035626,0.978049053647478,0.972869473294097,0.96787816866151,0.962523783935227,0.955360048663722,0.948610737136291,0.941515386182891,0.933365984684149,0.925646836045778,0.919301812174991,0.911941417389187,0.905396522380187,0.892674285931957,0.883919880769233,0.861103191022096,0.831972245588493,0.781497590896684,0.674157583314365,0.327048354789503
0.819540136685782,0.910452343778834,0.940435693585098,0.963207773279175,0.972303488841367,0.978969492843603,0.985717712843368,0.99145552601776,0.996249755175083,1,0.996862643652837,0.992855391526627,0.987718784189544,0.982224775896926,0.977127239309298,0.972288078675935,0.966790738160537,0.959522461399103,0.952883583337699,0.946321935322415,0.938735061369106,0.931757296698483,0.925754306574046,0.918820939350799,0.912740988393065,0.900807722064599,0.892311593884093,0.870453579131922,0.842889715922144,0.793737673552073,0.68789864785525,0.337440719084233
0.814299866944816,0.905441516627086,0.935455563976253,0.959237623638015,0.968944074202007,0.975311298778793,0.981777005430042,0.987763996387764,0.99245845129117,0.996862643652837,1,0.996745792543179,0.992136007066654,0.987052870610187,0.982134782087169,0.977389132222022,0.971831226722936,0.965191323825894,0.958634434382004,0.952004630388429,0.944220111335971,0.937491564275712,0.931768141323009,0.925722128551397,0.919277608987121,0.907565661941436,0.898919134955696,0.878339475306555,0.850817450827954,0.80152352357709,0.697640048157614,0.347590923164853
0.810873181713446,0.901421690840145,0.931157931514621,0.955657789703596,0.965440591170913,0.971934899588854,0.978109086334104,0.983544732416018,0.988173540614382,0.992855391526627,0.996745792543179,1,0.996413071516037,0.991915416656266,0.98716201907113,0.982680564508952,0.9768516538567,0.970682216243095,0.964095841571178,0.957706929550535,0.950267439610853,0.943638520200009,0.937912283843095,0.932338094456212,0.926080592832024,0.914443281253287,0.906259169465646,0.887011590094869,0.859859185404585,0.810090396803529,0.706198017326456,0.354383545742262
0.805613455936114,0.895519000603975,0.926453768247569,0.95052395017175,0.960495564292766,0.967616754955471,0.973420746967013,0.978255880636101,0.983150851035626,0.987718784189544,0.992136007066654,0.996413071516037,1,0.996651080170792,0.992206066164023,0.987968149073343,0.982182802533744,0.976528810032207,0.970335584973331,0.964009058137686,0.957085296578203,0.950311424976723,0.944510709276101,0.93943708661563,0.933725725098636,0.922211967746234,0.914461410379898,0.895706432200909,0.868709274659998,0.820213685553653,0.717481807064108,0.363562663504808
0.799352333673961,0.8925117095286,0.923106630936884,0.946975528766996,0.956655935146524,0.963672333850075,0.969015187860313,0.973527161735435,0.978049053647478,0.982224775896926,0.987052870610187,0.991915416656266,0.996651080170792,1,0.996778291151074,0.992782144109803,0.987673072425262,0.982559350159865,0.976550651975432,0.970629493753926,0.963714752881268,0.956635514486877,0.951204935511236,0.946367252516413,0.940626800551796,0.929661527410533,0.922220868446443,0.904046567227513,0.877603862885533,0.828867888394111,0.728031934417036,0.373468525930986
0.793182078605787,0.886445956807149,0.916147139264354,0.940263832568172,0.950349667817576,0.958304406823874,0.963775900446804,0.968668853480419,0.972869473294097,0.977127239309298,0.982134782087169,0.98716201907113,0.992206066164023,0.996778291151074,1,0.997008670522229,0.992768164554143,0.988112549598478,0.982726064991673,0.97682949502457,0.970373166436938,0.963431171767429,0.958007693502255,0.953298253805042,0.94772005547076,0.937506301887878,0.930586842128628,0.91380032739488,0.887969424284208,0.840564791061534,0.740676929785165,0.390399781920632
0.785147035203032,0.880771182658697,0.910514452642186,0.934476947447203,0.945037485813588,0.9531187700855,0.958733226617377,0.963378689357191,0.96787816866151,0.972288078675935,0.977389132222022,0.982680564508952,0.987968149073343,0.992782144109803,0.997008670522229,1,0.996578487913047,0.992427722643728,0.98746393245038,0.981727658033409,0.975582101889207,0.968897444812072,0.963694853120032,0.959172896648468,0.953928186599217,0.944412302521655,0.937596607852781,0.921669209511962,0.896991386638422,0.850688947228368,0.751419581394693,0.400296650094051
0.777773966079333,0.873988502504856,0.903019153863745,0.928538595408704,0.939208342019635,0.947227730022853,0.952801203583674,0.957898818525337,0.962523783935227,0.966790738160537,0.971831226722936,0.9768516538567,0.982182802533744,0.987673072425262,0.992768164554143,0.996578487913047,1,0.996585900746794,0.992174132068173,0.986476528008901,0.980862930360375,0.974768496744371,0.969541329793113,0.964846886142601,0.959392165200307,0.950105444520411,0.94357236260446,0.928218789637344,0.904246207556965,0.858480839946426,0.759847659392447,0.408783546913555
0.769452586975418,0.866628875810112,0.896195497196927,0.92177441969469,0.932127727135823,0.940157433818856,0.945589196762327,0.950720174542412,0.955360048663722,0.959522461399103,0.965191323825894,0.970682216243095,0.976528810032207,0.982559350159865,0.988112549598478,0.992427722643728,0.996585900746794,1,0.996721078693807,0.991432821948239,0.986191694724094,0.980091394833894,0.97470377259361,0.969486576322555,0.96442361529329,0.95529873354774,0.948610046613331,0.934007182338962,0.910585805991623,0.86401562992446,0.76777469238242,0.417207963835159
0.761395530692302,0.85919752582361,0.888683623364862,0.913924128349891,0.924280124670468,0.932751283745533,0.938196174904672,0.943633967747815,0.948610737136291,0.952883583337699,0.958634434382004,0.964095841571178,0.970335584973331,0.976550651975432,0.982726064991673,0.98746393245038,0.992174132068173,0.996721078693807,1,0.996221639625326,0.991555538990104,0.986019807086152,0.980738134317529,0.975812721164534,0.970793382731185,0.962060317055955,0.955054038998861,0.94125823532077,0.918414989885531,0.872087644333755,0.778181807338374,0.428483026470323
0.751910611466703,0.84904843969492,0.881248030924966,0.906320813657426,0.916656698249899,0.925337357297603,0.930761716258026,0.93661853755867,0.941515386182891,0.946321935322415,0.952004630388429,0.957706929550535,0.964009058137686,0.970629493753926,0.97682949502457,0.981727658033409,0.986476528008901,0.991432821948239,0.996221639625326,1,0.996712401092894,0.99206077030508,0.987269854261905,0.982847712316547,0.977555747478362,0.969280945474895,0.962399192446687,0.948705953026949,0.926621177820767,0.88319619221418,0.795075735009351,0.440683782226664
0.740089108568397,0.836981077439801,0.870481827043445,0.896732289696711,0.906833229768988,0.916254341934054,0.921600598930779,0.928247329524777,0.933365984684149,0.938735061369106,0.944220111335971,0.950267439610853,0.957085296578203,0.963714752881268,0.970373166436938,0.975582101889207,0.980862930360375,0.986191694724094,0.991555538990104,0.996712401092894,1,0.99667012711781,0.992219707154547,0.987697073707495,0.982614922968528,0.974797176319725,0.968515087576573,0.95582208496551,0.934887432980463,0.89278886211265,0.804688607276376,0.450905090647257
0.729967989457917,0.8259465657766,0.859548710560382,0.886433707901608,0.896742067861553,0.906673099787012,0.912686461314291,0.920175203035149,0.925646836045778,0.931757296698483,0.937491564275712,0.943638520200009,0.950311424976723,0.956635514486877,0.963431171767429,0.968897444812072,0.974768496744371,0.980091394833894,0.986019807086152,0.99206077030508,0.99667012711781,1,0.99648233854463,0.991782897681772,0.986474485036454,0.979008732323083,0.972825497716421,0.960637747236661,0.94072464923868,0.900193438053488,0.812920939522474,0.456891920238516
0.721967389897746,0.817702305188499,0.850793970614087,0.877592992072775,0.888805390892533,0.899022163578833,0.905550444681498,0.913995022137168,0.919301812174991,0.925754306574046,0.931768141323009,0.937912283843095,0.944510709276101,0.951204935511236,0.958007693502255,0.963694853120032,0.969541329793113,0.97470377259361,0.980738134317529,0.987269854261905,0.992219707154547,0.99648233854463,1,0.995946158787436,0.991484075208146,0.984910787144125,0.978113729235052,0.967127592857083,0.94791501689006,0.90765317322711,0.821937191472136,0.470628972905858
0.711147750629244,0.807737476775815,0.842090242516101,0.869923565094495,0.88153839182071,0.891503379302574,0.897486153586347,0.906526107140872,0.911941417389187,0.918820939350799,0.925722128551397,0.932338094456212,0.93943708661563,0.946367252516413,0.953298253805042,0.959172896648468,0.964846886142601,0.969486576322555,0.975812721164534,0.982847712316547,0.987697073707495,0.991782897681772,0.995946158787436,1,0.99625512525497,0.990054656606111,0.983729848343697,0.973898700573593,0.955730313515912,0.917796282142667,0.834359640741056,0.480564733694967
0.700029536426782,0.797652857159849,0.83274249200852,0.860816386918537,0.873561158035091,0.8840829428484,0.890316377678946,0.899504002147685,0.905396522380187,0.912740988393065,0.919277608987121,0.926080592832024,0.933725725098636,0.940626800551796,0.94772005547076,0.953928186599217,0.959392165200307,0.96442361529329,0.970793382731185,0.977555747478362,0.982614922968528,0.986474485036454,0.991484075208146,0.99625512525497,1,0.995317153057948,0.988697160414078,0.979217447648794,0.962530942471353,0.924743624409122,0.842889525840348,0.488861838266563
0.682703947479926,0.781387011260001,0.817656266138747,0.845841797917103,0.859304083525509,0.870736714019395,0.877135485641406,0.886323845564229,0.892674285931957,0.900807722064599,0.907565661941436,0.914443281253287,0.922211967746234,0.929661527410533,0.937506301887878,0.944412302521655,0.950105444520411,0.95529873354774,0.962060317055955,0.969280945474895,0.974797176319725,0.979008732323083,0.984910787144125,0.990054656606111,0.995317153057948,1,0.994210266503218,0.98599062422204,0.970864173507496,0.93485380175259,0.855927528205423,0.501817127698229
0.671461678927165,0.769593577580494,0.807353666927625,0.834761910034373,0.849014847097436,0.86086603754205,0.867430507077731,0.87717130687589,0.883919880769233,0.892311593884093,0.898919134955696,0.906259169465646,0.914461410379898,0.922220868446443,0.930586842128628,0.937596607852781,0.94357236260446,0.948610046613331,0.955054038998861,0.962399192446687,0.968515087576573,0.972825497716421,0.978113729235052,0.983729848343697,0.988697160414078,0.994210266503218,1,0.992373719681936,0.97843958962906,0.944787606699471,0.866472985608333,0.508963117017556
0.644389484937983,0.740103168194647,0.778804043065086,0.807371290106403,0.822726666314123,0.835339956300551,0.842480123181645,0.853131754694174,0.861103191022096,0.870453579131922,0.878339475306555,0.887011590094869,0.895706432200909,0.904046567227513,0.91380032739488,0.921669209511962,0.928218789637344,0.934007182338962,0.94125823532077,0.948705953026949,0.95582208496551,0.960637747236661,0.967127592857083,0.973898700573593,0.979217447648794,0.98599062422204,0.992373719681936,1,0.989569372012878,0.958695604912405,0.884352474158469,0.531075027352806
0.609462567702084,0.708062885067177,0.746444381464075,0.776352552564048,0.79198581083431,0.804266815191721,0.810970912305458,0.822928599152616,0.831972245588493,0.842889715922144,0.850817450827954,0.859859185404585,0.868709274659998,0.877603862885533,0.887969424284208,0.896991386638422,0.904246207556965,0.910585805991623,0.918414989885531,0.926621177820767,0.934887432980463,0.94072464923868,0.94791501689006,0.955730313515912,0.962530942471353,0.970864173507496,0.97843958962906,0.989569372012878,1,0.976641515745533,0.912660160518347,0.551897630600522
0.549179723738058,0.64681207221773,0.690672047374295,0.722012054291753,0.739751619749911,0.751644372864233,0.757589931930853,0.771821829411044,0.781497590896684,0.793737673552073,0.80152352357709,0.810090396803529,0.820213685553653,0.828867888394111,0.840564791061534,0.850688947228368,0.858480839946426,0.86401562992446,0.872087644333755,0.88319619221418,0.89278886211265,0.900193438053488,0.90765317322711,0.917796282142667,0.924743624409122,0.93485380175259,0.944787606699471,0.958695604912405,0.976641515745533,1,0.944867028109537,0.586803639967538
0.452931077706646,0.539220050845319,0.586649239900397,0.612887814021621,0.633223969134692,0.644706608792938,0.649572001319655,0.664740040462044,0.674157583314365,0.68789864785525,0.697640048157614,0.706198017326456,0.717481807064108,0.728031934417036,0.740676929785165,0.751419581394693,0.759847659392447,0.76777469238242,0.778181807338374,0.795075735009351,0.804688607276376,0.812920939522474,0.821937191472136,0.834359640741056,0.842889525840348,0.855927528205423,0.866472985608333,0.884352474158469,0.912660160518347,0.944867028109537,1,0.643615397557766
0.186592229645113,0.209526628171883,0.232752779898334,0.257570455743173,0.281233705870261,0.290097097415272,0.29585596380562,0.315846212698148,0.327048354789503,0.337440719084233,0.347590923164853,0.354383545742262,0.363562663504808,0.373468525930986,0.390399781920632,0.400296650094051,0.408783546913555,0.417207963835159,0.428483026470323,0.440683782226664,0.450905090647257,0.456891920238516,0.470628972905858,0.480564733694967,0.488861838266563,0.501817127698229,0.508963117017556,0.531075027352806,0.551897630600522,0.586803639967538,0.643615397557766,1
