1,0.86868938021549,0.831983800815494,0.816095572566631,0.798878041243169,0.786067105420103,0.778402566557434,0.764849694635926,0.758578465616292,0.7522585366053,0.745107863049555,0.739853122472846,0.726031559853891,0.721262866333716,0.716501758968724,0.707191182103975,0.697346861138834,0.689822593831315,0.683902248486588,0.67648645021102,0.664294131044177,0.657515893980383,0.650512077600284,0.640840605610499,0.625491905648669,0.613964952524443,0.595396672422121,0.561592830603165,0.494314433404757,0.395260678408307,0.169365952939499,0.141959033609726
0.86868938021549,1,0.957332560553329,0.930843145325397,0.915550538518596,0.906384544510606,0.898746961458881,0.886246826530883,0.879236812593205,0.87169208627669,0.862008836530276,0.855637914811006,0.844385883303981,0.833704749367942,0.822962768363196,0.817471124436559,0.812674256727603,0.806443430129717,0.801527091616597,0.794219200683819,0.784921878102391,0.778508277207152,0.769941279518146,0.756527818213593,0.740944729521413,0.724008316428664,0.703257896089522,0.664702698619506,0.592315470453013,0.486465304995195,0.228776558111804,0.17983291947896
0.831983800815494,0.957332560553329,1,0.978023781174772,0.963323175609985,0.952981913735921,0.943931158110856,0.934599602336994,0.92854833002466,0.921426793562795,0.912752963847346,0.904282177170598,0.893963783672561,0.88401548483969,0.873439730933869,0.864836885179335,0.859194563044777,0.853191727349983,0.846273398030354,0.840708462418007,0.832490906123187,0.826649618056409,0.819014760015217,0.807479914515576,0.790384815806151,0.771742953905437,0.749681881016146,0.713861121358486,0.641525698861964,0.528923578155093,0.24924940760562,0.190370246022738
0.816095572566631,0.930843145325397,0.978023781174772,1,0.98434290376205,0.975318459676775,0.966009535652817,0.956776075903681,0.951100024041538,0.943353002185441,0.935070601913964,0.927280670277788,0.916421399284346,0.907070469164423,0.897225865630086,0.888749031885168,0.884506840137711,0.879662343644978,0.873129165094248,0.867001435653545,0.85932297555197,0.852891227682161,0.844553319740155,0.833330534079472,0.818264428971446,0.80183603731293,0.779651422712049,0.742124446610707,0.668211753087123,0.553238934581556,0.268683448425044,0.211374401780377
0.798878041243169,0.915550538518596,0.963323175609985,0.98434290376205,1,0.99008435099246,0.980949681477208,0.972524084533655,0.966971196474263,0.959519919060422,0.950705401526673,0.942545598186621,0.933118078188821,0.92503075640449,0.91533991327224,0.906746645685546,0.903277903984602,0.898547247016328,0.890664771281085,0.885091397092691,0.877790408760583,0.870692531911434,0.862707334884755,0.852146930232692,0.838118401385978,0.822586769400561,0.800499714718258,0.76484490110545,0.694285801376064,0.582216344526489,0.296914556010912,0.223848916173352
0.786067105420103,0.906384544510606,0.952981913735921,0.975318459676775,0.99008435099246,1,0.992868692627864,0.985099250966365,0.97761254608603,0.970642552526139,0.961053712978482,0.952131861246318,0.94256963821106,0.933929979011595,0.924659747613064,0.916567612461466,0.91265928402394,0.908540978956541,0.901649100263277,0.896185278041541,0.890048539552453,0.883007112723523,0.87537299356156,0.864772976546683,0.851506317298441,0.83610749204573,0.815048177171974,0.778706213095512,0.711108347691408,0.602201593347031,0.317711287868055,0.240469946132747
0.778402566557434,0.898746961458881,0.943931158110856,0.966009535652817,0.980949681477208,0.992868692627864,1,0.993113886186838,0.985911604684913,0.979261441182015,0.969997447508259,0.960624552346428,0.950687926269667,0.941262869989814,0.932007671090642,0.923863179710242,0.919286046782108,0.915384536634527,0.908608527626599,0.903526709575397,0.897669719349931,0.891149160139068,0.883838605378646,0.873444577131672,0.860524637106732,0.845621313137123,0.824960942952567,0.789101833866681,0.72129862161148,0.612181978127171,0.327909969113832,0.246415842448663
0.764849694635926,0.886246826530883,0.934599602336994,0.956776075903681,0.972524084533655,0.985099250966365,0.993113886186838,1,0.993102129852776,0.9869200622753,0.977786966260764,0.968972722143284,0.959644035499261,0.950875441324654,0.941914575345174,0.934295206143913,0.930072450983599,0.926905988012663,0.92099766587605,0.915663816551761,0.910597859015975,0.904267223052755,0.896989920437297,0.887240029341703,0.874539727330172,0.860102205774168,0.84018182255061,0.803983646629874,0.737911362540877,0.630647344899819,0.343395747581069,0.263015579080418
0.758578465616292,0.879236812593205,0.92854833002466,0.951100024041538,0.966971196474263,0.97761254608603,0.985911604684913,0.993102129852776,1,0.994213275962621,0.985104391521653,0.975836929562298,0.966724438872119,0.957267623007378,0.94879140857181,0.941084797192382,0.936049290514635,0.933023424644228,0.927202287440639,0.922089987623815,0.916747122223324,0.910961447848811,0.903472034902423,0.893476216502017,0.880411657031594,0.865510366545151,0.846218141536001,0.81083386422606,0.745211914797867,0.638181131327758,0.350728787559089,0.26658066825525
0.7522585366053,0.87169208627669,0.921426793562795,0.943353002185441,0.959519919060422,0.970642552526139,0.979261441182015,0.9869200622753,0.994213275962621,1,0.993291572422719,0.984861563142611,0.975253217919166,0.965709650085983,0.956464201657732,0.948470607123104,0.943028777688645,0.940058215049388,0.934329324311846,0.929978791751349,0.925151307170537,0.919311493483657,0.912327841449132,0.902724273493008,0.890872519054186,0.875534087128312,0.856923297266431,0.821688006428388,0.758159697944347,0.651689574000213,0.362967900772301,0.275368751347928
0.745107863049555,0.862008836530276,0.912752963847346,0.935070601913964,0.950705401526673,0.961053712978482,0.969997447508259,0.977786966260764,0.985104391521653,0.993291572422719,1,0.994262178507353,0.985793995528598,0.976456393219215,0.966751067379639,0.959136846997641,0.953184258914768,0.949497543159207,0.943490399284053,0.938805942087432,0.933254754066336,0.928147393286349,0.921245120085903,0.912699688806383,0.901760331959057,0.885733290470349,0.867776478234954,0.833744148259952,0.770363640955336,0.66307475390093,0.370517160067141,0.27454501127654
0.739853122472846,0.855637914811006,0.904282177170598,0.927280670277788,0.942545598186621,0.952131861246318,0.960624552346428,0.968972722143284,0.975836929562298,0.984861563142611,0.994262178507353,1,0.993921236276899,0.986544745034572,0.977373640529953,0.970404690039502,0.963655911795929,0.959270564036986,0.953794958499456,0.949236423952882,0.944057034234381,0.939625379131648,0.932863516701435,0.925105745522253,0.915165571224127,0.899501775551818,0.882630356604891,0.849759726600061,0.787200360393446,0.680782855067251,0.386262524949089,0.289026185183441
0.726031559853891,0.844385883303981,0.893963783672561,0.916421399284346,0.933118078188821,0.94256963821106,0.950687926269667,0.959644035499261,0.966724438872119,0.975253217919166,0.985793995528598,0.993921236276899,1,0.995146411900483,0.987541685016539,0.981754994767256,0.97571389939605,0.971028739042572,0.965138242146975,0.960713315708542,0.955576314603981,0.951541497901801,0.9445618980686,0.936968736591725,0.928157631770268,0.913423886291472,0.89726694715659,0.867446024180087,0.806925771225248,0.703041222673755,0.40766681146506,0.306666160534834
0.721262866333716,0.833704749367942,0.88401548483969,0.907070469164423,0.92503075640449,0.933929979011595,0.941262869989814,0.950875441324654,0.957267623007378,0.965709650085983,0.976456393219215,0.986544745034572,0.995146411900483,1,0.994787794353596,0.989566114418474,0.983348581884743,0.978420269158233,0.97241534152583,0.968019833999278,0.962075457890436,0.957487571629053,0.951411422587906,0.943998998792046,0.935387511672175,0.921714492346643,0.906357823392961,0.877584821521992,0.818403989375418,0.715528510311839,0.420730715046979,0.319578025287531
0.716501758968724,0.822962768363196,0.873439730933869,0.897225865630086,0.91533991327224,0.924659747613064,0.932007671090642,0.941914575345174,0.94879140857181,0.956464201657732,0.966751067379639,0.977373640529953,0.987541685016539,0.994787794353596,1,0.995906482613089,0.989910587529598,0.984364320288283,0.978522185484178,0.97415307579014,0.968392479826062,0.964317488484475,0.95889035251031,0.951204674043147,0.943060864614915,0.930743127714747,0.916412974903892,0.887771883393887,0.828215207653916,0.728961119896751,0.437387823720569,0.333289327371416
0.707191182103975,0.817471124436559,0.864836885179335,0.888749031885168,0.906746645685546,0.916567612461466,0.923863179710242,0.934295206143913,0.941084797192382,0.948470607123104,0.959136846997641,0.970404690039502,0.981754994767256,0.989566114418474,0.995906482613089,1,0.995731984160088,0.99066317385438,0.985209077126658,0.979896268847826,0.973844700487695,0.969965651270011,0.964766284212484,0.957559321811959,0.949713721259672,0.938622979619223,0.924763711730441,0.897325483877897,0.838286546919379,0.740736519834641,0.451192070057955,0.345059878735418
0.697346861138834,0.812674256727603,0.859194563044777,0.884506840137711,0.903277903984602,0.91265928402394,0.919286046782108,0.930072450983599,0.936049290514635,0.943028777688645,0.953184258914768,0.963655911795929,0.97571389939605,0.983348581884743,0.989910587529598,0.995731984160088,1,0.99598595977254,0.990976228586596,0.985752004076815,0.979501749930961,0.975275760542115,0.969465647687398,0.962058051393377,0.953719362419957,0.942950562914028,0.929204480571864,0.902739669255003,0.843583833212655,0.747090831761725,0.457463876413985,0.349105980976731
0.689822593831315,0.806443430129717,0.853191727349983,0.879662343644978,0.898547247016328,0.908540978956541,0.915384536634527,0.926905988012663,0.933023424644228,0.940058215049388,0.949497543159207,0.959270564036986,0.971028739042572,0.978420269158233,0.984364320288283,0.99066317385438,0.99598595977254,1,0.995484004587157,0.990880143541229,0.985163251200765,0.980923373325194,0.975273531629911,0.96831337151059,0.960234000767409,0.949634062815921,0.936428776998009,0.910136399896567,0.852868529446378,0.757221192054727,0.469291261230897,0.356946790625643
0.683902248486588,0.801527091616597,0.846273398030354,0.873129165094248,0.890664771281085,0.901649100263277,0.908608527626599,0.92099766587605,0.927202287440639,0.934329324311846,0.943490399284053,0.953794958499456,0.965138242146975,0.97241534152583,0.978522185484178,0.985209077126658,0.990976228586596,0.995484004587157,1,0.995924319399785,0.990440632249585,0.986198179017538,0.980161563782612,0.973452911335791,0.9655413505069,0.955086833139932,0.942214137102515,0.917167149391126,0.861289102536613,0.768713978867424,0.482754493212257,0.371067246877874
0.67648645021102,0.794219200683819,0.840708462418007,0.867001435653545,0.885091397092691,0.896185278041541,0.903526709575397,0.915663816551761,0.922089987623815,0.929978791751349,0.938805942087432,0.949236423952882,0.960713315708542,0.968019833999278,0.97415307579014,0.979896268847826,0.985752004076815,0.990880143541229,0.995924319399785,1,0.99553898453372,0.991281419091284,0.985210999139419,0.97860810364986,0.971024394613347,0.961704086315501,0.94896346124594,0.924797024718632,0.872177049774665,0.781173634799017,0.495180605757587,0.385984822484201
0.664294131044177,0.784921878102391,0.832490906123187,0.85932297555197,0.877790408760583,0.890048539552453,0.897669719349931,0.910597859015975,0.916747122223324,0.925151307170537,0.933254754066336,0.944057034234381,0.955576314603981,0.962075457890436,0.968392479826062,0.973844700487695,0.979501749930961,0.985163251200765,0.990440632249585,0.99553898453372,1,0.996373732042162,0.99141469602039,0.985377929185078,0.977745616386587,0.968318139060084,0.957307581486372,0.933511291327311,0.883046492737834,0.795333254599786,0.511607935572069,0.398838033593948
0.657515893980383,0.778508277207152,0.826649618056409,0.852891227682161,0.870692531911434,0.883007112723523,0.891149160139068,0.904267223052755,0.910961447848811,0.919311493483657,0.928147393286349,0.939625379131648,0.951541497901801,0.957487571629053,0.964317488484475,0.969965651270011,0.975275760542115,0.980923373325194,0.986198179017538,0.991281419091284,0.996373732042162,1,0.995258353249697,0.989447969451246,0.981856653753583,0.973084483270136,0.963347989457094,0.940639614244019,0.891739903945328,0.806582055931235,0.52527761494662,0.407153817557968
0.650512077600284,0.769941279518146,0.819014760015217,0.844553319740155,0.862707334884755,0.87537299356156,0.883838605378646,0.896989920437297,0.903472034902423,0.912327841449132,0.921245120085903,0.932863516701435,0.9445618980686,0.951411422587906,0.95889035251031,0.964766284212484,0.969465647687398,0.975273531629911,0.980161563782612,0.985210999139419,0.99141469602039,0.995258353249697,1,0.994711622245169,0.987843166446463,0.979806451166855,0.970392976773212,0.948500795805841,0.900622536619542,0.814841388533979,0.533835771713705,0.417806110322046
0.640840605610499,0.756527818213593,0.807479914515576,0.833330534079472,0.852146930232692,0.864772976546683,0.873444577131672,0.887240029341703,0.893476216502017,0.902724273493008,0.912699688806383,0.925105745522253,0.936968736591725,0.943998998792046,0.951204674043147,0.957559321811959,0.962058051393377,0.96831337151059,0.973452911335791,0.97860810364986,0.985377929185078,0.989447969451246,0.994711622245169,1,0.993829037510416,0.985954664207771,0.977103177653004,0.957033902209391,0.910358653380814,0.825994935173556,0.546355823701736,0.429675193445653
0.625491905648669,0.740944729521413,0.790384815806151,0.818264428971446,0.838118401385978,0.851506317298441,0.860524637106732,0.874539727330172,0.880411657031594,0.890872519054186,0.901760331959057,0.915165571224127,0.928157631770268,0.935387511672175,0.943060864614915,0.949713721259672,0.953719362419957,0.960234000767409,0.9655413505069,0.971024394613347,0.977745616386587,0.981856653753583,0.987843166446463,0.993829037510416,1,0.993708265881637,0.984882566666879,0.967217877385941,0.924781063861587,0.84324636284646,0.574621454504184,0.452571612293917
0.613964952524443,0.724008316428664,0.771742953905437,0.80183603731293,0.822586769400561,0.83610749204573,0.845621313137123,0.860102205774168,0.865510366545151,0.875534087128312,0.885733290470349,0.899501775551818,0.913423886291472,0.921714492346643,0.930743127714747,0.938622979619223,0.942950562914028,0.949634062815921,0.955086833139932,0.961704086315501,0.968318139060084,0.973084483270136,0.979806451166855,0.985954664207771,0.993708265881637,1,0.991454025768988,0.975845705543407,0.937903819801619,0.858993195157617,0.594428326217629,0.468980307490502
0.595396672422121,0.703257896089522,0.749681881016146,0.779651422712049,0.800499714718258,0.815048177171974,0.824960942952567,0.84018182255061,0.846218141536001,0.856923297266431,0.867776478234954,0.882630356604891,0.89726694715659,0.906357823392961,0.916412974903892,0.924763711730441,0.929204480571864,0.936428776998009,0.942214137102515,0.94896346124594,0.957307581486372,0.963347989457094,0.970392976773212,0.977103177653004,0.984882566666879,0.991454025768988,1,0.988177209649868,0.953573639763828,0.879707342056553,0.624701417087516,0.484869609439842
0.561592830603165,0.664702698619506,0.713861121358486,0.742124446610707,0.76484490110545,0.778706213095512,0.789101833866681,0.803983646629874,0.81083386422606,0.821688006428388,0.833744148259952,0.849759726600061,0.867446024180087,0.877584821521992,0.887771883393887,0.897325483877897,0.902739669255003,0.910136399896567,0.917167149391126,0.924797024718632,0.933511291327311,0.940639614244019,0.948500795805841,0.957033902209391,0.967217877385941,0.975845705543407,0.988177209649868,1,0.973786493309175,0.906603003367549,0.66205738997089,0.52377282324503
0.494314433404757,0.592315470453013,0.641525698861964,0.668211753087123,0.694285801376064,0.711108347691408,0.72129862161148,0.737911362540877,0.745211914797867,0.758159697944347,0.770363640955336,0.787200360393446,0.806925771225248,0.818403989375418,0.828215207653916,0.838286546919379,0.843583833212655,0.852868529446378,0.861289102536613,0.872177049774665,0.883046492737834,0.891739903945328,0.900622536619542,0.910358653380814,0.924781063861587,0.937903819801619,0.953573639763828,0.973786493309175,1,0.956558916258715,0.750427407800519,0.603910080284866
0.395260678408307,0.486465304995195,0.528923578155093,0.553238934581556,0.582216344526489,0.602201593347031,0.612181978127171,0.630647344899819,0.638181131327758,0.651689574000213,0.66307475390093,0.680782855067251,0.703041222673755,0.715528510311839,0.728961119896751,0.740736519834641,0.747090831761725,0.757221192054727,0.768713978867424,0.781173634799017,0.795333254599786,0.806582055931235,0.814841388533979,0.825994935173556,0.84324636284646,0.858993195157617,0.879707342056553,0.906603003367549,0.956558916258715,1,0.856616004180435,0.676042534639659
0.169365952939499,0.228776558111804,0.24924940760562,0.268683448425044,0.296914556010912,0.317711287868055,0.327909969113832,0.343395747581069,0.350728787559089,0.362967900772301,0.370517160067141,0.386262524949089,0.40766681146506,0.420730715046979,0.437387823720569,0.451192070057955,0.457463876413985,0.469291261230897,0.482754493212257,0.495180605757587,0.511607935572069,0.52527761494662,0.533835771713705,0.546355823701736,0.574621454504184,0.594428326217629,0.624701417087516,0.66205738997089,0.750427407800519,0.856616004180435,1,0.732797565341405
0.141959033609726,0.17983291947896,0.190370246022738,0.211374401780377,0.223848916173352,0.240469946132747,0.246415842448663,0.263015579080418,0.26658066825525,0.275368751347928,0.27454501127654,0.289026185183441,0.306666160534834,0.319578025287531,0.333289327371416,0.345059878735418,0.349105980976731,0.356946790625643,0.371067246877874,0.385984822484201,0.398838033593948,0.407153817557968,0.417806110322046,0.429675193445653,0.452571612293917,0.468980307490502,0.484869609439842,0.52377282324503,0.603910080284866,0.676042534639659,0.732797565341405,1
