1,0.440020005057153,0.292172145722755,0.263074003430225,0.221100257289187,0.18906915765795,0.167503360344458,0.160429543409006,0.162790145390069,0.151738266434606,0.145039394490934,0.130533900516104,0.118031842828257,0.112733431654566,0.109509866966922,0.121182218298362,0.130489461847923,0.133720013481473,0.127521307020129,0.124065713136127,0.1245639212174,0.127177118915375,0.135472969596273,0.135032970470062,0.139536124725039,0.142395784244943,0.137116476606936,0.124678774048368,0.127585576818167,0.131410578210739,0.086676068419682,-0.0478402034346896
0.440020005057153,1,0.79618656899285,0.689547297382983,0.62429684698612,0.595622308982091,0.559624180168269,0.557744661334217,0.551017092082886,0.540473326121961,0.534311961513674,0.525534440748823,0.506929282301923,0.488770205511006,0.484519723763534,0.473265663406361,0.465051783086027,0.456265090550424,0.441942973888883,0.43151418158184,0.426962091912192,0.422817291356324,0.423612914700904,0.418004044305807,0.418898555793046,0.414471219203127,0.400520665841575,0.370886510160993,0.35227568010674,0.30594269496927,0.241590046113881,-0.000513245292906904
0.292172145722755,0.79618656899285,1,0.915140579868043,0.854230812211723,0.817746281403836,0.782961743635186,0.77277516354693,0.758059874072896,0.745668816130092,0.738536465801501,0.724012682503839,0.71339455879218,0.699943641360892,0.691827529812686,0.671962017958065,0.660703225184291,0.647826643020848,0.628709638641785,0.616530866270149,0.607747316151604,0.60292073764921,0.608615509089687,0.601781465503486,0.597130892247633,0.584854971993206,0.569548580667851,0.536525869555796,0.508540544273775,0.453468554918091,0.357549109567285,0.0040054679723998
0.263074003430225,0.689547297382983,0.915140579868043,1,0.948122890164801,0.908961411080469,0.872863832026355,0.856326967222641,0.834814755560876,0.821858563619949,0.814101761239711,0.798034274196608,0.784769462550371,0.771818196002671,0.763374457296546,0.743240758636155,0.73190914173062,0.716828687994712,0.699515991113939,0.688800819422494,0.681009911644364,0.671278160667744,0.670438224687655,0.660838573002806,0.652740441474339,0.637748342013417,0.621309247491381,0.590147481334659,0.558054498618378,0.500184481788369,0.405993735948979,0.0196673232711781
0.221100257289187,0.62429684698612,0.854230812211723,0.948122890164801,1,0.970624724462697,0.934554522120174,0.909187890485606,0.889591692183092,0.876736864817608,0.867705794816741,0.854152513680474,0.839792907635682,0.829776162598438,0.821280845123462,0.805502963718272,0.792897371499417,0.774685066445838,0.752987500903564,0.739797171988358,0.728798447269897,0.716536503233727,0.711058203839165,0.698122516607882,0.693714442029414,0.677774630503072,0.658775666265856,0.624755200869854,0.5978248693596,0.535272058021936,0.427173141720747,0.0450850811362492
0.18906915765795,0.595622308982091,0.817746281403836,0.908961411080469,0.970624724462697,1,0.973363763829988,0.947857030379221,0.928133660386883,0.913182791023642,0.900317011319557,0.887058506420626,0.871359846874661,0.859922284626556,0.852660488821172,0.838549474059573,0.825577937445263,0.807286418427348,0.78535568071699,0.770618458734199,0.761354156922929,0.747783761708281,0.741349032741271,0.727172365077853,0.723288996245221,0.70637180872316,0.685499447080565,0.653112055084072,0.627035828475498,0.558057595537706,0.453987936448248,0.0511107069269967
0.167503360344458,0.559624180168269,0.782961743635186,0.872863832026355,0.934554522120174,0.973363763829988,1,0.978276652987608,0.954498711511038,0.939683620057172,0.923327709669575,0.904915330102278,0.887426817646914,0.875596607641754,0.866458036267433,0.853704650895918,0.840878020249335,0.821469634691488,0.799192330176321,0.784367511557589,0.777051552369866,0.766968893873857,0.758414824372585,0.743785148897153,0.73860377116374,0.719017720312853,0.700218070981759,0.667682552582958,0.636911781614341,0.563257785174506,0.455165566965053,0.0408980173719449
0.160429543409006,0.557744661334217,0.77277516354693,0.856326967222641,0.909187890485606,0.947857030379221,0.978276652987608,1,0.980076986697397,0.962879083366892,0.943195935971966,0.925160128091521,0.902613867379411,0.889471669113593,0.879373516091602,0.86789470636614,0.853406584858129,0.831396398573108,0.810611608311967,0.797909012805867,0.790856930225454,0.780769840633519,0.77394096492481,0.758228003286798,0.75349264377,0.732687766229944,0.718314037084939,0.690657030365015,0.65665382172266,0.58113309853676,0.4660492633434,0.0358342036648977
0.162790145390069,0.551017092082886,0.758059874072896,0.834814755560876,0.889591692183092,0.928133660386883,0.954498711511038,0.980076986697397,1,0.98531215396438,0.962541301928775,0.944021128862609,0.92111106876801,0.905030130550827,0.890776274234341,0.877379762601651,0.861692772260506,0.837545603602539,0.816090841341168,0.804455436842276,0.796931609712869,0.789175900085431,0.785209604154957,0.771678823632264,0.769786841341469,0.750919562261446,0.739019491176878,0.70634276596612,0.667637813401335,0.592600854782923,0.471863066273759,0.0550198085952364
0.151738266434606,0.540473326121961,0.745668816130092,0.821858563619949,0.876736864817608,0.913182791023642,0.939683620057172,0.962879083366892,0.98531215396438,1,0.984335305101573,0.96526017469071,0.939831076629463,0.922341531502323,0.906923824718363,0.892894721778044,0.876766491191765,0.852358317170891,0.831841084412328,0.820813831008249,0.81209787017657,0.804227362338942,0.800428741233453,0.787284908508596,0.786133624501001,0.769349517724327,0.75787447873144,0.724608918554751,0.684516682408436,0.608355210203019,0.483436297631231,0.0491309433311902
0.145039394490934,0.534311961513674,0.738536465801501,0.814101761239711,0.867705794816741,0.900317011319557,0.923327709669575,0.943195935971966,0.962541301928775,0.984335305101573,1,0.98179971944331,0.954863706139949,0.935653317014433,0.917817952264302,0.902948512012172,0.887956478724364,0.865215053242256,0.844680742662495,0.832943725485573,0.822938837620411,0.814773819985862,0.812135352355237,0.800629490163892,0.796840198827304,0.777708050507849,0.766042865787945,0.733751845924624,0.69151502459929,0.616653253339495,0.488707024826921,0.0548021420235623
0.130533900516104,0.525534440748823,0.724012682503839,0.798034274196608,0.854152513680474,0.887058506420626,0.904915330102278,0.925160128091521,0.944021128862609,0.96526017469071,0.98179971944331,1,0.98307955820141,0.963500830418804,0.942457789011239,0.923609885600413,0.906641432926252,0.882683046054475,0.863753647047004,0.849777216486144,0.83794254361058,0.82895895291978,0.826227505689427,0.816607935521398,0.811597181430709,0.791537844336856,0.777290612743218,0.744579219094008,0.704064510261193,0.630336254710621,0.504584302768435,0.0581189826429324
0.118031842828257,0.506929282301923,0.71339455879218,0.784769462550371,0.839792907635682,0.871359846874661,0.887426817646914,0.902613867379411,0.92111106876801,0.939831076629463,0.954863706139949,0.98307955820141,1,0.983442504901344,0.962049060032325,0.939767061219621,0.921061218546584,0.897302996199305,0.878435865902395,0.862297618396398,0.848701397654922,0.836926638807226,0.832593630984063,0.821565460348713,0.816141818122301,0.796793052683541,0.783369828439218,0.752504749696913,0.712187093969899,0.638872895100264,0.518794656206245,0.0496885630222258
0.112733431654566,0.488770205511006,0.699943641360892,0.771818196002671,0.829776162598438,0.859922284626556,0.875596607641754,0.889471669113593,0.905030130550827,0.922341531502323,0.935653317014433,0.963500830418804,0.983442504901344,1,0.986012879437889,0.96267049806815,0.941774377109716,0.919632857417198,0.899543604022595,0.883337899213259,0.868783504752834,0.854689438549071,0.84789197071722,0.834178650624951,0.826944513790249,0.80570663109924,0.791646274555273,0.759874968912519,0.718963365953749,0.642467737299413,0.51780972320425,0.0463743938163774
0.109509866966922,0.484519723763534,0.691827529812686,0.763374457296546,0.821280845123462,0.852660488821172,0.866458036267433,0.879373516091602,0.890776274234341,0.906923824718363,0.917817952264302,0.942457789011239,0.962049060032325,0.986012879437889,1,0.983011770403512,0.961192504751729,0.939168993898398,0.916781348777312,0.897555155573018,0.882721128577466,0.867976264146985,0.862465936899671,0.848156225071315,0.83855677893597,0.816088355026239,0.801656634384287,0.770999976164848,0.728000482632812,0.650953897151388,0.531737050192899,0.0529746218327503
0.121182218298362,0.473265663406361,0.671962017958065,0.743240758636155,0.805502963718272,0.838549474059573,0.853704650895918,0.86789470636614,0.877379762601651,0.892894721778044,0.902948512012172,0.923609885600413,0.939767061219621,0.96267049806815,0.983011770403512,1,0.985510180926205,0.964498292374164,0.940916417304699,0.918960322127776,0.903283955617873,0.888065307548686,0.882918478301198,0.868151222222353,0.854204353336807,0.831801267274186,0.816821100054215,0.786822432169732,0.746355053877317,0.669252538800444,0.548128071557113,0.0678293314125756
0.130489461847923,0.465051783086027,0.660703225184291,0.73190914173062,0.792897371499417,0.825577937445263,0.840878020249335,0.853406584858129,0.861692772260506,0.876766491191765,0.887956478724364,0.906641432926252,0.921061218546584,0.941774377109716,0.961192504751729,0.985510180926205,1,0.985213550350469,0.961250752850396,0.937906564046894,0.922301641672347,0.906102298606475,0.899604928937856,0.882853242711289,0.866534787594827,0.841878311963482,0.823103698391686,0.793156667225349,0.755688347786815,0.674131349939882,0.552622040830494,0.0780169788949714
0.133720013481473,0.456265090550424,0.647826643020848,0.716828687994712,0.774685066445838,0.807286418427348,0.821469634691488,0.831396398573108,0.837545603602539,0.852358317170891,0.865215053242256,0.882683046054475,0.897302996199305,0.919632857417198,0.939168993898398,0.964498292374164,0.985213550350469,1,0.983466618665906,0.960685086353971,0.944870383542223,0.927013504086204,0.917151851968947,0.897958001664038,0.879728435761972,0.851071124170765,0.832400816925003,0.807009353294367,0.76966268774794,0.685722149320372,0.561160572626419,0.081135576512213
0.127521307020129,0.441942973888883,0.628709638641785,0.699515991113939,0.752987500903564,0.78535568071699,0.799192330176321,0.810611608311967,0.816090841341168,0.831841084412328,0.844680742662495,0.863753647047004,0.878435865902395,0.899543604022595,0.916781348777312,0.940916417304699,0.961250752850396,0.983466618665906,1,0.985770470648043,0.969695455546929,0.947683686341084,0.935430770281174,0.911601160679628,0.891908510885629,0.862120903346139,0.840819313520741,0.818983109126627,0.78368326752437,0.696089912500079,0.576970108838629,0.0709594097306771
0.124065713136127,0.43151418158184,0.616530866270149,0.688800819422494,0.739797171988358,0.770618458734199,0.784367511557589,0.797909012805867,0.804455436842276,0.820813831008249,0.832943725485573,0.849777216486144,0.862297618396398,0.883337899213259,0.897555155573018,0.918960322127776,0.937906564046894,0.960685086353971,0.985770470648043,1,0.984939931186967,0.961134615740874,0.947505222191365,0.921261030776578,0.901692489871887,0.872746088601791,0.850967565955132,0.826488963622687,0.789947473159533,0.701742016310703,0.581258701481792,0.061258844317873
0.1245639212174,0.426962091912192,0.607747316151604,0.681009911644364,0.728798447269897,0.761354156922929,0.777051552369866,0.790856930225454,0.796931609712869,0.81209787017657,0.822938837620411,0.83794254361058,0.848701397654922,0.868783504752834,0.882721128577466,0.903283955617873,0.922301641672347,0.944870383542223,0.969695455546929,0.984939931186967,1,0.982386569550828,0.967693202551425,0.940680954328206,0.920008178022686,0.890473053715402,0.868658812039515,0.842308838099169,0.804598009459797,0.712713068989596,0.593136645565704,0.0628961121539517
0.127177118915375,0.422817291356324,0.60292073764921,0.671278160667744,0.716536503233727,0.747783761708281,0.766968893873857,0.780769840633519,0.789175900085431,0.804227362338942,0.814773819985862,0.82895895291978,0.836926638807226,0.854689438549071,0.867976264146985,0.888065307548686,0.906102298606475,0.927013504086204,0.947683686341084,0.961134615740874,0.982386569550828,1,0.984834779372602,0.957159677818263,0.934966212066285,0.904262492963165,0.882298809411341,0.85607901422564,0.815579846637209,0.729454271843724,0.605506117537437,0.0492658413875854
0.135472969596273,0.423612914700904,0.608615509089687,0.670438224687655,0.711058203839165,0.741349032741271,0.758414824372585,0.77394096492481,0.785209604154957,0.800428741233453,0.812135352355237,0.826227505689427,0.832593630984063,0.84789197071722,0.862465936899671,0.882918478301198,0.899604928937856,0.917151851968947,0.935430770281174,0.947505222191365,0.967693202551425,0.984834779372602,1,0.981820364376552,0.9602451789168,0.929849315950085,0.90460488062458,0.876522014815141,0.832541195790546,0.743530197951134,0.616479440909216,0.0599190959192197
0.135032970470062,0.418004044305807,0.601781465503486,0.660838573002806,0.698122516607882,0.727172365077853,0.743785148897153,0.758228003286798,0.771678823632264,0.787284908508596,0.800629490163892,0.816607935521398,0.821565460348713,0.834178650624951,0.848156225071315,0.868151222222353,0.882853242711289,0.897958001664038,0.911601160679628,0.921261030776578,0.940680954328206,0.957159677818263,0.981820364376552,1,0.977231172418393,0.945339203405821,0.917607982160481,0.88684026867375,0.840023313808168,0.750614482520808,0.615806415124531,0.063066518287623
0.139536124725039,0.418898555793046,0.597130892247633,0.652740441474339,0.693714442029414,0.723288996245221,0.73860377116374,0.75349264377,0.769786841341469,0.786133624501001,0.796840198827304,0.811597181430709,0.816141818122301,0.826944513790249,0.83855677893597,0.854204353336807,0.866534787594827,0.879728435761972,0.891908510885629,0.901692489871887,0.920008178022686,0.934966212066285,0.9602451789168,0.977231172418393,1,0.978304319366435,0.948848636795265,0.916628119468182,0.86788669110064,0.773360150980485,0.634834910500915,0.0753179195824793
0.142395784244943,0.414471219203127,0.584854971993206,0.637748342013417,0.677774630503072,0.70637180872316,0.719017720312853,0.732687766229944,0.750919562261446,0.769349517724327,0.777708050507849,0.791537844336856,0.796793052683541,0.80570663109924,0.816088355026239,0.831801267274186,0.841878311963482,0.851071124170765,0.862120903346139,0.872746088601791,0.890473053715402,0.904262492963165,0.929849315950085,0.945339203405821,0.978304319366435,1,0.974425524275186,0.938271298341737,0.887345527889617,0.791363833246728,0.649985155201675,0.0880179375740754
0.137116476606936,0.400520665841575,0.569548580667851,0.621309247491381,0.658775666265856,0.685499447080565,0.700218070981759,0.718314037084939,0.739019491176878,0.75787447873144,0.766042865787945,0.777290612743218,0.783369828439218,0.791646274555273,0.801656634384287,0.816821100054215,0.823103698391686,0.832400816925003,0.840819313520741,0.850967565955132,0.868658812039515,0.882298809411341,0.90460488062458,0.917607982160481,0.948848636795265,0.974425524275186,1,0.970795725270539,0.91669894192566,0.819590018434575,0.671915339607617,0.118621289375065
0.124678774048368,0.370886510160993,0.536525869555796,0.590147481334659,0.624755200869854,0.653112055084072,0.667682552582958,0.690657030365015,0.70634276596612,0.724608918554751,0.733751845924624,0.744579219094008,0.752504749696913,0.759874968912519,0.770999976164848,0.786822432169732,0.793156667225349,0.807009353294367,0.818983109126627,0.826488963622687,0.842308838099169,0.85607901422564,0.876522014815141,0.88684026867375,0.916628119468182,0.938271298341737,0.970795725270539,1,0.953900246897248,0.859724554002518,0.709004853986489,0.108214590178816
0.127585576818167,0.35227568010674,0.508540544273775,0.558054498618378,0.5978248693596,0.627035828475498,0.636911781614341,0.65665382172266,0.667637813401335,0.684516682408436,0.69151502459929,0.704064510261193,0.712187093969899,0.718963365953749,0.728000482632812,0.746355053877317,0.755688347786815,0.76966268774794,0.78368326752437,0.789947473159533,0.804598009459797,0.815579846637209,0.832541195790546,0.840023313808168,0.86788669110064,0.887345527889617,0.91669894192566,0.953900246897248,1,0.92047812629127,0.771078601865566,0.120557782415731
0.131410578210739,0.30594269496927,0.453468554918091,0.500184481788369,0.535272058021936,0.558057595537706,0.563257785174506,0.58113309853676,0.592600854782923,0.608355210203019,0.616653253339495,0.630336254710621,0.638872895100264,0.642467737299413,0.650953897151388,0.669252538800444,0.674131349939882,0.685722149320372,0.696089912500079,0.701742016310703,0.712713068989596,0.729454271843724,0.743530197951134,0.750614482520808,0.773360150980485,0.791363833246728,0.819590018434575,0.859724554002518,0.92047812629127,1,0.890258474884243,0.140906671116699
0.086676068419682,0.241590046113881,0.357549109567285,0.405993735948979,0.427173141720747,0.453987936448248,0.455165566965053,0.4660492633434,0.471863066273759,0.483436297631231,0.488707024826921,0.504584302768435,0.518794656206245,0.51780972320425,0.531737050192899,0.548128071557113,0.552622040830494,0.561160572626419,0.576970108838629,0.581258701481792,0.593136645565704,0.605506117537437,0.616479440909216,0.615806415124531,0.634834910500915,0.649985155201675,0.671915339607617,0.709004853986489,0.771078601865566,0.890258474884243,1,0.191243336778676
-0.0478402034346896,-0.000513245292906904,0.0040054679723998,0.0196673232711781,0.0450850811362492,0.0511107069269967,0.0408980173719449,0.0358342036648977,0.0550198085952364,0.0491309433311902,0.0548021420235623,0.0581189826429324,0.0496885630222258,0.0463743938163774,0.0529746218327503,0.0678293314125756,0.0780169788949714,0.081135576512213,0.0709594097306771,0.061258844317873,0.0628961121539517,0.0492658413875854,0.0599190959192197,0.063066518287623,0.0753179195824793,0.0880179375740754,0.118621289375065,0.108214590178816,0.120557782415731,0.140906671116699,0.191243336778676,1
