1,0.856130187518679,0.804659399600827,0.770046549556893,0.75736211791534,0.742746613977447,0.73837975004047,0.735544946907143,0.724083034343802,0.717740102338398,0.705875086362853,0.697998825274816,0.693879187125341,0.687109619443739,0.676378924725859,0.669626938938825,0.665157516912372,0.655973629047652,0.65094936861493,0.639932067886374,0.630151554594455,0.623003064934401,0.609487670803835,0.593533792542051,0.581120032286412,0.556359952538545,0.536676723956571,0.502308846016382,0.423643562834621,0.317178441688243,0.20045897791204,0.136356118909629
0.856130187518679,1,0.961172455846778,0.929348276811581,0.914754229849867,0.901515132906674,0.894537634682359,0.888779866456802,0.882222703159637,0.87797431689885,0.867403586410583,0.861489783579728,0.854918137001516,0.8480714796517,0.84036452248051,0.832343414582241,0.828205693119194,0.817140930821613,0.811270779990104,0.800985723706918,0.792004500307438,0.783925444485971,0.770611883955111,0.754640374628117,0.741379193472044,0.718202432094298,0.693148990177282,0.646569282084554,0.563643071767856,0.433496309198573,0.287353333302959,0.216432449279766
0.804659399600827,0.961172455846778,1,0.972668130034829,0.956688353344592,0.942809988051971,0.933923617990631,0.928965622421345,0.922709867865044,0.918922004211845,0.909075582039877,0.903649733871111,0.898135536182501,0.891806438346459,0.884185382196053,0.877517762803908,0.872769604489522,0.861603781628338,0.855792769125021,0.8472609476206,0.838213943309032,0.830986468571753,0.819203529479461,0.804245088501401,0.792180349656225,0.770163086329585,0.743565040438419,0.699731967839845,0.615068034553622,0.473571838410877,0.316842230987337,0.229668247560982
0.770046549556893,0.929348276811581,0.972668130034829,1,0.983282969729067,0.970286308061734,0.961079085661179,0.953472375805521,0.946085759059843,0.941144336218858,0.932747420581047,0.928075313412968,0.92233331264511,0.916097555680248,0.909875748736543,0.903268300299935,0.899217460143327,0.890196243841053,0.884695922937404,0.875731714406302,0.868871843582661,0.862713358539764,0.851430926525722,0.838063641455211,0.826054931442926,0.80445677156998,0.778045159439931,0.740848797984572,0.661288283805918,0.513067508199579,0.348024004744515,0.259410077113283
0.75736211791534,0.914754229849867,0.956688353344592,0.983282969729067,1,0.987067377192451,0.976617283711314,0.96851546971344,0.960638671065102,0.955614846773701,0.948356941460459,0.942533042978872,0.937058000774219,0.93051544708833,0.923888099735744,0.917335199476104,0.911779287938843,0.903552253670976,0.898400264588333,0.89014578156431,0.882912060426127,0.875711209313997,0.865232937259806,0.854219225607795,0.842098684397289,0.819990433830782,0.792262305882503,0.753004868845868,0.672305090222558,0.520578429912869,0.349567116140725,0.262846321410158
0.742746613977447,0.901515132906674,0.942809988051971,0.970286308061734,0.987067377192451,1,0.991694304546479,0.982956601581499,0.974395775886376,0.968289800837415,0.960629191736408,0.95419917713733,0.947840028018726,0.942336782717516,0.936064289570497,0.930438421407577,0.925465121409109,0.918003297316778,0.913486108324816,0.906622309904805,0.900196393071359,0.892474223040498,0.881288558724372,0.870963171928753,0.859209190271547,0.838707672253584,0.811161935043302,0.772615224851996,0.689536405851685,0.540972831310243,0.366821310152302,0.276550556966919
0.73837975004047,0.894537634682359,0.933923617990631,0.961079085661179,0.976617283711314,0.991694304546479,1,0.993211366786262,0.984002051418416,0.977435255433008,0.969824817350023,0.962914779739356,0.956697954447455,0.950796720997633,0.944203520554575,0.938325271791443,0.93331817221292,0.925729569143669,0.921147427130414,0.91365619319375,0.906924439976377,0.89813980907937,0.887089024146272,0.876886675104784,0.864427550203269,0.843481366832691,0.816252128193897,0.778261988474675,0.696456605047345,0.55042625667299,0.383061298084796,0.283683367517786
0.735544946907143,0.888779866456802,0.928965622421345,0.953472375805521,0.96851546971344,0.982956601581499,0.993211366786262,1,0.993244397297288,0.986284725623268,0.978645186350351,0.971352304161806,0.964760898270015,0.958960127443862,0.953263181715525,0.947688494831077,0.94237537322914,0.93459953521904,0.930321735307555,0.923016194104217,0.916374751221519,0.907752282809406,0.896664363327286,0.885987598968355,0.873836198405223,0.853169587677979,0.824449228336809,0.786798335797071,0.701446035046035,0.554489957258165,0.389272949921206,0.287304509351479
0.724083034343802,0.882222703159637,0.922709867865044,0.946085759059843,0.960638671065102,0.974395775886376,0.984002051418416,0.993244397297288,1,0.994941537351502,0.98780296558399,0.98053868794363,0.974060387610273,0.967769080037391,0.961431658766161,0.955882473422736,0.950300765584968,0.942325485231269,0.937411642334762,0.930770519638761,0.924342952932168,0.915848122489105,0.905240949196578,0.893946373377087,0.881583565211977,0.861302750899871,0.832463909890708,0.795401195257011,0.70992747658767,0.564649518665963,0.39725773229567,0.293019477180668
0.717740102338398,0.87797431689885,0.918922004211845,0.941144336218858,0.955614846773701,0.968289800837415,0.977435255433008,0.986284725623268,0.994941537351502,1,0.99457414076712,0.987944709870308,0.98183743681524,0.975553538098445,0.96873497324077,0.963071036203893,0.957729014845186,0.949158078854945,0.943663438550359,0.936638618939546,0.930317251231166,0.921162100341433,0.910086258153193,0.898495661685605,0.886279309085771,0.865551793633504,0.836183525256962,0.798881452985444,0.712097023876293,0.565609736174108,0.396149975536696,0.293242133851536
0.705875086362853,0.867403586410583,0.909075582039877,0.932747420581047,0.948356941460459,0.960629191736408,0.969824817350023,0.978645186350351,0.98780296558399,0.99457414076712,1,0.995516066440999,0.990228931366713,0.984617113811469,0.978371986518592,0.973272990844013,0.96877512093078,0.961594278634961,0.955983657892667,0.948580626491601,0.942641055069968,0.934087299760228,0.923856555087332,0.912362696261985,0.900196404719872,0.880003622623296,0.850333258073368,0.813508838680921,0.726841459638056,0.579907971661767,0.408548877322751,0.302036568836311
0.697998825274816,0.861489783579728,0.903649733871111,0.928075313412968,0.942533042978872,0.95419917713733,0.962914779739356,0.971352304161806,0.98053868794363,0.987944709870308,0.995516066440999,1,0.996125880431118,0.991023038795048,0.985565659488481,0.980294428673762,0.975852645638815,0.969332297031986,0.963321981034034,0.956257273490036,0.950422282763305,0.941340089817507,0.93069443174905,0.919150806344815,0.906410315721209,0.886201138496825,0.85698572406329,0.820271834733297,0.733349131730808,0.585514613987568,0.414406119354218,0.307535944839035
0.693879187125341,0.854918137001516,0.898135536182501,0.92233331264511,0.937058000774219,0.947840028018726,0.956697954447455,0.964760898270015,0.974060387610273,0.98183743681524,0.990228931366713,0.996125880431118,1,0.99597365922964,0.990627227541152,0.985106125346587,0.980248459811297,0.973764165147581,0.967396501791801,0.960117495928211,0.95416189491429,0.945002342257708,0.934873289417526,0.922916064645115,0.909483464422545,0.888597656867636,0.859005540480889,0.822612047772104,0.737083454664602,0.589078902219311,0.416524869723069,0.309888796754882
0.687109619443739,0.8480714796517,0.891806438346459,0.916097555680248,0.93051544708833,0.942336782717516,0.950796720997633,0.958960127443862,0.967769080037391,0.975553538098445,0.984617113811469,0.991023038795048,0.99597365922964,1,0.995876780674736,0.990622199893499,0.985849406713675,0.979917506585423,0.973849174529944,0.967085422555578,0.961159677751783,0.951790871299664,0.941617788554514,0.929485316731913,0.915819081600367,0.895601001696826,0.865878318143024,0.830709377748761,0.745095654900483,0.592865330249697,0.419619050109696,0.313923574412025
0.676378924725859,0.84036452248051,0.884185382196053,0.909875748736543,0.923888099735744,0.936064289570497,0.944203520554575,0.953263181715525,0.961431658766161,0.96873497324077,0.978371986518592,0.985565659488481,0.990627227541152,0.995876780674736,1,0.995605341382377,0.991057476585742,0.985366133972106,0.97989105439587,0.973334482084661,0.967310967742407,0.958313899159754,0.94792332801604,0.935820699010404,0.922002997265897,0.901933811013157,0.872516191949009,0.837206231749118,0.752617059552202,0.600059425238339,0.426220049854385,0.320570445473987
0.669626938938825,0.832343414582241,0.877517762803908,0.903268300299935,0.917335199476104,0.930438421407577,0.938325271791443,0.947688494831077,0.955882473422736,0.963071036203893,0.973272990844013,0.980294428673762,0.985106125346587,0.990622199893499,0.995605341382377,1,0.995903344434611,0.990609613880083,0.985648848132277,0.979738162356611,0.974781553001438,0.966780072002032,0.956896996154798,0.945179976435241,0.931628573220099,0.912009568645123,0.882987185926756,0.849344467117312,0.766391532505406,0.616934306790776,0.440376660911146,0.333716862494003
0.665157516912372,0.828205693119194,0.872769604489522,0.899217460143327,0.911779287938843,0.925465121409109,0.93331817221292,0.94237537322914,0.950300765584968,0.957729014845186,0.96877512093078,0.975852645638815,0.980248459811297,0.985849406713675,0.991057476585742,0.995903344434611,1,0.995628944262719,0.990945698880683,0.985215411074477,0.980189847477975,0.973027310426237,0.963590627473195,0.951855971022413,0.938555154279364,0.919060644823005,0.891241977235426,0.85688255303172,0.776339666325555,0.627195685412688,0.448582500286815,0.345558459025595
0.655973629047652,0.817140930821613,0.861603781628338,0.890196243841053,0.903552253670976,0.918003297316778,0.925729569143669,0.93459953521904,0.942325485231269,0.949158078854945,0.961594278634961,0.969332297031986,0.973764165147581,0.979917506585423,0.985366133972106,0.990609613880083,0.995628944262719,1,0.99596143863656,0.990531380371044,0.985530442129335,0.978887974900691,0.969951352583404,0.959047895068679,0.946702138845682,0.926980279506248,0.899524285451655,0.868985070998047,0.788972345314139,0.638063528955103,0.459016993622941,0.355624482235032
0.65094936861493,0.811270779990104,0.855792769125021,0.884695922937404,0.898400264588333,0.913486108324816,0.921147427130414,0.930321735307555,0.937411642334762,0.943663438550359,0.955983657892667,0.963321981034034,0.967396501791801,0.973849174529944,0.97989105439587,0.985648848132277,0.990945698880683,0.99596143863656,1,0.995461179400691,0.990248155012705,0.983808926166836,0.974686497893053,0.964315864626844,0.952685442408166,0.933173327350869,0.906260330817503,0.873866290327448,0.794176277527097,0.644337856077587,0.467875756058348,0.367901635549944
0.639932067886374,0.800985723706918,0.8472609476206,0.875731714406302,0.89014578156431,0.906622309904805,0.91365619319375,0.923016194104217,0.930770519638761,0.936638618939546,0.948580626491601,0.956257273490036,0.960117495928211,0.967085422555578,0.973334482084661,0.979738162356611,0.985215411074477,0.990531380371044,0.995461179400691,1,0.995558036641271,0.989049064909649,0.980657261055942,0.971314857589983,0.960678294896443,0.942805694907507,0.917198721078492,0.885408779319466,0.80524911015783,0.656596619440997,0.476909547237562,0.378259742911077
0.630151554594455,0.792004500307438,0.838213943309032,0.868871843582661,0.882912060426127,0.900196393071359,0.906924439976377,0.916374751221519,0.924342952932168,0.930317251231166,0.942641055069968,0.950422282763305,0.95416189491429,0.961159677751783,0.967310967742407,0.974781553001438,0.980189847477975,0.985530442129335,0.990248155012705,0.995558036641271,1,0.994556764126779,0.986320543544164,0.977016438035301,0.966230836767842,0.949154717086521,0.924397709328574,0.892678687928945,0.814291966176147,0.667350961134586,0.488202845473664,0.38993362837183
0.623003064934401,0.783925444485971,0.830986468571753,0.862713358539764,0.875711209313997,0.892474223040498,0.89813980907937,0.907752282809406,0.915848122489105,0.921162100341433,0.934087299760228,0.941340089817507,0.945002342257708,0.951790871299664,0.958313899159754,0.966780072002032,0.973027310426237,0.978887974900691,0.983808926166836,0.989049064909649,0.994556764126779,1,0.994298192784857,0.985825144601121,0.975535693157604,0.959902614584411,0.936537682775804,0.905950728920829,0.832081499886321,0.685450448726198,0.504762038049319,0.405074753790972
0.609487670803835,0.770611883955111,0.819203529479461,0.851430926525722,0.865232937259806,0.881288558724372,0.887089024146272,0.896664363327286,0.905240949196578,0.910086258153193,0.923856555087332,0.93069443174905,0.934873289417526,0.941617788554514,0.94792332801604,0.956896996154798,0.963590627473195,0.969951352583404,0.974686497893053,0.980657261055942,0.986320543544164,0.994298192784857,1,0.994045107832645,0.984770949794973,0.971059854875154,0.950028219614128,0.920449722635518,0.848564986150941,0.704129793991246,0.518369723547119,0.418251441217317
0.593533792542051,0.754640374628117,0.804245088501401,0.838063641455211,0.854219225607795,0.870963171928753,0.876886675104784,0.885987598968355,0.893946373377087,0.898495661685605,0.912362696261985,0.919150806344815,0.922916064645115,0.929485316731913,0.935820699010404,0.945179976435241,0.951855971022413,0.959047895068679,0.964315864626844,0.971314857589983,0.977016438035301,0.985825144601121,0.994045107832645,1,0.993263189946271,0.980848700698287,0.961769207888975,0.931742612665103,0.864039735417869,0.724167685042674,0.532814434822708,0.436921356649343
0.581120032286412,0.741379193472044,0.792180349656225,0.826054931442926,0.842098684397289,0.859209190271547,0.864427550203269,0.873836198405223,0.881583565211977,0.886279309085771,0.900196404719872,0.906410315721209,0.909483464422545,0.915819081600367,0.922002997265897,0.931628573220099,0.938555154279364,0.946702138845682,0.952685442408166,0.960678294896443,0.966230836767842,0.975535693157604,0.984770949794973,0.993263189946271,1,0.989860648003013,0.972332547873363,0.942967848817627,0.876659183932736,0.737981766293786,0.543630122759189,0.451233946990213
0.556359952538545,0.718202432094298,0.770163086329585,0.80445677156998,0.819990433830782,0.838707672253584,0.843481366832691,0.853169587677979,0.861302750899871,0.865551793633504,0.880003622623296,0.886201138496825,0.888597656867636,0.895601001696826,0.901933811013157,0.912009568645123,0.919060644823005,0.926980279506248,0.933173327350869,0.942805694907507,0.949154717086521,0.959902614584411,0.971059854875154,0.980848700698287,0.989860648003013,1,0.987638226371547,0.957188355320039,0.892790421441929,0.764308943916816,0.568922061664396,0.461448160271613
0.536676723956571,0.693148990177282,0.743565040438419,0.778045159439931,0.792262305882503,0.811161935043302,0.816252128193897,0.824449228336809,0.832463909890708,0.836183525256962,0.850333258073368,0.85698572406329,0.859005540480889,0.865878318143024,0.872516191949009,0.882987185926756,0.891241977235426,0.899524285451655,0.906260330817503,0.917198721078492,0.924397709328574,0.936537682775804,0.950028219614128,0.961769207888975,0.972332547873363,0.987638226371547,1,0.972026805826103,0.916088222718607,0.790801344845142,0.59411890036977,0.493577271292205
0.502308846016382,0.646569282084554,0.699731967839845,0.740848797984572,0.753004868845868,0.772615224851996,0.778261988474675,0.786798335797071,0.795401195257011,0.798881452985444,0.813508838680921,0.820271834733297,0.822612047772104,0.830709377748761,0.837206231749118,0.849344467117312,0.85688255303172,0.868985070998047,0.873866290327448,0.885408779319466,0.892678687928945,0.905950728920829,0.920449722635518,0.931742612665103,0.942967848817627,0.957188355320039,0.972026805826103,1,0.950078003737261,0.833884489344152,0.640311730718347,0.511315579342332
0.423643562834621,0.563643071767856,0.615068034553622,0.661288283805918,0.672305090222558,0.689536405851685,0.696456605047345,0.701446035046035,0.70992747658767,0.712097023876293,0.726841459638056,0.733349131730808,0.737083454664602,0.745095654900483,0.752617059552202,0.766391532505406,0.776339666325555,0.788972345314139,0.794176277527097,0.80524911015783,0.814291966176147,0.832081499886321,0.848564986150941,0.864039735417869,0.876659183932736,0.892790421441929,0.916088222718607,0.950078003737261,1,0.903853664101881,0.718133691567883,0.583417101195178
0.317178441688243,0.433496309198573,0.473571838410877,0.513067508199579,0.520578429912869,0.540972831310243,0.55042625667299,0.554489957258165,0.564649518665963,0.565609736174108,0.579907971661767,0.585514613987568,0.589078902219311,0.592865330249697,0.600059425238339,0.616934306790776,0.627195685412688,0.638063528955103,0.644337856077587,0.656596619440997,0.667350961134586,0.685450448726198,0.704129793991246,0.724167685042674,0.737981766293786,0.764308943916816,0.790801344845142,0.833884489344152,0.903853664101881,1,0.825346906013407,0.638902110917791
0.20045897791204,0.287353333302959,0.316842230987337,0.348024004744515,0.349567116140725,0.366821310152302,0.383061298084796,0.389272949921206,0.39725773229567,0.396149975536696,0.408548877322751,0.414406119354218,0.416524869723069,0.419619050109696,0.426220049854385,0.440376660911146,0.448582500286815,0.459016993622941,0.467875756058348,0.476909547237562,0.488202845473664,0.504762038049319,0.518369723547119,0.532814434822708,0.543630122759189,0.568922061664396,0.59411890036977,0.640311730718347,0.718133691567883,0.825346906013407,1,0.725622476070266
0.136356118909629,0.216432449279766,0.229668247560982,0.259410077113283,0.262846321410158,0.276550556966919,0.283683367517786,0.287304509351479,0.293019477180668,0.293242133851536,0.302036568836311,0.307535944839035,0.309888796754882,0.313923574412025,0.320570445473987,0.333716862494003,0.345558459025595,0.355624482235032,0.367901635549944,0.378259742911077,0.38993362837183,0.405074753790972,0.418251441217317,0.436921356649343,0.451233946990213,0.461448160271613,0.493577271292205,0.511315579342332,0.583417101195178,0.638902110917791,0.725622476070266,1
