1,0.804920163479116,0.73608659837498,0.698805941361314,0.670642020968675,0.649931977885473,0.634189614734382,0.624645746838077,0.615814290416834,0.60862973261276,0.600273094975494,0.581675236031528,0.567739484189326,0.554808896957763,0.545448476619503,0.53721994669544,0.519662377761519,0.510842302489547,0.497960263185029,0.487054091332175,0.476928083893915,0.473587753733304,0.461200415907964,0.457705828021514,0.443115605462863,0.43277156900137,0.415813675922271,0.392492658821067,0.352342496304329,0.263416539532159,0.0711391942946085,0.0679032794903375
0.804920163479116,1,0.932840697468969,0.890790521214094,0.862209868716743,0.845264465310238,0.826295374659613,0.813107088176207,0.799567952242186,0.78918609921636,0.777888865201528,0.758684934758963,0.745892054927329,0.732921220440494,0.72417714299191,0.716644081210569,0.700711670239561,0.689611746952,0.677365826998704,0.666330518898961,0.656085054236373,0.6517342995724,0.640167566353602,0.630889448839688,0.609032397336712,0.59704787105485,0.573835013357613,0.540703258595522,0.493703259118689,0.38245658564849,0.111180249278497,0.127813189011161
0.73608659837498,0.932840697468969,1,0.963407009011401,0.935552949999154,0.917894137178836,0.900368788828519,0.887583241007001,0.87402791472245,0.86408901782906,0.85290907180097,0.837670151212236,0.825342587526932,0.810746530046782,0.801849485960874,0.792916449064436,0.779351987957861,0.770353890993361,0.761184346785316,0.749861441143187,0.736786719138622,0.733352628633925,0.722153334911332,0.710695367963107,0.688904646260018,0.674752992421946,0.651184303019706,0.619999890439247,0.570456285829313,0.435369556767229,0.145844861251988,0.153209001772407
0.698805941361314,0.890790521214094,0.963407009011401,1,0.978842198188883,0.959532334714868,0.943497578524209,0.930957583951557,0.917771351329523,0.906215474690635,0.894269394291299,0.880991832963636,0.868877093072598,0.855464044895537,0.845803503972157,0.836347075354475,0.822194503059031,0.813487327906574,0.804127418034435,0.793942885477555,0.781792109908908,0.776914491744625,0.766593701185198,0.757261773397176,0.73889101485333,0.723086145721453,0.698436265405749,0.665352688818083,0.610370376108095,0.46492197527118,0.164856439578101,0.15302323281487
0.670642020968675,0.862209868716743,0.935552949999154,0.978842198188883,1,0.982189551424362,0.966234901125204,0.952750320659791,0.939048254943746,0.92692872594484,0.914681873299096,0.900775032802008,0.890064464723683,0.878543446397973,0.867161715075402,0.85681577631644,0.844999819429678,0.83589391336805,0.825920303343599,0.815998815178467,0.804528965871393,0.80079979873749,0.79073085160152,0.780056101550956,0.762052072277046,0.74772468371216,0.721656030219131,0.688283255010252,0.630603573879925,0.479223311997801,0.178836076732864,0.153739279246546
0.649931977885473,0.845264465310238,0.917894137178836,0.959532334714868,0.982189551424362,1,0.984760649296859,0.97116220183593,0.958118163939001,0.943208264675396,0.92785635716309,0.913538422983746,0.903436414997307,0.892657460381965,0.880189419406845,0.869519154836961,0.856798085706073,0.847760081631328,0.838773291121759,0.829840449284254,0.820317527100926,0.816730725364108,0.805381330955502,0.795201471667948,0.776560045193482,0.763049748419071,0.737410977145828,0.704848949963196,0.646393805742312,0.497713307392178,0.18922972791212,0.168936552658324
0.634189614734382,0.826295374659613,0.900368788828519,0.943497578524209,0.966234901125204,0.984760649296859,1,0.990051734843279,0.977502958262309,0.965029675291308,0.952380372680401,0.940268981890315,0.929927809108016,0.919380573650751,0.907802961062238,0.897586351481422,0.885719155761159,0.876125177627599,0.867693098006484,0.85983701438621,0.850603463622066,0.846014366850886,0.83489362667369,0.823936797980112,0.804524156318757,0.791197529434225,0.763337373387657,0.731501860852853,0.672544187741921,0.523976290952153,0.205625018913813,0.177437473311724
0.624645746838077,0.813107088176207,0.887583241007001,0.930957583951557,0.952750320659791,0.97116220183593,0.990051734843279,1,0.990385084303996,0.978247457399708,0.9653621439777,0.953791453994708,0.944449504527431,0.934736668529817,0.922872091059481,0.912948882590831,0.900538672661607,0.889998619717584,0.88092925865383,0.873788465688566,0.86589073925278,0.861333188541615,0.851700840828892,0.840259943513114,0.82063708206623,0.80840243654014,0.780096665998564,0.747410319915856,0.687871502949457,0.545107030145643,0.220067320220519,0.184489869964291
0.615814290416834,0.799567952242186,0.87402791472245,0.917771351329523,0.939048254943746,0.958118163939001,0.977502958262309,0.990385084303996,1,0.990858677669423,0.98003828017812,0.96918567349832,0.959913245212753,0.949204319338127,0.93748966961803,0.926839161282951,0.914524569845801,0.904073279354735,0.894295776415246,0.887242311639577,0.878817139942942,0.873381240971377,0.864407639592274,0.853325268133706,0.835240492015334,0.823090811948594,0.794754765962264,0.761651468565346,0.703594205749546,0.557629111325297,0.234290145881962,0.191199578452708
0.60862973261276,0.78918609921636,0.86408901782906,0.906215474690635,0.92692872594484,0.943208264675396,0.965029675291308,0.978247457399708,0.990858677669423,1,0.992041875029557,0.981511536684212,0.972029594268127,0.960733060113736,0.948882333891924,0.938411636111218,0.925921032378271,0.916731740299415,0.907248030111164,0.899807993010564,0.891484608284815,0.884715699534384,0.876216836526227,0.86438533595428,0.846297161320494,0.835319504995115,0.806099231074171,0.773599400667789,0.715161364485703,0.570183948088584,0.236961743240911,0.196861744551252
0.600273094975494,0.777888865201528,0.85290907180097,0.894269394291299,0.914681873299096,0.92785635716309,0.952380372680401,0.9653621439777,0.98003828017812,0.992041875029557,1,0.99245643386632,0.984073180409079,0.973185428986805,0.961947460642692,0.950609866391484,0.93855031959117,0.928850811017746,0.919975870556424,0.912789276204603,0.903491140062956,0.897154991539911,0.889191281337849,0.876313411599898,0.859718954998769,0.848699509281113,0.819426082317879,0.787480127419138,0.72881153621845,0.58115566280708,0.240655559070194,0.203906580080417
0.581675236031528,0.758684934758963,0.837670151212236,0.880991832963636,0.900775032802008,0.913538422983746,0.940268981890315,0.953791453994708,0.96918567349832,0.981511536684212,0.99245643386632,1,0.993476842459433,0.982698632543331,0.972015193645003,0.960412931555907,0.948694157065485,0.938328531905511,0.929962411380652,0.92263717400239,0.913819656970902,0.908298782726586,0.901134517093302,0.889520702776096,0.875280386132468,0.864141279275513,0.834788623933529,0.8040205178772,0.745823727450299,0.599415411081593,0.255532317611216,0.216346072004618
0.567739484189326,0.745892054927329,0.825342587526932,0.868877093072598,0.890064464723683,0.903436414997307,0.929927809108016,0.944449504527431,0.959913245212753,0.972029594268127,0.984073180409079,0.993476842459433,1,0.993194412443499,0.983104095577153,0.97121505244113,0.959606860074271,0.949411076758935,0.941571902872918,0.934363152793765,0.926302589522781,0.920395321808801,0.914074829105186,0.903370574024411,0.888236806406644,0.877948694986695,0.849248287571663,0.819151906850642,0.761047694421409,0.614319923762425,0.259367217993296,0.220538607020582
0.554808896957763,0.732921220440494,0.810746530046782,0.855464044895537,0.878543446397973,0.892657460381965,0.919380573650751,0.934736668529817,0.949204319338127,0.960733060113736,0.973185428986805,0.982698632543331,0.993194412443499,1,0.99241441721827,0.981867144753314,0.971523990335718,0.961797620435642,0.953931707790218,0.947245572736642,0.940320436897125,0.934559660407652,0.928739239785648,0.918269214241059,0.903908591495187,0.893479570956271,0.865943982648481,0.838013155343332,0.78363365228907,0.635466648981213,0.262779638312334,0.223874836865424
0.545448476619503,0.72417714299191,0.801849485960874,0.845803503972157,0.867161715075402,0.880189419406845,0.907802961062238,0.922872091059481,0.93748966961803,0.948882333891924,0.961947460642692,0.972015193645003,0.983104095577153,0.99241441721827,1,0.992842971349912,0.984216508796072,0.975874966185785,0.96901438504047,0.961395241447977,0.954118143850818,0.948170017408412,0.942138213827298,0.932293287589787,0.91851069061339,0.907844427723348,0.881340395906503,0.854520339061466,0.801558295875268,0.650749220329304,0.26947724831311,0.228963934546417
0.53721994669544,0.716644081210569,0.792916449064436,0.836347075354475,0.85681577631644,0.869519154836961,0.897586351481422,0.912948882590831,0.926839161282951,0.938411636111218,0.950609866391484,0.960412931555907,0.97121505244113,0.981867144753314,0.992842971349912,1,0.994251761969708,0.986702784309309,0.979053211779682,0.971607345722482,0.964218683919439,0.959170174906837,0.952594457502009,0.942862822288566,0.92960149335311,0.91874745729272,0.892578887572194,0.867118513642548,0.813257559132067,0.662475614239848,0.274630568455827,0.234286865672431
0.519662377761519,0.700711670239561,0.779351987957861,0.822194503059031,0.844999819429678,0.856798085706073,0.885719155761159,0.900538672661607,0.914524569845801,0.925921032378271,0.93855031959117,0.948694157065485,0.959606860074271,0.971523990335718,0.984216508796072,0.994251761969708,1,0.994272528191936,0.986198155468958,0.978763760052819,0.97124422297774,0.965752237114288,0.959319383787802,0.949290125335537,0.936914232946477,0.925559725783966,0.899947958094924,0.874293750346355,0.820446415325188,0.668937209827326,0.272455765025853,0.237017839012337
0.510842302489547,0.689611746952,0.770353890993361,0.813487327906574,0.83589391336805,0.847760081631328,0.876125177627599,0.889998619717584,0.904073279354735,0.916731740299415,0.928850811017746,0.938328531905511,0.949411076758935,0.961797620435642,0.975874966185785,0.986702784309309,0.994272528191936,1,0.993455402584783,0.985632696989943,0.977879561710071,0.971496995073805,0.964771648216734,0.955125863899044,0.942424189164007,0.931410080878577,0.906298894827389,0.881451660102072,0.826274402529512,0.673697560945006,0.268185492318564,0.233631414686552
0.497960263185029,0.677365826998704,0.761184346785316,0.804127418034435,0.825920303343599,0.838773291121759,0.867693098006484,0.88092925865383,0.894295776415246,0.907248030111164,0.919975870556424,0.929962411380652,0.941571902872918,0.953931707790218,0.96901438504047,0.979053211779682,0.986198155468958,0.993455402584783,1,0.993431761757979,0.986059190775163,0.979122521977724,0.972610864614438,0.963032871549471,0.948894579741304,0.938231403753598,0.915088580316726,0.889289244725149,0.833447878648066,0.679587343976627,0.267557010513767,0.230054120749624
0.487054091332175,0.666330518898961,0.749861441143187,0.793942885477555,0.815998815178467,0.829840449284254,0.85983701438621,0.873788465688566,0.887242311639577,0.899807993010564,0.912789276204603,0.92263717400239,0.934363152793765,0.947245572736642,0.961395241447977,0.971607345722482,0.978763760052819,0.985632696989943,0.993431761757979,1,0.994438673174345,0.987145878310426,0.980014101359238,0.970236755908679,0.955527162723932,0.94361781915986,0.920050969013283,0.894353408111357,0.840740847002391,0.689401098671509,0.269991109554308,0.231776285745894
0.476928083893915,0.656085054236373,0.736786719138622,0.781792109908908,0.804528965871393,0.820317527100926,0.850603463622066,0.86589073925278,0.878817139942942,0.891484608284815,0.903491140062956,0.913819656970902,0.926302589522781,0.940320436897125,0.954118143850818,0.964218683919439,0.97124422297774,0.977879561710071,0.986059190775163,0.994438673174345,1,0.99366981208204,0.985989349454311,0.976021883440481,0.961816115216401,0.949653025671717,0.92523863081888,0.898915770786052,0.847377201194901,0.700984850399468,0.276220865057379,0.233362283913565
0.473587753733304,0.6517342995724,0.733352628633925,0.776914491744625,0.80079979873749,0.816730725364108,0.846014366850886,0.861333188541615,0.873381240971377,0.884715699534384,0.897154991539911,0.908298782726586,0.920395321808801,0.934559660407652,0.948170017408412,0.959170174906837,0.965752237114288,0.971496995073805,0.979122521977724,0.987145878310426,0.99366981208204,1,0.992890174280854,0.983199584009089,0.968956543424733,0.95529769879229,0.931118796966466,0.905589725914568,0.855428563719904,0.711538879697076,0.288843259468617,0.247185190539703
0.461200415907964,0.640167566353602,0.722153334911332,0.766593701185198,0.79073085160152,0.805381330955502,0.83489362667369,0.851700840828892,0.864407639592274,0.876216836526227,0.889191281337849,0.901134517093302,0.914074829105186,0.928739239785648,0.942138213827298,0.952594457502009,0.959319383787802,0.964771648216734,0.972610864614438,0.980014101359238,0.985989349454311,0.992890174280854,1,0.991386252113465,0.978870611505446,0.966272568365287,0.943368680646025,0.919047995778192,0.869813706122828,0.725892228971507,0.302588624578269,0.262428260494796
0.457705828021514,0.630889448839688,0.710695367963107,0.757261773397176,0.780056101550956,0.795201471667948,0.823936797980112,0.840259943513114,0.853325268133706,0.86438533595428,0.876313411599898,0.889520702776096,0.903370574024411,0.918269214241059,0.932293287589787,0.942862822288566,0.949290125335537,0.955125863899044,0.963032871549471,0.970236755908679,0.976021883440481,0.983199584009089,0.991386252113465,1,0.990144122301838,0.978178237064454,0.957105553041355,0.931603157402197,0.883661582322876,0.74438430812566,0.306537881180936,0.273149016641025
0.443115605462863,0.609032397336712,0.688904646260018,0.73889101485333,0.762052072277046,0.776560045193482,0.804524156318757,0.82063708206623,0.835240492015334,0.846297161320494,0.859718954998769,0.875280386132468,0.888236806406644,0.903908591495187,0.91851069061339,0.92960149335311,0.936914232946477,0.942424189164007,0.948894579741304,0.955527162723932,0.961816115216401,0.968956543424733,0.978870611505446,0.990144122301838,1,0.989950881103868,0.96982999552155,0.944665739173349,0.895876087609822,0.760365340026561,0.327181245264679,0.287650407168677
0.43277156900137,0.59704787105485,0.674752992421946,0.723086145721453,0.74772468371216,0.763049748419071,0.791197529434225,0.80840243654014,0.823090811948594,0.835319504995115,0.848699509281113,0.864141279275513,0.877948694986695,0.893479570956271,0.907844427723348,0.91874745729272,0.925559725783966,0.931410080878577,0.938231403753598,0.94361781915986,0.949653025671717,0.95529769879229,0.966272568365287,0.978178237064454,0.989950881103868,1,0.985425769846403,0.961490682248039,0.911819030117162,0.777759399545509,0.340905737964402,0.310045097257995
0.415813675922271,0.573835013357613,0.651184303019706,0.698436265405749,0.721656030219131,0.737410977145828,0.763337373387657,0.780096665998564,0.794754765962264,0.806099231074171,0.819426082317879,0.834788623933529,0.849248287571663,0.865943982648481,0.881340395906503,0.892578887572194,0.899947958094924,0.906298894827389,0.915088580316726,0.920050969013283,0.92523863081888,0.931118796966466,0.943368680646025,0.957105553041355,0.96982999552155,0.985425769846403,1,0.981149528811921,0.936745778757792,0.805851422090824,0.349662030679189,0.331579758939582
0.392492658821067,0.540703258595522,0.619999890439247,0.665352688818083,0.688283255010252,0.704848949963196,0.731501860852853,0.747410319915856,0.761651468565346,0.773599400667789,0.787480127419138,0.8040205178772,0.819151906850642,0.838013155343332,0.854520339061466,0.867118513642548,0.874293750346355,0.881451660102072,0.889289244725149,0.894353408111357,0.898915770786052,0.905589725914568,0.919047995778192,0.931603157402197,0.944665739173349,0.961490682248039,0.981149528811921,1,0.964120139327113,0.837152859393774,0.380693709327551,0.349644544210388
0.352342496304329,0.493703259118689,0.570456285829313,0.610370376108095,0.630603573879925,0.646393805742312,0.672544187741921,0.687871502949457,0.703594205749546,0.715161364485703,0.72881153621845,0.745823727450299,0.761047694421409,0.78363365228907,0.801558295875268,0.813257559132067,0.820446415325188,0.826274402529512,0.833447878648066,0.840740847002391,0.847377201194901,0.855428563719904,0.869813706122828,0.883661582322876,0.895876087609822,0.911819030117162,0.936745778757792,0.964120139327113,1,0.907009008479307,0.413681733028005,0.376206274701511
0.263416539532159,0.38245658564849,0.435369556767229,0.46492197527118,0.479223311997801,0.497713307392178,0.523976290952153,0.545107030145643,0.557629111325297,0.570183948088584,0.58115566280708,0.599415411081593,0.614319923762425,0.635466648981213,0.650749220329304,0.662475614239848,0.668937209827326,0.673697560945006,0.679587343976627,0.689401098671509,0.700984850399468,0.711538879697076,0.725892228971507,0.74438430812566,0.760365340026561,0.777759399545509,0.805851422090824,0.837152859393774,0.907009008479307,1,0.488968445577227,0.432068179402197
0.0711391942946085,0.111180249278497,0.145844861251988,0.164856439578101,0.178836076732864,0.18922972791212,0.205625018913813,0.220067320220519,0.234290145881962,0.236961743240911,0.240655559070194,0.255532317611216,0.259367217993296,0.262779638312334,0.26947724831311,0.274630568455827,0.272455765025853,0.268185492318564,0.267557010513767,0.269991109554308,0.276220865057379,0.288843259468617,0.302588624578269,0.306537881180936,0.327181245264679,0.340905737964402,0.349662030679189,0.380693709327551,0.413681733028005,0.488968445577227,1,0.546937471028187
0.0679032794903375,0.127813189011161,0.153209001772407,0.15302323281487,0.153739279246546,0.168936552658324,0.177437473311724,0.184489869964291,0.191199578452708,0.196861744551252,0.203906580080417,0.216346072004618,0.220538607020582,0.223874836865424,0.228963934546417,0.234286865672431,0.237017839012337,0.233631414686552,0.230054120749624,0.231776285745894,0.233362283913565,0.247185190539703,0.262428260494796,0.273149016641025,0.287650407168677,0.310045097257995,0.331579758939582,0.349644544210388,0.376206274701511,0.432068179402197,0.546937471028187,1
