1,0.726293341902785,0.657262569764151,0.629299141513949,0.614895953886756,0.60710081584131,0.603297556021512,0.594324384979346,0.587632020470511,0.579586321508844,0.576087508316671,0.56949126424737,0.564015506713055,0.558383722673443,0.553569347519564,0.54791272204196,0.540943688844618,0.538752425052798,0.529642244657077,0.526839071198543,0.521238206410461,0.515618197289834,0.505377274165684,0.497577410761255,0.495790126446287,0.483789647127552,0.472689388351572,0.456426053532769,0.442082080243461,0.402475609958689,0.266087771102555,0.205288856634218
0.726293341902785,1,0.951482797229757,0.924267433241365,0.904991833368969,0.89621030233038,0.887096644513216,0.876117711111891,0.869930087558588,0.864450512410063,0.859012778640149,0.851096085314693,0.842709456461156,0.834754363644826,0.827351401687652,0.821406803520279,0.816617957420701,0.813306241183322,0.805705305752001,0.799082042017009,0.789654495468372,0.784017401181094,0.77615220672827,0.768331575586881,0.762614647795254,0.750424921188841,0.740511444251507,0.72024626247459,0.696701392434849,0.628446836632418,0.447697327163228,0.321265345918866
0.657262569764151,0.951482797229757,1,0.975405501575356,0.956346252734899,0.948841363073415,0.938574374899685,0.930625199322109,0.925112858171704,0.920222741818649,0.915722090972594,0.908746687367794,0.901084156844393,0.89460102347355,0.888042643210581,0.881370612505096,0.878441169061806,0.874080597346615,0.869204544400638,0.863222407657229,0.856005887232099,0.850319408871868,0.845193099402055,0.836862860522893,0.832340592568845,0.821196103231899,0.812163544361808,0.793000205243949,0.76828245189441,0.701513466024911,0.51918455450055,0.378615017565442
0.629299141513949,0.924267433241365,0.975405501575356,1,0.986488333801835,0.975367559567023,0.96695397233929,0.95786131479158,0.950458542526813,0.945712927725084,0.940087964413477,0.933610245705996,0.926674789693299,0.919787466511306,0.914024376587336,0.907903675298041,0.904416800796451,0.900204817540623,0.895009506551099,0.890095082515232,0.884106547025295,0.879330405158362,0.874816209180338,0.867514792666212,0.86284820095985,0.851387694671546,0.840362098855948,0.818054347282155,0.78942728828781,0.722233479479631,0.53665353226178,0.389722563005175
0.614895953886756,0.904991833368969,0.956346252734899,0.986488333801835,1,0.990281462176476,0.981693504867516,0.972532889214601,0.965713089887463,0.960254206670295,0.953664176525031,0.946929223869082,0.940335615728375,0.934236519863261,0.928812718029703,0.922697092748233,0.918310447592437,0.913026713572811,0.907349186539827,0.902578441876455,0.898075201300233,0.893409172146328,0.889583795582001,0.883071048869366,0.878447523983949,0.866628878951226,0.854984229734558,0.832446410113495,0.805426349663805,0.741938961149962,0.556054751540364,0.402562294760935
0.60710081584131,0.89621030233038,0.948841363073415,0.975367559567023,0.990281462176476,1,0.992122890566603,0.983980080380183,0.977319899441003,0.971595264815984,0.964800066716989,0.957618424906409,0.951298493570653,0.945063930883267,0.940253704239469,0.934933553212062,0.930640985542584,0.925432169940149,0.919946501167112,0.915967385782038,0.912161344567086,0.90768607251118,0.903332422230777,0.896705601711402,0.891794696425975,0.880409944308041,0.868747614214911,0.848076817433927,0.822170730926428,0.759008266587706,0.573087776361253,0.417574757605797
0.603297556021512,0.887096644513216,0.938574374899685,0.96695397233929,0.981693504867516,0.992122890566603,1,0.993221770204663,0.986059587349248,0.979669175737278,0.973108160270784,0.96534256907308,0.959005920613687,0.952777346039476,0.947502549337707,0.942658238576381,0.93903923766631,0.933675880814023,0.927646655969293,0.923913442279111,0.920156230797325,0.916248992070783,0.910404208543729,0.903986685713415,0.899392571149982,0.888297567215109,0.876819292686415,0.856616189089383,0.829554555223289,0.767821713513957,0.576217659411047,0.42337930742118
0.594324384979346,0.876117711111891,0.930625199322109,0.95786131479158,0.972532889214601,0.983980080380183,0.993221770204663,1,0.99432234907491,0.988527588707853,0.982624432391551,0.975768317097182,0.969441679116422,0.963213016462449,0.957437975409192,0.952513796128748,0.949232176854221,0.944084731023238,0.938247774656081,0.934220549197495,0.930653240614882,0.926502997271485,0.921437376845561,0.915661684043785,0.911347714500253,0.90070764898421,0.889867336833613,0.871924417316544,0.845844472390612,0.78539390742283,0.591736773212343,0.435435783178191
0.587632020470511,0.869930087558588,0.925112858171704,0.950458542526813,0.965713089887463,0.977319899441003,0.986059587349248,0.99432234907491,1,0.995592144920677,0.990017115188607,0.983399134823151,0.976661509928674,0.970662004790667,0.964076201596433,0.958773757698063,0.95509048126838,0.949994251826322,0.944223670375397,0.940186357557158,0.936396179434269,0.932170020586715,0.926992774196553,0.921885031255515,0.918208252847723,0.907896969777172,0.898060696654629,0.880783965440806,0.854762648972731,0.795602709951372,0.60070724242244,0.440653839784779
0.579586321508844,0.864450512410063,0.920222741818649,0.945712927725084,0.960254206670295,0.971595264815984,0.979669175737278,0.988527588707853,0.995592144920677,1,0.99510679275212,0.988679336681606,0.982522931166355,0.97658778323998,0.969849668867761,0.964622795158801,0.960992982273353,0.956177780999578,0.950820930877773,0.946672477033262,0.942834316687958,0.938225547909184,0.932972732016992,0.928189930677368,0.924232744877839,0.914640330307254,0.905591031350084,0.888897151169333,0.862904615242573,0.804838598875968,0.609405265603179,0.445794287114836
0.576087508316671,0.859012778640149,0.915722090972594,0.940087964413477,0.953664176525031,0.964800066716989,0.973108160270784,0.982624432391551,0.990017115188607,0.99510679275212,1,0.99507712834367,0.989750497943634,0.984157709899709,0.977970616613593,0.973064084728332,0.969539613363936,0.964908478168324,0.959771108482114,0.955599873103767,0.951569337996101,0.946542531585121,0.941362721650317,0.936318833002198,0.932482416104014,0.92276510174598,0.914144917440046,0.898309728895963,0.873090820306688,0.816788332160754,0.619304314521536,0.455343776961894
0.56949126424737,0.851096085314693,0.908746687367794,0.933610245705996,0.946929223869082,0.957618424906409,0.96534256907308,0.975768317097182,0.983399134823151,0.988679336681606,0.99507712834367,1,0.996282898786664,0.991625251069118,0.986395706839843,0.982129769757878,0.978373393391264,0.97364285581233,0.968462576896001,0.963964303518307,0.959496142841255,0.95486199655961,0.949494222578867,0.945693100597087,0.941717412644508,0.932257647037657,0.923653906824845,0.909652661902148,0.885700775916278,0.831690492217223,0.638993050538224,0.469758813487021
0.564015506713055,0.842709456461156,0.901084156844393,0.926674789693299,0.940335615728375,0.951298493570653,0.959005920613687,0.969441679116422,0.976661509928674,0.982522931166355,0.989750497943634,0.996282898786664,1,0.996362419586876,0.991859874281141,0.987905727669323,0.983749949851544,0.978955471694946,0.973678010984159,0.969303563228307,0.964568281888654,0.959967863297183,0.954437404548635,0.950958928481511,0.946817615132062,0.936639551572077,0.928318456763176,0.916604994336946,0.8930866655409,0.840179641520288,0.648695382809874,0.481594642831499
0.558383722673443,0.834754363644826,0.89460102347355,0.919787466511306,0.934236519863261,0.945063930883267,0.952777346039476,0.963213016462449,0.970662004790667,0.97658778323998,0.984157709899709,0.991625251069118,0.996362419586876,1,0.996417292348576,0.992574590491722,0.988568929901024,0.983523125761508,0.978740156726044,0.974931453439754,0.970030842957626,0.96525109979582,0.95945641082485,0.956012598374948,0.951528747499522,0.942199099014663,0.934598565875117,0.924085023890189,0.901698828385394,0.849686568822301,0.662816069903237,0.492779772124456
0.553569347519564,0.827351401687652,0.888042643210581,0.914024376587336,0.928812718029703,0.940253704239469,0.947502549337707,0.957437975409192,0.964076201596433,0.969849668867761,0.977970616613593,0.986395706839843,0.991859874281141,0.996417292348576,1,0.997308895388006,0.993355551324652,0.988218811584396,0.98320750210046,0.979558749655878,0.974635328002076,0.96979883389898,0.963868837007651,0.960333167921226,0.955872950225908,0.947080771094476,0.939573101117506,0.929143873483065,0.907675445051867,0.857079175464073,0.673285192266132,0.50479500135493
0.54791272204196,0.821406803520279,0.881370612505096,0.907903675298041,0.922697092748233,0.934933553212062,0.942658238576381,0.952513796128748,0.958773757698063,0.964622795158801,0.973064084728332,0.982129769757878,0.987905727669323,0.992574590491722,0.997308895388006,1,0.996900508113112,0.992189903250071,0.987364626114703,0.983692838377245,0.978734680199098,0.974459942885717,0.968441375633537,0.965030478592864,0.960806021070467,0.952063877737791,0.945438578575786,0.935238226449148,0.914380334151884,0.86466324445654,0.682669522441973,0.512666883596611
0.540943688844618,0.816617957420701,0.878441169061806,0.904416800796451,0.918310447592437,0.930640985542584,0.93903923766631,0.949232176854221,0.95509048126838,0.960992982273353,0.969539613363936,0.978373393391264,0.983749949851544,0.988568929901024,0.993355551324652,0.996900508113112,1,0.996680157937335,0.992443064247525,0.988835806300678,0.983790185046606,0.979485441600265,0.973301293080211,0.96991477637817,0.966006951146387,0.957505456493987,0.950680901513819,0.940484875215483,0.919245562930874,0.869017391505397,0.686694991087139,0.513545414383693
0.538752425052798,0.813306241183322,0.874080597346615,0.900204817540623,0.913026713572811,0.925432169940149,0.933675880814023,0.944084731023238,0.949994251826322,0.956177780999578,0.964908478168324,0.97364285581233,0.978955471694946,0.983523125761508,0.988218811584396,0.992189903250071,0.996680157937335,1,0.9969408440374,0.9936335152495,0.988801625982816,0.984042155161779,0.97815808212279,0.974654161347444,0.970540153737382,0.962377884802298,0.956359250288803,0.946827294667957,0.925455370848671,0.875985587648396,0.691502024200071,0.520700607770048
0.529642244657077,0.805705305752001,0.869204544400638,0.895009506551099,0.907349186539827,0.919946501167112,0.927646655969293,0.938247774656081,0.944223670375397,0.950820930877773,0.959771108482114,0.968462576896001,0.973678010984159,0.978740156726044,0.98320750210046,0.987364626114703,0.992443064247525,0.9969408440374,1,0.996986823235451,0.992690705337205,0.987987267310719,0.982409420719433,0.978529626563852,0.974314917735216,0.966718766314047,0.960530313881119,0.950936319545352,0.929703810960204,0.881254205418747,0.698754850767839,0.5285162243623
0.526839071198543,0.799082042017009,0.863222407657229,0.890095082515232,0.902578441876455,0.915967385782038,0.923913442279111,0.934220549197495,0.940186357557158,0.946672477033262,0.955599873103767,0.963964303518307,0.969303563228307,0.974931453439754,0.979558749655878,0.983692838377245,0.988835806300678,0.9936335152495,0.996986823235451,1,0.996707859651053,0.992114030481201,0.987196141267826,0.983041453634984,0.978817787400348,0.97148469554506,0.965251787933778,0.955924046944408,0.93490228208044,0.886496907536218,0.702849067841913,0.532633535654642
0.521238206410461,0.789654495468372,0.856005887232099,0.884106547025295,0.898075201300233,0.912161344567086,0.920156230797325,0.930653240614882,0.936396179434269,0.942834316687958,0.951569337996101,0.959496142841255,0.964568281888654,0.970030842957626,0.974635328002076,0.978734680199098,0.983790185046606,0.988801625982816,0.992690705337205,0.996707859651053,1,0.996123368656483,0.992082726094488,0.987377544650627,0.982590786833983,0.975066130406919,0.968235431668253,0.959277738032195,0.938447941356811,0.89108496022282,0.706547225610855,0.53100001466116
0.515618197289834,0.784017401181094,0.850319408871868,0.879330405158362,0.893409172146328,0.90768607251118,0.916248992070783,0.926502997271485,0.932170020586715,0.938225547909184,0.946542531585121,0.95486199655961,0.959967863297183,0.96525109979582,0.96979883389898,0.974459942885717,0.979485441600265,0.984042155161779,0.987987267310719,0.992114030481201,0.996123368656483,1,0.996173010319923,0.991780859470335,0.986771882914403,0.980335630964867,0.973350610013184,0.963052860519887,0.941625078574781,0.896091327832604,0.715167957999297,0.535976188899566
0.505377274165684,0.77615220672827,0.845193099402055,0.874816209180338,0.889583795582001,0.903332422230777,0.910404208543729,0.921437376845561,0.926992774196553,0.932972732016992,0.941362721650317,0.949494222578867,0.954437404548635,0.95945641082485,0.963868837007651,0.968441375633537,0.973301293080211,0.97815808212279,0.982409420719433,0.987196141267826,0.992082726094488,0.996173010319923,1,0.996366738548925,0.991535620147126,0.985314747180399,0.977719401210695,0.968206207928212,0.947877602900357,0.903175720784325,0.726064449714205,0.544827544757871
0.497577410761255,0.768331575586881,0.836862860522893,0.867514792666212,0.883071048869366,0.896705601711402,0.903986685713415,0.915661684043785,0.921885031255515,0.928189930677368,0.936318833002198,0.945693100597087,0.950958928481511,0.956012598374948,0.960333167921226,0.965030478592864,0.96991477637817,0.974654161347444,0.978529626563852,0.983041453634984,0.987377544650627,0.991780859470335,0.996366738548925,1,0.995848350853536,0.989933526054333,0.982690410669905,0.973486791232475,0.953391370590004,0.910606929521125,0.734847961295014,0.559050129148105
0.495790126446287,0.762614647795254,0.832340592568845,0.86284820095985,0.878447523983949,0.891794696425975,0.899392571149982,0.911347714500253,0.918208252847723,0.924232744877839,0.932482416104014,0.941717412644508,0.946817615132062,0.951528747499522,0.955872950225908,0.960806021070467,0.966006951146387,0.970540153737382,0.974314917735216,0.978817787400348,0.982590786833983,0.986771882914403,0.991535620147126,0.995848350853536,1,0.995074676385597,0.988027392057231,0.978223941938693,0.959281248335347,0.917746198866914,0.73986394911635,0.559828946226814
0.483789647127552,0.750424921188841,0.821196103231899,0.851387694671546,0.866628878951226,0.880409944308041,0.888297567215109,0.90070764898421,0.907896969777172,0.914640330307254,0.92276510174598,0.932257647037657,0.936639551572077,0.942199099014663,0.947080771094476,0.952063877737791,0.957505456493987,0.962377884802298,0.966718766314047,0.97148469554506,0.975066130406919,0.980335630964867,0.985314747180399,0.989933526054333,0.995074676385597,1,0.993595777474344,0.982759145341733,0.965015263381004,0.924887634667455,0.752070729986978,0.567695030501908
0.472689388351572,0.740511444251507,0.812163544361808,0.840362098855948,0.854984229734558,0.868747614214911,0.876819292686415,0.889867336833613,0.898060696654629,0.905591031350084,0.914144917440046,0.923653906824845,0.928318456763176,0.934598565875117,0.939573101117506,0.945438578575786,0.950680901513819,0.956359250288803,0.960530313881119,0.965251787933778,0.968235431668253,0.973350610013184,0.977719401210695,0.982690410669905,0.988027392057231,0.993595777474344,1,0.989547993681213,0.97144470994909,0.934043492637549,0.768078424570795,0.580877108902495
0.456426053532769,0.72024626247459,0.793000205243949,0.818054347282155,0.832446410113495,0.848076817433927,0.856616189089383,0.871924417316544,0.880783965440806,0.888897151169333,0.898309728895963,0.909652661902148,0.916604994336946,0.924085023890189,0.929143873483065,0.935238226449148,0.940484875215483,0.946827294667957,0.950936319545352,0.955924046944408,0.959277738032195,0.963052860519887,0.968206207928212,0.973486791232475,0.978223941938693,0.982759145341733,0.989547993681213,1,0.986808604185237,0.952427495123153,0.788789199768893,0.60024230189121
0.442082080243461,0.696701392434849,0.76828245189441,0.78942728828781,0.805426349663805,0.822170730926428,0.829554555223289,0.845844472390612,0.854762648972731,0.862904615242573,0.873090820306688,0.885700775916278,0.8930866655409,0.901698828385394,0.907675445051867,0.914380334151884,0.919245562930874,0.925455370848671,0.929703810960204,0.93490228208044,0.938447941356811,0.941625078574781,0.947877602900357,0.953391370590004,0.959281248335347,0.965015263381004,0.97144470994909,0.986808604185237,1,0.972207196658697,0.823892785612325,0.631323708665594
0.402475609958689,0.628446836632418,0.701513466024911,0.722233479479631,0.741938961149962,0.759008266587706,0.767821713513957,0.78539390742283,0.795602709951372,0.804838598875968,0.816788332160754,0.831690492217223,0.840179641520288,0.849686568822301,0.857079175464073,0.86466324445654,0.869017391505397,0.875985587648396,0.881254205418747,0.886496907536218,0.89108496022282,0.896091327832604,0.903175720784325,0.910606929521125,0.917746198866914,0.924887634667455,0.934043492637549,0.952427495123153,0.972207196658697,1,0.877867505352405,0.663699356011884
0.266087771102555,0.447697327163228,0.51918455450055,0.53665353226178,0.556054751540364,0.573087776361253,0.576217659411047,0.591736773212343,0.60070724242244,0.609405265603179,0.619304314521536,0.638993050538224,0.648695382809874,0.662816069903237,0.673285192266132,0.682669522441973,0.686694991087139,0.691502024200071,0.698754850767839,0.702849067841913,0.706547225610855,0.715167957999297,0.726064449714205,0.734847961295014,0.73986394911635,0.752070729986978,0.768078424570795,0.788789199768893,0.823892785612325,0.877867505352405,1,0.774398040652339
0.205288856634218,0.321265345918866,0.378615017565442,0.389722563005175,0.402562294760935,0.417574757605797,0.42337930742118,0.435435783178191,0.440653839784779,0.445794287114836,0.455343776961894,0.469758813487021,0.481594642831499,0.492779772124456,0.50479500135493,0.512666883596611,0.513545414383693,0.520700607770048,0.5285162243623,0.532633535654642,0.53100001466116,0.535976188899566,0.544827544757871,0.559050129148105,0.559828946226814,0.567695030501908,0.580877108902495,0.60024230189121,0.631323708665594,0.663699356011884,0.774398040652339,1
