1,0.882678404834749,0.744036231909669,0.651493811433685,0.590310150097545,0.547851429838928,0.516951395714899,0.517067910083371,0.516792081167549,0.515980545896263,0.514747023737881,0.513185680751335,0.511373901208993,0.517430927966139,0.521017293417064,0.518951195762414,0.513323125558338,0.505671670606849,0.497037539534823,0.492315485326453,0.494459530635679,0.494606609818106,0.493009687229246,0.489939652482147,0.485665965992909,0.480498565221537,0.47555401694979,0.464829428178516,0.452080223530899,0.439212721169112,0.427076445891677,0.415982801697926
0.882678404834749,1,0.97075512662156,0.931609790730365,0.900408807833573,0.876748341647431,0.858609490771217,0.858305987279072,0.857111214027344,0.855080188772754,0.852398072027207,0.849217546468352,0.845663525550125,0.841869378306814,0.829478597693516,0.810462527645618,0.78806608460251,0.764495894847099,0.741114947157585,0.726529177629476,0.725746635000509,0.722195673555927,0.716277489741678,0.708409208780767,0.69899650296724,0.688588698034067,0.687052915892251,0.676028364293211,0.661130068726939,0.645322321674366,0.630009924795569,0.615779047610539
0.744036231909669,0.97075512662156,1,0.991621496789832,0.978518468263806,0.966570355592106,0.956567640554999,0.956076650180706,0.954519009220046,0.95204616526703,0.948863260423418,0.945139253155911,0.941012196461871,0.932524257291995,0.91307704376013,0.887098413293638,0.858133617042482,0.828533750808859,0.799704885156216,0.781381255728995,0.77917354922193,0.774050226399165,0.766452426448909,0.756834777061134,0.745636354028199,0.733479780459557,0.733822201965691,0.723627534375307,0.708959998806989,0.693059978010293,0.677490645139766,0.662926252812972
0.651493811433685,0.931609790730365,0.991621496789832,1,0.996951060055977,0.991593232933203,0.986209606229621,0.985629573249973,0.983914242860442,0.981263297362794,0.977887683611262,0.973961043365753,0.969625170642306,0.958816286929554,0.936041120963433,0.90694255087865,0.875141939318192,0.843011422410027,0.811946345353463,0.792053320667416,0.789132002320859,0.783286172614191,0.774967825190081,0.764640803865041,0.752751570018937,0.739947172218102,0.741291956875421,0.731789671445484,0.717600003574615,0.702033753858129,0.686701616512993,0.672308980466755
0.590310150097545,0.900408807833573,0.978518468263806,0.996951060055977,1,0.99866647410267,0.996116659924357,0.995487544971699,0.993690873841135,0.990953845502767,0.987489202390217,0.983472006970221,0.979045163070408,0.966921976817709,0.942321273164825,0.911574097687115,0.878318418928182,0.844919844458324,0.812755924648805,0.792076241350166,0.788747558899159,0.782512709720275,0.773826578418918,0.763154814041045,0.750944718433193,0.737852846775249,0.739792200841783,0.730785210684928,0.716999275512146,0.701760881227993,0.686696364393038,0.672524201088525
0.547851429838928,0.876748341647431,0.966570355592106,0.991593232933203,0.99866647410267,1,0.999333654530217,0.998674173683245,0.996829705639138,0.994044893823995,0.990532955819854,0.986469307473792,0.981997108053986,0.96904496689197,0.943318871197169,0.91158396223599,0.877477005402967,0.843351362161489,0.810568193482312,0.789437329340708,0.785850277792136,0.779378934745361,0.770478573322333,0.759614476666557,0.747233003887223,0.733994800014516,0.736321038467671,0.727671929162898,0.714199307852361,0.699228891915356,0.68439191779438,0.670413112916802
0.516951395714899,0.858609490771217,0.956567640554999,0.986209606229621,0.996116659924357,0.999333654530217,1,0.999320111569418,0.997444818978103,0.994630705272354,0.991090980866074,0.987001029176532,0.982503959704101,0.968986586617131,0.942506232195381,0.910124058667707,0.875470128687198,0.840885358760555,0.807717132181546,0.786301284460272,0.782537337207852,0.775909205583495,0.766871704787656,0.75588911055793,0.743406397225062,0.730086038278331,0.732682062016174,0.724299893410986,0.711070465556482,0.696313600894771,0.681661375192682,0.667841769403115
0.517067910083371,0.858305987279072,0.956076650180706,0.985629573249973,0.995487544971699,0.998674173683245,0.999320111569418,1,0.999400599155243,0.997769894689752,0.99532749509672,0.992255191122008,0.988702325686051,0.97707938330184,0.952669758179647,0.921985675315646,0.888707175756077,0.855232034648253,0.822960418677302,0.802151197955017,0.798654035823475,0.79221944924021,0.783309000116025,0.772394815350252,0.759930142628206,0.746581039729646,0.748572785153666,0.739482303067708,0.725551185549657,0.710146501291366,0.694914819326159,0.680583857093307
0.516792081167549,0.857111214027344,0.954519009220046,0.983914242860442,0.993690873841135,0.996829705639138,0.997444818978103,0.999400599155243,1,0.999482532902396,0.998073542304384,0.995960610397018,0.993298748410575,0.98347323855133,0.961043855922801,0.931997041174903,0.900055274576692,0.867666856815764,0.836279894596156,0.816068147365479,0.812827196783405,0.806583519834511,0.797804447164073,0.786968902729968,0.774537353977098,0.761178387857139,0.762598179624674,0.752851756402747,0.73827707556677,0.722281459208617,0.706523046589631,0.691728384375813
0.515980545896263,0.855080188772754,0.95204616526703,0.981263297362794,0.990953845502767,0.994044893823995,0.994630705272354,0.997769894689752,0.999482532902396,1,0.999552727940195,0.998333478566972,0.996502363345302,0.988357516679903,0.967792199080332,0.940297880310807,0.909632474105691,0.878288597107911,0.847757344223971,0.828122462512277,0.825123056152533,0.819063473499078,0.810415903184264,0.799665070177082,0.78727765552125,0.773923877844694,0.774810706385851,0.764465279003853,0.749308282527589,0.732780780138443,0.716549880200033,0.701340260932553
0.514747023737881,0.852398072027207,0.948863260423418,0.977887683611262,0.987489202390217,0.990532955819854,0.991090980866074,0.99532749509672,0.998073542304384,0.999552727940195,1,0.99961275699971,0.998555703551176,0.991980964384139,0.973167797434487,0.947142390048684,0.917692110419594,0.887348462542381,0.857641124021765,0.838560794140939,0.835788740820369,0.82990593984505,0.821388658048219,0.810726563709608,0.798391681526156,0.785055124915808,0.785445623620986,0.774552894537858,0.758868578933548,0.741861915167479,0.725206802660401,0.709625509730588
0.513185680751335,0.849217546468352,0.945139253155911,0.973961043365753,0.983472006970221,0.986469307473792,0.987001029176532,0.992255191122008,0.995960610397018,0.998333478566972,0.99961275699971,1,0.999664053735997,0.994555568606474,0.977387877973603,0.952750189668059,0.92445423613719,0.895065671852103,0.866148846308706,0.84759985183767,0.845041575732775,0.839327995005347,0.830938788574892,0.820367831017742,0.808091740018023,0.794781922398337,0.794710276660309,0.783317039482399,0.767154659082758,0.749715803309397,0.732679345750096,0.716764732040769
0.511373901208993,0.845663525550125,0.941012196461871,0.969625170642306,0.979045163070408,0.981997108053986,0.982503959704101,0.988702325686051,0.993298748410575,0.996502363345302,0.998555703551176,0.999664053735997,1,0.996260781800438,0.980637691377876,0.957309725166404,0.930108653745649,0.901630152928311,0.873469776755815,0.855428604154104,0.85307122804299,0.847519243854015,0.839255174453996,0.828776468226098,0.816563688856983,0.803288048728869,0.802785999221085,0.790934512357358,0.774338108911431,0.756508846469152,0.739129062128695,0.722915071213389
0.517430927966139,0.841869378306814,0.932524257291995,0.958816286929554,0.966921976817709,0.96904496689197,0.968986586617131,0.97707938330184,0.98347323855133,0.988357516679903,0.991980964384139,0.994555568606474,0.996260781800438,1,0.993872515688127,0.978663290675051,0.958300437460123,0.935544899646767,0.912171348017858,0.896852767393743,0.894328789559205,0.888457877777005,0.879746291689566,0.86871579936952,0.855870342382465,0.841878452981403,0.838242373324157,0.82338713832601,0.804103864626778,0.783943108018596,0.764563035166597,0.74663597990483
0.521017293417064,0.829478597693516,0.91307704376013,0.936041120963433,0.942321273164825,0.943318871197169,0.942506232195381,0.952669758179647,0.961043855922801,0.967792199080332,0.973167797434487,0.977387877973603,0.980637691377876,0.993872515688127,1,0.99537771451823,0.984014508481411,0.968853285089775,0.951879227373747,0.940187861642734,0.93737712446478,0.931065189877134,0.921783944035681,0.91008109140568,0.896485258403511,0.881654444715385,0.873998181741822,0.855428618236595,0.832896006427624,0.809957508483026,0.788219712045317,0.768289707488374
0.518951195762414,0.810462527645618,0.887098413293638,0.90694255087865,0.911574097687115,0.91158396223599,0.910124058667707,0.921985675315646,0.931997041174903,0.940297880310807,0.947142390048684,0.952750189668059,0.957309725166404,0.978663290675051,0.99537771451823,1,0.996569272570382,0.988157262546625,0.976912314111927,0.968488785023708,0.965456849586607,0.958824506682155,0.949140618126471,0.936969975954987,0.922857396490878,0.907445183451283,0.896372084162319,0.874759976345568,0.849628250409784,0.824504428210937,0.800934302816822,0.779462238734402
0.513323125558338,0.78806608460251,0.858133617042482,0.875141939318192,0.878318418928182,0.877477005402967,0.875470128687198,0.888707175756077,0.900055274576692,0.909632474105691,0.917692110419594,0.92445423613719,0.930108653745649,0.958300437460123,0.984014508481411,0.996569272570382,1,0.997466667074354,0.991242298287725,0.985697365050253,0.982497285356478,0.975637995143462,0.965678916125275,0.953195378568322,0.938742111544021,0.922943130256103,0.909007580772732,0.884933715881688,0.857748465136603,0.830927653679927,0.805953222611395,0.78331144482207
0.505671670606849,0.764495894847099,0.828533750808859,0.843011422410027,0.844919844458324,0.843351362161489,0.840885358760555,0.855232034648253,0.867666856815764,0.878288597107911,0.887348462542381,0.895065671852103,0.901630152928311,0.935544899646767,0.968853285089775,0.988157262546625,0.997466667074354,1,0.998124988819664,0.995084633371018,0.991757575194153,0.984740824792495,0.974599813419218,0.961915775044974,0.94724891777448,0.931204116764906,0.914884660307036,0.888826866932332,0.860025624003506,0.831893268119479,0.805848734903854,0.782325701176114
0.497037539534823,0.741114947157585,0.799704885156216,0.811946345353463,0.812755924648805,0.810568193482312,0.807717132181546,0.822960418677302,0.836279894596156,0.847757344223971,0.857641124021765,0.866148846308706,0.873469776755815,0.912171348017858,0.951879227373747,0.976912314111927,0.991242298287725,0.998124988819664,1,0.999127045124257,0.995704218522899,0.988580432670055,0.978323997021818,0.965518868608526,0.950727698441256,0.934536439895573,0.916231915147137,0.888572703594715,0.858497758737252,0.829350951809393,0.802491251621728,0.77830532004133
0.492315485326453,0.726529177629476,0.781381255728995,0.792053320667416,0.792076241350166,0.789437329340708,0.786301284460272,0.802151197955017,0.816068147365479,0.828122462512277,0.838560794140939,0.84759985183767,0.855428604154104,0.896852767393743,0.940187861642734,0.968488785023708,0.985697365050253,0.995084633371018,0.999127045124257,1,0.997944457180673,0.992122717065017,0.983093903139715,0.971436454193389,0.957710728589927,0.942487108655411,0.92355254558185,0.895286736459572,0.864667736542449,0.835048004343879,0.807782057484904,0.783247891125792
0.494459530635679,0.725746635000509,0.77917354922193,0.789132002320859,0.788747558899159,0.785850277792136,0.782537337207852,0.798654035823475,0.812827196783405,0.825123056152533,0.835788740820369,0.845041575732775,0.85307122804299,0.894328789559205,0.93737712446478,0.965456849586607,0.982497285356478,0.991757575194153,0.995704218522899,0.997944457180673,1,0.998111253059413,0.992807171010177,0.984646935703242,0.974181408977862,0.961969408364663,0.944542632026342,0.917179192789589,0.887081200603172,0.857749938818458,0.830632041168032,0.806161190499123
0.494606609818106,0.722195673555927,0.774050226399165,0.783286172614191,0.782512709720275,0.779378934745361,0.775909205583495,0.79221944924021,0.806583519834511,0.819063473499078,0.82990593984505,0.839327995005347,0.847519243854015,0.888457877777005,0.931065189877134,0.958824506682155,0.975637995143462,0.984740824792495,0.988580432670055,0.992122717065017,0.998111253059413,1,0.998286951057322,0.993510670197869,0.986210789910234,0.976932885007541,0.961018741018139,0.934625923425549,0.905143528694253,0.87620199289887,0.8493306702928,0.825014952798564
0.493009687229246,0.716277489741678,0.766452426448909,0.774967825190081,0.773826578418918,0.770478573322333,0.766871704787656,0.783309000116025,0.797804447164073,0.810415903184264,0.821388658048219,0.830938788574892,0.839255174453996,0.879746291689566,0.921783944035681,0.949140618126471,0.965678916125275,0.974599813419218,0.978323997021818,0.983093903139715,0.992807171010177,0.998286951057322,1,0.998463354062184,0.994204055829768,0.987753151823993,0.973335519867903,0.947959805906436,0.919167241785619,0.890698518320572,0.864156401460737,0.840073825952557
0.489939652482147,0.708409208780767,0.756834777061134,0.764640803865041,0.763154814041045,0.759614476666557,0.75588911055793,0.772394815350252,0.786968902729968,0.799665070177082,0.810726563709608,0.820367831017742,0.828776468226098,0.86871579936952,0.91008109140568,0.936969975954987,0.953195378568322,0.961915775044974,0.965518868608526,0.971436454193389,0.984646935703242,0.993510670197869,0.998463354062184,1,0.998634060987526,0.994881145331627,0.98192649040349,0.957594297702484,0.92954607087777,0.901615111629485,0.875468654774274,0.851682981864629
0.485665965992909,0.69899650296724,0.745636354028199,0.752751570018937,0.750944718433193,0.747233003887223,0.743406397225062,0.759930142628206,0.774537353977098,0.78727765552125,0.798391681526156,0.808091740018023,0.816563688856983,0.855870342382465,0.896485258403511,0.922857396490878,0.938742111544021,0.94724891777448,0.950727698441256,0.957710728589927,0.974181408977862,0.986210789910234,0.994204055829768,0.998634060987526,1,0.99880147377181,0.987262666153101,0.963982857899944,0.936715386698808,0.909370083460006,0.883670275226793,0.86023149142264
0.480498565221537,0.688588698034067,0.733479780459557,0.739947172218102,0.737852846775249,0.733994800014516,0.730086038278331,0.746581039729646,0.761178387857139,0.773923877844694,0.785055124915808,0.794781922398337,0.803288048728869,0.841878452981403,0.881654444715385,0.907445183451283,0.922943130256103,0.931204116764906,0.934536439895573,0.942487108655411,0.961969408364663,0.976932885007541,0.987753151823993,0.994881145331627,0.99880147377181,1,0.990033052534434,0.967966578553037,0.941629856206966,0.915003807197043,0.88986736006146,0.866876754826496
0.47555401694979,0.687052915892251,0.733822201965691,0.741291956875421,0.739792200841783,0.736321038467671,0.732682062016174,0.748572785153666,0.762598179624674,0.774810706385851,0.785445623620986,0.794710276660309,0.802785999221085,0.838242373324157,0.873998181741822,0.896372084162319,0.909007580772732,0.914884660307036,0.916231915147137,0.92355254558185,0.944542632026342,0.961018741018139,0.973335519867903,0.98192649040349,0.987262666153101,0.990033052534434,1,0.993679679698272,0.979656850769169,0.962703300251913,0.945249842255534,0.928446159360633
0.464829428178516,0.676028364293211,0.723627534375307,0.731789671445484,0.730785210684928,0.727671929162898,0.724299893410986,0.739482303067708,0.752851756402747,0.764465279003853,0.774552894537858,0.783317039482399,0.790934512357358,0.82338713832601,0.855428618236595,0.874759976345568,0.884933715881688,0.888826866932332,0.888572703594715,0.895286736459572,0.917179192789589,0.934625923425549,0.947959805906436,0.957594297702484,0.963982857899944,0.967966578553037,0.993679679698272,1,0.995991998172006,0.986989754030646,0.975908993296696,0.964276297708294
0.452080223530899,0.661130068726939,0.708959998806989,0.717600003574615,0.716999275512146,0.714199307852361,0.711070465556482,0.725551185549657,0.73827707556677,0.749308282527589,0.758868578933548,0.767154659082758,0.774338108911431,0.804103864626778,0.832896006427624,0.849628250409784,0.857748465136603,0.860025624003506,0.858497758737252,0.864667736542449,0.887081200603172,0.905143528694253,0.919167241785619,0.92954607087777,0.936715386698808,0.941629856206966,0.979656850769169,0.995991998172006,1,0.997414726249898,0.991511907550025,0.984104630270552
0.439212721169112,0.645322321674366,0.693059978010293,0.702033753858129,0.701760881227993,0.699228891915356,0.696313600894771,0.710146501291366,0.722281459208617,0.732780780138443,0.741861915167479,0.749715803309397,0.756508846469152,0.783943108018596,0.809957508483026,0.824504428210937,0.830927653679927,0.831893268119479,0.829350951809393,0.835048004343879,0.857749938818458,0.87620199289887,0.890698518320572,0.901615111629485,0.909370083460006,0.915003807197043,0.962703300251913,0.986989754030646,0.997414726249898,1,0.998291525080906,0.994322046477388
0.427076445891677,0.630009924795569,0.677490645139766,0.686701616512993,0.686696364393038,0.68439191779438,0.681661375192682,0.694914819326159,0.706523046589631,0.716549880200033,0.725206802660401,0.732679345750096,0.739129062128695,0.764563035166597,0.788219712045317,0.800934302816822,0.805953222611395,0.805848734903854,0.802491251621728,0.807782057484904,0.830632041168032,0.8493306702928,0.864156401460737,0.875468654774274,0.883670275226793,0.88986736006146,0.945249842255534,0.975908993296696,0.991511907550025,0.998291525080906,1,0.998840936765793
0.415982801697926,0.615779047610539,0.662926252812972,0.672308980466755,0.672524201088525,0.670413112916802,0.667841769403115,0.680583857093307,0.691728384375813,0.701340260932553,0.709625509730588,0.716764732040769,0.722915071213389,0.74663597990483,0.768289707488374,0.779462238734402,0.78331144482207,0.782325701176114,0.77830532004133,0.783247891125792,0.806161190499123,0.825014952798564,0.840073825952557,0.851682981864629,0.86023149142264,0.866876754826496,0.928446159360633,0.964276297708294,0.984104630270552,0.994322046477388,0.998840936765793,1
