1,0.807612408541311,0.734031923729056,0.649839541100525,0.590723658919249,0.557675556695178,0.526142362964902,0.494904387571268,0.469272897218428,0.430622752627114,0.383122385021092,0.338388877273334,0.299447622378363,0.27786134861422,0.251947705484644,0.22366799108949,0.195105745533545,0.188152413363364,0.180636760549393,0.169706622551224,0.165755324379957,0.162435453216361,0.158436084989682,0.152631727735782,0.14466112978405,0.127856003276129,0.113528378196218,0.116914395001434,0.103870763860208,0.0930756779753186,0.0845878148508126,0.0548791954160402
0.807612408541311,1,0.938576857712028,0.835603645598494,0.776576955113949,0.736605347903962,0.700037643211101,0.658873536860681,0.61987463382131,0.57810257708176,0.525177839502196,0.474267586418656,0.428473218472449,0.406065755483815,0.376219308012114,0.340168539766563,0.29890031141864,0.288138115426261,0.277770957887929,0.263629469377372,0.256988918846831,0.250443630518607,0.243932471115559,0.237435749510158,0.228912366702078,0.211378416072384,0.195957857264624,0.197746780448324,0.17613983060206,0.153901297458349,0.132021890405324,0.0810305136611382
0.734031923729056,0.938576857712028,1,0.966947662308906,0.903431914382401,0.862582850243265,0.823629070193496,0.778802730631133,0.736629874430052,0.691020125941181,0.631629250328452,0.573340015517364,0.519443367659972,0.492760422324036,0.458135433608295,0.416044980229948,0.365846087778917,0.354933234090061,0.343447677511809,0.325837270118459,0.31895708726784,0.312891996066313,0.307088149142536,0.301179283752633,0.290146722795311,0.267222929832426,0.247151948500013,0.249720938118365,0.225896148202329,0.196368918053024,0.16413832974909,0.106402396642707
0.649839541100525,0.835603645598494,0.966947662308906,1,0.970978449506612,0.9354526665034,0.899193448386128,0.855846922318581,0.815492428567436,0.771245843176655,0.711103732746966,0.65057258126246,0.592893056946677,0.565616973214805,0.528996518448597,0.482803200672152,0.425212567494141,0.416014170888023,0.405440466362669,0.386232445038607,0.380257012095684,0.375244692123169,0.371030696182601,0.367628192964349,0.356519977302906,0.329775147500005,0.3056563813098,0.30869271509812,0.28320642711021,0.248129786545898,0.208554809947113,0.150841037223218
0.590723658919249,0.776576955113949,0.903431914382401,0.970978449506612,1,0.97918292365906,0.949841920777296,0.910469058364386,0.873606692635914,0.833597844130505,0.776310938856112,0.717008378968426,0.658624000812798,0.633670014388845,0.597184347908405,0.548230991919383,0.484130279590761,0.477347100914865,0.468750799970091,0.449249052673092,0.444603024008788,0.440569682375498,0.43797792240081,0.437701559547716,0.428139416437221,0.399070438612213,0.371800358578644,0.375218739047566,0.348701099784226,0.309919028882784,0.265817133508391,0.210812484448616
0.557675556695178,0.736605347903962,0.862582850243265,0.9354526665034,0.97918292365906,1,0.98314125694066,0.947456112803681,0.912520307965843,0.874526787756078,0.819758320011165,0.762148607028825,0.70370655662064,0.679880057687335,0.644845140628598,0.596138416611964,0.528687769112926,0.523770605658272,0.516092193178112,0.49554465264638,0.491905986237941,0.489520908531116,0.488327384979205,0.48844822551178,0.47743600092259,0.444914174721621,0.415021483109457,0.420875651719234,0.399997795602556,0.361541126688177,0.314190420555182,0.260481774583124
0.526142362964902,0.700037643211101,0.823629070193496,0.899193448386128,0.949841920777296,0.98314125694066,1,0.988405712106395,0.960768456781798,0.929905804959447,0.882883034075928,0.831930795501756,0.778239580836632,0.754654995674069,0.721412204830437,0.67718415246068,0.620163453019163,0.6185109323421,0.611763526543718,0.591003311649464,0.589653459916396,0.590605561823556,0.591690586457713,0.591172800486334,0.577635491907287,0.543136024953736,0.511580246220765,0.515613093379283,0.494767340103471,0.45230816731961,0.398163596462674,0.336782726631947
0.494904387571268,0.658873536860681,0.778802730631133,0.855846922318581,0.910469058364386,0.947456112803681,0.988405712106395,1,0.988302768391197,0.963169049534434,0.923112566542121,0.878192459389321,0.828477653160271,0.805739446867735,0.773420069421569,0.732129194576211,0.684610121678533,0.686061129629564,0.680295792803976,0.659467654864668,0.660482136147551,0.664305828264869,0.667344729225046,0.666560359144407,0.65244932387138,0.616720607600569,0.584352878761615,0.590202574623201,0.566835769317178,0.520300898502539,0.461964867791485,0.397271519470814
0.469272897218428,0.61987463382131,0.736629874430052,0.815492428567436,0.873606692635914,0.912520307965843,0.960768456781798,0.988302768391197,1,0.979788997263927,0.945137773898135,0.904384101414686,0.856670137588811,0.835713568703106,0.803250981180286,0.761784987770294,0.718132694594714,0.721889198778584,0.717100669921034,0.696137740112927,0.699021139584741,0.704377455508258,0.708460118578663,0.707998437658985,0.695613821285574,0.659163652460773,0.626689061993106,0.639074688067097,0.611760001870403,0.561864927178309,0.502553354421252,0.44038830251274
0.430622752627114,0.57810257708176,0.691020125941181,0.771245843176655,0.833597844130505,0.874526787756078,0.929905804959447,0.963169049534434,0.979788997263927,1,0.98904273959125,0.964141370382256,0.931586796024497,0.916061743102292,0.89042592354181,0.855340969937117,0.814970719879835,0.817576115219716,0.813891809896081,0.796661969793379,0.797928148696767,0.799673227081484,0.8003300836277,0.79834222717744,0.785744081739144,0.755812725531977,0.728820411696364,0.734946443299315,0.709078757285355,0.659384485988834,0.598287233503419,0.525194474642539
0.383122385021092,0.525177839502196,0.631629250328452,0.711103732746966,0.776310938856112,0.819758320011165,0.882883034075928,0.923112566542121,0.945137773898135,0.98904273959125,1,0.992345655984402,0.971713907601565,0.960987853594245,0.942569666052997,0.914511486689354,0.876878646654092,0.878888029489999,0.876069903706391,0.861461134225744,0.8616239069699,0.861210103242442,0.859812851754646,0.856789836406836,0.843933582473447,0.817515570460257,0.793861080601072,0.798117750321893,0.777481355015681,0.730087143991847,0.668009259747064,0.584947801144443
0.338388877273334,0.474267586418656,0.573340015517364,0.65057258126246,0.717008378968426,0.762148607028825,0.831930795501756,0.878192459389321,0.904384101414686,0.964141370382256,0.992345655984402,1,0.991741149583355,0.985027587635147,0.973001828713903,0.951962648572616,0.919211561839612,0.92043792285589,0.918010516065645,0.905761039438338,0.904816234582288,0.902706347074503,0.899604289927569,0.895316858386762,0.882143219105239,0.859288355371911,0.838968804372569,0.840854644498963,0.82529518391636,0.780434340083017,0.717729068948872,0.625455981034752
0.299447622378363,0.428473218472449,0.519443367659972,0.592893056946677,0.658624000812798,0.70370655662064,0.778239580836632,0.828477653160271,0.856670137588811,0.931586796024497,0.971713907601565,0.991741149583355,1,0.996765797967708,0.990057912075137,0.976275798323909,0.953005880178488,0.95267090937582,0.950024092800475,0.940700828926668,0.938190106992634,0.934031507450546,0.928734877097325,0.922349768583622,0.908799246287025,0.892056080671276,0.876907550168909,0.872314699768618,0.859462754164352,0.816453906597547,0.753307923137189,0.651914296095766
0.27786134861422,0.406065755483815,0.492760422324036,0.565616973214805,0.633670014388845,0.679880057687335,0.754654995674069,0.805739446867735,0.835713568703106,0.916061743102292,0.960987853594245,0.985027587635147,0.996765797967708,1,0.99615782653548,0.982715067414485,0.960166779215747,0.959917889708016,0.958239370463393,0.950658192391489,0.947589452013966,0.942021973926831,0.935742662111814,0.929868235764984,0.918580379802644,0.904433879320705,0.890987285624928,0.885911285536451,0.871507059835498,0.828730506350571,0.767360736394464,0.667105158155085
0.251947705484644,0.376219308012114,0.458135433608295,0.528996518448597,0.597184347908405,0.644845140628598,0.721412204830437,0.773420069421569,0.803250981180286,0.89042592354181,0.942569666052997,0.973001828713903,0.990057912075137,0.99615782653548,1,0.994414752341626,0.971925612786405,0.970198269275676,0.968375366271252,0.962137044701722,0.957359883024322,0.950402099135527,0.943282920852802,0.937414327639932,0.925893548941473,0.913112463703857,0.900857774747534,0.894168967162554,0.890806056840284,0.854858208567049,0.795279287487285,0.689239834045277
0.22366799108949,0.340168539766563,0.416044980229948,0.482803200672152,0.548230991919383,0.596138416611964,0.67718415246068,0.732129194576211,0.761784987770294,0.855340969937117,0.914511486689354,0.951962648572616,0.976275798323909,0.982715067414485,0.994414752341626,1,0.984791782738031,0.981538021599685,0.978944195463327,0.974235619999195,0.968070134053332,0.960585940131709,0.95286241270593,0.945583987173289,0.932455757584341,0.921891677385575,0.911707723881389,0.900773684113459,0.908753022439558,0.879969294260162,0.821937456087833,0.707534143462488
0.195105745533545,0.29890031141864,0.365846087778917,0.425212567494141,0.484130279590761,0.528687769112926,0.620163453019163,0.684610121678533,0.718132694594714,0.814970719879835,0.876878646654092,0.919211561839612,0.953005880178488,0.960166779215747,0.971925612786405,0.984791782738031,1,0.998109576872746,0.99511562971739,0.993457853511149,0.988963464754137,0.983365324372005,0.975386120046554,0.963479443582102,0.949624513877439,0.94628403825946,0.941760356986778,0.920790538514124,0.917313403148495,0.884325327148001,0.82717637369748,0.709292983137876
0.188152413363364,0.288138115426261,0.354933234090061,0.416014170888023,0.477347100914865,0.523770605658272,0.6185109323421,0.686061129629564,0.721889198778584,0.817576115219716,0.878888029489999,0.92043792285589,0.95267090937582,0.959917889708016,0.970198269275676,0.981538021599685,0.998109576872746,1,0.999115041492686,0.997287297640983,0.995094429099903,0.991510506270266,0.985447183262021,0.975462246525068,0.962864127791174,0.957842003748436,0.951462110706375,0.932594374566503,0.925739795421307,0.890038874343885,0.832108420206058,0.721913920507476
0.180636760549393,0.277770957887929,0.343447677511809,0.405440466362669,0.468750799970091,0.516092193178112,0.611763526543718,0.680295792803976,0.717100669921034,0.813891809896081,0.876069903706391,0.918010516065645,0.950024092800475,0.958239370463393,0.968375366271252,0.978944195463327,0.99511562971739,0.999115041492686,1,0.998943494637783,0.997832627977383,0.994887657752333,0.989677755288288,0.981296228651228,0.970096653362372,0.964770639253794,0.957657306707804,0.939555826086204,0.930979485150473,0.894498623617128,0.837235958971971,0.732144713801775
0.169706622551224,0.263629469377372,0.325837270118459,0.386232445038607,0.449249052673092,0.49554465264638,0.591003311649464,0.659467654864668,0.696137740112927,0.796661969793379,0.861461134225744,0.905761039438338,0.940700828926668,0.950658192391489,0.962137044701722,0.974235619999195,0.993457853511149,0.997287297640983,0.998943494637783,1,0.998654270487973,0.994998087309952,0.989177578007823,0.980751719937223,0.970559396786511,0.967793272856564,0.962397214616793,0.941653319594611,0.931652902639228,0.896013298543649,0.840997445933255,0.736134130705783
0.165755324379957,0.256988918846831,0.31895708726784,0.380257012095684,0.444603024008788,0.491905986237941,0.589653459916396,0.660482136147551,0.699021139584741,0.797928148696767,0.8616239069699,0.904816234582288,0.938190106992634,0.947589452013966,0.957359883024322,0.968070134053332,0.988963464754137,0.995094429099903,0.997832627977383,0.998654270487973,1,0.998401185052889,0.994122619186525,0.986693700756518,0.977118408885082,0.972940064714032,0.966204067320444,0.947379433145891,0.933798685322252,0.895309745813536,0.839241945608805,0.740391863185295
0.162435453216361,0.250443630518607,0.312891996066313,0.375244692123169,0.440569682375498,0.489520908531116,0.590605561823556,0.664305828264869,0.704377455508258,0.799673227081484,0.861210103242442,0.902706347074503,0.934031507450546,0.942021973926831,0.950402099135527,0.960585940131709,0.983365324372005,0.991510506270266,0.994887657752333,0.994998087309952,0.998401185052889,1,0.998440917520494,0.991897354930636,0.98175413982608,0.975617300067234,0.967454946412541,0.950490942859863,0.9361656378323,0.896672662257815,0.840263309710276,0.7470390720922
0.158436084989682,0.243932471115559,0.307088149142536,0.371030696182601,0.43797792240081,0.488327384979205,0.591690586457713,0.667344729225046,0.708460118578663,0.8003300836277,0.859812851754646,0.899604289927569,0.928734877097325,0.935742662111814,0.943282920852802,0.95286241270593,0.975386120046554,0.985447183262021,0.989677755288288,0.989177578007823,0.994122619186525,0.998440917520494,1,0.99643132874383,0.987116878985246,0.979355138361721,0.96963309438291,0.954797681988224,0.940465737244946,0.900724934141018,0.844691340252949,0.757291487422859
0.152631727735782,0.237435749510158,0.301179283752633,0.367628192964349,0.437701559547716,0.48844822551178,0.591172800486334,0.666560359144407,0.707998437658985,0.79834222717744,0.856789836406836,0.895316858386762,0.922349768583622,0.929868235764984,0.937414327639932,0.945583987173289,0.963479443582102,0.975462246525068,0.981296228651228,0.980751719937223,0.986693700756518,0.991897354930636,0.99643132874383,1,0.995154361413005,0.986855754924971,0.975394256775319,0.963240952014013,0.948194759484468,0.908295398026998,0.853511659295932,0.772581200457542
0.14466112978405,0.228912366702078,0.290146722795311,0.356519977302906,0.428139416437221,0.47743600092259,0.577635491907287,0.65244932387138,0.695613821285574,0.785744081739144,0.843933582473447,0.882143219105239,0.908799246287025,0.918580379802644,0.925893548941473,0.932455757584341,0.949624513877439,0.962864127791174,0.970096653362372,0.970559396786511,0.977118408885082,0.98175413982608,0.987116878985246,0.995154361413005,1,0.995521670953735,0.985014714268472,0.976972700710491,0.955661806056493,0.913193032898698,0.860317498995211,0.785289197197688
0.127856003276129,0.211378416072384,0.267222929832426,0.329775147500005,0.399070438612213,0.444914174721621,0.543136024953736,0.616720607600569,0.659163652460773,0.755812725531977,0.817515570460257,0.859288355371911,0.892056080671276,0.904433879320705,0.913112463703857,0.921891677385575,0.94628403825946,0.957842003748436,0.964770639253794,0.967793272856564,0.972940064714032,0.975617300067234,0.979355138361721,0.986855754924971,0.995521670953735,1,0.996496350293568,0.984102033992518,0.957506357053784,0.91502787862709,0.86562446754025,0.78713019493972
0.113528378196218,0.195957857264624,0.247151948500013,0.3056563813098,0.371800358578644,0.415021483109457,0.511580246220765,0.584352878761615,0.626689061993106,0.728820411696364,0.793861080601072,0.838968804372569,0.876907550168909,0.890987285624928,0.900857774747534,0.911707723881389,0.941760356986778,0.951462110706375,0.957657306707804,0.962397214616793,0.966204067320444,0.967454946412541,0.96963309438291,0.975394256775319,0.985014714268472,0.996496350293568,1,0.98711220078226,0.958108361178565,0.916504994139775,0.87008117874483,0.787014948502478
0.116914395001434,0.197746780448324,0.249720938118365,0.30869271509812,0.375218739047566,0.420875651719234,0.515613093379283,0.590202574623201,0.639074688067097,0.734946443299315,0.798117750321893,0.840854644498963,0.872314699768618,0.885911285536451,0.894168967162554,0.900773684113459,0.920790538514124,0.932594374566503,0.939555826086204,0.941653319594611,0.947379433145891,0.950490942859863,0.954797681988224,0.963240952014013,0.976972700710491,0.984102033992518,0.98711220078226,1,0.97338213671034,0.930421974226051,0.883680379001136,0.806835769174763
0.103870763860208,0.17613983060206,0.225896148202329,0.28320642711021,0.348701099784226,0.399997795602556,0.494767340103471,0.566835769317178,0.611760001870403,0.709078757285355,0.777481355015681,0.82529518391636,0.859462754164352,0.871507059835498,0.890806056840284,0.908753022439558,0.917313403148495,0.925739795421307,0.930979485150473,0.931652902639228,0.933798685322252,0.9361656378323,0.940465737244946,0.948194759484468,0.955661806056493,0.957506357053784,0.958108361178565,0.97338213671034,1,0.985554525109982,0.94229712477837,0.854471825799641
0.0930756779753186,0.153901297458349,0.196368918053024,0.248129786545898,0.309919028882784,0.361541126688177,0.45230816731961,0.520300898502539,0.561864927178309,0.659384485988834,0.730087143991847,0.780434340083017,0.816453906597547,0.828730506350571,0.854858208567049,0.879969294260162,0.884325327148001,0.890038874343885,0.894498623617128,0.896013298543649,0.895309745813536,0.896672662257815,0.900724934141018,0.908295398026998,0.913193032898698,0.91502787862709,0.916504994139775,0.930421974226051,0.985554525109982,1,0.980895014052336,0.890354466434175
0.0845878148508126,0.132021890405324,0.16413832974909,0.208554809947113,0.265817133508391,0.314190420555182,0.398163596462674,0.461964867791485,0.502553354421252,0.598287233503419,0.668009259747064,0.717729068948872,0.753307923137189,0.767360736394464,0.795279287487285,0.821937456087833,0.82717637369748,0.832108420206058,0.837235958971971,0.840997445933255,0.839241945608805,0.840263309710276,0.844691340252949,0.853511659295932,0.860317498995211,0.86562446754025,0.87008117874483,0.883680379001136,0.94229712477837,0.980895014052336,1,0.926182850280273
0.0548791954160402,0.0810305136611382,0.106402396642707,0.150841037223218,0.210812484448616,0.260481774583124,0.336782726631947,0.397271519470814,0.44038830251274,0.525194474642539,0.584947801144443,0.625455981034752,0.651914296095766,0.667105158155085,0.689239834045277,0.707534143462488,0.709292983137876,0.721913920507476,0.732144713801775,0.736134130705783,0.740391863185295,0.7470390720922,0.757291487422859,0.772581200457542,0.785289197197688,0.78713019493972,0.787014948502478,0.806835769174763,0.854471825799641,0.890354466434175,0.926182850280273,1
