1,0.840505516778034,0.810178309608219,0.798249373148368,0.785362621047859,0.779819805144808,0.775508540231455,0.770546295431879,0.76507754115761,0.761229685137847,0.758158963997829,0.755740450671301,0.756303525400558,0.753094087715308,0.754968910332692,0.751652055487532,0.749336771775835,0.747755149183865,0.743426964997585,0.739169423856197,0.736621277098645,0.736383626222133,0.733305383098484,0.727959807231367,0.724985034689043,0.719972672648555,0.709599755817835,0.697679728989334,0.684244878187574,0.656114855453099,0.5473839327662,0.122387586808405
0.840505516778034,1,0.97616702507316,0.961372919257585,0.950663411637662,0.9451459765328,0.941322827967246,0.93607411026958,0.932472393228367,0.927953247014074,0.924906136002768,0.921691008224916,0.920796292670916,0.918529857754288,0.916062085194922,0.913500985945178,0.911003347040822,0.907609781832812,0.903235764841581,0.899409791173695,0.895214855267693,0.890873760507815,0.887157362255763,0.882045388159281,0.877372844539425,0.871073475421585,0.863571688022944,0.852016586201277,0.838722467272144,0.814757889553655,0.696854541901719,0.162003361778014
0.810178309608219,0.97616702507316,1,0.986797480244119,0.976366087985967,0.971809200297651,0.96728558069043,0.96365016663356,0.959478995861849,0.954435796495027,0.951596541916711,0.948787807850941,0.947964247071809,0.945596105151982,0.943393553288559,0.941133423825763,0.939200333525964,0.935664350389193,0.931524370037672,0.927284435752333,0.922265078938108,0.919952242746043,0.916531958112715,0.912487949790967,0.908852889460556,0.902005824170571,0.896505590170123,0.886539213521887,0.873714083471816,0.84797148599185,0.730337727687302,0.175926072031091
0.798249373148368,0.961372919257585,0.986797480244119,1,0.990448326222343,0.984036086816074,0.97846712941582,0.974948671786921,0.970967159245495,0.966671624988201,0.964225249526397,0.961822094181331,0.960464664399455,0.957246243344066,0.953908443624056,0.951758215532305,0.949909128517945,0.946628247109734,0.94235412580067,0.938443443076366,0.933026938498638,0.930732146940069,0.927907520496431,0.923810044195517,0.920065284686487,0.913815949388735,0.907940261522416,0.898198134579431,0.885354484351803,0.86033696772874,0.743698146564021,0.173988290578184
0.785362621047859,0.950663411637662,0.976366087985967,0.990448326222343,1,0.993912003438527,0.988672419817943,0.984546865327553,0.979664003901921,0.974553346895487,0.972116527094791,0.969662545343325,0.967173514077624,0.963673573999445,0.960363553738805,0.957931881218168,0.956108182083154,0.953140141887146,0.948666693276719,0.944724777165171,0.939363953228071,0.937354433359261,0.934716463724944,0.931106967300166,0.927905472213179,0.921691645842129,0.915410082801708,0.905443491026443,0.89353403359383,0.867817198183784,0.74886926760199,0.176823600569203
0.779819805144808,0.9451459765328,0.971809200297651,0.984036086816074,0.993912003438527,1,0.995221368862274,0.990642175126549,0.985979094314948,0.981371763158516,0.978762715253375,0.976116149058674,0.973096195500432,0.969551325399519,0.965783812607993,0.962774169665748,0.96073157569846,0.958010149081875,0.954094112803259,0.949441307775293,0.944270905235205,0.941568578344314,0.938887360301818,0.935519854462952,0.932262705695713,0.925963880015277,0.919920944590404,0.910310604464608,0.898747323465249,0.872448182856949,0.753868288129414,0.18189042742874
0.775508540231455,0.941322827967246,0.96728558069043,0.97846712941582,0.988672419817943,0.995221368862274,1,0.99531513502555,0.990777545899194,0.986063533099702,0.98303118559367,0.979769733076697,0.976128771466006,0.972036573601715,0.967586807446257,0.96392431198568,0.961807469848358,0.959035697968575,0.955184840991402,0.950563586234028,0.945808084528793,0.943118455417737,0.940223435995316,0.936595796399547,0.933867517110404,0.927911305868774,0.92129115790591,0.911607005873282,0.899288304359321,0.873758311986584,0.754927530984171,0.189320658683949
0.770546295431879,0.93607411026958,0.96365016663356,0.974948671786921,0.984546865327553,0.990642175126549,0.99531513502555,1,0.996490598588283,0.992184264390781,0.988904700924883,0.985625803927449,0.981918585311057,0.977636434575299,0.972555624124,0.968401363479502,0.965765476640091,0.962693493292605,0.958790308395089,0.953501863909923,0.94862570834257,0.946153633261599,0.94313890488629,0.939803800721469,0.936764882910902,0.931013116491907,0.924903570706861,0.91541616217029,0.903533117848599,0.878078647711173,0.759846504075095,0.198435309410279
0.76507754115761,0.932472393228367,0.959478995861849,0.970967159245495,0.979664003901921,0.985979094314948,0.990777545899194,0.996490598588283,1,0.996793782562605,0.993667250242116,0.990449197953386,0.986613207708241,0.982078689310523,0.976909771122641,0.972649257548135,0.96966816569161,0.966682446310453,0.962625439243305,0.957449531099042,0.952444425192834,0.949517242346186,0.946315422284886,0.943081131771287,0.940372851909009,0.934936527051907,0.92888238755094,0.919949690939508,0.907804880118538,0.882957248501185,0.765761375193691,0.200852110650376
0.761229685137847,0.927953247014074,0.954435796495027,0.966671624988201,0.974553346895487,0.981371763158516,0.986063533099702,0.992184264390781,0.996793782562605,1,0.99717810497807,0.993929811274825,0.990116024404206,0.985595630512256,0.98073139241792,0.976265248130581,0.973084173782589,0.969946394042412,0.965939850469987,0.960783437202959,0.95585289825329,0.952851007994459,0.949234689717607,0.946344101341107,0.943815411581227,0.938432969866272,0.932790593230629,0.924525168652534,0.912263632994418,0.887850922749346,0.77163767075185,0.206786201216959
0.758158963997829,0.924906136002768,0.951596541916711,0.964225249526397,0.972116527094791,0.978762715253375,0.98303118559367,0.988904700924883,0.993667250242116,0.99717810497807,1,0.997295371461809,0.993910560627403,0.989399394324134,0.984100869766199,0.979378657643278,0.976045315998159,0.972730685527309,0.968841972342908,0.963990741030292,0.959220723983579,0.955922581682232,0.952110029006539,0.949479164533598,0.947011058153243,0.941697145009463,0.936084448032242,0.928510701802263,0.916448622582762,0.89267799069264,0.775744475423987,0.213593406843661
0.755740450671301,0.921691008224916,0.948787807850941,0.961822094181331,0.969662545343325,0.976116149058674,0.979769733076697,0.985625803927449,0.990449197953386,0.993929811274825,0.997295371461809,1,0.997211950728744,0.993028748529168,0.987683520156703,0.983054777581407,0.979700001633269,0.976089495859306,0.972007338340433,0.967016126619985,0.962081347113325,0.958955130185728,0.955286852385882,0.952210972170994,0.949609035480303,0.944497160144399,0.939251465198931,0.932058010597027,0.92083470554816,0.898134754882649,0.782804570050152,0.221965432679554
0.756303525400558,0.920796292670916,0.947964247071809,0.960464664399455,0.967173514077624,0.973096195500432,0.976128771466006,0.981918585311057,0.986613207708241,0.990116024404206,0.993910560627403,0.997211950728744,1,0.997006478602958,0.992251699264335,0.987765806431138,0.984304782678425,0.980562543095402,0.976721955732179,0.97158943567121,0.966689946382261,0.963808172216282,0.960548458199194,0.957329368152689,0.954593917819187,0.948833008948401,0.943846182468614,0.936596373675941,0.925837841075535,0.90302026927523,0.788645631745834,0.228910166250039
0.753094087715308,0.918529857754288,0.945596105151982,0.957246243344066,0.963673573999445,0.969551325399519,0.972036573601715,0.977636434575299,0.982078689310523,0.985595630512256,0.989399394324134,0.993028748529168,0.997006478602958,1,0.996724022545418,0.993067525230005,0.989648267946546,0.985741209462424,0.981776890777071,0.976759676602075,0.971805242489423,0.968976865595935,0.965908984412248,0.962676820780162,0.959698830637779,0.954136659875492,0.949053956977984,0.942168170955534,0.931530077693042,0.908593102844664,0.795265464898795,0.235031806513084
0.754968910332692,0.916062085194922,0.943393553288559,0.953908443624056,0.960363553738805,0.965783812607993,0.967586807446257,0.972555624124,0.976909771122641,0.98073139241792,0.984100869766199,0.987683520156703,0.992251699264335,0.996724022545418,1,0.997356983668255,0.993899583160692,0.989812755772866,0.985922802166167,0.981433781231685,0.977175302334708,0.974217281038707,0.971358318323069,0.968228235128862,0.965405920997656,0.960264155357075,0.954877164412813,0.948581677141727,0.937088890165436,0.914382605500126,0.799913711723331,0.24413774179564
0.751652055487532,0.913500985945178,0.941133423825763,0.951758215532305,0.957931881218168,0.962774169665748,0.96392431198568,0.968401363479502,0.972649257548135,0.976265248130581,0.979378657643278,0.983054777581407,0.987765806431138,0.993067525230005,0.997356983668255,1,0.997261538999524,0.9935289006593,0.989469520705438,0.985101798167013,0.980891847187425,0.977636575913191,0.9747889530431,0.971321505875067,0.968720247004851,0.963781282319481,0.958329093588854,0.952172999762297,0.94058607333957,0.917878359105212,0.803220175854277,0.247525956077513
0.749336771775835,0.911003347040822,0.939200333525964,0.949909128517945,0.956108182083154,0.96073157569846,0.961807469848358,0.965765476640091,0.96966816569161,0.973084173782589,0.976045315998159,0.979700001633269,0.984304782678425,0.989648267946546,0.993899583160692,0.997261538999524,1,0.99741257937892,0.993821595434353,0.989714605268329,0.985577328600435,0.982123514720144,0.978976022687455,0.975761698967395,0.97334548837336,0.968408593466618,0.962358006642234,0.956301493528279,0.945128295391206,0.921935569949648,0.805433101572232,0.251659876717906
0.747755149183865,0.907609781832812,0.935664350389193,0.946628247109734,0.953140141887146,0.958010149081875,0.959035697968575,0.962693493292605,0.966682446310453,0.969946394042412,0.972730685527309,0.976089495859306,0.980562543095402,0.985741209462424,0.989812755772866,0.9935289006593,0.99741257937892,1,0.997297248361685,0.993560203276262,0.989476342062917,0.985905238540002,0.98248287020966,0.978640301514899,0.976413272674202,0.971725079471009,0.965441982473148,0.959684044813203,0.948524148128653,0.924423755614791,0.807713978367858,0.253933797443338
0.743426964997585,0.903235764841581,0.931524370037672,0.94235412580067,0.948666693276719,0.954094112803259,0.955184840991402,0.958790308395089,0.962625439243305,0.965939850469987,0.968841972342908,0.972007338340433,0.976721955732179,0.981776890777071,0.985922802166167,0.989469520705438,0.993821595434353,0.997297248361685,1,0.997225914067856,0.993827302283175,0.990317830016861,0.986656068590169,0.982677229861828,0.980282406897231,0.975329247675393,0.968976005907193,0.963668622447052,0.95291157562751,0.92986355543204,0.816866690849668,0.257581507615419
0.739169423856197,0.899409791173695,0.927284435752333,0.938443443076366,0.944724777165171,0.949441307775293,0.950563586234028,0.953501863909923,0.957449531099042,0.960783437202959,0.963990741030292,0.967016126619985,0.97158943567121,0.976759676602075,0.981433781231685,0.985101798167013,0.989714605268329,0.993560203276262,0.997225914067856,1,0.997295611569363,0.993811828883128,0.989992162398218,0.985883861543314,0.98326227734303,0.978907388006615,0.973175419799848,0.967588280773995,0.956480727021784,0.933490104614693,0.821919955087008,0.260672824420022
0.736621277098645,0.895214855267693,0.922265078938108,0.933026938498638,0.939363953228071,0.944270905235205,0.945808084528793,0.94862570834257,0.952444425192834,0.95585289825329,0.959220723983579,0.962081347113325,0.966689946382261,0.971805242489423,0.977175302334708,0.980891847187425,0.985577328600435,0.989476342062917,0.993827302283175,0.997295611569363,1,0.997111134302837,0.993587201946312,0.989565358967052,0.986909958604195,0.981939517621504,0.976086659432188,0.969787463142804,0.95828163535651,0.935566597096872,0.825277532119812,0.268269477786541
0.736383626222133,0.890873760507815,0.919952242746043,0.930732146940069,0.937354433359261,0.941568578344314,0.943118455417737,0.946153633261599,0.949517242346186,0.952851007994459,0.955922581682232,0.958955130185728,0.963808172216282,0.968976865595935,0.974217281038707,0.977636575913191,0.982123514720144,0.985905238540002,0.990317830016861,0.993811828883128,0.997111134302837,1,0.996946029496738,0.993147190976334,0.989962267599304,0.984564663041649,0.978847564399348,0.972506062558092,0.961019250663232,0.938023109371953,0.830307222841907,0.277587473039568
0.733305383098484,0.887157362255763,0.916531958112715,0.927907520496431,0.934716463724944,0.938887360301818,0.940223435995316,0.94313890488629,0.946315422284886,0.949234689717607,0.952110029006539,0.955286852385882,0.960548458199194,0.965908984412248,0.971358318323069,0.9747889530431,0.978976022687455,0.98248287020966,0.986656068590169,0.989992162398218,0.993587201946312,0.996946029496738,1,0.996588708371219,0.993414136898314,0.988566198297075,0.983102455779838,0.976098539072387,0.965356110171818,0.943708574383578,0.840327865669428,0.284425155677727
0.727959807231367,0.882045388159281,0.912487949790967,0.923810044195517,0.931106967300166,0.935519854462952,0.936595796399547,0.939803800721469,0.943081131771287,0.946344101341107,0.949479164533598,0.952210972170994,0.957329368152689,0.962676820780162,0.968228235128862,0.971321505875067,0.975761698967395,0.978640301514899,0.982677229861828,0.985883861543314,0.989565358967052,0.993147190976334,0.996588708371219,1,0.996687647595534,0.991678991753772,0.986483531119374,0.979446620344779,0.968658766296781,0.947043585619857,0.841922367613974,0.292797233087349
0.724985034689043,0.877372844539425,0.908852889460556,0.920065284686487,0.927905472213179,0.932262705695713,0.933867517110404,0.936764882910902,0.940372851909009,0.943815411581227,0.947011058153243,0.949609035480303,0.954593917819187,0.959698830637779,0.965405920997656,0.968720247004851,0.97334548837336,0.976413272674202,0.980282406897231,0.98326227734303,0.986909958604195,0.989962267599304,0.993414136898314,0.996687647595534,1,0.99564929108976,0.990517651717734,0.983311825200887,0.973884374247775,0.952069103900363,0.846259415019013,0.295663879405377
0.719972672648555,0.871073475421585,0.902005824170571,0.913815949388735,0.921691645842129,0.925963880015277,0.927911305868774,0.931013116491907,0.934936527051907,0.938432969866272,0.941697145009463,0.944497160144399,0.948833008948401,0.954136659875492,0.960264155357075,0.963781282319481,0.968408593466618,0.971725079471009,0.975329247675393,0.978907388006615,0.981939517621504,0.984564663041649,0.988566198297075,0.991678991753772,0.99564929108976,1,0.99517092688166,0.988472031427225,0.979034600755918,0.957837260580105,0.852854211167183,0.304732746368076
0.709599755817835,0.863571688022944,0.896505590170123,0.907940261522416,0.915410082801708,0.919920944590404,0.92129115790591,0.924903570706861,0.92888238755094,0.932790593230629,0.936084448032242,0.939251465198931,0.943846182468614,0.949053956977984,0.954877164412813,0.958329093588854,0.962358006642234,0.965441982473148,0.968976005907193,0.973175419799848,0.976086659432188,0.978847564399348,0.983102455779838,0.986483531119374,0.990517651717734,0.99517092688166,1,0.993536048033437,0.985217406280008,0.963921303400887,0.862816689658593,0.312295706921853
0.697679728989334,0.852016586201277,0.886539213521887,0.898198134579431,0.905443491026443,0.910310604464608,0.911607005873282,0.91541616217029,0.919949690939508,0.924525168652534,0.928510701802263,0.932058010597027,0.936596373675941,0.942168170955534,0.948581677141727,0.952172999762297,0.956301493528279,0.959684044813203,0.963668622447052,0.967588280773995,0.969787463142804,0.972506062558092,0.976098539072387,0.979446620344779,0.983311825200887,0.988472031427225,0.993536048033437,1,0.991408255320532,0.971238736164479,0.872629364277595,0.316553403287241
0.684244878187574,0.838722467272144,0.873714083471816,0.885354484351803,0.89353403359383,0.898747323465249,0.899288304359321,0.903533117848599,0.907804880118538,0.912263632994418,0.916448622582762,0.92083470554816,0.925837841075535,0.931530077693042,0.937088890165436,0.94058607333957,0.945128295391206,0.948524148128653,0.95291157562751,0.956480727021784,0.95828163535651,0.961019250663232,0.965356110171818,0.968658766296781,0.973884374247775,0.979034600755918,0.985217406280008,0.991408255320532,1,0.981003524360574,0.8907986304258,0.327448950421723
0.656114855453099,0.814757889553655,0.84797148599185,0.86033696772874,0.867817198183784,0.872448182856949,0.873758311986584,0.878078647711173,0.882957248501185,0.887850922749346,0.89267799069264,0.898134754882649,0.90302026927523,0.908593102844664,0.914382605500126,0.917878359105212,0.921935569949648,0.924423755614791,0.92986355543204,0.933490104614693,0.935566597096872,0.938023109371953,0.943708574383578,0.947043585619857,0.952069103900363,0.957837260580105,0.963921303400887,0.971238736164479,0.981003524360574,1,0.927974673796241,0.347630122494984
0.5473839327662,0.696854541901719,0.730337727687302,0.743698146564021,0.74886926760199,0.753868288129414,0.754927530984171,0.759846504075095,0.765761375193691,0.77163767075185,0.775744475423987,0.782804570050152,0.788645631745834,0.795265464898795,0.799913711723331,0.803220175854277,0.805433101572232,0.807713978367858,0.816866690849668,0.821919955087008,0.825277532119812,0.830307222841907,0.840327865669428,0.841922367613974,0.846259415019013,0.852854211167183,0.862816689658593,0.872629364277595,0.8907986304258,0.927974673796241,1,0.401653401615138
0.122387586808405,0.162003361778014,0.175926072031091,0.173988290578184,0.176823600569203,0.18189042742874,0.189320658683949,0.198435309410279,0.200852110650376,0.206786201216959,0.213593406843661,0.221965432679554,0.228910166250039,0.235031806513084,0.24413774179564,0.247525956077513,0.251659876717906,0.253933797443338,0.257581507615419,0.260672824420022,0.268269477786541,0.277587473039568,0.284425155677727,0.292797233087349,0.295663879405377,0.304732746368076,0.312295706921853,0.316553403287241,0.327448950421723,0.347630122494984,0.401653401615138,1
