1,0.766146978204841,0.699310729250915,0.67202842736559,0.642381065201584,0.623444191406289,0.616425979127959,0.603459577452019,0.595531505101524,0.591441268837378,0.589056851526732,0.584917491861898,0.580509463548044,0.580325453387369,0.577381622458715,0.573999536863224,0.568161114147193,0.566935209934581,0.558638056023044,0.551129995121709,0.546633547011414,0.543920208494681,0.537630439643223,0.533314568321379,0.529678693590741,0.523464718502916,0.505132322902841,0.478315713427278,0.457481309951721,0.385368182423922,0.208337940640159,0.060944832557573
0.766146978204841,1,0.931860634361168,0.901417200242075,0.871046167097258,0.853801781480612,0.838996954842532,0.826568991959012,0.821322887969965,0.811317553594804,0.808291376674273,0.802001798565606,0.794914133619213,0.791340020182937,0.785426949931522,0.784365722949552,0.778753577709123,0.768845826116249,0.765317811345036,0.759801216600365,0.754657298443489,0.748141004135924,0.74212511090453,0.733930445868305,0.724460040984796,0.713011768930088,0.688901288339562,0.652584217218912,0.624879212528032,0.516511447076497,0.273744437661876,0.14790750087096
0.699310729250915,0.931860634361168,1,0.969162084089674,0.941891971983241,0.921896007797724,0.907073941143608,0.894905570343231,0.88557978952959,0.871020905480497,0.863610502525416,0.85498571190474,0.848184653798183,0.842458273240707,0.837982446875612,0.834965204648978,0.830806539355575,0.822520802733555,0.816800039926836,0.811852883088384,0.807691285831901,0.801116384694322,0.796790719805202,0.788906783453067,0.779988490447565,0.766965965481153,0.745750684532644,0.709943269786817,0.682156983939808,0.557303852975687,0.29887445692996,0.16307081092791
0.67202842736559,0.901417200242075,0.969162084089674,1,0.975299949796122,0.953191799319403,0.936876025363324,0.925679125325222,0.915603166554121,0.901154486368101,0.892526352696401,0.882372703631607,0.876478757397866,0.871607286853406,0.866873785897633,0.863141077430937,0.858412590338941,0.849091527678622,0.843514887220638,0.838950500365307,0.833678935315756,0.827813982931288,0.822404437803301,0.814138721825801,0.807813068783129,0.795375764364504,0.775434110689394,0.736506337504516,0.708752458794717,0.576099328201265,0.305610682303145,0.163556017333703
0.642381065201584,0.871046167097258,0.941891971983241,0.975299949796122,1,0.981060491391287,0.962266707682296,0.947409636096831,0.935772800913806,0.922042032565203,0.91147757195021,0.900414835155462,0.892433752134327,0.885678563813807,0.880752285798913,0.87577456657497,0.871606966306638,0.864087129053012,0.858023801484972,0.85434479045415,0.85014951490134,0.844950134083979,0.839450474170054,0.832367788447038,0.825852371725111,0.814385562806738,0.794453830164479,0.753609275302621,0.722937410083974,0.587715564374736,0.312032356377667,0.173786690783228
0.623444191406289,0.853801781480612,0.921896007797724,0.953191799319403,0.981060491391287,1,0.983850547600094,0.969121268748777,0.957775897060588,0.943884335517252,0.932104481450297,0.921055959392826,0.912754257541702,0.905192363346765,0.901155408122547,0.895740917591436,0.889492760645604,0.881377132225714,0.874798915668983,0.870351442354357,0.866445045369266,0.860485779517475,0.85485752202333,0.846617875024794,0.840299654963211,0.828462430815954,0.808031871717459,0.76788183832912,0.73865602554073,0.602672375390454,0.326918156481158,0.177861377036295
0.616425979127959,0.838996954842532,0.907073941143608,0.936876025363324,0.962266707682296,0.983850547600094,1,0.988637293274229,0.975549155471293,0.960953982926357,0.949235572845019,0.937786222843712,0.929099606402424,0.921799156215739,0.91675076385725,0.911694547056875,0.904322282560132,0.897043726381642,0.892385508741698,0.887161569671987,0.883688648927596,0.878973388986222,0.873491716200529,0.866145540676001,0.85844357103956,0.84770516810615,0.827356463819937,0.790182957132662,0.762808408088492,0.628360332267361,0.354614696257871,0.202599636483829
0.603459577452019,0.826568991959012,0.894905570343231,0.925679125325222,0.947409636096831,0.969121268748777,0.988637293274229,1,0.990054452355037,0.974647401089495,0.962186284888896,0.951185565919668,0.941555593473073,0.933425499738974,0.927715536466797,0.923527481498687,0.916131491813829,0.909179991737451,0.904498128986988,0.899388122724614,0.895897842374679,0.892062764677891,0.88684593098328,0.879238084782758,0.872238492807044,0.860237341974278,0.839275344984278,0.80516289538461,0.777042150856197,0.647057158342832,0.37698167359539,0.216509089224908
0.595531505101524,0.821322887969965,0.88557978952959,0.915603166554121,0.935772800913806,0.957775897060588,0.975549155471293,0.990054452355037,1,0.988688830781372,0.976230724628529,0.964301109665895,0.953568696304247,0.94472677026188,0.937988460447894,0.933329762790419,0.925859037305297,0.918363578035134,0.912853905748443,0.907887074262743,0.90456489919702,0.900211049476358,0.895281495746783,0.888399492403096,0.881629466647473,0.869981421270418,0.849288037072237,0.815114704484341,0.788636095623293,0.66131375760379,0.388102012283197,0.232238112152644
0.591441268837378,0.811317553594804,0.871020905480497,0.901154486368101,0.922042032565203,0.943884335517252,0.960953982926357,0.974647401089495,0.988688830781372,1,0.991457230389755,0.98096508375525,0.970250646378445,0.961037577893901,0.951981152025062,0.946718931353452,0.938606032888335,0.930446390152385,0.924398938939952,0.919116100950108,0.915536598265248,0.910476232471335,0.905069684981881,0.898422866064196,0.890767335293676,0.88106512212735,0.861367666849143,0.828136421545904,0.802090551327808,0.680393266410303,0.407476182783241,0.258882785857833
0.589056851526732,0.808291376674273,0.863610502525416,0.892526352696401,0.91147757195021,0.932104481450297,0.949235572845019,0.962186284888896,0.976230724628529,0.991457230389755,1,0.992259830629294,0.981959184313001,0.973097736765028,0.964100904770416,0.958590806389808,0.950644618596445,0.942706711659935,0.936876318845286,0.931048907676343,0.927986138144347,0.922849968310811,0.918518481206175,0.912289897330257,0.9045012186181,0.895796056185697,0.87790346765542,0.84825708480944,0.822588910376304,0.70558080479109,0.436597967560666,0.285731768198422
0.584917491861898,0.802001798565606,0.85498571190474,0.882372703631607,0.900414835155462,0.921055959392826,0.937786222843712,0.951185565919668,0.964301109665895,0.98096508375525,0.992259830629294,1,0.992492431582714,0.984645229349501,0.976355703495171,0.970615218388286,0.962653790729864,0.955219656517133,0.949478518382912,0.943448323900428,0.939745719451425,0.934622012738167,0.929546751574932,0.92273096079894,0.915459550778248,0.907489503497468,0.890388015420111,0.861245480364015,0.837389714115471,0.721589545500778,0.450057745570026,0.298790065632994
0.580509463548044,0.794914133619213,0.848184653798183,0.876478757397866,0.892433752134327,0.912754257541702,0.929099606402424,0.941555593473073,0.953568696304247,0.970250646378445,0.981959184313001,0.992492431582714,1,0.99365557908247,0.985517185811867,0.979903990185127,0.971947690278721,0.965168694873087,0.95883059797429,0.953194980321531,0.948020678708114,0.941906925624627,0.936639589104122,0.930330201987581,0.922714245806703,0.91589584965467,0.898416895574287,0.870712582991913,0.846166441685235,0.732373816067927,0.463414169297845,0.305509689349162
0.580325453387369,0.791340020182937,0.842458273240707,0.871607286853406,0.885678563813807,0.905192363346765,0.921799156215739,0.933425499738974,0.94472677026188,0.961037577893901,0.973097736765028,0.984645229349501,0.99365557908247,1,0.993545527772147,0.987664438946628,0.980500610201369,0.974530044652581,0.967980781527977,0.962124488922942,0.956977413513974,0.950500115803502,0.945215802358854,0.938532661427646,0.930442806896758,0.923315632118699,0.906585163425108,0.880621934306486,0.855840129072831,0.745505047407014,0.478381943466204,0.316513100454718
0.577381622458715,0.785426949931522,0.837982446875612,0.866873785897633,0.880752285798913,0.901155408122547,0.91675076385725,0.927715536466797,0.937988460447894,0.951981152025062,0.964100904770416,0.976355703495171,0.985517185811867,0.993545527772147,1,0.994847907121827,0.988303179130982,0.981508143196001,0.974969863454892,0.968498296094582,0.962656915500454,0.954742095759325,0.948583414942815,0.940668537836478,0.932483855082148,0.924821438431968,0.908890386763294,0.884179596753312,0.861061851253805,0.750706550079433,0.4831593438445,0.316527870558772
0.573999536863224,0.784365722949552,0.834965204648978,0.863141077430937,0.87577456657497,0.895740917591436,0.911694547056875,0.923527481498687,0.933329762790419,0.946718931353452,0.958590806389808,0.970615218388286,0.979903990185127,0.987664438946628,0.994847907121827,1,0.993788040898011,0.987276234468892,0.980256957228675,0.973794308716712,0.968111474551046,0.959868701634967,0.95433626755819,0.945856182247619,0.937333976092904,0.928745627591924,0.912537146864199,0.888292182554335,0.864689231622006,0.757577797548288,0.493639126500092,0.319392576597991
0.568161114147193,0.778753577709123,0.830806539355575,0.858412590338941,0.871606966306638,0.889492760645604,0.904322282560132,0.916131491813829,0.925859037305297,0.938606032888335,0.950644618596445,0.962653790729864,0.971947690278721,0.980500610201369,0.988303179130982,0.993788040898011,1,0.99451621668841,0.987348862734455,0.980631416321943,0.974579200878224,0.966790281876158,0.960255248796067,0.951549147697808,0.942632619407174,0.933572312173274,0.917681045310523,0.893074435481009,0.868617663855644,0.762592981039492,0.493437972969661,0.320252490108536
0.566935209934581,0.768845826116249,0.822520802733555,0.849091527678622,0.864087129053012,0.881377132225714,0.897043726381642,0.909179991737451,0.918363578035134,0.930446390152385,0.942706711659935,0.955219656517133,0.965168694873087,0.974530044652581,0.981508143196001,0.987276234468892,0.99451621668841,1,0.993446457138556,0.98647052069997,0.979772875295574,0.973184144273951,0.966608219817083,0.958602317856927,0.949467945569625,0.940346728675621,0.924084929956653,0.901082756608872,0.876065663729756,0.770819243089697,0.503046825448926,0.327555304898471
0.558638056023044,0.765317811345036,0.816800039926836,0.843514887220638,0.858023801484972,0.874798915668983,0.892385508741698,0.904498128986988,0.912853905748443,0.924398938939952,0.936876318845286,0.949478518382912,0.95883059797429,0.967980781527977,0.974969863454892,0.980256957228675,0.987348862734455,0.993446457138556,1,0.993904814148499,0.987447544265384,0.981098162565244,0.973974040950991,0.965410334237982,0.956391651542378,0.947106868090627,0.929623624649392,0.906351502911082,0.880522148556152,0.777246016173471,0.511697809512876,0.333631445596182
0.551129995121709,0.759801216600365,0.811852883088384,0.838950500365307,0.85434479045415,0.870351442354357,0.887161569671987,0.899388122724614,0.907887074262743,0.919116100950108,0.931048907676343,0.943448323900428,0.953194980321531,0.962124488922942,0.968498296094582,0.973794308716712,0.980631416321943,0.98647052069997,0.993904814148499,1,0.993805482656448,0.9873207165021,0.980024747204733,0.970608379053652,0.962439308927404,0.952558929586999,0.935491371351781,0.911142663252996,0.885361371064291,0.782854511602449,0.514816513244331,0.333799096700906
0.546633547011414,0.754657298443489,0.807691285831901,0.833678935315756,0.85014951490134,0.866445045369266,0.883688648927596,0.895897842374679,0.90456489919702,0.915536598265248,0.927986138144347,0.939745719451425,0.948020678708114,0.956977413513974,0.962656915500454,0.968111474551046,0.974579200878224,0.979772875295574,0.987447544265384,0.993805482656448,1,0.993971642906277,0.986401634716965,0.976630275698916,0.968993528077625,0.959139285550903,0.941701217445858,0.917234188286887,0.891761674026677,0.789622987558751,0.520544850046492,0.344665662640476
0.543920208494681,0.748141004135924,0.801116384694322,0.827813982931288,0.844950134083979,0.860485779517475,0.878973388986222,0.892062764677891,0.900211049476358,0.910476232471335,0.922849968310811,0.934622012738167,0.941906925624627,0.950500115803502,0.954742095759325,0.959868701634967,0.966790281876158,0.973184144273951,0.981098162565244,0.9873207165021,0.993971642906277,1,0.99325635119752,0.983331307314525,0.975179199956876,0.965508539572689,0.948279048028019,0.924393155487943,0.899511615307411,0.797524886719385,0.526778196709252,0.350037510378114
0.537630439643223,0.74212511090453,0.796790719805202,0.822404437803301,0.839450474170054,0.85485752202333,0.873491716200529,0.88684593098328,0.895281495746783,0.905069684981881,0.918518481206175,0.929546751574932,0.936639589104122,0.945215802358854,0.948583414942815,0.95433626755819,0.960255248796067,0.966608219817083,0.973974040950991,0.980024747204733,0.986401634716965,0.99325635119752,1,0.992547228042623,0.983978755681033,0.974204028054701,0.957369251609888,0.934716485800894,0.90982068040816,0.809390266691701,0.544651754893943,0.367755565527599
0.533314568321379,0.733930445868305,0.788906783453067,0.814138721825801,0.832367788447038,0.846617875024794,0.866145540676001,0.879238084782758,0.888399492403096,0.898422866064196,0.912289897330257,0.92273096079894,0.930330201987581,0.938532661427646,0.940668537836478,0.945856182247619,0.951549147697808,0.958602317856927,0.965410334237982,0.970608379053652,0.976630275698916,0.983331307314525,0.992547228042623,1,0.991420382745585,0.982199604526593,0.966794339544837,0.946481241985175,0.920657719641375,0.826282475505315,0.566379782309297,0.385551960932514
0.529678693590741,0.724460040984796,0.779988490447565,0.807813068783129,0.825852371725111,0.840299654963211,0.85844357103956,0.872238492807044,0.881629466647473,0.890767335293676,0.9045012186181,0.915459550778248,0.922714245806703,0.930442806896758,0.932483855082148,0.937333976092904,0.942632619407174,0.949467945569625,0.956391651542378,0.962439308927404,0.968993528077625,0.975179199956876,0.983978755681033,0.991420382745585,1,0.991135973517231,0.975819714007975,0.954477631541932,0.929082582768206,0.835553629214069,0.578113654709766,0.392647851619747
0.523464718502916,0.713011768930088,0.766965965481153,0.795375764364504,0.814385562806738,0.828462430815954,0.84770516810615,0.860237341974278,0.869981421270418,0.88106512212735,0.895796056185697,0.907489503497468,0.91589584965467,0.923315632118699,0.924821438431968,0.928745627591924,0.933572312173274,0.940346728675621,0.947106868090627,0.952558929586999,0.959139285550903,0.965508539572689,0.974204028054701,0.982199604526593,0.991135973517231,1,0.988032985377809,0.967878331585339,0.94145737719684,0.849580125460757,0.588495204649236,0.407321415979496
0.505132322902841,0.688901288339562,0.745750684532644,0.775434110689394,0.794453830164479,0.808031871717459,0.827356463819937,0.839275344984278,0.849288037072237,0.861367666849143,0.87790346765542,0.890388015420111,0.898416895574287,0.906585163425108,0.908890386763294,0.912537146864199,0.917681045310523,0.924084929956653,0.929623624649392,0.935491371351781,0.941701217445858,0.948279048028019,0.957369251609888,0.966794339544837,0.975819714007975,0.988032985377809,1,0.982019406809259,0.958123967416055,0.86750809268998,0.603881666473014,0.43238183636802
0.478315713427278,0.652584217218912,0.709943269786817,0.736506337504516,0.753609275302621,0.76788183832912,0.790182957132662,0.80516289538461,0.815114704484341,0.828136421545904,0.84825708480944,0.861245480364015,0.870712582991913,0.880621934306486,0.884179596753312,0.888292182554335,0.893074435481009,0.901082756608872,0.906351502911082,0.911142663252996,0.917234188286887,0.924393155487943,0.934716485800894,0.946481241985175,0.954477631541932,0.967878331585339,0.982019406809259,1,0.979098057543097,0.909275093178257,0.67234819068313,0.485957501360919
0.457481309951721,0.624879212528032,0.682156983939808,0.708752458794717,0.722937410083974,0.73865602554073,0.762808408088492,0.777042150856197,0.788636095623293,0.802090551327808,0.822588910376304,0.837389714115471,0.846166441685235,0.855840129072831,0.861061851253805,0.864689231622006,0.868617663855644,0.876065663729756,0.880522148556152,0.885361371064291,0.891761674026677,0.899511615307411,0.90982068040816,0.920657719641375,0.929082582768206,0.94145737719684,0.958123967416055,0.979098057543097,1,0.930645523714963,0.688153396205863,0.504287021974726
0.385368182423922,0.516511447076497,0.557303852975687,0.576099328201265,0.587715564374736,0.602672375390454,0.628360332267361,0.647057158342832,0.66131375760379,0.680393266410303,0.70558080479109,0.721589545500778,0.732373816067927,0.745505047407014,0.750706550079433,0.757577797548288,0.762592981039492,0.770819243089697,0.777246016173471,0.782854511602449,0.789622987558751,0.797524886719385,0.809390266691701,0.826282475505315,0.835553629214069,0.849580125460757,0.86750809268998,0.909275093178257,0.930645523714963,1,0.859768171603337,0.611986609090387
0.208337940640159,0.273744437661876,0.29887445692996,0.305610682303145,0.312032356377667,0.326918156481158,0.354614696257871,0.37698167359539,0.388102012283197,0.407476182783241,0.436597967560666,0.450057745570026,0.463414169297845,0.478381943466204,0.4831593438445,0.493639126500092,0.493437972969661,0.503046825448926,0.511697809512876,0.514816513244331,0.520544850046492,0.526778196709252,0.544651754893943,0.566379782309297,0.578113654709766,0.588495204649236,0.603881666473014,0.67234819068313,0.688153396205863,0.859768171603337,1,0.721237284179271
0.060944832557573,0.14790750087096,0.16307081092791,0.163556017333703,0.173786690783228,0.177861377036295,0.202599636483829,0.216509089224908,0.232238112152644,0.258882785857833,0.285731768198422,0.298790065632994,0.305509689349162,0.316513100454718,0.316527870558772,0.319392576597991,0.320252490108536,0.327555304898471,0.333631445596182,0.333799096700906,0.344665662640476,0.350037510378114,0.367755565527599,0.385551960932514,0.392647851619747,0.407321415979496,0.43238183636802,0.485957501360919,0.504287021974726,0.611986609090387,0.721237284179271,1
