1,0.676536285758759,0.613099744045508,0.581988120852029,0.588830753496667,0.550157292137355,0.530170230409647,0.508396393389324,0.495220786499751,0.48555619541806,0.475473895606756,0.461368999177182,0.4559746807325,0.437545880695022,0.422842317560402,0.414708919797403,0.406707395183629,0.395672922120671,0.373561343570966,0.360753860896222,0.357911236786529,0.3482143319223,0.336434046720287,0.3357928581431,0.330374889635656,0.320573782294972,0.297201649618926,0.29767203917876,0.280450005451667,0.250012548704098,0.103353755692242,0.0273968477766556
0.676536285758759,1,0.907840146761962,0.851025852245842,0.825277898725303,0.793389305061706,0.772101275639307,0.747621682133669,0.73631007060221,0.723911037618762,0.711101714795369,0.692649789793718,0.680012187052168,0.657485740639139,0.638937500452476,0.627676456609349,0.620343798741301,0.612291136968308,0.600449594485311,0.590885308825304,0.58840883783932,0.582207418711232,0.569051186649133,0.563988141780404,0.556615697807148,0.543497946634073,0.526552922166612,0.520070620381037,0.485901434290427,0.432912090407745,0.229855111773479,0.1733535314728
0.613099744045508,0.907840146761962,1,0.954067517624987,0.921466491711925,0.888510578718148,0.863144833729862,0.833239698871191,0.821705125637681,0.807283912852095,0.794903804512535,0.775725139309223,0.763305324875868,0.745927315293125,0.72987964515856,0.719774485997558,0.711325542340966,0.700458499813966,0.687106041196263,0.67789402617007,0.673605535371898,0.66213368903039,0.641962707633016,0.63547602227262,0.624854447639704,0.610699993943431,0.594821983928014,0.58612229359954,0.553327412197614,0.489325063367989,0.265012504347866,0.199442895988651
0.581988120852029,0.851025852245842,0.954067517624987,1,0.966216158490059,0.933794943347735,0.907991791326211,0.881521569203864,0.869001408517876,0.854699302962905,0.841900918045972,0.826070138599469,0.815389831771132,0.798567323604334,0.780849119281709,0.768896728518919,0.758672881123743,0.750089351456866,0.737066631272241,0.728734719576832,0.723079189706346,0.711980506996923,0.690536063564101,0.683810187693603,0.670433220663415,0.658826172168041,0.641625093985708,0.631808307435108,0.598966071908202,0.528249504453147,0.276419563452746,0.207393064263218
0.588830753496667,0.825277898725303,0.921466491711925,0.966216158490059,1,0.973661331130043,0.949792429825413,0.923422445230418,0.909347611998909,0.891609575946918,0.880116244629092,0.864175266996017,0.851204733892137,0.834429773490152,0.817292989546139,0.802540763651912,0.791243089223896,0.780143656782182,0.765866429964421,0.7564834788297,0.750147066744488,0.738768435119437,0.716302029674787,0.707307540199387,0.692299302637689,0.681211981345731,0.664843544682053,0.654331503485801,0.621096079655002,0.545992786722857,0.290753152725906,0.215593595032611
0.550157292137355,0.793389305061706,0.888510578718148,0.933794943347735,0.973661331130043,1,0.976450327011471,0.948691360125448,0.932554881294163,0.911154753091506,0.901641104964251,0.886145442742612,0.875882251988251,0.85916564446525,0.844101815849072,0.827360356376623,0.814804532022747,0.802575941466729,0.788435434465542,0.778712339310317,0.770754306320116,0.759047992960641,0.735379835359318,0.723751148698767,0.708313365773745,0.697641068999466,0.681231507032445,0.66937487943823,0.634318061534103,0.557437530273703,0.302267689034759,0.220659120019723
0.530170230409647,0.772101275639307,0.863144833729862,0.907991791326211,0.949792429825413,0.976450327011471,1,0.980579780686546,0.961784819428153,0.939937305728247,0.928467050833838,0.91297098247823,0.902528931574105,0.885924402419198,0.872892568134154,0.856604582043686,0.844151955664872,0.831121343283588,0.817727244982248,0.808143031809926,0.799570012173728,0.785321326462465,0.761858176043188,0.751467754851063,0.734865651125084,0.722298355337146,0.706600755416352,0.696228880708025,0.655332865103744,0.58256305227308,0.327273545020234,0.237119900137095
0.508396393389324,0.747621682133669,0.833239698871191,0.881521569203864,0.923422445230418,0.948691360125448,0.980579780686546,1,0.984903430622771,0.963482782917042,0.950334359784409,0.934872359326497,0.923019666458648,0.907132843063692,0.894677637268141,0.879338898790574,0.86808876772238,0.855483366548941,0.842174889698255,0.8327804525575,0.825347666638871,0.812207665383942,0.790589550588593,0.783032876646826,0.76777459605238,0.753792177873082,0.737032807058857,0.724356179853393,0.679548913835737,0.601200278319805,0.343091111978352,0.257426683713314
0.495220786499751,0.73631007060221,0.821705125637681,0.869001408517876,0.909347611998909,0.932554881294163,0.961784819428153,0.984903430622771,1,0.984754116158838,0.972868477575,0.958625680572784,0.945503346742152,0.929020161466685,0.915926649617657,0.900167358979545,0.888532785797837,0.877040231418903,0.864863473700489,0.854611779482006,0.845718116731344,0.833877584651067,0.813790788207232,0.806807657769207,0.793682938670952,0.77793045952365,0.760071185925471,0.748862750612576,0.703412714507011,0.626019984346663,0.372421949596442,0.283326043728728
0.48555619541806,0.723911037618762,0.807283912852095,0.854699302962905,0.891609575946918,0.911154753091506,0.939937305728247,0.963482782917042,0.984754116158838,1,0.989082765630237,0.973413223337516,0.95895219441901,0.942396677538956,0.928008523196917,0.912087930617055,0.899034097181753,0.88711944203829,0.875422443785215,0.864481514670733,0.855424150383436,0.845284597901863,0.826542430469339,0.820586190031767,0.807199338580899,0.791834375381944,0.777415871253037,0.76641473806024,0.722631167084669,0.64683049614308,0.392257514134665,0.294874918157324
0.475473895606756,0.711101714795369,0.794903804512535,0.841900918045972,0.880116244629092,0.901641104964251,0.928467050833838,0.950334359784409,0.972868477575,0.989082765630237,1,0.989300668611819,0.975575745114867,0.959904303560817,0.945299676148373,0.929613072115937,0.915732764939439,0.904172522752084,0.892266334518983,0.882049925893932,0.872556290455693,0.862439925714104,0.844463617437333,0.836669217524825,0.82425961425177,0.810621969505512,0.797503702335185,0.784514345566526,0.738210590725906,0.65908852848694,0.399956353231951,0.305133655311687
0.461368999177182,0.692649789793718,0.775725139309223,0.826070138599469,0.864175266996017,0.886145442742612,0.91297098247823,0.934872359326497,0.958625680572784,0.973413223337516,0.989300668611819,1,0.988406212993173,0.97291650366238,0.957718259442442,0.94101776107382,0.927963699927503,0.916726076699602,0.905850824771741,0.895045993013607,0.884134855402224,0.874036976567482,0.856560866956558,0.847353699319142,0.834367239015059,0.822734893285901,0.809372926680936,0.796819587812259,0.750148387474373,0.670091516707637,0.414510589323877,0.318276482402844
0.4559746807325,0.680012187052168,0.763305324875868,0.815389831771132,0.851204733892137,0.875882251988251,0.902528931574105,0.923019666458648,0.945503346742152,0.95895219441901,0.975575745114867,0.988406212993173,1,0.988460035582811,0.97319987845975,0.956385817618858,0.943758470639134,0.932490056442417,0.921695440577294,0.911052756163712,0.900539264211151,0.88966501667134,0.871757246407524,0.861695512739516,0.847786562249042,0.837287086297217,0.823440049137466,0.810643094871686,0.764183471166854,0.684517971533573,0.430876079867551,0.329042152695899
0.437545880695022,0.657485740639139,0.745927315293125,0.798567323604334,0.834429773490152,0.85916564446525,0.885924402419198,0.907132843063692,0.929020161466685,0.942396677538956,0.959904303560817,0.97291650366238,0.988460035582811,1,0.989897051980758,0.974251439556823,0.962123747994536,0.951009248632428,0.938173691881085,0.92733852317056,0.917364403883689,0.907676451484117,0.89060681569856,0.880777210551254,0.865263551219556,0.853156945858043,0.836331838913793,0.822986762349952,0.777348627502925,0.701285006473477,0.452674439763028,0.342057739062779
0.422842317560402,0.638937500452476,0.72987964515856,0.780849119281709,0.817292989546139,0.844101815849072,0.872892568134154,0.894677637268141,0.915926649617657,0.928008523196917,0.945299676148373,0.957718259442442,0.97319987845975,0.989897051980758,1,0.989191413305827,0.977333462575725,0.965955400756272,0.952672274839963,0.941112446335172,0.930677746033206,0.920110883404289,0.902365691793877,0.891698314369124,0.875237273565532,0.863296651659504,0.845008631719725,0.832262251358595,0.786081281062338,0.710175415572954,0.466181592632194,0.344124885971364
0.414708919797403,0.627676456609349,0.719774485997558,0.768896728518919,0.802540763651912,0.827360356376623,0.856604582043686,0.879338898790574,0.900167358979545,0.912087930617055,0.929613072115937,0.94101776107382,0.956385817618858,0.974251439556823,0.989191413305827,1,0.991340875953133,0.979999663607615,0.966541986911866,0.954177437735335,0.942421249038756,0.930978658147624,0.913352162932979,0.901805413079793,0.885101799086551,0.873273530750685,0.856757079130427,0.842881130661361,0.7959411363765,0.718832173897747,0.473965751597043,0.350796785192047
0.406707395183629,0.620343798741301,0.711325542340966,0.758672881123743,0.791243089223896,0.814804532022747,0.844151955664872,0.86808876772238,0.888532785797837,0.899034097181753,0.915732764939439,0.927963699927503,0.943758470639134,0.962123747994536,0.977333462575725,0.991340875953133,1,0.99168444235106,0.978491928573647,0.965633222434112,0.95405447209953,0.943004682573494,0.925925188970542,0.913046123678174,0.895057263373402,0.882860548334876,0.864148021617619,0.849221170987505,0.800011557834718,0.723345698360892,0.473080306940278,0.359372198277438
0.395672922120671,0.612291136968308,0.700458499813966,0.750089351456866,0.780143656782182,0.802575941466729,0.831121343283588,0.855483366548941,0.877040231418903,0.88711944203829,0.904172522752084,0.916726076699602,0.932490056442417,0.951009248632428,0.965955400756272,0.979999663607615,0.99168444235106,1,0.990598821174262,0.977242360497674,0.963723172287285,0.952741012429046,0.93557875933295,0.922014225593347,0.903621267882914,0.889735816456712,0.869023149400464,0.853138004639446,0.80503173628175,0.731949822260252,0.484508114887161,0.367035114395564
0.373561343570966,0.600449594485311,0.687106041196263,0.737066631272241,0.765866429964421,0.788435434465542,0.817727244982248,0.842174889698255,0.864863473700489,0.875422443785215,0.892266334518983,0.905850824771741,0.921695440577294,0.938173691881085,0.952672274839963,0.966541986911866,0.978491928573647,0.990598821174262,1,0.989260029796669,0.975265547271037,0.962599991105956,0.944787938323214,0.930670237297812,0.911659569331594,0.897782881137218,0.875538434421963,0.858944857616937,0.811205560689822,0.738378938764567,0.498212650347392,0.389532624705475
0.360753860896222,0.590885308825304,0.67789402617007,0.728734719576832,0.7564834788297,0.778712339310317,0.808143031809926,0.8327804525575,0.854611779482006,0.864481514670733,0.882049925893932,0.895045993013607,0.911052756163712,0.92733852317056,0.941112446335172,0.954177437735335,0.965633222434112,0.977242360497674,0.989260029796669,1,0.989896789634624,0.975518988839172,0.95847495152076,0.944323060834869,0.926206176248764,0.911171845310709,0.887237831522113,0.868141861414532,0.820754546551555,0.748539390606267,0.500811862916311,0.405071397626963
0.357911236786529,0.58840883783932,0.673605535371898,0.723079189706346,0.750147066744488,0.770754306320116,0.799570012173728,0.825347666638871,0.845718116731344,0.855424150383436,0.872556290455693,0.884134855402224,0.900539264211151,0.917364403883689,0.930677746033206,0.942421249038756,0.95405447209953,0.963723172287285,0.975265547271037,0.989896789634624,1,0.987581537313104,0.972097623583212,0.9579803982912,0.938481695268018,0.922946378972621,0.897797714255367,0.876373152543701,0.827217288071814,0.757633644854167,0.500330826796917,0.401657114677597
0.3482143319223,0.582207418711232,0.66213368903039,0.711980506996923,0.738768435119437,0.759047992960641,0.785321326462465,0.812207665383942,0.833877584651067,0.845284597901863,0.862439925714104,0.874036976567482,0.88966501667134,0.907676451484117,0.920110883404289,0.930978658147624,0.943004682573494,0.952741012429046,0.962599991105956,0.975518988839172,0.987581537313104,1,0.989593946557842,0.97531657867897,0.957397005455862,0.942359345415189,0.915638092792719,0.893032092170728,0.845141154444362,0.780683133200354,0.524016951873765,0.411960977765158
0.336434046720287,0.569051186649133,0.641962707633016,0.690536063564101,0.716302029674787,0.735379835359318,0.761858176043188,0.790589550588593,0.813790788207232,0.826542430469339,0.844463617437333,0.856560866956558,0.871757246407524,0.89060681569856,0.902365691793877,0.913352162932979,0.925925188970542,0.93557875933295,0.944787938323214,0.95847495152076,0.972097623583212,0.989593946557842,1,0.987962695149451,0.970193138245463,0.953967504089913,0.927441147656227,0.904930935570674,0.855720027236047,0.795640047628464,0.537328237751546,0.420012678795862
0.3357928581431,0.563988141780404,0.63547602227262,0.683810187693603,0.707307540199387,0.723751148698767,0.751467754851063,0.783032876646826,0.806807657769207,0.820586190031767,0.836669217524825,0.847353699319142,0.861695512739516,0.880777210551254,0.891698314369124,0.901805413079793,0.913046123678174,0.922014225593347,0.930670237297812,0.944323060834869,0.9579803982912,0.97531657867897,0.987962695149451,1,0.98637906493002,0.968043534722282,0.939138397061759,0.915903112146136,0.868673061169338,0.808037992381539,0.536165039016452,0.42045764025069
0.330374889635656,0.556615697807148,0.624854447639704,0.670433220663415,0.692299302637689,0.708313365773745,0.734865651125084,0.76777459605238,0.793682938670952,0.807199338580899,0.82425961425177,0.834367239015059,0.847786562249042,0.865263551219556,0.875237273565532,0.885101799086551,0.895057263373402,0.903621267882914,0.911659569331594,0.926206176248764,0.938481695268018,0.957397005455862,0.970193138245463,0.98637906493002,1,0.983472226359878,0.954601969977895,0.932612266695422,0.883477954195227,0.816118597103708,0.528988571430181,0.43261729270289
0.320573782294972,0.543497946634073,0.610699993943431,0.658826172168041,0.681211981345731,0.697641068999466,0.722298355337146,0.753792177873082,0.77793045952365,0.791834375381944,0.810621969505512,0.822734893285901,0.837287086297217,0.853156945858043,0.863296651659504,0.873273530750685,0.882860548334876,0.889735816456712,0.897782881137218,0.911171845310709,0.922946378972621,0.942359345415189,0.953967504089913,0.968043534722282,0.983472226359878,1,0.978530642110076,0.954907552922089,0.901567702498747,0.827070605094292,0.523802325766938,0.436727905399083
0.297201649618926,0.526552922166612,0.594821983928014,0.641625093985708,0.664843544682053,0.681231507032445,0.706600755416352,0.737032807058857,0.760071185925471,0.777415871253037,0.797503702335185,0.809372926680936,0.823440049137466,0.836331838913793,0.845008631719725,0.856757079130427,0.864148021617619,0.869023149400464,0.875538434421963,0.887237831522113,0.897797714255367,0.915638092792719,0.927441147656227,0.939138397061759,0.954601969977895,0.978530642110076,1,0.975079197753325,0.917622251441727,0.838947239790894,0.536256054854578,0.44639757900614
0.29767203917876,0.520070620381037,0.58612229359954,0.631808307435108,0.654331503485801,0.66937487943823,0.696228880708025,0.724356179853393,0.748862750612576,0.76641473806024,0.784514345566526,0.796819587812259,0.810643094871686,0.822986762349952,0.832262251358595,0.842881130661361,0.849221170987505,0.853138004639446,0.858944857616937,0.868141861414532,0.876373152543701,0.893032092170728,0.904930935570674,0.915903112146136,0.932612266695422,0.954907552922089,0.975079197753325,1,0.957100169896331,0.874278586920556,0.557667036029996,0.466934573032586
0.280450005451667,0.485901434290427,0.553327412197614,0.598966071908202,0.621096079655002,0.634318061534103,0.655332865103744,0.679548913835737,0.703412714507011,0.722631167084669,0.738210590725906,0.750148387474373,0.764183471166854,0.777348627502925,0.786081281062338,0.7959411363765,0.800011557834718,0.80503173628175,0.811205560689822,0.820754546551555,0.827217288071814,0.845141154444362,0.855720027236047,0.868673061169338,0.883477954195227,0.901567702498747,0.917622251441727,0.957100169896331,1,0.924204447794826,0.599275268495897,0.495011732844331
0.250012548704098,0.432912090407745,0.489325063367989,0.528249504453147,0.545992786722857,0.557437530273703,0.58256305227308,0.601200278319805,0.626019984346663,0.64683049614308,0.65908852848694,0.670091516707637,0.684517971533573,0.701285006473477,0.710175415572954,0.718832173897747,0.723345698360892,0.731949822260252,0.738378938764567,0.748539390606267,0.757633644854167,0.780683133200354,0.795640047628464,0.808037992381539,0.816118597103708,0.827070605094292,0.838947239790894,0.874278586920556,0.924204447794826,1,0.740181370262071,0.544901754024055
0.103353755692242,0.229855111773479,0.265012504347866,0.276419563452746,0.290753152725906,0.302267689034759,0.327273545020234,0.343091111978352,0.372421949596442,0.392257514134665,0.399956353231951,0.414510589323877,0.430876079867551,0.452674439763028,0.466181592632194,0.473965751597043,0.473080306940278,0.484508114887161,0.498212650347392,0.500811862916311,0.500330826796917,0.524016951873765,0.537328237751546,0.536165039016452,0.528988571430181,0.523802325766938,0.536256054854578,0.557667036029996,0.599275268495897,0.740181370262071,1,0.604641053560905
0.0273968477766556,0.1733535314728,0.199442895988651,0.207393064263218,0.215593595032611,0.220659120019723,0.237119900137095,0.257426683713314,0.283326043728728,0.294874918157324,0.305133655311687,0.318276482402844,0.329042152695899,0.342057739062779,0.344124885971364,0.350796785192047,0.359372198277438,0.367035114395564,0.389532624705475,0.405071397626963,0.401657114677597,0.411960977765158,0.420012678795862,0.42045764025069,0.43261729270289,0.436727905399083,0.44639757900614,0.466934573032586,0.495011732844331,0.544901754024055,0.604641053560905,1
