1,0.757016937223973,0.697615725258814,0.672193441030456,0.649115670217583,0.635709110954809,0.620970454958757,0.604297824475398,0.594241100901237,0.579571595188447,0.573548823351491,0.567011152477471,0.556602761677492,0.539316913320289,0.530368633764802,0.515905982978667,0.504737559981865,0.495348331783075,0.484546836021551,0.477904089911298,0.471530703474649,0.458899138192784,0.451380083931373,0.440444167604918,0.435169271272841,0.420453114403706,0.405875664183628,0.379241418262231,0.328171501192383,0.215424110894704,0.0845744417436447,0.0362990990535331
0.757016937223973,1,0.945222072850644,0.915307789954715,0.894391800870186,0.878433250663295,0.86732346947096,0.852469299141624,0.841197642968763,0.827844982744566,0.823174984745983,0.813676900437844,0.804244362949801,0.788689616997751,0.778694665566328,0.766833239412279,0.755812216475365,0.744635289344484,0.738781588094661,0.730019888579755,0.720181979687174,0.70960205871881,0.699746761030967,0.685170068066573,0.673355694196131,0.650974142603894,0.628922426729697,0.593596043885545,0.536155266306589,0.362446106212984,0.219766954982963,0.154586884933273
0.697615725258814,0.945222072850644,1,0.972462981524661,0.957223105414238,0.942448921657155,0.93240983904406,0.918798542258012,0.908699602806036,0.898668327393425,0.89219511162636,0.884123683273122,0.874104249621257,0.859264516688625,0.849302922337218,0.837841387032228,0.826369764313865,0.81449387955961,0.807532367026512,0.797663441271323,0.78694601922915,0.773738542662983,0.760857630219523,0.745981207357093,0.731677724815317,0.705194347779678,0.684823789757455,0.648484031587408,0.587673412405482,0.40331691141051,0.246212682840193,0.183987330071978
0.672193441030456,0.915307789954715,0.972462981524661,1,0.98274200511236,0.967421286801607,0.958768527899666,0.946340843549942,0.93539357519688,0.925517061741199,0.917613303974236,0.908360083780026,0.897272848888629,0.881318284175689,0.870209384172855,0.858614749850946,0.847722860544359,0.836770061222436,0.829309424549463,0.818571218957439,0.808054064562781,0.796221869254019,0.78446920679621,0.769984493515149,0.756117902058868,0.732432840805904,0.711276485057592,0.674762702952693,0.615137791273104,0.436075421688629,0.280843967972776,0.205577576207351
0.649115670217583,0.894391800870186,0.957223105414238,0.98274200511236,1,0.987129304421094,0.97579416496335,0.963620782728641,0.953725347366104,0.945014243276688,0.937367059904379,0.927185240479066,0.916850820175784,0.902781181789307,0.891109881884471,0.880630509666667,0.869182429775059,0.857684827790774,0.85052683142001,0.840404895190213,0.829663332839785,0.817081301311497,0.806257731973475,0.790412943830577,0.776574221396421,0.752653246942026,0.731323256000096,0.695552888883857,0.636853381638046,0.450236565299103,0.290627836130485,0.218808975894695
0.635709110954809,0.878433250663295,0.942448921657155,0.967421286801607,0.987129304421094,1,0.989122223032492,0.976612764520747,0.966758861611946,0.958203787767177,0.951133543986729,0.940878553012005,0.931746171913974,0.91804092511465,0.907120808352232,0.89674224366595,0.886380315134462,0.874661200098568,0.866904678196895,0.857912524593792,0.848231228845629,0.837125235175196,0.826615195130133,0.811723283287412,0.799036409988436,0.777726820340552,0.75738536753561,0.723098298913768,0.664960078966425,0.468200738201127,0.312255850191362,0.242009533352832
0.620970454958757,0.86732346947096,0.93240983904406,0.958768527899666,0.97579416496335,0.989122223032492,1,0.990632500893097,0.980905583798001,0.972260786599449,0.964389930420206,0.954253990919968,0.945396225973439,0.93190744604615,0.920561291524095,0.910096647499936,0.900686353730613,0.889842786786297,0.883057404982647,0.874117973248839,0.865093531473497,0.854629358091543,0.844062110217137,0.830052536023637,0.816628854965896,0.794440651240603,0.773298620693171,0.737962711471148,0.675568394557007,0.475214270249922,0.318436554432707,0.249228107872256
0.604297824475398,0.852469299141624,0.918798542258012,0.946340843549942,0.963620782728641,0.976612764520747,0.990632500893097,1,0.99182246026605,0.983267713530985,0.975524638404637,0.966021253123335,0.957693285133172,0.945492437409927,0.934363040438392,0.924572831592492,0.91539344268108,0.905298278467921,0.898220991730058,0.889797466324679,0.880634931063674,0.871059009482151,0.860561447474464,0.847459660876771,0.834460023792426,0.812230196892866,0.79169741600294,0.757726790278362,0.693970171724697,0.494300832891749,0.335504316669287,0.267432616878345
0.594241100901237,0.841197642968763,0.908699602806036,0.93539357519688,0.953725347366104,0.966758861611946,0.980905583798001,0.99182246026605,1,0.993361466924269,0.985324988567268,0.975433596818066,0.966500352215303,0.955936083546863,0.945732399161504,0.935984191414379,0.92695977435349,0.917268967679375,0.910279307739042,0.90264055704615,0.893962029043258,0.884298617221896,0.874178880345238,0.861617783269492,0.848692618481507,0.826322145564224,0.805910459504773,0.771282612610477,0.707895768315155,0.504114124860892,0.34739219152661,0.283116330333255
0.579571595188447,0.827844982744566,0.898668327393425,0.925517061741199,0.945014243276688,0.958203787767177,0.972260786599449,0.983267713530985,0.993361466924269,1,0.993443144325848,0.984014445017544,0.975619088813608,0.965011918918387,0.954911714260162,0.944900860047604,0.936935007805998,0.928063505536007,0.920765748542876,0.912987582321612,0.904517401440383,0.894659809443555,0.885268694159403,0.873551115819921,0.861124186217864,0.838977767035081,0.820964622648048,0.787212509618374,0.725803480613534,0.520506856682366,0.366522245162503,0.297399539014234
0.573548823351491,0.823174984745983,0.89219511162636,0.917613303974236,0.937367059904379,0.951133543986729,0.964389930420206,0.975524638404637,0.985324988567268,0.993443144325848,1,0.993368980401284,0.986348743710124,0.977154798164196,0.96749306380496,0.957879094523178,0.949897709038442,0.940572844723113,0.933346856159083,0.925654368585416,0.917072468921566,0.906851666870883,0.898326424748994,0.886398327274666,0.873960380470794,0.85145184195445,0.833469044574322,0.799881672280883,0.740797735069745,0.535054230255647,0.379325034879214,0.307244653024866
0.567011152477471,0.813676900437844,0.884123683273122,0.908360083780026,0.927185240479066,0.940878553012005,0.954253990919968,0.966021253123335,0.975433596818066,0.984014445017544,0.993368980401284,1,0.994617425318949,0.985894153791672,0.976783809327187,0.96733048326337,0.959813645320636,0.950914503882669,0.94376647347893,0.936429572939015,0.928205534086949,0.917222906396941,0.908223137555278,0.896623651459622,0.88416217215054,0.862367752515805,0.845129063900702,0.812810234777298,0.754560931679378,0.554321481885883,0.404863852571229,0.322551134766509
0.556602761677492,0.804244362949801,0.874104249621257,0.897272848888629,0.916850820175784,0.931746171913974,0.945396225973439,0.957693285133172,0.966500352215303,0.975619088813608,0.986348743710124,0.994617425318949,1,0.993999357351675,0.985832882845079,0.977340773192166,0.970748568667855,0.962295926926876,0.955238259767634,0.948782023689191,0.941096594487595,0.93038828083261,0.92101613890873,0.909589402373318,0.898057772061055,0.876143436764297,0.860932835777144,0.829055690229077,0.770741173619138,0.571934608409807,0.419348060223281,0.335581798310238
0.539316913320289,0.788689616997751,0.859264516688625,0.881318284175689,0.902781181789307,0.91804092511465,0.93190744604615,0.945492437409927,0.955936083546863,0.965011918918387,0.977154798164196,0.985894153791672,0.993999357351675,1,0.994343566409914,0.986811675287443,0.980425611858574,0.972435127408111,0.965982386262914,0.959189891513587,0.951837290066728,0.941152137091652,0.932007148121393,0.920955893935905,0.909729718089333,0.887354897176261,0.872975051582986,0.841566291700185,0.783674205977554,0.589183417560797,0.435475028272215,0.353612461735345
0.530368633764802,0.778694665566328,0.849302922337218,0.870209384172855,0.891109881884471,0.907120808352232,0.920561291524095,0.934363040438392,0.945732399161504,0.954911714260162,0.96749306380496,0.976783809327187,0.985832882845079,0.994343566409914,1,0.995412990551742,0.989488761744696,0.982278636127111,0.975594770448065,0.968686095905619,0.962094642435719,0.951676512900581,0.942589198592535,0.931205625137113,0.920219711405943,0.898967933218801,0.884902996359022,0.854410540424338,0.796959521676164,0.602679094771395,0.454597060004016,0.378080116067755
0.515905982978667,0.766833239412279,0.837841387032228,0.858614749850946,0.880630509666667,0.89674224366595,0.910096647499936,0.924572831592492,0.935984191414379,0.944900860047604,0.957879094523178,0.96733048326337,0.977340773192166,0.986811675287443,0.995412990551742,1,0.995728552295602,0.989288345884516,0.982782613361614,0.976047195052683,0.969183638200233,0.95930655689057,0.949976022980182,0.939197889908913,0.928061521002358,0.908006478873571,0.893946370151785,0.864963240971603,0.807546826158557,0.613425504836436,0.4632915058399,0.391029619189259
0.504737559981865,0.755812216475365,0.826369764313865,0.847722860544359,0.869182429775059,0.886380315134462,0.900686353730613,0.91539344268108,0.92695977435349,0.936935007805998,0.949897709038442,0.959813645320636,0.970748568667855,0.980425611858574,0.989488761744696,0.995728552295602,1,0.995561205791789,0.989695285273072,0.983716954133219,0.977103293599307,0.968075813710407,0.959164748749456,0.948200669344719,0.93704300884594,0.917196265467023,0.904748945002601,0.87624165871237,0.820525136292443,0.627178556806784,0.477855362532644,0.405236671589877
0.495348331783075,0.744635289344484,0.81449387955961,0.836770061222436,0.857684827790774,0.874661200098568,0.889842786786297,0.905298278467921,0.917268967679375,0.928063505536007,0.940572844723113,0.950914503882669,0.962295926926876,0.972435127408111,0.982278636127111,0.989288345884516,0.995561205791789,1,0.995698862111766,0.989984471721871,0.984185414886203,0.975925850501474,0.967403227551497,0.956772558088746,0.945227519703735,0.92604327968041,0.913411113606534,0.884096972682778,0.830397330027446,0.635847989415986,0.489386127688095,0.416643761878554
0.484546836021551,0.738781588094661,0.807532367026512,0.829309424549463,0.85052683142001,0.866904678196895,0.883057404982647,0.898220991730058,0.910279307739042,0.920765748542876,0.933346856159083,0.94376647347893,0.955238259767634,0.965982386262914,0.975594770448065,0.982782613361614,0.989695285273072,0.995698862111766,1,0.995418978080646,0.990042082707583,0.981828307250938,0.973370777510688,0.96285397318195,0.950288532145548,0.93152363441909,0.920005166066273,0.891182917679052,0.838347655410598,0.644867977520871,0.497920232333382,0.423543294739509
0.477904089911298,0.730019888579755,0.797663441271323,0.818571218957439,0.840404895190213,0.857912524593792,0.874117973248839,0.889797466324679,0.90264055704615,0.912987582321612,0.925654368585416,0.936429572939015,0.948782023689191,0.959189891513587,0.968686095905619,0.976047195052683,0.983716954133219,0.989984471721871,0.995418978080646,1,0.99586588021604,0.988159917070615,0.979848568263468,0.969171566207843,0.956572951775381,0.938042568323057,0.92646957355046,0.898849571093427,0.846388354542297,0.652900644231187,0.511118982145526,0.433914247060832
0.471530703474649,0.720181979687174,0.78694601922915,0.808054064562781,0.829663332839785,0.848231228845629,0.865093531473497,0.880634931063674,0.893962029043258,0.904517401440383,0.917072468921566,0.928205534086949,0.941096594487595,0.951837290066728,0.962094642435719,0.969183638200233,0.977103293599307,0.984185414886203,0.990042082707583,0.99586588021604,1,0.994089863639076,0.986850078782387,0.97700428656205,0.964706016726042,0.947299431891429,0.935658709298649,0.908694439987434,0.858028400760319,0.663704712618786,0.528741235010812,0.452879719432034
0.458899138192784,0.70960205871881,0.773738542662983,0.796221869254019,0.817081301311497,0.837125235175196,0.854629358091543,0.871059009482151,0.884298617221896,0.894659809443555,0.906851666870883,0.917222906396941,0.93038828083261,0.941152137091652,0.951676512900581,0.95930655689057,0.968075813710407,0.975925850501474,0.981828307250938,0.988159917070615,0.994089863639076,1,0.994470332115889,0.986088911268675,0.974603969860069,0.958191485936355,0.946222682109513,0.919393396248057,0.873835474047914,0.68509167637868,0.550443669953288,0.470866925522402
0.451380083931373,0.699746761030967,0.760857630219523,0.78446920679621,0.806257731973475,0.826615195130133,0.844062110217137,0.860561447474464,0.874178880345238,0.885268694159403,0.898326424748994,0.908223137555278,0.92101613890873,0.932007148121393,0.942589198592535,0.949976022980182,0.959164748749456,0.967403227551497,0.973370777510688,0.979848568263468,0.986850078782387,0.994470332115889,1,0.992823817048306,0.982538809054915,0.966781812967191,0.954274768859933,0.929425607026459,0.884252387796203,0.68952674400359,0.559526723109098,0.481342551641858
0.440444167604918,0.685170068066573,0.745981207357093,0.769984493515149,0.790412943830577,0.811723283287412,0.830052536023637,0.847459660876771,0.861617783269492,0.873551115819921,0.886398327274666,0.896623651459622,0.909589402373318,0.920955893935905,0.931205625137113,0.939197889908913,0.948200669344719,0.956772558088746,0.96285397318195,0.969171566207843,0.97700428656205,0.986088911268675,0.992823817048306,1,0.992500251778379,0.979604438216534,0.9661488122961,0.94277083270901,0.899016817193591,0.706602295694639,0.577362785322091,0.503737642061038
0.435169271272841,0.673355694196131,0.731677724815317,0.756117902058868,0.776574221396421,0.799036409988436,0.816628854965896,0.834460023792426,0.848692618481507,0.861124186217864,0.873960380470794,0.88416217215054,0.898057772061055,0.909729718089333,0.920219711405943,0.928061521002358,0.93704300884594,0.945227519703735,0.950288532145548,0.956572951775381,0.964706016726042,0.974603969860069,0.982538809054915,0.992500251778379,1,0.990715827079664,0.977781662383276,0.957943320660819,0.918861681726628,0.733088946798247,0.604235132097839,0.527573040076589
0.420453114403706,0.650974142603894,0.705194347779678,0.732432840805904,0.752653246942026,0.777726820340552,0.794440651240603,0.812230196892866,0.826322145564224,0.838977767035081,0.85145184195445,0.862367752515805,0.876143436764297,0.887354897176261,0.898967933218801,0.908006478873571,0.917196265467023,0.92604327968041,0.93152363441909,0.938042568323057,0.947299431891429,0.958191485936355,0.966781812967191,0.979604438216534,0.990715827079664,1,0.988422570978242,0.971577155395837,0.936933930081425,0.748380866528078,0.629345917905763,0.553526143138996
0.405875664183628,0.628922426729697,0.684823789757455,0.711276485057592,0.731323256000096,0.75738536753561,0.773298620693171,0.79169741600294,0.805910459504773,0.820964622648048,0.833469044574322,0.845129063900702,0.860932835777144,0.872975051582986,0.884902996359022,0.893946370151785,0.904748945002601,0.913411113606534,0.920005166066273,0.92646957355046,0.935658709298649,0.946222682109513,0.954274768859933,0.9661488122961,0.977781662383276,0.988422570978242,1,0.983935649562117,0.95232438072269,0.764426160988914,0.641147229679154,0.560993243914576
0.379241418262231,0.593596043885545,0.648484031587408,0.674762702952693,0.695552888883857,0.723098298913768,0.737962711471148,0.757726790278362,0.771282612610477,0.787212509618374,0.799881672280883,0.812810234777298,0.829055690229077,0.841566291700185,0.854410540424338,0.864963240971603,0.87624165871237,0.884096972682778,0.891182917679052,0.898849571093427,0.908694439987434,0.919393396248057,0.929425607026459,0.94277083270901,0.957943320660819,0.971577155395837,0.983935649562117,1,0.974359421345471,0.804297777867642,0.686341068305977,0.603992249227352
0.328171501192383,0.536155266306589,0.587673412405482,0.615137791273104,0.636853381638046,0.664960078966425,0.675568394557007,0.693970171724697,0.707895768315155,0.725803480613534,0.740797735069745,0.754560931679378,0.770741173619138,0.783674205977554,0.796959521676164,0.807546826158557,0.820525136292443,0.830397330027446,0.838347655410598,0.846388354542297,0.858028400760319,0.873835474047914,0.884252387796203,0.899016817193591,0.918861681726628,0.936933930081425,0.95232438072269,0.974359421345471,1,0.845649661173306,0.745865098284148,0.643775251501532
0.215424110894704,0.362446106212984,0.40331691141051,0.436075421688629,0.450236565299103,0.468200738201127,0.475214270249922,0.494300832891749,0.504114124860892,0.520506856682366,0.535054230255647,0.554321481885883,0.571934608409807,0.589183417560797,0.602679094771395,0.613425504836436,0.627178556806784,0.635847989415986,0.644867977520871,0.652900644231187,0.663704712618786,0.68509167637868,0.68952674400359,0.706602295694639,0.733088946798247,0.748380866528078,0.764426160988914,0.804297777867642,0.845649661173306,1,0.892649100232804,0.692609325957563
0.0845744417436447,0.219766954982963,0.246212682840193,0.280843967972776,0.290627836130485,0.312255850191362,0.318436554432707,0.335504316669287,0.34739219152661,0.366522245162503,0.379325034879214,0.404863852571229,0.419348060223281,0.435475028272215,0.454597060004016,0.4632915058399,0.477855362532644,0.489386127688095,0.497920232333382,0.511118982145526,0.528741235010812,0.550443669953288,0.559526723109098,0.577362785322091,0.604235132097839,0.629345917905763,0.641147229679154,0.686341068305977,0.745865098284148,0.892649100232804,1,0.747243815472881
0.0362990990535331,0.154586884933273,0.183987330071978,0.205577576207351,0.218808975894695,0.242009533352832,0.249228107872256,0.267432616878345,0.283116330333255,0.297399539014234,0.307244653024866,0.322551134766509,0.335581798310238,0.353612461735345,0.378080116067755,0.391029619189259,0.405236671589877,0.416643761878554,0.423543294739509,0.433914247060832,0.452879719432034,0.470866925522402,0.481342551641858,0.503737642061038,0.527573040076589,0.553526143138996,0.560993243914576,0.603992249227352,0.643775251501532,0.692609325957563,0.747243815472881,1
