1,0.980494407068338,0.903093206671704,0.75205820220278,0.550899876461307,0.484794373578762,0.44490532819131,0.403488669416858,0.365702130642711,0.33569023002077,0.313282433326121,0.291894198776405,0.273030011249898,0.256878583534044,0.240375137290728,0.221088487860988,0.203696435742079,0.189249854631326,0.180597110291502,0.177473035900185,0.169806527716997,0.16102051396161,0.152657998353981,0.147262784262251,0.140235269777607,0.13284227497712,0.126165408763174,0.122391184384836,0.122930932600953,0.12018526240184,0.116516542474536,0.112879332444159
0.980494407068338,1,0.969883878980999,0.866932331002438,0.704186729745833,0.643975749395043,0.598956895979446,0.550037375973107,0.50440008980273,0.469320628392174,0.445980152365326,0.422075032714038,0.400219932027211,0.381095834127329,0.362789178155433,0.339035389390197,0.316509054907999,0.297341249758362,0.285221910078187,0.278095081476867,0.264346576445993,0.249285339615977,0.235220500783751,0.228797632420092,0.220225063042285,0.210420510233373,0.201265047449773,0.197368337065116,0.203084504269927,0.20208741388207,0.198578786392184,0.194436647353807
0.903093206671704,0.969883878980999,1,0.962224168921731,0.855916088159889,0.806278543610328,0.757346644893847,0.701785070415461,0.648896430979892,0.609441472262705,0.586212298577353,0.560485932509612,0.536110861876149,0.51434114034073,0.494793718908522,0.466793646228129,0.439127645089856,0.415149721097273,0.399392393596961,0.387692116640499,0.367152972741156,0.345132910209474,0.3247651102705,0.317417422897213,0.307395557119851,0.295134789556916,0.28340479765345,0.279567843490549,0.29138848691195,0.292612426846387,0.28949266819961,0.28494967274073
0.75205820220278,0.866932331002438,0.962224168921731,1,0.964371988943945,0.930099437706467,0.880289230141678,0.821272498952066,0.764056679756252,0.722529459266428,0.701084177489308,0.675159911312433,0.649709376329376,0.626537610944005,0.606999726839377,0.576253495731921,0.544818853062283,0.517177179744704,0.498479028382287,0.48250244269075,0.455840073005673,0.427614582557493,0.401656439042938,0.393799909784299,0.38287398659729,0.368743580919322,0.354973781587849,0.35147773234167,0.369277458241495,0.372896613374857,0.370434403483288,0.365767882411855
0.550899876461307,0.704186729745833,0.855916088159889,0.964371988943945,1,0.983136491574846,0.936075828832506,0.877970700596661,0.82068888332317,0.780151915295738,0.7619912470798,0.73774989735084,0.713095294162015,0.690237294379925,0.672121936543422,0.64093130616097,0.608108526577386,0.57890627698029,0.558703083204289,0.539726919471786,0.50904329530678,0.476829742878445,0.447317199827323,0.439534532057911,0.428520467057112,0.413595471443808,0.398839646687047,0.395927734509655,0.418249725775804,0.423934491036343,0.422289314836224,0.417840315037637
0.484794373578762,0.643975749395043,0.806278543610328,0.930099437706467,0.983136491574846,1,0.984013383663593,0.949304534221762,0.909271768286844,0.878815200754216,0.860837994375473,0.835393157364902,0.809023618045743,0.784348237420421,0.757773481401853,0.716403591465219,0.675084503882321,0.639106757907325,0.615099558559167,0.59599595249994,0.563552768881269,0.529053952563149,0.497261707176919,0.487801129783848,0.474463974124033,0.457101694285385,0.44014720781057,0.43701413461161,0.46370289389056,0.471429143258543,0.470631938879817,0.466450397205869
0.44490532819131,0.598956895979446,0.757346644893847,0.880289230141678,0.936075828832506,0.984013383663593,1,0.990113791956333,0.968859047704225,0.949335945024495,0.931314386386868,0.904877581225346,0.877182999090086,0.851132676639562,0.816136622986979,0.765274065462002,0.716388220921623,0.674535218251734,0.647440882582622,0.629235565768139,0.596510057193302,0.561225747144179,0.528506101904547,0.517512498936302,0.502095857872299,0.482767671861858,0.464122500366828,0.460717512150924,0.490419396622234,0.499673046841408,0.499610423370327,0.495758810540171
0.403488669416858,0.550037375973107,0.701785070415461,0.821272498952066,0.877970700596661,0.949304534221762,0.990113791956333,1,0.99401248907404,0.983539359239078,0.965887943063669,0.939264093451282,0.911148410041195,0.884600727731394,0.843758710708215,0.786563018122182,0.732816446194293,0.687276855648561,0.658360109847801,0.641271486115602,0.60905919732927,0.57394932826374,0.54123471290415,0.529280811185595,0.512572899536576,0.492130818000905,0.472573161683256,0.469030548997753,0.500437942380099,0.510686570600806,0.511203907382191,0.507698718496632
0.365702130642711,0.50440008980273,0.648896430979892,0.764056679756252,0.82068888332317,0.909271768286844,0.968859047704225,0.99401248907404,1,0.996720095520651,0.97959864411953,0.953193536643842,0.925134688266715,0.898562972083492,0.853726071421356,0.79237985418461,0.735582537823533,0.687794505035751,0.657853950773757,0.64186914519083,0.610497598107926,0.576004228977915,0.543741355445506,0.531203022698098,0.513717932104138,0.492687961739997,0.472687207304499,0.469085880281893,0.501391922994442,0.512275340255589,0.513237380000349,0.510050034568976
0.33569023002077,0.469320628392174,0.609441472262705,0.722529459266428,0.780151915295738,0.878815200754216,0.949335945024495,0.983539359239078,0.996720095520651,1,0.989912201299584,0.968743703312655,0.944603366655766,0.921012684053246,0.877066709600954,0.815349908629007,0.757908160317165,0.709456783288857,0.679204692852534,0.663190883355115,0.631167593920632,0.595819463973577,0.562701060691079,0.550019320980931,0.532161626972868,0.510563626552683,0.489982540940984,0.486130592667745,0.518741795590503,0.529405663596571,0.529971050904989,0.526358961439134
0.313282433326121,0.445980152365326,0.586212298577353,0.701084177489308,0.7619912470798,0.860837994375473,0.931314386386868,0.965887943063669,0.97959864411953,0.989912201299584,1,0.994117422885286,0.98157647641337,0.966911510694797,0.932549681032929,0.876840437248877,0.822655883601366,0.776018475945178,0.746536658096405,0.728434080458047,0.692861196793879,0.653737951863707,0.617140348662038,0.60501703932128,0.587351823560807,0.565012267299857,0.543400439575175,0.538885932644898,0.570936452342197,0.579855184451098,0.578445052445921,0.572983061350438
0.291894198776405,0.422075032714038,0.560485932509612,0.675159911312433,0.73774989735084,0.835393157364902,0.904877581225346,0.939264093451282,0.953193536643842,0.968743703312655,0.994117422885286,1,0.996496586828899,0.988854162845847,0.962285965492998,0.911926462514403,0.860968432777049,0.816351691636143,0.787859480718969,0.768406251245642,0.730603493445458,0.689126241034267,0.650366506144165,0.638834889456327,0.621556954770507,0.598954209031867,0.576848233145235,0.571888609840196,0.603074822121944,0.610538258481587,0.607637127841219,0.600835246825837
0.273030011249898,0.400219932027211,0.536110861876149,0.649709376329376,0.713095294162015,0.809023618045743,0.877182999090086,0.911148410041195,0.925134688266715,0.944603366655766,0.98157647641337,0.996496586828899,1,0.997841759994308,0.977505444244425,0.931682110160546,0.883625550901306,0.840928115452474,0.813429307065197,0.793089643552513,0.753869167798533,0.71090790806729,0.670790464545409,0.659808525044705,0.642968658183972,0.620344539935448,0.598034852009962,0.592771421331858,0.62303930984522,0.629318940490922,0.625289826639395,0.617508030974659
0.256878583534044,0.381095834127329,0.51434114034073,0.626537610944005,0.690237294379925,0.784348237420421,0.851132676639562,0.884600727731394,0.898562972083492,0.921012684053246,0.966911510694797,0.988854162845847,0.997841759994308,1,0.984656451014697,0.942619615583411,0.897077040728429,0.8560961393175,0.829512286750694,0.808576489062588,0.768435428273505,0.724519899923851,0.6835333906016,0.673036937553691,0.656623683657774,0.634093845103085,0.611733730194648,0.606257604177156,0.635655891439438,0.640975235437187,0.636080268670437,0.627567297192264
0.240375137290728,0.362789178155433,0.494793718908522,0.606999726839377,0.672121936543422,0.757773481401853,0.816136622986979,0.843758710708215,0.853726071421356,0.877066709600954,0.932549681032929,0.962285965492998,0.977505444244425,0.984656451014697,1,0.986380457835088,0.96034017369429,0.933031343818339,0.913609366832496,0.888128378600937,0.842105261941367,0.792428066111779,0.746338718373369,0.740153919943307,0.728038349852563,0.70751610224137,0.686007869291073,0.678999638911847,0.69923437317091,0.696207365511764,0.684419749726348,0.670372246436023
0.221088487860988,0.339035389390197,0.466793646228129,0.576253495731921,0.64093130616097,0.716403591465219,0.765274065462002,0.786563018122182,0.79237985418461,0.815349908629007,0.876840437248877,0.911926462514403,0.931682110160546,0.942619615583411,0.986380457835088,1,0.99312284411885,0.979502896249133,0.967387020734449,0.938296704770736,0.887986386536385,0.834244905852966,0.784617555196292,0.782695279577486,0.775001262952302,0.756968427664587,0.736881648944739,0.728616329491918,0.73956693950817,0.728699204646105,0.710702895218497,0.691801486819739
0.203696435742079,0.316509054907999,0.439127645089856,0.544818853062283,0.608108526577386,0.675084503882321,0.716388220921623,0.732816446194293,0.735582537823533,0.757908160317165,0.822655883601366,0.860968432777049,0.883625550901306,0.897077040728429,0.96034017369429,0.99312284411885,1,0.996349524963336,0.989634923664599,0.958457554397016,0.905929319855801,0.850185455101387,0.798862151141001,0.800005801456393,0.795586555851123,0.779624520754159,0.760882404946351,0.75185925671276,0.756019942898259,0.739751260813042,0.717633820022059,0.695590619896602
0.189249854631326,0.297341249758362,0.415149721097273,0.517177179744704,0.57890627698029,0.639106757907325,0.674535218251734,0.687276855648561,0.687794505035751,0.709456783288857,0.776018475945178,0.816351691636143,0.840928115452474,0.8560961393175,0.933031343818339,0.979502896249133,0.996349524963336,1,0.997281961885377,0.9648529535785,0.911162665613,0.854441767898522,0.802326563167045,0.805695847493711,0.803702719449583,0.789388935565238,0.771789691741793,0.762292152396899,0.761465860419137,0.741400003884904,0.716469255870202,0.692326198340869
0.180597110291502,0.285221910078187,0.399392393596961,0.498479028382287,0.558703083204289,0.615099558559167,0.647440882582622,0.658360109847801,0.657853950773757,0.679204692852534,0.746536658096405,0.787859480718969,0.813429307065197,0.829512286750694,0.913609366832496,0.967387020734449,0.989634923664599,0.997281961885377,1,0.978613200298543,0.933103771503038,0.882244310293377,0.834340500674957,0.837649239637514,0.833797456137772,0.817640220711187,0.798418872587746,0.78728420250791,0.783675150227071,0.761000536959853,0.733883304042437,0.707968745001767
0.177473035900185,0.278095081476867,0.387692116640499,0.48250244269075,0.539726919471786,0.59599595249994,0.629235565768139,0.641271486115602,0.64186914519083,0.663190883355115,0.728434080458047,0.768406251245642,0.793089643552513,0.808576489062588,0.888128378600937,0.938296704770736,0.958457554397016,0.9648529535785,0.978613200298543,1,0.98712211942401,0.960222064183622,0.929893610976661,0.928197811667347,0.912541982766861,0.88647451875598,0.859261893286469,0.843403449167325,0.840434750121416,0.816779313576129,0.788175076553414,0.760732480493193
0.169806527716997,0.264346576445993,0.367152972741156,0.455840073005673,0.50904329530678,0.563552768881269,0.596510057193302,0.60905919732927,0.610497598107926,0.631167593920632,0.692861196793879,0.730603493445458,0.753869167798533,0.768435428273505,0.842105261941367,0.887986386536385,0.905929319855801,0.911162665613,0.933103771503038,0.98712211942401,1,0.992525645172834,0.976759540449681,0.971222031006308,0.946848841846292,0.913843972981262,0.881219997406082,0.86215610636142,0.859772978467081,0.836052863269375,0.8071363540259,0.779315297618151
0.16102051396161,0.249285339615977,0.345132910209474,0.427614582557493,0.476829742878445,0.529053952563149,0.561225747144179,0.57394932826374,0.576004228977915,0.595819463973577,0.653737951863707,0.689126241034267,0.71090790806729,0.724519899923851,0.792428066111779,0.834244905852966,0.850185455101387,0.854441767898522,0.882244310293377,0.960222064183622,0.992525645172834,1,0.995615902731368,0.9872434333149,0.956641595089933,0.918915279516894,0.882727459898556,0.861547986569935,0.859652802003655,0.836293669508791,0.807639149896599,0.780010639952611
0.152657998353981,0.235220500783751,0.3247651102705,0.401656439042938,0.447317199827323,0.497261707176919,0.528506101904547,0.54123471290415,0.543741355445506,0.562701060691079,0.617140348662038,0.650366506144165,0.670790464545409,0.6835333906016,0.746338718373369,0.784617555196292,0.798862151141001,0.802326563167045,0.834340500674957,0.929893610976661,0.976759540449681,0.995615902731368,1,0.989539315771326,0.954472937510927,0.913509341997238,0.874955940457018,0.85236914274951,0.850867113250851,0.828020888169676,0.799856953388606,0.772655426906184
0.147262784262251,0.228797632420092,0.317417422897213,0.393799909784299,0.439534532057911,0.487801129783848,0.517512498936302,0.529280811185595,0.531203022698098,0.550019320980931,0.60501703932128,0.638834889456327,0.659808525044705,0.673036937553691,0.740153919943307,0.782695279577486,0.800005801456393,0.805695847493711,0.837649239637514,0.928197811667347,0.971222031006308,0.9872434333149,0.989539315771326,1,0.987391837109494,0.962360917286118,0.935254732040286,0.91807869836218,0.908727910168924,0.87864586796235,0.844468733134848,0.812420256887036
0.140235269777607,0.220225063042285,0.307395557119851,0.38287398659729,0.428520467057112,0.474463974124033,0.502095857872299,0.512572899536576,0.513717932104138,0.532161626972868,0.587351823560807,0.621556954770507,0.642968658183972,0.656623683657774,0.728038349852563,0.775001262952302,0.795586555851123,0.803702719449583,0.833797456137772,0.912541982766861,0.946848841846292,0.956641595089933,0.954472937510927,0.987391837109494,1,0.993247929097293,0.979495483753577,0.968804756170791,0.951251942166745,0.914066898877534,0.874183013211432,0.837630736077793
0.13284227497712,0.210420510233373,0.295134789556916,0.368743580919322,0.413595471443808,0.457101694285385,0.482767671861858,0.492130818000905,0.492687961739997,0.510563626552683,0.565012267299857,0.598954209031867,0.620344539935448,0.634093845103085,0.70751610224137,0.756968427664587,0.779624520754159,0.789388935565238,0.817640220711187,0.88647451875598,0.913843972981262,0.918915279516894,0.913509341997238,0.962360917286118,0.993247929097293,1,0.996254146112967,0.990487324135802,0.967204138480792,0.925408138984986,0.881979738496182,0.842711281599074
0.126165408763174,0.201265047449773,0.28340479765345,0.354973781587849,0.398839646687047,0.44014720781057,0.464122500366828,0.472573161683256,0.472687207304499,0.489982540940984,0.543400439575175,0.576848233145235,0.598034852009962,0.611733730194648,0.686007869291073,0.736881648944739,0.760882404946351,0.771789691741793,0.798418872587746,0.859261893286469,0.881219997406082,0.882727459898556,0.874955940457018,0.935254732040286,0.979495483753577,0.996254146112967,1,0.997954038898412,0.970603883627502,0.925737836821638,0.880048635387274,0.839100291825581
0.122391184384836,0.197368337065116,0.279567843490549,0.35147773234167,0.395927734509655,0.43701413461161,0.460717512150924,0.469030548997753,0.469085880281893,0.486130592667745,0.538885932644898,0.571888609840196,0.592771421331858,0.606257604177156,0.678999638911847,0.728616329491918,0.75185925671276,0.762292152396899,0.78728420250791,0.843403449167325,0.86215610636142,0.861547986569935,0.85236914274951,0.91807869836218,0.968804756170791,0.990487324135802,0.997954038898412,1,0.979861859980906,0.940049307791418,0.897877495419976,0.859429853396466
0.122930932600953,0.203084504269927,0.29138848691195,0.369277458241495,0.418249725775804,0.46370289389056,0.490419396622234,0.500437942380099,0.501391922994442,0.518741795590503,0.570936452342197,0.603074822121944,0.62303930984522,0.635655891439438,0.69923437317091,0.73956693950817,0.756019942898259,0.761465860419137,0.783675150227071,0.840434750121416,0.859772978467081,0.859652802003655,0.850867113250851,0.908727910168924,0.951251942166745,0.967204138480792,0.970603883627502,0.979861859980906,1,0.989215875309081,0.967702605115006,0.944207919759286
0.12018526240184,0.20208741388207,0.292612426846387,0.372896613374857,0.423934491036343,0.471429143258543,0.499673046841408,0.510686570600806,0.512275340255589,0.529405663596571,0.579855184451098,0.610538258481587,0.629318940490922,0.640975235437187,0.696207365511764,0.728699204646105,0.739751260813042,0.741400003884904,0.761000536959853,0.816779313576129,0.836052863269375,0.836293669508791,0.828020888169676,0.87864586796235,0.914066898877534,0.925408138984986,0.925737836821638,0.940049307791418,0.989215875309081,1,0.99418977151294,0.982263657831062
0.116516542474536,0.198578786392184,0.28949266819961,0.370434403483288,0.422289314836224,0.470631938879817,0.499610423370327,0.511203907382191,0.513237380000349,0.529971050904989,0.578445052445921,0.607637127841219,0.625289826639395,0.636080268670437,0.684419749726348,0.710702895218497,0.717633820022059,0.716469255870202,0.733883304042437,0.788175076553414,0.8071363540259,0.807639149896599,0.799856953388606,0.844468733134848,0.874183013211432,0.881979738496182,0.880048635387274,0.897877495419976,0.967702605115006,0.99418977151294,1,0.996739800647663
0.112879332444159,0.194436647353807,0.28494967274073,0.365767882411855,0.417840315037637,0.466450397205869,0.495758810540171,0.507698718496632,0.510050034568976,0.526358961439134,0.572983061350438,0.600835246825837,0.617508030974659,0.627567297192264,0.670372246436023,0.691801486819739,0.695590619896602,0.692326198340869,0.707968745001767,0.760732480493193,0.779315297618151,0.780010639952611,0.772655426906184,0.812420256887036,0.837630736077793,0.842711281599074,0.839100291825581,0.859429853396466,0.944207919759286,0.982263657831062,0.996739800647663,1
