1,0.791262451073166,0.753202374999691,0.73000998927904,0.713525489346328,0.695895525064899,0.681744612213277,0.670263888382483,0.663880996312838,0.655140820194324,0.645805568534794,0.637069886268181,0.628334462074021,0.620611835642323,0.609818190047504,0.60154840656354,0.591630052072213,0.587271987388283,0.582774154755991,0.577885866630702,0.571283169375674,0.559324198446518,0.55258495752066,0.545881939019655,0.538074774187497,0.525327371789442,0.511876814115169,0.495868380792945,0.46801778540063,0.417900431824213,0.296843093186908,0.130556526963357
0.791262451073166,1,0.972228125941298,0.960956277160475,0.951199158697869,0.938066009190539,0.929503169170617,0.918937662963261,0.912819513586794,0.903912244311001,0.895797997452163,0.886294026795675,0.878485855660503,0.870481200336484,0.861749062866179,0.854276974653884,0.844533048080812,0.839916291886624,0.834701917907263,0.830418027706038,0.823597592757609,0.811560901970274,0.80519379885807,0.79569951391242,0.784570963876148,0.7719074163866,0.757285801046936,0.740428409724458,0.707510158449054,0.633972135943609,0.473723063782668,0.252935566850131
0.753202374999691,0.972228125941298,1,0.988734024373819,0.979287339142985,0.971758723833796,0.965104020683676,0.956681507760244,0.950620248012717,0.942334166047888,0.935297085966992,0.927711430118285,0.91973772202955,0.911080542116545,0.902195850211606,0.894766118031095,0.88705805415167,0.883102989163514,0.878110394400391,0.873127492657051,0.867015260855492,0.856191907147139,0.850623401749198,0.84172666571733,0.831336375252178,0.819127067130147,0.803546527414352,0.787314414808739,0.753525998787212,0.667163201806637,0.49323754263408,0.265819994690241
0.73000998927904,0.960956277160475,0.988734024373819,1,0.991333313726102,0.985034312252788,0.978668470903292,0.970788395441608,0.964468708291323,0.95673806396679,0.950450390440563,0.943287844665041,0.935497219435921,0.927450990430546,0.918986897706767,0.911936047809759,0.904782115780543,0.900543154651926,0.895980958918083,0.891398239577181,0.885405372667757,0.875512495512906,0.869818200280325,0.860781223985442,0.850773851706319,0.8396736529833,0.824646966621469,0.80899961962813,0.773577632010337,0.684667749974267,0.505202742881626,0.281114309079465
0.713525489346328,0.951199158697869,0.979287339142985,0.991333313726102,1,0.994006560888573,0.988260682453706,0.98117837635342,0.975424374707851,0.968351253933347,0.962541081941248,0.955920294598888,0.949020648715244,0.941713601603378,0.933936031126086,0.92752693645872,0.921242494918871,0.916956656215398,0.912747906121112,0.908567188450821,0.903116860803364,0.894341267218005,0.888726364118236,0.879860660506769,0.870887310297114,0.860589717853114,0.845981369887879,0.830563610967575,0.796049766408777,0.708236353065226,0.528589374989759,0.290321795550578
0.695895525064899,0.938066009190539,0.971758723833796,0.985034312252788,0.994006560888573,1,0.995523122599111,0.989465776706143,0.983776297100293,0.97668277067513,0.970741553757019,0.964593590055399,0.957562817850082,0.950365807310454,0.942394352114976,0.935949892385859,0.930167513469425,0.925880319399966,0.922198875401516,0.918470823854159,0.913079582110259,0.904727126953589,0.89921007764446,0.890338742084932,0.88201759474423,0.871732114801208,0.857177098338553,0.841618205853282,0.807617182529669,0.718724566822346,0.534866928469573,0.296083907048928
0.681744612213277,0.929503169170617,0.965104020683676,0.978668470903292,0.988260682453706,0.995523122599111,1,0.995297533661974,0.989916229681371,0.982999302580348,0.977265648830314,0.971307102070846,0.964882579308977,0.958124372993857,0.950302475008009,0.943940045470755,0.938797691958478,0.934571290100279,0.931176570730852,0.927744055594301,0.922839459747976,0.915095888210794,0.909462395661147,0.90104684301939,0.893175125286253,0.883176870059016,0.869080253396309,0.853806938123694,0.819280471896335,0.731541841222868,0.547602384129769,0.302548521755666
0.670263888382483,0.918937662963261,0.956681507760244,0.970788395441608,0.98117837635342,0.989465776706143,0.995297533661974,1,0.996580708657835,0.991394719181437,0.986640333649339,0.981249823407586,0.975500129130802,0.969224103006683,0.9622068419046,0.956480948448958,0.951528939106211,0.947664328097232,0.944682819303647,0.941652441296316,0.93719114950545,0.930213740472382,0.924859614247258,0.917154962385033,0.909878173168429,0.90026374297421,0.887849096987046,0.872817458937517,0.84061331028663,0.756776380456989,0.576738255254554,0.312610735535423
0.663880996312838,0.912819513586794,0.950620248012717,0.964468708291323,0.975424374707851,0.983776297100293,0.989916229681371,0.996580708657835,1,0.996502603072825,0.992339809169209,0.987065201664682,0.981532478441772,0.975660368092421,0.968963596564763,0.963329562006117,0.958312381134231,0.954763545015171,0.95170850576628,0.948763536123499,0.944311320232164,0.937787033890467,0.932901301805363,0.925849516714427,0.91884948690565,0.909437063198758,0.8976265013459,0.883526195630338,0.852339329595614,0.770320991918187,0.591252054419828,0.322688948669409
0.655140820194324,0.903912244311001,0.942334166047888,0.95673806396679,0.968351253933347,0.97668277067513,0.982999302580348,0.991394719181437,0.996502603072825,1,0.997135415196809,0.992322983737416,0.987158324727631,0.981444230696547,0.975116010258955,0.970254632903288,0.965382141896771,0.962025917487948,0.958846400389885,0.955862511863234,0.951850267743031,0.946136130720631,0.941544602340554,0.935420372917383,0.9288281968529,0.919737851438674,0.908915206342051,0.895597309096279,0.865567187891112,0.786031211405404,0.609772077989315,0.331815442174315
0.645805568534794,0.895797997452163,0.935297085966992,0.950450390440563,0.962541081941248,0.970741553757019,0.977265648830314,0.986640333649339,0.992339809169209,0.997135415196809,1,0.996850226845376,0.992448696061274,0.987228814097091,0.981341933775369,0.976726479612373,0.971964063055542,0.968542441903386,0.965529199021946,0.962333813302536,0.9588068603717,0.953426121883168,0.949028328363094,0.943861949211096,0.937625233691284,0.929260774124405,0.91895513697012,0.906854124296491,0.877657344525818,0.79848606431249,0.625184596376793,0.341771678690173
0.637069886268181,0.886294026795675,0.927711430118285,0.943287844665041,0.955920294598888,0.964593590055399,0.971307102070846,0.981249823407586,0.987065201664682,0.992322983737416,0.996850226845376,1,0.997365384258271,0.993039876107988,0.98782299008039,0.983411950796378,0.979114471458071,0.97577841679288,0.972895874837012,0.969690724204627,0.966392629602063,0.961189956798932,0.957097757801558,0.951969260956048,0.946124193530262,0.938452677869691,0.928364236627879,0.916951080905274,0.888409288351156,0.809247797267733,0.637235936243885,0.35131981591829
0.628334462074021,0.878485855660503,0.91973772202955,0.935497219435921,0.949020648715244,0.957562817850082,0.964882579308977,0.975500129130802,0.981532478441772,0.987158324727631,0.992448696061274,0.997365384258271,1,0.997518991294483,0.993486483795369,0.989333397033635,0.985033098948461,0.981849564693147,0.978882986924553,0.975884853054143,0.972835346989129,0.968129444867719,0.964644117607755,0.959876364679725,0.954287063147602,0.94709136026466,0.936857771390418,0.925803168924343,0.897985502784603,0.81968433377536,0.648498281643988,0.360347682963992
0.620611835642323,0.870481200336484,0.911080542116545,0.927450990430546,0.941713601603378,0.950365807310454,0.958124372993857,0.969224103006683,0.975660368092421,0.981444230696547,0.987228814097091,0.993039876107988,0.997518991294483,1,0.997391166964942,0.993876691901749,0.989834657076137,0.986748898242741,0.983751668382371,0.98092544969113,0.977822862955266,0.973446965265054,0.970278500954146,0.965797587659543,0.960545946898939,0.95373940817986,0.943509422256728,0.932602841972125,0.905312265614061,0.82811067274636,0.657881463221227,0.367357045294283
0.609818190047504,0.861749062866179,0.902195850211606,0.918986897706767,0.933936031126086,0.942394352114976,0.950302475008009,0.9622068419046,0.968963596564763,0.975116010258955,0.981341933775369,0.98782299008039,0.993486483795369,0.997391166964942,1,0.997781691401019,0.994538278114719,0.991804166066565,0.989021595475493,0.986161658884607,0.983122332148129,0.979232167659489,0.976554886675897,0.972468280096017,0.96759435599896,0.961128502168706,0.951493838834355,0.94100537993459,0.914912402300479,0.839056658071879,0.671184670310211,0.37628413435989
0.60154840656354,0.854276974653884,0.894766118031095,0.911936047809759,0.92752693645872,0.935949892385859,0.943940045470755,0.956480948448958,0.963329562006117,0.970254632903288,0.976726479612373,0.983411950796378,0.989333397033635,0.993876691901749,0.997781691401019,1,0.997975801766364,0.995494669758282,0.992701088411347,0.989848560796489,0.986929338557729,0.983296045861429,0.980599969759507,0.977114285657374,0.972783946329353,0.966718671673435,0.957451592951377,0.947187447932532,0.921511928432483,0.846962447083941,0.680349295244509,0.378842249809706
0.591630052072213,0.844533048080812,0.88705805415167,0.904782115780543,0.921242494918871,0.930167513469425,0.938797691958478,0.951528939106211,0.958312381134231,0.965382141896771,0.971964063055542,0.979114471458071,0.985033098948461,0.989834657076137,0.994538278114719,0.997975801766364,1,0.998253550991402,0.995949712010037,0.993201442065798,0.990542435031224,0.987233312221108,0.984572054861592,0.981422959509987,0.977383630341272,0.971758473078126,0.96269362411877,0.952888211818798,0.927801583952052,0.853233686684825,0.687604361755659,0.384596022103803
0.587271987388283,0.839916291886624,0.883102989163514,0.900543154651926,0.916956656215398,0.925880319399966,0.934571290100279,0.947664328097232,0.954763545015171,0.962025917487948,0.968542441903386,0.97577841679288,0.981849564693147,0.986748898242741,0.991804166066565,0.995494669758282,0.998253550991402,1,0.99829590289933,0.995785382110467,0.993311056590733,0.990363470812602,0.987888246935708,0.984915213123852,0.980904409164094,0.97545648124289,0.967263807864664,0.957664430644884,0.932939170933521,0.858826459691689,0.693091356124577,0.388568913668962
0.582774154755991,0.834701917907263,0.878110394400391,0.895980958918083,0.912747906121112,0.922198875401516,0.931176570730852,0.944682819303647,0.95170850576628,0.958846400389885,0.965529199021946,0.972895874837012,0.978882986924553,0.983751668382371,0.989021595475493,0.992701088411347,0.995949712010037,0.99829590289933,1,0.998109751194816,0.99571071051814,0.992962319013811,0.990355584851453,0.987379187622367,0.98330162239981,0.97817828378783,0.969742644794421,0.960422597917524,0.935895589885027,0.86199083590284,0.695373417505719,0.390191274843272
0.577885866630702,0.830418027706038,0.873127492657051,0.891398239577181,0.908567188450821,0.918470823854159,0.927744055594301,0.941652441296316,0.948763536123499,0.955862511863234,0.962333813302536,0.969690724204627,0.975884853054143,0.98092544969113,0.986161658884607,0.989848560796489,0.993201442065798,0.995785382110467,0.998109751194816,1,0.998197880022099,0.995815255324813,0.993100952913803,0.990323119609627,0.986329984649716,0.981228654722054,0.972838200821273,0.963493279609745,0.939874354916182,0.868764103848848,0.704002826129657,0.394202789568784
0.571283169375674,0.823597592757609,0.867015260855492,0.885405372667757,0.903116860803364,0.913079582110259,0.922839459747976,0.93719114950545,0.944311320232164,0.951850267743031,0.9588068603717,0.966392629602063,0.972835346989129,0.977822862955266,0.983122332148129,0.986929338557729,0.990542435031224,0.993311056590733,0.99571071051814,0.998197880022099,1,0.997973430532527,0.995479799486606,0.992583420421094,0.988740443781211,0.983889625230336,0.975779115500073,0.966312754204273,0.943431543660417,0.872595172759397,0.708314085216591,0.396155351381731
0.559324198446518,0.811560901970274,0.856191907147139,0.875512495512906,0.894341267218005,0.904727126953589,0.915095888210794,0.930213740472382,0.937787033890467,0.946136130720631,0.953426121883168,0.961189956798932,0.968129444867719,0.973446965265054,0.979232167659489,0.983296045861429,0.987233312221108,0.990363470812602,0.992962319013811,0.995815255324813,0.997973430532527,1,0.997957583672377,0.995511163729575,0.992175086540495,0.98777165835799,0.980372742184055,0.971437616716381,0.949624068843918,0.881650123435864,0.719755317842675,0.404148694054594
0.55258495752066,0.80519379885807,0.850623401749198,0.869818200280325,0.888726364118236,0.89921007764446,0.909462395661147,0.924859614247258,0.932901301805363,0.941544602340554,0.949028328363094,0.957097757801558,0.964644117607755,0.970278500954146,0.976554886675897,0.980599969759507,0.984572054861592,0.987888246935708,0.990355584851453,0.993100952913803,0.995479799486606,0.997957583672377,1,0.997862758157977,0.994792351174879,0.990384568374266,0.983313856319015,0.974549515912875,0.953093224861903,0.884528928427408,0.722354969393737,0.411436114429151
0.545881939019655,0.79569951391242,0.84172666571733,0.860781223985442,0.879860660506769,0.890338742084932,0.90104684301939,0.917154962385033,0.925849516714427,0.935420372917383,0.943861949211096,0.951969260956048,0.959876364679725,0.965797587659543,0.972468280096017,0.977114285657374,0.981422959509987,0.984915213123852,0.987379187622367,0.990323119609627,0.992583420421094,0.995511163729575,0.997862758157977,1,0.997515854992274,0.993664098013942,0.987359878497548,0.979372206690016,0.959345918420829,0.894251408550548,0.734776488113561,0.42228800637051
0.538074774187497,0.784570963876148,0.831336375252178,0.850773851706319,0.870887310297114,0.88201759474423,0.893175125286253,0.909878173168429,0.91884948690565,0.9288281968529,0.937625233691284,0.946124193530262,0.954287063147602,0.960545946898939,0.96759435599896,0.972783946329353,0.977383630341272,0.980904409164094,0.98330162239981,0.986329984649716,0.988740443781211,0.992175086540495,0.994792351174879,0.997515854992274,1,0.99668286167267,0.991379443928456,0.983981812605004,0.966442378132508,0.904317674065819,0.748733816798185,0.432370745980123
0.525327371789442,0.7719074163866,0.819127067130147,0.8396736529833,0.860589717853114,0.871732114801208,0.883176870059016,0.90026374297421,0.909437063198758,0.919737851438674,0.929260774124405,0.938452677869691,0.94709136026466,0.95373940817986,0.961128502168706,0.966718671673435,0.971758473078126,0.97545648124289,0.97817828378783,0.981228654722054,0.983889625230336,0.98777165835799,0.990384568374266,0.993664098013942,0.99668286167267,1,0.995641731882701,0.989592491793346,0.973037889083314,0.911867972312881,0.757095425235656,0.443429909868363
0.511876814115169,0.757285801046936,0.803546527414352,0.824646966621469,0.845981369887879,0.857177098338553,0.869080253396309,0.887849096987046,0.8976265013459,0.908915206342051,0.91895513697012,0.928364236627879,0.936857771390418,0.943509422256728,0.951493838834355,0.957451592951377,0.96269362411877,0.967263807864664,0.969742644794421,0.972838200821273,0.975779115500073,0.980372742184055,0.983313856319015,0.987359878497548,0.991379443928456,0.995641731882701,1,0.994660390760084,0.980770473832046,0.924831452893698,0.775067861139937,0.458743427070599
0.495868380792945,0.740428409724458,0.787314414808739,0.80899961962813,0.830563610967575,0.841618205853282,0.853806938123694,0.872817458937517,0.883526195630338,0.895597309096279,0.906854124296491,0.916951080905274,0.925803168924343,0.932602841972125,0.94100537993459,0.947187447932532,0.952888211818798,0.957664430644884,0.960422597917524,0.963493279609745,0.966312754204273,0.971437616716381,0.974549515912875,0.979372206690016,0.983981812605004,0.989592491793346,0.994660390760084,1,0.98949159705522,0.938050033744491,0.793004066070029,0.483885433477339
0.46801778540063,0.707510158449054,0.753525998787212,0.773577632010337,0.796049766408777,0.807617182529669,0.819280471896335,0.84061331028663,0.852339329595614,0.865567187891112,0.877657344525818,0.888409288351156,0.897985502784603,0.905312265614061,0.914912402300479,0.921511928432483,0.927801583952052,0.932939170933521,0.935895589885027,0.939874354916182,0.943431543660417,0.949624068843918,0.953093224861903,0.959345918420829,0.966442378132508,0.973037889083314,0.980770473832046,0.98949159705522,1,0.965199384739826,0.839105758140845,0.517757648285652
0.417900431824213,0.633972135943609,0.667163201806637,0.684667749974267,0.708236353065226,0.718724566822346,0.731541841222868,0.756776380456989,0.770320991918187,0.786031211405404,0.79848606431249,0.809247797267733,0.81968433377536,0.82811067274636,0.839056658071879,0.846962447083941,0.853233686684825,0.858826459691689,0.86199083590284,0.868764103848848,0.872595172759397,0.881650123435864,0.884528928427408,0.894251408550548,0.904317674065819,0.911867972312881,0.924831452893698,0.938050033744491,0.965199384739826,1,0.929995971218331,0.582744219259544
0.296843093186908,0.473723063782668,0.49323754263408,0.505202742881626,0.528589374989759,0.534866928469573,0.547602384129769,0.576738255254554,0.591252054419828,0.609772077989315,0.625184596376793,0.637235936243885,0.648498281643988,0.657881463221227,0.671184670310211,0.680349295244509,0.687604361755659,0.693091356124577,0.695373417505719,0.704002826129657,0.708314085216591,0.719755317842675,0.722354969393737,0.734776488113561,0.748733816798185,0.757095425235656,0.775067861139937,0.793004066070029,0.839105758140845,0.929995971218331,1,0.620046464544563
0.130556526963357,0.252935566850131,0.265819994690241,0.281114309079465,0.290321795550578,0.296083907048928,0.302548521755666,0.312610735535423,0.322688948669409,0.331815442174315,0.341771678690173,0.35131981591829,0.360347682963992,0.367357045294283,0.37628413435989,0.378842249809706,0.384596022103803,0.388568913668962,0.390191274843272,0.394202789568784,0.396155351381731,0.404148694054594,0.411436114429151,0.42228800637051,0.432370745980123,0.443429909868363,0.458743427070599,0.483885433477339,0.517757648285652,0.582744219259544,0.620046464544563,1
