1,0.927348998172258,0.866254602366563,0.788504884726746,0.755737212842875,0.630383796214289,0.486538586924146,0.442212778781697,0.416922395814649,0.386447890412483,0.341560972555828,0.316503791402179,0.293145256694307,0.264239477165949,0.242841145736616,0.225338807531091,0.211814917416631,0.190782959905454,0.172729802408777,0.161481237751024,0.150269362126304,0.141145936906029,0.138384983745556,0.129829080445572,0.121662335180577,0.120059383997145,0.0965235384505139,0.0752699442679642,0.062465647034366,0.0525698737842995,0.0391597299892573,0.0181799841486578
0.927348998172258,1,0.968992216410787,0.88356756144195,0.853756702075628,0.71881246080003,0.558382649946403,0.506543769014835,0.477680795593429,0.443914713922723,0.395092996438692,0.365533594266806,0.337704953248897,0.30506988646567,0.280432632828197,0.260273543496912,0.245130725406666,0.223937854064615,0.205772033905979,0.193703667837015,0.180816002413328,0.170228230203336,0.167634172068919,0.156195695639374,0.145355468246337,0.144578655961245,0.114794036380073,0.0883905573338942,0.074850587702095,0.0600185092426298,0.0434047090688301,0.0246163688970844
0.866254602366563,0.968992216410787,1,0.969059356267652,0.936161508649128,0.791863821253342,0.617867684839669,0.560762482574237,0.52867776274159,0.491895992931819,0.44017355692786,0.408304059541624,0.378261333233507,0.343500825779693,0.317051136414777,0.295434918257446,0.279522972815351,0.257226402473934,0.238012676776294,0.225119755725383,0.210284462864966,0.198044969082263,0.195787229354187,0.183803470551855,0.172427967058429,0.172361199094297,0.140740829586956,0.112706320454733,0.100241069994687,0.0810091851341118,0.0616561348482126,0.0455734247600518
0.788504884726746,0.88356756144195,0.969059356267652,1,0.977366858559421,0.840145454247877,0.664471836967257,0.605727676545809,0.572026430681439,0.533933260236827,0.481965225864261,0.449342923402973,0.418440604879538,0.382981150975707,0.355736829237362,0.333381320500764,0.317010222108244,0.294708762680747,0.2753423344645,0.261863899316139,0.246354885380695,0.233446038258383,0.231423586388615,0.219532288427741,0.208133260714603,0.208368635544334,0.174604299298211,0.14475596579799,0.133722490853241,0.111082729378362,0.0903055489197137,0.0778986644748284
0.755737212842875,0.853756702075628,0.936161508649128,0.977366858559421,1,0.898024305221898,0.733783270664282,0.676156739091881,0.64219401585289,0.603962233049149,0.553142623485276,0.519224512406922,0.486523290012425,0.44970108552976,0.420863795676585,0.396807565731336,0.378700119813408,0.358044233228556,0.33995193353741,0.325468761323563,0.311674573060416,0.299880907303874,0.297414980026996,0.284158109560167,0.271199811415488,0.270679822970982,0.227740205077185,0.19040129573918,0.178686990519414,0.153833981149623,0.133257520276552,0.124277498708292
0.630383796214289,0.71881246080003,0.791863821253342,0.840145454247877,0.898024305221898,1,0.956981505780691,0.921162149032192,0.895949231494747,0.866723009013122,0.831668946690228,0.801787777366995,0.769983161853458,0.733788854485074,0.702844174702413,0.675436572937759,0.65341988624124,0.645523783022266,0.637818637533147,0.622607444195248,0.614389520083242,0.60502621924044,0.601006949091487,0.581532464458634,0.560190303876569,0.551093600350419,0.470323559478114,0.400379127540081,0.375474890639844,0.330961083352793,0.310607436535668,0.331548654434238
0.486538586924146,0.558382649946403,0.617867684839669,0.664471836967257,0.733783270664282,0.956981505780691,1,0.988386293229251,0.974024478681626,0.95525355823222,0.935224398212365,0.912746202681051,0.886236676903144,0.854609545181606,0.82688716304764,0.801421801668237,0.779639111918249,0.779764971974556,0.778722877376393,0.765089384456817,0.760552550499104,0.752865985825216,0.748278720620684,0.726686217336871,0.70186286226781,0.687655888123819,0.591757402587556,0.508360054241113,0.476640987605353,0.425358910421139,0.408597710477125,0.446107458641889
0.442212778781697,0.506543769014835,0.560762482574237,0.605727676545809,0.676156739091881,0.921162149032192,0.988386293229251,1,0.995253310730389,0.983359586298536,0.970194703363243,0.954130274933963,0.93287828563217,0.903783680006107,0.881042215839019,0.859926482244278,0.839755789484493,0.838524495578316,0.836415262549464,0.824529947576659,0.819055850710334,0.809775038689506,0.805169890486852,0.78323674118015,0.757470338196137,0.741306006307916,0.646252540129136,0.562391251097717,0.528125004500666,0.480986679805261,0.469434147781372,0.50731773244398
0.416922395814649,0.477680795593429,0.52867776274159,0.572026430681439,0.64219401585289,0.895949231494747,0.974024478681626,0.995253310730389,1,0.996132366282232,0.98632422173604,0.973819148776876,0.955550965512242,0.927814704184608,0.908159429978764,0.889864759187867,0.870981912272409,0.868334395899148,0.865070302173558,0.854336166976933,0.847610984189863,0.836876561493457,0.832574914534346,0.811239615212255,0.785805404533853,0.769362321397043,0.675770049994214,0.592323851994597,0.557094487908943,0.511852369947914,0.504193438424267,0.545945617022937
0.386447890412483,0.443914713922723,0.491895992931819,0.533933260236827,0.603962233049149,0.866723009013122,0.95525355823222,0.983359586298536,0.996132366282232,1,0.9952077868476,0.98654497740714,0.971402815801686,0.94560594468608,0.928973711554034,0.913364600800679,0.895865301933245,0.892463276489729,0.888574289172483,0.87897424142459,0.871351244779414,0.8594966962781,0.855453488412185,0.834848775941824,0.80991999089883,0.793293500170056,0.701380604025003,0.618561183788813,0.582414604876141,0.538728907653913,0.534185927114179,0.578783882504185
0.341560972555828,0.395092996438692,0.44017355692786,0.481965225864261,0.553142623485276,0.831668946690228,0.935224398212365,0.970194703363243,0.98632422173604,0.9952077868476,1,0.996563083311178,0.985422777240358,0.963014214132072,0.949638401227807,0.936660919143898,0.920602490172618,0.918074028551934,0.914885351866173,0.906448710513646,0.89902114761977,0.886880706401907,0.88276083631936,0.862466090697354,0.837559531738666,0.820040419692717,0.729308428568303,0.646696592294635,0.608934102908169,0.566796202519896,0.563737709390623,0.606671400016115
0.316503791402179,0.365533594266806,0.408304059541624,0.449342923402973,0.519224512406922,0.801787777366995,0.912746202681051,0.954130274933963,0.973819148776876,0.98654497740714,0.996563083311178,1,0.995863872072223,0.979442126569407,0.96965522187733,0.959419368896376,0.945938094850339,0.943320238856929,0.939873907040074,0.932771605246821,0.924836248615903,0.911885412274016,0.90814621616772,0.889718270550119,0.866394187130899,0.848893742394681,0.765279557658625,0.687093691053789,0.648721268464126,0.607936434449442,0.603262079918307,0.637292485106133
0.293145256694307,0.337704953248897,0.378261333233507,0.418440604879538,0.486523290012425,0.769983161853458,0.886236676903144,0.93287828563217,0.955550965512242,0.971402815801686,0.985422777240358,0.995863872072223,1,0.992697078158844,0.986646804524073,0.978932954172082,0.968929483241551,0.966768031298764,0.963367126202877,0.957693271650644,0.949428554627973,0.935871687632934,0.932775137419656,0.917316969649041,0.89666413491925,0.879690751085709,0.806891228762599,0.735797378212566,0.697600443124194,0.656747714842517,0.646967627503027,0.666663344549721
0.264239477165949,0.30506988646567,0.343500825779693,0.382981150975707,0.44970108552976,0.733788854485074,0.854609545181606,0.903783680006107,0.927814704184608,0.94560594468608,0.963014214132072,0.979442126569407,0.992697078158844,1,0.997626444343904,0.991686939032928,0.986450785956934,0.986584400525958,0.984502772751945,0.98029318700494,0.972538171484677,0.959178815538494,0.957046976410521,0.946108779695264,0.929648475519444,0.913833618052305,0.856540493659618,0.795964040114487,0.759164732104432,0.714872879454896,0.69367340791337,0.691031986859385
0.242841145736616,0.280432632828197,0.317051136414777,0.355736829237362,0.420863795676585,0.702844174702413,0.82688716304764,0.881042215839019,0.908159429978764,0.928973711554034,0.949638401227807,0.96965522187733,0.986646804524073,0.997626444343904,1,0.998123106277192,0.994828798034001,0.99374815693558,0.990603786758736,0.987564115062768,0.978509246280568,0.963841562210484,0.962136077096092,0.952868585635746,0.937962369676759,0.922619457754882,0.8706572972601,0.813710277602321,0.777312567104337,0.735196183062493,0.71502700935275,0.709637810142743
0.225338807531091,0.260273543496912,0.295434918257446,0.333381320500764,0.396807565731336,0.675436572937759,0.801421801668237,0.859926482244278,0.889864759187867,0.913364600800679,0.936660919143898,0.959419368896376,0.978932954172082,0.991686939032928,0.998123106277192,1,0.998402852262632,0.995953782328183,0.991630383120258,0.989585706843043,0.979266991687818,0.96337281064744,0.961995340017358,0.95389336202277,0.940089610269706,0.925138888657056,0.876946562298112,0.822615126411278,0.786509366420347,0.746988013832658,0.72900317718146,0.723080576968843
0.211814917416631,0.245130725406666,0.279522972815351,0.317010222108244,0.378700119813408,0.65341988624124,0.779639111918249,0.839755789484493,0.870981912272409,0.895865301933245,0.920602490172618,0.945938094850339,0.968929483241551,0.986450785956934,0.994828798034001,0.998402852262632,1,0.998117858119577,0.993867763762024,0.992656957787801,0.982286182024018,0.96626493788559,0.965364995207718,0.959205849289911,0.947245144058267,0.932944332150749,0.891815755035311,0.842366898036885,0.806866255160961,0.767165208058477,0.745721180449885,0.731136188937728
0.190782959905454,0.223937854064615,0.257226402473934,0.294708762680747,0.358044233228556,0.645523783022266,0.779764971974556,0.838524495578316,0.868334395899148,0.892463276489729,0.918074028551934,0.943320238856929,0.966768031298764,0.986584400525958,0.99374815693558,0.995953782328183,0.998117858119577,1,0.998738105887991,0.997610421325985,0.989327953540178,0.975045199028182,0.974143429182204,0.968274249921406,0.956520436449299,0.942049257032826,0.900868084088853,0.851256678210626,0.815694587433309,0.773294969606298,0.748268453154186,0.730415613134797
0.172729802408777,0.205772033905979,0.238012676776294,0.2753423344645,0.33995193353741,0.637818637533147,0.778722877376393,0.836415262549464,0.865070302173558,0.888574289172483,0.914885351866173,0.939873907040074,0.963367126202877,0.984502772751945,0.990603786758736,0.991630383120258,0.993867763762024,0.998738105887991,1,0.999210652183996,0.99300437700074,0.980419447555077,0.979505684789237,0.97383357708551,0.962269135784047,0.947878155447941,0.906188339163193,0.85613348558009,0.820679037183718,0.776851079434564,0.750016268494035,0.730722628204575
0.161481237751024,0.193703667837015,0.225119755725383,0.261863899316139,0.325468761323563,0.622607444195248,0.765089384456817,0.824529947576659,0.854336166976933,0.87897424142459,0.906448710513646,0.932771605246821,0.957693271650644,0.98029318700494,0.987564115062768,0.989585706843043,0.992656957787801,0.997610421325985,0.999210652183996,1,0.995053563050935,0.983288637578521,0.982666729669815,0.978175000769726,0.967897531728235,0.954665019171088,0.91593308195929,0.86780214010076,0.833085033446368,0.791677376419381,0.766343746888684,0.745335357460061
0.150269362126304,0.180816002413328,0.210284462864966,0.246354885380695,0.311674573060416,0.614389520083242,0.760552550499104,0.819055850710334,0.847610984189863,0.871351244779414,0.89902114761977,0.924836248615903,0.949428554627973,0.972538171484677,0.978509246280568,0.979266991687818,0.982286182024018,0.989327953540178,0.99300437700074,0.995053563050935,1,0.996485782659702,0.995798239502983,0.991467763552253,0.981345546613557,0.968243421864139,0.929436252893183,0.880989627978811,0.846189043186741,0.816105941007869,0.796304078176907,0.763170677561507
0.141145936906029,0.170228230203336,0.198044969082263,0.233446038258383,0.299880907303874,0.60502621924044,0.752865985825216,0.809775038689506,0.836876561493457,0.8594966962781,0.886880706401907,0.911885412274016,0.935871687632934,0.959178815538494,0.963841562210484,0.96337281064744,0.96626493788559,0.975045199028182,0.980419447555077,0.983288637578521,0.996485782659702,1,0.999453143304789,0.995360379129534,0.985471824536554,0.972628618689767,0.933904949507463,0.885491967726303,0.851101640060071,0.830426914495756,0.815081774273088,0.772021857507524
0.138384983745556,0.167634172068919,0.195787229354187,0.231423586388615,0.297414980026996,0.601006949091487,0.748278720620684,0.805169890486852,0.832574914534346,0.855453488412185,0.88276083631936,0.90814621616772,0.932775137419656,0.957046976410521,0.962136077096092,0.961995340017358,0.965364995207718,0.974143429182204,0.979505684789237,0.982666729669815,0.995798239502983,0.999453143304789,1,0.997243524786361,0.988609340418699,0.977016240264941,0.94034299854374,0.893448704758912,0.860715236655209,0.839555240431787,0.823492590346144,0.78032046830729
0.129829080445572,0.156195695639374,0.183803470551855,0.219532288427741,0.284158109560167,0.581532464458634,0.726686217336871,0.78323674118015,0.811239615212255,0.834848775941824,0.862466090697354,0.889718270550119,0.917316969649041,0.946108779695264,0.952868585635746,0.95389336202277,0.959205849289911,0.968274249921406,0.97383357708551,0.978175000769726,0.991467763552253,0.995360379129534,0.997243524786361,1,0.99698737953247,0.988782094333775,0.960202921259417,0.919248412315952,0.89112273450232,0.868768029427976,0.850128288002591,0.804704269207761
0.121662335180577,0.145355468246337,0.172427967058429,0.208133260714603,0.271199811415488,0.560190303876569,0.70186286226781,0.757470338196137,0.785805404533853,0.80991999089883,0.837559531738666,0.866394187130899,0.89666413491925,0.929648475519444,0.937962369676759,0.940089610269706,0.947245144058267,0.956520436449299,0.962269135784047,0.967897531728235,0.981345546613557,0.985471824536554,0.988609340418699,0.99698737953247,1,0.996343749622035,0.975982484645329,0.941008667598447,0.91800097576352,0.89497798713669,0.874228784665476,0.826963307537369
0.120059383997145,0.144578655961245,0.172361199094297,0.208368635544334,0.270679822970982,0.551093600350419,0.687655888123819,0.741306006307916,0.769362321397043,0.793293500170056,0.820040419692717,0.848893742394681,0.879690751085709,0.913833618052305,0.922619457754882,0.925138888657056,0.932944332150749,0.942049257032826,0.947878155447941,0.954665019171088,0.968243421864139,0.972628618689767,0.977016240264941,0.988782094333775,0.996343749622035,1,0.98407818538359,0.951862729543324,0.933736412407273,0.911884152072589,0.891499501879088,0.844730901615976
0.0965235384505139,0.114794036380073,0.140740829586956,0.174604299298211,0.227740205077185,0.470323559478114,0.591757402587556,0.646252540129136,0.675770049994214,0.701380604025003,0.729308428568303,0.765279557658625,0.806891228762599,0.856540493659618,0.8706572972601,0.876946562298112,0.891815755035311,0.900868084088853,0.906188339163193,0.91593308195929,0.929436252893183,0.933904949507463,0.94034299854374,0.960202921259417,0.975982484645329,0.98407818538359,1,0.991053282621798,0.978824449707428,0.959972306562613,0.928674724575835,0.84955328442212
0.0752699442679642,0.0883905573338942,0.112706320454733,0.14475596579799,0.19040129573918,0.400379127540081,0.508360054241113,0.562391251097717,0.592323851994597,0.618561183788813,0.646696592294635,0.687093691053789,0.735797378212566,0.795964040114487,0.813710277602321,0.822615126411278,0.842366898036885,0.851256678210626,0.85613348558009,0.86780214010076,0.880989627978811,0.885491967726303,0.893448704758912,0.919248412315952,0.941008667598447,0.951862729543324,0.991053282621798,1,0.9940513483063,0.977373180392936,0.938016984295116,0.836866776105507
0.062465647034366,0.074850587702095,0.100241069994687,0.133722490853241,0.178686990519414,0.375474890639844,0.476640987605353,0.528125004500666,0.557094487908943,0.582414604876141,0.608934102908169,0.648721268464126,0.697600443124194,0.759164732104432,0.777312567104337,0.786509366420347,0.806866255160961,0.815694587433309,0.820679037183718,0.833085033446368,0.846189043186741,0.851101640060071,0.860715236655209,0.89112273450232,0.91800097576352,0.933736412407273,0.978824449707428,0.9940513483063,1,0.983066117548706,0.941194778710118,0.840914253848525
0.0525698737842995,0.0600185092426298,0.0810091851341118,0.111082729378362,0.153833981149623,0.330961083352793,0.425358910421139,0.480986679805261,0.511852369947914,0.538728907653913,0.566796202519896,0.607936434449442,0.656747714842517,0.714872879454896,0.735196183062493,0.746988013832658,0.767165208058477,0.773294969606298,0.776851079434564,0.791677376419381,0.816105941007869,0.830426914495756,0.839555240431787,0.868768029427976,0.89497798713669,0.911884152072589,0.959972306562613,0.977373180392936,0.983066117548706,1,0.981172207333602,0.862972647868882
0.0391597299892573,0.0434047090688301,0.0616561348482126,0.0903055489197137,0.133257520276552,0.310607436535668,0.408597710477125,0.469434147781372,0.504193438424267,0.534185927114179,0.563737709390623,0.603262079918307,0.646967627503027,0.69367340791337,0.71502700935275,0.72900317718146,0.745721180449885,0.748268453154186,0.750016268494035,0.766343746888684,0.796304078176907,0.815081774273088,0.823492590346144,0.850128288002591,0.874228784665476,0.891499501879088,0.928674724575835,0.938016984295116,0.941194778710118,0.981172207333602,1,0.924416275340588
0.0181799841486578,0.0246163688970844,0.0455734247600518,0.0778986644748284,0.124277498708292,0.331548654434238,0.446107458641889,0.50731773244398,0.545945617022937,0.578783882504185,0.606671400016115,0.637292485106133,0.666663344549721,0.691031986859385,0.709637810142743,0.723080576968843,0.731136188937728,0.730415613134797,0.730722628204575,0.745335357460061,0.763170677561507,0.772021857507524,0.78032046830729,0.804704269207761,0.826963307537369,0.844730901615976,0.84955328442212,0.836866776105507,0.840914253848525,0.862972647868882,0.924416275340588,1
