1,0.830232636275313,0.769753142972359,0.75898640109178,0.742733629614511,0.72731389937729,0.71323997355022,0.704067748795511,0.696427726002331,0.686305037353489,0.682300973849147,0.679380110774794,0.669214423621189,0.658990279659406,0.648780124685166,0.639624687895222,0.627539133816611,0.617902739004726,0.610210514988076,0.603287286418886,0.597946471115347,0.586179501595779,0.574882725222895,0.557095554625602,0.540935420064519,0.519437313817233,0.499475748680893,0.474319792010034,0.438921942275964,0.381730497862368,0.246250213035767,0.0787725195737277
0.830232636275313,1,0.963789273920109,0.947680551105924,0.931236106162197,0.916503245402824,0.905761979710642,0.895177793670208,0.887276896666688,0.878204642900577,0.872966385971127,0.869460216405818,0.858806204895033,0.848989843224783,0.837429951015962,0.826446795455696,0.817840814713344,0.809844242734324,0.800386431609982,0.791714964884039,0.780808187638998,0.770142254977356,0.760574137158942,0.742512598925822,0.726656433162925,0.701285395181657,0.678406883767747,0.653127930084509,0.614429695635324,0.550341187317724,0.372594545056429,0.171753440375327
0.769753142972359,0.963789273920109,1,0.982310409900931,0.964365304570009,0.951164015724722,0.943309406334441,0.934340017243259,0.926181904605067,0.919505826683179,0.914268714144151,0.910274810963223,0.902897839180502,0.895171477518943,0.886761864475868,0.876826734530514,0.868626773688472,0.86143542363959,0.853413380410924,0.844620770608888,0.835689365193396,0.825761262192756,0.816157165806426,0.798458461597498,0.782345827470722,0.758226611938008,0.734872360932992,0.708413054007678,0.670133088760474,0.607324661192584,0.422453590906702,0.205288751016654
0.75898640109178,0.947680551105924,0.982310409900931,1,0.988078329708195,0.975550298812595,0.967071269751494,0.958720444152816,0.95007268644079,0.943370626004473,0.938061804060319,0.93305098622106,0.924904221168675,0.917628007906366,0.90973215025484,0.900395420535081,0.89282440382008,0.886308382395572,0.878689339641927,0.870190978775041,0.861071351813741,0.850923770154478,0.841014532778644,0.823161457121538,0.808442734378631,0.785165998454521,0.763098761518888,0.737027054824442,0.697915369373861,0.631446967888617,0.441702696181593,0.215781118780702
0.742733629614511,0.931236106162197,0.964365304570009,0.988078329708195,1,0.989914624762331,0.98130369307032,0.971770448062323,0.962470084645799,0.955559712531246,0.950487609158269,0.945143067878221,0.936524040173704,0.92988804037746,0.921654489401133,0.913187204277551,0.905916677029688,0.900497794890296,0.892993699829359,0.884627969934779,0.876249157426707,0.867070391807843,0.857388348345596,0.840405820596575,0.826147704006318,0.804150367613433,0.78333414903887,0.757912763645672,0.719603962874771,0.650569170037437,0.453427149176179,0.228594781275278
0.72731389937729,0.916503245402824,0.951164015724722,0.975550298812595,0.989914624762331,1,0.992846135954175,0.983137272461247,0.974456552265412,0.967577778098342,0.962965370786423,0.957155175555185,0.948375815604904,0.942134108409876,0.933642319046627,0.925523653062434,0.919215722290942,0.914609591715438,0.907415058830499,0.900107541173389,0.892921052152901,0.884476399030181,0.874714189256071,0.859065902873782,0.846480670003906,0.825230133823047,0.804539720943268,0.780608274849052,0.742721635657497,0.672895151907042,0.472150258188672,0.244415967927851
0.71323997355022,0.905761979710642,0.943309406334441,0.967071269751494,0.98130369307032,0.992846135954175,1,0.993139020374896,0.985159353253904,0.978062704712212,0.972821669997954,0.967281399254582,0.959522182407787,0.952687011990175,0.944373242613516,0.93653639150738,0.930381280922231,0.926534682048769,0.919519489128574,0.912243755479827,0.905611150951346,0.897550370443457,0.888138397002221,0.872926425942959,0.861241004481252,0.840733832289639,0.820972348647199,0.797354897907448,0.75916783307518,0.689535246245836,0.486115557790132,0.255542239086195
0.704067748795511,0.895177793670208,0.934340017243259,0.958720444152816,0.971770448062323,0.983137272461247,0.993139020374896,1,0.993629724389995,0.986746807820999,0.98096412892305,0.975632426596985,0.96838139899082,0.961677909620556,0.954441227670312,0.946921980033253,0.94078505200188,0.936672691763519,0.930418335994825,0.923446788855187,0.917310816509486,0.909036562241781,0.900198308584333,0.885602433659905,0.874667244879562,0.855143844644877,0.836916182238792,0.813845778526688,0.776712368463927,0.708446862491418,0.504320045141245,0.271581334076237
0.696427726002331,0.887276896666688,0.926181904605067,0.95007268644079,0.962470084645799,0.974456552265412,0.985159353253904,0.993629724389995,1,0.99512401685096,0.99017644510138,0.98449225535643,0.977257254171425,0.971310714349453,0.965048846871248,0.957966866630515,0.952290460262031,0.948620798434034,0.942501929773461,0.935539793052269,0.929265907523076,0.921797989547686,0.913570120826993,0.900337374148363,0.890330609073802,0.871844679774819,0.85441607602947,0.832374858353899,0.797136298906208,0.731209104189552,0.525316384332034,0.284405775337584
0.686305037353489,0.878204642900577,0.919505826683179,0.943370626004473,0.955559712531246,0.967577778098342,0.978062704712212,0.986746807820999,0.99512401685096,1,0.996456369267023,0.991448201215507,0.984586325522491,0.978488175980934,0.972919995807221,0.966321890407685,0.960821384037443,0.957492909984005,0.951339895386484,0.944790698094802,0.938102236515289,0.930641305476604,0.922978099470301,0.910410577200236,0.900977800876676,0.883442187147818,0.866156038078865,0.844437946418047,0.808962209870255,0.744460197387195,0.536124613321143,0.293527603753774
0.682300973849147,0.872966385971127,0.914268714144151,0.938061804060319,0.950487609158269,0.962965370786423,0.972821669997954,0.98096412892305,0.99017644510138,0.996456369267023,1,0.996276339344247,0.990045967661205,0.984708732525032,0.979341619927208,0.973323431348018,0.967943164135693,0.964436594155015,0.958519086963482,0.952174894679195,0.945881919668815,0.938700540026704,0.930918814219475,0.919819405492529,0.91102028588714,0.894387478583541,0.877559307561321,0.856338686643904,0.821393621944877,0.758381448955766,0.551133392319329,0.302760402256255
0.679380110774794,0.869460216405818,0.910274810963223,0.93305098622106,0.945143067878221,0.957155175555185,0.967281399254582,0.975632426596985,0.98449225535643,0.991448201215507,0.996276339344247,1,0.995923232097351,0.991103662727653,0.985805660597864,0.980158142700189,0.974722664134132,0.970832625110252,0.965263202045687,0.959418573447751,0.953233671218007,0.946285616911388,0.938470994813386,0.92805293284656,0.919150567635223,0.903049994545179,0.887230748861232,0.865949946847932,0.831557138414224,0.770189991051665,0.562753242918229,0.31085012028664
0.669214423621189,0.858806204895033,0.902897839180502,0.924904221168675,0.936524040173704,0.948375815604904,0.959522182407787,0.96838139899082,0.977257254171425,0.984586325522491,0.990045967661205,0.995923232097351,1,0.996367809214884,0.992026116785878,0.986566671183246,0.981196741579467,0.977298801799103,0.972310835530944,0.967014755067071,0.961536936728512,0.955079969026202,0.947095419456642,0.937080372532013,0.928270954372569,0.913261396368746,0.898864361470299,0.879207640869517,0.844803083697567,0.784417809370792,0.575302770512715,0.321907911061887
0.658990279659406,0.848989843224783,0.895171477518943,0.917628007906366,0.92988804037746,0.942134108409876,0.952687011990175,0.961677909620556,0.971310714349453,0.978488175980934,0.984708732525032,0.991103662727653,0.996367809214884,1,0.99721872035342,0.992945181357205,0.988238900294552,0.984287857924507,0.979265826290267,0.974308509567972,0.969492363802856,0.963847984510588,0.95657652685035,0.947023291001966,0.938443729793311,0.924368611867025,0.910271237879731,0.892459262269919,0.859578304345535,0.800481693594184,0.595577785317834,0.334842951786259
0.648780124685166,0.837429951015962,0.886761864475868,0.90973215025484,0.921654489401133,0.933642319046627,0.944373242613516,0.954441227670312,0.965048846871248,0.972919995807221,0.979341619927208,0.985805660597864,0.992026116785878,0.99721872035342,1,0.996684370263598,0.992282017051428,0.988526089162704,0.983585552064297,0.979056160611085,0.974395416903307,0.969092372953111,0.962718705351834,0.953178432430203,0.945009712511088,0.931306461845071,0.917776101080874,0.900881664603075,0.868512032624538,0.808973181776471,0.605170721113251,0.337759148264376
0.639624687895222,0.826446795455696,0.876826734530514,0.900395420535081,0.913187204277551,0.925523653062434,0.93653639150738,0.946921980033253,0.957966866630515,0.966321890407685,0.973323431348018,0.980158142700189,0.986566671183246,0.992945181357205,0.996684370263598,1,0.996825152792289,0.993195115624045,0.988862485773318,0.984686806705088,0.980513015894312,0.975500907500586,0.968961297649836,0.960184150543323,0.951759626467914,0.938981178389592,0.925822329888204,0.909969672627083,0.877812728033362,0.819920099718579,0.61570124253099,0.347839909070108
0.627539133816611,0.817840814713344,0.868626773688472,0.89282440382008,0.905916677029688,0.919215722290942,0.930381280922231,0.94078505200188,0.952290460262031,0.960821384037443,0.967943164135693,0.974722664134132,0.981196741579467,0.988238900294552,0.992282017051428,0.996825152792289,1,0.997221112566051,0.993333782973359,0.989080667463784,0.984727795131138,0.980502858126039,0.974209151073543,0.965674994325992,0.957412065959185,0.944868885055005,0.932016407399139,0.917003467218706,0.885443052332859,0.827976819740269,0.624299292022541,0.349826105918417
0.617902739004726,0.809844242734324,0.86143542363959,0.886308382395572,0.900497794890296,0.914609591715438,0.926534682048769,0.936672691763519,0.948620798434034,0.957492909984005,0.964436594155015,0.970832625110252,0.977298801799103,0.984287857924507,0.988526089162704,0.993195115624045,0.997221112566051,1,0.996914896086055,0.992919983504988,0.988381437167077,0.984255120673074,0.978513420060957,0.970366926444509,0.962695764704456,0.950724684234214,0.938416233237093,0.924171193436523,0.893254957509206,0.837144176321314,0.632700645212719,0.358999936803372
0.610210514988076,0.800386431609982,0.853413380410924,0.878689339641927,0.892993699829359,0.907415058830499,0.919519489128574,0.930418335994825,0.942501929773461,0.951339895386484,0.958519086963482,0.965263202045687,0.972310835530944,0.979265826290267,0.983585552064297,0.988862485773318,0.993333782973359,0.996914896086055,1,0.99713107643064,0.992749461263754,0.98903029608185,0.983497398839823,0.976164489830419,0.968672450709874,0.957727636326503,0.946119352561807,0.932247092167212,0.902444669804346,0.846655756102584,0.644633622899999,0.370824555272064
0.603287286418886,0.791714964884039,0.844620770608888,0.870190978775041,0.884627969934779,0.900107541173389,0.912243755479827,0.923446788855187,0.935539793052269,0.944790698094802,0.952174894679195,0.959418573447751,0.967014755067071,0.974308509567972,0.979056160611085,0.984686806705088,0.989080667463784,0.992919983504988,0.99713107643064,1,0.996559796659654,0.99309381302205,0.987992768953906,0.981368072465094,0.974456831501173,0.964120209263969,0.952667375357625,0.938591579872132,0.90966686933759,0.853828377503308,0.652924126136665,0.377569425416876
0.597946471115347,0.780808187638998,0.835689365193396,0.861071351813741,0.876249157426707,0.892921052152901,0.905611150951346,0.917310816509486,0.929265907523076,0.938102236515289,0.945881919668815,0.953233671218007,0.961536936728512,0.969492363802856,0.974395416903307,0.980513015894312,0.984727795131138,0.988381437167077,0.992749461263754,0.996559796659654,1,0.997424773470995,0.992652074303264,0.987033121854294,0.98063004692422,0.971041383213637,0.959310507362202,0.945665239223303,0.918257193331552,0.863116870990949,0.66429178180298,0.385199444197009
0.586179501595779,0.770142254977356,0.825761262192756,0.850923770154478,0.867070391807843,0.884476399030181,0.897550370443457,0.909036562241781,0.921797989547686,0.930641305476604,0.938700540026704,0.946285616911388,0.955079969026202,0.963847984510588,0.969092372953111,0.975500907500586,0.980502858126039,0.984255120673074,0.98903029608185,0.99309381302205,0.997424773470995,1,0.996243353013301,0.991198985390612,0.984841373198727,0.975938337975841,0.96489794342191,0.951347287559688,0.925319788015943,0.870827821749777,0.674162898822959,0.394475341808536
0.574882725222895,0.760574137158942,0.816157165806426,0.841014532778644,0.857388348345596,0.874714189256071,0.888138397002221,0.900198308584333,0.913570120826993,0.922978099470301,0.930918814219475,0.938470994813386,0.947095419456642,0.95657652685035,0.962718705351834,0.968961297649836,0.974209151073543,0.978513420060957,0.983497398839823,0.987992768953906,0.992652074303264,0.996243353013301,1,0.995312922331241,0.989269154801382,0.980939353323663,0.970100608834139,0.957010104014119,0.932848637289499,0.877208837419501,0.684155292532307,0.402180211269675
0.557095554625602,0.742512598925822,0.798458461597498,0.823161457121538,0.840405820596575,0.859065902873782,0.872926425942959,0.885602433659905,0.900337374148363,0.910410577200236,0.919819405492529,0.92805293284656,0.937080372532013,0.947023291001966,0.953178432430203,0.960184150543323,0.965674994325992,0.970366926444509,0.976164489830419,0.981368072465094,0.987033121854294,0.991198985390612,0.995312922331241,1,0.995727841986477,0.989184639132938,0.979518636945406,0.966185181665754,0.944426942887553,0.890652347518235,0.700372429929098,0.42087443876581
0.540935420064519,0.726656433162925,0.782345827470722,0.808442734378631,0.826147704006318,0.846480670003906,0.861241004481252,0.874667244879562,0.890330609073802,0.900977800876676,0.91102028588714,0.919150567635223,0.928270954372569,0.938443729793311,0.945009712511088,0.951759626467914,0.957412065959185,0.962695764704456,0.968672450709874,0.974456831501173,0.98063004692422,0.984841373198727,0.989269154801382,0.995727841986477,1,0.994328412585931,0.985392521120376,0.973146309231681,0.952489470723412,0.900821751533557,0.713514853785605,0.438248293623098
0.519437313817233,0.701285395181657,0.758226611938008,0.785165998454521,0.804150367613433,0.825230133823047,0.840733832289639,0.855143844644877,0.871844679774819,0.883442187147818,0.894387478583541,0.903049994545179,0.913261396368746,0.924368611867025,0.931306461845071,0.938981178389592,0.944868885055005,0.950724684234214,0.957727636326503,0.964120209263969,0.971041383213637,0.975938337975841,0.980939353323663,0.989184639132938,0.994328412585931,1,0.993173276230763,0.981897483744511,0.963536523224572,0.916077703467124,0.729785626221302,0.455687328167548
0.499475748680893,0.678406883767747,0.734872360932992,0.763098761518888,0.78333414903887,0.804539720943268,0.820972348647199,0.836916182238792,0.85441607602947,0.866156038078865,0.877559307561321,0.887230748861232,0.898864361470299,0.910271237879731,0.917776101080874,0.925822329888204,0.932016407399139,0.938416233237093,0.946119352561807,0.952667375357625,0.959310507362202,0.96489794342191,0.970100608834139,0.979518636945406,0.985392521120376,0.993173276230763,1,0.99148332728182,0.974934908023377,0.927593806138138,0.744518621618818,0.478493986905012
0.474319792010034,0.653127930084509,0.708413054007678,0.737027054824442,0.757912763645672,0.780608274849052,0.797354897907448,0.813845778526688,0.832374858353899,0.844437946418047,0.856338686643904,0.865949946847932,0.879207640869517,0.892459262269919,0.900881664603075,0.909969672627083,0.917003467218706,0.924171193436523,0.932247092167212,0.938591579872132,0.945665239223303,0.951347287559688,0.957010104014119,0.966185181665754,0.973146309231681,0.981897483744511,0.99148332728182,1,0.984228891248538,0.941399030834878,0.765561349835407,0.501780233460659
0.438921942275964,0.614429695635324,0.670133088760474,0.697915369373861,0.719603962874771,0.742721635657497,0.75916783307518,0.776712368463927,0.797136298906208,0.808962209870255,0.821393621944877,0.831557138414224,0.844803083697567,0.859578304345535,0.868512032624538,0.877812728033362,0.885443052332859,0.893254957509206,0.902444669804346,0.90966686933759,0.918257193331552,0.925319788015943,0.932848637289499,0.944426942887553,0.952489470723412,0.963536523224572,0.974934908023377,0.984228891248538,1,0.964145434684258,0.800419350765534,0.538255524486735
0.381730497862368,0.550341187317724,0.607324661192584,0.631446967888617,0.650569170037437,0.672895151907042,0.689535246245836,0.708446862491418,0.731209104189552,0.744460197387195,0.758381448955766,0.770189991051665,0.784417809370792,0.800481693594184,0.808973181776471,0.819920099718579,0.827976819740269,0.837144176321314,0.846655756102584,0.853828377503308,0.863116870990949,0.870827821749777,0.877208837419501,0.890652347518235,0.900821751533557,0.916077703467124,0.927593806138138,0.941399030834878,0.964145434684258,1,0.843062375173841,0.562442988790832
0.246250213035767,0.372594545056429,0.422453590906702,0.441702696181593,0.453427149176179,0.472150258188672,0.486115557790132,0.504320045141245,0.525316384332034,0.536124613321143,0.551133392319329,0.562753242918229,0.575302770512715,0.595577785317834,0.605170721113251,0.61570124253099,0.624299292022541,0.632700645212719,0.644633622899999,0.652924126136665,0.66429178180298,0.674162898822959,0.684155292532307,0.700372429929098,0.713514853785605,0.729785626221302,0.744518621618818,0.765561349835407,0.800419350765534,0.843062375173841,1,0.673867877748988
0.0787725195737277,0.171753440375327,0.205288751016654,0.215781118780702,0.228594781275278,0.244415967927851,0.255542239086195,0.271581334076237,0.284405775337584,0.293527603753774,0.302760402256255,0.31085012028664,0.321907911061887,0.334842951786259,0.337759148264376,0.347839909070108,0.349826105918417,0.358999936803372,0.370824555272064,0.377569425416876,0.385199444197009,0.394475341808536,0.402180211269675,0.42087443876581,0.438248293623098,0.455687328167548,0.478493986905012,0.501780233460659,0.538255524486735,0.562442988790832,0.673867877748988,1
