1,0.843812878014712,0.812997740262323,0.787133008049545,0.771066688464834,0.760232297986399,0.746068880689705,0.73342073462279,0.724785666775938,0.710364706258495,0.69578544407187,0.683997588071763,0.67136629804341,0.660521170076004,0.648928807068354,0.63899140351991,0.62526101967353,0.616232094545619,0.602482009676846,0.592231611698992,0.581578726525623,0.568766775587977,0.552381079777519,0.535004084618548,0.515373629547584,0.49906695741903,0.471492368046311,0.436582182962333,0.385132745667404,0.274956713130441,0.0571811636656233,-0.123511317896865
0.843812878014712,1,0.976203323459788,0.960982702339122,0.949591254624553,0.940142420559739,0.931886797156324,0.923992060552378,0.916935823495021,0.908074145517305,0.898760846283392,0.891877594117231,0.882574595727359,0.875732858773743,0.865911472266558,0.857412497481235,0.847030857875483,0.840067592735232,0.830310830545141,0.822775510653404,0.812486716873044,0.80063662715037,0.787940818637725,0.773508779053839,0.755248020640971,0.742260898718222,0.717793315397741,0.684638495707734,0.635141050624498,0.508002068001783,0.235021772083704,-0.00488711619732158
0.812997740262323,0.976203323459788,1,0.988033019350175,0.979256935878047,0.971779090804388,0.964494046159718,0.957018678095963,0.949746112587199,0.940581327887957,0.932106110660353,0.926503423592263,0.917671368593213,0.911020381545762,0.901924216573459,0.893905958978767,0.884569427064999,0.878051498753593,0.8692319899709,0.862979821516388,0.853109670982501,0.842515066108434,0.830554525247306,0.817756393903334,0.801314540254327,0.78960984950962,0.768020358414326,0.735803576151842,0.68731951918518,0.562632871937427,0.289794367372472,0.045575571842067
0.787133008049545,0.960982702339122,0.988033019350175,1,0.992167117121346,0.984987000876843,0.979113909340097,0.972791431657211,0.966205927614929,0.958467919703825,0.951258236409148,0.946071053322939,0.937851940011463,0.932208714094299,0.923668583424748,0.915762182829319,0.907308934663409,0.901023136457861,0.892264349126082,0.886292118925794,0.87731689243869,0.86749563041761,0.856661577323344,0.845044324454237,0.829860042845146,0.81967243209256,0.799101354377417,0.768269163673099,0.720858403238091,0.596325762261969,0.314217762492013,0.0669771030914973
0.771066688464834,0.949591254624553,0.979256935878047,0.992167117121346,1,0.994480285975817,0.989434667125524,0.98413829327351,0.978453389030391,0.971712061612907,0.966004155400412,0.960839692837582,0.953895894985122,0.948763499628888,0.94136190353077,0.934310455905698,0.926357352990719,0.920192569526291,0.9123292194317,0.907259878262849,0.898930804853685,0.890056423458868,0.879817753141515,0.868895066012093,0.854251402920803,0.843777504692375,0.824053362204302,0.79421823770541,0.74732139533709,0.62096810512915,0.331801533396733,0.0962648584524586
0.760232297986399,0.940142420559739,0.971779090804388,0.984987000876843,0.994480285975817,1,0.99519691005632,0.990304132881568,0.985028993379033,0.978969042595415,0.973542412948166,0.968488091481961,0.961594980956816,0.956122285618213,0.948641265524361,0.941726859364236,0.933680921229755,0.927536585595876,0.919936147589933,0.914983206031227,0.906876185152617,0.898588240919661,0.889088106049714,0.8783939022209,0.864135274858618,0.853405357646357,0.834433608771579,0.804531982189549,0.756908935292953,0.630989099299075,0.338866280495803,0.102200909435859
0.746068880689705,0.931886797156324,0.964494046159718,0.979113909340097,0.989434667125524,0.99519691005632,1,0.996512209092161,0.99202936880598,0.986403511754409,0.981157405055536,0.976508637651033,0.970147802250281,0.965005249024256,0.958050587805094,0.951591057909912,0.94355297881518,0.937297136900183,0.930378388885243,0.925598134894557,0.917937535337533,0.909912038320608,0.900869403957601,0.891042048721912,0.877507877253908,0.867325480016824,0.849547632100439,0.820439442056094,0.774702655192857,0.650230391628158,0.354688229457986,0.118144772407783
0.73342073462279,0.923992060552378,0.957018678095963,0.972791431657211,0.98413829327351,0.990304132881568,0.996512209092161,1,0.996820999423974,0.992161410544015,0.987420668919219,0.983054166575966,0.977332059614878,0.971948883529449,0.965151507034128,0.958594269436005,0.950400698832674,0.944057509251399,0.937682143121289,0.93293308701217,0.925922022354983,0.918256136934159,0.909831342869243,0.900296676781555,0.887761711492923,0.87810889424062,0.860554776793958,0.831924835741079,0.787316602567051,0.664215867177058,0.363635888822663,0.130993945712354
0.724785666775938,0.916935823495021,0.949746112587199,0.966205927614929,0.978453389030391,0.985028993379033,0.99202936880598,0.996820999423974,1,0.996846871310814,0.992663774204512,0.988574402652058,0.982944046028005,0.97754773807707,0.971135787885324,0.964803659678276,0.956845166124462,0.950564922507962,0.944718923653201,0.94014647499103,0.933539513663029,0.926133882414056,0.918229589242534,0.909163575162966,0.897201581782179,0.887428636122322,0.870322916545058,0.842073799637846,0.798065171325363,0.674866386211972,0.372183437618715,0.142811679151025
0.710364706258495,0.908074145517305,0.940581327887957,0.958467919703825,0.971712061612907,0.978969042595415,0.986403511754409,0.992161410544015,0.996846871310814,1,0.997433979138481,0.993985475272941,0.989204670187411,0.984429423599181,0.978796487034229,0.973405366250274,0.966091331221489,0.960089942699948,0.954611062243059,0.950162221508961,0.943962151223522,0.936782545235815,0.929264257880518,0.920624257524809,0.909338306418855,0.899997280996155,0.883991170502471,0.857358438520258,0.814324903135289,0.692357888748871,0.386420843115722,0.161950017783901
0.69578544407187,0.898760846283392,0.932106110660353,0.951258236409148,0.966004155400412,0.973542412948166,0.981157405055536,0.987420668919219,0.992663774204512,0.997433979138481,1,0.997603293905745,0.993642043854563,0.989476060406102,0.984640123050788,0.979836743008074,0.972981133414191,0.967233120312271,0.962259295007555,0.957767793144524,0.951977586651535,0.945023462553082,0.937766803925344,0.929568435461783,0.919022299068837,0.910286593467035,0.89469851569922,0.869352413717032,0.827607561979222,0.707632109645845,0.397752618366716,0.181018112178655
0.683997588071763,0.891877594117231,0.926503423592263,0.946071053322939,0.960839692837582,0.968488091481961,0.976508637651033,0.983054166575966,0.988574402652058,0.993985475272941,0.997603293905745,1,0.997178483963595,0.993844871723107,0.989686756229704,0.985357070960708,0.979069120368389,0.973725043182475,0.969126606132809,0.964975131301194,0.959377933520979,0.952839499674265,0.945675337109009,0.937964890304301,0.927855051213431,0.919332056007516,0.904364351009563,0.879819741633295,0.838781064070358,0.72055134762072,0.409073219049834,0.197951818424185
0.67136629804341,0.882574595727359,0.917671368593213,0.937851940011463,0.953895894985122,0.961594980956816,0.970147802250281,0.977332059614878,0.982944046028005,0.989204670187411,0.993642043854563,0.997178483963595,1,0.997742839603755,0.994417898731404,0.990864061099512,0.985369334064064,0.980213141178001,0.975503460913544,0.971397989053404,0.966065369149197,0.959281799885798,0.952670729692496,0.945454449252795,0.93592067297805,0.927885810827259,0.913948453220344,0.890254127001143,0.850316005546916,0.733972213890075,0.416682858119079,0.213251854478503
0.660521170076004,0.875732858773743,0.911020381545762,0.932208714094299,0.948763499628888,0.956122285618213,0.965005249024256,0.971948883529449,0.97754773807707,0.984429423599181,0.989476060406102,0.993844871723107,0.997742839603755,1,0.997929156417743,0.995024573404762,0.990380922776328,0.985775095345181,0.981373214123218,0.977542434290205,0.972805336621616,0.966448900783985,0.960198370527016,0.953465043777651,0.944506499577808,0.936697750813229,0.923317598346199,0.900852806614029,0.862286260297286,0.749176963748628,0.436851722124626,0.228429519274655
0.648928807068354,0.865911472266558,0.901924216573459,0.923668583424748,0.94136190353077,0.948641265524361,0.958050587805094,0.965151507034128,0.971135787885324,0.978796487034229,0.984640123050788,0.989686756229704,0.994417898731404,0.997929156417743,1,0.997843217510156,0.994098984170604,0.990240100899855,0.98626083781258,0.982766761471895,0.978293353066824,0.972590596430382,0.966915441854611,0.960776112832169,0.952362025960568,0.944869422345526,0.932280190004918,0.910908564401467,0.873642190376712,0.763132523019381,0.448255347300011,0.245137611901698
0.63899140351991,0.857412497481235,0.893905958978767,0.915762182829319,0.934310455905698,0.941726859364236,0.951591057909912,0.958594269436005,0.964803659678276,0.973405366250274,0.979836743008074,0.985357070960708,0.990864061099512,0.995024573404762,0.997843217510156,1,0.997372433355491,0.994233548972296,0.990912029239262,0.987361831781029,0.983270090886099,0.977822504608004,0.972657610330143,0.966915649771666,0.958989820436556,0.952026135127753,0.939987862350499,0.919437386908056,0.883049028942306,0.774054324923303,0.460224196844311,0.261557587108794
0.62526101967353,0.847030857875483,0.884569427064999,0.907308934663409,0.926357352990719,0.933680921229755,0.94355297881518,0.950400698832674,0.956845166124462,0.966091331221489,0.972981133414191,0.979069120368389,0.985369334064064,0.990380922776328,0.994098984170604,0.997372433355491,1,0.99792317909752,0.99511703820879,0.991940976067131,0.988020957875706,0.982981236866906,0.97825604378287,0.972890122806836,0.965510143953262,0.958821533931047,0.947482994891686,0.927643142385117,0.89250323639384,0.78695329572553,0.473180693094508,0.279048129650547
0.616232094545619,0.840067592735232,0.878051498753593,0.901023136457861,0.920192569526291,0.927536585595876,0.937297136900183,0.944057509251399,0.950564922507962,0.960089942699948,0.967233120312271,0.973725043182475,0.980213141178001,0.985775095345181,0.990240100899855,0.994233548972296,0.99792317909752,1,0.997885343065065,0.99507070641375,0.991441679732906,0.987059125341442,0.982794736678441,0.977791273512672,0.970775942252721,0.964432470598644,0.953431519346631,0.93379141806351,0.899750674404727,0.795892871131252,0.481625575827056,0.288528464988086
0.602482009676846,0.830310830545141,0.8692319899709,0.892264349126082,0.9123292194317,0.919936147589933,0.930378388885243,0.937682143121289,0.944718923653201,0.954611062243059,0.962259295007555,0.969126606132809,0.975503460913544,0.981373214123218,0.98626083781258,0.990912029239262,0.99511703820879,0.997885343065065,1,0.99797687911798,0.995090199681067,0.991315809464308,0.987540961662653,0.98276987926075,0.976303664942823,0.969975145873126,0.959670221808659,0.941366549880002,0.908735130496682,0.805568757648219,0.491067466644961,0.299262715977611
0.592231611698992,0.822775510653404,0.862979821516388,0.886292118925794,0.907259878262849,0.914983206031227,0.925598134894557,0.93293308701217,0.94014647499103,0.950162221508961,0.957767793144524,0.964975131301194,0.971397989053404,0.977542434290205,0.982766761471895,0.987361831781029,0.991940976067131,0.99507070641375,0.99797687911798,1,0.997960509379716,0.994870786376382,0.991350620595291,0.986861103575106,0.980649156001273,0.9744549473278,0.964334203785773,0.946714705656409,0.914719598540867,0.813117439538766,0.498543332117673,0.309201216115687
0.581578726525623,0.812486716873044,0.853109670982501,0.87731689243869,0.898930804853685,0.906876185152617,0.917937535337533,0.925922022354983,0.933539513663029,0.943962151223522,0.951977586651535,0.959377933520979,0.966065369149197,0.972805336621616,0.978293353066824,0.983270090886099,0.988020957875706,0.991441679732906,0.995090199681067,0.997960509379716,1,0.99761077607663,0.994703421598352,0.990624729650044,0.984749001570565,0.978742751666821,0.969121629154692,0.952765645272532,0.921704062458687,0.821587290329425,0.508522891485648,0.322122658910101
0.568766775587977,0.80063662715037,0.842515066108434,0.86749563041761,0.890056423458868,0.898588240919661,0.909912038320608,0.918256136934159,0.926133882414056,0.936782545235815,0.945023462553082,0.952839499674265,0.959281799885798,0.966448900783985,0.972590596430382,0.977822504608004,0.982981236866906,0.987059125341442,0.991315809464308,0.994870786376382,0.99761077607663,1,0.997741085577018,0.994374090559279,0.989498715304191,0.983724281625899,0.974657182537003,0.959290694635048,0.929132134139174,0.832104442630868,0.522839557141384,0.335465144563072
0.552381079777519,0.787940818637725,0.830554525247306,0.856661577323344,0.879817753141515,0.889088106049714,0.900869403957601,0.909831342869243,0.918229589242534,0.929264257880518,0.937766803925344,0.945675337109009,0.952670729692496,0.960198370527016,0.966915441854611,0.972657610330143,0.97825604378287,0.982794736678441,0.987540961662653,0.991350620595291,0.994703421598352,0.997741085577018,1,0.997541545084164,0.993390064118744,0.987947931021014,0.979486232423364,0.964592600295657,0.935341307325371,0.839895552209526,0.529514409967435,0.351927634310447
0.535004084618548,0.773508779053839,0.817756393903334,0.845044324454237,0.868895066012093,0.8783939022209,0.891042048721912,0.900296676781555,0.909163575162966,0.920624257524809,0.929568435461783,0.937964890304301,0.945454449252795,0.953465043777651,0.960776112832169,0.966915649771666,0.972890122806836,0.977791273512672,0.98276987926075,0.986861103575106,0.990624729650044,0.994374090559279,0.997541545084164,1,0.997025250287832,0.992545010528634,0.98532926766536,0.971894679953438,0.944820638500446,0.854462924970731,0.545220847335887,0.36764837892414
0.515373629547584,0.755248020640971,0.801314540254327,0.829860042845146,0.854251402920803,0.864135274858618,0.877507877253908,0.887761711492923,0.897201581782179,0.909338306418855,0.919022299068837,0.927855051213431,0.93592067297805,0.944506499577808,0.952362025960568,0.958989820436556,0.965510143953262,0.970775942252721,0.976303664942823,0.980649156001273,0.984749001570565,0.989498715304191,0.993390064118744,0.997025250287832,1,0.996635658644035,0.990734914671976,0.978351831107914,0.953984913515605,0.868102202359561,0.561907110276898,0.385740891468028
0.49906695741903,0.742260898718222,0.78960984950962,0.81967243209256,0.843777504692375,0.853405357646357,0.867325480016824,0.87810889424062,0.887428636122322,0.899997280996155,0.910286593467035,0.919332056007516,0.927885810827259,0.936697750813229,0.944869422345526,0.952026135127753,0.958821533931047,0.964432470598644,0.969975145873126,0.9744549473278,0.978742751666821,0.983724281625899,0.987947931021014,0.992545010528634,0.996635658644035,1,0.995567486607277,0.985386047410514,0.963981259383058,0.883140709068012,0.580123276379383,0.398275378097374
0.471492368046311,0.717793315397741,0.768020358414326,0.799101354377417,0.824053362204302,0.834433608771579,0.849547632100439,0.860554776793958,0.870322916545058,0.883991170502471,0.89469851569922,0.904364351009563,0.913948453220344,0.923317598346199,0.932280190004918,0.939987862350499,0.947482994891686,0.953431519346631,0.959670221808659,0.964334203785773,0.969121629154692,0.974657182537003,0.979486232423364,0.98532926766536,0.990734914671976,0.995567486607277,1,0.99285929165335,0.975356646062519,0.902081844427635,0.602607833065726,0.418019593329
0.436582182962333,0.684638495707734,0.735803576151842,0.768269163673099,0.79421823770541,0.804531982189549,0.820439442056094,0.831924835741079,0.842073799637846,0.857358438520258,0.869352413717032,0.879819741633295,0.890254127001143,0.900852806614029,0.910908564401467,0.919437386908056,0.927643142385117,0.93379141806351,0.941366549880002,0.946714705656409,0.952765645272532,0.959290694635048,0.964592600295657,0.971894679953438,0.978351831107914,0.985386047410514,0.99285929165335,1,0.987745605308604,0.922100805913687,0.634781941374982,0.448324085731487
0.385132745667404,0.635141050624498,0.68731951918518,0.720858403238091,0.74732139533709,0.756908935292953,0.774702655192857,0.787316602567051,0.798065171325363,0.814324903135289,0.827607561979222,0.838781064070358,0.850316005546916,0.862286260297286,0.873642190376712,0.883049028942306,0.89250323639384,0.899750674404727,0.908735130496682,0.914719598540867,0.921704062458687,0.929132134139174,0.935341307325371,0.944820638500446,0.953984913515605,0.963981259383058,0.975356646062519,0.987745605308604,1,0.955273126511867,0.672941425838066,0.475946521676951
0.274956713130441,0.508002068001783,0.562632871937427,0.596325762261969,0.62096810512915,0.630989099299075,0.650230391628158,0.664215867177058,0.674866386211972,0.692357888748871,0.707632109645845,0.72055134762072,0.733972213890075,0.749176963748628,0.763132523019381,0.774054324923303,0.78695329572553,0.795892871131252,0.805568757648219,0.813117439538766,0.821587290329425,0.832104442630868,0.839895552209526,0.854462924970731,0.868102202359561,0.883140709068012,0.902081844427635,0.922100805913687,0.955273126511867,1,0.770141970164426,0.525570663985913
0.0571811636656233,0.235021772083704,0.289794367372472,0.314217762492013,0.331801533396733,0.338866280495803,0.354688229457986,0.363635888822663,0.372183437618715,0.386420843115722,0.397752618366716,0.409073219049834,0.416682858119079,0.436851722124626,0.448255347300011,0.460224196844311,0.473180693094508,0.481625575827056,0.491067466644961,0.498543332117673,0.508522891485648,0.522839557141384,0.529514409967435,0.545220847335887,0.561907110276898,0.580123276379383,0.602607833065726,0.634781941374982,0.672941425838066,0.770141970164426,1,0.585210725763442
-0.123511317896865,-0.00488711619732158,0.045575571842067,0.0669771030914973,0.0962648584524586,0.102200909435859,0.118144772407783,0.130993945712354,0.142811679151025,0.161950017783901,0.181018112178655,0.197951818424185,0.213251854478503,0.228429519274655,0.245137611901698,0.261557587108794,0.279048129650547,0.288528464988086,0.299262715977611,0.309201216115687,0.322122658910101,0.335465144563072,0.351927634310447,0.36764837892414,0.385740891468028,0.398275378097374,0.418019593329,0.448324085731487,0.475946521676951,0.525570663985913,0.585210725763442,1
