1,0.7362583976942,0.615123355418705,0.58111460015121,0.574060735446966,0.562355609257494,0.539348429705847,0.530790999033902,0.514746705686815,0.509695591484122,0.505000806371922,0.500572263162157,0.496015548110307,0.482793425134756,0.475031711869235,0.466687696462461,0.461822682855333,0.459487029078402,0.454973059231762,0.444967968172284,0.441108936750068,0.434591276645514,0.428978450735153,0.415689052929162,0.402722237356892,0.397281035633648,0.38670658107627,0.368213570473659,0.343520648083957,0.28455306002428,0.186097688727285,0.0384378847782154
0.7362583976942,1,0.922312335965859,0.888318970097044,0.872354649523595,0.856162698248878,0.839167483179642,0.829397140444929,0.816873544618417,0.809301497726528,0.802565535226768,0.799616436593974,0.79438818869997,0.785430737929873,0.780587057334006,0.775236580153563,0.769432987120496,0.767527288121366,0.762497619908675,0.755876816898322,0.751242054979993,0.74323286891815,0.733518659294513,0.721389989755741,0.710317901642953,0.697790577302138,0.684028165432783,0.663240430050949,0.631189775422449,0.556627403980412,0.38409568065016,0.103475586409607
0.615123355418705,0.922312335965859,1,0.963088771097288,0.938929861243858,0.919402196115192,0.901123729005817,0.892302667783927,0.884465409677186,0.876584788332834,0.869310192999941,0.864914498605752,0.856486093323497,0.847938076515041,0.842523966140334,0.836981962817597,0.829095103998238,0.826470321397385,0.823674261630205,0.817801680303259,0.813546319058237,0.808090071537119,0.800891787727718,0.7911939482306,0.780667007380189,0.767487943199235,0.760636736481018,0.740737192048257,0.707301104109432,0.63395043052844,0.4350083084894,0.130482876901633
0.58111460015121,0.888318970097044,0.963088771097288,1,0.981587982488836,0.961355255579449,0.943952690004439,0.931139597779139,0.920778550706174,0.913133710824443,0.90706058801096,0.900283800166166,0.891686393228979,0.882103538432161,0.875599377246499,0.870578272028905,0.863012841852005,0.860548229166547,0.858008091885959,0.853239158557908,0.849685108212498,0.843662267274172,0.835710576029214,0.827230264626216,0.815406802313225,0.801377781137693,0.795287323971031,0.776768520939683,0.737830381617732,0.66379617232719,0.461152912852007,0.137207989335711
0.574060735446966,0.872354649523595,0.938929861243858,0.981587982488836,1,0.982494091909962,0.964805000295925,0.951894022773709,0.940639266480912,0.93285692065434,0.925712450232967,0.91941576814445,0.911379352097817,0.901558285309134,0.895717163198637,0.890070713966608,0.883440090323066,0.880670912471105,0.877718642744966,0.873664913694826,0.868764101954848,0.862263405535908,0.855144766294692,0.846982251638665,0.835610767058239,0.82199324243479,0.81469499112513,0.795751464529791,0.754173960883091,0.679868456711126,0.482309261765362,0.152400093012054
0.562355609257494,0.856162698248878,0.919402196115192,0.961355255579449,0.982494091909962,1,0.987245592343985,0.975000737803371,0.963414794445487,0.953747219630675,0.944586772758088,0.937416154063651,0.93058821196969,0.920563092459434,0.913153092319522,0.90885906904693,0.90211743110352,0.898772646992413,0.895380709279271,0.890930118712308,0.886871258104942,0.880864618852881,0.872566334120181,0.864149387383782,0.853382541991232,0.841349100405759,0.833936524298896,0.81619198962336,0.776095072305142,0.703696983546226,0.511836407779424,0.158678710131338
0.539348429705847,0.839167483179642,0.901123729005817,0.943952690004439,0.964805000295925,0.987245592343985,1,0.988383955172792,0.976713509307546,0.96650194022445,0.956623296209887,0.949286520896771,0.941216028817345,0.93222539009824,0.923618451891989,0.918327027599874,0.911076873709501,0.907410864489433,0.903867013026487,0.899225566101649,0.894813765002012,0.88870826387395,0.88008097901467,0.87212170268741,0.860851841560908,0.850418909625602,0.841713037347983,0.826882314915003,0.786714255837682,0.715218689201652,0.523369489485168,0.168677052707037
0.530790999033902,0.829397140444929,0.892302667783927,0.931139597779139,0.951894022773709,0.975000737803371,0.988383955172792,1,0.992947821550335,0.983373462541509,0.973822740279246,0.965463034641163,0.956916484357917,0.946133094071571,0.936610981951643,0.931083897521802,0.924244246288196,0.921165503086836,0.917866071153701,0.913341466054224,0.90891028295461,0.903374842853824,0.896107618576614,0.888847044040751,0.879061887423294,0.868575911905703,0.85900981946647,0.844127744191061,0.805509671050122,0.733620552384601,0.542330829780393,0.18279722430373
0.514746705686815,0.816873544618417,0.884465409677186,0.920778550706174,0.940639266480912,0.963414794445487,0.976713509307546,0.992947821550335,1,0.993288052434479,0.984304469616712,0.975924166705548,0.967110468680901,0.956308373693313,0.946174239036353,0.939725164324328,0.932920526498356,0.929460078785161,0.92647104979957,0.921610978294295,0.916333548828255,0.91143086656737,0.904211109532243,0.898040342925133,0.889600182035311,0.879940367726342,0.870320985469286,0.855081670723785,0.817743845586178,0.744614832947842,0.556751425685715,0.187371798337061
0.509695591484122,0.809301497726528,0.876584788332834,0.913133710824443,0.93285692065434,0.953747219630675,0.96650194022445,0.983373462541509,0.993288052434479,1,0.992458425897168,0.984716722179666,0.975961483155004,0.965450569515639,0.955648310418702,0.949497295870222,0.942577130839045,0.939182740713185,0.936498231373754,0.932265698305836,0.926685460235727,0.920758732131894,0.913138660610963,0.907478144682839,0.899920805427586,0.891304493283818,0.880432716292206,0.86559498353033,0.827883007153602,0.753332860371658,0.563319562809017,0.18385531286633
0.505000806371922,0.802565535226768,0.869310192999941,0.90706058801096,0.925712450232967,0.944586772758088,0.956623296209887,0.973822740279246,0.984304469616712,0.992458425897168,1,0.993844430566811,0.984993637030676,0.974804280466059,0.964943218444549,0.958487275134182,0.951320087939922,0.946472177141341,0.943066888517777,0.937484136580894,0.931349213540421,0.925164790040115,0.917955365597434,0.91259354091673,0.904643074590813,0.895933939243637,0.884954954169473,0.869174214100901,0.831387133296541,0.755144283104996,0.5673280874052,0.188460089543318
0.500572263162157,0.799616436593974,0.864914498605752,0.900283800166166,0.91941576814445,0.937416154063651,0.949286520896771,0.965463034641163,0.975924166705548,0.984716722179666,0.993844430566811,1,0.993560643161578,0.984293637365385,0.975239554024027,0.968423243381741,0.960007801772601,0.953959912461685,0.949378018567295,0.942975147767054,0.935856352148734,0.929342835928747,0.922340998880422,0.917441237930529,0.910253063277069,0.901610487302647,0.890703839940706,0.873706858900569,0.837513637355308,0.757966612224723,0.570075705561419,0.192227782405432
0.496015548110307,0.79438818869997,0.856486093323497,0.891686393228979,0.911379352097817,0.93058821196969,0.941216028817345,0.956916484357917,0.967110468680901,0.975961483155004,0.984993637030676,0.993560643161578,1,0.993937157951442,0.985683244697586,0.978726359362433,0.9701416177204,0.963745205236625,0.95817567878767,0.95178858881594,0.94407110348518,0.937795534704102,0.931223420883218,0.926241202703143,0.919529199507505,0.909474299287793,0.898916265626076,0.881670540435778,0.847039333786665,0.768892305479257,0.58958557017579,0.201295589456432
0.482793425134756,0.785430737929873,0.847938076515041,0.882103538432161,0.901558285309134,0.920563092459434,0.93222539009824,0.946133094071571,0.956308373693313,0.965450569515639,0.974804280466059,0.984293637365385,0.993937157951442,1,0.993904297434184,0.986779372156762,0.977923008395643,0.97102459072885,0.964319832088068,0.958047118811522,0.950092127755535,0.943654741712012,0.936903760219493,0.931643652367282,0.924372992183009,0.913656329379503,0.904248371917655,0.887869585293993,0.854746645902198,0.777745521542205,0.599570072321688,0.201941669634662
0.475031711869235,0.780587057334006,0.842523966140334,0.875599377246499,0.895717163198637,0.913153092319522,0.923618451891989,0.936610981951643,0.946174239036353,0.955648310418702,0.964943218444549,0.975239554024027,0.985683244697586,0.993904297434184,1,0.994506761889739,0.98548669518973,0.978935991530237,0.972124341348375,0.966096938876273,0.957897161273413,0.95104053527345,0.944295478030123,0.938856311132604,0.931483623402653,0.920999168034994,0.912467898777146,0.895135457738029,0.860992012080795,0.783023649113096,0.607608752911851,0.207010348059978
0.466687696462461,0.775236580153563,0.836981962817597,0.870578272028905,0.890070713966608,0.90885906904693,0.918327027599874,0.931083897521802,0.939725164324328,0.949497295870222,0.958487275134182,0.968423243381741,0.978726359362433,0.986779372156762,0.994506761889739,1,0.994491755569751,0.987921346972062,0.981002517445593,0.974518313006007,0.966477543856925,0.959471157064233,0.952139340361199,0.946586175754165,0.939052072613354,0.928675975866466,0.919685909860825,0.903192148788272,0.869445462712672,0.792215785147139,0.61405509484783,0.215867517120185
0.461822682855333,0.769432987120496,0.829095103998238,0.863012841852005,0.883440090323066,0.90211743110352,0.911076873709501,0.924244246288196,0.932920526498356,0.942577130839045,0.951320087939922,0.960007801772601,0.9701416177204,0.977923008395643,0.98548669518973,0.994491755569751,1,0.995090376356581,0.987823668600475,0.981280490860995,0.973541454083523,0.966627357022945,0.95889680547148,0.952602339132329,0.944717095936244,0.935349944185971,0.925550839921312,0.907987789724155,0.875124507215004,0.802698096104055,0.623147719599073,0.224493305868479
0.459487029078402,0.767527288121366,0.826470321397385,0.860548229166547,0.880670912471105,0.898772646992413,0.907410864489433,0.921165503086836,0.929460078785161,0.939182740713185,0.946472177141341,0.953959912461685,0.963745205236625,0.97102459072885,0.978935991530237,0.987921346972062,0.995090376356581,1,0.99392143319717,0.987366583729608,0.979451252163534,0.97300534894372,0.965641011553748,0.958819887518602,0.950811958568188,0.941003519570769,0.931852536983526,0.913125199192347,0.880815467231903,0.807418503414629,0.625590657239254,0.225666137543748
0.454973059231762,0.762497619908675,0.823674261630205,0.858008091885959,0.877718642744966,0.895380709279271,0.903867013026487,0.917866071153701,0.92647104979957,0.936498231373754,0.943066888517777,0.949378018567295,0.95817567878767,0.964319832088068,0.972124341348375,0.981002517445593,0.987823668600475,0.99392143319717,1,0.995180354787389,0.987849832893355,0.980834291518554,0.973916455522256,0.96739645548495,0.960023408928305,0.950300945500706,0.941239416466761,0.921450354136741,0.887887766992963,0.815570304183469,0.635045718568691,0.239312367798854
0.444967968172284,0.755876816898322,0.817801680303259,0.853239158557908,0.873664913694826,0.890930118712308,0.899225566101649,0.913341466054224,0.921610978294295,0.932265698305836,0.937484136580894,0.942975147767054,0.95178858881594,0.958047118811522,0.966096938876273,0.974518313006007,0.981280490860995,0.987366583729608,0.995180354787389,1,0.994922876906099,0.988215436859537,0.980944662283058,0.975096307279424,0.967633421694867,0.958177279588524,0.948310236620807,0.929216264307619,0.895925835226007,0.823623850517957,0.637812638281896,0.247196252889501
0.441108936750068,0.751242054979993,0.813546319058237,0.849685108212498,0.868764101954848,0.886871258104942,0.894813765002012,0.90891028295461,0.916333548828255,0.926685460235727,0.931349213540421,0.935856352148734,0.94407110348518,0.950092127755535,0.957897161273413,0.966477543856925,0.973541454083523,0.979451252163534,0.987849832893355,0.994922876906099,1,0.994758041360137,0.986757475627919,0.980589506484205,0.972224567454339,0.962569650566107,0.951860217434131,0.932954926858636,0.898589462990288,0.828163463696178,0.643052129111638,0.249913778769335
0.434591276645514,0.74323286891815,0.808090071537119,0.843662267274172,0.862263405535908,0.880864618852881,0.88870826387395,0.903374842853824,0.91143086656737,0.920758732131894,0.925164790040115,0.929342835928747,0.937795534704102,0.943654741712012,0.95104053527345,0.959471157064233,0.966627357022945,0.97300534894372,0.980834291518554,0.988215436859537,0.994758041360137,1,0.992744132031105,0.986372310283222,0.977115965602275,0.967128008852361,0.956320821239312,0.937059864088686,0.902815688915835,0.833787627319952,0.648479720671738,0.264984781933314
0.428978450735153,0.733518659294513,0.800891787727718,0.835710576029214,0.855144766294692,0.872566334120181,0.88008097901467,0.896107618576614,0.904211109532243,0.913138660610963,0.917955365597434,0.922340998880422,0.931223420883218,0.936903760219493,0.944295478030123,0.952139340361199,0.95889680547148,0.965641011553748,0.973916455522256,0.980944662283058,0.986757475627919,0.992744132031105,1,0.993830091060799,0.984303146062241,0.974631354273605,0.965625108134203,0.946702647688406,0.912378334004799,0.844393005205956,0.664370880231554,0.285672213710911
0.415689052929162,0.721389989755741,0.7911939482306,0.827230264626216,0.846982251638665,0.864149387383782,0.87212170268741,0.888847044040751,0.898040342925133,0.907478144682839,0.91259354091673,0.917441237930529,0.926241202703143,0.931643652367282,0.938856311132604,0.946586175754165,0.952602339132329,0.958819887518602,0.96739645548495,0.975096307279424,0.980589506484205,0.986372310283222,0.993830091060799,1,0.993193123760502,0.983756347949544,0.974170946109869,0.954152165047041,0.919744749614134,0.85331138000275,0.672035011726273,0.290860325759373
0.402722237356892,0.710317901642953,0.780667007380189,0.815406802313225,0.835610767058239,0.853382541991232,0.860851841560908,0.879061887423294,0.889600182035311,0.899920805427586,0.904643074590813,0.910253063277069,0.919529199507505,0.924372992183009,0.931483623402653,0.939052072613354,0.944717095936244,0.950811958568188,0.960023408928305,0.967633421694867,0.972224567454339,0.977115965602275,0.984303146062241,0.993193123760502,1,0.992235154064955,0.981033379870396,0.960056372762004,0.928477850207086,0.86167150494034,0.682310079940942,0.299488463828942
0.397281035633648,0.697790577302138,0.767487943199235,0.801377781137693,0.82199324243479,0.841349100405759,0.850418909625602,0.868575911905703,0.879940367726342,0.891304493283818,0.895933939243637,0.901610487302647,0.909474299287793,0.913656329379503,0.920999168034994,0.928675975866466,0.935349944185971,0.941003519570769,0.950300945500706,0.958177279588524,0.962569650566107,0.967128008852361,0.974631354273605,0.983756347949544,0.992235154064955,1,0.98865805839967,0.968769967362026,0.937269687555142,0.872873768057172,0.700311451033294,0.320082123644388
0.38670658107627,0.684028165432783,0.760636736481018,0.795287323971031,0.81469499112513,0.833936524298896,0.841713037347983,0.85900981946647,0.870320985469286,0.880432716292206,0.884954954169473,0.890703839940706,0.898916265626076,0.904248371917655,0.912467898777146,0.919685909860825,0.925550839921312,0.931852536983526,0.941239416466761,0.948310236620807,0.951860217434131,0.956320821239312,0.965625108134203,0.974170946109869,0.981033379870396,0.98865805839967,1,0.983960351107627,0.952389276834677,0.889042044769014,0.718346238302053,0.338985405774046
0.368213570473659,0.663240430050949,0.740737192048257,0.776768520939683,0.795751464529791,0.81619198962336,0.826882314915003,0.844127744191061,0.855081670723785,0.86559498353033,0.869174214100901,0.873706858900569,0.881670540435778,0.887869585293993,0.895135457738029,0.903192148788272,0.907987789724155,0.913125199192347,0.921450354136741,0.929216264307619,0.932954926858636,0.937059864088686,0.946702647688406,0.954152165047041,0.960056372762004,0.968769967362026,0.983960351107627,1,0.975056809207088,0.914436637021221,0.746086710081665,0.365158693643671
0.343520648083957,0.631189775422449,0.707301104109432,0.737830381617732,0.754173960883091,0.776095072305142,0.786714255837682,0.805509671050122,0.817743845586178,0.827883007153602,0.831387133296541,0.837513637355308,0.847039333786665,0.854746645902198,0.860992012080795,0.869445462712672,0.875124507215004,0.880815467231903,0.887887766992963,0.895925835226007,0.898589462990288,0.902815688915835,0.912378334004799,0.919744749614134,0.928477850207086,0.937269687555142,0.952389276834677,0.975056809207088,1,0.952469881896206,0.790742593883514,0.396808869354141
0.28455306002428,0.556627403980412,0.63395043052844,0.66379617232719,0.679868456711126,0.703696983546226,0.715218689201652,0.733620552384601,0.744614832947842,0.753332860371658,0.755144283104996,0.757966612224723,0.768892305479257,0.777745521542205,0.783023649113096,0.792215785147139,0.802698096104055,0.807418503414629,0.815570304183469,0.823623850517957,0.828163463696178,0.833787627319952,0.844393005205956,0.85331138000275,0.86167150494034,0.872873768057172,0.889042044769014,0.914436637021221,0.952469881896206,1,0.832479054606205,0.419046449787166
0.186097688727285,0.38409568065016,0.4350083084894,0.461152912852007,0.482309261765362,0.511836407779424,0.523369489485168,0.542330829780393,0.556751425685715,0.563319562809017,0.5673280874052,0.570075705561419,0.58958557017579,0.599570072321688,0.607608752911851,0.61405509484783,0.623147719599073,0.625590657239254,0.635045718568691,0.637812638281896,0.643052129111638,0.648479720671738,0.664370880231554,0.672035011726273,0.682310079940942,0.700311451033294,0.718346238302053,0.746086710081665,0.790742593883514,0.832479054606205,1,0.53554803592586
0.0384378847782154,0.103475586409607,0.130482876901633,0.137207989335711,0.152400093012054,0.158678710131338,0.168677052707037,0.18279722430373,0.187371798337061,0.18385531286633,0.188460089543318,0.192227782405432,0.201295589456432,0.201941669634662,0.207010348059978,0.215867517120185,0.224493305868479,0.225666137543748,0.239312367798854,0.247196252889501,0.249913778769335,0.264984781933314,0.285672213710911,0.290860325759373,0.299488463828942,0.320082123644388,0.338985405774046,0.365158693643671,0.396808869354141,0.419046449787166,0.53554803592586,1
