1,0.814585173463695,0.669628658262913,0.627895440417058,0.576347203529529,0.534298451598679,0.521907639845465,0.514185640969182,0.487143033817299,0.481555112972088,0.468140737288275,0.453523548815565,0.443426046158775,0.43116918057262,0.411867522964779,0.401330131748357,0.394577184353784,0.384087234939347,0.381291271287071,0.380773590686754,0.370961722892655,0.372418097486506,0.362449833581478,0.358422253248449,0.341875666789249,0.325680090175162,0.293823678245754,0.249228042780029,0.192702492043673,0.111056868107549,-0.014955382082365,-0.0425535895021233
0.814585173463695,1,0.885933912177054,0.830271279327257,0.772671064059961,0.722365828914231,0.707196486286182,0.685345803196756,0.65277788325204,0.633487623250999,0.611052399608413,0.590481601747472,0.581599085782633,0.570883902694733,0.555123972267324,0.545295552355615,0.534040850297902,0.516362791257878,0.50905503005338,0.507962784737418,0.498976630890692,0.492598180047035,0.475872707694246,0.469327267450677,0.456292047573051,0.429239901401043,0.381345840574249,0.320551277255387,0.253596023367976,0.12704634390367,0.00417517642063333,-0.0370072313979954
0.669628658262913,0.885933912177054,1,0.93921691010068,0.87653654736828,0.826142451816924,0.809426176574889,0.783198880125685,0.745804516320082,0.72979938608287,0.714767331295438,0.696572883287361,0.68367175733675,0.675117906394365,0.656015683779388,0.64898538270708,0.640077918025592,0.622510400518967,0.616071804252535,0.611182178334041,0.602498383209165,0.591960919232287,0.574633825970982,0.563925379523414,0.548348769731124,0.521899858148407,0.457969452222546,0.386314330472761,0.291661751566286,0.142271572779722,0.0134778421119865,-0.0514790872577642
0.627895440417058,0.830271279327257,0.93921691010068,1,0.962079069574106,0.911783493783927,0.884744115945081,0.85709194219718,0.820986683351584,0.805705907629748,0.788553265177753,0.76954364759857,0.753853811390004,0.744434158264627,0.72402590120959,0.715875325710962,0.705894314498008,0.685936024564157,0.680637030069395,0.675124355513955,0.667567161225281,0.653990363089214,0.635497832849134,0.620515658705621,0.606091857656022,0.57902688301126,0.50960306428707,0.42469756947501,0.321634000609685,0.157549431434456,0.0187637836950861,-0.0297458636383383
0.576347203529529,0.772671064059961,0.87653654736828,0.962079069574106,1,0.964266496394807,0.935684930581204,0.907210819590591,0.872724319068061,0.85726969135661,0.841637383165926,0.821932064630158,0.803611117046701,0.791175520636126,0.769849966440295,0.760057741322043,0.7492099745193,0.72876548574397,0.725738144706972,0.720611096508235,0.713110888222539,0.696479714339656,0.677188222037111,0.659036016179311,0.64306921902776,0.613760087148862,0.547084428548243,0.460517074874674,0.352363556344412,0.16991740585329,0.0397977067916534,-0.0364235901639636
0.534298451598679,0.722365828914231,0.826142451816924,0.911783493783927,0.964266496394807,1,0.973717700403856,0.94595026015396,0.915330209039614,0.899038177052309,0.88371636382944,0.8640082140396,0.844331013817054,0.82976936482537,0.807600265157209,0.797765961363568,0.784698898916632,0.765719179559694,0.761920226036251,0.757459382767893,0.747686569570167,0.729993654190718,0.711886135516438,0.693227571160403,0.680344275925751,0.654103763665477,0.587420268994692,0.503521120773337,0.378718315749777,0.172686158673441,0.0373350073833855,-0.0399207417694909
0.521907639845465,0.707196486286182,0.809426176574889,0.884744115945081,0.935684930581204,0.973717700403856,1,0.98274720025645,0.948125653288526,0.931100366109921,0.913258309271183,0.890853067760741,0.867677295422514,0.848652482560145,0.825853422718013,0.817044304194705,0.805873639005087,0.788121791182318,0.783696073208174,0.777004884012561,0.768829102921961,0.754063863044529,0.739448293834832,0.723705858375729,0.71124136217484,0.680386015662862,0.617512735580908,0.537031195796525,0.404648313931855,0.178200883357923,0.0495611372823301,-0.0404264257998335
0.514185640969182,0.685345803196756,0.783198880125685,0.85709194219718,0.907210819590591,0.94595026015396,0.98274720025645,1,0.974910977781466,0.95952976672372,0.941937027058786,0.919292350477786,0.895842227239222,0.876654692418165,0.85433289703489,0.845317925442742,0.833845261078342,0.814031641943762,0.807680983309252,0.8005781841083,0.791967539186189,0.77820734479328,0.766538189708211,0.751264411342691,0.738219649191721,0.707604666616621,0.64368596007514,0.561389665728029,0.423320115815457,0.181923674022709,0.0494853655595682,-0.0327075951877733
0.487143033817299,0.65277788325204,0.745804516320082,0.820986683351584,0.872724319068061,0.915330209039614,0.948125653288526,0.974910977781466,1,0.983852193880062,0.964494946047392,0.93937297304517,0.916217934090632,0.897456380528574,0.874779524872014,0.866255539433247,0.851406182313906,0.832149819983202,0.8224933233809,0.814370726004713,0.804604524564095,0.79450515742557,0.782774301250649,0.767079862496141,0.755760223064555,0.725745924624775,0.663888072362579,0.580362720618176,0.442344480035655,0.190968812479819,0.0540141485176221,-0.0295760111932299
0.481555112972088,0.633487623250999,0.72979938608287,0.805705907629748,0.85726969135661,0.899038177052309,0.931100366109921,0.95952976672372,0.983852193880062,1,0.985251028543963,0.959689374403543,0.93664554669205,0.919474746955055,0.896892700239386,0.886780772205327,0.871684635765252,0.854184710352479,0.844241812386515,0.835049123878945,0.824697025043919,0.814675206798501,0.801421013664143,0.784682702925042,0.774850857479704,0.748715441583085,0.692058509875863,0.604460393042258,0.465824233382481,0.211654084892764,0.0716149367012498,-0.0149266129749527
0.468140737288275,0.611052399608413,0.714767331295438,0.788553265177753,0.841637383165926,0.88371636382944,0.913258309271183,0.941937027058786,0.964494946047392,0.985251028543963,1,0.983350128381472,0.961490440597613,0.943473673722187,0.921635567083017,0.910112356356121,0.893167148105699,0.875173327699712,0.865307234872171,0.855683755261935,0.844758556915872,0.83326282814247,0.819713131537857,0.804070669709088,0.79313182724615,0.764724194951835,0.703029713747298,0.610264339301037,0.466774395143631,0.207793166725224,0.0693987983781075,-0.00992560134887452
0.453523548815565,0.590481601747472,0.696572883287361,0.76954364759857,0.821932064630158,0.8640082140396,0.890853067760741,0.919292350477786,0.93937297304517,0.959689374403543,0.983350128381472,1,0.982330150638512,0.964389735412362,0.941959441624314,0.929568815904799,0.912820157292372,0.89520416661233,0.886848970108465,0.877792889750137,0.868254655572502,0.8545392115767,0.839065357358429,0.821442631629599,0.811243238644196,0.787464057192517,0.725573730543824,0.631132610001433,0.482647612057841,0.21098707611986,0.0790044008354712,0.00197857825418454
0.443426046158775,0.581599085782633,0.68367175733675,0.753853811390004,0.803611117046701,0.844331013817054,0.867677295422514,0.895842227239222,0.916217934090632,0.93664554669205,0.961490440597613,0.982330150638512,1,0.98866113679098,0.967797647515611,0.953683796353193,0.934423970409599,0.916520868061854,0.905530539762629,0.894417412509705,0.883000358950694,0.868986992634427,0.851458598232469,0.835813582823217,0.824672800754295,0.802309123058875,0.740851366633161,0.647831797075141,0.501890296590071,0.216138444242213,0.0852562909051508,0.00545149864845327
0.43116918057262,0.570883902694733,0.675117906394365,0.744434158264627,0.791175520636126,0.82976936482537,0.848652482560145,0.876654692418165,0.897456380528574,0.919474746955055,0.943473673722187,0.964389735412362,0.98866113679098,1,0.984808569009393,0.969701731771539,0.949314597649089,0.931373855461793,0.919748274568266,0.908692838150952,0.896138018017264,0.883475792530504,0.865758025979879,0.847842652370807,0.835969683566402,0.814313206300861,0.752507073166889,0.65931765125446,0.51818657694205,0.221238526020295,0.091201315073346,0.0129164757868966
0.411867522964779,0.555123972267324,0.656015683779388,0.72402590120959,0.769849966440295,0.807600265157209,0.825853422718013,0.85433289703489,0.874779524872014,0.896892700239386,0.921635567083017,0.941959441624314,0.967797647515611,0.984808569009393,1,0.984956963760962,0.965637812408328,0.946901940145044,0.934408217663273,0.922668328392539,0.909619315787899,0.898204987571045,0.878798378538886,0.86170818389941,0.848257155488783,0.823918363412148,0.759496286112839,0.668520601458935,0.529054568163773,0.220867264044205,0.0973188749107648,0.0219140411857289
0.401330131748357,0.545295552355615,0.64898538270708,0.715875325710962,0.760057741322043,0.797765961363568,0.817044304194705,0.845317925442742,0.866255539433247,0.886780772205327,0.910112356356121,0.929568815904799,0.953683796353193,0.969701731771539,0.984956963760962,1,0.98762938303047,0.967725884631025,0.956308433813887,0.942916083829305,0.929563591012486,0.918666207580222,0.898071071251444,0.87743205152973,0.862356703331768,0.835111039626691,0.767906706335546,0.67436756128713,0.534735346783617,0.22848581321331,0.105677714598873,0.0214729193513978
0.394577184353784,0.534040850297902,0.640077918025592,0.705894314498008,0.7492099745193,0.784698898916632,0.805873639005087,0.833845261078342,0.851406182313906,0.871684635765252,0.893167148105699,0.912820157292372,0.934423970409599,0.949314597649089,0.965637812408328,0.98762938303047,1,0.985820180380658,0.974902186649197,0.959795652806939,0.943643341543291,0.931483114279702,0.911192061623131,0.888083926693253,0.871296397426335,0.841165739515426,0.774909845705878,0.682018349643894,0.539368450298997,0.241793113484495,0.118276873330025,0.0279983534015305
0.384087234939347,0.516362791257878,0.622510400518967,0.685936024564157,0.72876548574397,0.765719179559694,0.788121791182318,0.814031641943762,0.832149819983202,0.854184710352479,0.875173327699712,0.89520416661233,0.916520868061854,0.931373855461793,0.946901940145044,0.967725884631025,0.985820180380658,1,0.988237401659438,0.971203934652039,0.954174568703811,0.939463891684306,0.920320666831417,0.895285688760198,0.878525410805011,0.847780562196271,0.782623024821635,0.690032770608244,0.548372445784856,0.247451208666352,0.129737363582636,0.0346048590490922
0.381291271287071,0.50905503005338,0.616071804252535,0.680637030069395,0.725738144706972,0.761920226036251,0.783696073208174,0.807680983309252,0.8224933233809,0.844241812386515,0.865307234872171,0.886848970108465,0.905530539762629,0.919748274568266,0.934408217663273,0.956308433813887,0.974902186649197,0.988237401659438,1,0.987871692591791,0.970583941473853,0.95651033020776,0.938161049395542,0.913449501340103,0.895536013169857,0.86453632117389,0.799422592238904,0.70747807218653,0.56343600374333,0.26312626426403,0.145717528155976,0.0452891493225191
0.380773590686754,0.507962784737418,0.611182178334041,0.675124355513955,0.720611096508235,0.757459382767893,0.777004884012561,0.8005781841083,0.814370726004713,0.835049123878945,0.855683755261935,0.877792889750137,0.894417412509705,0.908692838150952,0.922668328392539,0.942916083829305,0.959795652806939,0.971203934652039,0.987871692591791,1,0.987004811833805,0.971903362428437,0.954217242202096,0.928514099809341,0.91109961055839,0.880341407164417,0.818250379992991,0.729073383374491,0.583028083966316,0.274227491980095,0.154254924224449,0.058563056188191
0.370961722892655,0.498976630890692,0.602498383209165,0.667567161225281,0.713110888222539,0.747686569570167,0.768829102921961,0.791967539186189,0.804604524564095,0.824697025043919,0.844758556915872,0.868254655572502,0.883000358950694,0.896138018017264,0.909619315787899,0.929563591012486,0.943643341543291,0.954174568703811,0.970583941473853,0.987004811833805,1,0.985299690958909,0.966403184558327,0.940257532301702,0.922208071804824,0.891496280751374,0.8304850535125,0.739409316827045,0.592029090653486,0.275869930611282,0.164156248947003,0.0713558777664436
0.372418097486506,0.492598180047035,0.591960919232287,0.653990363089214,0.696479714339656,0.729993654190718,0.754063863044529,0.77820734479328,0.79450515742557,0.814675206798501,0.83326282814247,0.8545392115767,0.868986992634427,0.883475792530504,0.898204987571045,0.918666207580222,0.931483114279702,0.939463891684306,0.95651033020776,0.971903362428437,0.985299690958909,1,0.987440716030198,0.95856110236575,0.940949149288565,0.908387484489038,0.846591573968625,0.75749595513052,0.608734445572569,0.280277380725031,0.173823104923705,0.0693879504559523
0.362449833581478,0.475872707694246,0.574633825970982,0.635497832849134,0.677188222037111,0.711886135516438,0.739448293834832,0.766538189708211,0.782774301250649,0.801421013664143,0.819713131537857,0.839065357358429,0.851458598232469,0.865758025979879,0.878798378538886,0.898071071251444,0.911192061623131,0.920320666831417,0.938161049395542,0.954217242202096,0.966403184558327,0.987440716030198,1,0.976796220330021,0.9591391952226,0.926207420840515,0.863668927508175,0.776584150672176,0.627643452900442,0.303049839094512,0.193160408180101,0.0884226630776678
0.358422253248449,0.469327267450677,0.563925379523414,0.620515658705621,0.659036016179311,0.693227571160403,0.723705858375729,0.751264411342691,0.767079862496141,0.784682702925042,0.804070669709088,0.821442631629599,0.835813582823217,0.847842652370807,0.86170818389941,0.87743205152973,0.888083926693253,0.895285688760198,0.913449501340103,0.928514099809341,0.940257532301702,0.95856110236575,0.976796220330021,1,0.981378160194755,0.947474013511275,0.883773662181106,0.803222291998036,0.664558312243877,0.361401613240783,0.223225008179095,0.101654331135896
0.341875666789249,0.456292047573051,0.548348769731124,0.606091857656022,0.64306921902776,0.680344275925751,0.71124136217484,0.738219649191721,0.755760223064555,0.774850857479704,0.79313182724615,0.811243238644196,0.824672800754295,0.835969683566402,0.848257155488783,0.862356703331768,0.871296397426335,0.878525410805011,0.895536013169857,0.91109961055839,0.922208071804824,0.940949149288565,0.9591391952226,0.981378160194755,1,0.976575484436157,0.917216093951313,0.834005412263967,0.694774671684357,0.391338359787483,0.248419377200318,0.119294162208486
0.325680090175162,0.429239901401043,0.521899858148407,0.57902688301126,0.613760087148862,0.654103763665477,0.680386015662862,0.707604666616621,0.725745924624775,0.748715441583085,0.764724194951835,0.787464057192517,0.802309123058875,0.814313206300861,0.823918363412148,0.835111039626691,0.841165739515426,0.847780562196271,0.86453632117389,0.880341407164417,0.891496280751374,0.908387484489038,0.926207420840515,0.947474013511275,0.976575484436157,1,0.953845519943326,0.868827134694756,0.732343933839739,0.412653063386291,0.277178219199534,0.142854373252074
0.293823678245754,0.381345840574249,0.457969452222546,0.50960306428707,0.547084428548243,0.587420268994692,0.617512735580908,0.64368596007514,0.663888072362579,0.692058509875863,0.703029713747298,0.725573730543824,0.740851366633161,0.752507073166889,0.759496286112839,0.767906706335546,0.774909845705878,0.782623024821635,0.799422592238904,0.818250379992991,0.8304850535125,0.846591573968625,0.863668927508175,0.883773662181106,0.917216093951313,0.953845519943326,1,0.939817891228625,0.810365721920269,0.459383167045199,0.310095154923796,0.157677211915558
0.249228042780029,0.320551277255387,0.386314330472761,0.42469756947501,0.460517074874674,0.503521120773337,0.537031195796525,0.561389665728029,0.580362720618176,0.604460393042258,0.610264339301037,0.631132610001433,0.647831797075141,0.65931765125446,0.668520601458935,0.67436756128713,0.682018349643894,0.690032770608244,0.70747807218653,0.729073383374491,0.739409316827045,0.75749595513052,0.776584150672176,0.803222291998036,0.834005412263967,0.868827134694756,0.939817891228625,1,0.908171679905356,0.556314791177297,0.373676703204785,0.176636574651504
0.192702492043673,0.253596023367976,0.291661751566286,0.321634000609685,0.352363556344412,0.378718315749777,0.404648313931855,0.423320115815457,0.442344480035655,0.465824233382481,0.466774395143631,0.482647612057841,0.501890296590071,0.51818657694205,0.529054568163773,0.534735346783617,0.539368450298997,0.548372445784856,0.56343600374333,0.583028083966316,0.592029090653486,0.608734445572569,0.627643452900442,0.664558312243877,0.694774671684357,0.732343933839739,0.810365721920269,0.908171679905356,1,0.693798831920487,0.473336529696797,0.217596787454535
0.111056868107549,0.12704634390367,0.142271572779722,0.157549431434456,0.16991740585329,0.172686158673441,0.178200883357923,0.181923674022709,0.190968812479819,0.211654084892764,0.207793166725224,0.21098707611986,0.216138444242213,0.221238526020295,0.220867264044205,0.22848581321331,0.241793113484495,0.247451208666352,0.26312626426403,0.274227491980095,0.275869930611282,0.280277380725031,0.303049839094512,0.361401613240783,0.391338359787483,0.412653063386291,0.459383167045199,0.556314791177297,0.693798831920487,1,0.586841363975327,0.260689413417754
-0.014955382082365,0.00417517642063333,0.0134778421119865,0.0187637836950861,0.0397977067916534,0.0373350073833855,0.0495611372823301,0.0494853655595682,0.0540141485176221,0.0716149367012498,0.0693987983781075,0.0790044008354712,0.0852562909051508,0.091201315073346,0.0973188749107648,0.105677714598873,0.118276873330025,0.129737363582636,0.145717528155976,0.154254924224449,0.164156248947003,0.173823104923705,0.193160408180101,0.223225008179095,0.248419377200318,0.277178219199534,0.310095154923796,0.373676703204785,0.473336529696797,0.586841363975327,1,0.542443897872924
-0.0425535895021233,-0.0370072313979954,-0.0514790872577642,-0.0297458636383383,-0.0364235901639636,-0.0399207417694909,-0.0404264257998335,-0.0327075951877733,-0.0295760111932299,-0.0149266129749527,-0.00992560134887452,0.00197857825418454,0.00545149864845327,0.0129164757868966,0.0219140411857289,0.0214729193513978,0.0279983534015305,0.0346048590490922,0.0452891493225191,0.058563056188191,0.0713558777664436,0.0693879504559523,0.0884226630776678,0.101654331135896,0.119294162208486,0.142854373252074,0.157677211915558,0.176636574651504,0.217596787454535,0.260689413417754,0.542443897872924,1
