1,0.644882319477136,0.50040387803641,0.447262422902062,0.410688507010778,0.378131194610134,0.359664332367518,0.348805073615627,0.342194307894141,0.332858168507754,0.313406645817865,0.310240276604609,0.306774670425622,0.294166434070881,0.277576990614244,0.271476834447858,0.268873187529494,0.260947918153214,0.257669610518284,0.250324249815499,0.243549529636979,0.238361321206391,0.221359564011011,0.210376039523092,0.193101694925643,0.195418252961531,0.176605217703057,0.160576291046228,0.12433169266632,0.072066915374954,0.056205408756641,-0.0163089479506823
0.644882319477136,1,0.866099484286158,0.756348585825222,0.697356557457003,0.659136404834433,0.631794277512255,0.603387289993834,0.5833218795702,0.562644332948394,0.548229941461814,0.536359942943281,0.528960696338334,0.514092433220647,0.495708273906646,0.476445667205629,0.471414833521186,0.461263124159655,0.447384474787821,0.438942940767635,0.42787099356969,0.417182541628593,0.407196545997089,0.391104406847929,0.360098032536884,0.344118124700467,0.315028754323683,0.293647056603103,0.250272051241224,0.156910893950023,0.0675557822108836,-0.0674603426049628
0.50040387803641,0.866099484286158,1,0.912170220523864,0.842719602550069,0.80000214325904,0.769704957976406,0.743338852978691,0.723869534102791,0.702192584168836,0.685843932261795,0.670854566638718,0.657821669198539,0.639987580405385,0.620076947872295,0.602601418763583,0.594967538642977,0.578840750587098,0.569965264744331,0.55717267430472,0.5413380364266,0.529222295507952,0.512285246894611,0.495537480933007,0.469701550030427,0.440193848041001,0.408284326878135,0.368120777954343,0.304532627866829,0.178552171650586,0.070918963513233,-0.0741546682459938
0.447262422902062,0.756348585825222,0.912170220523864,1,0.943304583972042,0.887282066837959,0.85249423095666,0.824188655944546,0.801277877007621,0.784251196466719,0.766709911474654,0.742758583649055,0.72947896882615,0.712689120946683,0.687559809366055,0.669756071221157,0.662999581947841,0.647066934448155,0.637128148671083,0.620749122396794,0.605132794628629,0.594416898808514,0.581251213113722,0.56242328518451,0.538383039684712,0.502020006747155,0.47527644235005,0.428385667048582,0.347494667639004,0.195297963360381,0.0786621171486821,-0.0693228639586228
0.410688507010778,0.697356557457003,0.842719602550069,0.943304583972042,1,0.953720453810337,0.914364234527908,0.881251045171816,0.861113720272388,0.840134120084115,0.820500697790728,0.793393334180564,0.779067684518425,0.759018005649229,0.736940419760026,0.720211691516187,0.712540984067799,0.699214866676187,0.689597420375554,0.673097783355523,0.6607370416204,0.651693329731583,0.640751695858878,0.619341252014237,0.589896771773357,0.55149265529982,0.525033766217571,0.472290038066713,0.382757833684066,0.218570337589405,0.0865456504184189,-0.0725476364263928
0.378131194610134,0.659136404834433,0.80000214325904,0.887282066837959,0.953720453810337,1,0.962656141554797,0.931855106629208,0.909431359816178,0.883784026644581,0.863004180488069,0.837103890792407,0.820127119016568,0.800507721205248,0.778329681070917,0.762793199208876,0.754848983293445,0.743632896915761,0.73321402361316,0.717219500324227,0.701276351476742,0.688716785211245,0.676971714468625,0.659892927051761,0.629429319216312,0.584142993099468,0.556344119910167,0.505822447086492,0.409494904038818,0.245688632512473,0.109856609271546,-0.0749008540733941
0.359664332367518,0.631794277512255,0.769704957976406,0.85249423095666,0.914364234527908,0.962656141554797,1,0.9677877303867,0.94418216152009,0.915206989621439,0.889839054057769,0.862786725273811,0.846371458715319,0.830060522810961,0.806236546969324,0.78987276625275,0.78282172247876,0.770954839473602,0.759445760883314,0.744590341273425,0.727265941280875,0.718912249040063,0.707394469816649,0.692216909842377,0.66753359410016,0.620640671002406,0.589225461625509,0.533843166638848,0.426298488280476,0.240132305240789,0.111399972039924,-0.0689228072685145
0.348805073615627,0.603387289993834,0.743338852978691,0.824188655944546,0.881251045171816,0.931855106629208,0.9677877303867,1,0.977861188585092,0.949251677170284,0.924602617287393,0.897560963073112,0.877812685754089,0.858466332408145,0.839062379643254,0.826442089548641,0.818184446988077,0.805816997647058,0.792090175514812,0.7772391827899,0.757978647640521,0.749592685427611,0.737987292865661,0.72437673033999,0.697701038940496,0.654290272217774,0.618380056621913,0.561560573570723,0.447584803236242,0.244125796009779,0.107989259924781,-0.0600330789193516
0.342194307894141,0.5833218795702,0.723869534102791,0.801277877007621,0.861113720272388,0.909431359816178,0.94418216152009,0.977861188585092,1,0.976066071233658,0.949757511123076,0.923871218575333,0.903204244497854,0.884140409797638,0.865748007765226,0.854287393685244,0.845448851066799,0.83181294096703,0.817829640390411,0.802768041464346,0.7857295502441,0.778690314767725,0.764808552837346,0.749080057514345,0.720640886927763,0.678673268518325,0.643913870049746,0.586584952974286,0.472437769356704,0.255200873948639,0.111229075648703,-0.06787116065347
0.332858168507754,0.562644332948394,0.702192584168836,0.784251196466719,0.840134120084115,0.883784026644581,0.915206989621439,0.949251677170284,0.976066071233658,1,0.980934389457992,0.954650196182278,0.933511674445676,0.912674374271374,0.892421818281427,0.881453783903676,0.874338469568883,0.864690891776301,0.850972466836543,0.836335741933772,0.819197646574642,0.811509211227844,0.798598631463889,0.78385864990032,0.757657341585152,0.718601232456532,0.682088623138372,0.624523783737688,0.508813387842619,0.280410068422316,0.114767434149003,-0.0544410890335118
0.313406645817865,0.548229941461814,0.685843932261795,0.766709911474654,0.820500697790728,0.863004180488069,0.889839054057769,0.924602617287393,0.949757511123076,0.980934389457992,1,0.982385658829996,0.961302660110671,0.940110486703078,0.918238365369979,0.906061067348348,0.898383194101307,0.88662961437815,0.872707454323207,0.857999402507157,0.840122484334523,0.828842347819023,0.815893565065296,0.800978283272832,0.77597695298651,0.736039975664222,0.700895248008192,0.645824867613238,0.526775412548402,0.295708947870716,0.120891263069851,-0.041690767923833
0.310240276604609,0.536359942943281,0.670854566638718,0.742758583649055,0.793393334180564,0.837103890792407,0.862786725273811,0.897560963073112,0.923871218575333,0.954650196182278,0.982385658829996,1,0.984875889084263,0.962815199556174,0.940436490307944,0.925921174214279,0.916385214799368,0.901722327810504,0.887113398169305,0.871241664323995,0.8526131529777,0.83913590237906,0.825351220110922,0.809183668409589,0.785899302642183,0.746495522873375,0.713263920418704,0.664555757305176,0.54719699123768,0.314631260645552,0.13272647511882,-0.0298805402556237
0.306774670425622,0.528960696338334,0.657821669198539,0.72947896882615,0.779067684518425,0.820127119016568,0.846371458715319,0.877812685754089,0.903204244497854,0.933511674445676,0.961302660110671,0.984875889084263,1,0.983563472177922,0.96217455445019,0.945721056388644,0.933435059575391,0.917023713812535,0.902410766756654,0.886978371859499,0.865774941896696,0.852340454604727,0.839422286394143,0.822651294772646,0.798533933949819,0.759537660217125,0.729397748909592,0.675429979451186,0.559701174910982,0.323248266049695,0.136549653940209,-0.0230245317872231
0.294166434070881,0.514092433220647,0.639987580405385,0.712689120946683,0.759018005649229,0.800507721205248,0.830060522810961,0.858466332408145,0.884140409797638,0.912674374271374,0.940110486703078,0.962815199556174,0.983563472177922,1,0.982860075108967,0.964853006591048,0.948587453689025,0.930508835602617,0.914384909372561,0.89885250691148,0.876300172639559,0.863251128334779,0.850202200219218,0.831326835525273,0.805341853522692,0.765848907743664,0.732574119358714,0.678334648813892,0.566850158472613,0.329190383436747,0.148283930643712,-0.0198004603544765
0.277576990614244,0.495708273906646,0.620076947872295,0.687559809366055,0.736940419760026,0.778329681070917,0.806236546969324,0.839062379643254,0.865748007765226,0.892421818281427,0.918238365369979,0.940436490307944,0.96217455445019,0.982860075108967,1,0.985786982446132,0.970229698219557,0.951240837009809,0.935699112108293,0.920436408761476,0.897786476002266,0.884598205518626,0.870009474396365,0.851052563172416,0.82615884550838,0.786849595324927,0.748958013743361,0.693997306012189,0.580617920202654,0.338118593557228,0.152144011917966,-0.0216976119183744
0.271476834447858,0.476445667205629,0.602601418763583,0.669756071221157,0.720211691516187,0.762793199208876,0.78987276625275,0.826442089548641,0.854287393685244,0.881453783903676,0.906061067348348,0.925921174214279,0.945721056388644,0.964853006591048,0.985786982446132,1,0.984612368318626,0.967912937348043,0.953146692148458,0.936950062729797,0.913821140121843,0.899472131563008,0.882229097470598,0.863383947325883,0.837255230145747,0.798641306496951,0.759077298737242,0.699718968564576,0.587784516079221,0.342514845597984,0.158160499693205,-0.0259964913904026
0.268873187529494,0.471414833521186,0.594967538642977,0.662999581947841,0.712540984067799,0.754848983293445,0.78282172247876,0.818184446988077,0.845448851066799,0.874338469568883,0.898383194101307,0.916385214799368,0.933435059575391,0.948587453689025,0.970229698219557,0.984612368318626,1,0.981604436234918,0.96527252284107,0.94809485770797,0.925606751899912,0.909045256690825,0.891307976188172,0.872958490822826,0.845983761909362,0.807918262763208,0.769181240427627,0.706580217202801,0.596073326788443,0.358556130914938,0.156925505265598,-0.0247924554157151
0.260947918153214,0.461263124159655,0.578840750587098,0.647066934448155,0.699214866676187,0.743632896915761,0.770954839473602,0.805816997647058,0.83181294096703,0.864690891776301,0.88662961437815,0.901722327810504,0.917023713812535,0.930508835602617,0.951240837009809,0.967912937348043,0.981604436234918,1,0.985534214129146,0.968873904724266,0.945340964149889,0.92829269845191,0.90965398951078,0.889404418268847,0.861337326606988,0.820302962538312,0.779289801699961,0.713155405689016,0.603732148601416,0.365549548743495,0.160709574001933,-0.0326836111640996
0.257669610518284,0.447384474787821,0.569965264744331,0.637128148671083,0.689597420375554,0.73321402361316,0.759445760883314,0.792090175514812,0.817829640390411,0.850972466836543,0.872707454323207,0.887113398169305,0.902410766756654,0.914384909372561,0.935699112108293,0.953146692148458,0.96527252284107,0.985534214129146,1,0.986987897833454,0.965883896488884,0.948806828517388,0.927755232543275,0.906719318132306,0.880019780479903,0.842783712342543,0.799555915306006,0.73129059793623,0.619355790398758,0.380035023153182,0.174889901124485,-0.0354082839011697
0.250324249815499,0.438942940767635,0.55717267430472,0.620749122396794,0.673097783355523,0.717219500324227,0.744590341273425,0.7772391827899,0.802768041464346,0.836335741933772,0.857999402507157,0.871241664323995,0.886978371859499,0.89885250691148,0.920436408761476,0.936950062729797,0.94809485770797,0.968873904724266,0.986987897833454,1,0.983555555578388,0.964897349894574,0.943567382677536,0.921805893036581,0.894189799853368,0.857404416140475,0.813243198683667,0.7418350759079,0.628575321331011,0.382505517280641,0.176956066520345,-0.0376068474628251
0.243549529636979,0.42787099356969,0.5413380364266,0.605132794628629,0.6607370416204,0.701276351476742,0.727265941280875,0.757978647640521,0.7857295502441,0.819197646574642,0.840122484334523,0.8526131529777,0.865774941896696,0.876300172639559,0.897786476002266,0.913821140121843,0.925606751899912,0.945340964149889,0.965883896488884,0.983555555578388,1,0.985774546060688,0.965461441262416,0.939999182068815,0.910871504213746,0.876216677992362,0.834894748033727,0.765738017573776,0.652176618190644,0.400332118881088,0.190457726170996,-0.0266141889110438
0.238361321206391,0.417182541628593,0.529222295507952,0.594416898808514,0.651693329731583,0.688716785211245,0.718912249040063,0.749592685427611,0.778690314767725,0.811509211227844,0.828842347819023,0.83913590237906,0.852340454604727,0.863251128334779,0.884598205518626,0.899472131563008,0.909045256690825,0.92829269845191,0.948806828517388,0.964897349894574,0.985774546060688,1,0.984104951448683,0.958584146632704,0.92769411834621,0.890970411843771,0.851501771288795,0.783017754631524,0.663866556348014,0.406450959120464,0.197085581356192,-0.0186631438623713
0.221359564011011,0.407196545997089,0.512285246894611,0.581251213113722,0.640751695858878,0.676971714468625,0.707394469816649,0.737987292865661,0.764808552837346,0.798598631463889,0.815893565065296,0.825351220110922,0.839422286394143,0.850202200219218,0.870009474396365,0.882229097470598,0.891307976188172,0.90965398951078,0.927755232543275,0.943567382677536,0.965461441262416,0.984104951448683,1,0.979230691083675,0.950456769041366,0.911886354377845,0.871694595539986,0.798851137305918,0.678870026585763,0.418464964138001,0.206624768439707,-0.0221856198120912
0.210376039523092,0.391104406847929,0.495537480933007,0.56242328518451,0.619341252014237,0.659892927051761,0.692216909842377,0.72437673033999,0.749080057514345,0.78385864990032,0.800978283272832,0.809183668409589,0.822651294772646,0.831326835525273,0.851052563172416,0.863383947325883,0.872958490822826,0.889404418268847,0.906719318132306,0.921805893036581,0.939999182068815,0.958584146632704,0.979230691083675,1,0.973850723131375,0.933467634334592,0.889924428366966,0.816482744643751,0.691990227599612,0.429854445706154,0.218744960050562,-0.0182546639388333
0.193101694925643,0.360098032536884,0.469701550030427,0.538383039684712,0.589896771773357,0.629429319216312,0.66753359410016,0.697701038940496,0.720640886927763,0.757657341585152,0.77597695298651,0.785899302642183,0.798533933949819,0.805341853522692,0.82615884550838,0.837255230145747,0.845983761909362,0.861337326606988,0.880019780479903,0.894189799853368,0.910871504213746,0.92769411834621,0.950456769041366,0.973850723131375,1,0.960904140650446,0.916144602262752,0.844693759358297,0.722087154313187,0.453939064147794,0.233384933311446,-0.0121782984237761
0.195418252961531,0.344118124700467,0.440193848041001,0.502020006747155,0.55149265529982,0.584142993099468,0.620640671002406,0.654290272217774,0.678673268518325,0.718601232456532,0.736039975664222,0.746495522873375,0.759537660217125,0.765848907743664,0.786849595324927,0.798641306496951,0.807918262763208,0.820302962538312,0.842783712342543,0.857404416140475,0.876216677992362,0.890970411843771,0.911886354377845,0.933467634334592,0.960904140650446,1,0.957498504889368,0.887524812886651,0.764695373122421,0.503145613418911,0.268667331173933,-0.016338633894854
0.176605217703057,0.315028754323683,0.408284326878135,0.47527644235005,0.525033766217571,0.556344119910167,0.589225461625509,0.618380056621913,0.643913870049746,0.682088623138372,0.700895248008192,0.713263920418704,0.729397748909592,0.732574119358714,0.748958013743361,0.759077298737242,0.769181240427627,0.779289801699961,0.799555915306006,0.813243198683667,0.834894748033727,0.851501771288795,0.871694595539986,0.889924428366966,0.916144602262752,0.957498504889368,1,0.935783961845578,0.80669265477903,0.539958034231148,0.308808266437721,-0.0109448418026005
0.160576291046228,0.293647056603103,0.368120777954343,0.428385667048582,0.472290038066713,0.505822447086492,0.533843166638848,0.561560573570723,0.586584952974286,0.624523783737688,0.645824867613238,0.664555757305176,0.675429979451186,0.678334648813892,0.693997306012189,0.699718968564576,0.706580217202801,0.713155405689016,0.73129059793623,0.7418350759079,0.765738017573776,0.783017754631524,0.798851137305918,0.816482744643751,0.844693759358297,0.887524812886651,0.935783961845578,1,0.888791834430743,0.617792849143646,0.357758956184583,0.0253071506180627
0.12433169266632,0.250272051241224,0.304532627866829,0.347494667639004,0.382757833684066,0.409494904038818,0.426298488280476,0.447584803236242,0.472437769356704,0.508813387842619,0.526775412548402,0.54719699123768,0.559701174910982,0.566850158472613,0.580617920202654,0.587784516079221,0.596073326788443,0.603732148601416,0.619355790398758,0.628575321331011,0.652176618190644,0.663866556348014,0.678870026585763,0.691990227599612,0.722087154313187,0.764695373122421,0.80669265477903,0.888791834430743,1,0.768646346622473,0.454861183058729,0.0864728493627742
0.072066915374954,0.156910893950023,0.178552171650586,0.195297963360381,0.218570337589405,0.245688632512473,0.240132305240789,0.244125796009779,0.255200873948639,0.280410068422316,0.295708947870716,0.314631260645552,0.323248266049695,0.329190383436747,0.338118593557228,0.342514845597984,0.358556130914938,0.365549548743495,0.380035023153182,0.382505517280641,0.400332118881088,0.406450959120464,0.418464964138001,0.429854445706154,0.453939064147794,0.503145613418911,0.539958034231148,0.617792849143646,0.768646346622473,1,0.635378321069817,0.142326356593775
0.056205408756641,0.0675557822108836,0.070918963513233,0.0786621171486821,0.0865456504184189,0.109856609271546,0.111399972039924,0.107989259924781,0.111229075648703,0.114767434149003,0.120891263069851,0.13272647511882,0.136549653940209,0.148283930643712,0.152144011917966,0.158160499693205,0.156925505265598,0.160709574001933,0.174889901124485,0.176956066520345,0.190457726170996,0.197085581356192,0.206624768439707,0.218744960050562,0.233384933311446,0.268667331173933,0.308808266437721,0.357758956184583,0.454861183058729,0.635378321069817,1,0.325787307333925
-0.0163089479506823,-0.0674603426049628,-0.0741546682459938,-0.0693228639586228,-0.0725476364263928,-0.0749008540733941,-0.0689228072685145,-0.0600330789193516,-0.06787116065347,-0.0544410890335118,-0.041690767923833,-0.0298805402556237,-0.0230245317872231,-0.0198004603544765,-0.0216976119183744,-0.0259964913904026,-0.0247924554157151,-0.0326836111640996,-0.0354082839011697,-0.0376068474628251,-0.0266141889110438,-0.0186631438623713,-0.0221856198120912,-0.0182546639388333,-0.0121782984237761,-0.016338633894854,-0.0109448418026005,0.0253071506180627,0.0864728493627742,0.142326356593775,0.325787307333925,1
