1,0.691070890558981,0.552780951316451,0.463145512988832,0.409966225683846,0.365899306083549,0.34881076893514,0.318371207017255,0.307912748112166,0.29659756235429,0.290026941561367,0.282852352328271,0.272373817348652,0.268626823829807,0.257697433686411,0.271707648232459,0.275502652524317,0.275179039380698,0.266010802870808,0.266203416086536,0.257341543886553,0.246320009897696,0.237135430060753,0.224841163671734,0.218261111693939,0.213469635137074,0.179255605006621,0.173515195773898,0.144731834938851,0.136745840524811,0.106464879583044,0.100982731805541
0.691070890558981,1,0.846839041301396,0.71490345399647,0.64772793684481,0.601280836340227,0.57253020863184,0.520993803265616,0.498640367866311,0.481094645799638,0.476217179763313,0.462448831683596,0.436004419229198,0.430480118142804,0.410140970525716,0.41807509980007,0.413784647542575,0.400027024236347,0.391494958560456,0.394761240631566,0.381526268684748,0.374923784977224,0.365402301908892,0.34291981021314,0.328355612722319,0.316625995958156,0.270702101518529,0.248728370677777,0.190083366455669,0.143352701686325,0.12900197843068,0.112866418387701
0.552780951316451,0.846839041301396,1,0.907687661993062,0.813403999600409,0.762939451739476,0.731920878349392,0.679228961581353,0.655382426024635,0.633608805957399,0.623724830004082,0.611721903362287,0.585955529115303,0.577844736993194,0.55500195686261,0.553926655879503,0.546188755656012,0.53141742174026,0.520373820588011,0.521949628868422,0.505533529675242,0.493511293045491,0.478372138282002,0.44725125976375,0.419956571504381,0.400712548202885,0.351317267939857,0.326551658213486,0.264930053435982,0.197318397166874,0.15737213651644,0.126386801196637
0.463145512988832,0.71490345399647,0.907687661993062,1,0.928563969878226,0.87279174415134,0.820020956123694,0.77770947060093,0.750446514519588,0.724567585729435,0.711950712177028,0.697418122509634,0.675528622548909,0.669486651834535,0.642052118556424,0.638662447779803,0.6326129106536,0.621928774271406,0.609320008934185,0.606291505542169,0.591788609671935,0.575467852864861,0.553159071199263,0.519981592381012,0.493486704797379,0.475424825374592,0.421495099872137,0.389918621384798,0.319155447780115,0.247480672171275,0.203693017864767,0.187801612147234
0.409966225683846,0.64772793684481,0.813403999600409,0.928563969878226,1,0.939381466827137,0.880305114210212,0.833784515465016,0.800175567035541,0.77228540054657,0.753997729385661,0.734524670565875,0.7106178329171,0.702830811523321,0.67780758452453,0.672384261032239,0.665115173342109,0.652363603618268,0.638776105329678,0.632912993655675,0.623880925743788,0.60534609234722,0.582585741071753,0.551872687307789,0.527442945483027,0.505508656055934,0.446480475451547,0.410461332195536,0.331788889181471,0.259586561805888,0.214868650932761,0.197161429318011
0.365899306083549,0.601280836340227,0.762939451739476,0.87279174415134,0.939381466827137,1,0.953368215455679,0.901400397270234,0.868630202360985,0.837650715517166,0.814599991279097,0.792876406138533,0.765882926881804,0.759297236650568,0.73626469371588,0.726820197805251,0.716771092424932,0.701533762144158,0.687318576118923,0.68074825980053,0.671960893181406,0.649862328854114,0.624770962193815,0.59118542824919,0.564715128986056,0.536265427444413,0.479955261551609,0.451010747527405,0.363204016397545,0.288574403937154,0.227897707566241,0.215848089535314
0.34881076893514,0.57253020863184,0.731920878349392,0.820020956123694,0.880305114210212,0.953368215455679,1,0.956892530131247,0.922859582403321,0.885299088176209,0.856435393953505,0.829005318670114,0.803019578543365,0.795094420828995,0.772470067401895,0.763598595277784,0.751097505559179,0.73254468865407,0.719037331442012,0.716006374911053,0.700613463308946,0.676481078112028,0.65266808272475,0.620408228375555,0.589845159784351,0.559643847876623,0.503464607384663,0.480182640944966,0.38428599200007,0.3128713538906,0.251637176961091,0.236772785748642
0.318371207017255,0.520993803265616,0.679228961581353,0.77770947060093,0.833784515465016,0.901400397270234,0.956892530131247,1,0.971333874462451,0.930445882294325,0.90238252424885,0.869559903691458,0.844490535496306,0.83219468144445,0.810499549869497,0.799723694362686,0.784896947451362,0.764971043453556,0.748602251631951,0.745211677090378,0.730652101225589,0.705184479786429,0.679012713159746,0.643821620962497,0.610137088703477,0.57860043284905,0.522717720682393,0.496948665983241,0.397957139355021,0.322366907522252,0.258740241788605,0.249705440375531
0.307912748112166,0.498640367866311,0.655382426024635,0.750446514519588,0.800175567035541,0.868630202360985,0.922859582403321,0.971333874462451,1,0.970789494419752,0.940872973688088,0.904525249251103,0.876513008344821,0.861160549350444,0.839380350660824,0.827833074611365,0.810095583842017,0.790181543209507,0.774408057445163,0.769227206188258,0.752353858062536,0.726308082384919,0.698682697368768,0.665555497672693,0.630158551457501,0.598455732223217,0.54033425942057,0.510679012527645,0.411799068764304,0.33070912937574,0.261849114080242,0.254587305254899
0.29659756235429,0.481094645799638,0.633608805957399,0.724567585729435,0.77228540054657,0.837650715517166,0.885299088176209,0.930445882294325,0.970789494419752,1,0.968703541104572,0.93288122565978,0.903754381189858,0.886345653540144,0.865045119289332,0.84946149360178,0.827597514031978,0.804489943552243,0.794085051445314,0.784245412743587,0.765613123856482,0.743113458093502,0.716003698435823,0.681296023154404,0.647443163005912,0.615501485261684,0.555479054652119,0.518260079651902,0.415896633171155,0.33170906259456,0.254661692615882,0.253238962913506
0.290026941561367,0.476217179763313,0.623724830004082,0.711950712177028,0.753997729385661,0.814599991279097,0.856435393953505,0.90238252424885,0.940872973688088,0.968703541104572,1,0.975419501239615,0.949263264127512,0.92814157007214,0.904954076331967,0.887559811748076,0.867067744284263,0.843681410640477,0.832520038916585,0.81948404539534,0.799925846867033,0.778450770998827,0.750847791751022,0.721353460267409,0.689033705835575,0.648165309122845,0.585030588319597,0.545650644222615,0.432728787889288,0.338054101175523,0.258398980498328,0.252532455284382
0.282852352328271,0.462448831683596,0.611721903362287,0.697418122509634,0.734524670565875,0.792876406138533,0.829005318670114,0.869559903691458,0.904525249251103,0.93288122565978,0.975419501239615,1,0.981254020589556,0.956083001693827,0.928401621206255,0.908045077015617,0.885875899267618,0.859472269987445,0.846937580197875,0.831368702705867,0.813194771891995,0.78974180935183,0.76022655311804,0.729450307329806,0.697494517638475,0.657492700085726,0.590627453917564,0.552046748216197,0.438410150950565,0.333246644438439,0.258072999097346,0.25830493277278
0.272373817348652,0.436004419229198,0.585955529115303,0.675528622548909,0.7106178329171,0.765882926881804,0.803019578543365,0.844490535496306,0.876513008344821,0.903754381189858,0.949263264127512,0.981254020589556,1,0.979505725630042,0.950179411804361,0.92842036950287,0.906002538900502,0.876646290929917,0.861474750704835,0.840998073834318,0.824892664645955,0.800711364011191,0.769174225911261,0.741216227182507,0.709048815656373,0.671127213704018,0.601811400226931,0.56480680857428,0.464116591282885,0.347540470720628,0.266787079245089,0.256499343196783
0.268626823829807,0.430480118142804,0.577844736993194,0.669486651834535,0.702830811523321,0.759297236650568,0.795094420828995,0.83219468144445,0.861160549350444,0.886345653540144,0.92814157007214,0.956083001693827,0.979505725630042,1,0.979162239934184,0.957063411266994,0.93348844063936,0.901585878437464,0.883626513957469,0.861076778018026,0.843643305951727,0.816328660005873,0.784322203445657,0.760064047759336,0.724345962262956,0.690017279025374,0.612587311877438,0.578641131802995,0.489922190847449,0.369763435196362,0.27353949661553,0.254997995425947
0.257697433686411,0.410140970525716,0.55500195686261,0.642052118556424,0.67780758452453,0.73626469371588,0.772470067401895,0.810499549869497,0.839380350660824,0.865045119289332,0.904954076331967,0.928401621206255,0.950179411804361,0.979162239934184,1,0.978804702500581,0.954076251327189,0.922100683192106,0.902553709927251,0.87911016382834,0.860443760217788,0.833145890940578,0.80335075551334,0.777860973116489,0.740262071550428,0.706433419271905,0.628541550456933,0.589952611650019,0.502320160486388,0.390393808143445,0.286231928721919,0.27069043976747
0.271707648232459,0.41807509980007,0.553926655879503,0.638662447779803,0.672384261032239,0.726820197805251,0.763598595277784,0.799723694362686,0.827833074611365,0.84946149360178,0.887559811748076,0.908045077015617,0.92842036950287,0.957063411266994,0.978804702500581,1,0.98203203862708,0.950701792369772,0.928044233415704,0.903263870461871,0.883443620637654,0.854876311872645,0.825995865245826,0.800692443649503,0.762333003547728,0.724260297491485,0.640562444168424,0.601721475678012,0.510041772622309,0.396542957466974,0.296359162751712,0.297409556273009
0.275502652524317,0.413784647542575,0.546188755656012,0.6326129106536,0.665115173342109,0.716771092424932,0.751097505559179,0.784896947451362,0.810095583842017,0.827597514031978,0.867067744284263,0.885875899267618,0.906002538900502,0.93348844063936,0.954076251327189,0.98203203862708,1,0.976950767554273,0.952896156064509,0.928242091262181,0.906570237391115,0.8790760209087,0.849460863354423,0.821564219432138,0.780020312553586,0.741259035676805,0.649160756078161,0.615037977580343,0.520138985918527,0.404729285714048,0.309983157420771,0.30602094482812
0.275179039380698,0.400027024236347,0.53141742174026,0.621928774271406,0.652363603618268,0.701533762144158,0.73254468865407,0.764971043453556,0.790181543209507,0.804489943552243,0.843681410640477,0.859472269987445,0.876646290929917,0.901585878437464,0.922100683192106,0.950701792369772,0.976950767554273,1,0.978191350218801,0.954006879724045,0.931406126170819,0.900736541411185,0.871189438980646,0.841178126292997,0.798565970962317,0.752631456941316,0.661609458789216,0.626749652286013,0.536016448697437,0.425227093461096,0.330736605094401,0.32861092638283
0.266010802870808,0.391494958560456,0.520373820588011,0.609320008934185,0.638776105329678,0.687318576118923,0.719037331442012,0.748602251631951,0.774408057445163,0.794085051445314,0.832520038916585,0.846937580197875,0.861474750704835,0.883626513957469,0.902553709927251,0.928044233415704,0.952896156064509,0.978191350218801,1,0.981560658041467,0.956433186787913,0.930777129930511,0.898437372771066,0.870495720581628,0.833825295821978,0.788736404934365,0.712215866622595,0.669238111511122,0.559946052283298,0.43402906942556,0.335152411481923,0.322924866206926
0.266203416086536,0.394761240631566,0.521949628868422,0.606291505542169,0.632912993655675,0.68074825980053,0.716006374911053,0.745211677090378,0.769227206188258,0.784245412743587,0.81948404539534,0.831368702705867,0.840998073834318,0.861076778018026,0.87911016382834,0.903263870461871,0.928242091262181,0.954006879724045,0.981560658041467,1,0.977829008541839,0.947872459288154,0.912175991791366,0.882123610282283,0.840638938227347,0.794755069295944,0.71559012157273,0.675253542288196,0.564020403482366,0.432830150208897,0.339726249369857,0.331172888483024
0.257341543886553,0.381526268684748,0.505533529675242,0.591788609671935,0.623880925743788,0.671960893181406,0.700613463308946,0.730652101225589,0.752353858062536,0.765613123856482,0.799925846867033,0.813194771891995,0.824892664645955,0.843643305951727,0.860443760217788,0.883443620637654,0.906570237391115,0.931406126170819,0.956433186787913,0.977829008541839,1,0.974930545177777,0.938537301555007,0.905602734220761,0.862088114494135,0.812369541743516,0.738088990810214,0.698455716992502,0.578585253142489,0.443282561226172,0.355555017908443,0.33832618479234
0.246320009897696,0.374923784977224,0.493511293045491,0.575467852864861,0.60534609234722,0.649862328854114,0.676481078112028,0.705184479786429,0.726308082384919,0.743113458093502,0.778450770998827,0.78974180935183,0.800711364011191,0.816328660005873,0.833145890940578,0.854876311872645,0.8790760209087,0.900736541411185,0.930777129930511,0.947872459288154,0.974930545177777,1,0.975809854553521,0.944649556783666,0.908111394242794,0.858193144091762,0.789069264984311,0.740034307736921,0.609080350085052,0.457478941631843,0.367743626437171,0.336709001136931
0.237135430060753,0.365402301908892,0.478372138282002,0.553159071199263,0.582585741071753,0.624770962193815,0.65266808272475,0.679012713159746,0.698682697368768,0.716003698435823,0.750847791751022,0.76022655311804,0.769174225911261,0.784322203445657,0.80335075551334,0.825995865245826,0.849460863354423,0.871189438980646,0.898437372771066,0.912175991791366,0.938537301555007,0.975809854553521,1,0.972617386210495,0.935569243074163,0.882264307803022,0.809474687810769,0.755747353716992,0.624087147337249,0.455105771317478,0.369099811036094,0.342592613267737
0.224841163671734,0.34291981021314,0.44725125976375,0.519981592381012,0.551872687307789,0.59118542824919,0.620408228375555,0.643821620962497,0.665555497672693,0.681296023154404,0.721353460267409,0.729450307329806,0.741216227182507,0.760064047759336,0.777860973116489,0.800692443649503,0.821564219432138,0.841178126292997,0.870495720581628,0.882123610282283,0.905602734220761,0.944649556783666,0.972617386210495,1,0.968932582108721,0.915492869758193,0.843076268112368,0.782884136647281,0.64929886333637,0.47589886996472,0.380368387804042,0.349847256816
0.218261111693939,0.328355612722319,0.419956571504381,0.493486704797379,0.527442945483027,0.564715128986056,0.589845159784351,0.610137088703477,0.630158551457501,0.647443163005912,0.689033705835575,0.697494517638475,0.709048815656373,0.724345962262956,0.740262071550428,0.762333003547728,0.780020312553586,0.798565970962317,0.833825295821978,0.840638938227347,0.862088114494135,0.908111394242794,0.935569243074163,0.968932582108721,1,0.958980344002776,0.899139229607313,0.837416125889862,0.693056310169313,0.501339141363035,0.395805702386755,0.370029283698416
0.213469635137074,0.316625995958156,0.400712548202885,0.475424825374592,0.505508656055934,0.536265427444413,0.559643847876623,0.57860043284905,0.598455732223217,0.615501485261684,0.648165309122845,0.657492700085726,0.671127213704018,0.690017279025374,0.706433419271905,0.724260297491485,0.741259035676805,0.752631456941316,0.788736404934365,0.794755069295944,0.812369541743516,0.858193144091762,0.882264307803022,0.915492869758193,0.958980344002776,1,0.931920374804947,0.872477069614481,0.737715843190718,0.533956126369925,0.428653901894029,0.369554179278242
0.179255605006621,0.270702101518529,0.351317267939857,0.421495099872137,0.446480475451547,0.479955261551609,0.503464607384663,0.522717720682393,0.54033425942057,0.555479054652119,0.585030588319597,0.590627453917564,0.601811400226931,0.612587311877438,0.628541550456933,0.640562444168424,0.649160756078161,0.661609458789216,0.712215866622595,0.71559012157273,0.738088990810214,0.789069264984311,0.809474687810769,0.843076268112368,0.899139229607313,0.931920374804947,1,0.932536587344054,0.752210155878911,0.538029555590502,0.386298674148542,0.323092899132771
0.173515195773898,0.248728370677777,0.326551658213486,0.389918621384798,0.410461332195536,0.451010747527405,0.480182640944966,0.496948665983241,0.510679012527645,0.518260079651902,0.545650644222615,0.552046748216197,0.56480680857428,0.578641131802995,0.589952611650019,0.601721475678012,0.615037977580343,0.626749652286013,0.669238111511122,0.675253542288196,0.698455716992502,0.740034307736921,0.755747353716992,0.782884136647281,0.837416125889862,0.872477069614481,0.932536587344054,1,0.837727790244334,0.619129939923646,0.446783157684336,0.345526904139669
0.144731834938851,0.190083366455669,0.264930053435982,0.319155447780115,0.331788889181471,0.363204016397545,0.38428599200007,0.397957139355021,0.411799068764304,0.415896633171155,0.432728787889288,0.438410150950565,0.464116591282885,0.489922190847449,0.502320160486388,0.510041772622309,0.520138985918527,0.536016448697437,0.559946052283298,0.564020403482366,0.578585253142489,0.609080350085052,0.624087147337249,0.64929886333637,0.693056310169313,0.737715843190718,0.752210155878911,0.837727790244334,1,0.756544079088839,0.551833940938102,0.401670196047522
0.136745840524811,0.143352701686325,0.197318397166874,0.247480672171275,0.259586561805888,0.288574403937154,0.3128713538906,0.322366907522252,0.33070912937574,0.33170906259456,0.338054101175523,0.333246644438439,0.347540470720628,0.369763435196362,0.390393808143445,0.396542957466974,0.404729285714048,0.425227093461096,0.43402906942556,0.432830150208897,0.443282561226172,0.457478941631843,0.455105771317478,0.47589886996472,0.501339141363035,0.533956126369925,0.538029555590502,0.619129939923646,0.756544079088839,1,0.784377332305859,0.596434181124475
0.106464879583044,0.12900197843068,0.15737213651644,0.203693017864767,0.214868650932761,0.227897707566241,0.251637176961091,0.258740241788605,0.261849114080242,0.254661692615882,0.258398980498328,0.258072999097346,0.266787079245089,0.27353949661553,0.286231928721919,0.296359162751712,0.309983157420771,0.330736605094401,0.335152411481923,0.339726249369857,0.355555017908443,0.367743626437171,0.369099811036094,0.380368387804042,0.395805702386755,0.428653901894029,0.386298674148542,0.446783157684336,0.551833940938102,0.784377332305859,1,0.694850409660794
0.100982731805541,0.112866418387701,0.126386801196637,0.187801612147234,0.197161429318011,0.215848089535314,0.236772785748642,0.249705440375531,0.254587305254899,0.253238962913506,0.252532455284382,0.25830493277278,0.256499343196783,0.254997995425947,0.27069043976747,0.297409556273009,0.30602094482812,0.32861092638283,0.322924866206926,0.331172888483024,0.33832618479234,0.336709001136931,0.342592613267737,0.349847256816,0.370029283698416,0.369554179278242,0.323092899132771,0.345526904139669,0.401670196047522,0.596434181124475,0.694850409660794,1
