1,0.991070224016587,0.95530382782519,0.877648226790344,0.854607307004764,0.840272497440186,0.810289543619677,0.776569073233951,0.75984836308445,0.732712449887844,0.69750522178888,0.665249141607227,0.621208583976016,0.571901519291827,0.532851259033687,0.516583979894249,0.496658724438626,0.475340009566984,0.463382683329687,0.450576954131245,0.435934517938858,0.421678644581419,0.407023431358484,0.391627441044733,0.3772197901255,0.379180586137763,0.37070834862894,0.357077216990193,0.348217275534503,0.328687015005714,0.300849917770125,0.279018531672248
0.991070224016587,1,0.986192202161477,0.933722055285632,0.915047464327657,0.898777538254052,0.8657191333765,0.828956077428682,0.811130698505651,0.782186534957766,0.744624781374541,0.710056524164646,0.66288932252444,0.610132952715135,0.568452326472772,0.55136506491427,0.530338324499903,0.50778936610595,0.495154974072704,0.481571117927879,0.466005133816372,0.450976282998641,0.4358836950075,0.419859133798073,0.404788502289154,0.406756669155767,0.397438248632577,0.382665176500926,0.3733121231126,0.353219450646055,0.323808649098186,0.300639968260357
0.95530382782519,0.986192202161477,1,0.980115715428819,0.967328915946081,0.949060736280498,0.913005826474602,0.873379322769193,0.854625805158984,0.824156517840104,0.784605749058291,0.748026539074169,0.698150537223355,0.642423794055912,0.598514121215822,0.580833913550058,0.558962696981007,0.535447249419694,0.522286539964228,0.50807449201816,0.491749059928352,0.476134390649927,0.460874377862111,0.444468137518413,0.428949340053197,0.43087765732104,0.420740319811688,0.404916821687337,0.395184215454551,0.374893319860481,0.344260310934658,0.320007617102608
0.877648226790344,0.933722055285632,0.980115715428819,1,0.994733728227506,0.974736737861353,0.936404865551263,0.89479093632886,0.875608494351528,0.844421768699227,0.803928556004043,0.766272366546673,0.714967613118764,0.657711837786876,0.612730905940945,0.594984300605332,0.572897977448685,0.549081125168303,0.53576921266946,0.521322195241808,0.504681511074478,0.488933739524047,0.474029021888848,0.457763113866369,0.442272656154635,0.444082979719249,0.433333710338042,0.416828026987736,0.406995188864505,0.387205954624179,0.356224424374443,0.331556366322131
0.854607307004764,0.915047464327657,0.967328915946081,0.994733728227506,1,0.991829856243932,0.965663656372255,0.933038899916083,0.915131030688293,0.884617972241664,0.844239925387909,0.806203707687381,0.753451510576546,0.694192986197495,0.647700438617564,0.629895143826664,0.607369799315208,0.582887674814176,0.569129864691982,0.553999222528858,0.53649620556964,0.520235658807147,0.505725227787421,0.489442069516032,0.473744700377004,0.475340520034694,0.463275084617453,0.44524126218731,0.434415335933074,0.412980147205132,0.379751309918872,0.353333974089916
0.840272497440186,0.898777538254052,0.949060736280498,0.974736737861353,0.991829856243932,1,0.990915578628095,0.971097226849631,0.955143948026429,0.925958789703495,0.886300254263473,0.848345091851375,0.794458525214664,0.733400964882509,0.685539241356022,0.667803635733064,0.644917923573164,0.619812819855074,0.605603522061435,0.589738513435783,0.57130320097109,0.554514767407831,0.540531919388433,0.524302620869353,0.508434411351328,0.50976683292379,0.496210602265976,0.476466748251685,0.464423301358263,0.440801237532545,0.404915698200208,0.376476304550006
0.810289543619677,0.8657191333765,0.913005826474602,0.936404865551263,0.965663656372255,0.990915578628095,1,0.994033241793973,0.980422879587608,0.953154136733711,0.914955990733119,0.877757994519132,0.823629208283016,0.761755628556288,0.713297520884415,0.69594926122769,0.673088662133371,0.647771097222261,0.633337299547413,0.616978874731287,0.597886972182908,0.58083914125218,0.567659948362207,0.551774649983173,0.536007165273431,0.537038324828763,0.522150370577847,0.500953174245789,0.487839324540513,0.462329852174133,0.424278634263737,0.394210842085947
0.776569073233951,0.828956077428682,0.873379322769193,0.89479093632886,0.933038899916083,0.971097226849631,0.994033241793973,1,0.992536068181012,0.971070752256823,0.938132600686119,0.903878832254784,0.851107446652786,0.789767228112409,0.741572678811835,0.724697294490816,0.701929704143178,0.676452685659543,0.661308628838928,0.643892295870076,0.623687181105942,0.605892891638795,0.592799805446458,0.576726426136474,0.560659780707707,0.561404806116235,0.545405934449328,0.52296189812368,0.508793415746818,0.48114099210221,0.440919489411611,0.409267713364727
0.75984836308445,0.811130698505651,0.854625805158984,0.875608494351528,0.915131030688293,0.955143948026429,0.980422879587608,0.992536068181012,1,0.992943767857512,0.973359326602434,0.94625903747564,0.897170162708925,0.837879480321603,0.790649709198836,0.773913276847542,0.750720101445252,0.724470400998627,0.707006071514423,0.686688350108102,0.663720274480292,0.643490400382813,0.628275035078438,0.610209526687764,0.592383611021217,0.592930029856002,0.576003592754313,0.552280136987697,0.536772970003928,0.505709536864904,0.462308882713696,0.428388556118732
0.732712449887844,0.782186534957766,0.824156517840104,0.844421768699227,0.884617972241664,0.925958789703495,0.953154136733711,0.971070752256823,0.992943767857512,1,0.993681104185816,0.973924810366262,0.929119493925731,0.872670488352058,0.827054928123368,0.810693181854468,0.787418157182847,0.760792840513558,0.741322254914566,0.718474041721164,0.693148019606919,0.670839346044932,0.653778062365265,0.634033991595808,0.614752516994335,0.615097988328892,0.597511870595709,0.572883883571997,0.556296946055885,0.52236127945018,0.476490449037929,0.440849715490625
0.69750522178888,0.744624781374541,0.784605749058291,0.803928556004043,0.844239925387909,0.886300254263473,0.914955990733119,0.938132600686119,0.973359326602434,0.993681104185816,1,0.987451482600667,0.947282855150504,0.894257156113804,0.850762314339923,0.834967865655973,0.811917889466216,0.78528312028528,0.764166709493096,0.739220389843142,0.711991778479513,0.688005506532659,0.6694188402265,0.648342656639589,0.62793412639702,0.628084913333523,0.610102992701976,0.584938981806702,0.567545645040524,0.531332527498308,0.48371991551955,0.446914081101525
0.665249141607227,0.710056524164646,0.748026539074169,0.766272366546673,0.806203707687381,0.848345091851375,0.877757994519132,0.903878832254784,0.94625903747564,0.973924810366262,0.987451482600667,1,0.985839351359283,0.953355216865195,0.922452266904842,0.907801787521459,0.884940295598617,0.857861253547867,0.83360450297483,0.804491311682329,0.773259008977005,0.745982795573266,0.7252329308306,0.701927355886478,0.679451627607958,0.678215645202628,0.657508043973359,0.629490672014084,0.610139429615141,0.570887848593622,0.519537850116416,0.479880202182744
0.621208583976016,0.66288932252444,0.698150537223355,0.714967613118764,0.753451510576546,0.794458525214664,0.823629208283016,0.851107446652786,0.897170162708925,0.929119493925731,0.947282855150504,0.985839351359283,1,0.990473181939291,0.973911107412926,0.960766633663533,0.938630083302451,0.911730283183103,0.884965967738648,0.85242806248045,0.817958558903678,0.788090311737631,0.765809550706569,0.740915338809124,0.716961639792874,0.714252245232528,0.691106886287201,0.660725151043155,0.63986200230927,0.598744667957997,0.544916909710126,0.503340312427355
0.571901519291827,0.610132952715135,0.642423794055912,0.657711837786876,0.694192986197495,0.733400964882509,0.761755628556288,0.789767228112409,0.837879480321603,0.872670488352058,0.894257156113804,0.953355216865195,0.990473181939291,1,0.995564743516418,0.983935046571571,0.962862108401295,0.936678570537621,0.908421298577305,0.873759433930649,0.837360816475625,0.80599591310272,0.782929365691684,0.757257240162117,0.73259660762242,0.728734594121321,0.704077042939854,0.6723964729531,0.650733142052965,0.608953535999516,0.554229830828347,0.511956994153221
0.532851259033687,0.568452326472772,0.598514121215822,0.612730905940945,0.647700438617564,0.685539241356022,0.713297520884415,0.741572678811835,0.790649709198836,0.827054928123368,0.850762314339923,0.922452266904842,0.973911107412926,0.995564743516418,1,0.993192618573273,0.976222258515818,0.953467276182975,0.9266335631581,0.892476944895538,0.856314690859803,0.825084072215312,0.802083919879447,0.776269098705302,0.751380999689847,0.745103905379444,0.717484254480242,0.683515328487419,0.661791868254549,0.624008602367678,0.570763150817339,0.529086360090878
0.516583979894249,0.55136506491427,0.580833913550058,0.594984300605332,0.629895143826664,0.667803635733064,0.69594926122769,0.724697294490816,0.773913276847542,0.810693181854468,0.834967865655973,0.907801787521459,0.960766633663533,0.983935046571571,0.993192618573273,1,0.994827118525265,0.982096052501224,0.962942669015507,0.934412936912723,0.902440556747306,0.874205754800244,0.852596790713658,0.827341521788319,0.802578264230967,0.790108681668722,0.754607601436731,0.714519000613346,0.693801261007456,0.670727026453185,0.623367954820752,0.584293850321207
0.496658724438626,0.530338324499903,0.558962696981007,0.572897977448685,0.607369799315208,0.644917923573164,0.673088662133371,0.701929704143178,0.750720101445252,0.787418157182847,0.811917889466216,0.884940295598617,0.938630083302451,0.962862108401295,0.976222258515818,0.994827118525265,1,0.996151983399124,0.983909212421581,0.960603500544821,0.932640202884086,0.907331652740765,0.887175973568435,0.862689248338073,0.838309967762419,0.820578596270669,0.778598709422938,0.733618650146325,0.714008137483524,0.704017634369347,0.662318064482488,0.625947790745314
0.475340009566984,0.50778936610595,0.535447249419694,0.549081125168303,0.582887674814176,0.619812819855074,0.647771097222261,0.676452685659543,0.724470400998627,0.760792840513558,0.78528312028528,0.857861253547867,0.911730283183103,0.936678570537621,0.953467276182975,0.982096052501224,0.996151983399124,1,0.993821266694518,0.975216391292507,0.950944424424505,0.928370904642533,0.909636594565219,0.886016457911158,0.862171079288571,0.840047346248547,0.792826618580445,0.744000173627216,0.725507929803444,0.726888743929105,0.69041860410695,0.6566833963349
0.463382683329687,0.495154974072704,0.522286539964228,0.53576921266946,0.569129864691982,0.605603522061435,0.633337299547413,0.661308628838928,0.707006071514423,0.741322254914566,0.764166709493096,0.83360450297483,0.884965967738648,0.908421298577305,0.9266335631581,0.962942669015507,0.983909212421581,0.993821266694518,1,0.993666217200279,0.979214344441831,0.963493353248615,0.946821760722097,0.924412796831226,0.901278239311377,0.876664148220121,0.825428139276081,0.773192116472309,0.754779692720523,0.762117588146834,0.727195735608392,0.693747626205863
0.450576954131245,0.481571117927879,0.50807449201816,0.521322195241808,0.553999222528858,0.589738513435783,0.616978874731287,0.643892295870076,0.686688350108102,0.718474041721164,0.739220389843142,0.804491311682329,0.85242806248045,0.873759433930649,0.892476944895538,0.934412936912723,0.960603500544821,0.975216391292507,0.993666217200279,1,0.995804405018081,0.98725846915776,0.972716204204453,0.95168390398155,0.929457265336385,0.903457633942853,0.849624580733034,0.795116969218985,0.776695813599651,0.787670230187076,0.753486153798869,0.720022969652809
0.435934517938858,0.466005133816372,0.491749059928352,0.504681511074478,0.53649620556964,0.57130320097109,0.597886972182908,0.623687181105942,0.663720274480292,0.693148019606919,0.711991778479513,0.773259008977005,0.817958558903678,0.837360816475625,0.856314690859803,0.902440556747306,0.932640202884086,0.950944424424505,0.979214344441831,0.995804405018081,1,0.99737682681551,0.984704546266708,0.9649900207474,0.943710617105273,0.91682588888916,0.861381516330791,0.805533921563264,0.78727795496948,0.80111103534078,0.767847484579826,0.734685017726227
0.421678644581419,0.450976282998641,0.476134390649927,0.488933739524047,0.520235658807147,0.554514767407831,0.58083914125218,0.605892891638795,0.643490400382813,0.670839346044932,0.688005506532659,0.745982795573266,0.788090311737631,0.80599591310272,0.825084072215312,0.874205754800244,0.907331652740765,0.928370904642533,0.963493353248615,0.98725846915776,0.99737682681551,1,0.992565679029868,0.976802539467972,0.95853495687141,0.931910450623173,0.875427689446158,0.818578631969377,0.800109734239233,0.814656656986088,0.781100849534341,0.747534269867666
0.407023431358484,0.4358836950075,0.460874377862111,0.474029021888848,0.505725227787421,0.540531919388433,0.567659948362207,0.592799805446458,0.628275035078438,0.653778062365265,0.6694188402265,0.7252329308306,0.765809550706569,0.782929365691684,0.802083919879447,0.852596790713658,0.887175973568435,0.909636594565219,0.946821760722097,0.972716204204453,0.984704546266708,0.992565679029868,1,0.995603942312475,0.986093261592816,0.962368707854715,0.905503827238954,0.847755215395978,0.827968452408042,0.838399256232933,0.801309684563069,0.765283306706694
0.391627441044733,0.419859133798073,0.444468137518413,0.457763113866369,0.489442069516032,0.524302620869353,0.551774649983173,0.576726426136474,0.610209526687764,0.634033991595808,0.648342656639589,0.701927355886478,0.740915338809124,0.757257240162117,0.776269098705302,0.827341521788319,0.862689248338073,0.886016457911158,0.924412796831226,0.95168390398155,0.9649900207474,0.976802539467972,0.995603942312475,1,0.99732449298018,0.97607164983637,0.919488019493638,0.861631402136728,0.841030650904413,0.848188327997208,0.808754559291201,0.771199708013573
0.3772197901255,0.404788502289154,0.428949340053197,0.442272656154635,0.473744700377004,0.508434411351328,0.536007165273431,0.560659780707707,0.592383611021217,0.614752516994335,0.62793412639702,0.679451627607958,0.716961639792874,0.73259660762242,0.751380999689847,0.802578264230967,0.838309967762419,0.862171079288571,0.901278239311377,0.929457265336385,0.943710617105273,0.95853495687141,0.986093261592816,0.99732449298018,1,0.98080604377754,0.924787450840888,0.867199840347492,0.846089591196665,0.850648969192015,0.809626418370118,0.771107962487671
0.379180586137763,0.406756669155767,0.43087765732104,0.444082979719249,0.475340520034694,0.50976683292379,0.537038324828763,0.561404806116235,0.592930029856002,0.615097988328892,0.628084913333523,0.678215645202628,0.714252245232528,0.728734594121321,0.745103905379444,0.790108681668722,0.820578596270669,0.840047346248547,0.876664148220121,0.903457633942853,0.91682588888916,0.931910450623173,0.962368707854715,0.97607164983637,0.98080604377754,1,0.981144775763372,0.947479748469487,0.932153912275881,0.903788956255016,0.841508880451201,0.789747328953685
0.37070834862894,0.397438248632577,0.420740319811688,0.433333710338042,0.463275084617453,0.496210602265976,0.522150370577847,0.545405934449328,0.576003592754313,0.597511870595709,0.610102992701976,0.657508043973359,0.691106886287201,0.704077042939854,0.717484254480242,0.754607601436731,0.778598709422938,0.792826618580445,0.825428139276081,0.849624580733034,0.861381516330791,0.875427689446158,0.905503827238954,0.919488019493638,0.924787450840888,0.981144775763372,1,0.991426952725566,0.982574875797006,0.922979949469528,0.842135803038865,0.77928069402143
0.357077216990193,0.382665176500926,0.404916821687337,0.416828026987736,0.44524126218731,0.476466748251685,0.500953174245789,0.52296189812368,0.552280136987697,0.572883883571997,0.584938981806702,0.629490672014084,0.660725151043155,0.6723964729531,0.683515328487419,0.714519000613346,0.733618650146325,0.744000173627216,0.773192116472309,0.795116969218985,0.805533921563264,0.818578631969377,0.847755215395978,0.861631402136728,0.867199840347492,0.947479748469487,0.991426952725566,1,0.995713204625222,0.916275967376523,0.824605266946619,0.755590482824034
0.348217275534503,0.3733121231126,0.395184215454551,0.406995188864505,0.434415335933074,0.464423301358263,0.487839324540513,0.508793415746818,0.536772970003928,0.556296946055885,0.567545645040524,0.610139429615141,0.63986200230927,0.650733142052965,0.661791868254549,0.693801261007456,0.714008137483524,0.725507929803444,0.754779692720523,0.776695813599651,0.78727795496948,0.800109734239233,0.827968452408042,0.841030650904413,0.846089591196665,0.932153912275881,0.982574875797006,0.995713204625222,1,0.941328556786749,0.860064053277599,0.796647355787622
0.328687015005714,0.353219450646055,0.374893319860481,0.387205954624179,0.412980147205132,0.440801237532545,0.462329852174133,0.48114099210221,0.505709536864904,0.52236127945018,0.531332527498308,0.570887848593622,0.598744667957997,0.608953535999516,0.624008602367678,0.670727026453185,0.704017634369347,0.726888743929105,0.762117588146834,0.787670230187076,0.80111103534078,0.814656656986088,0.838399256232933,0.848188327997208,0.850648969192015,0.903788956255016,0.922979949469528,0.916275967376523,0.941328556786749,1,0.981786342388914,0.953901773024595
0.300849917770125,0.323808649098186,0.344260310934658,0.356224424374443,0.379751309918872,0.404915698200208,0.424278634263737,0.440919489411611,0.462308882713696,0.476490449037929,0.48371991551955,0.519537850116416,0.544916909710126,0.554229830828347,0.570763150817339,0.623367954820752,0.662318064482488,0.69041860410695,0.727195735608392,0.753486153798869,0.767847484579826,0.781100849534341,0.801309684563069,0.808754559291201,0.809626418370118,0.841508880451201,0.842135803038865,0.824605266946619,0.860064053277599,0.981786342388914,1,0.99354684797815
0.279018531672248,0.300639968260357,0.320007617102608,0.331556366322131,0.353333974089916,0.376476304550006,0.394210842085947,0.409267713364727,0.428388556118732,0.440849715490625,0.446914081101525,0.479880202182744,0.503340312427355,0.511956994153221,0.529086360090878,0.584293850321207,0.625947790745314,0.6566833963349,0.693747626205863,0.720022969652809,0.734685017726227,0.747534269867666,0.765283306706694,0.771199708013573,0.771107962487671,0.789747328953685,0.77928069402143,0.755590482824034,0.796647355787622,0.953901773024595,0.99354684797815,1
