1,0.985801116505289,0.915188677417086,0.829063866770277,0.818857234385473,0.791347613427246,0.768594098626345,0.749224088360735,0.71411905934317,0.682878048195237,0.649686173931145,0.608844290947639,0.590784017451374,0.573307468911456,0.551361426571216,0.532194723926136,0.512661729145013,0.493661394886463,0.480560270043445,0.466637994423694,0.455417959075247,0.450042527462175,0.437188843237476,0.413048417021117,0.367644503748931,0.331001348362954,0.333358056778464,0.349646112976422,0.34842536601782,0.378881390454074,0.383356768536603,0.369632990607907
0.985801116505289,1,0.969868927972798,0.910783436123231,0.898775152051341,0.867680898358658,0.842775435654513,0.822422063252914,0.784834636575467,0.752302350611889,0.717930680597845,0.675010374287802,0.656127995227194,0.637580670504044,0.614004025388343,0.592826063245921,0.571182050611967,0.550176712454919,0.536575536220644,0.521963549032426,0.510462878474452,0.506037498199156,0.492902541772477,0.46706377976086,0.417192198866954,0.376617422676104,0.378787703385093,0.395674791459162,0.393262018618034,0.422331280689954,0.422091763956416,0.40405483859545
0.915188677417086,0.969868927972798,1,0.983142789567907,0.969129731522593,0.934412083313598,0.907647908144196,0.886900362703545,0.847618161612651,0.814862818502462,0.780523149390177,0.736764733502154,0.717647518739915,0.698487569560553,0.673741206836683,0.650719550708598,0.627110750494375,0.604262036917358,0.590625360810978,0.575753980300595,0.564429593351941,0.561607129996645,0.548730443447078,0.521738453001252,0.467914911374341,0.423694268353225,0.425483962633561,0.442383458587407,0.438363605874968,0.463946104941666,0.456878000803235,0.433498271376444
0.829063866770277,0.910783436123231,0.983142789567907,1,0.991685738732217,0.962890050106083,0.939146862048154,0.918844871615686,0.879390832622911,0.847423251474706,0.814067778967117,0.770787400407015,0.751784372678772,0.732371661715978,0.707056788899996,0.683229932353801,0.658731177136801,0.635025503664815,0.621387866850484,0.606386336203381,0.595225096965335,0.593552353760193,0.581009971181506,0.553974603353138,0.499023228765101,0.453356619095595,0.454630247060322,0.470476361516957,0.464781879618242,0.486629319723566,0.474028383721278,0.44678767566136
0.818857234385473,0.898775152051341,0.969129731522593,0.991685738732217,1,0.989615180586225,0.974535765417292,0.954343343734584,0.914296569996642,0.88198705251931,0.848183885671955,0.804000724584496,0.784130061709672,0.76362058435958,0.736974863448111,0.712594543170983,0.687503159809552,0.663129216121625,0.648428592653566,0.632347670825194,0.620337406329848,0.61837812631731,0.605134826340059,0.577857109635901,0.522834930907789,0.476544653160802,0.477375204487269,0.491977906954997,0.48470991549747,0.505720885278847,0.491189360424503,0.462127417906608
0.791347613427246,0.867680898358658,0.934412083313598,0.962890050106083,0.989615180586225,1,0.994894853620606,0.975222048646345,0.935300978545531,0.903245104523552,0.869606830213447,0.825284413678919,0.804835479486324,0.783504352931835,0.755896220755308,0.73137727971411,0.706117516128705,0.681476584851983,0.665877772922814,0.648907491688275,0.636185113515156,0.633944308569648,0.620178590985209,0.593166773373475,0.539147902982543,0.493071598074331,0.49339088435795,0.506317403271019,0.497434742986392,0.517098028410319,0.50069585772706,0.470171263517433
0.768594098626345,0.842775435654513,0.907647908144196,0.939146862048154,0.974535765417292,0.994894853620606,1,0.990643897094138,0.961166513770324,0.934561255440146,0.903787865593045,0.861737844212115,0.842307410238346,0.821376294108811,0.793770130786117,0.770650760841195,0.746528046301771,0.722671229175096,0.706838871392701,0.689484270748746,0.676230027730289,0.672697783007327,0.657150656042723,0.631173609304308,0.581126708598913,0.536448510296388,0.535226182875588,0.542832243403334,0.529135665839148,0.54599322024029,0.525826264444425,0.492103616268558
0.749224088360735,0.822422063252914,0.886900362703545,0.918844871615686,0.954343343734584,0.975222048646345,0.990643897094138,1,0.989835856224367,0.97316124595126,0.947600598774531,0.909940394394036,0.892924541505095,0.873472336413721,0.846736135341909,0.826362805539487,0.804525794066333,0.7823845374616,0.766915066786414,0.749637693611807,0.736028447788548,0.730346847122978,0.711963909806955,0.6877092213755,0.644228140160942,0.602014437480382,0.598374332415632,0.597545292805801,0.576326593080801,0.589121527588502,0.563609257474894,0.525256787963936
0.71411905934317,0.784834636575467,0.847618161612651,0.879390832622911,0.914296569996642,0.935300978545531,0.961166513770324,0.989835856224367,1,0.994005944933018,0.974386388883382,0.942050673487733,0.927889851984526,0.910366155523403,0.885068944582614,0.867962912505471,0.848942639795597,0.829030048328541,0.8142467917332,0.797393955775654,0.7836857832108,0.775877531454303,0.754905538234181,0.732928685471055,0.697155571521115,0.658350703022107,0.652263576644883,0.642661023991619,0.614026242524836,0.62233281761641,0.59175836861888,0.549345017616447
0.682878048195237,0.752302350611889,0.814862818502462,0.847423251474706,0.88198705251931,0.903245104523552,0.934561255440146,0.97316124595126,0.994005944933018,1,0.992608309202452,0.9717436683794,0.960778026474917,0.94429910387918,0.919644637817944,0.90531195127402,0.888705429758281,0.870731374026313,0.857070969606502,0.841058311975012,0.827631069746738,0.818041277830995,0.794824622297909,0.77524345491942,0.747048012123499,0.711646532725052,0.704520788859015,0.688659367159513,0.654256358628107,0.656362151723619,0.618048574621048,0.570137042765394
0.649686173931145,0.717930680597845,0.780523149390177,0.814067778967117,0.848183885671955,0.869606830213447,0.903787865593045,0.947600598774531,0.974386388883382,0.992608309202452,1,0.993206971145573,0.985579191796263,0.96982999721642,0.945606501955019,0.933848555208835,0.919522152689432,0.903424809132246,0.891144092304639,0.876241731175981,0.863346844524042,0.852239046183986,0.827142336268692,0.810076905357321,0.789391511749583,0.757536230549884,0.750077216584329,0.729349894335966,0.690291948497028,0.685573891788064,0.638770353640125,0.585171555262016
0.608844290947639,0.675010374287802,0.736764733502154,0.770787400407015,0.804000724584496,0.825284413678919,0.861737844212115,0.909940394394036,0.942050673487733,0.9717436683794,0.993206971145573,1,0.99567841604379,0.980847480840799,0.957373422916855,0.948247321728501,0.936305934778119,0.922231403865096,0.911443980472082,0.897813011136037,0.885607526280687,0.873198451030888,0.846647502953277,0.832231014181728,0.819033322665832,0.791020268676366,0.783345249629058,0.758240231749328,0.715261291961243,0.704066059929404,0.649772042001069,0.591464288148416
0.590784017451374,0.656127995227194,0.717647518739915,0.751784372678772,0.784130061709672,0.804835479486324,0.842307410238346,0.892924541505095,0.927889851984526,0.960778026474917,0.985579191796263,0.99567841604379,1,0.994566197429797,0.979733269212415,0.972798403805949,0.962327855941402,0.949500172718158,0.940501127189401,0.928372840689052,0.916870068990475,0.902372904772738,0.873572392208445,0.856535458320508,0.83990365973542,0.809288214570238,0.800031075440953,0.773323886262066,0.728753940736222,0.718719232029676,0.665171347732278,0.606633082079965
0.573307468911456,0.637580670504044,0.698487569560553,0.732371661715978,0.76362058435958,0.783504352931835,0.821376294108811,0.873472336413721,0.910366155523403,0.94429910387918,0.96982999721642,0.980847480840799,0.994566197429797,1,0.995262726574288,0.990398095230775,0.98123502612434,0.969548548101262,0.962405506567483,0.951871402226757,0.941142846796517,0.924594245877533,0.893704982383192,0.873178384692736,0.851076378948923,0.81685365565107,0.80586489182198,0.778428634560321,0.733195537063609,0.725975033697229,0.675333809438228,0.618010782995936
0.551361426571216,0.614004025388343,0.673741206836683,0.707056788899996,0.736974863448111,0.755896220755308,0.793770130786117,0.846736135341909,0.885068944582614,0.919644637817944,0.945606501955019,0.957373422916855,0.979733269212415,0.995262726574288,1,0.997116436259982,0.989264292918378,0.97875822124629,0.973418538713365,0.964476557152565,0.954576287879367,0.936274275178983,0.903737460245134,0.880153359541069,0.853159731077414,0.815904050919046,0.803405987527572,0.775558070730713,0.730149489314713,0.725627943962219,0.678198052345475,0.622572345451623
0.532194723926136,0.592826063245921,0.650719550708598,0.683229932353801,0.712594543170983,0.73137727971411,0.770650760841195,0.826362805539487,0.867962912505471,0.90531195127402,0.933848555208835,0.948247321728501,0.972798403805949,0.990398095230775,0.997116436259982,1,0.997494305685967,0.991476727954513,0.987135396282291,0.979042801471096,0.96967329609002,0.950836362570419,0.917589741669544,0.894779778028423,0.8701969605339,0.833995677532724,0.820825926804167,0.7903822160863,0.742728418383629,0.736292297312398,0.686638242690982,0.629394886442133
0.512661729145013,0.571182050611967,0.627110750494375,0.658731177136801,0.687503159809552,0.706117516128705,0.746528046301771,0.804525794066333,0.848942639795597,0.888705429758281,0.919522152689432,0.936305934778119,0.962327855941402,0.98123502612434,0.989264292918378,0.997494305685967,1,0.998204132430187,0.994729193786506,0.987391829919717,0.978524649403075,0.959370944655973,0.925705661972741,0.903914266871715,0.882015548469817,0.847162496736549,0.833504822591812,0.800769192637699,0.751226451327775,0.742852045319125,0.69114703853401,0.632550867711845
0.493661394886463,0.550176712454919,0.604262036917358,0.635025503664815,0.663129216121625,0.681476584851983,0.722671229175096,0.7823845374616,0.829030048328541,0.870731374026313,0.903424809132246,0.922231403865096,0.949500172718158,0.969548548101262,0.97875822124629,0.991476727954513,0.998204132430187,1,0.997576144528552,0.99118175628765,0.982985568272999,0.963665218735883,0.929783372688759,0.908878384794513,0.889177137553595,0.855489177823819,0.841452111887864,0.806929413352152,0.755980864021866,0.746112756464698,0.692955588950915,0.633460259285861
0.480560270043445,0.536575536220644,0.590625360810978,0.621387866850484,0.648428592653566,0.665877772922814,0.706838871392701,0.766915066786414,0.8142467917332,0.857070969606502,0.891144092304639,0.911443980472082,0.940501127189401,0.962405506567483,0.973418538713365,0.987135396282291,0.994729193786506,0.997576144528552,1,0.99799971255428,0.993173376282857,0.974269151185026,0.940526350368632,0.91898332022289,0.897470909324182,0.862476584818092,0.848088925002903,0.813601725750303,0.762446116466826,0.75395846900288,0.701829286555515,0.642539833184513
0.466637994423694,0.521963549032426,0.575753980300595,0.606386336203381,0.632347670825194,0.648907491688275,0.689484270748746,0.749637693611807,0.797393955775654,0.841058311975012,0.876241731175981,0.897813011136037,0.928372840689052,0.951871402226757,0.964476557152565,0.979042801471096,0.987391829919717,0.99118175628765,0.99799971255428,1,0.998255554736744,0.979808834536725,0.946334162159046,0.924301985100734,0.901234483577036,0.865200349773329,0.850554628332162,0.816244611285682,0.765115859903775,0.757918069477438,0.70694191075277,0.648088661833814
0.455417959075247,0.510462878474452,0.564429593351941,0.595225096965335,0.620337406329848,0.636185113515156,0.676230027730289,0.736028447788548,0.7836857832108,0.827631069746738,0.863346844524042,0.885607526280687,0.916870068990475,0.941142846796517,0.954576287879367,0.96967329609002,0.978524649403075,0.982985568272999,0.993173376282857,0.998255554736744,1,0.987234171250416,0.958244725080067,0.937517910269632,0.911296032171051,0.873093550368389,0.85859838585608,0.825737920297799,0.775248345951858,0.768547905166437,0.717026374224481,0.65743655351492
0.450042527462175,0.506037498199156,0.561607129996645,0.593552353760193,0.61837812631731,0.633944308569648,0.672697783007327,0.730346847122978,0.775877531454303,0.818041277830995,0.852239046183986,0.873198451030888,0.902372904772738,0.924594245877533,0.936274275178983,0.950836362570419,0.959370944655973,0.963665218735883,0.974269151185026,0.979808834536725,0.987234171250416,1,0.991556672775928,0.978865431355064,0.943198245678726,0.898459712744705,0.885645498550659,0.859173497277731,0.811791523527001,0.802894146500627,0.744819171318262,0.680338976427081
0.437188843237476,0.492902541772477,0.548730443447078,0.581009971181506,0.605134826340059,0.620178590985209,0.657150656042723,0.711963909806955,0.754905538234181,0.794824622297909,0.827142336268692,0.846647502953277,0.873572392208445,0.893704982383192,0.903737460245134,0.917589741669544,0.925705661972741,0.929783372688759,0.940526350368632,0.946334162159046,0.958244725080067,0.991556672775928,1,0.994089976030732,0.951404747916575,0.902187615491046,0.890983322487683,0.870211128679667,0.82625172233137,0.815733307454102,0.75341678567513,0.68616968438651
0.413048417021117,0.46706377976086,0.521738453001252,0.553974603353138,0.577857109635901,0.593166773373475,0.631173609304308,0.6877092213755,0.732928685471055,0.77524345491942,0.810076905357321,0.832231014181728,0.856535458320508,0.873178384692736,0.880153359541069,0.894779778028423,0.903914266871715,0.908878384794513,0.91898332022289,0.924301985100734,0.937517910269632,0.978865431355064,0.994089976030732,1,0.975082449781163,0.936120107570814,0.926017045217358,0.898620624457961,0.849257424383026,0.828350238578533,0.755080789696084,0.681559734343002
0.367644503748931,0.417192198866954,0.467914911374341,0.499023228765101,0.522834930907789,0.539147902982543,0.581126708598913,0.644228140160942,0.697155571521115,0.747048012123499,0.789391511749583,0.819033322665832,0.83990365973542,0.851076378948923,0.853159731077414,0.8701969605339,0.882015548469817,0.889177137553595,0.897470909324182,0.901234483577036,0.911296032171051,0.943198245678726,0.951404747916575,0.975082449781163,1,0.990812055841444,0.981281156432777,0.931947596057112,0.866790058211142,0.824881737740825,0.733723810161824,0.650977069040244
0.331001348362954,0.376617422676104,0.423694268353225,0.453356619095595,0.476544653160802,0.493071598074331,0.536448510296388,0.602014437480382,0.658350703022107,0.711646532725052,0.757536230549884,0.791020268676366,0.809288214570238,0.81685365565107,0.815904050919046,0.833995677532724,0.847162496736549,0.855489177823819,0.862476584818092,0.865200349773329,0.873093550368389,0.898459712744705,0.902187615491046,0.936120107570814,0.990812055841444,1,0.9910502710746,0.929545478218748,0.856347424342716,0.80265748577216,0.702816213960534,0.616462326092702
0.333358056778464,0.378787703385093,0.425483962633561,0.454630247060322,0.477375204487269,0.49339088435795,0.535226182875588,0.598374332415632,0.652263576644883,0.704520788859015,0.750077216584329,0.783345249629058,0.800031075440953,0.80586489182198,0.803405987527572,0.820825926804167,0.833504822591812,0.841452111887864,0.848088925002903,0.850554628332162,0.85859838585608,0.885645498550659,0.890983322487683,0.926017045217358,0.981281156432777,0.9910502710746,1,0.96881578121701,0.91449683353552,0.860318292402295,0.747919742374664,0.652540940878622
0.349646112976422,0.395674791459162,0.442383458587407,0.470476361516957,0.491977906954997,0.506317403271019,0.542832243403334,0.597545292805801,0.642661023991619,0.688659367159513,0.729349894335966,0.758240231749328,0.773323886262066,0.778428634560321,0.775558070730713,0.7903822160863,0.800769192637699,0.806929413352152,0.813601725750303,0.816244611285682,0.825737920297799,0.859173497277731,0.870211128679667,0.898620624457961,0.931947596057112,0.929545478218748,0.96881578121701,1,0.98622989201426,0.941566514153949,0.817893811388352,0.713162036079257
0.34842536601782,0.393262018618034,0.438363605874968,0.464781879618242,0.48470991549747,0.497434742986392,0.529135665839148,0.576326593080801,0.614026242524836,0.654256358628107,0.690291948497028,0.715261291961243,0.728753940736222,0.733195537063609,0.730149489314713,0.742728418383629,0.751226451327775,0.755980864021866,0.762446116466826,0.765115859903775,0.775248345951858,0.811791523527001,0.82625172233137,0.849257424383026,0.866790058211142,0.856347424342716,0.91449683353552,0.98622989201426,1,0.963232068226107,0.836311591022634,0.728959268030894
0.378881390454074,0.422331280689954,0.463946104941666,0.486629319723566,0.505720885278847,0.517098028410319,0.54599322024029,0.589121527588502,0.62233281761641,0.656362151723619,0.685573891788064,0.704066059929404,0.718719232029676,0.725975033697229,0.725627943962219,0.736292297312398,0.742852045319125,0.746112756464698,0.75395846900288,0.757918069477438,0.768547905166437,0.802894146500627,0.815733307454102,0.828350238578533,0.824881737740825,0.80265748577216,0.860318292402295,0.941566514153949,0.963232068226107,1,0.951905260877166,0.884294850338239
0.383356768536603,0.422091763956416,0.456878000803235,0.474028383721278,0.491189360424503,0.50069585772706,0.525826264444425,0.563609257474894,0.59175836861888,0.618048574621048,0.638770353640125,0.649772042001069,0.665171347732278,0.675333809438228,0.678198052345475,0.686638242690982,0.69114703853401,0.692955588950915,0.701829286555515,0.70694191075277,0.717026374224481,0.744819171318262,0.75341678567513,0.755080789696084,0.733723810161824,0.702816213960534,0.747919742374664,0.817893811388352,0.836311591022634,0.951905260877166,1,0.984828447578442
0.369632990607907,0.40405483859545,0.433498271376444,0.44678767566136,0.462127417906608,0.470171263517433,0.492103616268558,0.525256787963936,0.549345017616447,0.570137042765394,0.585171555262016,0.591464288148416,0.606633082079965,0.618010782995936,0.622572345451623,0.629394886442133,0.632550867711845,0.633460259285861,0.642539833184513,0.648088661833814,0.65743655351492,0.680338976427081,0.68616968438651,0.681559734343002,0.650977069040244,0.616462326092702,0.652540940878622,0.713162036079257,0.728959268030894,0.884294850338239,0.984828447578442,1
