1,0.993107585273232,0.963940820968628,0.894897897531817,0.767378309460058,0.729890396039081,0.717357921373942,0.694528908383603,0.660394626832407,0.625200993513277,0.609343867483716,0.58989722874133,0.567733661188044,0.543743218693562,0.530633016310146,0.517661163564427,0.501688429347099,0.483790102379455,0.469397775816222,0.467028810540558,0.461851164816309,0.454463942298101,0.445455848155146,0.433307270130111,0.402392245225415,0.371033479617869,0.345066588378989,0.338469074645467,0.28997966669628,0.267640319051216,0.256885529234734,0.250648072287546
0.993107585273232,1,0.988487502178205,0.94103566982642,0.837241287928751,0.804444868931928,0.791130915328271,0.766501474268491,0.729424871157751,0.691606015433904,0.676170717124358,0.656670185550746,0.634038151157372,0.609239083224028,0.595791156897406,0.582197753137239,0.56515898709356,0.545873457202337,0.530029452078892,0.526381107084729,0.519622326052976,0.510439181385547,0.499500631108646,0.482991924048147,0.445856415950805,0.409205074715402,0.379156948345702,0.370364869798186,0.316333828819179,0.291686111679443,0.279835088980852,0.272965349565389
0.963940820968628,0.988487502178205,1,0.98138876057176,0.910339866519163,0.884269106969238,0.870218073669582,0.843767132522802,0.803648996574614,0.763213103059193,0.748637379284403,0.729465282274236,0.706690419597816,0.681353639162633,0.667744214193773,0.653625886471362,0.635558732562662,0.614876068989798,0.597481456687912,0.592256013357776,0.583594079321425,0.572279992877652,0.559072657659892,0.537272369282591,0.492864726987245,0.450129212606771,0.415425870283487,0.403980257486036,0.34389825239724,0.316773702762816,0.30374942375234,0.296203677285418
0.894897897531817,0.94103566982642,0.98138876057176,1,0.972871758660986,0.956203274726009,0.9416835623311,0.913799567053372,0.87115398701911,0.828739970627104,0.815739455336835,0.797621154100042,0.775421659470859,0.750244178411795,0.73688192400691,0.722566418609611,0.703794287165678,0.68202553242945,0.66324080391221,0.656187328526329,0.645397707207382,0.631754938350242,0.616106870674892,0.588314831826569,0.536152822248826,0.487115134898669,0.447656385242401,0.433223191109193,0.367457460139618,0.338090494866756,0.324009834593782,0.315856798080023
0.767378309460058,0.837241287928751,0.910339866519163,0.972871758660986,1,0.995484585792768,0.981119690979158,0.952890902669142,0.909313522656521,0.866618013121563,0.856159361214964,0.840208349222859,0.81980199195864,0.796063958340258,0.783661571511797,0.769817849729338,0.751126567249617,0.729128006201134,0.709599347455935,0.700693094307873,0.687874817978203,0.672102622830998,0.654289501299544,0.620656139713907,0.561736863407562,0.507536594338606,0.464304056378288,0.446986809563989,0.377632424092575,0.347019088783585,0.33236347199355,0.323882798435588
0.729890396039081,0.804444868931928,0.884269106969238,0.956203274726009,0.995484585792768,1,0.994213896882908,0.975069391805626,0.940729953609391,0.904922927858513,0.895584613931057,0.880440189492535,0.86054880959868,0.837068690126025,0.825154067962818,0.811568635827972,0.792801424258924,0.770465360741392,0.750443538813554,0.740937126959998,0.727299005950219,0.710543289804415,0.691635900916722,0.655406369191395,0.592514410486039,0.534852166818136,0.488921092160859,0.469883870276576,0.396105040540575,0.363741315751076,0.348260761098136,0.339305767189436
0.717357921373942,0.791130915328271,0.870218073669582,0.9416835623311,0.981119690979158,0.994213896882908,1,0.993263715008873,0.971718468323951,0.945328574877921,0.936744816513762,0.922043152839381,0.90231249015104,0.878751567465963,0.867210344178795,0.853834335923157,0.83494188603056,0.812220025074774,0.791755820147033,0.781994194166401,0.767856593210065,0.750410319105458,0.730673309000477,0.692686327130892,0.626450570508523,0.565656566844089,0.51720924242009,0.496711030020838,0.418025749546967,0.383669179635402,0.367245705313708,0.357747673453327
0.694528908383603,0.766501474268491,0.843767132522802,0.913799567053372,0.952890902669142,0.975069391805626,0.993263715008873,1,0.992535872941403,0.976647030065963,0.968988634612848,0.954955388565236,0.935654160079767,0.912311844627325,0.901323200054455,0.888346697130643,0.869564333720411,0.846721183603595,0.826045349119479,0.816135101240377,0.80164217211895,0.783677387604298,0.763301584107298,0.723911776936721,0.654928561478148,0.591545208367257,0.541012270743782,0.519204065382993,0.436247211301666,0.400186772668933,0.38295928339295,0.372998723890186
0.660394626832407,0.729424871157751,0.803648996574614,0.87115398701911,0.909313522656521,0.940729953609391,0.971718468323951,0.992535872941403,1,0.995394191351773,0.988821148781118,0.975695612181355,0.957127244570556,0.934354718701628,0.92410755909804,0.911740370321583,0.893347220023248,0.870708872054666,0.850111218822386,0.840188785196231,0.825532818059971,0.807283783329215,0.786532227487906,0.746239289570609,0.675368482424466,0.610182440531952,0.558189948350805,0.5353204358424,0.449075309222322,0.411746453134137,0.393923505039354,0.38362112304558
0.625200993513277,0.691606015433904,0.763213103059193,0.828739970627104,0.866618013121563,0.904922927858513,0.945328574877921,0.976647030065963,0.995394191351773,1,0.996355289773782,0.9859950566618,0.969989797302554,0.949555649158449,0.940398033325327,0.928608218909366,0.910623985850965,0.888250342289768,0.867810228769063,0.857958561787659,0.843257418830089,0.824868279372671,0.803903195018973,0.762820765077631,0.690414707431261,0.623805280272448,0.570673808008993,0.547564431754094,0.459750094961305,0.421651763779661,0.403455500916221,0.39293594196536
0.609343867483716,0.676170717124358,0.748637379284403,0.815739455336835,0.856159361214964,0.895584613931057,0.936744816513762,0.968988634612848,0.988821148781118,0.996355289773782,1,0.996627304421497,0.987194853391098,0.972844838366542,0.965294441010512,0.953591950719285,0.935499796429562,0.912867183060881,0.892179681211667,0.882320475750947,0.867458738035175,0.848785914240151,0.827444120058337,0.784762577422137,0.709805946132997,0.640983837568968,0.586131075822903,0.564274092288908,0.476986586083023,0.438395873981039,0.419917259202161,0.409223430416215
0.58989722874133,0.656670185550746,0.729465282274236,0.797621154100042,0.840208349222859,0.880440189492535,0.922043152839381,0.954955388565236,0.975695612181355,0.9859950566618,0.996627304421497,1,0.99695564505098,0.988557435943081,0.982605163183506,0.97106718237524,0.952995661027373,0.930269601814387,0.909486415378005,0.899687779184358,0.884773779089497,0.865956494044331,0.844399105551959,0.800472781821395,0.723578059940221,0.653100722401989,0.596969368177347,0.576467572769755,0.490287341888808,0.451488412229837,0.432865282061244,0.422077364074504
0.567733661188044,0.634038151157372,0.706690419597816,0.775421659470859,0.81980199195864,0.86054880959868,0.90231249015104,0.935654160079767,0.957127244570556,0.969989797302554,0.987194853391098,0.99695564505098,1,0.997309413121374,0.992912802957012,0.981603231931603,0.963664242959515,0.940991409445318,0.920247180656319,0.910567325795279,0.895696865007867,0.876859907384167,0.855232381574887,0.810397814992196,0.732142115858675,0.660532461791245,0.603537007149005,0.584450965971686,0.499861354219783,0.461107037679742,0.442462970229246,0.43165306591375
0.543743218693562,0.609239083224028,0.681353639162633,0.750244178411795,0.796063958340258,0.837068690126025,0.878751567465963,0.912311844627325,0.934354718701628,0.949555649158449,0.972844838366542,0.988557435943081,0.997309413121374,1,0.997090417605144,0.986058394888852,0.968343623681719,0.945846731140975,0.925254319432654,0.915739892045575,0.900992939801868,0.882242085079747,0.860668711478967,0.815229186238994,0.736128455912436,0.663851850041636,0.606360466486123,0.588711481238322,0.506087062683709,0.467589887749554,0.449029663052444,0.438259113253885
0.530633016310146,0.595791156897406,0.667744214193773,0.73688192400691,0.783661571511797,0.825154067962818,0.867210344178795,0.901323200054455,0.92410755909804,0.940398033325327,0.965294441010512,0.982605163183506,0.992912802957012,0.997090417605144,1,0.995778577151741,0.984319538991598,0.967467567302219,0.950970988076632,0.942241775459904,0.928068782043993,0.909704444690484,0.888358442273365,0.842282049828937,0.761165509950524,0.686876732505434,0.627728802176352,0.606360399506396,0.516122852395876,0.475398024358538,0.45584421988095,0.444515728033352
0.517661163564427,0.582197753137239,0.653625886471362,0.722566418609611,0.769817849729338,0.811568635827972,0.853834335923157,0.888346697130643,0.911740370321583,0.928608218909366,0.953591950719285,0.97106718237524,0.981603231931603,0.986058394888852,0.995778577151741,1,0.99635520380555,0.986605373167287,0.975283377619314,0.967543941036182,0.954145487086842,0.936360530641933,0.915424430471312,0.869034173662794,0.786185905294826,0.710073273816019,0.649395158361983,0.623115888783268,0.523416688831664,0.480110045417912,0.459422817519699,0.447462393771257
0.501688429347099,0.56515898709356,0.635558732562662,0.703794287165678,0.751126567249617,0.792801424258924,0.83494188603056,0.869564333720411,0.893347220023248,0.910623985850965,0.935499796429562,0.952995661027373,0.963664242959515,0.968343623681719,0.984319538991598,0.99635520380555,1,0.996924187288848,0.990496770873898,0.98373573399762,0.971158480796057,0.954046554981077,0.933649831358187,0.88731896739916,0.80348833855738,0.726256757014379,0.664615800071717,0.633971593516171,0.526233909014567,0.480855647236511,0.459271653707668,0.446814471908582
0.483790102379455,0.545873457202337,0.614876068989798,0.68202553242945,0.729128006201134,0.770465360741392,0.812220025074774,0.846721183603595,0.870708872054666,0.888250342289768,0.912867183060881,0.930269601814387,0.940991409445318,0.945846731140975,0.967467567302219,0.986605373167287,0.996924187288848,1,0.998110852550793,0.992292173130896,0.980550214686928,0.964166583012862,0.944396459905107,0.898417818125297,0.81422320165602,0.736459742756178,0.674330173370998,0.639872483117537,0.525441471437894,0.478451409886455,0.45618216505445,0.443348610083955
0.469397775816222,0.530029452078892,0.597481456687912,0.66324080391221,0.709599347455935,0.750443538813554,0.791755820147033,0.826045349119479,0.850111218822386,0.867810228769063,0.892179681211667,0.909486415378005,0.920247180656319,0.925254319432654,0.950970988076632,0.975283377619314,0.990496770873898,0.998110852550793,1,0.996564458280181,0.987044293543411,0.972699966572796,0.954778679005292,0.91029451429007,0.82650020463761,0.748668475613323,0.68634186424634,0.648912335569981,0.528275932410646,0.479662877623424,0.456688448040937,0.443463583724774
0.467028810540558,0.526381107084729,0.592256013357776,0.656187328526329,0.700693094307873,0.740937126959998,0.781994194166401,0.816135101240377,0.840188785196231,0.857958561787659,0.882320475750947,0.899687779184358,0.910567325795279,0.915739892045575,0.942241775459904,0.967543941036182,0.98373573399762,0.992292173130896,0.996564458280181,1,0.996941689615761,0.988578127009913,0.976122559269986,0.936177946650453,0.854140618042637,0.776721089640389,0.71432996468584,0.67533795073843,0.547413676080423,0.496324492627481,0.472212310387924,0.458340190789251
0.461851164816309,0.519622326052976,0.583594079321425,0.645397707207382,0.687874817978203,0.727299005950219,0.767856593210065,0.80164217211895,0.825532818059971,0.843257418830089,0.867458738035175,0.884773779089497,0.895696865007867,0.900992939801868,0.928068782043993,0.954145487086842,0.971158480796057,0.980550214686928,0.987044293543411,0.996941689615761,1,0.997332528966836,0.990112840838037,0.954703366109393,0.874840750591892,0.798297918989952,0.736238987345616,0.696018277012346,0.562023156617328,0.50891938318855,0.483885534977628,0.469490065737227
0.454463942298101,0.510439181385547,0.572279992877652,0.631754938350242,0.672102622830998,0.710543289804415,0.750410319105458,0.783677387604298,0.807283783329215,0.824868279372671,0.848785914240151,0.865956494044331,0.876859907384167,0.882242085079747,0.909704444690484,0.936360530641933,0.954046554981077,0.964166583012862,0.972699966572796,0.988578127009913,0.997332528966836,1,0.99771055760035,0.966732548118665,0.889342294788105,0.814041126683538,0.752635278238664,0.711489130821175,0.572563963396011,0.517871885907752,0.492115478443538,0.477310715403754
0.445455848155146,0.499500631108646,0.559072657659892,0.616106870674892,0.654289501299544,0.691635900916722,0.730673309000477,0.763301584107298,0.786532227487906,0.803903195018973,0.827444120058337,0.844399105551959,0.855232381574887,0.860668711478967,0.888358442273365,0.915424430471312,0.933649831358187,0.944396459905107,0.954778679005292,0.976122559269986,0.990112840838037,0.99771055760035,1,0.973275327671964,0.898544222640724,0.824751986512083,0.764243582555008,0.72243588991453,0.579604332552636,0.523701039514018,0.49739778851308,0.482284289665562
0.433307270130111,0.482991924048147,0.537272369282591,0.588314831826569,0.620656139713907,0.655406369191395,0.692686327130892,0.723911776936721,0.746239289570609,0.762820765077631,0.784762577422137,0.800472781821395,0.810397814992196,0.815229186238994,0.842282049828937,0.869034173662794,0.88731896739916,0.898417818125297,0.91029451429007,0.936177946650453,0.954703366109393,0.966732548118665,0.973275327671964,1,0.975242252661607,0.932417575996018,0.891709479202976,0.846634814999863,0.657224138482917,0.587106700647474,0.554406897517256,0.53568721735186
0.402392245225415,0.445856415950805,0.492864726987245,0.536152822248826,0.561736863407562,0.592514410486039,0.626450570508523,0.654928561478148,0.675368482424466,0.690414707431261,0.709805946132997,0.723578059940221,0.732142115858675,0.736128455912436,0.761165509950524,0.786185905294826,0.80348833855738,0.81422320165602,0.82650020463761,0.854140618042637,0.874840750591892,0.889342294788105,0.898544222640724,0.975242252661607,1,0.989248903216343,0.969722184765022,0.923836967993184,0.69911081361653,0.618828102808585,0.581610705219382,0.560358272473976
0.371033479617869,0.409205074715402,0.450129212606771,0.487115134898669,0.507536594338606,0.534852166818136,0.565656566844089,0.591545208367257,0.610182440531952,0.623805280272448,0.640983837568968,0.653100722401989,0.660532461791245,0.663851850041636,0.686876732505434,0.710073273816019,0.726256757014379,0.736459742756178,0.748668475613323,0.776721089640389,0.798297918989952,0.814041126683538,0.824751986512083,0.932417575996018,0.989248903216343,1,0.995010378310467,0.949833709299072,0.707848463066203,0.62302091374691,0.583825456542633,0.561474532236081
0.345066588378989,0.379156948345702,0.415425870283487,0.447656385242401,0.464304056378288,0.488921092160859,0.51720924242009,0.541012270743782,0.558189948350805,0.570673808008993,0.586131075822903,0.596969368177347,0.603537007149005,0.606360466486123,0.627728802176352,0.649395158361983,0.664615800071717,0.674330173370998,0.68634186424634,0.71432996468584,0.736238987345616,0.752635278238664,0.764243582555008,0.891709479202976,0.969722184765022,0.995010378310467,1,0.955863504946838,0.705085790984908,0.618203033850483,0.57814113195781,0.555316237961129
0.338469074645467,0.370364869798186,0.403980257486036,0.433223191109193,0.446986809563989,0.469883870276576,0.496711030020838,0.519204065382993,0.5353204358424,0.547564431754094,0.564274092288908,0.576467572769755,0.584450965971686,0.588711481238322,0.606360399506396,0.623115888783268,0.633971593516171,0.639872483117537,0.648912335569981,0.67533795073843,0.696018277012346,0.711489130821175,0.72243588991453,0.846634814999863,0.923836967993184,0.949833709299072,0.955863504946838,1,0.880503913328242,0.819470075103904,0.789718025656656,0.772377173985585
0.28997966669628,0.316333828819179,0.34389825239724,0.367457460139618,0.377632424092575,0.396105040540575,0.418025749546967,0.436247211301666,0.449075309222322,0.459750094961305,0.476986586083023,0.490287341888808,0.499861354219783,0.506087062683709,0.516122852395876,0.523416688831664,0.526233909014567,0.525441471437894,0.528275932410646,0.547413676080423,0.562023156617328,0.572563963396011,0.579604332552636,0.657224138482917,0.69911081361653,0.707848463066203,0.705085790984908,0.880503913328242,1,0.993228705511269,0.986158442627875,0.981173627145544
0.267640319051216,0.291686111679443,0.316773702762816,0.338090494866756,0.347019088783585,0.363741315751076,0.383669179635402,0.400186772668933,0.411746453134137,0.421651763779661,0.438395873981039,0.451488412229837,0.461107037679742,0.467589887749554,0.475398024358538,0.480110045417912,0.480855647236511,0.478451409886455,0.479662877623424,0.496324492627481,0.50891938318855,0.517871885907752,0.523701039514018,0.587106700647474,0.618828102808585,0.62302091374691,0.618203033850483,0.819470075103904,0.993228705511269,1,0.998743426169189,0.996966513293882
0.256885529234734,0.279835088980852,0.30374942375234,0.324009834593782,0.33236347199355,0.348260761098136,0.367245705313708,0.38295928339295,0.393923505039354,0.403455500916221,0.419917259202161,0.432865282061244,0.442462970229246,0.449029663052444,0.45584421988095,0.459422817519699,0.459271653707668,0.45618216505445,0.456688448040937,0.472212310387924,0.483885534977628,0.492115478443538,0.49739778851308,0.554406897517256,0.581610705219382,0.583825456542633,0.57814113195781,0.789718025656656,0.986158442627875,0.998743426169189,1,0.999614329280287
0.250648072287546,0.272965349565389,0.296203677285418,0.315856798080023,0.323882798435588,0.339305767189436,0.357747673453327,0.372998723890186,0.38362112304558,0.39293594196536,0.409223430416215,0.422077364074504,0.43165306591375,0.438259113253885,0.444515728033352,0.447462393771257,0.446814471908582,0.443348610083955,0.443463583724774,0.458340190789251,0.469490065737227,0.477310715403754,0.482284289665562,0.53568721735186,0.560358272473976,0.561474532236081,0.555316237961129,0.772377173985585,0.981173627145544,0.996966513293882,0.999614329280287,1
