1,0.996717658444924,0.984633203538242,0.959671600575868,0.917161104855826,0.852957436531275,0.765357963263887,0.750333435044912,0.725527938740938,0.691130712618156,0.649329104831774,0.602843589857519,0.554337834774818,0.513307765701883,0.468945296112465,0.42435370185285,0.38408433807939,0.349344946995744,0.319884911653633,0.29079144629277,0.254978353075479,0.224654928422563,0.200746547335869,0.182074378125734,0.167340664630963,0.155649959082712,0.151776195192193,0.141973327337152,0.13103955119241,0.121046955496038,0.112518360325822,0.105394241430026
0.996717658444924,1,0.995539106826423,0.979280325684727,0.946413068637852,0.892415304003581,0.814949611065528,0.800566725279687,0.775612057635046,0.74037787875616,0.697143641133748,0.648774851607699,0.598096216372806,0.555680913631269,0.509452786421792,0.46256402387,0.42001567939544,0.383200337576068,0.35191620686436,0.320987985947326,0.282607978518398,0.249907111460609,0.224042085463885,0.203802918990319,0.18781216024987,0.175112069326173,0.170680637008232,0.15959810112719,0.147260122303681,0.135992770272893,0.126380141248202,0.118352577251923
0.984633203538242,0.995539106826423,1,0.994018581207369,0.972662310562847,0.93100637916447,0.865992925504693,0.852477017544645,0.827555280487528,0.791637641403795,0.747092006916866,0.69692916636219,0.644138101462137,0.600459853441547,0.552440468609995,0.503263021802949,0.458411223773011,0.419481542904208,0.38633076294169,0.353520519774501,0.312466948885762,0.277266277938654,0.249335219652798,0.227437515373678,0.210114246587304,0.196343011561344,0.191298368865733,0.178816286515437,0.164944026199934,0.152284383430687,0.141488028247466,0.132474069603617
0.959671600575868,0.979280325684727,0.994018581207369,1,0.992205854228359,0.96530000213142,0.915424742751523,0.903063006652241,0.878457138878132,0.842148686681115,0.796581553224555,0.744901139020703,0.690253264684776,0.64559993402228,0.596042320219986,0.544763773471192,0.49774557067585,0.456802385689459,0.421860400027167,0.387237361453642,0.3435466478927,0.305844732815187,0.275833506899491,0.252260073452366,0.233587474798051,0.218729856971443,0.213031637958172,0.199068675424522,0.183575070934044,0.169444925483657,0.157398717455958,0.147343454914386
0.917161104855826,0.946413068637852,0.972662310562847,0.992205854228359,1,0.990317285064623,0.958443789173334,0.947579675532989,0.923693925233909,0.887470346974454,0.841403828526671,0.788747379020808,0.732779783315268,0.687666669753362,0.637078419911731,0.584152160995226,0.535349451730399,0.492707409263971,0.456232476934756,0.420047195229938,0.373986220133297,0.333981553584662,0.302035593758078,0.276894776009073,0.256955568855121,0.241075593519501,0.234714947474747,0.219266428034189,0.20214937393124,0.186547956312407,0.173251772076838,0.162155381646356
0.852957436531275,0.892415304003581,0.93100637916447,0.96530000213142,0.990317285064623,1,0.988766922689068,0.979770778237712,0.957125963873302,0.921662217268853,0.875885405329892,0.823108675284019,0.766698724367225,0.721901926300898,0.671094583194037,0.617304711066559,0.567410259086145,0.523658746046264,0.486145913390502,0.448884773674658,0.401029135605658,0.359193787015,0.325679133530911,0.29925388916005,0.278269805471359,0.261542512453016,0.254560702034598,0.237740909193048,0.219129605087302,0.202175636221206,0.187731100006232,0.175678625939742
0.765357963263887,0.814949611065528,0.865992925504693,0.915424742751523,0.958443789173334,0.988766922689068,1,0.993209876959234,0.972391582527166,0.938514000779433,0.894040547077531,0.842277360770431,0.786612875085593,0.743126859007476,0.693184017932707,0.639629310219733,0.589640035479173,0.545641568031224,0.507823720101396,0.470211246106468,0.421459816989928,0.378559508510658,0.344081758715241,0.316845935675209,0.295191343673709,0.277914053355671,0.270414668506162,0.25248275566686,0.232665727462153,0.214622702135315,0.19925461451944,0.186433790500701
0.750333435044912,0.800566725279687,0.852477017544645,0.903063006652241,0.947579675532989,0.979770778237712,0.993209876959234,1,0.992935972364319,0.97230381740089,0.94008425047189,0.899264940679956,0.853098543204612,0.814436107917118,0.765132472447108,0.710622864217753,0.658997011754754,0.613170464381541,0.573561428148373,0.535837757334263,0.487667354690585,0.443724863491947,0.407807544182899,0.379155044942073,0.356227905225621,0.337862541864309,0.329342274760478,0.307981454652422,0.28419152111818,0.262462485269953,0.243922970355923,0.228439670684409
0.725527938740938,0.775612057635046,0.827555280487528,0.878457138878132,0.923693925233909,0.957125963873302,0.972391582527166,0.992935972364319,1,0.9931667046528,0.973896741965978,0.944811147041282,0.908978578354355,0.87576501270395,0.827788206675168,0.773055952619826,0.72047471066652,0.673418431989709,0.632531820480142,0.595221028846143,0.548321182546416,0.503934398022534,0.467054573299316,0.437360658156976,0.413458495848005,0.394242048329039,0.38480256982429,0.360247071491542,0.332741435905541,0.307559950286581,0.286047656170122,0.26806745277844
0.691130712618156,0.74037787875616,0.791637641403795,0.842148686681115,0.887470346974454,0.921662217268853,0.938514000779433,0.97230381740089,0.9931667046528,1,0.993732703741454,0.976589111959226,0.951414615424161,0.924018232137546,0.878007669699385,0.823810710623389,0.771014400455054,0.723397072003423,0.68181732521399,0.645426832342946,0.600423037972169,0.556210963129511,0.518892683509634,0.488583666012631,0.464051886664299,0.444263150977288,0.434049634706224,0.406690292461795,0.375908996239587,0.347678752213693,0.323538932193963,0.303350592035377
0.649329104831774,0.697143641133748,0.747092006916866,0.796581553224555,0.841403828526671,0.875885405329892,0.894040547077531,0.94008425047189,0.973896741965978,0.993732703741454,1,0.99451442125041,0.979871050328002,0.95839752974155,0.914859792707071,0.861869946524348,0.809544086110186,0.761999462030886,0.720288548727402,0.685245791769596,0.642634692276218,0.599156421933964,0.561896315677245,0.531386468491505,0.506565936595851,0.486482589655143,0.475658539509261,0.445964141335173,0.412439714266404,0.381650987159346,0.355303743379258,0.33325905336445
0.602843589857519,0.648774851607699,0.69692916636219,0.744901139020703,0.788747379020808,0.823108675284019,0.842277360770431,0.899264940679956,0.944811147041282,0.976589111959226,0.99451442125041,1,0.995377252746265,0.979689732764536,0.938960082897983,0.887701226092837,0.83640949189332,0.789472539107965,0.748112312988716,0.714728430107226,0.67483991878529,0.632541785322502,0.595759022233289,0.565407541645691,0.540598528617664,0.520467450533125,0.509194952667114,0.477652579956212,0.441941796822423,0.409108445753582,0.380994667536609,0.357463123127782
0.554337834774818,0.598096216372806,0.644138101462137,0.690253264684776,0.732779783315268,0.766698724367225,0.786612875085593,0.853098543204612,0.908978578354355,0.951414615424161,0.979871050328002,0.995377252746265,1,0.989776664881198,0.952018804021062,0.90284446276521,0.852997708603195,0.807072103782179,0.766433396587084,0.734895149413134,0.697891797714068,0.657085835720205,0.621096669620191,0.591183781470368,0.566624988937832,0.546644541793329,0.535069170811718,0.502134690779132,0.464761366622369,0.430367816884355,0.400903590175771,0.376234134485084
0.513307765701883,0.555680913631269,0.600459853441547,0.64559993402228,0.687666669753362,0.721901926300898,0.743126859007476,0.814436107917118,0.87576501270395,0.924018232137546,0.95839752974155,0.979689732764536,0.989776664881198,1,0.985646389662059,0.954293411087324,0.917776093654316,0.881863207267445,0.848855336140312,0.822306335671227,0.785060126497015,0.742185180060898,0.703814280857372,0.671686154656067,0.645191496758551,0.623595117519793,0.612021764718887,0.575651670386079,0.53384237406986,0.495170497372893,0.461951190552139,0.434090852956762
0.468945296112465,0.509452786421792,0.552440468609995,0.596042320219986,0.637078419911731,0.671094583194037,0.693184017932707,0.765132472447108,0.827788206675168,0.878007669699385,0.914859792707071,0.938960082897983,0.952018804021062,0.985646389662059,1,0.991052204174401,0.971642003033088,0.948806217021512,0.925915275261623,0.905547249672027,0.867706445062125,0.822617929783772,0.781813015392825,0.747458024469682,0.71903377759972,0.695837910691858,0.68465707339612,0.645348996309596,0.599572653594565,0.557019045197664,0.520368383454341,0.48957985358138
0.42435370185285,0.46256402387,0.503263021802949,0.544763773471192,0.584152160995226,0.617304711066559,0.639629310219733,0.710622864217753,0.773055952619826,0.823810710623389,0.861869946524348,0.887701226092837,0.90284446276521,0.954293411087324,0.991052204174401,1,0.994508978410307,0.982475686390492,0.96804798750876,0.952980155026562,0.915437270128223,0.869513781605503,0.827612664500072,0.792194340218203,0.762821421492186,0.738831751987412,0.728188172131149,0.687355065584748,0.639371375286454,0.594612462047625,0.555992765885151,0.523514033960032
0.38408433807939,0.42001567939544,0.458411223773011,0.49774557067585,0.535349451730399,0.567410259086145,0.589640035479173,0.658997011754754,0.72047471066652,0.771014400455054,0.809544086110186,0.83640949189332,0.852997708603195,0.917776093654316,0.971642003033088,0.994508978410307,1,0.996586926969815,0.988975296888739,0.978251541581146,0.941411773926733,0.895407967503397,0.853171408796322,0.817362336751387,0.787612963661014,0.763300939488764,0.753211712359568,0.711693584330189,0.662579328464962,0.616651120393764,0.576970597331694,0.543572855393162
0.349344946995744,0.383200337576068,0.419481542904208,0.456802385689459,0.492707409263971,0.523658746046264,0.545641568031224,0.613170464381541,0.673418431989709,0.723397072003423,0.761999462030886,0.789472539107965,0.807072103782179,0.881863207267445,0.948806217021512,0.982475686390492,0.996586926969815,1,0.997823900021739,0.990609845139784,0.954610006851405,0.908899118824231,0.866725059180653,0.830885082837133,0.801069151216796,0.776691133639168,0.767117320869466,0.725380376000703,0.675754681525273,0.629259810645709,0.589049800496938,0.555185781376595
0.319884911653633,0.35191620686436,0.38633076294169,0.421860400027167,0.456232476934756,0.486145913390502,0.507823720101396,0.573561428148373,0.632531820480142,0.68181732521399,0.720288548727402,0.748112312988716,0.766433396587084,0.848855336140312,0.925915275261623,0.96804798750876,0.988975296888739,0.997823900021739,1,0.995624620367554,0.960472140119003,0.915219300735,0.873301908074713,0.83761294331506,0.807890013842567,0.78357879188585,0.774463590135015,0.732756473378495,0.682965553094307,0.636245999047792,0.595810189334937,0.561739748915613
0.29079144629277,0.320987985947326,0.353520519774501,0.387237361453642,0.420047195229938,0.448884773674658,0.470211246106468,0.535837757334263,0.595221028846143,0.645426832342946,0.685245791769596,0.714728430107226,0.734895149413134,0.822306335671227,0.905547249672027,0.952980155026562,0.978251541581146,0.990609845139784,0.995624620367554,1,0.981314624277248,0.946993229773156,0.912481844134594,0.882002936043126,0.856087480860706,0.834611238641581,0.822304216509099,0.775968928094011,0.721621365420839,0.670962147258982,0.627267681087619,0.590529527744394
0.254978353075479,0.282607978518398,0.312466948885762,0.3435466478927,0.373986220133297,0.401029135605658,0.421459816989928,0.487667354690585,0.548321182546416,0.600423037972169,0.642634692276218,0.67483991878529,0.697891797714068,0.785060126497015,0.867706445062125,0.915437270128223,0.941411773926733,0.954610006851405,0.960472140119003,0.981314624277248,1,0.99111069491374,0.974150018758889,0.956194420227124,0.939534606752695,0.925001818161966,0.905005869810233,0.848975176610799,0.785527393539362,0.727187414792021,0.677231318953248,0.635416419375024
0.224654928422563,0.249907111460609,0.277266277938654,0.305844732815187,0.333981553584662,0.359193787015,0.378559508510658,0.443724863491947,0.503934398022534,0.556210963129511,0.599156421933964,0.632541785322502,0.657085835720205,0.742185180060898,0.822617929783772,0.869513781605503,0.895407967503397,0.908899118824231,0.915219300735,0.946993229773156,0.99111069491374,1,0.995544468729949,0.986639572301941,0.976742807524785,0.967327941752687,0.942451662510475,0.880939166130479,0.81258287376183,0.75020445916557,0.697008325172151,0.652595110029042
0.200746547335869,0.224042085463885,0.249335219652798,0.275833506899491,0.302035593758078,0.325679133530911,0.344081758715241,0.407807544182899,0.467054573299316,0.518892683509634,0.561896315677245,0.595759022233289,0.621096669620191,0.703814280857372,0.781813015392825,0.827612664500072,0.853171408796322,0.866725059180653,0.873301908074713,0.912481844134594,0.974150018758889,0.995544468729949,1,0.997605654218258,0.992608712630464,0.986922488320355,0.958854795602966,0.894118642449885,0.823018632002598,0.758448874565767,0.703528505835502,0.657751414601993
0.182074378125734,0.203802918990319,0.227437515373678,0.252260073452366,0.276894776009073,0.29925388916005,0.316845935675209,0.379155044942073,0.437360658156976,0.488583666012631,0.531386468491505,0.565407541645691,0.591183781470368,0.671686154656067,0.747458024469682,0.792194340218203,0.817362336751387,0.830885082837133,0.83761294331506,0.882002936043126,0.956194420227124,0.986639572301941,0.997605654218258,1,0.998625105645646,0.995705833457015,0.965456338697548,0.898722360248736,0.826012567048808,0.760201188175212,0.704327159246185,0.657808939861277
0.167340664630963,0.18781216024987,0.210114246587304,0.233587474798051,0.256955568855121,0.278269805471359,0.295191343673709,0.356227905225621,0.413458495848005,0.464051886664299,0.506565936595851,0.540598528617664,0.566624988937832,0.645191496758551,0.71903377759972,0.762821421492186,0.787612963661014,0.801069151216796,0.807890013842567,0.856087480860706,0.939534606752695,0.976742807524785,0.992608712630464,0.998625105645646,1,0.99918730623278,0.967380558891364,0.899345152610178,0.825647117461253,0.759104547747996,0.702685896430975,0.655754305006492
0.155649959082712,0.175112069326173,0.196343011561344,0.218729856971443,0.241075593519501,0.261542512453016,0.277914053355671,0.337862541864309,0.394242048329039,0.444263150977288,0.486482589655143,0.520467450533125,0.546644541793329,0.623595117519793,0.695837910691858,0.738831751987412,0.763300939488764,0.776691133639168,0.78357879188585,0.834611238641581,0.925001818161966,0.967327941752687,0.986922488320355,0.995705833457015,0.99918730623278,1,0.967769494634002,0.89938596081648,0.825426772004994,0.758692720639437,0.70213244032035,0.655093947892171
0.151776195192193,0.170680637008232,0.191298368865733,0.213031637958172,0.234714947474747,0.254560702034598,0.270414668506162,0.329342274760478,0.38480256982429,0.434049634706224,0.475658539509261,0.509194952667114,0.535069170811718,0.612021764718887,0.68465707339612,0.728188172131149,0.753211712359568,0.767117320869466,0.774463590135015,0.822304216509099,0.905005869810233,0.942451662510475,0.958854795602966,0.965456338697548,0.967380558891364,0.967769494634002,1,0.980490502590137,0.940987525628677,0.89829897454487,0.858822446678999,0.824255233147756
0.141973327337152,0.15959810112719,0.178816286515437,0.199068675424522,0.219266428034189,0.237740909193048,0.25248275566686,0.307981454652422,0.360247071491542,0.406690292461795,0.445964141335173,0.477652579956212,0.502134690779132,0.575651670386079,0.645348996309596,0.687355065584748,0.711693584330189,0.725380376000703,0.732756473378495,0.775968928094011,0.848975176610799,0.880939166130479,0.894118642449885,0.898722360248736,0.899345152610178,0.89938596081648,0.980490502590137,1,0.989155530443655,0.967141917793119,0.942763016648457,0.919473981843386
0.13103955119241,0.147260122303681,0.164944026199934,0.183575070934044,0.20214937393124,0.219129605087302,0.232665727462153,0.28419152111818,0.332741435905541,0.375908996239587,0.412439714266404,0.441941796822423,0.464761366622369,0.53384237406986,0.599572653594565,0.639371375286454,0.662579328464962,0.675754681525273,0.682965553094307,0.721621365420839,0.785527393539362,0.81258287376183,0.823018632002598,0.826012567048808,0.825647117461253,0.825426772004994,0.940987525628677,0.989155530443655,1,0.99399404895849,0.981515646225179,0.967245563010216
0.121046955496038,0.135992770272893,0.152284383430687,0.169444925483657,0.186547956312407,0.202175636221206,0.214622702135315,0.262462485269953,0.307559950286581,0.347678752213693,0.381650987159346,0.409108445753582,0.430367816884355,0.495170497372893,0.557019045197664,0.594612462047625,0.616651120393764,0.629259810645709,0.636245999047792,0.670962147258982,0.727187414792021,0.75020445916557,0.758448874565767,0.760201188175212,0.759104547747996,0.758692720639437,0.89829897454487,0.967141917793119,0.99399404895849,1,0.996564425934513,0.989215370076232
0.112518360325822,0.126380141248202,0.141488028247466,0.157398717455958,0.173251772076838,0.187731100006232,0.19925461451944,0.243922970355923,0.286047656170122,0.323538932193963,0.355303743379258,0.380994667536609,0.400903590175771,0.461951190552139,0.520368383454341,0.555992765885151,0.576970597331694,0.589049800496938,0.595810189334937,0.627267681087619,0.677231318953248,0.697008325172151,0.703528505835502,0.704327159246185,0.702685896430975,0.70213244032035,0.858822446678999,0.942763016648457,0.981515646225179,0.996564425934513,1,0.997947519089717
0.105394241430026,0.118352577251923,0.132474069603617,0.147343454914386,0.162155381646356,0.175678625939742,0.186433790500701,0.228439670684409,0.26806745277844,0.303350592035377,0.33325905336445,0.357463123127782,0.376234134485084,0.434090852956762,0.48957985358138,0.523514033960032,0.543572855393162,0.555185781376595,0.561739748915613,0.590529527744394,0.635416419375024,0.652595110029042,0.657751414601993,0.657808939861277,0.655754305006492,0.655093947892171,0.824255233147756,0.919473981843386,0.967245563010216,0.989215370076232,0.997947519089717,1
