1,0.808019686744266,0.663571450095443,0.624368921848392,0.559677546573255,0.532743531726551,0.516120298127218,0.517189679474388,0.488168469305742,0.482067000063532,0.474753650226678,0.466083688689427,0.459326945759506,0.45953916405124,0.453586411044575,0.444980977525859,0.437616443117522,0.422061374447453,0.41025351073624,0.394997806953461,0.399727413415838,0.382036612751246,0.368793709357507,0.343048402873414,0.334683606136837,0.311506584906916,0.296262193474316,0.262733988086944,0.151532801491339,0.0451463551895815,-0.000151320709064366,-0.00942397543367027
0.808019686744266,1,0.912925550651585,0.849963894806171,0.785053220938864,0.756300756596848,0.733441952481046,0.728547015630127,0.698973445493165,0.682719124388783,0.669128017297553,0.656980250004994,0.645852344001645,0.637149071229054,0.622827401928408,0.61370895617683,0.602327221980671,0.582488772774218,0.568845164594107,0.558403057203418,0.559522771399151,0.549595829411106,0.538506508761453,0.518922783968807,0.507741372905821,0.484406638894907,0.466092442376223,0.416668066719722,0.281051003829149,0.142805627887947,0.0671468414452622,0.0279473205270299
0.663571450095443,0.912925550651585,1,0.943516015941483,0.888473766679037,0.8604761549382,0.836020500780386,0.822250279577119,0.797312312224498,0.780258201578366,0.766806985391326,0.75590158455813,0.742701327299833,0.734043216305243,0.715951595115495,0.703681536817439,0.694024055573534,0.674903293822655,0.658652692806541,0.646767881901039,0.644787350445168,0.640777635316426,0.626142490831981,0.605563419196138,0.594749422204074,0.572738339693959,0.54884030376501,0.494221029416874,0.337668863850008,0.170671902829921,0.0831364457270985,0.0363155104999177
0.624368921848392,0.849963894806171,0.943516015941483,1,0.954138659927392,0.924428912477597,0.898403293838246,0.880658453765455,0.85960674026588,0.845118008167655,0.82981554947603,0.817874308087024,0.802977519521001,0.794524324297473,0.777203453193967,0.765303381050625,0.749997007215365,0.729382516479789,0.711898968843486,0.700309168789471,0.698592521197479,0.692918716022837,0.675935065141639,0.651696496761214,0.637201066117741,0.6151542746359,0.587853431898484,0.53302440611052,0.369684051920535,0.180705440143643,0.0859341265325469,0.0557274067459335
0.559677546573255,0.785053220938864,0.888473766679037,0.954138659927392,1,0.976957272626948,0.946435819807568,0.922966877836961,0.904524402298059,0.891669914125961,0.878343039279124,0.863770114659881,0.845751938698196,0.835289859865153,0.820403574997264,0.807622421262003,0.79433989770643,0.774484423685533,0.756443259144658,0.744880013411652,0.738815204913262,0.730703018240442,0.712098076648328,0.688143416129899,0.671551101202413,0.64964934822341,0.620906389127838,0.562847933525023,0.395687433870492,0.188231365674747,0.0914654906860385,0.0618134814822399
0.532743531726551,0.756300756596848,0.8604761549382,0.924428912477597,0.976957272626948,1,0.980602551903653,0.953417459654781,0.932213087261412,0.917890148690533,0.904742926307316,0.889982857066243,0.874502023777882,0.86278594627353,0.846594272927804,0.834504263020513,0.819411745161522,0.797843565993199,0.780337388648413,0.770308371237781,0.761571060437992,0.753038914925747,0.735260450756515,0.712382284663289,0.694102050813563,0.674235633847433,0.646618331842097,0.587245662529718,0.412006294782949,0.195796208015037,0.0915866227331362,0.0622071388074159
0.516120298127218,0.733441952481046,0.836020500780386,0.898403293838246,0.946435819807568,0.980602551903653,1,0.979013413276835,0.956111584134798,0.940048423929341,0.926093253563013,0.911002721997502,0.895279455451547,0.883319117164701,0.865886196781129,0.852475264611524,0.836172049115936,0.815316886255183,0.801129386872724,0.791755707514669,0.781878950650886,0.771812142684796,0.754584433474756,0.73281403862046,0.712103439801522,0.692196405608734,0.664863888290761,0.605518674687721,0.432712154561563,0.212653016991923,0.104628885528584,0.0651341098727705
0.517189679474388,0.728547015630127,0.822250279577119,0.880658453765455,0.922966877836961,0.953417459654781,0.979013413276835,1,0.976140350907771,0.959879508653215,0.944049339366355,0.929195962751648,0.912776968488182,0.900407044488012,0.883288287341095,0.868897557702166,0.850598143425986,0.828674805167026,0.813554452017391,0.803560474496193,0.794241214762556,0.785527440928663,0.771081007470793,0.747046394737285,0.723539010424591,0.703937973750841,0.678768386104342,0.623095867686952,0.448315957913154,0.224149601949545,0.114821775094228,0.0713859884672073
0.488168469305742,0.698973445493165,0.797312312224498,0.85960674026588,0.904524402298059,0.932213087261412,0.956111584134798,0.976140350907771,1,0.987317632702314,0.968581121539384,0.950506867873175,0.934755898322385,0.92076800708672,0.90367730417243,0.888517646838509,0.869878083598256,0.850337311070827,0.832864413967574,0.820515139618126,0.807524727932075,0.798024787000207,0.782065898421501,0.757516440561435,0.734675979064545,0.71689644739374,0.689110315724694,0.628767717384927,0.449610178082171,0.223803020772084,0.106800516581468,0.0610213718828887
0.482067000063532,0.682719124388783,0.780258201578366,0.845118008167655,0.891669914125961,0.917890148690533,0.940048423929341,0.959879508653215,0.987317632702314,1,0.987524772480517,0.967124210967538,0.950610729799854,0.935844282622225,0.918362094567257,0.901526165625413,0.882849061926971,0.865023376121515,0.846997150649623,0.832799636728862,0.819535276571824,0.809408061692647,0.795049993996104,0.768184942438311,0.744327815000518,0.726240631537294,0.697346124269222,0.637351608781356,0.455113821735673,0.229541257336949,0.107801282118483,0.0613554127766611
0.474753650226678,0.669128017297553,0.766806985391326,0.82981554947603,0.878343039279124,0.904742926307316,0.926093253563013,0.944049339366355,0.968581121539384,0.987524772480517,1,0.984843609265918,0.967689132063063,0.95242075001115,0.936332856999476,0.918666993409658,0.901110450682493,0.883393944927911,0.86568604798734,0.851450335716704,0.83861634968028,0.827807865838475,0.813379306272124,0.786187551233423,0.761882098714288,0.741095213537314,0.713712248846313,0.654006707450164,0.464747605728456,0.230961806743759,0.108949396467864,0.0687034957075593
0.466083688689427,0.656980250004994,0.75590158455813,0.817874308087024,0.863770114659881,0.889982857066243,0.911002721997502,0.929195962751648,0.950506867873175,0.967124210967538,0.984843609265918,1,0.98351741455182,0.967604539704642,0.951126598365095,0.932697182633373,0.913715364140776,0.897335624139838,0.878803299517209,0.863018233199357,0.850641079066378,0.839059196816716,0.823735703935548,0.796915017501798,0.77518286000301,0.753136024139692,0.72651559805388,0.667138119460706,0.473447214223468,0.235646984181836,0.11265772397179,0.0770144487978083
0.459326945759506,0.645852344001645,0.742701327299833,0.802977519521001,0.845751938698196,0.874502023777882,0.895279455451547,0.912776968488182,0.934755898322385,0.950610729799854,0.967689132063063,0.98351741455182,1,0.989438887260561,0.97247567958197,0.953987073113705,0.933913283992229,0.915128341618669,0.894481638243871,0.877520499026511,0.86398180613596,0.851237694395757,0.835950329319404,0.808523289063252,0.787505992754209,0.766057020151699,0.740701032627952,0.681105694925571,0.48592333049056,0.242902775851784,0.126314613411523,0.0880964341347773
0.45953916405124,0.637149071229054,0.734043216305243,0.794524324297473,0.835289859865153,0.86278594627353,0.883319117164701,0.900407044488012,0.92076800708672,0.935844282622225,0.95242075001115,0.967604539704642,0.989438887260561,1,0.989200409831354,0.970888145693271,0.949715677363027,0.929207346991261,0.907542436710443,0.889904247707532,0.874781637040381,0.860852673615859,0.843952904459643,0.816209325351298,0.794902157586724,0.773041941419495,0.748295963378342,0.687441016339071,0.488756858180022,0.238305139196711,0.131793217562719,0.0958103814997397
0.453586411044575,0.622827401928408,0.715951595115495,0.777203453193967,0.820403574997264,0.846594272927804,0.865886196781129,0.883288287341095,0.90367730417243,0.918362094567257,0.936332856999476,0.951126598365095,0.97247567958197,0.989200409831354,1,0.988757822425326,0.969061528647536,0.949221891128812,0.927170631845098,0.908941908057291,0.890832338442813,0.874671799962971,0.856655093150998,0.827691887125343,0.80617515855925,0.782019551750178,0.755331708458261,0.694090119491106,0.491895850055274,0.235240429114316,0.133031658955982,0.106304589826067
0.444980977525859,0.61370895617683,0.703681536817439,0.765303381050625,0.807622421262003,0.834504263020513,0.852475264611524,0.868897557702166,0.888517646838509,0.901526165625413,0.918666993409658,0.932697182633373,0.953987073113705,0.970888145693271,0.988757822425326,1,0.984339769294826,0.964096650377049,0.94346820949872,0.922877246895338,0.904127721882575,0.885894915272905,0.867358779223178,0.83877168559209,0.816665231117518,0.793461702699722,0.767439173386409,0.704761856728098,0.499207799601072,0.244326130346806,0.15045286265927,0.126226533337827
0.437616443117522,0.602327221980671,0.694024055573534,0.749997007215365,0.79433989770643,0.819411745161522,0.836172049115936,0.850598143425986,0.869878083598256,0.882849061926971,0.901110450682493,0.913715364140776,0.933913283992229,0.949715677363027,0.969061528647536,0.984339769294826,1,0.985143887059109,0.964351126130427,0.942721046942701,0.923050317140109,0.902968731118859,0.883732809959309,0.854482102831582,0.834063504238142,0.809205109049004,0.783453253158767,0.718338453919497,0.5076076810068,0.247167883470842,0.156507965614174,0.133609414805662
0.422061374447453,0.582488772774218,0.674903293822655,0.729382516479789,0.774484423685533,0.797843565993199,0.815316886255183,0.828674805167026,0.850337311070827,0.865023376121515,0.883393944927911,0.897335624139838,0.915128341618669,0.929207346991261,0.949221891128812,0.964096650377049,0.985143887059109,1,0.986921251671936,0.963871567483105,0.939383627606714,0.918283163329345,0.897943958722295,0.868507971137583,0.844773214901493,0.817204474586159,0.789290652391819,0.725231274665893,0.513420885779132,0.256049628126876,0.168351561654306,0.149833970581636
0.41025351073624,0.568845164594107,0.658652692806541,0.711898968843486,0.756443259144658,0.780337388648413,0.801129386872724,0.813554452017391,0.832864413967574,0.846997150649623,0.86568604798734,0.878803299517209,0.894481638243871,0.907542436710443,0.927170631845098,0.94346820949872,0.964351126130427,0.986921251671936,1,0.984274721276851,0.957854165609274,0.937009910187608,0.916801841717813,0.88720986852368,0.859257129550929,0.830316513489762,0.800709647240344,0.735956902315773,0.525708953976143,0.26853339541001,0.179378354962646,0.157897327962852
0.394997806953461,0.558403057203418,0.646767881901039,0.700309168789471,0.744880013411652,0.770308371237781,0.791755707514669,0.803560474496193,0.820515139618126,0.832799636728862,0.851450335716704,0.863018233199357,0.877520499026511,0.889904247707532,0.908941908057291,0.922877246895338,0.942721046942701,0.963871567483105,0.984274721276851,1,0.980646737642565,0.960717690361464,0.939309674606406,0.906769286665787,0.875640559623306,0.848438635672538,0.820280567497737,0.759360658037643,0.560762465913481,0.30394927797761,0.200860804702395,0.174556766799046
0.399727413415838,0.559522771399151,0.644787350445168,0.698592521197479,0.738815204913262,0.761571060437992,0.781878950650886,0.794241214762556,0.807524727932075,0.819535276571824,0.83861634968028,0.850641079066378,0.86398180613596,0.874781637040381,0.890832338442813,0.904127721882575,0.923050317140109,0.939383627606714,0.957854165609274,0.980646737642565,1,0.981304500454845,0.9565740077209,0.922278583087068,0.890092921341104,0.863133164910817,0.835401064315727,0.776037667463384,0.58188754060966,0.323647004281995,0.226762835984206,0.193592070079907
0.382036612751246,0.549595829411106,0.640777635316426,0.692918716022837,0.730703018240442,0.753038914925747,0.771812142684796,0.785527440928663,0.798024787000207,0.809408061692647,0.827807865838475,0.839059196816716,0.851237694395757,0.860852673615859,0.874671799962971,0.885894915272905,0.902968731118859,0.918283163329345,0.937009910187608,0.960717690361464,0.981304500454845,1,0.984874015588042,0.951741005094912,0.91965152131563,0.894333583040541,0.866598841350344,0.807691230987427,0.619626178294389,0.362895705142826,0.248102014626658,0.211860311666058
0.368793709357507,0.538506508761453,0.626142490831981,0.675935065141639,0.712098076648328,0.735260450756515,0.754584433474756,0.771081007470793,0.782065898421501,0.795049993996104,0.813379306272124,0.823735703935548,0.835950329319404,0.843952904459643,0.856655093150998,0.867358779223178,0.883732809959309,0.897943958722295,0.916801841717813,0.939309674606406,0.9565740077209,0.984874015588042,1,0.978536289443072,0.947484124776087,0.922139727617176,0.895557277148689,0.835466376423734,0.65797421280209,0.418022413345879,0.27920201559702,0.232186864619484
0.343048402873414,0.518922783968807,0.605563419196138,0.651696496761214,0.688143416129899,0.712382284663289,0.73281403862046,0.747046394737285,0.757516440561435,0.768184942438311,0.786187551233423,0.796915017501798,0.808523289063252,0.816209325351298,0.827691887125343,0.83877168559209,0.854482102831582,0.868507971137583,0.88720986852368,0.906769286665787,0.922278583087068,0.951741005094912,0.978536289443072,1,0.97912637597399,0.955341258867632,0.929387526845995,0.867399136642174,0.687804137293356,0.446557865563617,0.303686759739771,0.244895121368118
0.334683606136837,0.507741372905821,0.594749422204074,0.637201066117741,0.671551101202413,0.694102050813563,0.712103439801522,0.723539010424591,0.734675979064545,0.744327815000518,0.761882098714288,0.77518286000301,0.787505992754209,0.794902157586724,0.80617515855925,0.816665231117518,0.834063504238142,0.844773214901493,0.859257129550929,0.875640559623306,0.890092921341104,0.91965152131563,0.947484124776087,0.97912637597399,1,0.977708758732753,0.950984017798083,0.892518345879471,0.712491765091049,0.468444716448382,0.323772824192262,0.247271970023563
0.311506584906916,0.484406638894907,0.572738339693959,0.6151542746359,0.64964934822341,0.674235633847433,0.692196405608734,0.703937973750841,0.71689644739374,0.726240631537294,0.741095213537314,0.753136024139692,0.766057020151699,0.773041941419495,0.782019551750178,0.793461702699722,0.809205109049004,0.817204474586159,0.830316513489762,0.848438635672538,0.863133164910817,0.894333583040541,0.922139727617176,0.955341258867632,0.977708758732753,1,0.979570871318588,0.923847611125627,0.756877942711637,0.516496216551422,0.349680365848704,0.269545297285058
0.296262193474316,0.466092442376223,0.54884030376501,0.587853431898484,0.620906389127838,0.646618331842097,0.664863888290761,0.678768386104342,0.689110315724694,0.697346124269222,0.713712248846313,0.72651559805388,0.740701032627952,0.748295963378342,0.755331708458261,0.767439173386409,0.783453253158767,0.789290652391819,0.800709647240344,0.820280567497737,0.835401064315727,0.866598841350344,0.895557277148689,0.929387526845995,0.950984017798083,0.979570871318588,1,0.961336697024853,0.805200245098922,0.556533417420228,0.387522304622116,0.295730862677646
0.262733988086944,0.416668066719722,0.494221029416874,0.53302440611052,0.562847933525023,0.587245662529718,0.605518674687721,0.623095867686952,0.628767717384927,0.637351608781356,0.654006707450164,0.667138119460706,0.681105694925571,0.687441016339071,0.694090119491106,0.704761856728098,0.718338453919497,0.725231274665893,0.735956902315773,0.759360658037643,0.776037667463384,0.807691230987427,0.835466376423734,0.867399136642174,0.892518345879471,0.923847611125627,0.961336697024853,1,0.872883851235527,0.613188203196034,0.416961470011773,0.331014685399417
0.151532801491339,0.281051003829149,0.337668863850008,0.369684051920535,0.395687433870492,0.412006294782949,0.432712154561563,0.448315957913154,0.449610178082171,0.455113821735673,0.464747605728456,0.473447214223468,0.48592333049056,0.488756858180022,0.491895850055274,0.499207799601072,0.5076076810068,0.513420885779132,0.525708953976143,0.560762465913481,0.58188754060966,0.619626178294389,0.65797421280209,0.687804137293356,0.712491765091049,0.756877942711637,0.805200245098922,0.872883851235527,1,0.767460864881294,0.536247560512857,0.41396571553288
0.0451463551895815,0.142805627887947,0.170671902829921,0.180705440143643,0.188231365674747,0.195796208015037,0.212653016991923,0.224149601949545,0.223803020772084,0.229541257336949,0.230961806743759,0.235646984181836,0.242902775851784,0.238305139196711,0.235240429114316,0.244326130346806,0.247167883470842,0.256049628126876,0.26853339541001,0.30394927797761,0.323647004281995,0.362895705142826,0.418022413345879,0.446557865563617,0.468444716448382,0.516496216551422,0.556533417420228,0.613188203196034,0.767460864881294,1,0.765121733769392,0.48139811010356
-0.000151320709064366,0.0671468414452622,0.0831364457270985,0.0859341265325469,0.0914654906860385,0.0915866227331362,0.104628885528584,0.114821775094228,0.106800516581468,0.107801282118483,0.108949396467864,0.11265772397179,0.126314613411523,0.131793217562719,0.133031658955982,0.15045286265927,0.156507965614174,0.168351561654306,0.179378354962646,0.200860804702395,0.226762835984206,0.248102014626658,0.27920201559702,0.303686759739771,0.323772824192262,0.349680365848704,0.387522304622116,0.416961470011773,0.536247560512857,0.765121733769392,1,0.682565231463339
-0.00942397543367027,0.0279473205270299,0.0363155104999177,0.0557274067459335,0.0618134814822399,0.0622071388074159,0.0651341098727705,0.0713859884672073,0.0610213718828887,0.0613554127766611,0.0687034957075593,0.0770144487978083,0.0880964341347773,0.0958103814997397,0.106304589826067,0.126226533337827,0.133609414805662,0.149833970581636,0.157897327962852,0.174556766799046,0.193592070079907,0.211860311666058,0.232186864619484,0.244895121368118,0.247271970023563,0.269545297285058,0.295730862677646,0.331014685399417,0.41396571553288,0.48139811010356,0.682565231463339,1
