1,0.952425554302926,0.804355427536069,0.779421754122127,0.703084455617364,0.697427561992397,0.659649420151594,0.649959511117875,0.613506220494107,0.599483938982134,0.569970401576646,0.555806318309486,0.537453407456717,0.519757754703544,0.494400738428784,0.476401796385149,0.463949213092626,0.445614711735891,0.420433464984255,0.394321644388205,0.376690474777187,0.356312238634954,0.346581769842735,0.331813573139618,0.314748123221828,0.28916045131054,0.269945197962634,0.246086452541323,0.142411228961747,0.0640738069349204,0.0100343069314159,-0.00100440702613813
0.952425554302926,1,0.946738158062718,0.914377827259512,0.821083806345524,0.811137225802273,0.76342103601377,0.74985801193298,0.705227160493129,0.690418725510692,0.658468118328816,0.645572867564468,0.628416311822827,0.607634306704413,0.575512830559357,0.553115955122365,0.538126641069229,0.515094493709641,0.482736583290868,0.449782283764299,0.427324174311546,0.401692882413384,0.387238056089825,0.36785468628727,0.348549611466332,0.319864398586921,0.298615324556616,0.272227473802487,0.154718292485569,0.0666143307766301,0.019884994219632,0.00997013867203284
0.804355427536069,0.946738158062718,1,0.972640081606641,0.88087634010355,0.866586587306163,0.811497898480414,0.794877249076872,0.745151103117801,0.730433513279373,0.698170036925827,0.687388529205497,0.67262769362089,0.6503093722315,0.613860924590131,0.588568379234109,0.571818288897531,0.545405010140751,0.507833163637725,0.470112858018292,0.444203546356028,0.415054076842086,0.396950208141143,0.374428676005165,0.354360273593972,0.324815902154929,0.303111113084403,0.276231290125008,0.156522763558045,0.0668869189278658,0.0287261831371755,0.0200528321292453
0.779421754122127,0.914377827259512,0.972640081606641,1,0.966667197941187,0.948013531176154,0.884358359215885,0.866139610241888,0.811878869938136,0.794190823730544,0.757074795817219,0.743512217953023,0.725640168995715,0.701617062732508,0.663435084666924,0.635714215545232,0.615908477130548,0.585767982858138,0.543790959008893,0.501866115827014,0.47292408383821,0.441157507238707,0.422713241238726,0.399358387131326,0.377702232825874,0.345974286897065,0.322113395979559,0.292993830107331,0.17863136119552,0.0900449762426368,0.0307253188485301,0.0168625109492585
0.703084455617364,0.821083806345524,0.88087634010355,0.966667197941187,1,0.981100148459989,0.915677638913628,0.896837353041924,0.84067439841937,0.82062134313844,0.780108135592169,0.764153015015656,0.743767792943069,0.719152341615234,0.681149136188364,0.652183230872175,0.629937631656879,0.597184939660541,0.552508799330212,0.508196778314012,0.477580393193238,0.444735120789238,0.426891320672672,0.403900115785782,0.381802836858576,0.349541604726868,0.324464155019102,0.294405214486643,0.19268517801637,0.110468976985001,0.0322848070349952,0.013636680361705
0.697427561992397,0.811137225802273,0.866586587306163,0.948013531176154,0.981100148459989,1,0.976141988031438,0.957502261157396,0.89862673224503,0.876646830732549,0.832516140872973,0.814837006302142,0.792482155044126,0.765726649367988,0.724771722981091,0.692768014486152,0.667362795168501,0.630685461715546,0.581314439668681,0.533336630454874,0.50148715649214,0.466980035687948,0.447317765664353,0.422556426326229,0.400176221990449,0.367006957911824,0.338520306426283,0.305539521730073,0.199961768349584,0.114719662405616,0.0460825281569398,0.0284945171571865
0.659649420151594,0.76342103601377,0.811497898480414,0.884358359215885,0.915677638913628,0.976141988031438,1,0.982425347110722,0.923159245285756,0.900007717905283,0.853806536388584,0.834989561477679,0.811431973782617,0.78348081268552,0.741059347108116,0.707089107075669,0.679283293216096,0.639854901182834,0.58744056508111,0.537511433441621,0.50571360414958,0.470896773237076,0.450080043155022,0.424448277832796,0.402759183210323,0.370065798247801,0.339037356968867,0.304264195054042,0.199115556685003,0.114319519290033,0.0594886255369711,0.0438828274516255
0.649959511117875,0.74985801193298,0.794877249076872,0.866139610241888,0.896837353041924,0.957502261157396,0.982425347110722,1,0.978687340725601,0.96021259341335,0.912264823008455,0.892538060776255,0.867423296393318,0.840892057658309,0.800624125960509,0.768383489000773,0.741907805841374,0.704976057213187,0.656240192456954,0.60786607204258,0.575717571182426,0.539978127266757,0.520886894535165,0.495466444022234,0.47243860550014,0.436253621646343,0.407150499475632,0.371080457112982,0.257487039598812,0.161254879975473,0.102111671649993,0.0819107540203326
0.613506220494107,0.705227160493129,0.745151103117801,0.811878869938136,0.84067439841937,0.89862673224503,0.923159245285756,0.978687340725601,1,0.987430464488578,0.939520203992937,0.919601828106642,0.893801334553446,0.869917187384111,0.83366111430365,0.804647734782144,0.780732157704565,0.748070131932468,0.705384186011461,0.660696179922969,0.629458726878145,0.594150161171232,0.577741491945246,0.553589664057494,0.530010121565061,0.491438150220382,0.465657715742673,0.429637378900954,0.311331647433902,0.206394876084805,0.144732723508592,0.120267921924804
0.599483938982134,0.690418725510692,0.730433513279373,0.794190823730544,0.82062134313844,0.876646830732549,0.900007717905283,0.96021259341335,0.987430464488578,1,0.98163219478097,0.967113514847525,0.938426454081251,0.913703102830582,0.877043545767953,0.846681854688109,0.82059382092142,0.786504202139534,0.74331204215805,0.697564927118863,0.665248189688684,0.628671336324412,0.612407648545875,0.58770027548159,0.562660859190111,0.521714125488242,0.494977649445447,0.457154542250706,0.333084244771645,0.222329759109338,0.165570790753066,0.140513567776611
0.569970401576646,0.658468118328816,0.698170036925827,0.757074795817219,0.780108135592169,0.832516140872973,0.853806536388584,0.912264823008455,0.939520203992937,0.98163219478097,1,0.99255687757562,0.961287604360351,0.935873234365802,0.899206294055028,0.867610241345698,0.839251218990982,0.803784509750706,0.76034753247297,0.714108374131068,0.681292137387475,0.644182668103155,0.628177333085865,0.603332645530874,0.577330643530868,0.535047758797105,0.507435605779439,0.468519162724098,0.341775828647902,0.228486317737243,0.179797481588207,0.155397481283951
0.555806318309486,0.645572867564468,0.687388529205497,0.743512217953023,0.764153015015656,0.814837006302142,0.834989561477679,0.892538060776255,0.919601828106642,0.967113514847525,0.99255687757562,1,0.986906106513487,0.968468030942211,0.932213235476599,0.900205528954245,0.870723315283382,0.83425321451442,0.78996497477641,0.742989379522694,0.710366575616374,0.672593801978354,0.655180905093212,0.628888325795488,0.603293257772527,0.56051748846849,0.536014381443542,0.498158395896058,0.367295399658339,0.248660028597102,0.198202332116313,0.171853478099464
0.537453407456717,0.628416311822827,0.67262769362089,0.725640168995715,0.743767792943069,0.792482155044126,0.811431973782617,0.867423296393318,0.893801334553446,0.938426454081251,0.961287604360351,0.986906106513487,1,0.991718079403388,0.95658299516441,0.924891507122589,0.895041203715896,0.85818250135381,0.81346461714693,0.766339478888937,0.734639565374074,0.696692812239609,0.677510843214279,0.649656498104639,0.62532479948616,0.582948556225707,0.563402636394266,0.52794191443281,0.394225853714736,0.270811301492861,0.216034011051259,0.187171822554166
0.519757754703544,0.607634306704413,0.6503093722315,0.701617062732508,0.719152341615234,0.765726649367988,0.78348081268552,0.840892057658309,0.869917187384111,0.913703102830582,0.935873234365802,0.968468030942211,0.991718079403388,1,0.984799871622481,0.962628362987059,0.933714592332803,0.897891824303854,0.854213724300011,0.807769121282763,0.777168035189057,0.738964609720707,0.71835651570155,0.688706340205506,0.663683264451455,0.619456444507207,0.603629032378405,0.569202391328738,0.430831908554543,0.30055087334802,0.242381039930787,0.21050101973027
0.494400738428784,0.575512830559357,0.613860924590131,0.663435084666924,0.681149136188364,0.724771722981091,0.741059347108116,0.800624125960509,0.83366111430365,0.877043545767953,0.899206294055028,0.932213235476599,0.95658299516441,0.984799871622481,1,0.992693998243779,0.965870174462667,0.932408163752844,0.891239813077627,0.846641034557572,0.817706315160706,0.779788466741463,0.75825506584063,0.72713549216458,0.700744827851769,0.654124692356629,0.641592802502698,0.60799297891788,0.466112315085579,0.329826412513453,0.269656368242151,0.234970836236261
0.476401796385149,0.553115955122365,0.588568379234109,0.635714215545232,0.652183230872175,0.692768014486152,0.707089107075669,0.768383489000773,0.804647734782144,0.846681854688109,0.867610241345698,0.900205528954245,0.924891507122589,0.962628362987059,0.992693998243779,1,0.987634497421816,0.963692706343747,0.925491410736083,0.882810966814003,0.854882138961164,0.816964801019399,0.794986611979153,0.76310531849178,0.737564411562367,0.69042419910022,0.677730441188685,0.642617424796782,0.501690535599033,0.362250066433639,0.294096023741231,0.255369101604476
0.463949213092626,0.538126641069229,0.571818288897531,0.615908477130548,0.629937631656879,0.667362795168501,0.679283293216096,0.741907805841374,0.780732157704565,0.82059382092142,0.839251218990982,0.870723315283382,0.895041203715896,0.933714592332803,0.965870174462667,0.987634497421816,1,0.99154536795284,0.95673654746694,0.916082255069752,0.888645019150029,0.850528521796059,0.828520435984051,0.796487540502834,0.773652396376873,0.7275786835454,0.711883080351991,0.673353527388129,0.537197282481635,0.397069539256694,0.316026621480732,0.272258103690657
0.445614711735891,0.515094493709641,0.545405010140751,0.585767982858138,0.597184939660541,0.630685461715546,0.639854901182834,0.704976057213187,0.748070131932468,0.786504202139534,0.803784509750706,0.83425321451442,0.85818250135381,0.897891824303854,0.932408163752844,0.963692706343747,0.99154536795284,1,0.98290801755725,0.953095850301974,0.925493187664031,0.886989699930911,0.866243727453396,0.834920348774941,0.813931376444488,0.768033647421689,0.748592227927042,0.706028317444162,0.570973118469654,0.428101269488795,0.336931519469532,0.288933210360182
0.420433464984255,0.482736583290868,0.507833163637725,0.543790959008893,0.552508799330212,0.581314439668681,0.58744056508111,0.656240192456954,0.705384186011461,0.74331204215805,0.76034753247297,0.78996497477641,0.81346461714693,0.854213724300011,0.891239813077627,0.925491410736083,0.95673654746694,0.98290801755725,1,0.991197807905316,0.962683590502676,0.923645283736102,0.905694358588822,0.876136266519511,0.855883441643701,0.809142070000101,0.785282337410738,0.738215887920736,0.599956446368847,0.452211155877328,0.354950986999425,0.304009134401746
0.394321644388205,0.449782283764299,0.470112858018292,0.501866115827014,0.508196778314012,0.533336630454874,0.537511433441621,0.60786607204258,0.660696179922969,0.697564927118863,0.714108374131068,0.742989379522694,0.766339478888937,0.807769121282763,0.846641034557572,0.882810966814003,0.916082255069752,0.953095850301974,0.991197807905316,1,0.98332160793209,0.952472037521194,0.936087853562674,0.907315138551321,0.886779610152223,0.838736760643711,0.814029619220046,0.765258337042667,0.626481263005524,0.475651625133347,0.373261869375043,0.319516023947569
0.376690474777187,0.427324174311546,0.444203546356028,0.47292408383821,0.477580393193238,0.50148715649214,0.50571360414958,0.575717571182426,0.629458726878145,0.665248189688684,0.681292137387475,0.710366575616374,0.734639565374074,0.777168035189057,0.817706315160706,0.854882138961164,0.888645019150029,0.925493187664031,0.962683590502676,0.98332160793209,1,0.991577034306484,0.97421625017126,0.943807514930906,0.920714595305825,0.869378284538824,0.849373773602455,0.802511968170349,0.664366666983505,0.509764604054857,0.401358842191542,0.343714403407824
0.356312238634954,0.401692882413384,0.415054076842086,0.441157507238707,0.444735120789238,0.466980035687948,0.470896773237076,0.539978127266757,0.594150161171232,0.628671336324412,0.644182668103155,0.672593801978354,0.696692812239609,0.738964609720707,0.779788466741463,0.816964801019399,0.850528521796059,0.886989699930911,0.923645283736102,0.952472037521194,0.991577034306484,1,0.9880257413919,0.961493280633534,0.936672287595959,0.883330836272671,0.865170380692481,0.818982285012173,0.683531954423391,0.528507751191048,0.416029856239416,0.356080077469182
0.346581769842735,0.387238056089825,0.396950208141143,0.422713241238726,0.426891320672672,0.447317765664353,0.450080043155022,0.520886894535165,0.577741491945246,0.612407648545875,0.628177333085865,0.655180905093212,0.677510843214279,0.71835651570155,0.75825506584063,0.794986611979153,0.828520435984051,0.866243727453396,0.905694358588822,0.936087853562674,0.97421625017126,0.9880257413919,1,0.992192725372591,0.965993757603498,0.910386888004789,0.885182173790647,0.833306798248855,0.698241951306436,0.542160255265991,0.422898895797839,0.360752793865307
0.331813573139618,0.36785468628727,0.374428676005165,0.399358387131326,0.403900115785782,0.422556426326229,0.424448277832796,0.495466444022234,0.553589664057494,0.58770027548159,0.603332645530874,0.628888325795488,0.649656498104639,0.688706340205506,0.72713549216458,0.76310531849178,0.796487540502834,0.834920348774941,0.876136266519511,0.907315138551321,0.943807514930906,0.961493280633534,0.992192725372591,1,0.978511494593782,0.926464091369909,0.895729466104359,0.83958948369344,0.70751759279017,0.552506587072993,0.429626203183131,0.365969892136137
0.314748123221828,0.348549611466332,0.354360273593972,0.377702232825874,0.381802836858576,0.400176221990449,0.402759183210323,0.47243860550014,0.530010121565061,0.562660859190111,0.577330643530868,0.603293257772527,0.62532479948616,0.663683264451455,0.700744827851769,0.737564411562367,0.773652396376873,0.813931376444488,0.855883441643701,0.886779610152223,0.920714595305825,0.936672287595959,0.965993757603498,0.978511494593782,1,0.98416044917519,0.951254620344955,0.891449111910443,0.765632353889594,0.608438232528011,0.486421242431394,0.417763459274504
0.28916045131054,0.319864398586921,0.324815902154929,0.345974286897065,0.349541604726868,0.367006957911824,0.370065798247801,0.436253621646343,0.491438150220382,0.521714125488242,0.535047758797105,0.56051748846849,0.582948556225707,0.619456444507207,0.654124692356629,0.69042419910022,0.7275786835454,0.768033647421689,0.809142070000101,0.838736760643711,0.869378284538824,0.883330836272671,0.910386888004789,0.926464091369909,0.98416044917519,1,0.967142030369207,0.906754259712715,0.790600129851478,0.63674014868354,0.519531978581927,0.448817544237388
0.269945197962634,0.298615324556616,0.303111113084403,0.322113395979559,0.324464155019102,0.338520306426283,0.339037356968867,0.407150499475632,0.465657715742673,0.494977649445447,0.507435605779439,0.536014381443542,0.563402636394266,0.603629032378405,0.641592802502698,0.677730441188685,0.711883080351991,0.748592227927042,0.785282337410738,0.814029619220046,0.849373773602455,0.865170380692481,0.885182173790647,0.895729466104359,0.951254620344955,0.967142030369207,1,0.984161463704292,0.869237094659498,0.70547356257881,0.582286339238083,0.504664593617608
0.246086452541323,0.272227473802487,0.276231290125008,0.292993830107331,0.294405214486643,0.305539521730073,0.304264195054042,0.371080457112982,0.429637378900954,0.457154542250706,0.468519162724098,0.498158395896058,0.52794191443281,0.569202391328738,0.60799297891788,0.642617424796782,0.673353527388129,0.706028317444162,0.738215887920736,0.765258337042667,0.802511968170349,0.818982285012173,0.833306798248855,0.83958948369344,0.891449111910443,0.906754259712715,0.984161463704292,1,0.89038641295993,0.726063123068945,0.603480296674634,0.524050039431391
0.142411228961747,0.154718292485569,0.156522763558045,0.17863136119552,0.19268517801637,0.199961768349584,0.199115556685003,0.257487039598812,0.311331647433902,0.333084244771645,0.341775828647902,0.367295399658339,0.394225853714736,0.430831908554543,0.466112315085579,0.501690535599033,0.537197282481635,0.570973118469654,0.599956446368847,0.626481263005524,0.664366666983505,0.683531954423391,0.698241951306436,0.70751759279017,0.765632353889594,0.790600129851478,0.869237094659498,0.89038641295993,1,0.959463161458406,0.693537397092515,0.567993194594371
0.0640738069349204,0.0666143307766301,0.0668869189278658,0.0900449762426368,0.110468976985001,0.114719662405616,0.114319519290033,0.161254879975473,0.206394876084805,0.222329759109338,0.228486317737243,0.248660028597102,0.270811301492861,0.30055087334802,0.329826412513453,0.362250066433639,0.397069539256694,0.428101269488795,0.452211155877328,0.475651625133347,0.509764604054857,0.528507751191048,0.542160255265991,0.552506587072993,0.608438232528011,0.63674014868354,0.70547356257881,0.726063123068945,0.959463161458406,1,0.673794370508843,0.533252966114182
0.0100343069314159,0.019884994219632,0.0287261831371755,0.0307253188485301,0.0322848070349952,0.0460825281569398,0.0594886255369711,0.102111671649993,0.144732723508592,0.165570790753066,0.179797481588207,0.198202332116313,0.216034011051259,0.242381039930787,0.269656368242151,0.294096023741231,0.316026621480732,0.336931519469532,0.354950986999425,0.373261869375043,0.401358842191542,0.416029856239416,0.422898895797839,0.429626203183131,0.486421242431394,0.519531978581927,0.582286339238083,0.603480296674634,0.693537397092515,0.673794370508843,1,0.984359772410826
-0.00100440702613813,0.00997013867203284,0.0200528321292453,0.0168625109492585,0.013636680361705,0.0284945171571865,0.0438828274516255,0.0819107540203326,0.120267921924804,0.140513567776611,0.155397481283951,0.171853478099464,0.187171822554166,0.21050101973027,0.234970836236261,0.255369101604476,0.272258103690657,0.288933210360182,0.304009134401746,0.319516023947569,0.343714403407824,0.356080077469182,0.360752793865307,0.365969892136137,0.417763459274504,0.448817544237388,0.504664593617608,0.524050039431391,0.567993194594371,0.533252966114182,0.984359772410826,1
