1,0.97499533083293,0.888694420292774,0.853264930215072,0.806544619535091,0.762165261998639,0.73008885843834,0.686173162451961,0.650334420909999,0.607651678578277,0.571912957672564,0.528907465371174,0.48604093120389,0.461351513027062,0.430886875047991,0.410162118605485,0.391383634727051,0.373592935627893,0.355191392905652,0.334580687145952,0.329314710356892,0.321980894588873,0.321314195975578,0.324969230707985,0.322938667050232,0.326369931405429,0.32234072936483,0.329331229234465,0.320631320966614,0.310736507411912,0.327625785261282,0.327591788472565
0.97499533083293,1,0.968363226435801,0.943536600111429,0.899553525670478,0.856945255033026,0.826402417258596,0.782180199595819,0.748925472816286,0.706723590173182,0.668542605906943,0.619306133393248,0.57049397562198,0.54536527140013,0.512729020347297,0.491132313345119,0.471323589702183,0.452205436034664,0.431826623205276,0.408322355330535,0.397577030454143,0.384861448326059,0.38395806280948,0.391762466769846,0.392047889367805,0.397650821093561,0.393797693172746,0.398394572283339,0.382597956534951,0.366517927517745,0.379122850306863,0.375150601737054
0.888694420292774,0.968363226435801,1,0.988562246802753,0.950279382249765,0.91220430034177,0.885207437774243,0.843281764283719,0.814914541601707,0.775772737085499,0.737129240309504,0.683835950770185,0.631262075132639,0.607140651898179,0.574014705271192,0.552728509854275,0.532945778917566,0.51347862698476,0.492096395229343,0.466746408744656,0.450489786629109,0.432490140073431,0.431374916290583,0.443372754289598,0.446241837795159,0.453948832199853,0.450523515468352,0.452158006351423,0.429335541767017,0.407270135532495,0.414311292185931,0.406153842237331
0.853264930215072,0.943536600111429,0.988562246802753,1,0.986115239989763,0.962418387934883,0.937867493485612,0.897261055676286,0.869897779211971,0.830645113800583,0.792824959039815,0.739347355019997,0.686034507309238,0.664377649180904,0.632072349521166,0.610985838687292,0.590736308322427,0.57029133839665,0.546914258619306,0.519042045873921,0.50132548598976,0.481574251586995,0.480905152129586,0.495172975382335,0.499075653868706,0.506516043880812,0.501800235817577,0.503835579657409,0.47908166744981,0.453917553980756,0.456095139451355,0.44395595649112
0.806544619535091,0.899553525670478,0.950279382249765,0.986115239989763,1,0.992826469151375,0.971124227222099,0.932570110390509,0.906254248220134,0.867260872241781,0.83124750432936,0.779239239421189,0.726707957772885,0.708217403049509,0.677604749706743,0.657145183554497,0.636772567018983,0.615668881468699,0.590607131563862,0.560650781925751,0.542384484980341,0.521755923719977,0.521647607615491,0.537660915823383,0.542317733696819,0.548998822203818,0.542825311262301,0.54569874355717,0.520207684842217,0.492815911671434,0.49009163302748,0.474177350301385
0.762165261998639,0.856945255033026,0.91220430034177,0.962418387934883,0.992826469151375,1,0.989594704316722,0.961258909374545,0.938328470288751,0.901698068821773,0.869115982130296,0.819793575112478,0.768536903132232,0.751297509266125,0.720800011467195,0.700129009487496,0.679132057003917,0.657509585721283,0.632099413654347,0.601139240415703,0.582093034998063,0.560295077384164,0.56000570761624,0.576518068987539,0.580981970898145,0.588974009785336,0.582987152994323,0.585810379612913,0.55782769608143,0.527444556599424,0.520604934432496,0.501463467391214
0.73008885843834,0.826402417258596,0.885207437774243,0.937867493485612,0.971124227222099,0.989594704316722,1,0.990916037655305,0.973787405359729,0.941554777532846,0.913870859642,0.868071451523648,0.81809929670019,0.799609678696592,0.76703315986995,0.744948778931973,0.722538431374214,0.700359975477037,0.675940980419094,0.64497961193203,0.624712644881808,0.601217049909485,0.599868491938647,0.615549695627045,0.618748033778381,0.630545578223312,0.626631533536054,0.628379505933484,0.595624088244027,0.561140289466629,0.551203837286474,0.529409947635714
0.686173162451961,0.782180199595819,0.843281764283719,0.897261055676286,0.932570110390509,0.961258909374545,0.990916037655305,1,0.988968006576032,0.961750734744647,0.939244490181663,0.897533644876604,0.849641947644374,0.830310874208267,0.796374100302373,0.773365752048883,0.750038742891844,0.727759254505568,0.704762665300421,0.674401276146371,0.653317816291698,0.628619308571963,0.626273060390405,0.640865704457302,0.642801219759012,0.657937834956888,0.656030036271325,0.65670856297727,0.620050141237534,0.582345845689444,0.569723010369019,0.545863526364193
0.650334420909999,0.748925472816286,0.814914541601707,0.869897779211971,0.906254248220134,0.938328470288751,0.973787405359729,0.988968006576032,1,0.99171718574227,0.975709956546597,0.932241088237766,0.88232883025064,0.861823055432792,0.826231258723834,0.802206851356681,0.777937973521127,0.756024543683822,0.735901992472327,0.707231088371552,0.682971471421914,0.654938709018161,0.650424622712485,0.663500260920889,0.663869338969102,0.680135021365869,0.678653893681543,0.677182665633226,0.636456086863317,0.596159708114477,0.584020332201279,0.5600156437805
0.607651678578277,0.706723590173182,0.775772737085499,0.830645113800583,0.867260872241781,0.901698068821773,0.941554777532846,0.961750734744647,0.99171718574227,1,0.989913677450422,0.945696306858061,0.894922908732541,0.873764564658791,0.837372981766796,0.812896363843273,0.788243968328505,0.767039064283527,0.749767706871424,0.723074330267476,0.696493711359477,0.666070207846414,0.659756990284524,0.671283874312253,0.670288129915325,0.687242492101423,0.686157760536467,0.682848770617636,0.639321660210873,0.597496953548868,0.585993447849105,0.562291302359492
0.571912957672564,0.668542605906943,0.737129240309504,0.792824959039815,0.83124750432936,0.869115982130296,0.913870859642,0.939244490181663,0.975709956546597,0.989913677450422,1,0.981279328924825,0.947099797488607,0.926097091078329,0.888710049134732,0.862881482208872,0.836526900201416,0.815565372743808,0.80222722970429,0.777673602404064,0.750805376211863,0.719055852120866,0.710264937214351,0.717633544983128,0.712584075931713,0.729147824257018,0.726953102859653,0.721016471948983,0.672493716396082,0.625833689964154,0.606864331127066,0.578318734275154
0.528907465371174,0.619306133393248,0.683835950770185,0.739347355019997,0.779239239421189,0.819793575112478,0.868071451523648,0.897533644876604,0.932241088237766,0.945696306858061,0.981279328924825,1,0.990951096557721,0.971058331916961,0.933628481655952,0.906764086793389,0.878848093727223,0.858392011395337,0.849507459299705,0.827590569796668,0.802240615987759,0.770682508827187,0.759527418461798,0.761574535984474,0.751572531964758,0.766783563590667,0.762840891782421,0.754272772903174,0.701327816398093,0.649746221902595,0.620215472530243,0.585292430023256
0.48604093120389,0.57049397562198,0.631262075132639,0.686034507309238,0.726707957772885,0.768536903132232,0.81809929670019,0.849641947644374,0.88232883025064,0.894922908732541,0.947099797488607,0.990951096557721,1,0.985887927192262,0.952950097477711,0.927591749286615,0.899965794641492,0.880493299939237,0.874065984169123,0.853630861836959,0.829662103049774,0.79868118392241,0.785908995512216,0.783943256147617,0.770371298068608,0.784009422557391,0.778552353722042,0.767729414634742,0.711881660925848,0.657145507134614,0.619905591927411,0.580622245310361
0.461351513027062,0.54536527140013,0.607140651898179,0.664377649180904,0.708217403049509,0.751297509266125,0.799609678696592,0.830310874208267,0.861823055432792,0.873764564658791,0.926097091078329,0.971058331916961,0.985887927192262,1,0.990247516545545,0.975243158872701,0.952644740673586,0.934779395628961,0.924027661047416,0.899340338495494,0.874699847995756,0.842914180075659,0.828778085500977,0.824510199783649,0.808465978221068,0.819810039256333,0.81189511780179,0.797230388754552,0.735996827238688,0.676544401440202,0.632537126241918,0.589047809272894
0.430886875047991,0.512729020347297,0.574014705271192,0.632072349521166,0.677604749706743,0.720800011467195,0.76703315986995,0.796374100302373,0.826231258723834,0.837372981766796,0.888710049134732,0.933628481655952,0.952950097477711,0.990247516545545,1,0.993934991257184,0.976006386270134,0.959862592487063,0.945743116436094,0.918047725295599,0.893377898585216,0.861605793648983,0.846638509819824,0.840546476876937,0.822789687129715,0.831980720186646,0.822190469307407,0.80464376940391,0.740244356498373,0.678144991908138,0.629451798632588,0.583397069964506
0.410162118605485,0.491132313345119,0.552728509854275,0.610985838687292,0.657145183554497,0.700129009487496,0.744948778931973,0.773365752048883,0.802206851356681,0.812896363843273,0.862881482208872,0.906764086793389,0.927591749286615,0.975243158872701,0.993934991257184,1,0.99374881647929,0.98371038354132,0.966521976198916,0.936067939480974,0.911989048020184,0.880728686355507,0.865225401720817,0.85745297557396,0.838085938340343,0.84371124045939,0.830973697364777,0.811635023674287,0.74594111621428,0.681945000349995,0.626999897119604,0.577473613056767
0.391383634727051,0.471323589702183,0.532945778917566,0.590736308322427,0.636772567018983,0.679132057003917,0.722538431374214,0.750038742891844,0.777937973521127,0.788243968328505,0.836526900201416,0.878848093727223,0.899965794641492,0.952644740673586,0.976006386270134,0.99374881647929,1,0.996764873225995,0.977073176343168,0.944481856724953,0.92130210066537,0.8908911119917,0.875121358111416,0.865959422007082,0.845344597227515,0.847338120388793,0.831764454533968,0.811308617954923,0.745537376363801,0.680583356462937,0.620052429057366,0.567563929506825
0.373592935627893,0.452205436034664,0.51347862698476,0.57029133839665,0.615668881468699,0.657509585721283,0.700359975477037,0.727759254505568,0.756024543683822,0.767039064283527,0.815565372743808,0.858392011395337,0.880493299939237,0.934779395628961,0.959862592487063,0.98371038354132,0.996764873225995,1,0.987260816086285,0.959908519517489,0.939065706594651,0.909778672351705,0.893840508051724,0.883188963942423,0.861112412102467,0.859729043356042,0.841337249015907,0.818438881915466,0.750495950838577,0.683613169862134,0.619486768947886,0.564977017931281
0.355191392905652,0.431826623205276,0.492096395229343,0.546914258619306,0.590607131563862,0.632099413654347,0.675940980419094,0.704762665300421,0.735901992472327,0.749767706871424,0.80222722970429,0.849507459299705,0.874065984169123,0.924027661047416,0.945743116436094,0.966521976198916,0.977073176343168,0.987260816086285,1,0.992280820813601,0.976778559095117,0.949264610392471,0.933285575923387,0.920693481113153,0.896482363039611,0.891619822957781,0.869940489783025,0.84171815878424,0.767286068384851,0.696263967019711,0.631496268994257,0.576270907986388
0.334580687145952,0.408322355330535,0.466746408744656,0.519042045873921,0.560650781925751,0.601139240415703,0.64497961193203,0.674401276146371,0.707231088371552,0.723074330267476,0.777673602404064,0.827590569796668,0.853630861836959,0.899340338495494,0.918047725295599,0.936067939480974,0.944481856724953,0.959908519517489,0.992280820813601,1,0.988933771190649,0.963287342630334,0.947558454177595,0.933676113665419,0.908228587676638,0.900740182563568,0.876881128761451,0.845007351209481,0.766831173083419,0.693836277731423,0.629711780217688,0.574903295380441
0.329314710356892,0.397577030454143,0.450489786629109,0.50132548598976,0.542384484980341,0.582093034998063,0.624712644881808,0.653317816291698,0.682971471421914,0.696493711359477,0.750805376211863,0.802240615987759,0.829662103049774,0.874699847995756,0.893377898585216,0.911989048020184,0.92130210066537,0.939065706594651,0.976778559095117,0.988933771190649,1,0.992409254351974,0.983250792475004,0.966014808829291,0.93737508383427,0.927234867201218,0.900842933167433,0.862832860465227,0.777130138593264,0.699796958197178,0.636370176440254,0.581761907829333
0.321980894588873,0.384861448326059,0.432490140073431,0.481574251586995,0.521755923719977,0.560295077384164,0.601217049909485,0.628619308571963,0.654938709018161,0.666070207846414,0.719055852120866,0.770682508827187,0.79868118392241,0.842914180075659,0.861605793648983,0.880728686355507,0.8908911119917,0.909778672351705,0.949264610392471,0.963287342630334,0.992409254351974,1,0.996513042338637,0.97685191557731,0.946095724239149,0.934159567587436,0.906277080521171,0.864072294485676,0.773754140212461,0.694176492042913,0.632259523760032,0.578627515612979
0.321314195975578,0.38395806280948,0.431374916290583,0.480905152129586,0.521647607615491,0.56000570761624,0.599868491938647,0.626273060390405,0.650424622712485,0.659756990284524,0.710264937214351,0.759527418461798,0.785908995512216,0.828778085500977,0.846638509819824,0.865225401720817,0.875121358111416,0.893840508051724,0.933285575923387,0.947558454177595,0.983250792475004,0.996513042338637,1,0.989452588724733,0.965834445991594,0.952490254287334,0.923076320555784,0.878439440721883,0.784952317900118,0.703308351649106,0.641249612189246,0.587273648329823
0.324969230707985,0.391762466769846,0.443372754289598,0.495172975382335,0.537660915823383,0.576518068987539,0.615549695627045,0.640865704457302,0.663500260920889,0.671283874312253,0.717633544983128,0.761574535984474,0.783943256147617,0.824510199783649,0.840546476876937,0.85745297557396,0.865959422007082,0.883188963942423,0.920693481113153,0.933676113665419,0.966014808829291,0.97685191557731,0.989452588724733,1,0.993188531546405,0.978675623816291,0.947643747123009,0.902117140670756,0.806877115081188,0.723495360997335,0.660086433177032,0.60479288766773
0.322938667050232,0.392047889367805,0.446241837795159,0.499075653868706,0.542317733696819,0.580981970898145,0.618748033778381,0.642801219759012,0.663869338969102,0.670288129915325,0.712584075931713,0.751572531964758,0.770371298068608,0.808465978221068,0.822789687129715,0.838085938340343,0.845344597227515,0.861112412102467,0.896482363039611,0.908228587676638,0.93737508383427,0.946095724239149,0.965834445991594,0.993188531546405,1,0.984768996141642,0.952910344897033,0.907364421569908,0.812171157845551,0.728666945769193,0.665141838846435,0.609634213450026
0.326369931405429,0.397650821093561,0.453948832199853,0.506516043880812,0.548998822203818,0.588974009785336,0.630545578223312,0.657937834956888,0.680135021365869,0.687242492101423,0.729147824257018,0.766783563590667,0.784009422557391,0.819810039256333,0.831980720186646,0.84371124045939,0.847338120388793,0.859729043356042,0.891619822957781,0.900740182563568,0.927234867201218,0.934159567587436,0.952490254287334,0.978675623816291,0.984768996141642,1,0.991121868806953,0.95684187669071,0.862295326336225,0.779290937398871,0.724002102988834,0.671436749652706
0.32234072936483,0.393797693172746,0.450523515468352,0.501800235817577,0.542825311262301,0.582987152994323,0.626631533536054,0.656030036271325,0.678653893681543,0.686157760536467,0.726953102859653,0.762840891782421,0.778552353722042,0.81189511780179,0.822190469307407,0.830973697364777,0.831764454533968,0.841337249015907,0.869940489783025,0.876881128761451,0.900842933167433,0.906277080521171,0.923076320555784,0.947643747123009,0.952910344897033,0.991121868806953,1,0.975032530443391,0.88291339867292,0.801990000186681,0.754128691660855,0.704889744448673
0.329331229234465,0.398394572283339,0.452158006351423,0.503835579657409,0.54569874355717,0.585810379612913,0.628379505933484,0.65670856297727,0.677182665633226,0.682848770617636,0.721016471948983,0.754272772903174,0.767729414634742,0.797230388754552,0.80464376940391,0.811635023674287,0.811308617954923,0.818438881915466,0.84171815878424,0.845007351209481,0.862832860465227,0.864072294485676,0.878439440721883,0.902117140670756,0.907364421569908,0.95684187669071,0.975032530443391,1,0.964352112763535,0.913173290478131,0.866553634859065,0.814721962426294
0.320631320966614,0.382597956534951,0.429335541767017,0.47908166744981,0.520207684842217,0.55782769608143,0.595624088244027,0.620050141237534,0.636456086863317,0.639321660210873,0.672493716396082,0.701327816398093,0.711881660925848,0.735996827238688,0.740244356498373,0.74594111621428,0.745537376363801,0.750495950838577,0.767286068384851,0.766831173083419,0.777130138593264,0.773754140212461,0.784952317900118,0.806877115081188,0.812171157845551,0.862295326336225,0.88291339867292,0.964352112763535,1,0.98790123084152,0.94216113295794,0.888611050078054
0.310736507411912,0.366517927517745,0.407270135532495,0.453917553980756,0.492815911671434,0.527444556599424,0.561140289466629,0.582345845689444,0.596159708114477,0.597496953548868,0.625833689964154,0.649746221902595,0.657145507134614,0.676544401440202,0.678144991908138,0.681945000349995,0.680583356462937,0.683613169862134,0.696263967019711,0.693836277731423,0.699796958197178,0.694176492042913,0.703308351649106,0.723495360997335,0.728666945769193,0.779290937398871,0.801990000186681,0.913173290478131,0.98790123084152,1,0.966844510079306,0.91970336022591
0.327625785261282,0.379122850306863,0.414311292185931,0.456095139451355,0.49009163302748,0.520604934432496,0.551203837286474,0.569723010369019,0.584020332201279,0.585993447849105,0.606864331127066,0.620215472530243,0.619905591927411,0.632537126241918,0.629451798632588,0.626999897119604,0.620052429057366,0.619486768947886,0.631496268994257,0.629711780217688,0.636370176440254,0.632259523760032,0.641249612189246,0.660086433177032,0.665141838846435,0.724002102988834,0.754128691660855,0.866553634859065,0.94216113295794,0.966844510079306,1,0.989470326363203
0.327591788472565,0.375150601737054,0.406153842237331,0.44395595649112,0.474177350301385,0.501463467391214,0.529409947635714,0.545863526364193,0.5600156437805,0.562291302359492,0.578318734275154,0.585292430023256,0.580622245310361,0.589047809272894,0.583397069964506,0.577473613056767,0.567563929506825,0.564977017931281,0.576270907986388,0.574903295380441,0.581761907829333,0.578627515612979,0.587273648329823,0.60479288766773,0.609634213450026,0.671436749652706,0.704889744448673,0.814721962426294,0.888611050078054,0.91970336022591,0.989470326363203,1
