1,0.940308749973523,0.757095556969575,0.719456575843225,0.665321731697448,0.641029189720503,0.601664612304364,0.574694498552287,0.542407345673312,0.513710895178807,0.487609243282318,0.474149189723838,0.453090146284509,0.423481771966935,0.402260882454866,0.391171985865564,0.375850572552506,0.355561643220838,0.334043210089638,0.310042846945489,0.300782598092563,0.294374874339281,0.28936152375231,0.276014640334112,0.270804803681583,0.24378724262693,0.2265056244733,0.20032429488347,0.196538831730325,0.176491231534443,0.155544606966366,0.124965576898154
0.940308749973523,1,0.933255821800707,0.893390095756078,0.831853861372478,0.802702272818563,0.756548685970748,0.728898315843212,0.694802051734423,0.665358013890792,0.638178768436234,0.625615013171745,0.605625729328917,0.577333691594849,0.55311252090282,0.535175578222634,0.51367121582815,0.487308936445417,0.463469878701517,0.439185744568389,0.424120092128478,0.405873385338527,0.389684894184291,0.363722892292935,0.343889985909162,0.298742369006838,0.268433481887817,0.231078287059902,0.211624794899973,0.180926734859249,0.163509552472393,0.13687443993525
0.757095556969575,0.933255821800707,1,0.976129762668274,0.924314839932257,0.892646363414337,0.84366991166528,0.81788523390883,0.785444582718728,0.75881398038196,0.733403263276569,0.722600130453303,0.705728214122405,0.682137367029353,0.657675526588105,0.634816790427258,0.609623907236489,0.580290505309397,0.556624895354414,0.534259444560857,0.514028451718198,0.48434722331148,0.457113941705691,0.419620250434845,0.385243786063196,0.324736632407335,0.283485973310541,0.23820472058491,0.204142203938109,0.16548720810878,0.15289291921488,0.132763004845052
0.719456575843225,0.893390095756078,0.976129762668274,1,0.983879607509782,0.949099829520561,0.895975618496901,0.867830824167031,0.833753853081173,0.807590304080091,0.781119825060094,0.768052418317722,0.749982833989227,0.726429270918938,0.70208817119073,0.679549906884081,0.655108095667095,0.626641498223823,0.602229327641512,0.577630052483755,0.554250543545956,0.520124756622534,0.488241149829205,0.445615656293969,0.405390500733177,0.338535669172005,0.293932570952482,0.246214790201176,0.21003559808744,0.169667926054042,0.153950795480724,0.13129013177252
0.665321731697448,0.831853861372478,0.924314839932257,0.983879607509782,1,0.977785195028696,0.932730402443279,0.903889824508106,0.869371675095311,0.843826897766554,0.816555282469292,0.801415975619666,0.782080572097265,0.758194142765589,0.733632486555436,0.711077765810442,0.687044014774528,0.659176388199587,0.634488524505118,0.608754210530733,0.582359353976281,0.543590511295293,0.507350477127767,0.460494997253188,0.415177031996408,0.343460587947156,0.29596164625128,0.24648082613297,0.207820865260333,0.166275211046969,0.148127559126162,0.124142700965457
0.641029189720503,0.802702272818563,0.892646363414337,0.949099829520561,0.977785195028696,1,0.98645440902679,0.959119054310254,0.924693649251735,0.89800589675982,0.868851937228319,0.85178682314985,0.830072531880349,0.803304332883667,0.77595045943214,0.75088852113811,0.724483937151051,0.69426242317879,0.66872610932809,0.643073720855521,0.613193472309342,0.568209476338399,0.52732271801751,0.476598257883687,0.426637903698248,0.350249787373534,0.298565010299134,0.245978376577824,0.202035408155276,0.157992533929959,0.138698662025946,0.115072865408465
0.601664612304364,0.756548685970748,0.84366991166528,0.895975618496901,0.932730402443279,0.98645440902679,1,0.985143010853775,0.958280423637097,0.931525489093699,0.901678881416488,0.883650409200028,0.860647581390655,0.832228617001166,0.803371651465271,0.777072523155215,0.749471185584022,0.718006505286696,0.691834611020912,0.665869888869592,0.633694573101378,0.584846726635155,0.540769736619669,0.487197077734057,0.434594416434451,0.355628437641326,0.302473361930777,0.248814955379018,0.199203292540245,0.151734866100787,0.134495676517061,0.113614694153484
0.574694498552287,0.728898315843212,0.81788523390883,0.867830824167031,0.903889824508106,0.959119054310254,0.985143010853775,1,0.991789368078239,0.965654558830289,0.936017185630205,0.918177040512729,0.895104726672795,0.866332131239201,0.837321155646552,0.811164435028175,0.783482550468069,0.751577843399182,0.723967824558352,0.695647640142301,0.662360888624185,0.612590411772029,0.566620622806289,0.510073441015479,0.456588852694773,0.375587260662598,0.323777805108284,0.270423441871893,0.21322231363264,0.15891036385214,0.148475096918052,0.133152583918745
0.542407345673312,0.694802051734423,0.785444582718728,0.833753853081173,0.869371675095311,0.924693649251735,0.958280423637097,0.991789368078239,1,0.985773002292859,0.962943398505595,0.94517834856856,0.922529131169273,0.894586506559747,0.866710637621301,0.842041771871396,0.815197272456078,0.783379941803527,0.755407184565372,0.726191388257001,0.693111851515314,0.643484447664451,0.596550810454277,0.537618653924005,0.484044870198728,0.401115431651475,0.35061534629281,0.297111728510032,0.232827678967693,0.171478657431078,0.166718774141521,0.155580874047108
0.513710895178807,0.665358013890792,0.75881398038196,0.807590304080091,0.843826897766554,0.89800589675982,0.931525489093699,0.965654558830289,0.985773002292859,1,0.993404762503997,0.975217985124829,0.953330910717547,0.927514940812951,0.902215243112247,0.880594967564391,0.855488092641463,0.824013296421622,0.796889837631062,0.768607550462723,0.737196546661889,0.688489753606958,0.641282637178832,0.580014241059434,0.526648748233383,0.440629621006515,0.390394997451396,0.335097074918559,0.263889432625726,0.19461681121312,0.193278878422181,0.183682067583457
0.487609243282318,0.638178768436234,0.733403263276569,0.781119825060094,0.816555282469292,0.868851937228319,0.901678881416488,0.936017185630205,0.962943398505595,0.993404762503997,1,0.990265200222664,0.97378362362881,0.949891909239855,0.926909793249125,0.908001499031425,0.884793821622346,0.854301490130231,0.828088888014438,0.800433143414592,0.770694349312782,0.723367673850818,0.677056048755994,0.615107290069995,0.562316438611058,0.473698922806797,0.422675339903057,0.364966473515579,0.290444736678538,0.216341924920648,0.216874040730046,0.207283526557737
0.474149189723838,0.625615013171745,0.722600130453303,0.768052418317722,0.801415975619666,0.85178682314985,0.883650409200028,0.918177040512729,0.94517834856856,0.975217985124829,0.990265200222664,1,0.994450364780231,0.971723768495135,0.950215471430031,0.933111126373153,0.911535594588158,0.882333621741124,0.856648264472239,0.828744975504207,0.80011584967117,0.753952576612136,0.709301314248292,0.647934768650495,0.595344607646502,0.503561532769004,0.449614898650504,0.387936029501456,0.313908297692812,0.238204629922255,0.238451608864694,0.226694329577368
0.453090146284509,0.605625729328917,0.705728214122405,0.749982833989227,0.782080572097265,0.830072531880349,0.860647581390655,0.895104726672795,0.922529131169273,0.953330910717547,0.97378362362881,0.994450364780231,1,0.988563724177967,0.972845751247106,0.955893757443698,0.934774095524228,0.906156443606436,0.881434329101617,0.854588469258812,0.827009925760548,0.78114793091931,0.737408217849378,0.676178836877887,0.621665418052804,0.525280465241989,0.469616983454924,0.405986797827226,0.332896149029749,0.256060286160416,0.256315719781097,0.242944959299266
0.423481771966935,0.577333691594849,0.682137367029353,0.726429270918938,0.758194142765589,0.803304332883667,0.832228617001166,0.866332131239201,0.894586506559747,0.927514940812951,0.949891909239855,0.971723768495135,0.988563724177967,1,0.995006381161184,0.976311122153761,0.95429433144264,0.925443781992212,0.902175886750666,0.877872267552564,0.851267747701699,0.804705774399741,0.761006585903839,0.699385617983755,0.640501256848336,0.537841004358683,0.481823879965161,0.418532979549981,0.346863193176682,0.269407420886281,0.270007398193623,0.255652469781527
0.402260882454866,0.55311252090282,0.657675526588105,0.70208817119073,0.733632486555436,0.77595045943214,0.803371651465271,0.837321155646552,0.866710637621301,0.902215243112247,0.926909793249125,0.950215471430031,0.972845751247106,0.995006381161184,1,0.990273591653112,0.973262076001337,0.945723013963842,0.923483563500836,0.899826701260248,0.873898262089412,0.827421901466514,0.783738447864478,0.721330160668888,0.659986307029531,0.553131898672308,0.498225166311684,0.435888431613385,0.367346774153711,0.289627988147165,0.290444164566617,0.274257140919817
0.391171985865564,0.535175578222634,0.634816790427258,0.679549906884081,0.711077765810442,0.75088852113811,0.777072523155215,0.811164435028175,0.842041771871396,0.880594967564391,0.908001499031425,0.933111126373153,0.955893757443698,0.976311122153761,0.990273591653112,1,0.99373729932486,0.968950455803021,0.947221650384545,0.922223243255937,0.896581962534637,0.850853766247422,0.80704329416154,0.743305008154155,0.681330387454097,0.572209377354302,0.519705295481054,0.4587457388203,0.39477368895614,0.316949587655985,0.31784881349825,0.298986921463739
0.375850572552506,0.51367121582815,0.609623907236489,0.655108095667095,0.687044014774528,0.724483937151051,0.749471185584022,0.783482550468069,0.815197272456078,0.855488092641463,0.884793821622346,0.911535594588158,0.934774095524228,0.95429433144264,0.973262076001337,0.99373729932486,1,0.988778858673593,0.972687670523379,0.947047173545184,0.921220816801085,0.87501400714856,0.830131211873617,0.764401329739886,0.700263911541767,0.587722085189192,0.53976949991154,0.482662929246508,0.425698559442258,0.348658205242051,0.349984207347216,0.32812549683066
0.355561643220838,0.487308936445417,0.580290505309397,0.626641498223823,0.659176388199587,0.69426242317879,0.718006505286696,0.751577843399182,0.783379941803527,0.824013296421622,0.854301490130231,0.882333621741124,0.906156443606436,0.925443781992212,0.945723013963842,0.968950455803021,0.988778858673593,1,0.993838116523278,0.968310170546702,0.942027940549817,0.894534369614568,0.848028776236831,0.780139382341138,0.712919522689613,0.596651303053462,0.555175095424551,0.504199573891841,0.45637206957943,0.381238606876729,0.383265280202073,0.358351658866048
0.334043210089638,0.463469878701517,0.556624895354414,0.602229327641512,0.634488524505118,0.66872610932809,0.691834611020912,0.723967824558352,0.755407184565372,0.796889837631062,0.828088888014438,0.856648264472239,0.881434329101617,0.902175886750666,0.923483563500836,0.947221650384545,0.972687670523379,0.993838116523278,1,0.9881938775538,0.967402748351681,0.919067258901653,0.871726791518149,0.802327768150966,0.731814481201778,0.610777135702953,0.571626527878176,0.522925915261407,0.477626024698821,0.401511899446216,0.403206910269613,0.376152386222164
0.310042846945489,0.439185744568389,0.534259444560857,0.577630052483755,0.608754210530733,0.643073720855521,0.665869888869592,0.695647640142301,0.726191388257001,0.768607550462723,0.800433143414592,0.828744975504207,0.854588469258812,0.877872267552564,0.899826701260248,0.922223243255937,0.947047173545184,0.968310170546702,0.9881938775538,1,0.989138830100641,0.940635901470128,0.893385770542438,0.823462663634477,0.750054675945887,0.624396218913227,0.584644974934091,0.53557807438406,0.48806909661247,0.409333939005984,0.409921191845973,0.381650870586302
0.300782598092563,0.424120092128478,0.514028451718198,0.554250543545956,0.582359353976281,0.613193472309342,0.633694573101378,0.662360888624185,0.693111851515314,0.737196546661889,0.770694349312782,0.80011584967117,0.827009925760548,0.851267747701699,0.873898262089412,0.896581962534637,0.921220816801085,0.942027940549817,0.967402748351681,0.989138830100641,1,0.978626332425911,0.942256303385174,0.871904300359906,0.795617778396001,0.662692966154076,0.620773352974129,0.568831717035231,0.521708001352597,0.439990524052813,0.438217199565335,0.405530397726261
0.294374874339281,0.405873385338527,0.48434722331148,0.520124756622534,0.543590511295293,0.568209476338399,0.584846726635155,0.612590411772029,0.643484447664451,0.688489753606958,0.723367673850818,0.753952576612136,0.78114793091931,0.804705774399741,0.827421901466514,0.850853766247422,0.87501400714856,0.894534369614568,0.919067258901653,0.940635901470128,0.978626332425911,1,0.981350907639985,0.912382202365395,0.835331884267821,0.697312392004252,0.653431139011072,0.598526099715602,0.554557740537675,0.471873250003904,0.467184507857459,0.42921288757033
0.28936152375231,0.389684894184291,0.457113941705691,0.488241149829205,0.507350477127767,0.52732271801751,0.540769736619669,0.566620622806289,0.596550810454277,0.641282637178832,0.677056048755994,0.709301314248292,0.737408217849378,0.761006585903839,0.783738447864478,0.80704329416154,0.830131211873617,0.848028776236831,0.871726791518149,0.893385770542438,0.942256303385174,0.981350907639985,1,0.972081025372251,0.904473417988457,0.755806407502048,0.70355898481829,0.639591113842329,0.591930283925333,0.504053356806863,0.491508965570812,0.445127681934702
0.276014640334112,0.363722892292935,0.419620250434845,0.445615656293969,0.460494997253188,0.476598257883687,0.487197077734057,0.510073441015479,0.537618653924005,0.580014241059434,0.615107290069995,0.647934768650495,0.676178836877887,0.699385617983755,0.721330160668888,0.743305008154155,0.764401329739886,0.780139382341138,0.802327768150966,0.823462663634477,0.871904300359906,0.912382202365395,0.972081025372251,1,0.947837587751658,0.792300095013951,0.731461641283282,0.658853362126426,0.606226545098267,0.514761285003499,0.493454478855022,0.439881127336762
0.270804803681583,0.343889985909162,0.385243786063196,0.405390500733177,0.415177031996408,0.426637903698248,0.434594416434451,0.456588852694773,0.484044870198728,0.526648748233383,0.562316438611058,0.595344607646502,0.621665418052804,0.640501256848336,0.659986307029531,0.681330387454097,0.700263911541767,0.712919522689613,0.731814481201778,0.750054675945887,0.795617778396001,0.835331884267821,0.904473417988457,0.947837587751658,1,0.943877958627804,0.886626666017551,0.782022893531754,0.699486450350752,0.582314597053512,0.560685392994099,0.50415421773085
0.24378724262693,0.298742369006838,0.324736632407335,0.338535669172005,0.343460587947156,0.350249787373534,0.355628437641326,0.375587260662598,0.401115431651475,0.440629621006515,0.473698922806797,0.503561532769004,0.525280465241989,0.537841004358683,0.553131898672308,0.572209377354302,0.587722085189192,0.596651303053462,0.610777135702953,0.624396218913227,0.662692966154076,0.697312392004252,0.755806407502048,0.792300095013951,0.943877958627804,1,0.954943542197392,0.829702298776513,0.725351182504383,0.593649867814216,0.576734812311885,0.524974254459415
0.2265056244733,0.268433481887817,0.283485973310541,0.293932570952482,0.29596164625128,0.298565010299134,0.302473361930777,0.323777805108284,0.35061534629281,0.390394997451396,0.422675339903057,0.449614898650504,0.469616983454924,0.481823879965161,0.498225166311684,0.519705295481054,0.53976949991154,0.555175095424551,0.571626527878176,0.584644974934091,0.620773352974129,0.653431139011072,0.70355898481829,0.731461641283282,0.886626666017551,0.954943542197392,1,0.956255575932566,0.846232186961789,0.683809493322106,0.656706861408454,0.592982854057387
0.20032429488347,0.231078287059902,0.23820472058491,0.246214790201176,0.24648082613297,0.245978376577824,0.248814955379018,0.270423441871893,0.297111728510032,0.335097074918559,0.364966473515579,0.387936029501456,0.405986797827226,0.418532979549981,0.435888431613385,0.4587457388203,0.482662929246508,0.504199573891841,0.522925915261407,0.53557807438406,0.568831717035231,0.598526099715602,0.639591113842329,0.658853362126426,0.782022893531754,0.829702298776513,0.956255575932566,1,0.897618635159328,0.720373270758336,0.684112173121837,0.612078521863816
0.196538831730325,0.211624794899973,0.204142203938109,0.21003559808744,0.207820865260333,0.202035408155276,0.199203292540245,0.21322231363264,0.232827678967693,0.263889432625726,0.290444736678538,0.313908297692812,0.332896149029749,0.346863193176682,0.367346774153711,0.39477368895614,0.425698559442258,0.45637206957943,0.477626024698821,0.48806909661247,0.521708001352597,0.554557740537675,0.591930283925333,0.606226545098267,0.699486450350752,0.725351182504383,0.846232186961789,0.897618635159328,1,0.951602107371812,0.893460541765013,0.760868397202609
0.176491231534443,0.180926734859249,0.16548720810878,0.169667926054042,0.166275211046969,0.157992533929959,0.151734866100787,0.15891036385214,0.171478657431078,0.19461681121312,0.216341924920648,0.238204629922255,0.256060286160416,0.269407420886281,0.289627988147165,0.316949587655985,0.348658205242051,0.381238606876729,0.401511899446216,0.409333939005984,0.439990524052813,0.471873250003904,0.504053356806863,0.514761285003499,0.582314597053512,0.593649867814216,0.683809493322106,0.720373270758336,0.951602107371812,1,0.93468732480057,0.776306133457676
0.155544606966366,0.163509552472393,0.15289291921488,0.153950795480724,0.148127559126162,0.138698662025946,0.134495676517061,0.148475096918052,0.166718774141521,0.193278878422181,0.216874040730046,0.238451608864694,0.256315719781097,0.270007398193623,0.290444164566617,0.31784881349825,0.349984207347216,0.383265280202073,0.403206910269613,0.409921191845973,0.438217199565335,0.467184507857459,0.491508965570812,0.493454478855022,0.560685392994099,0.576734812311885,0.656706861408454,0.684112173121837,0.893460541765013,0.93468732480057,1,0.948999217849511
0.124965576898154,0.13687443993525,0.132763004845052,0.13129013177252,0.124142700965457,0.115072865408465,0.113614694153484,0.133152583918745,0.155580874047108,0.183682067583457,0.207283526557737,0.226694329577368,0.242944959299266,0.255652469781527,0.274257140919817,0.298986921463739,0.32812549683066,0.358351658866048,0.376152386222164,0.381650870586302,0.405530397726261,0.42921288757033,0.445127681934702,0.439881127336762,0.50415421773085,0.524974254459415,0.592982854057387,0.612078521863816,0.760868397202609,0.776306133457676,0.948999217849511,1
