1,0.85783200418662,0.818967338466008,0.775803372163137,0.750018689731146,0.726178299819985,0.711255945251758,0.691804495907399,0.662852480709833,0.642629401243746,0.614571973023905,0.595306176010023,0.575250554179923,0.539314925949862,0.502543492856044,0.465126159999032,0.419143095445776,0.38086853563817,0.345398817104501,0.306579065707674,0.263966002359624,0.219700154007477,0.167401798409634,0.115566957083692,0.0448855461329482,-0.0146782517522075,-0.0679923684812821,-0.10333886913071,-0.146868869159918,-0.200128176007435,-0.0817801841762976,0.117346773646207
0.85783200418662,1,0.971753901375434,0.949361466923823,0.931280971141178,0.911208372316757,0.895759166096312,0.881028264855186,0.859833489488214,0.841071792492431,0.815270308793943,0.791877488404964,0.768403526988469,0.733967730375129,0.691355732801792,0.649192738193931,0.607325950508639,0.565860306741752,0.524492649249068,0.482704201124305,0.439680098105267,0.392825326071776,0.334981941245638,0.280318098680266,0.214546765616977,0.151532776090233,0.0992177277856288,0.062384825431756,0.0117341510854486,-0.0462883797695616,0.0137483826232933,0.135419660263213
0.818967338466008,0.971753901375434,1,0.987128872231327,0.974391920989803,0.958758138468287,0.945326895412458,0.933818419249339,0.917004607329605,0.90081245804765,0.876537068231327,0.854359624463757,0.83279580552406,0.800994849900866,0.761293703610301,0.721202692704895,0.681598391949168,0.640543521444912,0.601913388972104,0.561343928421819,0.520038471599065,0.47441745124516,0.419679413126511,0.367614971295123,0.303004510931388,0.240669545207842,0.186780338260011,0.148444798420234,0.096781909269701,0.0327386888507119,0.0563850292358854,0.13092039657932
0.775803372163137,0.949361466923823,0.987128872231327,1,0.99243452165723,0.981315454317694,0.971211326107111,0.961089648257063,0.948720451798741,0.935454267954826,0.915625581079792,0.89531569725621,0.875596661302623,0.846531653143062,0.809949949537046,0.772199258475937,0.737306792515196,0.698023181648723,0.660801094202408,0.621493495503197,0.583063678878969,0.539679717678416,0.48767118772661,0.438786511568436,0.377956635922363,0.317435238954648,0.265497268027581,0.226259864457329,0.174075572585789,0.107810327379483,0.0982747359154431,0.128279891141506
0.750018689731146,0.931280971141178,0.974391920989803,0.99243452165723,1,0.99308773744456,0.985172157011907,0.976247901625613,0.965828289617592,0.954616457201445,0.937186799099407,0.918054899673653,0.899171506445589,0.871788623953949,0.837739451473206,0.801923874833809,0.769782329868698,0.732621247312974,0.697639257663928,0.660022120206914,0.623813332510351,0.581691665763896,0.532141329592925,0.485017026539636,0.426800120864031,0.367878209055445,0.317134745598159,0.278877203045388,0.226834642816067,0.159921229049725,0.127863297534975,0.127517290036581
0.726178299819985,0.911208372316757,0.958758138468287,0.981315454317694,0.99308773744456,1,0.994259189117103,0.987633416190186,0.979143832773389,0.969106776147417,0.954097216792962,0.937025829381034,0.920078072887224,0.895122026470195,0.863563411355724,0.830075955352532,0.800265500921478,0.765418264925799,0.732213272161817,0.696794972519947,0.662887888960406,0.622924689563025,0.576035307739425,0.531390743133586,0.47528285756977,0.418347602177068,0.36840638791199,0.330416260287158,0.279602400723395,0.212670072960573,0.159250278184046,0.127038364323576
0.711255945251758,0.895759166096312,0.945326895412458,0.971211326107111,0.985172157011907,0.994259189117103,1,0.994835905010036,0.987962715349078,0.979568360941464,0.966658346191853,0.950929223998421,0.935427030629306,0.911999081597841,0.88272308933523,0.850952039130017,0.823048793745032,0.790039599236902,0.758444383804306,0.724623014752411,0.691704952676186,0.653908739345859,0.609160463843224,0.565324496561028,0.509966251615538,0.454037466117803,0.404015993956181,0.366521899595765,0.316300625442944,0.246376756258297,0.175248856635092,0.120520909594932
0.691804495907399,0.881028264855186,0.933818419249339,0.961089648257063,0.976247901625613,0.987633416190186,0.994835905010036,1,0.99564776435639,0.988513022533342,0.977904625461122,0.965123744351649,0.951222220466605,0.930227299666356,0.903936357359654,0.874598930200255,0.848311460340342,0.817980075045816,0.788056260073513,0.755484758643801,0.723640112018785,0.687628516877815,0.644158783134548,0.601825030124424,0.547705335242864,0.492694262296173,0.443301803843369,0.406418800469995,0.357797457251269,0.286890454233795,0.199691138799575,0.12283417414379
0.662852480709833,0.859833489488214,0.917004607329605,0.948720451798741,0.965828289617592,0.979143832773389,0.987962715349078,0.99564776435639,1,0.995655761410331,0.987649960390698,0.976848115954348,0.964276345345719,0.945767160156517,0.921737265265952,0.894987853396943,0.870960364862817,0.843029383420011,0.815622829754816,0.78512929218376,0.755440008924494,0.721231445546137,0.679759778376398,0.63960471022784,0.588261692396792,0.534979319103697,0.48725438447945,0.451093952484355,0.402013667290666,0.330535202434636,0.227467489637756,0.124848725562056
0.642629401243746,0.841071792492431,0.90081245804765,0.935454267954826,0.954616457201445,0.969106776147417,0.979568360941464,0.988513022533342,0.995655761410331,1,0.994754410437625,0.986554769922794,0.975701248865331,0.959425156452058,0.937435856236023,0.912608821762946,0.890580799119779,0.864404404807286,0.838263547139892,0.809252704357302,0.780575867972156,0.748012442305596,0.708284430708347,0.669073185965157,0.61963314961279,0.568026461195573,0.521343196846405,0.485563339347526,0.435429831469771,0.362440262870324,0.245789789244755,0.12668107713259
0.614571973023905,0.815270308793943,0.876537068231327,0.915625581079792,0.937186799099407,0.954097216792962,0.966658346191853,0.977904625461122,0.987649960390698,0.994754410437625,1,0.995215228003376,0.987175817347446,0.974142075210513,0.955713094463003,0.934058729302261,0.914747801764213,0.891020236332694,0.866857170035616,0.840395392682537,0.814410875400729,0.783770749069325,0.745203044333589,0.70802822906749,0.66077476991796,0.61040106092647,0.565106262704695,0.529551018410538,0.479813432925256,0.405362207875744,0.269215258395715,0.127775864197843
0.595306176010023,0.791877488404964,0.854359624463757,0.89531569725621,0.918054899673653,0.937025829381034,0.950929223998421,0.965123744351649,0.976848115954348,0.986554769922794,0.995215228003376,1,0.995772166533664,0.98701085211503,0.972470719659221,0.954424588763367,0.936710195238912,0.915623196376507,0.893967040355599,0.869757771452858,0.844776719630677,0.815999792307189,0.778768693367383,0.742897755140497,0.696941546854036,0.648556032207306,0.604255470801207,0.569100855859121,0.519180207030084,0.443034831939647,0.292278405440489,0.126989613122506
0.575250554179923,0.768403526988469,0.83279580552406,0.875596661302623,0.899171506445589,0.920078072887224,0.935427030629306,0.951222220466605,0.964276345345719,0.975701248865331,0.987175817347446,0.995772166533664,1,0.995226339228599,0.984797467013682,0.969935535480536,0.954392478436066,0.93565948954638,0.915614059734762,0.893564988728421,0.870455421948156,0.843432245034866,0.807323576415852,0.773286183217489,0.728100209754658,0.680901310598665,0.6371185168673,0.602317301740195,0.552953419600783,0.475562134445182,0.311176729034607,0.124764439293085
0.539314925949862,0.733967730375129,0.800994849900866,0.846531653143062,0.871788623953949,0.895122026470195,0.911999081597841,0.930227299666356,0.945767160156517,0.959425156452058,0.974142075210513,0.98701085211503,0.995226339228599,1,0.994028597395554,0.983636847514668,0.971241446965923,0.9553751056576,0.937566232368189,0.918428574088952,0.897827354034697,0.872897358783914,0.839076297522163,0.807027255402855,0.76494814882078,0.720353881474817,0.678231906591666,0.645335142403147,0.596322620026173,0.518461656168278,0.337037133756206,0.126307267687641
0.502543492856044,0.691355732801792,0.761293703610301,0.809949949537046,0.837739451473206,0.863563411355724,0.88272308933523,0.903936357359654,0.921737265265952,0.937435856236023,0.955713094463003,0.972470719659221,0.984797467013682,0.994028597395554,1,0.99468661861288,0.986423233359084,0.974088830209512,0.959760298218758,0.943664664374266,0.925457225167128,0.90343671346655,0.872807215617004,0.8433850430596,0.804176856961082,0.762533609390685,0.722491113597644,0.690646515065701,0.643148091877805,0.566222307280767,0.364185537744236,0.122930097499662
0.465126159999032,0.649192738193931,0.721202692704895,0.772199258475937,0.801923874833809,0.830075955352532,0.850952039130017,0.874598930200255,0.894987853396943,0.912608821762946,0.934058729302261,0.954424588763367,0.969935535480536,0.983636847514668,0.99468661861288,1,0.995304188680987,0.986624856032391,0.976174883999346,0.963285495177942,0.948092181430732,0.929207223175343,0.901667808575833,0.875186165316549,0.838875874167212,0.800226532060596,0.761996211739482,0.731944978997729,0.68631933608431,0.610068086794471,0.39005147672057,0.119795417027644
0.419143095445776,0.607325950508639,0.681598391949168,0.737306792515196,0.769782329868698,0.800265500921478,0.823048793745032,0.848311460340342,0.870960364862817,0.890580799119779,0.914747801764213,0.936710195238912,0.954392478436066,0.971241446965923,0.986423233359084,0.995304188680987,1,0.995160307586102,0.987410089097017,0.977243027427457,0.96482579214498,0.949023332380655,0.925167583709869,0.901427568692202,0.869260802803211,0.834651441273998,0.799379707951962,0.771170615390938,0.727413742131817,0.652451047051801,0.410425151065301,0.116464883334174
0.38086853563817,0.565860306741752,0.640543521444912,0.698023181648723,0.732621247312974,0.765418264925799,0.790039599236902,0.817980075045816,0.843029383420011,0.864404404807286,0.891020236332694,0.915623196376507,0.93565948954638,0.9553751056576,0.974088830209512,0.986624856032391,0.995160307586102,1,0.995564941742638,0.988588522449864,0.978438670954797,0.965700777321207,0.944398152456243,0.923734374993444,0.894972867791428,0.863498742426832,0.830657915270493,0.804853982558761,0.763777294974674,0.689354537771713,0.432456016142062,0.112276071850274
0.345398817104501,0.524492649249068,0.601913388972104,0.660801094202408,0.697639257663928,0.732213272161817,0.758444383804306,0.788056260073513,0.815622829754816,0.838263547139892,0.866857170035616,0.893967040355599,0.915614059734762,0.937566232368189,0.959760298218758,0.976174883999346,0.987410089097017,0.995564941742638,1,0.996033970850143,0.987777143332147,0.977902719833063,0.960062623389458,0.941824760820326,0.916166217853595,0.887639733811906,0.856214456799572,0.831971277618807,0.793028249233321,0.719081160932339,0.449238028930522,0.106478925361005
0.306579065707674,0.482704201124305,0.561343928421819,0.621493495503197,0.660022120206914,0.696794972519947,0.724623014752411,0.755484758643801,0.78512929218376,0.809252704357302,0.840395392682537,0.869757771452858,0.893564988728421,0.918428574088952,0.943664664374266,0.963285495177942,0.977243027427457,0.988588522449864,0.996033970850143,1,0.995405099858201,0.988453494439301,0.974310107191944,0.958773267361811,0.935723864378932,0.909821612971993,0.881094073956793,0.858878500070787,0.822740152204366,0.749416993068091,0.46805816608895,0.101924222255984
0.263966002359624,0.439680098105267,0.520038471599065,0.583063678878969,0.623813332510351,0.662887888960406,0.691704952676186,0.723640112018785,0.755440008924494,0.780575867972156,0.814410875400729,0.844776719630677,0.870455421948156,0.897827354034697,0.925457225167128,0.948092181430732,0.96482579214498,0.978438670954797,0.987777143332147,0.995405099858201,1,0.995750321853895,0.985450917526802,0.972676011326438,0.952958044428192,0.929508601344928,0.903552447581843,0.883333376295668,0.850247770697397,0.778407951285977,0.486536757467989,0.0996131728505677
0.219700154007477,0.392825326071776,0.47441745124516,0.539679717678416,0.581691665763896,0.622924689563025,0.653908739345859,0.687628516877815,0.721231445546137,0.748012442305596,0.783770749069325,0.815999792307189,0.843432245034866,0.872897358783914,0.90343671346655,0.929207223175343,0.949023332380655,0.965700777321207,0.977902719833063,0.988453494439301,0.995750321853895,1,0.993237382756356,0.984090852448376,0.96834134600138,0.947796171856038,0.92493461481304,0.906491757413586,0.876511498401877,0.808266984718954,0.500921771966708,0.10183324189739
0.167401798409634,0.334981941245638,0.419679413126511,0.48767118772661,0.532141329592925,0.576035307739425,0.609160463843224,0.644158783134548,0.679759778376398,0.708284430708347,0.745203044333589,0.778768693367383,0.807323576415852,0.839076297522163,0.872807215617004,0.901667808575833,0.925167583709869,0.944398152456243,0.960062623389458,0.974310107191944,0.985450917526802,0.993237382756356,1,0.994216158153598,0.982485668202373,0.966533701770719,0.947156591579558,0.931208795110685,0.904934341584636,0.841917707250882,0.522250959083705,0.0972396302793101
0.115566957083692,0.280318098680266,0.367614971295123,0.438786511568436,0.485017026539636,0.531390743133586,0.565324496561028,0.601825030124424,0.63960471022784,0.669073185965157,0.70802822906749,0.742897755140497,0.773286183217489,0.807027255402855,0.8433850430596,0.875186165316549,0.901427568692202,0.923734374993444,0.941824760820326,0.958773267361811,0.972676011326438,0.984090852448376,0.994216158153598,1,0.993294001093837,0.981023942283675,0.965438065704269,0.9517420371488,0.928144661718558,0.8686527326918,0.540654592298215,0.0969373483467967
0.0448855461329482,0.214546765616977,0.303004510931388,0.377956635922363,0.426800120864031,0.47528285756977,0.509966251615538,0.547705335242864,0.588261692396792,0.61963314961279,0.66077476991796,0.696941546854036,0.728100209754658,0.76494814882078,0.804176856961082,0.838875874167212,0.869260802803211,0.894972867791428,0.916166217853595,0.935723864378932,0.952958044428192,0.96834134600138,0.982485668202373,0.993294001093837,1,0.993590760380358,0.982806879086764,0.972029168654384,0.951422738625695,0.897949077132553,0.559030955262028,0.0941676073020792
-0.0146782517522075,0.151532776090233,0.240669545207842,0.317435238954648,0.367878209055445,0.418347602177068,0.454037466117803,0.492694262296173,0.534979319103697,0.568026461195573,0.61040106092647,0.648556032207306,0.680901310598665,0.720353881474817,0.762533609390685,0.800226532060596,0.834651441273998,0.863498742426832,0.887639733811906,0.909821612971993,0.929508601344928,0.947796171856038,0.966533701770719,0.981023942283675,0.993590760380358,1,0.993249418302247,0.984515287886733,0.967329013546317,0.918119203153343,0.572542870117778,0.087681664064743
-0.0679923684812821,0.0992177277856288,0.186780338260011,0.265497268027581,0.317134745598159,0.36840638791199,0.404015993956181,0.443301803843369,0.48725438447945,0.521343196846405,0.565106262704695,0.604255470801207,0.6371185168673,0.678231906591666,0.722491113597644,0.761996211739482,0.799379707951962,0.830657915270493,0.856214456799572,0.881094073956793,0.903552447581843,0.92493461481304,0.947156591579558,0.965438065704269,0.982806879086764,0.993249418302247,1,0.99377262056634,0.980357082029738,0.93826254334241,0.586559428864056,0.0893620056430468
-0.10333886913071,0.062384825431756,0.148444798420234,0.226259864457329,0.278877203045388,0.330416260287158,0.366521899595765,0.406418800469995,0.451093952484355,0.485563339347526,0.529551018410538,0.569100855859121,0.602317301740195,0.645335142403147,0.690646515065701,0.731944978997729,0.771170615390938,0.804853982558761,0.831971277618807,0.858878500070787,0.883333376295668,0.906491757413586,0.931208795110685,0.9517420371488,0.972029168654384,0.984515287886733,0.99377262056634,1,0.989451445400978,0.952305663309901,0.603075824925725,0.0976445856028761
-0.146868869159918,0.0117341510854486,0.096781909269701,0.174075572585789,0.226834642816067,0.279602400723395,0.316300625442944,0.357797457251269,0.402013667290666,0.435429831469771,0.479813432925256,0.519180207030084,0.552953419600783,0.596322620026173,0.643148091877805,0.68631933608431,0.727413742131817,0.763777294974674,0.793028249233321,0.822740152204366,0.850247770697397,0.876511498401877,0.904934341584636,0.928144661718558,0.951422738625695,0.967329013546317,0.980357082029738,0.989451445400978,1,0.971042226599827,0.627371587776721,0.110695188233954
-0.200128176007435,-0.0462883797695616,0.0327386888507119,0.107810327379483,0.159921229049725,0.212670072960573,0.246376756258297,0.286890454233795,0.330535202434636,0.362440262870324,0.405362207875744,0.443034831939647,0.475562134445182,0.518461656168278,0.566222307280767,0.610068086794471,0.652451047051801,0.689354537771713,0.719081160932339,0.749416993068091,0.778407951285977,0.808266984718954,0.841917707250882,0.8686527326918,0.897949077132553,0.918119203153343,0.93826254334241,0.952305663309901,0.971042226599827,1,0.676200014404102,0.161746489991625
-0.0817801841762976,0.0137483826232933,0.0563850292358854,0.0982747359154431,0.127863297534975,0.159250278184046,0.175248856635092,0.199691138799575,0.227467489637756,0.245789789244755,0.269215258395715,0.292278405440489,0.311176729034607,0.337037133756206,0.364185537744236,0.39005147672057,0.410425151065301,0.432456016142062,0.449238028930522,0.46805816608895,0.486536757467989,0.500921771966708,0.522250959083705,0.540654592298215,0.559030955262028,0.572542870117778,0.586559428864056,0.603075824925725,0.627371587776721,0.676200014404102,1,0.370419952628812
0.117346773646207,0.135419660263213,0.13092039657932,0.128279891141506,0.127517290036581,0.127038364323576,0.120520909594932,0.12283417414379,0.124848725562056,0.12668107713259,0.127775864197843,0.126989613122506,0.124764439293085,0.126307267687641,0.122930097499662,0.119795417027644,0.116464883334174,0.112276071850274,0.106478925361005,0.101924222255984,0.0996131728505677,0.10183324189739,0.0972396302793101,0.0969373483467967,0.0941676073020792,0.087681664064743,0.0893620056430468,0.0976445856028761,0.110695188233954,0.161746489991625,0.370419952628812,1
