1,0.870204337698029,0.831901413841328,0.814346548667386,0.807243805517103,0.792370251989592,0.781868517754998,0.766941214996237,0.754655429296081,0.745085599614153,0.731897762873485,0.71754940638676,0.707310113536527,0.688038611720573,0.666492124893581,0.655662502813572,0.644157128779503,0.627847035388379,0.615528954608915,0.605460941002447,0.592431385361111,0.583131046647954,0.570590423048159,0.559370498126693,0.555149019930597,0.527443917098738,0.499754962577251,0.461728010933822,0.403309929619882,0.337476535291117,0.235496756027371,0.139355373733937
0.870204337698029,1,0.960370831226874,0.935962451709045,0.916494385709268,0.900015912083522,0.885705406871364,0.869243912965072,0.858009110169964,0.846130885837172,0.835799655371713,0.823681164283657,0.816562667180306,0.800428634993592,0.783120220520803,0.771965025064036,0.762791619376435,0.747870644922183,0.736504693227958,0.725316509650708,0.71393340101153,0.705878173994729,0.69368452200315,0.685845435083259,0.678222237606573,0.65284754967819,0.62678650947062,0.584399832723341,0.519598963522089,0.444446568293452,0.309427964222487,0.203559082511449
0.831901413841328,0.960370831226874,1,0.975283518475522,0.954844397881453,0.93813517820414,0.923231176803319,0.905922072210884,0.8947493801755,0.884139806186686,0.874283920061439,0.863478631958286,0.857716692676586,0.843443180859192,0.826989167446184,0.813737032850988,0.803946063535413,0.788789789639523,0.775813280929507,0.763482738161,0.750456916113668,0.739769361296087,0.725238255487894,0.714565997667576,0.707252892980159,0.681589992583787,0.656330632003324,0.615863924374273,0.550429046629718,0.473539838881178,0.333248518599327,0.220097362142685
0.814346548667386,0.935962451709045,0.975283518475522,1,0.983669840332001,0.966595800215594,0.953836529637358,0.93773614251767,0.927979745445093,0.918371388603186,0.908829348134624,0.900437521979098,0.895488495527785,0.882856177749334,0.867264202085724,0.853418553901207,0.843142718666531,0.829498243072771,0.8174120030579,0.806752643042696,0.794558775867956,0.783034343142333,0.770507598081591,0.760489894398086,0.753109977499953,0.726602449021489,0.698254920371052,0.65632527644314,0.588104247831271,0.508169493675482,0.36620230045443,0.239777657750935
0.807243805517103,0.916494385709268,0.954844397881453,0.983669840332001,1,0.986455693152446,0.975775435674779,0.961614237614849,0.951702786822858,0.942396569529239,0.931176125647471,0.922931786265668,0.917732261543918,0.904537432319695,0.889379664370169,0.87598012573905,0.864786777378696,0.852215256119057,0.840699616176444,0.831698638063589,0.820127347346772,0.808777302375229,0.79649251763439,0.786963725706848,0.779543014641304,0.752501922728185,0.724238737700702,0.682508400461571,0.611810318415894,0.523244827713405,0.36878856274218,0.23942472014205
0.792370251989592,0.900015912083522,0.93813517820414,0.966595800215594,0.986455693152446,1,0.990589138054154,0.977048215282354,0.968474196993018,0.959164783628833,0.948051273947017,0.939532552903524,0.933060502088421,0.919200900304045,0.904949399345403,0.892615841579715,0.881521101906994,0.869072356578136,0.857514687828273,0.848741566755612,0.838280412571021,0.827760509490213,0.814944824282702,0.805953257719573,0.797893942330104,0.772650962667825,0.744002655711255,0.701209034512283,0.631391415588541,0.538709395409779,0.37834319126992,0.2495220523553
0.781868517754998,0.885705406871364,0.923231176803319,0.953836529637358,0.975775435674779,0.990589138054154,1,0.990797541907559,0.982224909577454,0.973571291696179,0.96237277474469,0.954475669932413,0.946539532052519,0.933690133683651,0.920235739282363,0.908969360418327,0.898086497931325,0.886112323878333,0.874021610126597,0.865629058128136,0.856109478496853,0.845866799133421,0.833391332410562,0.82371570465421,0.815622217956441,0.790796160469478,0.763798463413588,0.720862272655597,0.650907769732586,0.557047345734542,0.385108306705787,0.253611618987222
0.766941214996237,0.869243912965072,0.905922072210884,0.93773614251767,0.961614237614849,0.977048215282354,0.990797541907559,1,0.991918916993096,0.983396863753826,0.970989160943471,0.961803546969189,0.952317765239234,0.93885243981296,0.926804919970029,0.91554961179831,0.904428771273919,0.8932240544861,0.881202049592792,0.872957689740458,0.864133821316161,0.855546951808682,0.843428200184496,0.832769254856297,0.825053338112859,0.800813364699732,0.775433985645571,0.734196473635689,0.665292431863831,0.569162904283261,0.389303860204829,0.257743971197412
0.754655429296081,0.858009110169964,0.8947493801755,0.927979745445093,0.951702786822858,0.968474196993018,0.982224909577454,0.991918916993096,1,0.993284453631885,0.982238899642469,0.972785891496992,0.962710329498394,0.949854121203946,0.938184872654074,0.926684400207795,0.916059027119853,0.90449401006241,0.893356983788081,0.88613358349372,0.877961572799104,0.868860138649711,0.857309067883974,0.847289041873066,0.839442569259059,0.816367887063049,0.791155333427851,0.750381998156954,0.681568457888785,0.586016446740728,0.405783762929854,0.263060485904238
0.745085599614153,0.846130885837172,0.884139806186686,0.918371388603186,0.942396569529239,0.959164783628833,0.973571291696179,0.983396863753826,0.993284453631885,1,0.99180920397688,0.983173773732236,0.973412760226521,0.961790621183089,0.950478325083967,0.939315848431128,0.928251955665614,0.916764051344677,0.906247734110134,0.89977949078296,0.891572709028514,0.882991314374095,0.872044265849065,0.861114227401998,0.854352259426599,0.832359958982872,0.808844210709141,0.769485759897178,0.700915788728622,0.605107339691906,0.424976367057976,0.280314572694967
0.731897762873485,0.835799655371713,0.874283920061439,0.908829348134624,0.931176125647471,0.948051273947017,0.96237277474469,0.970989160943471,0.982238899642469,0.99180920397688,1,0.99338770404787,0.984850347288245,0.97525947607521,0.964811966408069,0.954526371868014,0.944374159197855,0.933275733144669,0.92317702163698,0.916814129649554,0.908484501724351,0.900273817600475,0.890152471105574,0.879918500170368,0.873558026902643,0.852955346297826,0.829954604750698,0.790353892827092,0.724124838597448,0.62739125171044,0.437667198772703,0.293591254694109
0.71754940638676,0.823681164283657,0.863478631958286,0.900437521979098,0.922931786265668,0.939532552903524,0.954475669932413,0.961803546969189,0.972785891496992,0.983173773732236,0.99338770404787,1,0.993789690979575,0.98537301737668,0.975777797042832,0.965117494723552,0.955399481359181,0.944538947212967,0.935494482433782,0.929244587067123,0.920085652017901,0.911772235255947,0.901588759275247,0.891334442988179,0.884309117277712,0.864964865373088,0.842023243027341,0.803486584343856,0.736829224088872,0.639021736526409,0.450766007624852,0.304018103586925
0.707310113536527,0.816562667180306,0.857716692676586,0.895488495527785,0.917732261543918,0.933060502088421,0.946539532052519,0.952317765239234,0.962710329498394,0.973412760226521,0.984850347288245,0.993789690979575,1,0.993739672877039,0.985296224937779,0.974607018078638,0.965482580389081,0.955616487589569,0.947075626832386,0.94019324652177,0.930884067006407,0.923023697007026,0.912544598365193,0.902819336016469,0.896339105593659,0.878067553950116,0.854581770930931,0.816857520764674,0.749403562915692,0.652423210191257,0.461895248850111,0.310108063091564
0.688038611720573,0.800428634993592,0.843443180859192,0.882856177749334,0.904537432319695,0.919200900304045,0.933690133683651,0.93885243981296,0.949854121203946,0.961790621183089,0.97525947607521,0.98537301737668,0.993739672877039,1,0.993967395544774,0.984741928583719,0.976203378067929,0.966953044864136,0.958942988071848,0.951893738485371,0.942813263906127,0.935311977053901,0.925162311625478,0.915887431648821,0.908614727769487,0.890906106700145,0.868340739434067,0.831081227489677,0.765972960998357,0.669352712479522,0.476607466172636,0.320296207596695
0.666492124893581,0.783120220520803,0.826989167446184,0.867264202085724,0.889379664370169,0.904949399345403,0.920235739282363,0.926804919970029,0.938184872654074,0.950478325083967,0.964811966408069,0.975777797042832,0.985296224937779,0.993967395544774,1,0.993839085712394,0.986553047471291,0.978045476459129,0.970886173581723,0.964143774851802,0.956116188286321,0.948227413125645,0.938322328368492,0.929169252124026,0.920439137204521,0.903734614810639,0.881955655527651,0.84585227861066,0.782590988602591,0.684341555700649,0.490215275110276,0.330912162458695
0.655662502813572,0.771965025064036,0.813737032850988,0.853418553901207,0.87598012573905,0.892615841579715,0.908969360418327,0.91554961179831,0.926684400207795,0.939315848431128,0.954526371868014,0.965117494723552,0.974607018078638,0.984741928583719,0.993839085712394,1,0.994569854551419,0.98686878364632,0.980499355100105,0.973379078605298,0.966167985458143,0.958586419380834,0.948554164792354,0.938897956637299,0.92952202966924,0.914385927341774,0.893975544749962,0.857529831729038,0.793376863811075,0.696354940461222,0.497372794368771,0.339707150491827
0.644157128779503,0.762791619376435,0.803946063535413,0.843142718666531,0.864786777378696,0.881521101906994,0.898086497931325,0.904428771273919,0.916059027119853,0.928251955665614,0.944374159197855,0.955399481359181,0.965482580389081,0.976203378067929,0.986553047471291,0.994569854551419,1,0.994306829673525,0.988031541788344,0.979802177488258,0.9726517544643,0.964885797793573,0.955231954394825,0.945861286658743,0.935031479311341,0.921808660094835,0.902860541703641,0.867700711105924,0.805584394540262,0.707429551797934,0.508097017154723,0.346105210338927
0.627847035388379,0.747870644922183,0.788789789639523,0.829498243072771,0.852215256119057,0.869072356578136,0.886112323878333,0.8932240544861,0.90449401006241,0.916764051344677,0.933275733144669,0.944538947212967,0.955616487589569,0.966953044864136,0.978045476459129,0.98686878364632,0.994306829673525,1,0.995055753314432,0.987823789862704,0.980459352232733,0.972979631166433,0.963954668908079,0.955891916257767,0.94598147869405,0.933228988950021,0.913952023711572,0.880047950888919,0.817577535967043,0.720326751666811,0.525236278582427,0.364460276701922
0.615528954608915,0.736504693227958,0.775813280929507,0.8174120030579,0.840699616176444,0.857514687828273,0.874021610126597,0.881202049592792,0.893356983788081,0.906247734110134,0.92317702163698,0.935494482433782,0.947075626832386,0.958942988071848,0.970886173581723,0.980499355100105,0.988031541788344,0.995055753314432,1,0.994783046672547,0.988131708555367,0.981122162519281,0.972523832848599,0.964156786177905,0.954084571359689,0.940540193619314,0.921308679238022,0.887953938835043,0.827426845310213,0.731516612381256,0.53716831983539,0.371993843381087
0.605460941002447,0.725316509650708,0.763482738161,0.806752643042696,0.831698638063589,0.848741566755612,0.865629058128136,0.872957689740458,0.88613358349372,0.89977949078296,0.916814129649554,0.929244587067123,0.94019324652177,0.951893738485371,0.964143774851802,0.973379078605298,0.979802177488258,0.987823789862704,0.994783046672547,1,0.994432696845081,0.987174488783,0.979644257586987,0.97186615383308,0.962499674355652,0.950012111153036,0.932178349491459,0.900159518987959,0.841766372870679,0.743040534460107,0.552463215064767,0.379829490763563
0.592431385361111,0.71393340101153,0.750456916113668,0.794558775867956,0.820127347346772,0.838280412571021,0.856109478496853,0.864133821316161,0.877961572799104,0.891572709028514,0.908484501724351,0.920085652017901,0.930884067006407,0.942813263906127,0.956116188286321,0.966167985458143,0.9726517544643,0.980459352232733,0.988131708555367,0.994432696845081,1,0.994026790458802,0.986384402146094,0.978978967384274,0.969812936155766,0.9591613069987,0.942549083687605,0.910291947166715,0.853689134626438,0.75422177594522,0.557782913658434,0.389602118078525
0.583131046647954,0.705878173994729,0.739769361296087,0.783034343142333,0.808777302375229,0.827760509490213,0.845866799133421,0.855546951808682,0.868860138649711,0.882991314374095,0.900273817600475,0.911772235255947,0.923023697007026,0.935311977053901,0.948227413125645,0.958586419380834,0.964885797793573,0.972979631166433,0.981122162519281,0.987174488783,0.994026790458802,1,0.993822495477377,0.986669158099207,0.978245159948692,0.968521281231486,0.952110826011433,0.919556061986681,0.862668339072945,0.764254721826607,0.565640331170435,0.394938148644385
0.570590423048159,0.69368452200315,0.725238255487894,0.770507598081591,0.79649251763439,0.814944824282702,0.833391332410562,0.843428200184496,0.857309067883974,0.872044265849065,0.890152471105574,0.901588759275247,0.912544598365193,0.925162311625478,0.938322328368492,0.948554164792354,0.955231954394825,0.963954668908079,0.972523832848599,0.979644257586987,0.986384402146094,0.993822495477377,1,0.993664632617693,0.984526655171216,0.975262296868245,0.958553529608237,0.926768317660236,0.872853386759007,0.776690148830168,0.579046051042168,0.404950867503166
0.559370498126693,0.685845435083259,0.714565997667576,0.760489894398086,0.786963725706848,0.805953257719573,0.82371570465421,0.832769254856297,0.847289041873066,0.861114227401998,0.879918500170368,0.891334442988179,0.902819336016469,0.915887431648821,0.929169252124026,0.938897956637299,0.945861286658743,0.955891916257767,0.964156786177905,0.97186615383308,0.978978967384274,0.986669158099207,0.993664632617693,1,0.992157239749454,0.98209731153041,0.964922694586177,0.93425012901776,0.881445964083931,0.785158601307678,0.583960921256265,0.409650988205612
0.555149019930597,0.678222237606573,0.707252892980159,0.753109977499953,0.779543014641304,0.797893942330104,0.815622217956441,0.825053338112859,0.839442569259059,0.854352259426599,0.873558026902643,0.884309117277712,0.896339105593659,0.908614727769487,0.920439137204521,0.92952202966924,0.935031479311341,0.94598147869405,0.954084571359689,0.962499674355652,0.969812936155766,0.978245159948692,0.984526655171216,0.992157239749454,1,0.989756977090976,0.973430490568383,0.945087241588351,0.894853465212572,0.801288322160482,0.595799665011246,0.417321989574862
0.527443917098738,0.65284754967819,0.681589992583787,0.726602449021489,0.752501922728185,0.772650962667825,0.790796160469478,0.800813364699732,0.816367887063049,0.832359958982872,0.852955346297826,0.864964865373088,0.878067553950116,0.890906106700145,0.903734614810639,0.914385927341774,0.921808660094835,0.933228988950021,0.940540193619314,0.950012111153036,0.9591613069987,0.968521281231486,0.975262296868245,0.98209731153041,0.989756977090976,1,0.987315207811439,0.961874535638606,0.912769982440886,0.820396239025735,0.613385348504459,0.433573497210803
0.499754962577251,0.62678650947062,0.656330632003324,0.698254920371052,0.724238737700702,0.744002655711255,0.763798463413588,0.775433985645571,0.791155333427851,0.808844210709141,0.829954604750698,0.842023243027341,0.854581770930931,0.868340739434067,0.881955655527651,0.893975544749962,0.902860541703641,0.913952023711572,0.921308679238022,0.932178349491459,0.942549083687605,0.952110826011433,0.958553529608237,0.964922694586177,0.973430490568383,0.987315207811439,1,0.981437255480455,0.938053549343957,0.848718152646731,0.648190674915335,0.445130380870589
0.461728010933822,0.584399832723341,0.615863924374273,0.65632527644314,0.682508400461571,0.701209034512283,0.720862272655597,0.734196473635689,0.750381998156954,0.769485759897178,0.790353892827092,0.803486584343856,0.816857520764674,0.831081227489677,0.84585227861066,0.857529831729038,0.867700711105924,0.880047950888919,0.887953938835043,0.900159518987959,0.910291947166715,0.919556061986681,0.926768317660236,0.93425012901776,0.945087241588351,0.961874535638606,0.981437255480455,1,0.969836863897159,0.881660662780727,0.688955353127462,0.468474549387513
0.403309929619882,0.519598963522089,0.550429046629718,0.588104247831271,0.611810318415894,0.631391415588541,0.650907769732586,0.665292431863831,0.681568457888785,0.700915788728622,0.724124838597448,0.736829224088872,0.749403562915692,0.765972960998357,0.782590988602591,0.793376863811075,0.805584394540262,0.817577535967043,0.827426845310213,0.841766372870679,0.853689134626438,0.862668339072945,0.872853386759007,0.881445964083931,0.894853465212572,0.912769982440886,0.938053549343957,0.969836863897159,1,0.921064564350116,0.722369241446182,0.493519202039036
0.337476535291117,0.444446568293452,0.473539838881178,0.508169493675482,0.523244827713405,0.538709395409779,0.557047345734542,0.569162904283261,0.586016446740728,0.605107339691906,0.62739125171044,0.639021736526409,0.652423210191257,0.669352712479522,0.684341555700649,0.696354940461222,0.707429551797934,0.720326751666811,0.731516612381256,0.743040534460107,0.75422177594522,0.764254721826607,0.776690148830168,0.785158601307678,0.801288322160482,0.820396239025735,0.848718152646731,0.881660662780727,0.921064564350116,1,0.803182163099107,0.559862234220021
0.235496756027371,0.309427964222487,0.333248518599327,0.36620230045443,0.36878856274218,0.37834319126992,0.385108306705787,0.389303860204829,0.405783762929854,0.424976367057976,0.437667198772703,0.450766007624852,0.461895248850111,0.476607466172636,0.490215275110276,0.497372794368771,0.508097017154723,0.525236278582427,0.53716831983539,0.552463215064767,0.557782913658434,0.565640331170435,0.579046051042168,0.583960921256265,0.595799665011246,0.613385348504459,0.648190674915335,0.688955353127462,0.722369241446182,0.803182163099107,1,0.64266884440289
0.139355373733937,0.203559082511449,0.220097362142685,0.239777657750935,0.23942472014205,0.2495220523553,0.253611618987222,0.257743971197412,0.263060485904238,0.280314572694967,0.293591254694109,0.304018103586925,0.310108063091564,0.320296207596695,0.330912162458695,0.339707150491827,0.346105210338927,0.364460276701922,0.371993843381087,0.379829490763563,0.389602118078525,0.394938148644385,0.404950867503166,0.409650988205612,0.417321989574862,0.433573497210803,0.445130380870589,0.468474549387513,0.493519202039036,0.559862234220021,0.64266884440289,1
