1,0.931390351447426,0.915672604780673,0.904074923501979,0.897477471020482,0.89281750226199,0.888109349200525,0.882658409679707,0.879869232870278,0.873322234985583,0.86562150257508,0.859891074451414,0.85380101177153,0.847536175178242,0.840679725526945,0.83735171022362,0.829265660628835,0.824457857009678,0.817140020301283,0.81361109058972,0.807677042650582,0.803398341092379,0.797084139349379,0.792446415155572,0.783712698337648,0.772929432744054,0.759606123247993,0.750525958549918,0.727523218830883,0.682425692580465,0.541755447932548,0.178100250549868
0.931390351447426,1,0.988173043273215,0.981490803215255,0.97618541245152,0.972055383085702,0.966956207631125,0.963562784730769,0.960199203382108,0.956568791005821,0.951369544992323,0.947565328857502,0.942041354707314,0.93687974917726,0.931418600948749,0.928805382957914,0.923278209774078,0.919134335977396,0.913642542391411,0.910200113137042,0.904808929290686,0.901101911441959,0.896477979070651,0.891798209633228,0.884303760859436,0.874254588353789,0.861508724324922,0.850669116489982,0.828806031336078,0.786500531759093,0.648423923068489,0.265212491976835
0.915672604780673,0.988173043273215,1,0.994605605186174,0.989373318954084,0.985579220997592,0.980980529113172,0.977600619198724,0.974514672764239,0.971012140358963,0.96637279399835,0.962766566433169,0.957916969590649,0.953167923809512,0.948604921918101,0.945542158505128,0.939896127495466,0.936205715235716,0.93088926395243,0.92738005729454,0.92206336449793,0.918508691394463,0.914432936184269,0.910089086661779,0.903204418532932,0.89359145280797,0.881600101517159,0.87123748823457,0.850714311888545,0.809081732559457,0.673140602018806,0.290469664554305
0.904074923501979,0.981490803215255,0.994605605186174,1,0.996051737607174,0.992612945021876,0.988760749384521,0.985526128374869,0.982525945739321,0.979210136770288,0.974862978178549,0.971171556593896,0.966620221982515,0.962283707603382,0.958145084650524,0.955601802091808,0.950489798592428,0.947219822196743,0.942470192297009,0.939284761047019,0.934678367526814,0.931369274112483,0.927443020475916,0.92353457350635,0.916882920330776,0.90826103067316,0.896731669671046,0.887130135166447,0.867947914798802,0.827678462932793,0.696852917858334,0.314822508289565
0.897477471020482,0.97618541245152,0.989373318954084,0.996051737607174,1,0.997381773708027,0.99383939275868,0.990893444105397,0.987699225212139,0.984235761163697,0.979826061678405,0.975982117315739,0.971408399461195,0.967248392336751,0.963292689644982,0.960628094602702,0.955875843657861,0.952811673290141,0.948211558795195,0.945363192138444,0.94116705001943,0.938012538295336,0.934370721284853,0.930857772313396,0.924693870590151,0.916559247452661,0.905616699263299,0.895758056473137,0.877077794801004,0.837469976216166,0.70775722920353,0.325655511012428
0.89281750226199,0.972055383085702,0.985579220997592,0.992612945021876,0.997381773708027,1,0.997367420932793,0.994509351972413,0.991464274739763,0.988148834007916,0.984132205200817,0.98022993593704,0.975984145890501,0.971881096492023,0.968125880935557,0.965579137514916,0.96095186128389,0.958010575158336,0.953960076575763,0.951357891587524,0.947351526293496,0.944475506405626,0.941143502326657,0.937802398134801,0.931946607221346,0.924358882622166,0.914004559450987,0.904309224362341,0.885682673596181,0.84724225142033,0.717726514618529,0.333827554305975
0.888109349200525,0.966956207631125,0.980980529113172,0.988760749384521,0.99383939275868,0.997367420932793,1,0.997818342893571,0.994971408521416,0.99162564648023,0.987942946595717,0.984088515747772,0.980139463341215,0.976192558146416,0.972617652640082,0.970217089506204,0.965799609290454,0.963053321476545,0.959296803637156,0.956701718581433,0.952739124843016,0.950237756519924,0.947224416923247,0.943979331334117,0.938456280859899,0.931331803812657,0.921664124788176,0.912455433537426,0.894697948783681,0.856993955064989,0.729670528088473,0.347533932511989
0.882658409679707,0.963562784730769,0.977600619198724,0.985526128374869,0.990893444105397,0.994509351972413,0.997818342893571,1,0.998039564548755,0.995321182450238,0.991996552070124,0.98865992300284,0.98517714789774,0.981562322261246,0.978224673628183,0.975880531667165,0.971489169656251,0.968720377617464,0.965131329564237,0.962425074122175,0.958471871800695,0.956357056527528,0.953593587247026,0.950688898615924,0.945633717540307,0.939072069683754,0.929961045932661,0.921194338699264,0.903690177976433,0.867581221206183,0.742076170446619,0.35962590839115
0.879869232870278,0.960199203382108,0.974514672764239,0.982525945739321,0.987699225212139,0.991464274739763,0.994971408521416,0.998039564548755,1,0.998210656769806,0.995406232545861,0.99233611613725,0.989133463454437,0.985856646873177,0.982676175322746,0.980325758393853,0.975985486362383,0.973097225595067,0.969561705698323,0.96681834105188,0.963073155235288,0.961046558678973,0.958486607836475,0.955830416075139,0.951029351008209,0.944859466751562,0.936512324745584,0.928074933376653,0.911036029471413,0.876104046642789,0.751996166690204,0.371261378091414
0.873322234985583,0.956568791005821,0.971012140358963,0.979210136770288,0.984235761163697,0.988148834007916,0.99162564648023,0.995321182450238,0.998210656769806,1,0.998137347382108,0.995760347605105,0.992891743938142,0.990026489018225,0.986919587950483,0.984486839056416,0.980443364694256,0.977536975800168,0.974011377822041,0.971350755171446,0.96781829429038,0.96567585501588,0.963299631611347,0.960831126392137,0.956348963945609,0.950338719006314,0.942509269752356,0.934306103619649,0.917538283176549,0.884138959465585,0.762092367244754,0.382476407722592
0.86562150257508,0.951369544992323,0.96637279399835,0.974862978178549,0.979826061678405,0.984132205200817,0.987942946595717,0.991996552070124,0.995406232545861,0.998137347382108,1,0.99862253100875,0.996415059988834,0.993869402159424,0.990947583354722,0.988515448175772,0.984840486788227,0.982088493291197,0.97878130206024,0.976334814062311,0.973050708073803,0.970845229338973,0.968588232737883,0.966265245462759,0.961998309545125,0.956406940331159,0.949228207009873,0.941126836731427,0.92518235707156,0.892701726590929,0.773113432684715,0.398262873367197
0.859891074451414,0.947565328857502,0.962766566433169,0.971171556593896,0.975982117315739,0.98022993593704,0.984088515747772,0.98865992300284,0.99233611613725,0.995760347605105,0.99862253100875,1,0.998610701170948,0.996300110058498,0.993550151966811,0.991068153306558,0.987493908749634,0.984770987049808,0.981599671843275,0.979179206609586,0.976004049232757,0.973851538016314,0.971730454957706,0.969414830476006,0.965393277395618,0.95978088297313,0.953046015172081,0.944985142065653,0.929486680249037,0.897869649480626,0.779806990025924,0.405849816108756
0.85380101177153,0.942041354707314,0.957916969590649,0.966620221982515,0.971408399461195,0.975984145890501,0.980139463341215,0.98517714789774,0.989133463454437,0.992891743938142,0.996415059988834,0.998610701170948,1,0.998606989951162,0.996459081184194,0.9942441187564,0.991230364333467,0.98879039840985,0.985920856411736,0.983672421033954,0.98064129477645,0.978615005237696,0.976567110547927,0.974378151550709,0.97076248902973,0.965555336362394,0.95940410560508,0.951620869211704,0.93661704048572,0.906575993205019,0.791326745145418,0.415830705704115
0.847536175178242,0.93687974917726,0.953167923809512,0.962283707603382,0.967248392336751,0.971881096492023,0.976192558146416,0.981562322261246,0.985856646873177,0.990026489018225,0.993869402159424,0.996300110058498,0.998606989951162,1,0.998597708659287,0.996721601110149,0.994109628805161,0.991893435524286,0.989242668736386,0.987063812758524,0.984246150269061,0.982153576621441,0.980198802316437,0.978137790552706,0.974788780791598,0.970013960498662,0.964380763912447,0.956817170833679,0.942450078709109,0.913712102140569,0.800694909346745,0.426411254617444
0.840679725526945,0.931418600948749,0.948604921918101,0.958145084650524,0.963292689644982,0.968125880935557,0.972617652640082,0.978224673628183,0.982676175322746,0.986919587950483,0.990947583354722,0.993550151966811,0.996459081184194,0.998597708659287,1,0.998795713311308,0.996706414386809,0.994784972331969,0.992506924853313,0.990432682996319,0.987776334169786,0.985887480749389,0.984038588092592,0.982133135397268,0.979100403145324,0.974696184742113,0.969329421525968,0.961950298679552,0.948315029351382,0.920592056648001,0.811035225360001,0.442161139087132
0.83735171022362,0.928805382957914,0.945542158505128,0.955601802091808,0.960628094602702,0.965579137514916,0.970217089506204,0.975880531667165,0.980325758393853,0.984486839056416,0.988515448175772,0.991068153306558,0.9942441187564,0.996721601110149,0.998795713311308,1,0.99862423208634,0.996995074777998,0.994866339880928,0.992994162900763,0.990548624411474,0.988622252483165,0.986610967651824,0.984656344558781,0.981667902374294,0.977376709603176,0.971891160194818,0.964681635885328,0.95123252427739,0.923913466156326,0.814991866486797,0.446783226113019
0.829265660628835,0.923278209774078,0.939896127495466,0.950489798592428,0.955875843657861,0.96095186128389,0.965799609290454,0.971489169656251,0.975985486362383,0.980443364694256,0.984840486788227,0.987493908749634,0.991230364333467,0.994109628805161,0.996706414386809,0.99862423208634,1,0.998962273324593,0.997322350824583,0.995546588738148,0.993365883326024,0.991553559854277,0.989633799779886,0.987703137397782,0.984879448771077,0.980806579016414,0.975576662032231,0.968708932586447,0.955668785784664,0.928884055044305,0.822141618986597,0.456158541803924
0.824457857009678,0.919134335977396,0.936205715235716,0.947219822196743,0.952811673290141,0.958010575158336,0.963053321476545,0.968720377617464,0.973097225595067,0.977536975800168,0.982088493291197,0.984770987049808,0.98879039840985,0.991893435524286,0.994784972331969,0.996995074777998,0.998962273324593,1,0.9988655579643,0.997333228109332,0.995437853174834,0.99354844095971,0.991580372641161,0.989679774800717,0.986803897102423,0.98294489321637,0.977810174084877,0.970968169119033,0.958181161727638,0.932322048764783,0.827010947456081,0.460993734226552
0.817140020301283,0.913642542391411,0.93088926395243,0.942470192297009,0.948211558795195,0.953960076575763,0.959296803637156,0.965131329564237,0.969561705698323,0.974011377822041,0.97878130206024,0.981599671843275,0.985920856411736,0.989242668736386,0.992506924853313,0.994866339880928,0.997322350824583,0.9988655579643,1,0.998813912831379,0.997286756222018,0.995607977637696,0.993788957046626,0.991817720214518,0.989066081618076,0.985545129107528,0.9805570698235,0.974223316007117,0.962121016609839,0.937191004841251,0.83392228040902,0.470240143253974
0.81361109058972,0.910200113137042,0.92738005729454,0.939284761047019,0.945363192138444,0.951357891587524,0.956701718581433,0.962425074122175,0.96681834105188,0.971350755171446,0.976334814062311,0.979179206609586,0.983672421033954,0.987063812758524,0.990432682996319,0.992994162900763,0.995546588738148,0.997333228109332,0.998813912831379,1,0.998886954933165,0.99751809230296,0.995815446508552,0.994146900012453,0.99142256229275,0.987971919060237,0.983191391216934,0.977285207347856,0.965625427853041,0.941448903552304,0.839611139897216,0.479330407919021
0.807677042650582,0.904808929290686,0.92206336449793,0.934678367526814,0.94116705001943,0.947351526293496,0.952739124843016,0.958471871800695,0.963073155235288,0.96781829429038,0.973050708073803,0.976004049232757,0.98064129477645,0.984246150269061,0.987776334169786,0.990548624411474,0.993365883326024,0.995437853174834,0.997286756222018,0.998886954933165,1,0.998796738584037,0.997085225469251,0.995473536350498,0.992816302588261,0.989480740308627,0.984712042302765,0.979067261174233,0.967917800678637,0.944316960078225,0.843495652461737,0.484954840410166
0.803398341092379,0.901101911441959,0.918508691394463,0.931369274112483,0.938012538295336,0.944475506405626,0.950237756519924,0.956357056527528,0.961046558678973,0.96567585501588,0.970845229338973,0.973851538016314,0.978615005237696,0.982153576621441,0.985887480749389,0.988622252483165,0.991553559854277,0.99354844095971,0.995607977637696,0.99751809230296,0.998796738584037,1,0.998694830540514,0.997268669324122,0.994743383999505,0.991494072379351,0.986819513527265,0.981587789703776,0.970816834741361,0.947866334212028,0.849586206037382,0.491370638441583
0.797084139349379,0.896477979070651,0.914432936184269,0.927443020475916,0.934370721284853,0.941143502326657,0.947224416923247,0.953593587247026,0.958486607836475,0.963299631611347,0.968588232737883,0.971730454957706,0.976567110547927,0.980198802316437,0.984038588092592,0.986610967651824,0.989633799779886,0.991580372641161,0.993788957046626,0.995815446508552,0.997085225469251,0.998694830540514,1,0.998650625227689,0.996539064496682,0.993591391147089,0.989570725387136,0.984826764712679,0.974543518287503,0.952461969557334,0.857325954808442,0.500447256049828
0.792446415155572,0.891798209633228,0.910089086661779,0.92353457350635,0.930857772313396,0.937802398134801,0.943979331334117,0.950688898615924,0.955830416075139,0.960831126392137,0.966265245462759,0.969414830476006,0.974378151550709,0.978137790552706,0.982133135397268,0.984656344558781,0.987703137397782,0.989679774800717,0.991817720214518,0.994146900012453,0.995473536350498,0.997268669324122,0.998650625227689,1,0.998443392132932,0.995765025220485,0.991873363434628,0.987520773042289,0.977637313692014,0.956395148178968,0.863784547112571,0.510026577167383
0.783712698337648,0.884303760859436,0.903204418532932,0.916882920330776,0.924693870590151,0.931946607221346,0.938456280859899,0.945633717540307,0.951029351008209,0.956348963945609,0.961998309545125,0.965393277395618,0.97076248902973,0.974788780791598,0.979100403145324,0.981667902374294,0.984879448771077,0.986803897102423,0.989066081618076,0.99142256229275,0.992816302588261,0.994743383999505,0.996539064496682,0.998443392132932,1,0.997893583958423,0.994693411847681,0.990841134155525,0.981950762368551,0.96276192266319,0.873867228128389,0.521538844624265
0.772929432744054,0.874254588353789,0.89359145280797,0.90826103067316,0.916559247452661,0.924358882622166,0.931331803812657,0.939072069683754,0.944859466751562,0.950338719006314,0.956406940331159,0.95978088297313,0.965555336362394,0.970013960498662,0.974696184742113,0.977376709603176,0.980806579016414,0.98294489321637,0.985545129107528,0.987971919060237,0.989480740308627,0.991494072379351,0.993591391147089,0.995765025220485,0.997893583958423,1,0.997445280746969,0.99404324904522,0.98628574437872,0.969492037517837,0.88479369075193,0.536931581322673
0.759606123247993,0.861508724324922,0.881600101517159,0.896731669671046,0.905616699263299,0.914004559450987,0.921664124788176,0.929961045932661,0.936512324745584,0.942509269752356,0.949228207009873,0.953046015172081,0.95940410560508,0.964380763912447,0.969329421525968,0.971891160194818,0.975576662032231,0.977810174084877,0.9805570698235,0.983191391216934,0.984712042302765,0.986819513527265,0.989570725387136,0.991873363434628,0.994693411847681,0.997445280746969,1,0.997157396218103,0.990952416347214,0.976173637546437,0.897313945084134,0.552589669238711
0.750525958549918,0.850669116489982,0.87123748823457,0.887130135166447,0.895758056473137,0.904309224362341,0.912455433537426,0.921194338699264,0.928074933376653,0.934306103619649,0.941126836731427,0.944985142065653,0.951620869211704,0.956817170833679,0.961950298679552,0.964681635885328,0.968708932586447,0.970968169119033,0.974223316007117,0.977285207347856,0.979067261174233,0.981587789703776,0.984826764712679,0.987520773042289,0.990841134155525,0.99404324904522,0.997157396218103,1,0.995169870120007,0.981984539943295,0.90734979915465,0.560672817007158
0.727523218830883,0.828806031336078,0.850714311888545,0.867947914798802,0.877077794801004,0.885682673596181,0.894697948783681,0.903690177976433,0.911036029471413,0.917538283176549,0.92518235707156,0.929486680249037,0.93661704048572,0.942450078709109,0.948315029351382,0.95123252427739,0.955668785784664,0.958181161727638,0.962121016609839,0.965625427853041,0.967917800678637,0.970816834741361,0.974543518287503,0.977637313692014,0.981950762368551,0.98628574437872,0.990952416347214,0.995169870120007,1,0.989996709654595,0.926224009113494,0.592028322270405
0.682425692580465,0.786500531759093,0.809081732559457,0.827678462932793,0.837469976216166,0.84724225142033,0.856993955064989,0.867581221206183,0.876104046642789,0.884138959465585,0.892701726590929,0.897869649480626,0.906575993205019,0.913712102140569,0.920592056648001,0.923913466156326,0.928884055044305,0.932322048764783,0.937191004841251,0.941448903552304,0.944316960078225,0.947866334212028,0.952461969557334,0.956395148178968,0.96276192266319,0.969492037517837,0.976173637546437,0.981984539943295,0.989996709654595,1,0.95200137528939,0.62681267285369
0.541755447932548,0.648423923068489,0.673140602018806,0.696852917858334,0.70775722920353,0.717726514618529,0.729670528088473,0.742076170446619,0.751996166690204,0.762092367244754,0.773113432684715,0.779806990025924,0.791326745145418,0.800694909346745,0.811035225360001,0.814991866486797,0.822141618986597,0.827010947456081,0.83392228040902,0.839611139897216,0.843495652461737,0.849586206037382,0.857325954808442,0.863784547112571,0.873867228128389,0.88479369075193,0.897313945084134,0.90734979915465,0.926224009113494,0.95200137528939,1,0.73713761415194
0.178100250549868,0.265212491976835,0.290469664554305,0.314822508289565,0.325655511012428,0.333827554305975,0.347533932511989,0.35962590839115,0.371261378091414,0.382476407722592,0.398262873367197,0.405849816108756,0.415830705704115,0.426411254617444,0.442161139087132,0.446783226113019,0.456158541803924,0.460993734226552,0.470240143253974,0.479330407919021,0.484954840410166,0.491370638441583,0.500447256049828,0.510026577167383,0.521538844624265,0.536931581322673,0.552589669238711,0.560672817007158,0.592028322270405,0.62681267285369,0.73713761415194,1
