1,0.87344452087337,0.850003157882415,0.840061838536395,0.82972765810742,0.821678786245031,0.815220206644684,0.807454727980259,0.800935793182737,0.796338493211406,0.792485581445394,0.791816551887612,0.787549143646937,0.783013096293432,0.77903926872585,0.77410823367582,0.771453196898439,0.766359643593228,0.761442660059429,0.758951432519756,0.755425721183795,0.75339530538669,0.748004351861936,0.744482516453006,0.738668638607848,0.729491846306081,0.71717778989923,0.705195252367238,0.690256744235083,0.655300040742814,0.535216748964166,0.21602255273336
0.87344452087337,1,0.978242938798807,0.964607651631815,0.957734442782017,0.949171289866994,0.943808388374657,0.938376141404803,0.931840399223133,0.928229665249671,0.923760954074121,0.92104934326917,0.916669402442919,0.912703710631904,0.908877406435826,0.904861638218727,0.901580119308387,0.897449931179361,0.893923387008813,0.891784143634591,0.888870637832039,0.886997415839889,0.882334649995072,0.880067508561859,0.874914217723947,0.86694398160885,0.857752308609684,0.845602964946181,0.828816701556395,0.791300032723209,0.659808330422715,0.302139336155292
0.850003157882415,0.978242938798807,1,0.987810700293685,0.979675277535453,0.972806024069413,0.967917722907267,0.962697752502551,0.956401484533888,0.952924868100813,0.948850072198009,0.946192743442366,0.942099057535704,0.938345457413726,0.934518393365668,0.930702700299831,0.928363125316258,0.925326953899748,0.92233163622724,0.920225533989677,0.916826451151869,0.914400857174792,0.911102243897524,0.909073253202279,0.904279477896233,0.896699731699396,0.887620035174479,0.875242650844921,0.857103319451876,0.820130120146784,0.684946645361746,0.315124923010053
0.840061838536395,0.964607651631815,0.987810700293685,1,0.991757478829436,0.985698256167825,0.981094490976452,0.976249964630207,0.970216049656181,0.965990029103908,0.961721317696242,0.958959756597462,0.955476876407024,0.95153329877025,0.947600261530816,0.943430671255414,0.940861177796546,0.937270475449424,0.933863093120902,0.931279094434015,0.928260353013251,0.926239302573193,0.923251655748729,0.921586702999063,0.917378132149697,0.910229077373032,0.900965294401503,0.887793359868997,0.869758493404996,0.833626028136605,0.699206715967533,0.326070252782445
0.82972765810742,0.957734442782017,0.979675277535453,0.991757478829436,1,0.993973865886379,0.989336797954331,0.984594909609878,0.97924192807939,0.974604576771357,0.970527009325296,0.967142916188721,0.963898044407567,0.960038207537695,0.956188698291312,0.952167278279057,0.948866625292397,0.945183056716718,0.941773052076477,0.939322198625588,0.936627669871125,0.934691395589122,0.931884712443201,0.930584656079162,0.926650001467807,0.920502514558444,0.911418760267713,0.900061213942217,0.883038419146723,0.848336862963747,0.718034467885622,0.33846198711942
0.821678786245031,0.949171289866994,0.972806024069413,0.985698256167825,0.993973865886379,1,0.995527642187463,0.9907127922632,0.985295171717573,0.980989929563074,0.976857700158712,0.973300193626344,0.969742084910715,0.965662131200005,0.961300337634724,0.95714057156651,0.953481397304986,0.950113842391695,0.946852327764745,0.944416938010907,0.94191359085375,0.940163166988418,0.937126636471392,0.935625893990815,0.932339300051686,0.926885802235792,0.918327618052494,0.907145649128352,0.890495334002865,0.856917647411111,0.729287010737961,0.342663772057391
0.815220206644684,0.943808388374657,0.967917722907267,0.981094490976452,0.989336797954331,0.995527642187463,1,0.996148076853018,0.99086181955653,0.986674581037109,0.982378318414831,0.979020399124787,0.975367389575716,0.971333028037729,0.966855467886596,0.962596702789408,0.958672660104191,0.955198110351908,0.95199169686161,0.949733552611837,0.947064833199447,0.945220507040076,0.943078557157952,0.94163829499957,0.938985881496978,0.933751956057314,0.92510110141471,0.91433012519865,0.89816019271491,0.865104364201431,0.737176428748418,0.346360725366602
0.807454727980259,0.938376141404803,0.962697752502551,0.976249964630207,0.984594909609878,0.9907127922632,0.996148076853018,1,0.996468140061948,0.99291201509678,0.989275747225161,0.985681658357344,0.982110546887831,0.977845296761363,0.973614058518854,0.969291132342177,0.965058494274058,0.961801862282109,0.958347773191954,0.95595291891167,0.95348531988223,0.951586589091972,0.949631310688761,0.948236283599862,0.945808040872777,0.941267056208231,0.933220783287108,0.923066953610232,0.907405241371172,0.875265153845848,0.750749424738082,0.354809989345302
0.800935793182737,0.931840399223133,0.956401484533888,0.970216049656181,0.97924192807939,0.985295171717573,0.99086181955653,0.996468140061948,1,0.996969229440992,0.993999561612191,0.990649746672485,0.987229491628561,0.982950437980617,0.97855838940011,0.97401257056917,0.969552353011466,0.966242982793034,0.962725311879404,0.960385573534524,0.958216628064326,0.956596393118722,0.954939923896275,0.953734825363523,0.951596342988353,0.947134850704852,0.939731248708513,0.930196617281923,0.915079920618789,0.884303544527937,0.763872348978152,0.367597551757973
0.796338493211406,0.928229665249671,0.952924868100813,0.965990029103908,0.974604576771357,0.980989929563074,0.986674581037109,0.99291201509678,0.996969229440992,1,0.997900680012687,0.995030462476185,0.991813683777547,0.98754963175311,0.983039131394688,0.978533946161595,0.974416255999674,0.971288679840511,0.967231875804712,0.964819287297552,0.96301499481983,0.961246682089006,0.959753639876871,0.958699572182689,0.956720335703597,0.952096667467509,0.945011197518813,0.936429559320218,0.922036194417305,0.891755404285167,0.772997457225292,0.376515653722408
0.792485581445394,0.923760954074121,0.948850072198009,0.961721317696242,0.970527009325296,0.976857700158712,0.982378318414831,0.989275747225161,0.993999561612191,0.997900680012687,1,0.997900087651071,0.994994504699042,0.990881783740463,0.986496444213387,0.982093117684973,0.977986748789394,0.974835491587412,0.970572408577506,0.968173361929281,0.966513753414287,0.964624815268067,0.962963076325698,0.962079155733785,0.959927258604999,0.955519644676242,0.948853815199498,0.940995898087398,0.927103286824058,0.897079308562955,0.780103781515847,0.376498836655906
0.791816551887612,0.92104934326917,0.946192743442366,0.958959756597462,0.967142916188721,0.973300193626344,0.979020399124787,0.985681658357344,0.990649746672485,0.995030462476185,0.997900087651071,1,0.997744570660795,0.99413491287128,0.990230934233899,0.986561353473552,0.982358207166641,0.979241109978059,0.974906381114554,0.972273675592338,0.970688058642405,0.968475599585944,0.966834272396103,0.96589149522903,0.963844256179107,0.959606957318903,0.953203022378893,0.945854649865583,0.932527916067092,0.90328394558933,0.786648292791805,0.381794140064293
0.787549143646937,0.916669402442919,0.942099057535704,0.955476876407024,0.963898044407567,0.969742084910715,0.975367389575716,0.982110546887831,0.987229491628561,0.991813683777547,0.994994504699042,0.997744570660795,1,0.997587397531763,0.993803270340003,0.990439859881809,0.986713124114821,0.983370000344626,0.979024415561255,0.976316881950778,0.974783099409423,0.97224662916346,0.970911292601984,0.969900619266409,0.967944334118889,0.96401574742209,0.957698881683604,0.950440425206824,0.937367945515521,0.909273195411437,0.793774028140222,0.385404617093974
0.783013096293432,0.912703710631904,0.938345457413726,0.95153329877025,0.960038207537695,0.965662131200005,0.971333028037729,0.977845296761363,0.982950437980617,0.98754963175311,0.990881783740463,0.99413491287128,0.997587397531763,1,0.997470646088032,0.994720312615172,0.991629072281862,0.988381235274009,0.984280733112288,0.981570594459838,0.979672144618778,0.976904888023771,0.975670049798141,0.974602419385181,0.972269342528141,0.968745166053727,0.962861797702104,0.956491469115213,0.94328470772735,0.916229110317015,0.803379400959743,0.391944006277524
0.77903926872585,0.908877406435826,0.934518393365668,0.947600261530816,0.956188698291312,0.961300337634724,0.966855467886596,0.973614058518854,0.97855838940011,0.983039131394688,0.986496444213387,0.990230934233899,0.993803270340003,0.997470646088032,1,0.997933659184412,0.995456138494034,0.992581860335415,0.988951138589383,0.985968502791886,0.983758564989582,0.98076974800234,0.979713262828555,0.978595408385343,0.976127179662702,0.972740443700581,0.96728254318273,0.961070861005647,0.948470711548891,0.92256609527525,0.811792892368603,0.397336670415042
0.77410823367582,0.904861638218727,0.930702700299831,0.943430671255414,0.952167278279057,0.95714057156651,0.962596702789408,0.969291132342177,0.97401257056917,0.978533946161595,0.982093117684973,0.986561353473552,0.990439859881809,0.994720312615172,0.997933659184412,1,0.998133708096978,0.995397535672983,0.992094542406887,0.989132666465493,0.986767132571796,0.983624706379381,0.98244836184967,0.981128740379333,0.978518395578211,0.97506540074621,0.969624787517069,0.96344658167342,0.951273234938252,0.925855540565416,0.816351708257595,0.398784645710083
0.771453196898439,0.901580119308387,0.928363125316258,0.940861177796546,0.948866625292397,0.953481397304986,0.958672660104191,0.965058494274058,0.969552353011466,0.974416255999674,0.977986748789394,0.982358207166641,0.986713124114821,0.991629072281862,0.995456138494034,0.998133708096978,1,0.998084297028522,0.995200650600441,0.992501195045073,0.990213370975309,0.986945565553263,0.985823079163528,0.984161242209313,0.981260889157373,0.977530417786542,0.972245477124464,0.965903791030724,0.95372520408424,0.928516875254749,0.8184835888578,0.403626382845689
0.766359643593228,0.897449931179361,0.925326953899748,0.937270475449424,0.945183056716718,0.950113842391695,0.955198110351908,0.961801862282109,0.966242982793034,0.971288679840511,0.974835491587412,0.979241109978059,0.983370000344626,0.988381235274009,0.992581860335415,0.995397535672983,0.998084297028522,1,0.99794601460744,0.99524216351703,0.993171964100631,0.990181701231769,0.98889006647111,0.987026048552844,0.983883794008118,0.980274232990792,0.974974325387825,0.968283975093352,0.956032236394422,0.930928644626417,0.820925586665136,0.409144291724596
0.761442660059429,0.893923387008813,0.92233163622724,0.933863093120902,0.941773052076477,0.946852327764745,0.95199169686161,0.958347773191954,0.962725311879404,0.967231875804712,0.970572408577506,0.974906381114554,0.979024415561255,0.984280733112288,0.988951138589383,0.992094542406887,0.995200650600441,0.99794601460744,1,0.998018132415242,0.995943495839066,0.992818777453702,0.990961736307603,0.988918548215634,0.985808285256167,0.982127377716977,0.976906865035823,0.970227413605508,0.958455193827968,0.933758343170306,0.823571032960872,0.412883491820634
0.758951432519756,0.891784143634591,0.920225533989677,0.931279094434015,0.939322198625588,0.944416938010907,0.949733552611837,0.95595291891167,0.960385573534524,0.964819287297552,0.968173361929281,0.972273675592338,0.976316881950778,0.981570594459838,0.985968502791886,0.989132666465493,0.992501195045073,0.99524216351703,0.998018132415242,1,0.998035477499219,0.995094886972795,0.993002000372601,0.990954790476134,0.987794024240112,0.983960498640999,0.978752873583511,0.972187483840146,0.960661501074748,0.935287379662845,0.824857280269944,0.414968434517207
0.755425721183795,0.888870637832039,0.916826451151869,0.928260353013251,0.936627669871125,0.94191359085375,0.947064833199447,0.95348531988223,0.958216628064326,0.96301499481983,0.966513753414287,0.970688058642405,0.974783099409423,0.979672144618778,0.983758564989582,0.986767132571796,0.990213370975309,0.993171964100631,0.995943495839066,0.998035477499219,1,0.997926668491197,0.995664970247087,0.993587161727063,0.990435644043033,0.986810574797933,0.981846151047656,0.975018109539039,0.96395289490586,0.937727015017429,0.828393173250534,0.417595683174193
0.75339530538669,0.886997415839889,0.914400857174792,0.926239302573193,0.934691395589122,0.940163166988418,0.945220507040076,0.951586589091972,0.956596393118722,0.961246682089006,0.964624815268067,0.968475599585944,0.97224662916346,0.976904888023771,0.98076974800234,0.983624706379381,0.986945565553263,0.990181701231769,0.992818777453702,0.995094886972795,0.997926668491197,1,0.997993871901629,0.99544835152931,0.992321864585453,0.98865491165751,0.983654795763075,0.976957699761492,0.966568908939768,0.940959059248639,0.833326921241433,0.415714654158146
0.748004351861936,0.882334649995072,0.911102243897524,0.923251655748729,0.931884712443201,0.937126636471392,0.943078557157952,0.949631310688761,0.954939923896275,0.959753639876871,0.962963076325698,0.966834272396103,0.970911292601984,0.975670049798141,0.979713262828555,0.98244836184967,0.985823079163528,0.98889006647111,0.990961736307603,0.993002000372601,0.995664970247087,0.997993871901629,1,0.997713272964326,0.994592547858295,0.991099925846058,0.985955805608694,0.979976730897744,0.969211538965664,0.944398269330501,0.840147409228724,0.417179861382155
0.744482516453006,0.880067508561859,0.909073253202279,0.921586702999063,0.930584656079162,0.935625893990815,0.94163829499957,0.948236283599862,0.953734825363523,0.958699572182689,0.962079155733785,0.96589149522903,0.969900619266409,0.974602419385181,0.978595408385343,0.981128740379333,0.984161242209313,0.987026048552844,0.988918548215634,0.990954790476134,0.993587161727063,0.99544835152931,0.997713272964326,1,0.997377585950269,0.993942539596035,0.988617300989527,0.982683709762731,0.971534055086113,0.946420715441487,0.842080978343014,0.416637753271049
0.738668638607848,0.874914217723947,0.904279477896233,0.917378132149697,0.926650001467807,0.932339300051686,0.938985881496978,0.945808040872777,0.951596342988353,0.956720335703597,0.959927258604999,0.963844256179107,0.967944334118889,0.972269342528141,0.976127179662702,0.978518395578211,0.981260889157373,0.983883794008118,0.985808285256167,0.987794024240112,0.990435644043033,0.992321864585453,0.994592547858295,0.997377585950269,1,0.996507430162929,0.991250456702458,0.985599294246758,0.974726201485056,0.950105546122142,0.844465857854172,0.418273619744863
0.729491846306081,0.86694398160885,0.896699731699396,0.910229077373032,0.920502514558444,0.926885802235792,0.933751956057314,0.941267056208231,0.947134850704852,0.952096667467509,0.955519644676242,0.959606957318903,0.96401574742209,0.968745166053727,0.972740443700581,0.97506540074621,0.977530417786542,0.980274232990792,0.982127377716977,0.983960498640999,0.986810574797933,0.98865491165751,0.991099925846058,0.993942539596035,0.996507430162929,1,0.995886753872721,0.990492635007279,0.980237273143005,0.956451983657635,0.860487196257079,0.422034887008752
0.71717778989923,0.857752308609684,0.887620035174479,0.900965294401503,0.911418760267713,0.918327618052494,0.92510110141471,0.933220783287108,0.939731248708513,0.945011197518813,0.948853815199498,0.953203022378893,0.957698881683604,0.962861797702104,0.96728254318273,0.969624787517069,0.972245477124464,0.974974325387825,0.976906865035823,0.978752873583511,0.981846151047656,0.983654795763075,0.985955805608694,0.988617300989527,0.991250456702458,0.995886753872721,1,0.994683006517543,0.98561356873486,0.963771738370575,0.87178928655547,0.437786217466046
0.705195252367238,0.845602964946181,0.875242650844921,0.887793359868997,0.900061213942217,0.907145649128352,0.91433012519865,0.923066953610232,0.930196617281923,0.936429559320218,0.940995898087398,0.945854649865583,0.950440425206824,0.956491469115213,0.961070861005647,0.96344658167342,0.965903791030724,0.968283975093352,0.970227413605508,0.972187483840146,0.975018109539039,0.976957699761492,0.979976730897744,0.982683709762731,0.985599294246758,0.990492635007279,0.994683006517543,1,0.991904086273612,0.971382141337211,0.883822603468899,0.436529445697353
0.690256744235083,0.828816701556395,0.857103319451876,0.869758493404996,0.883038419146723,0.890495334002865,0.89816019271491,0.907405241371172,0.915079920618789,0.922036194417305,0.927103286824058,0.932527916067092,0.937367945515521,0.94328470772735,0.948470711548891,0.951273234938252,0.95372520408424,0.956032236394422,0.958455193827968,0.960661501074748,0.96395289490586,0.966568908939768,0.969211538965664,0.971534055086113,0.974726201485056,0.980237273143005,0.98561356873486,0.991904086273612,1,0.983011708277049,0.901121366993227,0.451772654832616
0.655300040742814,0.791300032723209,0.820130120146784,0.833626028136605,0.848336862963747,0.856917647411111,0.865104364201431,0.875265153845848,0.884303544527937,0.891755404285167,0.897079308562955,0.90328394558933,0.909273195411437,0.916229110317015,0.92256609527525,0.925855540565416,0.928516875254749,0.930928644626417,0.933758343170306,0.935287379662845,0.937727015017429,0.940959059248639,0.944398269330501,0.946420715441487,0.950105546122142,0.956451983657635,0.963771738370575,0.971382141337211,0.983011708277049,1,0.925750918895763,0.459295357045629
0.535216748964166,0.659808330422715,0.684946645361746,0.699206715967533,0.718034467885622,0.729287010737961,0.737176428748418,0.750749424738082,0.763872348978152,0.772997457225292,0.780103781515847,0.786648292791805,0.793774028140222,0.803379400959743,0.811792892368603,0.816351708257595,0.8184835888578,0.820925586665136,0.823571032960872,0.824857280269944,0.828393173250534,0.833326921241433,0.840147409228724,0.842080978343014,0.844465857854172,0.860487196257079,0.87178928655547,0.883822603468899,0.901121366993227,0.925750918895763,1,0.502111876609426
0.21602255273336,0.302139336155292,0.315124923010053,0.326070252782445,0.33846198711942,0.342663772057391,0.346360725366602,0.354809989345302,0.367597551757973,0.376515653722408,0.376498836655906,0.381794140064293,0.385404617093974,0.391944006277524,0.397336670415042,0.398784645710083,0.403626382845689,0.409144291724596,0.412883491820634,0.414968434517207,0.417595683174193,0.415714654158146,0.417179861382155,0.416637753271049,0.418273619744863,0.422034887008752,0.437786217466046,0.436529445697353,0.451772654832616,0.459295357045629,0.502111876609426,1
