1,0.979901801494712,0.890163258273575,0.792088242356611,0.771926447755812,0.723981597171843,0.693552525150263,0.685647405374473,0.665442698302697,0.652434275061094,0.638092247371303,0.613275575301279,0.606841240921761,0.599445791865133,0.584566278607419,0.579782117051107,0.566946762767886,0.546553972031745,0.525319507363652,0.488771813443262,0.455672885200107,0.445489643546102,0.422849552617153,0.389031512621199,0.33163560122186,0.283576823652235,0.253520694663741,0.229486687423483,0.207312904523448,0.181677579215786,0.144724333151896,0.125506158613127
0.979901801494712,1,0.963164205854331,0.897260460930793,0.874935668096134,0.821191105782656,0.786611264602462,0.776962779288433,0.753329372214203,0.738352856216158,0.722109619614205,0.694012191531217,0.68516558928393,0.674828241254598,0.656035419706884,0.649436176583251,0.633864869199705,0.61000124820774,0.587205145092085,0.547150807406088,0.510452361759869,0.497961045991561,0.471759903793106,0.435209110350611,0.375165259799284,0.323856781318118,0.292078109096795,0.26649231821463,0.242320654261865,0.208271351560588,0.16207930533288,0.138640220150916
0.890163258273575,0.963164205854331,1,0.981678630293131,0.957865176248656,0.899738056160462,0.861773356735893,0.85039151379241,0.823646848161876,0.806974645056268,0.789206866500009,0.758483002036519,0.74695004989772,0.733307674142983,0.710440850683067,0.701816634747442,0.68355253435529,0.656535577695862,0.633091620064821,0.590870733638466,0.551665998096266,0.536861798161136,0.507535132718271,0.469637069857185,0.409862187452869,0.357453010341143,0.325383824524664,0.299341807743302,0.274022142092364,0.230806954328755,0.175113383714671,0.147482660434046
0.792088242356611,0.897260460930793,0.981678630293131,1,0.98659252470931,0.93933440877287,0.905479650892438,0.892724480155822,0.863786505420603,0.846378313427095,0.828291669903,0.796622841696959,0.78363712904026,0.768066452150097,0.742814811084698,0.732355136556328,0.711816090528903,0.682320881347256,0.65852822917774,0.615115212809232,0.57446623273586,0.55808884659611,0.526805679497264,0.488391989068564,0.429612801641293,0.377104519039582,0.34527873099078,0.319296965134478,0.293508993185097,0.243938993821411,0.18189393797644,0.151521154717029
0.771926447755812,0.874935668096134,0.957865176248656,0.98659252470931,1,0.98271934892369,0.961771596688114,0.947515984277841,0.916035228239021,0.898224759463607,0.880407276945765,0.84819200237341,0.835108365871411,0.819107210996075,0.792790845992873,0.780391046800325,0.757113834085215,0.724403511863169,0.698835363346474,0.652493820470675,0.609111300174706,0.591420067120368,0.557997697982477,0.517344120675612,0.455546473725289,0.400200137873369,0.3667570315823,0.339488093409311,0.312310967437726,0.258543318590139,0.191817734926021,0.159271479948098
0.723981597171843,0.821191105782656,0.899738056160462,0.93933440877287,0.98271934892369,1,0.994371675126604,0.978877413183423,0.945535400858903,0.92784728868444,0.910913923315067,0.87912546214786,0.866355812487395,0.850386249427934,0.82371723783652,0.809519818435428,0.783893236939973,0.748599056965185,0.721847809112423,0.673690289555715,0.628616812257539,0.610010175686086,0.575247360135241,0.533374062959203,0.47016056397987,0.413393404822651,0.37920243704752,0.351359501732177,0.323489730079327,0.266707941203667,0.19684151218634,0.162887480271205
0.693552525150263,0.786611264602462,0.861773356735893,0.905479650892438,0.961771596688114,0.994371675126604,1,0.992242216979027,0.966936953412615,0.952091514632853,0.935384668095963,0.903442533015387,0.89085671636015,0.874949124140478,0.848040906747629,0.832949239421281,0.806024415591895,0.769185909713906,0.741416970548834,0.691705320670397,0.645174884209939,0.625730228533866,0.589782327719734,0.546686251231409,0.48190073800646,0.423720116292198,0.389389405260678,0.362068526717892,0.334279931248985,0.278496327545144,0.20784958433261,0.173243131188457
0.685647405374473,0.776962779288433,0.85039151379241,0.892724480155822,0.947515984277841,0.978877413183423,0.992242216979027,1,0.991139117275772,0.981365134759037,0.964136302970159,0.931203649745046,0.918558020332765,0.902575562692504,0.875251565027873,0.859903979592004,0.832327820581113,0.794480248813368,0.765554852840609,0.714010239127999,0.665752130918609,0.645338758677389,0.607974424795104,0.563211949054746,0.496054272729818,0.435871037265366,0.401581374798,0.375462251384907,0.348147802036705,0.296306112177815,0.22622428042709,0.191273179625713
0.665442698302697,0.753329372214203,0.823646848161876,0.863786505420603,0.916035228239021,0.945535400858903,0.966936953412615,0.991139117275772,1,0.995812174994246,0.978321101694802,0.944894922682775,0.932402254452567,0.916613900404657,0.889314262690664,0.873956449434583,0.846157298972072,0.807880673157942,0.778215733352144,0.725596680260705,0.676320268523116,0.655221963542451,0.616985041619318,0.571209779548351,0.502669320437558,0.441378534001573,0.407720783197775,0.383333593266329,0.356994171484657,0.31025323697768,0.24197685322114,0.207256914900556
0.652434275061094,0.738352856216158,0.806974645056268,0.846378313427095,0.898224759463607,0.92784728868444,0.952091514632853,0.981365134759037,0.995812174994246,1,0.992422095670834,0.968960962300829,0.958514731911328,0.942727213661556,0.915107246081212,0.900784610642968,0.873720836029736,0.835761854737275,0.805883576709277,0.752108868548169,0.70150110216117,0.679389321354538,0.639552244580663,0.592886630917702,0.523927903742313,0.461597738064255,0.4271903936168,0.401808848808884,0.374322865374989,0.327598413090736,0.257402694163077,0.221439304054588
0.638092247371303,0.722109619614205,0.789206866500009,0.828291669903,0.880407276945765,0.910913923315067,0.935384668095963,0.964136302970159,0.978321101694802,0.992422095670834,1,0.991994781279653,0.984637953025793,0.968866292894214,0.940940926816597,0.928285862492411,0.902627821817757,0.865618600671179,0.835982916317939,0.781354453345029,0.729578419559325,0.706420390862079,0.664863994969691,0.617666509812204,0.549222351051314,0.486289132026685,0.450679761603375,0.42313027279037,0.393628297064506,0.344774932768687,0.271287044704281,0.233580777512499
0.613275575301279,0.694012191531217,0.758483002036519,0.796622841696959,0.84819200237341,0.87912546214786,0.903442533015387,0.931203649745046,0.944894922682775,0.968960962300829,0.991994781279653,1,0.995934330306976,0.980428049595437,0.952629851852021,0.941888408467163,0.918080255419458,0.882631587958093,0.853713253421191,0.799070136564532,0.746911176515573,0.723043656161983,0.680376620420838,0.633377922641891,0.566543524383356,0.50398445397936,0.46770214331686,0.43835975251102,0.407251870902695,0.356982170137057,0.281271522111649,0.242369599459959
0.606841240921761,0.68516558928393,0.74695004989772,0.78363712904026,0.835108365871411,0.866355812487395,0.89085671636015,0.918558020332765,0.932402254452567,0.958514731911328,0.984637953025793,0.995934330306976,1,0.993986927970447,0.975657962957277,0.966170101100552,0.942714199233701,0.907319662885981,0.878986355306169,0.823950495866487,0.771283806323773,0.747771012439507,0.704589500629698,0.656466312316641,0.587191373152801,0.522349350735082,0.484976420693857,0.454962726526092,0.422975394129784,0.373061908272418,0.295782004978378,0.255804563631616
0.599445791865133,0.674828241254598,0.733307674142983,0.768066452150097,0.819107210996075,0.850386249427934,0.874949124140478,0.902575562692504,0.916613900404657,0.942727213661556,0.968866292894214,0.980428049595437,0.993986927970447,1,0.99380411066807,0.985530697542331,0.962279875606674,0.926882494510576,0.899360482022069,0.844296717516277,0.791523911948655,0.76882925186045,0.725625926120826,0.676437466288714,0.604271736492449,0.536995396528142,0.498716570222094,0.468532999173255,0.436084045098351,0.387382741100386,0.309297388479505,0.26857975098559
0.584566278607419,0.656035419706884,0.710440850683067,0.742814811084698,0.792790845992873,0.82371723783652,0.848040906747629,0.875251565027873,0.889314262690664,0.915107246081212,0.940940926816597,0.952629851852021,0.975657962957277,0.99380411066807,1,0.993061060557584,0.970304374515477,0.935339472635901,0.908979462570627,0.854564624853643,0.80233318128797,0.780748091624749,0.738053999079732,0.688389233487681,0.614176827405307,0.545257013599584,0.506529471989132,0.476544708878355,0.444026292588187,0.397154400339893,0.319211886824869,0.278243722417739
0.579782117051107,0.649436176583251,0.701816634747442,0.732355136556328,0.780391046800325,0.809519818435428,0.832949239421281,0.859903979592004,0.873956449434583,0.900784610642968,0.928285862492411,0.941888408467163,0.966170101100552,0.985530697542331,0.993061060557584,1,0.992004034505831,0.970388178976923,0.944030298130873,0.888382952202891,0.834363582432396,0.81027269022476,0.764601029151028,0.712649461314129,0.636522847721519,0.565587446291308,0.525956403638263,0.49539149379695,0.461998259753123,0.412850176960314,0.331403484497037,0.288660428123644
0.566946762767886,0.633864869199705,0.68355253435529,0.711816090528903,0.757113834085215,0.783893236939973,0.806024415591895,0.832327820581113,0.846157298972072,0.873720836029736,0.902627821817757,0.918080255419458,0.942714199233701,0.962279875606674,0.970304374515477,0.992004034505831,1,0.993062925460356,0.967023927536964,0.910837898045244,0.855664201846192,0.829159359387644,0.780928681603697,0.727322527979246,0.650409992201867,0.578474682243191,0.538493364161049,0.507747478318878,0.473916072966491,0.422928233363447,0.338915128782817,0.294916119259762
0.546553972031745,0.61000124820774,0.656535577695862,0.682320881347256,0.724403511863169,0.748599056965185,0.769185909713906,0.794480248813368,0.807880673157942,0.835761854737275,0.865618600671179,0.882631587958093,0.907319662885981,0.926882494510576,0.935339472635901,0.970388178976923,0.993062925460356,1,0.977571677407136,0.924083151265226,0.870143921576474,0.84160142399313,0.791323981417736,0.736682264055365,0.659866008811839,0.587645107423148,0.547756319076349,0.51716920147084,0.483205168591444,0.431002224833271,0.345072327649918,0.300118315233412
0.525319507363652,0.587205145092085,0.633091620064821,0.65852822917774,0.698835363346474,0.721847809112423,0.741416970548834,0.765554852840609,0.778215733352144,0.805883576709277,0.835982916317939,0.853713253421191,0.878986355306169,0.899360482022069,0.908979462570627,0.944030298130873,0.967023927536964,0.977571677407136,1,0.98384818177504,0.954006028530645,0.923311252182492,0.868651727145117,0.811262605204578,0.732253918066807,0.656012942051162,0.614814972587102,0.583311789332942,0.547037979494354,0.492452120042229,0.397436732610637,0.347237222441656
0.488771813443262,0.547150807406088,0.590870733638466,0.615115212809232,0.652493820470675,0.673690289555715,0.691705320670397,0.714010239127999,0.725596680260705,0.752108868548169,0.781354453345029,0.799070136564532,0.823950495866487,0.844296717516277,0.854564624853643,0.888382952202891,0.910837898045244,0.924083151265226,0.98384818177504,1,0.991690382414276,0.960247166098598,0.903787869281827,0.846084515505402,0.767994637917343,0.691021576182904,0.650161639986592,0.618989221234759,0.582029569779554,0.52734056372421,0.427948813230039,0.375058599790107
0.455672885200107,0.510452361759869,0.551665998096266,0.57446623273586,0.609111300174706,0.628616812257539,0.645174884209939,0.665752130918609,0.676320268523116,0.70150110216117,0.729578419559325,0.746911176515573,0.771283806323773,0.791523911948655,0.80233318128797,0.834363582432396,0.855664201846192,0.870143921576474,0.954006028530645,0.991690382414276,1,0.977747031824638,0.928135427486276,0.875494654349618,0.799540903772354,0.722751193417932,0.68216447249153,0.650645593162771,0.612642910458714,0.559031708335562,0.456654228179702,0.401683663516444
0.445489643546102,0.497961045991561,0.536861798161136,0.55808884659611,0.591420067120368,0.610010175686086,0.625730228533866,0.645338758677389,0.655221963542451,0.679389321354538,0.706420390862079,0.723043656161983,0.747771012439507,0.76882925186045,0.780748091624749,0.81027269022476,0.829159359387644,0.84160142399313,0.923311252182492,0.960247166098598,0.977747031824638,1,0.985573477560554,0.954679144474595,0.881227039250395,0.803015582338072,0.76015879549461,0.72401573633667,0.681001239256532,0.629562378332817,0.521055347382547,0.461644282931978
0.422849552617153,0.471759903793106,0.507535132718271,0.526805679497264,0.557997697982477,0.575247360135241,0.589782327719734,0.607974424795104,0.616985041619318,0.639552244580663,0.664863994969691,0.680376620420838,0.704589500629698,0.725625926120826,0.738053999079732,0.764601029151028,0.780928681603697,0.791323981417736,0.868651727145117,0.903787869281827,0.928135427486276,0.985573477560554,1,0.987650167101506,0.918594619848695,0.841768589089206,0.798468077519888,0.759764702210048,0.714099653419648,0.666078906847605,0.556140183395475,0.495070390997255
0.389031512621199,0.435209110350611,0.469637069857185,0.488391989068564,0.517344120675612,0.533374062959203,0.546686251231409,0.563211949054746,0.571209779548351,0.592886630917702,0.617666509812204,0.633377922641891,0.656466312316641,0.676437466288714,0.688389233487681,0.712649461314129,0.727322527979246,0.736682264055365,0.811262605204578,0.846084515505402,0.875494654349618,0.954679144474595,0.987650167101506,1,0.9639106320756,0.906063439220493,0.869155089221302,0.826773036876866,0.776900457968708,0.720193989578309,0.597846217635736,0.530536647282148
0.33163560122186,0.375165259799284,0.409862187452869,0.429612801641293,0.455546473725289,0.47016056397987,0.48190073800646,0.496054272729818,0.502669320437558,0.523927903742313,0.549222351051314,0.566543524383356,0.587191373152801,0.604271736492449,0.614176827405307,0.636522847721519,0.650409992201867,0.659866008811839,0.732253918066807,0.767994637917343,0.799540903772354,0.881227039250395,0.918594619848695,0.9639106320756,1,0.986015558681052,0.965460129818192,0.918759245357271,0.863607123802743,0.783201250099169,0.63626782609103,0.557966581396563
0.283576823652235,0.323856781318118,0.357453010341143,0.377104519039582,0.400200137873369,0.413393404822651,0.423720116292198,0.435871037265366,0.441378534001573,0.461597738064255,0.486289132026685,0.50398445397936,0.522349350735082,0.536995396528142,0.545257013599584,0.565587446291308,0.578474682243191,0.587645107423148,0.656012942051162,0.691021576182904,0.722751193417932,0.803015582338072,0.841768589089206,0.906063439220493,0.986015558681052,1,0.99043307329704,0.94273679104786,0.886296992967906,0.793996575980137,0.637047131653765,0.554729204205188
0.253520694663741,0.292078109096795,0.325383824524664,0.34527873099078,0.3667570315823,0.37920243704752,0.389389405260678,0.401581374798,0.407720783197775,0.4271903936168,0.450679761603375,0.46770214331686,0.484976420693857,0.498716570222094,0.506529471989132,0.525956403638263,0.538493364161049,0.547756319076349,0.614814972587102,0.650161639986592,0.68216447249153,0.76015879549461,0.798468077519888,0.869155089221302,0.965460129818192,0.99043307329704,1,0.977558689762543,0.937377047040663,0.83800979844365,0.665948568776343,0.576710608514159
0.229486687423483,0.26649231821463,0.299341807743302,0.319296965134478,0.339488093409311,0.351359501732177,0.362068526717892,0.375462251384907,0.383333593266329,0.401808848808884,0.42313027279037,0.43835975251102,0.454962726526092,0.468532999173255,0.476544708878355,0.49539149379695,0.507747478318878,0.51716920147084,0.583311789332942,0.618989221234759,0.650645593162771,0.72401573633667,0.759764702210048,0.826773036876866,0.918759245357271,0.94273679104786,0.977558689762543,1,0.989718532439685,0.888550209177316,0.701029016951341,0.604540614931998
0.207312904523448,0.242320654261865,0.274022142092364,0.293508993185097,0.312310967437726,0.323489730079327,0.334279931248985,0.348147802036705,0.356994171484657,0.374322865374989,0.393628297064506,0.407251870902695,0.422975394129784,0.436084045098351,0.444026292588187,0.461998259753123,0.473916072966491,0.483205168591444,0.547037979494354,0.582029569779554,0.612642910458714,0.681001239256532,0.714099653419648,0.776900457968708,0.863607123802743,0.886296992967906,0.937377047040663,0.989718532439685,1,0.900190447519964,0.706957935066845,0.608009061716023
0.181677579215786,0.208271351560588,0.230806954328755,0.243938993821411,0.258543318590139,0.266707941203667,0.278496327545144,0.296306112177815,0.31025323697768,0.327598413090736,0.344774932768687,0.356982170137057,0.373061908272418,0.387382741100386,0.397154400339893,0.412850176960314,0.422928233363447,0.431002224833271,0.492452120042229,0.52734056372421,0.559031708335562,0.629562378332817,0.666078906847605,0.720193989578309,0.783201250099169,0.793996575980137,0.83800979844365,0.888550209177316,0.900190447519964,1,0.94399505268884,0.892395962083939
0.144724333151896,0.16207930533288,0.175113383714671,0.18189393797644,0.191817734926021,0.19684151218634,0.20784958433261,0.22622428042709,0.24197685322114,0.257402694163077,0.271287044704281,0.281271522111649,0.295782004978378,0.309297388479505,0.319211886824869,0.331403484497037,0.338915128782817,0.345072327649918,0.397436732610637,0.427948813230039,0.456654228179702,0.521055347382547,0.556140183395475,0.597846217635736,0.63626782609103,0.637047131653765,0.665948568776343,0.701029016951341,0.706957935066845,0.94399505268884,1,0.991312699241899
0.125506158613127,0.138640220150916,0.147482660434046,0.151521154717029,0.159271479948098,0.162887480271205,0.173243131188457,0.191273179625713,0.207256914900556,0.221439304054588,0.233580777512499,0.242369599459959,0.255804563631616,0.26857975098559,0.278243722417739,0.288660428123644,0.294916119259762,0.300118315233412,0.347237222441656,0.375058599790107,0.401683663516444,0.461644282931978,0.495070390997255,0.530536647282148,0.557966581396563,0.554729204205188,0.576710608514159,0.604540614931998,0.608009061716023,0.892395962083939,0.991312699241899,1
