1.0,0.8519997639187651,0.8093730612816671,0.7757232460325941,0.7398019406263899,0.71566727808216,0.6915621437250461,0.665932546921281,0.642959894423671,0.599626816982459,0.582725510809908,0.569164584266183,0.544760804320674,0.5245121981718279,0.49655830615725605,0.455925697443891,0.42483444104329293,0.39160987683206,0.36486226336821204,0.34062605107639804,0.32021255124793396,0.292723793558748,0.257736762624399,0.231585652692202,0.19081753486830602,0.15526207815886098,0.119731798497211,0.0692058538932238,0.0299154348591566,0.0305704979148965,0.158886061040185,0.168326382130533
0.8519997639187651,1.0,0.9538803476684009,0.926301719037537,0.895480967468572,0.8726453657052109,0.85396217680472,0.833926091298072,0.8155653937877869,0.7770756149309052,0.760201758790798,0.7459058515403779,0.7222128445842829,0.70707715101317,0.6818283859770611,0.646400911824343,0.616168161197261,0.58600337117907,0.558724863579366,0.5370153218996869,0.514675303700166,0.49100311715469,0.46013442665989707,0.42889938668511207,0.38594391503839703,0.34758168392770095,0.308084830642699,0.249290510973805,0.199912487100671,0.13171739424184,0.0713559495759229,0.11954500920580599
0.8093730612816671,0.9538803476684009,1.0,0.9761740926928492,0.950418143672477,0.9298352702159549,0.914374284861641,0.897375056038073,0.8817224853597809,0.8505564802322579,0.8358919266870309,0.820244263676984,0.798941047124119,0.783312140190526,0.7612602982189399,0.7290128614569409,0.703071348488905,0.672007557822297,0.6468960247724029,0.626929535853477,0.6058207442113891,0.5831419558073211,0.5558408172441031,0.525791814153488,0.48142130404176703,0.44533763478861,0.41018582790888003,0.3512371930897781,0.299399640432723,0.21550447223834399,0.0176001275019653,0.10562114866777199
0.7757232460325941,0.926301719037537,0.9761740926928492,1.0,0.982248757054477,0.9664646616917371,0.9532448308990871,0.9393592764211899,0.9254455917232121,0.8986770473195059,0.883056678808804,0.8683948606742329,0.848414968507613,0.8356543977736559,0.8158600790944789,0.7873999003471279,0.7645644800459671,0.735538391734509,0.7127668041872058,0.6919188209553211,0.671694376108336,0.6491630051984829,0.62202316092412,0.593341838255607,0.552093424198418,0.5170669088794679,0.48132988902464,0.42351309740530296,0.369518730882345,0.27675833718018295,0.0301157667206121,0.0860128423496515
0.7398019406263899,0.895480967468572,0.950418143672477,0.982248757054477,1.0,0.9870219501251991,0.973818279302562,0.9614280576554599,0.9474247107234691,0.9252343285238922,0.910750775390728,0.898261036647968,0.882164626772155,0.870060787462588,0.8489898864004258,0.82543960786317,0.8045123829493851,0.779160907293068,0.757125673037083,0.7374838350930409,0.718723833963795,0.697348170649275,0.6717529212438901,0.644804172533673,0.60653082854277,0.570171861218065,0.532591533027322,0.4783347939854021,0.42314509272569395,0.32699102349375,0.0745074946366694,0.0733305096156005
0.71566727808216,0.8726453657052109,0.9298352702159549,0.9664646616917371,0.9870219501251991,1.0,0.989081259394689,0.9784686806760059,0.966284641215298,0.947534972942259,0.9350347212199621,0.9239571569962729,0.910033490663316,0.899730507552754,0.8807343895175809,0.858312029361773,0.839948436298143,0.8171725769842071,0.796650779501777,0.777618908107647,0.759807090934467,0.738967216759328,0.7150801896898009,0.690158460936761,0.653680645573216,0.6181315166051129,0.580743757311186,0.526399665614509,0.47100515765590206,0.370525891797937,0.11599420106319198,0.0524964872264029
0.6915621437250461,0.85396217680472,0.914374284861641,0.9532448308990871,0.973818279302562,0.989081259394689,1.0,0.9918705004226039,0.9818421261112941,0.965945229261159,0.9540079091017909,0.944238958144015,0.9311317571908849,0.9207615818173599,0.9029031803581059,0.880916849912986,0.8630649627863308,0.8405375451934292,0.821217404476185,0.8030680543891591,0.7862841964862591,0.7661813096466179,0.743510318354482,0.7192666474554871,0.6833841323578821,0.648927952851647,0.610672173443629,0.5560171376820301,0.5008125167984989,0.39836749459952603,0.144023201347614,0.0285255263549153
0.665932546921281,0.833926091298072,0.897375056038073,0.9393592764211899,0.9614280576554599,0.9784686806760059,0.9918705004226039,1.0,0.99234295029257,0.978891011982068,0.9674912262322151,0.958003315662726,0.945104888740688,0.93465962038162,0.917029752536869,0.896150557835947,0.879464599983573,0.857366415350818,0.839526607700273,0.822156669276,0.8066233648319091,0.788539402479175,0.7675325767775459,0.743660129138745,0.708883959365758,0.6750428301466359,0.6383405551092011,0.584137140002839,0.530163864993323,0.42893099409946894,0.167990725011069,0.0141646401473411
0.642959894423671,0.8155653937877869,0.8817224853597809,0.9254455917232121,0.9474247107234691,0.966284641215298,0.9818421261112941,0.99234295029257,1.0,0.990226929668598,0.9799443381558209,0.9703815026288231,0.957809163126558,0.947481729406067,0.9306799513902401,0.9107208656021129,0.894719214215362,0.8731856807864301,0.8566580299932891,0.8405903605348,0.825646693989771,0.8084913093129191,0.789404222981996,0.7666919095145409,0.7313531317883359,0.6986007906321929,0.662798980082112,0.6110837499668299,0.557991378419347,0.455676695831421,0.18700404054858602,0.0033421155268257697
0.599626816982459,0.7770756149309052,0.8505564802322579,0.8986770473195059,0.9252343285238922,0.947534972942259,0.965945229261159,0.978891011982068,0.990226929668598,1.0,0.993510036546996,0.985359181667808,0.97539552909099,0.9654958844685491,0.951237149005499,0.934486552028657,0.9204309549720329,0.901521368278859,0.887123991635641,0.8728192975779541,0.8595031050561049,0.844009416684155,0.826770353183852,0.805911775742005,0.772699303356376,0.74201604601462,0.7085250953592199,0.6586860828704351,0.605001206295315,0.502031194416075,0.223303407763559,0.00993197523818892
0.582725510809908,0.760201758790798,0.8358919266870309,0.883056678808804,0.910750775390728,0.9350347212199621,0.9540079091017909,0.9674912262322151,0.9799443381558209,0.993510036546996,1.0,0.993863868577294,0.984500791728245,0.975323067001746,0.9622996648125459,0.9464577968890859,0.9329443586018761,0.914650851944884,0.9006226009981769,0.887713377612962,0.8755089504308841,0.8607339119446858,0.845271261545497,0.824862808119615,0.7921157320652671,0.7619715859828149,0.7305821377416579,0.682078118359926,0.629853194094351,0.529465869098846,0.24906068703238604,0.0193123680182294
0.569164584266183,0.7459058515403779,0.820244263676984,0.8683948606742329,0.898261036647968,0.9239571569962729,0.944238958144015,0.958003315662726,0.9703815026288231,0.985359181667808,0.993863868577294,1.0,0.9934504005724591,0.9851453471252741,0.9727391543332892,0.9576182052739529,0.9440475099592209,0.926619971187331,0.91279439872019,0.9002250651177309,0.888840542842804,0.875517987101732,0.860487271548453,0.8403583232450841,0.80898730344118,0.7793210702193729,0.749005690727523,0.70198562851577,0.6534156269862329,0.55437607209873,0.27593463448087496,0.0357349366429058
0.544760804320674,0.7222128445842829,0.798941047124119,0.848414968507613,0.882164626772155,0.910033490663316,0.9311317571908849,0.945104888740688,0.957809163126558,0.97539552909099,0.984500791728245,0.9934504005724591,1.0,0.994226010236042,0.984624830859928,0.9717555362997751,0.958782685415443,0.9430809212881128,0.9296100130585321,0.9170875645542671,0.905972613924513,0.89353938233572,0.8797106846502509,0.860462019920813,0.8300924067725,0.802311042812603,0.77268828637537,0.7271133013018,0.681003441507909,0.5838223141486489,0.307954540693339,0.0566713366027266
0.5245121981718279,0.70707715101317,0.783312140190526,0.8356543977736559,0.870060787462588,0.899730507552754,0.9207615818173599,0.93465962038162,0.947481729406067,0.9654958844685491,0.975323067001746,0.9851453471252741,0.994226010236042,1.0,0.993050838750313,0.9826034838109119,0.970963414229855,0.9563797986091271,0.9432913819498521,0.931125981055041,0.919895983870584,0.907890819907154,0.894388733515331,0.876091821926264,0.847154092086422,0.819756958222567,0.791672969380245,0.7469267082665161,0.7016744141172211,0.60578448038066,0.327477760416701,0.0683849652173397
0.49655830615725605,0.6818283859770611,0.7612602982189399,0.8158600790944789,0.8489898864004258,0.8807343895175809,0.9029031803581059,0.917029752536869,0.9306799513902401,0.951237149005499,0.9622996648125459,0.9727391543332892,0.984624830859928,0.993050838750313,1.0,0.993227686740205,0.9842402989740491,0.9723200303837879,0.961104332400597,0.9495652690474209,0.938781279810095,0.9275950325686009,0.9146020193025891,0.8972210270755279,0.868830407790681,0.8432727160634941,0.8161584707089781,0.7722492429382759,0.728786272081585,0.634182527009918,0.353673917966834,0.0919024186675512
0.455925697443891,0.646400911824343,0.7290128614569409,0.7873999003471279,0.82543960786317,0.858312029361773,0.880916849912986,0.896150557835947,0.9107208656021129,0.934486552028657,0.9464577968890859,0.9576182052739529,0.9717555362997751,0.9826034838109119,0.993227686740205,1.0,0.993924388184227,0.983941774176495,0.9735701774446179,0.9627190165175601,0.9525934737188041,0.942359344172785,0.930277502942071,0.914380977591351,0.888529530452715,0.8633560487337599,0.837701381190302,0.795102414874472,0.753249866401321,0.66100199529729,0.3759758299918371,0.100651001526585
0.42483444104329293,0.616168161197261,0.703071348488905,0.7645644800459671,0.8045123829493851,0.839948436298143,0.8630649627863308,0.879464599983573,0.894719214215362,0.9204309549720329,0.9329443586018761,0.9440475099592209,0.958782685415443,0.970963414229855,0.9842402989740491,0.993924388184227,1.0,0.9931300673243431,0.9846850358449921,0.974897215186678,0.96574402092441,0.9563982901606929,0.9457443339011089,0.930709753240167,0.9067713515670741,0.881642865465295,0.857128348569093,0.8161175567642049,0.7752095774444091,0.6838307101419809,0.396809485180687,0.11468862535697401
0.39160987683206,0.58600337117907,0.672007557822297,0.735538391734509,0.779160907293068,0.8171725769842071,0.8405375451934292,0.857366415350818,0.8731856807864301,0.901521368278859,0.914650851944884,0.926619971187331,0.9430809212881128,0.9563797986091271,0.9723200303837879,0.983941774176495,0.9931300673243431,1.0,0.993586386685815,0.9855212557767572,0.977333603858668,0.9685543809515039,0.958228517488489,0.945375867646208,0.923388919113614,0.900485512397494,0.8776127789598951,0.8402018140272571,0.7986539493315742,0.710257493806822,0.42555974705680794,0.125045370088123
0.36486226336821204,0.558724863579366,0.6468960247724029,0.7127668041872058,0.757125673037083,0.796650779501777,0.821217404476185,0.839526607700273,0.8566580299932891,0.887123991635641,0.9006226009981769,0.91279439872019,0.9296100130585321,0.9432913819498521,0.961104332400597,0.9735701774446179,0.9846850358449921,0.993586386685815,1.0,0.9940093239382289,0.987364744056309,0.978824885499073,0.96893888721651,0.957174224596554,0.936724061750211,0.915397708255072,0.895268701912615,0.858274711136578,0.81535336341189,0.7273256645927242,0.44424199302614004,0.140122278931795
0.34062605107639804,0.5370153218996869,0.626929535853477,0.6919188209553211,0.7374838350930409,0.777618908107647,0.8030680543891591,0.822156669276,0.8405903605348,0.8728192975779541,0.887713377612962,0.9002250651177309,0.9170875645542671,0.931125981055041,0.9495652690474209,0.9627190165175601,0.974897215186678,0.9855212557767572,0.9940093239382289,1.0,0.9947639677929839,0.9872655542559041,0.9775831447507259,0.9665109323301808,0.9466667372208871,0.9265403186078979,0.906282608168285,0.871144815609514,0.8307748469361469,0.7415946356911959,0.45924096163483,0.154891823533459
0.32021255124793396,0.514675303700166,0.6058207442113891,0.671694376108336,0.718723833963795,0.759807090934467,0.7862841964862591,0.8066233648319091,0.825646693989771,0.8595031050561049,0.8755089504308841,0.888840542842804,0.905972613924513,0.919895983870584,0.938781279810095,0.9525934737188041,0.96574402092441,0.977333603858668,0.987364744056309,0.9947639677929839,1.0,0.9938343173165171,0.9844580133165408,0.9743812659878119,0.956287813497663,0.937984528538317,0.919282316709859,0.884962318375017,0.8465432829386851,0.7617051310611709,0.48323652985934795,0.17108186449111498
0.292723793558748,0.49100311715469,0.5831419558073211,0.6491630051984829,0.697348170649275,0.738967216759328,0.7661813096466179,0.788539402479175,0.8084913093129191,0.844009416684155,0.8607339119446858,0.875517987101732,0.89353938233572,0.907890819907154,0.9275950325686009,0.942359344172785,0.9563982901606929,0.9685543809515039,0.978824885499073,0.9872655542559041,0.9938343173165171,1.0,0.9931796344947841,0.9835627617876221,0.968314686623992,0.952223270273601,0.9340514405031329,0.9015488731921519,0.865650101804895,0.782025919381001,0.503791208918765,0.18398825496093502
0.257736762624399,0.46013442665989707,0.5558408172441031,0.62202316092412,0.6717529212438901,0.7150801896898009,0.743510318354482,0.7675325767775459,0.789404222981996,0.826770353183852,0.845271261545497,0.860487271548453,0.8797106846502509,0.894388733515331,0.9146020193025891,0.930277502942071,0.9457443339011089,0.958228517488489,0.96893888721651,0.9775831447507259,0.9844580133165408,0.9931796344947841,1.0,0.993199522494982,0.9808684363614351,0.966811072889705,0.950001574924759,0.9200065441948441,0.8867277137184421,0.8052795977710071,0.531144616097156,0.20372270460549202
0.231585652692202,0.42889938668511207,0.525791814153488,0.593341838255607,0.644804172533673,0.690158460936761,0.7192666474554871,0.743660129138745,0.7666919095145409,0.805911775742005,0.824862808119615,0.8403583232450841,0.860462019920813,0.876091821926264,0.8972210270755279,0.914380977591351,0.930709753240167,0.945375867646208,0.957174224596554,0.9665109323301808,0.9743812659878119,0.9835627617876221,0.993199522494982,1.0,0.991105145749391,0.9788197136974399,0.9622442018937309,0.935495333381122,0.9026391288405071,0.8207643782687759,0.544615954614021,0.21256864830499803
0.19081753486830602,0.38594391503839703,0.48142130404176703,0.552093424198418,0.60653082854277,0.653680645573216,0.6833841323578821,0.708883959365758,0.7313531317883359,0.772699303356376,0.7921157320652671,0.80898730344118,0.8300924067725,0.847154092086422,0.868830407790681,0.888529530452715,0.9067713515670741,0.923388919113614,0.936724061750211,0.9466667372208871,0.956287813497663,0.968314686623992,0.9808684363614351,0.991105145749391,1.0,0.990096641912484,0.9750300998885321,0.951496074690492,0.9193642816756031,0.8403390550184642,0.5679664589303621,0.23035795657707003
0.15526207815886098,0.34758168392770095,0.44533763478861,0.5170669088794679,0.570171861218065,0.6181315166051129,0.648927952851647,0.6750428301466359,0.6986007906321929,0.74201604601462,0.7619715859828149,0.7793210702193729,0.802311042812603,0.819756958222567,0.8432727160634941,0.8633560487337599,0.881642865465295,0.900485512397494,0.915397708255072,0.9265403186078979,0.937984528538317,0.952223270273601,0.966811072889705,0.9788197136974399,0.990096641912484,1.0,0.9876020657272808,0.9669536873491948,0.9371197117908259,0.8595091486328299,0.594551222079069,0.250743191725655
0.119731798497211,0.308084830642699,0.41018582790888003,0.48132988902464,0.532591533027322,0.580743757311186,0.610672173443629,0.6383405551092011,0.662798980082112,0.7085250953592199,0.7305821377416579,0.749005690727523,0.77268828637537,0.791672969380245,0.8161584707089781,0.837701381190302,0.857128348569093,0.8776127789598951,0.895268701912615,0.906282608168285,0.919282316709859,0.9340514405031329,0.950001574924759,0.9622442018937309,0.9750300998885321,0.9876020657272808,1.0,0.9834243739534609,0.952653427305135,0.8869118281332791,0.621704626549025,0.270004278437109
0.0692058538932238,0.249290510973805,0.3512371930897781,0.42351309740530296,0.4783347939854021,0.526399665614509,0.5560171376820301,0.584137140002839,0.6110837499668299,0.6586860828704351,0.682078118359926,0.70198562851577,0.7271133013018,0.7469267082665161,0.7722492429382759,0.795102414874472,0.8161175567642049,0.8402018140272571,0.858274711136578,0.871144815609514,0.884962318375017,0.9015488731921519,0.9200065441948441,0.935495333381122,0.951496074690492,0.9669536873491948,0.9834243739534609,1.0,0.9740915743124029,0.9116867186297679,0.659225718331787,0.29806168967171803
0.0299154348591566,0.199912487100671,0.299399640432723,0.369518730882345,0.42314509272569395,0.47100515765590206,0.5008125167984989,0.530163864993323,0.557991378419347,0.605001206295315,0.629853194094351,0.6534156269862329,0.681003441507909,0.7016744141172211,0.728786272081585,0.753249866401321,0.7752095774444091,0.7986539493315742,0.81535336341189,0.8307748469361469,0.8465432829386851,0.865650101804895,0.8867277137184421,0.9026391288405071,0.9193642816756031,0.9371197117908259,0.952653427305135,0.9740915743124029,1.0,0.9452219569130731,0.703916580176682,0.34378956404974603
0.0305704979148965,0.13171739424184,0.21550447223834399,0.27675833718018295,0.32699102349375,0.370525891797937,0.39836749459952603,0.42893099409946894,0.455676695831421,0.502031194416075,0.529465869098846,0.55437607209873,0.5838223141486489,0.60578448038066,0.634182527009918,0.66100199529729,0.6838307101419809,0.710257493806822,0.7273256645927242,0.7415946356911959,0.7617051310611709,0.782025919381001,0.8052795977710071,0.8207643782687759,0.8403390550184642,0.8595091486328299,0.8869118281332791,0.9116867186297679,0.9452219569130731,1.0,0.8041293636880921,0.3891420557402229
0.158886061040185,0.0713559495759229,0.0176001275019653,0.0301157667206121,0.0745074946366694,0.11599420106319198,0.144023201347614,0.167990725011069,0.18700404054858602,0.223303407763559,0.24906068703238604,0.27593463448087496,0.307954540693339,0.327477760416701,0.353673917966834,0.3759758299918371,0.396809485180687,0.42555974705680794,0.44424199302614004,0.45924096163483,0.48323652985934795,0.503791208918765,0.531144616097156,0.544615954614021,0.5679664589303621,0.594551222079069,0.621704626549025,0.659225718331787,0.703916580176682,0.8041293636880921,1.0,0.5110274206305561
0.168326382130533,0.11954500920580599,0.10562114866777199,0.0860128423496515,0.0733305096156005,0.0524964872264029,0.0285255263549153,0.0141646401473411,0.0033421155268257697,0.00993197523818892,0.0193123680182294,0.0357349366429058,0.0566713366027266,0.0683849652173397,0.0919024186675512,0.100651001526585,0.11468862535697401,0.125045370088123,0.140122278931795,0.154891823533459,0.17108186449111498,0.18398825496093502,0.20372270460549202,0.21256864830499803,0.23035795657707003,0.250743191725655,0.270004278437109,0.29806168967171803,0.34378956404974603,0.3891420557402229,0.5110274206305561,1.0
