1.0,0.772337683109171,0.713357266814794,0.674998792630922,0.644003733506132,0.626538212750206,0.604612080410307,0.588172880044974,0.570985459430141,0.5561788281596379,0.537913415850125,0.521933150729272,0.505533277558378,0.49003017336849897,0.47689205664862,0.4592826812485071,0.44128543219535205,0.41821633051448603,0.39921826217209794,0.384715690624254,0.365259108429049,0.34791381581781605,0.327638330928152,0.314292248229794,0.302686549097098,0.288641414746511,0.262817390688034,0.23847765498387302,0.209472127311159,0.169376214518158,0.0603293073680744,0.0008477984733453559
0.772337683109171,1.0,0.97031091151576,0.946415094534734,0.924304933863609,0.910627482241717,0.89527311127724,0.8822008165928309,0.8668466017240591,0.851325376254763,0.836784839390745,0.8211925323534459,0.80507952067267,0.789904258829332,0.775672451837292,0.759119129067962,0.7397296543841949,0.7187025394519,0.698032359695349,0.6803182109996789,0.6610203825583729,0.640047631426412,0.616829369787718,0.597621109545249,0.579518124131625,0.5569210783058199,0.521902822379122,0.48507287946029604,0.44215456479367204,0.37925998137113104,0.22047626110332802,0.085807305835025
0.713357266814794,0.97031091151576,1.0,0.98552537846051,0.9710893804155859,0.960604024548082,0.9504792689481659,0.9406439987174499,0.929738013651093,0.9182257569887242,0.9064684596179621,0.8930594181140609,0.8787298193465211,0.8662497599405842,0.853625670819519,0.839676425518005,0.8221007106845659,0.804019552455953,0.785733578387698,0.768641452934053,0.7513557175333371,0.7317415457551228,0.7095434469163651,0.6902960164554849,0.672830533307331,0.650456982519765,0.614788359272456,0.576650183890168,0.5329210688743641,0.46537125083783293,0.295295124551798,0.125610091990225
0.674998792630922,0.946415094534734,0.98552537846051,1.0,0.991178771020879,0.9833835696232271,0.9757637486257459,0.967427598006609,0.958409181951487,0.9486967135367091,0.938635726053991,0.926221877864832,0.912831775005141,0.9012079650137879,0.8902089169819251,0.8774636014999471,0.8620511982509069,0.845943478020928,0.8289321952665609,0.813154424459032,0.7970539946823941,0.778790267512156,0.758160663248985,0.740072681324563,0.723031570964432,0.702012002114035,0.667509394591727,0.6300703699086,0.587316868512788,0.5183447115443571,0.345395146953427,0.153994279195801
0.644003733506132,0.924304933863609,0.9710893804155859,0.991178771020879,1.0,0.9937240940196709,0.9878123033515541,0.9813427208569669,0.973687123917808,0.965418939177453,0.956999763537507,0.946307026371522,0.934190725540755,0.9234205788612371,0.913004427563117,0.9017228476532609,0.8880562711894501,0.873450275802528,0.858129316667157,0.843167394452896,0.828096931015117,0.810685074231437,0.7907636064366959,0.772814705792263,0.7559624089010508,0.7360230315490821,0.703305470342057,0.666454975580831,0.624242252041359,0.555782226595729,0.381791639074729,0.180509796652969
0.626538212750206,0.910627482241717,0.960604024548082,0.9833835696232271,0.9937240940196709,1.0,0.9955916076182779,0.990556270453802,0.984530673811641,0.9776040701723531,0.970501458153093,0.961092497570693,0.9503752823177349,0.940415457661971,0.9305885087774479,0.9203572294054521,0.9078274277475749,0.8941624495426691,0.880143878238918,0.8658544569930742,0.852018608653558,0.8358240681879109,0.817159704675509,0.8003728953117141,0.7844825332992941,0.765384044310077,0.7334781938234559,0.697828012127993,0.655173053411933,0.587517275989239,0.4101945443456911,0.200236791262084
0.604612080410307,0.89527311127724,0.9504792689481659,0.9757637486257459,0.9878123033515541,0.9955916076182779,1.0,0.996498499097121,0.9916589396009241,0.98579574690636,0.97963680000148,0.9713939489806421,0.9621117191329759,0.9533420256774721,0.944585589401733,0.935360756653103,0.924024387854293,0.911504920139097,0.89857355247362,0.885232608269192,0.8724502759395559,0.8573522682846579,0.8392604467130691,0.8230879099983179,0.8078006614991741,0.7896339431421501,0.7590262850768721,0.724158362471522,0.6822946690787549,0.615235352641177,0.436574340926551,0.213459000095013
0.588172880044974,0.8822008165928309,0.9406439987174499,0.967427598006609,0.9813427208569669,0.990556270453802,0.996498499097121,1.0,0.9966066244473851,0.991471710248457,0.986627053896147,0.9795860469541631,0.9711884405234692,0.9634328134276859,0.955375643758575,0.9466563763337171,0.93623424041127,0.924509381858045,0.912487551888725,0.899925461782192,0.887928871332072,0.873463953665358,0.8562026046897809,0.8410704082980259,0.826234842233829,0.808477981791766,0.7789980158435409,0.7449288841794441,0.7035775360756861,0.637914556132037,0.4557917307095129,0.22489782545936998
0.570985459430141,0.8668466017240591,0.929738013651093,0.958409181951487,0.973687123917808,0.984530673811641,0.9916589396009241,0.9966066244473851,1.0,0.9965881896390699,0.9926653084833861,0.986791375650141,0.979327033992895,0.9725657524733679,0.965164377178462,0.956858012763915,0.947153750851709,0.936028973700487,0.925019933956499,0.9130195780178721,0.901566031737037,0.887903773143639,0.8715697850875391,0.8573801772922499,0.8432668619615831,0.826311114252098,0.7982374956704742,0.765761596544985,0.7252714043515791,0.6612811991976341,0.477134036142919,0.23788901966074202
0.5561788281596379,0.851325376254763,0.9182257569887242,0.9486967135367091,0.965418939177453,0.9776040701723531,0.98579574690636,0.991471710248457,0.9965881896390699,1.0,0.9972963931884841,0.992767293387396,0.986448904545016,0.980507531022107,0.974221386938984,0.966880912720788,0.9578594575272501,0.9477954627469609,0.937571097945127,0.9263280070002109,0.915333181048313,0.902166903480194,0.886861782496362,0.873019885983662,0.859863622355465,0.843759183849457,0.816489199066692,0.785039697374976,0.744995336228831,0.6822675626025351,0.501839544637695,0.249977536822643
0.537913415850125,0.836784839390745,0.9064684596179621,0.938635726053991,0.956999763537507,0.970501458153093,0.97963680000148,0.986627053896147,0.9926653084833861,0.9972963931884841,1.0,0.996997178738496,0.991801895083394,0.986494365697947,0.980927131741806,0.974374665259237,0.965872438418241,0.956701803308384,0.94693940393059,0.936266673684175,0.9257803555958142,0.913291854020414,0.8989450884500991,0.885803035562035,0.873442886384827,0.8584516285152429,0.8326751000744471,0.80198979941431,0.762871101441115,0.7006091896510079,0.5206352613113641,0.26126894877254603
0.521933150729272,0.8211925323534459,0.8930594181140609,0.926221877864832,0.946307026371522,0.961092497570693,0.9713939489806421,0.9795860469541631,0.986791375650141,0.992767293387396,0.996997178738496,1.0,0.9966705916950209,0.9923735863739,0.9874420933990179,0.9817132153206619,0.97406575400002,0.965866965505001,0.956875018675874,0.946754255310654,0.936764210003361,0.925146713956626,0.91161697601037,0.899597140115093,0.888313116574035,0.87394894530237,0.8493945619769441,0.819576445232158,0.781606666514529,0.719873571626212,0.539348965470864,0.269001489422794
0.505533277558378,0.80507952067267,0.8787298193465211,0.912831775005141,0.934190725540755,0.9503752823177349,0.9621117191329759,0.9711884405234692,0.979327033992895,0.986448904545016,0.991801895083394,0.9966705916950209,1.0,0.9974863157589309,0.993742967913813,0.9889371230924721,0.98245724356565,0.9753878586850301,0.967596068152593,0.9584745371942229,0.9489007143720141,0.938743642826665,0.926269840866862,0.915370554883954,0.904834694451273,0.891331264445093,0.8685879798884221,0.8403047832604541,0.803771098486965,0.7442695789979449,0.563569514580919,0.28043996656650105
0.49003017336849897,0.789904258829332,0.8662497599405842,0.9012079650137879,0.9234205788612371,0.940415457661971,0.9533420256774721,0.9634328134276859,0.9725657524733679,0.980507531022107,0.986494365697947,0.9923735863739,0.9974863157589309,1.0,0.9975773773938119,0.993869292353566,0.988305573711604,0.9819970092599559,0.9749256209044049,0.966350098379517,0.957164077681991,0.94780639725742,0.9359859829792591,0.92574418203805,0.9159992264782341,0.9032622748894821,0.8819849503916078,0.855522141900655,0.8200084261455279,0.7626013539897301,0.5825408071175899,0.29295840635304804
0.47689205664862,0.775672451837292,0.853625670819519,0.8902089169819251,0.913004427563117,0.9305885087774479,0.944585589401733,0.955375643758575,0.965164377178462,0.974221386938984,0.980927131741806,0.9874420933990179,0.993742967913813,0.9975773773938119,1.0,0.997642048244159,0.9932303117554879,0.9877548344478909,0.981532009233729,0.9740728800251469,0.9656675681966329,0.9571483251481999,0.9463367731034209,0.9365563412690319,0.9271314210405129,0.915265713786184,0.895349873017624,0.8700342656696801,0.8358971277251609,0.779997362542174,0.60138227363984,0.29674796042415996
0.4592826812485071,0.759119129067962,0.839676425518005,0.8774636014999471,0.9017228476532609,0.9203572294054521,0.935360756653103,0.9466563763337171,0.956858012763915,0.966880912720788,0.974374665259237,0.9817132153206619,0.9889371230924721,0.993869292353566,0.997642048244159,1.0,0.99708290655415,0.992800657266539,0.9871831329574001,0.9805740274886801,0.9733755409045141,0.965713759509643,0.9558634124692421,0.9467664363889159,0.9380325354941851,0.9270563192436321,0.9080778240303579,0.8838076492008771,0.8507972928510441,0.7968748082577599,0.6215349941444239,0.30064928224750204
0.44128543219535205,0.7397296543841949,0.8221007106845659,0.8620511982509069,0.8880562711894501,0.9078274277475749,0.924024387854293,0.93623424041127,0.947153750851709,0.9578594575272501,0.965872438418241,0.97406575400002,0.98245724356565,0.988305573711604,0.9932303117554879,0.99708290655415,1.0,0.9972723034057241,0.992922813188848,0.9873679506968349,0.98115103220111,0.9743579759570848,0.965286243475126,0.9568435686930491,0.948832918891609,0.939170227053134,0.921390503902707,0.8979755403730741,0.867649932681767,0.815877465895726,0.642510588732692,0.308856485664485
0.41821633051448603,0.7187025394519,0.804019552455953,0.845943478020928,0.873450275802528,0.8941624495426691,0.911504920139097,0.924509381858045,0.936028973700487,0.9477954627469609,0.956701803308384,0.965866965505001,0.9753878586850301,0.9819970092599559,0.9877548344478909,0.992800657266539,0.9972723034057241,1.0,0.9973816081881299,0.9931364282857321,0.9879524607306228,0.982113263939437,0.973946760978365,0.965808962960717,0.957915526428815,0.949085444228998,0.9325300548244059,0.910291447555283,0.881507905343174,0.8310551642028371,0.6613295484455239,0.31510909915351504
0.39921826217209794,0.698032359695349,0.785733578387698,0.8289321952665609,0.858129316667157,0.880143878238918,0.89857355247362,0.912487551888725,0.925019933956499,0.937571097945127,0.94693940393059,0.956875018675874,0.967596068152593,0.9749256209044049,0.981532009233729,0.9871831329574001,0.992922813188848,0.9973816081881299,1.0,0.9974727012016329,0.9935404569243449,0.9887412375719591,0.9816091232838691,0.973918573544251,0.9665342577345141,0.957884381105078,0.9424559191104358,0.9217131928888341,0.8942419122110771,0.8451046837619641,0.676356465015484,0.32109244185483804
0.384715690624254,0.6803182109996789,0.768641452934053,0.813154424459032,0.843167394452896,0.8658544569930742,0.885232608269192,0.899925461782192,0.9130195780178721,0.9263280070002109,0.936266673684175,0.946754255310654,0.9584745371942229,0.966350098379517,0.9740728800251469,0.9805740274886801,0.9873679506968349,0.9931364282857321,0.9974727012016329,1.0,0.9976058909021992,0.993644180002358,0.9876043572505541,0.9805841591137509,0.9734231866075881,0.965053770056067,0.9509459318451551,0.9314385319128521,0.905428627819674,0.858307549038525,0.6918155834527171,0.327280014970344
0.365259108429049,0.6610203825583729,0.7513557175333371,0.7970539946823941,0.828096931015117,0.852018608653558,0.8724502759395559,0.887928871332072,0.901566031737037,0.915333181048313,0.9257803555958142,0.936764210003361,0.9489007143720141,0.957164077681991,0.9656675681966329,0.9733755409045141,0.98115103220111,0.9879524607306228,0.9935404569243449,0.9976058909021992,1.0,0.9974419171704849,0.9925630598340559,0.986412358515282,0.979653030582527,0.9716694023188759,0.9585632282454151,0.940136931458178,0.9157225742544721,0.8704357131864621,0.7070945116960301,0.334797720510049
0.34791381581781605,0.640047631426412,0.7317415457551228,0.778790267512156,0.810685074231437,0.8358240681879109,0.8573522682846579,0.873463953665358,0.887903773143639,0.902166903480194,0.913291854020414,0.925146713956626,0.938743642826665,0.94780639725742,0.9571483251481999,0.965713759509643,0.9743579759570848,0.982113263939437,0.9887412375719591,0.993644180002358,0.9974419171704849,1.0,0.996800114375289,0.991637519358959,0.985604896631513,0.977916338919843,0.966343297976653,0.94980711403449,0.9272492202390792,0.884219936616175,0.7218422457326139,0.343268838140098
0.327638330928152,0.616829369787718,0.7095434469163651,0.758160663248985,0.7907636064366959,0.817159704675509,0.8392604467130691,0.8562026046897809,0.8715697850875391,0.886861782496362,0.8989450884500991,0.91161697601037,0.926269840866862,0.9359859829792591,0.9463367731034209,0.9558634124692421,0.965286243475126,0.973946760978365,0.9816091232838691,0.9876043572505541,0.9925630598340559,0.996800114375289,1.0,0.99673655567369,0.9920733607160509,0.985943016924918,0.975908398004158,0.9617369004122759,0.941197480259942,0.900137244200878,0.7435142510833779,0.357366871903067
0.314292248229794,0.597621109545249,0.6902960164554849,0.740072681324563,0.772814705792263,0.8003728953117141,0.8230879099983179,0.8410704082980259,0.8573801772922499,0.873019885983662,0.885803035562035,0.899597140115093,0.915370554883954,0.92574418203805,0.9365563412690319,0.9467664363889159,0.9568435686930491,0.965808962960717,0.973918573544251,0.9805841591137509,0.986412358515282,0.991637519358959,0.99673655567369,1.0,0.9970521192227109,0.991464784875688,0.983034742439348,0.971268055000285,0.9521839051608041,0.91377792622231,0.7552545542413199,0.368032410429559
0.302686549097098,0.579518124131625,0.672830533307331,0.723031570964432,0.7559624089010508,0.7844825332992941,0.8078006614991741,0.826234842233829,0.8432668619615831,0.859863622355465,0.873442886384827,0.888313116574035,0.904834694451273,0.9159992264782341,0.9271314210405129,0.9380325354941851,0.948832918891609,0.957915526428815,0.9665342577345141,0.9734231866075881,0.979653030582527,0.985604896631513,0.9920733607160509,0.9970521192227109,1.0,0.9959832731171021,0.9887649059723341,0.978975159156357,0.961552933209999,0.925398330981774,0.76984332215505,0.377228689636941
0.288641414746511,0.5569210783058199,0.650456982519765,0.702012002114035,0.7360230315490821,0.765384044310077,0.7896339431421501,0.808477981791766,0.826311114252098,0.843759183849457,0.8584516285152429,0.87394894530237,0.891331264445093,0.9032622748894821,0.915265713786184,0.9270563192436321,0.939170227053134,0.949085444228998,0.957884381105078,0.965053770056067,0.9716694023188759,0.977916338919843,0.985943016924918,0.991464784875688,0.9959832731171021,1.0,0.9951467350307921,0.986893772310437,0.9716194784886809,0.937496843569878,0.787569947383323,0.3862221010732771
0.262817390688034,0.521902822379122,0.614788359272456,0.667509394591727,0.703305470342057,0.7334781938234559,0.7590262850768721,0.7789980158435409,0.7982374956704742,0.816489199066692,0.8326751000744471,0.8493945619769441,0.8685879798884221,0.8819849503916078,0.895349873017624,0.9080778240303579,0.921390503902707,0.9325300548244059,0.9424559191104358,0.9509459318451551,0.9585632282454151,0.966343297976653,0.975908398004158,0.983034742439348,0.9887649059723341,0.9951467350307921,1.0,0.993953197189301,0.980919176188668,0.951627279857862,0.8057486106976379,0.393218338168925
0.23847765498387302,0.48507287946029604,0.576650183890168,0.6300703699086,0.666454975580831,0.697828012127993,0.724158362471522,0.7449288841794441,0.765761596544985,0.785039697374976,0.80198979941431,0.819576445232158,0.8403047832604541,0.855522141900655,0.8700342656696801,0.8838076492008771,0.8979755403730741,0.910291447555283,0.9217131928888341,0.9314385319128521,0.940136931458178,0.94980711403449,0.9617369004122759,0.971268055000285,0.978975159156357,0.986893772310437,0.993953197189301,1.0,0.991131459525234,0.9660654346490278,0.825729167858265,0.42002792424798896
0.209472127311159,0.44215456479367204,0.5329210688743641,0.587316868512788,0.624242252041359,0.655173053411933,0.6822946690787549,0.7035775360756861,0.7252714043515791,0.744995336228831,0.762871101441115,0.781606666514529,0.803771098486965,0.8200084261455279,0.8358971277251609,0.8507972928510441,0.867649932681767,0.881507905343174,0.8942419122110771,0.905428627819674,0.9157225742544721,0.9272492202390792,0.941197480259942,0.9521839051608041,0.961552933209999,0.9716194784886809,0.980919176188668,0.991131459525234,1.0,0.981794532120973,0.8563889118443421,0.4379552064769821
0.169376214518158,0.37925998137113104,0.46537125083783293,0.5183447115443571,0.555782226595729,0.587517275989239,0.615235352641177,0.637914556132037,0.6612811991976341,0.6822675626025351,0.7006091896510079,0.719873571626212,0.7442695789979449,0.7626013539897301,0.779997362542174,0.7968748082577599,0.815877465895726,0.8310551642028371,0.8451046837619641,0.858307549038525,0.8704357131864621,0.884219936616175,0.900137244200878,0.91377792622231,0.925398330981774,0.937496843569878,0.951627279857862,0.9660654346490278,0.981794532120973,1.0,0.894056382065442,0.479662294644645
0.0603293073680744,0.22047626110332802,0.295295124551798,0.345395146953427,0.381791639074729,0.4101945443456911,0.436574340926551,0.4557917307095129,0.477134036142919,0.501839544637695,0.5206352613113641,0.539348965470864,0.563569514580919,0.5825408071175899,0.60138227363984,0.6215349941444239,0.642510588732692,0.6613295484455239,0.676356465015484,0.6918155834527171,0.7070945116960301,0.7218422457326139,0.7435142510833779,0.7552545542413199,0.76984332215505,0.787569947383323,0.8057486106976379,0.825729167858265,0.8563889118443421,0.894056382065442,1.0,0.591041320288393
0.0008477984733453559,0.085807305835025,0.125610091990225,0.153994279195801,0.180509796652969,0.200236791262084,0.213459000095013,0.22489782545936998,0.23788901966074202,0.249977536822643,0.26126894877254603,0.269001489422794,0.28043996656650105,0.29295840635304804,0.29674796042415996,0.30064928224750204,0.308856485664485,0.31510909915351504,0.32109244185483804,0.327280014970344,0.334797720510049,0.343268838140098,0.357366871903067,0.368032410429559,0.377228689636941,0.3862221010732771,0.393218338168925,0.42002792424798896,0.4379552064769821,0.479662294644645,0.591041320288393,1.0
