1.0,0.8565996070346558,0.80488570904081,0.7784417832993421,0.7478470435570881,0.725728431846299,0.6936280906234971,0.6790856512914529,0.6428676786046109,0.608104979058384,0.578897662856998,0.5031895635340461,0.45582901198313297,0.394833605082758,0.343175976412191,0.291907678811302,0.22172914366083,0.182962429004248,0.126350132067669,0.0745142609148863,0.0200262291513173,0.0154758544120561,0.0330346423503545,0.0708331032473746,0.110971079335563,0.127584153524926,0.151845771363213,0.16449276559925902,0.14942855024044802,0.122794845920039,0.0888028329704813,0.17369948387971
0.8565996070346558,1.0,0.9631521338749699,0.9383450234192451,0.911466569824443,0.894078559078295,0.869010389337592,0.8519854331133421,0.8200609913853351,0.7822413285552071,0.75100518154459,0.680311065387646,0.631545524652445,0.5737029758243211,0.519290862738182,0.4624091764309579,0.38625724232374803,0.34283079524966703,0.27855671263556897,0.22081480088692199,0.155678446073922,0.107375191936027,0.0807654612852534,0.0375480420548815,0.0119334634253469,0.0306004700790663,0.0561728235179654,0.0724774594134515,0.0538375806257791,0.0220708063065571,0.0457772550905488,0.157481624106206
0.80488570904081,0.9631521338749699,1.0,0.980004783563778,0.9554190031950691,0.939424570102568,0.9192648213238791,0.9038365120954491,0.8781616307213991,0.84425039007264,0.814882950596548,0.755324645887128,0.714734609136205,0.658998293424894,0.609637186462731,0.553999075133253,0.481630699769331,0.438998530854325,0.375459912218355,0.318640135831824,0.25498890398776003,0.20643308719956302,0.17579987709961403,0.132818915803419,0.0792922281542212,0.0565118799553548,0.0251938354792285,0.00742455545915613,0.0223051296885113,0.0489008327710942,0.0010092192938033,0.128121563272504
0.7784417832993421,0.9383450234192451,0.980004783563778,1.0,0.979033185725612,0.963446363252364,0.946151700372543,0.9312676155050219,0.9071968717997171,0.8798779988534919,0.852712545010012,0.7970519957921529,0.759788140731293,0.708083851110058,0.659053415064354,0.6043269822984351,0.532315898762328,0.488348482849072,0.42467458598153,0.37098632450347707,0.308304620533065,0.259115153323729,0.225678389982122,0.18318029411788,0.12666657937904402,0.1018551331582,0.0655377646883862,0.042337369713132,0.0458787488480121,0.0612422773920221,0.00209242627164563,0.125545436476243
0.7478470435570881,0.911466569824443,0.9554190031950691,0.979033185725612,1.0,0.988392948832394,0.9717147696428899,0.9582273279744069,0.93263901645125,0.9084480008092151,0.880214573963375,0.8255781244284649,0.7890331948368541,0.738809140240143,0.6919223567034711,0.6408481989293621,0.569601930047941,0.5253805406985901,0.46429043457125396,0.41208328168835,0.351901132215392,0.302845453897983,0.269928592845114,0.22652945578284397,0.16679609788732003,0.14043770238465697,0.10423913700562,0.075204470355123,0.072726410319601,0.0845838442699649,0.0259858700982298,0.104999979017359
0.725728431846299,0.894078559078295,0.939424570102568,0.963446363252364,0.988392948832394,1.0,0.986466336075087,0.9725602226676491,0.9487462193476729,0.9252089057088559,0.89772330662945,0.846380832153157,0.810651487560768,0.7636165678670709,0.718380911847953,0.6691282692292,0.600886655270224,0.557567750464767,0.499321736924626,0.44888438557051596,0.389085683274552,0.339871006249978,0.30754041846052604,0.264974393129618,0.20569951977398604,0.178211299930163,0.141617034453671,0.1088369746769,0.10049847784074399,0.10852312056504901,0.05174517219800799,0.0790852758393184
0.6936280906234971,0.869010389337592,0.9192648213238791,0.946151700372543,0.9717147696428899,0.986466336075087,1.0,0.989989692879174,0.9722958312135609,0.951596271248179,0.9275198603945279,0.8835226949240541,0.850489662714649,0.807381024830772,0.765816713381238,0.7191351653282351,0.6542419426473249,0.612324849032916,0.557679397422091,0.507973464879406,0.446869493854312,0.397183006766995,0.36362128014162,0.321671447395523,0.261366743275205,0.23051817373268998,0.19096493388538302,0.15584973572362498,0.13801346615957097,0.134515528180152,0.0714111561148659,0.0666084833426166
0.6790856512914529,0.8519854331133421,0.9038365120954491,0.9312676155050219,0.9582273279744069,0.9725602226676491,0.989989692879174,1.0,0.9856964461524521,0.9690003197573911,0.9462700990477378,0.904961200758283,0.872298521193163,0.8311545125738141,0.7903195805731401,0.747835119427633,0.6841284176504089,0.644071878704953,0.589870781609003,0.541478673106878,0.48057511855530394,0.43096696661929795,0.397998844720859,0.35511558117784797,0.293627448283513,0.26394704427418203,0.22509290328896,0.186593975759007,0.163205380332544,0.15179652639173,0.0773608991735063,0.0680935700930458
0.6428676786046109,0.8200609913853351,0.8781616307213991,0.9071968717997171,0.93263901645125,0.9487462193476729,0.9722958312135609,0.9856964461524521,1.0,0.987524773021045,0.969846336213014,0.937837567153428,0.909206625573348,0.87101046290401,0.8340502254722459,0.792712417392583,0.7360192040950542,0.7001277225933861,0.64935591858235,0.6031611480860539,0.543165266763735,0.4956504832556479,0.46309177884222097,0.42185952175198205,0.36031834142032,0.32939820145269605,0.289582895576875,0.245664501236812,0.210764211894538,0.18715849987449298,0.100479396108482,0.0444789556380493
0.608104979058384,0.7822413285552071,0.84425039007264,0.8798779988534919,0.9084480008092151,0.9252089057088559,0.951596271248179,0.9690003197573911,0.987524773021045,1.0,0.989060547702534,0.9639294175111371,0.937851418006022,0.904038710940461,0.8708266315920921,0.8336253339237858,0.7820814267542121,0.7497860554370941,0.701927073139948,0.659436354950874,0.602335836669432,0.556589854949765,0.5246791320694,0.4841322285263979,0.422221021704315,0.388433554960111,0.34772092311793895,0.299365492421211,0.253786436383147,0.21387942697069298,0.119243266540938,0.0327449125994245
0.578897662856998,0.75100518154459,0.814882950596548,0.852712545010012,0.880214573963375,0.89772330662945,0.9275198603945279,0.9462700990477378,0.969846336213014,0.989060547702534,1.0,0.984318997197991,0.96188845782887,0.9320259269938259,0.900129901839391,0.8664686769842641,0.8206814655696041,0.7906440300968329,0.7456508630252421,0.705407600037738,0.6516255214643921,0.607130084859885,0.575271038953018,0.534307231686754,0.475264010216822,0.441099546468437,0.39778023864437995,0.348353857555831,0.299256863272896,0.24558508139647603,0.14177105419035302,0.00919952745245318
0.5031895635340461,0.680311065387646,0.755324645887128,0.7970519957921529,0.8255781244284649,0.846380832153157,0.8835226949240541,0.904961200758283,0.937837567153428,0.9639294175111371,0.984318997197991,1.0,0.986699288930266,0.9653609500012981,0.9401986475483471,0.9116259453960129,0.8756673444684,0.8487829228957009,0.808516369894978,0.7718184885010849,0.7222301007112328,0.6807812033818361,0.6492315200103421,0.6110064615223871,0.553649289271943,0.5193956358763929,0.47456400256302506,0.423231524642506,0.363991691984081,0.28996834103845504,0.17020853844233402,0.0190551174412661
0.45582901198313297,0.631545524652445,0.714734609136205,0.759788140731293,0.7890331948368541,0.810651487560768,0.850489662714649,0.872298521193163,0.909206625573348,0.937851418006022,0.96188845782887,0.986699288930266,1.0,0.9862927633800949,0.9666669675441809,0.9407301512335359,0.90918893205652,0.886083992298968,0.8497223865296109,0.816358826860869,0.7697136042160698,0.7298222543794929,0.6996979665859449,0.664579373996579,0.608851600764927,0.575397050663923,0.532243932509188,0.47847137575099796,0.415636097560397,0.33087118870410404,0.20194568441665803,0.0445374315446176
0.394833605082758,0.5737029758243211,0.658998293424894,0.708083851110058,0.738809140240143,0.7636165678670709,0.807381024830772,0.8311545125738141,0.87101046290401,0.904038710940461,0.9320259269938259,0.9653609500012981,0.9862927633800949,1.0,0.989117554588542,0.968635030140816,0.941037237565645,0.92079157642044,0.8895012233414641,0.860032883479183,0.8206690372708291,0.78521227691994,0.756454406397423,0.7234685648871179,0.670081102612606,0.637506207823764,0.594755028696036,0.5375430140132029,0.477908318239908,0.38207013612223795,0.24330753051495604,0.0720416871302487
0.343175976412191,0.519290862738182,0.609637186462731,0.659053415064354,0.6919223567034711,0.718380911847953,0.765816713381238,0.7903195805731401,0.8340502254722459,0.8708266315920921,0.900129901839391,0.9401986475483471,0.9666669675441809,0.989117554588542,1.0,0.986592286802199,0.965563988176,0.9482665764660101,0.9209473432879121,0.894344307154775,0.859592765268549,0.827640011075553,0.800881923912956,0.7708159523862159,0.719747260946279,0.6862406928912039,0.6447207865086421,0.585783397709855,0.520461075628734,0.415682894049368,0.268579409791376,0.0957040975150617
0.291907678811302,0.4624091764309579,0.553999075133253,0.6043269822984351,0.6408481989293621,0.6691282692292,0.7191351653282351,0.747835119427633,0.792712417392583,0.8336253339237858,0.8664686769842641,0.9116259453960129,0.9407301512335359,0.968635030140816,0.986592286802199,1.0,0.9876357131965909,0.973301481028283,0.9498109334870709,0.9262602152242181,0.8976703260791821,0.868983615050601,0.8439123814546491,0.816571965048075,0.767677050078977,0.7375981631424581,0.700349778475928,0.638760721361314,0.5684984239915191,0.45433677377811404,0.294901853440039,0.114429648900506
0.22172914366083,0.38625724232374803,0.481630699769331,0.532315898762328,0.569601930047941,0.600886655270224,0.6542419426473249,0.6841284176504089,0.7360192040950542,0.7820814267542121,0.8206814655696041,0.8756673444684,0.90918893205652,0.941037237565645,0.965563988176,0.9876357131965909,1.0,0.991527113800977,0.9749362156352851,0.9555788542230259,0.933069650236286,0.9099791366149008,0.887039452553235,0.861322162219946,0.818403719689356,0.7871084105592421,0.749526690557614,0.6906126610062351,0.6133800061170339,0.486516574109326,0.316005576660366,0.138958002019977
0.182962429004248,0.34283079524966703,0.438998530854325,0.488348482849072,0.5253805406985901,0.557567750464767,0.612324849032916,0.644071878704953,0.7001277225933861,0.7497860554370941,0.7906440300968329,0.8487829228957009,0.886083992298968,0.92079157642044,0.9482665764660101,0.973301481028283,0.991527113800977,1.0,0.989170480485006,0.973103796262342,0.952594057702995,0.9309267104639621,0.909431875473696,0.8836284701126871,0.8437715949626121,0.8140012699554581,0.7802057417281629,0.7215779043626559,0.64326974614719,0.512221861279785,0.33890392640802697,0.160731067658119
0.126350132067669,0.27855671263556897,0.375459912218355,0.42467458598153,0.46429043457125396,0.499321736924626,0.557679397422091,0.589870781609003,0.64935591858235,0.701927073139948,0.7456508630252421,0.808516369894978,0.8497223865296109,0.8895012233414641,0.9209473432879121,0.9498109334870709,0.9749362156352851,0.989170480485006,1.0,0.9901325430267229,0.973417124058678,0.954228339861576,0.9346331484630871,0.910632152643451,0.874210676668957,0.845094091527501,0.811782597359261,0.753464428177236,0.6698901777881441,0.5377029192153591,0.367096106860685,0.18850878581200398
0.0745142609148863,0.22081480088692199,0.318640135831824,0.37098632450347707,0.41208328168835,0.44888438557051596,0.507973464879406,0.541478673106878,0.6031611480860539,0.659436354950874,0.705407600037738,0.7718184885010849,0.816358826860869,0.860032883479183,0.894344307154775,0.9262602152242181,0.9555788542230259,0.973103796262342,0.9901325430267229,1.0,0.987679810599937,0.970875531718053,0.953324550800915,0.9332351131990021,0.9006709746183109,0.871891656027706,0.840903206771852,0.784344647663121,0.6944041544985871,0.5566232045259301,0.38889458349896705,0.20598425026841197
0.0200262291513173,0.155678446073922,0.25498890398776003,0.308304620533065,0.351901132215392,0.389085683274552,0.446869493854312,0.48057511855530394,0.543165266763735,0.602335836669432,0.6516255214643921,0.7222301007112328,0.7697136042160698,0.8206690372708291,0.859592765268549,0.8976703260791821,0.933069650236286,0.952594057702995,0.973417124058678,0.987679810599937,1.0,0.989488174848804,0.9758448024560631,0.959523675365455,0.932639899047378,0.9066881053370149,0.8754785753870501,0.8205893297598392,0.7353527426669342,0.5897770601221701,0.422412632309372,0.240980363856644
0.0154758544120561,0.107375191936027,0.20643308719956302,0.259115153323729,0.302845453897983,0.339871006249978,0.397183006766995,0.43096696661929795,0.4956504832556479,0.556589854949765,0.607130084859885,0.6807812033818361,0.7298222543794929,0.78521227691994,0.827640011075553,0.868983615050601,0.9099791366149008,0.9309267104639621,0.954228339861576,0.970875531718053,0.989488174848804,1.0,0.9915624925095491,0.9787325677087779,0.9557119813903899,0.9318200034429341,0.9018840698904109,0.8503252241723449,0.766432918974946,0.614652913413372,0.43773290735868997,0.268670954894068
0.0330346423503545,0.0807654612852534,0.17579987709961403,0.225678389982122,0.269928592845114,0.30754041846052604,0.36362128014162,0.397998844720859,0.46309177884222097,0.5246791320694,0.575271038953018,0.6492315200103421,0.6996979665859449,0.756454406397423,0.800881923912956,0.8439123814546491,0.887039452553235,0.909431875473696,0.9346331484630871,0.953324550800915,0.9758448024560631,0.9915624925095491,1.0,0.990390259300428,0.971055826775177,0.9508048602230601,0.925087307026258,0.8760367900519259,0.79443361068743,0.640740804246242,0.456370223080249,0.291322909768432
0.0708331032473746,0.0375480420548815,0.132818915803419,0.18318029411788,0.22652945578284397,0.264974393129618,0.321671447395523,0.35511558117784797,0.42185952175198205,0.4841322285263979,0.534307231686754,0.6110064615223871,0.664579373996579,0.7234685648871179,0.7708159523862159,0.816571965048075,0.861322162219946,0.8836284701126871,0.910632152643451,0.9332351131990021,0.959523675365455,0.9787325677087779,0.990390259300428,1.0,0.9857730450510359,0.9675050284612671,0.9438480946465891,0.898846671949871,0.813317641567705,0.6624245946298449,0.48063636851019503,0.31754155186372196
0.110971079335563,0.0119334634253469,0.0792922281542212,0.12666657937904402,0.16679609788732003,0.20569951977398604,0.261366743275205,0.293627448283513,0.36031834142032,0.422221021704315,0.475264010216822,0.553649289271943,0.608851600764927,0.670081102612606,0.719747260946279,0.767677050078977,0.818403719689356,0.8437715949626121,0.874210676668957,0.9006709746183109,0.932639899047378,0.9557119813903899,0.971055826775177,0.9857730450510359,1.0,0.9866128746586171,0.965467100064777,0.9321582844593109,0.848530043059461,0.694842581801589,0.52027963046087,0.353627078475421
0.127584153524926,0.0306004700790663,0.0565118799553548,0.1018551331582,0.14043770238465697,0.178211299930163,0.23051817373268998,0.26394704427418203,0.32939820145269605,0.388433554960111,0.441099546468437,0.5193956358763929,0.575397050663923,0.637506207823764,0.6862406928912039,0.7375981631424581,0.7871084105592421,0.8140012699554581,0.845094091527501,0.871891656027706,0.9066881053370149,0.9318200034429341,0.9508048602230601,0.9675050284612671,0.9866128746586171,1.0,0.986968694397856,0.9548395901821709,0.884320099019103,0.742946014352975,0.571333713069893,0.39044023207751705
0.151845771363213,0.0561728235179654,0.0251938354792285,0.0655377646883862,0.10423913700562,0.141617034453671,0.19096493388538302,0.22509290328896,0.289582895576875,0.34772092311793895,0.39778023864437995,0.47456400256302506,0.532243932509188,0.594755028696036,0.6447207865086421,0.700349778475928,0.749526690557614,0.7802057417281629,0.811782597359261,0.840903206771852,0.8754785753870501,0.9018840698904109,0.925087307026258,0.9438480946465891,0.965467100064777,0.986968694397856,1.0,0.972495621560114,0.9071346236828579,0.77103838834389,0.6010384471384929,0.40518375440786497
0.16449276559925902,0.0724774594134515,0.00742455545915613,0.042337369713132,0.075204470355123,0.1088369746769,0.15584973572362498,0.186593975759007,0.245664501236812,0.299365492421211,0.348353857555831,0.423231524642506,0.47847137575099796,0.5375430140132029,0.585783397709855,0.638760721361314,0.6906126610062351,0.7215779043626559,0.753464428177236,0.784344647663121,0.8205893297598392,0.8503252241723449,0.8760367900519259,0.898846671949871,0.9321582844593109,0.9548395901821709,0.972495621560114,1.0,0.9467414423093,0.8063032475417009,0.6298322011054771,0.427738581802134
0.14942855024044802,0.0538375806257791,0.0223051296885113,0.0458787488480121,0.072726410319601,0.10049847784074399,0.13801346615957097,0.163205380332544,0.210764211894538,0.253786436383147,0.299256863272896,0.363991691984081,0.415636097560397,0.477908318239908,0.520461075628734,0.5684984239915191,0.6133800061170339,0.64326974614719,0.6698901777881441,0.6944041544985871,0.7353527426669342,0.766432918974946,0.79443361068743,0.813317641567705,0.848530043059461,0.884320099019103,0.9071346236828579,0.9467414423093,1.0,0.903783458127283,0.7078445797027421,0.448767801861839
0.122794845920039,0.0220708063065571,0.0489008327710942,0.0612422773920221,0.0845838442699649,0.10852312056504901,0.134515528180152,0.15179652639173,0.18715849987449298,0.21387942697069298,0.24558508139647603,0.28996834103845504,0.33087118870410404,0.38207013612223795,0.415682894049368,0.45433677377811404,0.486516574109326,0.512221861279785,0.5377029192153591,0.5566232045259301,0.5897770601221701,0.614652913413372,0.640740804246242,0.6624245946298449,0.694842581801589,0.742946014352975,0.77103838834389,0.8063032475417009,0.903783458127283,1.0,0.8374795853635079,0.48515419355765
0.0888028329704813,0.0457772550905488,0.0010092192938033,0.00209242627164563,0.0259858700982298,0.05174517219800799,0.0714111561148659,0.0773608991735063,0.100479396108482,0.119243266540938,0.14177105419035302,0.17020853844233402,0.20194568441665803,0.24330753051495604,0.268579409791376,0.294901853440039,0.316005576660366,0.33890392640802697,0.367096106860685,0.38889458349896705,0.422412632309372,0.43773290735868997,0.456370223080249,0.48063636851019503,0.52027963046087,0.571333713069893,0.6010384471384929,0.6298322011054771,0.7078445797027421,0.8374795853635079,1.0,0.635361363083296
0.17369948387971,0.157481624106206,0.128121563272504,0.125545436476243,0.104999979017359,0.0790852758393184,0.0666084833426166,0.0680935700930458,0.0444789556380493,0.0327449125994245,0.00919952745245318,0.0190551174412661,0.0445374315446176,0.0720416871302487,0.0957040975150617,0.114429648900506,0.138958002019977,0.160731067658119,0.18850878581200398,0.20598425026841197,0.240980363856644,0.268670954894068,0.291322909768432,0.31754155186372196,0.353627078475421,0.39044023207751705,0.40518375440786497,0.427738581802134,0.448767801861839,0.48515419355765,0.635361363083296,1.0
