1.0,0.9025022062697309,0.8698699125890459,0.847460940725601,0.779787287555754,0.6833345367626961,0.5945281251795079,0.48579277841096297,0.346653104279843,0.18478359087322802,0.0513375002766759,0.0410669953655344,0.096687163671048,0.205380930592276,0.29089183337115104,0.3765396261861961,0.407472816569253,0.43617849122469604,0.46182707635317,0.479858614567276,0.5065133089454471,0.531436502085661,0.567647683043006,0.5946327277959731,0.615278664696838,0.62815219998976,0.610302223121709,0.622860517136489,0.54642158654588,0.43104290839050896,0.4033226252886789,0.320409877155007
0.9025022062697309,1.0,0.9760990515950569,0.941116384940518,0.8598521281204441,0.7546769895426271,0.658484785562286,0.5273776143578479,0.36729980925280603,0.18139263623522303,0.0331486194082557,0.0676407417115007,0.127255967605416,0.24805203954382396,0.34521945197980003,0.4396248458758161,0.472910446385615,0.501024807576845,0.5267666296484329,0.544847426721799,0.577151967649817,0.601325948832718,0.638318423291666,0.666577526545633,0.68853016977906,0.701184796415136,0.67888905241064,0.688069968291112,0.605622183849741,0.46746086088336497,0.43650148968932106,0.312402791408553
0.8698699125890459,0.9760990515950569,1.0,0.9698461564742079,0.9022603174144008,0.8090953683901151,0.71012530800134,0.573100294115173,0.40604455448147,0.21408042682345998,0.0649035760731478,0.0383927326716124,0.0978921270166439,0.22202834051638604,0.321653192445221,0.42072932966485405,0.45158844976024104,0.48229630474281,0.5111980596957,0.5282364733004821,0.562235994013408,0.589658142564094,0.627028246208914,0.655337712516617,0.681616119817823,0.691955220410951,0.669422561109011,0.669915480642363,0.5814359609309361,0.438969081443466,0.414153360658005,0.26791270794599803
0.847460940725601,0.941116384940518,0.9698461564742079,1.0,0.956128156998098,0.8776971687986029,0.790986241867861,0.6722326531406079,0.523189090848204,0.339910686761887,0.18909785100582502,0.0805915962778902,0.0194924703673666,0.09922884348596601,0.19516129997373605,0.298023572875123,0.332803703926709,0.36841084857031003,0.399080415733812,0.42100883647998794,0.45785496530420705,0.49024552866896204,0.5351715600463579,0.5675803342232211,0.609356591187608,0.6208366718927759,0.6096903086872779,0.618422433363196,0.538497330467109,0.402040347999693,0.37204644381764396,0.26201546031865897
0.779787287555754,0.8598521281204441,0.9022603174144008,0.956128156998098,1.0,0.9552143780129672,0.8916761498893009,0.802910883423384,0.67530556591059,0.511991260859577,0.363367715984248,0.25050639120782897,0.18436269103821198,0.0578510807341757,0.0416437827778566,0.14443166646156,0.18514348341471298,0.221118764879983,0.25151866398094697,0.270942786012608,0.318100546659167,0.357635019771735,0.409437905088128,0.44291473757494104,0.48941066216645895,0.5075334064287029,0.510881658367785,0.514694834040242,0.44662979393064095,0.322810775326525,0.272082750243602,0.199915042187062
0.6833345367626961,0.7546769895426271,0.8090953683901151,0.8776971687986029,0.9552143780129672,1.0,0.9677077284500479,0.89494961593975,0.784128131180648,0.6359819767761761,0.5070291142960829,0.40199035476053296,0.34109174448403806,0.22102701089389,0.119961091928785,0.0118425441079657,0.0264540596341917,0.0650085946974172,0.0954462343005665,0.110582357085755,0.161419416192961,0.20802737237722402,0.261106926978793,0.296681226122378,0.35800060134938,0.3766982301291671,0.38523194582149894,0.38999021947344,0.330906079075794,0.21386712526366602,0.154248074074377,0.10495780442556599
0.5945281251795079,0.658484785562286,0.71012530800134,0.790986241867861,0.8916761498893009,0.9677077284500479,1.0,0.9619580361528629,0.884897053720527,0.761589979679323,0.650382636884563,0.552921996309922,0.49664673667732895,0.384423027205774,0.284596927255535,0.17848093363612802,0.139106596202853,0.100822545909713,0.0728592918422772,0.0589730419075686,0.0019778352317516897,0.0517598800180434,0.11143809571544802,0.15099282077982001,0.221686171946293,0.24600902926439397,0.265692006577402,0.282146821637909,0.232947989728593,0.12625330679951,0.0523502293098181,0.0568114720878262
0.48579277841096297,0.5273776143578479,0.573100294115173,0.6722326531406079,0.802910883423384,0.89494961593975,0.9619580361528629,1.0,0.9643888717509559,0.882713806004833,0.7852996690449301,0.6929062517615711,0.6392095034694929,0.5335233801244871,0.43590016863817,0.33981740037070096,0.298388666835637,0.265608650066583,0.24245827945642,0.22882481365215498,0.16517064297932998,0.10810246622390199,0.0420520995014257,0.00154287728358517,0.066580515403438,0.0998834779091127,0.134745146254218,0.164699448715994,0.126708680050434,0.0341998152353927,0.0467593045453274,0.0191307964106752
0.346653104279843,0.36729980925280603,0.40604455448147,0.523189090848204,0.67530556591059,0.784128131180648,0.884897053720527,0.9643888717509559,1.0,0.9626978848824559,0.889234058119992,0.811541894330264,0.7621129497882859,0.6741583897345771,0.5929225344182261,0.51231653570424,0.471961528450552,0.44423789325449603,0.42562949588848203,0.41011867868265894,0.343387931070364,0.28293646433360997,0.212422892354357,0.17146632286966199,0.0995434097077516,0.062687475425674,0.0145138342991308,0.0226281203898644,0.00264382106906209,0.0628545369574621,0.137207626463723,0.0226645041850049
0.18478359087322802,0.18139263623522303,0.21408042682345998,0.339910686761887,0.511991260859577,0.6359819767761761,0.761589979679323,0.882713806004833,0.9626978848824559,1.0,0.960618430220443,0.905025854695732,0.8665543215015891,0.7958280163219279,0.725715760756395,0.661192731720905,0.620237855948699,0.5987706968108389,0.587532635065804,0.5743072684219,0.5119863844784179,0.457485283199368,0.39067694998752206,0.354021124185403,0.29359571344919105,0.248386407941937,0.18996881005681301,0.143077136931399,0.144168018873693,0.17382923498789998,0.239685348275542,0.0740652500621867
0.0513375002766759,0.0331486194082557,0.0649035760731478,0.18909785100582502,0.363367715984248,0.5070291142960829,0.650382636884563,0.7852996690449301,0.889234058119992,0.960618430220443,1.0,0.9807423479881708,0.958329631747304,0.9119880297335909,0.857371943951636,0.80549500558909,0.773067134699534,0.75347957139125,0.741094285017028,0.7293369877911909,0.6795190950320539,0.6338795462447551,0.5767901703460689,0.5425510843309671,0.48759383685625,0.44167152527618103,0.382144827544735,0.33568219304422997,0.318266357122934,0.30704792703138,0.33045522468399297,0.121124208848176
0.0410669953655344,0.0676407417115007,0.0383927326716124,0.0805915962778902,0.25050639120782897,0.40199035476053296,0.552921996309922,0.6929062517615711,0.811541894330264,0.905025854695732,0.9807423479881708,1.0,0.989218905671245,0.9577769096383699,0.9124427767579019,0.8718454827558091,0.846466765131501,0.831482829348152,0.820101790912506,0.8097772843361519,0.769323578193626,0.730692184694611,0.6820376796791309,0.6499184289746359,0.602160080091686,0.553407563413875,0.493821172041355,0.445574547291456,0.423804160213359,0.389459586017931,0.37948321996969203,0.149759985565043
0.096687163671048,0.127255967605416,0.0978921270166439,0.0194924703673666,0.18436269103821198,0.34109174448403806,0.49664673667732895,0.6392095034694929,0.7621129497882859,0.8665543215015891,0.958329631747304,0.989218905671245,1.0,0.979532063955679,0.94066203769937,0.9041506982468199,0.882003561583025,0.86680291596121,0.8568274079652691,0.8482707288010359,0.812454103315279,0.7766511046897471,0.731868738576989,0.7005006733204929,0.6538471451379599,0.605190267099375,0.544281747724061,0.49286979659883096,0.468110408396952,0.42790572068164506,0.403577445890086,0.16126704047631502
0.205380930592276,0.24805203954382396,0.22202834051638604,0.09922884348596601,0.0578510807341757,0.22102701089389,0.384423027205774,0.5335233801244871,0.6741583897345771,0.7958280163219279,0.9119880297335909,0.9577769096383699,0.979532063955679,1.0,0.983931328405642,0.9599796243307359,0.943448332197395,0.928327082472011,0.920085178248813,0.91381396973725,0.8897527137757341,0.862022896080302,0.824800660179664,0.7972431884216191,0.746606009387017,0.7073749109231469,0.6495144280513511,0.5964796736336949,0.5640949903848871,0.5020621087918761,0.45319302778213105,0.18122414202707604
0.29089183337115104,0.34521945197980003,0.321653192445221,0.19516129997373605,0.0416437827778566,0.119961091928785,0.284596927255535,0.43590016863817,0.5929225344182261,0.725715760756395,0.857371943951636,0.9124427767579019,0.94066203769937,0.983931328405642,1.0,0.9887093604427409,0.976409150727692,0.9626094639510709,0.9545116987951641,0.9487080831504441,0.9333944640195391,0.9111032328537371,0.878875433787325,0.8552334840941891,0.8008811344652499,0.770516899644642,0.7139740174926691,0.6636974010627739,0.626099965776734,0.547539852016725,0.48545143742458,0.19781652643690303
0.3765396261861961,0.4396248458758161,0.42072932966485405,0.298023572875123,0.14443166646156,0.0118425441079657,0.17848093363612802,0.33981740037070096,0.51231653570424,0.661192731720905,0.80549500558909,0.8718454827558091,0.9041506982468199,0.9599796243307359,0.9887093604427409,1.0,0.992541793130873,0.9847407324610581,0.9791999889249441,0.974217632609798,0.9636856487025299,0.9453203931873041,0.9186373046355942,0.900100272188527,0.8519214198745351,0.824186129057499,0.768280796152248,0.721937331246127,0.678871291568204,0.5859399276340339,0.5154607855410471,0.22261780100349102
0.407472816569253,0.472910446385615,0.45158844976024104,0.332803703926709,0.18514348341471298,0.0264540596341917,0.139106596202853,0.298388666835637,0.471961528450552,0.620237855948699,0.773067134699534,0.846466765131501,0.882003561583025,0.943448332197395,0.976409150727692,0.992541793130873,1.0,0.993901758256778,0.9881900157430741,0.9830786348514269,0.9747125515092242,0.9555488587800899,0.9308009793234729,0.9123108095673891,0.8618048393774129,0.8362553211947459,0.782763548228379,0.7384546063685671,0.6986733329658051,0.602326642994094,0.522254216708294,0.23880827072827301
0.43617849122469604,0.501024807576845,0.48229630474281,0.36841084857031003,0.221118764879983,0.0650085946974172,0.100822545909713,0.265608650066583,0.44423789325449603,0.5987706968108389,0.75347957139125,0.831482829348152,0.86680291596121,0.928327082472011,0.9626094639510709,0.9847407324610581,0.993901758256778,1.0,0.9956148551609909,0.9906060880581509,0.981102224138035,0.9607815629742509,0.9366340310249771,0.9188083451063751,0.8721148143990209,0.8466126518525531,0.7939507534764251,0.7510326560187229,0.7176978583644101,0.620110689820506,0.539874375983804,0.253321948012737
0.46182707635317,0.5267666296484329,0.5111980596957,0.399080415733812,0.25151866398094697,0.0954462343005665,0.0728592918422772,0.24245827945642,0.42562949588848203,0.587532635065804,0.741094285017028,0.820101790912506,0.8568274079652691,0.920085178248813,0.9545116987951641,0.9791999889249441,0.9881900157430741,0.9956148551609909,1.0,0.9959524832546272,0.9865366698237379,0.967727498679357,0.945645884053954,0.928903854520205,0.885750385347822,0.8584333075036691,0.804437048819903,0.760084922413663,0.7218136958689051,0.621810787526798,0.553089948869916,0.262192225680876
0.479858614567276,0.544847426721799,0.5282364733004821,0.42100883647998794,0.270942786012608,0.110582357085755,0.0589730419075686,0.22882481365215498,0.41011867868265894,0.5743072684219,0.7293369877911909,0.8097772843361519,0.8482707288010359,0.91381396973725,0.9487080831504441,0.974217632609798,0.9830786348514269,0.9906060880581509,0.9959524832546272,1.0,0.991724049094754,0.9746887620483442,0.9542363144958539,0.9380295606819059,0.896303703273018,0.8701454444110569,0.8183441850105659,0.7762393103185641,0.7407609465123292,0.6438347123308921,0.575849285822806,0.27908300326560104
0.5065133089454471,0.577151967649817,0.562235994013408,0.45785496530420705,0.318100546659167,0.161419416192961,0.0019778352317516897,0.16517064297932998,0.343387931070364,0.5119863844784179,0.6795190950320539,0.769323578193626,0.812454103315279,0.8897527137757341,0.9333944640195391,0.9636856487025299,0.9747125515092242,0.981102224138035,0.9865366698237379,0.991724049094754,1.0,0.992045977267927,0.9778340407194158,0.96536800004024,0.92773033032693,0.907018080973088,0.860557785663509,0.818967484774093,0.7788168600852141,0.6743221629452572,0.588070211312625,0.289259747034704
0.531436502085661,0.601325948832718,0.589658142564094,0.49024552866896204,0.357635019771735,0.20802737237722402,0.0517598800180434,0.10810246622390199,0.28293646433360997,0.457485283199368,0.6338795462447551,0.730692184694611,0.7766511046897471,0.862022896080302,0.9111032328537371,0.9453203931873041,0.9555488587800899,0.9607815629742509,0.967727498679357,0.9746887620483442,0.992045977267927,1.0,0.9930425262981729,0.983984508538737,0.955195959133597,0.934944381338272,0.891920229945118,0.849119626620249,0.7983587110743628,0.6858893424253141,0.589570372860052,0.287428622477041
0.567647683043006,0.638318423291666,0.627028246208914,0.5351715600463579,0.409437905088128,0.261106926978793,0.11143809571544802,0.0420520995014257,0.212422892354357,0.39067694998752206,0.5767901703460689,0.6820376796791309,0.731868738576989,0.824800660179664,0.878875433787325,0.9186373046355942,0.9308009793234729,0.9366340310249771,0.945645884053954,0.9542363144958539,0.9778340407194158,0.9930425262981729,1.0,0.9953716315127892,0.973805054721355,0.95491125449989,0.915204764591424,0.876329991392937,0.815845722091782,0.695275328632751,0.588103469769833,0.29653725309311496
0.5946327277959731,0.666577526545633,0.655337712516617,0.5675803342232211,0.44291473757494104,0.296681226122378,0.15099282077982001,0.00154287728358517,0.17146632286966199,0.354021124185403,0.5425510843309671,0.6499184289746359,0.7005006733204929,0.7972431884216191,0.8552334840941891,0.900100272188527,0.9123108095673891,0.9188083451063751,0.928903854520205,0.9380295606819059,0.96536800004024,0.983984508538737,0.9953716315127892,1.0,0.984886499807358,0.97309412902914,0.9376343972162099,0.901276941808819,0.8321197028556558,0.70320956716719,0.595861189170395,0.32032590977905395
0.615278664696838,0.68853016977906,0.681616119817823,0.609356591187608,0.48941066216645895,0.35800060134938,0.221686171946293,0.066580515403438,0.0995434097077516,0.29359571344919105,0.48759383685625,0.602160080091686,0.6538471451379599,0.746606009387017,0.8008811344652499,0.8519214198745351,0.8618048393774129,0.8721148143990209,0.885750385347822,0.896303703273018,0.92773033032693,0.955195959133597,0.973805054721355,0.984886499807358,1.0,0.9858704070327831,0.9534769285586671,0.9199146776846279,0.8432447898783879,0.7045232066296959,0.594602953179459,0.337665316906477
0.62815219998976,0.701184796415136,0.691955220410951,0.6208366718927759,0.5075334064287029,0.3766982301291671,0.24600902926439397,0.0998834779091127,0.062687475425674,0.248386407941937,0.44167152527618103,0.553407563413875,0.605190267099375,0.7073749109231469,0.770516899644642,0.824186129057499,0.8362553211947459,0.8466126518525531,0.8584333075036691,0.8701454444110569,0.907018080973088,0.934944381338272,0.95491125449989,0.97309412902914,0.9858704070327831,1.0,0.984485164698178,0.9559739589425029,0.883450758489063,0.744543467734081,0.636013726737479,0.38901317498177507
0.610302223121709,0.67888905241064,0.669422561109011,0.6096903086872779,0.510881658367785,0.38523194582149894,0.265692006577402,0.134745146254218,0.0145138342991308,0.18996881005681301,0.382144827544735,0.493821172041355,0.544281747724061,0.6495144280513511,0.7139740174926691,0.768280796152248,0.782763548228379,0.7939507534764251,0.804437048819903,0.8183441850105659,0.860557785663509,0.891920229945118,0.915204764591424,0.9376343972162099,0.9534769285586671,0.984485164698178,1.0,0.9795721948864351,0.916059566062103,0.780705294940035,0.655428558199952,0.426014405827733
0.622860517136489,0.688069968291112,0.669915480642363,0.618422433363196,0.514694834040242,0.38999021947344,0.282146821637909,0.164699448715994,0.0226281203898644,0.143077136931399,0.33568219304422997,0.445574547291456,0.49286979659883096,0.5964796736336949,0.6636974010627739,0.721937331246127,0.7384546063685671,0.7510326560187229,0.760084922413663,0.7762393103185641,0.818967484774093,0.849119626620249,0.876329991392937,0.901276941808819,0.9199146776846279,0.9559739589425029,0.9795721948864351,1.0,0.950921951148755,0.8197213689015491,0.6872625093991349,0.4816748455723371
0.54642158654588,0.605622183849741,0.5814359609309361,0.538497330467109,0.44662979393064095,0.330906079075794,0.232947989728593,0.126708680050434,0.00264382106906209,0.144168018873693,0.318266357122934,0.423804160213359,0.468110408396952,0.5640949903848871,0.626099965776734,0.678871291568204,0.6986733329658051,0.7176978583644101,0.7218136958689051,0.7407609465123292,0.7788168600852141,0.7983587110743628,0.815845722091782,0.8321197028556558,0.8432447898783879,0.883450758489063,0.916059566062103,0.950921951148755,1.0,0.924523724154273,0.745888309027595,0.5022355418042079
0.43104290839050896,0.46746086088336497,0.438969081443466,0.402040347999693,0.322810775326525,0.21386712526366602,0.12625330679951,0.0341998152353927,0.0628545369574621,0.17382923498789998,0.30704792703138,0.389459586017931,0.42790572068164506,0.5020621087918761,0.547539852016725,0.5859399276340339,0.602326642994094,0.620110689820506,0.621810787526798,0.6438347123308921,0.6743221629452572,0.6858893424253141,0.695275328632751,0.70320956716719,0.7045232066296959,0.744543467734081,0.780705294940035,0.8197213689015491,0.924523724154273,1.0,0.8180489069011558,0.527618641439116
0.4033226252886789,0.43650148968932106,0.414153360658005,0.37204644381764396,0.272082750243602,0.154248074074377,0.0523502293098181,0.0467593045453274,0.137207626463723,0.239685348275542,0.33045522468399297,0.37948321996969203,0.403577445890086,0.45319302778213105,0.48545143742458,0.5154607855410471,0.522254216708294,0.539874375983804,0.553089948869916,0.575849285822806,0.588070211312625,0.589570372860052,0.588103469769833,0.595861189170395,0.594602953179459,0.636013726737479,0.655428558199952,0.6872625093991349,0.745888309027595,0.8180489069011558,1.0,0.656487463367209
0.320409877155007,0.312402791408553,0.26791270794599803,0.26201546031865897,0.199915042187062,0.10495780442556599,0.0568114720878262,0.0191307964106752,0.0226645041850049,0.0740652500621867,0.121124208848176,0.149759985565043,0.16126704047631502,0.18122414202707604,0.19781652643690303,0.22261780100349102,0.23880827072827301,0.253321948012737,0.262192225680876,0.27908300326560104,0.289259747034704,0.287428622477041,0.29653725309311496,0.32032590977905395,0.337665316906477,0.38901317498177507,0.426014405827733,0.4816748455723371,0.5022355418042079,0.527618641439116,0.656487463367209,1.0
