1.0,0.8046733907000991,0.7442326040241359,0.709757474237466,0.674837110610694,0.6422700037465949,0.613257438916209,0.588596550370152,0.564433293489094,0.536168231550322,0.507901233714252,0.482028714591536,0.450684356384099,0.419862031294036,0.39616346322727203,0.368782228637225,0.344157829327424,0.313374382007308,0.28340989257008803,0.25781441936690497,0.23431161109161802,0.209205702133138,0.18730986622186502,0.166690449784595,0.145042256531411,0.11611996546025802,0.0926690276717988,0.0500658320823799,0.0137473167464246,0.0287898881636875,0.0987383535154566,0.137945788255293
0.8046733907000991,1.0,0.957168018819531,0.933656002032385,0.914879882666785,0.893891413178537,0.8777445937596801,0.858708647056906,0.839105007058495,0.817141451320878,0.791631546082626,0.768609882109897,0.744554425504068,0.7188341258419692,0.6986823575226049,0.6717493121161291,0.6488487923177609,0.61939171391868,0.587695264448756,0.5659763639559139,0.5402273420191039,0.512913052256349,0.49049941289283094,0.46604714940528497,0.443211452964936,0.40905114490292205,0.37809171436752104,0.330800790750026,0.288685151753589,0.23964533594151102,0.143626041999011,0.0648121994037131
0.7442326040241359,0.957168018819531,1.0,0.9796254910892428,0.9666071670973209,0.9519942513967359,0.9394749050408441,0.9228921846071899,0.9069509363537629,0.888547930098487,0.8646686697987389,0.8440664733629921,0.8213664322711819,0.7978560590505621,0.779062031497808,0.753731885005447,0.731932487529427,0.704346170785095,0.674664076957915,0.654193221761754,0.629851543686285,0.601525542533343,0.5795049928947099,0.5564906977156701,0.535181996717164,0.500548083937903,0.46754368733053797,0.41942213649569,0.375505373055553,0.32733756171036,0.225038853671466,0.131928072672206
0.709757474237466,0.933656002032385,0.9796254910892428,1.0,0.987825784375633,0.976118846544055,0.965422534164899,0.95358702679516,0.939752849719208,0.924867371163357,0.903763153920527,0.884819516877576,0.864040311942404,0.8431145980267299,0.826196632340371,0.802940411233779,0.7835015372141221,0.758532599294174,0.730475110582913,0.710867427544554,0.6876912113181171,0.6612865855011071,0.641165880769561,0.6196570540962779,0.599350492054332,0.564670032584984,0.531704645549354,0.48346475481012,0.440040699814772,0.391899130748688,0.28131495496971504,0.18304694460891002
0.674837110610694,0.914879882666785,0.9666071670973209,0.987825784375633,1.0,0.9911434686900359,0.9820494244645491,0.97234153683459,0.960897138091062,0.9478831336942841,0.929196973596995,0.9116757765141841,0.893475553586766,0.873699986473035,0.8583727073712372,0.835919396265301,0.8183700362751031,0.79479676508174,0.7684002659002941,0.750141226760859,0.728080968157895,0.7029688155784001,0.683179810923708,0.66249596429899,0.643368799595666,0.60967492578587,0.5766507731274979,0.528523446021696,0.485363311453322,0.437177752977541,0.321252834433522,0.217413993421432
0.6422700037465949,0.893891413178537,0.9519942513967359,0.976118846544055,0.9911434686900359,1.0,0.9931794149829909,0.984783022287011,0.974237570178318,0.96217721053046,0.943714964164938,0.9278398382531691,0.910035934674908,0.8903821143915149,0.874750627358517,0.853260948256184,0.8363752804233129,0.814296900332148,0.788763736397462,0.771497855570793,0.7496108830796481,0.724500154071976,0.7050517139753442,0.685405386116554,0.6673332986416911,0.6338303103597299,0.600931574391794,0.553385372542482,0.512381344656329,0.4637014969007271,0.34619089853616497,0.24283659890796502
0.613257438916209,0.8777445937596801,0.9394749050408441,0.965422534164899,0.9820494244645491,0.9931794149829909,1.0,0.9939317078445341,0.9856856703515949,0.975735027290992,0.960500225711126,0.946407037621932,0.9296366932253342,0.911580755561978,0.896736444579217,0.876576861274308,0.860573022495512,0.839662309732291,0.815978170186756,0.799513980693876,0.7785162683168242,0.7537124016453021,0.7352469943002671,0.716087827851193,0.698825631791603,0.6657044593795639,0.633694314648235,0.586440124913139,0.545702119295351,0.496939823258838,0.378767651550866,0.269722397786983
0.588596550370152,0.858708647056906,0.9228921846071899,0.95358702679516,0.97234153683459,0.984783022287011,0.9939317078445341,1.0,0.9945489189617379,0.9861168274621078,0.973212941122304,0.9614199638825358,0.9466850520684129,0.930225089744182,0.916468247981103,0.8974988588174679,0.882972942766598,0.8636299367203509,0.8417390365526959,0.826119103891376,0.806226245646611,0.782209563914842,0.7647303188135379,0.746634392397601,0.729926686639063,0.697878975005372,0.667647668741758,0.621645610360692,0.581494645755429,0.532690957712034,0.4111669028225429,0.301707284118318
0.564433293489094,0.839105007058495,0.9069509363537629,0.939752849719208,0.960897138091062,0.974237570178318,0.9856856703515949,0.9945489189617379,1.0,0.994299094370433,0.984125781802029,0.974057675052295,0.960835273991653,0.945592490581197,0.932724090259214,0.914827154060178,0.901644019331408,0.883227260543727,0.862522307156453,0.8474002667927,0.828607849194521,0.8054226364959949,0.7884154045523379,0.770792092907888,0.754845380090515,0.723038303978245,0.693315333998135,0.6479046627462671,0.6081188038180739,0.558654214614199,0.434062903219353,0.328416334199073
0.536168231550322,0.817141451320878,0.888547930098487,0.924867371163357,0.9478831336942841,0.96217721053046,0.975735027290992,0.9861168274621078,0.994299094370433,1.0,0.9937743336544309,0.985267819234501,0.974297042358945,0.961364809247815,0.9495576052370591,0.9334010352182691,0.921808523016918,0.9055158634003649,0.8865451393430219,0.872706996068376,0.854928263064825,0.8333665219475749,0.8174896400517769,0.801281542096016,0.786428571494696,0.7553483496440669,0.727016914779649,0.68199093427133,0.6432699397816249,0.594666594278757,0.466131825600256,0.35875264635629206
0.507901233714252,0.791631546082626,0.8646686697987389,0.903763153920527,0.929196973596995,0.943714964164938,0.960500225711126,0.973212941122304,0.984125781802029,0.9937743336544309,1.0,0.995790978755547,0.988618974886135,0.978908117627715,0.9689638297001151,0.954832652168319,0.944421100345763,0.9308822295194921,0.914454555275811,0.9020073286350409,0.885566283662482,0.8659468323317149,0.851777672126918,0.837100050099992,0.8235703307912029,0.794574465797054,0.768468859955744,0.725539297925793,0.6868014860163821,0.6402452077842039,0.511375122439072,0.401068339840674
0.482028714591536,0.768609882109897,0.8440664733629921,0.884819516877576,0.9116757765141841,0.9278398382531691,0.946407037621932,0.9614199638825358,0.974057675052295,0.985267819234501,0.995790978755547,1.0,0.9956498206907349,0.9881665550400279,0.979707862622403,0.967380402654264,0.958149669601295,0.946326497395808,0.9317304036894309,0.9202316522251051,0.9040870665215109,0.8854839794194141,0.872161406468295,0.858341939657025,0.8461334154856051,0.81855585694288,0.794168316668658,0.7527677220618929,0.7154663928359921,0.6708874207572291,0.5427791917244771,0.429177078948349
0.450684356384099,0.744554425504068,0.8213664322711819,0.864040311942404,0.893475553586766,0.910035934674908,0.9296366932253342,0.9466850520684129,0.960835273991653,0.974297042358945,0.988618974886135,0.9956498206907349,1.0,0.9959303329485071,0.98979735626125,0.979902079394202,0.972198592330604,0.961654330343197,0.9489972070662109,0.9386083463306228,0.923463318253127,0.9060197834798319,0.89353653838099,0.880904177467404,0.87002943532656,0.844381303672554,0.8213959953991509,0.7809908765995079,0.744094582999481,0.70055139281864,0.57062221936613,0.45649587960458204
0.419862031294036,0.7188341258419692,0.7978560590505621,0.8431145980267299,0.873699986473035,0.8903821143915149,0.911580755561978,0.930225089744182,0.945592490581197,0.961364809247815,0.978908117627715,0.9881665550400279,0.9959303329485071,1.0,0.996512234826793,0.9887745026374449,0.981994640529846,0.973245137509814,0.962218498871109,0.953175415090777,0.9395367607250961,0.9237619687771751,0.912278468583989,0.900377599786668,0.890183308898456,0.866456533324755,0.844995560103468,0.806059251527538,0.7705576302999542,0.7292849727747489,0.60077731847511,0.48600628255672
0.39616346322727203,0.6986823575226049,0.779062031497808,0.826196632340371,0.8583727073712372,0.874750627358517,0.896736444579217,0.916468247981103,0.932724090259214,0.9495576052370591,0.9689638297001151,0.979707862622403,0.98979735626125,0.996512234826793,1.0,0.995425617538231,0.9904782889605871,0.98319827450236,0.973414052826284,0.965579144456577,0.953760182575659,0.9395275117731949,0.9282860379665508,0.9168559944086481,0.907284630423605,0.8854246832098029,0.865309496267948,0.828177449000832,0.794324625014239,0.754891300248393,0.6283818760805301,0.510521148088466
0.368782228637225,0.6717493121161291,0.753731885005447,0.802940411233779,0.835919396265301,0.853260948256184,0.876576861274308,0.8974988588174679,0.914827154060178,0.9334010352182691,0.954832652168319,0.967380402654264,0.979902079394202,0.9887745026374449,0.995425617538231,1.0,0.996788920027348,0.99157033864198,0.9840232369402121,0.977168942471533,0.96710808492936,0.954586649666744,0.943695996406137,0.933574318256935,0.9251763199882801,0.9052941003558579,0.886468393355754,0.851496702152475,0.818641597733458,0.7802716281818279,0.6557027788911639,0.5338347881821629
0.344157829327424,0.6488487923177609,0.731932487529427,0.7835015372141221,0.8183700362751031,0.8363752804233129,0.860573022495512,0.882972942766598,0.901644019331408,0.921808523016918,0.944421100345763,0.958149669601295,0.972198592330604,0.981994640529846,0.9904782889605871,0.996788920027348,1.0,0.9964997699768621,0.990456531699664,0.984232513681726,0.9751508892469591,0.963541131529886,0.953357642563105,0.9439334921185021,0.93617203078586,0.9170990496938198,0.8996738499075291,0.865763922488803,0.8336377929776261,0.795764375504918,0.670925009031356,0.544728343237457
0.313374382007308,0.61939171391868,0.704346170785095,0.758532599294174,0.79479676508174,0.814296900332148,0.839662309732291,0.8636299367203509,0.883227260543727,0.9055158634003649,0.9308822295194921,0.946326497395808,0.961654330343197,0.973245137509814,0.98319827450236,0.99157033864198,0.9964997699768621,1.0,0.996628477886192,0.9920179679633342,0.984480124750129,0.9743707988031429,0.9651165371174499,0.956873514396136,0.9500114350154741,0.932761242476203,0.917405787077137,0.886507050286288,0.8562825041890849,0.820313113713115,0.699128238398061,0.571467951075646
0.28340989257008803,0.587695264448756,0.674664076957915,0.730475110582913,0.7684002659002941,0.788763736397462,0.815978170186756,0.8417390365526959,0.862522307156453,0.8865451393430219,0.914454555275811,0.9317304036894309,0.9489972070662109,0.962218498871109,0.973414052826284,0.9840232369402121,0.990456531699664,0.996628477886192,1.0,0.9972297958771931,0.991647289151965,0.9834636974229292,0.976036459645792,0.9695894654276949,0.9641628496713679,0.949544189005937,0.9360790731699,0.908415258487937,0.87988847757729,0.844146054458981,0.7270276794152041,0.5947595270678149
0.25781441936690497,0.5659763639559139,0.654193221761754,0.710867427544554,0.750141226760859,0.771497855570793,0.799513980693876,0.826119103891376,0.8474002667927,0.872706996068376,0.9020073286350409,0.9202316522251051,0.9386083463306228,0.953175415090777,0.965579144456577,0.977168942471533,0.984232513681726,0.9920179679633342,0.9972297958771931,1.0,0.996200675159701,0.9894887581799949,0.983053290446472,0.977283436615419,0.972297211840228,0.9594167795142969,0.9473691464353791,0.9215393455841991,0.8949261490994829,0.8611133941466379,0.7481233431687829,0.6161191751612061
0.23431161109161802,0.5402273420191039,0.629851543686285,0.6876912113181171,0.728080968157895,0.7496108830796481,0.7785162683168242,0.806226245646611,0.828607849194521,0.854928263064825,0.885566283662482,0.9040870665215109,0.923463318253127,0.9395367607250961,0.953760182575659,0.96710808492936,0.9751508892469591,0.984480124750129,0.991647289151965,0.996200675159701,1.0,0.996370902315115,0.99161546824818,0.9867266408593391,0.9814480170173359,0.970555613824167,0.9604955054429279,0.9374773442246459,0.912855526520723,0.878471386241872,0.7708277201418079,0.630378470419535
0.209205702133138,0.512913052256349,0.601525542533343,0.6612865855011071,0.7029688155784001,0.724500154071976,0.7537124016453021,0.782209563914842,0.8054226364959949,0.8333665219475749,0.8659468323317149,0.8854839794194141,0.9060197834798319,0.9237619687771751,0.9395275117731949,0.954586649666744,0.963541131529886,0.9743707988031429,0.9834636974229292,0.9894887581799949,0.996370902315115,1.0,0.9970816775402829,0.993068080299173,0.988247608265675,0.979937036444731,0.9711649980592181,0.951294292818578,0.9293019740745608,0.8971618824884079,0.791911382913285,0.649890610284067
0.18730986622186502,0.49049941289283094,0.5795049928947099,0.641165880769561,0.683179810923708,0.7050517139753442,0.7352469943002671,0.7647303188135379,0.7884154045523379,0.8174896400517769,0.851777672126918,0.872161406468295,0.89353653838099,0.912278468583989,0.9282860379665508,0.943695996406137,0.953357642563105,0.9651165371174499,0.976036459645792,0.983053290446472,0.99161546824818,0.9970816775402829,1.0,0.9972617280730359,0.9930852620867578,0.9866649527801071,0.978939264359356,0.961214520130998,0.9411319939896509,0.910100537189622,0.80754138986451,0.6624999876964749
0.166690449784595,0.46604714940528497,0.5564906977156701,0.6196570540962779,0.66249596429899,0.685405386116554,0.716087827851193,0.746634392397601,0.770792092907888,0.801281542096016,0.837100050099992,0.858341939657025,0.880904177467404,0.900377599786668,0.9168559944086481,0.933574318256935,0.9439334921185021,0.956873514396136,0.9695894654276949,0.977283436615419,0.9867266408593391,0.993068080299173,0.9972617280730359,1.0,0.997032524868654,0.99204476605002,0.9852329752059481,0.9688002530864801,0.949690004856951,0.9177153589393909,0.816449369952603,0.668606459063802
0.145042256531411,0.443211452964936,0.535181996717164,0.599350492054332,0.643368799595666,0.6673332986416911,0.698825631791603,0.729926686639063,0.754845380090515,0.786428571494696,0.8235703307912029,0.8461334154856051,0.87002943532656,0.890183308898456,0.907284630423605,0.9251763199882801,0.93617203078586,0.9500114350154741,0.9641628496713679,0.972297211840228,0.9814480170173359,0.988247608265675,0.9930852620867578,0.997032524868654,1.0,0.9960920931087809,0.989883730530121,0.9747536966180269,0.956951528219612,0.926607951337463,0.827187966495619,0.676048284981184
0.11611996546025802,0.40905114490292205,0.500548083937903,0.564670032584984,0.60967492578587,0.6338303103597299,0.6657044593795639,0.697878975005372,0.723038303978245,0.7553483496440669,0.794574465797054,0.81855585694288,0.844381303672554,0.866456533324755,0.8854246832098029,0.9052941003558579,0.9170990496938198,0.932761242476203,0.949544189005937,0.9594167795142969,0.970555613824167,0.979937036444731,0.9866649527801071,0.99204476605002,0.9960920931087809,1.0,0.9966555442932159,0.9860395476537192,0.970882116180682,0.942079683649116,0.8479570563722522,0.6907575785756099
0.0926690276717988,0.37809171436752104,0.46754368733053797,0.531704645549354,0.5766507731274979,0.600931574391794,0.633694314648235,0.667647668741758,0.693315333998135,0.727016914779649,0.768468859955744,0.794168316668658,0.8213959953991509,0.844995560103468,0.865309496267948,0.886468393355754,0.8996738499075291,0.917405787077137,0.9360790731699,0.9473691464353791,0.9604955054429279,0.9711649980592181,0.978939264359356,0.9852329752059481,0.989883730530121,0.9966555442932159,1.0,0.9930500156558191,0.9803318267404839,0.953974388780462,0.8670108254684399,0.70402126193158
0.0500658320823799,0.330800790750026,0.41942213649569,0.48346475481012,0.528523446021696,0.553385372542482,0.586440124913139,0.621645610360692,0.6479046627462671,0.68199093427133,0.725539297925793,0.7527677220618929,0.7809908765995079,0.806059251527538,0.828177449000832,0.851496702152475,0.865763922488803,0.886507050286288,0.908415258487937,0.9215393455841991,0.9374773442246459,0.951294292818578,0.961214520130998,0.9688002530864801,0.9747536966180269,0.9860395476537192,0.9930500156558191,1.0,0.992912781089189,0.9724952171000519,0.8959914975645981,0.722704004069501
0.0137473167464246,0.288685151753589,0.375505373055553,0.440040699814772,0.485363311453322,0.512381344656329,0.545702119295351,0.581494645755429,0.6081188038180739,0.6432699397816249,0.6868014860163821,0.7154663928359921,0.744094582999481,0.7705576302999542,0.794324625014239,0.818641597733458,0.8336377929776261,0.8562825041890849,0.87988847757729,0.8949261490994829,0.912855526520723,0.9293019740745608,0.9411319939896509,0.949690004856951,0.956951528219612,0.970882116180682,0.9803318267404839,0.992912781089189,1.0,0.98543197864503,0.9177006160917079,0.74386284695302
0.0287898881636875,0.23964533594151102,0.32733756171036,0.391899130748688,0.437177752977541,0.4637014969007271,0.496939823258838,0.532690957712034,0.558654214614199,0.594666594278757,0.6402452077842039,0.6708874207572291,0.70055139281864,0.7292849727747489,0.754891300248393,0.7802716281818279,0.795764375504918,0.820313113713115,0.844146054458981,0.8611133941466379,0.878471386241872,0.8971618824884079,0.910100537189622,0.9177153589393909,0.926607951337463,0.942079683649116,0.953974388780462,0.9724952171000519,0.98543197864503,1.0,0.950609545931183,0.7778433942692471
0.0987383535154566,0.143626041999011,0.225038853671466,0.28131495496971504,0.321252834433522,0.34619089853616497,0.378767651550866,0.4111669028225429,0.434062903219353,0.466131825600256,0.511375122439072,0.5427791917244771,0.57062221936613,0.60077731847511,0.6283818760805301,0.6557027788911639,0.670925009031356,0.699128238398061,0.7270276794152041,0.7481233431687829,0.7708277201418079,0.791911382913285,0.80754138986451,0.816449369952603,0.827187966495619,0.8479570563722522,0.8670108254684399,0.8959914975645981,0.9177006160917079,0.950609545931183,1.0,0.804562749035462
0.137945788255293,0.0648121994037131,0.131928072672206,0.18304694460891002,0.217413993421432,0.24283659890796502,0.269722397786983,0.301707284118318,0.328416334199073,0.35875264635629206,0.401068339840674,0.429177078948349,0.45649587960458204,0.48600628255672,0.510521148088466,0.5338347881821629,0.544728343237457,0.571467951075646,0.5947595270678149,0.6161191751612061,0.630378470419535,0.649890610284067,0.6624999876964749,0.668606459063802,0.676048284981184,0.6907575785756099,0.70402126193158,0.722704004069501,0.74386284695302,0.7778433942692471,0.804562749035462,1.0
