1.0,0.8556725233055179,0.823997336879877,0.8064435782642428,0.789797071340764,0.776272462713818,0.7624058713807191,0.7469621942230781,0.7339206281230579,0.7207701325308481,0.7071536147386909,0.6928833612294539,0.681892281254162,0.6673263536235389,0.657104813388338,0.646070730192692,0.634554339077477,0.626406296478433,0.615177892440181,0.602343252466635,0.592542726964698,0.5767667051010009,0.5647428216850879,0.54866612961651,0.531245660308796,0.512051188068506,0.49661385276133,0.47828731271205605,0.45067170865196293,0.40664831636431004,0.307601634606411,0.0216336475242848
0.8556725233055179,1.0,0.980222030139766,0.969817833663934,0.9597771755858799,0.95095269514,0.9416543455951609,0.932787744422277,0.923454166926702,0.9149304111484009,0.906403389699707,0.8966554226556009,0.888335563624861,0.8781567482552449,0.8700452488343409,0.860789245345255,0.8523541697826851,0.8443899363108841,0.835605404928766,0.827054815802408,0.8183220391208629,0.8047366893810891,0.7937125202372421,0.780170944387609,0.764301567951188,0.746248873678558,0.7337588900803821,0.7145917877685809,0.6868850511283989,0.642812887849848,0.535044651219818,0.185351756775118
0.823997336879877,0.980222030139766,1.0,0.991054129493918,0.983728004291435,0.976853638646021,0.9687165217986301,0.9614030713421229,0.953526910633981,0.946151003603083,0.938685476267024,0.9294905393566459,0.921579010269154,0.912271766460371,0.905238840729098,0.897017672059734,0.889460989735576,0.8821864713301409,0.874492766122897,0.866460366770989,0.858820756040822,0.845626060938081,0.834889945360742,0.822547247594713,0.807306680834822,0.7908365270206651,0.7778590420250321,0.760937724067473,0.7334983773545021,0.689099023662724,0.579085559244845,0.218189476162065
0.8064435782642428,0.969817833663934,0.991054129493918,1.0,0.9939885979447758,0.987339390365845,0.9807709540392131,0.9747899250539929,0.968060913726462,0.9616380230714608,0.9548557892833249,0.94620657794642,0.9387043922426669,0.9302019293063609,0.92347841695527,0.915609090699068,0.9087158540153051,0.901782665714848,0.8945189127413309,0.886696858356948,0.879538992857455,0.8672086255864849,0.857473597807144,0.8460687618425301,0.831739518274798,0.8164620959045799,0.804403477356545,0.7881083443722309,0.7619477495309749,0.717803979945979,0.607497212252677,0.23996681486139604
0.789797071340764,0.9597771755858799,0.983728004291435,0.9939885979447758,1.0,0.9956298287617891,0.990696732041032,0.985830187195463,0.9796966607102099,0.9741201379052759,0.96824539776344,0.960688004836063,0.953623050065053,0.9458078177219971,0.940038936353662,0.9330773069482471,0.9266739222565471,0.9202492446697329,0.913645623157877,0.9060520511991541,0.8991889119024709,0.888000805605238,0.8792619210981801,0.868617083241154,0.855070745263271,0.840550458192423,0.8292762923611009,0.813721855651803,0.78905655652143,0.7467216725343421,0.636856684509848,0.263186442140732
0.776272462713818,0.95095269514,0.976853638646021,0.987339390365845,0.9956298287617891,1.0,0.9963495992589431,0.992185772701783,0.986751237695812,0.981830359659287,0.9764692104945691,0.9699764019757641,0.9632019973816172,0.955741445273529,0.9504768290400921,0.9436278528963509,0.937500276683384,0.931400988492908,0.9253388486247099,0.918285237237588,0.9119213891560229,0.901734284521244,0.893882276507034,0.8839934298318208,0.8711975928782258,0.8577020770145559,0.8470828224192809,0.832224121882484,0.8089547639820831,0.7682517128362749,0.658886359354707,0.285331609536122
0.7624058713807191,0.9416543455951609,0.9687165217986301,0.9807709540392131,0.990696732041032,0.9963495992589431,1.0,0.9974560191318751,0.9933382608658621,0.9890495661875899,0.984269348830795,0.9787374714315079,0.972451078405746,0.9655818198439509,0.9605022827976372,0.9543316654480469,0.94884254716197,0.9432934430688891,0.937666504061338,0.931313291937616,0.925393143567586,0.9160303208635259,0.9088147600594941,0.899541879053652,0.8875767568596821,0.874621032091129,0.864679086230955,0.850643368937785,0.828038599619119,0.788000593834521,0.680027366894962,0.303850363336416
0.7469621942230781,0.932787744422277,0.9614030713421229,0.9747899250539929,0.985830187195463,0.992185772701783,0.9974560191318751,1.0,0.9974013004107791,0.9936720962903149,0.989492614409427,0.984576478360389,0.978871767316075,0.9725990235467191,0.96772098924585,0.9620089986715581,0.9569844478617551,0.95172876881797,0.946281034073731,0.9404055910672741,0.934973533547952,0.926406924204534,0.9194540889114559,0.9109499596734929,0.900072298280583,0.8875880134008349,0.878312422106753,0.865360730495001,0.843835120391825,0.804088841270798,0.697248638031971,0.318984937128849
0.7339206281230579,0.923454166926702,0.953526910633981,0.968060913726462,0.9796966607102099,0.986751237695812,0.9933382608658621,0.9974013004107791,1.0,0.99755651510853,0.9942122975011508,0.9902225804590699,0.9850641523745501,0.979554646606386,0.9751998226967409,0.9701102780485171,0.965532563562396,0.960824919109022,0.9557725808257009,0.9503949399901809,0.94529732681904,0.9373930169522421,0.931082568136657,0.923211783700766,0.913016196407228,0.901349119014444,0.892815940060524,0.88059368338373,0.8597498421951071,0.8210868503829959,0.71652714401967,0.33467177332358
0.7207701325308481,0.9149304111484009,0.946151003603083,0.9616380230714608,0.9741201379052759,0.981830359659287,0.9890495661875899,0.9936720962903149,0.99755651510853,1.0,0.9979164307869021,0.994923368164034,0.990717884747864,0.9860251028517171,0.9822125465711871,0.977895581430528,0.9737425011455071,0.9692696888060699,0.9642911569056609,0.9592067177340491,0.9543047695396121,0.9472711326654771,0.9411069526207471,0.9337221001692149,0.9243205606057591,0.9133204183887091,0.905292081599856,0.893804001432154,0.873682946693895,0.8361578903785061,0.7333707051673779,0.350414886002925
0.7071536147386909,0.906403389699707,0.938685476267024,0.9548557892833249,0.96824539776344,0.9764692104945691,0.984269348830795,0.989492614409427,0.9942122975011508,0.9979164307869021,1.0,0.998030377651516,0.994787943517688,0.99097494094118,0.987454787908314,0.9834999566249509,0.9797948982396341,0.9756173891525559,0.9709414489469961,0.966269522525361,0.961837808777182,0.955491351982006,0.9496888284969359,0.943044527687914,0.9344199339632719,0.923902574030131,0.916066900644307,0.9052980994590759,0.8860285489535921,0.849352273837937,0.7479013859480141,0.364654582822824
0.6928833612294539,0.8966554226556009,0.9294905393566459,0.94620657794642,0.960688004836063,0.9699764019757641,0.9787374714315079,0.984576478360389,0.9902225804590699,0.994923368164034,0.998030377651516,1.0,0.998068067159092,0.99514810981843,0.9922903496548471,0.9890567406209241,0.9855495122589201,0.9816805731172129,0.977470183161979,0.973091759840025,0.9690150246928979,0.963295578996609,0.9579498723135629,0.951847911364275,0.9436936855244871,0.933713057599948,0.9263470429127421,0.916246651031789,0.8977299713430941,0.862910884703943,0.7660189248588001,0.38292907484096705
0.681892281254162,0.888335563624861,0.921579010269154,0.9387043922426669,0.953623050065053,0.9632019973816172,0.972451078405746,0.978871767316075,0.9850641523745501,0.990717884747864,0.994787943517688,0.998068067159092,1.0,0.9982779657261841,0.9959447644231101,0.993015800757771,0.989815551901216,0.986238006547608,0.9822629640470829,0.9780379806209258,0.9744715166744259,0.969141934595456,0.9642164531222328,0.9586622998588871,0.9510645688737221,0.941657791918433,0.9345412562063821,0.9245759196072478,0.906497149698856,0.872832855790343,0.777242488600703,0.39270937619212104
0.6673263536235389,0.8781567482552449,0.912271766460371,0.9302019293063609,0.9458078177219971,0.955741445273529,0.9655818198439509,0.9725990235467191,0.979554646606386,0.9860251028517171,0.99097494094118,0.99514810981843,0.9982779657261841,1.0,0.9984475264778728,0.996203707314205,0.9934640080082979,0.990249349510175,0.9867542171574971,0.9830529657936609,0.979840885245625,0.9752887978366309,0.970750629305098,0.9655649626618069,0.9584402662862099,0.9496497538784641,0.9433308752367142,0.934012549197208,0.916629462405809,0.8837548556279309,0.7900690908755541,0.406698010884956
0.657104813388338,0.8700452488343409,0.905238840729098,0.92347841695527,0.940038936353662,0.9504768290400921,0.9605022827976372,0.96772098924585,0.9751998226967409,0.9822125465711871,0.987454787908314,0.9922903496548471,0.9959447644231101,0.9984475264778728,1.0,0.998483060749728,0.9964474508154809,0.9938061099709371,0.99067655564286,0.987485835522013,0.9846876051593001,0.9805063875704481,0.9763133902161729,0.9712971223277029,0.964520961890793,0.9562572431529641,0.9502338810714192,0.9409384138678298,0.9240944669240071,0.892015799194328,0.800148703041615,0.415844187582316
0.646070730192692,0.860789245345255,0.897017672059734,0.915609090699068,0.9330773069482471,0.9436278528963509,0.9543316654480469,0.9620089986715581,0.9701102780485171,0.977895581430528,0.9834999566249509,0.9890567406209241,0.993015800757771,0.996203707314205,0.998483060749728,1.0,0.99864537286265,0.996401446204928,0.993701317838016,0.9908176942420441,0.988273356030848,0.98440720518139,0.9804160890151,0.975624820717697,0.9691231666514449,0.9612349759195791,0.955265527997554,0.9462703771684929,0.930038800424701,0.8987029580512521,0.807886694051391,0.4277738171054021
0.634554339077477,0.8523541697826851,0.889460989735576,0.9087158540153051,0.9266739222565471,0.937500276683384,0.94884254716197,0.9569844478617551,0.965532563562396,0.9737425011455071,0.9797948982396341,0.9855495122589201,0.989815551901216,0.9934640080082979,0.9964474508154809,0.99864537286265,1.0,0.9985432439925691,0.996547029287124,0.994097446695983,0.9917416665420421,0.9883633946734859,0.9848029472905401,0.9804579821239839,0.974481826692071,0.9671807858932491,0.961287567693491,0.952635370957501,0.936907096086281,0.906477228473884,0.816365612909667,0.43681445943153796
0.626406296478433,0.8443899363108841,0.8821864713301409,0.901782665714848,0.9202492446697329,0.931400988492908,0.9432934430688891,0.95172876881797,0.960824919109022,0.9692696888060699,0.9756173891525559,0.9816805731172129,0.986238006547608,0.990249349510175,0.9938061099709371,0.996401446204928,0.9985432439925691,1.0,0.998605071222976,0.9965688201282801,0.9944455902382271,0.991232082707854,0.987950656093599,0.983671930792423,0.978040008352135,0.9713622565333,0.965686256183227,0.957220482340734,0.9420506204847242,0.9118389869301,0.8216315229760641,0.44292923746157103
0.615177892440181,0.835605404928766,0.874492766122897,0.8945189127413309,0.913645623157877,0.9253388486247099,0.937666504061338,0.946281034073731,0.9557725808257009,0.9642911569056609,0.9709414489469961,0.977470183161979,0.9822629640470829,0.9867542171574971,0.99067655564286,0.993701317838016,0.996547029287124,0.998605071222976,1.0,0.99863294455467,0.996771292839688,0.9939764073121451,0.9907509171661549,0.9867555603299449,0.981453129225956,0.975164346593782,0.969517661546907,0.961301542028476,0.9459817458441941,0.916381911858264,0.827490618047667,0.44623944146364003
0.602343252466635,0.827054815802408,0.866460366770989,0.886696858356948,0.9060520511991541,0.918285237237588,0.931313291937616,0.9404055910672741,0.9503949399901809,0.9592067177340491,0.966269522525361,0.973091759840025,0.9780379806209258,0.9830529657936609,0.987485835522013,0.9908176942420441,0.994097446695983,0.9965688201282801,0.99863294455467,1.0,0.998633847335542,0.9963667392954741,0.993375807229736,0.9896329158785909,0.984741861958874,0.9788605104136608,0.9733173260020721,0.965360812024342,0.950565362871115,0.9215469659869351,0.8328642447779241,0.454283049137179
0.592542726964698,0.8183220391208629,0.858820756040822,0.879538992857455,0.8991889119024709,0.9119213891560229,0.925393143567586,0.934973533547952,0.94529732681904,0.9543047695396121,0.961837808777182,0.9690150246928979,0.9744715166744259,0.979840885245625,0.9846876051593001,0.988273356030848,0.9917416665420421,0.9944455902382271,0.996771292839688,0.998633847335542,1.0,0.9981803257797399,0.9953618397992149,0.9919466360192901,0.9877327264891981,0.982257629519416,0.9768143099580621,0.969188727092302,0.9548335564621049,0.9261940039148531,0.838485196543205,0.4604817750055061
0.5767667051010009,0.8047366893810891,0.845626060938081,0.8672086255864849,0.888000805605238,0.901734284521244,0.9160303208635259,0.926406924204534,0.9373930169522421,0.9472711326654771,0.955491351982006,0.963295578996609,0.969141934595456,0.9752887978366309,0.9805063875704481,0.98440720518139,0.9883633946734859,0.991232082707854,0.9939764073121451,0.9963667392954741,0.9981803257797399,1.0,0.998233906389187,0.995603901352787,0.9920395263516679,0.9873572180646519,0.9827242328245179,0.9758884158878539,0.96250132971573,0.9360157828928299,0.851229071212507,0.47781532954202505
0.5647428216850879,0.7937125202372421,0.834889945360742,0.857473597807144,0.8792619210981801,0.893882276507034,0.9088147600594941,0.9194540889114559,0.931082568136657,0.9411069526207471,0.9496888284969359,0.9579498723135629,0.9642164531222328,0.970750629305098,0.9763133902161729,0.9804160890151,0.9848029472905401,0.987950656093599,0.9907509171661549,0.993375807229736,0.9953618397992149,0.998233906389187,1.0,0.998226642103337,0.995260725386775,0.991175407776106,0.9871186490444441,0.9806001275394691,0.9687737591651251,0.943788050846082,0.8614710136970121,0.49014683565587996
0.54866612961651,0.780170944387609,0.822547247594713,0.8460687618425301,0.868617083241154,0.8839934298318208,0.899541879053652,0.9109499596734929,0.923211783700766,0.9337221001692149,0.943044527687914,0.951847911364275,0.9586622998588871,0.9655649626618069,0.9712971223277029,0.975624820717697,0.9804579821239839,0.983671930792423,0.9867555603299449,0.9896329158785909,0.9919466360192901,0.995603901352787,0.998226642103337,1.0,0.997958244374311,0.9948247465447909,0.99132368874786,0.985370618161479,0.974531257344308,0.9516514597744079,0.87123613340343,0.502766855531465
0.531245660308796,0.764301567951188,0.807306680834822,0.831739518274798,0.855070745263271,0.8711975928782258,0.8875767568596821,0.900072298280583,0.913016196407228,0.9243205606057591,0.9344199339632719,0.9436936855244871,0.9510645688737221,0.9584402662862099,0.964520961890793,0.9691231666514449,0.974481826692071,0.978040008352135,0.981453129225956,0.984741861958874,0.9877327264891981,0.9920395263516679,0.995260725386775,0.997958244374311,1.0,0.997687054927192,0.994752596207029,0.9897648439861229,0.9802726238695079,0.959156325536468,0.880931747615308,0.51190620174823
0.512051188068506,0.746248873678558,0.7908365270206651,0.8164620959045799,0.840550458192423,0.8577020770145559,0.874621032091129,0.8875880134008349,0.901349119014444,0.9133204183887091,0.923902574030131,0.933713057599948,0.941657791918433,0.9496497538784641,0.9562572431529641,0.9612349759195791,0.9671807858932491,0.9713622565333,0.975164346593782,0.9788605104136608,0.982257629519416,0.9873572180646519,0.991175407776106,0.9948247465447909,0.997687054927192,1.0,0.997669467864396,0.9933822451528191,0.984926385165013,0.965568056614313,0.890947075979848,0.5242562875919861
0.49661385276133,0.7337588900803821,0.7778590420250321,0.804403477356545,0.8292762923611009,0.8470828224192809,0.864679086230955,0.878312422106753,0.892815940060524,0.905292081599856,0.916066900644307,0.9263470429127421,0.9345412562063821,0.9433308752367142,0.9502338810714192,0.955265527997554,0.961287567693491,0.965686256183227,0.969517661546907,0.9733173260020721,0.9768143099580621,0.9827242328245179,0.9871186490444441,0.99132368874786,0.994752596207029,0.997669467864396,1.0,0.996490426989733,0.9892425950782869,0.9717720579224559,0.899608424344937,0.5389635437228161
0.47828731271205605,0.7145917877685809,0.760937724067473,0.7881083443722309,0.813721855651803,0.832224121882484,0.850643368937785,0.865360730495001,0.88059368338373,0.893804001432154,0.9052980994590759,0.916246651031789,0.9245759196072478,0.934012549197208,0.9409384138678298,0.9462703771684929,0.952635370957501,0.957220482340734,0.961301542028476,0.965360812024342,0.969188727092302,0.9758884158878539,0.9806001275394691,0.985370618161479,0.9897648439861229,0.9933822451528191,0.996490426989733,1.0,0.994531319612697,0.979529725378148,0.912525877689889,0.559890737474093
0.45067170865196293,0.6868850511283989,0.7334983773545021,0.7619477495309749,0.78905655652143,0.8089547639820831,0.828038599619119,0.843835120391825,0.8597498421951071,0.873682946693895,0.8860285489535921,0.8977299713430941,0.906497149698856,0.916629462405809,0.9240944669240071,0.930038800424701,0.936907096086281,0.9420506204847242,0.9459817458441941,0.950565362871115,0.9548335564621049,0.96250132971573,0.9687737591651251,0.974531257344308,0.9802726238695079,0.984926385165013,0.9892425950782869,0.994531319612697,1.0,0.988647395083155,0.926887884759572,0.585794346634337
0.40664831636431004,0.642812887849848,0.689099023662724,0.717803979945979,0.7467216725343421,0.7682517128362749,0.788000593834521,0.804088841270798,0.8210868503829959,0.8361578903785061,0.849352273837937,0.862910884703943,0.872832855790343,0.8837548556279309,0.892015799194328,0.8987029580512521,0.906477228473884,0.9118389869301,0.916381911858264,0.9215469659869351,0.9261940039148531,0.9360157828928299,0.943788050846082,0.9516514597744079,0.959156325536468,0.965568056614313,0.9717720579224559,0.979529725378148,0.988647395083155,1.0,0.954784015465101,0.6291253009650419
0.307601634606411,0.535044651219818,0.579085559244845,0.607497212252677,0.636856684509848,0.658886359354707,0.680027366894962,0.697248638031971,0.71652714401967,0.7333707051673779,0.7479013859480141,0.7660189248588001,0.777242488600703,0.7900690908755541,0.800148703041615,0.807886694051391,0.816365612909667,0.8216315229760641,0.827490618047667,0.8328642447779241,0.838485196543205,0.851229071212507,0.8614710136970121,0.87123613340343,0.880931747615308,0.890947075979848,0.899608424344937,0.912525877689889,0.926887884759572,0.954784015465101,1.0,0.707380416929626
0.0216336475242848,0.185351756775118,0.218189476162065,0.23996681486139604,0.263186442140732,0.285331609536122,0.303850363336416,0.318984937128849,0.33467177332358,0.350414886002925,0.364654582822824,0.38292907484096705,0.39270937619212104,0.406698010884956,0.415844187582316,0.4277738171054021,0.43681445943153796,0.44292923746157103,0.44623944146364003,0.454283049137179,0.4604817750055061,0.47781532954202505,0.49014683565587996,0.502766855531465,0.51190620174823,0.5242562875919861,0.5389635437228161,0.559890737474093,0.585794346634337,0.6291253009650419,0.707380416929626,1.0
