1.0,0.8885250714164409,0.8643920737363492,0.857383730180071,0.838663218634364,0.8250343765582231,0.8106391745177031,0.7911998286673321,0.778296343116947,0.763465608739832,0.739667560717372,0.7058360053579259,0.665542423824998,0.607066923066402,0.5248494760842579,0.449198665171086,0.361907347716677,0.28128522519738103,0.194408737980474,0.10386534423781,0.0230447918194827,0.0529374623596015,0.151841501544478,0.211877544069742,0.236790458867526,0.19282136875321002,0.172220232341417,0.197798778250065,0.20680445539301298,0.142139377831724,0.125873849520739,0.11166413147650199
0.8885250714164409,1.0,0.9606692585511959,0.9434892815834041,0.923196696140484,0.9064177378962521,0.8902170000951051,0.8710900765248001,0.850483417856519,0.8342382614333891,0.8058569182405471,0.7678734930014649,0.724926059763186,0.666336132641544,0.58511610913804,0.508119187988738,0.42860355142846,0.34523277757423,0.254323158233885,0.156995809676017,0.0671591920571783,0.0176512456999363,0.12407647245238199,0.196977124410389,0.22856658975409697,0.192433539239559,0.17646571449143397,0.208220288358474,0.22239305867723103,0.153485074136757,0.14672363888225698,0.126256272968845
0.8643920737363492,0.9606692585511959,1.0,0.979987670434045,0.9576239209453149,0.937483468590357,0.9185839737673491,0.89901695795375,0.876103021591346,0.8572637451433471,0.8281991174779358,0.789873882415182,0.7460153023685351,0.687655517622823,0.6086639554559179,0.532895941936128,0.45093014031916706,0.364786520369357,0.270837564251967,0.16871625410177102,0.0747554916618256,0.0124860613881046,0.12316393484289,0.193900434661353,0.22428174382010002,0.19850911055166603,0.18624363305027697,0.21885582669199696,0.23234948778078002,0.160670350781535,0.15428090054205199,0.139888469032786
0.857383730180071,0.9434892815834041,0.979987670434045,1.0,0.9868541514486291,0.964830398083948,0.944234295169591,0.925488814539146,0.904563495500231,0.889949881672827,0.8619747232689899,0.8250898951406279,0.7843712167526221,0.7292650237459971,0.651704778788142,0.5766062394844179,0.4989382654170279,0.413137865552729,0.319057624085539,0.21538797134969198,0.11933495687045001,0.0299680392606612,0.0848520015112211,0.15449813260023998,0.182430908352893,0.16709994217421897,0.16101729146688,0.18903048027479605,0.193161770660547,0.127888752596241,0.12704768667505498,0.106555702117658
0.838663218634364,0.923196696140484,0.9576239209453149,0.9868541514486291,1.0,0.9905798221591009,0.970765312655852,0.9534885580731569,0.934002265261348,0.919563311387673,0.8906364603778009,0.85402337187178,0.816806816420252,0.7674399885400741,0.6954494152266679,0.624168730173567,0.549613999330608,0.464533944624988,0.36894724558230496,0.260470942110615,0.159540279096763,0.0681454394622479,0.0474039950638268,0.112585614624835,0.14056705457076402,0.136650012366085,0.13662573922785398,0.162161781194094,0.15448443230536701,0.0856120718126473,0.0948495861182133,0.0763266653148151
0.8250343765582231,0.9064177378962521,0.937483468590357,0.964830398083948,0.9905798221591009,1.0,0.991989709845289,0.9749854280603771,0.955855504028156,0.939604395065,0.911319545440065,0.8757662393291129,0.8402272878936758,0.7940652126666641,0.7264683246354909,0.6581626752115171,0.5854320088178809,0.501478142014068,0.404297526567971,0.29431018223667105,0.193304623566362,0.103634640968607,0.008691423831101159,0.0750432380280745,0.105359497399828,0.10516679966581699,0.10946365342704499,0.134942929656079,0.12406425511667699,0.0585457032077921,0.0760079942545096,0.0618461804764504
0.8106391745177031,0.8902170000951051,0.9185839737673491,0.944234295169591,0.970765312655852,0.991989709845289,1.0,0.9915531487080191,0.972249013280295,0.9553562010633391,0.927943585209237,0.893198777083375,0.8593253125002339,0.8160540279005329,0.7517896180969821,0.6857561984462061,0.616029497533916,0.534412959608931,0.43716771507061497,0.32795918870380203,0.228536714153256,0.140146277183485,0.0286750521769785,0.0404397397912643,0.0725131181396604,0.0746024720294773,0.08210354922907201,0.10828629588056,0.100292983401812,0.0417815565203117,0.0624755411198382,0.051956325162295994
0.7911998286673321,0.8710900765248001,0.89901695795375,0.925488814539146,0.9534885580731569,0.9749854280603771,0.9915531487080191,1.0,0.9878427117358599,0.972191448837049,0.944267646708833,0.9093319463593359,0.8785725007638359,0.8397168480784158,0.7784204876978199,0.7150768497196741,0.649725224907036,0.571395611935319,0.475586104296874,0.36724958900777294,0.267916133327625,0.17783668686454002,0.0622747696559243,0.0062644870619063394,0.0369563730436574,0.046916608455780995,0.0584040941610938,0.0839091510151842,0.0767829811728616,0.0229648414254207,0.0449878748535154,0.0370516403449932
0.778296343116947,0.850483417856519,0.876103021591346,0.904563495500231,0.934002265261348,0.955855504028156,0.972249013280295,0.9878427117358599,1.0,0.987289417513565,0.960031141301018,0.92613978117028,0.8981633732620391,0.861734560166706,0.801255959160351,0.7402926087467471,0.677116580594994,0.601237569543315,0.506468103538001,0.401203648572343,0.305303176777454,0.21610046980751701,0.0987865946181211,0.0297175350021454,0.0025815290084584,0.0169868015421332,0.034874531304436004,0.0576962818970881,0.0468887594540417,0.00252733909418428,0.0305935700447099,0.0250807726273404
0.763465608739832,0.8342382614333891,0.8572637451433471,0.889949881672827,0.919563311387673,0.939604395065,0.9553562010633391,0.972191448837049,0.987289417513565,1.0,0.976844007868633,0.945834654230134,0.920349510165028,0.8864105575772719,0.828318651303294,0.7683747024606,0.707257861259838,0.631667383515515,0.53881139825854,0.434636336788645,0.33902564536185,0.249813162898118,0.13052362464869,0.062229590647286,0.0356040194068092,0.00530690900345051,0.0184212383705106,0.0398207985599618,0.0272655933614121,0.0106992278954203,0.0157495511232602,0.00961015595638112
0.739667560717372,0.8058569182405471,0.8281991174779358,0.8619747232689899,0.8906364603778009,0.911319545440065,0.927943585209237,0.944267646708833,0.960031141301018,0.976844007868633,1.0,0.987398538044183,0.96520359731265,0.9344227945280509,0.882114771028897,0.8231152303712049,0.761785015344467,0.689044429928706,0.59705341056525,0.500299553070599,0.41259293745750397,0.326037713880271,0.21046102424171,0.140181188411876,0.107505637167301,0.058934985055342996,0.025364483438117997,0.0041284896535753205,0.00959266516940786,0.0283132151048004,0.0124477199579667,0.00481975947006519
0.7058360053579259,0.7678734930014649,0.789873882415182,0.8250898951406279,0.85402337187178,0.8757662393291129,0.893198777083375,0.9093319463593359,0.92613978117028,0.945834654230134,0.987398538044183,1.0,0.989877399485339,0.961814419969426,0.913311553386178,0.8569353101709971,0.800190938953705,0.73308492560675,0.645269100657891,0.555775369576708,0.47477643071609005,0.39146334150673906,0.27963226840625705,0.209557453234064,0.17523641017187397,0.1136574487562,0.0710605956698045,0.0498856389785573,0.0490967545452976,0.0486649182039724,0.00455977561019822,0.00240303416158046
0.665542423824998,0.724926059763186,0.7460153023685351,0.7843712167526221,0.816806816420252,0.8402272878936758,0.8593253125002339,0.8785725007638359,0.8981633732620391,0.920349510165028,0.96520359731265,0.989877399485339,1.0,0.987302952046969,0.9422316391380909,0.8901952369067259,0.842661540326558,0.7829791599221111,0.702959216675922,0.6196752695767889,0.543173735011108,0.46339835534072205,0.35281661827723804,0.281574685736636,0.249107070780713,0.169180431208909,0.11644537862017801,0.0965191324188356,0.09163361461916199,0.0750259085021829,0.0183992735862725,0.0235929757632519
0.607066923066402,0.666336132641544,0.687655517622823,0.7292650237459971,0.7674399885400741,0.7940652126666641,0.8160540279005329,0.8397168480784158,0.861734560166706,0.8864105575772719,0.9344227945280509,0.961814419969426,0.987302952046969,1.0,0.977827541520577,0.9349540388786609,0.896608908018158,0.8451008929233991,0.7748713333375609,0.698120619562819,0.625568522365405,0.550459635881972,0.444639935625949,0.37399117597193005,0.340864141618791,0.23412656100976798,0.16795343392689602,0.15002739424653302,0.14318468883560598,0.10932935904494999,0.04420397738842201,0.0526531900609379
0.5248494760842579,0.58511610913804,0.6086639554559179,0.651704778788142,0.6954494152266679,0.7264683246354909,0.7517896180969821,0.7784204876978199,0.801255959160351,0.828318651303294,0.882114771028897,0.913311553386178,0.9422316391380909,0.977827541520577,1.0,0.979472782304001,0.947430190191452,0.9037227066669821,0.843502530577182,0.7745594101332371,0.706954536490109,0.6382610872616451,0.544683820410989,0.480062611394899,0.442064763122462,0.30901362756008693,0.228071424833382,0.21177353369157395,0.20278567527075197,0.146933667422259,0.0623578580969465,0.0766588076046625
0.449198665171086,0.508119187988738,0.532895941936128,0.5766062394844179,0.624168730173567,0.6581626752115171,0.6857561984462061,0.7150768497196741,0.7402926087467471,0.7683747024606,0.8231152303712049,0.8569353101709971,0.8901952369067259,0.9349540388786609,0.979472782304001,1.0,0.9770628503431791,0.9392538931181089,0.887348760486795,0.8249304711548678,0.761828196217787,0.6991788400299961,0.615560234425371,0.557809700511255,0.518569243648138,0.374984198854729,0.28509456449706705,0.26966632075789704,0.254926339593662,0.17716979778975603,0.0859354402335612,0.0912457406907421
0.361907347716677,0.42860355142846,0.45093014031916706,0.4989382654170279,0.549613999330608,0.5854320088178809,0.616029497533916,0.649725224907036,0.677116580594994,0.707257861259838,0.761785015344467,0.800190938953705,0.842661540326558,0.896608908018158,0.947430190191452,0.9770628503431791,1.0,0.97689340488435,0.935583191163771,0.880238944773034,0.822569740836415,0.7648652418270581,0.681625230828948,0.626056369866029,0.5876036280856011,0.427028314443369,0.329035729120485,0.31820545332170597,0.311988705043438,0.228144843953273,0.12530638066980998,0.12748868972173802
0.28128522519738103,0.34523277757423,0.364786520369357,0.413137865552729,0.464533944624988,0.501478142014068,0.534412959608931,0.571395611935319,0.601237569543315,0.631667383515515,0.689044429928706,0.73308492560675,0.7829791599221111,0.8451008929233991,0.9037227066669821,0.9392538931181089,0.97689340488435,1.0,0.9788895939507809,0.934507726881212,0.8856295906376751,0.8330092693478741,0.7521844605195479,0.7010200886989921,0.662594029371413,0.480363477542193,0.37210638789843,0.363999082394531,0.359950838493723,0.26553713213479196,0.1542419432669,0.155705997943858
0.194408737980474,0.254323158233885,0.270837564251967,0.319057624085539,0.36894724558230496,0.404297526567971,0.43716771507061497,0.475586104296874,0.506468103538001,0.53881139825854,0.59705341056525,0.645269100657891,0.702959216675922,0.7748713333375609,0.843502530577182,0.887348760486795,0.935583191163771,0.9788895939507809,1.0,0.982182141604123,0.941690170342924,0.895437852409005,0.8226553409118751,0.773926141445778,0.742957385358098,0.5381713191103951,0.41652353066654896,0.40910168331604496,0.39953346780882204,0.285493244977544,0.175618487350986,0.175637945927663
0.10386534423781,0.156995809676017,0.16871625410177102,0.21538797134969198,0.260470942110615,0.29431018223667105,0.32795918870380203,0.36724958900777294,0.401203648572343,0.434636336788645,0.500299553070599,0.555775369576708,0.6196752695767889,0.698120619562819,0.7745594101332371,0.8249304711548678,0.880238944773034,0.934507726881212,0.982182141604123,1.0,0.984430317377578,0.9474861540523041,0.88911629209836,0.8434164974916729,0.8153391901070469,0.593600137492448,0.4625942891011421,0.457349687889338,0.44052505972615996,0.304704904241432,0.19865276193043002,0.19064801019701502
0.0230447918194827,0.0671591920571783,0.0747554916618256,0.11933495687045001,0.159540279096763,0.193304623566362,0.228536714153256,0.267916133327625,0.305303176777454,0.33902564536185,0.41259293745750397,0.47477643071609005,0.543173735011108,0.625568522365405,0.706954536490109,0.761828196217787,0.822569740836415,0.8856295906376751,0.941690170342924,0.984430317377578,1.0,0.9843855417640258,0.9384454687038851,0.896859245369766,0.8686633643115149,0.6351118233830171,0.4993011873003879,0.49713034927208,0.473289692730531,0.319177674352178,0.214606979445534,0.19842052611185398
0.0529374623596015,0.0176512456999363,0.0124860613881046,0.0299680392606612,0.0681454394622479,0.103634640968607,0.140146277183485,0.17783668686454002,0.21610046980751701,0.249813162898118,0.326037713880271,0.39146334150673906,0.46339835534072205,0.550459635881972,0.6382610872616451,0.6991788400299961,0.7648652418270581,0.8330092693478741,0.895437852409005,0.9474861540523041,0.9843855417640258,1.0,0.9727008023177179,0.9357092735992549,0.9084123178798291,0.6670595570527329,0.528347023400892,0.528842614159821,0.49791242156788396,0.32759410532474,0.22220661969043803,0.20181493186031896
0.151841501544478,0.12407647245238199,0.12316393484289,0.0848520015112211,0.0474039950638268,0.008691423831101159,0.0286750521769785,0.0622747696559243,0.0987865946181211,0.13052362464869,0.21046102424171,0.27963226840625705,0.35281661827723804,0.444639935625949,0.544683820410989,0.615560234425371,0.681625230828948,0.7521844605195479,0.8226553409118751,0.88911629209836,0.9384454687038851,0.9727008023177179,1.0,0.971997058995994,0.942316386877679,0.704495529928381,0.566576813381734,0.5709225950386279,0.534700981457735,0.346280923594257,0.24381736741827104,0.21411135314844199
0.211877544069742,0.196977124410389,0.193900434661353,0.15449813260023998,0.112585614624835,0.0750432380280745,0.0404397397912643,0.0062644870619063394,0.0297175350021454,0.062229590647286,0.140181188411876,0.209557453234064,0.281574685736636,0.37399117597193005,0.480062611394899,0.557809700511255,0.626056369866029,0.7010200886989921,0.773926141445778,0.8434164974916729,0.896859245369766,0.9357092735992549,0.971997058995994,1.0,0.9809399153663578,0.746313730935432,0.6096441642502111,0.6204034663959721,0.589563662407609,0.395988305530792,0.324445396163443,0.275470272142383
0.236790458867526,0.22856658975409697,0.22428174382010002,0.182430908352893,0.14056705457076402,0.105359497399828,0.0725131181396604,0.0369563730436574,0.0025815290084584,0.0356040194068092,0.107505637167301,0.17523641017187397,0.249107070780713,0.340864141618791,0.442064763122462,0.518569243648138,0.5876036280856011,0.662594029371413,0.742957385358098,0.8153391901070469,0.8686633643115149,0.9084123178798291,0.942316386877679,0.9809399153663578,1.0,0.770312058411022,0.632634675568641,0.647201549291231,0.616268575594209,0.41742394336045896,0.376225384479025,0.30612131035714196
0.19282136875321002,0.192433539239559,0.19850911055166603,0.16709994217421897,0.136650012366085,0.10516679966581699,0.0746024720294773,0.046916608455780995,0.0169868015421332,0.00530690900345051,0.058934985055342996,0.1136574487562,0.169180431208909,0.23412656100976798,0.30901362756008693,0.374984198854729,0.427028314443369,0.480363477542193,0.5381713191103951,0.593600137492448,0.6351118233830171,0.6670595570527329,0.704495529928381,0.746313730935432,0.770312058411022,1.0,0.9768060638936199,0.956272408552633,0.8104916561626708,0.46468660690084995,0.39518170498553606,0.357464814625611
0.172220232341417,0.17646571449143397,0.18624363305027697,0.16101729146688,0.13662573922785398,0.10946365342704499,0.08210354922907201,0.0584040941610938,0.034874531304436004,0.0184212383705106,0.025364483438117997,0.0710605956698045,0.11644537862017801,0.16795343392689602,0.228071424833382,0.28509456449706705,0.329035729120485,0.37210638789843,0.41652353066654896,0.4625942891011421,0.4993011873003879,0.528347023400892,0.566576813381734,0.6096441642502111,0.632634675568641,0.9768060638936199,1.0,0.9830676627009821,0.82081444472137,0.46171181856719107,0.39658403623197497,0.361992814889764
0.197798778250065,0.208220288358474,0.21885582669199696,0.18903048027479605,0.162161781194094,0.134942929656079,0.10828629588056,0.0839091510151842,0.0576962818970881,0.0398207985599618,0.0041284896535753205,0.0498856389785573,0.0965191324188356,0.15002739424653302,0.21177353369157395,0.26966632075789704,0.31820545332170597,0.363999082394531,0.40910168331604496,0.457349687889338,0.49713034927208,0.528842614159821,0.5709225950386279,0.6204034663959721,0.647201549291231,0.956272408552633,0.9830676627009821,1.0,0.8878164834949691,0.5360231468429479,0.477114994550001,0.420560050131352
0.20680445539301298,0.22239305867723103,0.23234948778078002,0.193161770660547,0.15448443230536701,0.12406425511667699,0.100292983401812,0.0767829811728616,0.0468887594540417,0.0272655933614121,0.00959266516940786,0.0490967545452976,0.09163361461916199,0.14318468883560598,0.20278567527075197,0.254926339593662,0.311988705043438,0.359950838493723,0.39953346780882204,0.44052505972615996,0.473289692730531,0.49791242156788396,0.534700981457735,0.589563662407609,0.616268575594209,0.8104916561626708,0.82081444472137,0.8878164834949691,1.0,0.8434820481458871,0.674751789069448,0.576002944046758
0.142139377831724,0.153485074136757,0.160670350781535,0.127888752596241,0.0856120718126473,0.0585457032077921,0.0417815565203117,0.0229648414254207,0.00252733909418428,0.0106992278954203,0.0283132151048004,0.0486649182039724,0.0750259085021829,0.10932935904494999,0.146933667422259,0.17716979778975603,0.228144843953273,0.26553713213479196,0.285493244977544,0.304704904241432,0.319177674352178,0.32759410532474,0.346280923594257,0.395988305530792,0.41742394336045896,0.46468660690084995,0.46171181856719107,0.5360231468429479,0.8434820481458871,1.0,0.7427049361575891,0.6114768907624001
0.125873849520739,0.14672363888225698,0.15428090054205199,0.12704768667505498,0.0948495861182133,0.0760079942545096,0.0624755411198382,0.0449878748535154,0.0305935700447099,0.0157495511232602,0.0124477199579667,0.00455977561019822,0.0183992735862725,0.04420397738842201,0.0623578580969465,0.0859354402335612,0.12530638066980998,0.1542419432669,0.175618487350986,0.19865276193043002,0.214606979445534,0.22220661969043803,0.24381736741827104,0.324445396163443,0.376225384479025,0.39518170498553606,0.39658403623197497,0.477114994550001,0.674751789069448,0.7427049361575891,1.0,0.7034549443264679
0.11166413147650199,0.126256272968845,0.139888469032786,0.106555702117658,0.0763266653148151,0.0618461804764504,0.051956325162295994,0.0370516403449932,0.0250807726273404,0.00961015595638112,0.00481975947006519,0.00240303416158046,0.0235929757632519,0.0526531900609379,0.0766588076046625,0.0912457406907421,0.12748868972173802,0.155705997943858,0.175637945927663,0.19064801019701502,0.19842052611185398,0.20181493186031896,0.21411135314844199,0.275470272142383,0.30612131035714196,0.357464814625611,0.361992814889764,0.420560050131352,0.576002944046758,0.6114768907624001,0.7034549443264679,1.0
