1.0,0.9705116852910219,0.844380125887371,0.8410688369130319,0.8075725049281891,0.78208858782585,0.738425711584734,0.7022039344478139,0.676243624290243,0.638317966726964,0.618385783762666,0.5844738876166949,0.560759368684228,0.526869195989978,0.499342072639265,0.46893982075635604,0.423797679246559,0.365963961540336,0.315071681812209,0.276505891962723,0.24224368557069498,0.20284734012364602,0.171263713488607,0.152737657010448,0.137967953225544,0.108318374793663,0.0771757184171975,0.0540088918360766,0.0213751036317418,0.0027954506811717302,0.0443171037859534,0.0589420760076234
0.9705116852910219,1.0,0.948607169920951,0.939580525705765,0.896034737235717,0.8707734470716941,0.828444445276476,0.7917896684539231,0.7639907710335692,0.7226088169375641,0.701026411727172,0.663700228027604,0.6418411617652281,0.60827829899195,0.578536308571928,0.54433847709365,0.494601275301293,0.43101174495155997,0.375345907793651,0.33538577979376694,0.299348667058766,0.25509283046788,0.219290324544025,0.199758328760168,0.184660842539623,0.15241165881461802,0.117029742817434,0.0902122294502605,0.0500597992944774,0.0259028349762109,0.0263845257000028,0.0434208334040838
0.844380125887371,0.948607169920951,1.0,0.985739531357759,0.9345459846340491,0.912143487204967,0.875215205530458,0.841217326205647,0.8135345561047921,0.771294092043375,0.7494412528823471,0.710880754868008,0.693456035030882,0.663319759546964,0.6333570380050961,0.597242164367388,0.545935441378913,0.480454002491378,0.423416879858944,0.385073798416941,0.349801126174352,0.302969495488922,0.26469267641281696,0.24560563007879102,0.23147816262785997,0.19868412579106196,0.16079666646378,0.13156280500922699,0.0851226681431162,0.0556971315589272,0.0010889176587179801,0.0177184284425074
0.8410688369130319,0.939580525705765,0.985739531357759,1.0,0.9810994619550529,0.9644235083387209,0.9244993588839759,0.8892894691239209,0.8624239860269359,0.819788279874189,0.797279650829326,0.757034909917224,0.7401521223038021,0.7096833635587428,0.6802371795298741,0.6443660010798249,0.59341247894812,0.527574874939135,0.46899159736993895,0.428085600739572,0.390265790496224,0.340598431178229,0.299802733528061,0.28103612613797696,0.26780320572549304,0.234710714065708,0.19494565079573,0.165423830187618,0.119204036772625,0.0880361377446208,0.0296182675199227,0.008425552228271559
0.8075725049281891,0.896034737235717,0.9345459846340491,0.9810994619550529,1.0,0.990497671100373,0.948537828344525,0.913177105427181,0.8881997426722421,0.846614531736229,0.8241463322732191,0.783385459311434,0.7677217835614559,0.737946208963748,0.71013340722416,0.675808662296423,0.6270598824542161,0.563136706029886,0.504843411593955,0.462434234225574,0.42302044705851294,0.37184546228015003,0.32959332842678396,0.31185763298714503,0.30012046250443997,0.26785289892448,0.22733242464714498,0.19852156099224103,0.15418664177903196,0.122115377714237,0.0613788390623936,0.0381912503603341
0.78208858782585,0.8707734470716941,0.912143487204967,0.9644235083387209,0.990497671100373,1.0,0.982371041942806,0.958336215124664,0.9317513501839091,0.888048572592167,0.865312262740013,0.823388304473456,0.8075181189060829,0.7767980075206571,0.748305995196821,0.7129794377331871,0.6639669327753879,0.599830015877535,0.5407518791864749,0.497732089802437,0.457436689236583,0.40472734234220603,0.36097182547297296,0.34388240511780893,0.33317229024658396,0.30067838243750705,0.258375233832071,0.22978970011372302,0.18736900964695102,0.154508288961465,0.0929584570026789,0.0683102769422696
0.738425711584734,0.828444445276476,0.875215205530458,0.9244993588839759,0.948537828344525,0.982371041942806,1.0,0.9924993663727221,0.963689837919784,0.9176947303945509,0.8950928820810409,0.8526561837096039,0.8364894509422609,0.804937088141442,0.7756480498568091,0.7392546281335729,0.6903283306225411,0.6267850386606421,0.567875830078989,0.525446820354331,0.485325830888919,0.43213231535898,0.387714249803393,0.37161354577774197,0.362139092376487,0.329824055433423,0.286218179769555,0.258391653070218,0.21906693369487698,0.186128336248315,0.125559865466125,0.10003317698863301
0.7022039344478139,0.7917896684539231,0.841217326205647,0.8892894691239209,0.913177105427181,0.958336215124664,0.9924993663727221,1.0,0.98490153570761,0.9497524148679849,0.9284738814612271,0.8866547204471781,0.8706252076671609,0.838573634028134,0.8103347934906441,0.775050316855332,0.727872099516472,0.665769854363543,0.60722334518422,0.5647788608126839,0.524213933761886,0.47027260961070294,0.42488524977423603,0.40939917515687896,0.400723567559883,0.36803408025361606,0.32245539481376,0.29514837932603,0.25873613280393204,0.225186725781512,0.162255433264928,0.134528719784685
0.676243624290243,0.7639907710335692,0.8135345561047921,0.8624239860269359,0.8881997426722421,0.9317513501839091,0.963689837919784,0.98490153570761,1.0,0.9891767899957199,0.970363686002391,0.930138070501951,0.9146187930693391,0.8822536490287191,0.856845290387232,0.8247553152854692,0.780839842631277,0.720784993595632,0.662536359433027,0.619259612546228,0.577423182007036,0.522203449960145,0.4753077418504771,0.45999178850164896,0.45164059142877505,0.41785309710964896,0.36937286582212897,0.34222283357041405,0.308415296059259,0.27354458127876397,0.20449518374818398,0.173050544806441
0.638317966726964,0.7226088169375641,0.771294092043375,0.819788279874189,0.846614531736229,0.888048572592167,0.9176947303945509,0.9497524148679849,0.9891767899957199,1.0,0.9892645191403628,0.9568064351010641,0.9425305809666971,0.9108763072600681,0.8887375668074641,0.860254473538016,0.820380678314101,0.763559025055061,0.7069265025354441,0.664380621281063,0.6226411214325429,0.567782711388342,0.520671562044402,0.505669003578104,0.4974794752255129,0.46291653610708705,0.41216573624854996,0.38507843256646296,0.352812670266937,0.31634171951106,0.24526794846525,0.211603508204966
0.618385783762666,0.701026411727172,0.7494412528823471,0.797279650829326,0.8241463322732191,0.865312262740013,0.8950928820810409,0.9284738814612271,0.970363686002391,0.9892645191403628,1.0,0.98901847426331,0.9768345866906241,0.94661170240068,0.9266110231206529,0.90000813129193,0.862649491699454,0.8078561249524909,0.7525149727145479,0.712281941131602,0.6718899189923822,0.618500592377889,0.571942297429386,0.5565959853491109,0.547504245532166,0.511073069594357,0.45724440917828,0.42814528726783796,0.391722775429932,0.35091035818107796,0.285771245219568,0.252734666794697
0.5844738876166949,0.663700228027604,0.710880754868008,0.757034909917224,0.783385459311434,0.823388304473456,0.8526561837096039,0.8866547204471781,0.930138070501951,0.9568064351010641,0.98901847426331,1.0,0.9905471789669709,0.962770931330723,0.945466638054392,0.92135955917803,0.887418383502606,0.835945767058492,0.78315448113237,0.7461499824485059,0.708000851933214,0.657272624825843,0.6122868178953139,0.596938642645593,0.5871408864773051,0.549604381511738,0.493792930478792,0.463278636965271,0.423417663960739,0.37904081230155895,0.321300435238497,0.289581871310469
0.560759368684228,0.6418411617652281,0.693456035030882,0.7401521223038021,0.7677217835614559,0.8075181189060829,0.8364894509422609,0.8706252076671609,0.9146187930693391,0.9425305809666971,0.9768345866906241,0.9905471789669709,1.0,0.990750296814861,0.97910934805196,0.9562758117769091,0.9261870158653539,0.87953617909684,0.8295002267936858,0.793868091901315,0.756306871852103,0.7069571797501859,0.662476466776036,0.647859088330781,0.638498693102811,0.6006294866282359,0.5427775118759961,0.5115771931907209,0.47014665377060294,0.422382133747756,0.364816621038149,0.331574273305815
0.526869195989978,0.60827829899195,0.663319759546964,0.7096833635587428,0.737946208963748,0.7767980075206571,0.804937088141442,0.838573634028134,0.8822536490287191,0.9108763072600681,0.94661170240068,0.962770931330723,0.990750296814861,1.0,0.994178037507014,0.973029075273438,0.947310918120876,0.906297766095223,0.8599182363380559,0.8263064995231428,0.790025541090886,0.7429575107141719,0.699803841993544,0.6861812993471539,0.6774276744006279,0.6399337444815129,0.581139283261672,0.54984066902525,0.507628083549906,0.45740078078952795,0.40107902217322794,0.366947611098736
0.499342072639265,0.578536308571928,0.6333570380050961,0.6802371795298741,0.71013340722416,0.748305995196821,0.7756480498568091,0.8103347934906441,0.856845290387232,0.8887375668074641,0.9266110231206529,0.945466638054392,0.97910934805196,0.994178037507014,1.0,0.991890478679946,0.9743379127970971,0.9360237694575619,0.891792090167851,0.8614120318319342,0.827362939012102,0.781559511033881,0.738922063787643,0.726789548933479,0.7194716193521741,0.679834223082504,0.616410409931985,0.583384279679854,0.5407829490776239,0.48853884126588204,0.42941286422251096,0.3932608385859229
0.46893982075635604,0.54433847709365,0.597242164367388,0.6443660010798249,0.675808662296423,0.7129794377331871,0.7392546281335729,0.775050316855332,0.8247553152854692,0.860254473538016,0.90000813129193,0.92135955917803,0.9562758117769091,0.973029075273438,0.991890478679946,1.0,0.9917422341650179,0.955594421567078,0.9134879146947791,0.8869565669725141,0.855743861696438,0.811370176228504,0.7694604204624259,0.759062738538223,0.7534743037370629,0.7114248126627719,0.6430757432886579,0.608238236406674,0.565845046233022,0.5123442768127721,0.44991575730262606,0.411851036182552
0.423797679246559,0.494601275301293,0.545935441378913,0.59341247894812,0.6270598824542161,0.6639669327753879,0.6903283306225411,0.727872099516472,0.780839842631277,0.820380678314101,0.862649491699454,0.887418383502606,0.9261870158653539,0.947310918120876,0.9743379127970971,0.9917422341650179,1.0,0.983910268072761,0.955148828156869,0.9338003086022679,0.906270701872154,0.8678195027431079,0.829745802245051,0.819796568027381,0.813281293018606,0.7770824045264741,0.7149072601174109,0.6806309910113131,0.627184990264813,0.564438996199363,0.516355589303934,0.480972195222202
0.365963961540336,0.43101174495155997,0.480454002491378,0.527574874939135,0.563136706029886,0.599830015877535,0.6267850386606421,0.665769854363543,0.720784993595632,0.763559025055061,0.8078561249524909,0.835945767058492,0.87953617909684,0.906297766095223,0.9360237694575619,0.955594421567078,0.983910268072761,1.0,0.992378861461123,0.9769472925692141,0.9537358016181229,0.924678120310281,0.8930581642621079,0.8826111114955542,0.873238483171696,0.8493956247543759,0.80257084353848,0.771250087087743,0.699920100385131,0.623661945580916,0.603110358555825,0.574342511711402
0.315071681812209,0.375345907793651,0.423416879858944,0.46899159736993895,0.504843411593955,0.5407518791864749,0.567875830078989,0.60722334518422,0.662536359433027,0.7069265025354441,0.7525149727145479,0.78315448113237,0.8295002267936858,0.8599182363380559,0.891792090167851,0.9134879146947791,0.955148828156869,0.992378861461123,1.0,0.992511280831072,0.975560956193945,0.954566226990801,0.928655458035495,0.9184710092363979,0.907561784405282,0.8916977421983879,0.8547140500291508,0.825065135981155,0.741737694388706,0.656795660865184,0.655528592675954,0.631696801762563
0.276505891962723,0.33538577979376694,0.385073798416941,0.428085600739572,0.462434234225574,0.497732089802437,0.525446820354331,0.5647788608126839,0.619259612546228,0.664380621281063,0.712281941131602,0.7461499824485059,0.793868091901315,0.8263064995231428,0.8614120318319342,0.8869565669725141,0.9338003086022679,0.9769472925692141,0.992511280831072,1.0,0.9950958089816501,0.981091869943298,0.9600392580296769,0.9514193354902059,0.9408419807692979,0.9252959187724179,0.88761688892659,0.8559449299752891,0.765411324477041,0.6753321863589339,0.6818337964394139,0.65981943441114
0.24224368557069498,0.299348667058766,0.349801126174352,0.390265790496224,0.42302044705851294,0.457436689236583,0.485325830888919,0.524213933761886,0.577423182007036,0.6226411214325429,0.6718899189923822,0.708000851933214,0.756306871852103,0.790025541090886,0.827362939012102,0.855743861696438,0.906270701872154,0.9537358016181229,0.975560956193945,0.9950958089816501,1.0,0.9918105892104,0.974922876496938,0.9676644056920458,0.95747180514256,0.942353748107058,0.9045249309652149,0.871562160418399,0.7761862255827621,0.682935234447162,0.695656371244784,0.675355168371526
0.20284734012364602,0.25509283046788,0.302969495488922,0.340598431178229,0.37184546228015003,0.40472734234220603,0.43213231535898,0.47027260961070294,0.522203449960145,0.567782711388342,0.618500592377889,0.657272624825843,0.7069571797501859,0.7429575107141719,0.781559511033881,0.811370176228504,0.8678195027431079,0.924678120310281,0.954566226990801,0.981091869943298,0.9918105892104,1.0,0.9953610971788751,0.9904799270217759,0.979568463376732,0.9677508402065571,0.933833645911969,0.9040230759458391,0.8116219500357729,0.718024446467499,0.7416109085679209,0.7234077730346509
0.171263713488607,0.219290324544025,0.26469267641281696,0.299802733528061,0.32959332842678396,0.36097182547297296,0.387714249803393,0.42488524977423603,0.4753077418504771,0.520671562044402,0.571942297429386,0.6122868178953139,0.662476466776036,0.699803841993544,0.738922063787643,0.7694604204624259,0.829745802245051,0.8930581642621079,0.928655458035495,0.9600392580296769,0.974922876496938,0.9953610971788751,1.0,0.996954995928341,0.985610659759396,0.976415026778337,0.945827022011562,0.9187409126850441,0.829645729763051,0.7368286333344449,0.7683158529342371,0.7518753848814301
0.152737657010448,0.199758328760168,0.24560563007879102,0.28103612613797696,0.31185763298714503,0.34388240511780893,0.37161354577774197,0.40939917515687896,0.45999178850164896,0.505669003578104,0.5565959853491109,0.596938642645593,0.647859088330781,0.6861812993471539,0.726789548933479,0.759062738538223,0.819796568027381,0.8826111114955542,0.9184710092363979,0.9514193354902059,0.9676644056920458,0.9904799270217759,0.996954995928341,1.0,0.9956247880768969,0.9866156740228079,0.95174346322101,0.924982608784187,0.8431586656360258,0.753484000593729,0.775943338949708,0.7559972752818
0.137967953225544,0.184660842539623,0.23147816262785997,0.26780320572549304,0.30012046250443997,0.33317229024658396,0.362139092376487,0.400723567559883,0.45164059142877505,0.4974794752255129,0.547504245532166,0.5871408864773051,0.638498693102811,0.6774276744006279,0.7194716193521741,0.7534743037370629,0.813281293018606,0.873238483171696,0.907561784405282,0.9408419807692979,0.95747180514256,0.979568463376732,0.985610659759396,0.9956247880768969,1.0,0.990526459588043,0.9496333170116159,0.9226612981874691,0.8493756716222359,0.7639177041776791,0.7728335508784909,0.748182317646324
0.108318374793663,0.15241165881461802,0.19868412579106196,0.234710714065708,0.26785289892448,0.30067838243750705,0.329824055433423,0.36803408025361606,0.41785309710964896,0.46291653610708705,0.511073069594357,0.549604381511738,0.6006294866282359,0.6399337444815129,0.679834223082504,0.7114248126627719,0.7770824045264741,0.8493956247543759,0.8916977421983879,0.9252959187724179,0.942353748107058,0.9677508402065571,0.976415026778337,0.9866156740228079,0.990526459588043,1.0,0.982952748163158,0.964367806602741,0.8808234881197471,0.7881753466169008,0.816404510461774,0.797010030801525
0.0771757184171975,0.117029742817434,0.16079666646378,0.19494565079573,0.22733242464714498,0.258375233832071,0.286218179769555,0.32245539481376,0.36937286582212897,0.41216573624854996,0.45724440917828,0.493792930478792,0.5427775118759961,0.581139283261672,0.616410409931985,0.6430757432886579,0.7149072601174109,0.80257084353848,0.8547140500291508,0.88761688892659,0.9045249309652149,0.933833645911969,0.945827022011562,0.95174346322101,0.9496333170116159,0.982952748163158,1.0,0.992579281377106,0.8931566796360709,0.79136294291801,0.8513715032241189,0.8419673029716049
0.0540088918360766,0.0902122294502605,0.13156280500922699,0.165423830187618,0.19852156099224103,0.22978970011372302,0.258391653070218,0.29514837932603,0.34222283357041405,0.38507843256646296,0.42814528726783796,0.463278636965271,0.5115771931907209,0.54984066902525,0.583384279679854,0.608238236406674,0.6806309910113131,0.771250087087743,0.825065135981155,0.8559449299752891,0.871562160418399,0.9040230759458391,0.9187409126850441,0.924982608784187,0.9226612981874691,0.964367806602741,0.992579281377106,1.0,0.9327360355033879,0.845941922934923,0.895662569252509,0.880760021178027
0.0213751036317418,0.0500597992944774,0.0851226681431162,0.119204036772625,0.15418664177903196,0.18736900964695102,0.21906693369487698,0.25873613280393204,0.308415296059259,0.352812670266937,0.391722775429932,0.423417663960739,0.47014665377060294,0.507628083549906,0.5407829490776239,0.565845046233022,0.627184990264813,0.699920100385131,0.741737694388706,0.765411324477041,0.7761862255827621,0.8116219500357729,0.829645729763051,0.8431586656360258,0.8493756716222359,0.8808234881197471,0.8931566796360709,0.9327360355033879,1.0,0.9813181432295079,0.946137342394889,0.8985038568083991
0.0027954506811717302,0.0259028349762109,0.0556971315589272,0.0880361377446208,0.122115377714237,0.154508288961465,0.186128336248315,0.225186725781512,0.27354458127876397,0.31634171951106,0.35091035818107796,0.37904081230155895,0.422382133747756,0.45740078078952795,0.48853884126588204,0.5123442768127721,0.564438996199363,0.623661945580916,0.656795660865184,0.6753321863589339,0.682935234447162,0.718024446467499,0.7368286333344449,0.753484000593729,0.7639177041776791,0.7881753466169008,0.79136294291801,0.845941922934923,0.9813181432295079,1.0,0.92143636908187,0.8589374254916871
0.0443171037859534,0.0263845257000028,0.0010889176587179801,0.0296182675199227,0.0613788390623936,0.0929584570026789,0.125559865466125,0.162255433264928,0.20449518374818398,0.24526794846525,0.285771245219568,0.321300435238497,0.364816621038149,0.40107902217322794,0.42941286422251096,0.44991575730262606,0.516355589303934,0.603110358555825,0.655528592675954,0.6818337964394139,0.695656371244784,0.7416109085679209,0.7683158529342371,0.775943338949708,0.7728335508784909,0.816404510461774,0.8513715032241189,0.895662569252509,0.946137342394889,0.92143636908187,1.0,0.9904124428542399
0.0589420760076234,0.0434208334040838,0.0177184284425074,0.008425552228271559,0.0381912503603341,0.0683102769422696,0.10003317698863301,0.134528719784685,0.173050544806441,0.211603508204966,0.252734666794697,0.289581871310469,0.331574273305815,0.366947611098736,0.3932608385859229,0.411851036182552,0.480972195222202,0.574342511711402,0.631696801762563,0.65981943441114,0.675355168371526,0.7234077730346509,0.7518753848814301,0.7559972752818,0.748182317646324,0.797010030801525,0.8419673029716049,0.880760021178027,0.8985038568083991,0.8589374254916871,0.9904124428542399,1.0
