1.0,0.98367946264841,0.9321176142118679,0.849388641774241,0.748052054560151,0.6473540827671209,0.634129839502467,0.5930789489577181,0.5460989008734939,0.502959880010131,0.46618802584676,0.45473564345000395,0.44253162420098996,0.426154725396851,0.40845614071865,0.3910610454373711,0.381291391855952,0.37242945300620794,0.36009513247803293,0.34725709401259697,0.33517976454931897,0.32835002297760996,0.326811342137882,0.31813178345456,0.30781330365834497,0.29794412642863694,0.289146157639023,0.29894660123282,0.292506859398036,0.28196773339526804,0.27180603230818107,0.26304578757336805
0.98367946264841,1.0,0.982067538817534,0.930487305186428,0.8552520320777222,0.773910214482295,0.753969026641533,0.7018484946569828,0.643609832083115,0.5906385466546501,0.545715045317269,0.5357840832114179,0.525760725445123,0.510055540770424,0.4921078784074461,0.47395210028944396,0.465702034246959,0.45875420945840095,0.446648732435874,0.433220762752514,0.420202090584323,0.41370455188411104,0.41432858867233,0.405202991717409,0.39347809137502904,0.3819626815798561,0.37155911062262104,0.38191846821103104,0.37212929685916707,0.35764807356478995,0.343984232836306,0.332315247396599
0.9321176142118679,0.982067538817534,1.0,0.9828642619779799,0.9376135274072479,0.879402636303462,0.8531220698193729,0.7912287665221341,0.723233664350438,0.661815929018958,0.609924981487652,0.601936067235299,0.594548743651906,0.58009757774949,0.5625176941694351,0.5442009285921429,0.537832103166785,0.533133280333922,0.521691675909966,0.5081160019365221,0.49456707944975803,0.488645249651543,0.4915135086136,0.48224025246650504,0.469452470954699,0.45661556713703005,0.44489412338539397,0.45547618837275805,0.44252044688379294,0.424416036111419,0.407561357809554,0.393253409226476
0.849388641774241,0.930487305186428,0.9828642619779799,1.0,0.9856348239753571,0.952057826160588,0.9204901786842958,0.851187517128301,0.776010566953388,0.7084637695642639,0.6515595429236509,0.645746392523462,0.6411925072619139,0.6284684376055151,0.611857616272395,0.594018469420711,0.589709788226239,0.587372783695711,0.5769769341966371,0.563727498174784,0.550129859653949,0.544976220378863,0.549939282402369,0.540843148488455,0.527459494168682,0.513775567136806,0.50117196905203,0.511604913775814,0.49600228366204097,0.474983034377485,0.455592912057565,0.43920081122370896
0.748052054560151,0.8552520320777222,0.9376135274072479,0.9856348239753571,1.0,0.9900029686324159,0.9545402069419999,0.8805324487848539,0.801035468790447,0.729903837013774,0.6701171215161209,0.666472259476625,0.664651386980582,0.65389230096175,0.6386687827013969,0.621803591050298,0.61951203067924,0.6194092720133431,0.61028413760059,0.597731964097285,0.584498510722845,0.580203662137173,0.586936840558875,0.578276472676122,0.564749245313522,0.5507006601053361,0.537667734767421,0.5476503779113701,0.530091675328561,0.5070337019408111,0.485903489740334,0.46809465153483204
0.6473540827671209,0.773910214482295,0.879402636303462,0.952057826160588,0.9900029686324159,1.0,0.965394955270683,0.89153571402476,0.8118463305760251,0.740408006799435,0.68030090165737,0.678450390057285,0.6785255334962529,0.669162990227285,0.654952361948422,0.638820066271562,0.6378450774939429,0.639145517257284,0.630824051612431,0.618717530830778,0.6057209746853389,0.6020168620679399,0.610033363129027,0.6017750924631271,0.5882521866349909,0.574044968525121,0.560795989039934,0.570149249040346,0.551120135181807,0.5266272152928859,0.504301990893951,0.485532618314656
0.634129839502467,0.753969026641533,0.8531220698193729,0.9204901786842958,0.9545402069419999,0.965394955270683,1.0,0.9788100213324641,0.936021407033492,0.890079653122018,0.847902262690443,0.8441058182151879,0.835431073562034,0.816554627367415,0.7930257093098999,0.768244662037564,0.7587353971208269,0.750467229359307,0.7330744922548,0.712970307593725,0.6931237266327739,0.685030488269718,0.6917723690964099,0.6806941597900389,0.6641216199475279,0.647101596423638,0.631392823678355,0.6397339513485369,0.616872096068422,0.588406629730728,0.562697509297542,0.541175870446246
0.5930789489577181,0.7018484946569828,0.7912287665221341,0.851187517128301,0.8805324487848539,0.89153571402476,0.9788100213324641,1.0,0.9882546787613471,0.9645542876634309,0.938494819613887,0.9333540567151579,0.9182285429212059,0.8927948020501261,0.8630871820467679,0.832713699703822,0.816963319741407,0.8015818729788101,0.777907635112774,0.7524960609535369,0.728230742833062,0.717082623503321,0.722497643364433,0.7097410145517858,0.6915754149825339,0.6731699272220101,0.6562894566262839,0.663432483432849,0.638666843257787,0.608458817425944,0.581336037006272,0.558694172767036
0.5460989008734939,0.643609832083115,0.723233664350438,0.776010566953388,0.801035468790447,0.8118463305760251,0.936021407033492,0.9882546787613471,1.0,0.9935510260381719,0.9802381946063871,0.974235869323421,0.954713126164809,0.925086742134578,0.8915867983686752,0.857876861315025,0.83790293306776,0.817636893074898,0.7899273411577891,0.7612552907735292,0.734361089274043,0.721240407339389,0.7255159866104008,0.7118583481375369,0.6930045066874909,0.6740723122419641,0.6567826364198089,0.6628346915148621,0.637330812050638,0.6066548524989711,0.579224562974543,0.5563706843059361
0.502959880010131,0.5906385466546501,0.661815929018958,0.7084637695642639,0.729903837013774,0.740408006799435,0.890079653122018,0.9645542876634309,0.9935510260381719,1.0,0.996346753970014,0.9897961867446881,0.9673068375384181,0.935018854673685,0.8992130775495121,0.8635387358418621,0.840733910590995,0.817150922851733,0.7868674403717829,0.75621096646079,0.7277740100696991,0.7133886902770179,0.7167539969145171,0.702634930654556,0.6835563240886819,0.6645204080762359,0.6471892873695589,0.652340094624876,0.626675192517522,0.596117198926552,0.5688746902852969,0.546210051890518
0.46618802584676,0.545715045317269,0.609924981487652,0.6515595429236509,0.6701171215161209,0.68030090165737,0.847902262690443,0.938494819613887,0.9802381946063871,0.996346753970014,1.0,0.99309225668804,0.968559915954266,0.9345420578081151,0.897304298766798,0.8604540136457219,0.8357110949827321,0.8098305529390308,0.777866165856165,0.7459759662614108,0.716619050763482,0.7014036577156221,0.7040547253383492,0.689708281193805,0.670622754274835,0.6516707221052559,0.634455882131099,0.638884052192335,0.6133162917930101,0.5831072109525649,0.556237981855902,0.5339087623125379
0.45473564345000395,0.5357840832114179,0.601936067235299,0.645746392523462,0.666472259476625,0.678450390057285,0.8441058182151879,0.9333540567151579,0.974235869323421,0.9897961867446881,0.99309225668804,1.0,0.9909790063463271,0.9696515821554279,0.942614879884942,0.9139316984937371,0.8929519756569559,0.8666118377817801,0.8334606522437941,0.8001491383209058,0.769368324768614,0.7534174864186659,0.755951061237019,0.7403188693702529,0.719661649661708,0.699191530582809,0.6806165770071889,0.6816555438365122,0.6517572931125419,0.617820850180153,0.588009811439751,0.5633854402880001
0.44253162420098996,0.525760725445123,0.594548743651906,0.6411925072619139,0.664651386980582,0.6785255334962529,0.835431073562034,0.9182285429212059,0.954713126164809,0.9673068375384181,0.968559915954266,0.9909790063463271,1.0,0.993670348873198,0.9788574863241769,0.960080420803131,0.944093480289336,0.9181590777186569,0.884570868863287,0.850463841587109,0.818775722243239,0.8024342461802879,0.804950134315782,0.7881719981825129,0.7660799666208922,0.7442126064708451,0.724380648435528,0.721746553076127,0.6874353239387441,0.649774721881323,0.61705178365409,0.590167956555845
0.426154725396851,0.510055540770424,0.58009757774949,0.6284684376055151,0.65389230096175,0.669162990227285,0.816554627367415,0.8927948020501261,0.925086742134578,0.935018854673685,0.9345420578081151,0.9696515821554279,0.993670348873198,1.0,0.9956391258664692,0.9854263626713441,0.9738465307058192,0.9486124818400171,0.915124533295008,0.880824481192846,0.8488160292749519,0.8323741169774409,0.834840231159652,0.8173346143577459,0.794346784997929,0.7716119985323561,0.751001888611027,0.7453255638739641,0.707791928823327,0.667532827104417,0.632823648330373,0.6044193571839379
0.40845614071865,0.4921078784074461,0.5625176941694351,0.611857616272395,0.6386687827013969,0.654952361948422,0.7930257093098999,0.8630871820467679,0.8915867983686752,0.8992130775495121,0.897304298766798,0.942614879884942,0.9788574863241769,0.9956391258664692,1.0,0.9969976437575979,0.989189042736047,0.964779283119605,0.931696659143677,0.897566184490194,0.8655995488353442,0.849232356595333,0.851633418840774,0.8336920257391409,0.810181365962636,0.786944876464196,0.7658867674091829,0.7577386274402159,0.7178899318194569,0.675860101414288,0.639835266573906,0.610441485402473
0.3910610454373711,0.47395210028944396,0.5442009285921429,0.594018469420711,0.621803591050298,0.638820066271562,0.768244662037564,0.832713699703822,0.857876861315025,0.8635387358418621,0.8604540136457219,0.9139316984937371,0.960080420803131,0.9854263626713441,0.9969976437575979,1.0,0.995373330211086,0.9718093941417042,0.93928227350252,0.905518564627555,0.873798320606581,0.8576015315391199,0.8599326991040089,0.84174840788173,0.8179594724118979,0.794460427959367,0.7731699143927451,0.763024058550245,0.721517678657763,0.67829641749466,0.641418109286984,0.611397670470313
0.381291391855952,0.465702034246959,0.537832103166785,0.589709788226239,0.61951203067924,0.6378450774939429,0.7587353971208269,0.816963319741407,0.83790293306776,0.840733910590995,0.8357110949827321,0.8929519756569559,0.944093480289336,0.9738465307058192,0.989189042736047,0.995373330211086,1.0,0.989436209757108,0.96676753138813,0.940464355870126,0.9144559695404171,0.9006539359273499,0.897873935390846,0.875083737940627,0.847497662597432,0.820943552331994,0.797194043680146,0.786087683802097,0.742911333173165,0.698113214299689,0.659938907848201,0.6288841200236329
0.37242945300620794,0.45875420945840095,0.533133280333922,0.587372783695711,0.6194092720133431,0.639145517257284,0.750467229359307,0.8015818729788101,0.817636893074898,0.817150922851733,0.8098305529390308,0.8666118377817801,0.9181590777186569,0.9486124818400171,0.964779283119605,0.9718093941417042,0.989436209757108,1.0,0.993617131265831,0.979803310433283,0.9634626537690709,0.95370513804802,0.942523517565864,0.9125719292736,0.8792596400912159,0.848186429627452,0.820847532149887,0.8097472842551109,0.7655933174525179,0.7196564402758872,0.680473662710954,0.648582559779807
0.36009513247803293,0.446648732435874,0.521691675909966,0.5769769341966371,0.61028413760059,0.630824051612431,0.7330744922548,0.777907635112774,0.7899273411577891,0.7868674403717829,0.777866165856165,0.8334606522437941,0.884570868863287,0.915124533295008,0.931696659143677,0.93928227350252,0.96676753138813,0.993617131265831,1.0,0.996106282509744,0.987527028245188,0.981059174214858,0.9635032585180401,0.9284165344916341,0.891134944432661,0.856999031230682,0.827266338477335,0.8163329423802391,0.7720630361465358,0.725910865169142,0.686515545118303,0.654439380375722
0.34725709401259697,0.433220762752514,0.5081160019365221,0.563727498174784,0.597731964097285,0.618717530830778,0.712970307593725,0.7524960609535369,0.7612552907735292,0.75621096646079,0.7459759662614108,0.8001491383209058,0.850463841587109,0.880824481192846,0.897566184490194,0.905518564627555,0.940464355870126,0.979803310433283,0.996106282509744,1.0,0.9975627103535519,0.993723271255157,0.9713415913304341,0.9325532530768541,0.892500677840588,0.8562743721221361,0.824934947659016,0.81422906280637,0.7702617569565241,0.7243512565144541,0.685139742099146,0.6532038503565339
0.33517976454931897,0.420202090584323,0.49456707944975803,0.550129859653949,0.584498510722845,0.6057209746853389,0.6931237266327739,0.728230742833062,0.734361089274043,0.7277740100696991,0.716619050763482,0.769368324768614,0.818775722243239,0.8488160292749519,0.8655995488353442,0.873798320606581,0.9144559695404171,0.9634626537690709,0.987527028245188,0.9975627103535519,1.0,0.998262039764207,0.9721844786437951,0.930680529137391,0.8886558769542091,0.8509750398564542,0.818536912088862,0.80807017955917,0.7645850265248829,0.719119179799202,0.680269549450527,0.648620933091277
0.32835002297760996,0.41370455188411104,0.488645249651543,0.544976220378863,0.580203662137173,0.6020168620679399,0.685030488269718,0.717082623503321,0.721240407339389,0.7133886902770179,0.7014036577156221,0.7534174864186659,0.8024342461802879,0.8323741169774409,0.849232356595333,0.8576015315391199,0.9006539359273499,0.95370513804802,0.981059174214858,0.993723271255157,0.998262039764207,1.0,0.9816382859830171,0.945544387780783,0.9073105917182791,0.8723481690075471,0.8419173038225849,0.829009230418606,0.7827731642239,0.735071825279546,0.694506656157922,0.6615416404062651
0.326811342137882,0.41432858867233,0.4915135086136,0.549939282402369,0.586936840558875,0.610033363129027,0.6917723690964099,0.722497643364433,0.7255159866104008,0.7167539969145171,0.7040547253383492,0.755951061237019,0.804950134315782,0.834840231159652,0.851633418840774,0.8599326991040089,0.897873935390846,0.942523517565864,0.9635032585180401,0.9713415913304341,0.9721844786437951,0.9816382859830171,1.0,0.9902710046935309,0.9708545441989229,0.949586113964865,0.9293892213214459,0.907272429336414,0.850619139108976,0.7944742364321551,0.747437934212317,0.7095113322971691
0.31813178345456,0.405202991717409,0.48224025246650504,0.540843148488455,0.578276472676122,0.6017750924631271,0.6806941597900389,0.7097410145517858,0.7118583481375369,0.702634930654556,0.689708281193805,0.7403188693702529,0.7881719981825129,0.8173346143577459,0.8336920257391409,0.84174840788173,0.875083737940627,0.9125719292736,0.9284165344916341,0.9325532530768541,0.930680529137391,0.945544387780783,0.9902710046935309,1.0,0.9947596408257,0.983972691961103,0.971708441391812,0.9433853739691078,0.8804428247757401,0.8194366792616709,0.7687673841912241,0.7280983434253141
0.30781330365834497,0.39347809137502904,0.469452470954699,0.527459494168682,0.564749245313522,0.5882521866349909,0.6641216199475279,0.6915754149825339,0.6930045066874909,0.6835563240886819,0.670622754274835,0.719661649661708,0.7660799666208922,0.794346784997929,0.810181365962636,0.8179594724118979,0.847497662597432,0.8792596400912159,0.891134944432661,0.892500677840588,0.8886558769542091,0.9073105917182791,0.9708545441989229,0.9947596408257,1.0,0.997047886659688,0.990764030509732,0.9582318282757901,0.891448062160822,0.8276259357123141,0.774915048434367,0.7327348542617801
0.29794412642863694,0.3819626815798561,0.45661556713703005,0.513775567136806,0.5507006601053361,0.574044968525121,0.647101596423638,0.6731699272220101,0.6740723122419641,0.6645204080762359,0.6516707221052559,0.699191530582809,0.7442126064708451,0.7716119985323561,0.786944876464196,0.794460427959367,0.820943552331994,0.848186429627452,0.856999031230682,0.8562743721221361,0.8509750398564542,0.8723481690075471,0.949586113964865,0.983972691961103,0.997047886659688,1.0,0.998250648924658,0.962781490896356,0.893572982453381,0.8280756585195699,0.7741946034738392,0.731170065520875
0.289146157639023,0.37155911062262104,0.44489412338539397,0.50117196905203,0.537667734767421,0.560795989039934,0.631392823678355,0.6562894566262839,0.6567826364198089,0.6471892873695589,0.634455882131099,0.6806165770071889,0.724380648435528,0.751001888611027,0.7658867674091829,0.7731699143927451,0.797194043680146,0.820847532149887,0.827266338477335,0.824934947659016,0.818536912088862,0.8419173038225849,0.9293892213214459,0.971708441391812,0.990764030509732,0.998250648924658,1.0,0.962411999714748,0.8916147821980241,0.8250909862629129,0.77052561591648,0.727023983274021
0.29894660123282,0.38191846821103104,0.45547618837275805,0.511604913775814,0.5476503779113701,0.570149249040346,0.6397339513485369,0.663432483432849,0.6628346915148621,0.652340094624876,0.638884052192335,0.6816555438365122,0.721746553076127,0.7453255638739641,0.7577386274402159,0.763024058550245,0.786087683802097,0.8097472842551109,0.8163329423802391,0.81422906280637,0.80807017955917,0.829009230418606,0.907272429336414,0.9433853739691078,0.9582318282757901,0.962781490896356,0.962411999714748,1.0,0.981076180489437,0.9475261554617199,0.9146769399559329,0.8861731432762391
0.292506859398036,0.37212929685916707,0.44252044688379294,0.49600228366204097,0.530091675328561,0.551120135181807,0.616872096068422,0.638666843257787,0.637330812050638,0.626675192517522,0.6133162917930101,0.6517572931125419,0.6874353239387441,0.707791928823327,0.7178899318194569,0.721517678657763,0.742911333173165,0.7655933174525179,0.7720630361465358,0.7702617569565241,0.7645850265248829,0.7827731642239,0.850619139108976,0.8804428247757401,0.891448062160822,0.893572982453381,0.8916147821980241,0.981076180489437,1.0,0.9914921246062259,0.975627057278927,0.959118997932833
0.28196773339526804,0.35764807356478995,0.424416036111419,0.474983034377485,0.5070337019408111,0.5266272152928859,0.588406629730728,0.608458817425944,0.6066548524989711,0.596117198926552,0.5831072109525649,0.617820850180153,0.649774721881323,0.667532827104417,0.675860101414288,0.67829641749466,0.698113214299689,0.7196564402758872,0.725910865169142,0.7243512565144541,0.719119179799202,0.735071825279546,0.7944742364321551,0.8194366792616709,0.8276259357123141,0.8280756585195699,0.8250909862629129,0.9475261554617199,0.9914921246062259,1.0,0.9958897085123579,0.987796507860837
0.27180603230818107,0.343984232836306,0.407561357809554,0.455592912057565,0.485903489740334,0.504301990893951,0.562697509297542,0.581336037006272,0.579224562974543,0.5688746902852969,0.556237981855902,0.588009811439751,0.61705178365409,0.632823648330373,0.639835266573906,0.641418109286984,0.659938907848201,0.680473662710954,0.686515545118303,0.685139742099146,0.680269549450527,0.694506656157922,0.747437934212317,0.7687673841912241,0.774915048434367,0.7741946034738392,0.77052561591648,0.9146769399559329,0.975627057278927,0.9958897085123579,1.0,0.997843309316872
0.26304578757336805,0.332315247396599,0.393253409226476,0.43920081122370896,0.46809465153483204,0.485532618314656,0.541175870446246,0.558694172767036,0.5563706843059361,0.546210051890518,0.5339087623125379,0.5633854402880001,0.590167956555845,0.6044193571839379,0.610441485402473,0.611397670470313,0.6288841200236329,0.648582559779807,0.654439380375722,0.6532038503565339,0.648620933091277,0.6615416404062651,0.7095113322971691,0.7280983434253141,0.7327348542617801,0.731170065520875,0.727023983274021,0.8861731432762391,0.959118997932833,0.987796507860837,0.997843309316872,1.0
