1.0,0.9834544280221128,0.904320452615468,0.748399721731797,0.715970775294078,0.6363008602685479,0.514885678435174,0.437920301941755,0.35158608523534096,0.278500710880677,0.24613870714483801,0.21984679984963298,0.195293373614782,0.171477181701547,0.147473378961176,0.12570721032241902,0.106994197228004,0.0894132775152298,0.0737279883435993,0.0553874700434223,0.0304663426545613,0.0108189409043068,0.00199372701018252,0.0207411068136633,0.0348094645348062,0.0451091875862829,0.0571076182359833,0.0636746647474713,0.0673912898908847,0.0584580989309552,0.0471628510313348,0.0387354388081022
0.9834544280221128,1.0,0.966685027618135,0.856042620086022,0.822222970715319,0.7346130482259859,0.598844174852697,0.5137704655483429,0.416433226405389,0.333356249527825,0.296811213473248,0.266917415128869,0.23877717477318303,0.213578291398725,0.18847061900406498,0.16516000461263097,0.14441302205052803,0.12394525265783,0.105291804806069,0.085072866041051,0.0591472005917898,0.0379159313352231,0.0286153557988624,0.0511182566328884,0.0672766848571965,0.0786294634949809,0.0890588319378464,0.0936639364362527,0.0956197640572651,0.0842144912094836,0.0693981607366335,0.0581155296664808
0.904320452615468,0.966685027618135,1.0,0.959607531163385,0.9257402042226669,0.8318781448757919,0.683525044662788,0.5918175718679599,0.484451701301134,0.39196674220057504,0.35158304272446805,0.318294638415844,0.28668168013365697,0.260957697930701,0.235713724472046,0.21154240358666698,0.189097687495205,0.165711254781288,0.14392139563693201,0.122194573880058,0.0963193355145798,0.0740537724019287,0.0646088038007212,0.0911424019989636,0.10933797437761901,0.12153506785420802,0.129156110039206,0.130727955935771,0.130084934261695,0.11583327096201401,0.0968817208238608,0.0822043825558355
0.748399721731797,0.856042620086022,0.959607531163385,1.0,0.975334129277545,0.888944828000972,0.7444416746233101,0.6533092969516221,0.542382528273488,0.445415647257579,0.4037080859402701,0.36893054726887203,0.335424429686076,0.31121873857832,0.28780859412237497,0.264293714987725,0.24182811366374501,0.21715021277500499,0.193320714891517,0.17146076143103398,0.147409435464481,0.125043744270223,0.115682806096949,0.14501410564328301,0.16389916378986902,0.17569702685649302,0.17901764594265196,0.17626757272058,0.172018086872526,0.15537518513734197,0.13218615551878898,0.11381390111532699
0.715970775294078,0.822222970715319,0.9257402042226669,0.975334129277545,1.0,0.968117388208203,0.8734604586322572,0.791030789076702,0.677496446198995,0.5741154766364,0.532065023338569,0.495943064987171,0.459657919711779,0.43717286525346205,0.41494869823344105,0.390374000724396,0.36945361993703707,0.3462697945263711,0.32106936704405103,0.298817506581819,0.27407684058396203,0.247538132839777,0.23499900295705703,0.266603672038554,0.283888255379085,0.292491741918854,0.29082354213476597,0.281549559707886,0.27137122075902803,0.2524539675143,0.221347304061113,0.19536873959710002
0.6363008602685479,0.7346130482259859,0.8318781448757919,0.888944828000972,0.968117388208203,1.0,0.9675779932237769,0.899959914680136,0.790264195842748,0.685794145569824,0.645872310327965,0.610387433189177,0.57312109190821,0.553934960372121,0.534387344115275,0.510081319120962,0.49216710848368506,0.47206693420961104,0.446819583545122,0.42545528848285996,0.401413665226335,0.37172824777197294,0.35633315728976706,0.38862542282406104,0.403058822490808,0.407522080159992,0.40029226072194396,0.38416997107815204,0.367872765082885,0.347507149802739,0.30927774553654497,0.27622270059705606
0.514885678435174,0.598844174852697,0.683525044662788,0.7444416746233101,0.8734604586322572,0.9675779932237769,1.0,0.951682249215869,0.8529398775712609,0.754117226686775,0.7189193501079201,0.6863680478396489,0.6505186230975389,0.6358975724707759,0.620310848987513,0.5978451329198969,0.584118698466124,0.568425568325797,0.544761096302818,0.525671186919618,0.503886736509495,0.47294528874342406,0.455664617071847,0.48656510392089203,0.49719174971943697,0.497192287959226,0.484821589223636,0.462835247937323,0.441420768310463,0.42090977364164295,0.37796703973874396,0.33991120672263103
0.437920301941755,0.5137704655483429,0.5918175718679599,0.6533092969516221,0.791030789076702,0.899959914680136,0.951682249215869,1.0,0.9720276648548659,0.9193523687163829,0.8940695206057709,0.862376673436611,0.8249182646813771,0.8087873035920692,0.7890409109578459,0.760529102933221,0.7448111367412941,0.727729491122333,0.699815286233815,0.676349854920004,0.647608076739454,0.6072811341693181,0.580536535115208,0.5992155622676429,0.597167488338595,0.5859687055712671,0.5769311089954631,0.5546353244579529,0.53178763586398,0.508229229967495,0.4570165691192,0.41144234060268703
0.35158608523534096,0.416433226405389,0.484451701301134,0.542382528273488,0.677496446198995,0.790264195842748,0.8529398775712609,0.9720276648548659,1.0,0.9860406289725431,0.9699515910286529,0.9409414794143349,0.904659328732093,0.888378899725754,0.866691050565566,0.8353748308042259,0.8191145866712479,0.8020390937651491,0.772660119912211,0.747340909367284,0.715108259823823,0.6702051592539531,0.6379516947055239,0.6460711111520729,0.6344734398062329,0.615451549238617,0.609590492563264,0.588542440137099,0.566111483410473,0.541741224392424,0.48753656554734404,0.439184079188541
0.278500710880677,0.333356249527825,0.39196674220057504,0.445415647257579,0.5741154766364,0.685794145569824,0.754117226686775,0.9193523687163829,0.9860406289725431,1.0,0.9909724188811859,0.9648444406210649,0.930622151051707,0.9147858735560459,0.89245448963663,0.860208298296019,0.8441130470408249,0.8276188956322891,0.7981942098174221,0.772416325403925,0.738798015446352,0.692167990888371,0.657098943553621,0.6574579329332939,0.639482106731708,0.6155568932151121,0.612145840009419,0.5926935600698969,0.571315979299996,0.547193638803199,0.49269942064596295,0.444011158279555
0.24613870714483801,0.296811213473248,0.35158304272446805,0.4037080859402701,0.532065023338569,0.645872310327965,0.7189193501079201,0.8940695206057709,0.9699515910286529,0.9909724188811859,1.0,0.9912361859764649,0.9709718781647909,0.95812161313697,0.9336236214974352,0.8989702946461999,0.8811672487378169,0.862968183263104,0.831494787050187,0.804382818371227,0.769836135606248,0.7216116071743689,0.6843095566806779,0.679716166749459,0.657253782566537,0.629656579825135,0.6283290775526371,0.609841812410424,0.58890698452786,0.565373320487862,0.51002728245105,0.46028643798589297
0.21984679984963298,0.266917415128869,0.318294638415844,0.36893054726887203,0.495943064987171,0.610387433189177,0.6863680478396489,0.862376673436611,0.9409414794143349,0.9648444406210649,0.9912361859764649,1.0,0.994060319482578,0.9844015362170899,0.95814100805077,0.921672014435495,0.9023596446832429,0.8825997824401949,0.8495026107526641,0.8214945577312809,0.786713762354272,0.737826065492135,0.699200030476219,0.6907197674107571,0.6649156507477839,0.634675492364199,0.635150237806933,0.617698553017081,0.597378800595897,0.574765612998566,0.51941662375964,0.469389608852026
0.195293373614782,0.23877717477318303,0.28668168013365697,0.335424429686076,0.459657919711779,0.57312109190821,0.6505186230975389,0.8249182646813771,0.904659328732093,0.930622151051707,0.9709718781647909,0.994060319482578,1.0,0.9930975924498721,0.965730596278085,0.928245703777605,0.9079440372920251,0.8871583617246189,0.85315900679176,0.824781300315942,0.7902653370631351,0.7414746411091528,0.702266160494329,0.690695334340279,0.662477739108259,0.630458159060991,0.632411420259828,0.616042545905515,0.5964969180811059,0.5749396373617839,0.520316590605634,0.47071215555746704
0.171477181701547,0.213578291398725,0.260957697930701,0.31121873857832,0.43717286525346205,0.553934960372121,0.6358975724707759,0.8087873035920692,0.888378899725754,0.9147858735560459,0.95812161313697,0.9844015362170899,0.9930975924498721,1.0,0.9891409420482651,0.964642293834141,0.9483741267675501,0.924441732763606,0.8872140937107521,0.857255118401833,0.8227895118013929,0.773098544511553,0.7323603401594241,0.7172459857139741,0.685523148357758,0.650481289856544,0.6534763535677021,0.637226945162168,0.61748316724958,0.5983553044837621,0.543995970208536,0.49383785246889705
0.147473378961176,0.18847061900406498,0.235713724472046,0.28780859412237497,0.41494869823344105,0.534387344115275,0.620310848987513,0.7890409109578459,0.866691050565566,0.89245448963663,0.9336236214974352,0.95814100805077,0.965730596278085,0.9891409420482651,1.0,0.992902997039869,0.9824364708763119,0.955258229334386,0.9148517331931679,0.8835007042728991,0.8495647702136401,0.799500347196546,0.757693294977779,0.7394612397859208,0.704686175499626,0.667024797025435,0.6707448055833729,0.6545054791442221,0.6345394042204671,0.618434568455265,0.565029910852526,0.514826382948778
0.12570721032241902,0.16516000461263097,0.21154240358666698,0.264293714987725,0.390374000724396,0.510081319120962,0.5978451329198969,0.760529102933221,0.8353748308042259,0.860208298296019,0.8989702946461999,0.921672014435495,0.928245703777605,0.964642293834141,0.992902997039869,1.0,0.994394367765911,0.965021312574442,0.922684329440442,0.890704843407337,0.857736556972888,0.8081651632016271,0.7661572736481359,0.745691998360856,0.7089994651757671,0.669816607335567,0.6740641467808111,0.658090925165958,0.6382621117252221,0.6248592963245889,0.5730754389401551,0.523632601764192
0.106994197228004,0.14441302205052803,0.189097687495205,0.24182811366374501,0.36945361993703707,0.49216710848368506,0.584118698466124,0.7448111367412941,0.8191145866712479,0.8441130470408249,0.8811672487378169,0.9023596446832429,0.9079440372920251,0.9483741267675501,0.9824364708763119,0.994394367765911,1.0,0.9860385973673771,0.9554857131903001,0.9295292061076291,0.895053767823857,0.843270853545244,0.799275535615119,0.7772891939574921,0.7385311089104349,0.697277460081091,0.6992938242735269,0.681096180399096,0.6594169274730439,0.6455652204872919,0.592177138741225,0.541161770239763
0.0894132775152298,0.12394525265783,0.165711254781288,0.21715021277500499,0.3462697945263711,0.47206693420961104,0.568425568325797,0.727729491122333,0.8020390937651491,0.8276188956322891,0.862968183263104,0.8825997824401949,0.8871583617246189,0.924441732763606,0.955258229334386,0.965021312574442,0.9860385973673771,1.0,0.991274507066782,0.976368568651981,0.939149482556697,0.884028286117655,0.837460689571487,0.8148354593685431,0.7745357319366221,0.7314823420060891,0.729304714821126,0.7074131039157091,0.682818679299961,0.6664582997061209,0.6099702502754201,0.556495134036269
0.0737279883435993,0.105291804806069,0.14392139563693201,0.193320714891517,0.32106936704405103,0.446819583545122,0.544761096302818,0.699815286233815,0.772660119912211,0.7981942098174221,0.831494787050187,0.8495026107526641,0.85315900679176,0.8872140937107521,0.9148517331931679,0.922684329440442,0.9554857131903001,0.991274507066782,1.0,0.994136417640937,0.9554815690292099,0.8988079558954192,0.851125139369068,0.8284416339673969,0.7877185702312459,0.744091994611897,0.73863749885428,0.7142547237041229,0.68783907833974,0.669816413254715,0.611991627894058,0.5576269821067329
0.0553874700434223,0.085072866041051,0.122194573880058,0.17146076143103398,0.298817506581819,0.42545528848285996,0.525671186919618,0.676349854920004,0.747340909367284,0.772416325403925,0.804382818371227,0.8214945577312809,0.824781300315942,0.857255118401833,0.8835007042728991,0.890704843407337,0.9295292061076291,0.976368568651981,0.994136417640937,1.0,0.978106840758312,0.9334041177969459,0.8928099861223822,0.8689695715824971,0.8262174248969341,0.780369294057131,0.769829124800653,0.7411125292156991,0.71133007555271,0.692581783723755,0.632943381395466,0.576820427063042
0.0304663426545613,0.0591472005917898,0.0963193355145798,0.147409435464481,0.27407684058396203,0.401413665226335,0.503886736509495,0.647608076739454,0.715108259823823,0.738798015446352,0.769836135606248,0.786713762354272,0.7902653370631351,0.8227895118013929,0.8495647702136401,0.857736556972888,0.895053767823857,0.939149482556697,0.9554815690292099,0.978106840758312,1.0,0.987642038556123,0.966641259153814,0.940305320712929,0.893622978707107,0.843608593420912,0.825025191435083,0.7892903204119709,0.7539934332633079,0.735929330215908,0.674341331695693,0.615756627073172
0.0108189409043068,0.0379159313352231,0.0740537724019287,0.125043744270223,0.247538132839777,0.37172824777197294,0.47294528874342406,0.6072811341693181,0.6702051592539531,0.692167990888371,0.7216116071743689,0.737826065492135,0.7414746411091528,0.773098544511553,0.799500347196546,0.8081651632016271,0.843270853545244,0.884028286117655,0.8988079558954192,0.9334041177969459,0.987642038556123,1.0,0.994361130771467,0.9669054560237809,0.9186098144425641,0.866900465527482,0.842795613630512,0.8028059603042328,0.764374228173985,0.7473464795472379,0.6860667778179361,0.62731802383141
0.00199372701018252,0.0286153557988624,0.0646088038007212,0.115682806096949,0.23499900295705703,0.35633315728976706,0.455664617071847,0.580536535115208,0.6379516947055239,0.657098943553621,0.6843095566806779,0.699200030476219,0.702266160494329,0.7323603401594241,0.757693294977779,0.7661572736481359,0.799275535615119,0.837460689571487,0.851125139369068,0.8928099861223822,0.966641259153814,0.994361130771467,1.0,0.980007367077385,0.9371775799219421,0.8892909350102909,0.861916008502437,0.81916590684754,0.778599586363189,0.7598420878100981,0.696569610559189,0.63626796095852
0.0207411068136633,0.0511182566328884,0.0911424019989636,0.14501410564328301,0.266603672038554,0.38862542282406104,0.48656510392089203,0.5992155622676429,0.6460711111520729,0.6574579329332939,0.679716166749459,0.6907197674107571,0.690695334340279,0.7172459857139741,0.7394612397859208,0.745691998360856,0.7772891939574921,0.8148354593685431,0.8284416339673969,0.8689695715824971,0.940305320712929,0.9669054560237809,0.980007367077385,1.0,0.987849079152001,0.962503346351293,0.935331060471873,0.890664330912317,0.847817829026616,0.8163713914012021,0.739626139945245,0.669672116441048
0.0348094645348062,0.0672766848571965,0.10933797437761901,0.16389916378986902,0.283888255379085,0.403058822490808,0.49719174971943697,0.597167488338595,0.6344734398062329,0.639482106731708,0.657253782566537,0.6649156507477839,0.662477739108259,0.685523148357758,0.704686175499626,0.7089994651757671,0.7385311089104349,0.7745357319366221,0.7877185702312459,0.8262174248969341,0.893622978707107,0.9186098144425641,0.9371775799219421,0.987849079152001,1.0,0.992965634270413,0.966706156895875,0.9217825786455759,0.8783446985725211,0.837859647869398,0.7527213540744371,0.67716997066586
0.0451091875862829,0.0786294634949809,0.12153506785420802,0.17569702685649302,0.292491741918854,0.407522080159992,0.497192287959226,0.5859687055712671,0.615451549238617,0.6155568932151121,0.629656579825135,0.634675492364199,0.630458159060991,0.650481289856544,0.667024797025435,0.669816607335567,0.697277460081091,0.7314823420060891,0.744091994611897,0.780369294057131,0.843608593420912,0.866900465527482,0.8892909350102909,0.962503346351293,0.992965634270413,1.0,0.9754634747358909,0.931467330722999,0.8885451458331071,0.8417824099899879,0.751489054589179,0.672780629218232
0.0571076182359833,0.0890588319378464,0.129156110039206,0.17901764594265196,0.29082354213476597,0.40029226072194396,0.484821589223636,0.5769311089954631,0.609590492563264,0.612145840009419,0.6283290775526371,0.635150237806933,0.632411420259828,0.6534763535677021,0.6707448055833729,0.6740641467808111,0.6992938242735269,0.729304714821126,0.73863749885428,0.769829124800653,0.825025191435083,0.842795613630512,0.861916008502437,0.935331060471873,0.966706156895875,0.9754634747358909,1.0,0.9887125477567309,0.967750972537776,0.9173499709193579,0.81688552243524,0.729894096160929
0.0636746647474713,0.0936639364362527,0.130727955935771,0.17626757272058,0.281549559707886,0.38416997107815204,0.462835247937323,0.5546353244579529,0.588542440137099,0.5926935600698969,0.609841812410424,0.617698553017081,0.616042545905515,0.637226945162168,0.6545054791442221,0.658090925165958,0.681096180399096,0.7074131039157091,0.7142547237041229,0.7411125292156991,0.7892903204119709,0.8028059603042328,0.81916590684754,0.890664330912317,0.9217825786455759,0.931467330722999,0.9887125477567309,1.0,0.9945697415677092,0.9431032941011239,0.838528691121386,0.74833495665222
0.0673912898908847,0.0956197640572651,0.130084934261695,0.172018086872526,0.27137122075902803,0.367872765082885,0.441420768310463,0.53178763586398,0.566111483410473,0.571315979299996,0.58890698452786,0.597378800595897,0.5964969180811059,0.61748316724958,0.6345394042204671,0.6382621117252221,0.6594169274730439,0.682818679299961,0.68783907833974,0.71133007555271,0.7539934332633079,0.764374228173985,0.778599586363189,0.847817829026616,0.8783446985725211,0.8885451458331071,0.967750972537776,0.9945697415677092,1.0,0.9484764680226,0.8424346358723951,0.7512134398441801
0.0584580989309552,0.0842144912094836,0.11583327096201401,0.15537518513734197,0.2524539675143,0.347507149802739,0.42090977364164295,0.508229229967495,0.541741224392424,0.547193638803199,0.565373320487862,0.574765612998566,0.5749396373617839,0.5983553044837621,0.618434568455265,0.6248592963245889,0.6455652204872919,0.6664582997061209,0.669816413254715,0.692581783723755,0.735929330215908,0.7473464795472379,0.7598420878100981,0.8163713914012021,0.837859647869398,0.8417824099899879,0.9173499709193579,0.9431032941011239,0.9484764680226,1.0,0.9697166655077858,0.9215850695647541
0.0471628510313348,0.0693981607366335,0.0968817208238608,0.13218615551878898,0.221347304061113,0.30927774553654497,0.37796703973874396,0.4570165691192,0.48753656554734404,0.49269942064596295,0.51002728245105,0.51941662375964,0.520316590605634,0.543995970208536,0.565029910852526,0.5730754389401551,0.592177138741225,0.6099702502754201,0.611991627894058,0.632943381395466,0.674341331695693,0.6860667778179361,0.696569610559189,0.739626139945245,0.7527213540744371,0.751489054589179,0.81688552243524,0.838528691121386,0.8424346358723951,0.9697166655077858,1.0,0.9884817657457801
0.0387354388081022,0.0581155296664808,0.0822043825558355,0.11381390111532699,0.19536873959710002,0.27622270059705606,0.33991120672263103,0.41144234060268703,0.439184079188541,0.444011158279555,0.46028643798589297,0.469389608852026,0.47071215555746704,0.49383785246889705,0.514826382948778,0.523632601764192,0.541161770239763,0.556495134036269,0.5576269821067329,0.576820427063042,0.615756627073172,0.62731802383141,0.63626796095852,0.669672116441048,0.67716997066586,0.672780629218232,0.729894096160929,0.74833495665222,0.7512134398441801,0.9215850695647541,0.9884817657457801,1.0
