1.0,0.9887786268468441,0.955701876295611,0.9046649115978291,0.8420408457681251,0.774367913057911,0.706770314331537,0.64251034575836,0.606869614073855,0.589753993714061,0.561146514505003,0.530861421423621,0.502908347517843,0.478407008078061,0.457328385162307,0.43927213677596294,0.43968356305255196,0.44540030758219895,0.4422033774517321,0.43496051303416106,0.426309898927539,0.41753493904911204,0.409204170160238,0.401533000128228,0.403093865258892,0.38693239748151104,0.36715962872396996,0.35074166915959704,0.33788490937741694,0.32780791095262396,0.31979034164579806,0.313298391374644
0.9887786268468441,1.0,0.9889479686552329,0.958171169536756,0.9131740302018079,0.8602016583366341,0.8045230133538119,0.7497732221067479,0.7179576829039879,0.695921290961866,0.6607487225273929,0.623956827623566,0.590184196563897,0.5606751629488361,0.535340276818458,0.513669146831665,0.512724473483029,0.517431985877307,0.5121929117681311,0.5025957581835321,0.49162623934156396,0.480708614207267,0.47045301732827904,0.461073112644177,0.467576666125902,0.454174745473244,0.43429561574432896,0.417124114522089,0.403446373245608,0.3926237489664,0.383960716788269,0.37691665697153703
0.955701876295611,0.9889479686552329,1.0,0.990013671069328,0.9635091297318271,0.9263019929376879,0.883687975996718,0.839591568894731,0.812278362435253,0.7858472248330909,0.744939455111434,0.7025061383565501,0.6637071597306851,0.6298829221509971,0.600885983604649,0.576108057303915,0.573838459634917,0.577439886910755,0.570290299338187,0.558569539087431,0.5455419827537221,0.5327400807191,0.520801713799795,0.509934074178037,0.521198781392076,0.510832996818701,0.491289402962448,0.47375105219017205,0.459562006839204,0.4482395146864361,0.43912810425408794,0.431692393184686
0.9046649115978291,0.958171169536756,0.990013671069328,1.0,0.991621792009595,0.9701671057549129,0.9408485618562891,0.907785350772647,0.885312830463438,0.8552447832240491,0.8097222681192521,0.762794639132001,0.7200116879561709,0.6827776907987181,0.6508930874543389,0.623668976937744,0.620186130038111,0.622662059128708,0.613842447105864,0.6003427345324139,0.585625352891465,0.5712942158093629,0.55800051255107,0.545941035457842,0.561501873585547,0.554235352064023,0.535411334758565,0.517883621505035,0.50349922004921,0.49193349606927095,0.48258249543820003,0.47492678816937
0.8420408457681251,0.9131740302018079,0.9635091297318271,0.991621792009595,1.0,0.9933557053231751,0.9767340156181259,0.9543603247656051,0.936717349467278,0.903843782252336,0.8548906347287379,0.804667358949414,0.758983744740723,0.7192779813841009,0.685306249706714,0.656317855849052,0.6517843326486441,0.653185542853755,0.6429902490367629,0.628097078691592,0.612089252708682,0.596608053205741,0.5823054496389549,0.5693652551949661,0.5885899675627769,0.584290742603478,0.5664560533152321,0.549245328973809,0.534934061176748,0.5233481929716169,0.513941563356403,0.5062184648863151
0.774367913057911,0.8602016583366341,0.9263019929376879,0.9701671057549129,0.9933557053231751,1.0,0.994924677687753,0.9823901364689399,0.969298808370984,0.9343895520672579,0.8830706516409209,0.830619803835578,0.7829964675919681,0.741648755140499,0.706296856133191,0.676145615547014,0.670739987319596,0.6711639417837529,0.6598868692403461,0.6439623636535551,0.62703070519306,0.610743312065277,0.595743650441369,0.582201376797247,0.6044190678431529,0.602824117470388,0.5861224609078461,0.569436966865843,0.555392767028093,0.543952412262775,0.534628936079144,0.5269547596116589
0.706770314331537,0.8045230133538119,0.883687975996718,0.9408485618562891,0.9767340156181259,0.994924677687753,1.0,0.9962046130490979,0.9872354474178399,0.9509262910431608,0.8980975174670871,0.844269933857866,0.7954689934859979,0.753135722351973,0.71696188738013,0.686122114561295,0.680012812218561,0.67957770247906,0.667477539328759,0.650824633434246,0.6332695306956171,0.6164545365273,0.6010086784599821,0.58708738859756,0.611680115650454,0.6124669696449809,0.5969377560263411,0.580893105633324,0.567235279282879,0.556046676561523,0.5468973873219061,0.539349515960047
0.64251034575836,0.7497732221067479,0.839591568894731,0.907785350772647,0.9543603247656051,0.9823901364689399,0.9962046130490979,1.0,0.9946700832889269,0.9574471764965279,0.903744746780464,0.849166851971853,0.7997467102104721,0.75690742177489,0.720318689947398,0.6891357564233679,0.682467757942249,0.681293086191587,0.668579966636216,0.651433282654862,0.633482577993199,0.616348831669021,0.6006434321777671,0.586508234666059,0.6129541499773,0.6157949157321939,0.6014070285824661,0.5860480699727529,0.5728362709773891,0.561957030450335,0.553033313315516,0.5456564856344029
0.606869614073855,0.7179576829039879,0.812278362435253,0.885312830463438,0.936717349467278,0.969298808370984,0.9872354474178399,0.9946700832889269,1.0,0.980730419912511,0.9402294840012979,0.895138348144476,0.8525888340576041,0.8148275105357091,0.7820820040607941,0.7538763566489131,0.7470408555326541,0.7422198311133729,0.725576837533112,0.7047304239865542,0.6834898125603299,0.663498792856447,0.6453312264287181,0.629074664469111,0.6529477596085369,0.651726272671972,0.63397045781488,0.616121020342668,0.6010651635028621,0.588787559760526,0.5787752842807701,0.5705305900497111
0.589753993714061,0.695921290961866,0.7858472248330909,0.8552447832240491,0.903843782252336,0.9343895520672579,0.9509262910431608,0.9574471764965279,0.980730419912511,1.0,0.988641861970029,0.964981278603158,0.938254581765673,0.912380431954581,0.8887588738465859,0.8677080740381421,0.861286805500976,0.8498404212526859,0.826110238801784,0.7986158032506371,0.7714761711732021,0.7463690617932058,0.7237972464973491,0.7037488648296211,0.719753782988262,0.707922942122679,0.682354553922254,0.659005165379223,0.639984944099222,0.624751682165299,0.6124652794942421,0.602422914785925
0.561146514505003,0.6607487225273929,0.744939455111434,0.8097222681192521,0.8548906347287379,0.8830706516409209,0.8980975174670871,0.903744746780464,0.9402294840012979,0.988641861970029,1.0,0.9934449356671942,0.97959012948405,0.9635379469678169,0.947553692090945,0.9325581034755122,0.9266236150785759,0.910380177233478,0.8818192783426461,0.8499305224502429,0.8189634705533041,0.7905780174737149,0.765209083073444,0.742768642277242,0.752301711208803,0.7326190853597471,0.701710086264734,0.6747410377924229,0.653169103515739,0.63606095425307,0.622346796680038,0.611184451577473
0.530861421423621,0.623956827623566,0.7025061383565501,0.762794639132001,0.804667358949414,0.830619803835578,0.844269933857866,0.849166851971853,0.895138348144476,0.964981278603158,0.9934449356671942,1.0,0.996146119888982,0.9878084659926659,0.9778760428885479,0.967713918229524,0.962239846153475,0.9425945536275749,0.910793348840688,0.876046775607501,0.8426390888355559,0.8121914054028821,0.7850804287929259,0.7611615402610821,0.7656272467188341,0.740271579956851,0.70577012438039,0.67645771797335,0.653272706366585,0.634998452995102,0.620406713441564,0.608562108428484
0.502908347517843,0.590184196563897,0.6637071597306851,0.7200116879561709,0.758983744740723,0.7829964675919681,0.7954689934859979,0.7997467102104721,0.8525888340576041,0.938254581765673,0.97959012948405,0.996146119888982,1.0,0.9976556275359141,0.992454896586417,0.98609167367734,0.981019499169645,0.958938545013167,0.924933618519271,0.8883029649883359,0.853319400317021,0.821559886663502,0.793353112737583,0.768512321240174,0.7690502638663009,0.739567024424761,0.702615636118505,0.671765610342743,0.647548877622796,0.628542232852375,0.61340676609852,0.6011438968170839
0.478407008078061,0.5606751629488361,0.6298829221509971,0.6827776907987181,0.7192779813841009,0.741648755140499,0.753135722351973,0.75690742177489,0.8148275105357091,0.912380431954581,0.9635379469678169,0.9878084659926659,0.9976556275359141,1.0,0.9985189565419158,0.9951538413737091,0.990422386380549,0.9665591933327,0.931016805862039,0.893112139567201,0.8570862199421421,0.8244731190183809,0.795562303526456,0.7701351373697829,0.767605601838854,0.7350596384319119,0.696394452872181,0.6645098030789011,0.639617671619,0.620141296327845,0.6046625865244221,0.5921389932210971
0.457328385162307,0.535340276818458,0.600885983604649,0.6508930874543389,0.685306249706714,0.706296856133191,0.71696188738013,0.720318689947398,0.7820820040607941,0.8887588738465859,0.947553692090945,0.9778760428885479,0.992454896586417,0.9985189565419158,1.0,0.9990296212825159,0.994584862422065,0.969384616091075,0.9327388372278221,0.893948120932184,0.85721403406986,0.824031420058052,0.7946575961376541,0.7688493140219119,0.763889609377863,0.729017655602928,0.6891193373448969,0.656518814618093,0.631173003908131,0.61138833991707,0.595688526902811,0.582999548309319
0.43927213677596294,0.513669146831665,0.576108057303915,0.623668976937744,0.656317855849052,0.676145615547014,0.686122114561295,0.6891357564233679,0.7538763566489131,0.8677080740381421,0.9325581034755122,0.967713918229524,0.98609167367734,0.9951538413737091,0.9990296212825159,1.0,0.995796977461984,0.9695689915443709,0.9321094628434541,0.8926855979664371,0.8554579054711411,0.8218862285137479,0.7922012995917609,0.7661404733787159,0.759224191331295,0.722544888010263,0.681734844102946,0.648625510456453,0.6229674089716178,0.6029760906351851,0.587131342564315,0.5743360036405419
0.43968356305255196,0.512724473483029,0.573838459634917,0.620186130038111,0.6517843326486441,0.670739987319596,0.680012812218561,0.682467757942249,0.7470408555326541,0.861286805500976,0.9266236150785759,0.962239846153475,0.981019499169645,0.990422386380549,0.994584862422065,0.995796977461984,1.0,0.9877236294934679,0.960953410046981,0.9296264505761009,0.8985721372887109,0.8697758219943019,0.8438485916909391,0.8207960917834929,0.8107228966379469,0.7667170221172741,0.720371671042278,0.683321081268038,0.65480391718854,0.632672255406817,0.615175992664074,0.601072406839273
0.44540030758219895,0.517431985877307,0.577439886910755,0.622662059128708,0.653185542853755,0.6711639417837529,0.67957770247906,0.681293086191587,0.7422198311133729,0.8498404212526859,0.910380177233478,0.9425945536275749,0.958938545013167,0.9665591933327,0.969384616091075,0.9695689915443709,0.9877236294934679,1.0,0.9923817069964771,0.975778459733968,0.9560905734464928,0.936180238512895,0.917309370909181,0.899951029434174,0.8861546078511329,0.831898070198798,0.777719944061451,0.735064943668542,0.7024711795789561,0.6772824259710419,0.657424449050938,0.641448387914854
0.4422033774517321,0.5121929117681311,0.570290299338187,0.613842447105864,0.6429902490367629,0.6598868692403461,0.667477539328759,0.668579966636216,0.725576837533112,0.826110238801784,0.8818192783426461,0.910793348840688,0.924933618519271,0.931016805862039,0.9327388372278221,0.9321094628434541,0.960953410046981,0.9923817069964771,1.0,0.995296328139658,0.984913551350741,0.972355889924134,0.9593767254416959,0.9468095732604259,0.93031539304406,0.868913000927581,0.8094946093857309,0.7631574600103141,0.7279124402686429,0.700748389095583,0.679371321846436,0.662194865545427
0.43496051303416106,0.5025957581835321,0.558569539087431,0.6003427345324139,0.628097078691592,0.6439623636535551,0.650824633434246,0.651433282654862,0.7047304239865542,0.7986158032506371,0.8499305224502429,0.876046775607501,0.8883029649883359,0.893112139567201,0.893948120932184,0.8926855979664371,0.9296264505761009,0.975778459733968,0.995296328139658,1.0,0.997045183416871,0.9904034738683191,0.982195958088558,0.973530676936396,0.955091549138537,0.8887267772651379,0.8258232183062059,0.777086208205902,0.740133332902201,0.7117065355946339,0.689363566374141,0.6714268868181039
0.426309898927539,0.49162623934156396,0.5455419827537221,0.585625352891465,0.612089252708682,0.62703070519306,0.6332695306956171,0.633482577993199,0.6834898125603299,0.7714761711732021,0.8189634705533041,0.8426390888355559,0.853319400317021,0.8570862199421421,0.85721403406986,0.8554579054711411,0.8985721372887109,0.9560905734464928,0.984913551350741,0.997045183416871,1.0,0.9980936460201489,0.993724595659785,0.9882111636428629,0.9683530775985519,0.8984970829496391,0.8332504964557509,0.782936338771262,0.744876258997332,0.715638206866878,0.692678693175222,0.674259104859202
0.41753493904911204,0.480708614207267,0.5327400807191,0.5712942158093629,0.596608053205741,0.610743312065277,0.6164545365273,0.616348831669021,0.663498792856447,0.7463690617932058,0.7905780174737149,0.8121914054028821,0.821559886663502,0.8244731190183809,0.824031420058052,0.8218862285137479,0.8697758219943019,0.936180238512895,0.972355889924134,0.9904034738683191,0.9980936460201489,1.0,0.998733606316853,0.995776078118923,0.974862951719184,0.9025009967037622,0.8356512196192479,0.784285289622799,0.7454985542419978,0.7157338612495291,0.692377269334978,0.6736485378433621
0.409204170160238,0.47045301732827904,0.520801713799795,0.55800051255107,0.5823054496389549,0.595743650441369,0.6010086784599821,0.6006434321777671,0.6453312264287181,0.7237972464973491,0.765209083073444,0.7850804287929259,0.793353112737583,0.795562303526456,0.7946575961376541,0.7922012995917609,0.8438485916909391,0.917309370909181,0.9593767254416959,0.982195958088558,0.993724595659785,0.998733606316853,1.0,0.9991343282859542,0.9774201404265079,0.9032194735528251,0.8352513555287829,0.7831729175109391,0.74390322340951,0.7137931733350059,0.6901787673995219,0.671250852085036
0.401533000128228,0.461073112644177,0.509934074178037,0.545941035457842,0.5693652551949661,0.582201376797247,0.58708738859756,0.586508234666059,0.629074664469111,0.7037488648296211,0.742768642277242,0.7611615402610821,0.768512321240174,0.7701351373697829,0.7688493140219119,0.7661404733787159,0.8207960917834929,0.899951029434174,0.9468095732604259,0.973530676936396,0.9882111636428629,0.995776078118923,0.9991343282859542,1.0,0.977664975816447,0.9020858702370981,0.8333230429195579,0.7807550715892451,0.741161150260121,0.7108231305735458,0.687040716573325,0.667984308211678
0.403093865258892,0.467576666125902,0.521198781392076,0.561501873585547,0.5885899675627769,0.6044190678431529,0.611680115650454,0.6129541499773,0.6529477596085369,0.719753782988262,0.752301711208803,0.7656272467188341,0.7690502638663009,0.767605601838854,0.763889609377863,0.759224191331295,0.8107228966379469,0.8861546078511329,0.93031539304406,0.955091549138537,0.9683530775985519,0.974862951719184,0.9774201404265079,0.977664975816447,1.0,0.972572315411582,0.9307632672063141,0.8944714847938299,0.865504566258965,0.8425585244253321,0.824178202433664,0.8092255391628701
0.38693239748151104,0.454174745473244,0.510832996818701,0.554235352064023,0.584290742603478,0.602824117470388,0.6124669696449809,0.6157949157321939,0.651726272671972,0.707922942122679,0.7326190853597471,0.740271579956851,0.739567024424761,0.7350596384319119,0.729017655602928,0.722544888010263,0.7667170221172741,0.831898070198798,0.868913000927581,0.8887267772651379,0.8984970829496391,0.9025009967037622,0.9032194735528251,0.9020858702370981,0.972572315411582,1.0,0.9902786168367378,0.9739397957466128,0.958275717215322,0.9447289555243741,0.933301791645116,0.9236828345971351
0.36715962872396996,0.43429561574432896,0.491289402962448,0.535411334758565,0.5664560533152321,0.5861224609078461,0.5969377560263411,0.6014070285824661,0.63397045781488,0.682354553922254,0.701710086264734,0.70577012438039,0.702615636118505,0.696394452872181,0.6891193373448969,0.681734844102946,0.720371671042278,0.777719944061451,0.8094946093857309,0.8258232183062059,0.8332504964557509,0.8356512196192479,0.8352513555287829,0.8333230429195579,0.9307632672063141,0.9902786168367378,1.0,0.996020116726142,0.988720496769296,0.98114850619107,0.974177931748279,0.9679998757714928
0.35074166915959704,0.417124114522089,0.47375105219017205,0.517883621505035,0.549245328973809,0.569436966865843,0.580893105633324,0.5860480699727529,0.616121020342668,0.659005165379223,0.6747410377924229,0.67645771797335,0.671765610342743,0.6645098030789011,0.656518814618093,0.648625510456453,0.683321081268038,0.735064943668542,0.7631574600103141,0.777086208205902,0.782936338771262,0.784285289622799,0.7831729175109391,0.7807550715892451,0.8944714847938299,0.9739397957466128,0.996020116726142,1.0,0.99813452773864,0.9944682448908492,0.9904244454170892,0.9865142592391128
0.33788490937741694,0.403446373245608,0.459562006839204,0.50349922004921,0.534934061176748,0.555392767028093,0.567235279282879,0.5728362709773891,0.6010651635028621,0.639984944099222,0.653169103515739,0.653272706366585,0.647548877622796,0.639617671619,0.631173003908131,0.6229674089716178,0.65480391718854,0.7024711795789561,0.7279124402686429,0.740133332902201,0.744876258997332,0.7454985542419978,0.74390322340951,0.741161150260121,0.865504566258965,0.958275717215322,0.988720496769296,0.99813452773864,1.0,0.999025952512147,0.9970055551104949,0.9946668089452858
0.32780791095262396,0.3926237489664,0.4482395146864361,0.49193349606927095,0.5233481929716169,0.543952412262775,0.556046676561523,0.561957030450335,0.588787559760526,0.624751682165299,0.63606095425307,0.634998452995102,0.628542232852375,0.620141296327845,0.61138833991707,0.6029760906351851,0.632672255406817,0.6772824259710419,0.700748389095583,0.7117065355946339,0.715638206866878,0.7157338612495291,0.7137931733350059,0.7108231305735458,0.8425585244253321,0.9447289555243741,0.98114850619107,0.9944682448908492,0.999025952512147,1.0,0.9994467233654242,0.9982491783748471
0.31979034164579806,0.383960716788269,0.43912810425408794,0.48258249543820003,0.513941563356403,0.534628936079144,0.5468973873219061,0.553033313315516,0.5787752842807701,0.6124652794942421,0.622346796680038,0.620406713441564,0.61340676609852,0.6046625865244221,0.595688526902811,0.587131342564315,0.615175992664074,0.657424449050938,0.679371321846436,0.689363566374141,0.692678693175222,0.692377269334978,0.6901787673995219,0.687040716573325,0.824178202433664,0.933301791645116,0.974177931748279,0.9904244454170892,0.9970055551104949,0.9994467233654242,1.0,0.999664176154194
0.313298391374644,0.37691665697153703,0.431692393184686,0.47492678816937,0.5062184648863151,0.5269547596116589,0.539349515960047,0.5456564856344029,0.5705305900497111,0.602422914785925,0.611184451577473,0.608562108428484,0.6011438968170839,0.5921389932210971,0.582999548309319,0.5743360036405419,0.601072406839273,0.641448387914854,0.662194865545427,0.6714268868181039,0.674259104859202,0.6736485378433621,0.671250852085036,0.667984308211678,0.8092255391628701,0.9236828345971351,0.9679998757714928,0.9865142592391128,0.9946668089452858,0.9982491783748471,0.999664176154194,1.0
