1.0,0.978806826100315,0.9063248343026529,0.784824707059508,0.6872214973634451,0.6666171351793051,0.6367411901302529,0.600557101167876,0.576155326545522,0.568659546417978,0.556240907184092,0.5405221578049461,0.531373537388365,0.528785158079674,0.522770722309521,0.514477712476757,0.5035790699196501,0.487699710673355,0.46888693935467296,0.44882232952753903,0.426637184912276,0.39674343464797496,0.36518071103748,0.335827153509577,0.32501591021184,0.314266968807868,0.29953174957264195,0.285510642804497,0.28675469397625,0.27284358328865804,0.255133319461621,0.240487026372023
0.978806826100315,1.0,0.973655638805021,0.8951011501587671,0.8211100613179959,0.800910325428893,0.7693522694590591,0.729836065616509,0.7030652361176911,0.6949539778512651,0.680741440208396,0.6623972748006279,0.65110107920278,0.646808711913837,0.6384380752966071,0.627393853131668,0.615692600688072,0.600039414006188,0.580347813373054,0.5586757031563311,0.5373243083957151,0.507613654129753,0.47401872980792703,0.44173076826332897,0.42997899582264504,0.416120728949261,0.39687346178174504,0.378494033510279,0.372216744930581,0.346008222887368,0.31839261487216,0.296608112291272
0.9063248343026529,0.973655638805021,1.0,0.973187534557957,0.929183205130006,0.9104428330325791,0.8785878762991322,0.837334985232715,0.809263275628563,0.800871794527744,0.785371606997569,0.7650202623845931,0.751896958133062,0.7459216167520891,0.7353454629397079,0.721789414086567,0.709778865504376,0.6951592735834129,0.6754725656391829,0.65309290368458,0.6337362069638189,0.6057132464555101,0.5715333318045539,0.537590527746537,0.525378412841078,0.508750109980213,0.485440052335793,0.463125661915211,0.44878706483073294,0.41019461939991797,0.3729288642719579,0.34428412593240804
0.784824707059508,0.8951011501587671,0.973187534557957,1.0,0.988593327371968,0.972325539402322,0.941871722175513,0.901069345861135,0.8731840610628779,0.864957905475848,0.848986336380463,0.8276967898293801,0.813431044214522,0.806077047565754,0.7938407580709329,0.778474678068264,0.766793338070792,0.753996851329073,0.7353660870624099,0.713467475791447,0.6971562720794499,0.672331784702272,0.6393865280684201,0.605586536220109,0.5935620265677181,0.5750272477258079,0.548863396402012,0.5237710006214339,0.5020662458342711,0.45304214336653004,0.40803153362508504,0.37399594799296504
0.6872214973634451,0.8211100613179959,0.929183205130006,0.988593327371968,1.0,0.991713825365079,0.9685595701865959,0.934159011927014,0.9097235622015171,0.901484334184386,0.885145498060321,0.863232698407693,0.848229791305514,0.8400053643518549,0.8267491593618921,0.810287983557957,0.7992315435035608,0.78833474652225,0.7710635784355842,0.7500943088839152,0.7362491777280591,0.7139055040023551,0.682116214968536,0.6487045264171789,0.635541005726088,0.6140887858436379,0.5849799058411489,0.557359506080418,0.531873519593895,0.47766359002521297,0.42868917426699,0.391858858251889
0.6666171351793051,0.800910325428893,0.9104428330325791,0.972325539402322,0.991713825365079,1.0,0.9924940825634571,0.972262646185167,0.9552120777730351,0.946192255442601,0.9287013031064201,0.905394905870434,0.8894299115512109,0.880668067575019,0.866644779244698,0.849275419591364,0.8386927947976509,0.829219669321914,0.8128217536808651,0.7923084759038299,0.7792275376540941,0.756945855665729,0.724360431140365,0.689803984911578,0.6725666189777281,0.6452638060835301,0.6113244041709439,0.579937434596402,0.554945190367083,0.500829690986959,0.451119287428699,0.41352346190431105
0.6367411901302529,0.7693522694590591,0.8785878762991322,0.941871722175513,0.9685595701865959,0.9924940825634571,1.0,0.9935681676061751,0.9838100425203951,0.974185990604433,0.9558675452881241,0.9315933012935309,0.914958219940521,0.905819665458711,0.891282031865381,0.873315516598093,0.8633468433331859,0.855374796735801,0.840060592941383,0.820297170916872,0.8081450651976191,0.7862653968597841,0.753423714154032,0.7183094837333259,0.6974594083260991,0.6650074735452779,0.626992159710197,0.592502805733615,0.568365302080499,0.5151727413025899,0.46552695620595397,0.427781156054317
0.600557101167876,0.729836065616509,0.837334985232715,0.901069345861135,0.934159011927014,0.972262646185167,0.9935681676061751,1.0,0.997124816226486,0.987070072098898,0.9682305533512678,0.943384976493201,0.926352043518375,0.916986968813925,0.902167623273101,0.883888603504848,0.874621811406235,0.8681463534354441,0.8540405334421121,0.8352359035554341,0.824106458058868,0.802891820507894,0.7702523409621159,0.735091529839213,0.711175317645152,0.6743898759340461,0.6331092307326179,0.596208788842807,0.5731857276324871,0.521559567115022,0.472637967532275,0.43525840884702505
0.576155326545522,0.7030652361176911,0.809263275628563,0.8731840610628779,0.9097235622015171,0.9552120777730351,0.9838100425203951,0.997124816226486,1.0,0.99448301970819,0.97974115653496,0.95851465792313,0.943319607069822,0.9339808287798279,0.919066741330383,0.9006087130268459,0.891702873262053,0.8859498205377041,0.872315398530207,0.8537888530658381,0.843098372752165,0.8220194549544159,0.7891121733859691,0.753509374437838,0.7296807903667709,0.6926389075820981,0.6507615442931539,0.613229518523865,0.590979905964887,0.539141767774972,0.48949086360572897,0.451424008379748
0.568659546417978,0.6949539778512651,0.800871794527744,0.864957905475848,0.901484334184386,0.946192255442601,0.974185990604433,0.987070072098898,0.99448301970819,1.0,0.9953435912180941,0.983126926696726,0.972623628135972,0.9635900321208709,0.9487443347520029,0.9301817232763159,0.921171968212542,0.915151961024881,0.9009993507097008,0.8818021320614972,0.8707699024260941,0.8490535919990949,0.815108473419771,0.7783692493878199,0.7585462925697329,0.7262686462124901,0.686979062307931,0.650883522013161,0.628893691695402,0.574312262752397,0.521806609965543,0.48149572286542297
0.556240907184092,0.680741440208396,0.785371606997569,0.848986336380463,0.885145498060321,0.9287013031064201,0.9558675452881241,0.9682305533512678,0.97974115653496,0.9953435912180941,1.0,0.9961812957485842,0.9900914056208441,0.9814261022014791,0.9667876372470021,0.9483094635465649,0.9392918492203639,0.9330850878109191,0.918593961771495,0.89896717264774,0.887728208454577,0.8656374096699971,0.831068771133766,0.7936426098830741,0.7776932234976409,0.750107367827764,0.7135778249153809,0.6791533358600861,0.657616091903353,0.6010447086687011,0.546426493972057,0.50444562704433
0.5405221578049461,0.6623972748006279,0.7650202623845931,0.8276967898293801,0.863232698407693,0.905394905870434,0.9315933012935309,0.943384976493201,0.95851465792313,0.983126926696726,0.9961812957485842,1.0,0.997956635835248,0.989694562959096,0.9753614458447959,0.9571082522458391,0.9481559882509549,0.941829948244107,0.9271486572191271,0.907290499585706,0.895954599737759,0.8737021265798821,0.838846522216563,0.801098917115362,0.7887863160407991,0.7656718899886559,0.731935907905972,0.69930167549693,0.6783474578404909,0.620428240117759,0.5643354387459351,0.521179309239513
0.531373537388365,0.65110107920278,0.751896958133062,0.813431044214522,0.848229791305514,0.8894299115512109,0.914958219940521,0.926352043518375,0.943319607069822,0.972623628135972,0.9900914056208441,0.997956635835248,1.0,0.995925333013827,0.9853180316116551,0.9703385169982921,0.9624720619107751,0.955296778781324,0.9397306478395321,0.9189996514599079,0.907008403597825,0.8840829965934609,0.8484884097090749,0.8100401804831271,0.799721299802597,0.7791431216902679,0.746885805441823,0.715138739496634,0.695008868340552,0.636544532294422,0.579572088387966,0.535654489127196
0.528785158079674,0.646808711913837,0.7459216167520891,0.806077047565754,0.8400053643518549,0.880668067575019,0.905819665458711,0.916986968813925,0.9339808287798279,0.9635900321208709,0.9814261022014791,0.989694562959096,0.995925333013827,1.0,0.996699808763268,0.988186144630765,0.98247425508898,0.9736860436802809,0.956508477299971,0.9342338196913241,0.9210038902370171,0.8968721697633121,0.86006718504399,0.820522967362902,0.81053488057965,0.7905383566532042,0.758430748147354,0.72665764140519,0.7076158181342809,0.649434383646782,0.5921910745521011,0.5479338710673181
0.522770722309521,0.6384380752966071,0.7353454629397079,0.7938407580709329,0.8267491593618921,0.866644779244698,0.891282031865381,0.902167623273101,0.919066741330383,0.9487443347520029,0.9667876372470021,0.9753614458447959,0.9853180316116551,0.996699808763268,1.0,0.9973657980810658,0.993633108903712,0.9834542797568481,0.9649458959385601,0.9414369430800551,0.927184218132178,0.902134800902297,0.8644967495201791,0.824241535901425,0.814620804755577,0.795287182850764,0.7635380555156881,0.7319629017118241,0.7140331509475849,0.6565117709866329,0.599423514683952,0.555169003131616
0.514477712476757,0.627393853131668,0.721789414086567,0.778474678068264,0.810287983557957,0.849275419591364,0.873315516598093,0.883888603504848,0.9006087130268459,0.9301817232763159,0.9483094635465649,0.9571082522458391,0.9703385169982921,0.988186144630765,0.9973657980810658,1.0,0.998056700210869,0.986692090051433,0.9670978659466679,0.9426172408035991,0.9275301540228149,0.9018005672889959,0.8636282532882559,0.8229624674891051,0.813723707368053,0.795090375634238,0.7638388354496061,0.732616854655592,0.7157809202195209,0.6591704938194269,0.6025395197173271,0.558534492976593
0.5035790699196501,0.615692600688072,0.709778865504376,0.766793338070792,0.7992315435035608,0.8386927947976509,0.8633468433331859,0.874621811406235,0.891702873262053,0.921171968212542,0.9392918492203639,0.9481559882509549,0.9624720619107751,0.98247425508898,0.993633108903712,0.998056700210869,1.0,0.9942780361871929,0.979629829739473,0.959408049328007,0.945446943173144,0.918383850325392,0.878825476480157,0.8368809210945591,0.827260565802389,0.8082927022094141,0.7765045419239021,0.744751648038072,0.728793508604621,0.672373725639221,0.615405634312614,0.5710155931369871
0.487699710673355,0.600039414006188,0.6951592735834129,0.753996851329073,0.78833474652225,0.829219669321914,0.855374796735801,0.8681463534354441,0.8859498205377041,0.915151961024881,0.9330850878109191,0.941829948244107,0.955296778781324,0.9736860436802809,0.9834542797568481,0.986692090051433,0.9942780361871929,1.0,0.995475778332458,0.98404479096557,0.9729447955001591,0.9441485413277391,0.902705979676213,0.858983650066407,0.8483894456386172,0.8283169355319839,0.795294324088337,0.7624396115304292,0.747262964336144,0.6907370537679071,0.633076632674425,0.588011959704953
0.46888693935467296,0.580347813373054,0.6754725656391829,0.7353660870624099,0.7710635784355842,0.8128217536808651,0.840060592941383,0.8540405334421121,0.872315398530207,0.9009993507097008,0.918593961771495,0.9271486572191271,0.9397306478395321,0.956508477299971,0.9649458959385601,0.9670978659466679,0.979629829739473,0.995475778332458,1.0,0.9964980258321421,0.988049605682043,0.957988601072875,0.9152685339804999,0.870385267330256,0.859026706091713,0.838164621008796,0.8043614762938741,0.770842588530149,0.7565069567849709,0.7004300734386371,0.6427081790462861,0.5974766825583779
0.44882232952753903,0.5586757031563311,0.65309290368458,0.713467475791447,0.7500943088839152,0.7923084759038299,0.820297170916872,0.8352359035554341,0.8537888530658381,0.8818021320614972,0.89896717264774,0.907290499585706,0.9189996514599079,0.9342338196913241,0.9414369430800551,0.9426172408035991,0.959408049328007,0.98404479096557,0.9964980258321421,1.0,0.993948259343463,0.9629991996450721,0.919474585665005,0.873905543514158,0.8619593287968491,0.8405585163380641,0.8063214444301691,0.772468900441997,0.7589806639645609,0.703718582724206,0.6463745467485339,0.6013347269367378
0.426637184912276,0.5373243083957151,0.6337362069638189,0.6971562720794499,0.7362491777280591,0.7792275376540941,0.8081450651976191,0.824106458058868,0.843098372752165,0.8707699024260941,0.887728208454577,0.895954599737759,0.907008403597825,0.9210038902370171,0.927184218132178,0.9275301540228149,0.945446943173144,0.9729447955001591,0.988049605682043,0.993948259343463,1.0,0.986223055245884,0.955896444688902,0.920286645612867,0.9081073020956669,0.880566346360355,0.841093447538281,0.80308649240795,0.78895698413692,0.7322583535827599,0.673072978999335,0.626508098594047
0.39674343464797496,0.507613654129753,0.6057132464555101,0.672331784702272,0.7139055040023551,0.756945855665729,0.7862653968597841,0.802891820507894,0.8220194549544159,0.8490535919990949,0.8656374096699971,0.8737021265798821,0.8840829965934609,0.8968721697633121,0.902134800902297,0.9018005672889959,0.918383850325392,0.9441485413277391,0.957988601072875,0.9629991996450721,0.986223055245884,1.0,0.9913118872784961,0.972327986688643,0.9603999882107671,0.9241870272028578,0.877613140477364,0.834094728854654,0.818696945446565,0.760339578777346,0.6991948317157081,0.6510374735982429
0.36518071103748,0.47401872980792703,0.5715333318045539,0.6393865280684201,0.682116214968536,0.724360431140365,0.753423714154032,0.7702523409621159,0.7891121733859691,0.815108473419771,0.831068771133766,0.838846522216563,0.8484884097090749,0.86006718504399,0.8644967495201791,0.8636282532882559,0.878825476480157,0.902705979676213,0.9152685339804999,0.919474585665005,0.955896444688902,0.9913118872784961,1.0,0.9946088589919871,0.9831150119585659,0.9407179389407461,0.8894126302998249,0.8423666741248149,0.826262891950307,0.7677328974910921,0.7062312271710061,0.6577535703652979
0.335827153509577,0.44173076826332897,0.537590527746537,0.605586536220109,0.6487045264171789,0.689803984911578,0.7183094837333259,0.735091529839213,0.753509374437838,0.7783692493878199,0.7936426098830741,0.801098917115362,0.8100401804831271,0.820522967362902,0.824241535901425,0.8229624674891051,0.8368809210945591,0.858983650066407,0.870385267330256,0.873905543514158,0.920286645612867,0.972327986688643,0.9946088589919871,1.0,0.988989122946118,0.9422355752846651,0.887828110115413,0.8385769755499609,0.822113717949908,0.7641640746156579,0.703133835518169,0.654997061118991
0.32501591021184,0.42997899582264504,0.525378412841078,0.5935620265677181,0.635541005726088,0.6725666189777281,0.6974594083260991,0.711175317645152,0.7296807903667709,0.7585462925697329,0.7776932234976409,0.7887863160407991,0.799721299802597,0.81053488057965,0.814620804755577,0.813723707368053,0.827260565802389,0.8483894456386172,0.859026706091713,0.8619593287968491,0.9081073020956669,0.9603999882107671,0.9831150119585659,0.988989122946118,1.0,0.980957719360603,0.9451797261888909,0.908618907320661,0.88730432799153,0.8160130688744279,0.7451785070010991,0.69024910726907
0.314266968807868,0.416120728949261,0.508750109980213,0.5750272477258079,0.6140887858436379,0.6452638060835301,0.6650074735452779,0.6743898759340461,0.6926389075820981,0.7262686462124901,0.750107367827764,0.7656718899886559,0.7791431216902679,0.7905383566532042,0.795287182850764,0.795090375634238,0.8082927022094141,0.8283169355319839,0.838164621008796,0.8405585163380641,0.880566346360355,0.9241870272028578,0.9407179389407461,0.9422355752846651,0.980957719360603,1.0,0.9906044610791479,0.97242868590208,0.945699244172247,0.8592059108143041,0.777743520810294,0.715623503984638
0.29953174957264195,0.39687346178174504,0.485440052335793,0.548863396402012,0.5849799058411489,0.6113244041709439,0.626992159710197,0.6331092307326179,0.6507615442931539,0.686979062307931,0.7135778249153809,0.731935907905972,0.746885805441823,0.758430748147354,0.7635380555156881,0.7638388354496061,0.7765045419239021,0.795294324088337,0.8043614762938741,0.8063214444301691,0.841093447538281,0.877613140477364,0.8894126302998249,0.887828110115413,0.9451797261888909,0.9906044610791479,1.0,0.9951842653471351,0.9652515617999008,0.870026292073687,0.782938129795237,0.717171521810004
0.285510642804497,0.378494033510279,0.463125661915211,0.5237710006214339,0.557359506080418,0.579937434596402,0.592502805733615,0.596208788842807,0.613229518523865,0.650883522013161,0.6791533358600861,0.69930167549693,0.715138739496634,0.72665764140519,0.7319629017118241,0.732616854655592,0.744751648038072,0.7624396115304292,0.770842588530149,0.772468900441997,0.80308649240795,0.834094728854654,0.8423666741248149,0.8385769755499609,0.908618907320661,0.97242868590208,0.9951842653471351,1.0,0.968117072476279,0.86773301544296,0.7776184342058929,0.7099977267678459
0.28675469397625,0.372216744930581,0.44878706483073294,0.5020662458342711,0.531873519593895,0.554945190367083,0.568365302080499,0.5731857276324871,0.590979905964887,0.628893691695402,0.657616091903353,0.6783474578404909,0.695008868340552,0.7076158181342809,0.7140331509475849,0.7157809202195209,0.728793508604621,0.747262964336144,0.7565069567849709,0.7589806639645609,0.78895698413692,0.818696945446565,0.826262891950307,0.822113717949908,0.88730432799153,0.945699244172247,0.9652515617999008,0.968117072476279,1.0,0.9643483703444029,0.909887582110395,0.863186757000772
0.27284358328865804,0.346008222887368,0.41019461939991797,0.45304214336653004,0.47766359002521297,0.500829690986959,0.5151727413025899,0.521559567115022,0.539141767774972,0.574312262752397,0.6010447086687011,0.620428240117759,0.636544532294422,0.649434383646782,0.6565117709866329,0.6591704938194269,0.672373725639221,0.6907370537679071,0.7004300734386371,0.703718582724206,0.7322583535827599,0.760339578777346,0.7677328974910921,0.7641640746156579,0.8160130688744279,0.8592059108143041,0.870026292073687,0.86773301544296,0.9643483703444029,1.0,0.9872341546419791,0.966023433942544
0.255133319461621,0.31839261487216,0.3729288642719579,0.40803153362508504,0.42868917426699,0.451119287428699,0.46552695620595397,0.472637967532275,0.48949086360572897,0.521806609965543,0.546426493972057,0.5643354387459351,0.579572088387966,0.5921910745521011,0.599423514683952,0.6025395197173271,0.615405634312614,0.633076632674425,0.6427081790462861,0.6463745467485339,0.673072978999335,0.6991948317157081,0.7062312271710061,0.703133835518169,0.7451785070010991,0.777743520810294,0.782938129795237,0.7776184342058929,0.909887582110395,0.9872341546419791,1.0,0.994856828458984
0.240487026372023,0.296608112291272,0.34428412593240804,0.37399594799296504,0.391858858251889,0.41352346190431105,0.427781156054317,0.43525840884702505,0.451424008379748,0.48149572286542297,0.50444562704433,0.521179309239513,0.535654489127196,0.5479338710673181,0.555169003131616,0.558534492976593,0.5710155931369871,0.588011959704953,0.5974766825583779,0.6013347269367378,0.626508098594047,0.6510374735982429,0.6577535703652979,0.654997061118991,0.69024910726907,0.715623503984638,0.717171521810004,0.7099977267678459,0.863186757000772,0.966023433942544,0.994856828458984,1.0
