1.0,0.9858301016406809,0.9173039244217759,0.779048343351832,0.7753124420124291,0.7572898406645949,0.722625235093869,0.717403810457547,0.701707514474773,0.67297105556004,0.6632746545423249,0.651795918376966,0.631697515113428,0.612904260108163,0.5894330872806629,0.5569935816268629,0.511137732871909,0.44347001627164,0.374620216528136,0.326952125857061,0.298111949676426,0.26662082179932395,0.236319203449087,0.192131568610096,0.156332748239374,0.131009912825019,0.100475567198149,0.0809981384528785,0.068696697036643,0.0820237200081388,0.0875766926359334,0.0886072285842312
0.9858301016406809,1.0,0.971100573244966,0.873137716268395,0.8675505504612091,0.845840197550522,0.805446537745357,0.7999077516383519,0.782741470796058,0.75105410171527,0.740173974527766,0.7272032880326329,0.7046114525371461,0.684186564481807,0.6589117493394909,0.6236036491013079,0.5724152081154351,0.49605934547999503,0.418528901402554,0.365176536613664,0.33351441207501004,0.29873022490678697,0.265597488727677,0.21822803739704397,0.179267379216049,0.15157185965624803,0.11972648844982597,0.0988906588858777,0.0855964504601869,0.09921525228855001,0.10395374362504199,0.10405617313718599
0.9173039244217759,0.971100573244966,1.0,0.964171824407818,0.956224783590167,0.9303326072789979,0.883769364067724,0.878050770313203,0.859635175935173,0.8253038395014242,0.81327328716868,0.7988161971087541,0.7737850645236299,0.752040738044972,0.725439688607778,0.6877823743163641,0.631518033221115,0.546546703998105,0.460469092198152,0.40164661641242494,0.36752277318570004,0.329759739173255,0.294224386744899,0.244651803091827,0.20310389961320102,0.173391272375698,0.14124291721406,0.11949656565738101,0.10544206501387801,0.11880786674333998,0.122155039886638,0.120931932087157
0.779048343351832,0.873137716268395,0.964171824407818,1.0,0.992199379271326,0.9658218159266929,0.9180149554905841,0.912438135097284,0.893701479003731,0.85844814171366,0.8458704361001809,0.8306493777095569,0.80442801796152,0.782692868645463,0.756461803847399,0.7186894285201489,0.660601220248301,0.571668729123113,0.481591444132228,0.420315800947135,0.38529281605256105,0.346260078671266,0.310024576645136,0.260892745411927,0.21883700811344697,0.188561385736156,0.157880131245695,0.136319324087489,0.12218824446255401,0.134529956572793,0.13611017850933502,0.13344720830125
0.7753124420124291,0.8675505504612091,0.956224783590167,0.992199379271326,1.0,0.99060082621801,0.9602877029664649,0.954430289922006,0.9345766520755779,0.8974319634396,0.884368398567107,0.8686286025378671,0.841390147892746,0.8198289616383371,0.794074367588418,0.756190146015255,0.6985811674421041,0.6093410741295301,0.517645162206146,0.454338647062202,0.416268070444734,0.37392550376007505,0.334911532489576,0.282860003862539,0.237997187884815,0.20561761135757603,0.172533988075709,0.149204844932038,0.133896009233506,0.147293224874564,0.14892439118071502,0.145951537752879
0.7572898406645949,0.845840197550522,0.9303326072789979,0.9658218159266929,0.99060082621801,1.0,0.9894262712774108,0.98336616752864,0.962643460248957,0.924090544255244,0.91072847075006,0.894702151117896,0.8668368475647309,0.845853747102066,0.821084472621597,0.783757868110949,0.727709290527718,0.6397342907939481,0.5479090519623351,0.4835110451993279,0.4427801829007561,0.39756630826969197,0.35620428807126997,0.301883881627116,0.254746660955776,0.22064000460525302,0.18551450932605804,0.16066401228316501,0.144337805043734,0.158652580172845,0.160310352078228,0.157050866733285
0.722625235093869,0.805446537745357,0.883769364067724,0.9180149554905841,0.9602877029664649,0.9894262712774108,1.0,0.9938494514631421,0.9726308872138292,0.9333766605819459,0.9199725257905659,0.9039715764559549,0.8760139582470899,0.856074811476292,0.832859060751675,0.79689040116631,0.743647598947506,0.658821018534647,0.568744736793974,0.504512120828821,0.461797087725492,0.41446736990977706,0.37146521687916295,0.31585478978621,0.267274145838118,0.232036764018875,0.19546768656990698,0.169514480342856,0.152444863035743,0.16743852923743802,0.16909046129882702,0.16559400119717702
0.717403810457547,0.7999077516383519,0.878050770313203,0.912438135097284,0.954430289922006,0.98336616752864,0.9938494514631421,1.0,0.992378984703013,0.967378314165629,0.956624946259343,0.940428503801864,0.9118048654862321,0.892368115343491,0.869955119132079,0.834206272687225,0.7807718324687009,0.694237904531959,0.601537296432411,0.535110052075117,0.490274601545386,0.440406746456481,0.395489003221405,0.338559255250873,0.28810150306212107,0.251356006072796,0.21565487182061396,0.18944984328621,0.17201316918802698,0.18718320479077202,0.18771634562070702,0.18304791092602998
0.701707514474773,0.782741470796058,0.859635175935173,0.893701479003731,0.9345766520755779,0.962643460248957,0.9726308872138292,0.992378984703013,1.0,0.9912227919876591,0.9835730582736171,0.9673911289984108,0.9384381457856271,0.919826973734873,0.898610481879385,0.8636031569713299,0.810689387954634,0.723460680347933,0.629149821025303,0.561231881234535,0.514703516421879,0.46275174186686896,0.41636614661153004,0.358800105310308,0.30699448824765696,0.269111341571656,0.234904517417505,0.208807943105515,0.191221611070828,0.20636242409020997,0.20564335446276102,0.19974082134928897
0.67297105556004,0.75105410171527,0.8253038395014242,0.85844814171366,0.8974319634396,0.924090544255244,0.9333766605819459,0.967378314165629,0.9912227919876591,1.0,0.9958097418590469,0.9799177242918872,0.951102253519468,0.9336923419050279,0.914119234285642,0.8805009611899529,0.82904287866711,0.7425476006096201,0.648108059521436,0.5797422519400101,0.532186436451228,0.47887966081277505,0.43170565621896,0.37443290528201,0.322059497645289,0.28359805808013105,0.25157435612914103,0.22603656807049805,0.20858782363149497,0.223440594324517,0.22139026068279102,0.214263773416583
0.6632746545423249,0.740173974527766,0.81327328716868,0.8458704361001809,0.884368398567107,0.91072847075006,0.9199725257905659,0.956624946259343,0.9835730582736171,0.9958097418590469,1.0,0.9938582958780451,0.974868381240744,0.961213390812988,0.9420423160042142,0.908388924416721,0.858571437879287,0.7739640317789219,0.6798419004948799,0.612300107777708,0.566179167933436,0.5127806596251779,0.465061741578146,0.40576764099962,0.350682679771183,0.31007596123855397,0.27986824741036104,0.254290967807773,0.23650792864322898,0.251809478986643,0.24827895775266398,0.23954219875280605
0.651795918376966,0.7272032880326329,0.7988161971087541,0.8306493777095569,0.8686286025378671,0.894702151117896,0.9039715764559549,0.940428503801864,0.9673911289984108,0.9799177242918872,0.9938582958780451,1.0,0.9935340918927809,0.984461099044385,0.9655916980005079,0.9318716052328299,0.884225529940933,0.802565878923758,0.709688269776588,0.6438717771801421,0.600191914349272,0.5474463838978011,0.49963173511673903,0.4382358517681211,0.380336840619805,0.33750715844526996,0.30935782349075297,0.283825994942727,0.265744315075478,0.28154436784587106,0.27647864026020197,0.266063472702917
0.631697515113428,0.7046114525371461,0.7737850645236299,0.80442801796152,0.841390147892746,0.8668368475647309,0.8760139582470899,0.9118048654862321,0.9384381457856271,0.951102253519468,0.974868381240744,0.9935340918927809,1.0,0.9957438389138721,0.9774248542054441,0.9440668363532171,0.8992568686623199,0.821664086678351,0.731249100254859,0.66804300211351,0.627425278991986,0.576023093139849,0.5287206826491,0.465952279959959,0.40590533918422794,0.361341772762938,0.33566366032368705,0.310504431081203,0.29234720549617893,0.308456986081596,0.301880856319883,0.289876662230202
0.612904260108163,0.684186564481807,0.752040738044972,0.782692868645463,0.8198289616383371,0.845853747102066,0.856074811476292,0.892368115343491,0.919826973734873,0.9336923419050279,0.961213390812988,0.984461099044385,0.9957438389138721,1.0,0.992134882479524,0.9689172496164771,0.9324777142508341,0.85961862332471,0.7714942348281391,0.709746713610565,0.6694998452177819,0.616943175649647,0.568649011584862,0.504809657093768,0.442265953198112,0.395559254116289,0.3717977705951,0.346377618031456,0.327672483607723,0.342677032919524,0.333115328822998,0.31847471101275604
0.5894330872806629,0.6589117493394909,0.725439688607778,0.756461803847399,0.794074367588418,0.821084472621597,0.832859060751675,0.869955119132079,0.898610481879385,0.914119234285642,0.9420423160042142,0.9655916980005079,0.9774248542054441,0.992134882479524,1.0,0.9922626244677449,0.967433393918162,0.90030844047279,0.815152328294757,0.754802665326415,0.713877096141366,0.6593102170133389,0.609648567138504,0.545430018547149,0.480722728898321,0.43204257333103097,0.41012659321478395,0.38433161259534704,0.364988930985753,0.37801910007936207,0.36476673902487894,0.347052107770433
0.5569935816268629,0.6236036491013079,0.6877823743163641,0.7186894285201489,0.756190146015255,0.783757868110949,0.79689040116631,0.834206272687225,0.8636031569713299,0.8805009611899529,0.908388924416721,0.9318716052328299,0.9440668363532171,0.9689172496164771,0.9922626244677449,1.0,0.9870725843563171,0.9266782228826981,0.8457894856524749,0.7877640771147192,0.746801246193818,0.6910883783978691,0.640842022802022,0.5772452270411961,0.511397386180487,0.461516224996795,0.4417713025509021,0.41600535648009396,0.396330864393915,0.40720021893026703,0.39049310059082004,0.370004684519321
0.511137732871909,0.5724152081154351,0.631518033221115,0.660601220248301,0.6985811674421041,0.727709290527718,0.743647598947506,0.7807718324687009,0.810689387954634,0.82904287866711,0.858571437879287,0.884225529940933,0.8992568686623199,0.9324777142508341,0.967433393918162,0.9870725843563171,1.0,0.9734415940938741,0.917147633431029,0.8712858642899359,0.827648258247947,0.76720767157249,0.7132145534760881,0.646440498502984,0.575380591950874,0.521184615275763,0.502345743944795,0.474936172434508,0.453649886795686,0.46523344442482106,0.445428002423572,0.42160482249929704
0.44347001627164,0.49605934547999503,0.546546703998105,0.571668729123113,0.6093410741295301,0.6397342907939481,0.658821018534647,0.694237904531959,0.723460680347933,0.7425476006096201,0.7739640317789219,0.802565878923758,0.821664086678351,0.85961862332471,0.90030844047279,0.9266782228826981,0.9734415940938741,1.0,0.984031356485981,0.9585130319235179,0.911732029743248,0.8461066234087691,0.787928535162995,0.7173412205121049,0.6406044785454439,0.581775842416991,0.5632686580611479,0.533902965695771,0.5108214378060639,0.525071739572014,0.503504544706065,0.4770715635907
0.374620216528136,0.418528901402554,0.460469092198152,0.481591444132228,0.517645162206146,0.5479090519623351,0.568744736793974,0.601537296432411,0.629149821025303,0.648108059521436,0.6798419004948799,0.709688269776588,0.731249100254859,0.7714942348281391,0.815152328294757,0.8457894856524749,0.917147633431029,0.984031356485981,1.0,0.9912329306623859,0.943720973458702,0.8764674605235051,0.817165936683306,0.746198583347687,0.6678580670961729,0.607581742627344,0.590010129594249,0.560198871510293,0.536566748769709,0.5523686077960339,0.530221404590314,0.502727238737861
0.326952125857061,0.365176536613664,0.40164661641242494,0.420315800947135,0.454338647062202,0.4835110451993279,0.504512120828821,0.535110052075117,0.561231881234535,0.5797422519400101,0.612300107777708,0.6438717771801421,0.66804300211351,0.709746713610565,0.754802665326415,0.7877640771147192,0.8712858642899359,0.9585130319235179,0.9912329306623859,1.0,0.9735911969904109,0.920956177939469,0.8705389408144559,0.7983178229344801,0.7167385827326779,0.6535492746474799,0.6313583140039,0.59768644555344,0.571380022721292,0.5823534971220721,0.554936376385764,0.523597326088002
0.298111949676426,0.33351441207501004,0.36752277318570004,0.38529281605256105,0.416268070444734,0.4427801829007561,0.461797087725492,0.490274601545386,0.514703516421879,0.532186436451228,0.566179167933436,0.600191914349272,0.627425278991986,0.6694998452177819,0.713877096141366,0.746801246193818,0.827648258247947,0.911732029743248,0.943720973458702,0.9735911969904109,1.0,0.985595007642428,0.9586833072078141,0.8842641907260709,0.7972654907560921,0.7291550194249851,0.694539089508406,0.652162174355947,0.62015660621976,0.617215591680917,0.577781350398045,0.538565752663525
0.26662082179932395,0.29873022490678697,0.329759739173255,0.346260078671266,0.37392550376007505,0.39756630826969197,0.41446736990977706,0.440406746456481,0.46275174186686896,0.47887966081277505,0.5127806596251779,0.5474463838978011,0.576023093139849,0.616943175649647,0.6593102170133389,0.6910883783978691,0.76720767157249,0.8461066234087691,0.8764674605235051,0.920956177939469,0.985595007642428,1.0,0.991415268933028,0.9178957916151228,0.82983759388895,0.7603951555486891,0.7177507050692171,0.6703646041353599,0.63522431179482,0.6220753951797471,0.5750784372258261,0.531360017689584
0.236319203449087,0.265597488727677,0.294224386744899,0.310024576645136,0.334911532489576,0.35620428807126997,0.37146521687916295,0.395489003221405,0.41636614661153004,0.43170565621896,0.465061741578146,0.49963173511673903,0.5287206826491,0.568649011584862,0.609648567138504,0.640842022802022,0.7132145534760881,0.787928535162995,0.817165936683306,0.8705389408144559,0.9586833072078141,0.991415268933028,1.0,0.950424994354915,0.875256703648999,0.812952769216148,0.765023340425525,0.713221506467804,0.6750226045878149,0.6553649988214829,0.6016795143313051,0.5532079469815601
0.192131568610096,0.21822803739704397,0.244651803091827,0.260892745411927,0.282860003862539,0.301883881627116,0.31585478978621,0.338559255250873,0.358800105310308,0.37443290528201,0.40576764099962,0.4382358517681211,0.465952279959959,0.504809657093768,0.545430018547149,0.5772452270411961,0.646440498502984,0.7173412205121049,0.746198583347687,0.7983178229344801,0.8842641907260709,0.9178957916151228,0.950424994354915,1.0,0.9822613969847509,0.95372342694571,0.904734896180629,0.847495706080953,0.8046329866900441,0.784581296104744,0.722628262850025,0.665939917105157
0.156332748239374,0.179267379216049,0.20310389961320102,0.21883700811344697,0.237997187884815,0.254746660955776,0.267274145838118,0.28810150306212107,0.30699448824765696,0.322059497645289,0.350682679771183,0.380336840619805,0.40590533918422794,0.442265953198112,0.480722728898321,0.511397386180487,0.575380591950874,0.6406044785454439,0.6678580670961729,0.7167385827326779,0.7972654907560921,0.82983759388895,0.875256703648999,0.9822613969847509,1.0,0.9931835478174008,0.9458898675399691,0.8880982908610641,0.844464846135111,0.8251306535382271,0.7611430621136389,0.702199995555668
0.131009912825019,0.15157185965624803,0.173391272375698,0.188561385736156,0.20561761135757603,0.22064000460525302,0.232036764018875,0.251356006072796,0.269111341571656,0.28359805808013105,0.31007596123855397,0.33750715844526996,0.361341772762938,0.395559254116289,0.43204257333103097,0.461516224996795,0.521184615275763,0.581775842416991,0.607581742627344,0.6535492746474799,0.7291550194249851,0.7603951555486891,0.812952769216148,0.95372342694571,0.9931835478174008,1.0,0.9558547869173871,0.899361110229043,0.856363909122037,0.837531188182022,0.773054158179226,0.713498342585879
0.100475567198149,0.11972648844982597,0.14124291721406,0.157880131245695,0.172533988075709,0.18551450932605804,0.19546768656990698,0.21565487182061396,0.234904517417505,0.25157435612914103,0.27986824741036104,0.30935782349075297,0.33566366032368705,0.3717977705951,0.41012659321478395,0.4417713025509021,0.502345743944795,0.5632686580611479,0.590010129594249,0.6313583140039,0.694539089508406,0.7177507050692171,0.765023340425525,0.904734896180629,0.9458898675399691,0.9558547869173871,1.0,0.988127166259495,0.970290241075811,0.932624890312734,0.8459512997187578,0.771030627217634
0.0809981384528785,0.0988906588858777,0.11949656565738101,0.136319324087489,0.149204844932038,0.16066401228316501,0.169514480342856,0.18944984328621,0.208807943105515,0.22603656807049805,0.254290967807773,0.283825994942727,0.310504431081203,0.346377618031456,0.38433161259534704,0.41600535648009396,0.474936172434508,0.533902965695771,0.560198871510293,0.59768644555344,0.652162174355947,0.6703646041353599,0.713221506467804,0.847495706080953,0.8880982908610641,0.899361110229043,0.988127166259495,1.0,0.995941976166175,0.949746296485179,0.854496570136438,0.7741609963598209
0.068696697036643,0.0855964504601869,0.10544206501387801,0.12218824446255401,0.133896009233506,0.144337805043734,0.152444863035743,0.17201316918802698,0.191221611070828,0.20858782363149497,0.23650792864322898,0.265744315075478,0.29234720549617893,0.327672483607723,0.364988930985753,0.396330864393915,0.453649886795686,0.5108214378060639,0.536566748769709,0.571380022721292,0.62015660621976,0.63522431179482,0.6750226045878149,0.8046329866900441,0.844464846135111,0.856363909122037,0.970290241075811,0.995941976166175,1.0,0.949316199855624,0.8500917453985941,0.767468973185415
0.0820237200081388,0.09921525228855001,0.11880786674333998,0.134529956572793,0.147293224874564,0.158652580172845,0.16743852923743802,0.18718320479077202,0.20636242409020997,0.223440594324517,0.251809478986643,0.28154436784587106,0.308456986081596,0.342677032919524,0.37801910007936207,0.40720021893026703,0.46523344442482106,0.525071739572014,0.5523686077960339,0.5823534971220721,0.617215591680917,0.6220753951797471,0.6553649988214829,0.784581296104744,0.8251306535382271,0.837531188182022,0.932624890312734,0.949746296485179,0.949316199855624,1.0,0.9725216269345659,0.9300429257908149
0.0875766926359334,0.10395374362504199,0.122155039886638,0.13611017850933502,0.14892439118071502,0.160310352078228,0.16909046129882702,0.18771634562070702,0.20564335446276102,0.22139026068279102,0.24827895775266398,0.27647864026020197,0.301880856319883,0.333115328822998,0.36476673902487894,0.39049310059082004,0.445428002423572,0.503504544706065,0.530221404590314,0.554936376385764,0.577781350398045,0.5750784372258261,0.6016795143313051,0.722628262850025,0.7611430621136389,0.773054158179226,0.8459512997187578,0.854496570136438,0.8500917453985941,0.9725216269345659,1.0,0.990034039237957
0.0886072285842312,0.10405617313718599,0.120931932087157,0.13344720830125,0.145951537752879,0.157050866733285,0.16559400119717702,0.18304791092602998,0.19974082134928897,0.214263773416583,0.23954219875280605,0.266063472702917,0.289876662230202,0.31847471101275604,0.347052107770433,0.370004684519321,0.42160482249929704,0.4770715635907,0.502727238737861,0.523597326088002,0.538565752663525,0.531360017689584,0.5532079469815601,0.665939917105157,0.702199995555668,0.713498342585879,0.771030627217634,0.7741609963598209,0.767468973185415,0.9300429257908149,0.990034039237957,1.0
