1.0,0.9696025983675051,0.81284383094899,0.7593875463647479,0.695464554271825,0.625023541987343,0.5823702391373959,0.518998623916699,0.46366629187796504,0.39672152086200296,0.33565388143564595,0.285170418966053,0.243679576934568,0.213660969796261,0.18892170132036604,0.17204571622722198,0.155684415101185,0.138519342291914,0.11890417406718401,0.10096070549869803,0.0912176277623537,0.0839447149371093,0.0771365362801147,0.0684317399389866,0.0613264999467089,0.0588763532220276,0.0565331517809496,0.0305967290902007,0.006646940039540489,0.0332065789444952,0.0502075827833752,0.0569286685604102
0.9696025983675051,1.0,0.9306600821165251,0.8906513031920821,0.824447821184797,0.7513409574746021,0.7113196481806441,0.647091951747667,0.5936866927045611,0.523988264838751,0.459046713838093,0.404018911247943,0.35721721017096897,0.32048483787421195,0.28948603024429803,0.26866022932344197,0.247678328926324,0.22412780248758898,0.19476470464626897,0.16752487361813298,0.15572152508404502,0.14711605539217903,0.132669347731544,0.11023346341931499,0.0936866767610353,0.0848852822107197,0.0781065170530053,0.0547115078222839,0.0220297414357719,0.0034776492357283697,0.0279617702940301,0.0397551708237021
0.81284383094899,0.9306600821165251,1.0,0.984692449485687,0.9226786492867329,0.853977692007226,0.822486290245506,0.764351428175234,0.719958385804854,0.654143298088318,0.590863875559918,0.535357650087931,0.48598701979756803,0.443432011579433,0.4066316065963811,0.38229020603745506,0.356807582715367,0.326412156773518,0.285843397032532,0.247829407578905,0.234300228732113,0.224690003665467,0.20047957100275698,0.16008668577669,0.131321144387339,0.11403288651797099,0.101399652038291,0.0844905026669903,0.0623819588890445,0.0413761235459022,0.00851290485140582,0.00951146753173172
0.7593875463647479,0.8906513031920821,0.984692449485687,1.0,0.97478420927499,0.929372615103869,0.900486401202282,0.842932145869167,0.800485375298659,0.7336561215783081,0.672034680704589,0.618898789800633,0.570017893262853,0.5257047949948821,0.486597038620134,0.460973305812079,0.433291921701302,0.399685419214656,0.35424854436669795,0.310901835854951,0.296856115279641,0.286826268402443,0.25740658324473703,0.20654195126939603,0.170186744174431,0.147797138859134,0.131426931687149,0.11383777740069098,0.0911196948591418,0.0696343954146537,0.0397246721556168,0.0217958202302767
0.695464554271825,0.824447821184797,0.9226786492867329,0.97478420927499,1.0,0.986983609886705,0.9608123386347499,0.9044669726127149,0.864113351351272,0.7969927265402981,0.739039969190263,0.690733620846029,0.6443892738633149,0.600034069940682,0.559980609344343,0.533996585082978,0.504946006082449,0.46920320128628,0.420536141644959,0.37317842490692,0.359151864311855,0.34902144143744296,0.315174850359143,0.254854018655753,0.21147529080195798,0.18436148496839397,0.16445880639033802,0.14515692592567497,0.120166361851454,0.0977404139191335,0.0743596368814548,0.0582799800466598
0.625023541987343,0.7513409574746021,0.853977692007226,0.929372615103869,0.986983609886705,1.0,0.9868900948273399,0.9438686674771041,0.9084059653279799,0.844235948226403,0.790767750635207,0.74678801352451,0.702942964538787,0.6593877771458679,0.6191931592533171,0.593011600088074,0.5627898016375501,0.525676928255608,0.475594449693891,0.42589099318004,0.411810969452808,0.401417956673967,0.3641802412948901,0.29657210583017496,0.247660962613748,0.21786191873117897,0.19579223860338896,0.17574646783661801,0.14924044244243498,0.12589122390375201,0.10629985094375599,0.0907291340760089
0.5823702391373959,0.7113196481806441,0.822486290245506,0.900486401202282,0.9608123386347499,0.9868900948273399,1.0,0.984803811791891,0.9562014568330791,0.8966687907753241,0.8459300208407231,0.8029584787090629,0.7592792406180021,0.71579009256413,0.6749500318923449,0.647710666639935,0.615481004169001,0.576753281763234,0.5260435556501599,0.47471154723073994,0.45986480358629495,0.448551787011585,0.4083835500300779,0.334930466723672,0.281451137548132,0.251165200433084,0.22836412624523897,0.208283943377277,0.18048587956824103,0.155364273282431,0.133993080992662,0.11614800356186
0.518998623916699,0.647091951747667,0.764351428175234,0.842932145869167,0.9044669726127149,0.9438686674771041,0.984803811791891,1.0,0.98023723383001,0.9279861310812659,0.881941370113104,0.8413892544171421,0.7992081971282441,0.7570853575267809,0.7167434635415592,0.689253164918846,0.6558902402593921,0.6165875600979109,0.5666326274447441,0.514969841394442,0.49969775871634103,0.48769028604097503,0.445454013289986,0.36768297452284204,0.310710987432832,0.28063489160552,0.257601946725711,0.238020596002952,0.20958580599303,0.18324317658986103,0.16061132374240697,0.14082146181787697
0.46366629187796504,0.5936866927045611,0.719958385804854,0.800485375298659,0.864113351351272,0.9084059653279799,0.9562014568330791,0.98023723383001,1.0,0.983359289175414,0.9557206250963691,0.9213060472441942,0.88294166829898,0.843480498943687,0.8040358638049141,0.782392919659233,0.7543958827049809,0.717529566458265,0.665712093618812,0.610360447791716,0.593257109394832,0.579222793101311,0.532020995853857,0.444248597351385,0.379168041040656,0.34084317499413697,0.311656200136711,0.289607635730578,0.25809402113339996,0.229098795017752,0.20831835656348496,0.187246821790124
0.39672152086200296,0.523988264838751,0.654143298088318,0.7336561215783081,0.7969927265402981,0.844235948226403,0.8966687907753241,0.9279861310812659,0.983359289175414,1.0,0.990225956653064,0.962645005859019,0.9291203249444621,0.89347631886606,0.856227939772823,0.8407078142796031,0.818612501950857,0.7852661667509641,0.733540959312754,0.6767273467582199,0.658537310062318,0.6431299087196629,0.593010200096956,0.499106712413198,0.42884385292847904,0.38427710950878,0.35045403965402,0.326906793244983,0.293662115077485,0.263239634167426,0.244882370914024,0.223366894806333
0.33565388143564595,0.459046713838093,0.590863875559918,0.672034680704589,0.739039969190263,0.790767750635207,0.8459300208407231,0.881941370113104,0.9557206250963691,0.990225956653064,1.0,0.989818205281575,0.968976690377523,0.941083118223403,0.908957413921365,0.8957936667623991,0.874202489682379,0.8417389365006991,0.7922207874114491,0.735796771767217,0.719343492097275,0.7048461646440392,0.6537890825081519,0.55529976788902,0.480755855486925,0.431892563041813,0.39464436999983293,0.369524105051435,0.33360031309131394,0.30085616942641896,0.28375560159630797,0.26106073074116
0.285170418966053,0.404018911247943,0.535357650087931,0.618898789800633,0.690733620846029,0.74678801352451,0.8029584787090629,0.8413892544171421,0.9213060472441942,0.962645005859019,0.989818205281575,1.0,0.99415022642811,0.975047613592405,0.9489788562683371,0.935900396841431,0.9120118044214499,0.879084395375066,0.832819658051426,0.7780078356570821,0.764602617861486,0.7521576422357309,0.701626924576942,0.6006010562684201,0.5233094415277489,0.47209532186972797,0.432784891785243,0.40642915084685294,0.36793126365693896,0.33292688571013,0.31637014280392894,0.292412053612464
0.243679576934568,0.35721721017096897,0.48598701979756803,0.570017893262853,0.6443892738633149,0.702942964538787,0.7592792406180021,0.7992081971282441,0.88294166829898,0.9291203249444621,0.968976690377523,0.99415022642811,1.0,0.9903696961185409,0.971089140917532,0.95873317369157,0.933400465048479,0.9006118794266609,0.857668197620734,0.80487731635985,0.793963271186388,0.783186257968982,0.7355957271661792,0.63683934294105,0.559955978769398,0.508449137125073,0.468450961956766,0.44077065227753004,0.39903732636663,0.361233062917264,0.344141846702761,0.31857330802630895
0.213660969796261,0.32048483787421195,0.443432011579433,0.5257047949948821,0.600034069940682,0.6593877771458679,0.71579009256413,0.7570853575267809,0.843480498943687,0.89347631886606,0.941083118223403,0.975047613592405,0.9903696961185409,1.0,0.9947871842149251,0.985463869394863,0.959355581407741,0.9273707445014979,0.8885367660643401,0.8382440399848679,0.8292589872731321,0.8195546088802109,0.783782326868856,0.701828329253016,0.633396793709156,0.586314628662035,0.548090580958451,0.5162631666256611,0.4640827199983,0.417272060246021,0.394368480135952,0.363289469352706
0.18892170132036604,0.28948603024429803,0.4066316065963811,0.486597038620134,0.559980609344343,0.6191931592533171,0.6749500318923449,0.7167434635415592,0.8040358638049141,0.856227939772823,0.908957413921365,0.9489788562683371,0.971089140917532,0.9947871842149251,1.0,0.993025093646159,0.9666668458227501,0.9356676072185759,0.900338487144056,0.852504656934298,0.8450509579924141,0.8362560418570449,0.809628609737425,0.7410587990171759,0.6796945058652509,0.636450691931541,0.600003746732337,0.5655134813070579,0.506280419444307,0.4534122184294289,0.42650943743954495,0.3917541881653929
0.17204571622722198,0.26866022932344197,0.38229020603745506,0.460973305812079,0.533996585082978,0.593011600088074,0.647710666639935,0.689253164918846,0.782392919659233,0.8407078142796031,0.8957936667623991,0.935900396841431,0.95873317369157,0.985463869394863,0.993025093646159,1.0,0.9899211193043042,0.969974441280528,0.937581192148751,0.8911884899536541,0.8813087394196841,0.86991716885738,0.844588015497208,0.7787693216597441,0.7180659791164828,0.6722801272120179,0.63367583745047,0.599967415392913,0.541193789892274,0.489371452205629,0.47112158650818897,0.43887860589749894
0.155684415101185,0.247678328926324,0.356807582715367,0.433291921701302,0.504946006082449,0.5627898016375501,0.615481004169001,0.6558902402593921,0.7543958827049809,0.818612501950857,0.874202489682379,0.9120118044214499,0.933400465048479,0.959355581407741,0.9666668458227501,0.9899211193043042,1.0,0.993622087580273,0.9643455074103829,0.9197714746965501,0.90664495989136,0.8920016277166309,0.866046655098848,0.800825897825851,0.739896063074827,0.690648075943386,0.6495273130394301,0.618095762963762,0.562879394222683,0.5149313569484371,0.5087200945753321,0.481138858121624
0.138519342291914,0.22412780248758898,0.326412156773518,0.399685419214656,0.46920320128628,0.525676928255608,0.576753281763234,0.6165875600979109,0.717529566458265,0.7852661667509641,0.8417389365006991,0.879084395375066,0.9006118794266609,0.9273707445014979,0.9356676072185759,0.969974441280528,0.993622087580273,1.0,0.9836213708446491,0.94864230339039,0.934827842647475,0.9182554711961229,0.8923425472006691,0.8276326515261179,0.766296676411628,0.715676540167446,0.67332072462673,0.644104940268751,0.5913571582712189,0.545421409360776,0.545214892302343,0.5191131571998661
0.11890417406718401,0.19476470464626897,0.285843397032532,0.35424854436669795,0.420536141644959,0.475594449693891,0.5260435556501599,0.5666326274447441,0.665712093618812,0.733540959312754,0.7922207874114491,0.832819658051426,0.857668197620734,0.8885367660643401,0.900338487144056,0.937581192148751,0.9643455074103829,0.9836213708446491,1.0,0.990126127377141,0.980220841608246,0.9638131581002858,0.9389721245608349,0.874099586321598,0.811424094001261,0.762734955958193,0.7210190496499631,0.693924975061841,0.641444481215612,0.593869792343121,0.589090710002582,0.55844593139758
0.10096070549869803,0.16752487361813298,0.247829407578905,0.310901835854951,0.37317842490692,0.42589099318004,0.47471154723073994,0.514969841394442,0.610360447791716,0.6767273467582199,0.735796771767217,0.7780078356570821,0.80487731635985,0.8382440399848679,0.852504656934298,0.8911884899536541,0.9197714746965501,0.94864230339039,0.990126127377141,1.0,0.993358880988213,0.977450281110591,0.9540045606730029,0.8904724089389101,0.828172360891722,0.78208591473326,0.741810935405543,0.716979570501097,0.665893618706627,0.6181200570032729,0.60989292245413,0.576407916842524
0.0912176277623537,0.15572152508404502,0.234300228732113,0.296856115279641,0.359151864311855,0.411810969452808,0.45986480358629495,0.49969775871634103,0.593257109394832,0.658537310062318,0.719343492097275,0.764602617861486,0.793963271186388,0.8292589872731321,0.8450509579924141,0.8813087394196841,0.90664495989136,0.934827842647475,0.980220841608246,0.993358880988213,1.0,0.995190530695481,0.978121362011737,0.9157691800994201,0.853508999569366,0.8097302345687979,0.770593314710075,0.7447549160460449,0.6903295564337221,0.639195052092725,0.6267171271032329,0.59015116851176
0.0839447149371093,0.14711605539217903,0.224690003665467,0.286826268402443,0.34902144143744296,0.401417956673967,0.448551787011585,0.48769028604097503,0.579222793101311,0.6431299087196629,0.7048461646440392,0.7521576422357309,0.783186257968982,0.8195546088802109,0.8362560418570449,0.86991716885738,0.8920016277166309,0.9182554711961229,0.9638131581002858,0.977450281110591,0.995190530695481,1.0,0.98846289874072,0.9275517235118079,0.8658505778307791,0.8241808597840751,0.786226063873384,0.759495279005975,0.7025110952191239,0.6489477639729089,0.6332813541237879,0.594693068224046
0.0771365362801147,0.132669347731544,0.20047957100275698,0.25740658324473703,0.315174850359143,0.3641802412948901,0.4083835500300779,0.445454013289986,0.532020995853857,0.593010200096956,0.6537890825081519,0.701626924576942,0.7355957271661792,0.783782326868856,0.809628609737425,0.844588015497208,0.866046655098848,0.8923425472006691,0.9389721245608349,0.9540045606730029,0.978121362011737,0.98846289874072,1.0,0.972488212097666,0.9298372423566701,0.896088469469506,0.8621903554523821,0.832586020076019,0.7659862765032679,0.7040805024272141,0.683190210155681,0.639422096281839
0.0684317399389866,0.11023346341931499,0.16008668577669,0.20654195126939603,0.254854018655753,0.29657210583017496,0.334930466723672,0.36768297452284204,0.444248597351385,0.499106712413198,0.55529976788902,0.6006010562684201,0.63683934294105,0.701828329253016,0.7410587990171759,0.7787693216597441,0.800825897825851,0.8276326515261179,0.874099586321598,0.8904724089389101,0.9157691800994201,0.9275517235118079,0.972488212097666,1.0,0.9899753862604721,0.968992640514489,0.942198467798413,0.9096788360109991,0.831744135558293,0.7603217388718979,0.734042054901414,0.6849604272537939
0.0613264999467089,0.0936866767610353,0.131321144387339,0.170186744174431,0.21147529080195798,0.247660962613748,0.281451137548132,0.310710987432832,0.379168041040656,0.42884385292847904,0.480755855486925,0.5233094415277489,0.559955978769398,0.633396793709156,0.6796945058652509,0.7180659791164828,0.739896063074827,0.766296676411628,0.811424094001261,0.828172360891722,0.853508999569366,0.8658505778307791,0.9298372423566701,0.9899753862604721,1.0,0.9873177060169142,0.9655462298119979,0.9321274810751089,0.8494015984682279,0.774116572545207,0.745271076878993,0.6942785719010961
0.0588763532220276,0.0848852822107197,0.11403288651797099,0.147797138859134,0.18436148496839397,0.21786191873117897,0.251165200433084,0.28063489160552,0.34084317499413697,0.38427710950878,0.431892563041813,0.47209532186972797,0.508449137125073,0.586314628662035,0.636450691931541,0.6722801272120179,0.690648075943386,0.715676540167446,0.762734955958193,0.78208591473326,0.8097302345687979,0.8241808597840751,0.896088469469506,0.968992640514489,0.9873177060169142,1.0,0.994614065642415,0.971022285181963,0.8924881532429481,0.8164515807192301,0.7726540367633291,0.712340097363322
0.0565331517809496,0.0781065170530053,0.101399652038291,0.131426931687149,0.16445880639033802,0.19579223860338896,0.22836412624523897,0.257601946725711,0.311656200136711,0.35045403965402,0.39464436999983293,0.432784891785243,0.468450961956766,0.548090580958451,0.600003746732337,0.63367583745047,0.6495273130394301,0.67332072462673,0.7210190496499631,0.741810935405543,0.770593314710075,0.786226063873384,0.8621903554523821,0.942198467798413,0.9655462298119979,0.994614065642415,1.0,0.98317752193537,0.908495734991177,0.8330291751382071,0.7800447445358001,0.7144532293120229
0.0305967290902007,0.0547115078222839,0.0844905026669903,0.11383777740069098,0.14515692592567497,0.17574646783661801,0.208283943377277,0.238020596002952,0.289607635730578,0.326906793244983,0.369524105051435,0.40642915084685294,0.44077065227753004,0.5162631666256611,0.5655134813070579,0.599967415392913,0.618095762963762,0.644104940268751,0.693924975061841,0.716979570501097,0.7447549160460449,0.759495279005975,0.832586020076019,0.9096788360109991,0.9321274810751089,0.971022285181963,0.98317752193537,1.0,0.9690698615621061,0.9183219666938292,0.853589458396841,0.778193630401649
0.006646940039540489,0.0220297414357719,0.0623819588890445,0.0911196948591418,0.120166361851454,0.14924044244243498,0.18048587956824103,0.20958580599303,0.25809402113339996,0.293662115077485,0.33360031309131394,0.36793126365693896,0.39903732636663,0.4640827199983,0.506280419444307,0.541193789892274,0.562879394222683,0.5913571582712189,0.641444481215612,0.665893618706627,0.6903295564337221,0.7025110952191239,0.7659862765032679,0.831744135558293,0.8494015984682279,0.8924881532429481,0.908495734991177,0.9690698615621061,1.0,0.9866040262725891,0.912756674933043,0.8296536495571729
0.0332065789444952,0.0034776492357283697,0.0413761235459022,0.0696343954146537,0.0977404139191335,0.12589122390375201,0.155364273282431,0.18324317658986103,0.229098795017752,0.263239634167426,0.30085616942641896,0.33292688571013,0.361233062917264,0.417272060246021,0.4534122184294289,0.489371452205629,0.5149313569484371,0.545421409360776,0.593869792343121,0.6181200570032729,0.639195052092725,0.6489477639729089,0.7040805024272141,0.7603217388718979,0.774116572545207,0.8164515807192301,0.8330291751382071,0.9183219666938292,0.9866040262725891,1.0,0.941684341242483,0.865529115868747
0.0502075827833752,0.0279617702940301,0.00851290485140582,0.0397246721556168,0.0743596368814548,0.10629985094375599,0.133993080992662,0.16061132374240697,0.20831835656348496,0.244882370914024,0.28375560159630797,0.31637014280392894,0.344141846702761,0.394368480135952,0.42650943743954495,0.47112158650818897,0.5087200945753321,0.545214892302343,0.589090710002582,0.60989292245413,0.6267171271032329,0.6332813541237879,0.683190210155681,0.734042054901414,0.745271076878993,0.7726540367633291,0.7800447445358001,0.853589458396841,0.912756674933043,0.941684341242483,1.0,0.983592911486654
0.0569286685604102,0.0397551708237021,0.00951146753173172,0.0217958202302767,0.0582799800466598,0.0907291340760089,0.11614800356186,0.14082146181787697,0.187246821790124,0.223366894806333,0.26106073074116,0.292412053612464,0.31857330802630895,0.363289469352706,0.3917541881653929,0.43887860589749894,0.481138858121624,0.5191131571998661,0.55844593139758,0.576407916842524,0.59015116851176,0.594693068224046,0.639422096281839,0.6849604272537939,0.6942785719010961,0.712340097363322,0.7144532293120229,0.778193630401649,0.8296536495571729,0.865529115868747,0.983592911486654,1.0
