1.0,0.8013967973870891,0.666898229839997,0.592906531284298,0.502422454714705,0.453034368519861,0.42352373428836204,0.394338526842876,0.362726777635106,0.33588542445580394,0.28256117246745,0.25216983931431,0.203449588428332,0.173170366116461,0.146548750323948,0.11578612161272099,0.0826579067303363,0.052677513223719004,0.00598437197870414,0.0563956752039064,0.0805445009783568,0.110523848423873,0.12644302380208503,0.145749360052785,0.17117452571181302,0.182818033196194,0.18441084167547897,0.206342496169477,0.15721191370599402,0.00532068837418401,0.0161312253804214,0.00052989478635588
0.8013967973870891,1.0,0.908745713365887,0.803663124473383,0.715595416183365,0.6619242678050989,0.614441435801348,0.581452662414621,0.544825972866118,0.5068862182534319,0.448635089045371,0.407109734978967,0.348816745155955,0.303292937190012,0.269992451570443,0.2315239509164,0.19266654085517101,0.15711231504349601,0.0879356496126738,0.0182821667499901,0.0158789793835194,0.0540050496457506,0.0738131048837934,0.0972696044334554,0.122416276804389,0.14440357684747304,0.161422263708859,0.16027594685397198,0.121963001286599,0.0033544086155411802,0.0428357986446598,0.0333230397665806
0.666898229839997,0.908745713365887,1.0,0.9323863665089591,0.8481254309248499,0.7984637280767679,0.752066387088934,0.719958921420014,0.684977985455408,0.651037758221661,0.593369685501553,0.5434339552516471,0.49367718497870794,0.445207097648427,0.41134103144341105,0.37418988492437294,0.33711834555290804,0.304361126986839,0.23818930130011104,0.16852914158373597,0.128091677159627,0.0798420323479243,0.052378877458651996,0.0286627749048219,9.595714419646891e-05,0.0302168987776183,0.0601012403272129,0.0683269588889212,0.0709485335704019,0.0018414732529950198,0.0611180311158805,0.0681460702394977
0.592906531284298,0.803663124473383,0.9323863665089591,1.0,0.9451112538982179,0.895673244146886,0.8523197716905508,0.823011923044472,0.785794429625593,0.7520825401015692,0.697216624146777,0.652339800209955,0.6078936873673261,0.557727502772431,0.523243218244878,0.48656410103680603,0.446396586278836,0.414425615983945,0.35156293230032104,0.291192289501327,0.246615356795367,0.192865604319875,0.16087763905279504,0.133393701434766,0.0967312359835442,0.0624337496240438,0.0186544499738966,0.004243279779149779,0.0276641204682664,0.0105683817912908,0.0852694252552198,0.0908400272687589
0.502422454714705,0.715595416183365,0.8481254309248499,0.9451112538982179,1.0,0.9550996999963149,0.9072312578504351,0.877282965904571,0.84263731513486,0.8111052502239691,0.7688967199409731,0.7329832585945091,0.6886877304137261,0.6478561241571801,0.6197173060343629,0.5854394873105,0.546195079496678,0.5156235700606799,0.4597746778858379,0.400893612725743,0.358783296935206,0.309422277712772,0.2765910903706911,0.24964452182147198,0.211489309302879,0.176931817782235,0.132364614237238,0.0952860781244683,0.0450179837813178,0.0381865007390699,0.0976484320147017,0.0927249311348346
0.453034368519861,0.6619242678050989,0.7984637280767679,0.895673244146886,0.9550996999963149,1.0,0.961014425564542,0.9302967049930891,0.8991782429476669,0.871521557985953,0.834859988005165,0.8000568911777991,0.7517500135390172,0.714664115962525,0.684719895703035,0.652753298843505,0.61501766817962,0.586142141051021,0.5345078675867659,0.4735650813462321,0.434906959739831,0.384448636173867,0.349064807517997,0.322742484675557,0.28383969376328005,0.24650398284131303,0.199163907655851,0.164255031465717,0.0997862986832754,0.0490299398911389,0.10101989796728099,0.104366410997048
0.42352373428836204,0.614441435801348,0.752066387088934,0.8523197716905508,0.9072312578504351,0.961014425564542,1.0,0.977995367228245,0.946632559775037,0.9209005432814251,0.8881909610706751,0.850819396849721,0.8062987501919598,0.7735828876845351,0.7417788161467309,0.7085493651999449,0.673119682969089,0.643770939433279,0.5906151546134761,0.532800308692348,0.49456072986012506,0.44338860269419395,0.40700663938068005,0.37917422281970004,0.34053015106903,0.30319803152563396,0.25085862447312196,0.20576555062145396,0.123324073944405,0.0380990301772785,0.0947161566491507,0.113886547959117
0.394338526842876,0.581452662414621,0.719958921420014,0.823011923044472,0.877282965904571,0.9302967049930891,0.977995367228245,1.0,0.982004913810402,0.9568529883947999,0.9239809957449681,0.88627662792899,0.8449268702618109,0.8130769411569471,0.779544079747667,0.7460508085876751,0.709952548690193,0.6798848571379059,0.6279026364108039,0.573015314169515,0.5380505902575471,0.490854594835264,0.454937323988849,0.42688508339996795,0.387258869322327,0.35070434325871197,0.297434583250109,0.24844195435278,0.15850756221703602,0.0520148357207265,0.102081357135606,0.12200505098405
0.362726777635106,0.544825972866118,0.684977985455408,0.785794429625593,0.84263731513486,0.8991782429476669,0.946632559775037,0.982004913810402,1.0,0.9863631212124979,0.955002521050838,0.918883059127149,0.879306276880216,0.8506162536572041,0.816567656813621,0.7854334895946641,0.752006333976387,0.7224113455158331,0.6690162245454789,0.611883415686535,0.578198889417454,0.538843083705262,0.504495520187023,0.475800472126304,0.43647676182578793,0.40013038899628006,0.342666392444295,0.288040321480178,0.18926090250739197,0.0731011978167574,0.11608526415139099,0.132273954200255
0.33588542445580394,0.5068862182534319,0.651037758221661,0.7520825401015692,0.8111052502239691,0.871521557985953,0.9209005432814251,0.9568529883947999,0.9863631212124979,1.0,0.9819113611893531,0.949380000252212,0.912369730760894,0.8856312000072241,0.8525159072908941,0.8229311446830541,0.7912041529613442,0.761831345812947,0.7110657679775071,0.6561501522061239,0.623648559701408,0.5841685481402521,0.549413984660807,0.520091714226402,0.480772064036563,0.445242147154826,0.387504386039019,0.32866167896999,0.21263447090084697,0.0825432003036554,0.120694969491267,0.130573904691526
0.28256117246745,0.448635089045371,0.593369685501553,0.697216624146777,0.7688967199409731,0.834859988005165,0.8881909610706751,0.9239809957449681,0.955002521050838,0.9819113611893531,1.0,0.9809050523748309,0.94620569268189,0.9209923363326341,0.8897864972931391,0.862295442652049,0.8319520558149821,0.804506278229803,0.759846798608655,0.70785872438692,0.67711232347263,0.638174211301376,0.6031891227081639,0.578374963321784,0.5420403463372601,0.505257358190364,0.448445897433827,0.38924925963711404,0.257303239258283,0.10660466251025301,0.135829280544652,0.135737001463509
0.25216983931431,0.407109734978967,0.5434339552516471,0.652339800209955,0.7329832585945091,0.8000568911777991,0.850819396849721,0.88627662792899,0.918883059127149,0.949380000252212,0.9809050523748309,1.0,0.9742070767640358,0.95069316532952,0.920014400841037,0.893480592219771,0.863943532560298,0.839747364868384,0.799406706624016,0.7519048974684541,0.723113787340105,0.6876656651648959,0.656605986832198,0.6361843849673979,0.600238860120131,0.56095412613209,0.508455318671333,0.443952036545754,0.300304919649178,0.128866665866123,0.157775304228391,0.15334490818378302
0.203449588428332,0.348816745155955,0.49367718497870794,0.6078936873673261,0.6886877304137261,0.7517500135390172,0.8062987501919598,0.8449268702618109,0.879306276880216,0.912369730760894,0.94620569268189,0.9742070767640358,1.0,0.978251462895606,0.9508070519281079,0.92658504106114,0.8998453155459091,0.8771707407333492,0.8402323037537651,0.804332529505237,0.774582672471759,0.741731698543337,0.7144835973943641,0.694244981177091,0.658973060203219,0.6174588651077939,0.5634714756399859,0.49453269640064396,0.33511137717450107,0.13847918357629901,0.153682554569692,0.143897353112456
0.173170366116461,0.303292937190012,0.445207097648427,0.557727502772431,0.6478561241571801,0.714664115962525,0.7735828876845351,0.8130769411569471,0.8506162536572041,0.8856312000072241,0.9209923363326341,0.95069316532952,0.978251462895606,1.0,0.98007752556004,0.9573044248678451,0.931658169076022,0.9081886427866429,0.8717472198287048,0.835486174163917,0.8103799753786171,0.7820256006007191,0.756028662105481,0.7362211680502071,0.7023678873470621,0.661510287232035,0.6033151173517329,0.5274960405971021,0.35851557408981705,0.152485660486454,0.166644366357243,0.156869005423428
0.146548750323948,0.269992451570443,0.41134103144341105,0.523243218244878,0.6197173060343629,0.684719895703035,0.7417788161467309,0.779544079747667,0.816567656813621,0.8525159072908941,0.8897864972931391,0.920014400841037,0.9508070519281079,0.98007752556004,1.0,0.9874477090424859,0.9651550613091869,0.944097559512842,0.9091957225777321,0.875303091615462,0.8529455970533051,0.827226786728009,0.802259012133131,0.7799507645023209,0.7461018990796999,0.708674101829997,0.6448242046376271,0.5644474875890589,0.38772638838309703,0.170387905302578,0.177799403799245,0.159482182407264
0.11578612161272099,0.2315239509164,0.37418988492437294,0.48656410103680603,0.5854394873105,0.652753298843505,0.7085493651999449,0.7460508085876751,0.7854334895946641,0.8229311446830541,0.862295442652049,0.893480592219771,0.92658504106114,0.9573044248678451,0.9874477090424859,1.0,0.9897341555214709,0.9705525279954709,0.9366170637163629,0.9062431475265791,0.8855947134763391,0.861190665329802,0.835939121210985,0.8142988985622321,0.7815418777020301,0.748268154611494,0.6839497264818319,0.6004353646852401,0.42325647921905896,0.19492032497981499,0.19404003325025398,0.17229448850508203
0.0826579067303363,0.19266654085517101,0.33711834555290804,0.446396586278836,0.546195079496678,0.61501766817962,0.673119682969089,0.709952548690193,0.752006333976387,0.7912041529613442,0.8319520558149821,0.863943532560298,0.8998453155459091,0.931658169076022,0.9651550613091869,0.9897341555214709,1.0,0.987735412418616,0.956592218961557,0.928311960662505,0.909531052545701,0.8866682861286809,0.862805897338572,0.840408532807149,0.807812306121984,0.777239518349182,0.7142296319988171,0.627848972297093,0.4449138573639671,0.207361063637253,0.19932813986826603,0.176239376776672
0.052677513223719004,0.15711231504349601,0.304361126986839,0.414425615983945,0.5156235700606799,0.586142141051021,0.643770939433279,0.6798848571379059,0.7224113455158331,0.761831345812947,0.804506278229803,0.839747364868384,0.8771707407333492,0.9081886427866429,0.944097559512842,0.9705525279954709,0.987735412418616,1.0,0.9791127370580409,0.95085802038973,0.93090435620748,0.91059270630916,0.889588426770365,0.8682917383151241,0.83610987437527,0.804510785616114,0.7421472420711701,0.656164087807396,0.46570649621259397,0.21652130499208,0.207740835628733,0.19193695285506698
0.00598437197870414,0.0879356496126738,0.23818930130011104,0.35156293230032104,0.4597746778858379,0.5345078675867659,0.5906151546134761,0.6279026364108039,0.6690162245454789,0.7110657679775071,0.759846798608655,0.799406706624016,0.8402323037537651,0.8717472198287048,0.9091957225777321,0.9366170637163629,0.956592218961557,0.9791127370580409,1.0,0.9793485528366691,0.960901935253585,0.941999062727097,0.9224871892521809,0.9041041076295501,0.8757865875691329,0.8440121921165059,0.781878989777321,0.691458403952236,0.485155538129857,0.22337365747955704,0.21271698271586198,0.19558119603818397
0.0563956752039064,0.0182821667499901,0.16852914158373597,0.291192289501327,0.400893612725743,0.4735650813462321,0.532800308692348,0.573015314169515,0.611883415686535,0.6561501522061239,0.70785872438692,0.7519048974684541,0.804332529505237,0.835486174163917,0.875303091615462,0.9062431475265791,0.928311960662505,0.95085802038973,0.9793485528366691,1.0,0.9849744543821949,0.964755644308022,0.9446622723325891,0.9252179561899059,0.8977815276638891,0.8671115864128209,0.805435266864093,0.7124943775394641,0.49556437513469703,0.232781732448904,0.215682527875383,0.189758895560732
0.0805445009783568,0.0158789793835194,0.128091677159627,0.246615356795367,0.358783296935206,0.434906959739831,0.49456072986012506,0.5380505902575471,0.578198889417454,0.623648559701408,0.67711232347263,0.723113787340105,0.774582672471759,0.8103799753786171,0.8529455970533051,0.8855947134763391,0.909531052545701,0.93090435620748,0.960901935253585,0.9849744543821949,1.0,0.983738932021952,0.9635904834255459,0.942921975765063,0.9151859448827221,0.8834970809771179,0.8216904052226579,0.730310017450552,0.507825569129437,0.239813868384722,0.21204542100083398,0.185128606989362
0.110523848423873,0.0540050496457506,0.0798420323479243,0.192865604319875,0.309422277712772,0.384448636173867,0.44338860269419395,0.490854594835264,0.538843083705262,0.5841685481402521,0.638174211301376,0.6876656651648959,0.741731698543337,0.7820256006007191,0.827226786728009,0.861190665329802,0.8866682861286809,0.91059270630916,0.941999062727097,0.964755644308022,0.983738932021952,1.0,0.9884282697602109,0.9693029440176271,0.9445736846271909,0.914515460221012,0.8557684376624008,0.766499462231625,0.548502459817113,0.261619210912895,0.215597958949656,0.19075105890655397
0.12644302380208503,0.0738131048837934,0.052378877458651996,0.16087763905279504,0.2765910903706911,0.349064807517997,0.40700663938068005,0.454937323988849,0.504495520187023,0.549413984660807,0.6031891227081639,0.656605986832198,0.7144835973943641,0.756028662105481,0.802259012133131,0.835939121210985,0.862805897338572,0.889588426770365,0.9224871892521809,0.9446622723325891,0.9635904834255459,0.9884282697602109,1.0,0.988269024699375,0.965511654367358,0.937952630486882,0.8809962232300699,0.7904453747287808,0.5738274303251489,0.28668280395689694,0.23290808670541197,0.205000607737614
0.145749360052785,0.0972696044334554,0.0286627749048219,0.133393701434766,0.24964452182147198,0.322742484675557,0.37917422281970004,0.42688508339996795,0.475800472126304,0.520091714226402,0.578374963321784,0.6361843849673979,0.694244981177091,0.7362211680502071,0.7799507645023209,0.8142988985622321,0.840408532807149,0.8682917383151241,0.9041041076295501,0.9252179561899059,0.942921975765063,0.9693029440176271,0.988269024699375,1.0,0.9879764005007892,0.961669889924132,0.9067602192838811,0.819013191900679,0.598438118817375,0.304137116992778,0.245880287688562,0.219220994191527
0.17117452571181302,0.122416276804389,9.595714419646891e-05,0.0967312359835442,0.211489309302879,0.28383969376328005,0.34053015106903,0.387258869322327,0.43647676182578793,0.480772064036563,0.5420403463372601,0.600238860120131,0.658973060203219,0.7023678873470621,0.7461018990796999,0.7815418777020301,0.807812306121984,0.83610987437527,0.8757865875691329,0.8977815276638891,0.9151859448827221,0.9445736846271909,0.965511654367358,0.9879764005007892,1.0,0.9786228523082191,0.9241851872965949,0.840983733228818,0.617295227715401,0.32572899667565197,0.258344807034801,0.23797340707907502
0.182818033196194,0.14440357684747304,0.0302168987776183,0.0624337496240438,0.176931817782235,0.24650398284131303,0.30319803152563396,0.35070434325871197,0.40013038899628006,0.445242147154826,0.505257358190364,0.56095412613209,0.6174588651077939,0.661510287232035,0.708674101829997,0.748268154611494,0.777239518349182,0.804510785616114,0.8440121921165059,0.8671115864128209,0.8834970809771179,0.914515460221012,0.937952630486882,0.961669889924132,0.9786228523082191,1.0,0.9534853218408521,0.870305126593658,0.65089833429157,0.351039830944032,0.26995700999413696,0.24746863214704998
0.18441084167547897,0.161422263708859,0.0601012403272129,0.0186544499738966,0.132364614237238,0.199163907655851,0.25085862447312196,0.297434583250109,0.342666392444295,0.387504386039019,0.448445897433827,0.508455318671333,0.5634714756399859,0.6033151173517329,0.6448242046376271,0.6839497264818319,0.7142296319988171,0.7421472420711701,0.781878989777321,0.805435266864093,0.8216904052226579,0.8557684376624008,0.8809962232300699,0.9067602192838811,0.9241851872965949,0.9534853218408521,1.0,0.9365697888011428,0.7467839645127141,0.42110787718275605,0.30140657033231893,0.257913108487655
0.206342496169477,0.16027594685397198,0.0683269588889212,0.004243279779149779,0.0952860781244683,0.164255031465717,0.20576555062145396,0.24844195435278,0.288040321480178,0.32866167896999,0.38924925963711404,0.443952036545754,0.49453269640064396,0.5274960405971021,0.5644474875890589,0.6004353646852401,0.627848972297093,0.656164087807396,0.691458403952236,0.7124943775394641,0.730310017450552,0.766499462231625,0.7904453747287808,0.819013191900679,0.840983733228818,0.870305126593658,0.9365697888011428,1.0,0.8570193229199471,0.516339889729984,0.37499520729291996,0.31960379579549103
0.15721191370599402,0.121963001286599,0.0709485335704019,0.0276641204682664,0.0450179837813178,0.0997862986832754,0.123324073944405,0.15850756221703602,0.18926090250739197,0.21263447090084697,0.257303239258283,0.300304919649178,0.33511137717450107,0.35851557408981705,0.38772638838309703,0.42325647921905896,0.4449138573639671,0.46570649621259397,0.485155538129857,0.49556437513469703,0.507825569129437,0.548502459817113,0.5738274303251489,0.598438118817375,0.617295227715401,0.65089833429157,0.7467839645127141,0.8570193229199471,1.0,0.6980053677765821,0.466512741366181,0.35618446000875803
0.00532068837418401,0.0033544086155411802,0.0018414732529950198,0.0105683817912908,0.0381865007390699,0.0490299398911389,0.0380990301772785,0.0520148357207265,0.0731011978167574,0.0825432003036554,0.10660466251025301,0.128866665866123,0.13847918357629901,0.152485660486454,0.170387905302578,0.19492032497981499,0.207361063637253,0.21652130499208,0.22337365747955704,0.232781732448904,0.239813868384722,0.261619210912895,0.28668280395689694,0.304137116992778,0.32572899667565197,0.351039830944032,0.42110787718275605,0.516339889729984,0.6980053677765821,1.0,0.716710557723652,0.45352153206790097
0.0161312253804214,0.0428357986446598,0.0611180311158805,0.0852694252552198,0.0976484320147017,0.10101989796728099,0.0947161566491507,0.102081357135606,0.11608526415139099,0.120694969491267,0.135829280544652,0.157775304228391,0.153682554569692,0.166644366357243,0.177799403799245,0.19404003325025398,0.19932813986826603,0.207740835628733,0.21271698271586198,0.215682527875383,0.21204542100083398,0.215597958949656,0.23290808670541197,0.245880287688562,0.258344807034801,0.26995700999413696,0.30140657033231893,0.37499520729291996,0.466512741366181,0.716710557723652,1.0,0.733877975930925
0.00052989478635588,0.0333230397665806,0.0681460702394977,0.0908400272687589,0.0927249311348346,0.104366410997048,0.113886547959117,0.12200505098405,0.132273954200255,0.130573904691526,0.135737001463509,0.15334490818378302,0.143897353112456,0.156869005423428,0.159482182407264,0.17229448850508203,0.176239376776672,0.19193695285506698,0.19558119603818397,0.189758895560732,0.185128606989362,0.19075105890655397,0.205000607737614,0.219220994191527,0.23797340707907502,0.24746863214704998,0.257913108487655,0.31960379579549103,0.35618446000875803,0.45352153206790097,0.733877975930925,1.0
