1.0,0.952581565034053,0.804037454987473,0.7610920223908659,0.665636622019362,0.640080159495661,0.5621113709007839,0.546116479702055,0.509274363002467,0.49264978814362104,0.46426905517085604,0.45212777552222205,0.435317391136557,0.42072561001643,0.401161985191743,0.38535287310114397,0.37153973748535296,0.35265619334708503,0.328749693560876,0.30712807825842603,0.29859938563207106,0.285414548535897,0.273459993453397,0.25553691063037803,0.236785861020362,0.211046365036983,0.195011196044109,0.17030094700016699,0.134154019435861,0.0941303726825854,0.0757238266774644,0.0576357139836289
0.952581565034053,1.0,0.9463006036283679,0.90102967420699,0.7934557585507941,0.759378695278859,0.6623498025709239,0.642126432592211,0.59733083029658,0.579467897338234,0.548338605642515,0.5339602537405829,0.5132678092892721,0.49276149126757207,0.46498826524316994,0.44397316190095903,0.427384323702228,0.40489007890367607,0.37654497578529,0.349375285116523,0.3345416642418789,0.315746932583159,0.301184058625418,0.279846603375336,0.25573448196100196,0.22460187342840002,0.20459828088785198,0.175891509465052,0.140308220746284,0.10086621327216999,0.0755486479397795,0.0506685653595827
0.804037454987473,0.9463006036283679,1.0,0.9682556047782329,0.8699021487310301,0.830521800874798,0.72185888274396,0.6991791997878911,0.6497222941354189,0.6320500958857379,0.600367204139026,0.5845775334759891,0.561068765189697,0.535975186202291,0.5019013442559891,0.47699843650533796,0.45852639711709203,0.4338322348864289,0.40300462031203205,0.371905442352805,0.351209533024021,0.327504038677254,0.31078226807722,0.287047041342414,0.25971405463233,0.22563310088549202,0.20269471744534,0.17152509490166598,0.13917289258195198,0.10315731348979801,0.0720468579076474,0.041273681908
0.7610920223908659,0.90102967420699,0.9682556047782329,1.0,0.9654738127837191,0.92835557960685,0.815209246304285,0.792889580466889,0.7403804092594509,0.7215744916473041,0.6864749019079411,0.668358140497696,0.6410210306637021,0.6141977256520059,0.578444144266725,0.551296574642005,0.529867260462064,0.502211593179816,0.46859168547028796,0.43378781607559,0.409599355357661,0.38154524095096504,0.360457106436478,0.33215837107093604,0.305493974983449,0.270106837248398,0.243547242998071,0.20697190944111898,0.170523086325563,0.129369493798182,0.0931778181563515,0.0563227076265575
0.665636622019362,0.7934557585507941,0.8699021487310301,0.9654738127837191,1.0,0.9723690294923921,0.8674128986427819,0.8469887320136049,0.7944245246875059,0.7755773958651321,0.7389294890622009,0.7194806843360441,0.689755065490513,0.6627887027161329,0.6274768301900719,0.599612996642678,0.5763199917855051,0.5472957782148079,0.51299608305588,0.476485138850615,0.450041572488584,0.41897103707622296,0.39434128991874395,0.36270646135396706,0.33843238935492403,0.3037432974575,0.27489848977275705,0.23460661354775197,0.196337930032026,0.152406217383189,0.113450281929315,0.0724196578771345
0.640080159495661,0.759378695278859,0.830521800874798,0.92835557960685,0.9723690294923921,1.0,0.959607141869917,0.9402393208499341,0.8845801668037621,0.864861799197382,0.8251265291975071,0.8046642524940258,0.7728208833049129,0.744986006241,0.7083430024473871,0.678898798673265,0.653521454501341,0.623572880541381,0.589868640463336,0.552103491247443,0.523404173403572,0.48864161746295504,0.459625243994264,0.422986998717736,0.398573822856858,0.36131832074542103,0.32964773658767893,0.283884592714236,0.24653070799559101,0.201392327501939,0.16440063257353602,0.120478905443718
0.5621113709007839,0.6623498025709239,0.72185888274396,0.815209246304285,0.8674128986427819,0.959607141869917,1.0,0.9833325092186821,0.928045117166419,0.908729865235601,0.8682020242741519,0.848026270107968,0.815977293766173,0.78914694246058,0.7536000307357231,0.7244210480094909,0.6984018641615171,0.6695462762906639,0.639043407608431,0.602549752701206,0.573246820980938,0.536596533165972,0.504431865757572,0.464463671036793,0.44168192303455206,0.40407894103513203,0.371336732108695,0.322352241085194,0.288853539754864,0.24558729598662302,0.21368883874052697,0.169519576341336
0.546116479702055,0.642126432592211,0.6991791997878911,0.792889580466889,0.8469887320136049,0.9402393208499341,0.9833325092186821,1.0,0.980294968579683,0.9642501335590892,0.9208971140789459,0.900203610873268,0.8673088840386771,0.8391666094268249,0.8013158790545559,0.771176950955181,0.7451312676792758,0.7160128446369849,0.6850534915057289,0.647441663350957,0.6171950045253891,0.579562788422621,0.548793713301455,0.508896779188875,0.48472511175128996,0.44416991926914706,0.408386802819969,0.354712528330952,0.31770573218137,0.26994197844454604,0.23069205573686605,0.17852921087648604
0.509274363002467,0.59733083029658,0.6497222941354189,0.7403804092594509,0.7944245246875059,0.8845801668037621,0.928045117166419,0.980294968579683,1.0,0.988104134519215,0.943307076215743,0.922819518021274,0.890235278264087,0.861705100490172,0.8227494161961428,0.792688443860275,0.767593399884588,0.739262844052476,0.7089246057256791,0.6714856701629051,0.641348894344168,0.6040758055725071,0.576009125502723,0.537717734397931,0.512917806871745,0.470670826153044,0.43293000863646397,0.37619865979161404,0.33671369383389504,0.285821079817602,0.23998417010964104,0.181081337987148
0.49264978814362104,0.579467897338234,0.6320500958857379,0.7215744916473041,0.7755773958651321,0.864861799197382,0.908729865235601,0.9642501335590892,0.988104134519215,1.0,0.9829398481636741,0.9676798879964741,0.932442688658853,0.9028462431167099,0.863118799865516,0.831989554452958,0.805446063613919,0.775781192161588,0.7443318429046859,0.7048247183876271,0.6719076106025369,0.6317525393537979,0.6017024185333449,0.561291144322809,0.5369328054895061,0.49405996254716406,0.45268181294863,0.39168667307089394,0.35039212298451605,0.297401557209807,0.249707916606483,0.18842540076364397
0.46426905517085604,0.548338605642515,0.600367204139026,0.6864749019079411,0.7389294890622009,0.8251265291975071,0.8682020242741519,0.9208971140789459,0.943307076215743,0.9829398481636741,1.0,0.991436660972131,0.9539393364356421,0.92394031470824,0.8845530957763341,0.8529933055006049,0.825305105764354,0.7947440517397291,0.7627418006925641,0.7218187130806429,0.6864526387577871,0.6438914692727579,0.6118927314841469,0.569818314756112,0.546763989004068,0.504581043449947,0.460260223290836,0.39627586141928206,0.354315701715651,0.30073369279063106,0.25309870609623997,0.191646080757927
0.45212777552222205,0.5339602537405829,0.5845775334759891,0.668358140497696,0.7194806843360441,0.8046642524940258,0.848026270107968,0.900203610873268,0.922819518021274,0.9676798879964741,0.991436660972131,1.0,0.984211203299215,0.962797102983395,0.924271927270815,0.8924150851011379,0.8633045352619191,0.8311840938907349,0.7975530692906592,0.7553587240203409,0.720356738038744,0.677208367477359,0.643695263116209,0.599720401089045,0.576755308572398,0.5334287881250329,0.48774317609867496,0.42105931665215,0.377474231486915,0.321352339607599,0.27081363691126703,0.20525893509948
0.435317391136557,0.5132678092892721,0.561068765189697,0.6410210306637021,0.689755065490513,0.7728208833049129,0.815977293766173,0.8673088840386771,0.890235278264087,0.932442688658853,0.9539393364356421,0.984211203299215,1.0,0.9912163105365992,0.9545630687436091,0.9230680259652451,0.892916636523092,0.8595414165632941,0.824475651582372,0.781803988288006,0.7488187642805999,0.70649886481895,0.672167598952076,0.6269476515301651,0.60414000957527,0.559847174212172,0.5141237707420421,0.44596156989481,0.401183530848695,0.342809141738479,0.28918123022031605,0.219228432680538
0.42072561001643,0.49276149126757207,0.535975186202291,0.6141977256520059,0.6627887027161329,0.744986006241,0.78914694246058,0.8391666094268249,0.861705100490172,0.9028462431167099,0.92394031470824,0.962797102983395,0.9912163105365992,1.0,0.984008508297953,0.961524777134109,0.930210991173518,0.8956725868084309,0.859527211956969,0.8159400255305721,0.783354284885908,0.740978397206056,0.7073374819018949,0.662132837891556,0.640630570408084,0.595992293035735,0.5506258611753381,0.480776113549374,0.434516825791865,0.37313295123528994,0.317200786243299,0.242798030610649
0.401161985191743,0.46498826524316994,0.5019013442559891,0.578444144266725,0.6274768301900719,0.7083430024473871,0.7536000307357231,0.8013158790545559,0.8227494161961428,0.863118799865516,0.8845530957763341,0.924271927270815,0.9545630687436091,0.984008508297953,1.0,0.9919373470611259,0.959800071515381,0.924602383262741,0.8880542376194821,0.843889101841258,0.811255416029581,0.768914095575624,0.737299170574991,0.6934500274459,0.6742317548492651,0.630211086423388,0.586064819080933,0.5153408270900229,0.46804553832165396,0.40400617804356703,0.34693406442196195,0.268978310504139
0.38535287310114397,0.44397316190095903,0.47699843650533796,0.551296574642005,0.599612996642678,0.678898798673265,0.7244210480094909,0.771176950955181,0.792688443860275,0.831989554452958,0.8529933055006049,0.8924150851011379,0.9230680259652451,0.961524777134109,0.9919373470611259,1.0,0.9846612328092571,0.958758708191337,0.922527292957441,0.8784902132430601,0.846701589186667,0.8047206206975821,0.774279702557659,0.730566669163609,0.7107265840080251,0.6647197508061021,0.621798543672589,0.5501884406539139,0.501282560574753,0.4340427779911111,0.37651957314409296,0.295791919779328
0.37153973748535296,0.427384323702228,0.45852639711709203,0.529867260462064,0.5763199917855051,0.653521454501341,0.6984018641615171,0.7451312676792758,0.767593399884588,0.805446063613919,0.825305105764354,0.8633045352619191,0.892916636523092,0.930210991173518,0.959800071515381,0.9846612328092571,1.0,0.991320784028922,0.956153287462913,0.913024539361108,0.8829279398956421,0.8417545322376802,0.8118751644283059,0.767488885532644,0.7447492206702719,0.6949072949631241,0.653360816575692,0.581224058244911,0.530529249960062,0.460088434048514,0.402967577315619,0.3206048210575
0.35265619334708503,0.40489007890367607,0.4338322348864289,0.502211593179816,0.5472957782148079,0.623572880541381,0.6695462762906639,0.7160128446369849,0.739262844052476,0.775781192161588,0.7947440517397291,0.8311840938907349,0.8595414165632941,0.8956725868084309,0.924602383262741,0.958758708191337,0.991320784028922,1.0,0.982039499150942,0.949948603722636,0.9212127303088009,0.880909575917718,0.8529948888021441,0.809127069290541,0.784268765450605,0.731052252480414,0.692097384031239,0.6201053586039711,0.568978661292981,0.496131173577908,0.436646511890238,0.34911031521208197
0.328749693560876,0.37654497578529,0.40300462031203205,0.46859168547028796,0.51299608305588,0.589868640463336,0.639043407608431,0.6850534915057289,0.7089246057256791,0.7443318429046859,0.7627418006925641,0.7975530692906592,0.824475651582372,0.859527211956969,0.8880542376194821,0.922527292957441,0.956153287462913,0.982039499150942,1.0,0.9906490674977679,0.962807193886278,0.923362109184328,0.8989841833825591,0.8569566705562429,0.8308988795622121,0.7748228482558299,0.739780748716244,0.668598950822843,0.6185627726282,0.544165812637605,0.47899118846044103,0.38204741886696997
0.30712807825842603,0.349375285116523,0.371905442352805,0.43378781607559,0.476485138850615,0.552103491247443,0.602549752701206,0.647441663350957,0.6714856701629051,0.7048247183876271,0.7218187130806429,0.7553587240203409,0.781803988288006,0.8159400255305721,0.843889101841258,0.8784902132430601,0.913024539361108,0.949948603722636,0.9906490674977679,1.0,0.9842237431454309,0.953545822621597,0.9313367956470479,0.8904790561021879,0.8646864805237601,0.807524373155217,0.7767143768530759,0.7072110705386071,0.6590536118742409,0.5842677213753,0.516122001147723,0.412711955503591
0.29859938563207106,0.3345416642418789,0.351209533024021,0.409599355357661,0.450041572488584,0.523404173403572,0.573246820980938,0.6171950045253891,0.641348894344168,0.6719076106025369,0.6864526387577871,0.720356738038744,0.7488187642805999,0.783354284885908,0.811255416029581,0.846701589186667,0.8829279398956421,0.9212127303088009,0.962807193886278,0.9842237431454309,1.0,0.9912961738630821,0.9681844543540581,0.92608272251429,0.9023734500977328,0.8455215747710491,0.8186295174829928,0.7502569783891558,0.7039388308629659,0.6285476758411199,0.560146122244505,0.45226446212709004
0.285414548535897,0.315746932583159,0.327504038677254,0.38154524095096504,0.41897103707622296,0.48864161746295504,0.536596533165972,0.579562788422621,0.6040758055725071,0.6317525393537979,0.6438914692727579,0.677208367477359,0.70649886481895,0.740978397206056,0.768914095575624,0.8047206206975821,0.8417545322376802,0.880909575917718,0.923362109184328,0.953545822621597,0.9912961738630821,1.0,0.9840413077185379,0.9476317680890459,0.9245315751021859,0.8673389072921209,0.843123710043257,0.775750755491413,0.731748899389561,0.6571054810642281,0.5888471328499699,0.47814490215632394
0.273459993453397,0.301184058625418,0.31078226807722,0.360457106436478,0.39434128991874395,0.459625243994264,0.504431865757572,0.548793713301455,0.576009125502723,0.6017024185333449,0.6118927314841469,0.643695263116209,0.672167598952076,0.7073374819018949,0.737299170574991,0.774279702557659,0.8118751644283059,0.8529948888021441,0.8989841833825591,0.9313367956470479,0.9681844543540581,0.9840413077185379,1.0,0.989115211175576,0.9608165666691708,0.8976927603346769,0.8713529024676341,0.800574889569563,0.758017810303599,0.6837329546002779,0.6126181234861751,0.49674075889396707
0.25553691063037803,0.279846603375336,0.287047041342414,0.33215837107093604,0.36270646135396706,0.422986998717736,0.464463671036793,0.508896779188875,0.537717734397931,0.561291144322809,0.569818314756112,0.599720401089045,0.6269476515301651,0.662132837891556,0.6934500274459,0.730566669163609,0.767488885532644,0.809127069290541,0.8569566705562429,0.8904790561021879,0.92608272251429,0.9476317680890459,0.989115211175576,1.0,0.9744314701385192,0.913079198451076,0.885011836436552,0.8119744130055191,0.771303556018033,0.698374754885831,0.626426486950283,0.508137041706718
0.236785861020362,0.25573448196100196,0.25971405463233,0.305493974983449,0.33843238935492403,0.398573822856858,0.44168192303455206,0.48472511175128996,0.512917806871745,0.5369328054895061,0.546763989004068,0.576755308572398,0.60414000957527,0.640630570408084,0.6742317548492651,0.7107265840080251,0.7447492206702719,0.784268765450605,0.8308988795622121,0.8646864805237601,0.9023734500977328,0.9245315751021859,0.9608165666691708,0.9744314701385192,1.0,0.981353587001828,0.949297313826697,0.869248747120277,0.827084455579318,0.750445071834575,0.679104851772806,0.5568903174836041
0.211046365036983,0.22460187342840002,0.22563310088549202,0.270106837248398,0.3037432974575,0.36131832074542103,0.40407894103513203,0.44416991926914706,0.470670826153044,0.49405996254716406,0.504581043449947,0.5334287881250329,0.559847174212172,0.595992293035735,0.630211086423388,0.6647197508061021,0.6949072949631241,0.731052252480414,0.7748228482558299,0.807524373155217,0.8455215747710491,0.8673389072921209,0.8976927603346769,0.913079198451076,0.981353587001828,1.0,0.966528393506057,0.884297777216014,0.8426147501050429,0.765837995856755,0.6978589725537309,0.5770841879924731
0.195011196044109,0.20459828088785198,0.20269471744534,0.243547242998071,0.27489848977275705,0.32964773658767893,0.371336732108695,0.408386802819969,0.43293000863646397,0.45268181294863,0.460260223290836,0.48774317609867496,0.5141237707420421,0.5506258611753381,0.586064819080933,0.621798543672589,0.653360816575692,0.692097384031239,0.739780748716244,0.7767143768530759,0.8186295174829928,0.843123710043257,0.8713529024676341,0.885011836436552,0.949297313826697,0.966528393506057,1.0,0.974492618098864,0.9389276159273121,0.8582559027842941,0.7877562321043751,0.656391628028705
0.17030094700016699,0.175891509465052,0.17152509490166598,0.20697190944111898,0.23460661354775197,0.283884592714236,0.322352241085194,0.354712528330952,0.37619865979161404,0.39168667307089394,0.39627586141928206,0.42105931665215,0.44596156989481,0.480776113549374,0.5153408270900229,0.5501884406539139,0.581224058244911,0.6201053586039711,0.668598950822843,0.7072110705386071,0.7502569783891558,0.775750755491413,0.800574889569563,0.8119744130055191,0.869248747120277,0.884297777216014,0.974492618098864,1.0,0.971735056812146,0.8920759908893628,0.823233829859516,0.6898029555360159
0.134154019435861,0.140308220746284,0.13917289258195198,0.170523086325563,0.196337930032026,0.24653070799559101,0.288853539754864,0.31770573218137,0.33671369383389504,0.35039212298451605,0.354315701715651,0.377474231486915,0.401183530848695,0.434516825791865,0.46804553832165396,0.501282560574753,0.530529249960062,0.568978661292981,0.6185627726282,0.6590536118742409,0.7039388308629659,0.731748899389561,0.758017810303599,0.771303556018033,0.827084455579318,0.8426147501050429,0.9389276159273121,0.971735056812146,1.0,0.973442944410432,0.9100307011085691,0.7637457582634449
0.0941303726825854,0.10086621327216999,0.10315731348979801,0.129369493798182,0.152406217383189,0.201392327501939,0.24558729598662302,0.26994197844454604,0.285821079817602,0.297401557209807,0.30073369279063106,0.321352339607599,0.342809141738479,0.37313295123528994,0.40400617804356703,0.4340427779911111,0.460088434048514,0.496131173577908,0.544165812637605,0.5842677213753,0.6285476758411199,0.6571054810642281,0.6837329546002779,0.698374754885831,0.750445071834575,0.765837995856755,0.8582559027842941,0.8920759908893628,0.973442944410432,1.0,0.944997721279686,0.7938482500824809
0.0757238266774644,0.0755486479397795,0.0720468579076474,0.0931778181563515,0.113450281929315,0.16440063257353602,0.21368883874052697,0.23069205573686605,0.23998417010964104,0.249707916606483,0.25309870609623997,0.27081363691126703,0.28918123022031605,0.317200786243299,0.34693406442196195,0.37651957314409296,0.402967577315619,0.436646511890238,0.47899118846044103,0.516122001147723,0.560146122244505,0.5888471328499699,0.6126181234861751,0.626426486950283,0.679104851772806,0.6978589725537309,0.7877562321043751,0.823233829859516,0.9100307011085691,0.944997721279686,1.0,0.948634251160804
0.0576357139836289,0.0506685653595827,0.041273681908,0.0563227076265575,0.0724196578771345,0.120478905443718,0.169519576341336,0.17852921087648604,0.181081337987148,0.18842540076364397,0.191646080757927,0.20525893509948,0.219228432680538,0.242798030610649,0.268978310504139,0.295791919779328,0.3206048210575,0.34911031521208197,0.38204741886696997,0.412711955503591,0.45226446212709004,0.47814490215632394,0.49674075889396707,0.508137041706718,0.5568903174836041,0.5770841879924731,0.656391628028705,0.6898029555360159,0.7637457582634449,0.7938482500824809,0.948634251160804,1.0
