1.0,0.8877977666184759,0.7600011709571179,0.681259767200311,0.674790802021299,0.642457242508949,0.6106216035247011,0.593171317805081,0.5781298818082641,0.5633605740579151,0.5412446820555771,0.527184463438813,0.514236901828782,0.496730695118312,0.48935406201491,0.47569028472862296,0.460554042315094,0.433525581662611,0.39554324203531,0.39096971875442105,0.35577718297553396,0.28497704834944604,0.268056915628673,0.266477088640926,0.26723102713935,0.266908068059599,0.265232835082819,0.23280130025135898,0.204287616342303,0.200959603644492,0.0942804314692955,0.007732120265058041
0.8877977666184759,1.0,0.9622265302660901,0.8543781938646829,0.8376354004940849,0.7925095151075099,0.7588633625918589,0.7374406359318109,0.7157062585815629,0.700428352210398,0.6756692197602441,0.659746480629379,0.6453863846975899,0.6254211838990941,0.6159640032578659,0.59906063641304,0.5812561536705539,0.549444031347031,0.5038475881620871,0.49535903796883,0.44874174059093297,0.35850190588841996,0.337339106561614,0.33586132457658596,0.339596013497907,0.34101296372511,0.339159308757965,0.30125573381528004,0.26763593058373997,0.271985397101299,0.159835515171082,0.0350899065477373
0.7600011709571179,0.9622265302660901,1.0,0.944696280001243,0.9218151630439291,0.8696062389060849,0.8382060281558029,0.815370849391814,0.7893026607491691,0.773797884299535,0.7480097000113299,0.7322012632846201,0.717918862975334,0.6973062758487989,0.686799665800376,0.66813074702795,0.648744424314624,0.614812833523272,0.565695624877343,0.5544134177432409,0.49949868201746395,0.39580122738231005,0.37197488920792104,0.37082611077143796,0.37599304454717897,0.37842589865480103,0.3769849965875421,0.334495735185034,0.29668115037785997,0.30042785236849895,0.203917304324771,0.0806235528054905
0.681259767200311,0.8543781938646829,0.944696280001243,1.0,0.974312584928845,0.918275560684952,0.8905217012278109,0.8674691202108149,0.8384053930171329,0.8221165953396279,0.795461854356801,0.7805870854151271,0.766873926513417,0.746160505005523,0.73509571551703,0.7152111666662958,0.6943918612325519,0.659145015047594,0.6079496026826701,0.594692566428301,0.532584141615179,0.41720852981562195,0.391230772252174,0.390488077585375,0.39580131888803294,0.39859174863280794,0.397922460001523,0.350082538329555,0.307516185517721,0.303879925851805,0.233242341685885,0.12519678824319302
0.674790802021299,0.8376354004940849,0.9218151630439291,0.974312584928845,1.0,0.982827046639252,0.9518015101041558,0.92619428694575,0.894397275629609,0.8778948104926071,0.8497934078814692,0.832992988054265,0.816854260123689,0.7929216807909351,0.779587154777357,0.7572612322034972,0.734725111269777,0.6974680131493289,0.643555943289848,0.627625043807416,0.5621029038383729,0.442444412364499,0.415320942851324,0.41438310407564,0.42004931461054995,0.423427897257327,0.42381955705460206,0.374063964304888,0.32941206115225896,0.32677788315899603,0.268160060520776,0.16043642690138502
0.642457242508949,0.7925095151075099,0.8696062389060849,0.918275560684952,0.982827046639252,1.0,0.9795264708100819,0.956814544850263,0.9231472946673059,0.907201498773355,0.8786711271286379,0.8603641005612859,0.842588638343993,0.8166758925269849,0.801584458322532,0.7777618281736021,0.754801238421278,0.716708911604221,0.661468215052717,0.643427165128018,0.575925925838167,0.45452018918537396,0.427111867694191,0.426358260745625,0.4321529475395349,0.435765338763877,0.436603710672913,0.385673325270034,0.339846918016667,0.33860912979351193,0.29130729135528,0.1860546205153
0.6106216035247011,0.7588633625918589,0.8382060281558029,0.8905217012278109,0.9518015101041558,0.9795264708100819,1.0,0.9912581380957199,0.9555205755124979,0.9404469817640408,0.9116822572750509,0.8919164264419721,0.873606713554395,0.847360894620657,0.831140638629093,0.8066571415527579,0.784672264162783,0.745619071934315,0.688078526155514,0.6685028275192211,0.5971113809781391,0.4697465003549439,0.44183429165657795,0.442134241187644,0.44795400167703703,0.45112404349386603,0.450731110495985,0.39616760496934494,0.34764352605322196,0.347897531087289,0.30232416215504604,0.195176800294624
0.593171317805081,0.7374406359318109,0.815370849391814,0.8674691202108149,0.92619428694575,0.956814544850263,0.9912581380957199,1.0,0.9837950513888051,0.9692528878724229,0.9405946851919341,0.921474187911537,0.903310079074848,0.876647028878749,0.8598549741325792,0.834690827739221,0.8124673833247601,0.775800655420333,0.7207435684864879,0.69990773422808,0.630559208041292,0.506623347708916,0.47902545567301197,0.479123858692049,0.485077350695806,0.48787295100609207,0.486289936235876,0.432374602375469,0.384123594666499,0.3827367623597871,0.32770805502406797,0.207929033264057
0.5781298818082641,0.7157062585815629,0.7893026607491691,0.8384053930171329,0.894397275629609,0.9231472946673059,0.9555205755124979,0.9837950513888051,1.0,0.9859376557507941,0.95787138878226,0.940819414836494,0.923379954449476,0.896514354349997,0.879640689090382,0.8540319968717429,0.831080896368815,0.799133445697615,0.749915519410298,0.7281817130254158,0.66504407204937,0.5512748717366489,0.524746038264797,0.5239075738154579,0.529999565312346,0.5324307551419261,0.529691883510224,0.47946699423455497,0.433707294723204,0.42885520449513703,0.358340010913342,0.22078978484437198
0.5633605740579151,0.700428352210398,0.773797884299535,0.8221165953396279,0.8778948104926071,0.907201498773355,0.9404469817640408,0.9692528878724229,0.9859376557507941,1.0,0.9917449032392379,0.9735870840726351,0.956233303455424,0.929791988964928,0.9144181699449371,0.890139742696795,0.8688893428573442,0.838477681376359,0.7896272630388922,0.76838218189839,0.706284879284864,0.592028645948178,0.565348505285603,0.5647742359368609,0.571850705445635,0.5748790894587571,0.572177356075568,0.520324995493061,0.472676003862558,0.4660120573030929,0.392487697091133,0.245134747500233
0.5412446820555771,0.6756692197602441,0.7480097000113299,0.795461854356801,0.8497934078814692,0.8786711271286379,0.9116822572750509,0.9405946851919341,0.95787138878226,0.9917449032392379,1.0,0.9884834690154221,0.974033673329267,0.948299283686012,0.9345498126598051,0.911638229817947,0.8916209450645181,0.8632632133544549,0.8159706964113492,0.795400368182797,0.7350935297719179,0.621971650018269,0.595379286857384,0.5948615856095191,0.602159694386716,0.6052903105643629,0.602547764045875,0.549984942444655,0.50133797506,0.492409082517553,0.415532140211644,0.260952409806306
0.527184463438813,0.659746480629379,0.7322012632846201,0.7805870854151271,0.832992988054265,0.8603641005612859,0.8919164264419721,0.921474187911537,0.940819414836494,0.9735870840726351,0.9884834690154221,1.0,0.993926706370235,0.9683993746074241,0.9557501357247851,0.933143281576286,0.912266780676083,0.885781715539823,0.8407527921424491,0.820334406244866,0.760954924642595,0.648164843451969,0.621147127104715,0.620159708243479,0.626182166756281,0.628376811533085,0.6252877518762809,0.5721941878465789,0.5228499363565321,0.5105428956981211,0.426659829829226,0.265368966687629
0.514236901828782,0.6453863846975899,0.717918862975334,0.766873926513417,0.816854260123689,0.842588638343993,0.873606713554395,0.903310079074848,0.923379954449476,0.956233303455424,0.974033673329267,0.993926706370235,1.0,0.98879704434631,0.9772088116995071,0.9552903072833749,0.934868291558348,0.908701103223132,0.8633746868478771,0.8434894445412471,0.7837368533999001,0.6687680069203871,0.641148132286304,0.640091206487032,0.645475319217591,0.647118000050695,0.643639082695459,0.589497648226974,0.539210048655159,0.528787764382017,0.443164904034154,0.275894545247817
0.496730695118312,0.6254211838990941,0.6973062758487989,0.746160505005523,0.7929216807909351,0.8166758925269849,0.847360894620657,0.876647028878749,0.896514354349997,0.929791988964928,0.948299283686012,0.9683993746074241,0.98879704434631,1.0,0.989577661413842,0.9687813390829251,0.9497430669722231,0.9232949351566521,0.876695633501135,0.857754233631607,0.797487900057977,0.6800461610299079,0.6519876041271279,0.651091307959885,0.6561279345247529,0.6574073270321371,0.653543450199875,0.598582240955432,0.547692752359648,0.542184022264552,0.458536959123487,0.287241097970843
0.48935406201491,0.6159640032578659,0.686799665800376,0.73509571551703,0.779587154777357,0.801584458322532,0.831140638629093,0.8598549741325792,0.879640689090382,0.9144181699449371,0.9345498126598051,0.9557501357247851,0.9772088116995071,0.989577661413842,1.0,0.993743155676939,0.9759956709382579,0.9526114494222958,0.9087398372750491,0.8904359929275559,0.8336813744174542,0.7200588742054151,0.692187557437953,0.6908248133642959,0.6947167489160501,0.695821206707737,0.693509964942228,0.63966201144237,0.588696538667095,0.582231227778123,0.493215160835075,0.30988831455279303
0.47569028472862296,0.59906063641304,0.66813074702795,0.7152111666662958,0.7572612322034972,0.7777618281736021,0.8066571415527579,0.834690827739221,0.8540319968717429,0.890139742696795,0.911638229817947,0.933143281576286,0.9552903072833749,0.9687813390829251,0.993743155676939,1.0,0.9899614156808292,0.971374659630409,0.929968160199572,0.913428175269851,0.8596518110182192,0.7481685253214408,0.7204618311221391,0.718962697994045,0.7218526070468431,0.7225951581145641,0.721055482870046,0.668426830216755,0.6178726343326459,0.613260460414268,0.5228003276275119,0.330587286785798
0.460554042315094,0.5812561536705539,0.648744424314624,0.6943918612325519,0.734725111269777,0.754801238421278,0.784672264162783,0.8124673833247601,0.831080896368815,0.8688893428573442,0.8916209450645181,0.912266780676083,0.934868291558348,0.9497430669722231,0.9759956709382579,0.9899614156808292,1.0,0.9890179502421249,0.9484542502498942,0.935497813265914,0.882221276683282,0.766824682298277,0.738608692101348,0.7376227865724491,0.739929325315004,0.739966828975821,0.737519192331215,0.6850743378643019,0.6347733895520511,0.637547686553333,0.551746100567974,0.35335512698055604
0.433525581662611,0.549444031347031,0.614812833523272,0.659145015047594,0.6974680131493289,0.716708911604221,0.745619071934315,0.775800655420333,0.799133445697615,0.838477681376359,0.8632632133544549,0.885781715539823,0.908701103223132,0.9232949351566521,0.9526114494222958,0.971374659630409,0.9890179502421249,1.0,0.984146729734891,0.972633674784511,0.9315150919848859,0.833390402142414,0.807844621248509,0.8063504041633449,0.8078506212970409,0.8068297902422701,0.802977610430062,0.7549684292345791,0.7074524772361779,0.7042246541179742,0.597843178657642,0.37506055059785604
0.39554324203531,0.5038475881620871,0.565695624877343,0.6079496026826701,0.643555943289848,0.661468215052717,0.688078526155514,0.7207435684864879,0.749915519410298,0.7896272630388922,0.8159706964113492,0.8407527921424491,0.8633746868478771,0.876695633501135,0.9087398372750491,0.929968160199572,0.9484542502498942,0.984146729734891,1.0,0.9891354847909442,0.96435455511564,0.892235081439505,0.870902536703763,0.868574316153192,0.869256815810851,0.867201451007581,0.8620174664450151,0.8206910460867521,0.7777010225676709,0.763731244081147,0.631337068328214,0.38484665205717294
0.39096971875442105,0.49535903796883,0.5544134177432409,0.594692566428301,0.627625043807416,0.643427165128018,0.6685028275192211,0.69990773422808,0.7281817130254158,0.76838218189839,0.795400368182797,0.820334406244866,0.8434894445412471,0.857754233631607,0.8904359929275559,0.913428175269851,0.935497813265914,0.972633674784511,0.9891354847909442,1.0,0.9851006794308901,0.9059770201754149,0.88389417372398,0.8825623430041851,0.8842118604463259,0.8825333246283109,0.8767585607016508,0.8329144520989621,0.7880534604940569,0.783190853301216,0.646863786958882,0.39028796016169204
0.35577718297553396,0.44874174059093297,0.49949868201746395,0.532584141615179,0.5621029038383729,0.575925925838167,0.5971113809781391,0.630559208041292,0.66504407204937,0.706284879284864,0.7350935297719179,0.760954924642595,0.7837368533999001,0.797487900057977,0.8336813744174542,0.8596518110182192,0.882221276683282,0.9315150919848859,0.96435455511564,0.9851006794308901,1.0,0.9609713015786171,0.945558512823337,0.94288306522633,0.94256627100045,0.9386455142417601,0.930175135694875,0.8982800541795871,0.862377778090771,0.842692671646193,0.670350233272817,0.38642916566718494
0.28497704834944604,0.35850190588841996,0.39580122738231005,0.41720852981562195,0.442444412364499,0.45452018918537396,0.4697465003549439,0.506623347708916,0.5512748717366489,0.592028645948178,0.621971650018269,0.648164843451969,0.6687680069203871,0.6800461610299079,0.7200588742054151,0.7481685253214408,0.766824682298277,0.833390402142414,0.892235081439505,0.9059770201754149,0.9609713015786171,1.0,0.9975110902691309,0.99157931269459,0.986866240800523,0.9788560002906121,0.966739459368455,0.9594274824890551,0.9424490512578051,0.8884270373910269,0.6656763171848571,0.35755119381065703
0.268056915628673,0.337339106561614,0.37197488920792104,0.391230772252174,0.415320942851324,0.427111867694191,0.44183429165657795,0.47902545567301197,0.524746038264797,0.565348505285603,0.595379286857384,0.621147127104715,0.641148132286304,0.6519876041271279,0.692187557437953,0.7204618311221391,0.738608692101348,0.807844621248509,0.870902536703763,0.88389417372398,0.945558512823337,0.9975110902691309,1.0,0.9973408023848459,0.992504606325265,0.98440665577004,0.972270196010985,0.9678245023456329,0.952948094121763,0.8955859076198721,0.66577664892256,0.353535493326286
0.266477088640926,0.33586132457658596,0.37082611077143796,0.390488077585375,0.41438310407564,0.426358260745625,0.442134241187644,0.479123858692049,0.5239075738154579,0.5647742359368609,0.5948615856095191,0.620159708243479,0.640091206487032,0.651091307959885,0.6908248133642959,0.718962697994045,0.7376227865724491,0.8063504041633449,0.868574316153192,0.8825623430041851,0.94288306522633,0.99157931269459,0.9973408023848459,1.0,0.996214427271853,0.989082230083239,0.9778123877858259,0.9705167572793431,0.953210682946044,0.9002099736583861,0.672626896629917,0.35880154730602504
0.26723102713935,0.339596013497907,0.37599304454717897,0.39580131888803294,0.42004931461054995,0.4321529475395349,0.44795400167703703,0.485077350695806,0.529999565312346,0.571850705445635,0.602159694386716,0.626182166756281,0.645475319217591,0.6561279345247529,0.6947167489160501,0.7218526070468431,0.739929325315004,0.8078506212970409,0.869256815810851,0.8842118604463259,0.94256627100045,0.986866240800523,0.992504606325265,0.996214427271853,1.0,0.9976517856532149,0.9865919603639008,0.9755359832115279,0.955210926250473,0.906862761974234,0.6779872236865029,0.36016884974534497
0.266908068059599,0.34101296372511,0.37842589865480103,0.39859174863280794,0.423427897257327,0.435765338763877,0.45112404349386603,0.48787295100609207,0.5324307551419261,0.5748790894587571,0.6052903105643629,0.628376811533085,0.647118000050695,0.6574073270321371,0.695821206707737,0.7225951581145641,0.739966828975821,0.8068297902422701,0.867201451007581,0.8825333246283109,0.9386455142417601,0.9788560002906121,0.98440665577004,0.989082230083239,0.9976517856532149,1.0,0.9936730473439152,0.980770945092142,0.9578190644430269,0.912299404876315,0.6833603603082921,0.363152262615285
0.265232835082819,0.339159308757965,0.3769849965875421,0.397922460001523,0.42381955705460206,0.436603710672913,0.450731110495985,0.486289936235876,0.529691883510224,0.572177356075568,0.602547764045875,0.6252877518762809,0.643639082695459,0.653543450199875,0.693509964942228,0.721055482870046,0.737519192331215,0.802977610430062,0.8620174664450151,0.8767585607016508,0.930175135694875,0.966739459368455,0.972270196010985,0.9778123877858259,0.9865919603639008,0.9936730473439152,1.0,0.9884356724631651,0.9633836361614271,0.917590543649246,0.690257728019688,0.369708070341519
0.23280130025135898,0.30125573381528004,0.334495735185034,0.350082538329555,0.374063964304888,0.385673325270034,0.39616760496934494,0.432374602375469,0.47946699423455497,0.520324995493061,0.549984942444655,0.5721941878465789,0.589497648226974,0.598582240955432,0.63966201144237,0.668426830216755,0.6850743378643019,0.7549684292345791,0.8206910460867521,0.8329144520989621,0.8982800541795871,0.9594274824890551,0.9678245023456329,0.9705167572793431,0.9755359832115279,0.980770945092142,0.9884356724631651,1.0,0.9926890289248951,0.942582466029367,0.698396694606901,0.36476148723445295
0.204287616342303,0.26763593058373997,0.29668115037785997,0.307516185517721,0.32941206115225896,0.339846918016667,0.34764352605322196,0.384123594666499,0.433707294723204,0.472676003862558,0.50133797506,0.5228499363565321,0.539210048655159,0.547692752359648,0.588696538667095,0.6178726343326459,0.6347733895520511,0.7074524772361779,0.7777010225676709,0.7880534604940569,0.862377778090771,0.9424490512578051,0.952948094121763,0.953210682946044,0.955210926250473,0.9578190644430269,0.9633836361614271,0.9926890289248951,1.0,0.9488860843105799,0.6950333679680429,0.35527640797641796
0.200959603644492,0.271985397101299,0.30042785236849895,0.303879925851805,0.32677788315899603,0.33860912979351193,0.347897531087289,0.3827367623597871,0.42885520449513703,0.4660120573030929,0.492409082517553,0.5105428956981211,0.528787764382017,0.542184022264552,0.582231227778123,0.613260460414268,0.637547686553333,0.7042246541179742,0.763731244081147,0.783190853301216,0.842692671646193,0.8884270373910269,0.8955859076198721,0.9002099736583861,0.906862761974234,0.912299404876315,0.917590543649246,0.942582466029367,0.9488860843105799,1.0,0.788253141283925,0.419929433792908
0.0942804314692955,0.159835515171082,0.203917304324771,0.233242341685885,0.268160060520776,0.29130729135528,0.30232416215504604,0.32770805502406797,0.358340010913342,0.392487697091133,0.415532140211644,0.426659829829226,0.443164904034154,0.458536959123487,0.493215160835075,0.5228003276275119,0.551746100567974,0.597843178657642,0.631337068328214,0.646863786958882,0.670350233272817,0.6656763171848571,0.66577664892256,0.672626896629917,0.6779872236865029,0.6833603603082921,0.690257728019688,0.698396694606901,0.6950333679680429,0.788253141283925,1.0,0.885142790942485
0.007732120265058041,0.0350899065477373,0.0806235528054905,0.12519678824319302,0.16043642690138502,0.1860546205153,0.195176800294624,0.207929033264057,0.22078978484437198,0.245134747500233,0.260952409806306,0.265368966687629,0.275894545247817,0.287241097970843,0.30988831455279303,0.330587286785798,0.35335512698055604,0.37506055059785604,0.38484665205717294,0.39028796016169204,0.38642916566718494,0.35755119381065703,0.353535493326286,0.35880154730602504,0.36016884974534497,0.363152262615285,0.369708070341519,0.36476148723445295,0.35527640797641796,0.419929433792908,0.885142790942485,1.0
