1.0,0.838734477413701,0.7933074317538449,0.758506628376387,0.7353454320533821,0.718149980105547,0.703155488058036,0.6813615015980411,0.659984777793962,0.6481187765899471,0.630278545823853,0.61300963916451,0.598485721608124,0.581555485155646,0.5687289536983161,0.551208184061656,0.5360794597236099,0.518026635166186,0.504999788949195,0.488772647698574,0.470119776098476,0.45733065799608297,0.44818132919642406,0.42477981454824,0.396325689653869,0.353409748484646,0.338329130191764,0.31087088766573195,0.281504832314665,0.24977068528979604,0.217004737570093,0.136735811088255
0.838734477413701,1.0,0.9553980248234509,0.927913944134468,0.906132871123787,0.8882337930659691,0.8747070388935091,0.8535201660499481,0.8348449978354591,0.8204313625221821,0.804403554131552,0.7906105800047429,0.775134818547778,0.7593609511865379,0.746935225211421,0.729844420601414,0.7135360959835909,0.697431505921081,0.6854825747175529,0.6681984742846651,0.6457496378451679,0.627027506806224,0.614061071309434,0.588913971076558,0.55663480283126,0.507151548164718,0.49394964492004,0.45918960915388,0.410094775119165,0.36296195968194106,0.31488228030618,0.193666476991871
0.7933074317538449,0.9553980248234509,1.0,0.977094329930763,0.9571103147380179,0.938239383145777,0.92769144209005,0.908204443996303,0.889439724830139,0.875161918058192,0.85967470304242,0.846349664936562,0.8336620495721291,0.8199570931307231,0.806210091220388,0.7911555321457291,0.7740796501101899,0.758794990915287,0.746748752472655,0.7307211015606501,0.709588384718843,0.691390910652771,0.676492110532838,0.650681115514949,0.6177217921742671,0.564238960911109,0.54924289394869,0.510922750183577,0.45691892061232103,0.404281417657808,0.35336011830084,0.22402830087189102
0.758506628376387,0.927913944134468,0.977094329930763,1.0,0.984575330048563,0.967039839858963,0.9558995441201049,0.939123669441642,0.922309496348103,0.909730175148862,0.895289733474089,0.8823413645635719,0.869683207626723,0.855240301327545,0.8426453408103609,0.826453725788843,0.809403489530499,0.7943077435366559,0.7835877635479191,0.768324693164343,0.747591409374302,0.729528478861869,0.7151301216437909,0.6892208211480739,0.6571051617361221,0.5999146795065601,0.585235256819643,0.5436845990418651,0.48468105215234497,0.424052863686687,0.369586656960362,0.232250110331297
0.7353454320533821,0.906132871123787,0.9571103147380179,0.984575330048563,1.0,0.984479691052106,0.970242046456869,0.9540320272260071,0.93888842180321,0.926278276293989,0.911865937176563,0.8988555901715891,0.8864265152409521,0.8730247602915491,0.8611930551023019,0.8468013344187141,0.8299209501914442,0.8163163429564608,0.8058226343555291,0.790764718276666,0.770884366981213,0.7533946850488811,0.736435078642543,0.7110488395910289,0.679557011399491,0.622374232752446,0.607666334441966,0.564581982374669,0.5065115525426329,0.450772925692423,0.38902666221657595,0.242712921864786
0.718149980105547,0.8882337930659691,0.938239383145777,0.967039839858963,0.984479691052106,1.0,0.988698733834395,0.973932851781808,0.9599513953176708,0.949245232814253,0.9347942096528292,0.9237653015682891,0.911880670789189,0.8996373917077359,0.8881458409327379,0.875436832065443,0.859101605864457,0.845870250457964,0.8362384680926129,0.821856730313861,0.8030163373564481,0.786278534259305,0.7696802624939301,0.745311961550843,0.715114291090692,0.6579165654233821,0.642961984256954,0.598641337552939,0.538697623077267,0.48190593546426197,0.413180137398659,0.25539930787398996
0.703155488058036,0.8747070388935091,0.92769144209005,0.9558995441201049,0.970242046456869,0.988698733834395,1.0,0.9903848405065558,0.9778406439829859,0.9672749989489399,0.954679695645519,0.9441317755422971,0.9335831288902029,0.9223306540798021,0.9122036482240309,0.9002854814658199,0.886169266741086,0.873923249619004,0.8644574725627721,0.851484718499407,0.8338591704623979,0.8178036410481491,0.802771376911003,0.779869157722496,0.7507250789932579,0.69590573729653,0.680792845335815,0.63662353166018,0.574807750368432,0.513598597651624,0.438182276841792,0.269080835626615
0.6813615015980411,0.8535201660499481,0.908204443996303,0.939123669441642,0.9540320272260071,0.973932851781808,0.9903848405065558,1.0,0.991570271911682,0.9818726899265601,0.9715886849678309,0.9623895108832019,0.9533217644277471,0.9431396138031078,0.934911494382977,0.924126729756726,0.9113674235078271,0.900241639543352,0.8913691566160591,0.879771829410132,0.8638321672067858,0.8492815645739581,0.8345826658342821,0.813268810603867,0.7857030595086091,0.732257264608251,0.717210804512829,0.672818907624043,0.6073790650691129,0.5411790410032571,0.45690404491279296,0.279740905902276
0.659984777793962,0.8348449978354591,0.889439724830139,0.922309496348103,0.93888842180321,0.9599513953176708,0.9778406439829859,0.991570271911682,1.0,0.9929930024270519,0.9839064417198421,0.9748161861045791,0.9663786547016509,0.9569815120281508,0.9491891500842079,0.9391027119339208,0.9266945157181949,0.916996565199112,0.9086003008197729,0.898319352771579,0.8839113593223872,0.8708602082912751,0.8572808385566479,0.83754443588753,0.8124586076543281,0.760870690380924,0.7460570887023058,0.7012301061383921,0.6338998117541651,0.56452412135364,0.47946183998663394,0.29245771854474
0.6481187765899471,0.8204313625221821,0.875161918058192,0.909730175148862,0.926278276293989,0.949245232814253,0.9672749989489399,0.9818726899265601,0.9929930024270519,1.0,0.9931529539780579,0.984342094887259,0.9757099571357529,0.9660698476515359,0.95795762902016,0.9479102374101139,0.935076633007304,0.9252244694539391,0.918089199978234,0.908314804242938,0.893880512819021,0.8820083218642059,0.8683163010335391,0.848903614752843,0.824061662201192,0.7714225323499921,0.7573043571470842,0.711332071338052,0.6465308459676329,0.579663799336048,0.489930872534096,0.302563255128962
0.630278545823853,0.804403554131552,0.85967470304242,0.895289733474089,0.911865937176563,0.9347942096528292,0.954679695645519,0.9715886849678309,0.9839064417198421,0.9931529539780579,1.0,0.9937825085294529,0.986606622728617,0.9785408901040171,0.9705894950127691,0.960721985060952,0.9482999428814591,0.9382133945685179,0.931116703268259,0.922001700889631,0.9085698247762328,0.8973768389461679,0.8844388780525309,0.864454726489563,0.8404030124294091,0.786846267264391,0.772705547486511,0.725338374630114,0.6611909005472271,0.5932718905554311,0.498715201149278,0.305521878142841
0.61300963916451,0.7906105800047429,0.846349664936562,0.8823413645635719,0.8988555901715891,0.9237653015682891,0.9441317755422971,0.9623895108832019,0.9748161861045791,0.984342094887259,0.9937825085294529,1.0,0.9953217577736451,0.98947455245617,0.982169586432858,0.9734528287662041,0.96220597107516,0.9526490070991279,0.9457840117504279,0.937150612498396,0.924745594025923,0.9144758080985391,0.9013061850820551,0.881290943974923,0.8583539554482441,0.804412674672891,0.790480058548447,0.742576764335771,0.679028614463114,0.610212618577335,0.50956015104166,0.307554946355143
0.598485721608124,0.775134818547778,0.8336620495721291,0.869683207626723,0.8864265152409521,0.911880670789189,0.9335831288902029,0.9533217644277471,0.9663786547016509,0.9757099571357529,0.986606622728617,0.9953217577736451,1.0,0.99552606738435,0.9894038944244409,0.9818957679496071,0.971306158742229,0.9621277470510641,0.9552163761564691,0.9470886443583009,0.935455826272054,0.9260265235729229,0.9131340256737879,0.893986183046265,0.8721576650082901,0.8188733383743181,0.8050307150246819,0.7570157912268691,0.692285638796214,0.62052471605604,0.517078799689393,0.31546100649921505
0.581555485155646,0.7593609511865379,0.8199570931307231,0.855240301327545,0.8730247602915491,0.8996373917077359,0.9223306540798021,0.9431396138031078,0.9569815120281508,0.9660698476515359,0.9785408901040171,0.98947455245617,0.99552606738435,1.0,0.9953838627263101,0.9883700682266529,0.9785882885893651,0.9703940313064109,0.96349191033755,0.955630256961906,0.944691619037417,0.935673596046343,0.923191504209646,0.9049764765757221,0.8837873727129151,0.8317541588141429,0.817775113142818,0.770059149719226,0.703893108190069,0.630937116143004,0.5242041684446429,0.31732486717290903
0.5687289536983161,0.746935225211421,0.806210091220388,0.8426453408103609,0.8611930551023019,0.8881458409327379,0.9122036482240309,0.934911494382977,0.9491891500842079,0.95795762902016,0.9705894950127691,0.982169586432858,0.9894038944244409,0.9953838627263101,1.0,0.994547932146829,0.986441255669282,0.97874404834538,0.971815750638263,0.964126227404678,0.9542322314570071,0.9456665468409521,0.9341171425624301,0.917191951096773,0.896655168757643,0.8459235153575309,0.83267042609835,0.7857101788647249,0.7220984523812229,0.647531563717581,0.5380503613650001,0.328007886778333
0.551208184061656,0.729844420601414,0.7911555321457291,0.826453725788843,0.8468013344187141,0.875436832065443,0.9002854814658199,0.924126729756726,0.9391027119339208,0.9479102374101139,0.960721985060952,0.9734528287662041,0.9818957679496071,0.9883700682266529,0.994547932146829,1.0,0.9947592100080849,0.987802652961255,0.981430457636934,0.9746124552767191,0.9655983593083709,0.9577938380619541,0.947406662107428,0.931806982420481,0.9127356123787941,0.8654753909332241,0.8524067216848291,0.8080042340395379,0.7455987143031271,0.6684585499443101,0.555863309702508,0.34679726861247695
0.5360794597236099,0.7135360959835909,0.7740796501101899,0.809403489530499,0.8299209501914442,0.859101605864457,0.886169266741086,0.9113674235078271,0.9266945157181949,0.935076633007304,0.9482999428814591,0.96220597107516,0.971306158742229,0.9785882885893651,0.986441255669282,0.9947592100080849,1.0,0.995582971601225,0.9900012845157521,0.984138306596058,0.9765994219810179,0.969846982117102,0.960990321207959,0.947987861901754,0.9316758141084829,0.891600260614309,0.87846337296602,0.838104465905765,0.7735437762120899,0.690382541703388,0.571651150429293,0.349329852827987
0.518026635166186,0.697431505921081,0.758794990915287,0.7943077435366559,0.8163163429564608,0.845870250457964,0.873923249619004,0.900241639543352,0.916996565199112,0.9252244694539391,0.9382133945685179,0.9526490070991279,0.9621277470510641,0.9703940313064109,0.97874404834538,0.987802652961255,0.995582971601225,1.0,0.9959234082589791,0.9914222384314271,0.984892810005533,0.978753880915697,0.970598320142161,0.959830255702861,0.9452049328843871,0.908754538494493,0.8959786608180791,0.857832999030311,0.791215938642279,0.7070775536093409,0.5871782351684379,0.35609661876261295
0.504999788949195,0.6854825747175529,0.746748752472655,0.7835877635479191,0.8058226343555291,0.8362384680926129,0.8644574725627721,0.8913691566160591,0.9086003008197729,0.918089199978234,0.931116703268259,0.9457840117504279,0.9552163761564691,0.96349191033755,0.971815750638263,0.981430457636934,0.9900012845157521,0.9959234082589791,1.0,0.996411070332407,0.99014087647666,0.9843964894239681,0.977217518553288,0.9666878287070381,0.9528653095639549,0.916208300808831,0.9037039382508829,0.8659841484405602,0.8022783944420371,0.721837163297095,0.602646415763567,0.3678130890768921
0.488772647698574,0.6681984742846651,0.7307211015606501,0.768324693164343,0.790764718276666,0.821856730313861,0.851484718499407,0.879771829410132,0.898319352771579,0.908314804242938,0.922001700889631,0.937150612498396,0.9470886443583009,0.955630256961906,0.964126227404678,0.9746124552767191,0.984138306596058,0.9914222384314271,0.996411070332407,1.0,0.995593583622633,0.990348094297698,0.9838486719001329,0.9742807905582479,0.9615013751858761,0.925870430257758,0.9141900334134591,0.8762814457525051,0.814575437525192,0.7315796612203341,0.612672148813545,0.379210272602156
0.470119776098476,0.6457496378451679,0.709588384718843,0.747591409374302,0.770884366981213,0.8030163373564481,0.8338591704623979,0.8638321672067858,0.8839113593223872,0.893880512819021,0.9085698247762328,0.924745594025923,0.935455826272054,0.944691619037417,0.9542322314570071,0.9655983593083709,0.9765994219810179,0.984892810005533,0.99014087647666,0.995593583622633,1.0,0.996526723867739,0.99059986729702,0.982843935975348,0.971671939892879,0.9386845363465061,0.9278837595301709,0.8919787578778959,0.8324733995567439,0.7456010745529941,0.62281389641496,0.392411063776064
0.45733065799608297,0.627027506806224,0.691390910652771,0.729528478861869,0.7533946850488811,0.786278534259305,0.8178036410481491,0.8492815645739581,0.8708602082912751,0.8820083218642059,0.8973768389461679,0.9144758080985391,0.9260265235729229,0.935673596046343,0.9456665468409521,0.9577938380619541,0.969846982117102,0.978753880915697,0.9843964894239681,0.990348094297698,0.996526723867739,1.0,0.9951358881120601,0.9887104405139351,0.9786831434619259,0.947695718140928,0.9374997029327651,0.902791069153655,0.8425354315608029,0.7531558320663092,0.6283431476781229,0.39616640959941996
0.44818132919642406,0.614061071309434,0.676492110532838,0.7151301216437909,0.736435078642543,0.7696802624939301,0.802771376911003,0.8345826658342821,0.8572808385566479,0.8683163010335391,0.8844388780525309,0.9013061850820551,0.9131340256737879,0.923191504209646,0.9341171425624301,0.947406662107428,0.960990321207959,0.970598320142161,0.977217518553288,0.9838486719001329,0.99059986729702,0.9951358881120601,1.0,0.9947192098216819,0.985215716439898,0.956570955920227,0.9466517569822129,0.9128498768628649,0.854294626166942,0.764346605860704,0.638679069688606,0.404656977871635
0.42477981454824,0.588913971076558,0.650681115514949,0.6892208211480739,0.7110488395910289,0.745311961550843,0.779869157722496,0.813268810603867,0.83754443588753,0.848903614752843,0.864454726489563,0.881290943974923,0.893986183046265,0.9049764765757221,0.917191951096773,0.931806982420481,0.947987861901754,0.959830255702861,0.9666878287070381,0.9742807905582479,0.982843935975348,0.9887104405139351,0.9947192098216819,1.0,0.993823325695624,0.970949432227959,0.9619783969876559,0.9321043776469972,0.875073286398759,0.783629609423228,0.6570511303534561,0.42099518053308793
0.396325689653869,0.55663480283126,0.6177217921742671,0.6571051617361221,0.679557011399491,0.715114291090692,0.7507250789932579,0.7857030595086091,0.8124586076543281,0.824061662201192,0.8404030124294091,0.8583539554482441,0.8721576650082901,0.8837873727129151,0.896655168757643,0.9127356123787941,0.9316758141084829,0.9452049328843871,0.9528653095639549,0.9615013751858761,0.971671939892879,0.9786831434619259,0.985215716439898,0.993823325695624,1.0,0.984546009478003,0.976373423326209,0.950392027602083,0.8943572139799151,0.8005144047279341,0.67213263490245,0.43241317393665796
0.353409748484646,0.507151548164718,0.564238960911109,0.5999146795065601,0.622374232752446,0.6579165654233821,0.69590573729653,0.732257264608251,0.760870690380924,0.7714225323499921,0.786846267264391,0.804412674672891,0.8188733383743181,0.8317541588141429,0.8459235153575309,0.8654753909332241,0.891600260614309,0.908754538494493,0.916208300808831,0.925870430257758,0.9386845363465061,0.947695718140928,0.956570955920227,0.970949432227959,0.984546009478003,1.0,0.994278101167973,0.9820297891785121,0.92644316171071,0.83214704724829,0.699377296749184,0.44049820929856004
0.338329130191764,0.49394964492004,0.54924289394869,0.585235256819643,0.607666334441966,0.642961984256954,0.680792845335815,0.717210804512829,0.7460570887023058,0.7573043571470842,0.772705547486511,0.790480058548447,0.8050307150246819,0.817775113142818,0.83267042609835,0.8524067216848291,0.87846337296602,0.8959786608180791,0.9037039382508829,0.9141900334134591,0.9278837595301709,0.9374997029327651,0.9466517569822129,0.9619783969876559,0.976373423326209,0.994278101167973,1.0,0.988253296259764,0.9365020391774559,0.8420954737354599,0.707665465437563,0.450104872253984
0.31087088766573195,0.45918960915388,0.510922750183577,0.5436845990418651,0.564581982374669,0.598641337552939,0.63662353166018,0.672818907624043,0.7012301061383921,0.711332071338052,0.725338374630114,0.742576764335771,0.7570157912268691,0.770059149719226,0.7857101788647249,0.8080042340395379,0.838104465905765,0.857832999030311,0.8659841484405602,0.8762814457525051,0.8919787578778959,0.902791069153655,0.9128498768628649,0.9321043776469972,0.950392027602083,0.9820297891785121,0.988253296259764,1.0,0.9543322760684558,0.870759745228647,0.737093092387197,0.47767183268665603
0.281504832314665,0.410094775119165,0.45691892061232103,0.48468105215234497,0.5065115525426329,0.538697623077267,0.574807750368432,0.6073790650691129,0.6338998117541651,0.6465308459676329,0.6611909005472271,0.679028614463114,0.692285638796214,0.703893108190069,0.7220984523812229,0.7455987143031271,0.7735437762120899,0.791215938642279,0.8022783944420371,0.814575437525192,0.8324733995567439,0.8425354315608029,0.854294626166942,0.875073286398759,0.8943572139799151,0.92644316171071,0.9365020391774559,0.9543322760684558,1.0,0.925222788751073,0.7716310557633679,0.581810629771218
0.24977068528979604,0.36296195968194106,0.404281417657808,0.424052863686687,0.450772925692423,0.48190593546426197,0.513598597651624,0.5411790410032571,0.56452412135364,0.579663799336048,0.5932718905554311,0.610212618577335,0.62052471605604,0.630937116143004,0.647531563717581,0.6684585499443101,0.690382541703388,0.7070775536093409,0.721837163297095,0.7315796612203341,0.7456010745529941,0.7531558320663092,0.764346605860704,0.783629609423228,0.8005144047279341,0.83214704724829,0.8420954737354599,0.870759745228647,0.925222788751073,1.0,0.893579936778962,0.6753208699633301
0.217004737570093,0.31488228030618,0.35336011830084,0.369586656960362,0.38902666221657595,0.413180137398659,0.438182276841792,0.45690404491279296,0.47946183998663394,0.489930872534096,0.498715201149278,0.50956015104166,0.517078799689393,0.5242041684446429,0.5380503613650001,0.555863309702508,0.571651150429293,0.5871782351684379,0.602646415763567,0.612672148813545,0.62281389641496,0.6283431476781229,0.638679069688606,0.6570511303534561,0.67213263490245,0.699377296749184,0.707665465437563,0.737093092387197,0.7716310557633679,0.893579936778962,1.0,0.7180731208150091
0.136735811088255,0.193666476991871,0.22402830087189102,0.232250110331297,0.242712921864786,0.25539930787398996,0.269080835626615,0.279740905902276,0.29245771854474,0.302563255128962,0.305521878142841,0.307554946355143,0.31546100649921505,0.31732486717290903,0.328007886778333,0.34679726861247695,0.349329852827987,0.35609661876261295,0.3678130890768921,0.379210272602156,0.392411063776064,0.39616640959941996,0.404656977871635,0.42099518053308793,0.43241317393665796,0.44049820929856004,0.450104872253984,0.47767183268665603,0.581810629771218,0.6753208699633301,0.7180731208150091,1.0
