1.0,0.8561301875186791,0.8046593996008271,0.770046549556893,0.7573621179153399,0.742746613977447,0.73837975004047,0.735544946907143,0.7240830343438021,0.7177401023383979,0.705875086362853,0.697998825274816,0.693879187125341,0.687109619443739,0.676378924725859,0.669626938938825,0.665157516912372,0.655973629047652,0.65094936861493,0.639932067886374,0.630151554594455,0.6230030649344009,0.6094876708038349,0.593533792542051,0.581120032286412,0.5563599525385451,0.5366767239565711,0.502308846016382,0.423643562834621,0.31717844168824294,0.20045897791204,0.136356118909629
0.8561301875186791,1.0,0.961172455846778,0.9293482768115809,0.9147542298498671,0.9015151329066742,0.8945376346823589,0.8887798664568021,0.8822227031596371,0.8779743168988499,0.8674035864105829,0.861489783579728,0.854918137001516,0.8480714796516999,0.8403645224805101,0.832343414582241,0.828205693119194,0.8171409308216129,0.811270779990104,0.8009857237069179,0.792004500307438,0.7839254444859709,0.7706118839551109,0.7546403746281171,0.7413791934720441,0.718202432094298,0.6931489901772819,0.646569282084554,0.563643071767856,0.433496309198573,0.287353333302959,0.21643244927976601
0.8046593996008271,0.961172455846778,1.0,0.9726681300348291,0.956688353344592,0.9428099880519709,0.9339236179906311,0.928965622421345,0.922709867865044,0.918922004211845,0.909075582039877,0.903649733871111,0.898135536182501,0.8918064383464591,0.8841853821960529,0.877517762803908,0.872769604489522,0.861603781628338,0.855792769125021,0.8472609476206,0.838213943309032,0.830986468571753,0.8192035294794608,0.804245088501401,0.792180349656225,0.770163086329585,0.7435650404384191,0.6997319678398449,0.6150680345536221,0.47357183841087697,0.316842230987337,0.229668247560982
0.770046549556893,0.9293482768115809,0.9726681300348291,1.0,0.983282969729067,0.970286308061734,0.9610790856611792,0.953472375805521,0.9460857590598429,0.941144336218858,0.932747420581047,0.9280753134129681,0.9223333126451101,0.916097555680248,0.9098757487365429,0.903268300299935,0.8992174601433269,0.890196243841053,0.8846959229374041,0.8757317144063019,0.8688718435826609,0.8627133585397639,0.8514309265257219,0.8380636414552108,0.826054931442926,0.80445677156998,0.7780451594399309,0.740848797984572,0.661288283805918,0.513067508199579,0.34802400474451506,0.259410077113283
0.7573621179153399,0.9147542298498671,0.956688353344592,0.983282969729067,1.0,0.9870673771924509,0.9766172837113141,0.9685154697134399,0.960638671065102,0.9556148467737009,0.9483569414604591,0.9425330429788721,0.9370580007742192,0.9305154470883299,0.923888099735744,0.917335199476104,0.9117792879388431,0.903552253670976,0.8984002645883331,0.89014578156431,0.882912060426127,0.875711209313997,0.865232937259806,0.854219225607795,0.842098684397289,0.8199904338307821,0.7922623058825029,0.7530048688458679,0.6723050902225579,0.520578429912869,0.34956711614072494,0.262846321410158
0.742746613977447,0.9015151329066742,0.9428099880519709,0.970286308061734,0.9870673771924509,1.0,0.991694304546479,0.982956601581499,0.9743957758863759,0.968289800837415,0.960629191736408,0.95419917713733,0.9478400280187259,0.942336782717516,0.9360642895704971,0.930438421407577,0.925465121409109,0.918003297316778,0.9134861083248159,0.9066223099048051,0.9001963930713589,0.892474223040498,0.8812885587243721,0.8709631719287529,0.859209190271547,0.8387076722535841,0.811161935043302,0.772615224851996,0.6895364058516851,0.540972831310243,0.366821310152302,0.276550556966919
0.73837975004047,0.8945376346823589,0.9339236179906311,0.9610790856611792,0.9766172837113141,0.991694304546479,1.0,0.9932113667862621,0.9840020514184159,0.9774352554330079,0.9698248173500229,0.9629147797393559,0.956697954447455,0.9507967209976329,0.9442035205545749,0.938325271791443,0.93331817221292,0.925729569143669,0.9211474271304141,0.9136561931937499,0.9069244399763771,0.8981398090793701,0.887089024146272,0.876886675104784,0.864427550203269,0.843481366832691,0.816252128193897,0.7782619884746751,0.696456605047345,0.55042625667299,0.383061298084796,0.283683367517786
0.735544946907143,0.8887798664568021,0.928965622421345,0.953472375805521,0.9685154697134399,0.982956601581499,0.9932113667862621,1.0,0.9932443972972881,0.9862847256232679,0.978645186350351,0.971352304161806,0.964760898270015,0.9589601274438622,0.953263181715525,0.947688494831077,0.94237537322914,0.93459953521904,0.930321735307555,0.923016194104217,0.9163747512215191,0.9077522828094059,0.8966643633272859,0.8859875989683549,0.8738361984052231,0.853169587677979,0.8244492283368091,0.7867983357970708,0.7014460350460351,0.5544899572581651,0.38927294992120604,0.287304509351479
0.7240830343438021,0.8822227031596371,0.922709867865044,0.9460857590598429,0.960638671065102,0.9743957758863759,0.9840020514184159,0.9932443972972881,1.0,0.994941537351502,0.98780296558399,0.9805386879436301,0.9740603876102729,0.967769080037391,0.9614316587661609,0.9558824734227359,0.950300765584968,0.942325485231269,0.937411642334762,0.930770519638761,0.924342952932168,0.915848122489105,0.9052409491965779,0.8939463733770869,0.8815835652119771,0.861302750899871,0.8324639098907081,0.795401195257011,0.70992747658767,0.564649518665963,0.39725773229566996,0.29301947718066806
0.7177401023383979,0.8779743168988499,0.918922004211845,0.941144336218858,0.9556148467737009,0.968289800837415,0.9774352554330079,0.9862847256232679,0.994941537351502,1.0,0.9945741407671199,0.987944709870308,0.9818374368152399,0.9755535380984449,0.96873497324077,0.963071036203893,0.9577290148451859,0.949158078854945,0.9436634385503591,0.9366386189395459,0.9303172512311658,0.921162100341433,0.910086258153193,0.898495661685605,0.886279309085771,0.8655517936335041,0.836183525256962,0.7988814529854441,0.712097023876293,0.5656097361741079,0.396149975536696,0.293242133851536
0.705875086362853,0.8674035864105829,0.909075582039877,0.932747420581047,0.9483569414604591,0.960629191736408,0.9698248173500229,0.978645186350351,0.98780296558399,0.9945741407671199,1.0,0.9955160664409991,0.9902289313667131,0.9846171138114691,0.9783719865185921,0.973272990844013,0.96877512093078,0.9615942786349609,0.955983657892667,0.948580626491601,0.942641055069968,0.9340872997602281,0.923856555087332,0.912362696261985,0.9001964047198721,0.8800036226232959,0.8503332580733679,0.8135088386809209,0.7268414596380559,0.5799079716617671,0.4085488773227511,0.302036568836311
0.697998825274816,0.861489783579728,0.903649733871111,0.9280753134129681,0.9425330429788721,0.95419917713733,0.9629147797393559,0.971352304161806,0.9805386879436301,0.987944709870308,0.9955160664409991,1.0,0.9961258804311178,0.991023038795048,0.985565659488481,0.980294428673762,0.975852645638815,0.969332297031986,0.963321981034034,0.9562572734900359,0.950422282763305,0.9413400898175072,0.93069443174905,0.9191508063448149,0.906410315721209,0.8862011384968249,0.8569857240632901,0.8202718347332969,0.7333491317308081,0.585514613987568,0.41440611935421795,0.30753594483903496
0.693879187125341,0.854918137001516,0.898135536182501,0.9223333126451101,0.9370580007742192,0.9478400280187259,0.956697954447455,0.964760898270015,0.9740603876102729,0.9818374368152399,0.9902289313667131,0.9961258804311178,1.0,0.9959736592296401,0.990627227541152,0.985106125346587,0.980248459811297,0.9737641651475809,0.9673965017918008,0.9601174959282109,0.95416189491429,0.945002342257708,0.9348732894175258,0.922916064645115,0.909483464422545,0.888597656867636,0.8590055404808891,0.822612047772104,0.737083454664602,0.589078902219311,0.416524869723069,0.309888796754882
0.687109619443739,0.8480714796516999,0.8918064383464591,0.916097555680248,0.9305154470883299,0.942336782717516,0.9507967209976329,0.9589601274438622,0.967769080037391,0.9755535380984449,0.9846171138114691,0.991023038795048,0.9959736592296401,1.0,0.995876780674736,0.990622199893499,0.9858494067136752,0.9799175065854229,0.973849174529944,0.9670854225555781,0.961159677751783,0.9517908712996641,0.9416177885545141,0.9294853167319129,0.9158190816003672,0.8956010016968259,0.865878318143024,0.8307093777487611,0.7450956549004829,0.592865330249697,0.419619050109696,0.313923574412025
0.676378924725859,0.8403645224805101,0.8841853821960529,0.9098757487365429,0.923888099735744,0.9360642895704971,0.9442035205545749,0.953263181715525,0.9614316587661609,0.96873497324077,0.9783719865185921,0.985565659488481,0.990627227541152,0.995876780674736,1.0,0.9956053413823771,0.9910574765857421,0.9853661339721059,0.97989105439587,0.9733344820846608,0.967310967742407,0.9583138991597541,0.9479233280160401,0.9358206990104041,0.922002997265897,0.901933811013157,0.872516191949009,0.837206231749118,0.752617059552202,0.600059425238339,0.42622004985438505,0.320570445473987
0.669626938938825,0.832343414582241,0.877517762803908,0.903268300299935,0.917335199476104,0.930438421407577,0.938325271791443,0.947688494831077,0.9558824734227359,0.963071036203893,0.973272990844013,0.980294428673762,0.985106125346587,0.990622199893499,0.9956053413823771,1.0,0.9959033444346109,0.990609613880083,0.9856488481322769,0.9797381623566109,0.974781553001438,0.966780072002032,0.956896996154798,0.945179976435241,0.9316285732200991,0.912009568645123,0.882987185926756,0.8493444671173119,0.7663915325054058,0.616934306790776,0.440376660911146,0.333716862494003
0.665157516912372,0.828205693119194,0.872769604489522,0.8992174601433269,0.9117792879388431,0.925465121409109,0.93331817221292,0.94237537322914,0.950300765584968,0.9577290148451859,0.96877512093078,0.975852645638815,0.980248459811297,0.9858494067136752,0.9910574765857421,0.9959033444346109,1.0,0.9956289442627192,0.9909456988806831,0.985215411074477,0.980189847477975,0.973027310426237,0.9635906274731949,0.9518559710224129,0.9385551542793641,0.9190606448230051,0.8912419772354259,0.8568825530317199,0.776339666325555,0.627195685412688,0.448582500286815,0.34555845902559496
0.655973629047652,0.8171409308216129,0.861603781628338,0.890196243841053,0.903552253670976,0.918003297316778,0.925729569143669,0.93459953521904,0.942325485231269,0.949158078854945,0.9615942786349609,0.969332297031986,0.9737641651475809,0.9799175065854229,0.9853661339721059,0.990609613880083,0.9956289442627192,1.0,0.99596143863656,0.9905313803710442,0.9855304421293349,0.9788879749006909,0.969951352583404,0.959047895068679,0.946702138845682,0.926980279506248,0.8995242854516551,0.868985070998047,0.788972345314139,0.638063528955103,0.45901699362294107,0.355624482235032
0.65094936861493,0.811270779990104,0.855792769125021,0.8846959229374041,0.8984002645883331,0.9134861083248159,0.9211474271304141,0.930321735307555,0.937411642334762,0.9436634385503591,0.955983657892667,0.963321981034034,0.9673965017918008,0.973849174529944,0.97989105439587,0.9856488481322769,0.9909456988806831,0.99596143863656,1.0,0.9954611794006909,0.990248155012705,0.9838089261668359,0.974686497893053,0.964315864626844,0.9526854424081659,0.933173327350869,0.9062603308175029,0.873866290327448,0.794176277527097,0.644337856077587,0.46787575605834797,0.367901635549944
0.639932067886374,0.8009857237069179,0.8472609476206,0.8757317144063019,0.89014578156431,0.9066223099048051,0.9136561931937499,0.923016194104217,0.930770519638761,0.9366386189395459,0.948580626491601,0.9562572734900359,0.9601174959282109,0.9670854225555781,0.9733344820846608,0.9797381623566109,0.985215411074477,0.9905313803710442,0.9954611794006909,1.0,0.995558036641271,0.9890490649096491,0.980657261055942,0.9713148575899829,0.9606782948964431,0.9428056949075071,0.9171987210784921,0.8854087793194659,0.80524911015783,0.6565966194409971,0.476909547237562,0.378259742911077
0.630151554594455,0.792004500307438,0.838213943309032,0.8688718435826609,0.882912060426127,0.9001963930713589,0.9069244399763771,0.9163747512215191,0.924342952932168,0.9303172512311658,0.942641055069968,0.950422282763305,0.95416189491429,0.961159677751783,0.967310967742407,0.974781553001438,0.980189847477975,0.9855304421293349,0.990248155012705,0.995558036641271,1.0,0.994556764126779,0.986320543544164,0.9770164380353009,0.966230836767842,0.949154717086521,0.9243977093285741,0.892678687928945,0.814291966176147,0.667350961134586,0.48820284547366405,0.38993362837183
0.6230030649344009,0.7839254444859709,0.830986468571753,0.8627133585397639,0.875711209313997,0.892474223040498,0.8981398090793701,0.9077522828094059,0.915848122489105,0.921162100341433,0.9340872997602281,0.9413400898175072,0.945002342257708,0.9517908712996641,0.9583138991597541,0.966780072002032,0.973027310426237,0.9788879749006909,0.9838089261668359,0.9890490649096491,0.994556764126779,1.0,0.994298192784857,0.9858251446011209,0.975535693157604,0.959902614584411,0.9365376827758041,0.9059507289208292,0.832081499886321,0.685450448726198,0.504762038049319,0.405074753790972
0.6094876708038349,0.7706118839551109,0.8192035294794608,0.8514309265257219,0.865232937259806,0.8812885587243721,0.887089024146272,0.8966643633272859,0.9052409491965779,0.910086258153193,0.923856555087332,0.93069443174905,0.9348732894175258,0.9416177885545141,0.9479233280160401,0.956896996154798,0.9635906274731949,0.969951352583404,0.974686497893053,0.980657261055942,0.986320543544164,0.994298192784857,1.0,0.994045107832645,0.984770949794973,0.971059854875154,0.9500282196141279,0.920449722635518,0.848564986150941,0.704129793991246,0.518369723547119,0.418251441217317
0.593533792542051,0.7546403746281171,0.804245088501401,0.8380636414552108,0.854219225607795,0.8709631719287529,0.876886675104784,0.8859875989683549,0.8939463733770869,0.898495661685605,0.912362696261985,0.9191508063448149,0.922916064645115,0.9294853167319129,0.9358206990104041,0.945179976435241,0.9518559710224129,0.959047895068679,0.964315864626844,0.9713148575899829,0.9770164380353009,0.9858251446011209,0.994045107832645,1.0,0.993263189946271,0.980848700698287,0.961769207888975,0.931742612665103,0.864039735417869,0.7241676850426741,0.532814434822708,0.43692135664934295
0.581120032286412,0.7413791934720441,0.792180349656225,0.826054931442926,0.842098684397289,0.859209190271547,0.864427550203269,0.8738361984052231,0.8815835652119771,0.886279309085771,0.9001964047198721,0.906410315721209,0.909483464422545,0.9158190816003672,0.922002997265897,0.9316285732200991,0.9385551542793641,0.946702138845682,0.9526854424081659,0.9606782948964431,0.966230836767842,0.975535693157604,0.984770949794973,0.993263189946271,1.0,0.989860648003013,0.9723325478733629,0.9429678488176272,0.8766591839327359,0.7379817662937859,0.543630122759189,0.45123394699021296
0.5563599525385451,0.718202432094298,0.770163086329585,0.80445677156998,0.8199904338307821,0.8387076722535841,0.843481366832691,0.853169587677979,0.861302750899871,0.8655517936335041,0.8800036226232959,0.8862011384968249,0.888597656867636,0.8956010016968259,0.901933811013157,0.912009568645123,0.9190606448230051,0.926980279506248,0.933173327350869,0.9428056949075071,0.949154717086521,0.959902614584411,0.971059854875154,0.980848700698287,0.989860648003013,1.0,0.987638226371547,0.9571883553200391,0.892790421441929,0.7643089439168159,0.568922061664396,0.461448160271613
0.5366767239565711,0.6931489901772819,0.7435650404384191,0.7780451594399309,0.7922623058825029,0.811161935043302,0.816252128193897,0.8244492283368091,0.8324639098907081,0.836183525256962,0.8503332580733679,0.8569857240632901,0.8590055404808891,0.865878318143024,0.872516191949009,0.882987185926756,0.8912419772354259,0.8995242854516551,0.9062603308175029,0.9171987210784921,0.9243977093285741,0.9365376827758041,0.9500282196141279,0.961769207888975,0.9723325478733629,0.987638226371547,1.0,0.9720268058261031,0.916088222718607,0.7908013448451421,0.59411890036977,0.493577271292205
0.502308846016382,0.646569282084554,0.6997319678398449,0.740848797984572,0.7530048688458679,0.772615224851996,0.7782619884746751,0.7867983357970708,0.795401195257011,0.7988814529854441,0.8135088386809209,0.8202718347332969,0.822612047772104,0.8307093777487611,0.837206231749118,0.8493444671173119,0.8568825530317199,0.868985070998047,0.873866290327448,0.8854087793194659,0.892678687928945,0.9059507289208292,0.920449722635518,0.931742612665103,0.9429678488176272,0.9571883553200391,0.9720268058261031,1.0,0.950078003737261,0.8338844893441519,0.640311730718347,0.5113155793423321
0.423643562834621,0.563643071767856,0.6150680345536221,0.661288283805918,0.6723050902225579,0.6895364058516851,0.696456605047345,0.7014460350460351,0.70992747658767,0.712097023876293,0.7268414596380559,0.7333491317308081,0.737083454664602,0.7450956549004829,0.752617059552202,0.7663915325054058,0.776339666325555,0.788972345314139,0.794176277527097,0.80524911015783,0.814291966176147,0.832081499886321,0.848564986150941,0.864039735417869,0.8766591839327359,0.892790421441929,0.916088222718607,0.950078003737261,1.0,0.903853664101881,0.7181336915678829,0.583417101195178
0.31717844168824294,0.433496309198573,0.47357183841087697,0.513067508199579,0.520578429912869,0.540972831310243,0.55042625667299,0.5544899572581651,0.564649518665963,0.5656097361741079,0.5799079716617671,0.585514613987568,0.589078902219311,0.592865330249697,0.600059425238339,0.616934306790776,0.627195685412688,0.638063528955103,0.644337856077587,0.6565966194409971,0.667350961134586,0.685450448726198,0.704129793991246,0.7241676850426741,0.7379817662937859,0.7643089439168159,0.7908013448451421,0.8338844893441519,0.903853664101881,1.0,0.825346906013407,0.638902110917791
0.20045897791204,0.287353333302959,0.316842230987337,0.34802400474451506,0.34956711614072494,0.366821310152302,0.383061298084796,0.38927294992120604,0.39725773229566996,0.396149975536696,0.4085488773227511,0.41440611935421795,0.416524869723069,0.419619050109696,0.42622004985438505,0.440376660911146,0.448582500286815,0.45901699362294107,0.46787575605834797,0.476909547237562,0.48820284547366405,0.504762038049319,0.518369723547119,0.532814434822708,0.543630122759189,0.568922061664396,0.59411890036977,0.640311730718347,0.7181336915678829,0.825346906013407,1.0,0.7256224760702659
0.136356118909629,0.21643244927976601,0.229668247560982,0.259410077113283,0.262846321410158,0.276550556966919,0.283683367517786,0.287304509351479,0.29301947718066806,0.293242133851536,0.302036568836311,0.30753594483903496,0.309888796754882,0.313923574412025,0.320570445473987,0.333716862494003,0.34555845902559496,0.355624482235032,0.367901635549944,0.378259742911077,0.38993362837183,0.405074753790972,0.418251441217317,0.43692135664934295,0.45123394699021296,0.461448160271613,0.493577271292205,0.5113155793423321,0.583417101195178,0.638902110917791,0.7256224760702659,1.0
