1.0,0.6765362857587591,0.6130997440455079,0.581988120852029,0.588830753496667,0.550157292137355,0.530170230409647,0.508396393389324,0.49522078649975104,0.48555619541806,0.47547389560675607,0.461368999177182,0.4559746807325,0.43754588069502204,0.422842317560402,0.41470891979740293,0.406707395183629,0.39567292212067107,0.373561343570966,0.3607538608962221,0.357911236786529,0.3482143319223,0.336434046720287,0.3357928581431,0.330374889635656,0.32057378229497197,0.29720164961892603,0.29767203917876,0.280450005451667,0.250012548704098,0.10335375569224199,0.0273968477766556
0.6765362857587591,1.0,0.907840146761962,0.851025852245842,0.825277898725303,0.793389305061706,0.7721012756393071,0.7476216821336691,0.73631007060221,0.7239110376187621,0.7111017147953691,0.692649789793718,0.6800121870521679,0.657485740639139,0.6389375004524761,0.627676456609349,0.620343798741301,0.6122911369683081,0.6004495944853111,0.590885308825304,0.58840883783932,0.582207418711232,0.569051186649133,0.5639881417804039,0.5566156978071479,0.543497946634073,0.5265529221666121,0.520070620381037,0.485901434290427,0.43291209040774503,0.22985511177347898,0.1733535314728
0.6130997440455079,0.907840146761962,1.0,0.9540675176249871,0.9214664917119251,0.888510578718148,0.8631448337298622,0.8332396988711909,0.8217051256376808,0.8072839128520949,0.7949038045125351,0.775725139309223,0.763305324875868,0.7459273152931251,0.7298796451585601,0.7197744859975579,0.711325542340966,0.700458499813966,0.687106041196263,0.6778940261700699,0.6736055353718979,0.66213368903039,0.641962707633016,0.63547602227262,0.624854447639704,0.610699993943431,0.594821983928014,0.58612229359954,0.553327412197614,0.489325063367989,0.26501250434786605,0.199442895988651
0.581988120852029,0.851025852245842,0.9540675176249871,1.0,0.966216158490059,0.9337949433477349,0.907991791326211,0.881521569203864,0.869001408517876,0.854699302962905,0.841900918045972,0.8260701385994691,0.815389831771132,0.7985673236043341,0.7808491192817091,0.7688967285189191,0.7586728811237429,0.750089351456866,0.737066631272241,0.728734719576832,0.723079189706346,0.711980506996923,0.690536063564101,0.683810187693603,0.670433220663415,0.6588261721680411,0.641625093985708,0.6318083074351079,0.5989660719082021,0.528249504453147,0.27641956345274604,0.20739306426321802
0.588830753496667,0.825277898725303,0.9214664917119251,0.966216158490059,1.0,0.9736613311300429,0.9497924298254129,0.9234224452304179,0.9093476119989091,0.891609575946918,0.8801162446290921,0.8641752669960171,0.8512047338921371,0.8344297734901519,0.817292989546139,0.802540763651912,0.791243089223896,0.780143656782182,0.7658664299644209,0.7564834788296999,0.7501470667444878,0.738768435119437,0.716302029674787,0.707307540199387,0.692299302637689,0.681211981345731,0.664843544682053,0.654331503485801,0.621096079655002,0.545992786722857,0.290753152725906,0.215593595032611
0.550157292137355,0.793389305061706,0.888510578718148,0.9337949433477349,0.9736613311300429,1.0,0.9764503270114709,0.948691360125448,0.932554881294163,0.911154753091506,0.9016411049642509,0.8861454427426121,0.8758822519882509,0.8591656444652499,0.8441018158490721,0.8273603563766229,0.814804532022747,0.8025759414667291,0.788435434465542,0.778712339310317,0.7707543063201159,0.759047992960641,0.735379835359318,0.7237511486987671,0.708313365773745,0.697641068999466,0.681231507032445,0.6693748794382299,0.634318061534103,0.557437530273703,0.302267689034759,0.22065912001972302
0.530170230409647,0.7721012756393071,0.8631448337298622,0.907991791326211,0.9497924298254129,0.9764503270114709,1.0,0.9805797806865459,0.9617848194281529,0.939937305728247,0.928467050833838,0.91297098247823,0.9025289315741051,0.885924402419198,0.8728925681341541,0.856604582043686,0.8441519556648721,0.831121343283588,0.8177272449822479,0.8081430318099259,0.799570012173728,0.7853213264624649,0.761858176043188,0.7514677548510631,0.7348656511250842,0.7222983553371459,0.706600755416352,0.6962288807080251,0.655332865103744,0.58256305227308,0.32727354502023404,0.237119900137095
0.508396393389324,0.7476216821336691,0.8332396988711909,0.881521569203864,0.9234224452304179,0.948691360125448,0.9805797806865459,1.0,0.984903430622771,0.9634827829170419,0.950334359784409,0.934872359326497,0.923019666458648,0.907132843063692,0.8946776372681411,0.879338898790574,0.86808876772238,0.855483366548941,0.842174889698255,0.8327804525575,0.8253476666388709,0.812207665383942,0.790589550588593,0.783032876646826,0.7677745960523801,0.7537921778730821,0.7370328070588571,0.724356179853393,0.6795489138357371,0.601200278319805,0.343091111978352,0.257426683713314
0.49522078649975104,0.73631007060221,0.8217051256376808,0.869001408517876,0.9093476119989091,0.932554881294163,0.9617848194281529,0.984903430622771,1.0,0.984754116158838,0.972868477575,0.9586256805727841,0.945503346742152,0.9290201614666851,0.9159266496176569,0.9001673589795451,0.8885327857978371,0.877040231418903,0.864863473700489,0.854611779482006,0.8457181167313441,0.833877584651067,0.813790788207232,0.806807657769207,0.7936829386709521,0.7779304595236499,0.7600711859254708,0.7488627506125759,0.703412714507011,0.626019984346663,0.372421949596442,0.28332604372872805
0.48555619541806,0.7239110376187621,0.8072839128520949,0.854699302962905,0.891609575946918,0.911154753091506,0.939937305728247,0.9634827829170419,0.984754116158838,1.0,0.989082765630237,0.973413223337516,0.95895219441901,0.942396677538956,0.9280085231969171,0.912087930617055,0.8990340971817529,0.8871194420382901,0.875422443785215,0.8644815146707329,0.8554241503834359,0.8452845979018628,0.8265424304693391,0.820586190031767,0.8071993385808991,0.791834375381944,0.777415871253037,0.76641473806024,0.722631167084669,0.64683049614308,0.392257514134665,0.294874918157324
0.47547389560675607,0.7111017147953691,0.7949038045125351,0.841900918045972,0.8801162446290921,0.9016411049642509,0.928467050833838,0.950334359784409,0.972868477575,0.989082765630237,1.0,0.9893006686118192,0.9755757451148671,0.9599043035608169,0.9452996761483728,0.929613072115937,0.9157327649394391,0.9041725227520842,0.892266334518983,0.8820499258939319,0.872556290455693,0.862439925714104,0.844463617437333,0.8366692175248249,0.8242596142517701,0.8106219695055121,0.7975037023351851,0.7845143455665259,0.7382105907259059,0.65908852848694,0.399956353231951,0.305133655311687
0.461368999177182,0.692649789793718,0.775725139309223,0.8260701385994691,0.8641752669960171,0.8861454427426121,0.91297098247823,0.934872359326497,0.9586256805727841,0.973413223337516,0.9893006686118192,1.0,0.988406212993173,0.97291650366238,0.957718259442442,0.94101776107382,0.9279636999275028,0.916726076699602,0.9058508247717411,0.8950459930136071,0.884134855402224,0.874036976567482,0.856560866956558,0.8473536993191421,0.834367239015059,0.822734893285901,0.809372926680936,0.796819587812259,0.750148387474373,0.6700915167076371,0.414510589323877,0.318276482402844
0.4559746807325,0.6800121870521679,0.763305324875868,0.815389831771132,0.8512047338921371,0.8758822519882509,0.9025289315741051,0.923019666458648,0.945503346742152,0.95895219441901,0.9755757451148671,0.988406212993173,1.0,0.9884600355828109,0.97319987845975,0.9563858176188579,0.9437584706391341,0.932490056442417,0.9216954405772941,0.911052756163712,0.9005392642111508,0.88966501667134,0.8717572464075241,0.8616955127395161,0.8477865622490419,0.837287086297217,0.8234400491374659,0.810643094871686,0.764183471166854,0.684517971533573,0.43087607986755105,0.329042152695899
0.43754588069502204,0.657485740639139,0.7459273152931251,0.7985673236043341,0.8344297734901519,0.8591656444652499,0.885924402419198,0.907132843063692,0.9290201614666851,0.942396677538956,0.9599043035608169,0.97291650366238,0.9884600355828109,1.0,0.9898970519807578,0.9742514395568229,0.9621237479945358,0.9510092486324281,0.9381736918810849,0.92733852317056,0.917364403883689,0.907676451484117,0.89060681569856,0.880777210551254,0.8652635512195559,0.853156945858043,0.8363318389137929,0.822986762349952,0.7773486275029251,0.701285006473477,0.45267443976302796,0.34205773906277903
0.422842317560402,0.6389375004524761,0.7298796451585601,0.7808491192817091,0.817292989546139,0.8441018158490721,0.8728925681341541,0.8946776372681411,0.9159266496176569,0.9280085231969171,0.9452996761483728,0.957718259442442,0.97319987845975,0.9898970519807578,1.0,0.989191413305827,0.9773334625757251,0.965955400756272,0.952672274839963,0.9411124463351721,0.930677746033206,0.920110883404289,0.902365691793877,0.8916983143691241,0.8752372735655319,0.863296651659504,0.845008631719725,0.832262251358595,0.7860812810623381,0.7101754155729542,0.46618159263219394,0.344124885971364
0.41470891979740293,0.627676456609349,0.7197744859975579,0.7688967285189191,0.802540763651912,0.8273603563766229,0.856604582043686,0.879338898790574,0.9001673589795451,0.912087930617055,0.929613072115937,0.94101776107382,0.9563858176188579,0.9742514395568229,0.989191413305827,1.0,0.9913408759531329,0.9799996636076149,0.9665419869118659,0.9541774377353349,0.942421249038756,0.930978658147624,0.913352162932979,0.901805413079793,0.885101799086551,0.873273530750685,0.856757079130427,0.8428811306613609,0.7959411363765,0.7188321738977471,0.47396575159704296,0.350796785192047
0.406707395183629,0.620343798741301,0.711325542340966,0.7586728811237429,0.791243089223896,0.814804532022747,0.8441519556648721,0.86808876772238,0.8885327857978371,0.8990340971817529,0.9157327649394391,0.9279636999275028,0.9437584706391341,0.9621237479945358,0.9773334625757251,0.9913408759531329,1.0,0.99168444235106,0.978491928573647,0.9656332224341121,0.9540544720995301,0.943004682573494,0.925925188970542,0.9130461236781741,0.8950572633734019,0.882860548334876,0.8641480216176189,0.849221170987505,0.8000115578347181,0.7233456983608921,0.473080306940278,0.359372198277438
0.39567292212067107,0.6122911369683081,0.700458499813966,0.750089351456866,0.780143656782182,0.8025759414667291,0.831121343283588,0.855483366548941,0.877040231418903,0.8871194420382901,0.9041725227520842,0.916726076699602,0.932490056442417,0.9510092486324281,0.965955400756272,0.9799996636076149,0.99168444235106,1.0,0.990598821174262,0.9772423604976741,0.963723172287285,0.9527410124290459,0.93557875933295,0.9220142255933471,0.9036212678829141,0.8897358164567121,0.8690231494004641,0.853138004639446,0.8050317362817501,0.7319498222602521,0.48450811488716106,0.36703511439556397
0.373561343570966,0.6004495944853111,0.687106041196263,0.737066631272241,0.7658664299644209,0.788435434465542,0.8177272449822479,0.842174889698255,0.864863473700489,0.875422443785215,0.892266334518983,0.9058508247717411,0.9216954405772941,0.9381736918810849,0.952672274839963,0.9665419869118659,0.978491928573647,0.990598821174262,1.0,0.989260029796669,0.975265547271037,0.962599991105956,0.9447879383232141,0.930670237297812,0.9116595693315941,0.897782881137218,0.875538434421963,0.8589448576169371,0.811205560689822,0.7383789387645671,0.49821265034739204,0.38953262470547495
0.3607538608962221,0.590885308825304,0.6778940261700699,0.728734719576832,0.7564834788296999,0.778712339310317,0.8081430318099259,0.8327804525575,0.854611779482006,0.8644815146707329,0.8820499258939319,0.8950459930136071,0.911052756163712,0.92733852317056,0.9411124463351721,0.9541774377353349,0.9656332224341121,0.9772423604976741,0.989260029796669,1.0,0.989896789634624,0.975518988839172,0.95847495152076,0.9443230608348689,0.9262061762487641,0.9111718453107092,0.8872378315221129,0.8681418614145319,0.8207545465515551,0.7485393906062672,0.5008118629163111,0.405071397626963
0.357911236786529,0.58840883783932,0.6736055353718979,0.723079189706346,0.7501470667444878,0.7707543063201159,0.799570012173728,0.8253476666388709,0.8457181167313441,0.8554241503834359,0.872556290455693,0.884134855402224,0.9005392642111508,0.917364403883689,0.930677746033206,0.942421249038756,0.9540544720995301,0.963723172287285,0.975265547271037,0.989896789634624,1.0,0.9875815373131039,0.9720976235832121,0.9579803982912,0.938481695268018,0.922946378972621,0.897797714255367,0.876373152543701,0.827217288071814,0.757633644854167,0.500330826796917,0.40165711467759707
0.3482143319223,0.582207418711232,0.66213368903039,0.711980506996923,0.738768435119437,0.759047992960641,0.7853213264624649,0.812207665383942,0.833877584651067,0.8452845979018628,0.862439925714104,0.874036976567482,0.88966501667134,0.907676451484117,0.920110883404289,0.930978658147624,0.943004682573494,0.9527410124290459,0.962599991105956,0.975518988839172,0.9875815373131039,1.0,0.989593946557842,0.97531657867897,0.9573970054558621,0.9423593454151891,0.9156380927927191,0.893032092170728,0.8451411544443621,0.780683133200354,0.524016951873765,0.41196097776515794
0.336434046720287,0.569051186649133,0.641962707633016,0.690536063564101,0.716302029674787,0.735379835359318,0.761858176043188,0.790589550588593,0.813790788207232,0.8265424304693391,0.844463617437333,0.856560866956558,0.8717572464075241,0.89060681569856,0.902365691793877,0.913352162932979,0.925925188970542,0.93557875933295,0.9447879383232141,0.95847495152076,0.9720976235832121,0.989593946557842,1.0,0.9879626951494509,0.970193138245463,0.9539675040899129,0.9274411476562271,0.904930935570674,0.8557200272360469,0.7956400476284641,0.537328237751546,0.42001267879586207
0.3357928581431,0.5639881417804039,0.63547602227262,0.683810187693603,0.707307540199387,0.7237511486987671,0.7514677548510631,0.783032876646826,0.806807657769207,0.820586190031767,0.8366692175248249,0.8473536993191421,0.8616955127395161,0.880777210551254,0.8916983143691241,0.901805413079793,0.9130461236781741,0.9220142255933471,0.930670237297812,0.9443230608348689,0.9579803982912,0.97531657867897,0.9879626951494509,1.0,0.9863790649300199,0.968043534722282,0.9391383970617591,0.9159031121461361,0.8686730611693381,0.8080379923815391,0.5361650390164521,0.42045764025069
0.330374889635656,0.5566156978071479,0.624854447639704,0.670433220663415,0.692299302637689,0.708313365773745,0.7348656511250842,0.7677745960523801,0.7936829386709521,0.8071993385808991,0.8242596142517701,0.834367239015059,0.8477865622490419,0.8652635512195559,0.8752372735655319,0.885101799086551,0.8950572633734019,0.9036212678829141,0.9116595693315941,0.9262061762487641,0.938481695268018,0.9573970054558621,0.970193138245463,0.9863790649300199,1.0,0.9834722263598779,0.954601969977895,0.932612266695422,0.883477954195227,0.8161185971037079,0.5289885714301811,0.43261729270289007
0.32057378229497197,0.543497946634073,0.610699993943431,0.6588261721680411,0.681211981345731,0.697641068999466,0.7222983553371459,0.7537921778730821,0.7779304595236499,0.791834375381944,0.8106219695055121,0.822734893285901,0.837287086297217,0.853156945858043,0.863296651659504,0.873273530750685,0.882860548334876,0.8897358164567121,0.897782881137218,0.9111718453107092,0.922946378972621,0.9423593454151891,0.9539675040899129,0.968043534722282,0.9834722263598779,1.0,0.9785306421100759,0.9549075529220891,0.9015677024987471,0.827070605094292,0.523802325766938,0.43672790539908296
0.29720164961892603,0.5265529221666121,0.594821983928014,0.641625093985708,0.664843544682053,0.681231507032445,0.706600755416352,0.7370328070588571,0.7600711859254708,0.777415871253037,0.7975037023351851,0.809372926680936,0.8234400491374659,0.8363318389137929,0.845008631719725,0.856757079130427,0.8641480216176189,0.8690231494004641,0.875538434421963,0.8872378315221129,0.897797714255367,0.9156380927927191,0.9274411476562271,0.9391383970617591,0.954601969977895,0.9785306421100759,1.0,0.975079197753325,0.9176222514417269,0.8389472397908941,0.536256054854578,0.44639757900614
0.29767203917876,0.520070620381037,0.58612229359954,0.6318083074351079,0.654331503485801,0.6693748794382299,0.6962288807080251,0.724356179853393,0.7488627506125759,0.76641473806024,0.7845143455665259,0.796819587812259,0.810643094871686,0.822986762349952,0.832262251358595,0.8428811306613609,0.849221170987505,0.853138004639446,0.8589448576169371,0.8681418614145319,0.876373152543701,0.893032092170728,0.904930935570674,0.9159031121461361,0.932612266695422,0.9549075529220891,0.975079197753325,1.0,0.957100169896331,0.8742785869205559,0.557667036029996,0.46693457303258595
0.280450005451667,0.485901434290427,0.553327412197614,0.5989660719082021,0.621096079655002,0.634318061534103,0.655332865103744,0.6795489138357371,0.703412714507011,0.722631167084669,0.7382105907259059,0.750148387474373,0.764183471166854,0.7773486275029251,0.7860812810623381,0.7959411363765,0.8000115578347181,0.8050317362817501,0.811205560689822,0.8207545465515551,0.827217288071814,0.8451411544443621,0.8557200272360469,0.8686730611693381,0.883477954195227,0.9015677024987471,0.9176222514417269,0.957100169896331,1.0,0.9242044477948259,0.599275268495897,0.495011732844331
0.250012548704098,0.43291209040774503,0.489325063367989,0.528249504453147,0.545992786722857,0.557437530273703,0.58256305227308,0.601200278319805,0.626019984346663,0.64683049614308,0.65908852848694,0.6700915167076371,0.684517971533573,0.701285006473477,0.7101754155729542,0.7188321738977471,0.7233456983608921,0.7319498222602521,0.7383789387645671,0.7485393906062672,0.757633644854167,0.780683133200354,0.7956400476284641,0.8080379923815391,0.8161185971037079,0.827070605094292,0.8389472397908941,0.8742785869205559,0.9242044477948259,1.0,0.7401813702620709,0.544901754024055
0.10335375569224199,0.22985511177347898,0.26501250434786605,0.27641956345274604,0.290753152725906,0.302267689034759,0.32727354502023404,0.343091111978352,0.372421949596442,0.392257514134665,0.399956353231951,0.414510589323877,0.43087607986755105,0.45267443976302796,0.46618159263219394,0.47396575159704296,0.473080306940278,0.48450811488716106,0.49821265034739204,0.5008118629163111,0.500330826796917,0.524016951873765,0.537328237751546,0.5361650390164521,0.5289885714301811,0.523802325766938,0.536256054854578,0.557667036029996,0.599275268495897,0.7401813702620709,1.0,0.604641053560905
0.0273968477766556,0.1733535314728,0.199442895988651,0.20739306426321802,0.215593595032611,0.22065912001972302,0.237119900137095,0.257426683713314,0.28332604372872805,0.294874918157324,0.305133655311687,0.318276482402844,0.329042152695899,0.34205773906277903,0.344124885971364,0.350796785192047,0.359372198277438,0.36703511439556397,0.38953262470547495,0.405071397626963,0.40165711467759707,0.41196097776515794,0.42001267879586207,0.42045764025069,0.43261729270289007,0.43672790539908296,0.44639757900614,0.46693457303258595,0.495011732844331,0.544901754024055,0.604641053560905,1.0
