1.0,0.757016937223973,0.697615725258814,0.6721934410304561,0.649115670217583,0.635709110954809,0.6209704549587571,0.6042978244753979,0.594241100901237,0.579571595188447,0.5735488233514909,0.5670111524774711,0.556602761677492,0.5393169133202891,0.530368633764802,0.515905982978667,0.504737559981865,0.495348331783075,0.484546836021551,0.477904089911298,0.471530703474649,0.45889913819278394,0.45138008393137297,0.44044416760491795,0.435169271272841,0.420453114403706,0.40587566418362797,0.37924141826223107,0.328171501192383,0.21542411089470398,0.0845744417436447,0.0362990990535331
0.757016937223973,1.0,0.945222072850644,0.915307789954715,0.894391800870186,0.8784332506632951,0.86732346947096,0.852469299141624,0.841197642968763,0.8278449827445659,0.8231749847459829,0.8136769004378441,0.804244362949801,0.788689616997751,0.778694665566328,0.766833239412279,0.755812216475365,0.7446352893444841,0.738781588094661,0.730019888579755,0.7201819796871741,0.7096020587188101,0.6997467610309671,0.685170068066573,0.673355694196131,0.6509741426038941,0.628922426729697,0.5935960438855451,0.536155266306589,0.362446106212984,0.21976695498296303,0.15458688493327302
0.697615725258814,0.945222072850644,1.0,0.9724629815246609,0.9572231054142379,0.942448921657155,0.9324098390440602,0.9187985422580122,0.9086996028060359,0.8986683273934251,0.89219511162636,0.884123683273122,0.874104249621257,0.859264516688625,0.849302922337218,0.837841387032228,0.826369764313865,0.8144938795596101,0.807532367026512,0.7976634412713229,0.78694601922915,0.7737385426629829,0.760857630219523,0.745981207357093,0.7316777248153169,0.7051943477796779,0.684823789757455,0.648484031587408,0.5876734124054821,0.40331691141051,0.246212682840193,0.183987330071978
0.6721934410304561,0.915307789954715,0.9724629815246609,1.0,0.98274200511236,0.967421286801607,0.9587685278996658,0.9463408435499421,0.9353935751968799,0.9255170617411991,0.9176133039742359,0.9083600837800259,0.8972728488886291,0.881318284175689,0.870209384172855,0.8586147498509459,0.847722860544359,0.836770061222436,0.829309424549463,0.8185712189574391,0.8080540645627808,0.7962218692540192,0.7844692067962099,0.7699844935151491,0.756117902058868,0.7324328408059041,0.7112764850575921,0.6747627029526929,0.615137791273104,0.43607542168862895,0.280843967972776,0.205577576207351
0.649115670217583,0.894391800870186,0.9572231054142379,0.98274200511236,1.0,0.987129304421094,0.97579416496335,0.963620782728641,0.9537253473661039,0.945014243276688,0.9373670599043791,0.9271852404790659,0.9168508201757841,0.902781181789307,0.8911098818844709,0.880630509666667,0.8691824297750591,0.8576848277907742,0.8505268314200101,0.840404895190213,0.8296633328397851,0.8170813013114971,0.806257731973475,0.790412943830577,0.7765742213964208,0.7526532469420258,0.731323256000096,0.695552888883857,0.6368533816380461,0.45023656529910294,0.290627836130485,0.218808975894695
0.635709110954809,0.8784332506632951,0.942448921657155,0.967421286801607,0.987129304421094,1.0,0.9891222230324921,0.9766127645207471,0.9667588616119459,0.9582037877671771,0.9511335439867289,0.940878553012005,0.9317461719139741,0.91804092511465,0.9071208083522321,0.89674224366595,0.8863803151344619,0.8746612000985681,0.866904678196895,0.857912524593792,0.8482312288456291,0.8371252351751959,0.8266151951301329,0.811723283287412,0.799036409988436,0.7777268203405521,0.75738536753561,0.723098298913768,0.6649600789664251,0.46820073820112695,0.31225585019136204,0.242009533352832
0.6209704549587571,0.86732346947096,0.9324098390440602,0.9587685278996658,0.97579416496335,0.9891222230324921,1.0,0.9906325008930971,0.980905583798001,0.972260786599449,0.9643899304202059,0.954253990919968,0.9453962259734391,0.9319074460461501,0.9205612915240949,0.9100966474999359,0.9006863537306129,0.8898427867862969,0.883057404982647,0.8741179732488391,0.865093531473497,0.8546293580915431,0.8440621102171371,0.830052536023637,0.816628854965896,0.794440651240603,0.7732986206931709,0.737962711471148,0.6755683945570071,0.4752142702499221,0.31843655443270696,0.249228107872256
0.6042978244753979,0.852469299141624,0.9187985422580122,0.9463408435499421,0.963620782728641,0.9766127645207471,0.9906325008930971,1.0,0.9918224602660501,0.983267713530985,0.9755246384046371,0.966021253123335,0.957693285133172,0.945492437409927,0.9343630404383921,0.924572831592492,0.9153934426810799,0.9052982784679209,0.8982209917300581,0.8897974663246792,0.8806349310636741,0.8710590094821509,0.8605614474744642,0.847459660876771,0.8344600237924258,0.8122301968928659,0.79169741600294,0.757726790278362,0.6939701717246971,0.494300832891749,0.335504316669287,0.267432616878345
0.594241100901237,0.841197642968763,0.9086996028060359,0.9353935751968799,0.9537253473661039,0.9667588616119459,0.980905583798001,0.9918224602660501,1.0,0.9933614669242691,0.9853249885672679,0.975433596818066,0.9665003522153031,0.9559360835468629,0.9457323991615041,0.935984191414379,0.92695977435349,0.9172689676793749,0.9102793077390421,0.90264055704615,0.8939620290432579,0.8842986172218961,0.8741788803452378,0.8616177832694921,0.8486926184815071,0.8263221455642241,0.805910459504773,0.771282612610477,0.7078957683151551,0.504114124860892,0.34739219152660994,0.283116330333255
0.579571595188447,0.8278449827445659,0.8986683273934251,0.9255170617411991,0.945014243276688,0.9582037877671771,0.972260786599449,0.983267713530985,0.9933614669242691,1.0,0.9934431443258481,0.984014445017544,0.9756190888136078,0.9650119189183871,0.954911714260162,0.944900860047604,0.9369350078059979,0.9280635055360071,0.920765748542876,0.912987582321612,0.904517401440383,0.894659809443555,0.885268694159403,0.8735511158199208,0.861124186217864,0.838977767035081,0.8209646226480479,0.787212509618374,0.7258034806135341,0.5205068566823661,0.366522245162503,0.29739953901423405
0.5735488233514909,0.8231749847459829,0.89219511162636,0.9176133039742359,0.9373670599043791,0.9511335439867289,0.9643899304202059,0.9755246384046371,0.9853249885672679,0.9934431443258481,1.0,0.9933689804012841,0.986348743710124,0.9771547981641958,0.9674930638049599,0.957879094523178,0.9498977090384421,0.9405728447231129,0.933346856159083,0.9256543685854159,0.9170724689215659,0.9068516668708829,0.8983264247489939,0.8863983272746658,0.8739603804707942,0.85145184195445,0.8334690445743219,0.7998816722808829,0.740797735069745,0.535054230255647,0.37932503487921404,0.30724465302486603
0.5670111524774711,0.8136769004378441,0.884123683273122,0.9083600837800259,0.9271852404790659,0.940878553012005,0.954253990919968,0.966021253123335,0.975433596818066,0.984014445017544,0.9933689804012841,1.0,0.994617425318949,0.985894153791672,0.9767838093271869,0.9673304832633699,0.9598136453206361,0.9509145038826691,0.94376647347893,0.9364295729390151,0.9282055340869491,0.9172229063969409,0.908223137555278,0.8966236514596221,0.88416217215054,0.8623677525158051,0.845129063900702,0.812810234777298,0.754560931679378,0.5543214818858829,0.40486385257122903,0.322551134766509
0.556602761677492,0.804244362949801,0.874104249621257,0.8972728488886291,0.9168508201757841,0.9317461719139741,0.9453962259734391,0.957693285133172,0.9665003522153031,0.9756190888136078,0.986348743710124,0.994617425318949,1.0,0.993999357351675,0.9858328828450792,0.977340773192166,0.970748568667855,0.962295926926876,0.955238259767634,0.9487820236891908,0.941096594487595,0.9303882808326099,0.92101613890873,0.909589402373318,0.898057772061055,0.8761434367642971,0.860932835777144,0.829055690229077,0.770741173619138,0.571934608409807,0.419348060223281,0.33558179831023804
0.5393169133202891,0.788689616997751,0.859264516688625,0.881318284175689,0.902781181789307,0.91804092511465,0.9319074460461501,0.945492437409927,0.9559360835468629,0.9650119189183871,0.9771547981641958,0.985894153791672,0.993999357351675,1.0,0.9943435664099141,0.986811675287443,0.9804256118585741,0.972435127408111,0.9659823862629141,0.9591898915135871,0.951837290066728,0.941152137091652,0.9320071481213928,0.920955893935905,0.909729718089333,0.8873548971762609,0.8729750515829859,0.841566291700185,0.783674205977554,0.589183417560797,0.43547502827221507,0.353612461735345
0.530368633764802,0.778694665566328,0.849302922337218,0.870209384172855,0.8911098818844709,0.9071208083522321,0.9205612915240949,0.9343630404383921,0.9457323991615041,0.954911714260162,0.9674930638049599,0.9767838093271869,0.9858328828450792,0.9943435664099141,1.0,0.995412990551742,0.9894887617446959,0.982278636127111,0.975594770448065,0.9686860959056189,0.9620946424357191,0.9516765129005809,0.9425891985925351,0.9312056251371129,0.920219711405943,0.8989679332188009,0.8849029963590219,0.854410540424338,0.7969595216761641,0.602679094771395,0.454597060004016,0.378080116067755
0.515905982978667,0.766833239412279,0.837841387032228,0.8586147498509459,0.880630509666667,0.89674224366595,0.9100966474999359,0.924572831592492,0.935984191414379,0.944900860047604,0.957879094523178,0.9673304832633699,0.977340773192166,0.986811675287443,0.995412990551742,1.0,0.9957285522956021,0.989288345884516,0.9827826133616141,0.976047195052683,0.969183638200233,0.9593065568905699,0.949976022980182,0.939197889908913,0.928061521002358,0.9080064788735709,0.893946370151785,0.864963240971603,0.8075468261585569,0.6134255048364361,0.4632915058399,0.39102961918925894
0.504737559981865,0.755812216475365,0.826369764313865,0.847722860544359,0.8691824297750591,0.8863803151344619,0.9006863537306129,0.9153934426810799,0.92695977435349,0.9369350078059979,0.9498977090384421,0.9598136453206361,0.970748568667855,0.9804256118585741,0.9894887617446959,0.9957285522956021,1.0,0.995561205791789,0.9896952852730719,0.9837169541332191,0.9771032935993069,0.9680758137104071,0.959164748749456,0.948200669344719,0.9370430088459399,0.9171962654670229,0.904748945002601,0.8762416587123699,0.820525136292443,0.6271785568067839,0.477855362532644,0.40523667158987703
0.495348331783075,0.7446352893444841,0.8144938795596101,0.836770061222436,0.8576848277907742,0.8746612000985681,0.8898427867862969,0.9052982784679209,0.9172689676793749,0.9280635055360071,0.9405728447231129,0.9509145038826691,0.962295926926876,0.972435127408111,0.982278636127111,0.989288345884516,0.995561205791789,1.0,0.9956988621117661,0.9899844717218709,0.9841854148862029,0.9759258505014742,0.9674032275514971,0.956772558088746,0.945227519703735,0.92604327968041,0.913411113606534,0.884096972682778,0.8303973300274459,0.635847989415986,0.489386127688095,0.41664376187855395
0.484546836021551,0.738781588094661,0.807532367026512,0.829309424549463,0.8505268314200101,0.866904678196895,0.883057404982647,0.8982209917300581,0.9102793077390421,0.920765748542876,0.933346856159083,0.94376647347893,0.955238259767634,0.9659823862629141,0.975594770448065,0.9827826133616141,0.9896952852730719,0.9956988621117661,1.0,0.9954189780806459,0.990042082707583,0.981828307250938,0.973370777510688,0.96285397318195,0.950288532145548,0.93152363441909,0.920005166066273,0.891182917679052,0.8383476554105981,0.644867977520871,0.497920232333382,0.423543294739509
0.477904089911298,0.730019888579755,0.7976634412713229,0.8185712189574391,0.840404895190213,0.857912524593792,0.8741179732488391,0.8897974663246792,0.90264055704615,0.912987582321612,0.9256543685854159,0.9364295729390151,0.9487820236891908,0.9591898915135871,0.9686860959056189,0.976047195052683,0.9837169541332191,0.9899844717218709,0.9954189780806459,1.0,0.9958658802160401,0.988159917070615,0.979848568263468,0.969171566207843,0.9565729517753809,0.938042568323057,0.9264695735504599,0.8988495710934269,0.846388354542297,0.652900644231187,0.5111189821455261,0.433914247060832
0.471530703474649,0.7201819796871741,0.78694601922915,0.8080540645627808,0.8296633328397851,0.8482312288456291,0.865093531473497,0.8806349310636741,0.8939620290432579,0.904517401440383,0.9170724689215659,0.9282055340869491,0.941096594487595,0.951837290066728,0.9620946424357191,0.969183638200233,0.9771032935993069,0.9841854148862029,0.990042082707583,0.9958658802160401,1.0,0.9940898636390759,0.9868500787823871,0.97700428656205,0.9647060167260421,0.9472994318914292,0.935658709298649,0.9086944399874342,0.858028400760319,0.663704712618786,0.5287412350108119,0.452879719432034
0.45889913819278394,0.7096020587188101,0.7737385426629829,0.7962218692540192,0.8170813013114971,0.8371252351751959,0.8546293580915431,0.8710590094821509,0.8842986172218961,0.894659809443555,0.9068516668708829,0.9172229063969409,0.9303882808326099,0.941152137091652,0.9516765129005809,0.9593065568905699,0.9680758137104071,0.9759258505014742,0.981828307250938,0.988159917070615,0.9940898636390759,1.0,0.9944703321158891,0.986088911268675,0.9746039698600691,0.958191485936355,0.946222682109513,0.919393396248057,0.873835474047914,0.6850916763786801,0.550443669953288,0.470866925522402
0.45138008393137297,0.6997467610309671,0.760857630219523,0.7844692067962099,0.806257731973475,0.8266151951301329,0.8440621102171371,0.8605614474744642,0.8741788803452378,0.885268694159403,0.8983264247489939,0.908223137555278,0.92101613890873,0.9320071481213928,0.9425891985925351,0.949976022980182,0.959164748749456,0.9674032275514971,0.973370777510688,0.979848568263468,0.9868500787823871,0.9944703321158891,1.0,0.9928238170483059,0.982538809054915,0.9667818129671909,0.954274768859933,0.9294256070264592,0.8842523877962031,0.6895267440035899,0.559526723109098,0.481342551641858
0.44044416760491795,0.685170068066573,0.745981207357093,0.7699844935151491,0.790412943830577,0.811723283287412,0.830052536023637,0.847459660876771,0.8616177832694921,0.8735511158199208,0.8863983272746658,0.8966236514596221,0.909589402373318,0.920955893935905,0.9312056251371129,0.939197889908913,0.948200669344719,0.956772558088746,0.96285397318195,0.969171566207843,0.97700428656205,0.986088911268675,0.9928238170483059,1.0,0.9925002517783791,0.9796044382165341,0.9661488122961,0.94277083270901,0.899016817193591,0.7066022956946391,0.5773627853220911,0.503737642061038
0.435169271272841,0.673355694196131,0.7316777248153169,0.756117902058868,0.7765742213964208,0.799036409988436,0.816628854965896,0.8344600237924258,0.8486926184815071,0.861124186217864,0.8739603804707942,0.88416217215054,0.898057772061055,0.909729718089333,0.920219711405943,0.928061521002358,0.9370430088459399,0.945227519703735,0.950288532145548,0.9565729517753809,0.9647060167260421,0.9746039698600691,0.982538809054915,0.9925002517783791,1.0,0.990715827079664,0.9777816623832759,0.9579433206608191,0.918861681726628,0.7330889467982471,0.604235132097839,0.527573040076589
0.420453114403706,0.6509741426038941,0.7051943477796779,0.7324328408059041,0.7526532469420258,0.7777268203405521,0.794440651240603,0.8122301968928659,0.8263221455642241,0.838977767035081,0.85145184195445,0.8623677525158051,0.8761434367642971,0.8873548971762609,0.8989679332188009,0.9080064788735709,0.9171962654670229,0.92604327968041,0.93152363441909,0.938042568323057,0.9472994318914292,0.958191485936355,0.9667818129671909,0.9796044382165341,0.990715827079664,1.0,0.988422570978242,0.971577155395837,0.936933930081425,0.748380866528078,0.6293459179057629,0.553526143138996
0.40587566418362797,0.628922426729697,0.684823789757455,0.7112764850575921,0.731323256000096,0.75738536753561,0.7732986206931709,0.79169741600294,0.805910459504773,0.8209646226480479,0.8334690445743219,0.845129063900702,0.860932835777144,0.8729750515829859,0.8849029963590219,0.893946370151785,0.904748945002601,0.913411113606534,0.920005166066273,0.9264695735504599,0.935658709298649,0.946222682109513,0.954274768859933,0.9661488122961,0.9777816623832759,0.988422570978242,1.0,0.983935649562117,0.9523243807226899,0.764426160988914,0.6411472296791539,0.5609932439145761
0.37924141826223107,0.5935960438855451,0.648484031587408,0.6747627029526929,0.695552888883857,0.723098298913768,0.737962711471148,0.757726790278362,0.771282612610477,0.787212509618374,0.7998816722808829,0.812810234777298,0.829055690229077,0.841566291700185,0.854410540424338,0.864963240971603,0.8762416587123699,0.884096972682778,0.891182917679052,0.8988495710934269,0.9086944399874342,0.919393396248057,0.9294256070264592,0.94277083270901,0.9579433206608191,0.971577155395837,0.983935649562117,1.0,0.974359421345471,0.804297777867642,0.686341068305977,0.6039922492273521
0.328171501192383,0.536155266306589,0.5876734124054821,0.615137791273104,0.6368533816380461,0.6649600789664251,0.6755683945570071,0.6939701717246971,0.7078957683151551,0.7258034806135341,0.740797735069745,0.754560931679378,0.770741173619138,0.783674205977554,0.7969595216761641,0.8075468261585569,0.820525136292443,0.8303973300274459,0.8383476554105981,0.846388354542297,0.858028400760319,0.873835474047914,0.8842523877962031,0.899016817193591,0.918861681726628,0.936933930081425,0.9523243807226899,0.974359421345471,1.0,0.845649661173306,0.7458650982841479,0.6437752515015319
0.21542411089470398,0.362446106212984,0.40331691141051,0.43607542168862895,0.45023656529910294,0.46820073820112695,0.4752142702499221,0.494300832891749,0.504114124860892,0.5205068566823661,0.535054230255647,0.5543214818858829,0.571934608409807,0.589183417560797,0.602679094771395,0.6134255048364361,0.6271785568067839,0.635847989415986,0.644867977520871,0.652900644231187,0.663704712618786,0.6850916763786801,0.6895267440035899,0.7066022956946391,0.7330889467982471,0.748380866528078,0.764426160988914,0.804297777867642,0.845649661173306,1.0,0.8926491002328041,0.692609325957563
0.0845744417436447,0.21976695498296303,0.246212682840193,0.280843967972776,0.290627836130485,0.31225585019136204,0.31843655443270696,0.335504316669287,0.34739219152660994,0.366522245162503,0.37932503487921404,0.40486385257122903,0.419348060223281,0.43547502827221507,0.454597060004016,0.4632915058399,0.477855362532644,0.489386127688095,0.497920232333382,0.5111189821455261,0.5287412350108119,0.550443669953288,0.559526723109098,0.5773627853220911,0.604235132097839,0.6293459179057629,0.6411472296791539,0.686341068305977,0.7458650982841479,0.8926491002328041,1.0,0.7472438154728811
0.0362990990535331,0.15458688493327302,0.183987330071978,0.205577576207351,0.218808975894695,0.242009533352832,0.249228107872256,0.267432616878345,0.283116330333255,0.29739953901423405,0.30724465302486603,0.322551134766509,0.33558179831023804,0.353612461735345,0.378080116067755,0.39102961918925894,0.40523667158987703,0.41664376187855395,0.423543294739509,0.433914247060832,0.452879719432034,0.470866925522402,0.481342551641858,0.503737642061038,0.527573040076589,0.553526143138996,0.5609932439145761,0.6039922492273521,0.6437752515015319,0.692609325957563,0.7472438154728811,1.0
