1.0,0.987508411642353,0.9378207967200759,0.834284284037266,0.8024287704548471,0.7831761972660258,0.745472030614609,0.706153326124631,0.6967943712893,0.673915958916395,0.6356845597624721,0.6188003663811229,0.601173257571594,0.5719414078667121,0.5380682729970171,0.511062032338437,0.47538908356401793,0.434173586596705,0.39800603258786,0.35887442004190007,0.31927191712425107,0.284549497942601,0.255672187796767,0.227398336185367,0.202221076474633,0.13559645252246302,0.0783072346671197,0.0430131756879234,0.0106404539634862,0.0361806623344237,0.061993129956204006,0.0775443262807061
0.987508411642353,1.0,0.980800305232998,0.9107344823457589,0.8851065458643471,0.864044110942902,0.8226397241039921,0.779533596366753,0.769699180319355,0.7449802349082479,0.7033242183819429,0.68420574382954,0.6639060073319799,0.6307637904248211,0.593160317595509,0.565019942357961,0.527241905755635,0.483199386259466,0.445280729373144,0.40389341054462297,0.36152412783417404,0.32456285901214504,0.294748494731712,0.264915808808711,0.238027373099025,0.16679049309830898,0.10455617280582001,0.0658313193841307,0.0319265971184156,0.0141359924970342,0.040059345214102995,0.0558774313244768
0.9378207967200759,0.980800305232998,1.0,0.973788272276029,0.956756276908198,0.934183860731727,0.8896349111211851,0.8433352747381079,0.833253257713483,0.8071131052984258,0.762662352325712,0.741441228199243,0.718537257335097,0.6817040174800288,0.640786965881596,0.612218257682412,0.573144212920726,0.527129297554118,0.48835762229948604,0.4456129778673089,0.401287865184998,0.36283672619687796,0.33289596981555997,0.302167969346028,0.274093622536904,0.19961738033166398,0.13341971455074197,0.0917908850114952,0.0571651968291871,0.0136379470450261,0.0115241377121585,0.0271242877920357
0.834284284037266,0.9107344823457589,0.973788272276029,1.0,0.993821766465177,0.9705853176007401,0.92453401142242,0.876760023022338,0.8668792557293651,0.8403520240540642,0.7948021631631841,0.7721600648811391,0.747331889548886,0.707983901799023,0.6651908312697979,0.6375111278664339,0.598824686835849,0.5527458309498859,0.514863745810645,0.47261359811805204,0.428161733127157,0.38984180946036295,0.361208916901447,0.33093020834063,0.302837232978296,0.22820269186803602,0.160599922618466,0.11760741231147802,0.0838238169504219,0.0453693308703393,0.0223181671594739,0.00773045898093823
0.8024287704548471,0.8851065458643471,0.956756276908198,0.993821766465177,1.0,0.9904790746426558,0.958861896863765,0.921258682997233,0.910819187669828,0.8828837767621329,0.8349589665460029,0.8109017490864859,0.784475802511587,0.742796688686974,0.6978569818372821,0.6697896380399829,0.630125245504162,0.582613404820303,0.543144869253132,0.49883929930709203,0.452160589599073,0.41230396825701093,0.38374910112897603,0.353062721689915,0.32436289014783004,0.247795701873703,0.177806953929011,0.13306955228389802,0.0986815333898633,0.0611604440683759,0.038252314355467006,0.023610264442174
0.7831761972660258,0.864044110942902,0.934183860731727,0.9705853176007401,0.9904790746426558,1.0,0.9888115531642009,0.9658343356298001,0.9546462969893069,0.925096297639436,0.8745841521469679,0.84917589195925,0.8213123170187199,0.7774730109140559,0.7304632583018219,0.701808222220107,0.660977196462005,0.611863533744969,0.570247649241546,0.5233023746147779,0.473947134647294,0.43223482247151596,0.403611467356002,0.372456792877804,0.34313784257943497,0.26452108926997,0.19217764939895102,0.145769711774992,0.110556279973275,0.0731065477601556,0.0499445851075289,0.0350387343465685
0.745472030614609,0.8226397241039921,0.8896349111211851,0.92453401142242,0.958861896863765,0.9888115531642009,1.0,0.993365434668946,0.981606885939752,0.950942819641125,0.898713347354604,0.872387525752842,0.843565368428462,0.798328080983117,0.750086209566943,0.721410590342482,0.680193496160623,0.630400320233217,0.587352556157677,0.538556501765868,0.4873624051120479,0.4445363236557511,0.41645430652809595,0.38546218126512793,0.356102872142744,0.276955907114618,0.203616715561441,0.156396620143099,0.121046054018164,0.0844790068511996,0.0615400967506661,0.0466689482279828
0.706153326124631,0.779533596366753,0.8433352747381079,0.876760023022338,0.921258682997233,0.9658343356298001,0.993365434668946,1.0,0.9921549826000291,0.9655978899146679,0.917422340969222,0.8922342230679399,0.8634549700455241,0.817896769737251,0.769418806164612,0.741424470218645,0.7004926300582359,0.650629173592226,0.6065661156202011,0.5561882710497961,0.503331193163346,0.459726966579511,0.433081535684286,0.402884483331661,0.373925148142692,0.295355816776241,0.22160240033380402,0.173783655664591,0.13817645716493698,0.101582126968321,0.0782059779450559,0.0629117361355615
0.6967943712893,0.769699180319355,0.833253257713483,0.8668792557293651,0.910819187669828,0.9546462969893069,0.981606885939752,0.9921549826000291,1.0,0.990531367326385,0.9599700615820241,0.9404202380721111,0.913191943168399,0.868321317985738,0.820254832771469,0.79359889709915,0.752987296274527,0.702552084884689,0.656772461738889,0.6034707823164119,0.547247602894153,0.501939479604571,0.47792080867242703,0.44887670514665795,0.42022930730802,0.341800291861253,0.266029533727473,0.21614637196698602,0.17840193976401397,0.137642014048175,0.111000952831519,0.0933734583451134
0.673915958916395,0.7449802349082479,0.8071131052984258,0.8403520240540642,0.8828837767621329,0.925096297639436,0.950942819641125,0.9655978899146679,0.990531367326385,1.0,0.989334794609484,0.976330312670264,0.9512976246054978,0.9079935051505921,0.861248117721136,0.836544013781455,0.7970185021590079,0.7468674666851801,0.700030632312599,0.644481981487099,0.585578978407453,0.539219029516932,0.5185193366987689,0.49126659480592205,0.463479810964505,0.38662318062816203,0.31000726106003496,0.258759095041244,0.21935017923550199,0.17475281510901902,0.145008096342769,0.125137065461507
0.6356845597624721,0.7033242183819429,0.762662352325712,0.7948021631631841,0.8349589665460029,0.8745841521469679,0.898713347354604,0.917422340969222,0.9599700615820241,0.989334794609484,1.0,0.994209385683905,0.972024669511737,0.931279478594106,0.8869039180261409,0.8647823381496291,0.827227779059612,0.778416944390621,0.7314284739395991,0.6746462990902491,0.614119994038686,0.5676042462304239,0.550854666554865,0.526066977531074,0.49976879534913204,0.42617224793951,0.35024643839169894,0.298611436087596,0.258252733680733,0.210507563897763,0.17808595430681,0.156246113676173
0.6188003663811229,0.68420574382954,0.741441228199243,0.7721600648811391,0.8109017490864859,0.84917589195925,0.872387525752842,0.8922342230679399,0.9404202380721111,0.976330312670264,0.994209385683905,1.0,0.991247237323761,0.9640127321526658,0.929848863724033,0.9094156406042729,0.8726607423031558,0.8238432246186501,0.7789785849370949,0.723671794720265,0.6633944732456041,0.6169584411943771,0.6007976688228829,0.575437190567591,0.5480500295701249,0.47553261605867,0.39854832411034596,0.345337387390809,0.303698005748238,0.25377491810693104,0.219044371302617,0.195394340098012
0.601173257571594,0.6639060073319799,0.718537257335097,0.747331889548886,0.784475802511587,0.8213123170187199,0.843565368428462,0.8634549700455241,0.913191943168399,0.9512976246054978,0.972024669511737,0.991247237323761,1.0,0.9906729080010679,0.970053868850552,0.9513243429960621,0.915434839623606,0.8667161661093029,0.8252875042753359,0.772991389510182,0.71423093484798,0.6684619334301329,0.6520230774878679,0.625374242402046,0.596328004379313,0.525038299151713,0.44723416119256,0.392580304603352,0.349953158591973,0.298609562307104,0.26196342633193603,0.236731027819971
0.5719414078667121,0.6307637904248211,0.6817040174800288,0.707983901799023,0.742796688686974,0.7774730109140559,0.798328080983117,0.817896769737251,0.868321317985738,0.9079935051505921,0.931279478594106,0.9640127321526658,0.9906729080010679,1.0,0.9937396879001451,0.9771125090328209,0.9427751856495691,0.8950530640605929,0.857931484761372,0.809703020596018,0.753587092094772,0.709346930255374,0.692922889961613,0.6654335957516021,0.6352082831603101,0.566494703987109,0.48927294528043397,0.4341333036398621,0.391269331738279,0.33940230168869207,0.30145187801977097,0.275049553486088
0.5380682729970171,0.593160317595509,0.640786965881596,0.6651908312697979,0.6978569818372821,0.7304632583018219,0.750086209566943,0.769418806164612,0.820254832771469,0.861248117721136,0.8869039180261409,0.929848863724033,0.970053868850552,0.9937396879001451,1.0,0.9901846974720659,0.9621932345284341,0.9200777086274939,0.888291706732621,0.844065723709323,0.7905869713368459,0.7480934285367121,0.732492888109006,0.7048334382302959,0.673964749234565,0.6084272856997939,0.532163582048893,0.47674267665556697,0.43366810925616794,0.38097191460445895,0.34152367529724703,0.313825383622933
0.511062032338437,0.565019942357961,0.612218257682412,0.6375111278664339,0.6697896380399829,0.701808222220107,0.721410590342482,0.741424470218645,0.79359889709915,0.836544013781455,0.8647823381496291,0.9094156406042729,0.9513243429960621,0.9771125090328209,0.9901846974720659,1.0,0.990816501808668,0.9657978482405379,0.940932138993246,0.898799727971995,0.8459692953874859,0.804301607330619,0.791267337695668,0.7644224028106139,0.7334236398479371,0.6703747077240371,0.59348613673849,0.536488019821099,0.49181447914974896,0.43565132129801704,0.39287757104421006,0.36264093830230104
0.47538908356401793,0.527241905755635,0.573144212920726,0.598824686835849,0.630125245504162,0.660977196462005,0.680193496160623,0.7004926300582359,0.752987296274527,0.7970185021590079,0.827227779059612,0.8726607423031558,0.915434839623606,0.9427751856495691,0.9621932345284341,0.990816501808668,1.0,0.991988761835098,0.97428244633515,0.9349624248251059,0.8837460262106679,0.8436556148046941,0.8333475107718878,0.807792005633713,0.777246435333571,0.717782692573552,0.641725817206323,0.584266529369452,0.538880552108481,0.480412417805719,0.435220433988275,0.40309291953146204
0.434173586596705,0.483199386259466,0.527129297554118,0.5527458309498859,0.582613404820303,0.611863533744969,0.630400320233217,0.650629173592226,0.702552084884689,0.7468674666851801,0.778416944390621,0.8238432246186501,0.8667161661093029,0.8950530640605929,0.9200777086274939,0.9657978482405379,0.991988761835098,1.0,0.989276277089178,0.953236157331814,0.9043774441357879,0.86642578411527,0.858835684765169,0.8349088530672671,0.805293473689782,0.7501658454093639,0.6761478697704829,0.6192110370251589,0.573912454401726,0.5142608962508289,0.467559409262996,0.43419832769097405
0.39800603258786,0.445280729373144,0.48835762229948604,0.514863745810645,0.543144869253132,0.570247649241546,0.587352556157677,0.6065661156202011,0.656772461738889,0.700030632312599,0.7314284739395991,0.7789785849370949,0.8252875042753359,0.857931484761372,0.888291706732621,0.940932138993246,0.97428244633515,0.989276277089178,1.0,0.9868852998276179,0.956377104486745,0.929092088331585,0.917783819656546,0.8896741624127091,0.856060870426163,0.7922310785623179,0.709792431248907,0.647231466474136,0.599765182573225,0.542683126248715,0.49674640794964703,0.46359957279900893
0.35887442004190007,0.40389341054462297,0.4456129778673089,0.47261359811805204,0.49883929930709203,0.5233023746147779,0.538556501765868,0.5561882710497961,0.6034707823164119,0.644481981487099,0.6746462990902491,0.723671794720265,0.772991389510182,0.809703020596018,0.844065723709323,0.898799727971995,0.9349624248251059,0.953236157331814,0.9868852998276179,1.0,0.9909918250728771,0.9761885126996229,0.9599829202473779,0.9271024622157041,0.8892530552247779,0.815340872615111,0.724206091058625,0.656237888363615,0.607219856794569,0.5547118099776629,0.5110873181554629,0.4792543246628211
0.31927191712425107,0.36152412783417404,0.401287865184998,0.428161733127157,0.452160589599073,0.473947134647294,0.4873624051120479,0.503331193163346,0.547247602894153,0.585578978407453,0.614119994038686,0.6633944732456041,0.71423093484798,0.753587092094772,0.7905869713368459,0.8459692953874859,0.8837460262106679,0.9043774441357879,0.956377104486745,0.9909918250728771,1.0,0.995846374978944,0.97590009323742,0.939715553696099,0.89910448518971,0.818297598717408,0.72176073493824,0.650658285785589,0.601327768670343,0.5536587962015319,0.5128202407284339,0.48271037123444
0.284549497942601,0.32456285901214504,0.36283672619687796,0.38984180946036295,0.41230396825701093,0.43223482247151596,0.4445363236557511,0.459726966579511,0.501939479604571,0.539219029516932,0.5676042462304239,0.6169584411943771,0.6684619334301329,0.709346930255374,0.7480934285367121,0.804301607330619,0.8436556148046941,0.86642578411527,0.929092088331585,0.9761885126996229,0.995846374978944,1.0,0.9853704618551139,0.95321336123888,0.915595157617833,0.8355496111318291,0.7382637607948929,0.6663946818757591,0.617201797837233,0.571205768859754,0.530888758343612,0.5009415445314149
0.255672187796767,0.294748494731712,0.33289596981555997,0.361208916901447,0.38374910112897603,0.403611467356002,0.41645430652809595,0.433081535684286,0.47792080867242703,0.5185193366987689,0.550854666554865,0.6007976688228829,0.6520230774878679,0.692922889961613,0.732492888109006,0.791267337695668,0.8333475107718878,0.858835684765169,0.917783819656546,0.9599829202473779,0.97590009323742,0.9853704618551139,1.0,0.990787815223836,0.970728987558216,0.9092135240907471,0.820688821260086,0.752355920487402,0.7035625393416451,0.651100807913695,0.605126258172944,0.5709790059364621
0.227398336185367,0.264915808808711,0.302167969346028,0.33093020834063,0.353062721689915,0.372456792877804,0.38546218126512793,0.402884483331661,0.44887670514665795,0.49126659480592205,0.526066977531074,0.575437190567591,0.625374242402046,0.6654335957516021,0.7048334382302959,0.7644224028106139,0.807792005633713,0.8349088530672671,0.8896741624127091,0.9271024622157041,0.939715553696099,0.95321336123888,0.990787815223836,1.0,0.994312113789039,0.948802766326631,0.8690844127778641,0.804985275249416,0.757526056456768,0.7010197177899979,0.651507567054529,0.614734422268419
0.202221076474633,0.238027373099025,0.274093622536904,0.302837232978296,0.32436289014783004,0.34313784257943497,0.356102872142744,0.373925148142692,0.42022930730802,0.463479810964505,0.49976879534913204,0.5480500295701249,0.596328004379313,0.6352082831603101,0.673964749234565,0.7334236398479371,0.777246435333571,0.805293473689782,0.856060870426163,0.8892530552247779,0.89910448518971,0.915595157617833,0.970728987558216,0.994312113789039,1.0,0.967667437036529,0.8959059416005629,0.835965491008302,0.790169327947881,0.7312128483568481,0.6795588429435171,0.641196115654368
0.13559645252246302,0.16679049309830898,0.19961738033166398,0.22820269186803602,0.247795701873703,0.26452108926997,0.276955907114618,0.295355816776241,0.341800291861253,0.38662318062816203,0.42617224793951,0.47553261605867,0.525038299151713,0.566494703987109,0.6084272856997939,0.6703747077240371,0.717782692573552,0.7501658454093639,0.7922310785623179,0.815340872615111,0.818297598717408,0.8355496111318291,0.9092135240907471,0.948802766326631,0.967667437036529,1.0,0.978884549567013,0.9471444901217378,0.9179303707051469,0.862150531691332,0.8090800556400171,0.768665940064438
0.0783072346671197,0.10455617280582001,0.13341971455074197,0.160599922618466,0.177806953929011,0.19217764939895102,0.203616715561441,0.22160240033380402,0.266029533727473,0.31000726106003496,0.35024643839169894,0.39854832411034596,0.44723416119256,0.48927294528043397,0.532163582048893,0.59348613673849,0.641725817206323,0.6761478697704829,0.709792431248907,0.724206091058625,0.72176073493824,0.7382637607948929,0.820688821260086,0.8690844127778641,0.8959059416005629,0.978884549567013,1.0,0.992722573037489,0.9785266178214079,0.9284402082317091,0.876982615105726,0.836963130487077
0.0430131756879234,0.0658313193841307,0.0917908850114952,0.11760741231147802,0.13306955228389802,0.145769711774992,0.156396620143099,0.173783655664591,0.21614637196698602,0.258759095041244,0.298611436087596,0.345337387390809,0.392580304603352,0.4341333036398621,0.47674267665556697,0.536488019821099,0.584266529369452,0.6192110370251589,0.647231466474136,0.656237888363615,0.650658285785589,0.6663946818757591,0.752355920487402,0.804985275249416,0.835965491008302,0.9471444901217378,0.992722573037489,1.0,0.9949314088988159,0.949186647549068,0.899693816700355,0.8606958766281271
0.0106404539634862,0.0319265971184156,0.0571651968291871,0.0838238169504219,0.0986815333898633,0.110556279973275,0.121046054018164,0.13817645716493698,0.17840193976401397,0.21935017923550199,0.258252733680733,0.303698005748238,0.349953158591973,0.391269331738279,0.43366810925616794,0.49181447914974896,0.538880552108481,0.573912454401726,0.599765182573225,0.607219856794569,0.601327768670343,0.617201797837233,0.7035625393416451,0.757526056456768,0.790169327947881,0.9179303707051469,0.9785266178214079,0.9949314088988159,1.0,0.9723782273400641,0.932650084640088,0.8994493970069369
0.0361806623344237,0.0141359924970342,0.0136379470450261,0.0453693308703393,0.0611604440683759,0.0731065477601556,0.0844790068511996,0.101582126968321,0.137642014048175,0.17475281510901902,0.210507563897763,0.25377491810693104,0.298609562307104,0.33940230168869207,0.38097191460445895,0.43565132129801704,0.480412417805719,0.5142608962508289,0.542683126248715,0.5547118099776629,0.5536587962015319,0.571205768859754,0.651100807913695,0.7010197177899979,0.7312128483568481,0.862150531691332,0.9284402082317091,0.949186647549068,0.9723782273400641,1.0,0.991099091306933,0.9766113294706221
0.061993129956204006,0.040059345214102995,0.0115241377121585,0.0223181671594739,0.038252314355467006,0.0499445851075289,0.0615400967506661,0.0782059779450559,0.111000952831519,0.145008096342769,0.17808595430681,0.219044371302617,0.26196342633193603,0.30145187801977097,0.34152367529724703,0.39287757104421006,0.435220433988275,0.467559409262996,0.49674640794964703,0.5110873181554629,0.5128202407284339,0.530888758343612,0.605126258172944,0.651507567054529,0.6795588429435171,0.8090800556400171,0.876982615105726,0.899693816700355,0.932650084640088,0.991099091306933,1.0,0.9965423833740971
0.0775443262807061,0.0558774313244768,0.0271242877920357,0.00773045898093823,0.023610264442174,0.0350387343465685,0.0466689482279828,0.0629117361355615,0.0933734583451134,0.125137065461507,0.156246113676173,0.195394340098012,0.236731027819971,0.275049553486088,0.313825383622933,0.36264093830230104,0.40309291953146204,0.43419832769097405,0.46359957279900893,0.4792543246628211,0.48271037123444,0.5009415445314149,0.5709790059364621,0.614734422268419,0.641196115654368,0.768665940064438,0.836963130487077,0.8606958766281271,0.8994493970069369,0.9766113294706221,0.9965423833740971,1.0
