1.0,0.998186036109682,0.991934804504505,0.9798680788751569,0.9604459648188158,0.932111369206255,0.893534927097991,0.8439406096271129,0.7834324591604571,0.713191392650397,0.6354205483524921,0.616562972806819,0.613395423096749,0.6071657407856489,0.5979650813810771,0.586013132578977,0.571636527776744,0.5552366208649631,0.53725287710951,0.518128067908816,0.498279842420082,0.485787854095753,0.490996589801376,0.48452108266256505,0.4700505935943621,0.45124749411010795,0.43086067814009493,0.41061009460654707,0.391421150996202,0.37370682805577204,0.35758475875099505,0.343017358035055
0.998186036109682,1.0,0.9977663973954399,0.990110316604943,0.9754688106175101,0.952225090455364,0.9189457345778971,0.8747058775703279,0.8194273355920709,0.7540995218537428,0.680756157658098,0.6627346562190849,0.6592469345960921,0.6524677596958499,0.6424963436410329,0.629569985230953,0.614040787758121,0.5963409638601421,0.576943456746729,0.556324528423916,0.534933224622733,0.521145251123057,0.525407296933923,0.517278498423463,0.50075899435841,0.47977857035286703,0.4572637254163,0.43502963023635405,0.414040388077634,0.39471501920088997,0.377160811608589,0.3613229986718421
0.991934804504505,0.9977663973954399,1.0,0.9972702165732571,0.987995159002092,0.970498668687177,0.9432379558024009,0.905126942032299,0.855885588230113,0.796286625199731,0.72816716360412,0.711149844096982,0.707321688679889,0.69996161587928,0.6891773556745731,0.6752247394571729,0.6584826352660699,0.6394156594671779,0.6185318921496429,0.5963427321573871,0.573330154212361,0.558162780547115,0.5613563381081861,0.55142766348127,0.532704841232266,0.509397676735565,0.484617302268738,0.46027683319055995,0.43737921344406394,0.41634838510089894,0.39727970243765004,0.38009956772387604
0.9798680788751569,0.990110316604943,0.9972702165732571,1.0,0.996705065690607,0.9856523436277058,0.9651861722544549,0.934047919780872,0.8917358783520349,0.8387792475740391,0.77678826018499,0.7609694006454591,0.7567848419098749,0.748820925782606,0.737194237556244,0.722179763970956,0.7041839883458391,0.6837049296984179,0.6612868659529321,0.6374773764891329,0.6127923290479449,0.596179060674463,0.598174942187652,0.586308357229504,0.565247390843696,0.539489487836651,0.512333694378864,0.485791445027441,0.460903402956815,0.438096746691074,0.417453143616594,0.39887856330605603
0.9604459648188158,0.9754688106175101,0.987995159002092,0.996705065690607,1.0,0.9960952822664499,0.9832216820220699,0.9599389397659929,0.9255050033594521,0.880178224198411,0.8253094767622149,0.810906676089009,0.8063569461989929,0.7977798331750269,0.7853009160817059,0.7692144930490451,0.749954824387819,0.728053487414393,0.704091097710717,0.678651532533122,0.652284644254673,0.634187625734483,0.6348553056137789,0.6209346204624521,0.597437764936217,0.569149849079192,0.539555578582327,0.510761731951059,0.483843857219531,0.459229999651796,0.4369862776818279,0.416996807468643
0.932111369206255,0.952225090455364,0.970498668687177,0.9856523436277058,0.9960952822664499,1.0,0.995486906651363,0.980928840642608,0.95532770788554,0.918645122001475,0.8719395416784671,0.85918593058862,0.8542728155423109,0.845092525209499,0.831779487129553,0.814646814146501,0.7941557471327328,0.77087040757358,0.745406613041019,0.7183833750485641,0.690383417277562,0.670806989304922,0.67002399769416,0.6539718252269351,0.6279996631053311,0.59716988262165,0.5651431648615289,0.534114282639649,0.50518869712518,0.47879219046472,0.454973461668989,0.43359370882626797
0.893534927097991,0.9189457345778971,0.9432379558024009,0.9651861722544549,0.9832216820220699,0.995486906651363,1.0,0.994947068860551,0.979063488284184,0.9519922368827091,0.9144682302138141,0.9035984544377321,0.8983375243836971,0.8885888302638509,0.874495140108805,0.856387063751698,0.834750826439583,0.8101806183388509,0.783324732356413,0.754834554712975,0.725323067387854,0.7043269101971371,0.70199138292283,0.683787852193407,0.655381160197081,0.622087616848154,0.5877251768805649,0.554564082706855,0.5237323207667729,0.49564953182409993,0.47034526621758704,0.44765729595652404
0.8439406096271129,0.8747058775703279,0.905126942032299,0.934047919780872,0.9599389397659929,0.980928840642608,0.994947068860551,1.0,0.9945534542055279,0.9779168106150429,0.9504754614370741,0.9417055626669749,0.936128355425356,0.9258741107909391,0.91109301775531,0.8921309484185329,0.8694957824303899,0.843807682389526,0.81574292811277,0.7859807558689341,0.7551601359998791,0.7328682829106641,0.7289131631083541,0.708612445550937,0.677909251336931,0.642336304358328,0.6058404294612629,0.570749402869736,0.5382039567327921,0.508613110286023,0.48198586462339094,0.458136801850954
0.7834324591604571,0.8194273355920709,0.855885588230113,0.8917358783520349,0.9255050033594521,0.95532770788554,0.979063488284184,0.9945534542055279,1.0,0.9943735739002009,0.9776926015598041,0.971196387920696,0.96535048007749,0.9546810543424201,0.939344397696013,0.919698528156634,0.8962683748761179,0.8696944320344621,0.8406748022825099,0.809910371033989,0.7780602556557791,0.754661665633485,0.74906750875117,0.726806724029843,0.6940477741568829,0.656488889611862,0.618168477661951,0.581449152561787,0.5474726811947059,0.516632683149073,0.48891673077097497,0.46411731485047997
0.713191392650397,0.7540995218537428,0.796286625199731,0.8387792475740391,0.880178224198411,0.918645122001475,0.9519922368827091,0.9779168106150429,0.9943735739002009,1.0,0.99444134858124,0.9903284670943759,0.984274721513256,0.9733024248126421,0.9575723170975129,0.9374507645144642,0.9134741649681999,0.8862965271490291,0.8566303408059859,0.825190670863972,0.7926497537586931,0.768387523629991,0.761190000419963,0.737185607577759,0.70270297798603,0.663544948716579,0.623797928871972,0.5858335684174101,0.550781941547002,0.5190166231201779,0.490503545450118,0.465015063390991
0.6354205483524921,0.680756157658098,0.72816716360412,0.77678826018499,0.8253094767622149,0.8719395416784671,0.9144682302138141,0.9504754614370741,0.9776926015598041,0.99444134858124,1.0,0.9983019563733729,0.9921091315424141,0.980958142529396,0.965012363294778,0.9446423724064091,0.9203899859603091,0.8929153527720509,0.862937317914168,0.831177066582343,0.7983123790173822,0.7734622641213392,0.7647512945552478,0.739281474886232,0.7034700715467641,0.6631591895294251,0.622437382303409,0.583658834409452,0.547929396128487,0.515598552543984,0.486611106196132,0.46072193581965
0.616562972806819,0.6627346562190849,0.711149844096982,0.7609694006454591,0.810906676089009,0.85918593058862,0.9035984544377321,0.9417055626669749,0.971196387920696,0.9903284670943759,0.9983019563733729,1.0,0.997536008708565,0.990105918329687,0.9778179275036071,0.96099097930231,0.9401223015948861,0.9158369693423148,0.8888294358490871,0.859807086262777,0.829443415122188,0.8061708143712869,0.796113688868009,0.7686950745192191,0.730634854967539,0.6880228184232672,0.6451038458743531,0.604309579446253,0.5667714982532901,0.5328361526919491,0.502432067320674,0.47529310108954603
0.613395423096749,0.6592469345960921,0.707321688679889,0.7567848419098749,0.8063569461989929,0.8542728155423109,0.8983375243836971,0.936128355425356,0.96535048007749,0.984274721513256,0.9921091315424141,0.997536008708565,1.0,0.997510784899365,0.9901033056153772,0.9780269248833691,0.9617177434805809,0.9417516525489129,0.918787679423673,0.8935116874447379,0.8665883532061629,0.8456086068665419,0.834259515482333,0.8047863922942879,0.764263416537254,0.7190788031933659,0.673671534639579,0.630574129761369,0.590956127177586,0.555166537883626,0.5231189817780441,0.49452558166904903
0.6071657407856489,0.6524677596958499,0.69996161587928,0.748820925782606,0.7977798331750269,0.845092525209499,0.8885888302638509,0.9258741107909391,0.9546810543424201,0.9733024248126421,0.980958142529396,0.990105918329687,0.997510784899365,1.0,0.9975347023514021,0.9902930812765419,0.9786476331908299,0.9631219548802571,0.9443361944916031,0.92295117797508,0.89961941838489,0.881048398573121,0.8684571104193771,0.837065358998629,0.794268296978208,0.7467223654123331,0.699039594842784,0.6538413193887591,0.6123295235826939,0.5748539584572371,0.5413136921943571,0.511400430157559
0.5979650813810771,0.6424963436410329,0.6891773556745731,0.737194237556244,0.7853009160817059,0.831779487129553,0.874495140108805,0.91109301775531,0.939344397696013,0.9575723170975129,0.965012363294778,0.9778179275036071,0.9901033056153772,0.9975347023514021,1.0,0.997605676097624,0.990659087547096,0.9796292004086429,0.9650944055367121,0.9476873457593441,0.928045204023872,0.911963113125913,0.89819783593252,0.8650518395868051,0.8202031555155659,0.7705422609908609,0.7208306072375579,0.673764960371598,0.6305736539222879,0.591605446741589,0.5567454241460601,0.525666496017992
0.586013132578977,0.629569985230953,0.6752247394571729,0.722179763970956,0.7692144930490451,0.814646814146501,0.856387063751698,0.8921309484185329,0.919698528156634,0.9374507645144642,0.9446423724064091,0.96099097930231,0.9780269248833691,0.9902930812765419,0.997605676097624,1.0,0.9977177310708241,0.9911717335619878,0.9808964556614479,0.9674937134103342,0.951582507943629,0.9380308795615708,0.92317501781764,0.8884600754148979,0.8418058276414759,0.79030015953243,0.738828810206144,0.690149876375684,0.6455117335954621,0.60526048052134,0.5692679764458161,0.5371901858254929
0.571636527776744,0.614040787758121,0.6584826352660699,0.7041839883458391,0.749954824387819,0.7941557471327328,0.834750826439583,0.8694957824303899,0.8962683748761179,0.9134741649681999,0.9203899859603091,0.9401223015948861,0.9617177434805809,0.9786476331908299,0.990659087547096,0.9977177310708241,1.0,0.9978620763453291,0.9917930358808009,0.982361816644819,0.970166808256544,0.9591483970097041,0.943296379932957,0.9072099835872119,0.8590084200815129,0.805939567160283,0.752987940120613,0.7029587733168461,0.657114242827291,0.615796251071873,0.5788643361607699,0.5459595073675391
0.5552366208649631,0.5963409638601421,0.6394156594671779,0.6837049296984179,0.728053487414393,0.77087040757358,0.8101806183388509,0.843807682389526,0.8696944320344621,0.8862965271490291,0.8929153527720509,0.9158369693423148,0.9417516525489129,0.9631219548802571,0.9796292004086429,0.9911717335619878,0.9978620763453291,1.0,0.998028538580438,0.992482334532333,0.9839372265333441,0.9754186003850409,0.9586713167189179,0.9214143612746559,0.8719246865473861,0.817573520519466,0.7634193161919459,0.712300738088037,0.665487833168433,0.623316956113245,0.585636329995051,0.5520740495404929
0.53725287710951,0.576943456746729,0.6185318921496429,0.6612868659529321,0.704091097710717,0.745406613041019,0.783324732356413,0.81574292811277,0.8406748022825099,0.8566303408059859,0.862937317914168,0.8888294358490871,0.918787679423673,0.9443361944916031,0.9650944055367121,0.9808964556614479,0.9917930358808009,0.998028538580438,1.0,0.9982069761323191,0.993201332033471,0.9871175840763841,0.9695779580071909,0.9313468334198871,0.880819333079841,0.825455474816493,0.770364357501075,0.7184053249727159,0.670850871389371,0.628030670146402,0.589782689089684,0.5557241175960029
0.518128067908816,0.556324528423916,0.5963427321573871,0.6374773764891329,0.678651532533122,0.7183833750485641,0.754834554712975,0.7859807558689341,0.809910371033989,0.825190670863972,0.831177066582343,0.859807086262777,0.8935116874447379,0.92295117797508,0.9476873457593441,0.9674937134103342,0.982361816644819,0.992482334532333,0.9982069761323191,1.0,0.99838838007626,0.9946491572575301,0.976418290087457,0.93739851837264,0.886066828295871,0.8299405154348309,0.774158213430772,0.7215884852404991,0.673501484779151,0.6302193024376271,0.5915707206877829,0.557163934471799
0.498279842420082,0.534933224622733,0.573330154212361,0.6127923290479449,0.652284644254673,0.690383417277562,0.725323067387854,0.7551601359998791,0.7780602556557791,0.7926497537586931,0.7983123790173822,0.829443415122188,0.8665883532061629,0.89961941838489,0.928045204023872,0.951582507943629,0.970166808256544,0.9839372265333441,0.993201332033471,0.99838838007626,1.0,0.998496023955528,0.9796701586524691,0.940031881888337,0.8881077228439559,0.8314443883280259,0.775191497041328,0.7222168531278442,0.673784185456004,0.630207328271705,0.591306922320727,0.556683932348297
0.485787854095753,0.521145251123057,0.558162780547115,0.596179060674463,0.634187625734483,0.670806989304922,0.7043269101971371,0.7328682829106641,0.754661665633485,0.768387523629991,0.7734622641213392,0.8061708143712869,0.8456086068665419,0.881048398573121,0.911963113125913,0.9380308795615708,0.9591483970097041,0.9754186003850409,0.9871175840763841,0.9946491572575301,0.998496023955528,1.0,0.986917962618699,0.952366011181862,0.9046990932331429,0.851471567022591,0.7979386334750441,0.747102864421146,0.7003546647108659,0.658112912436907,0.620280293019205,0.586520064244436
0.490996589801376,0.525407296933923,0.5613563381081861,0.598174942187652,0.6348553056137789,0.67002399769416,0.70199138292283,0.7289131631083541,0.74906750875117,0.761190000419963,0.7647512945552478,0.796113688868009,0.834259515482333,0.8684571104193771,0.89819783593252,0.92317501781764,0.943296379932957,0.9586713167189179,0.9695779580071909,0.976418290087457,0.9796701586524691,0.986917962618699,1.0,0.989073336081768,0.9615531292542521,0.92487817897129,0.884675459728743,0.84449568915335,0.806272950404398,0.7708915399274141,0.7386260911650601,0.7094274878450679
0.48452108266256505,0.517278498423463,0.55142766348127,0.586308357229504,0.6209346204624521,0.6539718252269351,0.683787852193407,0.708612445550937,0.726806724029843,0.737185607577759,0.739281474886232,0.7686950745192191,0.8047863922942879,0.837065358998629,0.8650518395868051,0.8884600754148979,0.9072099835872119,0.9214143612746559,0.9313468334198871,0.93739851837264,0.940031881888337,0.952366011181862,0.989073336081768,1.0,0.9915320818662059,0.970832446010169,0.943739224878155,0.914223094278431,0.884671013619033,0.856372622409269,0.829936381432135,0.805577307016494
0.4700505935943621,0.50075899435841,0.532704841232266,0.565247390843696,0.597437764936217,0.6279996631053311,0.655381160197081,0.677909251336931,0.6940477741568829,0.70270297798603,0.7034700715467641,0.730634854967539,0.764263416537254,0.794268296978208,0.8202031555155659,0.8418058276414759,0.8590084200815129,0.8719246865473861,0.880819333079841,0.886066828295871,0.8881077228439559,0.9046990932331429,0.9615531292542521,0.9915320818662059,1.0,0.9937470874103209,0.9786918508569771,0.9591030544567171,0.93772339656701,0.916176238706759,0.895353091978122,0.875697749442333
0.45124749411010795,0.47977857035286703,0.509397676735565,0.539489487836651,0.569149849079192,0.59716988262165,0.622087616848154,0.642336304358328,0.656488889611862,0.663544948716579,0.6631591895294251,0.6880228184232672,0.7190788031933659,0.7467223654123331,0.7705422609908609,0.79030015953243,0.805939567160283,0.817573520519466,0.825455474816493,0.8299405154348309,0.8314443883280259,0.851471567022591,0.92487817897129,0.970832446010169,0.9937470874103209,1.0,0.9954986973092851,0.984710466250936,0.9706467487585408,0.9551958685309342,0.939480636204935,0.924135539516803
0.43086067814009493,0.4572637254163,0.484617302268738,0.512333694378864,0.539555578582327,0.5651431648615289,0.5877251768805649,0.6058404294612629,0.618168477661951,0.623797928871972,0.622437382303409,0.6451038458743531,0.673671534639579,0.699039594842784,0.7208306072375579,0.738828810206144,0.752987940120613,0.7634193161919459,0.770364357501075,0.774158213430772,0.775191497041328,0.7979386334750441,0.884675459728743,0.943739224878155,0.9786918508569771,0.9954986973092851,1.0,0.996787737797315,0.989071930098427,0.9789472849145799,0.967721932339185,0.956186003037131
0.41061009460654707,0.43502963023635405,0.46027683319055995,0.485791445027441,0.510761731951059,0.534114282639649,0.554564082706855,0.570749402869736,0.581449152561787,0.5858335684174101,0.583658834409452,0.604309579446253,0.630574129761369,0.6538413193887591,0.673764960371598,0.690149876375684,0.7029587733168461,0.712300738088037,0.7184053249727159,0.7215884852404991,0.7222168531278442,0.747102864421146,0.84449568915335,0.914223094278431,0.9591030544567171,0.984710466250936,0.996787737797315,1.0,0.997702556286851,0.9921498208555999,0.9847973480272522,0.9765612491822891
0.391421150996202,0.414040388077634,0.43737921344406394,0.460903402956815,0.483843857219531,0.50518869712518,0.5237323207667729,0.5382039567327921,0.5474726811947059,0.550781941547002,0.547929396128487,0.5667714982532901,0.590956127177586,0.6123295235826939,0.6305736539222879,0.6455117335954621,0.657114242827291,0.665487833168433,0.670850871389371,0.673501484779151,0.673784185456004,0.7003546647108659,0.806272950404398,0.884671013619033,0.93772339656701,0.9706467487585408,0.989071930098427,0.997702556286851,1.0,0.9983424649191719,0.994302911629113,0.9888994239502091
0.37370682805577204,0.39471501920088997,0.41634838510089894,0.438096746691074,0.459229999651796,0.47879219046472,0.49564953182409993,0.508613110286023,0.516632683149073,0.5190166231201779,0.515598552543984,0.5328361526919491,0.555166537883626,0.5748539584572371,0.591605446741589,0.60526048052134,0.615796251071873,0.623316956113245,0.628030670146402,0.6302193024376271,0.630207328271705,0.658112912436907,0.7708915399274141,0.856372622409269,0.916176238706759,0.9551958685309342,0.9789472849145799,0.9921498208555999,0.9983424649191719,1.0,0.998789449511471,0.9958118513201291
0.35758475875099505,0.377160811608589,0.39727970243765004,0.417453143616594,0.4369862776818279,0.454973461668989,0.47034526621758704,0.48198586462339094,0.48891673077097497,0.490503545450118,0.486611106196132,0.502432067320674,0.5231189817780441,0.5413136921943571,0.5567454241460601,0.5692679764458161,0.5788643361607699,0.585636329995051,0.589782689089684,0.5915707206877829,0.591306922320727,0.620280293019205,0.7386260911650601,0.829936381432135,0.895353091978122,0.939480636204935,0.967721932339185,0.9847973480272522,0.994302911629113,0.998789449511471,1.0,0.9991036082813141
0.343017358035055,0.3613229986718421,0.38009956772387604,0.39887856330605603,0.416996807468643,0.43359370882626797,0.44765729595652404,0.458136801850954,0.46411731485047997,0.465015063390991,0.46072193581965,0.47529310108954603,0.49452558166904903,0.511400430157559,0.525666496017992,0.5371901858254929,0.5459595073675391,0.5520740495404929,0.5557241175960029,0.557163934471799,0.556683932348297,0.586520064244436,0.7094274878450679,0.805577307016494,0.875697749442333,0.924135539516803,0.956186003037131,0.9765612491822891,0.9888994239502091,0.9958118513201291,0.9991036082813141,1.0
