1.0,0.691070890558981,0.5527809513164511,0.463145512988832,0.40996622568384605,0.36589930608354904,0.34881076893514,0.318371207017255,0.307912748112166,0.29659756235428997,0.290026941561367,0.282852352328271,0.27237381734865196,0.268626823829807,0.257697433686411,0.27170764823245896,0.275502652524317,0.275179039380698,0.266010802870808,0.266203416086536,0.257341543886553,0.246320009897696,0.237135430060753,0.22484116367173396,0.218261111693939,0.21346963513707395,0.179255605006621,0.17351519577389804,0.14473183493885097,0.13674584052481098,0.10646487958304401,0.10098273180554099
0.691070890558981,1.0,0.8468390413013961,0.7149034539964699,0.64772793684481,0.601280836340227,0.57253020863184,0.520993803265616,0.498640367866311,0.48109464579963795,0.476217179763313,0.462448831683596,0.436004419229198,0.43048011814280396,0.410140970525716,0.41807509980007,0.413784647542575,0.40002702423634706,0.39149495856045596,0.39476124063156603,0.381526268684748,0.374923784977224,0.365402301908892,0.34291981021314005,0.32835561272231895,0.316625995958156,0.27070210151852897,0.24872837067777698,0.190083366455669,0.14335270168632502,0.12900197843068,0.11286641838770099
0.5527809513164511,0.8468390413013961,1.0,0.9076876619930621,0.8134039996004091,0.762939451739476,0.7319208783493921,0.6792289615813532,0.655382426024635,0.633608805957399,0.6237248300040821,0.6117219033622869,0.585955529115303,0.577844736993194,0.55500195686261,0.5539266558795028,0.546188755656012,0.53141742174026,0.520373820588011,0.5219496288684221,0.505533529675242,0.4935112930454911,0.478372138282002,0.44725125976374996,0.4199565715043811,0.40071254820288504,0.351317267939857,0.32655165821348603,0.26493005343598197,0.197318397166874,0.15737213651644,0.12638680119663698
0.463145512988832,0.7149034539964699,0.9076876619930621,1.0,0.9285639698782259,0.87279174415134,0.8200209561236941,0.77770947060093,0.7504465145195881,0.7245675857294351,0.7119507121770279,0.6974181225096341,0.6755286225489089,0.669486651834535,0.642052118556424,0.638662447779803,0.6326129106535999,0.621928774271406,0.609320008934185,0.6062915055421689,0.591788609671935,0.575467852864861,0.553159071199263,0.519981592381012,0.493486704797379,0.475424825374592,0.421495099872137,0.389918621384798,0.319155447780115,0.24748067217127498,0.203693017864767,0.18780161214723398
0.40996622568384605,0.64772793684481,0.8134039996004091,0.9285639698782259,1.0,0.939381466827137,0.8803051142102121,0.8337845154650159,0.8001755670355409,0.77228540054657,0.7539977293856609,0.734524670565875,0.7106178329171,0.7028308115233209,0.67780758452453,0.672384261032239,0.665115173342109,0.652363603618268,0.638776105329678,0.6329129936556751,0.623880925743788,0.6053460923472199,0.5825857410717529,0.5518726873077889,0.5274429454830271,0.505508656055934,0.44648047545154707,0.41046133219553604,0.33178888918147104,0.259586561805888,0.21486865093276103,0.19716142931801103
0.36589930608354904,0.601280836340227,0.762939451739476,0.87279174415134,0.939381466827137,1.0,0.9533682154556792,0.9014003972702341,0.868630202360985,0.837650715517166,0.8145999912790971,0.7928764061385329,0.765882926881804,0.7592972366505679,0.7362646937158801,0.726820197805251,0.716771092424932,0.7015337621441579,0.687318576118923,0.6807482598005301,0.671960893181406,0.649862328854114,0.624770962193815,0.59118542824919,0.564715128986056,0.536265427444413,0.47995526155160906,0.451010747527405,0.36320401639754496,0.288574403937154,0.22789770756624103,0.21584808953531398
0.34881076893514,0.57253020863184,0.7319208783493921,0.8200209561236941,0.8803051142102121,0.9533682154556792,1.0,0.9568925301312471,0.922859582403321,0.8852990881762091,0.856435393953505,0.829005318670114,0.803019578543365,0.795094420828995,0.772470067401895,0.7635985952777841,0.7510975055591791,0.7325446886540699,0.7190373314420121,0.716006374911053,0.700613463308946,0.676481078112028,0.65266808272475,0.6204082283755551,0.589845159784351,0.5596438478766229,0.503464607384663,0.480182640944966,0.38428599200006996,0.3128713538906,0.251637176961091,0.23677278574864202
0.318371207017255,0.520993803265616,0.6792289615813532,0.77770947060093,0.8337845154650159,0.9014003972702341,0.9568925301312471,1.0,0.9713338744624509,0.9304458822943249,0.90238252424885,0.869559903691458,0.8444905354963059,0.83219468144445,0.8104995498694971,0.799723694362686,0.784896947451362,0.7649710434535558,0.7486022516319509,0.7452116770903779,0.7306521012255891,0.7051844797864291,0.679012713159746,0.6438216209624971,0.610137088703477,0.57860043284905,0.522717720682393,0.49694866598324106,0.397957139355021,0.322366907522252,0.258740241788605,0.24970544037553102
0.307912748112166,0.498640367866311,0.655382426024635,0.7504465145195881,0.8001755670355409,0.868630202360985,0.922859582403321,0.9713338744624509,1.0,0.970789494419752,0.9408729736880881,0.904525249251103,0.8765130083448209,0.8611605493504441,0.8393803506608241,0.827833074611365,0.8100955838420171,0.7901815432095071,0.774408057445163,0.7692272061882579,0.7523538580625359,0.7263080823849191,0.698682697368768,0.665555497672693,0.630158551457501,0.598455732223217,0.54033425942057,0.510679012527645,0.41179906876430394,0.33070912937574,0.261849114080242,0.254587305254899
0.29659756235428997,0.48109464579963795,0.633608805957399,0.7245675857294351,0.77228540054657,0.837650715517166,0.8852990881762091,0.9304458822943249,0.970789494419752,1.0,0.968703541104572,0.93288122565978,0.9037543811898578,0.8863456535401442,0.865045119289332,0.8494614936017801,0.8275975140319781,0.804489943552243,0.7940850514453142,0.7842454127435871,0.7656131238564821,0.743113458093502,0.716003698435823,0.6812960231544039,0.647443163005912,0.615501485261684,0.5554790546521191,0.518260079651902,0.415896633171155,0.33170906259456,0.25466169261588195,0.253238962913506
0.290026941561367,0.476217179763313,0.6237248300040821,0.7119507121770279,0.7539977293856609,0.8145999912790971,0.856435393953505,0.90238252424885,0.9408729736880881,0.968703541104572,1.0,0.975419501239615,0.9492632641275122,0.9281415700721399,0.9049540763319671,0.887559811748076,0.8670677442842629,0.8436814106404771,0.832520038916585,0.81948404539534,0.7999258468670329,0.7784507709988271,0.750847791751022,0.7213534602674091,0.689033705835575,0.648165309122845,0.585030588319597,0.545650644222615,0.432728787889288,0.33805410117552304,0.258398980498328,0.252532455284382
0.282852352328271,0.462448831683596,0.6117219033622869,0.6974181225096341,0.734524670565875,0.7928764061385329,0.829005318670114,0.869559903691458,0.904525249251103,0.93288122565978,0.975419501239615,1.0,0.9812540205895559,0.9560830016938271,0.9284016212062549,0.9080450770156171,0.8858758992676179,0.8594722699874449,0.846937580197875,0.831368702705867,0.813194771891995,0.7897418093518299,0.76022655311804,0.729450307329806,0.697494517638475,0.6574927000857261,0.5906274539175639,0.552046748216197,0.43841015095056496,0.333246644438439,0.258072999097346,0.25830493277278
0.27237381734865196,0.436004419229198,0.585955529115303,0.6755286225489089,0.7106178329171,0.765882926881804,0.803019578543365,0.8444905354963059,0.8765130083448209,0.9037543811898578,0.9492632641275122,0.9812540205895559,1.0,0.979505725630042,0.9501794118043609,0.92842036950287,0.906002538900502,0.876646290929917,0.8614747507048349,0.8409980738343179,0.824892664645955,0.800711364011191,0.769174225911261,0.741216227182507,0.7090488156563729,0.671127213704018,0.601811400226931,0.56480680857428,0.464116591282885,0.347540470720628,0.266787079245089,0.256499343196783
0.268626823829807,0.43048011814280396,0.577844736993194,0.669486651834535,0.7028308115233209,0.7592972366505679,0.795094420828995,0.83219468144445,0.8611605493504441,0.8863456535401442,0.9281415700721399,0.9560830016938271,0.979505725630042,1.0,0.979162239934184,0.957063411266994,0.93348844063936,0.9015858784374641,0.8836265139574692,0.861076778018026,0.843643305951727,0.816328660005873,0.7843222034456571,0.7600640477593359,0.7243459622629559,0.690017279025374,0.612587311877438,0.578641131802995,0.489922190847449,0.36976343519636207,0.27353949661553,0.254997995425947
0.257697433686411,0.410140970525716,0.55500195686261,0.642052118556424,0.67780758452453,0.7362646937158801,0.772470067401895,0.8104995498694971,0.8393803506608241,0.865045119289332,0.9049540763319671,0.9284016212062549,0.9501794118043609,0.979162239934184,1.0,0.978804702500581,0.9540762513271891,0.9221006831921059,0.902553709927251,0.8791101638283401,0.8604437602177879,0.833145890940578,0.8033507555133399,0.777860973116489,0.740262071550428,0.706433419271905,0.628541550456933,0.5899526116500191,0.502320160486388,0.39039380814344504,0.28623192872191905,0.27069043976747
0.27170764823245896,0.41807509980007,0.5539266558795028,0.638662447779803,0.672384261032239,0.726820197805251,0.7635985952777841,0.799723694362686,0.827833074611365,0.8494614936017801,0.887559811748076,0.9080450770156171,0.92842036950287,0.957063411266994,0.978804702500581,1.0,0.98203203862708,0.950701792369772,0.9280442334157041,0.9032638704618711,0.883443620637654,0.854876311872645,0.8259958652458259,0.800692443649503,0.762333003547728,0.724260297491485,0.6405624441684239,0.601721475678012,0.510041772622309,0.39654295746697404,0.296359162751712,0.29740955627300897
0.275502652524317,0.413784647542575,0.546188755656012,0.6326129106535999,0.665115173342109,0.716771092424932,0.7510975055591791,0.784896947451362,0.8100955838420171,0.8275975140319781,0.8670677442842629,0.8858758992676179,0.906002538900502,0.93348844063936,0.9540762513271891,0.98203203862708,1.0,0.976950767554273,0.9528961560645091,0.9282420912621809,0.906570237391115,0.8790760209087,0.8494608633544231,0.8215642194321379,0.780020312553586,0.7412590356768051,0.649160756078161,0.6150379775803431,0.520138985918527,0.404729285714048,0.309983157420771,0.30602094482812
0.275179039380698,0.40002702423634706,0.53141742174026,0.621928774271406,0.652363603618268,0.7015337621441579,0.7325446886540699,0.7649710434535558,0.7901815432095071,0.804489943552243,0.8436814106404771,0.8594722699874449,0.876646290929917,0.9015858784374641,0.9221006831921059,0.950701792369772,0.976950767554273,1.0,0.9781913502188009,0.9540068797240451,0.9314061261708191,0.9007365414111851,0.8711894389806459,0.841178126292997,0.798565970962317,0.752631456941316,0.6616094587892161,0.6267496522860129,0.536016448697437,0.425227093461096,0.330736605094401,0.32861092638283
0.266010802870808,0.39149495856045596,0.520373820588011,0.609320008934185,0.638776105329678,0.687318576118923,0.7190373314420121,0.7486022516319509,0.774408057445163,0.7940850514453142,0.832520038916585,0.846937580197875,0.8614747507048349,0.8836265139574692,0.902553709927251,0.9280442334157041,0.9528961560645091,0.9781913502188009,1.0,0.9815606580414671,0.956433186787913,0.930777129930511,0.898437372771066,0.8704957205816279,0.833825295821978,0.788736404934365,0.7122158666225951,0.6692381115111221,0.559946052283298,0.43402906942556,0.33515241148192304,0.322924866206926
0.266203416086536,0.39476124063156603,0.5219496288684221,0.6062915055421689,0.6329129936556751,0.6807482598005301,0.716006374911053,0.7452116770903779,0.7692272061882579,0.7842454127435871,0.81948404539534,0.831368702705867,0.8409980738343179,0.861076778018026,0.8791101638283401,0.9032638704618711,0.9282420912621809,0.9540068797240451,0.9815606580414671,1.0,0.9778290085418391,0.9478724592881541,0.912175991791366,0.882123610282283,0.840638938227347,0.7947550692959441,0.7155901215727299,0.6752535422881961,0.5640204034823659,0.4328301502088971,0.339726249369857,0.33117288848302395
0.257341543886553,0.381526268684748,0.505533529675242,0.591788609671935,0.623880925743788,0.671960893181406,0.700613463308946,0.7306521012255891,0.7523538580625359,0.7656131238564821,0.7999258468670329,0.813194771891995,0.824892664645955,0.843643305951727,0.8604437602177879,0.883443620637654,0.906570237391115,0.9314061261708191,0.956433186787913,0.9778290085418391,1.0,0.974930545177777,0.9385373015550071,0.9056027342207611,0.862088114494135,0.812369541743516,0.7380889908102142,0.6984557169925021,0.5785852531424891,0.4432825612261721,0.355555017908443,0.33832618479234
0.246320009897696,0.374923784977224,0.4935112930454911,0.575467852864861,0.6053460923472199,0.649862328854114,0.676481078112028,0.7051844797864291,0.7263080823849191,0.743113458093502,0.7784507709988271,0.7897418093518299,0.800711364011191,0.816328660005873,0.833145890940578,0.854876311872645,0.8790760209087,0.9007365414111851,0.930777129930511,0.9478724592881541,0.974930545177777,1.0,0.975809854553521,0.9446495567836659,0.9081113942427941,0.8581931440917622,0.7890692649843108,0.7400343077369209,0.609080350085052,0.45747894163184294,0.367743626437171,0.33670900113693103
0.237135430060753,0.365402301908892,0.478372138282002,0.553159071199263,0.5825857410717529,0.624770962193815,0.65266808272475,0.679012713159746,0.698682697368768,0.716003698435823,0.750847791751022,0.76022655311804,0.769174225911261,0.7843222034456571,0.8033507555133399,0.8259958652458259,0.8494608633544231,0.8711894389806459,0.898437372771066,0.912175991791366,0.9385373015550071,0.975809854553521,1.0,0.972617386210495,0.9355692430741629,0.882264307803022,0.809474687810769,0.7557473537169921,0.624087147337249,0.455105771317478,0.36909981103609396,0.34259261326773705
0.22484116367173396,0.34291981021314005,0.44725125976374996,0.519981592381012,0.5518726873077889,0.59118542824919,0.6204082283755551,0.6438216209624971,0.665555497672693,0.6812960231544039,0.7213534602674091,0.729450307329806,0.741216227182507,0.7600640477593359,0.777860973116489,0.800692443649503,0.8215642194321379,0.841178126292997,0.8704957205816279,0.882123610282283,0.9056027342207611,0.9446495567836659,0.972617386210495,1.0,0.968932582108721,0.915492869758193,0.843076268112368,0.7828841366472808,0.64929886333637,0.4758988699647199,0.38036838780404203,0.349847256816
0.218261111693939,0.32835561272231895,0.4199565715043811,0.493486704797379,0.5274429454830271,0.564715128986056,0.589845159784351,0.610137088703477,0.630158551457501,0.647443163005912,0.689033705835575,0.697494517638475,0.7090488156563729,0.7243459622629559,0.740262071550428,0.762333003547728,0.780020312553586,0.798565970962317,0.833825295821978,0.840638938227347,0.862088114494135,0.9081113942427941,0.9355692430741629,0.968932582108721,1.0,0.9589803440027759,0.899139229607313,0.837416125889862,0.6930563101693129,0.501339141363035,0.395805702386755,0.370029283698416
0.21346963513707395,0.316625995958156,0.40071254820288504,0.475424825374592,0.505508656055934,0.536265427444413,0.5596438478766229,0.57860043284905,0.598455732223217,0.615501485261684,0.648165309122845,0.6574927000857261,0.671127213704018,0.690017279025374,0.706433419271905,0.724260297491485,0.7412590356768051,0.752631456941316,0.788736404934365,0.7947550692959441,0.812369541743516,0.8581931440917622,0.882264307803022,0.915492869758193,0.9589803440027759,1.0,0.931920374804947,0.8724770696144809,0.737715843190718,0.533956126369925,0.428653901894029,0.36955417927824197
0.179255605006621,0.27070210151852897,0.351317267939857,0.421495099872137,0.44648047545154707,0.47995526155160906,0.503464607384663,0.522717720682393,0.54033425942057,0.5554790546521191,0.585030588319597,0.5906274539175639,0.601811400226931,0.612587311877438,0.628541550456933,0.6405624441684239,0.649160756078161,0.6616094587892161,0.7122158666225951,0.7155901215727299,0.7380889908102142,0.7890692649843108,0.809474687810769,0.843076268112368,0.899139229607313,0.931920374804947,1.0,0.9325365873440541,0.7522101558789108,0.538029555590502,0.3862986741485421,0.323092899132771
0.17351519577389804,0.24872837067777698,0.32655165821348603,0.389918621384798,0.41046133219553604,0.451010747527405,0.480182640944966,0.49694866598324106,0.510679012527645,0.518260079651902,0.545650644222615,0.552046748216197,0.56480680857428,0.578641131802995,0.5899526116500191,0.601721475678012,0.6150379775803431,0.6267496522860129,0.6692381115111221,0.6752535422881961,0.6984557169925021,0.7400343077369209,0.7557473537169921,0.7828841366472808,0.837416125889862,0.8724770696144809,0.9325365873440541,1.0,0.8377277902443341,0.619129939923646,0.446783157684336,0.345526904139669
0.14473183493885097,0.190083366455669,0.26493005343598197,0.319155447780115,0.33178888918147104,0.36320401639754496,0.38428599200006996,0.397957139355021,0.41179906876430394,0.415896633171155,0.432728787889288,0.43841015095056496,0.464116591282885,0.489922190847449,0.502320160486388,0.510041772622309,0.520138985918527,0.536016448697437,0.559946052283298,0.5640204034823659,0.5785852531424891,0.609080350085052,0.624087147337249,0.64929886333637,0.6930563101693129,0.737715843190718,0.7522101558789108,0.8377277902443341,1.0,0.7565440790888391,0.5518339409381021,0.4016701960475221
0.13674584052481098,0.14335270168632502,0.197318397166874,0.24748067217127498,0.259586561805888,0.288574403937154,0.3128713538906,0.322366907522252,0.33070912937574,0.33170906259456,0.33805410117552304,0.333246644438439,0.347540470720628,0.36976343519636207,0.39039380814344504,0.39654295746697404,0.404729285714048,0.425227093461096,0.43402906942556,0.4328301502088971,0.4432825612261721,0.45747894163184294,0.455105771317478,0.4758988699647199,0.501339141363035,0.533956126369925,0.538029555590502,0.619129939923646,0.7565440790888391,1.0,0.784377332305859,0.596434181124475
0.10646487958304401,0.12900197843068,0.15737213651644,0.203693017864767,0.21486865093276103,0.22789770756624103,0.251637176961091,0.258740241788605,0.261849114080242,0.25466169261588195,0.258398980498328,0.258072999097346,0.266787079245089,0.27353949661553,0.28623192872191905,0.296359162751712,0.309983157420771,0.330736605094401,0.33515241148192304,0.339726249369857,0.355555017908443,0.367743626437171,0.36909981103609396,0.38036838780404203,0.395805702386755,0.428653901894029,0.3862986741485421,0.446783157684336,0.5518339409381021,0.784377332305859,1.0,0.694850409660794
0.10098273180554099,0.11286641838770099,0.12638680119663698,0.18780161214723398,0.19716142931801103,0.21584808953531398,0.23677278574864202,0.24970544037553102,0.254587305254899,0.253238962913506,0.252532455284382,0.25830493277278,0.256499343196783,0.254997995425947,0.27069043976747,0.29740955627300897,0.30602094482812,0.32861092638283,0.322924866206926,0.33117288848302395,0.33832618479234,0.33670900113693103,0.34259261326773705,0.349847256816,0.370029283698416,0.36955417927824197,0.323092899132771,0.345526904139669,0.4016701960475221,0.596434181124475,0.694850409660794,1.0
