1.0,0.9931075852732321,0.9639408209686279,0.8948978975318169,0.7673783094600579,0.7298903960390809,0.717357921373942,0.6945289083836031,0.660394626832407,0.625200993513277,0.609343867483716,0.58989722874133,0.5677336611880439,0.543743218693562,0.530633016310146,0.5176611635644269,0.501688429347099,0.483790102379455,0.46939777581622205,0.46702881054055795,0.461851164816309,0.45446394229810105,0.445455848155146,0.43330727013011106,0.402392245225415,0.371033479617869,0.345066588378989,0.33846907464546694,0.28997966669628,0.26764031905121605,0.256885529234734,0.25064807228754604
0.9931075852732321,1.0,0.9884875021782049,0.9410356698264201,0.837241287928751,0.804444868931928,0.791130915328271,0.766501474268491,0.7294248711577509,0.691606015433904,0.676170717124358,0.656670185550746,0.634038151157372,0.609239083224028,0.595791156897406,0.582197753137239,0.56515898709356,0.545873457202337,0.530029452078892,0.526381107084729,0.519622326052976,0.5104391813855471,0.499500631108646,0.48299192404814706,0.445856415950805,0.4092050747154021,0.379156948345702,0.37036486979818606,0.31633382881917893,0.291686111679443,0.279835088980852,0.272965349565389
0.9639408209686279,0.9884875021782049,1.0,0.9813887605717599,0.910339866519163,0.8842691069692379,0.870218073669582,0.8437671325228021,0.8036489965746141,0.7632131030591931,0.748637379284403,0.7294652822742359,0.7066904195978159,0.6813536391626329,0.667744214193773,0.653625886471362,0.635558732562662,0.614876068989798,0.597481456687912,0.592256013357776,0.583594079321425,0.572279992877652,0.5590726576598921,0.5372723692825909,0.492864726987245,0.45012921260677097,0.41542587028348704,0.40398025748603605,0.34389825239724,0.316773702762816,0.30374942375234004,0.296203677285418
0.8948978975318169,0.9410356698264201,0.9813887605717599,1.0,0.972871758660986,0.9562032747260091,0.9416835623311,0.9137995670533721,0.8711539870191101,0.828739970627104,0.8157394553368349,0.797621154100042,0.7754216594708591,0.750244178411795,0.73688192400691,0.7225664186096109,0.703794287165678,0.68202553242945,0.66324080391221,0.656187328526329,0.6453977072073821,0.6317549383502421,0.6161068706748921,0.588314831826569,0.536152822248826,0.487115134898669,0.447656385242401,0.43322319110919294,0.367457460139618,0.3380904948667561,0.32400983459378196,0.315856798080023
0.7673783094600579,0.837241287928751,0.910339866519163,0.972871758660986,1.0,0.995484585792768,0.981119690979158,0.952890902669142,0.9093135226565211,0.8666180131215631,0.856159361214964,0.840208349222859,0.8198019919586401,0.796063958340258,0.783661571511797,0.769817849729338,0.7511265672496171,0.729128006201134,0.709599347455935,0.700693094307873,0.687874817978203,0.6721026228309979,0.654289501299544,0.620656139713907,0.561736863407562,0.507536594338606,0.464304056378288,0.44698680956398906,0.377632424092575,0.34701908878358506,0.33236347199355,0.323882798435588
0.7298903960390809,0.804444868931928,0.8842691069692379,0.9562032747260091,0.995484585792768,1.0,0.9942138968829078,0.975069391805626,0.940729953609391,0.904922927858513,0.895584613931057,0.880440189492535,0.86054880959868,0.837068690126025,0.825154067962818,0.811568635827972,0.7928014242589241,0.770465360741392,0.7504435388135541,0.7409371269599979,0.7272990059502192,0.7105432898044151,0.6916359009167221,0.655406369191395,0.5925144104860389,0.534852166818136,0.48892109216085905,0.46988387027657597,0.396105040540575,0.363741315751076,0.34826076109813603,0.33930576718943606
0.717357921373942,0.791130915328271,0.870218073669582,0.9416835623311,0.981119690979158,0.9942138968829078,1.0,0.9932637150088729,0.9717184683239509,0.9453285748779209,0.9367448165137621,0.922043152839381,0.9023124901510401,0.8787515674659631,0.8672103441787951,0.853834335923157,0.83494188603056,0.812220025074774,0.7917558201470329,0.7819941941664009,0.7678565932100649,0.750410319105458,0.730673309000477,0.6926863271308922,0.6264505705085229,0.5656565668440889,0.51720924242009,0.49671103002083794,0.4180257495469671,0.38366917963540204,0.367245705313708,0.35774767345332703
0.6945289083836031,0.766501474268491,0.8437671325228021,0.9137995670533721,0.952890902669142,0.975069391805626,0.9932637150088729,1.0,0.992535872941403,0.976647030065963,0.968988634612848,0.954955388565236,0.9356541600797671,0.912311844627325,0.901323200054455,0.888346697130643,0.8695643337204109,0.8467211836035949,0.826045349119479,0.8161351012403771,0.8016421721189498,0.783677387604298,0.763301584107298,0.7239117769367209,0.6549285614781479,0.591545208367257,0.5410122707437821,0.519204065382993,0.43624721130166605,0.400186772668933,0.38295928339295,0.372998723890186
0.660394626832407,0.7294248711577509,0.8036489965746141,0.8711539870191101,0.9093135226565211,0.940729953609391,0.9717184683239509,0.992535872941403,1.0,0.995394191351773,0.9888211487811179,0.9756956121813549,0.9571272445705559,0.934354718701628,0.92410755909804,0.911740370321583,0.8933472200232478,0.8707088720546659,0.8501112188223859,0.840188785196231,0.8255328180599709,0.8072837833292149,0.786532227487906,0.746239289570609,0.675368482424466,0.610182440531952,0.558189948350805,0.5353204358424001,0.449075309222322,0.41174645313413705,0.39392350503935397,0.38362112304558
0.625200993513277,0.691606015433904,0.7632131030591931,0.828739970627104,0.8666180131215631,0.904922927858513,0.9453285748779209,0.976647030065963,0.995394191351773,1.0,0.9963552897737821,0.9859950566618,0.9699897973025541,0.949555649158449,0.940398033325327,0.928608218909366,0.9106239858509649,0.888250342289768,0.8678102287690631,0.8579585617876591,0.8432574188300891,0.8248682793726709,0.803903195018973,0.7628207650776311,0.690414707431261,0.623805280272448,0.5706738080089929,0.547564431754094,0.459750094961305,0.42165176377966096,0.403455500916221,0.39293594196535997
0.609343867483716,0.676170717124358,0.748637379284403,0.8157394553368349,0.856159361214964,0.895584613931057,0.9367448165137621,0.968988634612848,0.9888211487811179,0.9963552897737821,1.0,0.9966273044214972,0.9871948533910981,0.972844838366542,0.9652944410105121,0.953591950719285,0.9354997964295619,0.912867183060881,0.892179681211667,0.882320475750947,0.867458738035175,0.8487859142401509,0.827444120058337,0.7847625774221371,0.7098059461329971,0.640983837568968,0.5861310758229029,0.564274092288908,0.47698658608302297,0.438395873981039,0.419917259202161,0.40922343041621506
0.58989722874133,0.656670185550746,0.7294652822742359,0.797621154100042,0.840208349222859,0.880440189492535,0.922043152839381,0.954955388565236,0.9756956121813549,0.9859950566618,0.9966273044214972,1.0,0.99695564505098,0.988557435943081,0.982605163183506,0.97106718237524,0.9529956610273729,0.9302696018143871,0.909486415378005,0.8996877791843579,0.8847737790894971,0.8659564940443308,0.8443991055519591,0.800472781821395,0.7235780599402211,0.653100722401989,0.596969368177347,0.576467572769755,0.490287341888808,0.45148841222983704,0.43286528206124397,0.422077364074504
0.5677336611880439,0.634038151157372,0.7066904195978159,0.7754216594708591,0.8198019919586401,0.86054880959868,0.9023124901510401,0.9356541600797671,0.9571272445705559,0.9699897973025541,0.9871948533910981,0.99695564505098,1.0,0.997309413121374,0.992912802957012,0.9816032319316029,0.963664242959515,0.940991409445318,0.9202471806563192,0.910567325795279,0.895696865007867,0.876859907384167,0.855232381574887,0.810397814992196,0.7321421158586751,0.6605324617912449,0.603537007149005,0.584450965971686,0.49986135421978295,0.461107037679742,0.442462970229246,0.43165306591375
0.543743218693562,0.609239083224028,0.6813536391626329,0.750244178411795,0.796063958340258,0.837068690126025,0.8787515674659631,0.912311844627325,0.934354718701628,0.949555649158449,0.972844838366542,0.988557435943081,0.997309413121374,1.0,0.997090417605144,0.986058394888852,0.9683436236817191,0.945846731140975,0.9252543194326541,0.9157398920455749,0.9009929398018679,0.8822420850797471,0.8606687114789671,0.815229186238994,0.7361284559124359,0.663851850041636,0.6063604664861229,0.5887114812383221,0.506087062683709,0.4675898877495539,0.44902966305244396,0.438259113253885
0.530633016310146,0.595791156897406,0.667744214193773,0.73688192400691,0.783661571511797,0.825154067962818,0.8672103441787951,0.901323200054455,0.92410755909804,0.940398033325327,0.9652944410105121,0.982605163183506,0.992912802957012,0.997090417605144,1.0,0.9957785771517409,0.9843195389915981,0.9674675673022192,0.950970988076632,0.9422417754599041,0.9280687820439929,0.909704444690484,0.8883584422733649,0.8422820498289371,0.7611655099505241,0.686876732505434,0.6277288021763521,0.606360399506396,0.5161228523958761,0.47539802435853795,0.45584421988095003,0.44451572803335204
0.5176611635644269,0.582197753137239,0.653625886471362,0.7225664186096109,0.769817849729338,0.811568635827972,0.853834335923157,0.888346697130643,0.911740370321583,0.928608218909366,0.953591950719285,0.97106718237524,0.9816032319316029,0.986058394888852,0.9957785771517409,1.0,0.9963552038055501,0.9866053731672869,0.975283377619314,0.967543941036182,0.9541454870868421,0.9363605306419329,0.915424430471312,0.8690341736627941,0.7861859052948259,0.710073273816019,0.6493951583619829,0.623115888783268,0.523416688831664,0.4801100454179121,0.459422817519699,0.447462393771257
0.501688429347099,0.56515898709356,0.635558732562662,0.703794287165678,0.7511265672496171,0.7928014242589241,0.83494188603056,0.8695643337204109,0.8933472200232478,0.9106239858509649,0.9354997964295619,0.9529956610273729,0.963664242959515,0.9683436236817191,0.9843195389915981,0.9963552038055501,1.0,0.996924187288848,0.990496770873898,0.98373573399762,0.9711584807960569,0.954046554981077,0.933649831358187,0.8873189673991599,0.80348833855738,0.7262567570143791,0.6646158000717171,0.633971593516171,0.526233909014567,0.480855647236511,0.459271653707668,0.446814471908582
0.483790102379455,0.545873457202337,0.614876068989798,0.68202553242945,0.729128006201134,0.770465360741392,0.812220025074774,0.8467211836035949,0.8707088720546659,0.888250342289768,0.912867183060881,0.9302696018143871,0.940991409445318,0.945846731140975,0.9674675673022192,0.9866053731672869,0.996924187288848,1.0,0.998110852550793,0.9922921731308959,0.9805502146869279,0.9641665830128621,0.944396459905107,0.898417818125297,0.81422320165602,0.736459742756178,0.6743301733709979,0.639872483117537,0.525441471437894,0.478451409886455,0.45618216505445003,0.443348610083955
0.46939777581622205,0.530029452078892,0.597481456687912,0.66324080391221,0.709599347455935,0.7504435388135541,0.7917558201470329,0.826045349119479,0.8501112188223859,0.8678102287690631,0.892179681211667,0.909486415378005,0.9202471806563192,0.9252543194326541,0.950970988076632,0.975283377619314,0.990496770873898,0.998110852550793,1.0,0.9965644582801808,0.9870442935434109,0.972699966572796,0.954778679005292,0.9102945142900699,0.82650020463761,0.748668475613323,0.6863418642463399,0.648912335569981,0.528275932410646,0.479662877623424,0.45668844804093706,0.44346358372477396
0.46702881054055795,0.526381107084729,0.592256013357776,0.656187328526329,0.700693094307873,0.7409371269599979,0.7819941941664009,0.8161351012403771,0.840188785196231,0.8579585617876591,0.882320475750947,0.8996877791843579,0.910567325795279,0.9157398920455749,0.9422417754599041,0.967543941036182,0.98373573399762,0.9922921731308959,0.9965644582801808,1.0,0.996941689615761,0.988578127009913,0.976122559269986,0.9361779466504531,0.8541406180426371,0.7767210896403891,0.71432996468584,0.6753379507384301,0.547413676080423,0.496324492627481,0.472212310387924,0.45834019078925103
0.461851164816309,0.519622326052976,0.583594079321425,0.6453977072073821,0.687874817978203,0.7272990059502192,0.7678565932100649,0.8016421721189498,0.8255328180599709,0.8432574188300891,0.867458738035175,0.8847737790894971,0.895696865007867,0.9009929398018679,0.9280687820439929,0.9541454870868421,0.9711584807960569,0.9805502146869279,0.9870442935434109,0.996941689615761,1.0,0.9973325289668359,0.990112840838037,0.954703366109393,0.8748407505918921,0.7982979189899521,0.7362389873456159,0.6960182770123461,0.562023156617328,0.5089193831885499,0.483885534977628,0.46949006573722707
0.45446394229810105,0.5104391813855471,0.572279992877652,0.6317549383502421,0.6721026228309979,0.7105432898044151,0.750410319105458,0.783677387604298,0.8072837833292149,0.8248682793726709,0.8487859142401509,0.8659564940443308,0.876859907384167,0.8822420850797471,0.909704444690484,0.9363605306419329,0.954046554981077,0.9641665830128621,0.972699966572796,0.988578127009913,0.9973325289668359,1.0,0.9977105576003499,0.966732548118665,0.889342294788105,0.814041126683538,0.7526352782386642,0.7114891308211749,0.572563963396011,0.517871885907752,0.4921154784435379,0.47731071540375397
0.445455848155146,0.499500631108646,0.5590726576598921,0.6161068706748921,0.654289501299544,0.6916359009167221,0.730673309000477,0.763301584107298,0.786532227487906,0.803903195018973,0.827444120058337,0.8443991055519591,0.855232381574887,0.8606687114789671,0.8883584422733649,0.915424430471312,0.933649831358187,0.944396459905107,0.954778679005292,0.976122559269986,0.990112840838037,0.9977105576003499,1.0,0.9732753276719641,0.8985442226407242,0.8247519865120829,0.7642435825550079,0.7224358899145301,0.579604332552636,0.5237010395140179,0.49739778851308003,0.48228428966556197
0.43330727013011106,0.48299192404814706,0.5372723692825909,0.588314831826569,0.620656139713907,0.655406369191395,0.6926863271308922,0.7239117769367209,0.746239289570609,0.7628207650776311,0.7847625774221371,0.800472781821395,0.810397814992196,0.815229186238994,0.8422820498289371,0.8690341736627941,0.8873189673991599,0.898417818125297,0.9102945142900699,0.9361779466504531,0.954703366109393,0.966732548118665,0.9732753276719641,1.0,0.9752422526616071,0.9324175759960179,0.8917094792029759,0.8466348149998629,0.657224138482917,0.5871067006474741,0.554406897517256,0.53568721735186
0.402392245225415,0.445856415950805,0.492864726987245,0.536152822248826,0.561736863407562,0.5925144104860389,0.6264505705085229,0.6549285614781479,0.675368482424466,0.690414707431261,0.7098059461329971,0.7235780599402211,0.7321421158586751,0.7361284559124359,0.7611655099505241,0.7861859052948259,0.80348833855738,0.81422320165602,0.82650020463761,0.8541406180426371,0.8748407505918921,0.889342294788105,0.8985442226407242,0.9752422526616071,1.0,0.9892489032163431,0.9697221847650219,0.923836967993184,0.69911081361653,0.6188281028085849,0.5816107052193821,0.5603582724739761
0.371033479617869,0.4092050747154021,0.45012921260677097,0.487115134898669,0.507536594338606,0.534852166818136,0.5656565668440889,0.591545208367257,0.610182440531952,0.623805280272448,0.640983837568968,0.653100722401989,0.6605324617912449,0.663851850041636,0.686876732505434,0.710073273816019,0.7262567570143791,0.736459742756178,0.748668475613323,0.7767210896403891,0.7982979189899521,0.814041126683538,0.8247519865120829,0.9324175759960179,0.9892489032163431,1.0,0.995010378310467,0.9498337092990721,0.707848463066203,0.62302091374691,0.583825456542633,0.561474532236081
0.345066588378989,0.379156948345702,0.41542587028348704,0.447656385242401,0.464304056378288,0.48892109216085905,0.51720924242009,0.5410122707437821,0.558189948350805,0.5706738080089929,0.5861310758229029,0.596969368177347,0.603537007149005,0.6063604664861229,0.6277288021763521,0.6493951583619829,0.6646158000717171,0.6743301733709979,0.6863418642463399,0.71432996468584,0.7362389873456159,0.7526352782386642,0.7642435825550079,0.8917094792029759,0.9697221847650219,0.995010378310467,1.0,0.955863504946838,0.7050857909849079,0.6182030338504829,0.57814113195781,0.5553162379611291
0.33846907464546694,0.37036486979818606,0.40398025748603605,0.43322319110919294,0.44698680956398906,0.46988387027657597,0.49671103002083794,0.519204065382993,0.5353204358424001,0.547564431754094,0.564274092288908,0.576467572769755,0.584450965971686,0.5887114812383221,0.606360399506396,0.623115888783268,0.633971593516171,0.639872483117537,0.648912335569981,0.6753379507384301,0.6960182770123461,0.7114891308211749,0.7224358899145301,0.8466348149998629,0.923836967993184,0.9498337092990721,0.955863504946838,1.0,0.880503913328242,0.819470075103904,0.7897180256566558,0.7723771739855849
0.28997966669628,0.31633382881917893,0.34389825239724,0.367457460139618,0.377632424092575,0.396105040540575,0.4180257495469671,0.43624721130166605,0.449075309222322,0.459750094961305,0.47698658608302297,0.490287341888808,0.49986135421978295,0.506087062683709,0.5161228523958761,0.523416688831664,0.526233909014567,0.525441471437894,0.528275932410646,0.547413676080423,0.562023156617328,0.572563963396011,0.579604332552636,0.657224138482917,0.69911081361653,0.707848463066203,0.7050857909849079,0.880503913328242,1.0,0.993228705511269,0.9861584426278751,0.9811736271455441
0.26764031905121605,0.291686111679443,0.316773702762816,0.3380904948667561,0.34701908878358506,0.363741315751076,0.38366917963540204,0.400186772668933,0.41174645313413705,0.42165176377966096,0.438395873981039,0.45148841222983704,0.461107037679742,0.4675898877495539,0.47539802435853795,0.4801100454179121,0.480855647236511,0.478451409886455,0.479662877623424,0.496324492627481,0.5089193831885499,0.517871885907752,0.5237010395140179,0.5871067006474741,0.6188281028085849,0.62302091374691,0.6182030338504829,0.819470075103904,0.993228705511269,1.0,0.9987434261691891,0.996966513293882
0.256885529234734,0.279835088980852,0.30374942375234004,0.32400983459378196,0.33236347199355,0.34826076109813603,0.367245705313708,0.38295928339295,0.39392350503935397,0.403455500916221,0.419917259202161,0.43286528206124397,0.442462970229246,0.44902966305244396,0.45584421988095003,0.459422817519699,0.459271653707668,0.45618216505445003,0.45668844804093706,0.472212310387924,0.483885534977628,0.4921154784435379,0.49739778851308003,0.554406897517256,0.5816107052193821,0.583825456542633,0.57814113195781,0.7897180256566558,0.9861584426278751,0.9987434261691891,1.0,0.999614329280287
0.25064807228754604,0.272965349565389,0.296203677285418,0.315856798080023,0.323882798435588,0.33930576718943606,0.35774767345332703,0.372998723890186,0.38362112304558,0.39293594196535997,0.40922343041621506,0.422077364074504,0.43165306591375,0.438259113253885,0.44451572803335204,0.447462393771257,0.446814471908582,0.443348610083955,0.44346358372477396,0.45834019078925103,0.46949006573722707,0.47731071540375397,0.48228428966556197,0.53568721735186,0.5603582724739761,0.561474532236081,0.5553162379611291,0.7723771739855849,0.9811736271455441,0.996966513293882,0.999614329280287,1.0
