1.0,0.866615067930581,0.804777313888396,0.78024900607572,0.768080780388735,0.7562598619204051,0.7525762504909099,0.7468858257884409,0.745299320170127,0.746912536859038,0.743260298368355,0.742833180082203,0.738257630167235,0.7323943244798828,0.7221423541415659,0.7180181012516941,0.7142407988870351,0.7092618442034079,0.7032945489723471,0.698228495926311,0.686887045818293,0.6805147316401251,0.6720956396485109,0.6587933000149689,0.651639758123041,0.6460642250658499,0.6248282666138479,0.590437232038741,0.5359185928427029,0.357343454044968,0.268384763873098,0.263804986533267
0.866615067930581,1.0,0.95814558415097,0.9368916328556509,0.9255985079462191,0.9169605870720109,0.910303477959148,0.903193323439189,0.897744370619021,0.8951431614786641,0.889408882948062,0.8863146039026509,0.880941392403207,0.87574343367189,0.8685606417982379,0.8644426743472969,0.860949655141027,0.855743909572243,0.8502143412901669,0.8463528861032622,0.837613496102775,0.8316563036717841,0.824270687818193,0.8117349291387309,0.8027380591790401,0.795455967822742,0.7724772293306321,0.7343109419262379,0.660572693797438,0.43925299573129994,0.319348941518857,0.31377047753612397
0.804777313888396,0.95814558415097,1.0,0.9851047728761959,0.974392935817437,0.9653889788211291,0.9583596108435629,0.9522204395409191,0.9448057662008851,0.9407384412495,0.9350405274173149,0.930282600536778,0.926021302240488,0.9219195626635921,0.9164403162313001,0.9132340647160191,0.9094501905902159,0.9040680342388879,0.8986610269820021,0.89438301666536,0.886677506859371,0.880715417928098,0.874258042478853,0.8605487782940758,0.8496549259057421,0.841757248749743,0.819202275656663,0.779658371890521,0.7024040644944229,0.46919914459093,0.326652459517435,0.310920164865403
0.78024900607572,0.9368916328556509,0.9851047728761959,1.0,0.9912796100905821,0.982425464574008,0.9751611008607571,0.9681907066823141,0.961752488575384,0.957397350335463,0.951346664865593,0.9464019662360859,0.9420951098482099,0.9385596791284929,0.9329675819019491,0.9288200203304771,0.924951486110699,0.920110830939562,0.9148000803536209,0.9108178561070072,0.903695068401384,0.8978631904045479,0.890525217172189,0.875675124803288,0.863523523618389,0.854683650806285,0.8336017164407951,0.7939695384603879,0.716053741475146,0.484746415661356,0.334526874658855,0.311280521152596
0.768080780388735,0.9255985079462191,0.974392935817437,0.9912796100905821,1.0,0.992338127038251,0.98542862740986,0.9789835337149351,0.9726316256403521,0.967836039771589,0.961769389005942,0.956778506838395,0.952087471578241,0.9488873487775721,0.9433239924731651,0.9394385483698191,0.935891728117059,0.9313496222390171,0.926244344920955,0.9217624546388591,0.9150493808813629,0.9091162736599109,0.9017483774866529,0.8870183095485901,0.875013403672808,0.865330829655023,0.8428596385006409,0.803678508536166,0.7223165172884319,0.49040525879061697,0.333919005794365,0.309518472775472
0.7562598619204051,0.9169605870720109,0.9653889788211291,0.982425464574008,0.992338127038251,1.0,0.9939822139021608,0.988445580189547,0.982941301999655,0.97792515808283,0.9712478022897759,0.9658916792556579,0.960863605904509,0.957693349935983,0.9528144377798371,0.948625132647222,0.9450613171431841,0.9403828722206641,0.935807470283749,0.9313425932405992,0.9251509217833079,0.919076353629163,0.9122425523081741,0.8988218292104291,0.887825507706079,0.878350392945759,0.855381282196735,0.815881720623858,0.734088300341518,0.500685193917953,0.333971333773645,0.31505750632336
0.7525762504909099,0.910303477959148,0.9583596108435629,0.9751611008607571,0.98542862740986,0.9939822139021608,1.0,0.9955019103473359,0.989801427643118,0.9851846411815021,0.9786737749693671,0.973235706796602,0.968261775664807,0.9648444799907671,0.959973927247981,0.9553946957481758,0.9517888227348109,0.947324981057543,0.942934922792345,0.93814070787829,0.9321988823462801,0.9261328933184729,0.919956266742829,0.906761882871698,0.895929899099016,0.8859498013745709,0.863419105803818,0.825442886977885,0.742830640500396,0.508994565254827,0.337585032945377,0.321511756622811
0.7468858257884409,0.903193323439189,0.9522204395409191,0.9681907066823141,0.9789835337149351,0.988445580189547,0.9955019103473359,1.0,0.9957799230152379,0.991347525925889,0.985467919510405,0.980125381486523,0.974821814102543,0.971165855262636,0.9667220598019641,0.962575210801501,0.9587081343103578,0.95418751721891,0.9501959886089442,0.945874531393216,0.9401242873512791,0.934523044172345,0.9283547805255671,0.915921577833131,0.905301878701532,0.89515452063546,0.8734250729920021,0.83657592733089,0.755194350423088,0.521324824010797,0.34310872988032604,0.324780733547524
0.745299320170127,0.897744370619021,0.9448057662008851,0.961752488575384,0.9726316256403521,0.982941301999655,0.989801427643118,0.9957799230152379,1.0,0.996610439809114,0.9916782695824692,0.9869827695622879,0.9824795204329569,0.978834396702981,0.9743455686290949,0.970304785395283,0.9661450092376229,0.9618648694554649,0.958206934133369,0.953746369611307,0.948841161698373,0.943692434447503,0.937698133982808,0.925872102140591,0.915242653501005,0.905124064365643,0.884502042012909,0.8479311025643741,0.767459263435122,0.529789926244587,0.346525080515752,0.32637165051578904
0.746912536859038,0.8951431614786641,0.9407384412495,0.957397350335463,0.967836039771589,0.97792515808283,0.9851846411815021,0.991347525925889,0.996610439809114,1.0,0.9963421305939419,0.9922546873193729,0.9882227032300659,0.9846516346396841,0.980434881470773,0.9762251501207471,0.972647170066323,0.9688936263858772,0.965420322465159,0.961458816633977,0.956742452595244,0.951761581974578,0.9457520871989541,0.9346276404396979,0.924424760475803,0.914098701354098,0.89348720054966,0.8579514825881239,0.7774048191583721,0.541626902715014,0.352216433536385,0.328469531538451
0.743260298368355,0.889408882948062,0.9350405274173149,0.951346664865593,0.961769389005942,0.9712478022897759,0.9786737749693671,0.985467919510405,0.9916782695824692,0.9963421305939419,1.0,0.99701273138555,0.9934286300564,0.989982788357497,0.986027781785806,0.9819002162015129,0.978151345220996,0.9739610627101,0.970211856421759,0.9664103781518929,0.962177004663703,0.9569524811477059,0.950770666039653,0.939897217063718,0.930349788485501,0.919711094181619,0.8987543292329889,0.86267769492995,0.7812605315749671,0.54583198366891,0.355502645713267,0.332580775512857
0.742833180082203,0.8863146039026509,0.930282600536778,0.9464019662360859,0.956778506838395,0.9658916792556579,0.973235706796602,0.980125381486523,0.9869827695622879,0.9922546873193729,0.99701273138555,1.0,0.9970852390208671,0.9935820557226591,0.9896919229248671,0.985481228866425,0.9818058564045631,0.9771714500112709,0.972986116458568,0.969013442525864,0.964716880414505,0.9597216385680569,0.953734317665157,0.943100539970355,0.9335407673222429,0.922523243812514,0.9017876142934549,0.866558645068574,0.786310206966862,0.5482345639204841,0.35774287305192404,0.332456165773287
0.738257630167235,0.880941392403207,0.926021302240488,0.9420951098482099,0.952087471578241,0.960863605904509,0.968261775664807,0.974821814102543,0.9824795204329569,0.9882227032300659,0.9934286300564,0.9970852390208671,1.0,0.997121978847673,0.993519865533451,0.9893856008409301,0.985478435529348,0.981282037283249,0.9773522668141541,0.9734854170153899,0.969434473017087,0.9646875129811641,0.9589363725684971,0.949087045973272,0.9391821110418291,0.928514948675277,0.909269953918241,0.8733137544518208,0.7938401430570792,0.555878450058815,0.36181412085481607,0.33624448187954703
0.7323943244798828,0.87574343367189,0.9219195626635921,0.9385596791284929,0.9488873487775721,0.957693349935983,0.9648444799907671,0.971165855262636,0.978834396702981,0.9846516346396841,0.989982788357497,0.9935820557226591,0.997121978847673,1.0,0.997486788499796,0.9935799325355871,0.989684265183697,0.985641066313575,0.9814019599474829,0.97737676155334,0.973447500503429,0.9685558110926992,0.963032053261144,0.9535919305528009,0.9436805839102059,0.932343822709609,0.9128888696319659,0.877157174512102,0.798554754988957,0.5616249490681821,0.37136134888035705,0.34096980556490897
0.7221423541415659,0.8685606417982379,0.9164403162313001,0.9329675819019491,0.9433239924731651,0.9528144377798371,0.959973927247981,0.9667220598019641,0.9743455686290949,0.980434881470773,0.986027781785806,0.9896919229248671,0.993519865533451,0.997486788499796,1.0,0.996975444731075,0.99350026654283,0.9894615912794991,0.985258421234577,0.9813223714813109,0.977132280239653,0.972319108330057,0.9670306442543108,0.958022202621569,0.948338957075263,0.936753844302731,0.917246040475996,0.8832507674113679,0.8056756130289949,0.5697092252564859,0.37917778410297104,0.34766240571061
0.7180181012516941,0.8644426743472969,0.9132340647160191,0.9288200203304771,0.9394385483698191,0.948625132647222,0.9553946957481758,0.962575210801501,0.970304785395283,0.9762251501207471,0.9819002162015129,0.985481228866425,0.9893856008409301,0.9935799325355871,0.996975444731075,1.0,0.997347654671945,0.993730105821923,0.989584508028102,0.9855421869201172,0.981550718123793,0.976350860189271,0.970537782225453,0.9615602604288259,0.951617012021165,0.940562654712845,0.9206276897602991,0.88617202369809,0.811027820854585,0.578250655950822,0.383648102604698,0.348805598212202
0.7142407988870351,0.860949655141027,0.9094501905902159,0.924951486110699,0.935891728117059,0.9450613171431841,0.9517888227348109,0.9587081343103578,0.9661450092376229,0.972647170066323,0.978151345220996,0.9818058564045631,0.985478435529348,0.989684265183697,0.99350026654283,0.997347654671945,1.0,0.9967417413690122,0.9924624585753259,0.988850307630663,0.9849381109046541,0.9802414805746709,0.9741488316801551,0.965326674485986,0.955615403760902,0.9449991530159241,0.9250329619755892,0.892387641908285,0.8204343206830129,0.590210884041627,0.39579732152765995,0.359972071425255
0.7092618442034079,0.855743909572243,0.9040680342388879,0.920110830939562,0.9313496222390171,0.9403828722206641,0.947324981057543,0.95418751721891,0.9618648694554649,0.9688936263858772,0.9739610627101,0.9771714500112709,0.981282037283249,0.985641066313575,0.9894615912794991,0.993730105821923,0.9967417413690122,1.0,0.9969835411039129,0.9935979730896061,0.989685378161404,0.9851104898818851,0.9782669051422429,0.9697812132108091,0.960145288515793,0.9495171645776701,0.92919388709601,0.896337693306755,0.8272998580075459,0.598991202183442,0.399722012968927,0.362486084170365
0.7032945489723471,0.8502143412901669,0.8986610269820021,0.9148000803536209,0.926244344920955,0.935807470283749,0.942934922792345,0.9501959886089442,0.958206934133369,0.965420322465159,0.970211856421759,0.972986116458568,0.9773522668141541,0.9814019599474829,0.985258421234577,0.989584508028102,0.9924624585753259,0.9969835411039129,1.0,0.9975122947622271,0.993796534377649,0.9891253248502422,0.982803266903081,0.975275112876019,0.965983852956797,0.955907664727282,0.9362781520249301,0.903451311051676,0.835426866959675,0.608132332342474,0.40697670836443894,0.37204855987321206
0.698228495926311,0.8463528861032622,0.89438301666536,0.9108178561070072,0.9217624546388591,0.9313425932405992,0.93814070787829,0.945874531393216,0.953746369611307,0.961458816633977,0.9664103781518929,0.969013442525864,0.9734854170153899,0.97737676155334,0.9813223714813109,0.9855421869201172,0.988850307630663,0.9935979730896061,0.9975122947622271,1.0,0.99675917881037,0.9923079036928679,0.9864183035210091,0.9791834687075709,0.9702325899072759,0.9602330797144849,0.941145212357757,0.909187290084333,0.84369353653751,0.620519162646313,0.42039903650891797,0.381373663976508
0.686887045818293,0.837613496102775,0.886677506859371,0.903695068401384,0.9150493808813629,0.9251509217833079,0.9321988823462801,0.9401242873512791,0.948841161698373,0.956742452595244,0.962177004663703,0.964716880414505,0.969434473017087,0.973447500503429,0.977132280239653,0.981550718123793,0.9849381109046541,0.989685378161404,0.993796534377649,0.99675917881037,1.0,0.9961776216432842,0.990920525985432,0.984038304039658,0.9756564795212801,0.9656314933662091,0.948346803867391,0.91743679825194,0.854435954797712,0.629772260527338,0.42381839754213196,0.390194636617399
0.6805147316401251,0.8316563036717841,0.880715417928098,0.8978631904045479,0.9091162736599109,0.919076353629163,0.9261328933184729,0.934523044172345,0.943692434447503,0.951761581974578,0.9569524811477059,0.9597216385680569,0.9646875129811641,0.9685558110926992,0.972319108330057,0.976350860189271,0.9802414805746709,0.9851104898818851,0.9891253248502422,0.9923079036928679,0.9961776216432842,1.0,0.9958857288267429,0.989338759220255,0.981761640505523,0.972680737308505,0.955927355841015,0.9266643813133109,0.865052446737266,0.639785146631199,0.430630858755517,0.395436119838669
0.6720956396485109,0.824270687818193,0.874258042478853,0.890525217172189,0.9017483774866529,0.9122425523081741,0.919956266742829,0.9283547805255671,0.937698133982808,0.9457520871989541,0.950770666039653,0.953734317665157,0.9589363725684971,0.963032053261144,0.9670306442543108,0.970537782225453,0.9741488316801551,0.9782669051422429,0.982803266903081,0.9864183035210091,0.990920525985432,0.9958857288267429,1.0,0.995033714509205,0.987089227266485,0.9781798292050999,0.962272745790852,0.934387330150219,0.8736672409664319,0.653716367472417,0.44529589268040903,0.410227649543346
0.6587933000149689,0.8117349291387309,0.8605487782940758,0.875675124803288,0.8870183095485901,0.8988218292104291,0.906761882871698,0.915921577833131,0.925872102140591,0.9346276404396979,0.939897217063718,0.943100539970355,0.949087045973272,0.9535919305528009,0.958022202621569,0.9615602604288259,0.965326674485986,0.9697812132108091,0.975275112876019,0.9791834687075709,0.984038304039658,0.989338759220255,0.995033714509205,1.0,0.994315706932002,0.98592527221607,0.970125931337263,0.943060115799307,0.883732010370653,0.66963115720362,0.458091502532205,0.424469198367789
0.651639758123041,0.8027380591790401,0.8496549259057421,0.863523523618389,0.875013403672808,0.887825507706079,0.895929899099016,0.905301878701532,0.915242653501005,0.924424760475803,0.930349788485501,0.9335407673222429,0.9391821110418291,0.9436805839102059,0.948338957075263,0.951617012021165,0.955615403760902,0.960145288515793,0.965983852956797,0.9702325899072759,0.9756564795212801,0.981761640505523,0.987089227266485,0.994315706932002,1.0,0.99265604786588,0.977455597736273,0.952451141933641,0.893508479948157,0.684599246374778,0.46784416583276706,0.439611820392202
0.6460642250658499,0.795455967822742,0.841757248749743,0.854683650806285,0.865330829655023,0.878350392945759,0.8859498013745709,0.89515452063546,0.905124064365643,0.914098701354098,0.919711094181619,0.922523243812514,0.928514948675277,0.932343822709609,0.936753844302731,0.940562654712845,0.9449991530159241,0.9495171645776701,0.955907664727282,0.9602330797144849,0.9656314933662091,0.972680737308505,0.9781798292050999,0.98592527221607,0.99265604786588,1.0,0.986032976579442,0.962846450829712,0.907614111737655,0.7001377058051351,0.48194734999812394,0.45978796050734794
0.6248282666138479,0.7724772293306321,0.819202275656663,0.8336017164407951,0.8428596385006409,0.855381282196735,0.863419105803818,0.8734250729920021,0.884502042012909,0.89348720054966,0.8987543292329889,0.9017876142934549,0.909269953918241,0.9128888696319659,0.917246040475996,0.9206276897602991,0.9250329619755892,0.92919388709601,0.9362781520249301,0.941145212357757,0.948346803867391,0.955927355841015,0.962272745790852,0.970125931337263,0.977455597736273,0.986032976579442,1.0,0.9830218690130842,0.935994234395049,0.731804361683407,0.504525180238313,0.49361359513586106
0.590437232038741,0.7343109419262379,0.779658371890521,0.7939695384603879,0.803678508536166,0.815881720623858,0.825442886977885,0.83657592733089,0.8479311025643741,0.8579514825881239,0.86267769492995,0.866558645068574,0.8733137544518208,0.877157174512102,0.8832507674113679,0.88617202369809,0.892387641908285,0.896337693306755,0.903451311051676,0.909187290084333,0.91743679825194,0.9266643813133109,0.934387330150219,0.943060115799307,0.952451141933641,0.962846450829712,0.9830218690130842,1.0,0.965076118197971,0.7736554841795391,0.532550494825311,0.524015620595079
0.5359185928427029,0.660572693797438,0.7024040644944229,0.716053741475146,0.7223165172884319,0.734088300341518,0.742830640500396,0.755194350423088,0.767459263435122,0.7774048191583721,0.7812605315749671,0.786310206966862,0.7938401430570792,0.798554754988957,0.8056756130289949,0.811027820854585,0.8204343206830129,0.8272998580075459,0.835426866959675,0.84369353653751,0.854435954797712,0.865052446737266,0.8736672409664319,0.883732010370653,0.893508479948157,0.907614111737655,0.935994234395049,0.965076118197971,1.0,0.843701591212749,0.604568982211,0.578436409323153
0.357343454044968,0.43925299573129994,0.46919914459093,0.484746415661356,0.49040525879061697,0.500685193917953,0.508994565254827,0.521324824010797,0.529789926244587,0.541626902715014,0.54583198366891,0.5482345639204841,0.555878450058815,0.5616249490681821,0.5697092252564859,0.578250655950822,0.590210884041627,0.598991202183442,0.608132332342474,0.620519162646313,0.629772260527338,0.639785146631199,0.653716367472417,0.66963115720362,0.684599246374778,0.7001377058051351,0.731804361683407,0.7736554841795391,0.843701591212749,1.0,0.7226477020478149,0.63487449023078
0.268384763873098,0.319348941518857,0.326652459517435,0.334526874658855,0.333919005794365,0.333971333773645,0.337585032945377,0.34310872988032604,0.346525080515752,0.352216433536385,0.355502645713267,0.35774287305192404,0.36181412085481607,0.37136134888035705,0.37917778410297104,0.383648102604698,0.39579732152765995,0.399722012968927,0.40697670836443894,0.42039903650891797,0.42381839754213196,0.430630858755517,0.44529589268040903,0.458091502532205,0.46784416583276706,0.48194734999812394,0.504525180238313,0.532550494825311,0.604568982211,0.7226477020478149,1.0,0.7924653552177789
0.263804986533267,0.31377047753612397,0.310920164865403,0.311280521152596,0.309518472775472,0.31505750632336,0.321511756622811,0.324780733547524,0.32637165051578904,0.328469531538451,0.332580775512857,0.332456165773287,0.33624448187954703,0.34096980556490897,0.34766240571061,0.348805598212202,0.359972071425255,0.362486084170365,0.37204855987321206,0.381373663976508,0.390194636617399,0.395436119838669,0.410227649543346,0.424469198367789,0.439611820392202,0.45978796050734794,0.49361359513586106,0.524015620595079,0.578436409323153,0.63487449023078,0.7924653552177789,1.0
