1.0,0.808019686744266,0.6635714500954429,0.6243689218483921,0.559677546573255,0.5327435317265511,0.5161202981272179,0.5171896794743879,0.48816846930574204,0.4820670000635321,0.474753650226678,0.466083688689427,0.45932694575950606,0.45953916405124,0.453586411044575,0.444980977525859,0.437616443117522,0.42206137444745295,0.41025351073624,0.39499780695346104,0.39972741341583795,0.382036612751246,0.368793709357507,0.343048402873414,0.33468360613683695,0.311506584906916,0.29626219347431604,0.262733988086944,0.151532801491339,0.0451463551895815,0.000151320709064366,0.009423975433670271
0.808019686744266,1.0,0.912925550651585,0.849963894806171,0.7850532209388641,0.756300756596848,0.7334419524810458,0.728547015630127,0.6989734454931651,0.682719124388783,0.669128017297553,0.656980250004994,0.645852344001645,0.637149071229054,0.6228274019284079,0.61370895617683,0.602327221980671,0.5824887727742181,0.5688451645941071,0.558403057203418,0.559522771399151,0.5495958294111061,0.538506508761453,0.518922783968807,0.5077413729058211,0.48440663889490704,0.466092442376223,0.41666806671972206,0.281051003829149,0.14280562788794698,0.0671468414452622,0.0279473205270299
0.6635714500954429,0.912925550651585,1.0,0.9435160159414829,0.8884737666790369,0.8604761549382,0.836020500780386,0.822250279577119,0.7973123122244979,0.780258201578366,0.766806985391326,0.7559015845581301,0.742701327299833,0.7340432163052429,0.715951595115495,0.703681536817439,0.694024055573534,0.6749032938226551,0.658652692806541,0.646767881901039,0.644787350445168,0.6407776353164261,0.6261424908319809,0.605563419196138,0.594749422204074,0.5727383396939589,0.54884030376501,0.49422102941687396,0.33766886385000805,0.17067190282992098,0.0831364457270985,0.0363155104999177
0.6243689218483921,0.849963894806171,0.9435160159414829,1.0,0.9541386599273921,0.924428912477597,0.898403293838246,0.8806584537654549,0.8596067402658801,0.845118008167655,0.82981554947603,0.8178743080870241,0.8029775195210009,0.794524324297473,0.777203453193967,0.765303381050625,0.749997007215365,0.729382516479789,0.711898968843486,0.7003091687894711,0.698592521197479,0.6929187160228371,0.6759350651416389,0.651696496761214,0.637201066117741,0.6151542746359,0.587853431898484,0.53302440611052,0.369684051920535,0.180705440143643,0.0859341265325469,0.0557274067459335
0.559677546573255,0.7850532209388641,0.8884737666790369,0.9541386599273921,1.0,0.9769572726269481,0.9464358198075681,0.922966877836961,0.904524402298059,0.891669914125961,0.8783430392791239,0.863770114659881,0.845751938698196,0.835289859865153,0.820403574997264,0.8076224212620029,0.7943398977064301,0.7744844236855329,0.756443259144658,0.744880013411652,0.7388152049132621,0.7307030182404419,0.712098076648328,0.6881434161298988,0.671551101202413,0.64964934822341,0.620906389127838,0.5628479335250229,0.395687433870492,0.18823136567474696,0.0914654906860385,0.0618134814822399
0.5327435317265511,0.756300756596848,0.8604761549382,0.924428912477597,0.9769572726269481,1.0,0.980602551903653,0.953417459654781,0.9322130872614119,0.9178901486905329,0.904742926307316,0.889982857066243,0.874502023777882,0.86278594627353,0.8465942729278041,0.834504263020513,0.819411745161522,0.797843565993199,0.780337388648413,0.770308371237781,0.761571060437992,0.753038914925747,0.7352604507565149,0.712382284663289,0.694102050813563,0.674235633847433,0.646618331842097,0.587245662529718,0.4120062947829489,0.195796208015037,0.0915866227331362,0.0622071388074159
0.5161202981272179,0.7334419524810458,0.836020500780386,0.898403293838246,0.9464358198075681,0.980602551903653,1.0,0.9790134132768349,0.9561115841347979,0.940048423929341,0.926093253563013,0.9110027219975021,0.8952794554515471,0.8833191171647009,0.8658861967811291,0.852475264611524,0.8361720491159359,0.815316886255183,0.8011293868727242,0.791755707514669,0.781878950650886,0.7718121426847958,0.754584433474756,0.73281403862046,0.712103439801522,0.6921964056087341,0.6648638882907609,0.605518674687721,0.432712154561563,0.21265301699192302,0.10462888552858399,0.0651341098727705
0.5171896794743879,0.728547015630127,0.822250279577119,0.8806584537654549,0.922966877836961,0.953417459654781,0.9790134132768349,1.0,0.976140350907771,0.959879508653215,0.9440493393663549,0.929195962751648,0.912776968488182,0.900407044488012,0.8832882873410949,0.8688975577021658,0.850598143425986,0.828674805167026,0.8135544520173911,0.803560474496193,0.7942412147625559,0.785527440928663,0.771081007470793,0.7470463947372851,0.723539010424591,0.7039379737508409,0.6787683861043421,0.623095867686952,0.448315957913154,0.224149601949545,0.11482177509422802,0.0713859884672073
0.48816846930574204,0.6989734454931651,0.7973123122244979,0.8596067402658801,0.904524402298059,0.9322130872614119,0.9561115841347979,0.976140350907771,1.0,0.9873176327023141,0.968581121539384,0.950506867873175,0.9347558983223849,0.92076800708672,0.9036773041724301,0.888517646838509,0.8698780835982559,0.8503373110708271,0.832864413967574,0.820515139618126,0.807524727932075,0.798024787000207,0.7820658984215009,0.7575164405614351,0.7346759790645451,0.7168964473937399,0.689110315724694,0.628767717384927,0.449610178082171,0.223803020772084,0.10680051658146801,0.0610213718828887
0.4820670000635321,0.682719124388783,0.780258201578366,0.845118008167655,0.891669914125961,0.9178901486905329,0.940048423929341,0.959879508653215,0.9873176327023141,1.0,0.9875247724805171,0.9671242109675379,0.9506107297998541,0.935844282622225,0.918362094567257,0.9015261656254129,0.8828490619269709,0.865023376121515,0.846997150649623,0.832799636728862,0.8195352765718241,0.809408061692647,0.795049993996104,0.768184942438311,0.7443278150005179,0.7262406315372941,0.697346124269222,0.637351608781356,0.45511382173567294,0.22954125733694897,0.107801282118483,0.0613554127766611
0.474753650226678,0.669128017297553,0.766806985391326,0.82981554947603,0.8783430392791239,0.904742926307316,0.926093253563013,0.9440493393663549,0.968581121539384,0.9875247724805171,1.0,0.984843609265918,0.967689132063063,0.9524207500111501,0.936332856999476,0.918666993409658,0.9011104506824928,0.8833939449279109,0.86568604798734,0.8514503357167041,0.8386163496802801,0.8278078658384749,0.8133793062721241,0.7861875512334229,0.761882098714288,0.7410952135373141,0.713712248846313,0.654006707450164,0.464747605728456,0.23096180674375896,0.10894939646786399,0.0687034957075593
0.466083688689427,0.656980250004994,0.7559015845581301,0.8178743080870241,0.863770114659881,0.889982857066243,0.9110027219975021,0.929195962751648,0.950506867873175,0.9671242109675379,0.984843609265918,1.0,0.98351741455182,0.9676045397046421,0.9511265983650949,0.932697182633373,0.9137153641407759,0.897335624139838,0.878803299517209,0.8630182331993571,0.8506410790663779,0.8390591968167159,0.823735703935548,0.7969150175017979,0.7751828600030101,0.753136024139692,0.72651559805388,0.667138119460706,0.4734472142234679,0.23564698418183602,0.11265772397179,0.0770144487978083
0.45932694575950606,0.645852344001645,0.742701327299833,0.8029775195210009,0.845751938698196,0.874502023777882,0.8952794554515471,0.912776968488182,0.9347558983223849,0.9506107297998541,0.967689132063063,0.98351741455182,1.0,0.9894388872605608,0.97247567958197,0.9539870731137049,0.933913283992229,0.9151283416186691,0.8944816382438711,0.877520499026511,0.8639818061359599,0.851237694395757,0.835950329319404,0.8085232890632521,0.7875059927542091,0.7660570201516991,0.7407010326279521,0.681105694925571,0.48592333049056,0.24290277585178402,0.126314613411523,0.0880964341347773
0.45953916405124,0.637149071229054,0.7340432163052429,0.794524324297473,0.835289859865153,0.86278594627353,0.8833191171647009,0.900407044488012,0.92076800708672,0.935844282622225,0.9524207500111501,0.9676045397046421,0.9894388872605608,1.0,0.989200409831354,0.970888145693271,0.9497156773630271,0.929207346991261,0.9075424367104431,0.8899042477075321,0.874781637040381,0.860852673615859,0.8439529044596429,0.816209325351298,0.7949021575867241,0.773041941419495,0.7482959633783421,0.6874410163390711,0.488756858180022,0.23830513919671104,0.131793217562719,0.0958103814997397
0.453586411044575,0.6228274019284079,0.715951595115495,0.777203453193967,0.820403574997264,0.8465942729278041,0.8658861967811291,0.8832882873410949,0.9036773041724301,0.918362094567257,0.936332856999476,0.9511265983650949,0.97247567958197,0.989200409831354,1.0,0.988757822425326,0.9690615286475359,0.949221891128812,0.927170631845098,0.9089419080572909,0.890832338442813,0.874671799962971,0.8566550931509979,0.8276918871253431,0.8061751585592499,0.782019551750178,0.755331708458261,0.694090119491106,0.491895850055274,0.235240429114316,0.13303165895598199,0.10630458982606698
0.444980977525859,0.61370895617683,0.703681536817439,0.765303381050625,0.8076224212620029,0.834504263020513,0.852475264611524,0.8688975577021658,0.888517646838509,0.9015261656254129,0.918666993409658,0.932697182633373,0.9539870731137049,0.970888145693271,0.988757822425326,1.0,0.9843397692948259,0.964096650377049,0.94346820949872,0.922877246895338,0.904127721882575,0.8858949152729051,0.8673587792231781,0.8387716855920899,0.816665231117518,0.793461702699722,0.767439173386409,0.7047618567280981,0.499207799601072,0.244326130346806,0.15045286265927,0.126226533337827
0.437616443117522,0.602327221980671,0.694024055573534,0.749997007215365,0.7943398977064301,0.819411745161522,0.8361720491159359,0.850598143425986,0.8698780835982559,0.8828490619269709,0.9011104506824928,0.9137153641407759,0.933913283992229,0.9497156773630271,0.9690615286475359,0.9843397692948259,1.0,0.985143887059109,0.964351126130427,0.9427210469427009,0.923050317140109,0.902968731118859,0.8837328099593091,0.854482102831582,0.8340635042381421,0.809205109049004,0.7834532531587671,0.7183384539194971,0.5076076810068,0.24716788347084198,0.15650796561417402,0.133609414805662
0.42206137444745295,0.5824887727742181,0.6749032938226551,0.729382516479789,0.7744844236855329,0.797843565993199,0.815316886255183,0.828674805167026,0.8503373110708271,0.865023376121515,0.8833939449279109,0.897335624139838,0.9151283416186691,0.929207346991261,0.949221891128812,0.964096650377049,0.985143887059109,1.0,0.9869212516719359,0.9638715674831049,0.9393836276067141,0.918283163329345,0.897943958722295,0.8685079711375829,0.8447732149014929,0.817204474586159,0.7892906523918191,0.725231274665893,0.513420885779132,0.25604962812687604,0.168351561654306,0.14983397058163597
0.41025351073624,0.5688451645941071,0.658652692806541,0.711898968843486,0.756443259144658,0.780337388648413,0.8011293868727242,0.8135544520173911,0.832864413967574,0.846997150649623,0.86568604798734,0.878803299517209,0.8944816382438711,0.9075424367104431,0.927170631845098,0.94346820949872,0.964351126130427,0.9869212516719359,1.0,0.984274721276851,0.957854165609274,0.9370099101876078,0.916801841717813,0.8872098685236801,0.859257129550929,0.8303165134897621,0.8007096472403441,0.7359569023157729,0.5257089539761429,0.26853339541001,0.17937835496264604,0.157897327962852
0.39499780695346104,0.558403057203418,0.646767881901039,0.7003091687894711,0.744880013411652,0.770308371237781,0.791755707514669,0.803560474496193,0.820515139618126,0.832799636728862,0.8514503357167041,0.8630182331993571,0.877520499026511,0.8899042477075321,0.9089419080572909,0.922877246895338,0.9427210469427009,0.9638715674831049,0.984274721276851,1.0,0.9806467376425649,0.9607176903614641,0.9393096746064059,0.9067692866657869,0.8756405596233059,0.848438635672538,0.8202805674977371,0.759360658037643,0.560762465913481,0.30394927797760996,0.20086080470239498,0.174556766799046
0.39972741341583795,0.559522771399151,0.644787350445168,0.698592521197479,0.7388152049132621,0.761571060437992,0.781878950650886,0.7942412147625559,0.807524727932075,0.8195352765718241,0.8386163496802801,0.8506410790663779,0.8639818061359599,0.874781637040381,0.890832338442813,0.904127721882575,0.923050317140109,0.9393836276067141,0.957854165609274,0.9806467376425649,1.0,0.981304500454845,0.9565740077209001,0.922278583087068,0.8900929213411041,0.863133164910817,0.835401064315727,0.776037667463384,0.58188754060966,0.323647004281995,0.22676283598420602,0.193592070079907
0.382036612751246,0.5495958294111061,0.6407776353164261,0.6929187160228371,0.7307030182404419,0.753038914925747,0.7718121426847958,0.785527440928663,0.798024787000207,0.809408061692647,0.8278078658384749,0.8390591968167159,0.851237694395757,0.860852673615859,0.874671799962971,0.8858949152729051,0.902968731118859,0.918283163329345,0.9370099101876078,0.9607176903614641,0.981304500454845,1.0,0.984874015588042,0.9517410050949121,0.9196515213156301,0.894333583040541,0.8665988413503442,0.8076912309874269,0.619626178294389,0.362895705142826,0.24810201462665804,0.211860311666058
0.368793709357507,0.538506508761453,0.6261424908319809,0.6759350651416389,0.712098076648328,0.7352604507565149,0.754584433474756,0.771081007470793,0.7820658984215009,0.795049993996104,0.8133793062721241,0.823735703935548,0.835950329319404,0.8439529044596429,0.8566550931509979,0.8673587792231781,0.8837328099593091,0.897943958722295,0.916801841717813,0.9393096746064059,0.9565740077209001,0.984874015588042,1.0,0.978536289443072,0.9474841247760871,0.9221397276171759,0.895557277148689,0.835466376423734,0.65797421280209,0.4180224133458789,0.27920201559702,0.23218686461948398
0.343048402873414,0.518922783968807,0.605563419196138,0.651696496761214,0.6881434161298988,0.712382284663289,0.73281403862046,0.7470463947372851,0.7575164405614351,0.768184942438311,0.7861875512334229,0.7969150175017979,0.8085232890632521,0.816209325351298,0.8276918871253431,0.8387716855920899,0.854482102831582,0.8685079711375829,0.8872098685236801,0.9067692866657869,0.922278583087068,0.9517410050949121,0.978536289443072,1.0,0.97912637597399,0.9553412588676321,0.929387526845995,0.8673991366421742,0.6878041372933559,0.446557865563617,0.303686759739771,0.244895121368118
0.33468360613683695,0.5077413729058211,0.594749422204074,0.637201066117741,0.671551101202413,0.694102050813563,0.712103439801522,0.723539010424591,0.7346759790645451,0.7443278150005179,0.761882098714288,0.7751828600030101,0.7875059927542091,0.7949021575867241,0.8061751585592499,0.816665231117518,0.8340635042381421,0.8447732149014929,0.859257129550929,0.8756405596233059,0.8900929213411041,0.9196515213156301,0.9474841247760871,0.97912637597399,1.0,0.977708758732753,0.950984017798083,0.892518345879471,0.7124917650910491,0.468444716448382,0.32377282419226194,0.24727197002356302
0.311506584906916,0.48440663889490704,0.5727383396939589,0.6151542746359,0.64964934822341,0.674235633847433,0.6921964056087341,0.7039379737508409,0.7168964473937399,0.7262406315372941,0.7410952135373141,0.753136024139692,0.7660570201516991,0.773041941419495,0.782019551750178,0.793461702699722,0.809205109049004,0.817204474586159,0.8303165134897621,0.848438635672538,0.863133164910817,0.894333583040541,0.9221397276171759,0.9553412588676321,0.977708758732753,1.0,0.979570871318588,0.923847611125627,0.756877942711637,0.5164962165514221,0.349680365848704,0.269545297285058
0.29626219347431604,0.466092442376223,0.54884030376501,0.587853431898484,0.620906389127838,0.646618331842097,0.6648638882907609,0.6787683861043421,0.689110315724694,0.697346124269222,0.713712248846313,0.72651559805388,0.7407010326279521,0.7482959633783421,0.755331708458261,0.767439173386409,0.7834532531587671,0.7892906523918191,0.8007096472403441,0.8202805674977371,0.835401064315727,0.8665988413503442,0.895557277148689,0.929387526845995,0.950984017798083,0.979570871318588,1.0,0.961336697024853,0.805200245098922,0.556533417420228,0.387522304622116,0.295730862677646
0.262733988086944,0.41666806671972206,0.49422102941687396,0.53302440611052,0.5628479335250229,0.587245662529718,0.605518674687721,0.623095867686952,0.628767717384927,0.637351608781356,0.654006707450164,0.667138119460706,0.681105694925571,0.6874410163390711,0.694090119491106,0.7047618567280981,0.7183384539194971,0.725231274665893,0.7359569023157729,0.759360658037643,0.776037667463384,0.8076912309874269,0.835466376423734,0.8673991366421742,0.892518345879471,0.923847611125627,0.961336697024853,1.0,0.8728838512355269,0.613188203196034,0.41696147001177297,0.331014685399417
0.151532801491339,0.281051003829149,0.33766886385000805,0.369684051920535,0.395687433870492,0.4120062947829489,0.432712154561563,0.448315957913154,0.449610178082171,0.45511382173567294,0.464747605728456,0.4734472142234679,0.48592333049056,0.488756858180022,0.491895850055274,0.499207799601072,0.5076076810068,0.513420885779132,0.5257089539761429,0.560762465913481,0.58188754060966,0.619626178294389,0.65797421280209,0.6878041372933559,0.7124917650910491,0.756877942711637,0.805200245098922,0.8728838512355269,1.0,0.7674608648812941,0.536247560512857,0.41396571553288
0.0451463551895815,0.14280562788794698,0.17067190282992098,0.180705440143643,0.18823136567474696,0.195796208015037,0.21265301699192302,0.224149601949545,0.223803020772084,0.22954125733694897,0.23096180674375896,0.23564698418183602,0.24290277585178402,0.23830513919671104,0.235240429114316,0.244326130346806,0.24716788347084198,0.25604962812687604,0.26853339541001,0.30394927797760996,0.323647004281995,0.362895705142826,0.4180224133458789,0.446557865563617,0.468444716448382,0.5164962165514221,0.556533417420228,0.613188203196034,0.7674608648812941,1.0,0.7651217337693921,0.48139811010356004
0.000151320709064366,0.0671468414452622,0.0831364457270985,0.0859341265325469,0.0914654906860385,0.0915866227331362,0.10462888552858399,0.11482177509422802,0.10680051658146801,0.107801282118483,0.10894939646786399,0.11265772397179,0.126314613411523,0.131793217562719,0.13303165895598199,0.15045286265927,0.15650796561417402,0.168351561654306,0.17937835496264604,0.20086080470239498,0.22676283598420602,0.24810201462665804,0.27920201559702,0.303686759739771,0.32377282419226194,0.349680365848704,0.387522304622116,0.41696147001177297,0.536247560512857,0.7651217337693921,1.0,0.682565231463339
0.009423975433670271,0.0279473205270299,0.0363155104999177,0.0557274067459335,0.0618134814822399,0.0622071388074159,0.0651341098727705,0.0713859884672073,0.0610213718828887,0.0613554127766611,0.0687034957075593,0.0770144487978083,0.0880964341347773,0.0958103814997397,0.10630458982606698,0.126226533337827,0.133609414805662,0.14983397058163597,0.157897327962852,0.174556766799046,0.193592070079907,0.211860311666058,0.23218686461948398,0.244895121368118,0.24727197002356302,0.269545297285058,0.295730862677646,0.331014685399417,0.41396571553288,0.48139811010356004,0.682565231463339,1.0
