1.0,0.87344452087337,0.8500031578824151,0.8400618385363949,0.8297276581074201,0.8216787862450309,0.8152202066446841,0.8074547279802591,0.8009357931827371,0.7963384932114058,0.792485581445394,0.791816551887612,0.7875491436469371,0.783013096293432,0.7790392687258499,0.7741082336758199,0.771453196898439,0.7663596435932281,0.7614426600594291,0.7589514325197559,0.755425721183795,0.7533953053866899,0.7480043518619358,0.744482516453006,0.738668638607848,0.729491846306081,0.71717778989923,0.7051952523672379,0.690256744235083,0.6553000407428139,0.535216748964166,0.21602255273335996
0.87344452087337,1.0,0.978242938798807,0.9646076516318149,0.9577344427820171,0.9491712898669941,0.9438083883746571,0.938376141404803,0.9318403992231329,0.9282296652496709,0.923760954074121,0.9210493432691701,0.9166694024429191,0.912703710631904,0.9088774064358259,0.9048616382187271,0.901580119308387,0.8974499311793609,0.893923387008813,0.8917841436345909,0.888870637832039,0.886997415839889,0.882334649995072,0.880067508561859,0.8749142177239471,0.8669439816088499,0.8577523086096841,0.8456029649461809,0.828816701556395,0.7913000327232091,0.6598083304227149,0.302139336155292
0.8500031578824151,0.978242938798807,1.0,0.987810700293685,0.979675277535453,0.972806024069413,0.9679177229072671,0.962697752502551,0.956401484533888,0.952924868100813,0.9488500721980091,0.9461927434423659,0.9420990575357041,0.938345457413726,0.9345183933656679,0.9307027002998309,0.928363125316258,0.9253269538997478,0.92233163622724,0.920225533989677,0.916826451151869,0.914400857174792,0.911102243897524,0.909073253202279,0.9042794778962329,0.8966997316993959,0.8876200351744791,0.8752426508449209,0.857103319451876,0.820130120146784,0.684946645361746,0.31512492301005296
0.8400618385363949,0.9646076516318149,0.987810700293685,1.0,0.9917574788294359,0.985698256167825,0.9810944909764521,0.976249964630207,0.9702160496561809,0.965990029103908,0.961721317696242,0.958959756597462,0.9554768764070242,0.95153329877025,0.947600261530816,0.943430671255414,0.9408611777965459,0.9372704754494241,0.933863093120902,0.931279094434015,0.9282603530132509,0.926239302573193,0.9232516557487289,0.921586702999063,0.9173781321496971,0.9102290773730319,0.9009652944015029,0.887793359868997,0.869758493404996,0.833626028136605,0.699206715967533,0.326070252782445
0.8297276581074201,0.9577344427820171,0.979675277535453,0.9917574788294359,1.0,0.993973865886379,0.9893367979543309,0.9845949096098779,0.97924192807939,0.974604576771357,0.9705270093252958,0.967142916188721,0.9638980444075671,0.960038207537695,0.956188698291312,0.952167278279057,0.948866625292397,0.9451830567167181,0.9417730520764771,0.939322198625588,0.9366276698711251,0.9346913955891221,0.9318847124432009,0.9305846560791621,0.926650001467807,0.920502514558444,0.9114187602677131,0.900061213942217,0.883038419146723,0.8483368629637471,0.7180344678856221,0.33846198711941994
0.8216787862450309,0.9491712898669941,0.972806024069413,0.985698256167825,0.993973865886379,1.0,0.995527642187463,0.9907127922632,0.985295171717573,0.9809899295630741,0.976857700158712,0.973300193626344,0.9697420849107149,0.965662131200005,0.9613003376347241,0.95714057156651,0.9534813973049859,0.9501138423916949,0.946852327764745,0.944416938010907,0.9419135908537499,0.940163166988418,0.937126636471392,0.935625893990815,0.9323393000516859,0.926885802235792,0.9183276180524941,0.9071456491283522,0.890495334002865,0.856917647411111,0.729287010737961,0.34266377205739096
0.8152202066446841,0.9438083883746571,0.9679177229072671,0.9810944909764521,0.9893367979543309,0.995527642187463,1.0,0.996148076853018,0.99086181955653,0.986674581037109,0.9823783184148308,0.979020399124787,0.975367389575716,0.9713330280377289,0.9668554678865958,0.962596702789408,0.9586726601041908,0.9551981103519079,0.95199169686161,0.9497335526118371,0.9470648331994471,0.945220507040076,0.9430785571579521,0.94163829499957,0.9389858814969779,0.9337519560573141,0.92510110141471,0.9143301251986501,0.8981601927149101,0.865104364201431,0.7371764287484179,0.346360725366602
0.8074547279802591,0.938376141404803,0.962697752502551,0.976249964630207,0.9845949096098779,0.9907127922632,0.996148076853018,1.0,0.996468140061948,0.9929120150967801,0.9892757472251609,0.9856816583573441,0.982110546887831,0.9778452967613629,0.973614058518854,0.969291132342177,0.9650584942740581,0.961801862282109,0.9583477731919541,0.95595291891167,0.9534853198822301,0.9515865890919721,0.949631310688761,0.948236283599862,0.9458080408727769,0.941267056208231,0.9332207832871079,0.923066953610232,0.9074052413711721,0.875265153845848,0.750749424738082,0.354809989345302
0.8009357931827371,0.9318403992231329,0.956401484533888,0.9702160496561809,0.97924192807939,0.985295171717573,0.99086181955653,0.996468140061948,1.0,0.996969229440992,0.9939995616121909,0.9906497466724851,0.9872294916285609,0.9829504379806171,0.97855838940011,0.9740125705691701,0.9695523530114659,0.966242982793034,0.962725311879404,0.960385573534524,0.958216628064326,0.956596393118722,0.954939923896275,0.9537348253635229,0.951596342988353,0.947134850704852,0.9397312487085129,0.930196617281923,0.9150799206187891,0.884303544527937,0.7638723489781519,0.367597551757973
0.7963384932114058,0.9282296652496709,0.952924868100813,0.965990029103908,0.974604576771357,0.9809899295630741,0.986674581037109,0.9929120150967801,0.996969229440992,1.0,0.997900680012687,0.9950304624761851,0.9918136837775471,0.98754963175311,0.983039131394688,0.978533946161595,0.9744162559996741,0.9712886798405109,0.967231875804712,0.964819287297552,0.9630149948198299,0.961246682089006,0.959753639876871,0.9586995721826892,0.956720335703597,0.9520966674675091,0.945011197518813,0.936429559320218,0.922036194417305,0.891755404285167,0.772997457225292,0.376515653722408
0.792485581445394,0.923760954074121,0.9488500721980091,0.961721317696242,0.9705270093252958,0.976857700158712,0.9823783184148308,0.9892757472251609,0.9939995616121909,0.997900680012687,1.0,0.997900087651071,0.9949945046990419,0.990881783740463,0.9864964442133871,0.982093117684973,0.9779867487893941,0.974835491587412,0.9705724085775059,0.9681733619292809,0.966513753414287,0.964624815268067,0.962963076325698,0.962079155733785,0.9599272586049991,0.9555196446762421,0.948853815199498,0.9409958980873979,0.927103286824058,0.8970793085629549,0.780103781515847,0.376498836655906
0.791816551887612,0.9210493432691701,0.9461927434423659,0.958959756597462,0.967142916188721,0.973300193626344,0.979020399124787,0.9856816583573441,0.9906497466724851,0.9950304624761851,0.997900087651071,1.0,0.997744570660795,0.99413491287128,0.9902309342338991,0.986561353473552,0.982358207166641,0.9792411099780591,0.9749063811145541,0.972273675592338,0.9706880586424049,0.9684755995859441,0.966834272396103,0.9658914952290301,0.9638442561791072,0.9596069573189029,0.9532030223788929,0.945854649865583,0.932527916067092,0.9032839455893299,0.7866482927918051,0.381794140064293
0.7875491436469371,0.9166694024429191,0.9420990575357041,0.9554768764070242,0.9638980444075671,0.9697420849107149,0.975367389575716,0.982110546887831,0.9872294916285609,0.9918136837775471,0.9949945046990419,0.997744570660795,1.0,0.9975873975317628,0.9938032703400029,0.990439859881809,0.9867131241148209,0.983370000344626,0.9790244155612551,0.9763168819507779,0.974783099409423,0.9722466291634599,0.9709112926019839,0.9699006192664091,0.967944334118889,0.9640157474220901,0.957698881683604,0.9504404252068241,0.937367945515521,0.909273195411437,0.793774028140222,0.385404617093974
0.783013096293432,0.912703710631904,0.938345457413726,0.95153329877025,0.960038207537695,0.965662131200005,0.9713330280377289,0.9778452967613629,0.9829504379806171,0.98754963175311,0.990881783740463,0.99413491287128,0.9975873975317628,1.0,0.9974706460880319,0.994720312615172,0.991629072281862,0.988381235274009,0.9842807331122879,0.981570594459838,0.9796721446187779,0.9769048880237711,0.975670049798141,0.9746024193851809,0.972269342528141,0.9687451660537271,0.962861797702104,0.956491469115213,0.94328470772735,0.916229110317015,0.8033794009597429,0.391944006277524
0.7790392687258499,0.9088774064358259,0.9345183933656679,0.947600261530816,0.956188698291312,0.9613003376347241,0.9668554678865958,0.973614058518854,0.97855838940011,0.983039131394688,0.9864964442133871,0.9902309342338991,0.9938032703400029,0.9974706460880319,1.0,0.9979336591844119,0.9954561384940341,0.992581860335415,0.9889511385893829,0.9859685027918861,0.983758564989582,0.9807697480023398,0.9797132628285551,0.978595408385343,0.9761271796627021,0.9727404437005809,0.9672825431827299,0.961070861005647,0.948470711548891,0.9225660952752499,0.8117928923686031,0.39733667041504206
0.7741082336758199,0.9048616382187271,0.9307027002998309,0.943430671255414,0.952167278279057,0.95714057156651,0.962596702789408,0.969291132342177,0.9740125705691701,0.978533946161595,0.982093117684973,0.986561353473552,0.990439859881809,0.994720312615172,0.9979336591844119,1.0,0.9981337080969781,0.995397535672983,0.9920945424068871,0.989132666465493,0.9867671325717959,0.9836247063793809,0.9824483618496701,0.9811287403793331,0.978518395578211,0.97506540074621,0.9696247875170692,0.9634465816734201,0.9512732349382521,0.925855540565416,0.816351708257595,0.39878464571008293
0.771453196898439,0.901580119308387,0.928363125316258,0.9408611777965459,0.948866625292397,0.9534813973049859,0.9586726601041908,0.9650584942740581,0.9695523530114659,0.9744162559996741,0.9779867487893941,0.982358207166641,0.9867131241148209,0.991629072281862,0.9954561384940341,0.9981337080969781,1.0,0.9980842970285221,0.9952006506004409,0.9925011950450731,0.990213370975309,0.986945565553263,0.985823079163528,0.9841612422093129,0.9812608891573729,0.977530417786542,0.9722454771244641,0.9659037910307241,0.95372520408424,0.928516875254749,0.8184835888578,0.40362638284568897
0.7663596435932281,0.8974499311793609,0.9253269538997478,0.9372704754494241,0.9451830567167181,0.9501138423916949,0.9551981103519079,0.961801862282109,0.966242982793034,0.9712886798405109,0.974835491587412,0.9792411099780591,0.983370000344626,0.988381235274009,0.992581860335415,0.995397535672983,0.9980842970285221,1.0,0.9979460146074399,0.99524216351703,0.993171964100631,0.9901817012317691,0.98889006647111,0.987026048552844,0.9838837940081179,0.980274232990792,0.9749743253878249,0.9682839750933521,0.956032236394422,0.930928644626417,0.8209255866651359,0.40914429172459604
0.7614426600594291,0.893923387008813,0.92233163622724,0.933863093120902,0.9417730520764771,0.946852327764745,0.95199169686161,0.9583477731919541,0.962725311879404,0.967231875804712,0.9705724085775059,0.9749063811145541,0.9790244155612551,0.9842807331122879,0.9889511385893829,0.9920945424068871,0.9952006506004409,0.9979460146074399,1.0,0.9980181324152421,0.9959434958390659,0.9928187774537021,0.990961736307603,0.9889185482156341,0.985808285256167,0.982127377716977,0.976906865035823,0.9702274136055079,0.9584551938279681,0.9337583431703059,0.8235710329608721,0.412883491820634
0.7589514325197559,0.8917841436345909,0.920225533989677,0.931279094434015,0.939322198625588,0.944416938010907,0.9497335526118371,0.95595291891167,0.960385573534524,0.964819287297552,0.9681733619292809,0.972273675592338,0.9763168819507779,0.981570594459838,0.9859685027918861,0.989132666465493,0.9925011950450731,0.99524216351703,0.9980181324152421,1.0,0.9980354774992192,0.995094886972795,0.993002000372601,0.990954790476134,0.987794024240112,0.9839604986409991,0.9787528735835109,0.9721874838401461,0.9606615010747479,0.935287379662845,0.8248572802699441,0.414968434517207
0.755425721183795,0.888870637832039,0.916826451151869,0.9282603530132509,0.9366276698711251,0.9419135908537499,0.9470648331994471,0.9534853198822301,0.958216628064326,0.9630149948198299,0.966513753414287,0.9706880586424049,0.974783099409423,0.9796721446187779,0.983758564989582,0.9867671325717959,0.990213370975309,0.993171964100631,0.9959434958390659,0.9980354774992192,1.0,0.997926668491197,0.995664970247087,0.9935871617270631,0.990435644043033,0.986810574797933,0.9818461510476559,0.9750181095390391,0.96395289490586,0.9377270150174292,0.8283931732505341,0.417595683174193
0.7533953053866899,0.886997415839889,0.914400857174792,0.926239302573193,0.9346913955891221,0.940163166988418,0.945220507040076,0.9515865890919721,0.956596393118722,0.961246682089006,0.964624815268067,0.9684755995859441,0.9722466291634599,0.9769048880237711,0.9807697480023398,0.9836247063793809,0.986945565553263,0.9901817012317691,0.9928187774537021,0.995094886972795,0.997926668491197,1.0,0.997993871901629,0.99544835152931,0.992321864585453,0.98865491165751,0.9836547957630749,0.976957699761492,0.9665689089397679,0.9409590592486391,0.833326921241433,0.415714654158146
0.7480043518619358,0.882334649995072,0.911102243897524,0.9232516557487289,0.9318847124432009,0.937126636471392,0.9430785571579521,0.949631310688761,0.954939923896275,0.959753639876871,0.962963076325698,0.966834272396103,0.9709112926019839,0.975670049798141,0.9797132628285551,0.9824483618496701,0.985823079163528,0.98889006647111,0.990961736307603,0.993002000372601,0.995664970247087,0.997993871901629,1.0,0.997713272964326,0.994592547858295,0.991099925846058,0.9859558056086941,0.979976730897744,0.969211538965664,0.944398269330501,0.8401474092287241,0.41717986138215507
0.744482516453006,0.880067508561859,0.909073253202279,0.921586702999063,0.9305846560791621,0.935625893990815,0.94163829499957,0.948236283599862,0.9537348253635229,0.9586995721826892,0.962079155733785,0.9658914952290301,0.9699006192664091,0.9746024193851809,0.978595408385343,0.9811287403793331,0.9841612422093129,0.987026048552844,0.9889185482156341,0.990954790476134,0.9935871617270631,0.99544835152931,0.997713272964326,1.0,0.9973775859502692,0.9939425395960351,0.9886173009895269,0.9826837097627309,0.9715340550861129,0.9464207154414871,0.842080978343014,0.416637753271049
0.738668638607848,0.8749142177239471,0.9042794778962329,0.9173781321496971,0.926650001467807,0.9323393000516859,0.9389858814969779,0.9458080408727769,0.951596342988353,0.956720335703597,0.9599272586049991,0.9638442561791072,0.967944334118889,0.972269342528141,0.9761271796627021,0.978518395578211,0.9812608891573729,0.9838837940081179,0.985808285256167,0.987794024240112,0.990435644043033,0.992321864585453,0.994592547858295,0.9973775859502692,1.0,0.9965074301629292,0.9912504567024579,0.985599294246758,0.9747262014850558,0.950105546122142,0.8444658578541719,0.418273619744863
0.729491846306081,0.8669439816088499,0.8966997316993959,0.9102290773730319,0.920502514558444,0.926885802235792,0.9337519560573141,0.941267056208231,0.947134850704852,0.9520966674675091,0.9555196446762421,0.9596069573189029,0.9640157474220901,0.9687451660537271,0.9727404437005809,0.97506540074621,0.977530417786542,0.980274232990792,0.982127377716977,0.9839604986409991,0.986810574797933,0.98865491165751,0.991099925846058,0.9939425395960351,0.9965074301629292,1.0,0.9958867538727209,0.990492635007279,0.9802372731430051,0.956451983657635,0.8604871962570791,0.422034887008752
0.71717778989923,0.8577523086096841,0.8876200351744791,0.9009652944015029,0.9114187602677131,0.9183276180524941,0.92510110141471,0.9332207832871079,0.9397312487085129,0.945011197518813,0.948853815199498,0.9532030223788929,0.957698881683604,0.962861797702104,0.9672825431827299,0.9696247875170692,0.9722454771244641,0.9749743253878249,0.976906865035823,0.9787528735835109,0.9818461510476559,0.9836547957630749,0.9859558056086941,0.9886173009895269,0.9912504567024579,0.9958867538727209,1.0,0.9946830065175429,0.98561356873486,0.9637717383705751,0.8717892865554699,0.437786217466046
0.7051952523672379,0.8456029649461809,0.8752426508449209,0.887793359868997,0.900061213942217,0.9071456491283522,0.9143301251986501,0.923066953610232,0.930196617281923,0.936429559320218,0.9409958980873979,0.945854649865583,0.9504404252068241,0.956491469115213,0.961070861005647,0.9634465816734201,0.9659037910307241,0.9682839750933521,0.9702274136055079,0.9721874838401461,0.9750181095390391,0.976957699761492,0.979976730897744,0.9826837097627309,0.985599294246758,0.990492635007279,0.9946830065175429,1.0,0.991904086273612,0.971382141337211,0.883822603468899,0.43652944569735297
0.690256744235083,0.828816701556395,0.857103319451876,0.869758493404996,0.883038419146723,0.890495334002865,0.8981601927149101,0.9074052413711721,0.9150799206187891,0.922036194417305,0.927103286824058,0.932527916067092,0.937367945515521,0.94328470772735,0.948470711548891,0.9512732349382521,0.95372520408424,0.956032236394422,0.9584551938279681,0.9606615010747479,0.96395289490586,0.9665689089397679,0.969211538965664,0.9715340550861129,0.9747262014850558,0.9802372731430051,0.98561356873486,0.991904086273612,1.0,0.9830117082770491,0.901121366993227,0.451772654832616
0.6553000407428139,0.7913000327232091,0.820130120146784,0.833626028136605,0.8483368629637471,0.856917647411111,0.865104364201431,0.875265153845848,0.884303544527937,0.891755404285167,0.8970793085629549,0.9032839455893299,0.909273195411437,0.916229110317015,0.9225660952752499,0.925855540565416,0.928516875254749,0.930928644626417,0.9337583431703059,0.935287379662845,0.9377270150174292,0.9409590592486391,0.944398269330501,0.9464207154414871,0.950105546122142,0.956451983657635,0.9637717383705751,0.971382141337211,0.9830117082770491,1.0,0.925750918895763,0.45929535704562896
0.535216748964166,0.6598083304227149,0.684946645361746,0.699206715967533,0.7180344678856221,0.729287010737961,0.7371764287484179,0.750749424738082,0.7638723489781519,0.772997457225292,0.780103781515847,0.7866482927918051,0.793774028140222,0.8033794009597429,0.8117928923686031,0.816351708257595,0.8184835888578,0.8209255866651359,0.8235710329608721,0.8248572802699441,0.8283931732505341,0.833326921241433,0.8401474092287241,0.842080978343014,0.8444658578541719,0.8604871962570791,0.8717892865554699,0.883822603468899,0.901121366993227,0.925750918895763,1.0,0.502111876609426
0.21602255273335996,0.302139336155292,0.31512492301005296,0.326070252782445,0.33846198711941994,0.34266377205739096,0.346360725366602,0.354809989345302,0.367597551757973,0.376515653722408,0.376498836655906,0.381794140064293,0.385404617093974,0.391944006277524,0.39733667041504206,0.39878464571008293,0.40362638284568897,0.40914429172459604,0.412883491820634,0.414968434517207,0.417595683174193,0.415714654158146,0.41717986138215507,0.416637753271049,0.418273619744863,0.422034887008752,0.437786217466046,0.43652944569735297,0.451772654832616,0.45929535704562896,0.502111876609426,1.0
