1.0,0.8790165468561929,0.8296706443920571,0.810247497353261,0.790037554312823,0.77737998595911,0.7709340524316322,0.7665051031495009,0.759482925562228,0.7543096712309849,0.74837246488485,0.747069817993146,0.7441095133165151,0.745498991072649,0.7457221504113198,0.7408854780933709,0.7363118077853471,0.736151503530365,0.731134543868535,0.725469694596743,0.7232796314318549,0.7188857383074759,0.7130528610860541,0.7108345549030011,0.707477158263948,0.702394512211788,0.688391709529086,0.6746645305156539,0.647308179968939,0.577983799126869,0.426246585009764,0.0500662060296454
0.8790165468561929,1.0,0.9661464604438771,0.9476637462302371,0.9314340095248209,0.91833252297203,0.9124444035608008,0.906883237072181,0.8992423011052769,0.894560026160452,0.8911517697436958,0.891502176815391,0.8878636704133871,0.8847925169170969,0.884075711532502,0.8804197055206329,0.8742494624714209,0.8710706048243559,0.864779586483496,0.861601799986121,0.857126063472023,0.8545797949640269,0.8498742013986701,0.8443837093204901,0.8398671247619471,0.8339993851798059,0.819558615201742,0.8034783311074499,0.7757103899796891,0.7089359314917009,0.547651768225609,0.0548009177910489
0.8296706443920571,0.9661464604438771,1.0,0.980207737105427,0.9656996441703259,0.9552509490231541,0.9501321718783191,0.945608922367789,0.939439895099455,0.9345039627395141,0.929572469309101,0.92927963059035,0.9264154565032521,0.9231920993635409,0.9224379366476341,0.919720215229481,0.915005668951806,0.911976889280431,0.906811186202706,0.9037551494218791,0.899076158905363,0.896967242219881,0.892632779302127,0.887409420687213,0.8831927057807378,0.876506118672313,0.8640837727797109,0.847066361613062,0.819928202938114,0.75334599686414,0.593931777738916,0.0881709692441545
0.810247497353261,0.9476637462302371,0.980207737105427,1.0,0.989136387860687,0.9790718627747421,0.9731254825014971,0.968266819974354,0.963411026923707,0.9586535772289829,0.954850666066566,0.953168145919285,0.949673915831532,0.945191126887876,0.942141183489636,0.9382145805508021,0.9328364679749129,0.9281123753507459,0.922988043234298,0.9190432893632969,0.9140220369599749,0.910677302522838,0.905587270637574,0.9021092686247579,0.897277074225225,0.890172543681999,0.877423307521285,0.860250670785116,0.8313834333560629,0.763591598434608,0.609431283888035,0.0962915435188085
0.790037554312823,0.9314340095248209,0.9656996441703259,0.989136387860687,1.0,0.9919579380636491,0.9844470598722049,0.978202854136253,0.9728369521300921,0.967602389807508,0.963930901346729,0.9616882314937429,0.958228913892073,0.9532551962029101,0.950257612348794,0.9457524749148699,0.939414944960649,0.933801109166415,0.929743045037,0.925017367982797,0.9200894617931691,0.9163120009331779,0.909835573000042,0.905892892040386,0.9013964815275709,0.894171491634819,0.880865968607609,0.86431967297287,0.836043471275027,0.7678777541531959,0.617643582976807,0.0991089579946727
0.77737998595911,0.91833252297203,0.9552509490231541,0.9790718627747421,0.9919579380636491,1.0,0.9931545736868019,0.9864574267889,0.981376867260582,0.975857479767667,0.971515506537109,0.968876714956332,0.9650250559427579,0.958950507260657,0.955980285413688,0.951063609582085,0.9450058202445859,0.939343342589323,0.935060572495537,0.9304494912141571,0.9253915234754859,0.921570485123863,0.9151165873176609,0.9110872832314392,0.906608026021729,0.899574082952723,0.88646402786941,0.871291168273516,0.8441807613810091,0.777688703206577,0.627132399318641,0.10451300770642698
0.7709340524316322,0.9124444035608008,0.9501321718783191,0.9731254825014971,0.9844470598722049,0.9931545736868019,1.0,0.9949963334630499,0.9905401327214721,0.9850269527297941,0.9799704047495441,0.9765659728857831,0.9722817965380649,0.9662027359302781,0.9622008995445072,0.9573981180561508,0.9516601744286859,0.9465472593663101,0.942280092592355,0.937678133224444,0.9324075297011921,0.9277368424872869,0.9204620115863441,0.9158103716645799,0.9114115510282719,0.9052634641596758,0.8932027460067071,0.878410557484792,0.8530920281475942,0.7892053482003571,0.6405285976885811,0.11429295571341198
0.7665051031495009,0.906883237072181,0.945608922367789,0.968266819974354,0.978202854136253,0.9864574267889,0.9949963334630499,1.0,0.99596508860566,0.990309104424858,0.9852118226776241,0.981812893905935,0.977816055024575,0.9715034438751858,0.9672194984726259,0.9619078798099129,0.9554380437985359,0.9496950780361709,0.94528372576904,0.940719354294422,0.935260465773198,0.9306733765387281,0.923812707116777,0.9191986595069109,0.91501514904626,0.9087152372948879,0.8974391913975001,0.8819109669099209,0.857396893824318,0.7939345075238959,0.6451121489360251,0.113042936707852
0.759482925562228,0.8992423011052769,0.939439895099455,0.963411026923707,0.9728369521300921,0.981376867260582,0.9905401327214721,0.99596508860566,1.0,0.9957004130159179,0.990703403519342,0.9864009360811371,0.9816488465491641,0.9757369812823321,0.970674972432052,0.965562732546854,0.9596852049439392,0.9541350120130551,0.949231562214146,0.944190859942994,0.938767352191531,0.9339039922048101,0.927329822440187,0.92264666103855,0.9182260872548771,0.911884148315311,0.9010981306476441,0.885532500881232,0.862048791757216,0.799275013739876,0.65315169110141,0.119060596368926
0.7543096712309849,0.894560026160452,0.9345039627395141,0.9586535772289829,0.967602389807508,0.975857479767667,0.9850269527297941,0.990309104424858,0.9957004130159179,1.0,0.995734352097864,0.991010124378932,0.985923880382457,0.980050327581914,0.9743881962071809,0.9686292785023671,0.9624863698193191,0.9567784370996719,0.9518269309267691,0.947120029333738,0.941739441077894,0.9367244908315671,0.930562788936117,0.925683806896854,0.921247042188573,0.914983109029818,0.9043083831392721,0.888566574460928,0.866097908349542,0.803886838268991,0.656308294310603,0.11694013305445598
0.74837246488485,0.8911517697436958,0.929572469309101,0.954850666066566,0.963930901346729,0.971515506537109,0.9799704047495441,0.9852118226776241,0.990703403519342,0.995734352097864,1.0,0.996512965707944,0.992099833086542,0.987230156172761,0.981275021124979,0.9755921262498342,0.969482848453463,0.9639340819988019,0.9591375706210491,0.954218942700202,0.9490007231411519,0.9434400539146371,0.93768866137622,0.933817132110317,0.929206223849208,0.92278522927577,0.911445800169169,0.8956591586296802,0.8730221821507141,0.810693709547647,0.663232791134421,0.12282904965771001
0.747069817993146,0.891502176815391,0.92927963059035,0.953168145919285,0.9616882314937429,0.968876714956332,0.9765659728857831,0.981812893905935,0.9864009360811371,0.991010124378932,0.996512965707944,1.0,0.996649252200647,0.992343760075519,0.987115973878183,0.9816750644381871,0.9755778161680492,0.9699829396361209,0.9649973678122321,0.960314365500123,0.955097233105693,0.9493140431354641,0.943598150052388,0.9394455790019741,0.9343488122747029,0.9284009121267879,0.9170381766068899,0.90090191132024,0.878203662569951,0.816677728523995,0.667848034047668,0.124556907900001
0.7441095133165151,0.8878636704133871,0.9264154565032521,0.949673915831532,0.958228913892073,0.9650250559427579,0.9722817965380649,0.977816055024575,0.9816488465491641,0.985923880382457,0.992099833086542,0.996649252200647,1.0,0.996635234724083,0.9918996191014909,0.9866358956715808,0.9811940574636979,0.975431422058025,0.970761192055775,0.966354157140107,0.9613715577211279,0.9557565925235351,0.950112538389247,0.946114218801402,0.940969675201076,0.935119648495852,0.9236149417098699,0.907857981537984,0.8847434267176859,0.8237955398547692,0.6740805071074379,0.13259021875853802
0.745498991072649,0.8847925169170969,0.9231920993635409,0.945191126887876,0.9532551962029101,0.958950507260657,0.9662027359302781,0.9715034438751858,0.9757369812823321,0.980050327581914,0.987230156172761,0.992343760075519,0.996635234724083,1.0,0.9963526560266641,0.99180656484786,0.9865056141278079,0.980933411220413,0.9761062661124079,0.971414202404743,0.966389360163528,0.9606328535920501,0.9551913922496271,0.9515115921847009,0.9461109216379591,0.940329605408124,0.928758363380752,0.912261805097173,0.8895813564746942,0.8288585403010799,0.6794892282407949,0.13705107647664902
0.7457221504113198,0.884075711532502,0.9224379366476341,0.942141183489636,0.950257612348794,0.955980285413688,0.9622008995445072,0.9672194984726259,0.970674972432052,0.9743881962071809,0.981275021124979,0.987115973878183,0.9918996191014909,0.9963526560266641,1.0,0.99670793357973,0.991658035278977,0.986030357807193,0.9816373997195941,0.9768531115867859,0.972196133487225,0.9671787684237859,0.9621280147252921,0.95782514447205,0.951867311235144,0.945608966436968,0.933475689128249,0.9166619594732521,0.894165232612482,0.834912361280525,0.685677450123844,0.13778379454172401
0.7408854780933709,0.8804197055206329,0.919720215229481,0.9382145805508021,0.9457524749148699,0.951063609582085,0.9573981180561508,0.9619078798099129,0.965562732546854,0.9686292785023671,0.9755921262498342,0.9816750644381871,0.9866358956715808,0.99180656484786,0.99670793357973,1.0,0.9966496144238008,0.991733710525592,0.9873589871000459,0.9826477423364399,0.9782345897704899,0.972931612332534,0.9683708284744441,0.963613925359595,0.957232417644687,0.9509210642609809,0.93958375249362,0.923212780769475,0.9013406370866729,0.842571715155068,0.692233484907927,0.13647633722192698
0.7363118077853471,0.8742494624714209,0.915005668951806,0.9328364679749129,0.939414944960649,0.9450058202445859,0.9516601744286859,0.9554380437985359,0.9596852049439392,0.9624863698193191,0.969482848453463,0.9755778161680492,0.9811940574636979,0.9865056141278079,0.991658035278977,0.9966496144238008,1.0,0.996435894852512,0.992545990849578,0.987777196618122,0.9832249356341991,0.97761568119788,0.9727457396919191,0.9676590512232809,0.961172416707706,0.9552500101115391,0.9443730130559659,0.9284877896024192,0.9070227776991991,0.8488348450896379,0.697870453777468,0.146429296538137
0.736151503530365,0.8710706048243559,0.911976889280431,0.9281123753507459,0.933801109166415,0.939343342589323,0.9465472593663101,0.9496950780361709,0.9541350120130551,0.9567784370996719,0.9639340819988019,0.9699829396361209,0.975431422058025,0.980933411220413,0.986030357807193,0.991733710525592,0.996435894852512,1.0,0.9968590895267321,0.992492030884854,0.988429612193676,0.9828231492880741,0.9782528367957259,0.9726018700016379,0.9653787626530871,0.959701343673801,0.9489978024292299,0.933623138714602,0.9120640199716221,0.8541143053805891,0.7037703841829092,0.158326424270693
0.731134543868535,0.864779586483496,0.906811186202706,0.922988043234298,0.929743045037,0.935060572495537,0.942280092592355,0.94528372576904,0.949231562214146,0.9518269309267691,0.9591375706210491,0.9649973678122321,0.970761192055775,0.9761062661124079,0.9816373997195941,0.9873589871000459,0.992545990849578,0.9968590895267321,1.0,0.9967699071698509,0.992970969818307,0.987868996017922,0.983092229450797,0.977501237722016,0.9702899619072409,0.964815601789693,0.954172816347581,0.939379525760178,0.918326847011141,0.862315300363163,0.7120952026080408,0.165860535498092
0.725469694596743,0.861601799986121,0.9037551494218791,0.9190432893632969,0.925017367982797,0.9304494912141571,0.937678133224444,0.940719354294422,0.944190859942994,0.947120029333738,0.954218942700202,0.960314365500123,0.966354157140107,0.971414202404743,0.9768531115867859,0.9826477423364399,0.987777196618122,0.992492030884854,0.9967699071698509,1.0,0.9962897272469449,0.9919571904341109,0.9867975014539009,0.9812427089353191,0.9736803230339991,0.9684290574175921,0.957935706381224,0.943655862996358,0.923717966198421,0.869367535151589,0.7188865865012909,0.177269724021883
0.7232796314318549,0.857126063472023,0.899076158905363,0.9140220369599749,0.9200894617931691,0.9253915234754859,0.9324075297011921,0.935260465773198,0.938767352191531,0.941739441077894,0.9490007231411519,0.955097233105693,0.9613715577211279,0.966389360163528,0.972196133487225,0.9782345897704899,0.9832249356341991,0.988429612193676,0.992970969818307,0.9962897272469449,1.0,0.9963741893394169,0.9912875018501199,0.9855558396249159,0.978949622660809,0.9732269302804629,0.962004497238885,0.9473646494885001,0.9272361678783091,0.874342386612308,0.7265360950483369,0.184017950460233
0.7188857383074759,0.8545797949640269,0.896967242219881,0.910677302522838,0.9163120009331779,0.921570485123863,0.9277368424872869,0.9306733765387281,0.9339039922048101,0.9367244908315671,0.9434400539146371,0.9493140431354641,0.9557565925235351,0.9606328535920501,0.9671787684237859,0.972931612332534,0.97761568119788,0.9828231492880741,0.987868996017922,0.9919571904341109,0.9963741893394169,1.0,0.995671230053286,0.9902320832291821,0.9844875047865699,0.9779833818061949,0.9671338078227629,0.952598485819158,0.9313841107533071,0.8804384246833271,0.73605772399719,0.18633678956186603
0.7130528610860541,0.8498742013986701,0.892632779302127,0.905587270637574,0.909835573000042,0.9151165873176609,0.9204620115863441,0.923812707116777,0.927329822440187,0.930562788936117,0.93768866137622,0.943598150052388,0.950112538389247,0.9551913922496271,0.9621280147252921,0.9683708284744441,0.9727457396919191,0.9782528367957259,0.983092229450797,0.9867975014539009,0.9912875018501199,0.995671230053286,1.0,0.995435752063535,0.989403536389643,0.9829961406512651,0.9722223104681009,0.958793086299538,0.9373260315071669,0.8873640040243779,0.745300751941747,0.189407722745588
0.7108345549030011,0.8443837093204901,0.887409420687213,0.9021092686247579,0.905892892040386,0.9110872832314392,0.9158103716645799,0.9191986595069109,0.92264666103855,0.925683806896854,0.933817132110317,0.9394455790019741,0.946114218801402,0.9515115921847009,0.95782514447205,0.963613925359595,0.9676590512232809,0.9726018700016379,0.977501237722016,0.9812427089353191,0.9855558396249159,0.9902320832291821,0.995435752063535,1.0,0.994501356916942,0.9883099747425151,0.977594904294172,0.9648329072755949,0.9431204643986679,0.8934861168112579,0.7514364528398109,0.19625936186341503
0.707477158263948,0.8398671247619471,0.8831927057807378,0.897277074225225,0.9013964815275709,0.906608026021729,0.9114115510282719,0.91501514904626,0.9182260872548771,0.921247042188573,0.929206223849208,0.9343488122747029,0.940969675201076,0.9461109216379591,0.951867311235144,0.957232417644687,0.961172416707706,0.9653787626530871,0.9702899619072409,0.9736803230339991,0.978949622660809,0.9844875047865699,0.989403536389643,0.994501356916942,1.0,0.9941830934314799,0.9838254108093899,0.9715335325878941,0.9500278365452309,0.903167215362367,0.7616255197063281,0.21679603449141502
0.702394512211788,0.8339993851798059,0.876506118672313,0.890172543681999,0.894171491634819,0.899574082952723,0.9052634641596758,0.9087152372948879,0.911884148315311,0.914983109029818,0.92278522927577,0.9284009121267879,0.935119648495852,0.940329605408124,0.945608966436968,0.9509210642609809,0.9552500101115391,0.959701343673801,0.964815601789693,0.9684290574175921,0.9732269302804629,0.9779833818061949,0.9829961406512651,0.9883099747425151,0.9941830934314799,1.0,0.991647433896045,0.979692614823165,0.959697524345359,0.913039798887794,0.770162259211934,0.226003647287083
0.688391709529086,0.819558615201742,0.8640837727797109,0.877423307521285,0.880865968607609,0.88646402786941,0.8932027460067071,0.8974391913975001,0.9010981306476441,0.9043083831392721,0.911445800169169,0.9170381766068899,0.9236149417098699,0.928758363380752,0.933475689128249,0.93958375249362,0.9443730130559659,0.9489978024292299,0.954172816347581,0.957935706381224,0.962004497238885,0.9671338078227629,0.9722223104681009,0.977594904294172,0.9838254108093899,0.991647433896045,1.0,0.989042297559043,0.972086063558082,0.925913136979321,0.790403947242588,0.238189468338849
0.6746645305156539,0.8034783311074499,0.847066361613062,0.860250670785116,0.86431967297287,0.871291168273516,0.878410557484792,0.8819109669099209,0.885532500881232,0.888566574460928,0.8956591586296802,0.90090191132024,0.907857981537984,0.912261805097173,0.9166619594732521,0.923212780769475,0.9284877896024192,0.933623138714602,0.939379525760178,0.943655862996358,0.9473646494885001,0.952598485819158,0.958793086299538,0.9648329072755949,0.9715335325878941,0.979692614823165,0.989042297559043,1.0,0.9854329173192841,0.9396826850946891,0.806572716395698,0.259126447358665
0.647308179968939,0.7757103899796891,0.819928202938114,0.8313834333560629,0.836043471275027,0.8441807613810091,0.8530920281475942,0.857396893824318,0.862048791757216,0.866097908349542,0.8730221821507141,0.878203662569951,0.8847434267176859,0.8895813564746942,0.894165232612482,0.9013406370866729,0.9070227776991991,0.9120640199716221,0.918326847011141,0.923717966198421,0.9272361678783091,0.9313841107533071,0.9373260315071669,0.9431204643986679,0.9500278365452309,0.959697524345359,0.972086063558082,0.9854329173192841,1.0,0.962922994253617,0.8335696848104269,0.28501554184322603
0.577983799126869,0.7089359314917009,0.75334599686414,0.763591598434608,0.7678777541531959,0.777688703206577,0.7892053482003571,0.7939345075238959,0.799275013739876,0.803886838268991,0.810693709547647,0.816677728523995,0.8237955398547692,0.8288585403010799,0.834912361280525,0.842571715155068,0.8488348450896379,0.8541143053805891,0.862315300363163,0.869367535151589,0.874342386612308,0.8804384246833271,0.8873640040243779,0.8934861168112579,0.903167215362367,0.913039798887794,0.925913136979321,0.9396826850946891,0.962922994253617,1.0,0.8862217939117258,0.321496946820503
0.426246585009764,0.547651768225609,0.593931777738916,0.609431283888035,0.617643582976807,0.627132399318641,0.6405285976885811,0.6451121489360251,0.65315169110141,0.656308294310603,0.663232791134421,0.667848034047668,0.6740805071074379,0.6794892282407949,0.685677450123844,0.692233484907927,0.697870453777468,0.7037703841829092,0.7120952026080408,0.7188865865012909,0.7265360950483369,0.73605772399719,0.745300751941747,0.7514364528398109,0.7616255197063281,0.770162259211934,0.790403947242588,0.806572716395698,0.8335696848104269,0.8862217939117258,1.0,0.44523872739344
0.0500662060296454,0.0548009177910489,0.0881709692441545,0.0962915435188085,0.0991089579946727,0.10451300770642698,0.11429295571341198,0.113042936707852,0.119060596368926,0.11694013305445598,0.12282904965771001,0.124556907900001,0.13259021875853802,0.13705107647664902,0.13778379454172401,0.13647633722192698,0.146429296538137,0.158326424270693,0.165860535498092,0.177269724021883,0.184017950460233,0.18633678956186603,0.189407722745588,0.19625936186341503,0.21679603449141502,0.226003647287083,0.238189468338849,0.259126447358665,0.28501554184322603,0.321496946820503,0.44523872739344,1.0
