1.0,0.8932106335562421,0.815290977485135,0.785706711593128,0.749306345141456,0.7088767122452401,0.6565050397209129,0.625106726455981,0.5729377943853671,0.5124255180372,0.464011178177677,0.419354478782122,0.35047462686721603,0.314827106784082,0.255296354118773,0.205336524272096,0.168497553902367,0.139924014800442,0.0971877165545191,0.0764732361041047,0.0395356693156377,0.00282263479009428,0.0186733690908457,0.0484649201688602,0.054918917726394005,0.06392528358090499,0.0635444073900881,0.0638135514604124,0.0916890257528467,0.105454981730844,0.117245470832607,0.0955584897205947
0.8932106335562421,1.0,0.9482407936145508,0.9063890728772042,0.868610904631364,0.824062799140445,0.766157852817448,0.7324478704365259,0.679298225533087,0.616941747247085,0.565988045037129,0.515787287203898,0.442877186993396,0.40648921760305,0.342223404919108,0.283163869997894,0.243516196506442,0.218932350831758,0.16939849996577802,0.144022722504686,0.11101166248465899,0.068210476242206,0.0422410035971356,0.00712035158901426,0.00115588498007574,0.0144783210136428,0.0231113531664491,0.0390110831484069,0.0732428475396678,0.0856230091018562,0.11011583355043901,0.0994041239247411
0.815290977485135,0.9482407936145508,1.0,0.964785169520977,0.917959524507231,0.881820694620609,0.827052815637098,0.7962450664994681,0.747958866355627,0.690130270110311,0.6454166397956209,0.596070139548783,0.521852353152658,0.48608869562193396,0.421375961600865,0.358731688683875,0.317611369270421,0.292697410318157,0.243972208790965,0.214247033928836,0.179639046255045,0.136269502994014,0.109926053065591,0.0755031551298548,0.0686706106322835,0.0494466777762938,0.0322941186127629,0.00765715738741901,0.0417537985664766,0.0604433031711259,0.0873789342776284,0.0892022625904328
0.785706711593128,0.9063890728772042,0.964785169520977,1.0,0.970569619924919,0.9402315190238191,0.8922415794728679,0.8651101604566109,0.8217936956361022,0.7626422854078101,0.7199625625787192,0.671717273800039,0.59724539266342,0.5604761520468249,0.49467594398518505,0.43367597533926205,0.39176361967067397,0.365727503490532,0.32342982268351195,0.29604531318142796,0.26127750382722004,0.216321595695364,0.18531441724592498,0.14685152975124202,0.136126638444891,0.11586935825783501,0.0976520406256364,0.0631875052940618,0.00314019086797969,0.0240194561097699,0.0587110602916235,0.073020066278211
0.749306345141456,0.868610904631364,0.917959524507231,0.970569619924919,1.0,0.979161706319434,0.94160592246279,0.915016269045632,0.8765505313646379,0.8263997167985401,0.7837719614606641,0.74447679322477,0.680252947523752,0.645090477154615,0.5860008361050439,0.532554256425247,0.49115795271908397,0.4643910759726129,0.42432416051109095,0.39345606019355894,0.355074396260004,0.305713177885384,0.274951110345059,0.23340739936393698,0.218853242286931,0.19693464272629,0.172141536686095,0.12032792508259801,0.0599580455569373,0.0323187853733121,0.0147962931123785,0.0366433094862553
0.7088767122452401,0.824062799140445,0.881820694620609,0.9402315190238191,0.979161706319434,1.0,0.9762661114287751,0.9498299200596879,0.9119439598825849,0.8696212971882809,0.829445480590937,0.7934632630071691,0.736276960350645,0.702946486247607,0.646659831660955,0.595697095782569,0.555350324321933,0.528572535034523,0.49098947645188207,0.456632619353931,0.4165961229205179,0.36829242411967605,0.33902800221433305,0.29638292346640605,0.27944912790369897,0.25601640122291097,0.228556838420154,0.162602098831081,0.0989634418663073,0.0699763786731777,0.0226833216689761,0.00248068601690933
0.6565050397209129,0.766157852817448,0.827052815637098,0.8922415794728679,0.94160592246279,0.9762661114287751,1.0,0.984041805729095,0.957846250508757,0.926250343473562,0.8913756496433671,0.86188287048408,0.8133518213632279,0.7823725188124009,0.732300842722747,0.68611909875847,0.651099945626328,0.624648070265067,0.5880123225650921,0.5524513158630339,0.5122235050548359,0.463302074037066,0.435471206083339,0.39297717901918106,0.37157440620146903,0.34773792273757803,0.316724997653747,0.237680667831835,0.168020133714885,0.137208556044343,0.0855865888306622,0.051191596384553006
0.625106726455981,0.7324478704365259,0.7962450664994681,0.8651101604566109,0.915016269045632,0.9498299200596879,0.984041805729095,1.0,0.9825680465662471,0.953681561940501,0.923874173920844,0.895360928094688,0.8498087482999029,0.821638210844741,0.7738931536705859,0.7310781249686071,0.697598278189854,0.672089248892342,0.636476812803907,0.602302437016932,0.5643112270576021,0.515980953036912,0.48788266432721294,0.44724257191503997,0.42413093622609704,0.3996587080676471,0.36789155991014294,0.285692222779927,0.21509977489777302,0.178698378029035,0.12643112072853,0.0792448151830852
0.5729377943853671,0.679298225533087,0.747958866355627,0.8217936956361022,0.8765505313646379,0.9119439598825849,0.957846250508757,0.9825680465662471,1.0,0.9844790302829309,0.9605278886476422,0.936686893355183,0.8966991066754809,0.871241876691556,0.829332245124365,0.7911316468353579,0.7603857781030141,0.7365664714738621,0.7015073731878421,0.6687129732874539,0.632076842209313,0.583798623530134,0.557913297975413,0.51873159732859,0.494843311344373,0.470850507587291,0.43406343771922706,0.33908618410315605,0.26441814680312,0.224539626476883,0.16850079884053498,0.10966594528208301
0.5124255180372,0.616941747247085,0.690130270110311,0.7626422854078101,0.8263997167985401,0.8696212971882809,0.926250343473562,0.953681561940501,0.9844790302829309,1.0,0.986488471852001,0.971439265694641,0.941983195016076,0.919984625736404,0.886383760300981,0.8537323005205191,0.8258829824352479,0.8036945363285319,0.768502477720049,0.7349973498900669,0.6984931432936071,0.651638063878659,0.628840427775934,0.589679203520235,0.563412064442168,0.5389012321545561,0.49855962284440597,0.39534430349083705,0.322975340577273,0.284537281171691,0.217587171795162,0.153229890018012
0.464011178177677,0.565988045037129,0.6454166397956209,0.7199625625787192,0.7837719614606641,0.829445480590937,0.8913756496433671,0.923874173920844,0.9605278886476422,0.986488471852001,1.0,0.9886850962005229,0.963518345936071,0.944160423984139,0.9146217731466021,0.885127685342737,0.861881152942348,0.840811322718769,0.8064335730552441,0.775319420282769,0.739875642270582,0.6939651997111701,0.673152720956308,0.636171241411209,0.609742681101556,0.585405907759194,0.5441290971330529,0.43715857588209495,0.36249824112454204,0.31898047190938106,0.25223608020169,0.18584251660799
0.419354478782122,0.515787287203898,0.596070139548783,0.671717273800039,0.74447679322477,0.7934632630071691,0.86188287048408,0.895360928094688,0.936686893355183,0.971439265694641,0.9886850962005229,1.0,0.9867947449350609,0.9700732437466429,0.946229238191978,0.920746295912348,0.899457579453945,0.880017731237515,0.848953327057395,0.8181234165022191,0.7831467150360211,0.736274233477578,0.7169501250557808,0.680505105168875,0.6542024444704959,0.6302334778639761,0.584689687089701,0.46855831914515705,0.39473803076798497,0.348575071581455,0.27686301078124,0.205518034710144
0.35047462686721603,0.442877186993396,0.521852353152658,0.59724539266342,0.680252947523752,0.736276960350645,0.8133518213632279,0.8498087482999029,0.8966991066754809,0.941983195016076,0.963518345936071,0.9867947449350609,1.0,0.9909118593525341,0.975568935935226,0.955412633598375,0.937950134091708,0.9205320329725041,0.892143905668472,0.8631009935114649,0.829701730428051,0.784440924474582,0.768240811113651,0.733077226616989,0.70680788593143,0.681855513501935,0.6324883397486151,0.510754800645735,0.442988928429711,0.39619689456135104,0.31905658709175705,0.24284188157733605
0.314827106784082,0.40648921760305,0.48608869562193396,0.5604761520468249,0.645090477154615,0.702946486247607,0.7823725188124009,0.821638210844741,0.871241876691556,0.919984625736404,0.944160423984139,0.9700732437466429,0.9909118593525341,1.0,0.989031067506039,0.971316943833557,0.9564750339284142,0.9411428082396709,0.915280966599813,0.8910596771997141,0.8601299351145649,0.8189445324601721,0.8034606104860841,0.770758162731778,0.746144319482864,0.721290968897481,0.672282735181663,0.549412972927451,0.484597231908141,0.43458529952686603,0.35607087622610206,0.26887897937066896
0.255296354118773,0.342223404919108,0.421375961600865,0.49467594398518505,0.5860008361050439,0.646659831660955,0.732300842722747,0.7738931536705859,0.829332245124365,0.886383760300981,0.9146217731466021,0.946229238191978,0.975568935935226,0.989031067506039,1.0,0.9917001751243149,0.9796890669537729,0.9661260922470041,0.941285616047833,0.917634510841605,0.887520644544354,0.847093246166027,0.834023736752319,0.8022883574193491,0.7759605216596339,0.750092548726746,0.696888789349685,0.570327444133845,0.510778625694576,0.46776581316874,0.382987480389014,0.293841269545085
0.205336524272096,0.283163869997894,0.358731688683875,0.43367597533926205,0.532554256425247,0.595697095782569,0.68611909875847,0.7310781249686071,0.7911316468353579,0.8537323005205191,0.885127685342737,0.920746295912348,0.955412633598375,0.971316943833557,0.9917001751243149,1.0,0.993344409214491,0.9823469491160458,0.9610561712510111,0.9393942598334,0.910793411081678,0.8721362641077779,0.861303104702104,0.8314333425575929,0.802841199707642,0.777002141702476,0.7222082407366891,0.593440050635042,0.5368614599924729,0.49509153755531105,0.40684075040521794,0.31967229038878103
0.168497553902367,0.243516196506442,0.317611369270421,0.39176361967067397,0.49115795271908397,0.555350324321933,0.651099945626328,0.697598278189854,0.7603857781030141,0.8258829824352479,0.861881152942348,0.899457579453945,0.937950134091708,0.9564750339284142,0.9796890669537729,0.993344409214491,1.0,0.992174073384667,0.9743160049244541,0.955639012558234,0.9291348733271171,0.893046243170481,0.8827173790463421,0.8548534732062042,0.8259906530978341,0.8015027961374499,0.7471041918648241,0.618856725339654,0.5615112688572521,0.517772418225679,0.427009954990141,0.337412291723715
0.139924014800442,0.218932350831758,0.292697410318157,0.365727503490532,0.4643910759726129,0.528572535034523,0.624648070265067,0.672089248892342,0.7365664714738621,0.8036945363285319,0.840811322718769,0.880017731237515,0.9205320329725041,0.9411428082396709,0.9661260922470041,0.9823469491160458,0.992174073384667,1.0,0.988541717002614,0.9692738006695641,0.9447878142766101,0.9081972942540351,0.898149169739969,0.871610920420298,0.8431212637894091,0.818995728767109,0.7635700918615059,0.635670545674572,0.5790538813666141,0.534021472588913,0.450316191511671,0.355948592115253
0.0971877165545191,0.16939849996577802,0.243972208790965,0.32342982268351195,0.42432416051109095,0.49098947645188207,0.5880123225650921,0.636476812803907,0.7015073731878421,0.768502477720049,0.8064335730552441,0.848953327057395,0.892143905668472,0.915280966599813,0.941285616047833,0.9610561712510111,0.9743160049244541,0.988541717002614,1.0,0.9841433873462379,0.96128446438088,0.9264214956262758,0.9167131403642641,0.891672542958679,0.8641009393090101,0.838703381706312,0.783943173942988,0.654691992409168,0.599708424061829,0.553175396328348,0.466743924359523,0.373023332884301
0.0764732361041047,0.144022722504686,0.214247033928836,0.29604531318142796,0.39345606019355894,0.456632619353931,0.5524513158630339,0.602302437016932,0.6687129732874539,0.7349973498900669,0.775319420282769,0.8181234165022191,0.8631009935114649,0.8910596771997141,0.917634510841605,0.9393942598334,0.955639012558234,0.9692738006695641,0.9841433873462379,1.0,0.9904159346566831,0.9675726193211751,0.9581273825086171,0.936868701507023,0.9145249890638371,0.8911264402667591,0.8446062308657671,0.7352939272081791,0.6831042633012361,0.62458641286738,0.523749685576033,0.414997246835687
0.0395356693156377,0.11101166248465899,0.179639046255045,0.26127750382722004,0.355074396260004,0.4165961229205179,0.5122235050548359,0.5643112270576021,0.632076842209313,0.6984931432936071,0.739875642270582,0.7831467150360211,0.829701730428051,0.8601299351145649,0.887520644544354,0.910793411081678,0.9291348733271171,0.9447878142766101,0.96128446438088,0.9904159346566831,1.0,0.9874737066619301,0.978342205216313,0.9600965682872671,0.940422506559365,0.9177802197875129,0.8758590157419941,0.7757203954715942,0.7256089414681322,0.664022774029318,0.5586369400351601,0.439463271633603
0.00282263479009428,0.068210476242206,0.136269502994014,0.216321595695364,0.305713177885384,0.36829242411967605,0.463302074037066,0.515980953036912,0.583798623530134,0.651638063878659,0.6939651997111701,0.736274233477578,0.784440924474582,0.8189445324601721,0.847093246166027,0.8721362641077779,0.893046243170481,0.9081972942540351,0.9264214956262758,0.9675726193211751,0.9874737066619301,1.0,0.992110693157115,0.9780232709865642,0.9627377043615342,0.9426267019579699,0.909451230147221,0.8229336015071641,0.7753044081966609,0.7144578580034359,0.595184081241052,0.465321708596555
0.0186733690908457,0.0422410035971356,0.109926053065591,0.18531441724592498,0.274951110345059,0.33902800221433305,0.435471206083339,0.48788266432721294,0.557913297975413,0.628840427775934,0.673152720956308,0.7169501250557808,0.768240811113651,0.8034606104860841,0.834023736752319,0.861303104702104,0.8827173790463421,0.898149169739969,0.9167131403642641,0.9581273825086171,0.978342205216313,0.992110693157115,1.0,0.9902643446466359,0.974122453327532,0.9543410969933821,0.919350928914752,0.8289555818166658,0.783668397439242,0.7231340662350569,0.6081707679406629,0.47023068490071507
0.0484649201688602,0.00712035158901426,0.0755031551298548,0.14685152975124202,0.23340739936393698,0.29638292346640605,0.39297717901918106,0.44724257191503997,0.51873159732859,0.589679203520235,0.636171241411209,0.680505105168875,0.733077226616989,0.770758162731778,0.8022883574193491,0.8314333425575929,0.8548534732062042,0.871610920420298,0.891672542958679,0.936868701507023,0.9600965682872671,0.9780232709865642,0.9902643446466359,1.0,0.9879165037290141,0.9703027090460881,0.9363973258019019,0.846917496385519,0.8068706469378671,0.743538698711754,0.633379725071996,0.48660458593673706
0.054918917726394005,0.00115588498007574,0.0686706106322835,0.136126638444891,0.218853242286931,0.27944912790369897,0.37157440620146903,0.42413093622609704,0.494843311344373,0.563412064442168,0.609742681101556,0.6542024444704959,0.70680788593143,0.746144319482864,0.7759605216596339,0.802841199707642,0.8259906530978341,0.8431212637894091,0.8641009393090101,0.9145249890638371,0.940422506559365,0.9627377043615342,0.974122453327532,0.9879165037290141,1.0,0.98644440363985,0.956067335640225,0.868063977113904,0.829256807195525,0.765413118305327,0.654576582421526,0.49441740558524794
0.06392528358090499,0.0144783210136428,0.0494466777762938,0.11586935825783501,0.19693464272629,0.25601640122291097,0.34773792273757803,0.3996587080676471,0.470850507587291,0.5389012321545561,0.585405907759194,0.6302334778639761,0.681855513501935,0.721290968897481,0.750092548726746,0.777002141702476,0.8015027961374499,0.818995728767109,0.838703381706312,0.8911264402667591,0.9177802197875129,0.9426267019579699,0.9543410969933821,0.9703027090460881,0.98644440363985,1.0,0.9804438424387769,0.891414801630332,0.845915351706129,0.780889813728539,0.6753885119120211,0.5087571791352979
0.0635444073900881,0.0231113531664491,0.0322941186127629,0.0976520406256364,0.172141536686095,0.228556838420154,0.316724997653747,0.36789155991014294,0.43406343771922706,0.49855962284440597,0.5441290971330529,0.584689687089701,0.6324883397486151,0.672282735181663,0.696888789349685,0.7222082407366891,0.7471041918648241,0.7635700918615059,0.783943173942988,0.8446062308657671,0.8758590157419941,0.909451230147221,0.919350928914752,0.9363973258019019,0.956067335640225,0.9804438424387769,1.0,0.9379282687124569,0.885126860378275,0.8214390209317891,0.7151091283780259,0.521325595243401
0.0638135514604124,0.0390110831484069,0.00765715738741901,0.0631875052940618,0.12032792508259801,0.162602098831081,0.237680667831835,0.285692222779927,0.33908618410315605,0.39534430349083705,0.43715857588209495,0.46855831914515705,0.510754800645735,0.549412972927451,0.570327444133845,0.593440050635042,0.618856725339654,0.635670545674572,0.654691992409168,0.7352939272081791,0.7757203954715942,0.8229336015071641,0.8289555818166658,0.846917496385519,0.868063977113904,0.891414801630332,0.9379282687124569,1.0,0.9675926527990251,0.9051973655312221,0.778592867984133,0.523321554075133
0.0916890257528467,0.0732428475396678,0.0417537985664766,0.00314019086797969,0.0599580455569373,0.0989634418663073,0.168020133714885,0.21509977489777302,0.26441814680312,0.322975340577273,0.36249824112454204,0.39473803076798497,0.442988928429711,0.484597231908141,0.510778625694576,0.5368614599924729,0.5615112688572521,0.5790538813666141,0.599708424061829,0.6831042633012361,0.7256089414681322,0.7753044081966609,0.783668397439242,0.8068706469378671,0.829256807195525,0.845915351706129,0.885126860378275,0.9675926527990251,1.0,0.9471120502551229,0.7963868468354208,0.545231467330207
0.105454981730844,0.0856230091018562,0.0604433031711259,0.0240194561097699,0.0323187853733121,0.0699763786731777,0.137208556044343,0.178698378029035,0.224539626476883,0.284537281171691,0.31898047190938106,0.348575071581455,0.39619689456135104,0.43458529952686603,0.46776581316874,0.49509153755531105,0.517772418225679,0.534021472588913,0.553175396328348,0.62458641286738,0.664022774029318,0.7144578580034359,0.7231340662350569,0.743538698711754,0.765413118305327,0.780889813728539,0.8214390209317891,0.9051973655312221,0.9471120502551229,1.0,0.839359233676112,0.571438278313269
0.117245470832607,0.11011583355043901,0.0873789342776284,0.0587110602916235,0.0147962931123785,0.0226833216689761,0.0855865888306622,0.12643112072853,0.16850079884053498,0.217587171795162,0.25223608020169,0.27686301078124,0.31905658709175705,0.35607087622610206,0.382987480389014,0.40684075040521794,0.427009954990141,0.450316191511671,0.466743924359523,0.523749685576033,0.5586369400351601,0.595184081241052,0.6081707679406629,0.633379725071996,0.654576582421526,0.6753885119120211,0.7151091283780259,0.778592867984133,0.7963868468354208,0.839359233676112,1.0,0.680065574653829
0.0955584897205947,0.0994041239247411,0.0892022625904328,0.073020066278211,0.0366433094862553,0.00248068601690933,0.051191596384553006,0.0792448151830852,0.10966594528208301,0.153229890018012,0.18584251660799,0.205518034710144,0.24284188157733605,0.26887897937066896,0.293841269545085,0.31967229038878103,0.337412291723715,0.355948592115253,0.373023332884301,0.414997246835687,0.439463271633603,0.465321708596555,0.47023068490071507,0.48660458593673706,0.49441740558524794,0.5087571791352979,0.521325595243401,0.523321554075133,0.545231467330207,0.571438278313269,0.680065574653829,1.0
