1.0,0.9673236877058341,0.8186293202698709,0.774081065613042,0.714143484570094,0.65882590933709,0.640465516948951,0.583780107818198,0.5733046361486078,0.5414240972940301,0.509290446392341,0.47185731752223403,0.42152500695986406,0.39114752910769607,0.34650802873646996,0.31907277922075,0.29463725066517105,0.264496837791902,0.226215727825572,0.18599392369908102,0.16177660234873098,0.13727899721275,0.1138221074473,0.0897659531580842,0.0732267593848019,0.0578651535867173,0.0493561973094581,0.0409547627694657,0.0298089007904046,0.0299286021092185,0.0444853121199947,0.0463082877212831
0.9673236877058341,1.0,0.9374958572348571,0.9035539196279692,0.837853311477754,0.7735095198762479,0.7460494103428159,0.673187570077496,0.6607430831480079,0.623596144817032,0.5887547415355631,0.549880799500074,0.495683637721351,0.462280389379094,0.411972643897086,0.382891606306218,0.357567506600396,0.32505217841605605,0.282141665295862,0.236114462946909,0.211268786853513,0.185455069206706,0.154986619540529,0.11861931639205499,0.0943584154596651,0.0732620535755511,0.061716732224312995,0.0528035481830193,0.0406339916232025,0.0393469503901578,0.0507942871890556,0.051606752371009
0.8186293202698709,0.9374958572348571,1.0,0.984259276949339,0.9177019392950791,0.847876949711325,0.8108751789043871,0.7236327297386229,0.7098216751206491,0.6694343132090771,0.634616787673856,0.5979385355027591,0.544255006804569,0.5102847577544061,0.45759790026117897,0.4293799195686379,0.40555485682300396,0.37327052206235295,0.32861261718625895,0.27955852666847303,0.256517680831628,0.23166875086140196,0.19484764356707301,0.14548712363478197,0.11323246971080801,0.0865297720617808,0.0720563900725396,0.0633976757913847,0.0511295134485476,0.0480498504575287,0.0540005854746429,0.053338878780978
0.774081065613042,0.9035539196279692,0.984259276949339,1.0,0.972637070512147,0.9252190091877042,0.8848696710332321,0.789682127882818,0.773546393180626,0.7283527509920742,0.690980625640529,0.6529712775225239,0.5961866179264089,0.5594132067767479,0.50211208335482,0.471653898897924,0.44600010003281704,0.411897141582855,0.36612134546951897,0.31487450419003005,0.291678119233737,0.265925958906434,0.225584871604197,0.169512133189843,0.13268706761435,0.101002806913695,0.083856148574507,0.0786294536309537,0.0689862922434785,0.0653485688351484,0.0652459243101891,0.0626576788813211
0.714143484570094,0.837853311477754,0.9177019392950791,0.972637070512147,1.0,0.985868781634292,0.9440688839967349,0.8438970547837441,0.82538099482573,0.775745285873778,0.736145149259949,0.697203933733589,0.638014050303211,0.598760889372634,0.537534062755048,0.504888219311472,0.47732918519440204,0.441855950332892,0.396430470922017,0.344484870246813,0.32153301459312106,0.295243867771187,0.25262882320796104,0.191671885872313,0.151317840698187,0.11492735449153998,0.0952452507864964,0.0948462717791631,0.0891418052483111,0.0851942981901342,0.0778233088779086,0.0729581884272393
0.65882590933709,0.7735095198762479,0.847876949711325,0.9252190091877042,0.985868781634292,1.0,0.9764767745294709,0.895025133211088,0.8756852236546808,0.823355900018242,0.7826207031386959,0.743345923713424,0.682530079362468,0.64287165175628,0.579572164516454,0.545812834969587,0.517027521133288,0.480798588434553,0.43635467362682,0.38393385964433496,0.36154858556525893,0.33472451840711,0.292543893265774,0.229796108130147,0.18684443994740899,0.145167478839565,0.12232082394643301,0.12443597460871199,0.11882757657120699,0.113284036811166,0.0998665459410585,0.0926523978282485
0.640465516948951,0.7460494103428159,0.8108751789043871,0.8848696710332321,0.9440688839967349,0.9764767745294709,1.0,0.970140515377093,0.9517964966060609,0.8978318858494051,0.8562735779940891,0.816174983006711,0.7528403928524029,0.714620330792743,0.650006106397651,0.6156745015498549,0.585773401723449,0.548476289563836,0.504264182015302,0.44980430341012,0.42760799720322495,0.39929684839418106,0.36022992891111105,0.298412097589122,0.25296712117698106,0.20399972560107998,0.176420575612965,0.177232470014699,0.165405792238242,0.15616198972719197,0.138678541885148,0.12894242784192098
0.583780107818198,0.673187570077496,0.7236327297386229,0.789682127882818,0.8438970547837441,0.895025133211088,0.970140515377093,1.0,0.984291252888812,0.932033528601988,0.8920987500065399,0.8533029275138659,0.790642103516737,0.756176957049662,0.693665960128669,0.6606082004097471,0.631123322365402,0.594715544006469,0.553268944740795,0.499561711573295,0.4787896361029021,0.45033436825214296,0.41687054116519706,0.359426882453243,0.313628389547107,0.259135783706313,0.22773810747102202,0.22713044238272898,0.20902870590460104,0.19613821042006102,0.17495269316280201,0.162883562960723
0.5733046361486078,0.6607430831480079,0.7098216751206491,0.773546393180626,0.82538099482573,0.8756852236546808,0.9517964966060609,0.984291252888812,1.0,0.9813700834682131,0.9556515995101049,0.915734999335403,0.850336348069682,0.815652089781777,0.750667414931097,0.7172192199173941,0.6874503366479009,0.651096572115041,0.6114556379027231,0.5573769022749251,0.534563348735383,0.5023586036775061,0.463340467932,0.39723454367840605,0.345242199655865,0.286126944716838,0.25197343042884396,0.257236904289501,0.24258808038670998,0.22941888294696,0.20114053608347401,0.186302919268325
0.5414240972940301,0.623596144817032,0.6694343132090771,0.7283527509920742,0.775745285873778,0.823355900018242,0.8978318858494051,0.932033528601988,0.9813700834682131,1.0,0.990670681147859,0.9509604308296409,0.884918762869248,0.8512351385539492,0.785880109259381,0.7532019537812479,0.7241874876092741,0.6891912186498951,0.652931385641341,0.600380306506061,0.5761601863965021,0.541025699019069,0.497357180390618,0.42418644280654105,0.36731125208109006,0.30527741810956605,0.269345073331678,0.28080957509256,0.270441583642806,0.257439560362151,0.22245291613842003,0.205132655373713
0.509290446392341,0.5887547415355631,0.634616787673856,0.690980625640529,0.736145149259949,0.7826207031386959,0.8562735779940891,0.8920987500065399,0.9556515995101049,0.990670681147859,1.0,0.9811422524280571,0.9328279139232959,0.9010777557546991,0.8357254002914519,0.803160583249947,0.773707491795665,0.73836194238971,0.702820698259117,0.649240968425578,0.6240085459332428,0.5865310359094399,0.540876973842143,0.46346148716436997,0.402649474064878,0.337123847929848,0.298863355721612,0.316324318594373,0.308766628182546,0.29418219690594705,0.24902685288134002,0.22816848249234697
0.47185731752223403,0.549880799500074,0.5979385355027591,0.6529712775225239,0.697203933733589,0.743345923713424,0.816174983006711,0.8533029275138659,0.915734999335403,0.9509604308296409,0.9811422524280571,1.0,0.984658163745728,0.955887387861754,0.8913745369995941,0.8586838927546708,0.828092811788386,0.791348244729615,0.754758233211835,0.698569520257072,0.672816697988442,0.633705333825794,0.588478260412265,0.509556740172667,0.445950334672175,0.376938017340437,0.336176770639854,0.359488063100541,0.35372807489008395,0.336272094098115,0.27834710160304604,0.25320477142755
0.42152500695986406,0.495683637721351,0.544255006804569,0.5961866179264089,0.638014050303211,0.682530079362468,0.7528403928524029,0.790642103516737,0.850336348069682,0.884918762869248,0.9328279139232959,0.984658163745728,1.0,0.9804367895776122,0.924019188152047,0.8937231499605199,0.8629676945239692,0.825976043978714,0.789565802403692,0.732384127706783,0.706936888132411,0.6672665861773921,0.6230021855570479,0.543475122587216,0.47807658365773104,0.40689942032909704,0.36447505550181397,0.39234055188266503,0.387982480556779,0.36849717665770004,0.30125541606892603,0.272927937263483
0.39114752910769607,0.462280389379094,0.5102847577544061,0.5594132067767479,0.598760889372634,0.64287165175628,0.714620330792743,0.756176957049662,0.815652089781777,0.8512351385539492,0.9010777557546991,0.955887387861754,0.9804367895776122,1.0,0.981201194361728,0.961711355999661,0.9308786576366921,0.8936492627408191,0.85783865271971,0.7989207975647751,0.773816300566379,0.7327526078643829,0.684039172774576,0.5946401041410171,0.521831687899345,0.443816191388224,0.397368484364682,0.42571140605211,0.4191117134918951,0.39966214537901296,0.334273783826764,0.30510384361888104
0.34650802873646996,0.411972643897086,0.45759790026117897,0.50211208335482,0.537534062755048,0.579572164516454,0.650006106397651,0.693665960128669,0.750667414931097,0.785880109259381,0.8357254002914519,0.8913745369995941,0.924019188152047,0.981201194361728,1.0,0.991845401848843,0.9621079868832441,0.9260594551806309,0.8921968349775171,0.833814411134299,0.809999420151027,0.7691291537327459,0.7179037504636752,0.622220948163307,0.5449127028660771,0.46315551552270895,0.41452716190304206,0.44226172307714096,0.433714870090361,0.4150390282835711,0.35395127684528604,0.325063204618393
0.31907277922075,0.382891606306218,0.4293799195686379,0.471653898897924,0.504888219311472,0.545812834969587,0.6156745015498549,0.6606082004097471,0.7172192199173941,0.7532019537812479,0.803160583249947,0.8586838927546708,0.8937231499605199,0.961711355999661,0.991845401848843,1.0,0.988069536502087,0.964166841742393,0.930514511221407,0.871049598951858,0.8474355816239159,0.8058105191118771,0.750780143526707,0.6476964801493361,0.56539300032046,0.478895919915706,0.427686136087436,0.463661082284558,0.46205169716676703,0.44493244466718895,0.37742278461811996,0.346037497044284
0.29463725066517105,0.357567506600396,0.40555485682300396,0.44600010003281704,0.47732918519440204,0.517027521133288,0.585773401723449,0.631123322365402,0.6874503366479009,0.7241874876092741,0.773707491795665,0.828092811788386,0.8629676945239692,0.9308786576366921,0.9621079868832441,0.988069536502087,1.0,0.992398587174675,0.958708938820926,0.898283129411422,0.874743917629091,0.832517293543774,0.773912177377023,0.664345658285176,0.577912799697707,0.48740151223714,0.434106893570949,0.48104518410668795,0.4895738501971029,0.474479888735957,0.397478179742617,0.36297682207266396
0.264496837791902,0.32505217841605605,0.37327052206235295,0.411897141582855,0.441855950332892,0.480798588434553,0.548476289563836,0.594715544006469,0.651096572115041,0.6891912186498951,0.73836194238971,0.791348244729615,0.825976043978714,0.8936492627408191,0.9260594551806309,0.964166841742393,0.992398587174675,1.0,0.979234247730168,0.9291949528485921,0.906897408718136,0.863544091392133,0.802555840684432,0.6882820915678729,0.598336016316644,0.503559695577678,0.44789437267971,0.502661520225974,0.517603055773469,0.503161071789978,0.41787212092884995,0.380536911643914
0.226215727825572,0.282141665295862,0.32861261718625895,0.36612134546951897,0.396430470922017,0.43635467362682,0.504264182015302,0.553268944740795,0.6114556379027231,0.652931385641341,0.702820698259117,0.754758233211835,0.789565802403692,0.85783865271971,0.8921968349775171,0.930514511221407,0.958708938820926,0.979234247730168,1.0,0.98482725481389,0.965985902213078,0.91956396608665,0.8577689492380309,0.740720350711287,0.6470376444045179,0.5457496281076699,0.486085038036628,0.542670545375872,0.5559877469469761,0.5388776332164009,0.446462363552436,0.406256079409655
0.18599392369908102,0.236114462946909,0.27955852666847303,0.31487450419003005,0.344484870246813,0.38393385964433496,0.44980430341012,0.499561711573295,0.5573769022749251,0.600380306506061,0.649240968425578,0.698569520257072,0.732384127706783,0.7989207975647751,0.833814411134299,0.871049598951858,0.898283129411422,0.9291949528485921,0.98482725481389,1.0,0.984737915635923,0.9372187738455041,0.8767691989643571,0.7612018752573649,0.6674073017773,0.563882558816391,0.5027604536350421,0.55903808119871,0.5705260850107121,0.551695812737082,0.45622536196509006,0.41488617467520295
0.16177660234873098,0.211268786853513,0.256517680831628,0.291678119233737,0.32153301459312106,0.36154858556525893,0.42760799720322495,0.4787896361029021,0.534563348735383,0.5761601863965021,0.6240085459332428,0.672816697988442,0.706936888132411,0.773816300566379,0.809999420151027,0.8474355816239159,0.874743917629091,0.906897408718136,0.965985902213078,0.984737915635923,1.0,0.983463741214707,0.9380225382678209,0.816536999326652,0.7172284981896859,0.6085883474834599,0.544095249982813,0.592120359915852,0.5919874250456271,0.567099376931478,0.469394588476482,0.42699002873535
0.13727899721275,0.185455069206706,0.23166875086140196,0.265925958906434,0.295243867771187,0.33472451840711,0.39929684839418106,0.45033436825214296,0.5023586036775061,0.541025699019069,0.5865310359094399,0.633705333825794,0.6672665861773921,0.7327526078643829,0.7691291537327459,0.8058105191118771,0.832517293543774,0.863544091392133,0.91956396608665,0.9372187738455041,0.983463741214707,1.0,0.9714322363886709,0.847171905067698,0.7450743194309101,0.63464069960491,0.5687514037351539,0.606749533977334,0.5947173279675079,0.5644757424844989,0.46778152092002506,0.425688201636431
0.1138221074473,0.154986619540529,0.19484764356707301,0.225584871604197,0.25262882320796104,0.292543893265774,0.36022992891111105,0.41687054116519706,0.463340467932,0.497357180390618,0.540876973842143,0.588478260412265,0.6230021855570479,0.684039172774576,0.7179037504636752,0.750780143526707,0.773912177377023,0.802555840684432,0.8577689492380309,0.8767691989643571,0.9380225382678209,0.9714322363886709,1.0,0.9453936172605941,0.8756211441524251,0.7854512235680992,0.725924640155572,0.736576668472767,0.678272547016078,0.6263020091049439,0.527694486378146,0.48277829561652896
0.0897659531580842,0.11861931639205499,0.14548712363478197,0.169512133189843,0.191671885872313,0.229796108130147,0.298412097589122,0.359426882453243,0.39723454367840605,0.42418644280654105,0.46346148716436997,0.509556740172667,0.543475122587216,0.5946401041410171,0.622220948163307,0.6476964801493361,0.664345658285176,0.6882820915678729,0.740720350711287,0.7612018752573649,0.816536999326652,0.847171905067698,0.9453936172605941,1.0,0.985230765216672,0.93288501128088,0.888099488565283,0.865177887458522,0.751614665741385,0.6752678447139681,0.5800786166873929,0.533943056390334
0.0732267593848019,0.0943584154596651,0.11323246971080801,0.13268706761435,0.151317840698187,0.18684443994740899,0.25296712117698106,0.313628389547107,0.345242199655865,0.36731125208109006,0.402649474064878,0.445950334672175,0.47807658365773104,0.521831687899345,0.5449127028660771,0.56539300032046,0.577912799697707,0.598336016316644,0.6470376444045179,0.6674073017773,0.7172284981896859,0.7450743194309101,0.8756211441524251,0.985230765216672,1.0,0.9698004530815479,0.9347055919124749,0.89514177851868,0.757482659186375,0.671647286511633,0.582390576610607,0.5376193358514579
0.0578651535867173,0.0732620535755511,0.0865297720617808,0.101002806913695,0.11492735449153998,0.145167478839565,0.20399972560107998,0.259135783706313,0.286126944716838,0.30527741810956605,0.337123847929848,0.376938017340437,0.40689942032909704,0.443816191388224,0.46315551552270895,0.478895919915706,0.48740151223714,0.503559695577678,0.5457496281076699,0.563882558816391,0.6085883474834599,0.63464069960491,0.7854512235680992,0.93288501128088,0.9698004530815479,1.0,0.9931652212778671,0.9429032639415179,0.7796280550845179,0.6828636333720699,0.5967839509806451,0.5522265605402951
0.0493561973094581,0.061716732224312995,0.0720563900725396,0.083856148574507,0.0952452507864964,0.12232082394643301,0.176420575612965,0.22773810747102202,0.25197343042884396,0.269345073331678,0.298863355721612,0.336176770639854,0.36447505550181397,0.397368484364682,0.41452716190304206,0.427686136087436,0.434106893570949,0.44789437267971,0.486085038036628,0.5027604536350421,0.544095249982813,0.5687514037351539,0.725924640155572,0.888099488565283,0.9347055919124749,0.9931652212778671,1.0,0.9457559792506529,0.773761022299331,0.6738444833821109,0.5910761130937979,0.5475551504844229
0.0409547627694657,0.0528035481830193,0.0633976757913847,0.0786294536309537,0.0948462717791631,0.12443597460871199,0.177232470014699,0.22713044238272898,0.257236904289501,0.28080957509256,0.316324318594373,0.359488063100541,0.39234055188266503,0.42571140605211,0.44226172307714096,0.463661082284558,0.48104518410668795,0.502661520225974,0.542670545375872,0.55903808119871,0.592120359915852,0.606749533977334,0.736576668472767,0.865177887458522,0.89514177851868,0.9429032639415179,0.9457559792506529,1.0,0.937268510350902,0.8711518942409889,0.726487048655338,0.662464611791723
0.0298089007904046,0.0406339916232025,0.0511295134485476,0.0689862922434785,0.0891418052483111,0.11882757657120699,0.165405792238242,0.20902870590460104,0.24258808038670998,0.270441583642806,0.308766628182546,0.35372807489008395,0.387982480556779,0.4191117134918951,0.433714870090361,0.46205169716676703,0.4895738501971029,0.517603055773469,0.5559877469469761,0.5705260850107121,0.5919874250456271,0.5947173279675079,0.678272547016078,0.751614665741385,0.757482659186375,0.7796280550845179,0.773761022299331,0.937268510350902,1.0,0.978397392335682,0.784621271599275,0.7062690180807841
0.0299286021092185,0.0393469503901578,0.0480498504575287,0.0653485688351484,0.0851942981901342,0.113284036811166,0.15616198972719197,0.19613821042006102,0.22941888294696,0.257439560362151,0.29418219690594705,0.336272094098115,0.36849717665770004,0.39966214537901296,0.4150390282835711,0.44493244466718895,0.474479888735957,0.503161071789978,0.5388776332164009,0.551695812737082,0.567099376931478,0.5644757424844989,0.6263020091049439,0.6752678447139681,0.671647286511633,0.6828636333720699,0.6738444833821109,0.8711518942409889,0.978397392335682,1.0,0.8698096287099059,0.803707352533928
0.0444853121199947,0.0507942871890556,0.0540005854746429,0.0652459243101891,0.0778233088779086,0.0998665459410585,0.138678541885148,0.17495269316280201,0.20114053608347401,0.22245291613842003,0.24902685288134002,0.27834710160304604,0.30125541606892603,0.334273783826764,0.35395127684528604,0.37742278461811996,0.397478179742617,0.41787212092884995,0.446462363552436,0.45622536196509006,0.469394588476482,0.46778152092002506,0.527694486378146,0.5800786166873929,0.582390576610607,0.5967839509806451,0.5910761130937979,0.726487048655338,0.784621271599275,0.8698096287099059,1.0,0.992650174390021
0.0463082877212831,0.051606752371009,0.053338878780978,0.0626576788813211,0.0729581884272393,0.0926523978282485,0.12894242784192098,0.162883562960723,0.186302919268325,0.205132655373713,0.22816848249234697,0.25320477142755,0.272927937263483,0.30510384361888104,0.325063204618393,0.346037497044284,0.36297682207266396,0.380536911643914,0.406256079409655,0.41488617467520295,0.42699002873535,0.425688201636431,0.48277829561652896,0.533943056390334,0.5376193358514579,0.5522265605402951,0.5475551504844229,0.662464611791723,0.7062690180807841,0.803707352533928,0.992650174390021,1.0
