1.0,0.9330368290376779,0.616433350173472,0.586870025467599,0.5152109360678251,0.506379559012587,0.46500333049153403,0.4638273780748571,0.441718178287633,0.439407273572713,0.42383224461134494,0.413870561890475,0.399244706414914,0.389349109541812,0.37597510845069104,0.36456421608514794,0.35303036398951704,0.346024574396726,0.34594677970516896,0.34251931249462997,0.33684661883544603,0.32617380451211103,0.31856817054757,0.301157293241493,0.28929937944068296,0.267337413568337,0.23371215180570104,0.19236118435683303,0.0964698125654364,0.0617508537153737,0.0680418274957365,0.0627329605211568
0.9330368290376779,1.0,0.8580141744759691,0.8199227353834491,0.722731915028676,0.704265040447581,0.639724941870088,0.635496719738021,0.6023295199620171,0.598555341689801,0.5770368186006201,0.565112123798282,0.547416158248673,0.5361680592969711,0.520092142016212,0.506660681417529,0.49290729583224796,0.48283378760883205,0.47944955597542704,0.4734658783589821,0.467913238441587,0.45383136799529,0.43949605401413894,0.41246171390104,0.395718622467845,0.365178512188576,0.313757424994816,0.254268017329063,0.135495423838146,0.0913863421722708,0.0776567672786912,0.0676360206664372
0.616433350173472,0.8580141744759691,1.0,0.9694424173280841,0.8696059197815809,0.8412803020030941,0.757096844283354,0.7489048892969291,0.7062752388494771,0.700485558895424,0.6742032448289399,0.661664077411332,0.643142861298919,0.632078209547918,0.6152449092154699,0.601453375505677,0.5871281439318261,0.5743576018529489,0.566356014792052,0.5575313405136278,0.553089870133105,0.537038073111323,0.516308503769614,0.4814850313439629,0.46132152699764295,0.42510593826315396,0.35870311011068107,0.285869778978957,0.15995761322846802,0.11209895520954401,0.0739384674817556,0.0596543097517335
0.586870025467599,0.8199227353834491,0.9694424173280841,1.0,0.964057958835237,0.933841085045654,0.8417812274170441,0.8303850954432629,0.7804779494534508,0.7702530799374481,0.7370944748331049,0.721424631810141,0.6999970924184279,0.6862528747796391,0.666039821406064,0.649054590130937,0.63152746651501,0.6152101563190411,0.6034733099925429,0.591486652079332,0.5851279070738771,0.567147800520125,0.5459874999055311,0.509683637705872,0.4878530640403979,0.449086198892231,0.37487192852137297,0.295704749890794,0.159530595016623,0.10886097993505602,0.0765210476878527,0.0631500460876125
0.5152109360678251,0.722731915028676,0.8696059197815809,0.964057958835237,1.0,0.9743335586136741,0.884910474535004,0.8705631768428961,0.815433712309971,0.800930593455813,0.7622083483606291,0.743974182938703,0.7205509116152801,0.7046074549219058,0.681818249668535,0.662348148690401,0.642421070730605,0.623245853385896,0.608162559827471,0.593395610214348,0.58514700076795,0.566007999064087,0.545634725936019,0.5098747253656429,0.487468245423862,0.448202384069824,0.370819165920368,0.28999334128721804,0.149675204785638,0.0986283695207866,0.0750961122021084,0.0635941420013588
0.506379559012587,0.704265040447581,0.8412803020030941,0.933841085045654,0.9743335586136741,1.0,0.9670450557649,0.949997598119673,0.8874853839646021,0.8711958406308259,0.8288347530321329,0.8081696255821508,0.781693292982823,0.763373594237621,0.737665904190754,0.716440105660393,0.695404011446889,0.675065924287421,0.659030994923224,0.642526274864572,0.631617250737972,0.609511612544412,0.5874645247097829,0.5487806619098239,0.5239134850386761,0.48118647518840096,0.407816775587346,0.32635660640698305,0.162870318602156,0.104044006428468,0.0846451374378496,0.0730904698067605
0.46500333049153403,0.639724941870088,0.757096844283354,0.8417812274170441,0.884910474535004,0.9670450557649,1.0,0.98095525655324,0.9139677134820269,0.8966673681987231,0.8528163681718509,0.8306826653706708,0.802394348638309,0.7825225843429731,0.7551074763767059,0.7332116001765029,0.7122250859018441,0.691832403055739,0.6757150611558239,0.6582679059647989,0.645026061579661,0.6209352731336939,0.598361626818548,0.5587685853048799,0.532659663825146,0.48866640040322207,0.42438389533824294,0.347255528857288,0.167698964850867,0.103720144365862,0.0901986927199629,0.07930063268538401
0.4638273780748571,0.635496719738021,0.7489048892969291,0.8303850954432629,0.8705631768428961,0.949997598119673,0.98095525655324,1.0,0.9753767580055129,0.958886575263602,0.907306626641297,0.882115107602625,0.8514060645566891,0.829668317830271,0.799958091607481,0.7761243294401509,0.753302774329022,0.7318639271371071,0.7157996361684219,0.69843399079068,0.685779065720295,0.661633594919308,0.6394794173278671,0.5989630903751171,0.573202977186575,0.5277509233109899,0.455600281344062,0.370810592264151,0.187020992354363,0.120426773772361,0.10665999896822,0.0940119322815399
0.441718178287633,0.6023295199620171,0.7062752388494771,0.7804779494534508,0.815433712309971,0.8874853839646021,0.9139677134820269,0.9753767580055129,1.0,0.985197309837956,0.9272318867088921,0.8997440347632291,0.867718601485624,0.844879308645692,0.813948140833381,0.789016810435818,0.76515932714294,0.7435173957405459,0.7282509759897521,0.7117854721610831,0.700404719883139,0.677328286249098,0.656672291313403,0.616977407124441,0.5928092439172591,0.5478017117397079,0.469924315960882,0.380279100557442,0.200307966884592,0.133862184828244,0.120378000708974,0.106316658964164
0.439407273572713,0.598555341689801,0.700485558895424,0.7702530799374481,0.800930593455813,0.8711958406308259,0.8966673681987231,0.958886575263602,0.985197309837956,1.0,0.9774456918013491,0.957737067427077,0.924125551658473,0.900142922344831,0.867458407147658,0.840782424953413,0.8149619648453801,0.7909792499825109,0.7731882432048929,0.754616096735516,0.742248677388487,0.7178955404654219,0.6973224860089399,0.656277142822671,0.6310480685990371,0.583529154805677,0.499107168079086,0.40281321391113795,0.213960261481245,0.143981134517602,0.13473370395697198,0.120036302473592
0.42383224461134494,0.5770368186006201,0.6742032448289399,0.7370944748331049,0.7622083483606291,0.8288347530321329,0.8528163681718509,0.907306626641297,0.9272318867088921,0.9774456918013491,1.0,0.990877673462124,0.9567585154891931,0.932424111767809,0.898978881704255,0.8713137929457858,0.844196461039447,0.818260824958723,0.7979129627374542,0.7773082407002341,0.763993768325479,0.7388094166476609,0.718864319598707,0.677547127666446,0.6517034095080211,0.602787337357729,0.5143260300077399,0.414168188665959,0.22079499262560398,0.149037151123802,0.145267748695658,0.13054599948373302
0.413870561890475,0.565112123798282,0.661664077411332,0.721424631810141,0.743974182938703,0.8081696255821508,0.8306826653706708,0.882115107602625,0.8997440347632291,0.957737067427077,0.990877673462124,1.0,0.986386444667461,0.968937587887875,0.934913981950742,0.905972025920866,0.876900027029925,0.8497108642871469,0.8290625698184458,0.8078325082415471,0.7936305890969041,0.766722002666212,0.7440258356546869,0.699766153479173,0.673695650306639,0.623729283877369,0.537733247926659,0.4371272502655011,0.231429762766026,0.15524574899907,0.152972301350423,0.137811952461414
0.399244706414914,0.547416158248673,0.643142861298919,0.6999970924184279,0.7205509116152801,0.781693292982823,0.802394348638309,0.8514060645566891,0.867718601485624,0.924125551658473,0.9567585154891931,0.986386444667461,1.0,0.991947442002066,0.95792318003075,0.928057631052866,0.8972707440359201,0.869457875862976,0.849519467148701,0.8284214611429079,0.8135665008736991,0.7850684831317891,0.7589244580066791,0.711574323785755,0.6857965467386701,0.6356521039907571,0.555449457627669,0.45699106949248797,0.239701502376841,0.159437533362081,0.157474826796884,0.14198052322222598
0.389349109541812,0.5361680592969711,0.632078209547918,0.6862528747796391,0.7046074549219058,0.763373594237621,0.7825225843429731,0.829668317830271,0.844879308645692,0.900142922344831,0.932424111767809,0.968937587887875,0.991947442002066,1.0,0.985328408672306,0.9639807278705109,0.9329671730830291,0.904739415612829,0.8843609629019921,0.862055094321753,0.8449533352668861,0.813872066043625,0.7855394482961899,0.7357847452276229,0.7109376899260409,0.660524916404166,0.579202451809184,0.47799623004989705,0.25033093910599,0.166257475460798,0.163978675677303,0.147809337614682
0.37597510845069104,0.520092142016212,0.6152449092154699,0.666039821406064,0.681818249668535,0.737665904190754,0.7551074763767059,0.799958091607481,0.813948140833381,0.867458407147658,0.898978881704255,0.934913981950742,0.95792318003075,0.985328408672306,1.0,0.9922604259006991,0.962243782804141,0.9341348318115421,0.913043038180788,0.889190317174178,0.8692972952168259,0.8356043584400681,0.806153694474991,0.7550991056835981,0.731880291946639,0.681916865175576,0.597205491127457,0.49230823375961696,0.258347256990585,0.171880428801293,0.169003074409572,0.15223183785366198
0.36456421608514794,0.506660681417529,0.601453375505677,0.649054590130937,0.662348148690401,0.716440105660393,0.7332116001765029,0.7761243294401509,0.789016810435818,0.840782424953413,0.8713137929457858,0.905972025920866,0.928057631052866,0.9639807278705109,0.9922604259006991,1.0,0.986285343449109,0.9661966878032991,0.9439974859015801,0.9183521739817031,0.895695675190631,0.859191008347587,0.8278396164628051,0.774593584833775,0.751037884095744,0.700015916063647,0.615155967876489,0.5086238941078309,0.27365992950699897,0.185707661382837,0.181124130052905,0.16275897174887302
0.35303036398951704,0.49290729583224796,0.5871281439318261,0.63152746651501,0.642421070730605,0.695404011446889,0.7122250859018441,0.753302774329022,0.76515932714294,0.8149619648453801,0.844196461039447,0.876900027029925,0.8972707440359201,0.9329671730830291,0.962243782804141,0.986285343449109,1.0,0.993762835784525,0.970319801487009,0.9429020601258591,0.9177285410732741,0.878564050948247,0.844959419132265,0.7892187885817741,0.763975007937016,0.7110695875963751,0.629001893342641,0.5230493753101211,0.292448776724664,0.204243676215191,0.19719861422346,0.176644634563757
0.346024574396726,0.48283378760883205,0.5743576018529489,0.6152101563190411,0.623245853385896,0.675065924287421,0.691832403055739,0.7318639271371071,0.7435173957405459,0.7909792499825109,0.818260824958723,0.8497108642871469,0.869457875862976,0.904739415612829,0.9341348318115421,0.9661966878032991,0.993762835784525,1.0,0.9875770838850351,0.96618228482278,0.9387371386677,0.8972087221736629,0.861785719085792,0.8040216214316841,0.77806756510204,0.724027061567979,0.6438548643327321,0.537827657981061,0.30539753020949,0.21562269383089103,0.210392968204543,0.18881547816634497
0.34594677970516896,0.47944955597542704,0.566356014792052,0.6034733099925429,0.608162559827471,0.659030994923224,0.6757150611558239,0.7157996361684219,0.7282509759897521,0.7731882432048929,0.7979129627374542,0.8290625698184458,0.849519467148701,0.8843609629019921,0.913043038180788,0.9439974859015801,0.970319801487009,0.9875770838850351,1.0,0.993338597762894,0.9637393555343979,0.919945442220898,0.882994909316675,0.8234181057398291,0.797713735049545,0.743086316200697,0.663377753144495,0.555968402175918,0.31346579715084,0.22014559996124103,0.221537204528799,0.200129517326377
0.34251931249462997,0.4734658783589821,0.5575313405136278,0.591486652079332,0.593395610214348,0.642526274864572,0.6582679059647989,0.69843399079068,0.7117854721610831,0.754616096735516,0.7773082407002341,0.8078325082415471,0.8284214611429079,0.862055094321753,0.889190317174178,0.9183521739817031,0.9429020601258591,0.96618228482278,0.993338597762894,1.0,0.9819392710452671,0.945871579884653,0.907846285223552,0.846604076392634,0.820471846932995,0.764553910405185,0.6838510821072221,0.5740548982307839,0.321371301289564,0.22450906917947003,0.23495392614524696,0.21394513043250799
0.33684661883544603,0.467913238441587,0.553089870133105,0.5851279070738771,0.58514700076795,0.631617250737972,0.645026061579661,0.685779065720295,0.700404719883139,0.742248677388487,0.763993768325479,0.7936305890969041,0.8135665008736991,0.8449533352668861,0.8692972952168259,0.895695675190631,0.9177285410732741,0.9387371386677,0.9637393555343979,0.9819392710452671,1.0,0.9893068372891329,0.950529591194001,0.8871151293808851,0.859041909256575,0.7998983812641349,0.714667019424005,0.599358446551392,0.332976585629468,0.231320792051754,0.255673477397889,0.235252139383547
0.32617380451211103,0.45383136799529,0.537038073111323,0.567147800520125,0.566007999064087,0.609511612544412,0.6209352731336939,0.661633594919308,0.677328286249098,0.7178955404654219,0.7388094166476609,0.766722002666212,0.7850684831317891,0.813872066043625,0.8356043584400681,0.859191008347587,0.878564050948247,0.8972087221736629,0.919945442220898,0.945871579884653,0.9893068372891329,1.0,0.973942448048485,0.919369340167097,0.889465284888995,0.8275613957447528,0.741257320214409,0.622987204825884,0.351960182236688,0.24749440753572402,0.277297109143384,0.255683610476805
0.31856817054757,0.43949605401413894,0.516308503769614,0.5459874999055311,0.545634725936019,0.5874645247097829,0.598361626818548,0.6394794173278671,0.656672291313403,0.6973224860089399,0.718864319598707,0.7440258356546869,0.7589244580066791,0.7855394482961899,0.806153694474991,0.8278396164628051,0.844959419132265,0.861785719085792,0.882994909316675,0.907846285223552,0.950529591194001,0.973942448048485,1.0,0.984371056587502,0.9510190177091891,0.883817830117871,0.8014423121861959,0.680493815177648,0.41511084451141705,0.307273533992435,0.32008080421014695,0.29067252303823904
0.301157293241493,0.41246171390104,0.4814850313439629,0.509683637705872,0.5098747253656429,0.5487806619098239,0.5587685853048799,0.5989630903751171,0.616977407124441,0.656277142822671,0.677547127666446,0.699766153479173,0.711574323785755,0.7357847452276229,0.7550991056835981,0.774593584833775,0.7892187885817741,0.8040216214316841,0.8234181057398291,0.846604076392634,0.8871151293808851,0.919369340167097,0.984371056587502,1.0,0.9722180159454399,0.908809330513618,0.8312195315974119,0.7107453775319621,0.45579818992764504,0.34771714942269,0.34301138831309497,0.30776164832014197
0.28929937944068296,0.395718622467845,0.46132152699764295,0.4878530640403979,0.487468245423862,0.5239134850386761,0.532659663825146,0.573202977186575,0.5928092439172591,0.6310480685990371,0.6517034095080211,0.673695650306639,0.6857965467386701,0.7109376899260409,0.731880291946639,0.751037884095744,0.763975007937016,0.77806756510204,0.797713735049545,0.820471846932995,0.859041909256575,0.889465284888995,0.9510190177091891,0.9722180159454399,1.0,0.98121352108389,0.897173911388266,0.7669548220938359,0.49454157142250105,0.3784848811594771,0.34284947254208303,0.301785338658617
0.267337413568337,0.365178512188576,0.42510593826315396,0.449086198892231,0.448202384069824,0.48118647518840096,0.48866640040322207,0.5277509233109899,0.5478017117397079,0.583529154805677,0.602787337357729,0.623729283877369,0.6356521039907571,0.660524916404166,0.681916865175576,0.700015916063647,0.7110695875963751,0.724027061567979,0.743086316200697,0.764553910405185,0.7998983812641349,0.8275613957447528,0.883817830117871,0.908809330513618,0.98121352108389,1.0,0.916152256346175,0.784425684760855,0.50890972534765,0.390830376625835,0.330045388728034,0.285512036846795
0.23371215180570104,0.313757424994816,0.35870311011068107,0.37487192852137297,0.370819165920368,0.407816775587346,0.42438389533824294,0.455600281344062,0.469924315960882,0.499107168079086,0.5143260300077399,0.537733247926659,0.555449457627669,0.579202451809184,0.597205491127457,0.615155967876489,0.629001893342641,0.6438548643327321,0.663377753144495,0.6838510821072221,0.714667019424005,0.741257320214409,0.8014423121861959,0.8312195315974119,0.897173911388266,0.916152256346175,1.0,0.9672575476361841,0.710147626379496,0.57911386192767,0.431443040635631,0.35949878440846794
0.19236118435683303,0.254268017329063,0.285869778978957,0.295704749890794,0.28999334128721804,0.32635660640698305,0.347255528857288,0.370810592264151,0.380279100557442,0.40281321391113795,0.414168188665959,0.4371272502655011,0.45699106949248797,0.47799623004989705,0.49230823375961696,0.5086238941078309,0.5230493753101211,0.537827657981061,0.555968402175918,0.5740548982307839,0.599358446551392,0.622987204825884,0.680493815177648,0.7107453775319621,0.7669548220938359,0.784425684760855,0.9672575476361841,1.0,0.7766128751869771,0.648623681530911,0.45861372428319996,0.37548868714996203
0.0964698125654364,0.135495423838146,0.15995761322846802,0.159530595016623,0.149675204785638,0.162870318602156,0.167698964850867,0.187020992354363,0.200307966884592,0.213960261481245,0.22079499262560398,0.231429762766026,0.239701502376841,0.25033093910599,0.258347256990585,0.27365992950699897,0.292448776724664,0.30539753020949,0.31346579715084,0.321371301289564,0.332976585629468,0.351960182236688,0.41511084451141705,0.45579818992764504,0.49454157142250105,0.50890972534765,0.710147626379496,0.7766128751869771,1.0,0.9831999727624742,0.5429594955859229,0.39991804156184
0.0617508537153737,0.0913863421722708,0.11209895520954401,0.10886097993505602,0.0986283695207866,0.104044006428468,0.103720144365862,0.120426773772361,0.133862184828244,0.143981134517602,0.149037151123802,0.15524574899907,0.159437533362081,0.166257475460798,0.171880428801293,0.185707661382837,0.204243676215191,0.21562269383089103,0.22014559996124103,0.22450906917947003,0.231320792051754,0.24749440753572402,0.307273533992435,0.34771714942269,0.3784848811594771,0.390830376625835,0.57911386192767,0.648623681530911,0.9831999727624742,1.0,0.523293289809193,0.374563813629281
0.0680418274957365,0.0776567672786912,0.0739384674817556,0.0765210476878527,0.0750961122021084,0.0846451374378496,0.0901986927199629,0.10665999896822,0.120378000708974,0.13473370395697198,0.145267748695658,0.152972301350423,0.157474826796884,0.163978675677303,0.169003074409572,0.181124130052905,0.19719861422346,0.210392968204543,0.221537204528799,0.23495392614524696,0.255673477397889,0.277297109143384,0.32008080421014695,0.34301138831309497,0.34284947254208303,0.330045388728034,0.431443040635631,0.45861372428319996,0.5429594955859229,0.523293289809193,1.0,0.986116969083452
0.0627329605211568,0.0676360206664372,0.0596543097517335,0.0631500460876125,0.0635941420013588,0.0730904698067605,0.07930063268538401,0.0940119322815399,0.106316658964164,0.120036302473592,0.13054599948373302,0.137811952461414,0.14198052322222598,0.147809337614682,0.15223183785366198,0.16275897174887302,0.176644634563757,0.18881547816634497,0.200129517326377,0.21394513043250799,0.235252139383547,0.255683610476805,0.29067252303823904,0.30776164832014197,0.301785338658617,0.285512036846795,0.35949878440846794,0.37548868714996203,0.39991804156184,0.374563813629281,0.986116969083452,1.0
