1.0,0.7981535605826341,0.7026859672669239,0.65824165469766,0.641967132313051,0.607840107045152,0.5947684695591801,0.586226489427782,0.5703344266782641,0.555291802055191,0.544659587537958,0.528092290517144,0.488406959767911,0.477986949822497,0.471827249208476,0.46528403518268296,0.457273079649895,0.44683944907079703,0.431081703763679,0.40922128031583005,0.3888692720028111,0.38159892730248895,0.37582895298908503,0.346324132950145,0.32260825009708194,0.30312576029783,0.23342055551648003,0.12592748407609,0.0778073130935742,0.0592551206279576,0.10469940119912499,0.0470066795380883
0.7981535605826341,1.0,0.8997584350273341,0.8354430367529979,0.8057427820927149,0.766022313558155,0.743527460915726,0.7286495621325191,0.71139080751009,0.6925183319124959,0.679139716327817,0.6656850383603791,0.637908926349225,0.6282552486439631,0.61513523127496,0.6003656050238599,0.588091056893184,0.578169858180217,0.5647559382904239,0.54458849366007,0.522535548890173,0.5079080767570611,0.492870623804715,0.45619908873649,0.42255083299657503,0.39785974514358097,0.31149894028,0.17125896011725797,0.11140302921276199,0.0766653675584366,0.11735482606277099,0.0761538432700404
0.7026859672669239,0.8997584350273341,1.0,0.9427740632578309,0.907524523130278,0.8696175887489609,0.8432132366473121,0.825264599758458,0.808883180960747,0.786880930375874,0.766766825529397,0.752720862249442,0.7278380521198331,0.714514022444152,0.69800067457837,0.6798882965014531,0.663781288637911,0.650283260929198,0.635498850471082,0.616867492198973,0.588200376091008,0.572000044213209,0.557498502816666,0.519824449630464,0.483761863304947,0.452307550066727,0.34853224180719705,0.184629277287536,0.10710963833412301,0.0740695106649782,0.108577019335719,0.0842190826963621
0.65824165469766,0.8354430367529979,0.9427740632578309,1.0,0.9644259836182609,0.9259650550785649,0.8952365294328279,0.8705567634352859,0.8488329664724841,0.823988303298217,0.806789542873946,0.791425067935458,0.7663557609861171,0.7538271845532142,0.735759773751698,0.715885700568351,0.6981194164753349,0.6832751539309829,0.667208927012457,0.64504731038256,0.612060681197354,0.594169164428639,0.5841720262720009,0.549913482309718,0.51483627232734,0.47900506989027397,0.374652161912423,0.21075872760651201,0.126792078918179,0.0919349819660629,0.130874597101123,0.103333125968345
0.641967132313051,0.8057427820927149,0.907524523130278,0.9644259836182609,1.0,0.976307568781386,0.942580417578197,0.914680781378442,0.8892179866102099,0.860614165098881,0.84251952943186,0.827447500263484,0.80244172558952,0.7852465334656991,0.763554086417718,0.7422848248335581,0.7235146022952891,0.707310785657581,0.690913077154717,0.670185300419172,0.635993087511449,0.617787675240376,0.605803453232261,0.5719002665161529,0.536367944505774,0.499066696376478,0.39737867359018897,0.233995564847858,0.146039638010575,0.103307051023211,0.130064555832599,0.11250999157230301
0.607840107045152,0.766022313558155,0.8696175887489609,0.9259650550785649,0.976307568781386,1.0,0.984136029809848,0.953524769039266,0.9251747674785219,0.8926740170004159,0.8717738957510122,0.8554841434089521,0.8311720794069479,0.811665522297646,0.788989735690168,0.768138769261011,0.74959790650133,0.7333251565151719,0.717789403445438,0.699443080044425,0.6693787112710949,0.650694698296936,0.634766035032064,0.601375912863079,0.5651902013083879,0.524690117734222,0.42061403274115794,0.25589515215663394,0.17042567614091597,0.119161908517253,0.13960326143573498,0.119569809750822
0.5947684695591801,0.743527460915726,0.8432132366473121,0.8952365294328279,0.942580417578197,0.984136029809848,1.0,0.986870736378806,0.9590692203846949,0.926725436301025,0.9031083287716609,0.8824961696299041,0.8578145440706619,0.8366005960922271,0.814156665811748,0.7936067058104491,0.776542631955914,0.7620080922299309,0.746408354906,0.7288487073427309,0.700357013285539,0.681989281045063,0.664982648012973,0.630180276847426,0.5934757333422571,0.553721757890852,0.44605438777772904,0.273261283307182,0.186386961520417,0.127707135460261,0.155306690444691,0.126983534639726
0.586226489427782,0.7286495621325191,0.825264599758458,0.8705567634352859,0.914680781378442,0.953524769039266,0.986870736378806,1.0,0.9875783628396719,0.9567474618471031,0.932169415248404,0.9072324574727809,0.882549093973426,0.86134354497703,0.8408309300764459,0.8206969518469341,0.8041697927806941,0.7907188055989071,0.775242225757677,0.7585854548642571,0.730045022700478,0.713311347762247,0.696272074414192,0.659318731031729,0.6218416443870799,0.5821834646524799,0.46709344853815793,0.282379040244617,0.19289181385439605,0.13595622604024699,0.16655581753742002,0.13238490120352098
0.5703344266782641,0.71139080751009,0.808883180960747,0.8488329664724841,0.8892179866102099,0.9251747674785219,0.9590692203846949,0.9875783628396719,1.0,0.9846644872116099,0.961006527005703,0.9336729947994371,0.9099217573263991,0.889832364714236,0.871023843281583,0.851431906749134,0.8349773357932291,0.8217856228251079,0.806770160941479,0.7918892085830369,0.765041396924029,0.7504494631416121,0.7330076549812159,0.69522499972325,0.656634954791764,0.614827790014599,0.48947984517919707,0.292152957487255,0.203836201246684,0.154214321548172,0.181809079701854,0.138554728506745
0.555291802055191,0.6925183319124959,0.786880930375874,0.823988303298217,0.860614165098881,0.8926740170004159,0.926725436301025,0.9567474618471031,0.9846644872116099,1.0,0.9861636521095251,0.9584325271066859,0.9353432800656751,0.9163808178706271,0.897558436737905,0.877712419231351,0.8619378691753209,0.8493020241445329,0.8336581760844108,0.8197932301489809,0.796020056581672,0.7826422571960551,0.765504588372495,0.728927346118365,0.690077569569631,0.6479457872784821,0.516787138320724,0.309369544080573,0.223021593662966,0.17728768347042104,0.206365880913659,0.147646251646495
0.544659587537958,0.679139716327817,0.766766825529397,0.806789542873946,0.84251952943186,0.8717738957510122,0.9031083287716609,0.932169415248404,0.961006527005703,0.9861636521095251,1.0,0.980005716676015,0.9569827250024059,0.9405668496220351,0.9226288356586858,0.901400033391014,0.884196339101176,0.870289388637897,0.852496043347016,0.8375277613702241,0.814739720744295,0.800810370437391,0.783599681430907,0.748752827929311,0.7111376744426021,0.670144423933634,0.53858120175061,0.324829027291182,0.23332091654509698,0.19104578192176397,0.21969632385395002,0.15569192520988098
0.528092290517144,0.6656850383603791,0.752720862249442,0.791425067935458,0.827447500263484,0.8554841434089521,0.8824961696299041,0.9072324574727809,0.9336729947994371,0.9584325271066859,0.980005716676015,1.0,0.980310312860619,0.963275759155309,0.9434300319248091,0.922081368614897,0.9044080175337891,0.8880502309723671,0.8669851660470591,0.84918206029998,0.8251764113519159,0.8103421363393921,0.789689294306465,0.7546993455625699,0.7177641868591501,0.6789551846454631,0.544700712414128,0.323370898924915,0.22999323467174398,0.19230356101121102,0.224322360636357,0.165738292461456
0.488406959767911,0.637908926349225,0.7278380521198331,0.7663557609861171,0.80244172558952,0.8311720794069479,0.8578145440706619,0.882549093973426,0.9099217573263991,0.9353432800656751,0.9569827250024059,0.980310312860619,1.0,0.986550174724912,0.967115640951197,0.9458501415436781,0.928000105973805,0.911017352112764,0.888296560661138,0.869094815201399,0.8457727479000491,0.8294508494566709,0.806818782797822,0.769999229589489,0.731690857140501,0.693399762918504,0.556298867652215,0.32735337099058004,0.22937509977234602,0.189416762474527,0.22797332419356,0.166958744578421
0.477986949822497,0.6282552486439631,0.714514022444152,0.7538271845532142,0.7852465334656991,0.811665522297646,0.8366005960922271,0.86134354497703,0.889832364714236,0.9163808178706271,0.9405668496220351,0.963275759155309,0.986550174724912,1.0,0.98801430872604,0.967006983576635,0.9484811834299458,0.931030173241705,0.9081438482973921,0.8860481064849742,0.864060079695528,0.849066076767,0.8264282535450259,0.7896901873460391,0.750809288090483,0.7156253442767371,0.579513186377009,0.34418881633134807,0.24549833580629002,0.199525937514035,0.243277816358068,0.185111701033588
0.471827249208476,0.61513523127496,0.69800067457837,0.735759773751698,0.763554086417718,0.788989735690168,0.814156665811748,0.8408309300764459,0.871023843281583,0.897558436737905,0.9226288356586858,0.9434300319248091,0.967115640951197,0.98801430872604,1.0,0.990148489757954,0.9714362806901,0.9522633125947979,0.9272914727283008,0.903442186556537,0.880680941818968,0.864370865792899,0.840783035128693,0.803106450969646,0.763385101568114,0.725750815844575,0.582567200656625,0.342616936626029,0.24671641644363101,0.19945874975319003,0.25338165635209,0.19857332243182801
0.46528403518268296,0.6003656050238599,0.6798882965014531,0.715885700568351,0.7422848248335581,0.768138769261011,0.7936067058104491,0.8206969518469341,0.851431906749134,0.877712419231351,0.901400033391014,0.922081368614897,0.9458501415436781,0.967006983576635,0.990148489757954,1.0,0.992035043093771,0.9725074250017349,0.947294789437727,0.9231494915936179,0.8983817864393249,0.880379010731442,0.854042993074577,0.8145097875756558,0.774000775742065,0.7370693513895741,0.593199538738141,0.35040070518269106,0.25583638046054197,0.20937174082500498,0.26924562914551997,0.20533880328363502
0.457273079649895,0.588091056893184,0.663781288637911,0.6981194164753349,0.7235146022952891,0.74959790650133,0.776542631955914,0.8041697927806941,0.8349773357932291,0.8619378691753209,0.884196339101176,0.9044080175337891,0.928000105973805,0.9484811834299458,0.9714362806901,0.992035043093771,1.0,0.9907771284808191,0.9671926810230941,0.94350800930986,0.9175488362721741,0.9003665928803509,0.8726514150528921,0.8321707648667059,0.7908274251931691,0.7560670338997951,0.614039518098572,0.366365119656569,0.26991522092203896,0.226588401677493,0.28569752196724896,0.210168720752205
0.44683944907079703,0.578169858180217,0.650283260929198,0.6832751539309829,0.707310785657581,0.7333251565151719,0.7620080922299309,0.7907188055989071,0.8217856228251079,0.8493020241445329,0.870289388637897,0.8880502309723671,0.911017352112764,0.931030173241705,0.9522633125947979,0.9725074250017349,0.9907771284808191,1.0,0.988431690426102,0.9647409395232719,0.9391947708285742,0.923974525478946,0.896436700392615,0.856324164879404,0.8134954074433441,0.7777820233860029,0.633058783172111,0.378766965958469,0.281595032974845,0.243263368018744,0.29532164695331603,0.219161338132816
0.431081703763679,0.5647559382904239,0.635498850471082,0.667208927012457,0.690913077154717,0.717789403445438,0.746408354906,0.775242225757677,0.806770160941479,0.8336581760844108,0.852496043347016,0.8669851660470591,0.888296560661138,0.9081438482973921,0.9272914727283008,0.947294789437727,0.9671926810230941,0.988431690426102,1.0,0.984365564742808,0.96036382490227,0.9452892716732021,0.91768913492102,0.878414152026572,0.8341780927124891,0.795499663659076,0.646463092006281,0.38872836011675105,0.295575642948209,0.26056167919814,0.30066448593834993,0.231233006549512
0.40922128031583005,0.54458849366007,0.616867492198973,0.64504731038256,0.670185300419172,0.699443080044425,0.7288487073427309,0.7585854548642571,0.7918892085830369,0.8197932301489809,0.8375277613702241,0.84918206029998,0.869094815201399,0.8860481064849742,0.903442186556537,0.9231494915936179,0.94350800930986,0.9647409395232719,0.984365564742808,1.0,0.982011601035355,0.966001743567464,0.939388684785168,0.901000013612306,0.8574130644654009,0.8185759691776541,0.6688591155336839,0.40946272082160207,0.319419854076505,0.283677685257748,0.311170032654014,0.23657886207749804
0.3888692720028111,0.522535548890173,0.588200376091008,0.612060681197354,0.635993087511449,0.6693787112710949,0.700357013285539,0.730045022700478,0.765041396924029,0.796020056581672,0.814739720744295,0.8251764113519159,0.8457727479000491,0.864060079695528,0.880680941818968,0.8983817864393249,0.9175488362721741,0.9391947708285742,0.96036382490227,0.982011601035355,1.0,0.980466096774696,0.9519378420556791,0.9134617519023142,0.869712064483846,0.831530956873054,0.6793897396202611,0.41653802259771994,0.33198914864546003,0.29738213310093203,0.30666429894786795,0.227437527382739
0.38159892730248895,0.5079080767570611,0.572000044213209,0.594169164428639,0.617787675240376,0.650694698296936,0.681989281045063,0.713311347762247,0.7504494631416121,0.7826422571960551,0.800810370437391,0.8103421363393921,0.8294508494566709,0.849066076767,0.864370865792899,0.880379010731442,0.9003665928803509,0.923974525478946,0.9452892716732021,0.966001743567464,0.980466096774696,1.0,0.9807079335884828,0.943312861746354,0.8970203133741149,0.8536710791536071,0.7036063610380711,0.44584083435490995,0.3675349361484361,0.34415006753626304,0.33569229399721695,0.23234453791444298
0.37582895298908503,0.492870623804715,0.557498502816666,0.5841720262720009,0.605803453232261,0.634766035032064,0.664982648012973,0.696272074414192,0.7330076549812159,0.765504588372495,0.783599681430907,0.789689294306465,0.806818782797822,0.8264282535450259,0.840783035128693,0.854042993074577,0.8726514150528921,0.896436700392615,0.91768913492102,0.939388684785168,0.9519378420556791,0.9807079335884828,1.0,0.975642907829664,0.93037669980588,0.8837642115088029,0.7269652889198421,0.463983897680308,0.38866651325064205,0.36938918450436703,0.34195414758523907,0.22798675930275797
0.346324132950145,0.45619908873649,0.519824449630464,0.549913482309718,0.5719002665161529,0.601375912863079,0.630180276847426,0.659318731031729,0.69522499972325,0.728927346118365,0.748752827929311,0.7546993455625699,0.769999229589489,0.7896901873460391,0.803106450969646,0.8145097875756558,0.8321707648667059,0.856324164879404,0.878414152026572,0.901000013612306,0.9134617519023142,0.943312861746354,0.975642907829664,1.0,0.980688001613402,0.9315995966026859,0.7699798517423829,0.502158544177957,0.42591112265472,0.40820831035509997,0.36552882176780604,0.241481845550083
0.32260825009708194,0.42255083299657503,0.483761863304947,0.51483627232734,0.536367944505774,0.5651902013083879,0.5934757333422571,0.6218416443870799,0.656634954791764,0.690077569569631,0.7111376744426021,0.7177641868591501,0.731690857140501,0.750809288090483,0.763385101568114,0.774000775742065,0.7908274251931691,0.8134954074433441,0.8341780927124891,0.8574130644654009,0.869712064483846,0.8970203133741149,0.93037669980588,0.980688001613402,1.0,0.9687777965604619,0.800904798127134,0.526560357611468,0.4487672375583279,0.41960203398049495,0.3781365503454871,0.24702358522331197
0.30312576029783,0.39785974514358097,0.452307550066727,0.47900506989027397,0.499066696376478,0.524690117734222,0.553721757890852,0.5821834646524799,0.614827790014599,0.6479457872784821,0.670144423933634,0.6789551846454631,0.693399762918504,0.7156253442767371,0.725750815844575,0.7370693513895741,0.7560670338997951,0.7777820233860029,0.795499663659076,0.8185759691776541,0.831530956873054,0.8536710791536071,0.8837642115088029,0.9315995966026859,0.9687777965604619,1.0,0.8850509697526209,0.5926303005804,0.492787572575844,0.426649004607085,0.385599923337373,0.242757413070038
0.23342055551648003,0.31149894028,0.34853224180719705,0.374652161912423,0.39737867359018897,0.42061403274115794,0.44605438777772904,0.46709344853815793,0.48947984517919707,0.516787138320724,0.53858120175061,0.544700712414128,0.556298867652215,0.579513186377009,0.582567200656625,0.593199538738141,0.614039518098572,0.633058783172111,0.646463092006281,0.6688591155336839,0.6793897396202611,0.7036063610380711,0.7269652889198421,0.7699798517423829,0.800904798127134,0.8850509697526209,1.0,0.873558224803496,0.724646284320966,0.5381497331121571,0.42366913043927706,0.235104150898137
0.12592748407609,0.17125896011725797,0.184629277287536,0.21075872760651201,0.233995564847858,0.25589515215663394,0.273261283307182,0.282379040244617,0.292152957487255,0.309369544080573,0.324829027291182,0.323370898924915,0.32735337099058004,0.34418881633134807,0.342616936626029,0.35040070518269106,0.366365119656569,0.378766965958469,0.38872836011675105,0.40946272082160207,0.41653802259771994,0.44584083435490995,0.463983897680308,0.502158544177957,0.526560357611468,0.5926303005804,0.873558224803496,1.0,0.905208848824178,0.6172342526647729,0.433357983099308,0.217819836073565
0.0778073130935742,0.11140302921276199,0.10710963833412301,0.126792078918179,0.146039638010575,0.17042567614091597,0.186386961520417,0.19289181385439605,0.203836201246684,0.223021593662966,0.23332091654509698,0.22999323467174398,0.22937509977234602,0.24549833580629002,0.24671641644363101,0.25583638046054197,0.26991522092203896,0.281595032974845,0.295575642948209,0.319419854076505,0.33198914864546003,0.3675349361484361,0.38866651325064205,0.42591112265472,0.4487672375583279,0.492787572575844,0.724646284320966,0.905208848824178,1.0,0.7563610628256809,0.533297342043491,0.274557012599807
0.0592551206279576,0.0766653675584366,0.0740695106649782,0.0919349819660629,0.103307051023211,0.119161908517253,0.127707135460261,0.13595622604024699,0.154214321548172,0.17728768347042104,0.19104578192176397,0.19230356101121102,0.189416762474527,0.199525937514035,0.19945874975319003,0.20937174082500498,0.226588401677493,0.243263368018744,0.26056167919814,0.283677685257748,0.29738213310093203,0.34415006753626304,0.36938918450436703,0.40820831035509997,0.41960203398049495,0.426649004607085,0.5381497331121571,0.6172342526647729,0.7563610628256809,1.0,0.661336061109057,0.32445080287215805
0.10469940119912499,0.11735482606277099,0.108577019335719,0.130874597101123,0.130064555832599,0.13960326143573498,0.155306690444691,0.16655581753742002,0.181809079701854,0.206365880913659,0.21969632385395002,0.224322360636357,0.22797332419356,0.243277816358068,0.25338165635209,0.26924562914551997,0.28569752196724896,0.29532164695331603,0.30066448593834993,0.311170032654014,0.30666429894786795,0.33569229399721695,0.34195414758523907,0.36552882176780604,0.3781365503454871,0.385599923337373,0.42366913043927706,0.433357983099308,0.533297342043491,0.661336061109057,1.0,0.551256163788395
0.0470066795380883,0.0761538432700404,0.0842190826963621,0.103333125968345,0.11250999157230301,0.119569809750822,0.126983534639726,0.13238490120352098,0.138554728506745,0.147646251646495,0.15569192520988098,0.165738292461456,0.166958744578421,0.185111701033588,0.19857332243182801,0.20533880328363502,0.210168720752205,0.219161338132816,0.231233006549512,0.23657886207749804,0.227437527382739,0.23234453791444298,0.22798675930275797,0.241481845550083,0.24702358522331197,0.242757413070038,0.235104150898137,0.217819836073565,0.274557012599807,0.32445080287215805,0.551256163788395,1.0
