1.0,0.8650144901926379,0.8234265166159591,0.797638701255242,0.785577029009715,0.7745558485678721,0.7631706854228429,0.754624662543917,0.7450026926696139,0.739428570705665,0.733887182710003,0.727624015748468,0.717221618983302,0.7037864444541609,0.696669231592962,0.6873988133992149,0.679920874558126,0.675506778283647,0.67135961605563,0.6622425023909749,0.658204185531766,0.650552202024239,0.6462936890513249,0.6345088509490601,0.622215846045677,0.6129920260465489,0.5996453139386421,0.57779439991781,0.5540000854096021,0.501899028673701,0.340964397187712,0.0574958622421026
0.8650144901926379,1.0,0.969919159551676,0.948040014211998,0.9376021741010159,0.926397903536336,0.9183034224255391,0.9111659784011898,0.9025961029869279,0.89812273625672,0.8946139173950401,0.889480879528348,0.8838646900048409,0.874409480917979,0.8666136839953901,0.8578731750329709,0.850114717213539,0.84572010108846,0.839616963190271,0.831356253760392,0.82620779982654,0.819031879087307,0.8126612533915161,0.8042309692225871,0.793124222968938,0.784195194214129,0.7670519132423571,0.7493723942465921,0.723085538138106,0.667690752383532,0.493392456339734,0.0776175258787499
0.8234265166159591,0.969919159551676,1.0,0.9850219279793249,0.974055573347871,0.9648523111775319,0.957332812415157,0.9516266882478259,0.943599150646529,0.9384206244067042,0.9340616197594459,0.9288260400510691,0.923403807296485,0.915513065360149,0.909977416072381,0.9015100325250059,0.8952756795597181,0.891674664104,0.885483810617826,0.8776631336472429,0.873027934465338,0.866129864562217,0.860076506582679,0.852852051228732,0.8419076123345859,0.833535044165952,0.8154175463616049,0.797819134372749,0.770886291552007,0.7154875127850291,0.53539727442519,0.115617056793452
0.797638701255242,0.948040014211998,0.9850219279793249,1.0,0.990450211023875,0.9823539355304681,0.97492880551363,0.968926795145766,0.9607139312849221,0.9549679779890748,0.9506371060490529,0.9454737124663491,0.940610123494139,0.933707898710124,0.928262271368991,0.919868074203311,0.9138396575566959,0.910376589722136,0.9046438351922109,0.8974520270094251,0.893201630239075,0.8864190746274279,0.8808651913918979,0.8742704397492741,0.864195642781977,0.8559426725974331,0.83811602426029,0.820323486046225,0.794065107869766,0.741213968447751,0.560072626537482,0.142739559187878
0.785577029009715,0.9376021741010159,0.974055573347871,0.990450211023875,1.0,0.993447273866464,0.986172566070702,0.980018906881569,0.971599683274041,0.9653908435491521,0.9599910260165491,0.9543279399075699,0.948700379375278,0.94181840247893,0.935905304569084,0.9280970349206079,0.922257716295337,0.918831971266755,0.9142490919052141,0.907543389854942,0.903134469805227,0.896791060223131,0.891762046912132,0.885611847726105,0.87605562211641,0.867943722038217,0.850444902937433,0.833005687403843,0.8084820569337622,0.7569311283866271,0.574786350235972,0.15834302330261302
0.7745558485678721,0.926397903536336,0.9648523111775319,0.9823539355304681,0.993447273866464,1.0,0.99500700805133,0.9895402100522259,0.981655700152441,0.9757701672061708,0.9705348288298309,0.9645303543266609,0.958594276213364,0.9517484482448271,0.945304500867317,0.937797054318029,0.932075880596101,0.9289906115151851,0.924337036360856,0.917572987381916,0.913057192364178,0.9070019226129499,0.9023263577396409,0.8968943924723941,0.887812028109579,0.879882871671784,0.8634190382861421,0.8461489082474741,0.8210447160424091,0.7696113643317098,0.5868341883236429,0.17510354610404802
0.7631706854228429,0.9183034224255391,0.957332812415157,0.97492880551363,0.986172566070702,0.99500700805133,1.0,0.9947557065986171,0.987381648515345,0.981552391766725,0.976264182384062,0.969780929268915,0.9633494786728101,0.956539410709246,0.9498662371575061,0.942402864320399,0.9364148431106409,0.9335405343957929,0.9289865569733331,0.9220877194686401,0.9176056401882919,0.911539230362665,0.906627960438073,0.902041894250592,0.8936334683070809,0.8856170015533579,0.869210677473663,0.8522041997849029,0.826758824273393,0.7751801257233241,0.590314866140808,0.1782671960588
0.754624662543917,0.9111659784011898,0.9516266882478259,0.968926795145766,0.980018906881569,0.9895402100522259,0.9947557065986171,1.0,0.995190658115904,0.990131654911937,0.9853399805598779,0.979115063336875,0.973200610506403,0.9663848031079421,0.960406348581592,0.953725168333147,0.9482415069061941,0.9451533749294059,0.94097519131347,0.9349581067535458,0.931328517126598,0.9264298000561809,0.921949597086917,0.9176689164466079,0.9099295691286701,0.9026027246873242,0.8872398991884699,0.87170066127314,0.846931428031757,0.798459202121502,0.613424654539942,0.196728635454607
0.7450026926696139,0.9025961029869279,0.943599150646529,0.9607139312849221,0.971599683274041,0.981655700152441,0.987381648515345,0.995190658115904,1.0,0.9962408061516429,0.991472030714774,0.9854902693851151,0.9798328925980658,0.973038249416499,0.9673757285564158,0.9609768127887709,0.9555855932407059,0.952777166204025,0.9486878298108169,0.9430071400392769,0.9395199378821659,0.93522999910467,0.930492757239287,0.926522556557804,0.9190887535099341,0.912562718921246,0.89768428815481,0.883253988967809,0.8594659899604541,0.8134966218678281,0.6311998506082049,0.21391454653452602
0.739428570705665,0.89812273625672,0.9384206244067042,0.9549679779890748,0.9653908435491521,0.9757701672061708,0.981552391766725,0.990131654911937,0.9962408061516429,1.0,0.9965513046701209,0.991495437612057,0.9859003233740279,0.9796342667279508,0.973880947971414,0.9680079238191021,0.962604204312456,0.9599950950956899,0.955815164378521,0.950372500184264,0.946804861266337,0.9429546309980079,0.9384548641504731,0.9347865123062171,0.9277463001373809,0.921362098669256,0.906999029441586,0.893059917882837,0.8692527530096759,0.824942261327879,0.64414244345145,0.218970552604803
0.733887182710003,0.8946139173950401,0.9340616197594459,0.9506371060490529,0.9599910260165491,0.9705348288298309,0.976264182384062,0.9853399805598779,0.991472030714774,0.9965513046701209,1.0,0.996364996058476,0.991457696048907,0.985940215953261,0.9806336510124108,0.974917022720968,0.969638709960509,0.9671673334596959,0.9626761936969308,0.9577220220912328,0.953868308213273,0.950357499661324,0.945998100559739,0.942548536632106,0.935797683012956,0.9291307268522858,0.9148758420999241,0.9012517418925209,0.878180369808425,0.834698062916239,0.654907887180141,0.230128865051823
0.727624015748468,0.889480879528348,0.9288260400510691,0.9454737124663491,0.9543279399075699,0.9645303543266609,0.969780929268915,0.979115063336875,0.9854902693851151,0.991495437612057,0.996364996058476,1.0,0.996708468474631,0.991793238171841,0.987001066891826,0.9815037749222242,0.9767177526843142,0.974096956245687,0.969604310852215,0.9651561932019491,0.961343709617775,0.957886239012408,0.953077136838001,0.949771105947909,0.943258743976226,0.9370355013540579,0.923282434739846,0.910593538266695,0.8885299203438741,0.8458996889566139,0.6674325595967321,0.239944858888935
0.717221618983302,0.8838646900048409,0.923403807296485,0.940610123494139,0.948700379375278,0.958594276213364,0.9633494786728101,0.973200610506403,0.9798328925980658,0.9859003233740279,0.991457696048907,0.996708468474631,1.0,0.9966794020087271,0.9925185907053571,0.9877836333439921,0.983511030207134,0.9806805167058159,0.9761107705804392,0.971777708992876,0.9681642007533521,0.964385365181005,0.9598163613901921,0.9563659779164321,0.95011946411416,0.9442828892029879,0.931021972638154,0.918782416021347,0.8972925450882241,0.85600646523247,0.679725370771462,0.25422676299312197
0.7037864444541609,0.874409480917979,0.915513065360149,0.933707898710124,0.94181840247893,0.9517484482448271,0.956539410709246,0.9663848031079421,0.973038249416499,0.9796342667279508,0.985940215953261,0.991793238171841,0.9966794020087271,1.0,0.997095712038631,0.993477891720999,0.989471758855815,0.9863073271924999,0.981474760580826,0.977339836204494,0.973514908012727,0.969690521722662,0.9655250710806731,0.962123128800465,0.9566454394939129,0.9507672859797659,0.938166393117795,0.926784902772755,0.9063785472348499,0.8665138035404479,0.6920434941882111,0.26816009747553604
0.696669231592962,0.8666136839953901,0.909977416072381,0.928262271368991,0.935905304569084,0.945304500867317,0.9498662371575061,0.960406348581592,0.9673757285564158,0.973880947971414,0.9806336510124108,0.987001066891826,0.9925185907053571,0.997095712038631,1.0,0.9971877216596641,0.9935270749658079,0.9904898876358891,0.9859002673777092,0.981880922521452,0.978318996481628,0.974859324563631,0.9704446975688009,0.9668009749944191,0.961582517762214,0.9556833907247171,0.943409569998495,0.9323172321580658,0.91247318067014,0.8740269996705401,0.704722793401143,0.27782637992581605
0.6873988133992149,0.8578731750329709,0.9015100325250059,0.919868074203311,0.9280970349206079,0.937797054318029,0.942402864320399,0.953725168333147,0.9609768127887709,0.9680079238191021,0.974917022720968,0.9815037749222242,0.9877836333439921,0.993477891720999,0.9971877216596641,1.0,0.997340178582896,0.9943858788995591,0.990361716671707,0.98691335556171,0.9836786969119409,0.9802340632941251,0.976525781305692,0.972517055660827,0.9677932650563559,0.962003875153389,0.950758939003603,0.94042839359051,0.921496343559191,0.8839764837891101,0.7164332440052991,0.290043840199519
0.679920874558126,0.850114717213539,0.8952756795597181,0.9138396575566959,0.922257716295337,0.932075880596101,0.9364148431106409,0.9482415069061941,0.9555855932407059,0.962604204312456,0.969638709960509,0.9767177526843142,0.983511030207134,0.989471758855815,0.9935270749658079,0.997340178582896,1.0,0.9976941207191691,0.994258824351705,0.9912973000274509,0.9883059845527141,0.9849575787621121,0.9817246784314371,0.9776097940474779,0.973120807723341,0.967541423502955,0.957251522650975,0.9468239579554251,0.928732393790708,0.8921314469308549,0.7248834003126361,0.29691702809871395
0.675506778283647,0.84572010108846,0.891674664104,0.910376589722136,0.918831971266755,0.9289906115151851,0.9335405343957929,0.9451533749294059,0.952777166204025,0.9599950950956899,0.9671673334596959,0.974096956245687,0.9806805167058159,0.9863073271924999,0.9904898876358891,0.9943858788995591,0.9976941207191691,1.0,0.9975432588819091,0.9947752896090729,0.991538538230063,0.988061342388628,0.9847787063519108,0.9808066015569431,0.976375393556419,0.9705186680264629,0.9601171665064441,0.9494194543166709,0.93132151053699,0.894541139723189,0.7289647511684251,0.300648268533671
0.67135961605563,0.839616963190271,0.885483810617826,0.9046438351922109,0.9142490919052141,0.924337036360856,0.9289865569733331,0.94097519131347,0.9486878298108169,0.955815164378521,0.9626761936969308,0.969604310852215,0.9761107705804392,0.981474760580826,0.9859002673777092,0.990361716671707,0.994258824351705,0.9975432588819091,1.0,0.9978747869775172,0.9949080438833701,0.9913539948170291,0.988007488320548,0.9842531075204559,0.979768227363318,0.974146225639994,0.9640660955055741,0.9530933777705319,0.935055472750664,0.897952361524793,0.7336630097371272,0.30620579455277896
0.6622425023909749,0.831356253760392,0.8776631336472429,0.8974520270094251,0.907543389854942,0.917572987381916,0.9220877194686401,0.9349581067535458,0.9430071400392769,0.950372500184264,0.9577220220912328,0.9651561932019491,0.971777708992876,0.977339836204494,0.981880922521452,0.98691335556171,0.9912973000274509,0.9947752896090729,0.9978747869775172,1.0,0.997706072016249,0.994260054349934,0.9908919201343299,0.987296088052533,0.9830178098891279,0.977785385196751,0.9678653329360509,0.9569351492125909,0.9394538227671129,0.90349909840746,0.7419623870277611,0.317067704651198
0.658204185531766,0.82620779982654,0.873027934465338,0.893201630239075,0.903134469805227,0.913057192364178,0.9176056401882919,0.931328517126598,0.9395199378821659,0.946804861266337,0.953868308213273,0.961343709617775,0.9681642007533521,0.973514908012727,0.978318996481628,0.9836786969119409,0.9883059845527141,0.991538538230063,0.9949080438833701,0.997706072016249,1.0,0.9970137055812008,0.993682387947731,0.990385499089055,0.9867212111341809,0.9821295047304059,0.9727310399436501,0.9623093887261429,0.9452791939280369,0.910763586514486,0.751238514799518,0.32448732116151696
0.650552202024239,0.819031879087307,0.866129864562217,0.8864190746274279,0.896791060223131,0.9070019226129499,0.911539230362665,0.9264298000561809,0.93522999910467,0.9429546309980079,0.950357499661324,0.957886239012408,0.964385365181005,0.969690521722662,0.974859324563631,0.9802340632941251,0.9849575787621121,0.988061342388628,0.9913539948170291,0.994260054349934,0.9970137055812008,1.0,0.9972248629529591,0.9941986137520559,0.990923129750728,0.9864668387413721,0.9769852511589059,0.967416905151576,0.950383483860235,0.9168667365211,0.7572519539806759,0.331144126346395
0.6462936890513249,0.8126612533915161,0.860076506582679,0.8808651913918979,0.891762046912132,0.9023263577396409,0.906627960438073,0.921949597086917,0.930492757239287,0.9384548641504731,0.945998100559739,0.953077136838001,0.9598163613901921,0.9655250710806731,0.9704446975688009,0.976525781305692,0.9817246784314371,0.9847787063519108,0.988007488320548,0.9908919201343299,0.993682387947731,0.9972248629529591,1.0,0.9971772498440641,0.9940349496611189,0.990138120694374,0.9817221940642159,0.972663026253385,0.956190156605227,0.9237525392229359,0.766788987268835,0.341157417277333
0.6345088509490601,0.8042309692225871,0.852852051228732,0.8742704397492741,0.885611847726105,0.8968943924723941,0.902041894250592,0.9176689164466079,0.926522556557804,0.9347865123062171,0.942548536632106,0.949771105947909,0.9563659779164321,0.962123128800465,0.9668009749944191,0.972517055660827,0.9776097940474779,0.9808066015569431,0.9842531075204559,0.987296088052533,0.990385499089055,0.9941986137520559,0.9971772498440641,1.0,0.9969596795926892,0.992825451443149,0.984716205769109,0.9763466589245521,0.960727843843147,0.9293349490873509,0.777538944981823,0.35649045005810603
0.622215846045677,0.793124222968938,0.8419076123345859,0.864195642781977,0.87605562211641,0.887812028109579,0.8936334683070809,0.9099295691286701,0.9190887535099341,0.9277463001373809,0.935797683012956,0.943258743976226,0.95011946411416,0.9566454394939129,0.961582517762214,0.9677932650563559,0.973120807723341,0.976375393556419,0.979768227363318,0.9830178098891279,0.9867212111341809,0.990923129750728,0.9940349496611189,0.9969596795926892,1.0,0.996294579915631,0.989209212618428,0.981682321057148,0.9664266301277199,0.9375737519566459,0.7895724980203629,0.370900621899391
0.6129920260465489,0.784195194214129,0.833535044165952,0.8559426725974331,0.867943722038217,0.879882871671784,0.8856170015533579,0.9026027246873242,0.912562718921246,0.921362098669256,0.9291307268522858,0.9370355013540579,0.9442828892029879,0.9507672859797659,0.9556833907247171,0.962003875153389,0.967541423502955,0.9705186680264629,0.974146225639994,0.977785385196751,0.9821295047304059,0.9864668387413721,0.990138120694374,0.992825451443149,0.996294579915631,1.0,0.9941272120181669,0.98714010967224,0.972669732476711,0.945036133284643,0.799457122762904,0.381939439725622
0.5996453139386421,0.7670519132423571,0.8154175463616049,0.83811602426029,0.850444902937433,0.8634190382861421,0.869210677473663,0.8872398991884699,0.89768428815481,0.906999029441586,0.9148758420999241,0.923282434739846,0.931021972638154,0.938166393117795,0.943409569998495,0.950758939003603,0.957251522650975,0.9601171665064441,0.9640660955055741,0.9678653329360509,0.9727310399436501,0.9769852511589059,0.9817221940642159,0.984716205769109,0.989209212618428,0.9941272120181669,1.0,0.9943220924957041,0.9823026081294208,0.9567636623954392,0.8190499055018658,0.406778314460956
0.57779439991781,0.7493723942465921,0.797819134372749,0.820323486046225,0.833005687403843,0.8461489082474741,0.8522041997849029,0.87170066127314,0.883253988967809,0.893059917882837,0.9012517418925209,0.910593538266695,0.918782416021347,0.926784902772755,0.9323172321580658,0.94042839359051,0.9468239579554251,0.9494194543166709,0.9530933777705319,0.9569351492125909,0.9623093887261429,0.967416905151576,0.972663026253385,0.9763466589245521,0.981682321057148,0.98714010967224,0.9943220924957041,1.0,0.989515051208391,0.966888286052607,0.837951003455328,0.428659113998636
0.5540000854096021,0.723085538138106,0.770886291552007,0.794065107869766,0.8084820569337622,0.8210447160424091,0.826758824273393,0.846931428031757,0.8594659899604541,0.8692527530096759,0.878180369808425,0.8885299203438741,0.8972925450882241,0.9063785472348499,0.91247318067014,0.921496343559191,0.928732393790708,0.93132151053699,0.935055472750664,0.9394538227671129,0.9452791939280369,0.950383483860235,0.956190156605227,0.960727843843147,0.9664266301277199,0.972669732476711,0.9823026081294208,0.989515051208391,1.0,0.9817574828545329,0.8687353549451329,0.462442868667528
0.501899028673701,0.667690752383532,0.7154875127850291,0.741213968447751,0.7569311283866271,0.7696113643317098,0.7751801257233241,0.798459202121502,0.8134966218678281,0.824942261327879,0.834698062916239,0.8458996889566139,0.85600646523247,0.8665138035404479,0.8740269996705401,0.8839764837891101,0.8921314469308549,0.894541139723189,0.897952361524793,0.90349909840746,0.910763586514486,0.9168667365211,0.9237525392229359,0.9293349490873509,0.9375737519566459,0.945036133284643,0.9567636623954392,0.966888286052607,0.9817574828545329,1.0,0.912647629173903,0.511704129237008
0.340964397187712,0.493392456339734,0.53539727442519,0.560072626537482,0.574786350235972,0.5868341883236429,0.590314866140808,0.613424654539942,0.6311998506082049,0.64414244345145,0.654907887180141,0.6674325595967321,0.679725370771462,0.6920434941882111,0.704722793401143,0.7164332440052991,0.7248834003126361,0.7289647511684251,0.7336630097371272,0.7419623870277611,0.751238514799518,0.7572519539806759,0.766788987268835,0.777538944981823,0.7895724980203629,0.799457122762904,0.8190499055018658,0.837951003455328,0.8687353549451329,0.912647629173903,1.0,0.635479406001202
0.0574958622421026,0.0776175258787499,0.115617056793452,0.142739559187878,0.15834302330261302,0.17510354610404802,0.1782671960588,0.196728635454607,0.21391454653452602,0.218970552604803,0.230128865051823,0.239944858888935,0.25422676299312197,0.26816009747553604,0.27782637992581605,0.290043840199519,0.29691702809871395,0.300648268533671,0.30620579455277896,0.317067704651198,0.32448732116151696,0.331144126346395,0.341157417277333,0.35649045005810603,0.370900621899391,0.381939439725622,0.406778314460956,0.428659113998636,0.462442868667528,0.511704129237008,0.635479406001202,1.0
