1.0,0.7359496938635128,0.6609595362708621,0.6370541670346639,0.6190551035575029,0.609928309773621,0.6045072902159351,0.598287009181602,0.5843852728525529,0.5730804512863921,0.5682232416383559,0.559523157699612,0.549172770137394,0.539788418135463,0.534510859566808,0.524523594600125,0.514344352094781,0.49579809414149,0.482619470272609,0.47546835248911606,0.46403466539384797,0.457015056478233,0.4549844134238689,0.43910403845246293,0.41663355151666,0.392732744661466,0.346124751285096,0.307135191692025,0.26039856860856303,0.180371913166334,0.162175360048921,0.10319127748853699
0.7359496938635128,1.0,0.927178999735376,0.891263709901076,0.8695446001694749,0.8551009639831959,0.846572407383359,0.8315179814704872,0.814508462829198,0.8017558590301991,0.791560871646402,0.78291815368827,0.763908944441341,0.74941791937626,0.7388510515408009,0.72397641652322,0.709268142382143,0.691647131344174,0.675310996292104,0.6646955275356771,0.648945512011956,0.633753145970196,0.62647647720777,0.608580788102907,0.574730141415609,0.5406898515488301,0.48265110696065905,0.425106601402229,0.35218716333204003,0.235903061614202,0.19249142481862302,0.14621349878710999
0.6609595362708621,0.927178999735376,1.0,0.9643428987792919,0.9395458049619531,0.9252866082878051,0.9159463181426379,0.9009846364692329,0.8841927608520072,0.8709051511971179,0.8602949535230291,0.8489514809285301,0.829906976078094,0.816242773358396,0.805086904519206,0.792497680122874,0.7795637700335741,0.76512923040667,0.7451932518905799,0.732492252621235,0.7171235757720609,0.701167281578199,0.694125052567742,0.678568148808619,0.6452832921583679,0.6098079604256441,0.547606406921368,0.48377840969015895,0.40329942739876395,0.275767085533877,0.201992791389475,0.13782776134250302
0.6370541670346639,0.891263709901076,0.9643428987792919,1.0,0.9761551506748051,0.95823013865815,0.9472885494409101,0.931062864958753,0.91420310341546,0.9029468854445509,0.8925618679727351,0.880970322641332,0.8626830167354229,0.84894521293455,0.8373995738702859,0.826516744795292,0.815556173123322,0.800205209809341,0.779633235414762,0.769454709847746,0.7543147354300229,0.739220037654162,0.729041490931684,0.715916874219088,0.684409274513413,0.6499772244742429,0.5864420780688759,0.519431029718333,0.42915607624815205,0.29902434196108,0.220071773471412,0.14125361593895
0.6190551035575029,0.8695446001694749,0.9395458049619531,0.9761551506748051,1.0,0.9831551021691959,0.972289835420399,0.9581637528917609,0.9433088628899109,0.9328793725353209,0.9233410997331929,0.9142930562734829,0.897965075562893,0.8840099619645,0.872667928011328,0.861328485643004,0.849827516653498,0.83537586003059,0.8174029231669531,0.8060269036423809,0.7906393770682428,0.7764228705584109,0.7667379625486691,0.750790965504287,0.7215712589879408,0.6867427284022769,0.6218272485416569,0.5520618680064151,0.46106908932731705,0.32899912282029303,0.24319331125449803,0.14258563964438098
0.609928309773621,0.8551009639831959,0.9252866082878051,0.95823013865815,0.9831551021691959,1.0,0.9892543288304341,0.9761184779936222,0.9623297334681541,0.950625369859125,0.9401639690231949,0.9296315233771519,0.9137746715789291,0.900521432954262,0.8895303437546751,0.878205535427957,0.867712300827062,0.8532466904028728,0.8365414215817779,0.8261948212085359,0.8109862324181492,0.7973904442688241,0.7875388374262869,0.7721445197663578,0.74066500768667,0.7044320673232141,0.6372327625623659,0.5659847223825071,0.474144413954252,0.34001788840002095,0.2518962572966,0.145795224899492
0.6045072902159351,0.846572407383359,0.9159463181426379,0.9472885494409101,0.972289835420399,0.9892543288304341,1.0,0.9884020812162579,0.973657106832578,0.9609005929695809,0.949752246672084,0.9388105569479871,0.9223496963966159,0.907617784440723,0.8953761028429459,0.882601180014115,0.872003676450183,0.858984704734616,0.842410785341544,0.8323910269776759,0.816803835060336,0.8050467603739699,0.79586218016118,0.7812845135272729,0.74937681338993,0.7132746503510071,0.6474218081623571,0.5762583294245159,0.485369841529844,0.353444960238014,0.25949306937491,0.13978638222981102
0.598287009181602,0.8315179814704872,0.9009846364692329,0.931062864958753,0.9581637528917609,0.9761184779936222,0.9884020812162579,1.0,0.9882795636984749,0.9762706186184649,0.9641420003652421,0.9533620944037781,0.938860808237865,0.924762816892363,0.9126495985216959,0.9002245076852029,0.8902718097989459,0.8782832926909301,0.8623340892958459,0.853309820289011,0.838263073100621,0.8269575947031701,0.817049341752917,0.8039054809227951,0.7741341194935991,0.7386659930693961,0.674659290771423,0.6029913192499361,0.5111038689873261,0.37631087101303706,0.28104506836656795,0.150902432914358
0.5843852728525529,0.814508462829198,0.8841927608520072,0.91420310341546,0.9433088628899109,0.9623297334681541,0.973657106832578,0.9882795636984749,1.0,0.990052036100241,0.9780130138713979,0.96716603871893,0.954456045942123,0.940211789645838,0.9271702940012709,0.9141012519376759,0.9035774270964,0.8919772480697259,0.87847207564273,0.869275296748332,0.8547980598960501,0.8437392374679991,0.8345767109754659,0.8224430671883058,0.792639311445284,0.7579937867839259,0.6933883727817399,0.62091153692689,0.527108184575087,0.38914102178322096,0.293067558100803,0.14349914425003
0.5730804512863921,0.8017558590301991,0.8709051511971179,0.9029468854445509,0.9328793725353209,0.950625369859125,0.9609005929695809,0.9762706186184649,0.990052036100241,1.0,0.9898354923695749,0.9785864386980719,0.966351974766565,0.952059187640114,0.9388006799014759,0.924804988380775,0.9138966288672241,0.902583232489461,0.888914150264428,0.8801314203065319,0.866480621633293,0.8539313858553779,0.8445265532088609,0.8317705352169129,0.804368677168306,0.768534541094548,0.7065912700118299,0.6356776198789661,0.53880635093235,0.398745241964558,0.306223861191336,0.150561352745483
0.5682232416383559,0.791560871646402,0.8602949535230291,0.8925618679727351,0.9233410997331929,0.9401639690231949,0.949752246672084,0.9641420003652421,0.9780130138713979,0.9898354923695749,1.0,0.9909664280464141,0.9792449422783209,0.964511972987757,0.952389236759095,0.938325231986218,0.9281958356114399,0.916998964822385,0.902855637831845,0.893100796390313,0.8806519378713199,0.8677324143471421,0.8584394528000558,0.845849395195729,0.818082199322664,0.782184106412339,0.721642789100016,0.6517865832947329,0.554729382686701,0.4145955603000929,0.322324150313273,0.16558619410792802
0.559523157699612,0.78291815368827,0.8489514809285301,0.880970322641332,0.9142930562734829,0.9296315233771519,0.9388105569479871,0.9533620944037781,0.96716603871893,0.9785864386980719,0.9909664280464141,1.0,0.9910982279901309,0.977542783096962,0.966249043935,0.9529538162710379,0.9423361029766659,0.9305404205429592,0.9163478635075691,0.90578213694316,0.8941767398601171,0.8819669787669959,0.873115439700663,0.8600209828283729,0.8309851420911031,0.7945130561471179,0.732465924405535,0.661805117457308,0.562039775091133,0.41990187919440797,0.33147568653256104,0.177666367613316
0.549172770137394,0.763908944441341,0.829906976078094,0.8626830167354229,0.897965075562893,0.9137746715789291,0.9223496963966159,0.938860808237865,0.954456045942123,0.966351974766565,0.9792449422783209,0.9910982279901309,1.0,0.990720553136729,0.979814606978768,0.967316847335213,0.95720314604651,0.9461429513761009,0.933398821386843,0.924188637045468,0.913653274008631,0.9016153541970451,0.893982831743395,0.8804050634121942,0.8534094700720308,0.8182919709242891,0.758789414805938,0.6891236169347121,0.5901174912738499,0.4477594297948161,0.359503060977561,0.186400524330892
0.539788418135463,0.74941791937626,0.816242773358396,0.84894521293455,0.8840099619645,0.900521432954262,0.907617784440723,0.924762816892363,0.940211789645838,0.952059187640114,0.964511972987757,0.977542783096962,0.990720553136729,1.0,0.9918692902177819,0.981180731005085,0.9706583663133459,0.9605163512656041,0.9483583817046851,0.9392448567084879,0.9294216397263131,0.917795499520202,0.9113084559879979,0.898505419724285,0.8734536261540641,0.8398035160560909,0.7820548207213069,0.7128259918085841,0.613518558061466,0.46937119341865,0.387028386867738,0.19853526750707898
0.534510859566808,0.7388510515408009,0.805086904519206,0.8373995738702859,0.872667928011328,0.8895303437546751,0.8953761028429459,0.9126495985216959,0.9271702940012709,0.9388006799014759,0.952389236759095,0.966249043935,0.979814606978768,0.9918692902177819,1.0,0.991962248272153,0.9832273297300741,0.974358979295215,0.963641899611641,0.9548210097053058,0.9451129883051479,0.933299449121379,0.9271985905976079,0.9147303888652121,0.891527408950185,0.858960127065366,0.804608566092132,0.7387225579292719,0.6384342115890451,0.49557563566439705,0.410811690530617,0.21307636124735002
0.524523594600125,0.72397641652322,0.792497680122874,0.826516744795292,0.861328485643004,0.878205535427957,0.882601180014115,0.9002245076852029,0.9141012519376759,0.924804988380775,0.938325231986218,0.9529538162710379,0.967316847335213,0.981180731005085,0.991962248272153,1.0,0.9927144373176171,0.9842942457488629,0.9739626544637849,0.9644199681052572,0.9548606585623599,0.943963763317511,0.937908476738472,0.9253803031084351,0.902425343093921,0.872019306795205,0.8183327266715859,0.754624216334963,0.6531236554344649,0.513567266305875,0.434083398753035,0.22750508019935
0.514344352094781,0.709268142382143,0.7795637700335741,0.815556173123322,0.849827516653498,0.867712300827062,0.872003676450183,0.8902718097989459,0.9035774270964,0.9138966288672241,0.9281958356114399,0.9423361029766659,0.95720314604651,0.9706583663133459,0.9832273297300741,0.9927144373176171,1.0,0.9931246835108142,0.982715846179064,0.9748236370022499,0.965482737907635,0.954773275648719,0.947179622218297,0.934927967833986,0.9140156335417471,0.8851295609988008,0.832939939646446,0.7713600574443891,0.670413468044661,0.52979519187584,0.446958028820912,0.236442907883619
0.49579809414149,0.691647131344174,0.76512923040667,0.800205209809341,0.83537586003059,0.8532466904028728,0.858984704734616,0.8782832926909301,0.8919772480697259,0.902583232489461,0.916998964822385,0.9305404205429592,0.9461429513761009,0.9605163512656041,0.974358979295215,0.9842942457488629,0.9931246835108142,1.0,0.9923076779561291,0.983898392961809,0.9745498215332399,0.9632247479307181,0.9557105876906509,0.9449835612667841,0.9224387747724498,0.8938037704774721,0.8441912916110771,0.7834999960588079,0.6862759515710561,0.547502516822536,0.461374747493303,0.247905295405385
0.482619470272609,0.675310996292104,0.7451932518905799,0.779633235414762,0.8174029231669531,0.8365414215817779,0.842410785341544,0.8623340892958459,0.87847207564273,0.888914150264428,0.902855637831845,0.9163478635075691,0.933398821386843,0.9483583817046851,0.963641899611641,0.9739626544637849,0.982715846179064,0.9923076779561291,1.0,0.991698490881216,0.982860276475793,0.9729381806428341,0.965589298294374,0.9548880078263821,0.933449231988341,0.906613553107287,0.85902780979055,0.799357221183017,0.7043382521981322,0.566821411112567,0.47753939441836896,0.256218261630896
0.47546835248911606,0.6646955275356771,0.732492252621235,0.769454709847746,0.8060269036423809,0.8261948212085359,0.8323910269776759,0.853309820289011,0.869275296748332,0.8801314203065319,0.893100796390313,0.90578213694316,0.924188637045468,0.9392448567084879,0.9548210097053058,0.9644199681052572,0.9748236370022499,0.983898392961809,0.991698490881216,1.0,0.993137239006208,0.9840550550362042,0.9764879877685549,0.9656058156451272,0.94537501098737,0.9203629915325341,0.8754919028872521,0.819010379185467,0.7246313102444771,0.587256167366518,0.49922034004246,0.259284569218028
0.46403466539384797,0.648945512011956,0.7171235757720609,0.7543147354300229,0.7906393770682428,0.8109862324181492,0.816803835060336,0.838263073100621,0.8547980598960501,0.866480621633293,0.8806519378713199,0.8941767398601171,0.913653274008631,0.9294216397263131,0.9451129883051479,0.9548606585623599,0.965482737907635,0.9745498215332399,0.982860276475793,0.993137239006208,1.0,0.992382337059145,0.984520193277061,0.9745534953968559,0.956333408236313,0.9328416384201391,0.888033952926737,0.8310458297618571,0.738589503844809,0.5998258857017421,0.5104009074922821,0.268654023078319
0.457015056478233,0.633753145970196,0.701167281578199,0.739220037654162,0.7764228705584109,0.7973904442688241,0.8050467603739699,0.8269575947031701,0.8437392374679991,0.8539313858553779,0.8677324143471421,0.8819669787669959,0.9016153541970451,0.917795499520202,0.933299449121379,0.943963763317511,0.954773275648719,0.9632247479307181,0.9729381806428341,0.9840550550362042,0.992382337059145,1.0,0.9913562517300999,0.981557917405255,0.965566882855368,0.9428768149685809,0.8994698354348131,0.8463044219052459,0.755046809858729,0.619554528251282,0.528111650609591,0.274519136937584
0.4549844134238689,0.62647647720777,0.694125052567742,0.729041490931684,0.7667379625486691,0.7875388374262869,0.79586218016118,0.817049341752917,0.8345767109754659,0.8445265532088609,0.8584394528000558,0.873115439700663,0.893982831743395,0.9113084559879979,0.9271985905976079,0.937908476738472,0.947179622218297,0.9557105876906509,0.965589298294374,0.9764879877685549,0.984520193277061,0.9913562517300999,1.0,0.990608365561129,0.9734083747567199,0.9538497261415749,0.910333730573585,0.855680779340509,0.769084028940925,0.635405113954156,0.5427035250433591,0.27509672626500603
0.43910403845246293,0.608580788102907,0.678568148808619,0.715916874219088,0.750790965504287,0.7721445197663578,0.7812845135272729,0.8039054809227951,0.8224430671883058,0.8317705352169129,0.845849395195729,0.8600209828283729,0.8804050634121942,0.898505419724285,0.9147303888652121,0.9253803031084351,0.934927967833986,0.9449835612667841,0.9548880078263821,0.9656058156451272,0.9745534953968559,0.981557917405255,0.990608365561129,1.0,0.9846744281144499,0.9665127599325379,0.9250110511814441,0.870605636690039,0.7883100124713309,0.656851025838871,0.560262399822767,0.280186620049869
0.41663355151666,0.574730141415609,0.6452832921583679,0.684409274513413,0.7215712589879408,0.74066500768667,0.74937681338993,0.7741341194935991,0.792639311445284,0.804368677168306,0.818082199322664,0.8309851420911031,0.8534094700720308,0.8734536261540641,0.891527408950185,0.902425343093921,0.9140156335417471,0.9224387747724498,0.933449231988341,0.94537501098737,0.956333408236313,0.965566882855368,0.9734083747567199,0.9846744281144499,1.0,0.986354119610572,0.9544354845559571,0.905006100005499,0.823673974662079,0.689110398112756,0.5969393216775799,0.285563889294425
0.392732744661466,0.5406898515488301,0.6098079604256441,0.6499772244742429,0.6867427284022769,0.7044320673232141,0.7132746503510071,0.7386659930693961,0.7579937867839259,0.768534541094548,0.782184106412339,0.7945130561471179,0.8182919709242891,0.8398035160560909,0.858960127065366,0.872019306795205,0.8851295609988008,0.8938037704774721,0.906613553107287,0.9203629915325341,0.9328416384201391,0.9428768149685809,0.9538497261415749,0.9665127599325379,0.986354119610572,1.0,0.978341220609077,0.9372657184665909,0.865953778631663,0.741950741213469,0.645230572453386,0.299805730138755
0.346124751285096,0.48265110696065905,0.547606406921368,0.5864420780688759,0.6218272485416569,0.6372327625623659,0.6474218081623571,0.674659290771423,0.6933883727817399,0.7065912700118299,0.721642789100016,0.732465924405535,0.758789414805938,0.7820548207213069,0.804608566092132,0.8183327266715859,0.832939939646446,0.8441912916110771,0.85902780979055,0.8754919028872521,0.888033952926737,0.8994698354348131,0.910333730573585,0.9250110511814441,0.9544354845559571,0.978341220609077,1.0,0.974899754883157,0.915409560737717,0.799314634683989,0.700335163089561,0.312014906146789
0.307135191692025,0.425106601402229,0.48377840969015895,0.519431029718333,0.5520618680064151,0.5659847223825071,0.5762583294245159,0.6029913192499361,0.62091153692689,0.6356776198789661,0.6517865832947329,0.661805117457308,0.6891236169347121,0.7128259918085841,0.7387225579292719,0.754624216334963,0.7713600574443891,0.7834999960588079,0.799357221183017,0.819010379185467,0.8310458297618571,0.8463044219052459,0.855680779340509,0.870605636690039,0.905006100005499,0.9372657184665909,0.974899754883157,1.0,0.9610273374579901,0.858930234657626,0.75259027356717,0.319051138163948
0.26039856860856303,0.35218716333204003,0.40329942739876395,0.42915607624815205,0.46106908932731705,0.474144413954252,0.485369841529844,0.5111038689873261,0.527108184575087,0.53880635093235,0.554729382686701,0.562039775091133,0.5901174912738499,0.613518558061466,0.6384342115890451,0.6531236554344649,0.670413468044661,0.6862759515710561,0.7043382521981322,0.7246313102444771,0.738589503844809,0.755046809858729,0.769084028940925,0.7883100124713309,0.823673974662079,0.865953778631663,0.915409560737717,0.9610273374579901,1.0,0.9426902278742769,0.807303993837803,0.337466805392979
0.180371913166334,0.235903061614202,0.275767085533877,0.29902434196108,0.32899912282029303,0.34001788840002095,0.353444960238014,0.37631087101303706,0.38914102178322096,0.398745241964558,0.4145955603000929,0.41990187919440797,0.4477594297948161,0.46937119341865,0.49557563566439705,0.513567266305875,0.52979519187584,0.547502516822536,0.566821411112567,0.587256167366518,0.5998258857017421,0.619554528251282,0.635405113954156,0.656851025838871,0.689110398112756,0.741950741213469,0.799314634683989,0.858930234657626,0.9426902278742769,1.0,0.8533264256293599,0.37246316152563497
0.162175360048921,0.19249142481862302,0.201992791389475,0.220071773471412,0.24319331125449803,0.2518962572966,0.25949306937491,0.28104506836656795,0.293067558100803,0.306223861191336,0.322324150313273,0.33147568653256104,0.359503060977561,0.387028386867738,0.410811690530617,0.434083398753035,0.446958028820912,0.461374747493303,0.47753939441836896,0.49922034004246,0.5104009074922821,0.528111650609591,0.5427035250433591,0.560262399822767,0.5969393216775799,0.645230572453386,0.700335163089561,0.75259027356717,0.807303993837803,0.8533264256293599,1.0,0.44589375329913505
0.10319127748853699,0.14621349878710999,0.13782776134250302,0.14125361593895,0.14258563964438098,0.145795224899492,0.13978638222981102,0.150902432914358,0.14349914425003,0.150561352745483,0.16558619410792802,0.177666367613316,0.186400524330892,0.19853526750707898,0.21307636124735002,0.22750508019935,0.236442907883619,0.247905295405385,0.256218261630896,0.259284569218028,0.268654023078319,0.274519136937584,0.27509672626500603,0.280186620049869,0.285563889294425,0.299805730138755,0.312014906146789,0.319051138163948,0.337466805392979,0.37246316152563497,0.44589375329913505,1.0
