1.0,0.705050829536091,0.6318087559052521,0.609849939406201,0.59603511629837,0.5732547816644941,0.5623433384364611,0.547110909241276,0.5273119141012379,0.514127689655162,0.503373349520532,0.48901142504289,0.47961799051166,0.47087359578106397,0.4615013210812,0.446835104067947,0.43572672936428497,0.42615704000405497,0.411338257863873,0.407638054811652,0.40881130144319805,0.4009853577323189,0.393793554922668,0.38575801972805895,0.36750508515111796,0.34025841247327,0.323520532031425,0.276450900540745,0.263406021335825,0.24652391688646802,0.20258142031520698,0.16982531260993802
0.705050829536091,1.0,0.9332283862467529,0.8986326324186371,0.876039064318264,0.8501677769598008,0.8380760980398301,0.8245378610170451,0.803124561902643,0.7907928567300458,0.7818162738973179,0.7679433271450071,0.7531056731129959,0.7383081397482221,0.725155949411783,0.7085689114685171,0.694817712917269,0.6837977985298571,0.6666536160812769,0.656580211420003,0.645563048534114,0.633611897250605,0.6224195412553771,0.612500507572229,0.5976919177557399,0.564869192855324,0.536921768840071,0.476289214938944,0.449748232968666,0.4076716624774411,0.28807386319425,0.13616113958467402
0.6318087559052521,0.9332283862467529,1.0,0.9661495423102661,0.934989433674519,0.9055606402768721,0.890256974666309,0.875158298591307,0.8569999643679409,0.848486441460702,0.841361275220772,0.8277840127293059,0.8135938730333221,0.7971324947933471,0.780381422034972,0.7625896561086529,0.7482756022129209,0.7400580345533341,0.72205962847139,0.714362474767767,0.703193930164427,0.6938973433603921,0.684260638789916,0.6726227444989671,0.655282942635927,0.627364718032504,0.6027982994363051,0.546180422080396,0.518060400403563,0.462216017326716,0.33159128010566397,0.173465866717338
0.609849939406201,0.8986326324186371,0.9661495423102661,1.0,0.97483797763343,0.947586148740398,0.9295802640660921,0.9152037016424079,0.896217060758115,0.886645708715861,0.877843808276126,0.8625907604280458,0.8478358949292422,0.8321111496642071,0.815804786533679,0.7986675795288961,0.7835417978899029,0.773931642483418,0.758286290637098,0.7496468971142299,0.7372915588869371,0.7284088221186771,0.7182796719578131,0.709523918131234,0.6937744922305199,0.667537815178171,0.6414404944445931,0.5863172499683411,0.5587126410839921,0.502291061096437,0.36810142225740605,0.18248535969636304
0.59603511629837,0.876039064318264,0.934989433674519,0.97483797763343,1.0,0.981134528666611,0.964175525611649,0.950279195705846,0.932644791843109,0.9237384922010121,0.91501396235799,0.8998950836637489,0.8866395542002471,0.871577631523569,0.8563611495449731,0.8408620267250592,0.825830269075224,0.8147917037027779,0.798824920959315,0.789083794424559,0.777045346394306,0.7689379430912141,0.759688761367407,0.752034988699566,0.7360422816676501,0.709724309455884,0.684356344235619,0.627431432439556,0.597085404465854,0.538102173777699,0.39211881137925103,0.197820654404316
0.5732547816644941,0.8501677769598008,0.9055606402768721,0.947586148740398,0.981134528666611,1.0,0.9862623721387759,0.973551143481611,0.9582028298694519,0.9484982193126559,0.937898144400419,0.923645778318566,0.9131530525233579,0.899391760293639,0.8857390720009058,0.8693874586094141,0.8543698405981469,0.841981264966409,0.8285014966759481,0.82039561142025,0.809350500820106,0.801089408855402,0.792835236121713,0.7841440153494692,0.7677183694974542,0.7433612786668878,0.717740002939481,0.663639159023218,0.633364564852413,0.5685062211773371,0.41736087271544503,0.20119041389710698
0.5623433384364611,0.8380760980398301,0.890256974666309,0.9295802640660921,0.964175525611649,0.9862623721387759,1.0,0.9888235216489449,0.973692794862366,0.96446108645346,0.9538063714024859,0.940365058440363,0.928908504045738,0.916216033500457,0.9012433478686189,0.8853636769456121,0.871184524622368,0.858187608704197,0.844445858304619,0.836197563684078,0.824766328893784,0.8146801696024659,0.806781572809033,0.799420079070058,0.7833205265499941,0.7584768400850709,0.7318788565048291,0.678825506645333,0.650777915016923,0.588458638161018,0.438548954258236,0.208828919804903
0.547110909241276,0.8245378610170451,0.875158298591307,0.9152037016424079,0.950279195705846,0.973551143481611,0.9888235216489449,1.0,0.989329999122982,0.9791777315936941,0.9687833196887919,0.9557078138578291,0.943731827175146,0.931920169959162,0.9173978238774391,0.900603499560135,0.8857865852626291,0.8728752943888008,0.85918963331764,0.851390295325287,0.841466449981322,0.832497209719913,0.82532791196936,0.820096393124258,0.8055152473876059,0.782129785563149,0.7564541400961808,0.7037378437859041,0.6763410215447819,0.6123930786740289,0.4584011581308521,0.215791338207634
0.5273119141012379,0.803124561902643,0.8569999643679409,0.896217060758115,0.932644791843109,0.9582028298694519,0.973692794862366,0.989329999122982,1.0,0.9900932982303778,0.980795345945159,0.9687908729183979,0.958394162760249,0.9477176985632092,0.9337764654578901,0.917959350389857,0.9039188035184641,0.8907846043162242,0.877358099438776,0.870547603944725,0.8619757375768399,0.852523729810545,0.844326290040958,0.838683321709245,0.8240874823176129,0.8023207353395779,0.7772308826563679,0.7277602561020319,0.70022674878001,0.6321767493388311,0.47666526828944705,0.22101417394377101
0.514127689655162,0.7907928567300458,0.848486441460702,0.886645708715861,0.9237384922010121,0.9484982193126559,0.96446108645346,0.9791777315936941,0.9900932982303778,1.0,0.9920381024464041,0.980954336189598,0.9704578299474351,0.9591787341085559,0.9438798639939899,0.928198260873275,0.9159324865847571,0.9037334848130401,0.890781129591057,0.884254963442629,0.875775363285933,0.866828949156418,0.859350224648412,0.8537037570685029,0.8397564506643431,0.8184060599694071,0.7939898128988259,0.7446346958165659,0.7174837065972829,0.6450702947069139,0.488806209132196,0.21778020893278
0.503373349520532,0.7818162738973179,0.841361275220772,0.877843808276126,0.91501396235799,0.937898144400419,0.9538063714024859,0.9687833196887919,0.980795345945159,0.9920381024464041,1.0,0.9915470975404571,0.98013355459197,0.9687290536598291,0.9530474130652771,0.937204392209408,0.924869147736481,0.9126374095892641,0.8996488757988399,0.8928186331375692,0.883706873417965,0.875502612914764,0.8689917428498459,0.863412703194271,0.84878365824519,0.8274222921948391,0.8043107077719721,0.755311647966218,0.730112641407447,0.6575340928756229,0.497376324730561,0.223643763408692
0.48901142504289,0.7679433271450071,0.8277840127293059,0.8625907604280458,0.8998950836637489,0.923645778318566,0.940365058440363,0.9557078138578291,0.9687908729183979,0.980954336189598,0.9915470975404571,1.0,0.991335649595077,0.980680718033145,0.966058893690187,0.9505622911696651,0.938571573287521,0.9267576088014542,0.9146634873728399,0.909031704394777,0.899505263945815,0.89226664902869,0.8872798994470971,0.8811625627359201,0.866252207356066,0.845182239968471,0.821977316734508,0.7745742419975892,0.7486310715314292,0.6729158289646229,0.509394539052599,0.22439104378353
0.47961799051166,0.7531056731129959,0.8135938730333221,0.8478358949292422,0.8866395542002471,0.9131530525233579,0.928908504045738,0.943731827175146,0.958394162760249,0.9704578299474351,0.98013355459197,0.991335649595077,1.0,0.9932599118548541,0.9811159633087091,0.968717154146816,0.9563247522668921,0.9447180648117329,0.9331973789267171,0.927198887116899,0.917870732518553,0.9110876432775991,0.90525036304078,0.898923156529282,0.8847610501221321,0.864110775089473,0.8413286476876121,0.7986914514117859,0.7732087525859721,0.696811340318042,0.535204384074224,0.248024454874659
0.47087359578106397,0.7383081397482221,0.7971324947933471,0.8321111496642071,0.871577631523569,0.899391760293639,0.916216033500457,0.931920169959162,0.9477176985632092,0.9591787341085559,0.9687290536598291,0.980680718033145,0.9932599118548541,1.0,0.991533504384076,0.980142422956566,0.968162019166171,0.956644121501527,0.9457627112561551,0.939280141662735,0.9308430639176201,0.9237970063270401,0.917458546093688,0.9119213505358871,0.898197159079528,0.8788184471517041,0.855634221901483,0.814954724838481,0.7888435517769359,0.7153978851988759,0.558875204216322,0.264163555528613
0.4615013210812,0.725155949411783,0.780381422034972,0.815804786533679,0.8563611495449731,0.8857390720009058,0.9012433478686189,0.9173978238774391,0.9337764654578901,0.9438798639939899,0.9530474130652771,0.966058893690187,0.9811159633087091,0.991533504384076,1.0,0.9911567823078449,0.9798699601884341,0.9682182964929241,0.9564987927262929,0.948616586305213,0.940205835461493,0.9325391646970749,0.9251714187054341,0.918782025060202,0.9054230202286769,0.8868059623969,0.863541424367353,0.8247325068358811,0.79984823064917,0.7267671408263829,0.5701913035099351,0.27022927785230605
0.446835104067947,0.7085689114685171,0.7625896561086529,0.7986675795288961,0.8408620267250592,0.8693874586094141,0.8853636769456121,0.900603499560135,0.917959350389857,0.928198260873275,0.937204392209408,0.9505622911696651,0.968717154146816,0.980142422956566,0.9911567823078449,1.0,0.9927095032161569,0.9825074397910211,0.972836076544682,0.963773666166721,0.954591918765527,0.9463772886128509,0.9391228451137289,0.932269338590977,0.919763235199859,0.9028572911210608,0.8809624649234009,0.845422226692805,0.8214626772152859,0.7515442810948371,0.5919480638058101,0.29337339979591903
0.43572672936428497,0.694817712917269,0.7482756022129209,0.7835417978899029,0.825830269075224,0.8543698405981469,0.871184524622368,0.8857865852626291,0.9039188035184641,0.9159324865847571,0.924869147736481,0.938571573287521,0.9563247522668921,0.968162019166171,0.9798699601884341,0.9927095032161569,1.0,0.99324508364473,0.98495199802432,0.976525359818827,0.967782917525695,0.9584346921359259,0.951898790075165,0.944621213081737,0.9325967042842209,0.9157965467304889,0.89464139760975,0.8600051762030899,0.8355373911242711,0.7652333322491629,0.6061884193522541,0.3035616784254411
0.42615704000405497,0.6837977985298571,0.7400580345533341,0.773931642483418,0.8147917037027779,0.841981264966409,0.858187608704197,0.8728752943888008,0.8907846043162242,0.9037334848130401,0.9126374095892641,0.9267576088014542,0.9447180648117329,0.956644121501527,0.9682182964929241,0.9825074397910211,0.99324508364473,1.0,0.9935910620676459,0.9852703420487471,0.975623246865136,0.966595738246632,0.9596298086175931,0.9523084612379399,0.9413662089220179,0.925933382304697,0.907654251643537,0.876085437299981,0.8529515319498401,0.781001724119781,0.625526505894188,0.319831636893853
0.411338257863873,0.6666536160812769,0.72205962847139,0.758286290637098,0.798824920959315,0.8285014966759481,0.844445858304619,0.85918963331764,0.877358099438776,0.890781129591057,0.8996488757988399,0.9146634873728399,0.9331973789267171,0.9457627112561551,0.9564987927262929,0.972836076544682,0.98495199802432,0.9935910620676459,1.0,0.994037026438549,0.9843026862883208,0.975894802170772,0.968529087091147,0.961069364376646,0.950398457107893,0.936552268240187,0.9196153731483809,0.889915477241203,0.867465024777648,0.7967407620480341,0.6415598442833149,0.33060592456087107
0.407638054811652,0.656580211420003,0.714362474767767,0.7496468971142299,0.789083794424559,0.82039561142025,0.836197563684078,0.851390295325287,0.870547603944725,0.884254963442629,0.8928186331375692,0.909031704394777,0.927198887116899,0.939280141662735,0.948616586305213,0.963773666166721,0.976525359818827,0.9852703420487471,0.994037026438549,1.0,0.993025593469824,0.9844039052593571,0.9764348534772159,0.968249614430988,0.958496039159612,0.9440051650797451,0.928347125030007,0.897564042970707,0.876703896888494,0.8070889784732971,0.656598105180857,0.339269842790555
0.40881130144319805,0.645563048534114,0.703193930164427,0.7372915588869371,0.777045346394306,0.809350500820106,0.824766328893784,0.841466449981322,0.8619757375768399,0.875775363285933,0.883706873417965,0.899505263945815,0.917870732518553,0.9308430639176201,0.940205835461493,0.954591918765527,0.967782917525695,0.975623246865136,0.9843026862883208,0.993025593469824,1.0,0.9927842938798199,0.9844142105058159,0.9746481724168059,0.9648667570538259,0.950293796272514,0.93493954764979,0.905267558644481,0.885076230746482,0.8149329778340308,0.667790117875681,0.34327591977443
0.4009853577323189,0.633611897250605,0.6938973433603921,0.7284088221186771,0.7689379430912141,0.801089408855402,0.8146801696024659,0.832497209719913,0.852523729810545,0.866828949156418,0.875502612914764,0.89226664902869,0.9110876432775991,0.9237970063270401,0.9325391646970749,0.9463772886128509,0.9584346921359259,0.966595738246632,0.975894802170772,0.9844039052593571,0.9927842938798199,1.0,0.993422211092203,0.9836701067595379,0.97410435889053,0.960248636483426,0.9452232265139671,0.9172313767838609,0.89636890591748,0.827409764971948,0.6778914168206701,0.355203541937489
0.393793554922668,0.6224195412553771,0.684260638789916,0.7182796719578131,0.759688761367407,0.792835236121713,0.806781572809033,0.82532791196936,0.844326290040958,0.859350224648412,0.8689917428498459,0.8872798994470971,0.90525036304078,0.917458546093688,0.9251714187054341,0.9391228451137289,0.951898790075165,0.9596298086175931,0.968529087091147,0.9764348534772159,0.9844142105058159,0.993422211092203,1.0,0.991859194003865,0.9816737223746379,0.9687334268158408,0.9547769383515792,0.9262163691505308,0.903761255949555,0.832097715126865,0.6808606182008101,0.35035819908161103
0.38575801972805895,0.612500507572229,0.6726227444989671,0.709523918131234,0.752034988699566,0.7841440153494692,0.799420079070058,0.820096393124258,0.838683321709245,0.8537037570685029,0.863412703194271,0.8811625627359201,0.898923156529282,0.9119213505358871,0.918782025060202,0.932269338590977,0.944621213081737,0.9523084612379399,0.961069364376646,0.968249614430988,0.9746481724168059,0.9836701067595379,0.991859194003865,1.0,0.991370008309771,0.978795665307569,0.9644771112385879,0.9355109741924809,0.9140015366283871,0.8455329257431691,0.691840461650613,0.36209078803725897
0.36750508515111796,0.5976919177557399,0.655282942635927,0.6937744922305199,0.7360422816676501,0.7677183694974542,0.7833205265499941,0.8055152473876059,0.8240874823176129,0.8397564506643431,0.84878365824519,0.866252207356066,0.8847610501221321,0.898197159079528,0.9054230202286769,0.919763235199859,0.9325967042842209,0.9413662089220179,0.950398457107893,0.958496039159612,0.9648667570538259,0.97410435889053,0.9816737223746379,0.991370008309771,1.0,0.98932340629785,0.975204833044667,0.947194232909682,0.9248840279557529,0.856707222399264,0.702065059919835,0.37902845765566706
0.34025841247327,0.564869192855324,0.627364718032504,0.667537815178171,0.709724309455884,0.7433612786668878,0.7584768400850709,0.782129785563149,0.8023207353395779,0.8184060599694071,0.8274222921948391,0.845182239968471,0.864110775089473,0.8788184471517041,0.8868059623969,0.9028572911210608,0.9157965467304889,0.925933382304697,0.936552268240187,0.9440051650797451,0.950293796272514,0.960248636483426,0.9687334268158408,0.978795665307569,0.98932340629785,1.0,0.9881454990417979,0.9653350720891601,0.9425007261715279,0.8701076038420109,0.7130387102645659,0.391661762115522
0.323520532031425,0.536921768840071,0.6027982994363051,0.6414404944445931,0.684356344235619,0.717740002939481,0.7318788565048291,0.7564541400961808,0.7772308826563679,0.7939898128988259,0.8043107077719721,0.821977316734508,0.8413286476876121,0.855634221901483,0.863541424367353,0.8809624649234009,0.89464139760975,0.907654251643537,0.9196153731483809,0.928347125030007,0.93493954764979,0.9452232265139671,0.9547769383515792,0.9644771112385879,0.975204833044667,0.9881454990417979,1.0,0.9794725001670949,0.958610981068621,0.890126937578688,0.737791811649831,0.40643171673194
0.276450900540745,0.476289214938944,0.546180422080396,0.5863172499683411,0.627431432439556,0.663639159023218,0.678825506645333,0.7037378437859041,0.7277602561020319,0.7446346958165659,0.755311647966218,0.7745742419975892,0.7986914514117859,0.814954724838481,0.8247325068358811,0.845422226692805,0.8600051762030899,0.876085437299981,0.889915477241203,0.897564042970707,0.905267558644481,0.9172313767838609,0.9262163691505308,0.9355109741924809,0.947194232909682,0.9653350720891601,0.9794725001670949,1.0,0.983469457654712,0.91909366755138,0.7742172292963531,0.445214316585896
0.263406021335825,0.449748232968666,0.518060400403563,0.5587126410839921,0.597085404465854,0.633364564852413,0.650777915016923,0.6763410215447819,0.70022674878001,0.7174837065972829,0.730112641407447,0.7486310715314292,0.7732087525859721,0.7888435517769359,0.79984823064917,0.8214626772152859,0.8355373911242711,0.8529515319498401,0.867465024777648,0.876703896888494,0.885076230746482,0.89636890591748,0.903761255949555,0.9140015366283871,0.9248840279557529,0.9425007261715279,0.958610981068621,0.983469457654712,1.0,0.945787434489788,0.808171750511826,0.46391943784931705
0.24652391688646802,0.4076716624774411,0.462216017326716,0.502291061096437,0.538102173777699,0.5685062211773371,0.588458638161018,0.6123930786740289,0.6321767493388311,0.6450702947069139,0.6575340928756229,0.6729158289646229,0.696811340318042,0.7153978851988759,0.7267671408263829,0.7515442810948371,0.7652333322491629,0.781001724119781,0.7967407620480341,0.8070889784732971,0.8149329778340308,0.827409764971948,0.832097715126865,0.8455329257431691,0.856707222399264,0.8701076038420109,0.890126937578688,0.91909366755138,0.945787434489788,1.0,0.89304031554643,0.519796996538992
0.20258142031520698,0.28807386319425,0.33159128010566397,0.36810142225740605,0.39211881137925103,0.41736087271544503,0.438548954258236,0.4584011581308521,0.47666526828944705,0.488806209132196,0.497376324730561,0.509394539052599,0.535204384074224,0.558875204216322,0.5701913035099351,0.5919480638058101,0.6061884193522541,0.625526505894188,0.6415598442833149,0.656598105180857,0.667790117875681,0.6778914168206701,0.6808606182008101,0.691840461650613,0.702065059919835,0.7130387102645659,0.737791811649831,0.7742172292963531,0.808171750511826,0.89304031554643,1.0,0.612501323485418
0.16982531260993802,0.13616113958467402,0.173465866717338,0.18248535969636304,0.197820654404316,0.20119041389710698,0.208828919804903,0.215791338207634,0.22101417394377101,0.21778020893278,0.223643763408692,0.22439104378353,0.248024454874659,0.264163555528613,0.27022927785230605,0.29337339979591903,0.3035616784254411,0.319831636893853,0.33060592456087107,0.339269842790555,0.34327591977443,0.355203541937489,0.35035819908161103,0.36209078803725897,0.37902845765566706,0.391661762115522,0.40643171673194,0.445214316585896,0.46391943784931705,0.519796996538992,0.612501323485418,1.0
