1.0,0.869304609750947,0.818490458106735,0.7647935989711049,0.738036049708619,0.7275441538474141,0.709558811245937,0.693799920450358,0.671865719925836,0.656916014629334,0.646513318155486,0.6279341835850369,0.6134916743440029,0.6000027753653161,0.585848161462423,0.5720119242772851,0.5633517800520911,0.542917742372592,0.528660983301676,0.512010098588343,0.503809910775444,0.48284812448019604,0.45828778455154606,0.43839479513615004,0.40421356944973796,0.35931813674425395,0.29138432944250103,0.199271435643461,0.122778322044856,0.0613975583069896,0.0136361960176872,0.0157233433357691
0.869304609750947,1.0,0.957773928524013,0.907132069391362,0.87787642920035,0.85929863875772,0.834276879446038,0.819131485658875,0.800658882724058,0.7842314360629591,0.7756770334513491,0.7623091136049042,0.747809327530155,0.739081032880808,0.728094594908218,0.7191737821911172,0.7100948820174708,0.690491672508955,0.6791810566311429,0.6635413945575289,0.6507670477279229,0.632302885639002,0.6060039732105389,0.5812783335594929,0.554350597546402,0.507193526341012,0.428388966068789,0.29797801445104605,0.19259398896777202,0.12288615098795401,0.0767698249947176,0.0965017551926868
0.818490458106735,0.957773928524013,1.0,0.967122043995035,0.9392076658946541,0.916361226533564,0.8931164830240458,0.879618927552162,0.8625522326973729,0.8470703761494301,0.839059732988416,0.827710975384112,0.8122037367702021,0.803098541601728,0.793205202212774,0.7840451302989822,0.7752040378797179,0.756358366302606,0.745475144432631,0.7296410704228091,0.715619436480692,0.697990796345749,0.6707135428077,0.645055889881686,0.613190290349921,0.559996662672515,0.47402365466168395,0.32813480985940097,0.21768259325599695,0.14048959246957,0.107591754848562,0.119394549552846
0.7647935989711049,0.907132069391362,0.967122043995035,1.0,0.9823078314776491,0.959193449907244,0.9400337358426178,0.9280081430116709,0.9116885582173591,0.89943261928189,0.891389637370472,0.878268447951859,0.863193906336447,0.8543422278685731,0.844145737442806,0.8348216056920821,0.82685230707635,0.8094459315510029,0.798118094105084,0.7819408685387671,0.768276206413168,0.7505727861894459,0.725458403525563,0.702816082788839,0.669985005265373,0.6115426757078579,0.5204274455333521,0.35811891804947205,0.235319065054156,0.152505197015016,0.12696321109891198,0.131964606008737
0.738036049708619,0.87787642920035,0.9392076658946541,0.9823078314776491,1.0,0.98322001746913,0.9671299205239959,0.955587330372847,0.9408571447853441,0.929150905059398,0.919549387900923,0.907021195310786,0.8935545276559591,0.884460362736188,0.8748242059239191,0.866545233702021,0.858796711004635,0.8423871708450891,0.8310077333387091,0.8146397464240341,0.8015416087454571,0.7831013794072901,0.756420691682235,0.734212520532574,0.6985757174524521,0.636401125465041,0.544182533548624,0.37652940509388394,0.248698061267522,0.16842165454923,0.13746895613299698,0.144939491276768
0.7275441538474141,0.85929863875772,0.916361226533564,0.959193449907244,0.98322001746913,1.0,0.988411335276162,0.977054584391311,0.963666872740428,0.9513318968687979,0.9401200949581809,0.9275580227640409,0.91307320687839,0.903823041926409,0.894957251959327,0.8859767216862621,0.8769429752983008,0.861074293935625,0.8489173018227808,0.832974575818872,0.820873583745044,0.803034695737723,0.774662298332634,0.7533402390685551,0.7181695084791851,0.655588192202939,0.5646173258694239,0.39721548817512603,0.26377043411549805,0.17978585793340304,0.14414140171995699,0.14734157271288
0.709558811245937,0.834276879446038,0.8931164830240458,0.9400337358426178,0.9671299205239959,0.988411335276162,1.0,0.9923531875328359,0.9795066849386659,0.96831749416343,0.957464721763269,0.9451125473144041,0.9306757989784399,0.9212085359340251,0.9115321962712472,0.902299410546454,0.8944352257376049,0.8804933763390791,0.8683662735881579,0.8521028164978571,0.839566144619016,0.822083799421407,0.794717888202266,0.77391675230876,0.7380134852551329,0.673082667741432,0.5790723607647491,0.40654959757761,0.27050603138259305,0.183116626629758,0.14351042852405,0.141586822756309
0.693799920450358,0.819131485658875,0.879618927552162,0.9280081430116709,0.955587330372847,0.977054584391311,0.9923531875328359,1.0,0.9909051745596931,0.9800609212705301,0.969037300490012,0.957349422716506,0.943322708763318,0.9343097525383499,0.9243209626208789,0.914964076566689,0.90768430828907,0.893648844864372,0.881305600286136,0.865155730951902,0.85310536517434,0.8365260303955799,0.8102452043274179,0.7876375747321859,0.752224751823566,0.6862033737726921,0.5924971548568979,0.417512500245866,0.27610568229755295,0.184899669818034,0.144736688917496,0.142404709627844
0.671865719925836,0.800658882724058,0.8625522326973729,0.9116885582173591,0.9408571447853441,0.963666872740428,0.9795066849386659,0.9909051745596931,1.0,0.9918949158472391,0.981136542694111,0.9731279171977709,0.960657238738616,0.951973549192378,0.942741969213769,0.933622241895059,0.9265399013061221,0.9135909684948801,0.9011696861406401,0.8851948027600219,0.8726418722165309,0.856773605769278,0.8308820232830151,0.8077332233868392,0.771575926094625,0.703916600219785,0.6119666234717139,0.435005054100315,0.286090156847413,0.193382977157903,0.153714729188334,0.15198016439431
0.656916014629334,0.7842314360629591,0.8470703761494301,0.89943261928189,0.929150905059398,0.9513318968687979,0.96831749416343,0.9800609212705301,0.9918949158472391,1.0,0.9931351145211579,0.98457663933466,0.9731378397283609,0.965080301724334,0.955347241004859,0.9458387731425358,0.938887378645555,0.927208763469083,0.915954159420727,0.9005053600716801,0.8889493320801429,0.873224269959095,0.8473375290191509,0.824592805355891,0.78809293941735,0.7212131590554192,0.630456064595979,0.448328514445719,0.296852205803672,0.20481554286782,0.161405888645363,0.16053058177194698
0.646513318155486,0.7756770334513491,0.839059732988416,0.891389637370472,0.919549387900923,0.9401200949581809,0.957464721763269,0.969037300490012,0.981136542694111,0.9931351145211579,1.0,0.992039874628236,0.9808712792576629,0.973810722843576,0.9640037003956609,0.9543259451439731,0.9472405800955699,0.9365780408211809,0.9264316918809491,0.910966869481605,0.900505181470408,0.885106788133962,0.860097541290582,0.838067434625178,0.8020025302079509,0.735052776262513,0.645054402965543,0.46138238137067494,0.306107966688065,0.213593148607062,0.165393539746535,0.16838085264333402
0.6279341835850369,0.7623091136049042,0.827710975384112,0.878268447951859,0.907021195310786,0.9275580227640409,0.9451125473144041,0.957349422716506,0.9731279171977709,0.98457663933466,0.992039874628236,1.0,0.9930613694162091,0.9862851508515971,0.9769427463151351,0.9668569850420591,0.9596054093689251,0.9488697623253649,0.939503068113871,0.9257877725832759,0.9152332830311909,0.9008041092989559,0.8777706393092759,0.855691630110832,0.8219738531518929,0.758270761263785,0.669452782966793,0.489315019445321,0.329532210316419,0.23457579317100896,0.17670386703411398,0.187648489692225
0.6134916743440029,0.747809327530155,0.8122037367702021,0.863193906336447,0.8935545276559591,0.91307320687839,0.9306757989784399,0.943322708763318,0.960657238738616,0.9731378397283609,0.9808712792576629,0.9930613694162091,1.0,0.9938662394021921,0.98476431403083,0.97472487400428,0.9670492074875219,0.9568284099891201,0.9475808806133961,0.9345685845414069,0.924872615116342,0.911442595263161,0.8895911556890391,0.868157131510652,0.834051867287582,0.770056690722914,0.6806186461950059,0.495182937808391,0.333344185463461,0.242721004948175,0.185612862241605,0.198762313937595
0.6000027753653161,0.739081032880808,0.803098541601728,0.8543422278685731,0.884460362736188,0.903823041926409,0.9212085359340251,0.9343097525383499,0.951973549192378,0.965080301724334,0.973810722843576,0.9862851508515971,0.9938662394021921,1.0,0.9941737590409592,0.9851781436372671,0.9781734888817321,0.9683024798196981,0.959052167156603,0.9466395008526608,0.936778906624747,0.923552663477246,0.900554042872256,0.877948169695435,0.841968237224347,0.7778552041969841,0.688105858084574,0.503269238585224,0.341457782743957,0.25112663320136397,0.18787563154968803,0.203963472373166
0.585848161462423,0.728094594908218,0.793205202212774,0.844145737442806,0.8748242059239191,0.894957251959327,0.9115321962712472,0.9243209626208789,0.942741969213769,0.955347241004859,0.9640037003956609,0.9769427463151351,0.98476431403083,0.9941737590409592,1.0,0.993517855665215,0.986270652764144,0.976961962554857,0.967614289931636,0.95642720486033,0.9462793158316921,0.933278346291559,0.911971394399631,0.8887543606581091,0.8527029723179449,0.79333837938007,0.702703162019186,0.512848218069024,0.34512661902180003,0.25075672540139604,0.18609573055832002,0.206698829356173
0.5720119242772851,0.7191737821911172,0.7840451302989822,0.8348216056920821,0.866545233702021,0.8859767216862621,0.902299410546454,0.914964076566689,0.933622241895059,0.9458387731425358,0.9543259451439731,0.9668569850420591,0.97472487400428,0.9851781436372671,0.993517855665215,1.0,0.994492483480413,0.984882580939458,0.9766839550658679,0.967098418922443,0.957055258120907,0.944011103558192,0.9248837773588979,0.901957869422493,0.866777967524832,0.8092200762198271,0.7194117748578609,0.52821984610757,0.35459682844158097,0.257309019880758,0.19002627059806898,0.21410671950851298
0.5633517800520911,0.7100948820174708,0.7752040378797179,0.82685230707635,0.858796711004635,0.8769429752983008,0.8944352257376049,0.90768430828907,0.9265399013061221,0.938887378645555,0.9472405800955699,0.9596054093689251,0.9670492074875219,0.9781734888817321,0.986270652764144,0.994492483480413,1.0,0.9934392556762809,0.9855034201737439,0.976115930250818,0.965945626699209,0.951916256218863,0.9330357821214821,0.9112985948211869,0.876961741859384,0.820244462200025,0.7308509588732791,0.5335893393655421,0.35993968727093606,0.26318913240584696,0.20279441540387103,0.22568292471268603
0.542917742372592,0.690491672508955,0.756358366302606,0.8094459315510029,0.8423871708450891,0.861074293935625,0.8804933763390791,0.893648844864372,0.9135909684948801,0.927208763469083,0.9365780408211809,0.9488697623253649,0.9568284099891201,0.9683024798196981,0.976961962554857,0.984882580939458,0.9934392556762809,1.0,0.994411093993595,0.9849513494935641,0.975937172467174,0.962597429442029,0.94394575733401,0.923260361617607,0.890435218706197,0.8362589915768259,0.7505481979008191,0.550145897414299,0.369521872435909,0.271561107983672,0.213979072088367,0.24189080911469396
0.528660983301676,0.6791810566311429,0.745475144432631,0.798118094105084,0.8310077333387091,0.8489173018227808,0.8683662735881579,0.881305600286136,0.9011696861406401,0.915954159420727,0.9264316918809491,0.939503068113871,0.9475808806133961,0.959052167156603,0.967614289931636,0.9766839550658679,0.9855034201737439,0.994411093993595,1.0,0.992501660949917,0.9845976134483809,0.972608138180332,0.9538649744746709,0.935092556867554,0.903844268310221,0.8499498097461959,0.76542154634039,0.562133719413995,0.38084310842631197,0.28380112231470506,0.22461547179605604,0.260147904914044
0.512010098588343,0.6635413945575289,0.7296410704228091,0.7819408685387671,0.8146397464240341,0.832974575818872,0.8521028164978571,0.865155730951902,0.8851948027600219,0.9005053600716801,0.910966869481605,0.9257877725832759,0.9345685845414069,0.9466395008526608,0.95642720486033,0.967098418922443,0.976115930250818,0.9849513494935641,0.992501660949917,1.0,0.9934745118901491,0.9822579820815011,0.965418679360915,0.9479937254877471,0.919627384222759,0.8665569199086709,0.780363523015841,0.5701719758937149,0.388713572858731,0.293984874714239,0.23062456312604998,0.270195467664737
0.503809910775444,0.6507670477279229,0.715619436480692,0.768276206413168,0.8015416087454571,0.820873583745044,0.839566144619016,0.85310536517434,0.8726418722165309,0.8889493320801429,0.900505181470408,0.9152332830311909,0.924872615116342,0.936778906624747,0.9462793158316921,0.957055258120907,0.965945626699209,0.975937172467174,0.9845976134483809,0.9934745118901491,1.0,0.992835927066365,0.977846288556215,0.961237634572932,0.9351320309569771,0.8822478643823449,0.7975603417789059,0.5854087618438879,0.405032023277554,0.312077997122678,0.248225533302055,0.280272093598034
0.48284812448019604,0.632302885639002,0.697990796345749,0.7505727861894459,0.7831013794072901,0.803034695737723,0.822083799421407,0.8365260303955799,0.856773605769278,0.873224269959095,0.885106788133962,0.9008041092989559,0.911442595263161,0.923552663477246,0.933278346291559,0.944011103558192,0.951916256218863,0.962597429442029,0.972608138180332,0.9822579820815011,0.992835927066365,1.0,0.9873425846478471,0.9712124068908741,0.945803061886649,0.894591978559676,0.8140682713895591,0.5930577376648349,0.408177396811157,0.316086831509228,0.255056901317967,0.28443825348207896
0.45828778455154606,0.6060039732105389,0.6707135428077,0.725458403525563,0.756420691682235,0.774662298332634,0.794717888202266,0.8102452043274179,0.8308820232830151,0.8473375290191509,0.860097541290582,0.8777706393092759,0.8895911556890391,0.900554042872256,0.911971394399631,0.9248837773588979,0.9330357821214821,0.94394575733401,0.9538649744746709,0.965418679360915,0.977846288556215,0.9873425846478471,1.0,0.988326199440992,0.9671364935382231,0.927138994193712,0.850361167560643,0.6220579539036889,0.43030725563891603,0.331898199540354,0.269137569103428,0.296278583082135
0.43839479513615004,0.5812783335594929,0.645055889881686,0.702816082788839,0.734212520532574,0.7533402390685551,0.77391675230876,0.7876375747321859,0.8077332233868392,0.824592805355891,0.838067434625178,0.855691630110832,0.868157131510652,0.877948169695435,0.8887543606581091,0.901957869422493,0.9112985948211869,0.923260361617607,0.935092556867554,0.9479937254877471,0.961237634572932,0.9712124068908741,0.988326199440992,1.0,0.982674364979362,0.944237462396508,0.872501712984615,0.6468563567847221,0.451190949425758,0.352498225334164,0.285498872510167,0.31458442926972996
0.40421356944973796,0.554350597546402,0.613190290349921,0.669985005265373,0.6985757174524521,0.7181695084791851,0.7380134852551329,0.752224751823566,0.771575926094625,0.78809293941735,0.8020025302079509,0.8219738531518929,0.834051867287582,0.841968237224347,0.8527029723179449,0.866777967524832,0.876961741859384,0.890435218706197,0.903844268310221,0.919627384222759,0.9351320309569771,0.945803061886649,0.9671364935382231,0.982674364979362,1.0,0.972397244349883,0.905927279697927,0.67855603504353,0.47807181644138,0.37754252206260497,0.306891616955078,0.34319419418889197
0.35931813674425395,0.507193526341012,0.559996662672515,0.6115426757078579,0.636401125465041,0.655588192202939,0.673082667741432,0.6862033737726921,0.703916600219785,0.7212131590554192,0.735052776262513,0.758270761263785,0.770056690722914,0.7778552041969841,0.79333837938007,0.8092200762198271,0.820244462200025,0.8362589915768259,0.8499498097461959,0.8665569199086709,0.8822478643823449,0.894591978559676,0.927138994193712,0.944237462396508,0.972397244349883,1.0,0.9583804066324719,0.7395440942033931,0.522318564845858,0.410591942612003,0.32965252778578497,0.3663925843610711
0.29138432944250103,0.428388966068789,0.47402365466168395,0.5204274455333521,0.544182533548624,0.5646173258694239,0.5790723607647491,0.5924971548568979,0.6119666234717139,0.630456064595979,0.645054402965543,0.669452782966793,0.6806186461950059,0.688105858084574,0.702703162019186,0.7194117748578609,0.7308509588732791,0.7505481979008191,0.76542154634039,0.780363523015841,0.7975603417789059,0.8140682713895591,0.850361167560643,0.872501712984615,0.905927279697927,0.9583804066324719,1.0,0.819181211310466,0.5872836715687599,0.47450942537587004,0.39554420972410903,0.410580390842946
0.199271435643461,0.29797801445104605,0.32813480985940097,0.35811891804947205,0.37652940509388394,0.39721548817512603,0.40654959757761,0.417512500245866,0.435005054100315,0.448328514445719,0.46138238137067494,0.489315019445321,0.495182937808391,0.503269238585224,0.512848218069024,0.52821984610757,0.5335893393655421,0.550145897414299,0.562133719413995,0.5701719758937149,0.5854087618438879,0.5930577376648349,0.6220579539036889,0.6468563567847221,0.67855603504353,0.7395440942033931,0.819181211310466,1.0,0.8673241236772579,0.737180193072,0.5767395301949411,0.514625354212876
0.122778322044856,0.19259398896777202,0.21768259325599695,0.235319065054156,0.248698061267522,0.26377043411549805,0.27050603138259305,0.27610568229755295,0.286090156847413,0.296852205803672,0.306107966688065,0.329532210316419,0.333344185463461,0.341457782743957,0.34512661902180003,0.35459682844158097,0.35993968727093606,0.369521872435909,0.38084310842631197,0.388713572858731,0.405032023277554,0.408177396811157,0.43030725563891603,0.451190949425758,0.47807181644138,0.522318564845858,0.5872836715687599,0.8673241236772579,1.0,0.915325647053225,0.747804903637672,0.5976188368932739
0.0613975583069896,0.12288615098795401,0.14048959246957,0.152505197015016,0.16842165454923,0.17978585793340304,0.183116626629758,0.184899669818034,0.193382977157903,0.20481554286782,0.213593148607062,0.23457579317100896,0.242721004948175,0.25112663320136397,0.25075672540139604,0.257309019880758,0.26318913240584696,0.271561107983672,0.28380112231470506,0.293984874714239,0.312077997122678,0.316086831509228,0.331898199540354,0.352498225334164,0.37754252206260497,0.410591942612003,0.47450942537587004,0.737180193072,0.915325647053225,1.0,0.843039872478263,0.6606443467025971
0.0136361960176872,0.0767698249947176,0.107591754848562,0.12696321109891198,0.13746895613299698,0.14414140171995699,0.14351042852405,0.144736688917496,0.153714729188334,0.161405888645363,0.165393539746535,0.17670386703411398,0.185612862241605,0.18787563154968803,0.18609573055832002,0.19002627059806898,0.20279441540387103,0.213979072088367,0.22461547179605604,0.23062456312604998,0.248225533302055,0.255056901317967,0.269137569103428,0.285498872510167,0.306891616955078,0.32965252778578497,0.39554420972410903,0.5767395301949411,0.747804903637672,0.843039872478263,1.0,0.7309086575407919
0.0157233433357691,0.0965017551926868,0.119394549552846,0.131964606008737,0.144939491276768,0.14734157271288,0.141586822756309,0.142404709627844,0.15198016439431,0.16053058177194698,0.16838085264333402,0.187648489692225,0.198762313937595,0.203963472373166,0.206698829356173,0.21410671950851298,0.22568292471268603,0.24189080911469396,0.260147904914044,0.270195467664737,0.280272093598034,0.28443825348207896,0.296278583082135,0.31458442926972996,0.34319419418889197,0.3663925843610711,0.410580390842946,0.514625354212876,0.5976188368932739,0.6606443467025971,0.7309086575407919,1.0
