1.0,0.966943415576417,0.395367025074762,0.365959265471889,0.256070137372324,0.24078041635703698,0.20780841855825,0.20152887922794196,0.18457198267803798,0.16628848058037196,0.14418345359767099,0.124324866737608,0.103477813682502,0.0870830978794943,0.0725237213346013,0.0643257120319637,0.0605776143463792,0.0592264297169912,0.060512042330179,0.058841194645352,0.0527440895119146,0.0482034099136149,0.049795730273213,0.0512526013764297,0.0574794144872714,0.0611332798654949,0.0592019495672378,0.0547786421458409,0.0736120485348662,0.0800676398093336,0.0517851973930515,0.0362201353786137
0.966943415576417,1.0,0.616205587429526,0.572027418789284,0.402566134692145,0.37610378259526095,0.321709711798326,0.30695103702925297,0.275712925872297,0.25299990711392606,0.225462678193916,0.202924340536932,0.17893372792808102,0.15858058651787302,0.139121771046934,0.128470178061631,0.12386734964174799,0.12150090603201,0.121542347113737,0.11792318400194698,0.10936679456836801,0.10262994058598401,0.10488691722482599,0.10558174479774,0.10704614408182099,0.10527115596128,0.104830271576455,0.0993929741155937,0.11173240802550201,0.111089801562429,0.0806891894134351,0.0614713771448775
0.395367025074762,0.616205587429526,1.0,0.946746254675654,0.6940434788665519,0.6459489504606739,0.549562688619431,0.51554724201714,0.45344222304326104,0.427533394196456,0.39539360769867204,0.374907127647243,0.35196598371701504,0.328896889535178,0.30336547831357696,0.289650411097491,0.28372091079343703,0.278668831273469,0.274379928499488,0.265938070406623,0.253502177762869,0.242625610898324,0.245508300888535,0.24295240708268698,0.228796184848103,0.21035901607115198,0.214299193882136,0.20707664124053501,0.190975436418042,0.16602175861135,0.14324134555515197,0.12058511377954302
0.365959265471889,0.572027418789284,0.946746254675654,1.0,0.888792371339713,0.8437157250315791,0.73770577057686,0.7040600737248679,0.6324189461852571,0.604392588655898,0.566052561080973,0.542661001527121,0.5150790622848549,0.490885955340707,0.464247505749936,0.446871087969073,0.434997833848281,0.42545912873950703,0.418205287313784,0.406405315230589,0.39171844251756294,0.377195585562411,0.377636804304224,0.371385486253341,0.35661559784960606,0.33402069283538,0.334765316518639,0.319132528231451,0.287441708474151,0.24538339400031697,0.219999774695563,0.18855851285953001
0.256070137372324,0.402566134692145,0.6940434788665519,0.888792371339713,1.0,0.972386745103923,0.877487994937579,0.850525139132971,0.777989040386549,0.751949008256344,0.7115307988295742,0.6880405135977501,0.658573344244932,0.637174574161572,0.613882410185054,0.594524261995492,0.5763994905823809,0.5621864463622299,0.551923466119676,0.5374077916660871,0.522218035221956,0.50510881927452,0.5019668465577589,0.49153379203047,0.478775649364158,0.45439183561299196,0.44988928502647796,0.424455733238347,0.37571363505873606,0.31634015031520696,0.29252481621390103,0.254170604408563
0.24078041635703698,0.37610378259526095,0.6459489504606739,0.8437157250315791,0.972386745103923,1.0,0.9651841497598921,0.9383746472572779,0.860663262917211,0.833159566298562,0.78947312276275,0.763154811133733,0.729835638852352,0.708088432156184,0.6853539703591309,0.6663725898605279,0.648291343925043,0.633435083609187,0.621702222989295,0.6059437786941341,0.590809447628153,0.572908574055875,0.5692942806206579,0.557902026173218,0.547194325032385,0.522554384577718,0.5115609233452271,0.477918314123902,0.42087599865071507,0.35308853616130603,0.336204525379978,0.295569747905697
0.20780841855825,0.321709711798326,0.549562688619431,0.73770577057686,0.877487994937579,0.9651841497598921,1.0,0.975125513614025,0.896724285724052,0.8693888756507641,0.824912386805713,0.7971552024585721,0.7617098793007909,0.74100234991385,0.720388109672631,0.7030773335010849,0.6862339902380971,0.671633827797333,0.6590251131236171,0.642910108171204,0.628833212674272,0.6112222908606779,0.6073163067082901,0.595598178244648,0.587892845045225,0.564586286049055,0.547040680330469,0.5064097238669221,0.44381577612869605,0.37105583434134,0.363050960949621,0.322532441499805
0.20152887922794196,0.30695103702925297,0.51554724201714,0.7040600737248679,0.850525139132971,0.9383746472572779,0.975125513614025,1.0,0.97251814756787,0.950400831802276,0.9027169898259159,0.874064640758778,0.8371341912920109,0.8146346204890992,0.79141087491478,0.7734127829327309,0.7570798283576808,0.743382004408288,0.7320503783065679,0.7169648929598491,0.704621073424107,0.687421331829494,0.6833580857629301,0.670424899750276,0.661636946143604,0.635288359121746,0.613765957175204,0.566702315859709,0.496326093853686,0.414805982050284,0.39916385783278896,0.35242588248106704
0.18457198267803798,0.275712925872297,0.45344222304326104,0.6324189461852571,0.777989040386549,0.860663262917211,0.896724285724052,0.97251814756787,1.0,0.9845395885550908,0.936032148714814,0.90797979400123,0.87147759166448,0.8482811005487941,0.8235282674090749,0.8057473637576701,0.790806024259582,0.778782186783992,0.769404813228744,0.756207512169285,0.74632954347947,0.730473758184543,0.726464714508123,0.712946791584445,0.7034559991231311,0.675298873194964,0.65081599033541,0.599575642755071,0.5248295010645151,0.43849870669986607,0.4155676686407249,0.36478138853072395
0.16628848058037196,0.25299990711392606,0.427533394196456,0.604392588655898,0.751949008256344,0.833159566298562,0.8693888756507641,0.950400831802276,0.9845395885550908,1.0,0.982996964066232,0.9639575856715171,0.9293796076981709,0.907554538949274,0.883259079190148,0.8651738144368308,0.849210423080285,0.8358708044593531,0.824805098679586,0.809825819225064,0.798652997466743,0.781037351798537,0.7758449769318481,0.7604308096631,0.748388805765496,0.716805521254173,0.6931012288716779,0.6404366368590129,0.560679800125497,0.46839921826861003,0.43962241345216996,0.384448008534217
0.14418345359767099,0.225462678193916,0.39539360769867204,0.566052561080973,0.7115307988295742,0.78947312276275,0.824912386805713,0.9027169898259159,0.936032148714814,0.982996964066232,1.0,0.990997324618144,0.959413022752011,0.9397650973113141,0.9168537401152049,0.8989451287569459,0.882188363404222,0.8676321049522472,0.85485336108762,0.8381839789599341,0.8256543708248149,0.8065170528427641,0.8002142588447858,0.7833114140276091,0.769002803768817,0.7349327033542951,0.713115319220899,0.660997437283993,0.578797296006994,0.48349750013391896,0.45027322409428605,0.392559576567573
0.124324866737608,0.202924340536932,0.374907127647243,0.542661001527121,0.6880405135977501,0.763154811133733,0.7971552024585721,0.874064640758778,0.90797979400123,0.9639575856715171,0.990997324618144,1.0,0.988053443468785,0.9745589699258629,0.950984488299635,0.932729394391907,0.9157618523741959,0.900546627266079,0.8865817364864549,0.868876806198952,0.8559458156690091,0.835829175895264,0.8279655612995529,0.809276406925833,0.7935406256085621,0.7575795045504341,0.736983269691768,0.684689953913558,0.601094428775055,0.503154007161053,0.46102795356354,0.399271956127844
0.103477813682502,0.17893372792808102,0.35196598371701504,0.5150790622848549,0.658573344244932,0.729835638852352,0.7617098793007909,0.8371341912920109,0.87147759166448,0.9293796076981709,0.959413022752011,0.988053443468785,1.0,0.9938163383757751,0.9694199835196852,0.950976367860609,0.934228649411294,0.918759314239394,0.9039953888683431,0.885732836937196,0.872870221144245,0.8522595070269041,0.8428708225214491,0.8226490595059821,0.8059898497853349,0.768907931941902,0.749658965562543,0.6978342879650761,0.614484304977372,0.515618458209508,0.46424661270697704,0.39911075761411396
0.0870830978794943,0.15858058651787302,0.328896889535178,0.490885955340707,0.637174574161572,0.708088432156184,0.74100234991385,0.8146346204890992,0.8482811005487941,0.907554538949274,0.9397650973113141,0.9745589699258629,0.9938163383757751,1.0,0.9897307344816991,0.9769567895584521,0.9596631377899391,0.943446691609851,0.9276921723866841,0.9082172879453281,0.893996584766424,0.871853187216977,0.8610557371349891,0.839473488310509,0.8228244892229809,0.7852824193332609,0.76651345878464,0.714257507045854,0.6280523036112939,0.52631669439771,0.47308525411283003,0.40646529113066904
0.0725237213346013,0.139121771046934,0.30336547831357696,0.464247505749936,0.613882410185054,0.6853539703591309,0.720388109672631,0.79141087491478,0.8235282674090749,0.883259079190148,0.9168537401152049,0.950984488299635,0.9694199835196852,0.9897307344816991,1.0,0.9954918290211591,0.9774979203414621,0.9605029350918379,0.9438704956285291,0.9231295783290309,0.907094123049557,0.883227800278545,0.8712427147251031,0.8486546144234071,0.832614880838012,0.7953178885775251,0.776800882250048,0.724248709737562,0.6347544400263061,0.530406515468146,0.47933532172907894,0.41284321943694896
0.0643257120319637,0.128470178061631,0.289650411097491,0.446871087969073,0.594524261995492,0.6663725898605279,0.7030773335010849,0.7734127829327309,0.8057473637576701,0.8651738144368308,0.8989451287569459,0.932729394391907,0.950976367860609,0.9769567895584521,0.9954918290211591,1.0,0.991531698702879,0.9789742410933,0.961054503405915,0.9390754025488101,0.9220328439210319,0.897046429807103,0.8840536160991949,0.860460068437237,0.8441562016244699,0.8063114729996841,0.7879679539419201,0.7350138207180581,0.6436750841070239,0.5374677460456789,0.484293943858689,0.416630908732381
0.0605776143463792,0.12386734964174799,0.28372091079343703,0.434997833848281,0.5763994905823809,0.648291343925043,0.6862339902380971,0.7570798283576808,0.790806024259582,0.849210423080285,0.882188363404222,0.9157618523741959,0.934228649411294,0.9596631377899391,0.9774979203414621,0.991531698702879,1.0,0.995684411233182,0.9762340318238051,0.953101504965021,0.9356873232085259,0.910090392753384,0.8962590751036079,0.871728900586125,0.854574260821075,0.815714569984277,0.797538618284894,0.7442551682597791,0.652379137347655,0.545159967069944,0.48694835980223605,0.41736551339137
0.0592264297169912,0.12150090603201,0.278668831273469,0.42545912873950703,0.5621864463622299,0.633435083609187,0.671633827797333,0.743382004408288,0.778782186783992,0.8358708044593531,0.8676321049522472,0.900546627266079,0.918759314239394,0.943446691609851,0.9605029350918379,0.9789742410933,0.995684411233182,1.0,0.9895832004262729,0.971779443372812,0.953859241356764,0.927642715155625,0.913533688775505,0.888373925076331,0.8697328716550901,0.82916590565239,0.8095143924951421,0.7544638989241129,0.6609073157677801,0.5520388902996121,0.491125780976809,0.420252857673979
0.060512042330179,0.121542347113737,0.274379928499488,0.418205287313784,0.551923466119676,0.621702222989295,0.6590251131236171,0.7320503783065679,0.769404813228744,0.824805098679586,0.85485336108762,0.8865817364864549,0.9039953888683431,0.9276921723866841,0.9438704956285291,0.961054503405915,0.9762340318238051,0.9895832004262729,1.0,0.994775894661958,0.9762161873556671,0.9493942379498829,0.9356479804432359,0.910225698783914,0.889407789980984,0.846399017192688,0.8234548621139259,0.7650810912504621,0.668649576781098,0.5575164487396971,0.49657720781091397,0.425183390208911
0.058841194645352,0.11792318400194698,0.265938070406623,0.406405315230589,0.5374077916660871,0.6059437786941341,0.642910108171204,0.7169648929598491,0.756207512169285,0.809825819225064,0.8381839789599341,0.868876806198952,0.885732836937196,0.9082172879453281,0.9231295783290309,0.9390754025488101,0.953101504965021,0.971779443372812,0.994775894661958,1.0,0.9889536229496841,0.9673680528875029,0.9535550037186,0.9276584059793891,0.905301702340722,0.8605106932165909,0.835219993300032,0.774389102094976,0.6759712520185611,0.5631265571845,0.503242557202804,0.43152050216360205
0.0527440895119146,0.10936679456836801,0.253502177762869,0.39171844251756294,0.522218035221956,0.590809447628153,0.628833212674272,0.704621073424107,0.74632954347947,0.798652997466743,0.8256543708248149,0.8559458156690091,0.872870221144245,0.893996584766424,0.907094123049557,0.9220328439210319,0.9356873232085259,0.953859241356764,0.9762161873556671,0.9889536229496841,1.0,0.9938907746116391,0.979057966604774,0.951912550416879,0.928704334275082,0.882516535669582,0.856007063154521,0.793188366546127,0.6927837402085879,0.577452658826196,0.5197209951430689,0.446952516977361
0.0482034099136149,0.10262994058598401,0.242625610898324,0.377195585562411,0.50510881927452,0.572908574055875,0.6112222908606779,0.687421331829494,0.730473758184543,0.781037351798537,0.8065170528427641,0.835829175895264,0.8522595070269041,0.871853187216977,0.883227800278545,0.897046429807103,0.910090392753384,0.927642715155625,0.9493942379498829,0.9673680528875029,0.9938907746116391,1.0,0.9895878578333192,0.9658313409631241,0.942310575304115,0.895459563728583,0.867675497695862,0.8032662419664499,0.7016870724092111,0.584990514753141,0.527720464077233,0.45425874602995203
0.049795730273213,0.10488691722482599,0.245508300888535,0.377636804304224,0.5019668465577589,0.5692942806206579,0.6073163067082901,0.6833580857629301,0.726464714508123,0.7758449769318481,0.8002142588447858,0.8279655612995529,0.8428708225214491,0.8610557371349891,0.8712427147251031,0.8840536160991949,0.8962590751036079,0.913533688775505,0.9356479804432359,0.9535550037186,0.979057966604774,0.9895878578333192,1.0,0.9929146103059681,0.96962256300394,0.922165187241922,0.89155335746878,0.823712771055165,0.7187931380412992,0.598801712283833,0.534506228587373,0.45810645108837106
0.0512526013764297,0.10558174479774,0.24295240708268698,0.371385486253341,0.49153379203047,0.557902026173218,0.595598178244648,0.670424899750276,0.712946791584445,0.7604308096631,0.7833114140276091,0.809276406925833,0.8226490595059821,0.839473488310509,0.8486546144234071,0.860460068437237,0.871728900586125,0.888373925076331,0.910225698783914,0.9276584059793891,0.951912550416879,0.9658313409631241,0.9929146103059681,1.0,0.981831066037852,0.9383627217134979,0.9056800545371391,0.835489519464686,0.729158319018991,0.6075762282568841,0.538262863329563,0.459852111211904
0.0574794144872714,0.10704614408182099,0.228796184848103,0.35661559784960606,0.478775649364158,0.547194325032385,0.587892845045225,0.661636946143604,0.7034559991231311,0.748388805765496,0.769002803768817,0.7935406256085621,0.8059898497853349,0.8228244892229809,0.832614880838012,0.8441562016244699,0.854574260821075,0.8697328716550901,0.889407789980984,0.905301702340722,0.928704334275082,0.942310575304115,0.96962256300394,0.981831066037852,1.0,0.986901372198295,0.9528446489016691,0.879262512322879,0.772682582706677,0.6476924939614761,0.5771066461058929,0.494012510642974
0.0611332798654949,0.10527115596128,0.21035901607115198,0.33402069283538,0.45439183561299196,0.522554384577718,0.564586286049055,0.635288359121746,0.675298873194964,0.716805521254173,0.7349327033542951,0.7575795045504341,0.768907931941902,0.7852824193332609,0.7953178885775251,0.8063114729996841,0.815714569984277,0.82916590565239,0.846399017192688,0.8605106932165909,0.882516535669582,0.895459563728583,0.922165187241922,0.9383627217134979,0.986901372198295,1.0,0.9664817378356959,0.8926713260383641,0.789010890154465,0.664608535298721,0.594437313079527,0.509477038146332
0.0592019495672378,0.104830271576455,0.214299193882136,0.334765316518639,0.44988928502647796,0.5115609233452271,0.547040680330469,0.613765957175204,0.65081599033541,0.6931012288716779,0.713115319220899,0.736983269691768,0.749658965562543,0.76651345878464,0.776800882250048,0.7879679539419201,0.797538618284894,0.8095143924951421,0.8234548621139259,0.835219993300032,0.856007063154521,0.867675497695862,0.89155335746878,0.9056800545371391,0.9528446489016691,0.9664817378356959,1.0,0.9784632774892691,0.886364014840789,0.7588051105484019,0.6445425049270561,0.539443135424932
0.0547786421458409,0.0993929741155937,0.20707664124053501,0.319132528231451,0.424455733238347,0.477918314123902,0.5064097238669221,0.566702315859709,0.599575642755071,0.6404366368590129,0.660997437283993,0.684689953913558,0.6978342879650761,0.714257507045854,0.724248709737562,0.7350138207180581,0.7442551682597791,0.7544638989241129,0.7650810912504621,0.774389102094976,0.793188366546127,0.8032662419664499,0.823712771055165,0.835489519464686,0.879262512322879,0.8926713260383641,0.9784632774892691,1.0,0.9216617174506261,0.797749717544663,0.6535768103408199,0.5373810236882921
0.0736120485348662,0.11173240802550201,0.190975436418042,0.287441708474151,0.37571363505873606,0.42087599865071507,0.44381577612869605,0.496326093853686,0.5248295010645151,0.560679800125497,0.578797296006994,0.601094428775055,0.614484304977372,0.6280523036112939,0.6347544400263061,0.6436750841070239,0.652379137347655,0.6609073157677801,0.668649576781098,0.6759712520185611,0.6927837402085879,0.7016870724092111,0.7187931380412992,0.729158319018991,0.772682582706677,0.789010890154465,0.886364014840789,0.9216617174506261,1.0,0.9691722681273539,0.7391340735265541,0.5803130978830761
0.0800676398093336,0.111089801562429,0.16602175861135,0.24538339400031697,0.31634015031520696,0.35308853616130603,0.37105583434134,0.414805982050284,0.43849870669986607,0.46839921826861003,0.48349750013391896,0.503154007161053,0.515618458209508,0.52631669439771,0.530406515468146,0.5374677460456789,0.545159967069944,0.5520388902996121,0.5575164487396971,0.5631265571845,0.577452658826196,0.584990514753141,0.598801712283833,0.6075762282568841,0.6476924939614761,0.664608535298721,0.7588051105484019,0.797749717544663,0.9691722681273539,1.0,0.7349336276727501,0.5620404443495001
0.0517851973930515,0.0806891894134351,0.14324134555515197,0.219999774695563,0.29252481621390103,0.336204525379978,0.363050960949621,0.39916385783278896,0.4155676686407249,0.43962241345216996,0.45027322409428605,0.46102795356354,0.46424661270697704,0.47308525411283003,0.47933532172907894,0.484293943858689,0.48694835980223605,0.491125780976809,0.49657720781091397,0.503242557202804,0.5197209951430689,0.527720464077233,0.534506228587373,0.538262863329563,0.5771066461058929,0.594437313079527,0.6445425049270561,0.6535768103408199,0.7391340735265541,0.7349336276727501,1.0,0.973901694530282
0.0362201353786137,0.0614713771448775,0.12058511377954302,0.18855851285953001,0.254170604408563,0.295569747905697,0.322532441499805,0.35242588248106704,0.36478138853072395,0.384448008534217,0.392559576567573,0.399271956127844,0.39911075761411396,0.40646529113066904,0.41284321943694896,0.416630908732381,0.41736551339137,0.420252857673979,0.425183390208911,0.43152050216360205,0.446952516977361,0.45425874602995203,0.45810645108837106,0.459852111211904,0.494012510642974,0.509477038146332,0.539443135424932,0.5373810236882921,0.5803130978830761,0.5620404443495001,0.973901694530282,1.0
