1.0,0.9843825559203551,0.9030031644098431,0.684323543757461,0.612362486361694,0.578619842593854,0.5083504547179529,0.43044287782268004,0.41215275376663596,0.377441043839795,0.325252516776781,0.314073063775152,0.310523589652132,0.29761262435533803,0.284122099443692,0.28663007069182395,0.28212871086317304,0.271983869589975,0.270229496465418,0.265809273903474,0.255245226833821,0.24255281537169895,0.22694837678958601,0.203609739492996,0.178952916713739,0.0903603180939539,0.0288399337164918,0.0032402398670188103,0.0279738989856611,0.0464392377495336,0.0481393448483856,0.0487486614473452
0.9843825559203551,1.0,0.9645344148131509,0.8020026106150759,0.7402421579964571,0.7021316121618061,0.62030069578129,0.5294183623127671,0.511314782158053,0.473494663611496,0.41415965130695903,0.399385367174375,0.39181316303871505,0.37228961302173497,0.352115932765464,0.352165517148161,0.34369904868127504,0.328579209706037,0.326238592847984,0.32152185921126697,0.30932980876215505,0.29467040153044605,0.276948400862765,0.249594072497429,0.22037442848165098,0.12777872747958902,0.0585851582950272,0.0289624228479704,0.0456718162555534,0.0548310081620356,0.0551378468133662,0.055200324940055
0.9030031644098431,0.9645344148131509,1.0,0.931226126494614,0.888396993749371,0.845981278687154,0.7516334695894681,0.6466482261338621,0.6298903288882249,0.589636416735557,0.523079789924469,0.503785381935963,0.49062739010385603,0.462338562884055,0.43333207342268,0.42969264818314,0.41577944547640505,0.39409041652829707,0.39100861032727396,0.386125021876957,0.372209849056967,0.35546431997452,0.335610771753757,0.30384602649246695,0.269505436054442,0.176359754569531,0.0997353351680815,0.0658247304772471,0.0695187025263927,0.064185001561016,0.0623847148045158,0.061623587871171
0.684323543757461,0.8020026106150759,0.931226126494614,1.0,0.9883518080803009,0.9449860625641949,0.844464933002637,0.7323690363217109,0.7194421913562471,0.6805674986602989,0.611876514329474,0.5886129719197111,0.5692919925233001,0.53223181639927,0.49444523560575604,0.48614095494075393,0.466345672895392,0.43814033699859606,0.43439803510006303,0.429859069718284,0.41520318829862396,0.397549010473874,0.37709003526098794,0.342975892812204,0.30560816885835995,0.22267017573395603,0.144807899049086,0.10896975201219501,0.0942585831159342,0.0695427416058076,0.0650451433404762,0.0632364920571985
0.612362486361694,0.7402421579964571,0.888396993749371,0.9883518080803009,1.0,0.981150303131465,0.9085290533302142,0.8159842249515,0.8020617471699871,0.759281527043854,0.683278734301355,0.656878957022031,0.634493276676548,0.592298394691035,0.549221597453929,0.538742446807532,0.515569315784099,0.48319420581908895,0.47782877134947294,0.47162732577834293,0.454410799604845,0.43450007659204404,0.4130953852223211,0.376583498212191,0.33631143067379,0.24672553151618898,0.161608399773742,0.12232600204931,0.104599594909526,0.0760036750408109,0.0708751964020018,0.068816212513468
0.578619842593854,0.7021316121618061,0.845981278687154,0.9449860625641949,0.981150303131465,1.0,0.972145996651532,0.91201221732502,0.895249320954313,0.8461009644552792,0.7598256129880141,0.7300823934884849,0.7052263865939671,0.658353989292106,0.610367227348484,0.598229159639443,0.572011344813045,0.535621909191354,0.5280243858773049,0.519179315573247,0.49834880668688497,0.475350237203254,0.452749863026948,0.41346576770765797,0.36989351504807005,0.26673365817227396,0.171129638306951,0.127337271426806,0.11150669006811802,0.0838487407669163,0.0787140619948706,0.0766446616070624
0.5083504547179529,0.62030069578129,0.7516334695894681,0.844464933002637,0.9085290533302142,0.972145996651532,1.0,0.9822252623677191,0.9628675417510658,0.9084882627586379,0.814129479152835,0.7818396547767199,0.755248132029458,0.7050798333730299,0.653571762535453,0.640037288349146,0.611456420853939,0.5720437750155021,0.5621244047730021,0.550521631690469,0.526364382815235,0.500787145378567,0.47788279467174605,0.43722877948181604,0.391863733658209,0.27747269377467104,0.17399840428346,0.126957136602521,0.114228740582956,0.0891110865788984,0.0842292964400128,0.0822522134465947
0.43044287782268004,0.5294183623127671,0.6466482261338621,0.7323690363217109,0.8159842249515,0.91201221732502,0.9822252623677191,1.0,0.9863404244480629,0.937687921748513,0.84830560396272,0.816742571023269,0.789010256877573,0.736649362684022,0.6827670910774639,0.6682100819520072,0.6379578756996761,0.596436581565963,0.5841811138842521,0.5697497408354539,0.542493781906292,0.514630406597237,0.49169108720142296,0.450397044745659,0.404133967874976,0.282882440722796,0.17475854620086498,0.125827561932838,0.11371281711575,0.0897775358755041,0.08504353210711299,0.0831228616774701
0.41215275376663596,0.511314782158053,0.6298903288882249,0.7194421913562471,0.8020617471699871,0.895249320954313,0.9628675417510658,0.9863404244480629,1.0,0.9821160565300229,0.923938314170413,0.8986144000330649,0.868200610881729,0.8106909381986172,0.7514662460063491,0.7354028377137679,0.702067328303806,0.656333493337429,0.640807036792467,0.6223062148594971,0.589988064911139,0.5577281104705961,0.5325063546569,0.487461876873739,0.437109428482676,0.30826505374189,0.19230059382249298,0.13966681016964902,0.118751736350445,0.0882629417214119,0.0826730370053531,0.0804232568832984
0.377441043839795,0.473494663611496,0.589636416735557,0.6805674986602989,0.759281527043854,0.8461009644552792,0.9084882627586379,0.937687921748513,0.9821160565300229,1.0,0.9794382376704709,0.9620939855575842,0.929634009351017,0.8681656232632041,0.804818330460798,0.7875711660320001,0.7518280440836,0.702811171227399,0.6840660253017821,0.6615334970239661,0.62451176372811,0.5883070788547591,0.5613213242856839,0.513498909293328,0.46015891669476294,0.326951727103358,0.205909869423888,0.150806815992172,0.12053345388598401,0.0835751988203411,0.0771942342010441,0.0746436386792958
0.325252516776781,0.41415965130695903,0.523079789924469,0.611876514329474,0.683278734301355,0.7598256129880141,0.814129479152835,0.84830560396272,0.923938314170413,0.9794382376704709,1.0,0.9918952073991999,0.958532148857726,0.8952637063873969,0.8300153864083791,0.8121849330597509,0.7752818728421421,0.7246943152188359,0.703244892481307,0.67728736772478,0.6366962838094791,0.597702925927744,0.569898999388069,0.520999681136598,0.46657737038349206,0.33398693891737397,0.212312873765026,0.156752887120509,0.11765443235987401,0.0752321119969092,0.0682569853770146,0.0654853790005188
0.314073063775152,0.399385367174375,0.503785381935963,0.5886129719197111,0.656878957022031,0.7300823934884849,0.7818396547767199,0.816742571023269,0.8986144000330649,0.9620939855575842,0.9918952073991999,1.0,0.9861378616181079,0.9424296651546908,0.8907393716615709,0.8720855882640379,0.832936992457949,0.779049150283058,0.7555601276821411,0.7269428064231479,0.6826716428574671,0.640411984333712,0.61092041089975,0.558768864676759,0.5006357895741721,0.36455881727404604,0.23649031996044603,0.17759712658443302,0.13208725894935197,0.0821881331625055,0.0740900097116975,0.0708774462777635
0.310523589652132,0.39181316303871505,0.49062739010385603,0.5692919925233001,0.634493276676548,0.7052263865939671,0.755248132029458,0.789010256877573,0.868200610881729,0.929634009351017,0.958532148857726,0.9861378616181079,1.0,0.9848526506613159,0.953502758446615,0.9341783585569009,0.8928791103115659,0.8357303541902171,0.810636035495231,0.779861100137649,0.732297959722787,0.6870394517151379,0.655915236796174,0.6003827898028199,0.5383233841405081,0.39929088610152297,0.264489289652025,0.20200568661951898,0.15111545432607099,0.0933271800417175,0.0839800251919865,0.0802735370987522
0.29761262435533803,0.37228961302173497,0.462338562884055,0.53223181639927,0.592298394691035,0.658353989292106,0.7050798333730299,0.736649362684022,0.8106909381986172,0.8681656232632041,0.8952637063873969,0.9424296651546908,0.9848526506613159,1.0,0.990834645217167,0.971382100053522,0.9290592661970509,0.8701963819655171,0.844168166949197,0.8120505024345571,0.762456721341598,0.715405594635947,0.6834975925959571,0.626077735962641,0.561754365739207,0.423753341811399,0.285910313402271,0.221526350516617,0.1665217228501,0.102201806877173,0.091826410925124,0.0877136108574147
0.284122099443692,0.352115932765464,0.43333207342268,0.49444523560575604,0.549221597453929,0.610367227348484,0.653571762535453,0.6827670910774639,0.7514662460063491,0.804818330460798,0.8300153864083791,0.8907393716615709,0.953502758446615,0.990834645217167,1.0,0.987313268697502,0.951157061257263,0.8975341881677249,0.8725840391840028,0.8396551110096709,0.788636495892777,0.740332440584422,0.7080074417435309,0.6491488008401751,0.582997696876183,0.44860967214335395,0.309069221988997,0.243268992679311,0.182406480321574,0.11001075826314802,0.0984174090337388,0.0938260955159003
0.28663007069182395,0.352165517148161,0.42969264818314,0.48614095494075393,0.538742446807532,0.598229159639443,0.640037288349146,0.6682100819520072,0.7354028377137679,0.7875711660320001,0.8121849330597509,0.8720855882640379,0.9341783585569009,0.971382100053522,0.987313268697502,1.0,0.988107925987373,0.9561626131935079,0.9365112647696291,0.9023854498505659,0.848730701664833,0.797924187361631,0.764337630308984,0.701913678531006,0.6313623036605489,0.49979291327235,0.35421741566094006,0.284562441538467,0.209572012347485,0.12084562846443901,0.10687298733005099,0.10135140915156302
0.28212871086317304,0.34369904868127504,0.41577944547640505,0.466345672895392,0.515569315784099,0.572011344813045,0.611456420853939,0.6379578756996761,0.702067328303806,0.7518280440836,0.7752818728421421,0.832936992457949,0.8928791103115659,0.9290592661970509,0.951157061257263,0.988107925987373,1.0,0.9898189161040409,0.9757738809077479,0.9413141154750341,0.8864038566158751,0.8344024142323059,0.800406242930522,0.736039011261902,0.6629323081739039,0.537273414981113,0.3893734190009411,0.317669714318659,0.230811334350004,0.12841603153557699,0.11247718223069601,0.10618826287097
0.271983869589975,0.328579209706037,0.39409041652829707,0.43814033699859606,0.48319420581908895,0.535621909191354,0.5720437750155021,0.596436581565963,0.656333493337429,0.702811171227399,0.7246943152188359,0.779049150283058,0.8357303541902171,0.8701963819655171,0.8975341881677249,0.9561626131935079,0.9898189161040409,1.0,0.9914421495489492,0.957403431505491,0.902494491158738,0.8504888111585559,0.816833824602693,0.7520316514440509,0.6781086359558439,0.5605835079642261,0.413665680565557,0.34158487605929805,0.24558117874841798,0.132702675754334,0.11528150279858199,0.108415537770545
0.270229496465418,0.326238592847984,0.39100861032727396,0.43439803510006303,0.47782877134947294,0.5280243858773049,0.5621244047730021,0.5841811138842521,0.640807036792467,0.6840660253017821,0.703244892481307,0.7555601276821411,0.810636035495231,0.844168166949197,0.8725840391840028,0.9365112647696291,0.9757738809077479,0.9914421495489492,1.0,0.986484013503995,0.9499660687235071,0.9100463445102159,0.873772553473645,0.804220534063279,0.724964936249419,0.594312138499225,0.43523307929392896,0.35758808346631393,0.254063489026282,0.135218295314277,0.11695215385750599,0.109757181938143
0.265809273903474,0.32152185921126697,0.386125021876957,0.429859069718284,0.47162732577834293,0.519179315573247,0.550521631690469,0.5697497408354539,0.6223062148594971,0.6615334970239661,0.67728736772478,0.7269428064231479,0.779861100137649,0.8120505024345571,0.8396551110096709,0.9023854498505659,0.9413141154750341,0.957403431505491,0.986484013503995,1.0,0.988307750950658,0.9650188918770101,0.925921250240034,0.851656169433486,0.767236500835623,0.619378513376121,0.44719197396695504,0.36390814955213896,0.255473818095847,0.13448321222225398,0.11594091253854501,0.108640004618717
0.255245226833821,0.30932980876215505,0.372209849056967,0.41520318829862396,0.454410799604845,0.49834880668688497,0.526364382815235,0.542493781906292,0.589988064911139,0.62451176372811,0.6366962838094791,0.6826716428574671,0.732297959722787,0.762456721341598,0.788636495892777,0.848730701664833,0.8864038566158751,0.902494491158738,0.9499660687235071,0.988307750950658,1.0,0.992751647327891,0.951975228912429,0.875126910486249,0.787950775043509,0.627671443470211,0.44746698148959296,0.36095735398899703,0.250586032072729,0.130535417220804,0.112186152610503,0.10496385593511999
0.24255281537169895,0.29467040153044605,0.35546431997452,0.397549010473874,0.43450007659204404,0.475350237203254,0.500787145378567,0.514630406597237,0.5577281104705961,0.5883070788547591,0.597702925927744,0.640411984333712,0.6870394517151379,0.715405594635947,0.740332440584422,0.797924187361631,0.8344024142323059,0.8504888111585559,0.9100463445102159,0.9650188918770101,0.992751647327891,1.0,0.9719885113347858,0.9051434481554941,0.8251048429178379,0.653455661588365,0.461625299863035,0.37000148324788706,0.258098611960051,0.13653413724944902,0.11788004938608501,0.11053385761369901
0.22694837678958601,0.276948400862765,0.335610771753757,0.37709003526098794,0.4130953852223211,0.452749863026948,0.47788279467174605,0.49169108720142296,0.5325063546569,0.5613213242856839,0.569898999388069,0.61092041089975,0.655915236796174,0.6834975925959571,0.7080074417435309,0.764337630308984,0.800406242930522,0.816833824602693,0.873772553473645,0.925921250240034,0.951975228912429,0.9719885113347858,1.0,0.97970106494369,0.934778671739943,0.7489218991520409,0.528695996162327,0.42354966744482897,0.308494568856453,0.175338340812784,0.15447046413392299,0.14622934879288002
0.203609739492996,0.249594072497429,0.30384602649246695,0.342975892812204,0.376583498212191,0.41346576770765797,0.43722877948181604,0.450397044745659,0.487461876873739,0.513498909293328,0.520999681136598,0.558768864676759,0.6003827898028199,0.626077735962641,0.6491488008401751,0.701913678531006,0.736039011261902,0.7520316514440509,0.804220534063279,0.851656169433486,0.875126910486249,0.9051434481554941,0.97970106494369,1.0,0.9870146300348341,0.79725288248907,0.562539403128695,0.450505758484898,0.337846404916859,0.200687456876609,0.17885353209543697,0.17021328726138
0.178952916713739,0.22037442848165098,0.269505436054442,0.30560816885835995,0.33631143067379,0.36989351504807005,0.391863733658209,0.404133967874976,0.437109428482676,0.46015891669476294,0.46657737038349206,0.5006357895741721,0.5383233841405081,0.561754365739207,0.582997696876183,0.6313623036605489,0.6629323081739039,0.6781086359558439,0.724964936249419,0.767236500835623,0.787950775043509,0.8251048429178379,0.934778671739943,0.9870146300348341,1.0,0.812659899558814,0.573203176962682,0.45892784478701004,0.351483556396575,0.215129261132802,0.19315990784712697,0.184452577147721
0.0903603180939539,0.12777872747958902,0.176359754569531,0.22267017573395603,0.24672553151618898,0.26673365817227396,0.27747269377467104,0.282882440722796,0.30826505374189,0.326951727103358,0.33398693891737397,0.36455881727404604,0.39929088610152297,0.423753341811399,0.44860967214335395,0.49979291327235,0.537273414981113,0.5605835079642261,0.594312138499225,0.619378513376121,0.627671443470211,0.653455661588365,0.7489218991520409,0.79725288248907,0.812659899558814,1.0,0.943143311743635,0.890389446253855,0.6905256998134561,0.37630999547831395,0.327698731910382,0.308534091905815
0.0288399337164918,0.0585851582950272,0.0997353351680815,0.144807899049086,0.161608399773742,0.171129638306951,0.17399840428346,0.17475854620086498,0.19230059382249298,0.205909869423888,0.212312873765026,0.23649031996044603,0.264489289652025,0.285910313402271,0.309069221988997,0.35421741566094006,0.3893734190009411,0.413665680565557,0.43523307929392896,0.44719197396695504,0.44746698148959296,0.461625299863035,0.528695996162327,0.562539403128695,0.573203176962682,0.943143311743635,1.0,0.991066974744128,0.77012959138033,0.405292721638956,0.349383875474495,0.327370343249819
0.0032402398670188103,0.0289624228479704,0.0658247304772471,0.10896975201219501,0.12232600204931,0.127337271426806,0.126957136602521,0.125827561932838,0.13966681016964902,0.150806815992172,0.156752887120509,0.17759712658443302,0.20200568661951898,0.221526350516617,0.243268992679311,0.284562441538467,0.317669714318659,0.34158487605929805,0.35758808346631393,0.36390814955213896,0.36095735398899703,0.37000148324788706,0.42354966744482897,0.450505758484898,0.45892784478701004,0.890389446253855,0.991066974744128,1.0,0.777620994457158,0.40405521718313203,0.34699320234517894,0.32453543434252297
0.0279738989856611,0.0456718162555534,0.0695187025263927,0.0942585831159342,0.104599594909526,0.11150669006811802,0.114228740582956,0.11371281711575,0.118751736350445,0.12053345388598401,0.11765443235987401,0.13208725894935197,0.15111545432607099,0.1665217228501,0.182406480321574,0.209572012347485,0.230811334350004,0.24558117874841798,0.254063489026282,0.255473818095847,0.250586032072729,0.258098611960051,0.308494568856453,0.337846404916859,0.351483556396575,0.6905256998134561,0.77012959138033,0.777620994457158,1.0,0.88871120401134,0.8587488373800529,0.8462648774679581
0.0464392377495336,0.0548310081620356,0.064185001561016,0.0695427416058076,0.0760036750408109,0.0838487407669163,0.0891110865788984,0.0897775358755041,0.0882629417214119,0.0835751988203411,0.0752321119969092,0.0821881331625055,0.0933271800417175,0.102201806877173,0.11001075826314802,0.12084562846443901,0.12841603153557699,0.132702675754334,0.135218295314277,0.13448321222225398,0.130535417220804,0.13653413724944902,0.175338340812784,0.200687456876609,0.215129261132802,0.37630999547831395,0.405292721638956,0.40405521718313203,0.88871120401134,1.0,0.9980969429338861,0.9963392855625629
0.0481393448483856,0.0551378468133662,0.0623847148045158,0.0650451433404762,0.0708751964020018,0.0787140619948706,0.0842292964400128,0.08504353210711299,0.0826730370053531,0.0771942342010441,0.0682569853770146,0.0740900097116975,0.0839800251919865,0.091826410925124,0.0984174090337388,0.10687298733005099,0.11247718223069601,0.11528150279858199,0.11695215385750599,0.11594091253854501,0.112186152610503,0.11788004938608501,0.15447046413392299,0.17885353209543697,0.19315990784712697,0.327698731910382,0.349383875474495,0.34699320234517894,0.8587488373800529,0.9980969429338861,1.0,0.9997146959577371
0.0487486614473452,0.055200324940055,0.061623587871171,0.0632364920571985,0.068816212513468,0.0766446616070624,0.0822522134465947,0.0831228616774701,0.0804232568832984,0.0746436386792958,0.0654853790005188,0.0708774462777635,0.0802735370987522,0.0877136108574147,0.0938260955159003,0.10135140915156302,0.10618826287097,0.108415537770545,0.109757181938143,0.108640004618717,0.10496385593511999,0.11053385761369901,0.14622934879288002,0.17021328726138,0.184452577147721,0.308534091905815,0.327370343249819,0.32453543434252297,0.8462648774679581,0.9963392855625629,0.9997146959577371,1.0
