1.0,0.8300052208320359,0.741515082054068,0.6875688333281529,0.662733511162047,0.6527518002777131,0.630338808444583,0.6111958734711391,0.5976468776229821,0.577933083272027,0.562336606566711,0.552451262860984,0.5443693093284361,0.534585228464857,0.519311204025252,0.49896561221679797,0.48764150598643696,0.47914494347919606,0.465148289473721,0.45092086538190096,0.43571321593259,0.4212176868856621,0.40224928671755394,0.38394908084154905,0.367193691031466,0.315436992796218,0.276048461881115,0.22155587730446696,0.0729187513141128,0.05759740493387099,0.0134488323142902,0.034561048687735
0.8300052208320359,1.0,0.939458762267785,0.8767294646728822,0.8518223434142241,0.8338840088471671,0.810577521891698,0.792020554451351,0.7767102228434691,0.7601994842598571,0.7441895170273491,0.7368336302333471,0.726753035706279,0.7151647518127691,0.7000845281997989,0.6829456403898111,0.667398441919661,0.6577290422024961,0.643242933217054,0.629980961127974,0.6158450709622171,0.6048836511876851,0.582832798032202,0.555229360339869,0.531988416573335,0.46572798664533793,0.42040047823393,0.341331393449248,0.118106372100123,0.0964434248800039,0.0432272825620499,0.0116313379923698
0.741515082054068,0.939458762267785,1.0,0.9561246867664049,0.932586296646267,0.911450975026039,0.888877636502593,0.8749730002293399,0.860079914766895,0.846383428241241,0.832821972960857,0.824486027343612,0.8152640848742629,0.8032924430141729,0.788420998413752,0.772606383061383,0.7549227391126558,0.745124636548817,0.7328332884076708,0.721825403244114,0.7087846191614591,0.696743146283616,0.6742293787081529,0.6459785462942851,0.6186378241993591,0.5445558755890689,0.498330018998028,0.417707557852303,0.174749765253736,0.140787896479782,0.0693022562785544,0.0455987693399205
0.6875688333281529,0.8767294646728822,0.9561246867664049,1.0,0.9782961315810359,0.9499788073874609,0.9254923778669609,0.9094823772816959,0.8933243210365022,0.879415069077966,0.865814000900888,0.8547698857413492,0.844717524582708,0.8346213316079691,0.8206011515860251,0.805889831884303,0.789863280172748,0.7811289233985741,0.7694689372861059,0.758190279789903,0.7485487056734571,0.734586660098833,0.7145910499564001,0.6871725715186962,0.657175883003522,0.5790872310977471,0.5340504754349651,0.4578724452533379,0.21075706562389002,0.172504057299889,0.10016714511324001,0.0592490731965157
0.662733511162047,0.8518223434142241,0.932586296646267,0.9782961315810359,1.0,0.981203949597645,0.956061656796612,0.939672447507185,0.9235863992126191,0.910140895434374,0.896759521935508,0.882768218925591,0.8721304400299159,0.863054432043653,0.849388036765942,0.835934709805802,0.823499485446935,0.8157256965063799,0.803019082919559,0.7918306458726329,0.783084974918588,0.7691860279475041,0.7486660676380259,0.7213658431604799,0.6900497451852851,0.611853333531966,0.5631861918093679,0.48460974314787203,0.226722368107842,0.186652347538305,0.10963781638000801,0.0652901864528751
0.6527518002777131,0.8338840088471671,0.911450975026039,0.9499788073874609,0.981203949597645,1.0,0.985954660642903,0.968115797082915,0.951285877001258,0.9360585848935021,0.9218723831815859,0.90692572480057,0.8968858462763449,0.887179548526609,0.8742063735236071,0.860743550883996,0.8480130868657411,0.840225220555588,0.8285089676183841,0.817837595131942,0.8078882655226991,0.795088598249297,0.773667894757873,0.7451733591876329,0.7116465226005021,0.6308282742898521,0.5814049407472429,0.504494742393335,0.244175692808906,0.200684195449524,0.124667906627611,0.0807842490763429
0.630338808444583,0.810577521891698,0.888877636502593,0.9254923778669609,0.956061656796612,0.985954660642903,1.0,0.9852872370990879,0.969425281825577,0.953798513149808,0.9397588587333779,0.925455621132381,0.9145132771901741,0.9028683242660451,0.888913120450902,0.8748177729013571,0.8615899454768421,0.8532759464837809,0.842254946172639,0.8317717353364951,0.820919778107437,0.809103250918888,0.787539475986029,0.758391723869402,0.722996770098567,0.640798124928837,0.594196596301773,0.519012528645844,0.25579522113972897,0.207033671187737,0.130240779570218,0.0980357512137403
0.6111958734711391,0.792020554451351,0.8749730002293399,0.9094823772816959,0.939672447507185,0.968115797082915,0.9852872370990879,1.0,0.9856188088891541,0.971544143344662,0.956600414700793,0.9425623605318059,0.9317795755298041,0.9204094984751031,0.9073606861134631,0.8932854516455141,0.879397616883601,0.8706619977624659,0.860078871059837,0.849743433678027,0.839104672385197,0.828740336073037,0.8091368699255691,0.7808658383891921,0.746628389522411,0.6609589513336379,0.614154742016999,0.537271803396392,0.264858829840501,0.21552099184502,0.13695098736043698,0.101941791498543
0.5976468776229821,0.7767102228434691,0.860079914766895,0.8933243210365022,0.9235863992126191,0.951285877001258,0.969425281825577,0.9856188088891541,1.0,0.991117289949014,0.9764112946477391,0.962130987135749,0.9510259394551751,0.9390400081579101,0.925443329827942,0.9108709897327231,0.8973305403359159,0.889434396574805,0.877998808103663,0.8681682790055341,0.8580937244704241,0.84800621810055,0.830648634578239,0.80512312597038,0.77138445574112,0.689133683050613,0.642754293303911,0.5645318383592081,0.28910731266867795,0.24928693412805802,0.16091129620263098,0.11794941074182701
0.577933083272027,0.7601994842598571,0.846383428241241,0.879415069077966,0.910140895434374,0.9360585848935021,0.953798513149808,0.971544143344662,0.991117289949014,1.0,0.9910641765006921,0.977662347842989,0.9658324910455559,0.9543527191360242,0.9425242578211228,0.9286792283478521,0.915305689353929,0.90662155273298,0.894045137807814,0.8844668113877391,0.8746618020396779,0.8653578672420441,0.8483685025396099,0.8244771261730022,0.791892850363386,0.7111336100721659,0.666110848295098,0.587940775755545,0.30389033742193,0.268043059328445,0.17952953760327897,0.131205567980727
0.562336606566711,0.7441895170273491,0.832821972960857,0.865814000900888,0.896759521935508,0.9218723831815859,0.9397588587333779,0.956600414700793,0.9764112946477391,0.9910641765006921,1.0,0.991040320535177,0.979112946140902,0.9684718004324159,0.9576970966267909,0.9443803834994251,0.9312220434463531,0.922054264376897,0.9089694936112299,0.899070592823374,0.889176014354227,0.8800114785823199,0.863468363864875,0.840084192685355,0.8075736742706321,0.729208477388525,0.6854035477165941,0.608980185302959,0.32983293172763595,0.292247424685313,0.19790652441991397,0.14010508564934102
0.552451262860984,0.7368336302333471,0.824486027343612,0.8547698857413492,0.882768218925591,0.90692572480057,0.925455621132381,0.9425623605318059,0.962130987135749,0.977662347842989,0.991040320535177,1.0,0.9906226815252299,0.980158078539367,0.969875852634854,0.957014999591114,0.9445827790969721,0.9351849821434151,0.922365723843783,0.9114461140902221,0.899919776214126,0.8898677541819779,0.873609060510595,0.8511738225776851,0.8189696664758359,0.739091673372303,0.6961495126115171,0.620563524631866,0.342197029437317,0.30260292989400106,0.204562954332522,0.14178823130391
0.5443693093284361,0.726753035706279,0.8152640848742629,0.844717524582708,0.8721304400299159,0.8968858462763449,0.9145132771901741,0.9317795755298041,0.9510259394551751,0.9658324910455559,0.979112946140902,0.9906226815252299,1.0,0.993187833655039,0.982754317137002,0.96971676103483,0.9569108683122951,0.946536965495034,0.9335954531292091,0.922356537083052,0.9102812803164521,0.900070689907,0.883327903069856,0.861462360499681,0.831691030410735,0.753419321572316,0.710580122385463,0.6360094247813941,0.35711918473464294,0.318435250998025,0.215584607211215,0.154954996438661
0.534585228464857,0.7151647518127691,0.8032924430141729,0.8346213316079691,0.863054432043653,0.887179548526609,0.9028683242660451,0.9204094984751031,0.9390400081579101,0.9543527191360242,0.9684718004324159,0.980158078539367,0.993187833655039,1.0,0.993470149081693,0.9809520548295649,0.969212243515944,0.9592343573741591,0.9466172669836851,0.934757843114731,0.9228654555960341,0.9136059680600142,0.8971537338597679,0.875879484767611,0.846223546701654,0.7725328666737281,0.728167671199539,0.6530959981183441,0.369884986788356,0.3358055452353089,0.229706765051148,0.158119688187689
0.519311204025252,0.7000845281997989,0.788420998413752,0.8206011515860251,0.849388036765942,0.8742063735236071,0.888913120450902,0.9073606861134631,0.925443329827942,0.9425242578211228,0.9576970966267909,0.969875852634854,0.982754317137002,0.993470149081693,1.0,0.9922812701560759,0.9815808089254371,0.9722360027444961,0.9610240580235359,0.949966117339815,0.9387104006844049,0.930032515217479,0.913877692115045,0.893499325925614,0.8634103898100971,0.7904465447449219,0.7467570805240309,0.673552385416949,0.39152643413458504,0.35913689954837397,0.24673330096453197,0.166620382329688
0.49896561221679797,0.6829456403898111,0.772606383061383,0.805889831884303,0.835934709805802,0.860743550883996,0.8748177729013571,0.8932854516455141,0.9108709897327231,0.9286792283478521,0.9443803834994251,0.957014999591114,0.96971676103483,0.9809520548295649,0.9922812701560759,1.0,0.9909587357065021,0.981437275957853,0.971250373979136,0.96077563689558,0.950271964952361,0.941972878219261,0.927418164563466,0.908191646351597,0.878476111909971,0.806108948879111,0.763013025333505,0.6884066308183029,0.408702452253122,0.38093485619731704,0.270560517787624,0.174118180842797
0.48764150598643696,0.667398441919661,0.7549227391126558,0.789863280172748,0.823499485446935,0.8480130868657411,0.8615899454768421,0.879397616883601,0.8973305403359159,0.915305689353929,0.9312220434463531,0.9445827790969721,0.9569108683122951,0.969212243515944,0.9815808089254371,0.9909587357065021,1.0,0.99275130648195,0.983010741445206,0.9725402150659509,0.961189067334282,0.9525977645263479,0.9389659953071741,0.9205580275583659,0.8902514639473821,0.8190635224850961,0.775095182761783,0.70040947342721,0.41994876976811896,0.395264383788746,0.28154655918224897,0.18096020436357
0.47914494347919606,0.6577290422024961,0.745124636548817,0.7811289233985741,0.8157256965063799,0.840225220555588,0.8532759464837809,0.8706619977624659,0.889434396574805,0.90662155273298,0.922054264376897,0.9351849821434151,0.946536965495034,0.9592343573741591,0.9722360027444961,0.981437275957853,0.99275130648195,1.0,0.993896577696197,0.983578317071843,0.971863929857064,0.9627180626114219,0.949305555847734,0.9310016916925059,0.900292730020728,0.831554451813254,0.7862519437291959,0.709909813092801,0.43015863277252503,0.406821419688214,0.29064514970966904,0.19056815799082197
0.465148289473721,0.643242933217054,0.7328332884076708,0.7694689372861059,0.803019082919559,0.8285089676183841,0.842254946172639,0.860078871059837,0.877998808103663,0.894045137807814,0.9089694936112299,0.922365723843783,0.9335954531292091,0.9466172669836851,0.9610240580235359,0.971250373979136,0.983010741445206,0.993896577696197,1.0,0.9936634172754979,0.982310633166797,0.973684754467241,0.959943982892876,0.9412601316268709,0.9099245430168259,0.8389698273808991,0.793139041505788,0.7178721540123041,0.439043651296925,0.41987637300560704,0.30441500225869106,0.19833834350715301
0.45092086538190096,0.629980961127974,0.721825403244114,0.758190279789903,0.7918306458726329,0.817837595131942,0.8317717353364951,0.849743433678027,0.8681682790055341,0.8844668113877391,0.899070592823374,0.9114461140902221,0.922356537083052,0.934757843114731,0.949966117339815,0.96077563689558,0.9725402150659509,0.983578317071843,0.9936634172754979,1.0,0.9913575864066272,0.9831150589181441,0.9688523625557759,0.949769339066842,0.917683017338465,0.846934855018241,0.802767085402005,0.7312305115216831,0.451281433899252,0.43906261442779,0.32416752362938395,0.208552357620065
0.43571321593259,0.6158450709622171,0.7087846191614591,0.7485487056734571,0.783084974918588,0.8078882655226991,0.820919778107437,0.839104672385197,0.8580937244704241,0.8746618020396779,0.889176014354227,0.899919776214126,0.9102812803164521,0.9228654555960341,0.9387104006844049,0.950271964952361,0.961189067334282,0.971863929857064,0.982310633166797,0.9913575864066272,1.0,0.9914616286831159,0.9772572020142091,0.9577739542708179,0.926237198255621,0.8568968792155601,0.8151205256214391,0.7449135250391279,0.46821344789878794,0.457417763357094,0.34118073009237393,0.22538349946123198
0.4212176868856621,0.6048836511876851,0.696743146283616,0.734586660098833,0.7691860279475041,0.795088598249297,0.809103250918888,0.828740336073037,0.84800621810055,0.8653578672420441,0.8800114785823199,0.8898677541819779,0.900070689907,0.9136059680600142,0.930032515217479,0.941972878219261,0.9525977645263479,0.9627180626114219,0.973684754467241,0.9831150589181441,0.9914616286831159,1.0,0.990289438668878,0.9720867598912869,0.941077329741606,0.8758085516675129,0.8342972056261351,0.7587584115880391,0.4756520857013579,0.46067253748151704,0.340220857724094,0.224896593087097
0.40224928671755394,0.582832798032202,0.6742293787081529,0.7145910499564001,0.7486660676380259,0.773667894757873,0.787539475986029,0.8091368699255691,0.830648634578239,0.8483685025396099,0.863468363864875,0.873609060510595,0.883327903069856,0.8971537338597679,0.913877692115045,0.927418164563466,0.9389659953071741,0.949305555847734,0.959943982892876,0.9688523625557759,0.9772572020142091,0.990289438668878,1.0,0.98826246132089,0.9586426754936009,0.9005911291391009,0.857543143313329,0.7781902740144769,0.495541686893427,0.4831253362202779,0.35559011523177403,0.235178433752115
0.38394908084154905,0.555229360339869,0.6459785462942851,0.6871725715186962,0.7213658431604799,0.7451733591876329,0.758391723869402,0.7808658383891921,0.80512312597038,0.8244771261730022,0.840084192685355,0.8511738225776851,0.861462360499681,0.875879484767611,0.893499325925614,0.908191646351597,0.9205580275583659,0.9310016916925059,0.9412601316268709,0.949769339066842,0.9577739542708179,0.9720867598912869,0.98826246132089,1.0,0.97841999679547,0.9315964217010421,0.8893270161967092,0.806444272629121,0.5300866882946921,0.51174942001979,0.375024853568152,0.252320517001388
0.367193691031466,0.531988416573335,0.6186378241993591,0.657175883003522,0.6900497451852851,0.7116465226005021,0.722996770098567,0.746628389522411,0.77138445574112,0.791892850363386,0.8075736742706321,0.8189696664758359,0.831691030410735,0.846223546701654,0.8634103898100971,0.878476111909971,0.8902514639473821,0.900292730020728,0.9099245430168259,0.917683017338465,0.926237198255621,0.941077329741606,0.9586426754936009,0.97841999679547,1.0,0.962574770768092,0.9283679161128969,0.8469075458451251,0.561766212973533,0.539014841587235,0.40615422068816603,0.281830306648968
0.315436992796218,0.46572798664533793,0.5445558755890689,0.5790872310977471,0.611853333531966,0.6308282742898521,0.640798124928837,0.6609589513336379,0.689133683050613,0.7111336100721659,0.729208477388525,0.739091673372303,0.753419321572316,0.7725328666737281,0.7904465447449219,0.806108948879111,0.8190635224850961,0.831554451813254,0.8389698273808991,0.846934855018241,0.8568968792155601,0.8758085516675129,0.9005911291391009,0.9315964217010421,0.962574770768092,1.0,0.9696251153502271,0.883722667842955,0.6501207246065289,0.621456990296535,0.45884747998251296,0.30962942317784103
0.276048461881115,0.42040047823393,0.498330018998028,0.5340504754349651,0.5631861918093679,0.5814049407472429,0.594196596301773,0.614154742016999,0.642754293303911,0.666110848295098,0.6854035477165941,0.6961495126115171,0.710580122385463,0.728167671199539,0.7467570805240309,0.763013025333505,0.775095182761783,0.7862519437291959,0.793139041505788,0.802767085402005,0.8151205256214391,0.8342972056261351,0.857543143313329,0.8893270161967092,0.9283679161128969,0.9696251153502271,1.0,0.9528837710196469,0.6891284121787441,0.655567595667759,0.5084092339064079,0.377081610570289
0.22155587730446696,0.341331393449248,0.417707557852303,0.4578724452533379,0.48460974314787203,0.504494742393335,0.519012528645844,0.537271803396392,0.5645318383592081,0.587940775755545,0.608980185302959,0.620563524631866,0.6360094247813941,0.6530959981183441,0.673552385416949,0.6884066308183029,0.70040947342721,0.709909813092801,0.7178721540123041,0.7312305115216831,0.7449135250391279,0.7587584115880391,0.7781902740144769,0.806444272629121,0.8469075458451251,0.883722667842955,0.9528837710196469,1.0,0.752220286998297,0.735789141329765,0.619935711897734,0.45520498102091606
0.0729187513141128,0.118106372100123,0.174749765253736,0.21075706562389002,0.226722368107842,0.244175692808906,0.25579522113972897,0.264858829840501,0.28910731266867795,0.30389033742193,0.32983293172763595,0.342197029437317,0.35711918473464294,0.369884986788356,0.39152643413458504,0.408702452253122,0.41994876976811896,0.43015863277252503,0.439043651296925,0.451281433899252,0.46821344789878794,0.4756520857013579,0.495541686893427,0.5300866882946921,0.561766212973533,0.6501207246065289,0.6891284121787441,0.752220286998297,1.0,0.877986931484514,0.701086289577712,0.45963088428004206
0.05759740493387099,0.0964434248800039,0.140787896479782,0.172504057299889,0.186652347538305,0.200684195449524,0.207033671187737,0.21552099184502,0.24928693412805802,0.268043059328445,0.292247424685313,0.30260292989400106,0.318435250998025,0.3358055452353089,0.35913689954837397,0.38093485619731704,0.395264383788746,0.406821419688214,0.41987637300560704,0.43906261442779,0.457417763357094,0.46067253748151704,0.4831253362202779,0.51174942001979,0.539014841587235,0.621456990296535,0.655567595667759,0.735789141329765,0.877986931484514,1.0,0.838801488529236,0.48690297984753006
0.0134488323142902,0.0432272825620499,0.0693022562785544,0.10016714511324001,0.10963781638000801,0.124667906627611,0.130240779570218,0.13695098736043698,0.16091129620263098,0.17952953760327897,0.19790652441991397,0.204562954332522,0.215584607211215,0.229706765051148,0.24673330096453197,0.270560517787624,0.28154655918224897,0.29064514970966904,0.30441500225869106,0.32416752362938395,0.34118073009237393,0.340220857724094,0.35559011523177403,0.375024853568152,0.40615422068816603,0.45884747998251296,0.5084092339064079,0.619935711897734,0.701086289577712,0.838801488529236,1.0,0.646681305939568
0.034561048687735,0.0116313379923698,0.0455987693399205,0.0592490731965157,0.0652901864528751,0.0807842490763429,0.0980357512137403,0.101941791498543,0.11794941074182701,0.131205567980727,0.14010508564934102,0.14178823130391,0.154954996438661,0.158119688187689,0.166620382329688,0.174118180842797,0.18096020436357,0.19056815799082197,0.19833834350715301,0.208552357620065,0.22538349946123198,0.224896593087097,0.235178433752115,0.252320517001388,0.281830306648968,0.30962942317784103,0.377081610570289,0.45520498102091606,0.45963088428004206,0.48690297984753006,0.646681305939568,1.0
