1.0,0.987818816496814,0.9513041447223721,0.894317398699493,0.8241439613413181,0.7517192150280699,0.704327795226598,0.619829229357485,0.540125567361986,0.475849403200357,0.42582571048722206,0.414527359815915,0.409500535252799,0.402315191103981,0.393984393144656,0.38519826392901296,0.3915605083307629,0.40491298102184103,0.410033126099537,0.40989398828255696,0.40670464441784493,0.40647923450473294,0.41102020034632897,0.406008658512308,0.39747661099191706,0.388213133990355,0.37935037956948103,0.40346679070569796,0.40821300900348795,0.402048233653645,0.391778227430714,0.38069519927661705
0.987818816496814,1.0,0.987683031294294,0.9530479218496741,0.902238477862425,0.84515179884676,0.7924720073608209,0.6978729044618571,0.608505618028278,0.536388664537018,0.480242122664354,0.47012800687053397,0.46741375892735,0.461850192219922,0.45462148781202294,0.4465564646290279,0.45449916644693106,0.469273353118157,0.4746132022702079,0.473961380348709,0.469864406319821,0.46920304244758293,0.473976534230358,0.46784817646095395,0.45774935293648705,0.446871511338804,0.43650143160249,0.45759287069296395,0.457740828360177,0.446867600643209,0.43239524569559706,0.41775140892199203
0.9513041447223721,0.987683031294294,1.0,0.9886908191341149,0.958600487073919,0.918338958641799,0.861635685876246,0.7592041213033779,0.6623151773288891,0.5840857083422231,0.523161760493827,0.514486878709053,0.5141646582234171,0.510368498741747,0.50442555189147,0.49728373879619003,0.506620512166124,0.5224613316711071,0.527890922757995,0.526739597072785,0.521830623299844,0.520747144051362,0.5256371832778811,0.518536386330529,0.507110214313856,0.49487630968377394,0.483245324063709,0.500776961405343,0.496297624051194,0.48095704115173,0.4626146444033761,0.444750062182038
0.894317398699493,0.9530479218496741,0.9886908191341149,1.0,0.9904636185570881,0.9672589389257459,0.908009990208645,0.800438982977456,0.698580374611905,0.616300542337436,0.55220587109358,0.545110952201915,0.547088840903753,0.545074415818267,0.5405011836146421,0.534409309320551,0.544866428881265,0.5613634201120339,0.566753522942482,0.565150055487329,0.559576281371264,0.558113265744811,0.56300198017612,0.55513327108735,0.542698999619829,0.529448144149459,0.5168774757848811,0.530591952694849,0.521781078511476,0.5025133068365829,0.480885607356173,0.460347002159928
0.8241439613413181,0.902238477862425,0.958600487073919,0.9904636185570881,1.0,0.9929276803053739,0.9325206369606991,0.82237153035894,0.7179769710487349,0.633615614695549,0.5678851790356689,0.5623831322649809,0.5664347003610711,0.5660972790970991,0.562873518522627,0.557867601000281,0.5691456042534521,0.5859166953541589,0.5911631173049909,0.589176221769472,0.583102764390559,0.5813202239961149,0.586110308677419,0.5776929173322409,0.5645802790920439,0.550659196429928,0.5374757329910611,0.547410141802,0.534795487100136,0.512303770501419,0.4880888453713951,0.465502890744716
0.7517192150280699,0.84515179884676,0.918338958641799,0.9672589389257459,0.9929276803053739,1.0,0.9448787269538671,0.8377616032993549,0.734929767855464,0.651374852001442,0.586075322094068,0.581999860424924,0.587467817545697,0.588222387682528,0.5858336761100911,0.5814640734067321,0.59283393395112,0.608945464760546,0.613279827665052,0.610291507832964,0.6032251779750649,0.6006553636577621,0.604845212739542,0.5955906083425601,0.5816359350280209,0.56695183046427,0.553103214133302,0.559238982775323,0.543001489229534,0.517539737460547,0.4909938854381721,0.46659257453396796
0.704327795226598,0.7924720073608209,0.861635685876246,0.908009990208645,0.9325206369606991,0.9448787269538671,1.0,0.970366558421735,0.916457505703997,0.8639025476025569,0.8190647263702691,0.814942330232783,0.814297231700141,0.8081675441543579,0.7986538742000758,0.787255639452019,0.789222294684933,0.79161275976705,0.781513700142705,0.7646379787612622,0.744841113132431,0.73160797871113,0.72669276859837,0.7080704912173601,0.685719689455865,0.6638772777191271,0.644019791595182,0.6412864802042321,0.614611582216058,0.57944183484411,0.544655100699189,0.5134825152110161
0.619829229357485,0.6978729044618571,0.7592041213033779,0.800438982977456,0.82237153035894,0.8377616032993549,0.970366558421735,1.0,0.985986669203472,0.9600051069917059,0.9334207960943142,0.929553620825471,0.9244424220787401,0.913663122960265,0.899560141859803,0.8837761948835758,0.878664965851718,0.870761149281057,0.8507202638051501,0.8247821706926759,0.7969820997069721,0.7768098565566729,0.7655206808721771,0.74129441509596,0.71431879295487,0.688729331301827,0.665833518183202,0.656746978580829,0.6242448313565511,0.5843834410294301,0.5459608685819141,0.511982898732453
0.540125567361986,0.608505618028278,0.6623151773288891,0.698580374611905,0.7179769710487349,0.734929767855464,0.916457505703997,0.985986669203472,1.0,0.9932600712800559,0.9801942086686909,0.9766365443381592,0.9686181890946999,0.9550004296212141,0.9382151927672081,0.9199474988061641,0.9101259655652049,0.8953875431668431,0.869173772180832,0.8378732478724029,0.805506169239271,0.781238613649417,0.765938077844443,0.738678003007052,0.7094393549818242,0.6821450874550941,0.6579409081283829,0.644781396097463,0.609376588628201,0.567650236396398,0.528042019818583,0.49329852853792205
0.475849403200357,0.536388664537018,0.5840857083422231,0.616300542337436,0.633615614695549,0.651374852001442,0.8639025476025569,0.9600051069917059,0.9932600712800559,1.0,0.9965418356695931,0.9932578318182049,0.983351738153134,0.967986226185516,0.9496139534936291,0.9299215699636669,0.916989206808568,0.8977450319992509,0.8676743323314409,0.8331637816029499,0.798156898095659,0.771443815381566,0.753608339002175,0.724689559571386,0.6943603353191601,0.6663312987882399,0.641616878136464,0.6258443422776401,0.5890061446696879,0.5466715350855821,0.5068921425333061,0.472189218331476
0.42582571048722206,0.480242122664354,0.523161760493827,0.55220587109358,0.5678851790356689,0.586075322094068,0.8190647263702691,0.9334207960943142,0.9801942086686909,0.9965418356695931,1.0,0.9969394047764291,0.985762131764938,0.9692710532372679,0.9499133560097169,0.929362875977425,0.914307599315802,0.891992829931285,0.859406422137991,0.8228807270449721,0.786271599742461,0.758026793768965,0.7385218996266991,0.7086537470790809,0.6777941276437621,0.649470702047427,0.6245953759264761,0.6070803435444211,0.569519950031337,0.527100238781096,0.48752790111069394,0.45314174455002004
0.414527359815915,0.47012800687053397,0.514486878709053,0.545110952201915,0.5623831322649809,0.581999860424924,0.814942330232783,0.929553620825471,0.9766365443381592,0.9932578318182049,0.9969394047764291,1.0,0.995814478406908,0.985354894450891,0.971158827152362,0.9550137652539241,0.9419180676373391,0.919190927142009,0.8858382064193709,0.848386463352011,0.8108143597264481,0.7818784597972791,0.762028909568751,0.7314183464762058,0.699731505178212,0.670623144051284,0.645045399317672,0.626164000087568,0.586736745264239,0.542474827649115,0.50128830929014,0.46554938220176706
0.409500535252799,0.46741375892735,0.5141646582234171,0.547088840903753,0.5664347003610711,0.587467817545697,0.814297231700141,0.9244424220787401,0.9686181890946999,0.983351738153134,0.985762131764938,0.995814478406908,1.0,0.9968154334065741,0.988886274604,0.978121546911374,0.967838484508865,0.9454602818237678,0.9120010543897671,0.874178070394225,0.836103202522127,0.80690312799456,0.787156148756205,0.7561072045221829,0.72380051040054,0.6940519436912471,0.66787575212111,0.64792745539097,0.6067762320445661,0.560713735503516,0.517904914255207,0.480783725972399
0.402315191103981,0.461850192219922,0.510368498741747,0.545074415818267,0.5660972790970991,0.588222387682528,0.8081675441543579,0.913663122960265,0.9550004296212141,0.967986226185516,0.9692710532372679,0.985354894450891,0.9968154334065741,1.0,0.9975928477673721,0.991595986622963,0.9838372124484709,0.9619164396142259,0.928593026464109,0.8907047117446529,0.8524514826617171,0.8232205419482159,0.8036980525216819,0.7724788886369559,0.7398522415352351,0.709748475980047,0.6832290974292299,0.662486320064636,0.620112281088699,0.572793702633933,0.5288620997313239,0.49078868035832396
0.393984393144656,0.45462148781202294,0.50442555189147,0.5405011836146421,0.562873518522627,0.5858336761100911,0.7986538742000758,0.899560141859803,0.9382151927672081,0.9496139534936291,0.9499133560097169,0.971158827152362,0.988886274604,0.9975928477673721,1.0,0.99818023759647,0.992656704533149,0.97124717564824,0.9382143595591679,0.900465359329727,0.862255044267343,0.833148573814892,0.8139223531265221,0.7827167719064979,0.749980787576328,0.7197239761417541,0.693043442814584,0.671717171312882,0.628499137303692,0.5803332309174829,0.5356526834154021,0.496948303058114
0.38519826392901296,0.4465564646290279,0.49728373879619003,0.534409309320551,0.557867601000281,0.5814640734067321,0.787255639452019,0.8837761948835758,0.9199474988061641,0.9299215699636669,0.929362875977425,0.9550137652539241,0.978121546911374,0.991595986622963,0.99818023759647,1.0,0.9964418457603091,0.9755606704325621,0.942909815592339,0.905429675854621,0.8674061965942299,0.838521859691736,0.819628506838076,0.788556845206833,0.7558538778567,0.7255823733134771,0.698866101330109,0.6771158736268901,0.633333014835982,0.5846187465110679,0.5394617529076939,0.500360140101977
0.3915605083307629,0.45449916644693106,0.506620512166124,0.544866428881265,0.5691456042534521,0.59283393395112,0.789222294684933,0.878664965851718,0.9101259655652049,0.916989206808568,0.914307599315802,0.9419180676373391,0.967838484508865,0.9838372124484709,0.992656704533149,0.9964418457603091,1.0,0.990218665363319,0.9667557874561891,0.9367039301864929,0.9046364101679369,0.87949839547426,0.8596698599499292,0.8270710635022719,0.792763616532664,0.7610081126789291,0.732982726933485,0.710858245776417,0.6654874302854971,0.6147859155612609,0.567699057277254,0.526884185934692
0.40491298102184103,0.469273353118157,0.5224613316711071,0.5613634201120339,0.5859166953541589,0.608945464760546,0.79161275976705,0.870761149281057,0.8953875431668431,0.8977450319992509,0.891992829931285,0.919190927142009,0.9454602818237678,0.9619164396142259,0.97124717564824,0.9755606704325621,0.990218665363319,1.0,0.992976163189795,0.9763922641908291,0.9552508555014659,0.936965968628136,0.915454894024338,0.8804421907081591,0.843686286373842,0.809703018994832,0.7797309573099109,0.7575687913441039,0.7104066589995379,0.657255862093338,0.607717004737955,0.5646916403749681
0.410033126099537,0.4746132022702079,0.527890922757995,0.566753522942482,0.5911631173049909,0.613279827665052,0.781513700142705,0.8507202638051501,0.869173772180832,0.8676743323314409,0.859406422137991,0.8858382064193709,0.9120010543897671,0.928593026464109,0.9382143595591679,0.942909815592339,0.9667557874561891,0.992976163189795,1.0,0.995090780933778,0.983538414141609,0.9713449782315748,0.948736646182355,0.912213317250292,0.873944191785648,0.8385923766018459,0.8074286807680151,0.7855740447325121,0.7376153428166992,0.6832017668021328,0.6323424977740649,0.5881017400752622
0.40989398828255696,0.473961380348709,0.526739597072785,0.565150055487329,0.589176221769472,0.610291507832964,0.7646379787612622,0.8247821706926759,0.8378732478724029,0.8331637816029499,0.8228807270449721,0.848386463352011,0.874178070394225,0.8907047117446529,0.900465359329727,0.905429675854621,0.9367039301864929,0.9763922641908291,0.995090780933778,1.0,0.996593144657937,0.9896265112270392,0.9663441765925049,0.928951141223028,0.8898289656823359,0.85371365347755,0.8218892767238051,0.80052756946265,0.75241977008313,0.697536739450895,0.646121476829356,0.6013411931120849
0.40670464441784493,0.469864406319821,0.521830623299844,0.559576281371264,0.583102764390559,0.6032251779750649,0.744841113132431,0.7969820997069721,0.805506169239271,0.798156898095659,0.786271599742461,0.8108143597264481,0.836103202522127,0.8524514826617171,0.862255044267343,0.8674061965942299,0.9046364101679369,0.9552508555014659,0.983538414141609,0.996593144657937,1.0,0.99744142511686,0.973771973129416,0.9359345303582941,0.8963947933277661,0.85991400430695,0.827777660346846,0.806986911995029,0.759115573377668,0.704252830571412,0.652759736035575,0.60786559469157
0.40647923450473294,0.46920304244758293,0.520747144051362,0.558113265744811,0.5813202239961149,0.6006553636577621,0.73160797871113,0.7768098565566729,0.781238613649417,0.771443815381566,0.758026793768965,0.7818784597972791,0.80690312799456,0.8232205419482159,0.833148573814892,0.838521859691736,0.87949839547426,0.936965968628136,0.9713449782315748,0.9896265112270392,0.99744142511686,1.0,0.9844627119548051,0.952538864578006,0.9172758867972909,0.8839373969155819,0.854163473828282,0.833122992239924,0.783944553165312,0.727485365228939,0.674455838011447,0.6282040978002371
0.41102020034632897,0.473976534230358,0.5256371832778811,0.56300198017612,0.586110308677419,0.604845212739542,0.72669276859837,0.7655206808721771,0.765938077844443,0.753608339002175,0.7385218996266991,0.762028909568751,0.787156148756205,0.8036980525216819,0.8139223531265221,0.819628506838076,0.8596698599499292,0.915454894024338,0.948736646182355,0.9663441765925049,0.973771973129416,0.9844627119548051,1.0,0.991192720148662,0.972954537855995,0.9523119728986691,0.9322016490947829,0.9089703858994879,0.854678223271246,0.792607052311853,0.7344062788843142,0.6836916084296609
0.406008658512308,0.46784817646095395,0.518536386330529,0.55513327108735,0.5776929173322409,0.5955906083425601,0.7080704912173601,0.74129441509596,0.738678003007052,0.724689559571386,0.7086537470790809,0.7314183464762058,0.7561072045221829,0.7724788886369559,0.7827167719064979,0.788556845206833,0.8270710635022719,0.8804421907081591,0.912213317250292,0.928951141223028,0.9359345303582941,0.952538864578006,0.991192720148662,1.0,0.994975723430235,0.9843317157872571,0.9719221401539029,0.9475154802160559,0.890481055141904,0.8254515143371149,0.764545320976333,0.7115057678963791
0.39747661099191706,0.45774935293648705,0.507110214313856,0.542698999619829,0.5645802790920439,0.5816359350280209,0.685719689455865,0.71431879295487,0.7094393549818242,0.6943603353191601,0.6777941276437621,0.699731505178212,0.72380051040054,0.7398522415352351,0.749980787576328,0.7558538778567,0.792763616532664,0.843686286373842,0.873944191785648,0.8898289656823359,0.8963947933277661,0.9172758867972909,0.972954537855995,0.994975723430235,1.0,0.9970393606972359,0.990596611310067,0.9655864737711769,0.907145183217869,0.84063880173885,0.7783988288517509,0.7242212831730291
0.388213133990355,0.446871511338804,0.49487630968377394,0.529448144149459,0.550659196429928,0.56695183046427,0.6638772777191271,0.688729331301827,0.6821450874550941,0.6663312987882399,0.649470702047427,0.670623144051284,0.6940519436912471,0.709748475980047,0.7197239761417541,0.7255823733134771,0.7610081126789291,0.809703018994832,0.8385923766018459,0.85371365347755,0.85991400430695,0.8839373969155819,0.9523119728986691,0.9843317157872571,0.9970393606972359,1.0,0.9981839124998009,0.9728808391073459,0.9137575656782649,0.8465704575133101,0.783730539195077,0.72904843775746
0.37935037956948103,0.43650143160249,0.483245324063709,0.5168774757848811,0.5374757329910611,0.553103214133302,0.644019791595182,0.665833518183202,0.6579409081283829,0.641616878136464,0.6245953759264761,0.645045399317672,0.66787575212111,0.6832290974292299,0.693043442814584,0.698866101330109,0.732982726933485,0.7797309573099109,0.8074286807680151,0.8218892767238051,0.827777660346846,0.854163473828282,0.9322016490947829,0.9719221401539029,0.990596611310067,0.9981839124998009,1.0,0.974572073830722,0.9151590214216221,0.847716466727169,0.784666410337415,0.729815164952942
0.40346679070569796,0.45759287069296395,0.500776961405343,0.530591952694849,0.547410141802,0.559238982775323,0.6412864802042321,0.656746978580829,0.644781396097463,0.6258443422776401,0.6070803435444211,0.626164000087568,0.64792745539097,0.662486320064636,0.671717171312882,0.6771158736268901,0.710858245776417,0.7575687913441039,0.7855740447325121,0.80052756946265,0.806986911995029,0.833122992239924,0.9089703858994879,0.9475154802160559,0.9655864737711769,0.9728808391073459,0.974572073830722,1.0,0.982210104625452,0.9450183974608392,0.903618018908323,0.864440030363542
0.40821300900348795,0.457740828360177,0.496297624051194,0.521781078511476,0.534795487100136,0.543001489229534,0.614611582216058,0.6242448313565511,0.609376588628201,0.5890061446696879,0.569519950031337,0.586736745264239,0.6067762320445661,0.620112281088699,0.628499137303692,0.633333014835982,0.6654874302854971,0.7104066589995379,0.7376153428166992,0.75241977008313,0.759115573377668,0.783944553165312,0.854678223271246,0.890481055141904,0.907145183217869,0.9137575656782649,0.9151590214216221,0.982210104625452,1.0,0.9896156287029741,0.967978545582965,0.943468142163218
0.402048233653645,0.446867600643209,0.48095704115173,0.5025133068365829,0.512303770501419,0.517539737460547,0.57944183484411,0.5843834410294301,0.567650236396398,0.5466715350855821,0.527100238781096,0.542474827649115,0.560713735503516,0.572793702633933,0.5803332309174829,0.5846187465110679,0.6147859155612609,0.657255862093338,0.6832017668021328,0.697536739450895,0.704252830571412,0.727485365228939,0.792607052311853,0.8254515143371149,0.84063880173885,0.8465704575133101,0.847716466727169,0.9450183974608392,0.9896156287029741,1.0,0.9940099266211121,0.9813150185482941
0.391778227430714,0.43239524569559706,0.4626146444033761,0.480885607356173,0.4880888453713951,0.4909938854381721,0.544655100699189,0.5459608685819141,0.528042019818583,0.5068921425333061,0.48752790111069394,0.50128830929014,0.517904914255207,0.5288620997313239,0.5356526834154021,0.5394617529076939,0.567699057277254,0.607717004737955,0.6323424977740649,0.646121476829356,0.652759736035575,0.674455838011447,0.7344062788843142,0.764545320976333,0.7783988288517509,0.783730539195077,0.784666410337415,0.903618018908323,0.967978545582965,0.9940099266211121,1.0,0.996465105004233
0.38069519927661705,0.41775140892199203,0.444750062182038,0.460347002159928,0.465502890744716,0.46659257453396796,0.5134825152110161,0.511982898732453,0.49329852853792205,0.472189218331476,0.45314174455002004,0.46554938220176706,0.480783725972399,0.49078868035832396,0.496948303058114,0.500360140101977,0.526884185934692,0.5646916403749681,0.5881017400752622,0.6013411931120849,0.60786559469157,0.6282040978002371,0.6836916084296609,0.7115057678963791,0.7242212831730291,0.72904843775746,0.729815164952942,0.864440030363542,0.943468142163218,0.9813150185482941,0.996465105004233,1.0
