1.0,0.7102496635346942,0.634926191103781,0.601970582770971,0.576478790473256,0.561696080093714,0.5444924234514529,0.5328379864142979,0.517944108673786,0.505614207748302,0.499934787169624,0.491330801295602,0.48722577290177793,0.4839180614511961,0.478134501448721,0.47072639538839206,0.467674731516035,0.4649237668890949,0.45994882106215706,0.4545306973446961,0.444309419587882,0.44006383852470005,0.428532461891951,0.424956210198636,0.41238302583847203,0.408527253542408,0.399810864859591,0.381738909002589,0.34151914468533695,0.276290743003709,0.16638862327293802,0.0136302129152093
0.7102496635346942,1.0,0.937475234490886,0.895115682979427,0.8732859261869159,0.853115138325961,0.832813187908582,0.817608586017783,0.805354770828713,0.791942176337581,0.781317893812911,0.7691832846169899,0.7594762714095441,0.7521966484930709,0.7426477927151509,0.733122714244685,0.728800672787369,0.7243403019805741,0.7205968128799841,0.7134030173565559,0.70121365311518,0.693475566757748,0.683370214945035,0.676150450558905,0.6624896189806171,0.656607319418011,0.640637895400571,0.6036006352626789,0.547459623786275,0.45794511957424605,0.299994736427461,0.15882980577758898
0.634926191103781,0.937475234490886,1.0,0.9660416851179509,0.943474863535991,0.9221254245993341,0.903397186129854,0.889040223875105,0.8763313689717791,0.862948698830669,0.850387805579658,0.841033170650275,0.830607274108648,0.825179391557456,0.816893830167862,0.809083587673246,0.8050774903195229,0.801556332960187,0.797782143701838,0.7903403623642858,0.779975077371766,0.7727806534970642,0.7615808714634972,0.7531744414846752,0.737557870088422,0.7303066216857339,0.7107791173101551,0.671042696930393,0.609542164596202,0.5166326862156271,0.360067099799155,0.21945831348086398
0.601970582770971,0.895115682979427,0.9660416851179509,1.0,0.9801549888616461,0.963618559542019,0.9453854582509971,0.9307185107259279,0.917312120113027,0.9031373089393779,0.890688182185892,0.882985360701764,0.8729555208928041,0.8676891446996621,0.8604955818360941,0.8539081679543,0.851653721596516,0.8484495749069481,0.8462058433174209,0.840881927167088,0.832094171566131,0.824912942851471,0.814404585811934,0.8046706080087529,0.789961959410363,0.7831365218125258,0.764667711514,0.7243522301531209,0.669128576519197,0.572379308860276,0.40283805166792297,0.265381607761698
0.576478790473256,0.8732859261869159,0.943474863535991,0.9801549888616461,1.0,0.9871856448407641,0.9708718545709559,0.958073937324159,0.94580422230784,0.932542206329456,0.9203738209716341,0.9115866785893529,0.901755990810609,0.896121747958241,0.889851136165676,0.883475662586053,0.8813511956416691,0.877719437832031,0.875923122563181,0.8710455447984891,0.862723425241809,0.856676407240294,0.8457780142394901,0.836268570634591,0.8214657508380401,0.813729024302436,0.794785793767897,0.7565671163699621,0.700481955274649,0.6006520306668829,0.430253525939656,0.288269458975421
0.561696080093714,0.853115138325961,0.9221254245993341,0.963618559542019,0.9871856448407641,1.0,0.9893688208668799,0.9778344849025649,0.966799100285338,0.9548125341296129,0.9441681748353441,0.935677220004451,0.925723833248935,0.919837441311442,0.9143701410631301,0.908964461398146,0.906430765913146,0.9034293270836279,0.9029086613425159,0.8982899909578441,0.89045012754862,0.885791782112812,0.8759409877535379,0.867493027554432,0.854355219946791,0.846525051687962,0.829879076538506,0.792587630330539,0.74116438277695,0.6387061534438411,0.468553111126492,0.32222955823395694
0.5444924234514529,0.832813187908582,0.903397186129854,0.9453854582509971,0.9708718545709559,0.9893688208668799,1.0,0.9908327494742991,0.980737463266731,0.970169243882148,0.960052275421119,0.9511874151305341,0.9413392634531971,0.935300048477913,0.9295603372531851,0.9242593730631921,0.9211255809172719,0.918326091291078,0.917819156008797,0.9134404296303521,0.905253279722293,0.9008983765595799,0.8909961977556109,0.883434728726727,0.871516646344925,0.863546546016758,0.8480398125283181,0.8118465931376949,0.7633440965183571,0.65987673261543,0.49228407705352,0.34571986172077296
0.5328379864142979,0.817608586017783,0.889040223875105,0.9307185107259279,0.958073937324159,0.9778344849025649,0.9908327494742991,1.0,0.9931307656958329,0.9839717301050541,0.9747578025632109,0.966492323585391,0.9574543231622291,0.9522016334659851,0.946591004493998,0.941559187493539,0.938413637381562,0.9356066219285171,0.934752313723879,0.93051595848248,0.9229357709415609,0.9189481028717591,0.909550759974254,0.902703432195587,0.8919931019449301,0.88356100182182,0.8688817474289009,0.834918001200806,0.7874088467521758,0.687039093297308,0.514067299824161,0.371794162484079
0.517944108673786,0.805354770828713,0.8763313689717791,0.917312120113027,0.94580422230784,0.966799100285338,0.980737463266731,0.9931307656958329,1.0,0.994246843011907,0.9866013453849591,0.978953420834665,0.970449650986287,0.964750962273612,0.9590452804390369,0.953819403103399,0.9502734975833471,0.947552191861282,0.946524916222567,0.942328466064635,0.9355213229196191,0.931660311857653,0.9229854653182908,0.916405564799345,0.906407518072812,0.898178025347946,0.884408193692153,0.8514368291061529,0.8042532616805509,0.7064140445553578,0.531090696601836,0.39248451193774997
0.505614207748302,0.791942176337581,0.862948698830669,0.9031373089393779,0.932542206329456,0.9548125341296129,0.970169243882148,0.9839717301050541,0.994246843011907,1.0,0.995147688024667,0.989061874514381,0.981959985380737,0.976111931736514,0.9706945230495649,0.9655464975029642,0.9623687957347009,0.9597906291003101,0.958068266823795,0.9542324660185021,0.948094560806506,0.944499006160032,0.9363927243312,0.929682467946886,0.9198109478151171,0.9115904698238471,0.8983266014151708,0.866581784023797,0.8213683536323091,0.7240072999592281,0.5458198361856961,0.413244762161965
0.499934787169624,0.781317893812911,0.850387805579658,0.890688182185892,0.9203738209716341,0.9441681748353441,0.960052275421119,0.9747578025632109,0.9866013453849591,0.995147688024667,1.0,0.995319384455051,0.9894928234689928,0.983512388795504,0.9780878589745301,0.973203224280815,0.969453664453498,0.966952246283866,0.9652307498898609,0.961761149664385,0.9558509967559791,0.9527324148312422,0.9448706198404171,0.9391017680475571,0.9292343150845881,0.9213824683114269,0.908911965590886,0.8770287672179009,0.833864356638878,0.738121721168728,0.55645828267096,0.42452378006805896
0.491330801295602,0.7691832846169899,0.841033170650275,0.882985360701764,0.9115866785893529,0.935677220004451,0.9511874151305341,0.966492323585391,0.978953420834665,0.989061874514381,0.995319384455051,1.0,0.995915171562605,0.990602109640734,0.9854916614328249,0.9810156480059481,0.9771164696587941,0.9748837663821371,0.973082444826379,0.9698066875407009,0.964052709609611,0.961016985116744,0.95299532409244,0.9471159924083761,0.937209848672764,0.929675161395207,0.917616255992822,0.885870501323365,0.844604134236998,0.747841735766525,0.564075882761862,0.44107811449360995
0.48722577290177793,0.7594762714095441,0.830607274108648,0.8729555208928041,0.901755990810609,0.925723833248935,0.9413392634531971,0.9574543231622291,0.970449650986287,0.981959985380737,0.9894928234689928,0.995915171562605,1.0,0.9964844313680821,0.992012543092854,0.9874710348694811,0.9835368819280129,0.981015717429985,0.9784432355340691,0.9753040152006701,0.9704413723867958,0.967126492767192,0.9597205800081942,0.95352535608584,0.9437743039995059,0.9366821639824641,0.9257663154768639,0.894643833389131,0.8539834576217191,0.7569683591544549,0.572365295807682,0.45802627338055896
0.4839180614511961,0.7521966484930709,0.825179391557456,0.8676891446996621,0.896121747958241,0.919837441311442,0.935300048477913,0.9522016334659851,0.964750962273612,0.976111931736514,0.983512388795504,0.990602109640734,0.9964844313680821,1.0,0.9965228887421401,0.992218278636346,0.9882272639306929,0.9857947215097851,0.98307892637567,0.9798737057157929,0.975293930916385,0.9717522555632601,0.9650679222205841,0.9584313314803921,0.949082837739061,0.94243029705155,0.9318646401633109,0.9015116603171429,0.860869705364477,0.7631464387717299,0.578301991215861,0.47132259004460497
0.478134501448721,0.7426477927151509,0.816893830167862,0.8604955818360941,0.889851136165676,0.9143701410631301,0.9295603372531851,0.946591004493998,0.9590452804390369,0.9706945230495649,0.9780878589745301,0.9854916614328249,0.992012543092854,0.9965228887421401,1.0,0.996342475601386,0.992367478509858,0.98931075455987,0.9866357947568629,0.983323710661248,0.978955118997724,0.975661811596393,0.9696963760509029,0.9630952816730679,0.954287462847604,0.947651596840516,0.9381444613124391,0.907885906879946,0.8701998560994159,0.7735887497893711,0.589331447944271,0.484182299580772
0.47072639538839206,0.733122714244685,0.809083587673246,0.8539081679543,0.883475662586053,0.908964461398146,0.9242593730631921,0.941559187493539,0.953819403103399,0.9655464975029642,0.973203224280815,0.9810156480059481,0.9874710348694811,0.992218278636346,0.996342475601386,1.0,0.996934396429773,0.9935168431414799,0.990520848877619,0.9867103565447891,0.9828175597593041,0.979550601800542,0.974519095886712,0.9686243709491129,0.959942039279888,0.952994746718614,0.9427460493535571,0.913104179004807,0.873915574613188,0.7761194959656981,0.5949955588128941,0.49150915229566106
0.467674731516035,0.728800672787369,0.8050774903195229,0.851653721596516,0.8813511956416691,0.906430765913146,0.9211255809172719,0.938413637381562,0.9502734975833471,0.9623687957347009,0.969453664453498,0.9771164696587941,0.9835368819280129,0.9882272639306929,0.992367478509858,0.996934396429773,1.0,0.9970340558388772,0.9940372120026271,0.990296643451059,0.9865589285003828,0.983262588228402,0.978482038027865,0.972820538320129,0.964686013049193,0.958248081652616,0.9471887656297371,0.918048729851416,0.878603483091691,0.7849347641801592,0.603138804429566,0.49991755610083605
0.4649237668890949,0.7243403019805741,0.801556332960187,0.8484495749069481,0.877719437832031,0.9034293270836279,0.918326091291078,0.9356066219285171,0.947552191861282,0.9597906291003101,0.966952246283866,0.9748837663821371,0.981015717429985,0.9857947215097851,0.98931075455987,0.9935168431414799,0.9970340558388772,1.0,0.997271902866193,0.9934557354774649,0.9898886277763441,0.986159909722923,0.9812016807254341,0.976074766919504,0.967586897450952,0.961301707096081,0.949986638581755,0.9212459599538728,0.8810497720938459,0.7892548947247,0.609588614719572,0.507298205700098
0.45994882106215706,0.7205968128799841,0.797782143701838,0.8462058433174209,0.875923122563181,0.9029086613425159,0.917819156008797,0.934752313723879,0.946524916222567,0.958068266823795,0.9652307498898609,0.973082444826379,0.9784432355340691,0.98307892637567,0.9866357947568629,0.990520848877619,0.9940372120026271,0.997271902866193,1.0,0.996834337509861,0.99301211746603,0.989544563114115,0.984360863067177,0.9795988037169009,0.971549124046745,0.965694119374283,0.954978417125892,0.926099589170991,0.8865994193483521,0.794758486046858,0.6151095329098121,0.514138411058083
0.4545306973446961,0.7134030173565559,0.7903403623642858,0.840881927167088,0.8710455447984891,0.8982899909578441,0.9134404296303521,0.93051595848248,0.942328466064635,0.9542324660185021,0.961761149664385,0.9698066875407009,0.9753040152006701,0.9798737057157929,0.983323710661248,0.9867103565447891,0.990296643451059,0.9934557354774649,0.996834337509861,1.0,0.996823096839208,0.9934247876864241,0.9879984499015481,0.983505941880385,0.975702188231268,0.9700539608108771,0.959887971189358,0.931364607773305,0.8910226706954971,0.7999778148520799,0.623778812727673,0.5227437652368591
0.444309419587882,0.70121365311518,0.779975077371766,0.832094171566131,0.862723425241809,0.89045012754862,0.905253279722293,0.9229357709415609,0.9355213229196191,0.948094560806506,0.9558509967559791,0.964052709609611,0.9704413723867958,0.975293930916385,0.978955118997724,0.9828175597593041,0.9865589285003828,0.9898886277763441,0.99301211746603,0.996823096839208,1.0,0.996561045037842,0.991981796741334,0.9868061663008509,0.9787809881241791,0.9735820234151881,0.9628929915749308,0.9357490124470821,0.894998924200352,0.8037208373909039,0.624653147245049,0.526656551243213
0.44006383852470005,0.693475566757748,0.7727806534970642,0.824912942851471,0.856676407240294,0.885791782112812,0.9008983765595799,0.9189481028717591,0.931660311857653,0.944499006160032,0.9527324148312422,0.961016985116744,0.967126492767192,0.9717522555632601,0.975661811596393,0.979550601800542,0.983262588228402,0.986159909722923,0.989544563114115,0.9934247876864241,0.996561045037842,1.0,0.996040809214254,0.991528259587192,0.984168268849567,0.9786026848566179,0.968381954743361,0.943419198979646,0.9031689108787571,0.8074966098852571,0.6362851835423771,0.533497389511623
0.428532461891951,0.683370214945035,0.7615808714634972,0.814404585811934,0.8457780142394901,0.8759409877535379,0.8909961977556109,0.909550759974254,0.9229854653182908,0.9363927243312,0.9448706198404171,0.95299532409244,0.9597205800081942,0.9650679222205841,0.9696963760509029,0.974519095886712,0.978482038027865,0.9812016807254341,0.984360863067177,0.9879984499015481,0.991981796741334,0.996040809214254,1.0,0.9957455828302599,0.9887781861979301,0.9840222029245742,0.9743948150181779,0.952199528796328,0.9128013831909109,0.8160914243968721,0.646368456939117,0.542308029767492
0.424956210198636,0.676150450558905,0.7531744414846752,0.8046706080087529,0.836268570634591,0.867493027554432,0.883434728726727,0.902703432195587,0.916405564799345,0.929682467946886,0.9391017680475571,0.9471159924083761,0.95352535608584,0.9584313314803921,0.9630952816730679,0.9686243709491129,0.972820538320129,0.976074766919504,0.9795988037169009,0.983505941880385,0.9868061663008509,0.991528259587192,0.9957455828302599,1.0,0.9951837903954251,0.989815644317227,0.979507772312201,0.9588379696943801,0.9191082685256942,0.8273931249462231,0.662811165400678,0.547132743475177
0.41238302583847203,0.6624896189806171,0.737557870088422,0.789961959410363,0.8214657508380401,0.854355219946791,0.871516646344925,0.8919931019449301,0.906407518072812,0.9198109478151171,0.9292343150845881,0.937209848672764,0.9437743039995059,0.949082837739061,0.954287462847604,0.959942039279888,0.964686013049193,0.967586897450952,0.971549124046745,0.975702188231268,0.9787809881241791,0.984168268849567,0.9887781861979301,0.9951837903954251,1.0,0.994691628257188,0.986010250498448,0.9677754992765841,0.9321504890908628,0.8389657434154101,0.679216358245002,0.557459112671421
0.408527253542408,0.656607319418011,0.7303066216857339,0.7831365218125258,0.813729024302436,0.846525051687962,0.863546546016758,0.88356100182182,0.898178025347946,0.9115904698238471,0.9213824683114269,0.929675161395207,0.9366821639824641,0.94243029705155,0.947651596840516,0.952994746718614,0.958248081652616,0.961301707096081,0.965694119374283,0.9700539608108771,0.9735820234151881,0.9786026848566179,0.9840222029245742,0.989815644317227,0.994691628257188,1.0,0.9926451054546759,0.975528220591318,0.937622268162655,0.8498727577535421,0.698627181333763,0.568168330410577
0.399810864859591,0.640637895400571,0.7107791173101551,0.764667711514,0.794785793767897,0.829879076538506,0.8480398125283181,0.8688817474289009,0.884408193692153,0.8983266014151708,0.908911965590886,0.917616255992822,0.9257663154768639,0.9318646401633109,0.9381444613124391,0.9427460493535571,0.9471887656297371,0.949986638581755,0.954978417125892,0.959887971189358,0.9628929915749308,0.968381954743361,0.9743948150181779,0.979507772312201,0.986010250498448,0.9926451054546759,1.0,0.9875709982349891,0.957560673825091,0.8702913654415999,0.716278059744996,0.592622149563915
0.381738909002589,0.6036006352626789,0.671042696930393,0.7243522301531209,0.7565671163699621,0.792587630330539,0.8118465931376949,0.834918001200806,0.8514368291061529,0.866581784023797,0.8770287672179009,0.885870501323365,0.894643833389131,0.9015116603171429,0.907885906879946,0.913104179004807,0.918048729851416,0.9212459599538728,0.926099589170991,0.931364607773305,0.9357490124470821,0.943419198979646,0.952199528796328,0.9588379696943801,0.9677754992765841,0.975528220591318,0.9875709982349891,1.0,0.975695385552308,0.8896334482334649,0.740344657413442,0.609700767600349
0.34151914468533695,0.547459623786275,0.609542164596202,0.669128576519197,0.700481955274649,0.74116438277695,0.7633440965183571,0.7874088467521758,0.8042532616805509,0.8213683536323091,0.833864356638878,0.844604134236998,0.8539834576217191,0.860869705364477,0.8701998560994159,0.873915574613188,0.878603483091691,0.8810497720938459,0.8865994193483521,0.8910226706954971,0.894998924200352,0.9031689108787571,0.9128013831909109,0.9191082685256942,0.9321504890908628,0.937622268162655,0.957560673825091,0.975695385552308,1.0,0.9112978238952578,0.7516939713420101,0.644199734873759
0.276290743003709,0.45794511957424605,0.5166326862156271,0.572379308860276,0.6006520306668829,0.6387061534438411,0.65987673261543,0.687039093297308,0.7064140445553578,0.7240072999592281,0.738121721168728,0.747841735766525,0.7569683591544549,0.7631464387717299,0.7735887497893711,0.7761194959656981,0.7849347641801592,0.7892548947247,0.794758486046858,0.7999778148520799,0.8037208373909039,0.8074966098852571,0.8160914243968721,0.8273931249462231,0.8389657434154101,0.8498727577535421,0.8702913654415999,0.8896334482334649,0.9112978238952578,1.0,0.8199085930405059,0.653162506961543
0.16638862327293802,0.299994736427461,0.360067099799155,0.40283805166792297,0.430253525939656,0.468553111126492,0.49228407705352,0.514067299824161,0.531090696601836,0.5458198361856961,0.55645828267096,0.564075882761862,0.572365295807682,0.578301991215861,0.589331447944271,0.5949955588128941,0.603138804429566,0.609588614719572,0.6151095329098121,0.623778812727673,0.624653147245049,0.6362851835423771,0.646368456939117,0.662811165400678,0.679216358245002,0.698627181333763,0.716278059744996,0.740344657413442,0.7516939713420101,0.8199085930405059,1.0,0.6816415764461079
0.0136302129152093,0.15882980577758898,0.21945831348086398,0.265381607761698,0.288269458975421,0.32222955823395694,0.34571986172077296,0.371794162484079,0.39248451193774997,0.413244762161965,0.42452378006805896,0.44107811449360995,0.45802627338055896,0.47132259004460497,0.484182299580772,0.49150915229566106,0.49991755610083605,0.507298205700098,0.514138411058083,0.5227437652368591,0.526656551243213,0.533497389511623,0.542308029767492,0.547132743475177,0.557459112671421,0.568168330410577,0.592622149563915,0.609700767600349,0.644199734873759,0.653162506961543,0.6816415764461079,1.0
