1.0,0.44002000505715294,0.292172145722755,0.26307400343022497,0.22110025728918697,0.18906915765795,0.167503360344458,0.16042954340900598,0.162790145390069,0.15173826643460597,0.145039394490934,0.130533900516104,0.11803184282825699,0.11273343165456598,0.109509866966922,0.121182218298362,0.130489461847923,0.133720013481473,0.127521307020129,0.12406571313612699,0.12456392121739998,0.127177118915375,0.135472969596273,0.135032970470062,0.139536124725039,0.142395784244943,0.137116476606936,0.12467877404836802,0.12758557681816698,0.13141057821073898,0.086676068419682,0.0478402034346896
0.44002000505715294,1.0,0.79618656899285,0.6895472973829829,0.62429684698612,0.5956223089820911,0.5596241801682691,0.5577446613342171,0.551017092082886,0.540473326121961,0.534311961513674,0.5255344407488229,0.5069292823019229,0.48877020551100603,0.48451972376353397,0.47326566340636106,0.46505178308602707,0.456265090550424,0.441942973888883,0.43151418158184,0.42696209191219203,0.42281729135632395,0.42361291470090395,0.41800404430580695,0.4188985557930461,0.414471219203127,0.40052066584157503,0.37088651016099294,0.35227568010674,0.30594269496927,0.24159004611388102,0.000513245292906904
0.292172145722755,0.79618656899285,1.0,0.9151405798680429,0.854230812211723,0.817746281403836,0.782961743635186,0.7727751635469301,0.758059874072896,0.745668816130092,0.738536465801501,0.7240126825038391,0.7133945587921802,0.699943641360892,0.691827529812686,0.671962017958065,0.660703225184291,0.647826643020848,0.628709638641785,0.6165308662701489,0.6077473161516039,0.60292073764921,0.608615509089687,0.601781465503486,0.5971308922476329,0.584854971993206,0.5695485806678511,0.5365258695557961,0.508540544273775,0.453468554918091,0.357549109567285,0.0040054679723998
0.26307400343022497,0.6895472973829829,0.9151405798680429,1.0,0.9481228901648009,0.908961411080469,0.872863832026355,0.856326967222641,0.834814755560876,0.821858563619949,0.8141017612397109,0.7980342741966079,0.7847694625503709,0.7718181960026709,0.763374457296546,0.743240758636155,0.7319091417306199,0.716828687994712,0.699515991113939,0.688800819422494,0.681009911644364,0.6712781606677439,0.670438224687655,0.660838573002806,0.652740441474339,0.637748342013417,0.621309247491381,0.5901474813346589,0.5580544986183779,0.5001844817883689,0.40599373594897903,0.0196673232711781
0.22110025728918697,0.62429684698612,0.854230812211723,0.9481228901648009,1.0,0.9706247244626971,0.934554522120174,0.9091878904856059,0.8895916921830921,0.8767368648176078,0.8677057948167409,0.8541525136804742,0.839792907635682,0.829776162598438,0.8212808451234621,0.805502963718272,0.792897371499417,0.774685066445838,0.7529875009035641,0.7397971719883579,0.7287984472698971,0.7165365032337271,0.711058203839165,0.698122516607882,0.6937144420294139,0.677774630503072,0.6587756662658559,0.624755200869854,0.5978248693596,0.535272058021936,0.427173141720747,0.0450850811362492
0.18906915765795,0.5956223089820911,0.817746281403836,0.908961411080469,0.9706247244626971,1.0,0.9733637638299879,0.947857030379221,0.9281336603868828,0.9131827910236421,0.900317011319557,0.887058506420626,0.8713598468746608,0.8599222846265558,0.852660488821172,0.8385494740595729,0.825577937445263,0.8072864184273479,0.7853556807169899,0.7706184587341991,0.7613541569229292,0.7477837617082809,0.741349032741271,0.7271723650778531,0.7232889962452209,0.7063718087231601,0.685499447080565,0.6531120550840721,0.627035828475498,0.5580575955377061,0.453987936448248,0.0511107069269967
0.167503360344458,0.5596241801682691,0.782961743635186,0.872863832026355,0.934554522120174,0.9733637638299879,1.0,0.9782766529876079,0.9544987115110379,0.939683620057172,0.9233277096695749,0.904915330102278,0.8874268176469141,0.875596607641754,0.866458036267433,0.853704650895918,0.840878020249335,0.8214696346914878,0.799192330176321,0.7843675115575892,0.7770515523698659,0.7669688938738571,0.758414824372585,0.743785148897153,0.73860377116374,0.719017720312853,0.700218070981759,0.667682552582958,0.636911781614341,0.563257785174506,0.455165566965053,0.0408980173719449
0.16042954340900598,0.5577446613342171,0.7727751635469301,0.856326967222641,0.9091878904856059,0.947857030379221,0.9782766529876079,1.0,0.980076986697397,0.962879083366892,0.9431959359719659,0.9251601280915209,0.9026138673794109,0.889471669113593,0.879373516091602,0.86789470636614,0.853406584858129,0.8313963985731079,0.8106116083119671,0.797909012805867,0.7908569302254541,0.780769840633519,0.7739409649248101,0.758228003286798,0.75349264377,0.732687766229944,0.718314037084939,0.690657030365015,0.6566538217226601,0.58113309853676,0.4660492633434001,0.0358342036648977
0.162790145390069,0.551017092082886,0.758059874072896,0.834814755560876,0.8895916921830921,0.9281336603868828,0.9544987115110379,0.980076986697397,1.0,0.98531215396438,0.962541301928775,0.9440211288626089,0.92111106876801,0.905030130550827,0.8907762742343409,0.877379762601651,0.861692772260506,0.837545603602539,0.8160908413411679,0.8044554368422758,0.796931609712869,0.7891759000854309,0.7852096041549571,0.771678823632264,0.7697868413414691,0.750919562261446,0.7390194911768779,0.7063427659661201,0.667637813401335,0.5926008547829229,0.471863066273759,0.0550198085952364
0.15173826643460597,0.540473326121961,0.745668816130092,0.821858563619949,0.8767368648176078,0.9131827910236421,0.939683620057172,0.962879083366892,0.98531215396438,1.0,0.984335305101573,0.96526017469071,0.939831076629463,0.922341531502323,0.906923824718363,0.8928947217780441,0.8767664911917651,0.8523583171708911,0.831841084412328,0.8208138310082491,0.81209787017657,0.804227362338942,0.800428741233453,0.787284908508596,0.786133624501001,0.769349517724327,0.75787447873144,0.724608918554751,0.6845166824084361,0.608355210203019,0.483436297631231,0.0491309433311902
0.145039394490934,0.534311961513674,0.738536465801501,0.8141017612397109,0.8677057948167409,0.900317011319557,0.9233277096695749,0.9431959359719659,0.962541301928775,0.984335305101573,1.0,0.98179971944331,0.9548637061399491,0.935653317014433,0.9178179522643021,0.9029485120121721,0.887956478724364,0.865215053242256,0.8446807426624949,0.8329437254855729,0.8229388376204109,0.8147738199858621,0.812135352355237,0.8006294901638921,0.7968401988273041,0.7777080505078492,0.7660428657879449,0.7337518459246241,0.69151502459929,0.6166532533394949,0.488707024826921,0.0548021420235623
0.130533900516104,0.5255344407488229,0.7240126825038391,0.7980342741966079,0.8541525136804742,0.887058506420626,0.904915330102278,0.9251601280915209,0.9440211288626089,0.96526017469071,0.98179971944331,1.0,0.98307955820141,0.9635008304188042,0.942457789011239,0.9236098856004129,0.906641432926252,0.882683046054475,0.863753647047004,0.849777216486144,0.83794254361058,0.8289589529197801,0.8262275056894269,0.8166079355213979,0.811597181430709,0.791537844336856,0.777290612743218,0.7445792190940079,0.7040645102611931,0.6303362547106209,0.504584302768435,0.0581189826429324
0.11803184282825699,0.5069292823019229,0.7133945587921802,0.7847694625503709,0.839792907635682,0.8713598468746608,0.8874268176469141,0.9026138673794109,0.92111106876801,0.939831076629463,0.9548637061399491,0.98307955820141,1.0,0.9834425049013442,0.9620490600323249,0.939767061219621,0.9210612185465841,0.8973029961993051,0.878435865902395,0.862297618396398,0.848701397654922,0.836926638807226,0.832593630984063,0.8215654603487129,0.8161418181223009,0.7967930526835408,0.783369828439218,0.752504749696913,0.7121870939698991,0.638872895100264,0.518794656206245,0.0496885630222258
0.11273343165456598,0.48877020551100603,0.699943641360892,0.7718181960026709,0.829776162598438,0.8599222846265558,0.875596607641754,0.889471669113593,0.905030130550827,0.922341531502323,0.935653317014433,0.9635008304188042,0.9834425049013442,1.0,0.986012879437889,0.96267049806815,0.9417743771097159,0.919632857417198,0.899543604022595,0.8833378992132591,0.8687835047528342,0.854689438549071,0.84789197071722,0.834178650624951,0.826944513790249,0.80570663109924,0.7916462745552729,0.759874968912519,0.718963365953749,0.642467737299413,0.51780972320425,0.0463743938163774
0.109509866966922,0.48451972376353397,0.691827529812686,0.763374457296546,0.8212808451234621,0.852660488821172,0.866458036267433,0.879373516091602,0.8907762742343409,0.906923824718363,0.9178179522643021,0.942457789011239,0.9620490600323249,0.986012879437889,1.0,0.9830117704035122,0.9611925047517291,0.939168993898398,0.916781348777312,0.8975551555730179,0.882721128577466,0.8679762641469849,0.862465936899671,0.8481562250713148,0.8385567789359699,0.816088355026239,0.801656634384287,0.770999976164848,0.7280004826328119,0.650953897151388,0.531737050192899,0.0529746218327503
0.121182218298362,0.47326566340636106,0.671962017958065,0.743240758636155,0.805502963718272,0.8385494740595729,0.853704650895918,0.86789470636614,0.877379762601651,0.8928947217780441,0.9029485120121721,0.9236098856004129,0.939767061219621,0.96267049806815,0.9830117704035122,1.0,0.9855101809262049,0.9644982923741641,0.9409164173046991,0.9189603221277759,0.9032839556178729,0.888065307548686,0.8829184783011981,0.8681512222223531,0.854204353336807,0.8318012672741859,0.8168211000542149,0.786822432169732,0.746355053877317,0.669252538800444,0.548128071557113,0.0678293314125756
0.130489461847923,0.46505178308602707,0.660703225184291,0.7319091417306199,0.792897371499417,0.825577937445263,0.840878020249335,0.853406584858129,0.861692772260506,0.8767664911917651,0.887956478724364,0.906641432926252,0.9210612185465841,0.9417743771097159,0.9611925047517291,0.9855101809262049,1.0,0.9852135503504691,0.9612507528503961,0.937906564046894,0.9223016416723471,0.906102298606475,0.8996049289378559,0.8828532427112891,0.8665347875948269,0.8418783119634821,0.823103698391686,0.793156667225349,0.7556883477868148,0.674131349939882,0.552622040830494,0.0780169788949714
0.133720013481473,0.456265090550424,0.647826643020848,0.716828687994712,0.774685066445838,0.8072864184273479,0.8214696346914878,0.8313963985731079,0.837545603602539,0.8523583171708911,0.865215053242256,0.882683046054475,0.8973029961993051,0.919632857417198,0.939168993898398,0.9644982923741641,0.9852135503504691,1.0,0.9834666186659059,0.9606850863539709,0.944870383542223,0.9270135040862042,0.9171518519689471,0.897958001664038,0.879728435761972,0.851071124170765,0.8324008169250029,0.8070093532943671,0.76966268774794,0.685722149320372,0.5611605726264189,0.081135576512213
0.127521307020129,0.441942973888883,0.628709638641785,0.699515991113939,0.7529875009035641,0.7853556807169899,0.799192330176321,0.8106116083119671,0.8160908413411679,0.831841084412328,0.8446807426624949,0.863753647047004,0.878435865902395,0.899543604022595,0.916781348777312,0.9409164173046991,0.9612507528503961,0.9834666186659059,1.0,0.985770470648043,0.969695455546929,0.9476836863410841,0.935430770281174,0.9116011606796279,0.8919085108856291,0.862120903346139,0.840819313520741,0.8189831091266272,0.78368326752437,0.696089912500079,0.5769701088386291,0.0709594097306771
0.12406571313612699,0.43151418158184,0.6165308662701489,0.688800819422494,0.7397971719883579,0.7706184587341991,0.7843675115575892,0.797909012805867,0.8044554368422758,0.8208138310082491,0.8329437254855729,0.849777216486144,0.862297618396398,0.8833378992132591,0.8975551555730179,0.9189603221277759,0.937906564046894,0.9606850863539709,0.985770470648043,1.0,0.9849399311869671,0.961134615740874,0.947505222191365,0.9212610307765781,0.9016924898718871,0.8727460886017909,0.8509675659551321,0.826488963622687,0.789947473159533,0.701742016310703,0.5812587014817919,0.061258844317873
0.12456392121739998,0.42696209191219203,0.6077473161516039,0.681009911644364,0.7287984472698971,0.7613541569229292,0.7770515523698659,0.7908569302254541,0.796931609712869,0.81209787017657,0.8229388376204109,0.83794254361058,0.848701397654922,0.8687835047528342,0.882721128577466,0.9032839556178729,0.9223016416723471,0.944870383542223,0.969695455546929,0.9849399311869671,1.0,0.982386569550828,0.9676932025514251,0.9406809543282059,0.920008178022686,0.8904730537154021,0.8686588120395151,0.8423088380991691,0.804598009459797,0.712713068989596,0.593136645565704,0.0628961121539517
0.127177118915375,0.42281729135632395,0.60292073764921,0.6712781606677439,0.7165365032337271,0.7477837617082809,0.7669688938738571,0.780769840633519,0.7891759000854309,0.804227362338942,0.8147738199858621,0.8289589529197801,0.836926638807226,0.854689438549071,0.8679762641469849,0.888065307548686,0.906102298606475,0.9270135040862042,0.9476836863410841,0.961134615740874,0.982386569550828,1.0,0.9848347793726021,0.9571596778182628,0.934966212066285,0.9042624929631651,0.882298809411341,0.85607901422564,0.8155798466372091,0.7294542718437241,0.605506117537437,0.0492658413875854
0.135472969596273,0.42361291470090395,0.608615509089687,0.670438224687655,0.711058203839165,0.741349032741271,0.758414824372585,0.7739409649248101,0.7852096041549571,0.800428741233453,0.812135352355237,0.8262275056894269,0.832593630984063,0.84789197071722,0.862465936899671,0.8829184783011981,0.8996049289378559,0.9171518519689471,0.935430770281174,0.947505222191365,0.9676932025514251,0.9848347793726021,1.0,0.981820364376552,0.9602451789168001,0.9298493159500849,0.9046048806245799,0.8765220148151409,0.832541195790546,0.743530197951134,0.616479440909216,0.0599190959192197
0.135032970470062,0.41800404430580695,0.601781465503486,0.660838573002806,0.698122516607882,0.7271723650778531,0.743785148897153,0.758228003286798,0.771678823632264,0.787284908508596,0.8006294901638921,0.8166079355213979,0.8215654603487129,0.834178650624951,0.8481562250713148,0.8681512222223531,0.8828532427112891,0.897958001664038,0.9116011606796279,0.9212610307765781,0.9406809543282059,0.9571596778182628,0.981820364376552,1.0,0.9772311724183929,0.9453392034058209,0.9176079821604809,0.88684026867375,0.840023313808168,0.750614482520808,0.615806415124531,0.063066518287623
0.139536124725039,0.4188985557930461,0.5971308922476329,0.652740441474339,0.6937144420294139,0.7232889962452209,0.73860377116374,0.75349264377,0.7697868413414691,0.786133624501001,0.7968401988273041,0.811597181430709,0.8161418181223009,0.826944513790249,0.8385567789359699,0.854204353336807,0.8665347875948269,0.879728435761972,0.8919085108856291,0.9016924898718871,0.920008178022686,0.934966212066285,0.9602451789168001,0.9772311724183929,1.0,0.9783043193664351,0.9488486367952651,0.916628119468182,0.86788669110064,0.7733601509804849,0.634834910500915,0.0753179195824793
0.142395784244943,0.414471219203127,0.584854971993206,0.637748342013417,0.677774630503072,0.7063718087231601,0.719017720312853,0.732687766229944,0.750919562261446,0.769349517724327,0.7777080505078492,0.791537844336856,0.7967930526835408,0.80570663109924,0.816088355026239,0.8318012672741859,0.8418783119634821,0.851071124170765,0.862120903346139,0.8727460886017909,0.8904730537154021,0.9042624929631651,0.9298493159500849,0.9453392034058209,0.9783043193664351,1.0,0.9744255242751859,0.9382712983417371,0.8873455278896171,0.791363833246728,0.6499851552016751,0.0880179375740754
0.137116476606936,0.40052066584157503,0.5695485806678511,0.621309247491381,0.6587756662658559,0.685499447080565,0.700218070981759,0.718314037084939,0.7390194911768779,0.75787447873144,0.7660428657879449,0.777290612743218,0.783369828439218,0.7916462745552729,0.801656634384287,0.8168211000542149,0.823103698391686,0.8324008169250029,0.840819313520741,0.8509675659551321,0.8686588120395151,0.882298809411341,0.9046048806245799,0.9176079821604809,0.9488486367952651,0.9744255242751859,1.0,0.970795725270539,0.91669894192566,0.8195900184345749,0.6719153396076171,0.11862128937506501
0.12467877404836802,0.37088651016099294,0.5365258695557961,0.5901474813346589,0.624755200869854,0.6531120550840721,0.667682552582958,0.690657030365015,0.7063427659661201,0.724608918554751,0.7337518459246241,0.7445792190940079,0.752504749696913,0.759874968912519,0.770999976164848,0.786822432169732,0.793156667225349,0.8070093532943671,0.8189831091266272,0.826488963622687,0.8423088380991691,0.85607901422564,0.8765220148151409,0.88684026867375,0.916628119468182,0.9382712983417371,0.970795725270539,1.0,0.9539002468972478,0.8597245540025179,0.709004853986489,0.108214590178816
0.12758557681816698,0.35227568010674,0.508540544273775,0.5580544986183779,0.5978248693596,0.627035828475498,0.636911781614341,0.6566538217226601,0.667637813401335,0.6845166824084361,0.69151502459929,0.7040645102611931,0.7121870939698991,0.718963365953749,0.7280004826328119,0.746355053877317,0.7556883477868148,0.76966268774794,0.78368326752437,0.789947473159533,0.804598009459797,0.8155798466372091,0.832541195790546,0.840023313808168,0.86788669110064,0.8873455278896171,0.91669894192566,0.9539002468972478,1.0,0.9204781262912699,0.7710786018655659,0.12055778241573101
0.13141057821073898,0.30594269496927,0.453468554918091,0.5001844817883689,0.535272058021936,0.5580575955377061,0.563257785174506,0.58113309853676,0.5926008547829229,0.608355210203019,0.6166532533394949,0.6303362547106209,0.638872895100264,0.642467737299413,0.650953897151388,0.669252538800444,0.674131349939882,0.685722149320372,0.696089912500079,0.701742016310703,0.712713068989596,0.7294542718437241,0.743530197951134,0.750614482520808,0.7733601509804849,0.791363833246728,0.8195900184345749,0.8597245540025179,0.9204781262912699,1.0,0.8902584748842428,0.140906671116699
0.086676068419682,0.24159004611388102,0.357549109567285,0.40599373594897903,0.427173141720747,0.453987936448248,0.455165566965053,0.4660492633434001,0.471863066273759,0.483436297631231,0.488707024826921,0.504584302768435,0.518794656206245,0.51780972320425,0.531737050192899,0.548128071557113,0.552622040830494,0.5611605726264189,0.5769701088386291,0.5812587014817919,0.593136645565704,0.605506117537437,0.616479440909216,0.615806415124531,0.634834910500915,0.6499851552016751,0.6719153396076171,0.709004853986489,0.7710786018655659,0.8902584748842428,1.0,0.19124333677867603
0.0478402034346896,0.000513245292906904,0.0040054679723998,0.0196673232711781,0.0450850811362492,0.0511107069269967,0.0408980173719449,0.0358342036648977,0.0550198085952364,0.0491309433311902,0.0548021420235623,0.0581189826429324,0.0496885630222258,0.0463743938163774,0.0529746218327503,0.0678293314125756,0.0780169788949714,0.081135576512213,0.0709594097306771,0.061258844317873,0.0628961121539517,0.0492658413875854,0.0599190959192197,0.063066518287623,0.0753179195824793,0.0880179375740754,0.11862128937506501,0.108214590178816,0.12055778241573101,0.140906671116699,0.19124333677867603,1.0
