1.0,0.726293341902785,0.657262569764151,0.629299141513949,0.614895953886756,0.60710081584131,0.603297556021512,0.5943243849793461,0.587632020470511,0.5795863215088439,0.576087508316671,0.56949126424737,0.5640155067130551,0.5583837226734429,0.553569347519564,0.54791272204196,0.540943688844618,0.538752425052798,0.5296422446570771,0.5268390711985429,0.521238206410461,0.5156181972898339,0.505377274165684,0.497577410761255,0.49579012644628706,0.483789647127552,0.472689388351572,0.456426053532769,0.44208208024346096,0.402475609958689,0.266087771102555,0.20528885663421803
0.726293341902785,1.0,0.951482797229757,0.924267433241365,0.9049918333689692,0.8962103023303799,0.8870966445132159,0.876117711111891,0.8699300875585879,0.864450512410063,0.8590127786401491,0.851096085314693,0.8427094564611559,0.8347543636448259,0.827351401687652,0.8214068035202791,0.816617957420701,0.8133062411833221,0.8057053057520009,0.7990820420170089,0.7896544954683721,0.7840174011810941,0.77615220672827,0.768331575586881,0.762614647795254,0.750424921188841,0.7405114442515071,0.7202462624745899,0.696701392434849,0.628446836632418,0.44769732716322796,0.321265345918866
0.657262569764151,0.951482797229757,1.0,0.975405501575356,0.956346252734899,0.948841363073415,0.9385743748996851,0.9306251993221091,0.9251128581717041,0.920222741818649,0.9157220909725942,0.9087466873677941,0.901084156844393,0.8946010234735501,0.8880426432105809,0.8813706125050959,0.8784411690618059,0.874080597346615,0.8692045444006379,0.863222407657229,0.8560058872320991,0.850319408871868,0.845193099402055,0.8368628605228929,0.832340592568845,0.821196103231899,0.812163544361808,0.7930002052439491,0.7682824518944101,0.7015134660249109,0.51918455450055,0.378615017565442
0.629299141513949,0.924267433241365,0.975405501575356,1.0,0.986488333801835,0.9753675595670229,0.96695397233929,0.95786131479158,0.950458542526813,0.9457129277250841,0.9400879644134771,0.933610245705996,0.9266747896932991,0.9197874665113058,0.9140243765873359,0.907903675298041,0.9044168007964509,0.900204817540623,0.8950095065510991,0.8900950825152321,0.884106547025295,0.8793304051583621,0.8748162091803381,0.867514792666212,0.8628482009598499,0.851387694671546,0.840362098855948,0.818054347282155,0.7894272882878101,0.722233479479631,0.53665353226178,0.389722563005175
0.614895953886756,0.9049918333689692,0.956346252734899,0.986488333801835,1.0,0.990281462176476,0.981693504867516,0.9725328892146009,0.965713089887463,0.960254206670295,0.9536641765250309,0.9469292238690821,0.940335615728375,0.934236519863261,0.928812718029703,0.922697092748233,0.918310447592437,0.9130267135728108,0.907349186539827,0.902578441876455,0.8980752013002329,0.893409172146328,0.889583795582001,0.8830710488693659,0.8784475239839491,0.866628878951226,0.854984229734558,0.832446410113495,0.8054263496638051,0.741938961149962,0.556054751540364,0.402562294760935
0.60710081584131,0.8962103023303799,0.948841363073415,0.9753675595670229,0.990281462176476,1.0,0.9921228905666031,0.983980080380183,0.977319899441003,0.971595264815984,0.964800066716989,0.9576184249064091,0.9512984935706529,0.9450639308832671,0.9402537042394692,0.934933553212062,0.930640985542584,0.925432169940149,0.919946501167112,0.915967385782038,0.912161344567086,0.90768607251118,0.903332422230777,0.8967056017114019,0.891794696425975,0.8804099443080409,0.8687476142149109,0.848076817433927,0.822170730926428,0.7590082665877059,0.573087776361253,0.41757475760579704
0.603297556021512,0.8870966445132159,0.9385743748996851,0.96695397233929,0.981693504867516,0.9921228905666031,1.0,0.993221770204663,0.9860595873492479,0.979669175737278,0.9731081602707841,0.96534256907308,0.9590059206136871,0.952777346039476,0.9475025493377071,0.9426582385763809,0.93903923766631,0.933675880814023,0.927646655969293,0.923913442279111,0.9201562307973249,0.9162489920707829,0.910404208543729,0.903986685713415,0.8993925711499821,0.888297567215109,0.876819292686415,0.8566161890893829,0.8295545552232891,0.767821713513957,0.5762176594110471,0.42337930742118
0.5943243849793461,0.876117711111891,0.9306251993221091,0.95786131479158,0.9725328892146009,0.983980080380183,0.993221770204663,1.0,0.99432234907491,0.988527588707853,0.9826244323915508,0.9757683170971819,0.969441679116422,0.9632130164624492,0.957437975409192,0.9525137961287479,0.9492321768542209,0.9440847310232379,0.9382477746560809,0.934220549197495,0.9306532406148821,0.926502997271485,0.9214373768455609,0.915661684043785,0.9113477145002529,0.9007076489842099,0.889867336833613,0.871924417316544,0.8458444723906121,0.78539390742283,0.591736773212343,0.43543578317819104
0.587632020470511,0.8699300875585879,0.9251128581717041,0.950458542526813,0.965713089887463,0.977319899441003,0.9860595873492479,0.99432234907491,1.0,0.9955921449206769,0.9900171151886071,0.9833991348231509,0.9766615099286741,0.970662004790667,0.9640762015964329,0.958773757698063,0.95509048126838,0.9499942518263221,0.9442236703753969,0.9401863575571581,0.9363961794342691,0.9321700205867149,0.9269927741965529,0.921885031255515,0.9182082528477231,0.907896969777172,0.898060696654629,0.8807839654408058,0.8547626489727309,0.795602709951372,0.60070724242244,0.440653839784779
0.5795863215088439,0.864450512410063,0.920222741818649,0.9457129277250841,0.960254206670295,0.971595264815984,0.979669175737278,0.988527588707853,0.9955921449206769,1.0,0.99510679275212,0.988679336681606,0.982522931166355,0.9765877832399801,0.969849668867761,0.9646227951588009,0.9609929822733531,0.956177780999578,0.950820930877773,0.9466724770332621,0.9428343166879579,0.9382255479091841,0.9329727320169922,0.9281899306773679,0.9242327448778391,0.914640330307254,0.9055910313500841,0.888897151169333,0.862904615242573,0.804838598875968,0.609405265603179,0.445794287114836
0.576087508316671,0.8590127786401491,0.9157220909725942,0.9400879644134771,0.9536641765250309,0.964800066716989,0.9731081602707841,0.9826244323915508,0.9900171151886071,0.99510679275212,1.0,0.9950771283436701,0.9897504979436341,0.9841577098997091,0.977970616613593,0.9730640847283321,0.9695396133639359,0.964908478168324,0.9597711084821141,0.955599873103767,0.9515693379961009,0.946542531585121,0.941362721650317,0.9363188330021981,0.9324824161040141,0.9227651017459799,0.9141449174400459,0.898309728895963,0.8730908203066879,0.8167883321607541,0.619304314521536,0.455343776961894
0.56949126424737,0.851096085314693,0.9087466873677941,0.933610245705996,0.9469292238690821,0.9576184249064091,0.96534256907308,0.9757683170971819,0.9833991348231509,0.988679336681606,0.9950771283436701,1.0,0.996282898786664,0.9916252510691179,0.9863957068398429,0.9821297697578779,0.9783733933912641,0.9736428558123299,0.9684625768960009,0.9639643035183071,0.9594961428412551,0.9548619965596099,0.9494942225788671,0.945693100597087,0.9417174126445079,0.932257647037657,0.9236539068248449,0.909652661902148,0.8857007759162779,0.831690492217223,0.638993050538224,0.46975881348702103
0.5640155067130551,0.8427094564611559,0.901084156844393,0.9266747896932991,0.940335615728375,0.9512984935706529,0.9590059206136871,0.969441679116422,0.9766615099286741,0.982522931166355,0.9897504979436341,0.996282898786664,1.0,0.996362419586876,0.991859874281141,0.9879057276693229,0.9837499498515441,0.978955471694946,0.9736780109841591,0.969303563228307,0.9645682818886541,0.9599678632971829,0.954437404548635,0.950958928481511,0.946817615132062,0.936639551572077,0.9283184567631759,0.9166049943369459,0.8930866655409001,0.840179641520288,0.648695382809874,0.481594642831499
0.5583837226734429,0.8347543636448259,0.8946010234735501,0.9197874665113058,0.934236519863261,0.9450639308832671,0.952777346039476,0.9632130164624492,0.970662004790667,0.9765877832399801,0.9841577098997091,0.9916252510691179,0.996362419586876,1.0,0.9964172923485759,0.992574590491722,0.9885689299010241,0.9835231257615079,0.9787401567260441,0.9749314534397541,0.970030842957626,0.96525109979582,0.9594564108248499,0.956012598374948,0.951528747499522,0.9421990990146629,0.934598565875117,0.9240850238901891,0.9016988283853941,0.8496865688223009,0.662816069903237,0.492779772124456
0.553569347519564,0.827351401687652,0.8880426432105809,0.9140243765873359,0.928812718029703,0.9402537042394692,0.9475025493377071,0.957437975409192,0.9640762015964329,0.969849668867761,0.977970616613593,0.9863957068398429,0.991859874281141,0.9964172923485759,1.0,0.9973088953880059,0.993355551324652,0.9882188115843961,0.9832075021004599,0.979558749655878,0.974635328002076,0.96979883389898,0.9638688370076509,0.960333167921226,0.955872950225908,0.947080771094476,0.939573101117506,0.9291438734830649,0.907675445051867,0.857079175464073,0.673285192266132,0.50479500135493
0.54791272204196,0.8214068035202791,0.8813706125050959,0.907903675298041,0.922697092748233,0.934933553212062,0.9426582385763809,0.9525137961287479,0.958773757698063,0.9646227951588009,0.9730640847283321,0.9821297697578779,0.9879057276693229,0.992574590491722,0.9973088953880059,1.0,0.996900508113112,0.992189903250071,0.987364626114703,0.9836928383772451,0.978734680199098,0.974459942885717,0.968441375633537,0.965030478592864,0.9608060210704671,0.9520638777377909,0.945438578575786,0.9352382264491479,0.914380334151884,0.8646632444565401,0.6826695224419731,0.5126668835966111
0.540943688844618,0.816617957420701,0.8784411690618059,0.9044168007964509,0.918310447592437,0.930640985542584,0.93903923766631,0.9492321768542209,0.95509048126838,0.9609929822733531,0.9695396133639359,0.9783733933912641,0.9837499498515441,0.9885689299010241,0.993355551324652,0.996900508113112,1.0,0.9966801579373349,0.992443064247525,0.9888358063006779,0.9837901850466059,0.9794854416002651,0.973301293080211,0.9699147763781701,0.966006951146387,0.957505456493987,0.9506809015138191,0.9404848752154829,0.9192455629308741,0.8690173915053969,0.686694991087139,0.5135454143836929
0.538752425052798,0.8133062411833221,0.874080597346615,0.900204817540623,0.9130267135728108,0.925432169940149,0.933675880814023,0.9440847310232379,0.9499942518263221,0.956177780999578,0.964908478168324,0.9736428558123299,0.978955471694946,0.9835231257615079,0.9882188115843961,0.992189903250071,0.9966801579373349,1.0,0.9969408440374,0.9936335152494999,0.988801625982816,0.9840421551617791,0.9781580821227901,0.9746541613474441,0.9705401537373821,0.9623778848022979,0.956359250288803,0.946827294667957,0.9254553708486709,0.8759855876483961,0.6915020242000711,0.520700607770048
0.5296422446570771,0.8057053057520009,0.8692045444006379,0.8950095065510991,0.907349186539827,0.919946501167112,0.927646655969293,0.9382477746560809,0.9442236703753969,0.950820930877773,0.9597711084821141,0.9684625768960009,0.9736780109841591,0.9787401567260441,0.9832075021004599,0.987364626114703,0.992443064247525,0.9969408440374,1.0,0.996986823235451,0.9926907053372049,0.9879872673107191,0.9824094207194329,0.978529626563852,0.9743149177352158,0.966718766314047,0.9605303138811191,0.950936319545352,0.9297038109602042,0.8812542054187471,0.6987548507678389,0.5285162243623
0.5268390711985429,0.7990820420170089,0.863222407657229,0.8900950825152321,0.902578441876455,0.915967385782038,0.923913442279111,0.934220549197495,0.9401863575571581,0.9466724770332621,0.955599873103767,0.9639643035183071,0.969303563228307,0.9749314534397541,0.979558749655878,0.9836928383772451,0.9888358063006779,0.9936335152494999,0.996986823235451,1.0,0.9967078596510529,0.992114030481201,0.987196141267826,0.9830414536349841,0.9788177874003481,0.97148469554506,0.965251787933778,0.955924046944408,0.9349022820804399,0.886496907536218,0.7028490678419129,0.5326335356546421
0.521238206410461,0.7896544954683721,0.8560058872320991,0.884106547025295,0.8980752013002329,0.912161344567086,0.9201562307973249,0.9306532406148821,0.9363961794342691,0.9428343166879579,0.9515693379961009,0.9594961428412551,0.9645682818886541,0.970030842957626,0.974635328002076,0.978734680199098,0.9837901850466059,0.988801625982816,0.9926907053372049,0.9967078596510529,1.0,0.9961233686564829,0.9920827260944879,0.9873775446506271,0.9825907868339829,0.9750661304069191,0.968235431668253,0.959277738032195,0.938447941356811,0.8910849602228199,0.7065472256108549,0.53100001466116
0.5156181972898339,0.7840174011810941,0.850319408871868,0.8793304051583621,0.893409172146328,0.90768607251118,0.9162489920707829,0.926502997271485,0.9321700205867149,0.9382255479091841,0.946542531585121,0.9548619965596099,0.9599678632971829,0.96525109979582,0.96979883389898,0.974459942885717,0.9794854416002651,0.9840421551617791,0.9879872673107191,0.992114030481201,0.9961233686564829,1.0,0.996173010319923,0.9917808594703349,0.986771882914403,0.980335630964867,0.9733506100131841,0.963052860519887,0.9416250785747808,0.896091327832604,0.7151679579992969,0.535976188899566
0.505377274165684,0.77615220672827,0.845193099402055,0.8748162091803381,0.889583795582001,0.903332422230777,0.910404208543729,0.9214373768455609,0.9269927741965529,0.9329727320169922,0.941362721650317,0.9494942225788671,0.954437404548635,0.9594564108248499,0.9638688370076509,0.968441375633537,0.973301293080211,0.9781580821227901,0.9824094207194329,0.987196141267826,0.9920827260944879,0.996173010319923,1.0,0.9963667385489251,0.991535620147126,0.985314747180399,0.9777194012106949,0.968206207928212,0.947877602900357,0.903175720784325,0.7260644497142049,0.544827544757871
0.497577410761255,0.768331575586881,0.8368628605228929,0.867514792666212,0.8830710488693659,0.8967056017114019,0.903986685713415,0.915661684043785,0.921885031255515,0.9281899306773679,0.9363188330021981,0.945693100597087,0.950958928481511,0.956012598374948,0.960333167921226,0.965030478592864,0.9699147763781701,0.9746541613474441,0.978529626563852,0.9830414536349841,0.9873775446506271,0.9917808594703349,0.9963667385489251,1.0,0.9958483508535358,0.989933526054333,0.9826904106699051,0.9734867912324751,0.953391370590004,0.910606929521125,0.7348479612950141,0.559050129148105
0.49579012644628706,0.762614647795254,0.832340592568845,0.8628482009598499,0.8784475239839491,0.891794696425975,0.8993925711499821,0.9113477145002529,0.9182082528477231,0.9242327448778391,0.9324824161040141,0.9417174126445079,0.946817615132062,0.951528747499522,0.955872950225908,0.9608060210704671,0.966006951146387,0.9705401537373821,0.9743149177352158,0.9788177874003481,0.9825907868339829,0.986771882914403,0.991535620147126,0.9958483508535358,1.0,0.995074676385597,0.9880273920572309,0.9782239419386929,0.959281248335347,0.9177461988669141,0.73986394911635,0.5598289462268139
0.483789647127552,0.750424921188841,0.821196103231899,0.851387694671546,0.866628878951226,0.8804099443080409,0.888297567215109,0.9007076489842099,0.907896969777172,0.914640330307254,0.9227651017459799,0.932257647037657,0.936639551572077,0.9421990990146629,0.947080771094476,0.9520638777377909,0.957505456493987,0.9623778848022979,0.966718766314047,0.97148469554506,0.9750661304069191,0.980335630964867,0.985314747180399,0.989933526054333,0.995074676385597,1.0,0.993595777474344,0.9827591453417329,0.9650152633810041,0.9248876346674549,0.752070729986978,0.567695030501908
0.472689388351572,0.7405114442515071,0.812163544361808,0.840362098855948,0.854984229734558,0.8687476142149109,0.876819292686415,0.889867336833613,0.898060696654629,0.9055910313500841,0.9141449174400459,0.9236539068248449,0.9283184567631759,0.934598565875117,0.939573101117506,0.945438578575786,0.9506809015138191,0.956359250288803,0.9605303138811191,0.965251787933778,0.968235431668253,0.9733506100131841,0.9777194012106949,0.9826904106699051,0.9880273920572309,0.993595777474344,1.0,0.9895479936812129,0.97144470994909,0.934043492637549,0.768078424570795,0.580877108902495
0.456426053532769,0.7202462624745899,0.7930002052439491,0.818054347282155,0.832446410113495,0.848076817433927,0.8566161890893829,0.871924417316544,0.8807839654408058,0.888897151169333,0.898309728895963,0.909652661902148,0.9166049943369459,0.9240850238901891,0.9291438734830649,0.9352382264491479,0.9404848752154829,0.946827294667957,0.950936319545352,0.955924046944408,0.959277738032195,0.963052860519887,0.968206207928212,0.9734867912324751,0.9782239419386929,0.9827591453417329,0.9895479936812129,1.0,0.986808604185237,0.9524274951231528,0.788789199768893,0.60024230189121
0.44208208024346096,0.696701392434849,0.7682824518944101,0.7894272882878101,0.8054263496638051,0.822170730926428,0.8295545552232891,0.8458444723906121,0.8547626489727309,0.862904615242573,0.8730908203066879,0.8857007759162779,0.8930866655409001,0.9016988283853941,0.907675445051867,0.914380334151884,0.9192455629308741,0.9254553708486709,0.9297038109602042,0.9349022820804399,0.938447941356811,0.9416250785747808,0.947877602900357,0.953391370590004,0.959281248335347,0.9650152633810041,0.97144470994909,0.986808604185237,1.0,0.9722071966586969,0.8238927856123249,0.6313237086655941
0.402475609958689,0.628446836632418,0.7015134660249109,0.722233479479631,0.741938961149962,0.7590082665877059,0.767821713513957,0.78539390742283,0.795602709951372,0.804838598875968,0.8167883321607541,0.831690492217223,0.840179641520288,0.8496865688223009,0.857079175464073,0.8646632444565401,0.8690173915053969,0.8759855876483961,0.8812542054187471,0.886496907536218,0.8910849602228199,0.896091327832604,0.903175720784325,0.910606929521125,0.9177461988669141,0.9248876346674549,0.934043492637549,0.9524274951231528,0.9722071966586969,1.0,0.877867505352405,0.663699356011884
0.266087771102555,0.44769732716322796,0.51918455450055,0.53665353226178,0.556054751540364,0.573087776361253,0.5762176594110471,0.591736773212343,0.60070724242244,0.609405265603179,0.619304314521536,0.638993050538224,0.648695382809874,0.662816069903237,0.673285192266132,0.6826695224419731,0.686694991087139,0.6915020242000711,0.6987548507678389,0.7028490678419129,0.7065472256108549,0.7151679579992969,0.7260644497142049,0.7348479612950141,0.73986394911635,0.752070729986978,0.768078424570795,0.788789199768893,0.8238927856123249,0.877867505352405,1.0,0.7743980406523392
0.20528885663421803,0.321265345918866,0.378615017565442,0.389722563005175,0.402562294760935,0.41757475760579704,0.42337930742118,0.43543578317819104,0.440653839784779,0.445794287114836,0.455343776961894,0.46975881348702103,0.481594642831499,0.492779772124456,0.50479500135493,0.5126668835966111,0.5135454143836929,0.520700607770048,0.5285162243623,0.5326335356546421,0.53100001466116,0.535976188899566,0.544827544757871,0.559050129148105,0.5598289462268139,0.567695030501908,0.580877108902495,0.60024230189121,0.6313237086655941,0.663699356011884,0.7743980406523392,1.0
