1.0,0.8537938039791692,0.817208682217619,0.797027976702597,0.7872550811459058,0.7799988283842311,0.765560585884416,0.7549805570634099,0.746526812306491,0.736460008772907,0.7295070263767421,0.724422415379762,0.719019594457701,0.710283891731788,0.7049987378613509,0.696964829928461,0.6924438560802328,0.6840281178328951,0.67836223775786,0.673184814647965,0.6693967822188499,0.666158602179966,0.660568921445638,0.653923438492119,0.645535503606389,0.6422769623404859,0.636508085257442,0.627426112581177,0.615459998005212,0.589690143598529,0.531795217330256,0.14623324777118202
0.8537938039791692,1.0,0.979848094377412,0.9684387919424442,0.960970794491438,0.9566218271610759,0.948920653416582,0.9413815995461999,0.9337990549723871,0.927035600001885,0.921768244863756,0.9182219540558539,0.9131671340913481,0.907657931740595,0.904779984307418,0.8996367108483749,0.8967189536210219,0.892681462601379,0.887548840281145,0.8846002050961371,0.8821151205908621,0.8783614806135309,0.87480031208901,0.8701146897105241,0.8649060057140959,0.8619300646368759,0.856925195930817,0.850163485304878,0.84003434530233,0.817838501483245,0.754630555051098,0.315647286506532
0.817208682217619,0.979848094377412,1.0,0.9905589717004221,0.9837205442300909,0.9787697799962181,0.97235404791943,0.965932750859412,0.959299166922448,0.9529851744083941,0.948247646510866,0.9449076930525759,0.9400506377353179,0.9357368281435101,0.9332717557017859,0.9291709750130641,0.9266673918853621,0.9229576461313,0.9186812302993579,0.9156450275941991,0.913520741349657,0.9108327755813399,0.907306009921187,0.9032713499181328,0.898620113163136,0.895912237690112,0.891427836589016,0.88454721066119,0.8751954438382751,0.853185113779266,0.78916953278775,0.3373561790052739
0.797027976702597,0.9684387919424442,0.9905589717004221,1.0,0.9936261109491441,0.9881698253767041,0.981820292919479,0.975920616090819,0.96947656297013,0.963191722068482,0.9588802336683281,0.9555934883608729,0.950938444094598,0.9469421720705201,0.9439863708938259,0.9406085878868979,0.9386044432473941,0.935215762667104,0.931308437504573,0.9283919424359479,0.926304929172149,0.9238075205695551,0.9202707138961891,0.9165365566612479,0.9119517603609251,0.909351977535847,0.905752365862862,0.898853485588817,0.8892715307048559,0.8672616950538531,0.8055972861565541,0.36030637998061205
0.7872550811459058,0.960970794491438,0.9837205442300909,0.9936261109491441,1.0,0.995233588172597,0.9894087448782191,0.9841454686662809,0.978181319848597,0.972943114981098,0.9691235253582379,0.9656608385316031,0.9611885114461569,0.9569745388017142,0.9539348036052671,0.950677941181713,0.948301729285888,0.945039753666855,0.941547797296547,0.938884932608777,0.9368359946658009,0.934191011206207,0.9307948529890941,0.9274431487505458,0.9231620889153791,0.920896724890345,0.91786223272808,0.911177389092104,0.902485445619789,0.880909346313259,0.8201095554963459,0.37465869520259404
0.7799988283842311,0.9566218271610759,0.9787697799962181,0.9881698253767041,0.995233588172597,1.0,0.9959864140853649,0.991516001272838,0.986218576478673,0.9812912260280959,0.9774166210204158,0.973711346289066,0.9692597280580891,0.9651708671056389,0.9621374767276171,0.959155699772746,0.9568958771487149,0.9537105924381422,0.951012660716501,0.948522689723573,0.946371252449366,0.944106760035093,0.9413440311880079,0.938333072708447,0.9344194877406651,0.932681164213792,0.9292106739542809,0.922615642881919,0.9140463097128629,0.8930682595915799,0.8335028699123129,0.391670411706133
0.765560585884416,0.948920653416582,0.97235404791943,0.981820292919479,0.9894087448782191,0.9959864140853649,1.0,0.996662960611772,0.992315512392692,0.9875104975887571,0.9836441115652479,0.979607644662095,0.975477550096047,0.9718464626117029,0.9690747183780479,0.966135542222951,0.9640318110261279,0.9609441471402909,0.9585359731851929,0.956257035592651,0.9545454216813859,0.95258243997418,0.9504413252737309,0.9477605430716959,0.9441667246245942,0.942170485745766,0.9388956348548241,0.932592022584497,0.924520197421453,0.904050366104503,0.8469556872027031,0.407682560998672
0.7549805570634099,0.9413815995461999,0.965932750859412,0.975920616090819,0.9841454686662809,0.991516001272838,0.996662960611772,1.0,0.9968428044453109,0.992830405800001,0.9893788704826542,0.985196760548597,0.9812112461140748,0.9778409258042561,0.9750161089718,0.972084243393647,0.970043475828259,0.9670568273961752,0.96442396247224,0.9622364033085641,0.960577048966545,0.9586694619404191,0.9570184010485621,0.954252631583678,0.9512048438219741,0.9492063248521461,0.9461793689687371,0.939800858838659,0.9321500246060629,0.9117985278014781,0.8560166081209291,0.418363165064872
0.746526812306491,0.9337990549723871,0.959299166922448,0.96947656297013,0.978181319848597,0.986218576478673,0.992315512392692,0.9968428044453109,1.0,0.9972712549244571,0.9941879219294621,0.9902821243812421,0.986711123636124,0.9833288496094309,0.9805449778115051,0.977488781851828,0.9751335956919309,0.9721463583082959,0.969814353937412,0.967606024047125,0.9657862102772079,0.964005517227771,0.9622881865627522,0.9598819196891659,0.956663077395508,0.954944206281938,0.951623598978903,0.945883858903306,0.939338477649707,0.9200354499296071,0.865703936093605,0.435733855575895
0.736460008772907,0.927035600001885,0.9529851744083941,0.963191722068482,0.972943114981098,0.9812912260280959,0.9875104975887571,0.992830405800001,0.9972712549244571,1.0,0.9979268012842389,0.9946222386484058,0.9913652888498521,0.988400905902721,0.9858193892317221,0.982987831557307,0.9806765107189509,0.977941268256942,0.975878520753581,0.973761453824954,0.971867915645583,0.9700271314052651,0.9684296806879591,0.966417896290838,0.9630980197079749,0.961581957288372,0.958203517656887,0.9527718925547041,0.946640512842517,0.9281536388390459,0.874919289237475,0.445868389816785
0.7295070263767421,0.921768244863756,0.948247646510866,0.9588802336683281,0.9691235253582379,0.9774166210204158,0.9836441115652479,0.9893788704826542,0.9941879219294621,0.9979268012842389,1.0,0.9979051050247421,0.9950515973204191,0.992216090738074,0.9895129419731429,0.986982015988912,0.9846091697013009,0.9819908559143921,0.9799925087136759,0.9777298468071469,0.9759634365858639,0.9740456957929051,0.972515304076698,0.970299962755035,0.9668984941469381,0.9651549843090179,0.9617918307000319,0.9563984183467329,0.9505615536099449,0.9316845581680259,0.879313907739676,0.453556761497767
0.724422415379762,0.9182219540558539,0.9449076930525759,0.9555934883608729,0.9656608385316031,0.973711346289066,0.979607644662095,0.985196760548597,0.9902821243812421,0.9946222386484058,0.9979051050247421,1.0,0.99801066138137,0.9956120733616259,0.9931372507029159,0.9906588671036031,0.9883042129944141,0.986014043843631,0.98411020989853,0.981685964966612,0.979881247510037,0.9778563585783249,0.9762385091442071,0.974067566965698,0.970705480168367,0.969097569088227,0.965900411158908,0.960410839856625,0.954319174023852,0.935500057354515,0.883314758773488,0.46037085194155203
0.719019594457701,0.9131671340913481,0.9400506377353179,0.950938444094598,0.9611885114461569,0.9692597280580891,0.975477550096047,0.9812112461140748,0.986711123636124,0.9913652888498521,0.9950515973204191,0.99801066138137,1.0,0.9982354952155408,0.9959135007785591,0.993496463878739,0.9910509805176521,0.988647247858759,0.98665849578548,0.9839252725763421,0.981948251525609,0.979957773909376,0.9782949437575,0.9759724549509209,0.972756846638247,0.9711124721184741,0.9678216521523242,0.9621331215787641,0.956227390566053,0.937952185095948,0.8865288175196969,0.46764851994004397
0.710283891731788,0.907657931740595,0.9357368281435101,0.9469421720705201,0.9569745388017142,0.9651708671056389,0.9718464626117029,0.9778409258042561,0.9833288496094309,0.988400905902721,0.992216090738074,0.9956120733616259,0.9982354952155408,1.0,0.998400808601641,0.996175475918803,0.993922021171801,0.9915859718127951,0.9895807448581,0.986824418033925,0.9849209321857328,0.983150487006376,0.981554431380895,0.9792132357350892,0.976096024544282,0.974261081265229,0.971296561601768,0.9654581058471491,0.9598347341316239,0.9413629557142809,0.8908770976190491,0.47410748338769504
0.7049987378613509,0.904779984307418,0.9332717557017859,0.9439863708938259,0.9539348036052671,0.9621374767276171,0.9690747183780479,0.9750161089718,0.9805449778115051,0.9858193892317221,0.9895129419731429,0.9931372507029159,0.9959135007785591,0.998400808601641,1.0,0.9983390856250111,0.996209872935024,0.993872860965054,0.991793331136903,0.989144149792638,0.987167149681407,0.985486158895917,0.9839516524628871,0.9816394513119889,0.978444518023016,0.9764956558933149,0.97346380361863,0.9680590858964611,0.9621681399851859,0.9440752541527891,0.894455479153973,0.47798931549103496
0.696964829928461,0.8996367108483749,0.9291709750130641,0.9406085878868979,0.950677941181713,0.959155699772746,0.966135542222951,0.972084243393647,0.977488781851828,0.982987831557307,0.986982015988912,0.9906588671036031,0.993496463878739,0.996175475918803,0.9983390856250111,1.0,0.998419141357698,0.9962381637792,0.99424169389192,0.991773560369779,0.9897306578185229,0.9881746137693359,0.986816105078163,0.98456595931507,0.981343957205586,0.9795580475601829,0.9764308910969249,0.9711085363010721,0.965493481760427,0.948717241730029,0.8998054989401579,0.481628944336746
0.6924438560802328,0.8967189536210219,0.9266673918853621,0.9386044432473941,0.948301729285888,0.9568958771487149,0.9640318110261279,0.970043475828259,0.9751335956919309,0.9806765107189509,0.9846091697013009,0.9883042129944141,0.9910509805176521,0.993922021171801,0.996209872935024,0.998419141357698,1.0,0.998459377182614,0.9966712178240721,0.994537122718752,0.992598240891169,0.9909829678351391,0.989558922733784,0.987446369957802,0.984159052032245,0.982380484619389,0.9793623517689691,0.9743208235052491,0.9688498349714508,0.9522271812144231,0.9048715456635921,0.490570159967768
0.6840281178328951,0.892681462601379,0.9229576461313,0.935215762667104,0.945039753666855,0.9537105924381422,0.9609441471402909,0.9670568273961752,0.9721463583082959,0.977941268256942,0.9819908559143921,0.986014043843631,0.988647247858759,0.9915859718127951,0.993872860965054,0.9962381637792,0.998459377182614,1.0,0.998619968224065,0.9968501286675779,0.9950372308797311,0.993199793515437,0.9916882225663909,0.98948771525331,0.9864169434063991,0.984665253321947,0.981734350701379,0.976494649374025,0.9712882479950858,0.9554445290462841,0.909050502413,0.49434713461088203
0.67836223775786,0.887548840281145,0.9186812302993579,0.931308437504573,0.941547797296547,0.951012660716501,0.9585359731851929,0.96442396247224,0.969814353937412,0.975878520753581,0.9799925087136759,0.98411020989853,0.98665849578548,0.9895807448581,0.991793331136903,0.99424169389192,0.9966712178240721,0.998619968224065,1.0,0.998680339016674,0.996981932419375,0.995392196112525,0.9936767776487321,0.9915595351449771,0.9886210068969742,0.98696856343523,0.9841418883351791,0.9790900853877741,0.9739828159416659,0.958434510839557,0.912423481178246,0.49878230543952295
0.673184814647965,0.8846002050961371,0.9156450275941991,0.9283919424359479,0.938884932608777,0.948522689723573,0.956257035592651,0.9622364033085641,0.967606024047125,0.973761453824954,0.9777298468071469,0.981685964966612,0.9839252725763421,0.986824418033925,0.989144149792638,0.991773560369779,0.994537122718752,0.9968501286675779,0.998680339016674,1.0,0.99860560699506,0.997112766152482,0.9954572771485799,0.9933349882471221,0.9908103124979558,0.988953704573101,0.986205987064252,0.981201262006152,0.975710879872205,0.960603604098229,0.915287164918506,0.501632509342581
0.6693967822188499,0.8821151205908621,0.913520741349657,0.926304929172149,0.9368359946658009,0.946371252449366,0.9545454216813859,0.960577048966545,0.9657862102772079,0.971867915645583,0.9759634365858639,0.979881247510037,0.981948251525609,0.9849209321857328,0.987167149681407,0.9897306578185229,0.992598240891169,0.9950372308797311,0.996981932419375,0.99860560699506,1.0,0.998709234934538,0.997060381602198,0.9948403060969879,0.992487793158135,0.990446927244816,0.987699072478216,0.982716088923751,0.9768536985589971,0.961637605060434,0.9164844530476929,0.505210219070623
0.666158602179966,0.8783614806135309,0.9108327755813399,0.9238075205695551,0.934191011206207,0.944106760035093,0.95258243997418,0.9586694619404191,0.964005517227771,0.9700271314052651,0.9740456957929051,0.9778563585783249,0.979957773909376,0.983150487006376,0.985486158895917,0.9881746137693359,0.9909829678351391,0.993199793515437,0.995392196112525,0.997112766152482,0.998709234934538,1.0,0.998644948572855,0.9963579321392501,0.9940756953563471,0.9919283278645441,0.9889476297643749,0.983957999385551,0.977949547288644,0.962528292106282,0.9180173009608801,0.50925954250894
0.660568921445638,0.87480031208901,0.907306009921187,0.9202707138961891,0.9307948529890941,0.9413440311880079,0.9504413252737309,0.9570184010485621,0.9622881865627522,0.9684296806879591,0.972515304076698,0.9762385091442071,0.9782949437575,0.981554431380895,0.9839516524628871,0.986816105078163,0.989558922733784,0.9916882225663909,0.9936767776487321,0.9954572771485799,0.997060381602198,0.998644948572855,1.0,0.998129867663621,0.996061349142665,0.9938820792932159,0.9905645177234329,0.98549650260966,0.979753352438585,0.964118045467619,0.920380793236598,0.5125934867500901
0.653923438492119,0.8701146897105241,0.9032713499181328,0.9165365566612479,0.9274431487505458,0.938333072708447,0.9477605430716959,0.954252631583678,0.9598819196891659,0.966417896290838,0.970299962755035,0.974067566965698,0.9759724549509209,0.9792132357350892,0.9816394513119889,0.98456595931507,0.987446369957802,0.98948771525331,0.9915595351449771,0.9933349882471221,0.9948403060969879,0.9963579321392501,0.998129867663621,1.0,0.997899876781653,0.995690129335927,0.9922784067988659,0.987921626554607,0.9822695222452879,0.9676120021267509,0.924891130622721,0.518836148203535
0.645535503606389,0.8649060057140959,0.898620113163136,0.9119517603609251,0.9231620889153791,0.9344194877406651,0.9441667246245942,0.9512048438219741,0.956663077395508,0.9630980197079749,0.9668984941469381,0.970705480168367,0.972756846638247,0.976096024544282,0.978444518023016,0.981343957205586,0.984159052032245,0.9864169434063991,0.9886210068969742,0.9908103124979558,0.992487793158135,0.9940756953563471,0.996061349142665,0.997899876781653,1.0,0.9978080575767959,0.9945674371850641,0.9906124391066079,0.9849714901176941,0.970233829112013,0.927395459832319,0.5232632824485001
0.6422769623404859,0.8619300646368759,0.895912237690112,0.909351977535847,0.920896724890345,0.932681164213792,0.942170485745766,0.9492063248521461,0.954944206281938,0.961581957288372,0.9651549843090179,0.969097569088227,0.9711124721184741,0.974261081265229,0.9764956558933149,0.9795580475601829,0.982380484619389,0.984665253321947,0.98696856343523,0.988953704573101,0.990446927244816,0.9919283278645441,0.9938820792932159,0.995690129335927,0.9978080575767959,1.0,0.9969414125366309,0.993186177525727,0.987128946241105,0.9733380645876579,0.9311448591355049,0.524919685088432
0.636508085257442,0.856925195930817,0.891427836589016,0.905752365862862,0.91786223272808,0.9292106739542809,0.9388956348548241,0.9461793689687371,0.951623598978903,0.958203517656887,0.9617918307000319,0.965900411158908,0.9678216521523242,0.971296561601768,0.97346380361863,0.9764308910969249,0.9793623517689691,0.981734350701379,0.9841418883351791,0.986205987064252,0.987699072478216,0.9889476297643749,0.9905645177234329,0.9922784067988659,0.9945674371850641,0.9969414125366309,1.0,0.9963492455236541,0.9907480758764922,0.9774992909319159,0.9370533439434521,0.530637140851657
0.627426112581177,0.850163485304878,0.88454721066119,0.898853485588817,0.911177389092104,0.922615642881919,0.932592022584497,0.939800858838659,0.945883858903306,0.9527718925547041,0.9563984183467329,0.960410839856625,0.9621331215787641,0.9654581058471491,0.9680590858964611,0.9711085363010721,0.9743208235052491,0.976494649374025,0.9790900853877741,0.981201262006152,0.982716088923751,0.983957999385551,0.98549650260966,0.987921626554607,0.9906124391066079,0.993186177525727,0.9963492455236541,1.0,0.994708136577558,0.9821733447108421,0.942279778272994,0.54064945239758
0.615459998005212,0.84003434530233,0.8751954438382751,0.8892715307048559,0.902485445619789,0.9140463097128629,0.924520197421453,0.9321500246060629,0.939338477649707,0.946640512842517,0.9505615536099449,0.954319174023852,0.956227390566053,0.9598347341316239,0.9621681399851859,0.965493481760427,0.9688498349714508,0.9712882479950858,0.9739828159416659,0.975710879872205,0.9768536985589971,0.977949547288644,0.979753352438585,0.9822695222452879,0.9849714901176941,0.987128946241105,0.9907480758764922,0.994708136577558,1.0,0.9884454083029192,0.949108230646216,0.550995486326194
0.589690143598529,0.817838501483245,0.853185113779266,0.8672616950538531,0.880909346313259,0.8930682595915799,0.904050366104503,0.9117985278014781,0.9200354499296071,0.9281536388390459,0.9316845581680259,0.935500057354515,0.937952185095948,0.9413629557142809,0.9440752541527891,0.948717241730029,0.9522271812144231,0.9554445290462841,0.958434510839557,0.960603604098229,0.961637605060434,0.962528292106282,0.964118045467619,0.9676120021267509,0.970233829112013,0.9733380645876579,0.9774992909319159,0.9821733447108421,0.9884454083029192,1.0,0.968676345200163,0.577283044310361
0.531795217330256,0.754630555051098,0.78916953278775,0.8055972861565541,0.8201095554963459,0.8335028699123129,0.8469556872027031,0.8560166081209291,0.865703936093605,0.874919289237475,0.879313907739676,0.883314758773488,0.8865288175196969,0.8908770976190491,0.894455479153973,0.8998054989401579,0.9048715456635921,0.909050502413,0.912423481178246,0.915287164918506,0.9164844530476929,0.9180173009608801,0.920380793236598,0.924891130622721,0.927395459832319,0.9311448591355049,0.9370533439434521,0.942279778272994,0.949108230646216,0.968676345200163,1.0,0.662153997539063
0.14623324777118202,0.315647286506532,0.3373561790052739,0.36030637998061205,0.37465869520259404,0.391670411706133,0.407682560998672,0.418363165064872,0.435733855575895,0.445868389816785,0.453556761497767,0.46037085194155203,0.46764851994004397,0.47410748338769504,0.47798931549103496,0.481628944336746,0.490570159967768,0.49434713461088203,0.49878230543952295,0.501632509342581,0.505210219070623,0.50925954250894,0.5125934867500901,0.518836148203535,0.5232632824485001,0.524919685088432,0.530637140851657,0.54064945239758,0.550995486326194,0.577283044310361,0.662153997539063,1.0
