1.0,0.8405055167780341,0.8101783096082191,0.7982493731483679,0.785362621047859,0.779819805144808,0.775508540231455,0.770546295431879,0.76507754115761,0.7612296851378471,0.7581589639978291,0.7557404506713009,0.756303525400558,0.753094087715308,0.754968910332692,0.751652055487532,0.749336771775835,0.747755149183865,0.743426964997585,0.739169423856197,0.736621277098645,0.7363836262221329,0.733305383098484,0.7279598072313671,0.724985034689043,0.719972672648555,0.7095997558178351,0.697679728989334,0.684244878187574,0.656114855453099,0.5473839327662,0.122387586808405
0.8405055167780341,1.0,0.9761670250731601,0.961372919257585,0.9506634116376621,0.9451459765328001,0.941322827967246,0.9360741102695799,0.9324723932283672,0.927953247014074,0.9249061360027679,0.9216910082249159,0.9207962926709159,0.918529857754288,0.9160620851949219,0.9135009859451779,0.9110033470408221,0.9076097818328119,0.903235764841581,0.8994097911736949,0.895214855267693,0.8908737605078149,0.8871573622557629,0.8820453881592809,0.8773728445394251,0.871073475421585,0.863571688022944,0.852016586201277,0.8387224672721441,0.8147578895536551,0.696854541901719,0.162003361778014
0.8101783096082191,0.9761670250731601,1.0,0.9867974802441191,0.9763660879859671,0.9718092002976508,0.9672855806904301,0.9636501666335601,0.9594789958618491,0.954435796495027,0.9515965419167108,0.948787807850941,0.947964247071809,0.945596105151982,0.943393553288559,0.9411334238257628,0.9392003335259642,0.935664350389193,0.931524370037672,0.927284435752333,0.9222650789381079,0.9199522427460429,0.916531958112715,0.9124879497909671,0.9088528894605559,0.902005824170571,0.896505590170123,0.886539213521887,0.8737140834718159,0.84797148599185,0.730337727687302,0.175926072031091
0.7982493731483679,0.961372919257585,0.9867974802441191,1.0,0.990448326222343,0.9840360868160741,0.9784671294158199,0.9749486717869209,0.970967159245495,0.9666716249882009,0.964225249526397,0.9618220941813309,0.9604646643994549,0.9572462433440658,0.953908443624056,0.9517582155323051,0.949909128517945,0.9466282471097339,0.9423541258006701,0.9384434430763661,0.9330269384986379,0.930732146940069,0.9279075204964309,0.9238100441955172,0.9200652846864871,0.913815949388735,0.9079402615224159,0.898198134579431,0.8853544843518029,0.86033696772874,0.743698146564021,0.173988290578184
0.785362621047859,0.9506634116376621,0.9763660879859671,0.990448326222343,1.0,0.993912003438527,0.988672419817943,0.984546865327553,0.9796640039019209,0.974553346895487,0.9721165270947909,0.969662545343325,0.9671735140776241,0.963673573999445,0.9603635537388051,0.957931881218168,0.9561081820831541,0.9531401418871459,0.9486666932767192,0.9447247771651709,0.9393639532280709,0.937354433359261,0.9347164637249441,0.9311069673001658,0.927905472213179,0.921691645842129,0.915410082801708,0.905443491026443,0.89353403359383,0.867817198183784,0.7488692676019899,0.17682360056920302
0.779819805144808,0.9451459765328001,0.9718092002976508,0.9840360868160741,0.993912003438527,1.0,0.995221368862274,0.990642175126549,0.985979094314948,0.981371763158516,0.978762715253375,0.9761161490586742,0.9730961955004319,0.969551325399519,0.9657838126079928,0.9627741696657479,0.9607315756984599,0.958010149081875,0.9540941128032591,0.949441307775293,0.944270905235205,0.9415685783443141,0.938887360301818,0.935519854462952,0.932262705695713,0.925963880015277,0.9199209445904041,0.910310604464608,0.8987473234652491,0.8724481828569491,0.753868288129414,0.18189042742874
0.775508540231455,0.941322827967246,0.9672855806904301,0.9784671294158199,0.988672419817943,0.995221368862274,1.0,0.99531513502555,0.990777545899194,0.986063533099702,0.98303118559367,0.979769733076697,0.9761287714660061,0.9720365736017149,0.967586807446257,0.96392431198568,0.9618074698483579,0.9590356979685749,0.955184840991402,0.9505635862340279,0.945808084528793,0.9431184554177371,0.9402234359953159,0.936595796399547,0.933867517110404,0.927911305868774,0.92129115790591,0.9116070058732819,0.8992883043593208,0.873758311986584,0.7549275309841709,0.18932065868394896
0.770546295431879,0.9360741102695799,0.9636501666335601,0.9749486717869209,0.984546865327553,0.990642175126549,0.99531513502555,1.0,0.9964905985882829,0.9921842643907809,0.9889047009248829,0.9856258039274491,0.981918585311057,0.977636434575299,0.9725556241240001,0.968401363479502,0.9657654766400909,0.962693493292605,0.958790308395089,0.953501863909923,0.9486257083425699,0.9461536332615991,0.9431389048862899,0.9398038007214691,0.9367648829109019,0.931013116491907,0.924903570706861,0.9154161621702901,0.9035331178485991,0.8780786477111729,0.7598465040750949,0.19843530941027898
0.76507754115761,0.9324723932283672,0.9594789958618491,0.970967159245495,0.9796640039019209,0.985979094314948,0.990777545899194,0.9964905985882829,1.0,0.996793782562605,0.993667250242116,0.990449197953386,0.9866132077082409,0.982078689310523,0.976909771122641,0.972649257548135,0.96966816569161,0.966682446310453,0.962625439243305,0.957449531099042,0.9524444251928341,0.9495172423461858,0.946315422284886,0.943081131771287,0.9403728519090091,0.934936527051907,0.9288823875509399,0.919949690939508,0.907804880118538,0.8829572485011851,0.7657613751936909,0.200852110650376
0.7612296851378471,0.927953247014074,0.954435796495027,0.9666716249882009,0.974553346895487,0.981371763158516,0.986063533099702,0.9921842643907809,0.996793782562605,1.0,0.9971781049780699,0.9939298112748249,0.990116024404206,0.9855956305122561,0.9807313924179201,0.9762652481305809,0.9730841737825892,0.969946394042412,0.9659398504699871,0.9607834372029591,0.95585289825329,0.9528510079944591,0.949234689717607,0.946344101341107,0.9438154115812271,0.9384329698662719,0.932790593230629,0.9245251686525341,0.912263632994418,0.8878509227493458,0.77163767075185,0.20678620121695898
0.7581589639978291,0.9249061360027679,0.9515965419167108,0.964225249526397,0.9721165270947909,0.978762715253375,0.98303118559367,0.9889047009248829,0.993667250242116,0.9971781049780699,1.0,0.9972953714618091,0.9939105606274029,0.989399394324134,0.9841008697661991,0.9793786576432779,0.976045315998159,0.972730685527309,0.9688419723429079,0.963990741030292,0.9592207239835792,0.955922581682232,0.9521100290065392,0.9494791645335979,0.9470110581532429,0.941697145009463,0.9360844480322421,0.9285107018022629,0.916448622582762,0.89267799069264,0.7757444754239871,0.213593406843661
0.7557404506713009,0.9216910082249159,0.948787807850941,0.9618220941813309,0.969662545343325,0.9761161490586742,0.979769733076697,0.9856258039274491,0.990449197953386,0.9939298112748249,0.9972953714618091,1.0,0.997211950728744,0.9930287485291679,0.987683520156703,0.983054777581407,0.9797000016332691,0.9760894958593058,0.972007338340433,0.9670161266199849,0.962081347113325,0.9589551301857281,0.9552868523858822,0.9522109721709939,0.9496090354803031,0.9444971601443991,0.939251465198931,0.932058010597027,0.92083470554816,0.898134754882649,0.7828045700501519,0.221965432679554
0.756303525400558,0.9207962926709159,0.947964247071809,0.9604646643994549,0.9671735140776241,0.9730961955004319,0.9761287714660061,0.981918585311057,0.9866132077082409,0.990116024404206,0.9939105606274029,0.997211950728744,1.0,0.997006478602958,0.9922516992643349,0.9877658064311379,0.984304782678425,0.9805625430954019,0.9767219557321791,0.97158943567121,0.9666899463822609,0.963808172216282,0.9605484581991941,0.957329368152689,0.954593917819187,0.948833008948401,0.943846182468614,0.936596373675941,0.925837841075535,0.90302026927523,0.788645631745834,0.22891016625003896
0.753094087715308,0.918529857754288,0.945596105151982,0.9572462433440658,0.963673573999445,0.969551325399519,0.9720365736017149,0.977636434575299,0.982078689310523,0.9855956305122561,0.989399394324134,0.9930287485291679,0.997006478602958,1.0,0.996724022545418,0.993067525230005,0.9896482679465459,0.985741209462424,0.981776890777071,0.976759676602075,0.971805242489423,0.968976865595935,0.965908984412248,0.9626768207801619,0.959698830637779,0.954136659875492,0.949053956977984,0.9421681709555342,0.931530077693042,0.908593102844664,0.795265464898795,0.23503180651308397
0.754968910332692,0.9160620851949219,0.943393553288559,0.953908443624056,0.9603635537388051,0.9657838126079928,0.967586807446257,0.9725556241240001,0.976909771122641,0.9807313924179201,0.9841008697661991,0.987683520156703,0.9922516992643349,0.996724022545418,1.0,0.9973569836682551,0.993899583160692,0.989812755772866,0.985922802166167,0.9814337812316851,0.977175302334708,0.9742172810387071,0.9713583183230691,0.9682282351288621,0.9654059209976559,0.9602641553570749,0.954877164412813,0.948581677141727,0.937088890165436,0.9143826055001261,0.7999137117233309,0.24413774179564002
0.751652055487532,0.9135009859451779,0.9411334238257628,0.9517582155323051,0.957931881218168,0.9627741696657479,0.96392431198568,0.968401363479502,0.972649257548135,0.9762652481305809,0.9793786576432779,0.983054777581407,0.9877658064311379,0.993067525230005,0.9973569836682551,1.0,0.9972615389995241,0.9935289006593001,0.9894695207054379,0.9851017981670129,0.9808918471874251,0.977636575913191,0.9747889530431,0.9713215058750669,0.9687202470048509,0.9637812823194809,0.9583290935888541,0.952172999762297,0.94058607333957,0.9178783591052121,0.803220175854277,0.247525956077513
0.749336771775835,0.9110033470408221,0.9392003335259642,0.949909128517945,0.9561081820831541,0.9607315756984599,0.9618074698483579,0.9657654766400909,0.96966816569161,0.9730841737825892,0.976045315998159,0.9797000016332691,0.984304782678425,0.9896482679465459,0.993899583160692,0.9972615389995241,1.0,0.99741257937892,0.993821595434353,0.9897146052683291,0.9855773286004351,0.9821235147201439,0.978976022687455,0.975761698967395,0.97334548837336,0.9684085934666179,0.962358006642234,0.9563014935282791,0.945128295391206,0.921935569949648,0.8054331015722321,0.251659876717906
0.747755149183865,0.9076097818328119,0.935664350389193,0.9466282471097339,0.9531401418871459,0.958010149081875,0.9590356979685749,0.962693493292605,0.966682446310453,0.969946394042412,0.972730685527309,0.9760894958593058,0.9805625430954019,0.985741209462424,0.989812755772866,0.9935289006593001,0.99741257937892,1.0,0.9972972483616851,0.9935602032762622,0.989476342062917,0.9859052385400021,0.9824828702096601,0.978640301514899,0.976413272674202,0.9717250794710091,0.9654419824731479,0.959684044813203,0.948524148128653,0.924423755614791,0.807713978367858,0.253933797443338
0.743426964997585,0.903235764841581,0.931524370037672,0.9423541258006701,0.9486666932767192,0.9540941128032591,0.955184840991402,0.958790308395089,0.962625439243305,0.9659398504699871,0.9688419723429079,0.972007338340433,0.9767219557321791,0.981776890777071,0.985922802166167,0.9894695207054379,0.993821595434353,0.9972972483616851,1.0,0.9972259140678559,0.993827302283175,0.9903178300168609,0.9866560685901691,0.9826772298618279,0.9802824068972309,0.975329247675393,0.968976005907193,0.963668622447052,0.9529115756275099,0.9298635554320401,0.8168666908496679,0.257581507615419
0.739169423856197,0.8994097911736949,0.927284435752333,0.9384434430763661,0.9447247771651709,0.949441307775293,0.9505635862340279,0.953501863909923,0.957449531099042,0.9607834372029591,0.963990741030292,0.9670161266199849,0.97158943567121,0.976759676602075,0.9814337812316851,0.9851017981670129,0.9897146052683291,0.9935602032762622,0.9972259140678559,1.0,0.9972956115693629,0.9938118288831279,0.9899921623982181,0.9858838615433142,0.98326227734303,0.978907388006615,0.973175419799848,0.967588280773995,0.956480727021784,0.933490104614693,0.8219199550870079,0.260672824420022
0.736621277098645,0.895214855267693,0.9222650789381079,0.9330269384986379,0.9393639532280709,0.944270905235205,0.945808084528793,0.9486257083425699,0.9524444251928341,0.95585289825329,0.9592207239835792,0.962081347113325,0.9666899463822609,0.971805242489423,0.977175302334708,0.9808918471874251,0.9855773286004351,0.989476342062917,0.993827302283175,0.9972956115693629,1.0,0.9971111343028372,0.993587201946312,0.989565358967052,0.986909958604195,0.9819395176215041,0.976086659432188,0.9697874631428041,0.95828163535651,0.9355665970968721,0.825277532119812,0.26826947778654103
0.7363836262221329,0.8908737605078149,0.9199522427460429,0.930732146940069,0.937354433359261,0.9415685783443141,0.9431184554177371,0.9461536332615991,0.9495172423461858,0.9528510079944591,0.955922581682232,0.9589551301857281,0.963808172216282,0.968976865595935,0.9742172810387071,0.977636575913191,0.9821235147201439,0.9859052385400021,0.9903178300168609,0.9938118288831279,0.9971111343028372,1.0,0.9969460294967378,0.9931471909763341,0.9899622675993041,0.984564663041649,0.9788475643993481,0.972506062558092,0.961019250663232,0.938023109371953,0.8303072228419069,0.277587473039568
0.733305383098484,0.8871573622557629,0.916531958112715,0.9279075204964309,0.9347164637249441,0.938887360301818,0.9402234359953159,0.9431389048862899,0.946315422284886,0.949234689717607,0.9521100290065392,0.9552868523858822,0.9605484581991941,0.965908984412248,0.9713583183230691,0.9747889530431,0.978976022687455,0.9824828702096601,0.9866560685901691,0.9899921623982181,0.993587201946312,0.9969460294967378,1.0,0.9965887083712192,0.993414136898314,0.9885661982970749,0.983102455779838,0.9760985390723871,0.965356110171818,0.943708574383578,0.840327865669428,0.28442515567772697
0.7279598072313671,0.8820453881592809,0.9124879497909671,0.9238100441955172,0.9311069673001658,0.935519854462952,0.936595796399547,0.9398038007214691,0.943081131771287,0.946344101341107,0.9494791645335979,0.9522109721709939,0.957329368152689,0.9626768207801619,0.9682282351288621,0.9713215058750669,0.975761698967395,0.978640301514899,0.9826772298618279,0.9858838615433142,0.989565358967052,0.9931471909763341,0.9965887083712192,1.0,0.9966876475955341,0.9916789917537719,0.986483531119374,0.979446620344779,0.9686587662967808,0.947043585619857,0.8419223676139741,0.292797233087349
0.724985034689043,0.8773728445394251,0.9088528894605559,0.9200652846864871,0.927905472213179,0.932262705695713,0.933867517110404,0.9367648829109019,0.9403728519090091,0.9438154115812271,0.9470110581532429,0.9496090354803031,0.954593917819187,0.959698830637779,0.9654059209976559,0.9687202470048509,0.97334548837336,0.976413272674202,0.9802824068972309,0.98326227734303,0.986909958604195,0.9899622675993041,0.993414136898314,0.9966876475955341,1.0,0.9956492910897601,0.9905176517177341,0.983311825200887,0.9738843742477751,0.9520691039003628,0.846259415019013,0.29566387940537703
0.719972672648555,0.871073475421585,0.902005824170571,0.913815949388735,0.921691645842129,0.925963880015277,0.927911305868774,0.931013116491907,0.934936527051907,0.9384329698662719,0.941697145009463,0.9444971601443991,0.948833008948401,0.954136659875492,0.9602641553570749,0.9637812823194809,0.9684085934666179,0.9717250794710091,0.975329247675393,0.978907388006615,0.9819395176215041,0.984564663041649,0.9885661982970749,0.9916789917537719,0.9956492910897601,1.0,0.9951709268816601,0.9884720314272251,0.979034600755918,0.957837260580105,0.852854211167183,0.30473274636807596
0.7095997558178351,0.863571688022944,0.896505590170123,0.9079402615224159,0.915410082801708,0.9199209445904041,0.92129115790591,0.924903570706861,0.9288823875509399,0.932790593230629,0.9360844480322421,0.939251465198931,0.943846182468614,0.949053956977984,0.954877164412813,0.9583290935888541,0.962358006642234,0.9654419824731479,0.968976005907193,0.973175419799848,0.976086659432188,0.9788475643993481,0.983102455779838,0.986483531119374,0.9905176517177341,0.9951709268816601,1.0,0.993536048033437,0.985217406280008,0.9639213034008871,0.862816689658593,0.312295706921853
0.697679728989334,0.852016586201277,0.886539213521887,0.898198134579431,0.905443491026443,0.910310604464608,0.9116070058732819,0.9154161621702901,0.919949690939508,0.9245251686525341,0.9285107018022629,0.932058010597027,0.936596373675941,0.9421681709555342,0.948581677141727,0.952172999762297,0.9563014935282791,0.959684044813203,0.963668622447052,0.967588280773995,0.9697874631428041,0.972506062558092,0.9760985390723871,0.979446620344779,0.983311825200887,0.9884720314272251,0.993536048033437,1.0,0.991408255320532,0.971238736164479,0.872629364277595,0.316553403287241
0.684244878187574,0.8387224672721441,0.8737140834718159,0.8853544843518029,0.89353403359383,0.8987473234652491,0.8992883043593208,0.9035331178485991,0.907804880118538,0.912263632994418,0.916448622582762,0.92083470554816,0.925837841075535,0.931530077693042,0.937088890165436,0.94058607333957,0.945128295391206,0.948524148128653,0.9529115756275099,0.956480727021784,0.95828163535651,0.961019250663232,0.965356110171818,0.9686587662967808,0.9738843742477751,0.979034600755918,0.985217406280008,0.991408255320532,1.0,0.981003524360574,0.8907986304258001,0.327448950421723
0.656114855453099,0.8147578895536551,0.84797148599185,0.86033696772874,0.867817198183784,0.8724481828569491,0.873758311986584,0.8780786477111729,0.8829572485011851,0.8878509227493458,0.89267799069264,0.898134754882649,0.90302026927523,0.908593102844664,0.9143826055001261,0.9178783591052121,0.921935569949648,0.924423755614791,0.9298635554320401,0.933490104614693,0.9355665970968721,0.938023109371953,0.943708574383578,0.947043585619857,0.9520691039003628,0.957837260580105,0.9639213034008871,0.971238736164479,0.981003524360574,1.0,0.927974673796241,0.34763012249498404
0.5473839327662,0.696854541901719,0.730337727687302,0.743698146564021,0.7488692676019899,0.753868288129414,0.7549275309841709,0.7598465040750949,0.7657613751936909,0.77163767075185,0.7757444754239871,0.7828045700501519,0.788645631745834,0.795265464898795,0.7999137117233309,0.803220175854277,0.8054331015722321,0.807713978367858,0.8168666908496679,0.8219199550870079,0.825277532119812,0.8303072228419069,0.840327865669428,0.8419223676139741,0.846259415019013,0.852854211167183,0.862816689658593,0.872629364277595,0.8907986304258001,0.927974673796241,1.0,0.4016534016151379
0.122387586808405,0.162003361778014,0.175926072031091,0.173988290578184,0.17682360056920302,0.18189042742874,0.18932065868394896,0.19843530941027898,0.200852110650376,0.20678620121695898,0.213593406843661,0.221965432679554,0.22891016625003896,0.23503180651308397,0.24413774179564002,0.247525956077513,0.251659876717906,0.253933797443338,0.257581507615419,0.260672824420022,0.26826947778654103,0.277587473039568,0.28442515567772697,0.292797233087349,0.29566387940537703,0.30473274636807596,0.312295706921853,0.316553403287241,0.327448950421723,0.34763012249498404,0.4016534016151379,1.0
