1.0,0.644882319477136,0.50040387803641,0.44726242290206203,0.41068850701077797,0.378131194610134,0.35966433236751794,0.348805073615627,0.342194307894141,0.33285816850775396,0.313406645817865,0.310240276604609,0.306774670425622,0.29416643407088106,0.27757699061424396,0.271476834447858,0.26887318752949396,0.260947918153214,0.257669610518284,0.250324249815499,0.24354952963697898,0.238361321206391,0.221359564011011,0.21037603952309197,0.19310169492564302,0.195418252961531,0.176605217703057,0.160576291046228,0.12433169266632,0.07206691537495401,0.056205408756641,0.0163089479506823
0.644882319477136,1.0,0.8660994842861579,0.756348585825222,0.697356557457003,0.6591364048344329,0.631794277512255,0.603387289993834,0.5833218795701999,0.562644332948394,0.5482299414618139,0.536359942943281,0.528960696338334,0.514092433220647,0.495708273906646,0.476445667205629,0.471414833521186,0.46126312415965504,0.447384474787821,0.438942940767635,0.42787099356969,0.417182541628593,0.407196545997089,0.39110440684792896,0.36009803253688394,0.344118124700467,0.315028754323683,0.29364705660310303,0.250272051241224,0.15691089395002303,0.0675557822108836,0.0674603426049628
0.50040387803641,0.8660994842861579,1.0,0.912170220523864,0.8427196025500691,0.80000214325904,0.7697049579764059,0.7433388529786908,0.723869534102791,0.702192584168836,0.6858439322617951,0.670854566638718,0.6578216691985389,0.639987580405385,0.6200769478722951,0.602601418763583,0.594967538642977,0.578840750587098,0.5699652647443311,0.55717267430472,0.5413380364265999,0.5292222955079521,0.5122852468946111,0.495537480933007,0.46970155003042696,0.44019384804100103,0.408284326878135,0.36812077795434295,0.30453262786682894,0.178552171650586,0.070918963513233,0.0741546682459938
0.44726242290206203,0.756348585825222,0.912170220523864,1.0,0.9433045839720421,0.8872820668379592,0.8524942309566601,0.8241886559445458,0.8012778770076209,0.784251196466719,0.7667099114746541,0.7427585836490551,0.72947896882615,0.712689120946683,0.687559809366055,0.669756071221157,0.662999581947841,0.647066934448155,0.637128148671083,0.6207491223967939,0.605132794628629,0.594416898808514,0.5812512131137221,0.56242328518451,0.538383039684712,0.5020200067471551,0.47527644235005,0.42838566704858205,0.347494667639004,0.19529796336038102,0.0786621171486821,0.0693228639586228
0.41068850701077797,0.697356557457003,0.8427196025500691,0.9433045839720421,1.0,0.953720453810337,0.9143642345279079,0.8812510451718158,0.861113720272388,0.8401341200841149,0.8205006977907281,0.7933933341805641,0.779067684518425,0.7590180056492289,0.7369404197600259,0.720211691516187,0.712540984067799,0.699214866676187,0.6895974203755539,0.673097783355523,0.6607370416204,0.651693329731583,0.6407516958588779,0.6193412520142371,0.589896771773357,0.55149265529982,0.525033766217571,0.47229003806671294,0.382757833684066,0.218570337589405,0.0865456504184189,0.0725476364263928
0.378131194610134,0.6591364048344329,0.80000214325904,0.8872820668379592,0.953720453810337,1.0,0.962656141554797,0.931855106629208,0.909431359816178,0.883784026644581,0.863004180488069,0.837103890792407,0.8201271190165681,0.8005077212052479,0.7783296810709169,0.762793199208876,0.754848983293445,0.743632896915761,0.7332140236131601,0.7172195003242271,0.701276351476742,0.688716785211245,0.676971714468625,0.659892927051761,0.6294293192163121,0.584142993099468,0.556344119910167,0.505822447086492,0.40949490403881794,0.24568863251247303,0.10985660927154599,0.0749008540733941
0.35966433236751794,0.631794277512255,0.7697049579764059,0.8524942309566601,0.9143642345279079,0.962656141554797,1.0,0.9677877303866999,0.9441821615200899,0.9152069896214391,0.8898390540577691,0.862786725273811,0.846371458715319,0.830060522810961,0.806236546969324,0.78987276625275,0.78282172247876,0.770954839473602,0.7594457608833141,0.744590341273425,0.7272659412808751,0.718912249040063,0.7073944698166491,0.692216909842377,0.66753359410016,0.620640671002406,0.589225461625509,0.533843166638848,0.426298488280476,0.240132305240789,0.11139997203992401,0.0689228072685145
0.348805073615627,0.603387289993834,0.7433388529786908,0.8241886559445458,0.8812510451718158,0.931855106629208,0.9677877303866999,1.0,0.977861188585092,0.9492516771702841,0.9246026172873929,0.8975609630731121,0.8778126857540891,0.8584663324081451,0.839062379643254,0.826442089548641,0.818184446988077,0.8058169976470579,0.792090175514812,0.7772391827899,0.7579786476405209,0.749592685427611,0.7379872928656609,0.72437673033999,0.697701038940496,0.6542902722177739,0.618380056621913,0.561560573570723,0.447584803236242,0.244125796009779,0.10798925992478099,0.0600330789193516
0.342194307894141,0.5833218795701999,0.723869534102791,0.8012778770076209,0.861113720272388,0.909431359816178,0.9441821615200899,0.977861188585092,1.0,0.9760660712336579,0.9497575111230759,0.923871218575333,0.903204244497854,0.8841404097976379,0.8657480077652259,0.854287393685244,0.845448851066799,0.8318129409670301,0.8178296403904108,0.8027680414643459,0.7857295502441,0.778690314767725,0.764808552837346,0.7490800575143449,0.720640886927763,0.678673268518325,0.643913870049746,0.586584952974286,0.472437769356704,0.25520087394863894,0.11122907564870299,0.06787116065347
0.33285816850775396,0.562644332948394,0.702192584168836,0.784251196466719,0.8401341200841149,0.883784026644581,0.9152069896214391,0.9492516771702841,0.9760660712336579,1.0,0.980934389457992,0.954650196182278,0.933511674445676,0.9126743742713741,0.892421818281427,0.881453783903676,0.8743384695688828,0.864690891776301,0.8509724668365429,0.8363357419337719,0.8191976465746421,0.811509211227844,0.798598631463889,0.7838586499003198,0.757657341585152,0.718601232456532,0.682088623138372,0.624523783737688,0.508813387842619,0.28041006842231603,0.114767434149003,0.0544410890335118
0.313406645817865,0.5482299414618139,0.6858439322617951,0.7667099114746541,0.8205006977907281,0.863004180488069,0.8898390540577691,0.9246026172873929,0.9497575111230759,0.980934389457992,1.0,0.982385658829996,0.9613026601106709,0.940110486703078,0.918238365369979,0.906061067348348,0.898383194101307,0.8866296143781499,0.872707454323207,0.857999402507157,0.840122484334523,0.828842347819023,0.8158935650652959,0.800978283272832,0.7759769529865099,0.7360399756642221,0.700895248008192,0.645824867613238,0.526775412548402,0.295708947870716,0.12089126306985098,0.041690767923833
0.310240276604609,0.536359942943281,0.670854566638718,0.7427585836490551,0.7933933341805641,0.837103890792407,0.862786725273811,0.8975609630731121,0.923871218575333,0.954650196182278,0.982385658829996,1.0,0.984875889084263,0.9628151995561741,0.9404364903079441,0.9259211742142791,0.916385214799368,0.901722327810504,0.887113398169305,0.871241664323995,0.8526131529776999,0.8391359023790601,0.825351220110922,0.8091836684095891,0.785899302642183,0.746495522873375,0.7132639204187041,0.664555757305176,0.5471969912376801,0.314631260645552,0.13272647511882002,0.0298805402556237
0.306774670425622,0.528960696338334,0.6578216691985389,0.72947896882615,0.779067684518425,0.8201271190165681,0.846371458715319,0.8778126857540891,0.903204244497854,0.933511674445676,0.9613026601106709,0.984875889084263,1.0,0.983563472177922,0.96217455445019,0.945721056388644,0.933435059575391,0.9170237138125351,0.9024107667566541,0.886978371859499,0.8657749418966959,0.8523404546047271,0.839422286394143,0.822651294772646,0.7985339339498191,0.759537660217125,0.7293977489095921,0.6754299794511861,0.559701174910982,0.32324826604969503,0.13654965394020901,0.0230245317872231
0.29416643407088106,0.514092433220647,0.639987580405385,0.712689120946683,0.7590180056492289,0.8005077212052479,0.830060522810961,0.8584663324081451,0.8841404097976379,0.9126743742713741,0.940110486703078,0.9628151995561741,0.983563472177922,1.0,0.982860075108967,0.9648530065910479,0.9485874536890251,0.9305088356026171,0.914384909372561,0.89885250691148,0.8763001726395591,0.863251128334779,0.850202200219218,0.831326835525273,0.805341853522692,0.7658489077436641,0.7325741193587141,0.6783346488138922,0.566850158472613,0.329190383436747,0.148283930643712,0.0198004603544765
0.27757699061424396,0.495708273906646,0.6200769478722951,0.687559809366055,0.7369404197600259,0.7783296810709169,0.806236546969324,0.839062379643254,0.8657480077652259,0.892421818281427,0.918238365369979,0.9404364903079441,0.96217455445019,0.982860075108967,1.0,0.9857869824461322,0.970229698219557,0.951240837009809,0.935699112108293,0.920436408761476,0.8977864760022659,0.884598205518626,0.870009474396365,0.851052563172416,0.8261588455083799,0.7868495953249269,0.7489580137433609,0.6939973060121889,0.5806179202026539,0.338118593557228,0.152144011917966,0.0216976119183744
0.271476834447858,0.476445667205629,0.602601418763583,0.669756071221157,0.720211691516187,0.762793199208876,0.78987276625275,0.826442089548641,0.854287393685244,0.881453783903676,0.906061067348348,0.9259211742142791,0.945721056388644,0.9648530065910479,0.9857869824461322,1.0,0.984612368318626,0.9679129373480431,0.953146692148458,0.9369500627297971,0.9138211401218431,0.899472131563008,0.8822290974705981,0.8633839473258829,0.8372552301457471,0.798641306496951,0.7590772987372421,0.699718968564576,0.5877845160792211,0.34251484559798406,0.15816049969320498,0.0259964913904026
0.26887318752949396,0.471414833521186,0.594967538642977,0.662999581947841,0.712540984067799,0.754848983293445,0.78282172247876,0.818184446988077,0.845448851066799,0.8743384695688828,0.898383194101307,0.916385214799368,0.933435059575391,0.9485874536890251,0.970229698219557,0.984612368318626,1.0,0.9816044362349179,0.96527252284107,0.94809485770797,0.925606751899912,0.9090452566908249,0.8913079761881719,0.8729584908228258,0.8459837619093621,0.807918262763208,0.7691812404276271,0.706580217202801,0.596073326788443,0.358556130914938,0.156925505265598,0.0247924554157151
0.260947918153214,0.46126312415965504,0.578840750587098,0.647066934448155,0.699214866676187,0.743632896915761,0.770954839473602,0.8058169976470579,0.8318129409670301,0.864690891776301,0.8866296143781499,0.901722327810504,0.9170237138125351,0.9305088356026171,0.951240837009809,0.9679129373480431,0.9816044362349179,1.0,0.985534214129146,0.9688739047242659,0.9453409641498891,0.92829269845191,0.90965398951078,0.889404418268847,0.8613373266069879,0.820302962538312,0.779289801699961,0.713155405689016,0.603732148601416,0.365549548743495,0.16070957400193303,0.0326836111640996
0.257669610518284,0.447384474787821,0.5699652647443311,0.637128148671083,0.6895974203755539,0.7332140236131601,0.7594457608833141,0.792090175514812,0.8178296403904108,0.8509724668365429,0.872707454323207,0.887113398169305,0.9024107667566541,0.914384909372561,0.935699112108293,0.953146692148458,0.96527252284107,0.985534214129146,1.0,0.9869878978334542,0.9658838964888841,0.948806828517388,0.9277552325432751,0.9067193181323059,0.8800197804799029,0.842783712342543,0.7995559153060059,0.73129059793623,0.6193557903987579,0.380035023153182,0.174889901124485,0.0354082839011697
0.250324249815499,0.438942940767635,0.55717267430472,0.6207491223967939,0.673097783355523,0.7172195003242271,0.744590341273425,0.7772391827899,0.8027680414643459,0.8363357419337719,0.857999402507157,0.871241664323995,0.886978371859499,0.89885250691148,0.920436408761476,0.9369500627297971,0.94809485770797,0.9688739047242659,0.9869878978334542,1.0,0.983555555578388,0.9648973498945741,0.9435673826775358,0.921805893036581,0.894189799853368,0.857404416140475,0.813243198683667,0.7418350759079,0.628575321331011,0.38250551728064097,0.17695606652034498,0.0376068474628251
0.24354952963697898,0.42787099356969,0.5413380364265999,0.605132794628629,0.6607370416204,0.701276351476742,0.7272659412808751,0.7579786476405209,0.7857295502441,0.8191976465746421,0.840122484334523,0.8526131529776999,0.8657749418966959,0.8763001726395591,0.8977864760022659,0.9138211401218431,0.925606751899912,0.9453409641498891,0.9658838964888841,0.983555555578388,1.0,0.985774546060688,0.965461441262416,0.9399991820688149,0.9108715042137461,0.8762166779923621,0.8348947480337271,0.7657380175737759,0.652176618190644,0.400332118881088,0.19045772617099602,0.0266141889110438
0.238361321206391,0.417182541628593,0.5292222955079521,0.594416898808514,0.651693329731583,0.688716785211245,0.718912249040063,0.749592685427611,0.778690314767725,0.811509211227844,0.828842347819023,0.8391359023790601,0.8523404546047271,0.863251128334779,0.884598205518626,0.899472131563008,0.9090452566908249,0.92829269845191,0.948806828517388,0.9648973498945741,0.985774546060688,1.0,0.984104951448683,0.9585841466327042,0.92769411834621,0.890970411843771,0.851501771288795,0.7830177546315241,0.6638665563480141,0.406450959120464,0.19708558135619197,0.0186631438623713
0.221359564011011,0.407196545997089,0.5122852468946111,0.5812512131137221,0.6407516958588779,0.676971714468625,0.7073944698166491,0.7379872928656609,0.764808552837346,0.798598631463889,0.8158935650652959,0.825351220110922,0.839422286394143,0.850202200219218,0.870009474396365,0.8822290974705981,0.8913079761881719,0.90965398951078,0.9277552325432751,0.9435673826775358,0.965461441262416,0.984104951448683,1.0,0.979230691083675,0.950456769041366,0.9118863543778449,0.8716945955399859,0.7988511373059181,0.6788700265857629,0.41846496413800105,0.206624768439707,0.0221856198120912
0.21037603952309197,0.39110440684792896,0.495537480933007,0.56242328518451,0.6193412520142371,0.659892927051761,0.692216909842377,0.72437673033999,0.7490800575143449,0.7838586499003198,0.800978283272832,0.8091836684095891,0.822651294772646,0.831326835525273,0.851052563172416,0.8633839473258829,0.8729584908228258,0.889404418268847,0.9067193181323059,0.921805893036581,0.9399991820688149,0.9585841466327042,0.979230691083675,1.0,0.973850723131375,0.9334676343345921,0.889924428366966,0.8164827446437509,0.691990227599612,0.42985444570615394,0.218744960050562,0.0182546639388333
0.19310169492564302,0.36009803253688394,0.46970155003042696,0.538383039684712,0.589896771773357,0.6294293192163121,0.66753359410016,0.697701038940496,0.720640886927763,0.757657341585152,0.7759769529865099,0.785899302642183,0.7985339339498191,0.805341853522692,0.8261588455083799,0.8372552301457471,0.8459837619093621,0.8613373266069879,0.8800197804799029,0.894189799853368,0.9108715042137461,0.92769411834621,0.950456769041366,0.973850723131375,1.0,0.9609041406504459,0.9161446022627521,0.8446937593582969,0.722087154313187,0.453939064147794,0.23338493331144602,0.0121782984237761
0.195418252961531,0.344118124700467,0.44019384804100103,0.5020200067471551,0.55149265529982,0.584142993099468,0.620640671002406,0.6542902722177739,0.678673268518325,0.718601232456532,0.7360399756642221,0.746495522873375,0.759537660217125,0.7658489077436641,0.7868495953249269,0.798641306496951,0.807918262763208,0.820302962538312,0.842783712342543,0.857404416140475,0.8762166779923621,0.890970411843771,0.9118863543778449,0.9334676343345921,0.9609041406504459,1.0,0.9574985048893679,0.8875248128866509,0.7646953731224209,0.5031456134189111,0.268667331173933,0.016338633894853998
0.176605217703057,0.315028754323683,0.408284326878135,0.47527644235005,0.525033766217571,0.556344119910167,0.589225461625509,0.618380056621913,0.643913870049746,0.682088623138372,0.700895248008192,0.7132639204187041,0.7293977489095921,0.7325741193587141,0.7489580137433609,0.7590772987372421,0.7691812404276271,0.779289801699961,0.7995559153060059,0.813243198683667,0.8348947480337271,0.851501771288795,0.8716945955399859,0.889924428366966,0.9161446022627521,0.9574985048893679,1.0,0.935783961845578,0.8066926547790301,0.539958034231148,0.30880826643772097,0.0109448418026005
0.160576291046228,0.29364705660310303,0.36812077795434295,0.42838566704858205,0.47229003806671294,0.505822447086492,0.533843166638848,0.561560573570723,0.586584952974286,0.624523783737688,0.645824867613238,0.664555757305176,0.6754299794511861,0.6783346488138922,0.6939973060121889,0.699718968564576,0.706580217202801,0.713155405689016,0.73129059793623,0.7418350759079,0.7657380175737759,0.7830177546315241,0.7988511373059181,0.8164827446437509,0.8446937593582969,0.8875248128866509,0.935783961845578,1.0,0.8887918344307428,0.617792849143646,0.3577589561845829,0.0253071506180627
0.12433169266632,0.250272051241224,0.30453262786682894,0.347494667639004,0.382757833684066,0.40949490403881794,0.426298488280476,0.447584803236242,0.472437769356704,0.508813387842619,0.526775412548402,0.5471969912376801,0.559701174910982,0.566850158472613,0.5806179202026539,0.5877845160792211,0.596073326788443,0.603732148601416,0.6193557903987579,0.628575321331011,0.652176618190644,0.6638665563480141,0.6788700265857629,0.691990227599612,0.722087154313187,0.7646953731224209,0.8066926547790301,0.8887918344307428,1.0,0.768646346622473,0.454861183058729,0.0864728493627742
0.07206691537495401,0.15691089395002303,0.178552171650586,0.19529796336038102,0.218570337589405,0.24568863251247303,0.240132305240789,0.244125796009779,0.25520087394863894,0.28041006842231603,0.295708947870716,0.314631260645552,0.32324826604969503,0.329190383436747,0.338118593557228,0.34251484559798406,0.358556130914938,0.365549548743495,0.380035023153182,0.38250551728064097,0.400332118881088,0.406450959120464,0.41846496413800105,0.42985444570615394,0.453939064147794,0.5031456134189111,0.539958034231148,0.617792849143646,0.768646346622473,1.0,0.6353783210698171,0.142326356593775
0.056205408756641,0.0675557822108836,0.070918963513233,0.0786621171486821,0.0865456504184189,0.10985660927154599,0.11139997203992401,0.10798925992478099,0.11122907564870299,0.114767434149003,0.12089126306985098,0.13272647511882002,0.13654965394020901,0.148283930643712,0.152144011917966,0.15816049969320498,0.156925505265598,0.16070957400193303,0.174889901124485,0.17695606652034498,0.19045772617099602,0.19708558135619197,0.206624768439707,0.218744960050562,0.23338493331144602,0.268667331173933,0.30880826643772097,0.3577589561845829,0.454861183058729,0.6353783210698171,1.0,0.32578730733392497
0.0163089479506823,0.0674603426049628,0.0741546682459938,0.0693228639586228,0.0725476364263928,0.0749008540733941,0.0689228072685145,0.0600330789193516,0.06787116065347,0.0544410890335118,0.041690767923833,0.0298805402556237,0.0230245317872231,0.0198004603544765,0.0216976119183744,0.0259964913904026,0.0247924554157151,0.0326836111640996,0.0354082839011697,0.0376068474628251,0.0266141889110438,0.0186631438623713,0.0221856198120912,0.0182546639388333,0.0121782984237761,0.016338633894853998,0.0109448418026005,0.0253071506180627,0.0864728493627742,0.142326356593775,0.32578730733392497,1.0
