1.0,0.991070224016587,0.95530382782519,0.8776482267903442,0.8546073070047641,0.8402724974401858,0.810289543619677,0.7765690732339509,0.7598483630844499,0.7327124498878442,0.69750522178888,0.665249141607227,0.621208583976016,0.571901519291827,0.532851259033687,0.516583979894249,0.496658724438626,0.475340009566984,0.463382683329687,0.45057695413124504,0.43593451793885796,0.421678644581419,0.407023431358484,0.391627441044733,0.37721979012549994,0.37918058613776295,0.37070834862894,0.35707721699019296,0.348217275534503,0.328687015005714,0.300849917770125,0.279018531672248
0.991070224016587,1.0,0.9861922021614771,0.933722055285632,0.9150474643276569,0.8987775382540519,0.8657191333765,0.828956077428682,0.8111306985056509,0.7821865349577659,0.7446247813745409,0.7100565241646459,0.6628893225244399,0.610132952715135,0.568452326472772,0.5513650649142701,0.5303383244999029,0.50778936610595,0.4951549740727039,0.48157111792787893,0.466005133816372,0.450976282998641,0.43588369500749996,0.419859133798073,0.40478850228915403,0.406756669155767,0.39743824863257704,0.382665176500926,0.3733121231126,0.353219450646055,0.323808649098186,0.300639968260357
0.95530382782519,0.9861922021614771,1.0,0.980115715428819,0.967328915946081,0.9490607362804979,0.913005826474602,0.8733793227691931,0.8546258051589841,0.8241565178401039,0.7846057490582908,0.748026539074169,0.6981505372233551,0.642423794055912,0.598514121215822,0.580833913550058,0.5589626969810071,0.5354472494196939,0.522286539964228,0.50807449201816,0.4917490599283521,0.476134390649927,0.46087437786211105,0.444468137518413,0.428949340053197,0.43087765732103994,0.42074031981168797,0.404916821687337,0.39518421545455107,0.374893319860481,0.34426031093465803,0.32000761710260806
0.8776482267903442,0.933722055285632,0.980115715428819,1.0,0.9947337282275059,0.9747367378613531,0.9364048655512629,0.89479093632886,0.875608494351528,0.8444217686992271,0.8039285560040429,0.7662723665466731,0.714967613118764,0.6577118377868759,0.6127309059409449,0.594984300605332,0.5728979774486851,0.549081125168303,0.53576921266946,0.521322195241808,0.504681511074478,0.48893373952404706,0.47402902188884793,0.457763113866369,0.442272656154635,0.4440829797192489,0.4333337103380421,0.416828026987736,0.406995188864505,0.38720595462417895,0.356224424374443,0.33155636632213104
0.8546073070047641,0.9150474643276569,0.967328915946081,0.9947337282275059,1.0,0.9918298562439319,0.9656636563722549,0.933038899916083,0.9151310306882929,0.884617972241664,0.8442399253879092,0.8062037076873809,0.7534515105765459,0.694192986197495,0.647700438617564,0.6298951438266639,0.607369799315208,0.582887674814176,0.569129864691982,0.5539992225288579,0.5364962055696401,0.5202356588071471,0.505725227787421,0.48944206951603203,0.473744700377004,0.475340520034694,0.4632750846174529,0.44524126218731,0.43441533593307396,0.41298014720513204,0.37975130991887207,0.35333397408991607
0.8402724974401858,0.8987775382540519,0.9490607362804979,0.9747367378613531,0.9918298562439319,1.0,0.990915578628095,0.971097226849631,0.9551439480264291,0.9259587897034951,0.886300254263473,0.848345091851375,0.7944585252146641,0.7334009648825089,0.685539241356022,0.667803635733064,0.644917923573164,0.619812819855074,0.6056035220614351,0.589738513435783,0.57130320097109,0.554514767407831,0.5405319193884329,0.524302620869353,0.5084344113513279,0.50976683292379,0.496210602265976,0.476466748251685,0.464423301358263,0.44080123753254496,0.40491569820020795,0.376476304550006
0.810289543619677,0.8657191333765,0.913005826474602,0.9364048655512629,0.9656636563722549,0.990915578628095,1.0,0.994033241793973,0.980422879587608,0.953154136733711,0.914955990733119,0.8777579945191321,0.8236292082830159,0.7617556285562881,0.7132975208844151,0.69594926122769,0.6730886621333709,0.647771097222261,0.633337299547413,0.616978874731287,0.597886972182908,0.5808391412521801,0.567659948362207,0.5517746499831729,0.5360071652734311,0.5370383248287629,0.5221503705778471,0.500953174245789,0.48783932454051293,0.46232985217413297,0.4242786342637371,0.39421084208594703
0.7765690732339509,0.828956077428682,0.8733793227691931,0.89479093632886,0.933038899916083,0.971097226849631,0.994033241793973,1.0,0.9925360681810121,0.971070752256823,0.938132600686119,0.9038788322547842,0.8511074466527858,0.7897672281124091,0.7415726788118349,0.7246972944908159,0.701929704143178,0.676452685659543,0.6613086288389279,0.643892295870076,0.623687181105942,0.6058928916387951,0.592799805446458,0.5767264261364741,0.5606597807077071,0.561404806116235,0.545405934449328,0.52296189812368,0.5087934157468179,0.48114099210221,0.440919489411611,0.40926771336472706
0.7598483630844499,0.8111306985056509,0.8546258051589841,0.875608494351528,0.9151310306882929,0.9551439480264291,0.980422879587608,0.9925360681810121,1.0,0.992943767857512,0.9733593266024341,0.94625903747564,0.897170162708925,0.837879480321603,0.7906497091988359,0.773913276847542,0.750720101445252,0.7244704009986271,0.7070060715144231,0.6866883501081021,0.663720274480292,0.643490400382813,0.628275035078438,0.610209526687764,0.5923836110212171,0.5929300298560021,0.576003592754313,0.5522801369876971,0.536772970003928,0.505709536864904,0.4623088827136961,0.428388556118732
0.7327124498878442,0.7821865349577659,0.8241565178401039,0.8444217686992271,0.884617972241664,0.9259587897034951,0.953154136733711,0.971070752256823,0.992943767857512,1.0,0.9936811041858159,0.973924810366262,0.9291194939257309,0.872670488352058,0.8270549281233679,0.810693181854468,0.7874181571828471,0.7607928405135579,0.7413222549145659,0.718474041721164,0.693148019606919,0.670839346044932,0.653778062365265,0.634033991595808,0.614752516994335,0.6150979883288921,0.597511870595709,0.572883883571997,0.556296946055885,0.52236127945018,0.476490449037929,0.44084971549062496
0.69750522178888,0.7446247813745409,0.7846057490582908,0.8039285560040429,0.8442399253879092,0.886300254263473,0.914955990733119,0.938132600686119,0.9733593266024341,0.9936811041858159,1.0,0.9874514826006671,0.9472828551505039,0.8942571561138042,0.850762314339923,0.8349678656559729,0.811917889466216,0.78528312028528,0.7641667094930958,0.739220389843142,0.7119917784795129,0.6880055065326589,0.6694188402265,0.648342656639589,0.62793412639702,0.628084913333523,0.6101029927019761,0.584938981806702,0.567545645040524,0.531332527498308,0.48371991551955,0.44691408110152503
0.665249141607227,0.7100565241646459,0.748026539074169,0.7662723665466731,0.8062037076873809,0.848345091851375,0.8777579945191321,0.9038788322547842,0.94625903747564,0.973924810366262,0.9874514826006671,1.0,0.985839351359283,0.9533552168651949,0.922452266904842,0.9078017875214591,0.8849402955986171,0.8578612535478671,0.83360450297483,0.804491311682329,0.7732590089770051,0.745982795573266,0.7252329308305999,0.7019273558864779,0.679451627607958,0.6782156452026279,0.657508043973359,0.629490672014084,0.610139429615141,0.5708878485936221,0.519537850116416,0.4798802021827439
0.621208583976016,0.6628893225244399,0.6981505372233551,0.714967613118764,0.7534515105765459,0.7944585252146641,0.8236292082830159,0.8511074466527858,0.897170162708925,0.9291194939257309,0.9472828551505039,0.985839351359283,1.0,0.9904731819392909,0.973911107412926,0.960766633663533,0.9386300833024509,0.911730283183103,0.8849659677386479,0.85242806248045,0.8179585589036779,0.788090311737631,0.7658095507065691,0.7409153388091241,0.716961639792874,0.714252245232528,0.6911068862872011,0.660725151043155,0.63986200230927,0.5987446679579971,0.5449169097101261,0.503340312427355
0.571901519291827,0.610132952715135,0.642423794055912,0.6577118377868759,0.694192986197495,0.7334009648825089,0.7617556285562881,0.7897672281124091,0.837879480321603,0.872670488352058,0.8942571561138042,0.9533552168651949,0.9904731819392909,1.0,0.995564743516418,0.9839350465715709,0.962862108401295,0.9366785705376209,0.908421298577305,0.873759433930649,0.837360816475625,0.8059959131027199,0.782929365691684,0.757257240162117,0.7325966076224201,0.728734594121321,0.704077042939854,0.6723964729530999,0.650733142052965,0.6089535359995161,0.5542298308283471,0.511956994153221
0.532851259033687,0.568452326472772,0.598514121215822,0.6127309059409449,0.647700438617564,0.685539241356022,0.7132975208844151,0.7415726788118349,0.7906497091988359,0.8270549281233679,0.850762314339923,0.922452266904842,0.973911107412926,0.995564743516418,1.0,0.993192618573273,0.976222258515818,0.953467276182975,0.9266335631581,0.892476944895538,0.8563146908598029,0.825084072215312,0.802083919879447,0.776269098705302,0.7513809996898471,0.745103905379444,0.7174842544802421,0.6835153284874189,0.6617918682545489,0.624008602367678,0.570763150817339,0.5290863600908781
0.516583979894249,0.5513650649142701,0.580833913550058,0.594984300605332,0.6298951438266639,0.667803635733064,0.69594926122769,0.7246972944908159,0.773913276847542,0.810693181854468,0.8349678656559729,0.9078017875214591,0.960766633663533,0.9839350465715709,0.993192618573273,1.0,0.994827118525265,0.9820960525012241,0.9629426690155071,0.934412936912723,0.9024405567473058,0.874205754800244,0.8525967907136579,0.8273415217883191,0.802578264230967,0.7901086816687221,0.7546076014367309,0.714519000613346,0.693801261007456,0.670727026453185,0.623367954820752,0.5842938503212071
0.496658724438626,0.5303383244999029,0.5589626969810071,0.5728979774486851,0.607369799315208,0.644917923573164,0.6730886621333709,0.701929704143178,0.750720101445252,0.7874181571828471,0.811917889466216,0.8849402955986171,0.9386300833024509,0.962862108401295,0.976222258515818,0.994827118525265,1.0,0.996151983399124,0.983909212421581,0.9606035005448209,0.9326402028840859,0.9073316527407651,0.887175973568435,0.862689248338073,0.8383099677624192,0.8205785962706691,0.778598709422938,0.7336186501463249,0.7140081374835241,0.7040176343693471,0.6623180644824879,0.625947790745314
0.475340009566984,0.50778936610595,0.5354472494196939,0.549081125168303,0.582887674814176,0.619812819855074,0.647771097222261,0.676452685659543,0.7244704009986271,0.7607928405135579,0.78528312028528,0.8578612535478671,0.911730283183103,0.9366785705376209,0.953467276182975,0.9820960525012241,0.996151983399124,1.0,0.9938212666945179,0.975216391292507,0.9509444244245049,0.9283709046425329,0.9096365945652192,0.8860164579111579,0.8621710792885708,0.8400473462485469,0.7928266185804449,0.7440001736272159,0.7255079298034441,0.726888743929105,0.69041860410695,0.6566833963349
0.463382683329687,0.4951549740727039,0.522286539964228,0.53576921266946,0.569129864691982,0.6056035220614351,0.633337299547413,0.6613086288389279,0.7070060715144231,0.7413222549145659,0.7641667094930958,0.83360450297483,0.8849659677386479,0.908421298577305,0.9266335631581,0.9629426690155071,0.983909212421581,0.9938212666945179,1.0,0.993666217200279,0.979214344441831,0.963493353248615,0.946821760722097,0.9244127968312259,0.9012782393113771,0.876664148220121,0.8254281392760808,0.7731921164723091,0.7547796927205229,0.7621175881468341,0.727195735608392,0.6937476262058629
0.45057695413124504,0.48157111792787893,0.50807449201816,0.521322195241808,0.5539992225288579,0.589738513435783,0.616978874731287,0.643892295870076,0.6866883501081021,0.718474041721164,0.739220389843142,0.804491311682329,0.85242806248045,0.873759433930649,0.892476944895538,0.934412936912723,0.9606035005448209,0.975216391292507,0.993666217200279,1.0,0.9958044050180809,0.9872584691577599,0.9727162042044529,0.95168390398155,0.9294572653363851,0.9034576339428531,0.849624580733034,0.795116969218985,0.7766958135996509,0.7876702301870759,0.753486153798869,0.7200229696528091
0.43593451793885796,0.466005133816372,0.4917490599283521,0.504681511074478,0.5364962055696401,0.57130320097109,0.597886972182908,0.623687181105942,0.663720274480292,0.693148019606919,0.7119917784795129,0.7732590089770051,0.8179585589036779,0.837360816475625,0.8563146908598029,0.9024405567473058,0.9326402028840859,0.9509444244245049,0.979214344441831,0.9958044050180809,1.0,0.99737682681551,0.9847045462667081,0.9649900207474,0.943710617105273,0.9168258888891601,0.861381516330791,0.805533921563264,0.78727795496948,0.80111103534078,0.767847484579826,0.7346850177262271
0.421678644581419,0.450976282998641,0.476134390649927,0.48893373952404706,0.5202356588071471,0.554514767407831,0.5808391412521801,0.6058928916387951,0.643490400382813,0.670839346044932,0.6880055065326589,0.745982795573266,0.788090311737631,0.8059959131027199,0.825084072215312,0.874205754800244,0.9073316527407651,0.9283709046425329,0.963493353248615,0.9872584691577599,0.99737682681551,1.0,0.9925656790298679,0.976802539467972,0.95853495687141,0.931910450623173,0.875427689446158,0.8185786319693771,0.8001097342392328,0.814656656986088,0.781100849534341,0.7475342698676659
0.407023431358484,0.43588369500749996,0.46087437786211105,0.47402902188884793,0.505725227787421,0.5405319193884329,0.567659948362207,0.592799805446458,0.628275035078438,0.653778062365265,0.6694188402265,0.7252329308305999,0.7658095507065691,0.782929365691684,0.802083919879447,0.8525967907136579,0.887175973568435,0.9096365945652192,0.946821760722097,0.9727162042044529,0.9847045462667081,0.9925656790298679,1.0,0.995603942312475,0.986093261592816,0.962368707854715,0.9055038272389542,0.8477552153959781,0.827968452408042,0.838399256232933,0.8013096845630691,0.7652833067066941
0.391627441044733,0.419859133798073,0.444468137518413,0.457763113866369,0.48944206951603203,0.524302620869353,0.5517746499831729,0.5767264261364741,0.610209526687764,0.634033991595808,0.648342656639589,0.7019273558864779,0.7409153388091241,0.757257240162117,0.776269098705302,0.8273415217883191,0.862689248338073,0.8860164579111579,0.9244127968312259,0.95168390398155,0.9649900207474,0.976802539467972,0.995603942312475,1.0,0.9973244929801801,0.9760716498363701,0.919488019493638,0.8616314021367281,0.841030650904413,0.8481883279972079,0.8087545592912009,0.771199708013573
0.37721979012549994,0.40478850228915403,0.428949340053197,0.442272656154635,0.473744700377004,0.5084344113513279,0.5360071652734311,0.5606597807077071,0.5923836110212171,0.614752516994335,0.62793412639702,0.679451627607958,0.716961639792874,0.7325966076224201,0.7513809996898471,0.802578264230967,0.8383099677624192,0.8621710792885708,0.9012782393113771,0.9294572653363851,0.943710617105273,0.95853495687141,0.986093261592816,0.9973244929801801,1.0,0.98080604377754,0.9247874508408879,0.8671998403474921,0.846089591196665,0.850648969192015,0.809626418370118,0.7711079624876709
0.37918058613776295,0.406756669155767,0.43087765732103994,0.4440829797192489,0.475340520034694,0.50976683292379,0.5370383248287629,0.561404806116235,0.5929300298560021,0.6150979883288921,0.628084913333523,0.6782156452026279,0.714252245232528,0.728734594121321,0.745103905379444,0.7901086816687221,0.8205785962706691,0.8400473462485469,0.876664148220121,0.9034576339428531,0.9168258888891601,0.931910450623173,0.962368707854715,0.9760716498363701,0.98080604377754,1.0,0.981144775763372,0.9474797484694871,0.9321539122758811,0.903788956255016,0.8415088804512009,0.789747328953685
0.37070834862894,0.39743824863257704,0.42074031981168797,0.4333337103380421,0.4632750846174529,0.496210602265976,0.5221503705778471,0.545405934449328,0.576003592754313,0.597511870595709,0.6101029927019761,0.657508043973359,0.6911068862872011,0.704077042939854,0.7174842544802421,0.7546076014367309,0.778598709422938,0.7928266185804449,0.8254281392760808,0.849624580733034,0.861381516330791,0.875427689446158,0.9055038272389542,0.919488019493638,0.9247874508408879,0.981144775763372,1.0,0.9914269527255659,0.9825748757970061,0.9229799494695279,0.842135803038865,0.77928069402143
0.35707721699019296,0.382665176500926,0.404916821687337,0.416828026987736,0.44524126218731,0.476466748251685,0.500953174245789,0.52296189812368,0.5522801369876971,0.572883883571997,0.584938981806702,0.629490672014084,0.660725151043155,0.6723964729530999,0.6835153284874189,0.714519000613346,0.7336186501463249,0.7440001736272159,0.7731921164723091,0.795116969218985,0.805533921563264,0.8185786319693771,0.8477552153959781,0.8616314021367281,0.8671998403474921,0.9474797484694871,0.9914269527255659,1.0,0.9957132046252221,0.9162759673765231,0.824605266946619,0.7555904828240341
0.348217275534503,0.3733121231126,0.39518421545455107,0.406995188864505,0.43441533593307396,0.464423301358263,0.48783932454051293,0.5087934157468179,0.536772970003928,0.556296946055885,0.567545645040524,0.610139429615141,0.63986200230927,0.650733142052965,0.6617918682545489,0.693801261007456,0.7140081374835241,0.7255079298034441,0.7547796927205229,0.7766958135996509,0.78727795496948,0.8001097342392328,0.827968452408042,0.841030650904413,0.846089591196665,0.9321539122758811,0.9825748757970061,0.9957132046252221,1.0,0.9413285567867491,0.860064053277599,0.796647355787622
0.328687015005714,0.353219450646055,0.374893319860481,0.38720595462417895,0.41298014720513204,0.44080123753254496,0.46232985217413297,0.48114099210221,0.505709536864904,0.52236127945018,0.531332527498308,0.5708878485936221,0.5987446679579971,0.6089535359995161,0.624008602367678,0.670727026453185,0.7040176343693471,0.726888743929105,0.7621175881468341,0.7876702301870759,0.80111103534078,0.814656656986088,0.838399256232933,0.8481883279972079,0.850648969192015,0.903788956255016,0.9229799494695279,0.9162759673765231,0.9413285567867491,1.0,0.981786342388914,0.9539017730245949
0.300849917770125,0.323808649098186,0.34426031093465803,0.356224424374443,0.37975130991887207,0.40491569820020795,0.4242786342637371,0.440919489411611,0.4623088827136961,0.476490449037929,0.48371991551955,0.519537850116416,0.5449169097101261,0.5542298308283471,0.570763150817339,0.623367954820752,0.6623180644824879,0.69041860410695,0.727195735608392,0.753486153798869,0.767847484579826,0.781100849534341,0.8013096845630691,0.8087545592912009,0.809626418370118,0.8415088804512009,0.842135803038865,0.824605266946619,0.860064053277599,0.981786342388914,1.0,0.99354684797815
0.279018531672248,0.300639968260357,0.32000761710260806,0.33155636632213104,0.35333397408991607,0.376476304550006,0.39421084208594703,0.40926771336472706,0.428388556118732,0.44084971549062496,0.44691408110152503,0.4798802021827439,0.503340312427355,0.511956994153221,0.5290863600908781,0.5842938503212071,0.625947790745314,0.6566833963349,0.6937476262058629,0.7200229696528091,0.7346850177262271,0.7475342698676659,0.7652833067066941,0.771199708013573,0.7711079624876709,0.789747328953685,0.77928069402143,0.7555904828240341,0.796647355787622,0.9539017730245949,0.99354684797815,1.0
