1.0,0.9858011165052891,0.9151886774170859,0.829063866770277,0.818857234385473,0.7913476134272459,0.768594098626345,0.7492240883607351,0.7141190593431701,0.6828780481952371,0.649686173931145,0.608844290947639,0.590784017451374,0.573307468911456,0.551361426571216,0.532194723926136,0.512661729145013,0.493661394886463,0.480560270043445,0.4666379944236939,0.45541795907524696,0.450042527462175,0.437188843237476,0.413048417021117,0.36764450374893104,0.331001348362954,0.333358056778464,0.349646112976422,0.34842536601782004,0.378881390454074,0.38335676853660294,0.36963299060790705
0.9858011165052891,1.0,0.9698689279727979,0.9107834361232309,0.898775152051341,0.8676808983586579,0.842775435654513,0.8224220632529141,0.784834636575467,0.7523023506118891,0.717930680597845,0.675010374287802,0.656127995227194,0.6375806705040439,0.6140040253883431,0.592826063245921,0.571182050611967,0.550176712454919,0.536575536220644,0.521963549032426,0.510462878474452,0.506037498199156,0.49290254177247705,0.46706377976086,0.417192198866954,0.376617422676104,0.378787703385093,0.395674791459162,0.39326201861803395,0.422331280689954,0.422091763956416,0.40405483859545
0.9151886774170859,0.9698689279727979,1.0,0.983142789567907,0.9691297315225931,0.934412083313598,0.9076479081441959,0.8869003627035451,0.8476181616126509,0.814862818502462,0.780523149390177,0.7367647335021541,0.7176475187399151,0.698487569560553,0.673741206836683,0.650719550708598,0.627110750494375,0.6042620369173579,0.590625360810978,0.575753980300595,0.564429593351941,0.561607129996645,0.548730443447078,0.521738453001252,0.46791491137434105,0.423694268353225,0.42548396263356103,0.442383458587407,0.4383636058749679,0.46394610494166605,0.45687800080323493,0.433498271376444
0.829063866770277,0.9107834361232309,0.983142789567907,1.0,0.9916857387322171,0.962890050106083,0.939146862048154,0.918844871615686,0.8793908326229108,0.847423251474706,0.814067778967117,0.7707874004070151,0.751784372678772,0.7323716617159781,0.707056788899996,0.683229932353801,0.6587311771368011,0.6350255036648149,0.621387866850484,0.606386336203381,0.595225096965335,0.593552353760193,0.581009971181506,0.553974603353138,0.49902322876510097,0.45335661909559494,0.454630247060322,0.47047636151695704,0.464781879618242,0.48662931972356605,0.4740283837212779,0.44678767566135996
0.818857234385473,0.898775152051341,0.9691297315225931,0.9916857387322171,1.0,0.989615180586225,0.9745357654172919,0.9543433437345842,0.914296569996642,0.8819870525193101,0.8481838856719549,0.804000724584496,0.784130061709672,0.76362058435958,0.7369748634481109,0.7125945431709829,0.687503159809552,0.663129216121625,0.648428592653566,0.6323476708251939,0.620337406329848,0.61837812631731,0.605134826340059,0.577857109635901,0.522834930907789,0.47654465316080197,0.477375204487269,0.49197790695499705,0.48470991549747,0.5057208852788471,0.491189360424503,0.462127417906608
0.7913476134272459,0.8676808983586579,0.934412083313598,0.962890050106083,0.989615180586225,1.0,0.9948948536206059,0.975222048646345,0.9353009785455308,0.9032451045235521,0.8696068302134471,0.825284413678919,0.8048354794863241,0.783504352931835,0.7558962207553079,0.73137727971411,0.706117516128705,0.6814765848519829,0.6658777729228139,0.648907491688275,0.6361851135151559,0.633944308569648,0.620178590985209,0.593166773373475,0.539147902982543,0.493071598074331,0.49339088435795003,0.506317403271019,0.497434742986392,0.5170980284103189,0.50069585772706,0.47017126351743294
0.768594098626345,0.842775435654513,0.9076479081441959,0.939146862048154,0.9745357654172919,0.9948948536206059,1.0,0.9906438970941379,0.9611665137703241,0.934561255440146,0.903787865593045,0.861737844212115,0.842307410238346,0.8213762941088109,0.793770130786117,0.770650760841195,0.7465280463017709,0.722671229175096,0.706838871392701,0.689484270748746,0.676230027730289,0.672697783007327,0.657150656042723,0.631173609304308,0.5811267085989129,0.536448510296388,0.535226182875588,0.542832243403334,0.529135665839148,0.54599322024029,0.5258262644444249,0.492103616268558
0.7492240883607351,0.8224220632529141,0.8869003627035451,0.918844871615686,0.9543433437345842,0.975222048646345,0.9906438970941379,1.0,0.989835856224367,0.9731612459512601,0.9476005987745308,0.909940394394036,0.8929245415050949,0.873472336413721,0.8467361353419091,0.826362805539487,0.8045257940663331,0.7823845374616,0.7669150667864141,0.7496376936118071,0.736028447788548,0.7303468471229779,0.711963909806955,0.6877092213755,0.644228140160942,0.6020144374803821,0.5983743324156321,0.597545292805801,0.576326593080801,0.5891215275885021,0.5636092574748941,0.525256787963936
0.7141190593431701,0.784834636575467,0.8476181616126509,0.8793908326229108,0.914296569996642,0.9353009785455308,0.9611665137703241,0.989835856224367,1.0,0.994005944933018,0.9743863888833821,0.9420506734877329,0.9278898519845259,0.9103661555234029,0.885068944582614,0.867962912505471,0.848942639795597,0.8290300483285409,0.8142467917331999,0.797393955775654,0.7836857832108,0.7758775314543029,0.7549055382341809,0.732928685471055,0.697155571521115,0.6583507030221071,0.6522635766448829,0.6426610239916191,0.6140262425248361,0.62233281761641,0.59175836861888,0.5493450176164469
0.6828780481952371,0.7523023506118891,0.814862818502462,0.847423251474706,0.8819870525193101,0.9032451045235521,0.934561255440146,0.9731612459512601,0.994005944933018,1.0,0.992608309202452,0.9717436683794001,0.960778026474917,0.9442991038791801,0.9196446378179441,0.9053119512740201,0.8887054297582808,0.870731374026313,0.8570709696065021,0.8410583119750121,0.827631069746738,0.818041277830995,0.7948246222979091,0.77524345491942,0.747048012123499,0.711646532725052,0.7045207888590149,0.6886593671595129,0.654256358628107,0.656362151723619,0.618048574621048,0.5701370427653941
0.649686173931145,0.717930680597845,0.780523149390177,0.814067778967117,0.8481838856719549,0.8696068302134471,0.903787865593045,0.9476005987745308,0.9743863888833821,0.992608309202452,1.0,0.993206971145573,0.985579191796263,0.96982999721642,0.945606501955019,0.933848555208835,0.919522152689432,0.9034248091322459,0.8911440923046391,0.876241731175981,0.863346844524042,0.8522390461839859,0.827142336268692,0.8100769053573209,0.789391511749583,0.757536230549884,0.7500772165843291,0.729349894335966,0.6902919484970279,0.6855738917880639,0.638770353640125,0.585171555262016
0.608844290947639,0.675010374287802,0.7367647335021541,0.7707874004070151,0.804000724584496,0.825284413678919,0.861737844212115,0.909940394394036,0.9420506734877329,0.9717436683794001,0.993206971145573,1.0,0.99567841604379,0.9808474808407991,0.9573734229168549,0.948247321728501,0.9363059347781191,0.9222314038650959,0.9114439804720821,0.897813011136037,0.885607526280687,0.873198451030888,0.846647502953277,0.8322310141817281,0.8190333226658321,0.7910202686763659,0.7833452496290579,0.7582402317493281,0.7152612919612429,0.7040660599294041,0.649772042001069,0.591464288148416
0.590784017451374,0.656127995227194,0.7176475187399151,0.751784372678772,0.784130061709672,0.8048354794863241,0.842307410238346,0.8929245415050949,0.9278898519845259,0.960778026474917,0.985579191796263,0.99567841604379,1.0,0.994566197429797,0.9797332692124151,0.9727984038059491,0.962327855941402,0.9495001727181579,0.9405011271894009,0.928372840689052,0.916870068990475,0.9023729047727379,0.873572392208445,0.856535458320508,0.83990365973542,0.8092882145702378,0.8000310754409531,0.7733238862620659,0.7287539407362221,0.7187192320296758,0.6651713477322779,0.6066330820799649
0.573307468911456,0.6375806705040439,0.698487569560553,0.7323716617159781,0.76362058435958,0.783504352931835,0.8213762941088109,0.873472336413721,0.9103661555234029,0.9442991038791801,0.96982999721642,0.9808474808407991,0.994566197429797,1.0,0.995262726574288,0.990398095230775,0.98123502612434,0.9695485481012621,0.9624055065674829,0.9518714022267571,0.941142846796517,0.9245942458775329,0.8937049823831921,0.873178384692736,0.8510763789489229,0.8168536556510699,0.8058648918219801,0.778428634560321,0.7331955370636091,0.725975033697229,0.675333809438228,0.618010782995936
0.551361426571216,0.6140040253883431,0.673741206836683,0.707056788899996,0.7369748634481109,0.7558962207553079,0.793770130786117,0.8467361353419091,0.885068944582614,0.9196446378179441,0.945606501955019,0.9573734229168549,0.9797332692124151,0.995262726574288,1.0,0.997116436259982,0.9892642929183779,0.9787582212462901,0.973418538713365,0.964476557152565,0.954576287879367,0.9362742751789829,0.9037374602451341,0.8801533595410691,0.853159731077414,0.8159040509190459,0.8034059875275721,0.775558070730713,0.730149489314713,0.7256279439622191,0.6781980523454749,0.6225723454516229
0.532194723926136,0.592826063245921,0.650719550708598,0.683229932353801,0.7125945431709829,0.73137727971411,0.770650760841195,0.826362805539487,0.867962912505471,0.9053119512740201,0.933848555208835,0.948247321728501,0.9727984038059491,0.990398095230775,0.997116436259982,1.0,0.9974943056859671,0.991476727954513,0.987135396282291,0.979042801471096,0.9696732960900201,0.950836362570419,0.9175897416695441,0.894779778028423,0.8701969605338999,0.8339956775327242,0.820825926804167,0.7903822160863,0.742728418383629,0.736292297312398,0.6866382426909821,0.6293948864421329
0.512661729145013,0.571182050611967,0.627110750494375,0.6587311771368011,0.687503159809552,0.706117516128705,0.7465280463017709,0.8045257940663331,0.848942639795597,0.8887054297582808,0.919522152689432,0.9363059347781191,0.962327855941402,0.98123502612434,0.9892642929183779,0.9974943056859671,1.0,0.998204132430187,0.9947291937865059,0.987391829919717,0.9785246494030749,0.9593709446559731,0.9257056619727411,0.903914266871715,0.882015548469817,0.8471624967365491,0.833504822591812,0.8007691926376991,0.751226451327775,0.7428520453191251,0.69114703853401,0.632550867711845
0.493661394886463,0.550176712454919,0.6042620369173579,0.6350255036648149,0.663129216121625,0.6814765848519829,0.722671229175096,0.7823845374616,0.8290300483285409,0.870731374026313,0.9034248091322459,0.9222314038650959,0.9495001727181579,0.9695485481012621,0.9787582212462901,0.991476727954513,0.998204132430187,1.0,0.997576144528552,0.99118175628765,0.9829855682729991,0.963665218735883,0.929783372688759,0.908878384794513,0.889177137553595,0.8554891778238191,0.8414521118878641,0.806929413352152,0.755980864021866,0.746112756464698,0.692955588950915,0.6334602592858609
0.480560270043445,0.536575536220644,0.590625360810978,0.621387866850484,0.648428592653566,0.6658777729228139,0.706838871392701,0.7669150667864141,0.8142467917331999,0.8570709696065021,0.8911440923046391,0.9114439804720821,0.9405011271894009,0.9624055065674829,0.973418538713365,0.987135396282291,0.9947291937865059,0.997576144528552,1.0,0.99799971255428,0.9931733762828571,0.9742691511850259,0.9405263503686321,0.9189833202228901,0.8974709093241819,0.862476584818092,0.8480889250029029,0.813601725750303,0.7624461164668259,0.75395846900288,0.7018292865555151,0.6425398331845129
0.4666379944236939,0.521963549032426,0.575753980300595,0.606386336203381,0.6323476708251939,0.648907491688275,0.689484270748746,0.7496376936118071,0.797393955775654,0.8410583119750121,0.876241731175981,0.897813011136037,0.928372840689052,0.9518714022267571,0.964476557152565,0.979042801471096,0.987391829919717,0.99118175628765,0.99799971255428,1.0,0.998255554736744,0.979808834536725,0.946334162159046,0.9243019851007339,0.9012344835770358,0.865200349773329,0.850554628332162,0.816244611285682,0.765115859903775,0.757918069477438,0.70694191075277,0.648088661833814
0.45541795907524696,0.510462878474452,0.564429593351941,0.595225096965335,0.620337406329848,0.6361851135151559,0.676230027730289,0.736028447788548,0.7836857832108,0.827631069746738,0.863346844524042,0.885607526280687,0.916870068990475,0.941142846796517,0.954576287879367,0.9696732960900201,0.9785246494030749,0.9829855682729991,0.9931733762828571,0.998255554736744,1.0,0.9872341712504159,0.9582447250800671,0.937517910269632,0.9112960321710509,0.8730935503683891,0.85859838585608,0.8257379202977991,0.7752483459518579,0.768547905166437,0.717026374224481,0.65743655351492
0.450042527462175,0.506037498199156,0.561607129996645,0.593552353760193,0.61837812631731,0.633944308569648,0.672697783007327,0.7303468471229779,0.7758775314543029,0.818041277830995,0.8522390461839859,0.873198451030888,0.9023729047727379,0.9245942458775329,0.9362742751789829,0.950836362570419,0.9593709446559731,0.963665218735883,0.9742691511850259,0.979808834536725,0.9872341712504159,1.0,0.991556672775928,0.9788654313550641,0.943198245678726,0.8984597127447049,0.8856454985506591,0.859173497277731,0.811791523527001,0.8028941465006271,0.744819171318262,0.6803389764270811
0.437188843237476,0.49290254177247705,0.548730443447078,0.581009971181506,0.605134826340059,0.620178590985209,0.657150656042723,0.711963909806955,0.7549055382341809,0.7948246222979091,0.827142336268692,0.846647502953277,0.873572392208445,0.8937049823831921,0.9037374602451341,0.9175897416695441,0.9257056619727411,0.929783372688759,0.9405263503686321,0.946334162159046,0.9582447250800671,0.991556672775928,1.0,0.9940899760307321,0.9514047479165749,0.9021876154910459,0.890983322487683,0.870211128679667,0.82625172233137,0.815733307454102,0.75341678567513,0.6861696843865099
0.413048417021117,0.46706377976086,0.521738453001252,0.553974603353138,0.577857109635901,0.593166773373475,0.631173609304308,0.6877092213755,0.732928685471055,0.77524345491942,0.8100769053573209,0.8322310141817281,0.856535458320508,0.873178384692736,0.8801533595410691,0.894779778028423,0.903914266871715,0.908878384794513,0.9189833202228901,0.9243019851007339,0.937517910269632,0.9788654313550641,0.9940899760307321,1.0,0.975082449781163,0.9361201075708141,0.9260170452173578,0.8986206244579609,0.8492574243830259,0.828350238578533,0.7550807896960842,0.6815597343430021
0.36764450374893104,0.417192198866954,0.46791491137434105,0.49902322876510097,0.522834930907789,0.539147902982543,0.5811267085989129,0.644228140160942,0.697155571521115,0.747048012123499,0.789391511749583,0.8190333226658321,0.83990365973542,0.8510763789489229,0.853159731077414,0.8701969605338999,0.882015548469817,0.889177137553595,0.8974709093241819,0.9012344835770358,0.9112960321710509,0.943198245678726,0.9514047479165749,0.975082449781163,1.0,0.9908120558414442,0.981281156432777,0.9319475960571121,0.8667900582111421,0.824881737740825,0.7337238101618241,0.650977069040244
0.331001348362954,0.376617422676104,0.423694268353225,0.45335661909559494,0.47654465316080197,0.493071598074331,0.536448510296388,0.6020144374803821,0.6583507030221071,0.711646532725052,0.757536230549884,0.7910202686763659,0.8092882145702378,0.8168536556510699,0.8159040509190459,0.8339956775327242,0.8471624967365491,0.8554891778238191,0.862476584818092,0.865200349773329,0.8730935503683891,0.8984597127447049,0.9021876154910459,0.9361201075708141,0.9908120558414442,1.0,0.9910502710746,0.929545478218748,0.8563474243427159,0.80265748577216,0.7028162139605338,0.616462326092702
0.333358056778464,0.378787703385093,0.42548396263356103,0.454630247060322,0.477375204487269,0.49339088435795003,0.535226182875588,0.5983743324156321,0.6522635766448829,0.7045207888590149,0.7500772165843291,0.7833452496290579,0.8000310754409531,0.8058648918219801,0.8034059875275721,0.820825926804167,0.833504822591812,0.8414521118878641,0.8480889250029029,0.850554628332162,0.85859838585608,0.8856454985506591,0.890983322487683,0.9260170452173578,0.981281156432777,0.9910502710746,1.0,0.9688157812170101,0.91449683353552,0.8603182924022951,0.7479197423746641,0.6525409408786221
0.349646112976422,0.395674791459162,0.442383458587407,0.47047636151695704,0.49197790695499705,0.506317403271019,0.542832243403334,0.597545292805801,0.6426610239916191,0.6886593671595129,0.729349894335966,0.7582402317493281,0.7733238862620659,0.778428634560321,0.775558070730713,0.7903822160863,0.8007691926376991,0.806929413352152,0.813601725750303,0.816244611285682,0.8257379202977991,0.859173497277731,0.870211128679667,0.8986206244579609,0.9319475960571121,0.929545478218748,0.9688157812170101,1.0,0.98622989201426,0.941566514153949,0.817893811388352,0.7131620360792571
0.34842536601782004,0.39326201861803395,0.4383636058749679,0.464781879618242,0.48470991549747,0.497434742986392,0.529135665839148,0.576326593080801,0.6140262425248361,0.654256358628107,0.6902919484970279,0.7152612919612429,0.7287539407362221,0.7331955370636091,0.730149489314713,0.742728418383629,0.751226451327775,0.755980864021866,0.7624461164668259,0.765115859903775,0.7752483459518579,0.811791523527001,0.82625172233137,0.8492574243830259,0.8667900582111421,0.8563474243427159,0.91449683353552,0.98622989201426,1.0,0.9632320682261071,0.8363115910226341,0.7289592680308941
0.378881390454074,0.422331280689954,0.46394610494166605,0.48662931972356605,0.5057208852788471,0.5170980284103189,0.54599322024029,0.5891215275885021,0.62233281761641,0.656362151723619,0.6855738917880639,0.7040660599294041,0.7187192320296758,0.725975033697229,0.7256279439622191,0.736292297312398,0.7428520453191251,0.746112756464698,0.75395846900288,0.757918069477438,0.768547905166437,0.8028941465006271,0.815733307454102,0.828350238578533,0.824881737740825,0.80265748577216,0.8603182924022951,0.941566514153949,0.9632320682261071,1.0,0.951905260877166,0.8842948503382391
0.38335676853660294,0.422091763956416,0.45687800080323493,0.4740283837212779,0.491189360424503,0.50069585772706,0.5258262644444249,0.5636092574748941,0.59175836861888,0.618048574621048,0.638770353640125,0.649772042001069,0.6651713477322779,0.675333809438228,0.6781980523454749,0.6866382426909821,0.69114703853401,0.692955588950915,0.7018292865555151,0.70694191075277,0.717026374224481,0.744819171318262,0.75341678567513,0.7550807896960842,0.7337238101618241,0.7028162139605338,0.7479197423746641,0.817893811388352,0.8363115910226341,0.951905260877166,1.0,0.9848284475784419
0.36963299060790705,0.40405483859545,0.433498271376444,0.44678767566135996,0.462127417906608,0.47017126351743294,0.492103616268558,0.525256787963936,0.5493450176164469,0.5701370427653941,0.585171555262016,0.591464288148416,0.6066330820799649,0.618010782995936,0.6225723454516229,0.6293948864421329,0.632550867711845,0.6334602592858609,0.6425398331845129,0.648088661833814,0.65743655351492,0.6803389764270811,0.6861696843865099,0.6815597343430021,0.650977069040244,0.616462326092702,0.6525409408786221,0.7131620360792571,0.7289592680308941,0.8842948503382391,0.9848284475784419,1.0
