1.0,0.8522918522211371,0.8205905839343149,0.8011122715464101,0.7901393138786,0.7834347909541128,0.7833368418669819,0.7813701415125501,0.774867808759318,0.7663423438727841,0.7551284508708009,0.7445139728518578,0.7355232911928851,0.72614106614914,0.716338064873376,0.705796041957697,0.696653696566104,0.6849389137442049,0.67579530401226,0.6674646361999189,0.655628996126299,0.637236282312442,0.618698189472776,0.5987440901932449,0.578961106185866,0.559018338589524,0.53563817617973,0.501877604149011,0.44252742558125896,0.29690006299967797,0.115578318043145,0.0141303565974788
0.8522918522211371,1.0,0.967752297842579,0.9487029948113058,0.93628592964684,0.9261808398575709,0.9247843821301479,0.9207560225154259,0.916107641899914,0.909055248817773,0.9029748848180419,0.8946799660149192,0.8880698507662359,0.880980670992054,0.8747873183412149,0.8670002363074599,0.8588198829973329,0.8486956650805401,0.840929137959277,0.8325997208000241,0.82330516493745,0.8071327446946309,0.7902292221962741,0.772510673151647,0.754875398709837,0.732923106085562,0.711221425542216,0.6777898784291729,0.608529475028525,0.4290917703557511,0.236892959456023,0.11668412672968598
0.8205905839343149,0.967752297842579,1.0,0.9854087017477711,0.974940707189485,0.9663389122020299,0.9626707609587671,0.959237732478708,0.955002742682488,0.949215711525203,0.944903505521969,0.937898134131153,0.931951368432208,0.9253215309588809,0.920420327140702,0.9124415605516891,0.90377885560241,0.8946696380297421,0.8863208761211379,0.8770745197700891,0.8683455243195991,0.852798050656693,0.837988993351412,0.821785646496538,0.8064108387205279,0.7870738897096791,0.7667125974689091,0.7338099986881059,0.6656416636298311,0.481139424254413,0.285977058307799,0.163159653902689
0.8011122715464101,0.9487029948113058,0.9854087017477711,1.0,0.9914218811246271,0.9838850404635601,0.9787693634920991,0.974591904953428,0.970636869765599,0.9656633159104671,0.961411447306093,0.954754453420417,0.9491886033294101,0.9418453857640571,0.937031982039034,0.9295388597892371,0.9214517177210151,0.912586075877558,0.905771624239054,0.8969312889878701,0.888634718650854,0.8755362561423861,0.8618369804737109,0.8475470451750531,0.833728059247102,0.8161431727263141,0.798466953563295,0.766807997684605,0.69917903721682,0.513350414432128,0.319087778988541,0.19198866618774202
0.7901393138786,0.93628592964684,0.974940707189485,0.9914218811246271,1.0,0.993985199497687,0.9879937313861421,0.9833188749472271,0.9793891033333678,0.9742689040782879,0.9704550651379069,0.9643672907332701,0.9589128278209351,0.9520634551504991,0.9471975378763481,0.940588505559072,0.9325258926425649,0.923884738038143,0.9177382000457929,0.9099876914820308,0.902810923605516,0.8902303854724499,0.877748334722424,0.8642097713084291,0.85038816371186,0.833369216765511,0.814857871271417,0.7827384813095191,0.71532182258149,0.52657120848337,0.327988155408368,0.20088035707229
0.7834347909541128,0.9261808398575709,0.9663389122020299,0.9838850404635601,0.993985199497687,1.0,0.994521427676855,0.9892362064913671,0.9855535592598571,0.9805359969991279,0.9766491304835642,0.9708863789581179,0.965671557068896,0.95950053624782,0.955170276619172,0.948491960653554,0.9404755864293342,0.9319942033799659,0.9256770256206021,0.9183550595350141,0.9113164717501441,0.899447942980119,0.8871948604396079,0.8747335440973629,0.8614531687232,0.845296937035485,0.8262117230380809,0.794731027820335,0.727702276500386,0.538449994624866,0.33730641893466695,0.208228809750802
0.7833368418669819,0.9247843821301479,0.9626707609587671,0.9787693634920991,0.9879937313861421,0.994521427676855,1.0,0.995584323583968,0.9914056838485951,0.9868493306022831,0.9821165845508308,0.976172839535528,0.9709901719019559,0.9646458924083949,0.9602234526207291,0.953547089435105,0.945810671037787,0.9374890969847409,0.9315916979985909,0.9243560699893271,0.9171285681716341,0.9047736583118678,0.892423642875147,0.8800536122548729,0.8665595625804859,0.850378292923541,0.8315037491302621,0.8000499496435121,0.7333252446379059,0.5440637157118561,0.34276522049184194,0.21469133089620698
0.7813701415125501,0.9207560225154259,0.959237732478708,0.974591904953428,0.9833188749472271,0.9892362064913671,0.995584323583968,1.0,0.9959415904192289,0.9911353285033969,0.986116138716738,0.980257911182563,0.974916711497093,0.968467702424135,0.963281811071652,0.9567865638253009,0.949065006936887,0.9405209108648079,0.9339623212025949,0.926878352938903,0.9198342635976909,0.907509527005023,0.8950384698002372,0.88269099101089,0.869415545871058,0.8537372105627191,0.834936081168381,0.8032310223550141,0.7375754382777071,0.550330281472145,0.34979736110084697,0.22200372062931
0.774867808759318,0.916107641899914,0.955002742682488,0.970636869765599,0.9793891033333678,0.9855535592598571,0.9914056838485951,0.9959415904192289,1.0,0.996318290465826,0.99164308854745,0.986376797066347,0.9811610114220392,0.974752433178952,0.969108489769555,0.9630000584603929,0.9550607981175359,0.9467104488007009,0.93981459099371,0.9332079035796,0.9260508038498171,0.9143998710365251,0.9019778301411501,0.8901498868151569,0.877624808714986,0.862620519535956,0.844413192803995,0.8130141630281469,0.748066850561148,0.5613583105402221,0.361386136514785,0.23342950963905104
0.7663423438727841,0.909055248817773,0.949215711525203,0.9656633159104671,0.9742689040782879,0.9805359969991279,0.9868493306022831,0.9911353285033969,0.996318290465826,1.0,0.9967101598696,0.992313171162196,0.9873295205899179,0.9809877883607809,0.975604644262074,0.969860046450659,0.9627472549238549,0.9546007665057791,0.9479272853756949,0.9412823322087241,0.934137692408527,0.9228282816003441,0.91119617464136,0.8994456439787741,0.887922474548186,0.8737260711960891,0.8556931407926741,0.8243687901054009,0.7597625391427049,0.573240860982666,0.373477201724164,0.24807415884204503
0.7551284508708009,0.9029748848180419,0.944903505521969,0.961411447306093,0.9704550651379069,0.9766491304835642,0.9821165845508308,0.986116138716738,0.99164308854745,0.9967101598696,1.0,0.9966638410336409,0.991959475180223,0.9860692685116998,0.9810328984979569,0.975581898227563,0.9688350817291629,0.961321255120245,0.9547221696440681,0.9482504126486041,0.941144426338067,0.930643828939385,0.9194288289835941,0.908367938558188,0.8970937621613381,0.883447498319302,0.8659336841469979,0.8352131396925122,0.770666497001491,0.584804929702088,0.384922791954679,0.260300338819873
0.7445139728518578,0.8946799660149192,0.937898134131153,0.954754453420417,0.9643672907332701,0.9708863789581179,0.976172839535528,0.980257911182563,0.986376797066347,0.992313171162196,0.9966638410336409,1.0,0.996765052707032,0.9917359205847242,0.986788174794564,0.981083276233512,0.974583647843151,0.967263318403369,0.9607025820273208,0.9543064988139459,0.9470020192011569,0.936951359102601,0.9262162684913051,0.9155275730285141,0.905190823052005,0.8926374265251759,0.8761407745192871,0.8473200612055122,0.784322385520453,0.601495027998844,0.400679732274623,0.278269471862496
0.7355232911928851,0.8880698507662359,0.931951368432208,0.9491886033294101,0.9589128278209351,0.965671557068896,0.9709901719019559,0.974916711497093,0.9811610114220392,0.9873295205899179,0.991959475180223,0.996765052707032,1.0,0.9965531912489951,0.9920732279521701,0.9864681855319509,0.9802882504011609,0.973408375135597,0.9668077852345501,0.960641043248753,0.9532151575884108,0.9439690066803549,0.9335172801831999,0.9230678735711491,0.9137755104916642,0.901561435954819,0.886332246466503,0.8589619548667479,0.7976106104741709,0.6178005080378721,0.41668934230615706,0.29406746997631605
0.72614106614914,0.880980670992054,0.9253215309588809,0.9418453857640571,0.9520634551504991,0.95950053624782,0.9646458924083949,0.968467702424135,0.974752433178952,0.9809877883607809,0.9860692685116998,0.9917359205847242,0.9965531912489951,1.0,0.9968965605102711,0.992126275526027,0.9861240522061608,0.9799256525345209,0.9736267690100459,0.96743981300211,0.960288242483331,0.951628988242111,0.941432105384966,0.9317177328464109,0.922981375750578,0.9118093963775942,0.897637884536205,0.872654235444269,0.8135584048911071,0.639883562464832,0.436552567403448,0.31241761436897403
0.716338064873376,0.8747873183412149,0.920420327140702,0.937031982039034,0.9471975378763481,0.955170276619172,0.9602234526207291,0.963281811071652,0.969108489769555,0.975604644262074,0.9810328984979569,0.986788174794564,0.9920732279521701,0.9968965605102711,1.0,0.996837626457896,0.9917554958355251,0.9860911625576171,0.980226978142667,0.973876943577388,0.967245144430281,0.9588485607491751,0.9489111304751949,0.9397579751154971,0.931590983395472,0.921184593510499,0.9080758641474781,0.8844211129618041,0.8275129478119241,0.656144725719607,0.453459327018887,0.33317459564827195
0.705796041957697,0.8670002363074599,0.9124415605516891,0.9295388597892371,0.940588505559072,0.948491960653554,0.953547089435105,0.9567865638253009,0.9630000584603929,0.969860046450659,0.975581898227563,0.981083276233512,0.9864681855319509,0.992126275526027,0.996837626457896,1.0,0.9969180742958571,0.9921681180480459,0.9869385545623008,0.980989296548383,0.9747797051940229,0.9670087695823321,0.9578411070738001,0.9493267942085649,0.9415167809989649,0.9315150365421491,0.91905111029018,0.895874339917054,0.840335696101641,0.670740239822286,0.469044984961809,0.35082300350901
0.696653696566104,0.8588198829973329,0.90377885560241,0.9214517177210151,0.9325258926425649,0.9404755864293342,0.945810671037787,0.949065006936887,0.9550607981175359,0.9627472549238549,0.9688350817291629,0.974583647843151,0.9802882504011609,0.9861240522061608,0.9917554958355251,0.9969180742958571,1.0,0.996490759992342,0.9920330910233208,0.9866920146620219,0.980807860848254,0.9741925800626039,0.965575842260086,0.957475848197228,0.949736428503649,0.9396517184037021,0.9276566946449379,0.9052319205240609,0.850632534105542,0.682263252512151,0.479880491924359,0.36644546958085
0.6849389137442049,0.8486956650805401,0.8946696380297421,0.912586075877558,0.923884738038143,0.9319942033799659,0.9374890969847409,0.9405209108648079,0.9467104488007009,0.9546007665057791,0.961321255120245,0.967263318403369,0.973408375135597,0.9799256525345209,0.9860911625576171,0.9921681180480459,0.996490759992342,1.0,0.9968509240973579,0.992300537015802,0.986893062463939,0.9806516467560509,0.9724249810409691,0.964566026345648,0.957040736654177,0.9470501287249321,0.93557552313677,0.9140850532784541,0.8615254784720779,0.6958248474963861,0.49555693874499107,0.385327196655427
0.67579530401226,0.840929137959277,0.8863208761211379,0.905771624239054,0.9177382000457929,0.9256770256206021,0.9315916979985909,0.9339623212025949,0.93981459099371,0.9479272853756949,0.9547221696440681,0.9607025820273208,0.9668077852345501,0.9736267690100459,0.980226978142667,0.9869385545623008,0.9920330910233208,0.9968509240973579,1.0,0.996951369996043,0.992257580907598,0.986417675647214,0.9789495130141109,0.971490443608178,0.9642467580081571,0.954361862929093,0.943351617323766,0.922395039521572,0.871679777964381,0.7066909428786391,0.5017973142027929,0.39484806924903704
0.6674646361999189,0.8325997208000241,0.8770745197700891,0.8969312889878701,0.9099876914820308,0.9183550595350141,0.9243560699893271,0.926878352938903,0.9332079035796,0.9412823322087241,0.9482504126486041,0.9543064988139459,0.960641043248753,0.96743981300211,0.973876943577388,0.980989296548383,0.9866920146620219,0.992300537015802,0.996951369996043,1.0,0.9969652621520071,0.992060428494335,0.9849056223079731,0.977524240256136,0.970222836643615,0.9604521299485681,0.948925791664543,0.928127330256598,0.8781746340295049,0.7139271435676842,0.50840902414778,0.40413943052536205
0.655628996126299,0.82330516493745,0.8683455243195991,0.888634718650854,0.902810923605516,0.9113164717501441,0.9171285681716341,0.9198342635976909,0.9260508038498171,0.934137692408527,0.941144426338067,0.9470020192011569,0.9532151575884108,0.960288242483331,0.967245144430281,0.9747797051940229,0.980807860848254,0.986893062463939,0.992257580907598,0.9969652621520071,1.0,0.996329096512887,0.99034167335427,0.983589687689133,0.976036308505297,0.966263339906995,0.95453696225234,0.9341615601108191,0.88564626851612,0.720957465940797,0.515923498557923,0.41449887900671506
0.637236282312442,0.8071327446946309,0.852798050656693,0.8755362561423861,0.8902303854724499,0.899447942980119,0.9047736583118678,0.907509527005023,0.9143998710365251,0.9228282816003441,0.930643828939385,0.936951359102601,0.9439690066803549,0.951628988242111,0.9588485607491751,0.9670087695823321,0.9741925800626039,0.9806516467560509,0.986417675647214,0.992060428494335,0.996329096512887,1.0,0.9962051573136851,0.9908832275340541,0.984374068480486,0.975273393994995,0.9643591572307328,0.9455851276903571,0.900260670718726,0.739138112062792,0.539183011236498,0.439038131043471
0.618698189472776,0.7902292221962741,0.837988993351412,0.8618369804737109,0.877748334722424,0.8871948604396079,0.892423642875147,0.8950384698002372,0.9019778301411501,0.91119617464136,0.9194288289835941,0.9262162684913051,0.9335172801831999,0.941432105384966,0.9489111304751949,0.9578411070738001,0.965575842260086,0.9724249810409691,0.9789495130141109,0.9849056223079731,0.99034167335427,0.9962051573136851,1.0,0.995985846304317,0.990516466983405,0.9824009372697871,0.9716104756050341,0.9536368332897609,0.9104142680651909,0.753214871182577,0.554228825954192,0.45764796254585205
0.5987440901932449,0.772510673151647,0.821785646496538,0.8475470451750531,0.8642097713084291,0.8747335440973629,0.8800536122548729,0.88269099101089,0.8901498868151569,0.8994456439787741,0.908367938558188,0.9155275730285141,0.9230678735711491,0.9317177328464109,0.9397579751154971,0.9493267942085649,0.957475848197228,0.964566026345648,0.971490443608178,0.977524240256136,0.983589687689133,0.9908832275340541,0.995985846304317,1.0,0.9953552784786059,0.9884627566312529,0.978348900138812,0.961656227547585,0.9208407007306479,0.7682945735378208,0.5675278212610949,0.47398320478658706
0.578961106185866,0.754875398709837,0.8064108387205279,0.833728059247102,0.85038816371186,0.8614531687232,0.8665595625804859,0.869415545871058,0.877624808714986,0.887922474548186,0.8970937621613381,0.905190823052005,0.9137755104916642,0.922981375750578,0.931590983395472,0.9415167809989649,0.949736428503649,0.957040736654177,0.9642467580081571,0.970222836643615,0.976036308505297,0.984374068480486,0.990516466983405,0.9953552784786059,1.0,0.9950134670449751,0.987298547453435,0.9735063834407891,0.9382773487846379,0.79555062835153,0.6010104106058879,0.508640432241207
0.559018338589524,0.732923106085562,0.7870738897096791,0.8161431727263141,0.833369216765511,0.845296937035485,0.850378292923541,0.8537372105627191,0.862620519535956,0.8737260711960891,0.883447498319302,0.8926374265251759,0.901561435954819,0.9118093963775942,0.921184593510499,0.9315150365421491,0.9396517184037021,0.9470501287249321,0.954361862929093,0.9604521299485681,0.966263339906995,0.975273393994995,0.9824009372697871,0.9884627566312529,0.9950134670449751,1.0,0.9934290987558959,0.982378825521333,0.952305577930222,0.821784757861862,0.626390716335172,0.53416212688474
0.53563817617973,0.711221425542216,0.7667125974689091,0.798466953563295,0.814857871271417,0.8262117230380809,0.8315037491302621,0.834936081168381,0.844413192803995,0.8556931407926741,0.8659336841469979,0.8761407745192871,0.886332246466503,0.897637884536205,0.9080758641474781,0.91905111029018,0.9276566946449379,0.93557552313677,0.943351617323766,0.948925791664543,0.95453696225234,0.9643591572307328,0.9716104756050341,0.978348900138812,0.987298547453435,0.9934290987558959,1.0,0.991449718715502,0.9672474594299351,0.8455858657955291,0.667369219141031,0.573643457695554
0.501877604149011,0.6777898784291729,0.7338099986881059,0.766807997684605,0.7827384813095191,0.794731027820335,0.8000499496435121,0.8032310223550141,0.8130141630281469,0.8243687901054009,0.8352131396925122,0.8473200612055122,0.8589619548667479,0.872654235444269,0.8844211129618041,0.895874339917054,0.9052319205240609,0.9140850532784541,0.922395039521572,0.928127330256598,0.9341615601108191,0.9455851276903571,0.9536368332897609,0.961656227547585,0.9735063834407891,0.982378825521333,0.991449718715502,1.0,0.983531536726786,0.8799810272300759,0.7038955665857941,0.612199831502109
0.44252742558125896,0.608529475028525,0.6656416636298311,0.69917903721682,0.71532182258149,0.727702276500386,0.7333252446379059,0.7375754382777071,0.748066850561148,0.7597625391427049,0.770666497001491,0.784322385520453,0.7976106104741709,0.8135584048911071,0.8275129478119241,0.840335696101641,0.850632534105542,0.8615254784720779,0.871679777964381,0.8781746340295049,0.88564626851612,0.900260670718726,0.9104142680651909,0.9208407007306479,0.9382773487846379,0.952305577930222,0.9672474594299351,0.983531536726786,1.0,0.9344014340235458,0.768459667985064,0.6767739106165419
0.29690006299967797,0.4290917703557511,0.481139424254413,0.513350414432128,0.52657120848337,0.538449994624866,0.5440637157118561,0.550330281472145,0.5613583105402221,0.573240860982666,0.584804929702088,0.601495027998844,0.6178005080378721,0.639883562464832,0.656144725719607,0.670740239822286,0.682263252512151,0.6958248474963861,0.7066909428786391,0.7139271435676842,0.720957465940797,0.739138112062792,0.753214871182577,0.7682945735378208,0.79555062835153,0.821784757861862,0.8455858657955291,0.8799810272300759,0.9344014340235458,1.0,0.8664945091874922,0.77279685816063
0.115578318043145,0.236892959456023,0.285977058307799,0.319087778988541,0.327988155408368,0.33730641893466695,0.34276522049184194,0.34979736110084697,0.361386136514785,0.373477201724164,0.384922791954679,0.400679732274623,0.41668934230615706,0.436552567403448,0.453459327018887,0.469044984961809,0.479880491924359,0.49555693874499107,0.5017973142027929,0.50840902414778,0.515923498557923,0.539183011236498,0.554228825954192,0.5675278212610949,0.6010104106058879,0.626390716335172,0.667369219141031,0.7038955665857941,0.768459667985064,0.8664945091874922,1.0,0.857961071264495
0.0141303565974788,0.11668412672968598,0.163159653902689,0.19198866618774202,0.20088035707229,0.208228809750802,0.21469133089620698,0.22200372062931,0.23342950963905104,0.24807415884204503,0.260300338819873,0.278269471862496,0.29406746997631605,0.31241761436897403,0.33317459564827195,0.35082300350901,0.36644546958085,0.385327196655427,0.39484806924903704,0.40413943052536205,0.41449887900671506,0.439038131043471,0.45764796254585205,0.47398320478658706,0.508640432241207,0.53416212688474,0.573643457695554,0.612199831502109,0.6767739106165419,0.77279685816063,0.857961071264495,1.0
