1.0,0.8383524927690451,0.637133408258102,0.5303493204305789,0.511125306907745,0.48358380357226094,0.456455256439813,0.47283403324109596,0.463291777137753,0.43513371689671293,0.419047088998134,0.40011407030058505,0.3915245367709099,0.386802227732096,0.379004362948831,0.38680571754597204,0.38715833010008605,0.379643775152265,0.37429138315072996,0.364260737687736,0.353748616274104,0.350917824948985,0.33960312282627503,0.332170539602388,0.31519490897859803,0.28839141835881704,0.27233687615534397,0.243289822521059,0.190240888159955,0.0836271873355306,0.0307074290180428,0.0075500955471765096
0.8383524927690451,1.0,0.9327957227932958,0.783115236860355,0.7384639329332501,0.693365959270923,0.659542868239057,0.656711093156732,0.6277452984885401,0.593161670169973,0.5709245319082089,0.54463194584335,0.5349676153781929,0.526376390944848,0.511513588271662,0.5202252195452589,0.519858295407922,0.509911239884575,0.502543770045017,0.48684418724209205,0.46689378756290706,0.461373185810784,0.445857386866513,0.434585767033614,0.416006449990485,0.386778494542726,0.37503916172998897,0.34948694479829306,0.290319126110901,0.100190746970069,0.0225651530378962,0.00238471020482154
0.637133408258102,0.9327957227932958,1.0,0.9321845383045619,0.877047147074088,0.823877607073207,0.7863216786807421,0.7709448571287629,0.7296950941497672,0.691643174158817,0.6681473521387271,0.639648893287581,0.629466716893431,0.619659555063856,0.601382867508424,0.603984268113662,0.598940204608551,0.585973915021128,0.5759744291405009,0.5578065637327221,0.537183769343623,0.528117451316794,0.506323178598648,0.488182146571223,0.46618395715379796,0.43470312706937203,0.42149921901116794,0.39655789552542403,0.33587834708772896,0.105425930878231,0.0123569554674595,0.0139151273898945
0.5303493204305789,0.783115236860355,0.9321845383045619,1.0,0.95759825835933,0.907815816243452,0.866076125358833,0.8464393927711199,0.799751032206682,0.759201243580854,0.7368785967538871,0.708681332859996,0.6975569553894089,0.6880274862382201,0.668862153827833,0.6628268382167071,0.651501913547224,0.634959661911485,0.621983333346579,0.6033157936126489,0.5874559201454,0.5748279641814039,0.5460485653802171,0.520730554633779,0.49364786287497403,0.45824107230920397,0.43888821409503603,0.410326522475089,0.34766549875041003,0.110909758162664,0.00759699656762802,0.0223369853806662
0.511125306907745,0.7384639329332501,0.877047147074088,0.95759825835933,1.0,0.9846825311165359,0.9308676171460358,0.905830857578392,0.8540215488087259,0.812778131479612,0.7898473014591809,0.7597571418705592,0.745952161588552,0.7343412616711239,0.7127707216207371,0.705690783680598,0.6918863149854261,0.6715205933050561,0.656159882793777,0.636218112058403,0.6215376110694699,0.606967468683952,0.5755429230224389,0.551958763077991,0.522610407444232,0.482495236634072,0.461507686420484,0.431252032334238,0.3655328210378,0.13748270506956198,0.021306395980708,0.01944819880529
0.48358380357226094,0.693365959270923,0.823877607073207,0.907815816243452,0.9846825311165359,1.0,0.971536583672294,0.942519925721141,0.8866204632644251,0.844295753597348,0.8217027407744258,0.791138807331272,0.775165064974232,0.7615443616723009,0.737740047912348,0.729984056254055,0.7152840536609609,0.693833384712854,0.6763326404022441,0.6549472751385129,0.640618037292393,0.6241905165231539,0.590963704811821,0.5700736072699101,0.540117944488236,0.497354866210367,0.47652479459545205,0.44642552301550603,0.379646949739904,0.152186282859302,0.0271637200059118,0.0196199261458249
0.456455256439813,0.659542868239057,0.7863216786807421,0.866076125358833,0.9308676171460358,0.971536583672294,1.0,0.968180110092978,0.908688253404236,0.8644760387342121,0.842765239435076,0.812651004656916,0.7949123273106429,0.7793091554642859,0.753275438998377,0.7451222494702929,0.7308249002639009,0.710552500900404,0.6910542694675601,0.667901373235226,0.6529768896732491,0.63468589999303,0.600117646950701,0.582343560190536,0.552935423783546,0.509015671015064,0.489681535138192,0.461013387603549,0.39420513936404794,0.157157465527953,0.0259194329212459,0.0227747464317593
0.47283403324109596,0.656711093156732,0.7709448571287629,0.8464393927711199,0.905830857578392,0.942519925721141,0.968180110092978,1.0,0.9818494134507559,0.934091296938924,0.9113190480808342,0.8792415258276971,0.8592700620407709,0.842163317554306,0.813947322887163,0.80336033701416,0.7863161416295709,0.7630934440082691,0.742652369353343,0.7176358760229871,0.7000235114261121,0.680163110795958,0.6428784408882521,0.6219410196362409,0.591900180390443,0.547852248753273,0.5251412663098579,0.4914821001994579,0.41694166115281,0.19881607360156897,0.0738894772133788,0.015739535987304
0.463291777137753,0.6277452984885401,0.7296950941497672,0.799751032206682,0.8540215488087259,0.8866204632644251,0.908688253404236,0.9818494134507559,1.0,0.972256124495153,0.951697506112998,0.917126634833437,0.8949843511927029,0.8760776421777672,0.8457124458688492,0.8330802912144641,0.814048258347799,0.7889877522046229,0.76802666911882,0.74193248550401,0.722598362679515,0.700808353481728,0.661046539562147,0.6375558541160501,0.606997117424191,0.563230332911915,0.539999260850666,0.504895088892819,0.427389152283919,0.229970080946237,0.11082296286636001,0.0452162647275233
0.43513371689671293,0.593161670169973,0.691643174158817,0.759201243580854,0.812778131479612,0.844295753597348,0.8644760387342121,0.934091296938924,0.972256124495153,1.0,0.9858186294273059,0.946495116585463,0.9215373251540581,0.899641956458968,0.86596571372537,0.851740831845787,0.831477296222009,0.805608107653713,0.7838023427955758,0.7567967351130551,0.7367668805516121,0.711619100040723,0.668157135459904,0.642541177844174,0.6101145465311321,0.564857540907163,0.545021584097013,0.5131624873969821,0.437525189362275,0.24817905014245398,0.125875237035729,0.0544051966270778
0.419047088998134,0.5709245319082089,0.6681473521387271,0.7368785967538871,0.7898473014591809,0.8217027407744258,0.842765239435076,0.9113190480808342,0.951697506112998,0.9858186294273059,1.0,0.986248800346946,0.959560501036021,0.9361007699796079,0.900301649876841,0.8834678164591641,0.860468743228982,0.8318693197074171,0.809260406567967,0.781710268316496,0.761845746121473,0.7355720581234559,0.69036453373285,0.6647752602414561,0.630416648918097,0.582023167671698,0.56220202733306,0.5306345666169929,0.45409174526164503,0.25405732341113196,0.132283988321138,0.0608943375861862
0.40011407030058505,0.54463194584335,0.639648893287581,0.708681332859996,0.7597571418705592,0.791138807331272,0.812651004656916,0.8792415258276971,0.917126634833437,0.946495116585463,0.986248800346946,1.0,0.9812452360478109,0.959747649783079,0.9221600757909649,0.903072763314075,0.877742303177113,0.84685212400747,0.824113845320611,0.796650558957395,0.777252953731382,0.7507437533487341,0.704994021091035,0.6804653648845029,0.645219514408502,0.594703182644825,0.574232930512946,0.542358939900491,0.464926799893887,0.254510165466071,0.13676011794978,0.0676813533925458
0.3915245367709099,0.5349676153781929,0.629466716893431,0.6975569553894089,0.745952161588552,0.775165064974232,0.7949123273106429,0.8592700620407709,0.8949843511927029,0.9215373251540581,0.959560501036021,0.9812452360478109,1.0,0.989657628816155,0.94831861719835,0.928036330849907,0.901568217702554,0.8696449503818101,0.8475594971845241,0.82023269788193,0.8003314134969449,0.773218424115019,0.72661226528724,0.7032594884130269,0.6685399721199929,0.61758563985777,0.595517087435631,0.561487733237856,0.48036260483240395,0.26250495528904105,0.14951509142006197,0.0809477259104963
0.386802227732096,0.526376390944848,0.619659555063856,0.6880274862382201,0.7343412616711239,0.7615443616723009,0.7793091554642859,0.842163317554306,0.8760776421777672,0.899641956458968,0.9361007699796079,0.959747649783079,0.989657628816155,1.0,0.9821383454850849,0.961058103124036,0.933318298156891,0.899691268120616,0.8782610854111941,0.850746402712217,0.8294935262855971,0.8003803296125992,0.7511146019970519,0.7259826161592321,0.689697861102173,0.637051015777678,0.6157370460658779,0.5798546626531371,0.493691899709436,0.27742821686027097,0.16039479140684199,0.0870623471943101
0.379004362948831,0.511513588271662,0.601382867508424,0.668862153827833,0.7127707216207371,0.737740047912348,0.753275438998377,0.813947322887163,0.8457124458688492,0.86596571372537,0.900301649876841,0.9221600757909649,0.94831861719835,0.9821383454850849,1.0,0.981645702134014,0.954530302111932,0.919346051779934,0.898794260025988,0.871229598146612,0.848379542542841,0.8170158890834021,0.765033056935579,0.737240984737673,0.6990603297130661,0.645010234558309,0.6258078741303079,0.5892017946162359,0.49944002420888295,0.291502871603797,0.168428207795145,0.0891530575122169
0.38680571754597204,0.5202252195452589,0.603984268113662,0.6628268382167071,0.705690783680598,0.729984056254055,0.7451222494702929,0.80336033701416,0.8330802912144641,0.851740831845787,0.8834678164591641,0.903072763314075,0.928036330849907,0.961058103124036,0.981645702134014,1.0,0.990689452342119,0.9531103940959791,0.9318418657365319,0.9024430771285898,0.8762290462543321,0.8426726143016701,0.788808685078903,0.761859579147125,0.72396957331469,0.66929885500978,0.64878381575052,0.615322447370391,0.529659699929117,0.307853990829785,0.18823364777402102,0.108067236019144
0.38715833010008605,0.519858295407922,0.598940204608551,0.651501913547224,0.6918863149854261,0.7152840536609609,0.7308249002639009,0.7863161416295709,0.814048258347799,0.831477296222009,0.860468743228982,0.877742303177113,0.901568217702554,0.933318298156891,0.954530302111932,0.990689452342119,1.0,0.980800491422611,0.9606053726747209,0.9298448744886809,0.901253268387516,0.8664995878660872,0.811391501972895,0.7845378678933571,0.7460847494148051,0.690077530325103,0.668687910527595,0.636337384665103,0.5515321695663361,0.31841800472702897,0.198849545080458,0.11768139377904302
0.379643775152265,0.509911239884575,0.585973915021128,0.634959661911485,0.6715205933050561,0.693833384712854,0.710552500900404,0.7630934440082691,0.7889877522046229,0.805608107653713,0.8318693197074171,0.84685212400747,0.8696449503818101,0.899691268120616,0.919346051779934,0.9531103940959791,0.980800491422611,1.0,0.982646783149977,0.951104668971366,0.921292682286631,0.886445665988854,0.830852320849891,0.8033519292233509,0.763532269726587,0.7055824796177641,0.683828596946592,0.6504894485888001,0.5632734146676639,0.322269628329389,0.19939434115636603,0.1172322062821
0.37429138315072996,0.502543770045017,0.5759744291405009,0.621983333346579,0.656159882793777,0.6763326404022441,0.6910542694675601,0.742652369353343,0.76802666911882,0.7838023427955758,0.809260406567967,0.824113845320611,0.8475594971845241,0.8782610854111941,0.898794260025988,0.9318418657365319,0.9606053726747209,0.982646783149977,1.0,0.990185886407172,0.955384870772433,0.9210249872698609,0.8657433036617121,0.8366676210581558,0.7936055313821491,0.7313333058214431,0.70953714159174,0.672445030785822,0.577480657443852,0.32230870046875804,0.19238098917952898,0.10955641289479902
0.364260737687736,0.48684418724209205,0.5578065637327221,0.6033157936126489,0.636218112058403,0.6549472751385129,0.667901373235226,0.7176358760229871,0.74193248550401,0.7567967351130551,0.781710268316496,0.796650558957395,0.82023269788193,0.850746402712217,0.871229598146612,0.9024430771285898,0.9298448744886809,0.951104668971366,0.990185886407172,1.0,0.97797141821849,0.9473907213784158,0.89204174146124,0.8622218058748008,0.8172741227183691,0.7522499703351021,0.7297010372112779,0.6890532332630059,0.587648799754364,0.327188684591096,0.19112605848541397,0.105863410301691
0.353748616274104,0.46689378756290706,0.537183769343623,0.5874559201454,0.6215376110694699,0.640618037292393,0.6529768896732491,0.7000235114261121,0.722598362679515,0.7367668805516121,0.761845746121473,0.777252953731382,0.8003314134969449,0.8294935262855971,0.848379542542841,0.8762290462543321,0.901253268387516,0.921292682286631,0.955384870772433,0.97797141821849,1.0,0.978217060666427,0.920784923656535,0.891156611860777,0.845987487991513,0.779879314434636,0.7547790548304909,0.710432122812464,0.603429988322974,0.348423334729234,0.20537021719808102,0.112603629763973
0.350917824948985,0.461373185810784,0.528117451316794,0.5748279641814039,0.606967468683952,0.6241905165231539,0.63468589999303,0.680163110795958,0.700808353481728,0.711619100040723,0.7355720581234559,0.7507437533487341,0.773218424115019,0.8003803296125992,0.8170158890834021,0.8426726143016701,0.8664995878660872,0.886445665988854,0.9210249872698609,0.9473907213784158,0.978217060666427,1.0,0.980783336771746,0.949195226821338,0.9086055209181669,0.848423289339535,0.8232202390252851,0.770460870031981,0.645252025522314,0.361569127350878,0.20621818159629698,0.10981928707589
0.33960312282627503,0.445857386866513,0.506323178598648,0.5460485653802171,0.5755429230224389,0.590963704811821,0.600117646950701,0.6428784408882521,0.661046539562147,0.668157135459904,0.69036453373285,0.704994021091035,0.72661226528724,0.7511146019970519,0.765033056935579,0.788808685078903,0.811391501972895,0.830852320849891,0.8657433036617121,0.89204174146124,0.920784923656535,0.980783336771746,1.0,0.976147180908452,0.9441270865255921,0.890889535995691,0.865792760571305,0.806664948615208,0.6682468776203679,0.365080916948255,0.204746424357048,0.10809560416203899
0.332170539602388,0.434585767033614,0.488182146571223,0.520730554633779,0.551958763077991,0.5700736072699101,0.582343560190536,0.6219410196362409,0.6375558541160501,0.642541177844174,0.6647752602414561,0.6804653648845029,0.7032594884130269,0.7259826161592321,0.737240984737673,0.761859579147125,0.7845378678933571,0.8033519292233509,0.8366676210581558,0.8622218058748008,0.891156611860777,0.949195226821338,0.976147180908452,1.0,0.98483787934983,0.928774572956026,0.8980268025476329,0.8352103106528491,0.6931452439904859,0.39548185672722497,0.23982661352667303,0.137270525676975
0.31519490897859803,0.416006449990485,0.46618395715379796,0.49364786287497403,0.522610407444232,0.540117944488236,0.552935423783546,0.591900180390443,0.606997117424191,0.6101145465311321,0.630416648918097,0.645219514408502,0.6685399721199929,0.689697861102173,0.6990603297130661,0.72396957331469,0.7460847494148051,0.763532269726587,0.7936055313821491,0.8172741227183691,0.845987487991513,0.9086055209181669,0.9441270865255921,0.98483787934983,1.0,0.97651920471801,0.944372500705218,0.8791363194749309,0.730853206536715,0.415417876051098,0.272451711186356,0.171371898120951
0.28839141835881704,0.386778494542726,0.43470312706937203,0.45824107230920397,0.482495236634072,0.497354866210367,0.509015671015064,0.547852248753273,0.563230332911915,0.564857540907163,0.582023167671698,0.594703182644825,0.61758563985777,0.637051015777678,0.645010234558309,0.66929885500978,0.690077530325103,0.7055824796177641,0.7313333058214431,0.7522499703351021,0.779879314434636,0.848423289339535,0.890889535995691,0.928774572956026,0.97651920471801,1.0,0.9702871968642209,0.90547234479432,0.753854666433679,0.4178953395161679,0.293133417505586,0.19940848764889396
0.27233687615534397,0.37503916172998897,0.42149921901116794,0.43888821409503603,0.461507686420484,0.47652479459545205,0.489681535138192,0.5251412663098579,0.539999260850666,0.545021584097013,0.56220202733306,0.574232930512946,0.595517087435631,0.6157370460658779,0.6258078741303079,0.64878381575052,0.668687910527595,0.683828596946592,0.70953714159174,0.7297010372112779,0.7547790548304909,0.8232202390252851,0.865792760571305,0.8980268025476329,0.944372500705218,0.9702871968642209,1.0,0.965790456004027,0.8111279745913,0.45137931327611497,0.321042242627998,0.22092790116058103
0.243289822521059,0.34948694479829306,0.39655789552542403,0.410326522475089,0.431252032334238,0.44642552301550603,0.461013387603549,0.4914821001994579,0.504895088892819,0.5131624873969821,0.5306345666169929,0.542358939900491,0.561487733237856,0.5798546626531371,0.5892017946162359,0.615322447370391,0.636337384665103,0.6504894485888001,0.672445030785822,0.6890532332630059,0.710432122812464,0.770460870031981,0.806664948615208,0.8352103106528491,0.8791363194749309,0.90547234479432,0.965790456004027,1.0,0.928648222387724,0.536782982449716,0.37879475392112893,0.256162530024119
0.190240888159955,0.290319126110901,0.33587834708772896,0.34766549875041003,0.3655328210378,0.379646949739904,0.39420513936404794,0.41694166115281,0.427389152283919,0.437525189362275,0.45409174526164503,0.464926799893887,0.48036260483240395,0.493691899709436,0.49944002420888295,0.529659699929117,0.5515321695663361,0.5632734146676639,0.577480657443852,0.587648799754364,0.603429988322974,0.645252025522314,0.6682468776203679,0.6931452439904859,0.730853206536715,0.753854666433679,0.8111279745913,0.928648222387724,1.0,0.6059698151495589,0.42010953360935294,0.27579645527360197
0.0836271873355306,0.100190746970069,0.105425930878231,0.110909758162664,0.13748270506956198,0.152186282859302,0.157157465527953,0.19881607360156897,0.229970080946237,0.24817905014245398,0.25405732341113196,0.254510165466071,0.26250495528904105,0.27742821686027097,0.291502871603797,0.307853990829785,0.31841800472702897,0.322269628329389,0.32230870046875804,0.327188684591096,0.348423334729234,0.361569127350878,0.365080916948255,0.39548185672722497,0.415417876051098,0.4178953395161679,0.45137931327611497,0.536782982449716,0.6059698151495589,1.0,0.698506538311117,0.342273034274691
0.0307074290180428,0.0225651530378962,0.0123569554674595,0.00759699656762802,0.021306395980708,0.0271637200059118,0.0259194329212459,0.0738894772133788,0.11082296286636001,0.125875237035729,0.132283988321138,0.13676011794978,0.14951509142006197,0.16039479140684199,0.168428207795145,0.18823364777402102,0.198849545080458,0.19939434115636603,0.19238098917952898,0.19112605848541397,0.20537021719808102,0.20621818159629698,0.204746424357048,0.23982661352667303,0.272451711186356,0.293133417505586,0.321042242627998,0.37879475392112893,0.42010953360935294,0.698506538311117,1.0,0.908280173903635
0.0075500955471765096,0.00238471020482154,0.0139151273898945,0.0223369853806662,0.01944819880529,0.0196199261458249,0.0227747464317593,0.015739535987304,0.0452162647275233,0.0544051966270778,0.0608943375861862,0.0676813533925458,0.0809477259104963,0.0870623471943101,0.0891530575122169,0.108067236019144,0.11768139377904302,0.1172322062821,0.10955641289479902,0.105863410301691,0.112603629763973,0.10981928707589,0.10809560416203899,0.137270525676975,0.171371898120951,0.19940848764889396,0.22092790116058103,0.256162530024119,0.27579645527360197,0.342273034274691,0.908280173903635,1.0
