1.0,0.652906675216122,0.540496541458814,0.45253253156479606,0.40522444445095,0.37840198267402203,0.3608594503148329,0.358832290550346,0.345981013092957,0.34443574431780194,0.33812073705767,0.336722959727453,0.340033282053154,0.326099685733957,0.330212189855775,0.32334701895836104,0.30843847899902305,0.299056389724625,0.287899867361152,0.269991371301862,0.270765290981933,0.272334188444845,0.261085063020055,0.259365150644836,0.254432244146314,0.257230924249095,0.259670787856743,0.25460346419422103,0.236570691533263,0.21044923358123,0.133713663567851,0.10670415933396302
0.652906675216122,1.0,0.922552743287773,0.839815923851919,0.7950415547253442,0.764088462929346,0.746091754038886,0.7300447276575629,0.7130872238861979,0.69918815566092,0.685396151917817,0.679695610526588,0.672000746172348,0.6465597400492911,0.6481278696686961,0.6395755409371501,0.6301093343413361,0.6223355260412661,0.607334949293079,0.5950340338462969,0.5925748221057859,0.585058632810303,0.5732479641771271,0.562965227282296,0.5539260838660001,0.5456215082018441,0.537846172815878,0.5194415024886301,0.454910303058488,0.3678557010625739,0.17342490026024,0.0978208497435138
0.540496541458814,0.922552743287773,1.0,0.949601476090984,0.90806620184746,0.8724649206657671,0.8461782410529121,0.8225166325844409,0.8017441370620859,0.785959892680995,0.773480235094565,0.76710889520365,0.758579139769115,0.7377499051073789,0.7351197017668749,0.7259142244653102,0.7176355103017809,0.7121162157880201,0.698993095237449,0.685052701550624,0.680329405330076,0.6722696816920259,0.660077884639398,0.646351384104341,0.636212000670182,0.630029772956954,0.62442431140813,0.602300520372625,0.526157859862438,0.423705385984596,0.19638648140380602,0.0879742738639408
0.45253253156479606,0.839815923851919,0.949601476090984,1.0,0.9568377172132391,0.9232909116757559,0.8946256210337029,0.8670344950319459,0.8411273671834999,0.822252016985277,0.809144371524125,0.8018214756331851,0.789572901431033,0.7680475351181071,0.765470212056337,0.7561446042959019,0.7468387837166139,0.7390985692050329,0.727513731215515,0.7148140416252742,0.7064100700659252,0.69647034385293,0.686227037159591,0.671254604570308,0.660719063812811,0.652866577149487,0.650177573017399,0.627271994432808,0.544664680499726,0.426249823698221,0.198527441043615,0.0689884640711035
0.40522444445095,0.7950415547253442,0.90806620184746,0.9568377172132391,1.0,0.9765784339980309,0.945660685412121,0.9156303125648259,0.8909503200722081,0.869331848864045,0.8539482238302042,0.8430948860098609,0.8294408611106759,0.809590926568023,0.8050324640941,0.793648576009077,0.784166695436719,0.7741904337824631,0.7606563306749671,0.746370298409965,0.7342360554522941,0.7245025355548829,0.7142735666045921,0.700921766445467,0.6912127984444619,0.682223024684948,0.675767727092613,0.6507062703959821,0.562402868763697,0.439767871644189,0.191616238240025,0.0668880871766809
0.37840198267402203,0.764088462929346,0.8724649206657671,0.9232909116757559,0.9765784339980309,1.0,0.9806063349998421,0.9509474016804621,0.92484302695234,0.903273501599744,0.887493628491438,0.873859384544062,0.859792284208409,0.839988274251814,0.8332663109574381,0.8198478708901329,0.811283375371445,0.8016193458722048,0.789349074587563,0.77426394273573,0.7625175756161942,0.7544771517569769,0.743107768356933,0.7300508972217711,0.722321258505467,0.7125762769665159,0.7051955429104209,0.6793017357412701,0.585959339353319,0.46246997267580897,0.20088505440871,0.0824239678095336
0.3608594503148329,0.746091754038886,0.8461782410529121,0.8946256210337029,0.945660685412121,0.9806063349998421,1.0,0.98141327549919,0.95361685097625,0.9300261464672579,0.911897263450274,0.8945578152022671,0.8796514925567851,0.859208529160725,0.849570517622547,0.8350704100539671,0.827038440623962,0.8161983895796869,0.804708265559575,0.7897146070917339,0.778109253698537,0.7716158383024929,0.7616256936267221,0.748459796097354,0.7409630358819009,0.7303128070921651,0.722693842930479,0.693209125993864,0.595289372785679,0.4659244048571029,0.20540963295804898,0.0934143783462007
0.358832290550346,0.7300447276575629,0.8225166325844409,0.8670344950319459,0.9156303125648259,0.9509474016804621,0.98141327549919,1.0,0.978571748814532,0.9572948131080659,0.938510237143351,0.91881439807837,0.904025916895428,0.8837614529756841,0.871924484958205,0.8565295245461441,0.846818903168866,0.8348676975025201,0.822138002517742,0.8084650812936859,0.797307336268729,0.79343303490566,0.7860219865642841,0.7716177631774609,0.7646951542185341,0.753401987511068,0.744610766398643,0.712787545642726,0.613639347436048,0.47486972191497706,0.20237595206976,0.10246600287303301
0.345981013092957,0.7130872238861979,0.8017441370620859,0.8411273671834999,0.8909503200722081,0.92484302695234,0.95361685097625,0.978571748814532,1.0,0.980624413151163,0.96151711610221,0.9417017372073041,0.924622992496952,0.9028223369392251,0.890096542910929,0.875446804081343,0.8651244217912171,0.852137082670673,0.8357057698374191,0.8225130622353001,0.8102334679153149,0.804212057752766,0.7988547809416071,0.7864474072085841,0.777672918572728,0.764929303269932,0.7555678575048409,0.722190932257009,0.6245581816421529,0.48206506487216294,0.19626382984195,0.10764925151785601
0.34443574431780194,0.69918815566092,0.785959892680995,0.822252016985277,0.869331848864045,0.903273501599744,0.9300261464672579,0.9572948131080659,0.980624413151163,1.0,0.9865186289047391,0.966365206984493,0.947659227426024,0.9232283725573192,0.9087724452069041,0.8927956149526508,0.879994089826911,0.8646699567487951,0.8480575602965409,0.833413371270016,0.8218769686399999,0.815635650157409,0.8097778249418721,0.7998289527796879,0.7919819968295859,0.7799834774137869,0.7665672900288198,0.732169991359172,0.639021364226902,0.495036090877955,0.200372354917837,0.12078137673528301
0.33812073705767,0.685396151917817,0.773480235094565,0.809144371524125,0.8539482238302042,0.887493628491438,0.911897263450274,0.938510237143351,0.96151711610221,0.9865186289047391,1.0,0.988261812569292,0.9691895603422279,0.943291509686177,0.927263849073153,0.910629572348672,0.8975360934636819,0.880981154009386,0.862768068705292,0.847389382183489,0.8364078149690171,0.828405578706742,0.8223541479445159,0.814245894111136,0.80291488254501,0.7901590817566121,0.776257067958924,0.7448888916349359,0.655991387812327,0.514819549748769,0.214072967156372,0.134634039008224
0.336722959727453,0.679695610526588,0.76710889520365,0.8018214756331851,0.8430948860098609,0.873859384544062,0.8945578152022671,0.91881439807837,0.9417017372073041,0.966365206984493,0.988261812569292,1.0,0.9884504085171101,0.9632219093313101,0.9469363720885929,0.9307735026497869,0.916783635647639,0.898303452901065,0.8795288965546549,0.8633042636658751,0.8534533418101551,0.8457031317043591,0.8397499407543059,0.83262795285742,0.8190050805438991,0.803992402136695,0.7868202910600149,0.7547210814763051,0.669361206585802,0.531051113818411,0.23353294991425802,0.153947778959303
0.340033282053154,0.672000746172348,0.758579139769115,0.789572901431033,0.8294408611106759,0.859792284208409,0.8796514925567851,0.904025916895428,0.924622992496952,0.947659227426024,0.9691895603422279,0.9884504085171101,1.0,0.983745234506067,0.9669496508851991,0.9497753477657389,0.9355166366647459,0.9174403347412479,0.89865766699386,0.882703936002926,0.87374710042574,0.8665564872953672,0.8597211798283921,0.8512886038251171,0.835783416750273,0.818484214701415,0.7989046181451871,0.7652751090010419,0.682455108626293,0.547221334326339,0.24421967621235602,0.161986663741535
0.326099685733957,0.6465597400492911,0.7377499051073789,0.7680475351181071,0.809590926568023,0.839988274251814,0.859208529160725,0.8837614529756841,0.9028223369392251,0.9232283725573192,0.943291509686177,0.9632219093313101,0.983745234506067,1.0,0.9832072397744201,0.965929151851069,0.950653435257797,0.9307719416172191,0.910906811331455,0.892466052446741,0.881077474918399,0.8703053293512991,0.862154511892591,0.851919214443567,0.836014535008052,0.8180362670645641,0.796919933491794,0.760334536671053,0.681800922697136,0.550990209447792,0.253180650696532,0.15196870453826
0.330212189855775,0.6481278696686961,0.7351197017668749,0.765470212056337,0.8050324640941,0.8332663109574381,0.849570517622547,0.871924484958205,0.890096542910929,0.9087724452069041,0.927263849073153,0.9469363720885929,0.9669496508851991,0.9832072397744201,1.0,0.9874882706198409,0.9701168959130531,0.949194310939182,0.928415770871791,0.910909022720785,0.898062825515178,0.8867108816930189,0.8762964577456509,0.8638013477567209,0.848770482255217,0.8299319141254421,0.806973959189376,0.7673578377207191,0.689038782280076,0.5599684582716421,0.250004719007341,0.151994787915903
0.32334701895836104,0.6395755409371501,0.7259142244653102,0.7561446042959019,0.793648576009077,0.8198478708901329,0.8350704100539671,0.8565295245461441,0.875446804081343,0.8927956149526508,0.910629572348672,0.9307735026497869,0.9497753477657389,0.965929151851069,0.9874882706198409,1.0,0.9889427531164441,0.9676641996393042,0.947442281650664,0.930694018551725,0.9175694337046411,0.9047486830928001,0.893777251467806,0.878277502670797,0.863276933759518,0.842558700875813,0.819477622708644,0.7781980799490892,0.698149657405908,0.567698070784766,0.251141499456004,0.149126574205515
0.30843847899902305,0.6301093343413361,0.7176355103017809,0.7468387837166139,0.784166695436719,0.811283375371445,0.827038440623962,0.846818903168866,0.8651244217912171,0.879994089826911,0.8975360934636819,0.916783635647639,0.9355166366647459,0.950653435257797,0.9701168959130531,0.9889427531164441,1.0,0.98781795194455,0.968455169845027,0.951248927893215,0.9352076464390959,0.9199261358901469,0.905999467173371,0.889756963357543,0.8739641909192959,0.852180986992005,0.829791123811174,0.791541225708524,0.7119578628521371,0.580292735472119,0.259016324224147,0.150847087706827
0.299056389724625,0.6223355260412661,0.7121162157880201,0.7390985692050329,0.7741904337824631,0.8016193458722048,0.8161983895796869,0.8348676975025201,0.852137082670673,0.8646699567487951,0.880981154009386,0.898303452901065,0.9174403347412479,0.9307719416172191,0.949194310939182,0.9676641996393042,0.98781795194455,1.0,0.985967784493969,0.9697431545888271,0.9520123133721871,0.93426355918191,0.917065106268657,0.8987664101136421,0.8833161204730591,0.8614498070240619,0.8394488242247741,0.802241109772351,0.7233751246990309,0.588135509225776,0.27615704522491397,0.15899324874887302
0.287899867361152,0.607334949293079,0.698993095237449,0.727513731215515,0.7606563306749671,0.789349074587563,0.804708265559575,0.822138002517742,0.8357057698374191,0.8480575602965409,0.862768068705292,0.8795288965546549,0.89865766699386,0.910906811331455,0.928415770871791,0.947442281650664,0.968455169845027,0.985967784493969,1.0,0.984832474746636,0.965763596321556,0.946722240552766,0.927480381326644,0.906296322939064,0.8927967779347099,0.8719922713857621,0.8502588950942421,0.810960053717551,0.734707518749093,0.6063913781481459,0.29494880775072196,0.167324585594431
0.269991371301862,0.5950340338462969,0.685052701550624,0.7148140416252742,0.746370298409965,0.77426394273573,0.7897146070917339,0.8084650812936859,0.8225130622353001,0.833413371270016,0.847389382183489,0.8633042636658751,0.882703936002926,0.892466052446741,0.910909022720785,0.930694018551725,0.951248927893215,0.9697431545888271,0.984832474746636,1.0,0.987157456496282,0.9670279770809721,0.947170234228836,0.9253061320498741,0.9142696459989821,0.8924381375244941,0.869423459781775,0.829956827481436,0.748839118558123,0.6216999079830009,0.30435506846116,0.18005940349366698
0.270765290981933,0.5925748221057859,0.680329405330076,0.7064100700659252,0.7342360554522941,0.7625175756161942,0.778109253698537,0.797307336268729,0.8102334679153149,0.8218769686399999,0.8364078149690171,0.8534533418101551,0.87374710042574,0.881077474918399,0.898062825515178,0.9175694337046411,0.9352076464390959,0.9520123133721871,0.965763596321556,0.987157456496282,1.0,0.988039901250789,0.9663504222757401,0.942334605908111,0.9309846073066959,0.9067214841149291,0.881411877266894,0.842718015518067,0.764717024516688,0.636807699625544,0.30660794903548,0.19741342681319396
0.272334188444845,0.585058632810303,0.6722696816920259,0.69647034385293,0.7245025355548829,0.7544771517569769,0.7716158383024929,0.79343303490566,0.804212057752766,0.815635650157409,0.828405578706742,0.8457031317043591,0.8665564872953672,0.8703053293512991,0.8867108816930189,0.9047486830928001,0.9199261358901469,0.93426355918191,0.946722240552766,0.9670279770809721,0.988039901250789,1.0,0.985698343009916,0.961614615045307,0.948653962021572,0.9214122741569771,0.891847829848995,0.850142397044869,0.770224676571991,0.640087246633684,0.30461193985294505,0.21954147654824696
0.261085063020055,0.5732479641771271,0.660077884639398,0.686227037159591,0.7142735666045921,0.743107768356933,0.7616256936267221,0.7860219865642841,0.7988547809416071,0.8097778249418721,0.8223541479445159,0.8397499407543059,0.8597211798283921,0.862154511892591,0.8762964577456509,0.893777251467806,0.905999467173371,0.917065106268657,0.927480381326644,0.947170234228836,0.9663504222757401,0.985698343009916,1.0,0.9816865130030279,0.965896490943934,0.9395762504211441,0.9079945013382401,0.8646609349882309,0.7818520923253081,0.649738388538924,0.311106337118002,0.236917356560894
0.259365150644836,0.562965227282296,0.646351384104341,0.671254604570308,0.700921766445467,0.7300508972217711,0.748459796097354,0.7716177631774609,0.7864474072085841,0.7998289527796879,0.814245894111136,0.83262795285742,0.8512886038251171,0.851919214443567,0.8638013477567209,0.878277502670797,0.889756963357543,0.8987664101136421,0.906296322939064,0.9253061320498741,0.942334605908111,0.961614615045307,0.9816865130030279,1.0,0.98175241354736,0.9565771355415129,0.9262201723949041,0.8851924066904839,0.807254690339943,0.681057265392436,0.33217552982499,0.24512125892906603
0.254432244146314,0.5539260838660001,0.636212000670182,0.660719063812811,0.6912127984444619,0.722321258505467,0.7409630358819009,0.7646951542185341,0.777672918572728,0.7919819968295859,0.80291488254501,0.8190050805438991,0.835783416750273,0.836014535008052,0.848770482255217,0.863276933759518,0.8739641909192959,0.8833161204730591,0.8927967779347099,0.9142696459989821,0.9309846073066959,0.948653962021572,0.965896490943934,0.98175241354736,1.0,0.981106632282479,0.950850742986663,0.908130927381865,0.829293163538392,0.704057865165178,0.347196178806058,0.252052233254981
0.257230924249095,0.5456215082018441,0.630029772956954,0.652866577149487,0.682223024684948,0.7125762769665159,0.7303128070921651,0.753401987511068,0.764929303269932,0.7799834774137869,0.7901590817566121,0.803992402136695,0.818484214701415,0.8180362670645641,0.8299319141254421,0.842558700875813,0.852180986992005,0.8614498070240619,0.8719922713857621,0.8924381375244941,0.9067214841149291,0.9214122741569771,0.9395762504211441,0.9565771355415129,0.981106632282479,1.0,0.9824618002812869,0.9405507679166829,0.8639241707791478,0.746403767895122,0.377710847311006,0.26742086595606396
0.259670787856743,0.537846172815878,0.62442431140813,0.650177573017399,0.675767727092613,0.7051955429104209,0.722693842930479,0.744610766398643,0.7555678575048409,0.7665672900288198,0.776257067958924,0.7868202910600149,0.7989046181451871,0.796919933491794,0.806973959189376,0.819477622708644,0.829791123811174,0.8394488242247741,0.8502588950942421,0.869423459781775,0.881411877266894,0.891847829848995,0.9079945013382401,0.9262201723949041,0.950850742986663,0.9824618002812869,1.0,0.9727761180605391,0.893863597550432,0.768036015140093,0.386735316111195,0.26273745559866396
0.25460346419422103,0.5194415024886301,0.602300520372625,0.627271994432808,0.6507062703959821,0.6793017357412701,0.693209125993864,0.712787545642726,0.722190932257009,0.732169991359172,0.7448888916349359,0.7547210814763051,0.7652751090010419,0.760334536671053,0.7673578377207191,0.7781980799490892,0.791541225708524,0.802241109772351,0.810960053717551,0.829956827481436,0.842718015518067,0.850142397044869,0.8646609349882309,0.8851924066904839,0.908130927381865,0.9405507679166829,0.9727761180605391,1.0,0.934578501574601,0.806688812146408,0.40681909284728995,0.27763573215257
0.236570691533263,0.454910303058488,0.526157859862438,0.544664680499726,0.562402868763697,0.585959339353319,0.595289372785679,0.613639347436048,0.6245581816421529,0.639021364226902,0.655991387812327,0.669361206585802,0.682455108626293,0.681800922697136,0.689038782280076,0.698149657405908,0.7119578628521371,0.7233751246990309,0.734707518749093,0.748839118558123,0.764717024516688,0.770224676571991,0.7818520923253081,0.807254690339943,0.829293163538392,0.8639241707791478,0.893863597550432,0.934578501574601,1.0,0.8844336122135501,0.45586613687727207,0.28735420056194105
0.21044923358123,0.3678557010625739,0.423705385984596,0.426249823698221,0.439767871644189,0.46246997267580897,0.4659244048571029,0.47486972191497706,0.48206506487216294,0.495036090877955,0.514819549748769,0.531051113818411,0.547221334326339,0.550990209447792,0.5599684582716421,0.567698070784766,0.580292735472119,0.588135509225776,0.6063913781481459,0.6216999079830009,0.636807699625544,0.640087246633684,0.649738388538924,0.681057265392436,0.704057865165178,0.746403767895122,0.768036015140093,0.806688812146408,0.8844336122135501,1.0,0.571643173165665,0.37727009181491206
0.133713663567851,0.17342490026024,0.19638648140380602,0.198527441043615,0.191616238240025,0.20088505440871,0.20540963295804898,0.20237595206976,0.19626382984195,0.200372354917837,0.214072967156372,0.23353294991425802,0.24421967621235602,0.253180650696532,0.250004719007341,0.251141499456004,0.259016324224147,0.27615704522491397,0.29494880775072196,0.30435506846116,0.30660794903548,0.30461193985294505,0.311106337118002,0.33217552982499,0.347196178806058,0.377710847311006,0.386735316111195,0.40681909284728995,0.45586613687727207,0.571643173165665,1.0,0.48842209284595506
0.10670415933396302,0.0978208497435138,0.0879742738639408,0.0689884640711035,0.0668880871766809,0.0824239678095336,0.0934143783462007,0.10246600287303301,0.10764925151785601,0.12078137673528301,0.134634039008224,0.153947778959303,0.161986663741535,0.15196870453826,0.151994787915903,0.149126574205515,0.150847087706827,0.15899324874887302,0.167324585594431,0.18005940349366698,0.19741342681319396,0.21954147654824696,0.236917356560894,0.24512125892906603,0.252052233254981,0.26742086595606396,0.26273745559866396,0.27763573215257,0.28735420056194105,0.37727009181491206,0.48842209284595506,1.0
