1.0,0.9920357136377759,0.9618951197246709,0.900052486592556,0.880134530481659,0.865226616714607,0.8364922949043628,0.80236812720146,0.7768827367109921,0.740101723206458,0.6954752495781059,0.6689113983905689,0.64367164470698,0.615490097462735,0.589046220257741,0.5610050567784229,0.525779593592534,0.48986725422726296,0.46109807544653497,0.434480116177764,0.40999910507990206,0.391834434400296,0.37687084025774703,0.35500203325255103,0.333054426204115,0.332794547971982,0.321849848559125,0.30555098058411495,0.300060898893655,0.313145357299983,0.308154248486216,0.29860136566391304
0.9920357136377759,1.0,0.9886732842129169,0.947773902302514,0.93190358274754,0.9160812101761291,0.885617497454374,0.849760248940226,0.8238130116758481,0.785844100893587,0.739470935923052,0.7118799567029721,0.685530186390485,0.6559849169531229,0.628611818343745,0.600403189075345,0.5641852960397961,0.526925151478946,0.496937816279261,0.46900732403396994,0.443215726922583,0.42454960192045293,0.41038412011014497,0.38817937332770897,0.365458729601577,0.365996981458365,0.354448146124445,0.336835666570542,0.330375736130355,0.342345343207188,0.33530812062759496,0.323827762526274
0.9618951197246709,0.9886732842129169,1.0,0.9849069018649721,0.974189902904516,0.957607275507057,0.9257170590012491,0.8885411848124058,0.862583766657519,0.8239898003490229,0.7765006971896079,0.748260194073435,0.721136296394972,0.6905811163699411,0.662670618838826,0.6348496522817789,0.5982031624952321,0.5601126702999879,0.529298075477594,0.500385052990289,0.47356872112167603,0.454693653280941,0.4417740374813,0.41963122836482003,0.39646243933863795,0.39794049736682197,0.385912211677146,0.367101131254001,0.35962005244245393,0.370012094163298,0.36068331846704205,0.347145261510932
0.900052486592556,0.947773902302514,0.9849069018649721,1.0,0.995527841099175,0.9785353410285501,0.9458978923738091,0.908248018432558,0.8830097082787909,0.844781533200545,0.7973425568911829,0.769148117762129,0.74189514562648,0.7110355829808609,0.6832911666472359,0.656700592928972,0.62059162898599,0.58261599809708,0.5517149678944531,0.5224829032336289,0.49523982281748896,0.476655231160146,0.465536178004988,0.44408824504231603,0.42105496334455395,0.423575242289085,0.411332692576021,0.391668958124857,0.38322086928174703,0.39150097985919496,0.379792116019157,0.36426217988376
0.880134530481659,0.93190358274754,0.974189902904516,0.995527841099175,1.0,0.9931459465091741,0.9710305624466509,0.941649723575219,0.918789281684802,0.8822747359638441,0.8359083938224601,0.808297580552485,0.78113678887466,0.749998533035775,0.7224178929987629,0.6969498418695171,0.660890564045169,0.6223810570046729,0.5912506448656,0.561552448959023,0.533632327530114,0.514296834882783,0.501481051905421,0.47774363303906003,0.45246780807188,0.454616840044516,0.4410514432428979,0.41967396716406397,0.41005358278829607,0.41735839285036497,0.40384571503504296,0.38661424268826
0.865226616714607,0.9160812101761291,0.957607275507057,0.9785353410285501,0.9931459465091741,1.0,0.9923043641367609,0.974304286973567,0.954569748376695,0.920486520488696,0.8758515858726591,0.84919354851421,0.822375875235994,0.791162068681675,0.763938851996234,0.739791324237999,0.703888282782988,0.664892437916204,0.633690143553841,0.603660449351002,0.5751457814102641,0.554854623894413,0.539344904957155,0.5125106160762191,0.48437054257848705,0.485711854461626,0.470531713821074,0.447252005754294,0.436406095769659,0.442960966364415,0.427808309537402,0.408987861186247
0.8364922949043628,0.885617497454374,0.9257170590012491,0.9458978923738091,0.9710305624466509,0.9923043641367609,1.0,0.9943258368715521,0.9781980209851701,0.947200287339748,0.9050671868122799,0.8798172309560129,0.853764160356947,0.8229371735962909,0.7964997797639759,0.774112373219083,0.7389118408002471,0.699984025169416,0.6691722647877889,0.6392405309951371,0.6105224923211751,0.589522400942567,0.5713907223076341,0.541676987459306,0.510923435714575,0.5113889934825661,0.49472525151785607,0.46977852274630205,0.4577965201459529,0.4634588709865639,0.446795467819243,0.42657316362386505
0.80236812720146,0.849760248940226,0.8885411848124058,0.908248018432558,0.941649723575219,0.974304286973567,0.9943258368715521,1.0,0.9915571559302041,0.967720765088441,0.9319744382504201,0.9096402532421851,0.885138619183366,0.8553930120526129,0.829878028157524,0.808123605621982,0.772705612970123,0.7331210096200359,0.703332617023457,0.6743781444115371,0.64615564579744,0.6248329301391861,0.603856138949416,0.5710825586249311,0.537576760856555,0.536563811456949,0.517867754456097,0.49091649731447995,0.4775105621917561,0.48191733181156104,0.46358759291562296,0.44190228771670603
0.7768827367109921,0.8238130116758481,0.862583766657519,0.8830097082787909,0.918789281684802,0.954569748376695,0.9781980209851701,0.9915571559302041,1.0,0.9922306056543081,0.971114546197995,0.9546517600967479,0.9329483516530039,0.90523370171205,0.8802975979368148,0.8557632655456351,0.8170261869893449,0.77413213199294,0.746166736786665,0.71963541466076,0.692972098077178,0.6718541577338311,0.64732435988547,0.610647647519275,0.5735987749711341,0.5697360845251279,0.5474352712627021,0.5172489378381501,0.50155415429506,0.504036162756327,0.483425186122932,0.45980019974179
0.740101723206458,0.785844100893587,0.8239898003490229,0.844781533200545,0.8822747359638441,0.920486520488696,0.947200287339748,0.967720765088441,0.9922306056543081,1.0,0.993256068691651,0.9826878622833329,0.9640136436800609,0.9386874251530419,0.9147024613772841,0.887890299891525,0.846583475425509,0.801194888856566,0.7754223772104352,0.751636997310794,0.726892782645009,0.706306453406132,0.678757006315806,0.63891748685142,0.5990571704976441,0.592521594777025,0.567116107353999,0.5343049317495949,0.516663185663128,0.517259091701238,0.494786474022976,0.469675385227181
0.6954752495781059,0.739470935923052,0.7765006971896079,0.7973425568911829,0.8359083938224601,0.8758515858726591,0.9050671868122799,0.9319744382504201,0.971114546197995,0.993256068691651,1.0,0.995072810124782,0.979482675006382,0.9567364334337479,0.933973261496315,0.9054133144459761,0.8622893617500781,0.81521082073493,0.7918422938305519,0.7709485117871892,0.748338761533207,0.7285357326839441,0.6985574996467571,0.656327652072587,0.6144047379769211,0.605469664975801,0.577526174077129,0.542727719513866,0.523518284223174,0.522348176143112,0.498454937812432,0.472310094405024
0.6689113983905689,0.7118799567029721,0.748260194073435,0.769148117762129,0.808297580552485,0.84919354851421,0.8798172309560129,0.9096402532421851,0.9546517600967479,0.9826878622833329,0.995072810124782,1.0,0.994476158599452,0.980476520024122,0.9638148343091171,0.9361950182961941,0.8931761952406579,0.845742570391659,0.823725877522385,0.804113594621606,0.7822555688916301,0.76289358717253,0.7323226731156379,0.688698772988787,0.645223629796628,0.6365973533974799,0.60784467417025,0.571659143908309,0.5511711343106059,0.547837772762286,0.521352768808604,0.49299699292592897
0.64367164470698,0.685530186390485,0.721136296394972,0.74189514562648,0.78113678887466,0.822375875235994,0.853764160356947,0.885138619183366,0.9329483516530039,0.9640136436800609,0.979482675006382,0.994476158599452,1.0,0.995699990793791,0.9860073204955749,0.960156279875546,0.918071837421785,0.871037590876379,0.850173620838835,0.8314885243000891,0.8101477090579828,0.791261362873339,0.760861470072456,0.7165671154460059,0.6721520622739421,0.664565811282366,0.6357435529576589,0.598732932169908,0.5773125206791221,0.571921495654081,0.542978383666994,0.5125275255988401
0.615490097462735,0.6559849169531229,0.6905811163699411,0.7110355829808609,0.749998533035775,0.791162068681675,0.8229371735962909,0.8553930120526129,0.90523370171205,0.9386874251530419,0.9567364334337479,0.980476520024122,0.995699990793791,1.0,0.996546879065874,0.9724940874007851,0.9316204293943959,0.8853702076154879,0.8657150221642809,0.848019667821081,0.8273311305787959,0.809037849586446,0.779067818398577,0.7345881512971629,0.689751080777519,0.683152326171251,0.654533108661179,0.617133869407514,0.595087087322047,0.5879295015874301,0.557082504339795,0.525061989176402
0.589046220257741,0.628611818343745,0.662670618838826,0.6832911666472359,0.7224178929987629,0.763938851996234,0.7964997797639759,0.829878028157524,0.8802975979368148,0.9147024613772841,0.933973261496315,0.9638148343091171,0.9860073204955749,0.996546879065874,1.0,0.985502904496217,0.9522033611852408,0.9117716112513791,0.8942714470172359,0.8772499536410899,0.8568636328676379,0.838438039037527,0.8068684077090749,0.760400872689638,0.7136702885020301,0.7072672808442428,0.6781437672944671,0.639748481747077,0.6168441436645761,0.608360691591002,0.5757125322061409,0.542101032039109
0.5610050567784229,0.600403189075345,0.6348496522817789,0.656700592928972,0.6969498418695171,0.739791324237999,0.774112373219083,0.808123605621982,0.8557632655456351,0.887890299891525,0.9054133144459761,0.9361950182961941,0.960156279875546,0.9724940874007851,0.985502904496217,1.0,0.990223898780985,0.968231934537947,0.9554533593194551,0.938525793004553,0.9177300865322141,0.8975218588407191,0.8594914859984679,0.806666844601672,0.754451331894146,0.74646785086888,0.715194333150066,0.6743277066995009,0.649944800604012,0.640952849502992,0.606519043325744,0.5710828699526329
0.525779593592534,0.5641852960397961,0.5982031624952321,0.62059162898599,0.660890564045169,0.703888282782988,0.7389118408002471,0.772705612970123,0.8170261869893449,0.846583475425509,0.8622893617500781,0.8931761952406579,0.918071837421785,0.9316204293943959,0.9522033611852408,0.990223898780985,1.0,0.993645666952937,0.9850262408246959,0.968543142792797,0.947862018969228,0.926626594381963,0.884109509410938,0.8272043237250741,0.7716121241974859,0.7625024383431751,0.730139747723067,0.68812788038608,0.6630583391372951,0.653843399932535,0.6186885448029921,0.5825209828318271
0.48986725422726296,0.526925151478946,0.5601126702999879,0.58261599809708,0.6223810570046729,0.664892437916204,0.699984025169416,0.7331210096200359,0.77413213199294,0.801194888856566,0.81521082073493,0.845742570391659,0.871037590876379,0.8853702076154879,0.9117716112513791,0.968231934537947,0.993645666952937,1.0,0.9948593978334961,0.978969710696855,0.9586756012206279,0.936913772293136,0.891381874895687,0.831994544102727,0.774469448622764,0.764580763841504,0.7318001428841201,0.689462534370995,0.664195999931272,0.6549323756112271,0.6196964012341739,0.583453800599354
0.46109807544653497,0.496937816279261,0.529298075477594,0.5517149678944531,0.5912506448656,0.633690143553841,0.6691722647877889,0.703332617023457,0.746166736786665,0.7754223772104352,0.7918422938305519,0.823725877522385,0.850173620838835,0.8657150221642809,0.8942714470172359,0.9554533593194551,0.9850262408246959,0.9948593978334961,1.0,0.9944244594273929,0.9821655758356149,0.9663820070163399,0.9237189480355279,0.8655935315733551,0.8084845686461809,0.7964011843249971,0.759786477093645,0.7141046013050041,0.686063611239566,0.6731947447356601,0.634710437130925,0.595971226714198
0.434480116177764,0.46900732403396994,0.500385052990289,0.5224829032336289,0.561552448959023,0.603660449351002,0.6392405309951371,0.6743781444115371,0.71963541466076,0.751636997310794,0.7709485117871892,0.804113594621606,0.8314885243000891,0.848019667821081,0.8772499536410899,0.938525793004553,0.968543142792797,0.978969710696855,0.9944244594273929,1.0,0.996516233964235,0.9875193941277459,0.9490977577881078,0.8934665297483442,0.837785932129737,0.823606100419904,0.7832339103056191,0.734385647016673,0.703613356879912,0.6869377886575739,0.6452686334094351,0.604165075751089
0.40999910507990206,0.443215726922583,0.47356872112167603,0.49523982281748896,0.533632327530114,0.5751457814102641,0.6105224923211751,0.64615564579744,0.692972098077178,0.726892782645009,0.748338761533207,0.7822555688916301,0.8101477090579828,0.8273311305787959,0.8568636328676379,0.9177300865322141,0.947862018969228,0.9586756012206279,0.9821655758356149,0.996516233964235,1.0,0.9964416391072759,0.961677718561413,0.908458200951183,0.8543467690838191,0.8386208326538991,0.795595608932264,0.744628699875382,0.7119391847449191,0.6923846116517299,0.6485255438777429,0.605876523665736
0.391834434400296,0.42454960192045293,0.454693653280941,0.476655231160146,0.514296834882783,0.554854623894413,0.589522400942567,0.6248329301391861,0.6718541577338311,0.706306453406132,0.7285357326839441,0.76289358717253,0.791261362873339,0.809037849586446,0.838438039037527,0.8975218588407191,0.926626594381963,0.936913772293136,0.9663820070163399,0.9875193941277459,0.9964416391072759,1.0,0.9788392078481659,0.935418995245858,0.888217257736885,0.870542440595808,0.8223624916986311,0.767202442274395,0.7316511195693891,0.710118240026263,0.664135623210461,0.619738277188816
0.37687084025774703,0.41038412011014497,0.4417740374813,0.465536178004988,0.501481051905421,0.539344904957155,0.5713907223076341,0.603856138949416,0.64732435988547,0.678757006315806,0.6985574996467571,0.7323226731156379,0.760861470072456,0.779067818398577,0.8068684077090749,0.8594914859984679,0.884109509410938,0.891381874895687,0.9237189480355279,0.9490977577881078,0.961677718561413,0.9788392078481659,1.0,0.9879702199919,0.963434154746787,0.9423908088814491,0.8819203058933871,0.8168814089610459,0.775675406795095,0.753870693982162,0.7057690784991999,0.65910463562903
0.35500203325255103,0.38817937332770897,0.41963122836482003,0.44408824504231603,0.47774363303906003,0.5125106160762191,0.541676987459306,0.5710825586249311,0.610647647519275,0.63891748685142,0.656327652072587,0.688698772988787,0.7165671154460059,0.7345881512971629,0.760400872689638,0.806666844601672,0.8272043237250741,0.831994544102727,0.8655935315733551,0.8934665297483442,0.908458200951183,0.935418995245858,0.9879702199919,1.0,0.9932804383998529,0.9702810839178321,0.902216800770191,0.831534718635853,0.787209998816516,0.7658108555908559,0.7174557425482829,0.670385609239821
0.333054426204115,0.365458729601577,0.39646243933863795,0.42105496334455395,0.45246780807188,0.48437054257848705,0.510923435714575,0.537576760856555,0.5735987749711341,0.5990571704976441,0.6144047379769211,0.645223629796628,0.6721520622739421,0.689751080777519,0.7136702885020301,0.754451331894146,0.7716121241974859,0.774469448622764,0.8084845686461809,0.837785932129737,0.8543467690838191,0.888217257736885,0.963434154746787,0.9932804383998529,1.0,0.9758984167379772,0.9032212497975122,0.8294272238560709,0.7834654151695492,0.7627062367171701,0.714921669280455,0.668287980865095
0.332794547971982,0.365996981458365,0.39794049736682197,0.423575242289085,0.454616840044516,0.485711854461626,0.5113889934825661,0.536563811456949,0.5697360845251279,0.592521594777025,0.605469664975801,0.6365973533974799,0.664565811282366,0.683152326171251,0.7072672808442428,0.74646785086888,0.7625024383431751,0.764580763841504,0.7964011843249971,0.823606100419904,0.8386208326538991,0.870542440595808,0.9423908088814491,0.9702810839178321,0.9758984167379772,1.0,0.974911852096005,0.930932477692808,0.8988565605173341,0.8640803923713299,0.8023233044959409,0.7444929896380471
0.321849848559125,0.354448146124445,0.385912211677146,0.411332692576021,0.4410514432428979,0.470531713821074,0.49472525151785607,0.517867754456097,0.5474352712627021,0.567116107353999,0.577526174077129,0.60784467417025,0.6357435529576589,0.654533108661179,0.6781437672944671,0.715194333150066,0.730139747723067,0.7318001428841201,0.759786477093645,0.7832339103056191,0.795595608932264,0.8223624916986311,0.8819203058933871,0.902216800770191,0.9032212497975122,0.974911852096005,1.0,0.988865518226797,0.972688169253527,0.925328890640022,0.85234456418984,0.785922734668082
0.30555098058411495,0.336835666570542,0.367101131254001,0.391668958124857,0.41967396716406397,0.447252005754294,0.46977852274630205,0.49091649731447995,0.5172489378381501,0.5343049317495949,0.542727719513866,0.571659143908309,0.598732932169908,0.617133869407514,0.639748481747077,0.6743277066995009,0.68812788038608,0.689462534370995,0.7141046013050041,0.734385647016673,0.744628699875382,0.767202442274395,0.8168814089610459,0.831534718635853,0.8294272238560709,0.930932477692808,0.988865518226797,1.0,0.994902993825005,0.9404530159199,0.8619995673715709,0.7916875717974009
0.300060898893655,0.330375736130355,0.35962005244245393,0.38322086928174703,0.41005358278829607,0.436406095769659,0.4577965201459529,0.4775105621917561,0.50155415429506,0.516663185663128,0.523518284223174,0.5511711343106059,0.5773125206791221,0.595087087322047,0.6168441436645761,0.649944800604012,0.6630583391372951,0.664195999931272,0.686063611239566,0.703613356879912,0.7119391847449191,0.7316511195693891,0.775675406795095,0.787209998816516,0.7834654151695492,0.8988565605173341,0.972688169253527,0.994902993825005,1.0,0.9608739432205841,0.891891333098318,0.827381213989721
0.313145357299983,0.342345343207188,0.370012094163298,0.39150097985919496,0.41735839285036497,0.442960966364415,0.4634588709865639,0.48191733181156104,0.504036162756327,0.517259091701238,0.522348176143112,0.547837772762286,0.571921495654081,0.5879295015874301,0.608360691591002,0.640952849502992,0.653843399932535,0.6549323756112271,0.6731947447356601,0.6869377886575739,0.6923846116517299,0.710118240026263,0.753870693982162,0.7658108555908559,0.7627062367171701,0.8640803923713299,0.925328890640022,0.9404530159199,0.9608739432205841,1.0,0.9822620127468119,0.95057569443473
0.308154248486216,0.33530812062759496,0.36068331846704205,0.379792116019157,0.40384571503504296,0.427808309537402,0.446795467819243,0.46358759291562296,0.483425186122932,0.494786474022976,0.498454937812432,0.521352768808604,0.542978383666994,0.557082504339795,0.5757125322061409,0.606519043325744,0.6186885448029921,0.6196964012341739,0.634710437130925,0.6452686334094351,0.6485255438777429,0.664135623210461,0.7057690784991999,0.7174557425482829,0.714921669280455,0.8023233044959409,0.85234456418984,0.8619995673715709,0.891891333098318,0.9822620127468119,1.0,0.9919360289852959
0.29860136566391304,0.323827762526274,0.347145261510932,0.36426217988376,0.38661424268826,0.408987861186247,0.42657316362386505,0.44190228771670603,0.45980019974179,0.469675385227181,0.472310094405024,0.49299699292592897,0.5125275255988401,0.525061989176402,0.542101032039109,0.5710828699526329,0.5825209828318271,0.583453800599354,0.595971226714198,0.604165075751089,0.605876523665736,0.619738277188816,0.65910463562903,0.670385609239821,0.668287980865095,0.7444929896380471,0.785922734668082,0.7916875717974009,0.827381213989721,0.95057569443473,0.9919360289852959,1.0
