1.0,0.897934020253326,0.8390406606640892,0.8138796346517729,0.797261352130606,0.780587060128661,0.7694540621118341,0.757214852951356,0.742804299695476,0.733801467273072,0.7269298845086971,0.717732096876142,0.707868445308284,0.702076608038266,0.6980856184558021,0.664615696781225,0.6415293425680091,0.632249403622426,0.614290865984824,0.600084778296577,0.581061506041908,0.5229026851180449,0.42891001506652104,0.40490236921077205,0.389320165577617,0.381780665402892,0.37249011440221297,0.369800305634491,0.371323664759689,0.36644894383548104,0.35630563884015704,0.31018731056313
0.897934020253326,1.0,0.9556120788994871,0.930700097745057,0.9104736058405072,0.8941828613287859,0.884545132824744,0.8715030245886249,0.859529302155733,0.848703809459037,0.84136138833531,0.832767582962044,0.8230038775017309,0.815215450813737,0.809000764203237,0.771783435428963,0.7450956488893409,0.7360345938772479,0.716724298193962,0.701342025971982,0.681676662292064,0.6191757235397011,0.511915556091551,0.484728348226171,0.46636370765711,0.45789814876809,0.44624680477499,0.44325043893090205,0.443169465531709,0.431798911479119,0.42961704293932795,0.37095656799700394
0.8390406606640892,0.9556120788994871,1.0,0.987063097486622,0.972095130720658,0.957338449991673,0.9466747806240329,0.93408163742955,0.9236152887651271,0.912837048301114,0.9051157528235021,0.897688539906628,0.887609606549321,0.8797533071766159,0.8730302854608442,0.8348709434149181,0.807856403833612,0.7981609672397809,0.779699986137553,0.7640516648478991,0.744209967143634,0.67757619663926,0.5610097336833921,0.531535363678868,0.51225637235362,0.503182596646498,0.49002105922323497,0.48818910207803895,0.488070713871339,0.470353721295459,0.46661681800871796,0.400354105871551
0.8138796346517729,0.930700097745057,0.987063097486622,1.0,0.9918526776282808,0.979952070869961,0.970961477684641,0.9608914930006701,0.95184618618133,0.9418229197477679,0.93443408420194,0.927700775955103,0.918109968339982,0.909686346743557,0.903641281302841,0.8665580664103242,0.840244306192241,0.8297030541445399,0.812409209488725,0.796844645721575,0.7782572988360301,0.7099307850809251,0.5914488905475339,0.5610714939724699,0.542160986639168,0.532857600900407,0.51870085962612,0.517518614594259,0.517610325648909,0.49848661202134403,0.49314107748040004,0.42194750769524003
0.797261352130606,0.9104736058405072,0.972095130720658,0.9918526776282808,1.0,0.9930347975362679,0.9852453066569159,0.9771949606174971,0.9689410028809771,0.9598267916956371,0.953104805238007,0.946677257958799,0.9374253104204251,0.929113428220755,0.923695300130797,0.8876922052962801,0.8620030583792441,0.852510319965106,0.835988888816289,0.8201732134075859,0.8023153606055351,0.7330329506945971,0.6145598542807089,0.582979262653036,0.564283123693398,0.555381472521978,0.54149254920455,0.540376488813361,0.539020476588252,0.517100031599385,0.5101633474834439,0.43524336163461497
0.780587060128661,0.8941828613287859,0.957338449991673,0.979952070869961,0.9930347975362679,1.0,0.995447013213284,0.9889884724079742,0.982230659981423,0.97462728363788,0.9690726898859051,0.963844272891027,0.9557309805965859,0.948502282116165,0.9436001413582951,0.9109922191203921,0.886950628928399,0.8792421816842579,0.863953041563667,0.8487087640505769,0.8311957063488481,0.7637560788793921,0.648853076971906,0.617500779293666,0.599097596251177,0.5911141987878531,0.5762141307302421,0.574219869954834,0.570323148121918,0.5448589629660879,0.5368771050187371,0.457951342031461
0.7694540621118341,0.884545132824744,0.9466747806240329,0.970961477684641,0.9852453066569159,0.995447013213284,1.0,0.996065653531826,0.990405699343985,0.9845074370237841,0.979405912794251,0.974814259537496,0.9679225920450251,0.96134293942906,0.956518193119771,0.9276757646350141,0.905034360986456,0.897804460627318,0.8832613074927321,0.8682764601502792,0.8507951848936971,0.7822927634330921,0.6704595589521629,0.639755682290831,0.621966862237794,0.6144843072304009,0.5982099760487769,0.5958054840584979,0.590201392868748,0.5590894412317049,0.550411226341496,0.469752046188711
0.757214852951356,0.8715030245886249,0.93408163742955,0.9608914930006701,0.9771949606174971,0.9889884724079742,0.996065653531826,1.0,0.996625075998168,0.9920747510670329,0.987612010986847,0.983421669404502,0.977365817890474,0.971684594451015,0.9676137170791022,0.943521041988432,0.9231466981846359,0.91583462601714,0.9018706485165301,0.8873571938044609,0.8707350792318391,0.801791313519733,0.696149959228583,0.6642373062256159,0.6471450793160219,0.6394880774176551,0.6218121989900259,0.6187206863686839,0.6115090775855121,0.5765738476066861,0.565428578940217,0.48339346807894
0.742804299695476,0.859529302155733,0.9236152887651271,0.95184618618133,0.9689410028809771,0.982230659981423,0.990405699343985,0.996625075998168,1.0,0.9971415399071909,0.993176720893715,0.9898167905183559,0.984432842257745,0.9799255340546851,0.9761616339943041,0.9543762408002651,0.935296751844055,0.9288787107492711,0.915502548746365,0.9028651378207672,0.8879824972513659,0.8214643433234801,0.716505607031276,0.683677332169453,0.6667617527532379,0.6592746175870009,0.641569713025098,0.637747803334833,0.629771224044213,0.5916852959458421,0.5786505862904691,0.495668819249854
0.733801467273072,0.848703809459037,0.912837048301114,0.9418229197477679,0.9598267916956371,0.97462728363788,0.9845074370237841,0.9920747510670329,0.9971415399071909,1.0,0.9975482722831859,0.994569075751416,0.989982722584465,0.98572388852423,0.982295696473898,0.962859890969225,0.9448448258870972,0.938347408867774,0.92620020573395,0.9139040667268771,0.899591683999475,0.8329228164881541,0.7284791647277281,0.694957326718099,0.677935239540586,0.670687897116603,0.6531319956541229,0.649623951627904,0.6423323980404471,0.603739639551679,0.589685548323009,0.5062030488803251
0.7269298845086971,0.84136138833531,0.9051157528235021,0.93443408420194,0.953104805238007,0.9690726898859051,0.979405912794251,0.987612010986847,0.993176720893715,0.9975482722831859,1.0,0.997780429275696,0.994121576386506,0.9899897568385841,0.986963672940088,0.9683198897824371,0.9505900980059009,0.943902399966986,0.932866723879039,0.9202465593361551,0.906087953266705,0.8387236192172339,0.734389725897254,0.700754943356525,0.6840253364188659,0.6777814308697939,0.661547242379553,0.659253282117775,0.6524533743729399,0.613418083963436,0.598960846073205,0.5153670643849729
0.717732096876142,0.832767582962044,0.897688539906628,0.927700775955103,0.946677257958799,0.963844272891027,0.974814259537496,0.983421669404502,0.9898167905183559,0.994569075751416,0.997780429275696,1.0,0.996963897638308,0.993372637647761,0.9909566571930699,0.97285675859729,0.9553283872560899,0.948994703700773,0.9386211080739469,0.926619401139019,0.912169139218024,0.8441499098296089,0.739215871278726,0.706120122334679,0.689525446522896,0.6831588981188621,0.66752452706319,0.6666499377531401,0.6609598086307811,0.6200785406256291,0.606741813026508,0.523674855327111
0.707868445308284,0.8230038775017309,0.887609606549321,0.918109968339982,0.9374253104204251,0.9557309805965859,0.9679225920450251,0.977365817890474,0.984432842257745,0.989982722584465,0.994121576386506,0.996963897638308,1.0,0.997425599409411,0.995073887110883,0.9796700958662371,0.963672164371428,0.958107980316971,0.9486571138872181,0.938213517878958,0.92429285322708,0.8583339009004549,0.7564494113999821,0.726463537795007,0.710706707871965,0.7053624160530941,0.689335358042463,0.6879081790509839,0.6800936427018262,0.635152975503237,0.617695966161683,0.5370674949411111
0.702076608038266,0.815215450813737,0.8797533071766159,0.909686346743557,0.929113428220755,0.948502282116165,0.96134293942906,0.971684594451015,0.9799255340546851,0.98572388852423,0.9899897568385841,0.993372637647761,0.997425599409411,1.0,0.998082917463106,0.9837357424728821,0.96903111363573,0.964714275307518,0.955628302578603,0.947104808701468,0.9353817664608141,0.8736840089649641,0.7732425109466851,0.743945812934019,0.7282661540688291,0.7239404494805529,0.7091391574903401,0.707029067361722,0.6978036600471179,0.6490526126315539,0.6305343822435411,0.5511176889561931
0.6980856184558021,0.809000764203237,0.8730302854608442,0.903641281302841,0.923695300130797,0.9436001413582951,0.956518193119771,0.9676137170791022,0.9761616339943041,0.982295696473898,0.986963672940088,0.9909566571930699,0.995073887110883,0.998082917463106,1.0,0.986813215758148,0.9725576392518109,0.9682940716432579,0.9601165158868159,0.952318497615943,0.9403379246444971,0.878749920642006,0.778896891012033,0.7501028822478231,0.734583162355043,0.730075455035615,0.715286572875437,0.714510972062617,0.7058149169559459,0.656758036358437,0.637331020829582,0.555390084443442
0.664615696781225,0.771783435428963,0.8348709434149181,0.8665580664103242,0.8876922052962801,0.9109922191203921,0.9276757646350141,0.943521041988432,0.9543762408002651,0.962859890969225,0.9683198897824371,0.97285675859729,0.9796700958662371,0.9837357424728821,0.986813215758148,1.0,0.995731848388253,0.9906498268051741,0.9865281914196969,0.9785762961533399,0.9651516458176801,0.8989661968649649,0.8338847131475859,0.800937070869458,0.788981267265872,0.783533154676456,0.764570767911918,0.7617866554452759,0.745825500378678,0.687001277076042,0.6537764177337391,0.57338694707632
0.6415293425680091,0.7450956488893409,0.807856403833612,0.840244306192241,0.8620030583792441,0.886950628928399,0.905034360986456,0.9231466981846359,0.935296751844055,0.9448448258870972,0.9505900980059009,0.9553283872560899,0.963672164371428,0.96903111363573,0.9725576392518109,0.995731848388253,1.0,0.9948627804142991,0.9925981596120691,0.98570296758231,0.9742641899826341,0.910759139923146,0.8628246155241109,0.8288704737492171,0.818896619359923,0.813428354603817,0.7928924604441809,0.7884210412509541,0.770137566553925,0.7067543173101429,0.666359298282441,0.587363344824519
0.632249403622426,0.7360345938772479,0.7981609672397809,0.8297030541445399,0.852510319965106,0.8792421816842579,0.897804460627318,0.91583462601714,0.9288787107492711,0.938347408867774,0.943902399966986,0.948994703700773,0.958107980316971,0.964714275307518,0.9682940716432579,0.9906498268051741,0.9948627804142991,1.0,0.997334551539457,0.9917221359676459,0.979900985210126,0.916706963768614,0.868685468804611,0.838244673755079,0.828355832295354,0.824849841365787,0.806561070891672,0.801422986757314,0.783381475197378,0.721227666977683,0.6829747351042751,0.595138473135195
0.614290865984824,0.716724298193962,0.779699986137553,0.812409209488725,0.835988888816289,0.863953041563667,0.8832613074927321,0.9018706485165301,0.915502548746365,0.92620020573395,0.932866723879039,0.9386211080739469,0.9486571138872181,0.955628302578603,0.9601165158868159,0.9865281914196969,0.9925981596120691,0.997334551539457,1.0,0.9943366393337241,0.9827669336093929,0.920631597853354,0.876448196836873,0.8462564586986471,0.836843140553962,0.8337385275442679,0.8155409045040319,0.8121401297795451,0.795502143450186,0.7333234986963449,0.694757233128114,0.6034343250554111
0.600084778296577,0.701342025971982,0.7640516648478991,0.796844645721575,0.8201732134075859,0.8487087640505769,0.8682764601502792,0.8873571938044609,0.9028651378207672,0.9139040667268771,0.9202465593361551,0.926619401139019,0.938213517878958,0.947104808701468,0.952318497615943,0.9785762961533399,0.98570296758231,0.9917221359676459,0.9943366393337241,1.0,0.993895957780096,0.9477965156898671,0.90491474000674,0.8801057735632309,0.8701140159537809,0.866232087844353,0.850745738735774,0.845574380202744,0.8254103351853441,0.756188660699182,0.7114273795939959,0.622744844433597
0.581061506041908,0.681676662292064,0.744209967143634,0.7782572988360301,0.8023153606055351,0.8311957063488481,0.8507951848936971,0.8707350792318391,0.8879824972513659,0.899591683999475,0.906087953266705,0.912169139218024,0.92429285322708,0.9353817664608141,0.9403379246444971,0.9651516458176801,0.9742641899826341,0.979900985210126,0.9827669336093929,0.993895957780096,1.0,0.9727910948700831,0.930598721907031,0.9070919860151601,0.89697937393934,0.894323927834768,0.880691744477053,0.873373741938699,0.8513836265075841,0.7765380265562901,0.7281841890547809,0.649741813530403
0.5229026851180449,0.6191757235397011,0.67757619663926,0.7099307850809251,0.7330329506945971,0.7637560788793921,0.7822927634330921,0.801791313519733,0.8214643433234801,0.8329228164881541,0.8387236192172339,0.8441499098296089,0.8583339009004549,0.8736840089649641,0.878749920642006,0.8989661968649649,0.910759139923146,0.916706963768614,0.920631597853354,0.9477965156898671,0.9727910948700831,1.0,0.9591901368079742,0.948152727171942,0.9382000557856179,0.9362234634063851,0.9277699827104731,0.9167990357986291,0.886601318840525,0.798899529463837,0.741474809989032,0.6757230271881349
0.42891001506652104,0.511915556091551,0.5610097336833921,0.5914488905475339,0.6145598542807089,0.648853076971906,0.6704595589521629,0.696149959228583,0.716505607031276,0.7284791647277281,0.734389725897254,0.739215871278726,0.7564494113999821,0.7732425109466851,0.778896891012033,0.8338847131475859,0.8628246155241109,0.868685468804611,0.876448196836873,0.90491474000674,0.930598721907031,0.9591901368079742,1.0,0.9891407379618199,0.984815139113739,0.980979770164869,0.9655895785709742,0.949011222340422,0.9045594251237242,0.807142189100136,0.727449004973373,0.66746089236824
0.40490236921077205,0.484728348226171,0.531535363678868,0.5610714939724699,0.582979262653036,0.617500779293666,0.639755682290831,0.6642373062256159,0.683677332169453,0.694957326718099,0.700754943356525,0.706120122334679,0.726463537795007,0.743945812934019,0.7501028822478231,0.800937070869458,0.8288704737492171,0.838244673755079,0.8462564586986471,0.8801057735632309,0.9070919860151601,0.948152727171942,0.9891407379618199,1.0,0.9978821792222109,0.994010873101219,0.979331405705738,0.9642252416749442,0.922475140907827,0.820795743884441,0.742405491440156,0.675207093868925
0.389320165577617,0.46636370765711,0.51225637235362,0.542160986639168,0.564283123693398,0.599097596251177,0.621966862237794,0.6471450793160219,0.6667617527532379,0.677935239540586,0.6840253364188659,0.689525446522896,0.710706707871965,0.7282661540688291,0.734583162355043,0.788981267265872,0.818896619359923,0.828355832295354,0.836843140553962,0.8701140159537809,0.89697937393934,0.9382000557856179,0.984815139113739,0.9978821792222109,1.0,0.9972998093116819,0.983650260085163,0.969175411975006,0.9270409674205742,0.8233222073691508,0.743661954626323,0.6798669867005288
0.381780665402892,0.45789814876809,0.503182596646498,0.532857600900407,0.555381472521978,0.5911141987878531,0.6144843072304009,0.6394880774176551,0.6592746175870009,0.670687897116603,0.6777814308697939,0.6831588981188621,0.7053624160530941,0.7239404494805529,0.730075455035615,0.783533154676456,0.813428354603817,0.824849841365787,0.8337385275442679,0.866232087844353,0.894323927834768,0.9362234634063851,0.980979770164869,0.994010873101219,0.9972998093116819,1.0,0.9886181673254221,0.974588598811629,0.9338368028891191,0.830352286959718,0.7515017310503571,0.6912890134669579
0.37249011440221297,0.44624680477499,0.49002105922323497,0.51870085962612,0.54149254920455,0.5762141307302421,0.5982099760487769,0.6218121989900259,0.641569713025098,0.6531319956541229,0.661547242379553,0.66752452706319,0.689335358042463,0.7091391574903401,0.715286572875437,0.764570767911918,0.7928924604441809,0.806561070891672,0.8155409045040319,0.850745738735774,0.880691744477053,0.9277699827104731,0.9655895785709742,0.979331405705738,0.983650260085163,0.9886181673254221,1.0,0.992424670645946,0.9547617199048599,0.8641885745148259,0.7824158529439879,0.727426529030506
0.369800305634491,0.44325043893090205,0.48818910207803895,0.517518614594259,0.540376488813361,0.574219869954834,0.5958054840584979,0.6187206863686839,0.637747803334833,0.649623951627904,0.659253282117775,0.6666499377531401,0.6879081790509839,0.707029067361722,0.714510972062617,0.7617866554452759,0.7884210412509541,0.801422986757314,0.8121401297795451,0.845574380202744,0.873373741938699,0.9167990357986291,0.949011222340422,0.9642252416749442,0.969175411975006,0.974588598811629,0.992424670645946,1.0,0.9728228481993442,0.887573936142793,0.812719052765713,0.751937022813252
0.371323664759689,0.443169465531709,0.488070713871339,0.517610325648909,0.539020476588252,0.570323148121918,0.590201392868748,0.6115090775855121,0.629771224044213,0.6423323980404471,0.6524533743729399,0.6609598086307811,0.6800936427018262,0.6978036600471179,0.7058149169559459,0.745825500378678,0.770137566553925,0.783381475197378,0.795502143450186,0.8254103351853441,0.8513836265075841,0.886601318840525,0.9045594251237242,0.922475140907827,0.9270409674205742,0.9338368028891191,0.9547617199048599,0.9728228481993442,1.0,0.9446739972762321,0.8866460357061109,0.8056707496646509
0.36644894383548104,0.431798911479119,0.470353721295459,0.49848661202134403,0.517100031599385,0.5448589629660879,0.5590894412317049,0.5765738476066861,0.5916852959458421,0.603739639551679,0.613418083963436,0.6200785406256291,0.635152975503237,0.6490526126315539,0.656758036358437,0.687001277076042,0.7067543173101429,0.721227666977683,0.7333234986963449,0.756188660699182,0.7765380265562901,0.798899529463837,0.807142189100136,0.820795743884441,0.8233222073691508,0.830352286959718,0.8641885745148259,0.887573936142793,0.9446739972762321,1.0,0.962618626428155,0.8637497356232711
0.35630563884015704,0.42961704293932795,0.46661681800871796,0.49314107748040004,0.5101633474834439,0.5368771050187371,0.550411226341496,0.565428578940217,0.5786505862904691,0.589685548323009,0.598960846073205,0.606741813026508,0.617695966161683,0.6305343822435411,0.637331020829582,0.6537764177337391,0.666359298282441,0.6829747351042751,0.694757233128114,0.7114273795939959,0.7281841890547809,0.741474809989032,0.727449004973373,0.742405491440156,0.743661954626323,0.7515017310503571,0.7824158529439879,0.812719052765713,0.8866460357061109,0.962618626428155,1.0,0.8912449362683821
0.31018731056313,0.37095656799700394,0.400354105871551,0.42194750769524003,0.43524336163461497,0.457951342031461,0.469752046188711,0.48339346807894,0.495668819249854,0.5062030488803251,0.5153670643849729,0.523674855327111,0.5370674949411111,0.5511176889561931,0.555390084443442,0.57338694707632,0.587363344824519,0.595138473135195,0.6034343250554111,0.622744844433597,0.649741813530403,0.6757230271881349,0.66746089236824,0.675207093868925,0.6798669867005288,0.6912890134669579,0.727426529030506,0.751937022813252,0.8056707496646509,0.8637497356232711,0.8912449362683821,1.0
