1.0,0.988847076037245,0.951310388991538,0.885113270394883,0.8224811540025699,0.7939287696182179,0.756323390029081,0.713897024868256,0.6837140543568421,0.667133448750847,0.644830917714078,0.619902663564905,0.5993342421177249,0.5800462975760831,0.556927150245894,0.532412379235413,0.49722093135987,0.45105913595657604,0.410537428590481,0.37711578280520497,0.354280053541303,0.333779899448481,0.312530751380942,0.29229488381977503,0.27656877553850395,0.259899669393906,0.24240629972667999,0.22603514863454502,0.198875468881827,0.16863057214011498,0.146030280030774,0.12955308138041602
0.988847076037245,1.0,0.9866072306402321,0.944552120429893,0.897722445522013,0.871906450057695,0.835665328028815,0.793527466188333,0.7629108939688559,0.7450035894602209,0.720630031223522,0.693247145136591,0.6725331086329411,0.655064773196239,0.632726196943151,0.608271477107056,0.573636282783162,0.527005791963976,0.484946699387631,0.449757640408712,0.425900785463928,0.40404716633025295,0.380781067095784,0.35828968611016,0.340918630786277,0.321991572625337,0.30169334068984804,0.282488666660544,0.25312555576385504,0.219605958953976,0.193917373326788,0.1749491776362
0.951310388991538,0.9866072306402321,1.0,0.98546230911586,0.9571387678892641,0.9349807680145791,0.9011618356856831,0.8604189911059891,0.830111550062453,0.8112097976787651,0.7851921829196891,0.7558221752361409,0.7354790953929939,0.7204509291168821,0.699539275329241,0.67577654886145,0.642637488908816,0.596687771260493,0.554021953310462,0.51779831616953,0.493434032499383,0.47065770639458204,0.445778415790224,0.421392729807322,0.402664947063223,0.381749639647437,0.358899290996416,0.337083107577612,0.30605870056518497,0.269810983948936,0.24139789940319398,0.22018727539157998
0.885113270394883,0.944552120429893,0.98546230911586,1.0,0.991758699806014,0.974041967052039,0.9437093137034659,0.9055801214841619,0.8764580343345251,0.85705895483366,0.8300701125519079,0.799467052140503,0.780089865227283,0.7680314091617851,0.7492017048168759,0.726836668642568,0.6961999710853339,0.6522683015415429,0.610185966328827,0.573916655005228,0.54971791945109,0.526629364816385,0.5007785671988889,0.47511451404568106,0.45550710975456893,0.43311672466669393,0.40825911626583294,0.38434435119795,0.352473389765808,0.31441674732059,0.283975321914842,0.26103328835839
0.8224811540025699,0.897722445522013,0.9571387678892641,0.991758699806014,1.0,0.99167145106262,0.969652351240843,0.9386402989359841,0.9135432259336931,0.894584524663757,0.867541758794942,0.83656310629564,0.8180472763299929,0.807936111465136,0.790377608347228,0.768777912423975,0.7408002343594359,0.699724517665177,0.6589601988728161,0.623250603432844,0.599122796212189,0.5752870349678609,0.5481971426590829,0.521099811457659,0.501480071789149,0.479041951773258,0.453402829240466,0.428406155354496,0.39593650498003496,0.35610057060424893,0.323706982871453,0.29910925201483
0.7939287696182179,0.871906450057695,0.9349807680145791,0.974041967052039,0.99167145106262,1.0,0.993064971601383,0.9752433192921321,0.9578819975565129,0.940360248758886,0.914038451224899,0.883274371132275,0.864856097045798,0.8545460966406929,0.8363106789947359,0.813752804436563,0.7876963265559951,0.7494915942693059,0.710019711167943,0.674831534576766,0.6499329496881221,0.624014048679536,0.594576360143343,0.5651404026192679,0.546405061951854,0.525674091187854,0.5006407234744389,0.47564264940528705,0.442123237277078,0.399580267528194,0.36460745599640293,0.33792156609116497
0.756323390029081,0.835665328028815,0.9011618356856831,0.9437093137034659,0.969652351240843,0.993064971601383,1.0,0.994478064138155,0.984430583405335,0.968475256460428,0.943194238445895,0.9130732630992631,0.895011798788932,0.8846701774314,0.866081949125136,0.842977354910485,0.8190534106724731,0.7840248129025529,0.7463065342986791,0.712105877767684,0.6868656673254351,0.659422006289361,0.628269125308479,0.597126320766588,0.579470655627705,0.560599405646104,0.5364829160728389,0.511846975938807,0.47785659853930196,0.433461030371329,0.39664223909019797,0.368438157568933
0.713897024868256,0.793527466188333,0.8604189911059891,0.9055801214841619,0.9386402989359841,0.9752433192921321,0.994478064138155,1.0,0.9965988132078271,0.982228609505549,0.9581727326049979,0.9289786062346691,0.911447187176678,0.9011984650281891,0.88251301735029,0.859191010705425,0.837450854399672,0.805667664774055,0.769956492336922,0.7370379059296659,0.7117883710914129,0.6833050823603891,0.6509860303310689,0.6186843861680821,0.602199270969544,0.585209106532223,0.56219351953953,0.538169380142251,0.504156710292842,0.458627420999277,0.420592074375082,0.39136313472798295
0.6837140543568421,0.7629108939688559,0.830111550062453,0.8764580343345251,0.9135432259336931,0.9578819975565129,0.984430583405335,0.9965988132078271,1.0,0.9928595422225429,0.9750009999530941,0.9510128128574058,0.935869090391272,0.9252265033953639,0.905937443930527,0.8819033013902259,0.8612435462830579,0.8312396567357729,0.79641263970915,0.7639226839105551,0.7393106674504369,0.7112966100008149,0.679010297900859,0.64649253298351,0.631523536869663,0.616318087352864,0.594221377121496,0.5705999236637691,0.5355606156467461,0.487726394879792,0.447650228096072,0.41681449113948504
0.667133448750847,0.7450035894602209,0.8112097976787651,0.85705895483366,0.894584524663757,0.940360248758886,0.968475256460428,0.982228609505549,0.9928595422225429,1.0,0.994545178184164,0.981100598210991,0.9706667842433879,0.9590315743018399,0.9385100446864479,0.913145637504782,0.8922782303249741,0.862354552260581,0.827094681341033,0.7940244980197539,0.770853838253828,0.745145053644359,0.714339447422281,0.68273635121896,0.669754557491226,0.656282354672816,0.634920143825693,0.611466350428552,0.5741588355614089,0.522533527932457,0.47935655149753703,0.446160074806632
0.644830917714078,0.720630031223522,0.7851921829196891,0.8300701125519079,0.867541758794942,0.914038451224899,0.943194238445895,0.9581727326049979,0.9750009999530941,0.994545178184164,1.0,0.9959320457066899,0.9897386418136179,0.9773715948671751,0.956012461662414,0.9297815934027609,0.908976731238938,0.879473250805661,0.844247377603652,0.8110567123430319,0.7894174376685851,0.7660251397706122,0.736874642647273,0.706441041242476,0.6953487269287221,0.683549681337641,0.6630796225059828,0.640046804289278,0.6011924061786099,0.546856102829794,0.501472877678268,0.46660051409214703
0.619902663564905,0.693247145136591,0.7558221752361409,0.799467052140503,0.83656310629564,0.883274371132275,0.9130732630992631,0.9289786062346691,0.9510128128574058,0.981100598210991,0.9959320457066899,1.0,0.997524141036522,0.9846334669548209,0.9627382904191228,0.935989224571281,0.915421064356832,0.886539627178698,0.8516524143233392,0.818649089416347,0.7985227307417192,0.777336966956082,0.749872217506023,0.720716121797408,0.711353466060894,0.701103409926073,0.6815837864795681,0.65911686941851,0.61926731432644,0.5630661459217889,0.51617548185551,0.480161555711606
0.5993342421177249,0.6725331086329411,0.7354790953929939,0.780089865227283,0.8180472763299929,0.864856097045798,0.895011798788932,0.911447187176678,0.935869090391272,0.9706667842433879,0.9897386418136179,0.997524141036522,1.0,0.993407170293069,0.976921663769848,0.9547363105588241,0.9364907796666909,0.9076850724760891,0.872519050630173,0.839132621391667,0.820191518963711,0.800891647912047,0.7746908876612499,0.746361913402507,0.737311524459033,0.72665669336078,0.706400774879168,0.6830955095480961,0.6444135710008909,0.588856490519621,0.5418712063561071,0.505573291584915
0.5800462975760831,0.655064773196239,0.7204509291168821,0.7680314091617851,0.807936111465136,0.8545460966406929,0.8846701774314,0.9011984650281891,0.9252265033953639,0.9590315743018399,0.9773715948671751,0.9846334669548209,0.993407170293069,1.0,0.994967722536228,0.9825417885636629,0.96880110612349,0.9396527593708349,0.903734429633792,0.8695272377891341,0.851561257151894,0.8339664584876401,0.808758538987099,0.780952826734237,0.7708733343131341,0.757932492818745,0.7353482195737792,0.7098978465446921,0.674686949002171,0.6224669388170121,0.576951758086326,0.54134355001622
0.556927150245894,0.632726196943151,0.699539275329241,0.7492017048168759,0.790377608347228,0.8363106789947359,0.866081949125136,0.88251301735029,0.905937443930527,0.9385100446864479,0.956012461662414,0.9627382904191228,0.976921663769848,0.994967722536228,1.0,0.9962380252580981,0.986582947846163,0.957449771869653,0.92126163719782,0.8867063394931031,0.869786558161062,0.853871936043005,0.82980387531993,0.80275564724169,0.7918855111529599,0.7770863638212359,0.75271087113168,0.7256603764266829,0.693863285801242,0.645123595266771,0.601384611787473,0.566763586028831
0.532412379235413,0.608271477107056,0.67577654886145,0.726836668642568,0.768777912423975,0.813752804436563,0.842977354910485,0.859191010705425,0.8819033013902259,0.913145637504782,0.9297815934027609,0.935989224571281,0.9547363105588241,0.9825417885636629,0.9962380252580981,1.0,0.993956890795095,0.96507323336704,0.9289453894536249,0.894369410907278,0.8784917765253221,0.8641594694832371,0.841272565203093,0.8150989614989741,0.8036332052079509,0.7873469024217091,0.761619983049738,0.7334050473117858,0.704818557929517,0.6594844737789289,0.617636630494204,0.5841503425943001
0.49722093135987,0.573636282783162,0.642637488908816,0.6961999710853339,0.7408002343594359,0.7876963265559951,0.8190534106724731,0.837450854399672,0.8612435462830579,0.8922782303249741,0.908976731238938,0.915421064356832,0.9364907796666909,0.96880110612349,0.986582947846163,0.993956890795095,1.0,0.9873353302061101,0.9625932563327819,0.936143300205647,0.9231607284223929,0.9081690784581571,0.884175116092522,0.8567163055406469,0.844408442815366,0.8269032597837299,0.799564480012838,0.769681637295583,0.739354274094847,0.6915325694320239,0.647469552087272,0.612235223603121
0.45105913595657604,0.527005791963976,0.596687771260493,0.6522683015415429,0.699724517665177,0.7494915942693059,0.7840248129025529,0.805667664774055,0.8312396567357729,0.862354552260581,0.879473250805661,0.886539627178698,0.9076850724760891,0.9396527593708349,0.957449771869653,0.96507323336704,0.9873353302061101,1.0,0.99338789318115,0.9800706921186751,0.9710938381553821,0.954222319212003,0.9280831629555559,0.898474254106364,0.8854779797787931,0.867407899362567,0.838963158290012,0.807799387025155,0.773027698618726,0.7197573105008079,0.6716650308529829,0.633508852792206
0.410537428590481,0.484946699387631,0.554021953310462,0.610185966328827,0.6589601988728161,0.710019711167943,0.7463065342986791,0.769956492336922,0.79641263970915,0.827094681341033,0.844247377603652,0.8516524143233392,0.872519050630173,0.903734429633792,0.92126163719782,0.9289453894536249,0.9625932563327819,0.99338789318115,1.0,0.9963965267252991,0.9904600700191508,0.972494350858294,0.945215205380394,0.9145175004683509,0.9012280937870469,0.883034312476548,0.854238006289824,0.822638951602799,0.7851996847846758,0.7288267603450841,0.678577424756085,0.6389088169264511
0.37711578280520497,0.449757640408712,0.51779831616953,0.573916655005228,0.623250603432844,0.674831534576766,0.712105877767684,0.7370379059296659,0.7639226839105551,0.7940244980197539,0.8110567123430319,0.818649089416347,0.839132621391667,0.8695272377891341,0.8867063394931031,0.894369410907278,0.936143300205647,0.9800706921186751,0.9963965267252991,1.0,0.996360134966602,0.9777385370384091,0.9498487406428571,0.9186072236645431,0.905214060926894,0.887083327318367,0.8582717245836871,0.8266193143486179,0.7875270794256299,0.7293405628568209,0.67792416262595,0.6374749170108229
0.354280053541303,0.425900785463928,0.493434032499383,0.54971791945109,0.599122796212189,0.6499329496881221,0.6868656673254351,0.7117883710914129,0.7393106674504369,0.770853838253828,0.7894174376685851,0.7985227307417192,0.820191518963711,0.851561257151894,0.869786558161062,0.8784917765253221,0.9231607284223929,0.9710938381553821,0.9904600700191508,0.996360134966602,1.0,0.991601988450922,0.9720135716040501,0.9474260554514229,0.935415514643662,0.9153700788847199,0.884574457569207,0.8510774607439759,0.810773778407741,0.751108588667797,0.698322180430285,0.6567751410047691
0.333779899448481,0.40404716633025295,0.47065770639458204,0.526629364816385,0.5752870349678609,0.624014048679536,0.659422006289361,0.6833050823603891,0.7112966100008149,0.745145053644359,0.7660251397706122,0.777336966956082,0.800891647912047,0.8339664584876401,0.853871936043005,0.8641594694832371,0.9081690784581571,0.954222319212003,0.972494350858294,0.9777385370384091,0.991601988450922,1.0,0.994232719025514,0.980850969971478,0.9712373892778349,0.94831345640063,0.9146902488579659,0.8786396721104509,0.837811135001428,0.7774970510586829,0.723779432123272,0.681386847310764
0.312530751380942,0.380781067095784,0.445778415790224,0.5007785671988889,0.5481971426590829,0.594576360143343,0.628269125308479,0.6509860303310689,0.679010297900859,0.714339447422281,0.736874642647273,0.749872217506023,0.7746908876612499,0.808758538987099,0.82980387531993,0.841272565203093,0.884175116092522,0.9280831629555559,0.945215205380394,0.9498487406428571,0.9720135716040501,0.994232719025514,1.0,0.996080968045298,0.988577453043175,0.9635583864060029,0.928018478570895,0.890309324050556,0.8495653533110021,0.789481052892721,0.735675125719273,0.693121087885212
0.29229488381977503,0.35828968611016,0.421392729807322,0.47511451404568106,0.521099811457659,0.5651404026192679,0.597126320766588,0.6186843861680821,0.64649253298351,0.68273635121896,0.706441041242476,0.720716121797408,0.746361913402507,0.780952826734237,0.80275564724169,0.8150989614989741,0.8567163055406469,0.898474254106364,0.9145175004683509,0.9186072236645431,0.9474260554514229,0.980850969971478,0.996080968045298,1.0,0.994301788328149,0.9677718796210291,0.9309595594319772,0.892209689714876,0.8518889328468171,0.7925153946091141,0.7391034264519191,0.696785409157083
0.27656877553850395,0.340918630786277,0.402664947063223,0.45550710975456893,0.501480071789149,0.546405061951854,0.579470655627705,0.602199270969544,0.631523536869663,0.669754557491226,0.6953487269287221,0.711353466060894,0.737311524459033,0.7708733343131341,0.7918855111529599,0.8036332052079509,0.844408442815366,0.8854779797787931,0.9012280937870469,0.905214060926894,0.935415514643662,0.9712373892778349,0.988577453043175,0.994301788328149,1.0,0.9886871183184358,0.9636647880303879,0.93394555941431,0.898224106558675,0.839146767021109,0.785009732351838,0.7418097727030051
0.259899669393906,0.321991572625337,0.381749639647437,0.43311672466669393,0.479041951773258,0.525674091187854,0.560599405646104,0.585209106532223,0.616318087352864,0.656282354672816,0.683549681337641,0.701103409926073,0.72665669336078,0.757932492818745,0.7770863638212359,0.7873469024217091,0.8269032597837299,0.867407899362567,0.883034312476548,0.887083327318367,0.9153700788847199,0.94831345640063,0.9635583864060029,0.9677718796210291,0.9886871183184358,1.0,0.992828168122361,0.9769895953626619,0.9481926242726071,0.89015123560651,0.8356753466783521,0.7918128379289571
0.24240629972667999,0.30169334068984804,0.358899290996416,0.40825911626583294,0.453402829240466,0.5006407234744389,0.5364829160728389,0.56219351953953,0.594221377121496,0.634920143825693,0.6630796225059828,0.6815837864795681,0.706400774879168,0.7353482195737792,0.75271087113168,0.761619983049738,0.799564480012838,0.838963158290012,0.854238006289824,0.8582717245836871,0.884574457569207,0.9146902488579659,0.928018478570895,0.9309595594319772,0.9636647880303879,0.992828168122361,1.0,0.995481270483437,0.972669572545593,0.91639348997277,0.8625294118083309,0.8188488997720121
0.22603514863454502,0.282488666660544,0.337083107577612,0.38434435119795,0.428406155354496,0.47564264940528705,0.511846975938807,0.538169380142251,0.5705999236637691,0.611466350428552,0.640046804289278,0.65911686941851,0.6830955095480961,0.7098978465446921,0.7256603764266829,0.7334050473117858,0.769681637295583,0.807799387025155,0.822638951602799,0.8266193143486179,0.8510774607439759,0.8786396721104509,0.890309324050556,0.892209689714876,0.93394555941431,0.9769895953626619,0.995481270483437,1.0,0.982175404674038,0.9278763726048431,0.8750484896529821,0.8319587455215971
0.198875468881827,0.25312555576385504,0.30605870056518497,0.352473389765808,0.39593650498003496,0.442123237277078,0.47785659853930196,0.504156710292842,0.5355606156467461,0.5741588355614089,0.6011924061786099,0.61926731432644,0.6444135710008909,0.674686949002171,0.693863285801242,0.704818557929517,0.739354274094847,0.773027698618726,0.7851996847846758,0.7875270794256299,0.810773778407741,0.837811135001428,0.8495653533110021,0.8518889328468171,0.898224106558675,0.9481926242726071,0.972669572545593,0.982175404674038,1.0,0.9812008192326701,0.949975089144465,0.920796235007865
0.16863057214011498,0.219605958953976,0.269810983948936,0.31441674732059,0.35610057060424893,0.399580267528194,0.433461030371329,0.458627420999277,0.487726394879792,0.522533527932457,0.546856102829794,0.5630661459217889,0.588856490519621,0.6224669388170121,0.645123595266771,0.6594844737789289,0.6915325694320239,0.7197573105008079,0.7288267603450841,0.7293405628568209,0.751108588667797,0.7774970510586829,0.789481052892721,0.7925153946091141,0.839146767021109,0.89015123560651,0.91639348997277,0.9278763726048431,0.9812008192326701,1.0,0.9923919166508449,0.9787604149446851
0.146030280030774,0.193917373326788,0.24139789940319398,0.283975321914842,0.323706982871453,0.36460745599640293,0.39664223909019797,0.420592074375082,0.447650228096072,0.47935655149753703,0.501472877678268,0.51617548185551,0.5418712063561071,0.576951758086326,0.601384611787473,0.617636630494204,0.647469552087272,0.6716650308529829,0.678577424756085,0.67792416262595,0.698322180430285,0.723779432123272,0.735675125719273,0.7391034264519191,0.785009732351838,0.8356753466783521,0.8625294118083309,0.8750484896529821,0.949975089144465,0.9923919166508449,1.0,0.9965542313797491
0.12955308138041602,0.1749491776362,0.22018727539157998,0.26103328835839,0.29910925201483,0.33792156609116497,0.368438157568933,0.39136313472798295,0.41681449113948504,0.446160074806632,0.46660051409214703,0.480161555711606,0.505573291584915,0.54134355001622,0.566763586028831,0.5841503425943001,0.612235223603121,0.633508852792206,0.6389088169264511,0.6374749170108229,0.6567751410047691,0.681386847310764,0.693121087885212,0.696785409157083,0.7418097727030051,0.7918128379289571,0.8188488997720121,0.8319587455215971,0.920796235007865,0.9787604149446851,0.9965542313797491,1.0
