1.0,0.9947922595590719,0.977662242812448,0.9470194696517371,0.90263345954394,0.8883431008764671,0.878944920507983,0.86440842520071,0.8451210008518371,0.8237502388345171,0.798371007891104,0.7652414480934701,0.729253298075398,0.6934943215209951,0.6531668629971059,0.5950261168520551,0.538604744653774,0.49078035133071796,0.462583870403734,0.467773849347841,0.467939315076795,0.46439405545466,0.45832621241268606,0.44545262236999994,0.42199210187703995,0.39854280123039393,0.3782828976069771,0.36382266385691203,0.354168519185912,0.341538667660408,0.32964958783357395,0.31936399529994497
0.9947922595590719,1.0,0.9939932918980129,0.974822973859018,0.941801597183494,0.930107963431938,0.920931339964734,0.9063688886207959,0.8868149619246299,0.8655473307770258,0.841121231582301,0.808210000526166,0.77196700675549,0.735679452456225,0.695196476900331,0.635379064677848,0.5767600647811529,0.526852684000739,0.49729303163426003,0.502361858577974,0.502080340173764,0.49786445259187295,0.490989962368637,0.47620961098660297,0.45020218589806,0.4245010961673111,0.40240010866007103,0.3870624063142,0.378279795200373,0.365847843885391,0.35389617687773706,0.343455148219378
0.977662242812448,0.9939932918980129,1.0,0.9933706761233909,0.972935171540771,0.9641654225506858,0.955333133336457,0.9409117149957339,0.9212984266053741,0.900388207076035,0.877268848846534,0.8449737731345609,0.8088775053901701,0.772443269758995,0.732262850836543,0.671338900248737,0.611040075165224,0.559474922861149,0.5287944031048231,0.533674350948786,0.5329161447488561,0.5280290629462829,0.520368162681161,0.50371184098083,0.475271304250347,0.44745043261150397,0.423628905374525,0.40752690899599603,0.39978198010594396,0.38770671859856504,0.375826470244226,0.36533964166306804
0.9470194696517371,0.974822973859018,0.9933706761233909,1.0,0.993048916038498,0.987463840932076,0.9791075134440971,0.9650208281873129,0.9455989572295459,0.9253347081759259,0.903887065135747,0.8726570454620279,0.8371819346170831,0.8010650380349019,0.761722301682124,0.7004243352394209,0.639141234082901,0.5865019683435949,0.555041071653317,0.5596594836250749,0.558410381868434,0.552881520065871,0.544493708372726,0.526082406278472,0.495454148416973,0.465766654873436,0.440446117516825,0.423749656681011,0.417194902867404,0.40565054095844105,0.393999024427855,0.38359977401489004
0.90263345954394,0.941801597183494,0.972935171540771,0.993048916038498,1.0,0.997752437784075,0.9899982526388471,0.976447834466959,0.9574887892489671,0.9381643550727241,0.9187230430829421,0.8890125959581079,0.854660872928302,0.819365103130852,0.7814205914073001,0.7205818335437401,0.6591328926613179,0.606117046702997,0.574289359847014,0.5785765342289879,0.5768419668105289,0.5707319480141511,0.56171509208587,0.541759819309439,0.509312355217841,0.47812150321969005,0.451614007408019,0.434538265644563,0.42929218410525105,0.418450015178813,0.407192774901186,0.39702606915260097
0.8883431008764671,0.930107963431938,0.9641654225506858,0.987463840932076,0.997752437784075,1.0,0.9970469615006371,0.9882414995270309,0.9738904080227501,0.9581875411510808,0.9399069243200859,0.910897843234104,0.8769177107954809,0.8417727355659191,0.80466428386311,0.743728027380934,0.68163963687582,0.6278714840622429,0.595595572187251,0.600122416243962,0.598396031258418,0.592123215173198,0.582827308886048,0.5628040475540079,0.5297918616674561,0.49786421814702203,0.470658904235346,0.4533311070894,0.448686353373252,0.437934387768057,0.42657810160061893,0.416250840212624
0.878944920507983,0.920931339964734,0.955333133336457,0.9791075134440971,0.9899982526388471,0.9970469615006371,1.0,0.9970651074105379,0.9884481996826708,0.9771179256205671,0.9598421908426629,0.9314178249721079,0.8977241700514379,0.862668701673838,0.8263713689512908,0.76538570144816,0.70272903708652,0.648278368332135,0.615633166050321,0.6205329865211171,0.618947082707974,0.61263811371828,0.603181329496874,0.583532022579769,0.550379229793628,0.5180095303801121,0.49031514459160797,0.472821554832122,0.468613058629326,0.457828141001848,0.44628138675078294,0.4357244527780929
0.86440842520071,0.9063688886207959,0.9409117149957339,0.9650208281873129,0.976447834466959,0.9882414995270309,0.9970651074105379,1.0,0.997150314661751,0.9902458071662271,0.9740734284055859,0.9463990839408921,0.913189106498898,0.878428956057007,0.843153636903183,0.7824772362508091,0.7196223937244101,0.6648114138642851,0.6319899723574001,0.63723281788156,0.635796286898327,0.629488365618081,0.6199267928660589,0.600765806820491,0.567667739711573,0.5350476395252,0.507028495939581,0.48947246530586697,0.48572362731306107,0.4749692619064771,0.46330050653071003,0.452576668380334
0.8451210008518371,0.8868149619246299,0.9212984266053741,0.9455989572295459,0.9574887892489671,0.9738904080227501,0.9884481996826708,0.997150314661751,1.0,0.997496277152111,0.982504000350925,0.9557276237691841,0.9231849435422379,0.888915381888424,0.8548496937966809,0.7948264310725841,0.7321371992524641,0.677285879021409,0.6444792233594859,0.6500299820730661,0.6487488909179351,0.6424782203799979,0.632868289129183,0.614298510482212,0.581444409845035,0.548764860827545,0.520586579743899,0.5030698218574939,0.499795454865411,0.48913294413040104,0.47741096785979503,0.466584235990251
0.8237502388345171,0.8655473307770258,0.900388207076035,0.9253347081759259,0.9381643550727241,0.9581875411510808,0.9771179256205671,0.9902458071662271,0.997496277152111,1.0,0.9912030486090891,0.9696423997397929,0.9413882919562601,0.9106092376190791,0.8783804724791999,0.8185266888876751,0.755376247400197,0.699892498707822,0.666539721800884,0.671679417338331,0.6698136521898791,0.662852008174941,0.652499498407644,0.6351533843728101,0.603165036815568,0.570728146103813,0.542538254756236,0.525431167607945,0.523687521402762,0.513682669758481,0.502224558141981,0.491481534155611
0.798371007891104,0.841121231582301,0.877268848846534,0.903887065135747,0.9187230430829421,0.9399069243200859,0.9598421908426629,0.9740734284055859,0.982504000350925,0.9912030486090891,1.0,0.9934756896076271,0.9777518868273841,0.9572947230333291,0.9282854216281751,0.8674760088789659,0.8024346643226279,0.7449762339880079,0.7098007247078291,0.7128733930012859,0.7087265260198901,0.699410620969627,0.6867341802077359,0.672031651397671,0.642322184492081,0.61082486002161,0.5829712161028751,0.56712007130972,0.5692976657380789,0.561239531913344,0.5507731905848628,0.54054599750349
0.7652414480934701,0.808210000526166,0.8449737731345609,0.8726570454620279,0.8890125959581079,0.910897843234104,0.9314178249721079,0.9463990839408921,0.9557276237691841,0.9696423997397929,0.9934756896076271,1.0,0.995295159088395,0.9840207596779871,0.958194786495605,0.8974196091804878,0.831666277219158,0.773316715326863,0.7370667171468199,0.738314919023116,0.732260948668077,0.721047806792861,0.7065476629062479,0.6943304458840001,0.667003695662873,0.6367602366098231,0.609589194529819,0.595043850118579,0.600569607786023,0.594302589050724,0.584838464742094,0.575200005427701
0.729253298075398,0.77196700675549,0.8088775053901701,0.8371819346170831,0.854660872928302,0.8769177107954809,0.8977241700514379,0.913189106498898,0.9231849435422379,0.9413882919562601,0.9777518868273841,0.995295159088395,1.0,0.996642612596903,0.973785783253984,0.9136625005317959,0.847978103535205,0.7894694076769309,0.752678028324153,0.752363412375495,0.744751248501001,0.7320411654174208,0.7161402373178529,0.706159685563146,0.681137276808067,0.65226900170686,0.6259563252339351,0.612669417199257,0.620983074162539,0.616301970285801,0.607786293521315,0.598746782010547
0.6934943215209951,0.735679452456225,0.772443269758995,0.8010650380349019,0.819365103130852,0.8417727355659191,0.862668701673838,0.878428956057007,0.888915381888424,0.9106092376190791,0.9572947230333291,0.9840207596779871,0.996642612596903,1.0,0.979819814428203,0.920688298340254,0.855543826966805,0.7973297099847719,0.7603506409157701,0.758717695864775,0.7498446245594351,0.735962778185851,0.7189947417776759,0.710977439947483,0.6880857739975749,0.660591273096541,0.635196900506955,0.623070850441268,0.633679415472711,0.630372792840075,0.62272103441303,0.6142539429779791
0.6531668629971059,0.695196476900331,0.732262850836543,0.761722301682124,0.7814205914073001,0.80466428386311,0.8263713689512908,0.843153636903183,0.8548496937966809,0.8783804724791999,0.9282854216281751,0.958194786495605,0.973785783253984,0.979819814428203,1.0,0.9800434819812758,0.941592904440802,0.901635101388751,0.874389262314829,0.870383968827536,0.8582658903451271,0.840616084077486,0.819639130996095,0.8053896644217781,0.7746964803748331,0.740301112141863,0.7092631885388321,0.693482316894151,0.7029950991013579,0.6977657589100921,0.688174848257273,0.677977554177481
0.5950261168520551,0.635379064677848,0.671338900248737,0.7004243352394209,0.7205818335437401,0.743728027380934,0.76538570144816,0.7824772362508091,0.7948264310725841,0.8185266888876751,0.8674760088789659,0.8974196091804878,0.9136625005317959,0.920688298340254,0.9800434819812758,1.0,0.9897429032138481,0.969614868203881,0.9532474570768599,0.947302009559152,0.9326703643844101,0.9121775210817121,0.888222166663794,0.867839305995024,0.830039687758093,0.78975151744946,0.754052331895016,0.7349614011426211,0.742503523864392,0.735246950992427,0.723893204012546,0.7122300421519241
0.538604744653774,0.5767600647811529,0.611040075165224,0.639141234082901,0.6591328926613179,0.68163963687582,0.70272903708652,0.7196223937244101,0.7321371992524641,0.755376247400197,0.8024346643226279,0.831666277219158,0.847978103535205,0.855543826966805,0.941592904440802,0.9897429032138481,1.0,0.994618207275513,0.986471448749221,0.9792779199150949,0.9631997719164921,0.9411678258946,0.915661261504734,0.8913719038469221,0.8493949315317639,0.805862827665382,0.7676918966475749,0.7466917412456461,0.7526320744994621,0.7440970920490592,0.731755737446124,0.719326002445595
0.49078035133071796,0.526852684000739,0.559474922861149,0.5865019683435949,0.606117046702997,0.6278714840622429,0.648278368332135,0.6648114138642851,0.677285879021409,0.699892498707822,0.7449762339880079,0.773316715326863,0.7894694076769309,0.7973297099847719,0.901635101388751,0.969614868203881,0.994618207275513,1.0,0.9979196469902909,0.989913183580592,0.972992104217544,0.950126401193172,0.923821846037372,0.8970107402586341,0.852542350000283,0.807215721336221,0.76774155459159,0.7456259861507439,0.75032847613921,0.7409757621259359,0.7280763778378292,0.715250049633895
0.462583870403734,0.49729303163426003,0.5287944031048231,0.555041071653317,0.574289359847014,0.595595572187251,0.615633166050321,0.6319899723574001,0.6444792233594859,0.666539721800884,0.7098007247078291,0.7370667171468199,0.752678028324153,0.7603506409157701,0.874389262314829,0.9532474570768599,0.986471448749221,0.9979196469902909,1.0,0.994391954756932,0.979608649601578,0.9586091896809891,0.933911786287898,0.9065904484771942,0.860929006679237,0.81462817808156,0.7743898789407709,0.7514862275977141,0.7549106766846329,0.7445967311412659,0.7309802212824971,0.717609888634595
0.467773849347841,0.502361858577974,0.533674350948786,0.5596594836250749,0.5785765342289879,0.600122416243962,0.6205329865211171,0.63723281788156,0.6500299820730661,0.671679417338331,0.7128733930012859,0.738314919023116,0.752363412375495,0.758717695864775,0.870383968827536,0.947302009559152,0.9792779199150949,0.989913183580592,0.994391954756932,1.0,0.9953632348646891,0.983345076529837,0.966483032176302,0.942618892365565,0.8974336637566559,0.850856284002125,0.810111640971888,0.7863932957376629,0.7876923756963059,0.7753571731496508,0.760038489146589,0.745277168512141
0.467939315076795,0.502080340173764,0.5329161447488561,0.558410381868434,0.5768419668105289,0.598396031258418,0.618947082707974,0.635796286898327,0.6487488909179351,0.6698136521898791,0.7087265260198901,0.732260948668077,0.744751248501001,0.7498446245594351,0.8582658903451271,0.9326703643844101,0.9631997719164921,0.972992104217544,0.979608649601578,0.9953632348646891,1.0,0.9962674509504821,0.986695936134627,0.9662085260007641,0.921896401974439,0.875521035882665,0.834712612372511,0.810484248389608,0.809837634101343,0.7957841899647661,0.7790665246212192,0.763183822360342
0.46439405545466,0.49786445259187295,0.5280290629462829,0.552881520065871,0.5707319480141511,0.592123215173198,0.61263811371828,0.629488365618081,0.6424782203799979,0.662852008174941,0.699410620969627,0.721047806792861,0.7320411654174208,0.735962778185851,0.840616084077486,0.9121775210817121,0.9411678258946,0.950126401193172,0.9586091896809891,0.983345076529837,0.9962674509504821,1.0,0.9970466740167659,0.9797513141478961,0.936572512338347,0.890744507553106,0.850200974031967,0.825706161618309,0.823318555199011,0.807834067362369,0.789992897873322,0.773229222858297
0.45832621241268606,0.490989962368637,0.520368162681161,0.544493708372726,0.56171509208587,0.582827308886048,0.603181329496874,0.6199267928660589,0.632868289129183,0.652499498407644,0.6867341802077359,0.7065476629062479,0.7161402373178529,0.7189947417776759,0.819639130996095,0.888222166663794,0.915661261504734,0.923821846037372,0.933911786287898,0.966483032176302,0.986695936134627,0.9970466740167659,1.0,0.98565308190615,0.9437534925417771,0.898699999322485,0.858646510600778,0.8340683258754329,0.830146760003777,0.813486241610373,0.794757441906243,0.7773151535764091
0.44545262236999994,0.47620961098660297,0.50371184098083,0.526082406278472,0.541759819309439,0.5628040475540079,0.583532022579769,0.600765806820491,0.614298510482212,0.6351533843728101,0.672031651397671,0.6943304458840001,0.706159685563146,0.710977439947483,0.8053896644217781,0.867839305995024,0.8913719038469221,0.8970107402586341,0.9065904484771942,0.942618892365565,0.9662085260007641,0.9797513141478961,0.98565308190615,1.0,0.985925049728721,0.95962211166896,0.9325492031279542,0.9145390427693408,0.9048947330472149,0.883018945157309,0.85998070731999,0.8390543643588171
0.42199210187703995,0.45020218589806,0.475271304250347,0.495454148416973,0.509312355217841,0.5297918616674561,0.550379229793628,0.567667739711573,0.581444409845035,0.603165036815568,0.642322184492081,0.667003695662873,0.681137276808067,0.6880857739975749,0.7746964803748331,0.830039687758093,0.8493949315317639,0.852542350000283,0.860929006679237,0.8974336637566559,0.921896401974439,0.936572512338347,0.9437534925417771,0.985925049728721,1.0,0.9931441624201421,0.9797856282091991,0.968917654626387,0.9541537744227091,0.92790827739524,0.90137148303024,0.8776686732934871
0.39854280123039393,0.4245010961673111,0.44745043261150397,0.465766654873436,0.47812150321969005,0.49786421814702203,0.5180095303801121,0.5350476395252,0.548764860827545,0.570728146103813,0.61082486002161,0.6367602366098231,0.65226900170686,0.660591273096541,0.740301112141863,0.78975151744946,0.805862827665382,0.807215721336221,0.81462817808156,0.850856284002125,0.875521035882665,0.890744507553106,0.898699999322485,0.95962211166896,0.9931441624201421,1.0,0.9964534551608271,0.9907606833123609,0.972663765272726,0.9438012327283258,0.9152613671635831,0.890013044898842
0.3782828976069771,0.40240010866007103,0.423628905374525,0.440446117516825,0.451614007408019,0.470658904235346,0.49031514459160797,0.507028495939581,0.520586579743899,0.542538254756236,0.5829712161028751,0.609589194529819,0.6259563252339351,0.635196900506955,0.7092631885388321,0.754052331895016,0.7676918966475749,0.76774155459159,0.7743898789407709,0.810111640971888,0.834712612372511,0.850200974031967,0.858646510600778,0.9325492031279542,0.9797856282091991,0.9964534551608271,1.0,0.998080801214018,0.977738138351417,0.9472365739977421,0.9174968926338058,0.8913502035253671
0.36382266385691203,0.3870624063142,0.40752690899599603,0.423749656681011,0.434538265644563,0.4533311070894,0.472821554832122,0.48947246530586697,0.5030698218574939,0.525431167607945,0.56712007130972,0.595043850118579,0.612669417199257,0.623070850441268,0.693482316894151,0.7349614011426211,0.7466917412456461,0.7456259861507439,0.7514862275977141,0.7863932957376629,0.810484248389608,0.825706161618309,0.8340683258754329,0.9145390427693408,0.968917654626387,0.9907606833123609,0.998080801214018,1.0,0.9856249863800691,0.959119789631199,0.932135563690379,0.9079630647620172
0.354168519185912,0.378279795200373,0.39978198010594396,0.417194902867404,0.42929218410525105,0.448686353373252,0.468613058629326,0.48572362731306107,0.499795454865411,0.523687521402762,0.5692976657380789,0.600569607786023,0.620983074162539,0.633679415472711,0.7029950991013579,0.742503523864392,0.7526320744994621,0.75032847613921,0.7549106766846329,0.7876923756963059,0.809837634101343,0.823318555199011,0.830146760003777,0.9048947330472149,0.9541537744227091,0.972663765272726,0.977738138351417,0.9856249863800691,1.0,0.9931447480843709,0.9799137349042221,0.965708726912274
0.341538667660408,0.365847843885391,0.38770671859856504,0.40565054095844105,0.418450015178813,0.437934387768057,0.457828141001848,0.4749692619064771,0.48913294413040104,0.513682669758481,0.561239531913344,0.594302589050724,0.616301970285801,0.630372792840075,0.6977657589100921,0.735246950992427,0.7440970920490592,0.7409757621259359,0.7445967311412659,0.7753571731496508,0.7957841899647661,0.807834067362369,0.813486241610373,0.883018945157309,0.92790827739524,0.9438012327283258,0.9472365739977421,0.959119789631199,0.9931447480843709,1.0,0.9965068012066479,0.989436720896311
0.32964958783357395,0.35389617687773706,0.375826470244226,0.393999024427855,0.407192774901186,0.42657810160061893,0.44628138675078294,0.46330050653071003,0.47741096785979503,0.502224558141981,0.5507731905848628,0.584838464742094,0.607786293521315,0.62272103441303,0.688174848257273,0.723893204012546,0.731755737446124,0.7280763778378292,0.7309802212824971,0.760038489146589,0.7790665246212192,0.789992897873322,0.794757441906243,0.85998070731999,0.90137148303024,0.9152613671635831,0.9174968926338058,0.932135563690379,0.9799137349042221,0.9965068012066479,1.0,0.998086723363782
0.31936399529994497,0.343455148219378,0.36533964166306804,0.38359977401489004,0.39702606915260097,0.416250840212624,0.4357244527780929,0.452576668380334,0.466584235990251,0.491481534155611,0.54054599750349,0.575200005427701,0.598746782010547,0.6142539429779791,0.677977554177481,0.7122300421519241,0.719326002445595,0.715250049633895,0.717609888634595,0.745277168512141,0.763183822360342,0.773229222858297,0.7773151535764091,0.8390543643588171,0.8776686732934871,0.890013044898842,0.8913502035253671,0.9079630647620172,0.965708726912274,0.989436720896311,0.998086723363782,1.0
