1.0,0.9554590124564258,0.9444205453249809,0.938428472073467,0.9312265810055441,0.925949828315869,0.9199358529569471,0.9146317203374721,0.9097022137187959,0.9046742887473092,0.900319763760691,0.8930558144321971,0.8869360533885379,0.8821212746084259,0.874507542716759,0.8687735337397691,0.8607425655211981,0.8512380336027869,0.8419426336295059,0.8333893106465429,0.822697614285973,0.8144141603134041,0.798545379259359,0.779385332162136,0.7635671087792909,0.740232203241159,0.702762075774464,0.664911309468857,0.577603062732291,0.5134782108980149,0.420159658643229,0.263782701302222
0.9554590124564258,1.0,0.9933771623851709,0.9901199366665071,0.986134833127937,0.982519385175492,0.978099867661357,0.9744437068619141,0.970255027628489,0.96684681178198,0.9632920953493671,0.956792804217563,0.951344269485614,0.947069734102972,0.940005562863082,0.9346343234706421,0.927518261120667,0.9187511290690121,0.9097524674218119,0.901909027883919,0.892178337324577,0.884021980256654,0.86860779364143,0.8499721486988709,0.8336956712640591,0.810189597117494,0.771706996811264,0.7301216125431709,0.6372258601628371,0.567210955253764,0.466397242450759,0.287214565901596
0.9444205453249809,0.9933771623851709,1.0,0.997614920975582,0.994922611371636,0.992302265926854,0.9886859707879129,0.985614681445241,0.9820809806013822,0.979201893562391,0.975972232496977,0.9697836276967199,0.964796041266865,0.9607870036368941,0.9541182872409021,0.949177145553964,0.9424120471458921,0.9340410287119971,0.9254338456200419,0.917837319257596,0.908478740207715,0.9005941982964091,0.885651988671107,0.8674423115223929,0.85125090942277,0.827850081037782,0.789379412328107,0.7476735357190331,0.655250512065771,0.584050444448229,0.48157446873871707,0.293060029478555
0.938428472073467,0.9901199366665071,0.997614920975582,1.0,0.9981584688511149,0.9961133209169559,0.993142087900255,0.9905513685632719,0.987541971128568,0.9849626092640941,0.982026342638775,0.976264201144822,0.9716615587065379,0.96796300754953,0.9616591008913459,0.9570442191885109,0.950693252491534,0.9427198869884209,0.9344314140470201,0.927070495901761,0.9181043067565571,0.9107093974055551,0.8965615440971769,0.879027511269895,0.8633668758182921,0.840636188596045,0.803107855770805,0.761189819287824,0.6688163993042501,0.597490246337531,0.492909395186956,0.29909763680094104
0.9312265810055441,0.986134833127937,0.994922611371636,0.9981584688511149,1.0,0.998769133924222,0.9968163935209079,0.994833325449636,0.992374306401547,0.9901964653386051,0.9878288657781049,0.9827494362128321,0.9786709918818709,0.9753547911405699,0.9696538713320841,0.9655568202267372,0.959734228712126,0.9523382578167079,0.944623317298425,0.9377015175039258,0.929324315517727,0.922463299525875,0.908869010718746,0.8921038587442399,0.876775894615774,0.8546867782801579,0.81778894796269,0.7759400984907601,0.684336041815063,0.611713405019716,0.5042268622979721,0.30552090767439505
0.925949828315869,0.982519385175492,0.992302265926854,0.9961133209169559,0.998769133924222,1.0,0.9988865945083609,0.9974470709810291,0.99544541798939,0.993647675533562,0.99170087821208,0.9872177032443629,0.983603967487034,0.9806495142183199,0.975532198039746,0.9717926105581379,0.9663476391219828,0.9594020424586691,0.952121604996207,0.945642519544231,0.9377365256423951,0.9312414982804771,0.918388218726946,0.9024085668742942,0.887680932763363,0.8661319549571709,0.8302160609042281,0.7884452570845211,0.697497172991336,0.623181634074975,0.512553811098728,0.309832004333875
0.9199358529569471,0.978099867661357,0.9886859707879129,0.993142087900255,0.9968163935209079,0.9988865945083609,1.0,0.999231265926016,0.9978229269709701,0.9964668315895021,0.9949877200071999,0.991321654453257,0.988220011715938,0.9856229867827779,0.9810814125427679,0.977736756813962,0.972812379467915,0.966497637929413,0.95978279724032,0.9536688251465401,0.946332418783881,0.9402457360611209,0.9279035106382421,0.9127307329329829,0.8985389606649008,0.877612462159024,0.8425150616890429,0.8010953042396372,0.7109783209348071,0.63604134783598,0.523177654433175,0.31492469586286
0.9146317203374721,0.9744437068619141,0.985614681445241,0.9905513685632719,0.994833325449636,0.9974470709810291,0.999231265926016,1.0,0.9991763464448059,0.998158861394462,0.996992643784124,0.9939287107169991,0.9912653475297589,0.9889766305744,0.9849216435856691,0.9818566473036021,0.977323871007336,0.9715091363764471,0.9651880462308741,0.959447612162697,0.952605249450854,0.9469218819333449,0.935088056111013,0.9205967754128249,0.906871994564663,0.886630246578783,0.8522873103979759,0.811396969606303,0.7217549865597959,0.647263156534805,0.533160620797698,0.322016662768772
0.9097022137187959,0.970255027628489,0.9820809806013822,0.987541971128568,0.992374306401547,0.99544541798939,0.9978229269709701,0.9991763464448059,1.0,0.999483909499612,0.998657305528345,0.9964939322007491,0.994387311038077,0.9925121745801009,0.9891255806923219,0.986437102063541,0.982412498508063,0.9771875732892809,0.9714597746011541,0.966162671704698,0.959865979239015,0.9544654771046709,0.9432291168998629,0.929544288422391,0.9164647189384221,0.896948795722527,0.8634959170144941,0.8230642144152349,0.7345459538118879,0.658950504069649,0.542587146616069,0.328292863276311
0.9046742887473092,0.96684681178198,0.979201893562391,0.9849626092640941,0.9901964653386051,0.993647675533562,0.9964668315895021,0.998158861394462,0.999483909499612,1.0,0.999520945209274,0.997930622429693,0.9961890433739481,0.9945560570277231,0.991595376458605,0.989111828919025,0.9854333514363051,0.9805663827178879,0.9751296517380892,0.970057791651239,0.964162526165387,0.9589113534412779,0.94797441095119,0.9346464679051549,0.9218412023259192,0.902765875686644,0.8699373896214029,0.8300201313384509,0.7419611886898599,0.6659375361694859,0.5481869103330179,0.330545811557406
0.900319763760691,0.9632920953493671,0.975972232496977,0.982026342638775,0.9878288657781049,0.99170087821208,0.9949877200071999,0.996992643784124,0.998657305528345,0.999520945209274,1.0,0.9990151742228269,0.9976396118555642,0.996269371074663,0.9937012088207992,0.9915241726499541,0.9882011782173741,0.9837516777340379,0.978746221541837,0.974068770122215,0.96843843247243,0.9635178630795219,0.953015049922081,0.9402196811863109,0.9278591096044859,0.90923668425108,0.8771046211614759,0.8378153859527611,0.750812308913272,0.6741727958503521,0.554342854618313,0.334007111499695
0.8930558144321971,0.956792804217563,0.9697836276967199,0.976264201144822,0.9827494362128321,0.9872177032443629,0.991321654453257,0.9939287107169991,0.9964939322007491,0.997930622429693,0.9990151742228269,1.0,0.999448452359851,0.998613604556303,0.9968956295817509,0.995285127271083,0.9927740741669929,0.98925171257864,0.985075572542029,0.981052746529388,0.976150723115775,0.9716060218823491,0.9616216643418071,0.949840468595846,0.938200335078215,0.920513367423303,0.889445943754774,0.8510922281069849,0.766160332293848,0.688369042187084,0.565937001128825,0.34188443875506697
0.8869360533885379,0.951344269485614,0.964796041266865,0.9716615587065379,0.9786709918818709,0.983603967487034,0.988220011715938,0.9912653475297589,0.994387311038077,0.9961890433739481,0.9976396118555642,0.999448452359851,1.0,0.9995933057320731,0.998430702990609,0.99722507799738,0.9952022547027941,0.992244791418616,0.9885711570785258,0.984923037606989,0.980554661251501,0.9763487479515991,0.966951169830828,0.955854589275572,0.944702389741728,0.9276974623315399,0.897521383882547,0.860016062555587,0.7763776073449029,0.6979783906322751,0.574203577348929,0.346135571804097
0.8821212746084259,0.947069734102972,0.9607870036368941,0.96796300754953,0.9753547911405699,0.9806495142183199,0.9856229867827779,0.9889766305744,0.9925121745801009,0.9945560570277231,0.996269371074663,0.998613604556303,0.9995933057320731,1.0,0.9993551547433079,0.9984262997179659,0.99680992284394,0.9942912048374302,0.991023019114848,0.9877389714877841,0.983791650702119,0.979892521155618,0.970908950437523,0.960366885136082,0.949708998919269,0.933192463198384,0.903781399714499,0.8669244361506351,0.784187822661635,0.70565477659485,0.580993204556703,0.350551862933384
0.874507542716759,0.940005562863082,0.9541182872409021,0.9616591008913459,0.9696538713320841,0.975532198039746,0.9810814125427679,0.9849216435856691,0.9891255806923219,0.991595376458605,0.9937012088207992,0.9968956295817509,0.998430702990609,0.9993551547433079,1.0,0.999556628011596,0.9985076836726321,0.996712904476006,0.994163635834005,0.991416430704381,0.988105058150552,0.9845608787180871,0.976425917599718,0.966825224951501,0.956811627833672,0.941134017862441,0.912930548665664,0.8769337391061971,0.796331445184963,0.717543784459252,0.5913953871249771,0.357902829272367
0.8687735337397691,0.9346343234706421,0.949177145553964,0.9570442191885109,0.9655568202267372,0.9717926105581379,0.977736756813962,0.9818566473036021,0.986437102063541,0.989111828919025,0.9915241726499541,0.995285127271083,0.99722507799738,0.9984262997179659,0.999556628011596,1.0,0.999405191775693,0.998064585150965,0.996021587765664,0.9936878350901909,0.990733239030174,0.9876218338501529,0.980133719334786,0.9712040213974549,0.9616644445296271,0.946543260443353,0.919086954774945,0.883594554676034,0.804498846669473,0.724690238332133,0.596259756465045,0.361391135149755
0.8607425655211981,0.927518261120667,0.9424120471458921,0.950693252491534,0.959734228712126,0.9663476391219828,0.972812379467915,0.977323871007336,0.982412498508063,0.9854333514363051,0.9882011782173741,0.9927740741669929,0.9952022547027941,0.99680992284394,0.9985076836726321,0.999405191775693,1.0,0.9993419135852679,0.9978965412473421,0.9960686050110641,0.9937154238508259,0.9910379873276421,0.9842151840597192,0.9761064890146519,0.967284787884091,0.9530972554335161,0.9270060438917079,0.8926519935695408,0.8156650150103449,0.7358464433545909,0.6058786997433491,0.368112727926951
0.8512380336027869,0.9187511290690121,0.9340410287119971,0.9427198869884209,0.9523382578167079,0.9594020424586691,0.966497637929413,0.9715091363764471,0.9771875732892809,0.9805663827178879,0.9837516777340379,0.98925171257864,0.992244791418616,0.9942912048374302,0.996712904476006,0.998064585150965,0.9993419135852679,1.0,0.9993361172639929,0.9980962309344399,0.996288074221349,0.994074538493386,0.988085473317482,0.98093160401179,0.972870643248274,0.959531667615535,0.934565828698664,0.9010767809271709,0.826452093672308,0.7464255597256378,0.6142215923852591,0.37470865046958
0.8419426336295059,0.9097524674218119,0.9254338456200419,0.9344314140470201,0.944623317298425,0.952121604996207,0.95978279724032,0.9651880462308741,0.9714597746011541,0.9751296517380892,0.978746221541837,0.985075572542029,0.9885711570785258,0.991023019114848,0.994163635834005,0.996021587765664,0.9978965412473421,0.9993361172639929,1.0,0.9994129246757499,0.99820663180384,0.996541840794407,0.9915799537187899,0.9855857042940591,0.9783343277285009,0.9659809316391741,0.942453012329491,0.910026617994691,0.8381883429001871,0.7582273119789229,0.623723493633664,0.3824111721602991
0.8333893106465429,0.901909027883919,0.917837319257596,0.927070495901761,0.9377015175039258,0.945642519544231,0.9536688251465401,0.959447612162697,0.966162671704698,0.970057791651239,0.974068770122215,0.981052746529388,0.984923037606989,0.9877389714877841,0.991416430704381,0.9936878350901909,0.9960686050110641,0.9980962309344399,0.9994129246757499,1.0,0.999256796876823,0.99806333256265,0.993988608720379,0.9887942506397271,0.982299338914586,0.9708254670101499,0.948415610132424,0.916826227201602,0.8469295831875621,0.766936793674606,0.6307801191002789,0.387181156987594
0.822697614285973,0.892178337324577,0.908478740207715,0.9181043067565571,0.929324315517727,0.9377365256423951,0.946332418783881,0.952605249450854,0.959865979239015,0.964162526165387,0.96843843247243,0.976150723115775,0.980554661251501,0.983791650702119,0.988105058150552,0.990733239030174,0.9937154238508259,0.996288074221349,0.99820663180384,0.999256796876823,1.0,0.999300531193646,0.99629065664654,0.992128973340215,0.9864936243077279,0.9764434656891491,0.955870768901344,0.925592806189489,0.858042635945807,0.7789840962760749,0.642167449119588,0.3937929909178521
0.8144141603134041,0.884021980256654,0.9005941982964091,0.9107093974055551,0.922463299525875,0.9312414982804771,0.9402457360611209,0.9469218819333449,0.9544654771046709,0.9589113534412779,0.9635178630795219,0.9716060218823491,0.9763487479515991,0.979892521155618,0.9845608787180871,0.9876218338501529,0.9910379873276421,0.994074538493386,0.996541840794407,0.99806333256265,0.999300531193646,1.0,0.9982578752574499,0.995075232200157,0.9903431786847859,0.981537108532297,0.9622513553339559,0.932556757844384,0.8673927626052621,0.788100608062105,0.649654892509073,0.399131961146697
0.798545379259359,0.86860779364143,0.885651988671107,0.8965615440971769,0.908869010718746,0.918388218726946,0.9279035106382421,0.935088056111013,0.9432291168998629,0.94797441095119,0.953015049922081,0.9616216643418071,0.966951169830828,0.970908950437523,0.976425917599718,0.980133719334786,0.9842151840597192,0.988085473317482,0.9915799537187899,0.993988608720379,0.99629065664654,0.9982578752574499,1.0,0.998546101524504,0.9953828259129229,0.988671913995752,0.9717190164002779,0.9427153742825408,0.8817768522596809,0.802069160423895,0.6625375663313979,0.41110619248655295
0.779385332162136,0.8499721486988709,0.8674423115223929,0.879027511269895,0.8921038587442399,0.9024085668742942,0.9127307329329829,0.9205967754128249,0.929544288422391,0.9346464679051549,0.9402196811863109,0.949840468595846,0.955854589275572,0.960366885136082,0.966825224951501,0.9712040213974549,0.9761064890146519,0.98093160401179,0.9855857042940591,0.9887942506397271,0.992128973340215,0.995075232200157,0.998546101524504,1.0,0.998564103310626,0.9940703971253951,0.9802555572512321,0.953266625218892,0.8979669264049169,0.8191247952650229,0.676536551242338,0.422247777992635
0.7635671087792909,0.8336956712640591,0.85125090942277,0.8633668758182921,0.876775894615774,0.887680932763363,0.8985389606649008,0.906871994564663,0.9164647189384221,0.9218412023259192,0.9278591096044859,0.938200335078215,0.944702389741728,0.949708998919269,0.956811627833672,0.9616644445296271,0.967284787884091,0.972870643248274,0.9783343277285009,0.982299338914586,0.9864936243077279,0.9903431786847859,0.9953828259129229,0.998564103310626,1.0,0.997544525825594,0.9873050589200542,0.963274176730684,0.913051647628841,0.8362664547241742,0.69281813037989,0.436522310220965
0.740232203241159,0.810189597117494,0.827850081037782,0.840636188596045,0.8546867782801579,0.8661319549571709,0.877612462159024,0.886630246578783,0.896948795722527,0.902765875686644,0.90923668425108,0.920513367423303,0.9276974623315399,0.933192463198384,0.941134017862441,0.946543260443353,0.9530972554335161,0.959531667615535,0.9659809316391741,0.9708254670101499,0.9764434656891491,0.981537108532297,0.988671913995752,0.9940703971253951,0.997544525825594,1.0,0.994296448872779,0.9740336698257591,0.9307821920235121,0.85756646500009,0.7128790787156708,0.4528760208042029
0.702762075774464,0.771706996811264,0.789379412328107,0.803107855770805,0.81778894796269,0.8302160609042281,0.8425150616890429,0.8522873103979759,0.8634959170144941,0.8699373896214029,0.8771046211614759,0.889445943754774,0.897521383882547,0.903781399714499,0.912930548665664,0.919086954774945,0.9270060438917079,0.934565828698664,0.942453012329491,0.948415610132424,0.955870768901344,0.9622513553339559,0.9717190164002779,0.9802555572512321,0.9873050589200542,0.994296448872779,1.0,0.989945499164947,0.957996689502046,0.891186384722118,0.7445086885473821,0.47982833931810404
0.664911309468857,0.7301216125431709,0.7476735357190331,0.761189819287824,0.7759400984907601,0.7884452570845211,0.8010953042396372,0.811396969606303,0.8230642144152349,0.8300201313384509,0.8378153859527611,0.8510922281069849,0.860016062555587,0.8669244361506351,0.8769337391061971,0.883594554676034,0.8926519935695408,0.9010767809271709,0.910026617994691,0.916826227201602,0.925592806189489,0.932556757844384,0.9427153742825408,0.953266625218892,0.963274176730684,0.9740336698257591,0.989945499164947,1.0,0.9823262009846311,0.929580802798404,0.785731201150847,0.5100972229539579
0.577603062732291,0.6372258601628371,0.655250512065771,0.6688163993042501,0.684336041815063,0.697497172991336,0.7109783209348071,0.7217549865597959,0.7345459538118879,0.7419611886898599,0.750812308913272,0.766160332293848,0.7763776073449029,0.784187822661635,0.796331445184963,0.804498846669473,0.8156650150103449,0.826452093672308,0.8381883429001871,0.8469295831875621,0.858042635945807,0.8673927626052621,0.8817768522596809,0.8979669264049169,0.913051647628841,0.9307821920235121,0.957996689502046,0.9823262009846311,1.0,0.962748387528148,0.823830311671823,0.547134568582577
0.5134782108980149,0.567210955253764,0.584050444448229,0.597490246337531,0.611713405019716,0.623181634074975,0.63604134783598,0.647263156534805,0.658950504069649,0.6659375361694859,0.6741727958503521,0.688369042187084,0.6979783906322751,0.70565477659485,0.717543784459252,0.724690238332133,0.7358464433545909,0.7464255597256378,0.7582273119789229,0.766936793674606,0.7789840962760749,0.788100608062105,0.802069160423895,0.8191247952650229,0.8362664547241742,0.85756646500009,0.891186384722118,0.929580802798404,0.962748387528148,1.0,0.9111778925031858,0.631525818245543
0.420159658643229,0.466397242450759,0.48157446873871707,0.492909395186956,0.5042268622979721,0.512553811098728,0.523177654433175,0.533160620797698,0.542587146616069,0.5481869103330179,0.554342854618313,0.565937001128825,0.574203577348929,0.580993204556703,0.5913953871249771,0.596259756465045,0.6058786997433491,0.6142215923852591,0.623723493633664,0.6307801191002789,0.642167449119588,0.649654892509073,0.6625375663313979,0.676536551242338,0.69281813037989,0.7128790787156708,0.7445086885473821,0.785731201150847,0.823830311671823,0.9111778925031858,1.0,0.7631574266857549
0.263782701302222,0.287214565901596,0.293060029478555,0.29909763680094104,0.30552090767439505,0.309832004333875,0.31492469586286,0.322016662768772,0.328292863276311,0.330545811557406,0.334007111499695,0.34188443875506697,0.346135571804097,0.350551862933384,0.357902829272367,0.361391135149755,0.368112727926951,0.37470865046958,0.3824111721602991,0.387181156987594,0.3937929909178521,0.399131961146697,0.41110619248655295,0.422247777992635,0.436522310220965,0.4528760208042029,0.47982833931810404,0.5100972229539579,0.547134568582577,0.631525818245543,0.7631574266857549,1.0
