1.0,0.996106304593198,0.9839821960806109,0.9633901286577029,0.934720361739737,0.8989586305663979,0.857536504642663,0.845558614136276,0.8234988950858679,0.7956117194202329,0.7653664371100051,0.7350105422731271,0.7058387710373679,0.667823434868958,0.6173234382873929,0.574596691425384,0.541400302562562,0.515729605572023,0.49558077560099995,0.49212749198723205,0.50246172914018,0.500927666700117,0.493640240150098,0.484104806431663,0.474097501485681,0.46446258333970003,0.45505790148807795,0.44247304263050197,0.4282680956636721,0.413546994417212,0.399017974814533,0.38509484421126394
0.996106304593198,1.0,0.995866911542908,0.9832750485435559,0.962411595370807,0.9340755063757521,0.8995491900720369,0.887963541622763,0.865603556959077,0.837008521684206,0.8058283615487979,0.7744367607999242,0.744208540757132,0.704076166143865,0.650619630850644,0.605439867208909,0.5703536810095781,0.5432284905824539,0.521941466798754,0.5200951330221839,0.5356489647239671,0.537624717366312,0.532662341830065,0.52467490932773,0.515712749444854,0.506790837993154,0.497287250483456,0.48421765874855494,0.46928699218974,0.453708692994378,0.43826679161296794,0.42342411095657795
0.9839821960806109,0.995866911542908,1.0,0.9957526679463109,0.9831013630971039,0.9626461071975609,0.935505195486065,0.924418001753646,0.9019307870839509,0.8728393910719341,0.8409500457406079,0.808747106670886,0.7776767034438721,0.735690168065664,0.679623119382074,0.632284171332999,0.595536834435768,0.567134114479792,0.544847870939767,0.544672087709347,0.565476576866436,0.571052122622394,0.568525478869225,0.562197882715934,0.5543854449310821,0.54627075191615,0.536742671275198,0.5232801423374229,0.5077234264863061,0.491388900873673,0.47513229554886793,0.45946316082810296
0.9633901286577029,0.9832750485435559,0.9957526679463109,1.0,0.995780067935912,0.98348617363288,0.9640608160369,0.953572447568877,0.931145985547256,0.9017968750213149,0.869457681968852,0.8367039886227691,0.805042008519635,0.7615301570021759,0.703289877254085,0.654161569878564,0.616040367352337,0.5865822537358,0.5634711335112329,0.5649902660954621,0.590941804839916,0.60011941041002,0.6000831789808571,0.595491540737403,0.58891048703626,0.581682533175485,0.572210012642414,0.5584627480895971,0.542402660231349,0.52543936480663,0.508494053738189,0.49211934569794996
0.934720361739737,0.962411595370807,0.9831013630971039,0.995780067935912,1.0,0.995945082946788,0.984374618702978,0.9745718090965619,0.952395487550143,0.923037598153882,0.890523389322808,0.8574976029661908,0.8255136099865219,0.7808491903686079,0.7209350242409579,0.670438435942901,0.63127005732661,0.601008978819899,0.577271012751286,0.5804667547657,0.611329366196165,0.624019835252677,0.6264662935184561,0.62364383231872,0.618345826210521,0.61206285474057,0.602725791818551,0.588810923095475,0.572384851159281,0.554938213454664,0.5374496653719679,0.520510083488287
0.8989586305663979,0.9340755063757521,0.9626461071975609,0.98348617363288,0.995945082946788,1.0,0.9962244198696492,0.987173960871607,0.9654245120053371,0.9362985074628579,0.9038790780817672,0.870857097660801,0.8388194404384459,0.793391042647619,0.732326774516855,0.6809025214426939,0.6410284579138189,0.610228127354943,0.5860701223112911,0.5908832554581861,0.626307343556378,0.6423374941670009,0.647197676869709,0.646132649504999,0.6421358064905129,0.6368306634575871,0.627702875101865,0.61373769135587,0.597087404821172,0.5793098671704251,0.5614320480277271,0.5440774876758819
0.857536504642663,0.8995491900720369,0.935505195486065,0.9640608160369,0.984374618702978,0.9962244198696492,1.0,0.9917451513687859,0.970574861411149,0.9418965662843141,0.9098178602668029,0.8770534457532599,0.8452103271362449,0.799393964988941,0.737689337748174,0.6857652611109071,0.645516781618375,0.614432879861922,0.5900552750281489,0.5963921984474579,0.635945789379982,0.655075512293905,0.6622275921219399,0.662866692348338,0.660156213260521,0.655835472393959,0.6469798158333709,0.6330734505092629,0.61633481249572,0.598374638068051,0.580258624538726,0.562637038793652
0.845558614136276,0.887963541622763,0.924418001753646,0.953572447568877,0.9745718090965619,0.987173960871607,0.9917451513687859,1.0,0.993439190752593,0.9771920040969899,0.9555210583723621,0.9314108868092691,0.9067598498949591,0.8665178813536529,0.806085367244707,0.753808554183548,0.712812025784285,0.6809465845522399,0.6558542805628361,0.661586872776065,0.69945195493548,0.716004263555164,0.7203829401304319,0.7183793979294499,0.713277974111911,0.7068910547097859,0.700400764562909,0.688079763556675,0.672329920883823,0.654923235099633,0.637053694326394,0.6194677310477621
0.8234988950858679,0.865603556959077,0.9019307870839509,0.931145985547256,0.952395487550143,0.9654245120053371,0.970574861411149,0.993439190752593,1.0,0.9950663974046551,0.9829799181228879,0.9669242041755342,0.949031046491732,0.9143252143032099,0.855872626560153,0.8040114275208191,0.7629200339755501,0.730802244115651,0.7054226119246791,0.710522798604545,0.746318695683394,0.7603137885705991,0.7621366077905201,0.757787740545114,0.750612313180894,0.7424617110824959,0.7381696764143979,0.727433818121671,0.712785737371774,0.696116246508061,0.678716880005102,0.661409273698793
0.7956117194202329,0.837008521684206,0.8728393910719341,0.9017968750213149,0.923037598153882,0.9362985074628579,0.9418965662843141,0.9771920040969899,0.9950663974046551,1.0,0.9963566792285908,0.9874589813995841,0.975618552702962,0.946084199395477,0.889970314914134,0.839020708424006,0.7982836235848829,0.7662881752468009,0.74092894441565,0.745426314549176,0.7790468074535841,0.790674757769634,0.7902609462882729,0.7839236654883629,0.775025234877795,0.7654312012102309,0.7630918057360742,0.753845164986558,0.7403085265922509,0.724455686132479,0.707649078823815,0.6907668509877789
0.7653664371100051,0.8058283615487979,0.8409500457406079,0.869457681968852,0.890523389322808,0.9038790780817672,0.9098178602668029,0.9555210583723621,0.9829799181228879,0.9963566792285908,1.0,0.9973256356738069,0.9907816139728279,0.9659256316462891,0.9122645670499828,0.8625002891417259,0.82238896090574,0.7907509431944059,0.765609190830538,0.769552908367582,0.80103830246378,0.81053972850447,0.808206524945733,0.800209927439715,0.789900525395871,0.7791413303560499,0.778498909141737,0.770605334804409,0.758130843178447,0.743105001881655,0.7269404519821371,0.710556993789159
0.7350105422731271,0.7744367607999242,0.808747106670886,0.8367039886227691,0.8574976029661908,0.870857097660801,0.8770534457532599,0.9314108868092691,0.9669242041755342,0.9874589813995841,0.9973256356738069,1.0,0.9980327871271389,0.9773301206188679,0.9260821067388871,0.8776220861191179,0.838279523106948,0.8071312062914191,0.7823215634636949,0.7857679557653621,0.815241120691822,0.8228650977630291,0.8189005523600171,0.809528318859268,0.798069512302237,0.786374172508649,0.787189735635616,0.7805014579933721,0.7690095065928291,0.7547794795897259,0.7392588545908271,0.72339779652695
0.7058387710373679,0.744208540757132,0.7776767034438721,0.805042008519635,0.8255136099865219,0.8388194404384459,0.8452103271362449,0.9067598498949591,0.949031046491732,0.975618552702962,0.9907816139728279,0.9980327871271389,1.0,0.982948319409594,0.9339886340272451,0.8868539247643229,0.8483384690754129,0.8177429565068901,0.793323923032766,0.7963290174739909,0.8239504730489879,0.8299314631616591,0.8245844268648951,0.8140720939538408,0.8016761436762309,0.789227604945965,0.7912903695780121,0.7856645111066429,0.775064365610274,0.761577636517338,0.746675516486697,0.73133016864202
0.667823434868958,0.704076166143865,0.735690168065664,0.7615301570021759,0.7808491903686079,0.793391042647619,0.799393964988941,0.8665178813536529,0.9143252143032099,0.946084199395477,0.9659256316462891,0.9773301206188679,0.982948319409594,1.0,0.98367885042374,0.956520957063746,0.930993063187073,0.909355426713806,0.891426125635583,0.893087633950076,0.9067021723073531,0.899927393157805,0.883663428057284,0.8640402839393249,0.84408897487304,0.8254049917426971,0.8262738897707559,0.8192648743030071,0.807212177340472,0.7922840716858209,0.7760000696628959,0.7593576882565392
0.6173234382873929,0.650619630850644,0.679623119382074,0.703289877254085,0.7209350242409579,0.732326774516855,0.737689337748174,0.806085367244707,0.855872626560153,0.889970314914134,0.9122645670499828,0.9260821067388871,0.9339886340272451,0.98367885042374,1.0,0.993389371111888,0.981480400477352,0.969369482195892,0.9584165958660509,0.9588092614861891,0.958471781598504,0.9395866964066779,0.9132832572815891,0.8854694830177241,0.858840136809205,0.834708992907136,0.833967587182395,0.825464615005799,0.812060564254408,0.795929125191545,0.7785828982524301,0.761006490404567
0.574596691425384,0.605439867208909,0.632284171332999,0.654161569878564,0.670438435942901,0.6809025214426939,0.6857652611109071,0.753808554183548,0.8040114275208191,0.839020708424006,0.8625002891417259,0.8776220861191179,0.8868539247643229,0.956520957063746,0.993389371111888,1.0,0.996982345352198,0.991155439841363,0.9848398127794928,0.9844162989511139,0.9751834689823149,0.948893746698131,0.916633101856715,0.8840673562072779,0.853630878497921,0.8264353490598421,0.824679224392547,0.815367886790846,0.8013298802299341,0.7847053480786801,0.7669767318627441,0.7491036410876021
0.541400302562562,0.5703536810095781,0.595536834435768,0.616040367352337,0.63127005732661,0.6410284579138189,0.645516781618375,0.712812025784285,0.7629200339755501,0.7982836235848829,0.82238896090574,0.838279523106948,0.8483384690754129,0.930993063187073,0.981480400477352,0.996982345352198,1.0,0.998466262423892,0.9953338531394409,0.994361572885788,0.979182437984125,0.948082221883363,0.912034612903015,0.8764992220867192,0.8437160988894481,0.8146519341951222,0.812222760326345,0.8024344930827041,0.7880728942021609,0.771239395586885,0.753384943318419,0.735445056863202
0.515729605572023,0.5432284905824539,0.567134114479792,0.5865822537358,0.601008978819899,0.610228127354943,0.614432879861922,0.6809465845522399,0.730802244115651,0.7662881752468009,0.7907509431944059,0.8071312062914191,0.8177429565068901,0.909355426713806,0.969369482195892,0.991155439841363,0.998466262423892,1.0,0.9991493588396742,0.9977892904418001,0.9784252899533091,0.944008934693552,0.9053933878401619,0.8678710706156729,0.8335351903551859,0.80324547056798,0.800345241911405,0.790252914118887,0.7757134692969151,0.7587929852873591,0.740914598083417,0.722993198287432
0.49558077560099995,0.521941466798754,0.544847870939767,0.5634711335112329,0.577271012751286,0.5860701223112911,0.5900552750281489,0.6558542805628361,0.7054226119246791,0.74092894441565,0.765609190830538,0.7823215634636949,0.793323923032766,0.891426125635583,0.9584165958660509,0.9848398127794928,0.9953338531394409,0.9991493588396742,1.0,0.998353796259563,0.975911270195172,0.9390934649430992,0.898642138961013,0.859714633177521,0.8242906069305791,0.79314839504473,0.7899030790716779,0.779604384736162,0.764961448325858,0.7480098962215629,0.7301493135400459,0.7122774019400591
0.49212749198723205,0.5200951330221839,0.544672087709347,0.5649902660954621,0.5804667547657,0.5908832554581861,0.5963921984474579,0.661586872776065,0.710522798604545,0.745426314549176,0.769552908367582,0.7857679557653621,0.7963290174739909,0.893087633950076,0.9588092614861891,0.9844162989511139,0.994361572885788,0.9977892904418001,0.998353796259563,1.0,0.9863968066572351,0.9564107988890329,0.9211415762160279,0.886154516797417,0.8537645341321379,0.8249720996345841,0.8212327519079499,0.8102030903488191,0.794699672477384,0.7768355286429041,0.7580610013431691,0.7393043867744058
0.50246172914018,0.5356489647239671,0.565476576866436,0.590941804839916,0.611329366196165,0.626307343556378,0.635945789379982,0.69945195493548,0.746318695683394,0.7790468074535841,0.80103830246378,0.815241120691822,0.8239504730489879,0.9067021723073531,0.958471781598504,0.9751834689823149,0.979182437984125,0.9784252899533091,0.975911270195172,0.9863968066572351,1.0,0.991404059694747,0.972593014911706,0.9502727953957559,0.927737467595105,0.9066538193707729,0.9021796676116779,0.8897395408035681,0.8724275872453541,0.8525617707992691,0.8317306249163291,0.8109489224696371
0.500927666700117,0.537624717366312,0.571052122622394,0.60011941041002,0.624019835252677,0.6423374941670009,0.655075512293905,0.716004263555164,0.7603137885705991,0.790674757769634,0.81053972850447,0.8228650977630291,0.8299314631616591,0.899927393157805,0.9395866964066779,0.948893746698131,0.948082221883363,0.944008934693552,0.9390934649430992,0.9564107988890329,0.991404059694747,1.0,0.994653823165468,0.982849004313743,0.968594962723896,0.9540564509990279,0.94908435107442,0.935763223238303,0.9173480597429329,0.8962749144565791,0.874211456452792,0.852221577664386
0.493640240150098,0.532662341830065,0.568525478869225,0.6000831789808571,0.6264662935184561,0.647197676869709,0.6622275921219399,0.7203829401304319,0.7621366077905201,0.7902609462882729,0.808206524945733,0.8189005523600171,0.8245844268648951,0.883663428057284,0.9132832572815891,0.916633101856715,0.912034612903015,0.9053933878401619,0.898642138961013,0.9211415762160279,0.972593014911706,0.994653823165468,1.0,0.9966379384874978,0.989093031653572,0.9798968037786829,0.974592000484239,0.9607371147066759,0.9416746035192479,0.9199041752713231,0.8971357288302579,0.8744590188309799
0.484104806431663,0.52467490932773,0.562197882715934,0.595491540737403,0.62364383231872,0.646132649504999,0.662866692348338,0.7183793979294499,0.757787740545114,0.7839236654883629,0.800209927439715,0.809528318859268,0.8140720939538408,0.8640402839393249,0.8854694830177241,0.8840673562072779,0.8764992220867192,0.8678710706156729,0.859714633177521,0.886154516797417,0.9502727953957559,0.982849004313743,0.9966379384874978,1.0,0.997835550004043,0.9929478635705731,0.987419426947477,0.973246402181626,0.9538152264519691,0.9316571049421659,0.908502440342852,0.885453220747691
0.474097501485681,0.515712749444854,0.5543854449310821,0.58891048703626,0.618345826210521,0.6421358064905129,0.660156213260521,0.713277974111911,0.750612313180894,0.775025234877795,0.789900525395871,0.798069512302237,0.8016761436762309,0.84408897487304,0.858840136809205,0.853630878497921,0.8437160988894481,0.8335351903551859,0.8242906069305791,0.8537645341321379,0.927737467595105,0.968594962723896,0.989093031653572,0.997835550004043,1.0,0.9985941329888628,0.992913091402488,0.9785536484424009,0.9589210721370459,0.936559538267186,0.9132074912740241,0.889971379064396
0.46446258333970003,0.506790837993154,0.54627075191615,0.581682533175485,0.61206285474057,0.6368306634575871,0.655835472393959,0.7068910547097859,0.7424617110824959,0.7654312012102309,0.7791413303560499,0.786374172508649,0.789227604945965,0.8254049917426971,0.834708992907136,0.8264353490598421,0.8146519341951222,0.80324547056798,0.79314839504473,0.8249720996345841,0.9066538193707729,0.9540564509990279,0.9798968037786829,0.9929478635705731,0.9985941329888628,1.0,0.9943361942815121,0.9799785740555981,0.960337290096015,0.93796039629168,0.9145891589806802,0.891331959991111
0.45505790148807795,0.497287250483456,0.536742671275198,0.572210012642414,0.602725791818551,0.627702875101865,0.6469798158333709,0.700400764562909,0.7381696764143979,0.7630918057360742,0.778498909141737,0.787189735635616,0.7912903695780121,0.8262738897707559,0.833967587182395,0.824679224392547,0.812222760326345,0.800345241911405,0.7899030790716779,0.8212327519079499,0.9021796676116779,0.94908435107442,0.974592000484239,0.987419426947477,0.992913091402488,0.9943361942815121,1.0,0.995588918285831,0.9845334688263159,0.9694999074683079,0.9523872476319291,0.9344659988010741
0.44247304263050197,0.48421765874855494,0.5232801423374229,0.5584627480895971,0.588810923095475,0.61373769135587,0.6330734505092629,0.688079763556675,0.727433818121671,0.753845164986558,0.770605334804409,0.7805014579933721,0.7856645111066429,0.8192648743030071,0.825464615005799,0.815367886790846,0.8024344930827041,0.790252914118887,0.779604384736162,0.8102030903488191,0.8897395408035681,0.935763223238303,0.9607371147066759,0.973246402181626,0.9785536484424009,0.9799785740555981,0.995588918285831,1.0,0.996628035620336,0.988218535719236,0.9767918987877842,0.963749801335578
0.4282680956636721,0.46928699218974,0.5077234264863061,0.542402660231349,0.572384851159281,0.597087404821172,0.61633481249572,0.672329920883823,0.712785737371774,0.7403085265922509,0.758130843178447,0.7690095065928291,0.775064365610274,0.807212177340472,0.812060564254408,0.8013298802299341,0.7880728942021609,0.7757134692969151,0.764961448325858,0.794699672477384,0.8724275872453541,0.9173480597429329,0.9416746035192479,0.9538152264519691,0.9589210721370459,0.960337290096015,0.9845334688263159,0.996628035620336,1.0,0.99744433524588,0.9910729897328241,0.982392217754935
0.413546994417212,0.453708692994378,0.491388900873673,0.52543936480663,0.554938213454664,0.5793098671704251,0.598374638068051,0.654923235099633,0.696116246508061,0.724455686132479,0.743105001881655,0.7547794795897259,0.761577636517338,0.7922840716858209,0.795929125191545,0.7847053480786801,0.771239395586885,0.7587929852873591,0.7480098962215629,0.7768355286429041,0.8525617707992691,0.8962749144565791,0.9199041752713231,0.9316571049421659,0.936559538267186,0.93796039629168,0.9694999074683079,0.988218535719236,0.99744433524588,1.0,0.998065597983766,0.9932301736887221
0.399017974814533,0.43826679161296794,0.47513229554886793,0.508494053738189,0.5374496653719679,0.5614320480277271,0.580258624538726,0.637053694326394,0.678716880005102,0.707649078823815,0.7269404519821371,0.7392588545908271,0.746675516486697,0.7760000696628959,0.7785828982524301,0.7669767318627441,0.753384943318419,0.740914598083417,0.7301493135400459,0.7580610013431691,0.8317306249163291,0.874211456452792,0.8971357288302579,0.908502440342852,0.9132074912740241,0.9145891589806802,0.9523872476319291,0.9767918987877842,0.9910729897328241,0.998065597983766,1.0,0.998530671761327
0.38509484421126394,0.42342411095657795,0.45946316082810296,0.49211934569794996,0.520510083488287,0.5440774876758819,0.562637038793652,0.6194677310477621,0.661409273698793,0.6907668509877789,0.710556993789159,0.72339779652695,0.73133016864202,0.7593576882565392,0.761006490404567,0.7491036410876021,0.735445056863202,0.722993198287432,0.7122774019400591,0.7393043867744058,0.8109489224696371,0.852221577664386,0.8744590188309799,0.885453220747691,0.889971379064396,0.891331959991111,0.9344659988010741,0.963749801335578,0.982392217754935,0.9932301736887221,0.998530671761327,1.0
