1.0,0.7908701531836321,0.685701879639933,0.636618108853855,0.571267295472181,0.536057583991401,0.519506748248724,0.504498417652982,0.49037444316560497,0.438103477749799,0.419181150513661,0.39899031031381704,0.381949688994698,0.35910727367185796,0.33494836115350796,0.31891073911398,0.30031088109123605,0.276584529644333,0.23120164661237103,0.196393505252352,0.169372423575317,0.145089243083356,0.10093463894914201,0.0790599184408461,0.0470846812572683,0.0245099203550095,0.0202465409623802,0.0773520941593448,0.129412591857873,0.136012643795171,0.0958214577621157,0.0678747573457688
0.7908701531836321,1.0,0.914290091820494,0.861561740703972,0.817012165085352,0.785986311457195,0.765015017501326,0.7402171941413209,0.7207156458219008,0.6769974324187971,0.6633715594025121,0.644386556966275,0.624985863621126,0.600630944850014,0.575133240799974,0.5525966568299621,0.531657265482977,0.508106154317237,0.460083987523389,0.423578435199855,0.393049056042502,0.363421671179565,0.321913454621802,0.290521074151212,0.245790852742894,0.20408790535538604,0.143502242466241,0.0662939367003582,0.0157240904216559,0.0887574544077138,0.10784091181636501,0.12403328147052801
0.685701879639933,0.914290091820494,1.0,0.954544257026909,0.9123602575032371,0.8823903671494331,0.862364499469044,0.8409203825920759,0.819485188917914,0.7842130834993741,0.7669275167965609,0.747892188852303,0.7295721092968841,0.702958822914999,0.674200157977979,0.651551612118667,0.630674381209447,0.6073327685959611,0.5626734965988951,0.530795692274892,0.49864362652085104,0.46539631015911,0.41887146602771796,0.386158843197766,0.335047862663308,0.28856714318543397,0.22225029599101603,0.131563831869917,0.0368841554525644,0.0787087572333547,0.132621711889017,0.14763983829342098
0.636618108853855,0.861561740703972,0.954544257026909,1.0,0.962856245104509,0.935741869984067,0.915814638850576,0.896190126082222,0.880405521811742,0.849086881510177,0.8312899506251501,0.8150155750250531,0.7948050235767429,0.76838314807467,0.742461434803548,0.7181278567799659,0.696854313880057,0.6748278368524789,0.63243786166394,0.599911043373313,0.5697644292973449,0.535607140940504,0.48738639712980203,0.452930378855633,0.400176526848651,0.35630377729728496,0.287763360986575,0.19081302463326,0.0723573952049106,0.0486377427676227,0.124885316986194,0.159354762661362
0.571267295472181,0.817012165085352,0.9123602575032371,0.962856245104509,1.0,0.977926554770253,0.95884857119388,0.93977385644539,0.922968101994609,0.9004653491916139,0.8842612789856629,0.8699901515921159,0.8518062855209059,0.829514598382246,0.8050801873288199,0.78321000746471,0.764732439155529,0.7399168961728291,0.702119831722871,0.6709177742516761,0.64323462940682,0.610183754101705,0.564941027228211,0.532325347661519,0.47953328916058896,0.43884424834017605,0.37052875483027503,0.272525879024719,0.154426363921297,0.00663778051928103,0.09641702912749499,0.14954082868427998
0.536057583991401,0.785986311457195,0.8823903671494331,0.935741869984067,0.977926554770253,1.0,0.984893908081815,0.9683326831651391,0.953504477196501,0.9331687558626701,0.9197703792666679,0.906455419012089,0.8877927454227049,0.867894771996336,0.8457598214375359,0.8239168094736341,0.8066055708634108,0.782034468007984,0.7475856278381651,0.719472959525195,0.6913375838992171,0.6600244498422629,0.614803898635035,0.5831075834418951,0.5318323043719361,0.491639864177291,0.42298694796764,0.325288308849514,0.20414011980209898,0.0447985718640716,0.0798139607394845,0.144467838460798
0.519506748248724,0.765015017501326,0.862364499469044,0.915814638850576,0.95884857119388,0.984893908081815,1.0,0.9848376619680259,0.9693396825891758,0.95059700531663,0.9369891216201129,0.9236254833461071,0.904452244848794,0.8844556993207701,0.862772622385904,0.8422317317380971,0.8257652605683761,0.8029777867470941,0.7698916056777879,0.7427028167165249,0.715051705307442,0.68539160353361,0.6439753563311171,0.6113300042053039,0.562115594012386,0.521891607557479,0.45565861590248297,0.36011817640685206,0.23669474982627303,0.0705020068603782,0.0653615310167625,0.134117109517226
0.504498417652982,0.7402171941413209,0.8409203825920759,0.896190126082222,0.93977385644539,0.9683326831651391,0.9848376619680259,1.0,0.987779673859491,0.971251828120353,0.958083695864853,0.9457737952105649,0.9270708278825991,0.908010054495395,0.887262638575037,0.867319443658558,0.851922253289234,0.831097382793744,0.8009934823870211,0.7743339229474799,0.745851973023241,0.7170858793364928,0.6781539837939261,0.64476147412238,0.5982251068613149,0.5584451837828821,0.49370258052177796,0.399758517058687,0.2689156368566,0.0999110860647142,0.0490049456757446,0.121009382860172
0.49037444316560497,0.7207156458219008,0.819485188917914,0.880405521811742,0.922968101994609,0.953504477196501,0.9693396825891758,0.987779673859491,1.0,0.986941760168798,0.973462036350048,0.960080033546389,0.942489461167769,0.9240770968330151,0.9046939955279342,0.886418000640779,0.871463344975155,0.8516346856601469,0.8219703117527031,0.7956985243289321,0.7690837474111091,0.742521651544819,0.704505785760157,0.671907736607928,0.6263009511978671,0.5889680527588089,0.524343401923739,0.428150168269682,0.290577540541271,0.120380444131763,0.0404560778315337,0.107553459529358
0.438103477749799,0.6769974324187971,0.7842130834993741,0.849086881510177,0.9004653491916139,0.9331687558626701,0.95059700531663,0.971251828120353,0.986941760168798,1.0,0.988607278284408,0.9752527159542149,0.9593518832874269,0.941867011021814,0.924172078496635,0.908391409727737,0.8947294016299779,0.8768008142188309,0.8505114940312131,0.8257055947066291,0.80101503268751,0.7764245986140831,0.7418098000048501,0.7085835069612199,0.663504711998843,0.6277062974746589,0.563734299056144,0.466968786277641,0.327478706872758,0.152214697380692,0.0232985555125072,0.09502715635300901
0.419181150513661,0.6633715594025121,0.7669275167965609,0.8312899506251501,0.8842612789856629,0.9197703792666679,0.9369891216201129,0.958083695864853,0.973462036350048,0.988607278284408,1.0,0.989575489980534,0.975755411016682,0.9610552320258091,0.94502828876237,0.929264630931749,0.914762418492478,0.8975157645239841,0.8740403135081899,0.851288975724755,0.8284531304036149,0.80671952026771,0.7755821753794742,0.7434091514540391,0.699210362367148,0.6624983371397409,0.598798395042563,0.505514773679428,0.367687850063475,0.18211315916531398,0.00162096893595939,0.0779380644499281
0.39899031031381704,0.644386556966275,0.747892188852303,0.8150155750250531,0.8699901515921159,0.906455419012089,0.9236254833461071,0.9457737952105649,0.960080033546389,0.9752527159542149,0.989575489980534,1.0,0.9899555028219871,0.975985306440647,0.960913627977583,0.9441529113286321,0.9297729509180089,0.911568007273736,0.88779617842244,0.8651848945130249,0.8412072556387851,0.8206920527754878,0.7908564222867159,0.7603706662181899,0.718479647309341,0.682159545901613,0.619072693003041,0.525086853431062,0.390808620102945,0.20321961924384305,0.0108784080791744,0.0658126013057339
0.381949688994698,0.624985863621126,0.7295721092968841,0.7948050235767429,0.8518062855209059,0.8877927454227049,0.904452244848794,0.9270708278825991,0.942489461167769,0.9593518832874269,0.975755411016682,0.9899555028219871,1.0,0.9885030184777459,0.976310446670091,0.960871708445198,0.9475775537628579,0.93062826145533,0.908657111983595,0.8882295615138092,0.8651532472893371,0.8450062207073159,0.8161107331323771,0.7879523760497009,0.7472037282485509,0.711808778813957,0.647764061036223,0.555320648156361,0.423364437435152,0.22975210007430397,0.0358615937251956,0.0298633292801873
0.35910727367185796,0.600630944850014,0.702958822914999,0.76838314807467,0.829514598382246,0.867894771996336,0.8844556993207701,0.908010054495395,0.9240770968330151,0.941867011021814,0.9610552320258091,0.975985306440647,0.9885030184777459,1.0,0.9906940145233449,0.977242597547111,0.9630322189400791,0.945864261952952,0.9254272067290892,0.906856257016076,0.886042050763394,0.8657603368411949,0.837969022843837,0.8114903518593309,0.7748025705626831,0.739997931926752,0.6778191054412371,0.590757110469257,0.46461341362510705,0.262301910993991,0.0664266349966862,0.00908134066532431
0.33494836115350796,0.575133240799974,0.674200157977979,0.742461434803548,0.8050801873288199,0.8457598214375359,0.862772622385904,0.887262638575037,0.9046939955279342,0.924172078496635,0.94502828876237,0.960913627977583,0.976310446670091,0.9906940145233449,1.0,0.9898403851598442,0.9763664904711801,0.9596945967457092,0.939865560696206,0.9227201856091529,0.9034040701163549,0.8848343401830541,0.858063934013889,0.8331324169113359,0.7982971038567209,0.764217856439279,0.705758273390946,0.6213340441278,0.49657991199011997,0.29052323926252005,0.09042700811428599,0.00505742552417144
0.31891073911398,0.5525966568299621,0.651551612118667,0.7181278567799659,0.78321000746471,0.8239168094736341,0.8422317317380971,0.867319443658558,0.886418000640779,0.908391409727737,0.929264630931749,0.9441529113286321,0.960871708445198,0.977242597547111,0.9898403851598442,1.0,0.9895364206701609,0.9748654154797809,0.955135390531979,0.9394552160151941,0.922763219511414,0.90646501865107,0.8816960129153721,0.8585243757753721,0.8251722274638159,0.794139683455337,0.7397935052026221,0.6566797903692211,0.533486886891027,0.322556060181516,0.114340999167172,0.0271433860869359
0.30031088109123605,0.531657265482977,0.630674381209447,0.696854313880057,0.764732439155529,0.8066055708634108,0.8257652605683761,0.851922253289234,0.871463344975155,0.8947294016299779,0.914762418492478,0.9297729509180089,0.9475775537628579,0.9630322189400791,0.9763664904711801,0.9895364206701609,1.0,0.989484028777409,0.9723362980820429,0.957333466718587,0.9420308626457,0.925861423574513,0.9028892187166241,0.8794167006975869,0.8453809595327141,0.814322337128135,0.760914667426942,0.678923749614307,0.5510234322101801,0.33648138694243,0.12943132997029,0.0306339221102947
0.276584529644333,0.508106154317237,0.6073327685959611,0.6748278368524789,0.7399168961728291,0.782034468007984,0.8029777867470941,0.831097382793744,0.8516346856601469,0.8768008142188309,0.8975157645239841,0.911568007273736,0.93062826145533,0.945864261952952,0.9596945967457092,0.9748654154797809,0.989484028777409,1.0,0.9879288813679251,0.973975887306207,0.957913902087317,0.9413777684082879,0.9180010519645541,0.8951807481097679,0.8628429047160971,0.8327244277042021,0.77998469028476,0.7003625918639089,0.5714119396874711,0.35889565847559496,0.160645214199275,0.0464704462886117
0.23120164661237103,0.460083987523389,0.5626734965988951,0.63243786166394,0.702119831722871,0.7475856278381651,0.7698916056777879,0.8009934823870211,0.8219703117527031,0.8505114940312131,0.8740403135081899,0.88779617842244,0.908657111983595,0.9254272067290892,0.939865560696206,0.955135390531979,0.9723362980820429,0.9879288813679251,1.0,0.9894421937713492,0.976775305913631,0.9618755088101841,0.9410778259928609,0.920225907545114,0.8916170835665931,0.8632708442311491,0.8141532760054859,0.7377280464793199,0.608294833643759,0.391044580565271,0.18399129354173702,0.0640918867869872
0.196393505252352,0.423578435199855,0.530795692274892,0.599911043373313,0.6709177742516761,0.719472959525195,0.7427028167165249,0.7743339229474799,0.7956985243289321,0.8257055947066291,0.851288975724755,0.8651848945130249,0.8882295615138092,0.906856257016076,0.9227201856091529,0.9394552160151941,0.957333466718587,0.973975887306207,0.9894421937713492,1.0,0.9901798338274759,0.97660352337447,0.9573736754166159,0.9378207225456551,0.909738926313988,0.8825119903183991,0.835452408370341,0.7615133248691541,0.6343464545753471,0.41235592236884994,0.20391826294196103,0.0758363522174808
0.169372423575317,0.393049056042502,0.49864362652085104,0.5697644292973449,0.64323462940682,0.6913375838992171,0.715051705307442,0.745851973023241,0.7690837474111091,0.80101503268751,0.8284531304036149,0.8412072556387851,0.8651532472893371,0.886042050763394,0.9034040701163549,0.922763219511414,0.9420308626457,0.957913902087317,0.976775305913631,0.9901798338274759,1.0,0.9891053873012919,0.9707364993562029,0.952625065853229,0.925692923030848,0.900041786887437,0.854134263765365,0.7850586445742389,0.662454127543984,0.433704616738383,0.21983071546304003,0.0876735619610966
0.145089243083356,0.363421671179565,0.46539631015911,0.535607140940504,0.610183754101705,0.6600244498422629,0.68539160353361,0.7170858793364928,0.742521651544819,0.7764245986140831,0.80671952026771,0.8206920527754878,0.8450062207073159,0.8657603368411949,0.8848343401830541,0.90646501865107,0.925861423574513,0.9413777684082879,0.9618755088101841,0.97660352337447,0.9891053873012919,1.0,0.985990135475717,0.9696997818887679,0.9443554059415551,0.9210736908822629,0.877239128798088,0.8114094594264459,0.693254807982862,0.465092402089162,0.24246774407396898,0.0986703077029128
0.10093463894914201,0.321913454621802,0.41887146602771796,0.48738639712980203,0.564941027228211,0.614803898635035,0.6439753563311171,0.6781539837939261,0.704505785760157,0.7418098000048501,0.7755821753794742,0.7908564222867159,0.8161107331323771,0.837969022843837,0.858063934013889,0.8816960129153721,0.9028892187166241,0.9180010519645541,0.9410778259928609,0.9573736754166159,0.9707364993562029,0.985990135475717,1.0,0.987746660146996,0.9671646933469319,0.9449286824573571,0.9064803309085329,0.842776879005384,0.7263040156270391,0.49248320965825393,0.258560626145243,0.112630667880479
0.0790599184408461,0.290521074151212,0.386158843197766,0.452930378855633,0.532325347661519,0.5831075834418951,0.6113300042053039,0.64476147412238,0.671907736607928,0.7085835069612199,0.7434091514540391,0.7603706662181899,0.7879523760497009,0.8114903518593309,0.8331324169113359,0.8585243757753721,0.8794167006975869,0.8951807481097679,0.920225907545114,0.9378207225456551,0.952625065853229,0.9696997818887679,0.987746660146996,1.0,0.9842817209053192,0.963834628012598,0.9298705363172671,0.868172582116574,0.7577013783580991,0.524831260225571,0.29093171688682695,0.14618160053961402
0.0470846812572683,0.245790852742894,0.335047862663308,0.400176526848651,0.47953328916058896,0.5318323043719361,0.562115594012386,0.5982251068613149,0.6263009511978671,0.663504711998843,0.699210362367148,0.718479647309341,0.7472037282485509,0.7748025705626831,0.7982971038567209,0.8251722274638159,0.8453809595327141,0.8628429047160971,0.8916170835665931,0.909738926313988,0.925692923030848,0.9443554059415551,0.9671646933469319,0.9842817209053192,1.0,0.983226328746654,0.9540327193005991,0.8997409915786401,0.7932331402235531,0.56502639119359,0.331438110451727,0.179763316037272
0.0245099203550095,0.20408790535538604,0.28856714318543397,0.35630377729728496,0.43884424834017605,0.491639864177291,0.521891607557479,0.5584451837828821,0.5889680527588089,0.6277062974746589,0.6624983371397409,0.682159545901613,0.711808778813957,0.739997931926752,0.764217856439279,0.794139683455337,0.814322337128135,0.8327244277042021,0.8632708442311491,0.8825119903183991,0.900041786887437,0.9210736908822629,0.9449286824573571,0.963834628012598,0.983226328746654,1.0,0.973885317039522,0.9222420598285709,0.817351311477085,0.5985118031660159,0.35963969196462603,0.20326048091716897
0.0202465409623802,0.143502242466241,0.22225029599101603,0.287763360986575,0.37052875483027503,0.42298694796764,0.45565861590248297,0.49370258052177796,0.524343401923739,0.563734299056144,0.598798395042563,0.619072693003041,0.647764061036223,0.6778191054412371,0.705758273390946,0.7397935052026221,0.760914667426942,0.77998469028476,0.8141532760054859,0.835452408370341,0.854134263765365,0.877239128798088,0.9064803309085329,0.9298705363172671,0.9540327193005991,0.973885317039522,1.0,0.9616195759778771,0.8701936911394459,0.6649855984949019,0.414903915514618,0.22780350230232801
0.0773520941593448,0.0662939367003582,0.131563831869917,0.19081302463326,0.272525879024719,0.325288308849514,0.36011817640685206,0.399758517058687,0.428150168269682,0.466968786277641,0.505514773679428,0.525086853431062,0.555320648156361,0.590757110469257,0.6213340441278,0.6566797903692211,0.678923749614307,0.7003625918639089,0.7377280464793199,0.7615133248691541,0.7850586445742389,0.8114094594264459,0.842776879005384,0.868172582116574,0.8997409915786401,0.9222420598285709,0.9616195759778771,1.0,0.916826817093556,0.728817074455346,0.49583340026697703,0.27002377508924497
0.129412591857873,0.0157240904216559,0.0368841554525644,0.0723573952049106,0.154426363921297,0.20414011980209898,0.23669474982627303,0.2689156368566,0.290577540541271,0.327478706872758,0.367687850063475,0.390808620102945,0.423364437435152,0.46461341362510705,0.49657991199011997,0.533486886891027,0.5510234322101801,0.5714119396874711,0.608294833643759,0.6343464545753471,0.662454127543984,0.693254807982862,0.7263040156270391,0.7577013783580991,0.7932331402235531,0.817351311477085,0.8701936911394459,0.916826817093556,1.0,0.810690796451923,0.572617070599261,0.31929238063251
0.136012643795171,0.0887574544077138,0.0787087572333547,0.0486377427676227,0.00663778051928103,0.0447985718640716,0.0705020068603782,0.0999110860647142,0.120380444131763,0.152214697380692,0.18211315916531398,0.20321961924384305,0.22975210007430397,0.262301910993991,0.29052323926252005,0.322556060181516,0.33648138694243,0.35889565847559496,0.391044580565271,0.41235592236884994,0.433704616738383,0.465092402089162,0.49248320965825393,0.524831260225571,0.56502639119359,0.5985118031660159,0.6649855984949019,0.728817074455346,0.810690796451923,1.0,0.711534455244042,0.40645297533854297
0.0958214577621157,0.10784091181636501,0.132621711889017,0.124885316986194,0.09641702912749499,0.0798139607394845,0.0653615310167625,0.0490049456757446,0.0404560778315337,0.0232985555125072,0.00162096893595939,0.0108784080791744,0.0358615937251956,0.0664266349966862,0.09042700811428599,0.114340999167172,0.12943132997029,0.160645214199275,0.18399129354173702,0.20391826294196103,0.21983071546304003,0.24246774407396898,0.258560626145243,0.29093171688682695,0.331438110451727,0.35963969196462603,0.414903915514618,0.49583340026697703,0.572617070599261,0.711534455244042,1.0,0.521351414620509
0.0678747573457688,0.12403328147052801,0.14763983829342098,0.159354762661362,0.14954082868427998,0.144467838460798,0.134117109517226,0.121009382860172,0.107553459529358,0.09502715635300901,0.0779380644499281,0.0658126013057339,0.0298633292801873,0.00908134066532431,0.00505742552417144,0.0271433860869359,0.0306339221102947,0.0464704462886117,0.0640918867869872,0.0758363522174808,0.0876735619610966,0.0986703077029128,0.112630667880479,0.14618160053961402,0.179763316037272,0.20326048091716897,0.22780350230232801,0.27002377508924497,0.31929238063251,0.40645297533854297,0.521351414620509,1.0
