1.0,0.874154470097799,0.836298646174083,0.818699818542032,0.8013079691122379,0.7916345230367221,0.781304953963638,0.7685841455657659,0.763063935614743,0.7584322380893029,0.751769224242101,0.744602982822513,0.7367030001320072,0.732092766617672,0.7271180658050931,0.7184841979293131,0.7087772858817479,0.6915071591028941,0.67910601823312,0.6682487625726871,0.656568226687746,0.649096631787038,0.639760341612325,0.630189135074692,0.618221016575825,0.607850196491641,0.5800007000143679,0.552057713148968,0.505689047056736,0.41169207200409397,0.190830484448721,0.0932754263445933
0.874154470097799,1.0,0.970384122274338,0.955237417214542,0.943469257527782,0.9374949901845101,0.9308051278046879,0.923153803737175,0.918683021250935,0.9133571862909959,0.906068362734338,0.8986396433942191,0.8925093747351129,0.8871263579503709,0.8817322177486651,0.872037039278197,0.8641626382847599,0.8528004639843381,0.843098553223985,0.83145931135799,0.8216867915440358,0.814251371749179,0.8063099172500391,0.795248253003902,0.782407157843522,0.7693119643299801,0.7457993639981021,0.7199513974151149,0.6667085987208929,0.5650063288266689,0.29577228865390903,0.0388369995284335
0.836298646174083,0.970384122274338,1.0,0.9874064919773281,0.977492905753313,0.9714751930216908,0.9657644542363399,0.959726726520498,0.9560980106507041,0.9519958360929559,0.945695919776841,0.939469123841022,0.934209885457681,0.929120421268249,0.9251887323222041,0.9175674136706741,0.910848201323891,0.901287852352588,0.892315891706641,0.8812772638322478,0.8727079853055029,0.86508056561119,0.8572332184819649,0.8473539574912141,0.834944915284101,0.8218024557308249,0.8003401167070692,0.7747587653950391,0.7235612922445941,0.618815027718878,0.34064295064715006,0.00252083496496606
0.818699818542032,0.955237417214542,0.9874064919773281,1.0,0.990471511707283,0.984597696730912,0.9785916117605409,0.9725764684422271,0.968695072019737,0.9648407854462941,0.958800841089372,0.9535677471345558,0.9492367049861998,0.944684100007256,0.9408015640350691,0.934185923724256,0.9276552610256171,0.918700332287234,0.9100556292849808,0.899111892349827,0.8898300404419741,0.882188152842926,0.874024083657363,0.864350206161212,0.8523369079698778,0.839424345462611,0.8188611043338241,0.7941399750082441,0.74207541323701,0.6369755475638721,0.354722701982474,0.007957495762705309
0.8013079691122379,0.943469257527782,0.977492905753313,0.990471511707283,1.0,0.9947531434183929,0.9887779243790259,0.983819532717537,0.9794042985454879,0.975802699045668,0.970297695080124,0.965477536997668,0.961696830356922,0.9579544714635729,0.954722697361494,0.9488319528413349,0.942139498894956,0.934914995329718,0.9268762744068241,0.917433740181288,0.909435038831643,0.9022139956749721,0.8948655600704309,0.8863520242982,0.875664497467598,0.86377202268004,0.844246898990049,0.8214391480469849,0.7713957791768371,0.668564795381214,0.38372372088964096,0.0261059921794392
0.7916345230367221,0.9374949901845101,0.9714751930216908,0.984597696730912,0.9947531434183929,1.0,0.995010023815472,0.9900839688940669,0.9851646808734781,0.981521954666305,0.976051987368184,0.9716604635737071,0.9676153826104179,0.963793974939619,0.9601045183282509,0.954317428285726,0.94806223532277,0.9413272566858589,0.9342416003603159,0.9259629629066479,0.9187038356208359,0.911809547834146,0.9044727973333729,0.8965117158093969,0.886703322715175,0.875357456289514,0.855596365013213,0.8339428770885708,0.7839444082879681,0.6809709597177839,0.397398429881747,0.033218990653482994
0.781304953963638,0.9308051278046879,0.9657644542363399,0.9785916117605409,0.9887779243790259,0.995010023815472,1.0,0.9957790328392959,0.9920608283049791,0.988271819784946,0.983412489075683,0.978962091533999,0.974922774249199,0.970889855077477,0.9665285017989509,0.9609502329242701,0.954896163474411,0.947886079897453,0.9408802422242579,0.933042239280993,0.9261659974073451,0.919582581762267,0.912566645214379,0.904576944981631,0.89548161391673,0.8846912470353979,0.8654464353344241,0.8434080732658359,0.794042989085427,0.692496701494911,0.40931612192322603,0.0428462111568461
0.7685841455657659,0.923153803737175,0.959726726520498,0.9725764684422271,0.983819532717537,0.9900839688940669,0.9957790328392959,1.0,0.996996965898091,0.993376263226929,0.9887158521369749,0.9847527713507241,0.9807215805466729,0.9766439103277719,0.9726220011427191,0.9675423900333521,0.961931115299837,0.9552568408095141,0.9489437577951441,0.941790338891121,0.9357341182653179,0.929939347518563,0.923985243756595,0.9164340692515379,0.9074684959794951,0.897170435378901,0.87852626532665,0.857053232990134,0.810062175493402,0.7126091601132261,0.433055700145493,0.0587772911931783
0.763063935614743,0.918683021250935,0.9560980106507041,0.968695072019737,0.9794042985454879,0.9851646808734781,0.9920608283049791,0.996996965898091,1.0,0.9970623187737641,0.992775550401427,0.9884924382505078,0.983770846078101,0.979444434311212,0.975197171613934,0.969887075486115,0.9638511415036021,0.9573324990744899,0.9510589790680469,0.944103155911734,0.938055924656395,0.9327526236043621,0.927215369351033,0.919963517074153,0.91097025652974,0.900873579747729,0.8828207298909642,0.861227520353567,0.814512746515251,0.7173572935379209,0.43849988122517,0.0633635155733829
0.7584322380893029,0.9133571862909959,0.9519958360929559,0.9648407854462941,0.975802699045668,0.981521954666305,0.988271819784946,0.993376263226929,0.9970623187737641,1.0,0.99671188044148,0.992508388107987,0.987943619163087,0.9838552634311021,0.979451751127148,0.9740555579201301,0.9677494235316801,0.961320955239333,0.954820664329318,0.948016062532506,0.9419760874729459,0.9370265465744521,0.931496594190425,0.9245251884469491,0.915886327869295,0.9059325368422221,0.888367466432465,0.8667215316834141,0.820078850147355,0.723201896877778,0.446229657590478,0.0741621306013427
0.751769224242101,0.906068362734338,0.945695919776841,0.958800841089372,0.970297695080124,0.976051987368184,0.983412489075683,0.9887158521369749,0.992775550401427,0.99671188044148,1.0,0.996930708569379,0.992788307729801,0.988971943414465,0.98459668079824,0.9788831528062489,0.9731002672313092,0.966680681355096,0.9603054521161141,0.9541121893275799,0.948599155276294,0.9437333562518408,0.938131082202086,0.9318683583160229,0.923193204758442,0.9141753234117271,0.897322783259821,0.8766897029677769,0.8319023461173001,0.736987498076739,0.460851698273918,0.0853874512862237
0.744602982822513,0.8986396433942191,0.939469123841022,0.9535677471345558,0.965477536997668,0.9716604635737071,0.978962091533999,0.9847527713507241,0.9884924382505078,0.992508388107987,0.996930708569379,1.0,0.9971602107769001,0.993430703563693,0.988889078766399,0.9833106714600078,0.9775593535940319,0.971390716254371,0.9654595415889521,0.959304102944975,0.9536874802327711,0.9485557238945551,0.9432743726888899,0.93698486005705,0.928293324119975,0.919775620171551,0.9033118934505451,0.8830649143445178,0.838587645838629,0.7441872261757909,0.466495521609824,0.0882770885802927
0.7367030001320072,0.8925093747351129,0.934209885457681,0.9492367049861998,0.961696830356922,0.9676153826104179,0.974922774249199,0.9807215805466729,0.983770846078101,0.987943619163087,0.992788307729801,0.9971602107769001,1.0,0.9975393027311121,0.993401419611448,0.98827878066164,0.982987235578442,0.976856798071608,0.970777164182178,0.96465856004796,0.9591384892154939,0.9544621662513431,0.94893123848121,0.942739852882538,0.9346889108130351,0.9258782748045391,0.910427593539946,0.89030742938405,0.8453861563005258,0.750681488751106,0.47221441672240505,0.0937146447297645
0.732092766617672,0.8871263579503709,0.929120421268249,0.944684100007256,0.9579544714635729,0.963793974939619,0.970889855077477,0.9766439103277719,0.979444434311212,0.9838552634311021,0.988971943414465,0.993430703563693,0.9975393027311121,1.0,0.997107043576856,0.9929336129522729,0.9880235135389009,0.9822055645784069,0.976199823600889,0.9701983879108169,0.964691141171708,0.9604820910357379,0.954715274367337,0.9486299947842309,0.9406164315278851,0.932190866333604,0.9179618291348121,0.8985024735329179,0.854096038328779,0.761443958333678,0.48609727097186106,0.101224695348667
0.7271180658050931,0.8817322177486651,0.9251887323222041,0.9408015640350691,0.954722697361494,0.9601045183282509,0.9665285017989509,0.9726220011427191,0.975197171613934,0.979451751127148,0.98459668079824,0.988889078766399,0.993401419611448,0.997107043576856,1.0,0.99708051952992,0.9932689660927629,0.988181876501614,0.9824722677918071,0.976662972577621,0.9711874407412461,0.966899235079793,0.9610961680703249,0.9550665052445041,0.9467055395681329,0.938774321541771,0.924713795679827,0.9060460801014609,0.8631129394821719,0.772425346654522,0.49746619956536403,0.11055078248438999
0.7184841979293131,0.872037039278197,0.9175674136706741,0.934185923724256,0.9488319528413349,0.954317428285726,0.9609502329242701,0.9675423900333521,0.969887075486115,0.9740555579201301,0.9788831528062489,0.9833106714600078,0.98827878066164,0.9929336129522729,0.99708051952992,1.0,0.997414302374572,0.9927892203109491,0.9875455572561259,0.981987028697823,0.9765171195656129,0.972370960310713,0.967506533182319,0.962040805758881,0.954235535309319,0.946658047829637,0.9337850538570299,0.9158955687555881,0.874487955727905,0.785972895339574,0.512182031945889,0.121999479930727
0.7087772858817479,0.8641626382847599,0.910848201323891,0.9276552610256171,0.942139498894956,0.94806223532277,0.954896163474411,0.961931115299837,0.9638511415036021,0.9677494235316801,0.9731002672313092,0.9775593535940319,0.982987235578442,0.9880235135389009,0.9932689660927629,0.997414302374572,1.0,0.996906493710355,0.9922920820886401,0.9872063172862979,0.98199632107663,0.977855989774815,0.9729039322060409,0.967718715652357,0.9600790460761329,0.952197089995889,0.9401085723047571,0.922339829173447,0.882372098453813,0.7954391188327271,0.524094700277874,0.13286076405144098
0.6915071591028941,0.8528004639843381,0.901287852352588,0.918700332287234,0.934914995329718,0.9413272566858589,0.947886079897453,0.9552568408095141,0.9573324990744899,0.961320955239333,0.966680681355096,0.971390716254371,0.976856798071608,0.9822055645784069,0.988181876501614,0.9927892203109491,0.996906493710355,1.0,0.9970697475208751,0.9925485381260559,0.988057662452645,0.983670289929942,0.979052790352418,0.9739418656397529,0.9673300561487541,0.9594701067346141,0.9481850014383779,0.931416996537853,0.89284277470851,0.8065013624324889,0.5336970485236351,0.144393586136344
0.67910601823312,0.843098553223985,0.892315891706641,0.9100556292849808,0.9268762744068241,0.9342416003603159,0.9408802422242579,0.9489437577951441,0.9510589790680469,0.954820664329318,0.9603054521161141,0.9654595415889521,0.970777164182178,0.976199823600889,0.9824722677918071,0.9875455572561259,0.9922920820886401,0.9970697475208751,1.0,0.9967660040223331,0.992663686235604,0.988398545193938,0.9838663880077191,0.978491930216119,0.9721298252737869,0.9646338445140821,0.9535811567589321,0.938123451150876,0.900656485620018,0.8157194551001992,0.5450863133309779,0.15466165383437303
0.6682487625726871,0.83145931135799,0.8812772638322478,0.899111892349827,0.917433740181288,0.9259629629066479,0.933042239280993,0.941790338891121,0.944103155911734,0.948016062532506,0.9541121893275799,0.959304102944975,0.96465856004796,0.9701983879108169,0.976662972577621,0.981987028697823,0.9872063172862979,0.9925485381260559,0.9967660040223331,1.0,0.997202885374168,0.9934026724100609,0.989000927117563,0.984197593302416,0.978207365491111,0.971125381828769,0.9606606523566891,0.9462477508189719,0.9099354062223829,0.8281283916348899,0.562939595685515,0.164941860352944
0.656568226687746,0.8216867915440358,0.8727079853055029,0.8898300404419741,0.909435038831643,0.9187038356208359,0.9261659974073451,0.9357341182653179,0.938055924656395,0.9419760874729459,0.948599155276294,0.9536874802327711,0.9591384892154939,0.964691141171708,0.9711874407412461,0.9765171195656129,0.98199632107663,0.988057662452645,0.992663686235604,0.997202885374168,1.0,0.9971039577475891,0.993312371705749,0.9888343493911129,0.9835620882839391,0.976674042192187,0.966936436523695,0.9530173700446279,0.917297985573332,0.8377778847322459,0.5725132305248679,0.17023368364204702
0.649096631787038,0.814251371749179,0.86508056561119,0.882188152842926,0.9022139956749721,0.911809547834146,0.919582581762267,0.929939347518563,0.9327526236043621,0.9370265465744521,0.9437333562518408,0.9485557238945551,0.9544621662513431,0.9604820910357379,0.966899235079793,0.972370960310713,0.977855989774815,0.983670289929942,0.988398545193938,0.9934026724100609,0.9971039577475891,1.0,0.9970044648558231,0.9929743758750541,0.9874063889248109,0.980965626749301,0.9710561534234351,0.957879190378444,0.9235099572832671,0.847418486248398,0.587511941598707,0.18344318329863002
0.639760341612325,0.8063099172500391,0.8572332184819649,0.874024083657363,0.8948655600704309,0.9044727973333729,0.912566645214379,0.923985243756595,0.927215369351033,0.931496594190425,0.938131082202086,0.9432743726888899,0.94893123848121,0.954715274367337,0.9610961680703249,0.967506533182319,0.9729039322060409,0.979052790352418,0.9838663880077191,0.989000927117563,0.993312371705749,0.9970044648558231,1.0,0.99666723236856,0.9918392611697149,0.985766816232698,0.976386733351642,0.9639020069854559,0.931751274052141,0.858781094868216,0.6022158724995761,0.200773467007095
0.630189135074692,0.795248253003902,0.8473539574912141,0.864350206161212,0.8863520242982,0.8965117158093969,0.904576944981631,0.9164340692515379,0.919963517074153,0.9245251884469491,0.9318683583160229,0.93698486005705,0.942739852882538,0.9486299947842309,0.9550665052445041,0.962040805758881,0.967718715652357,0.9739418656397529,0.978491930216119,0.984197593302416,0.9888343493911129,0.9929743758750541,0.99666723236856,1.0,0.99609107145188,0.9912662314852769,0.9832596518475649,0.972004090121458,0.941976546221404,0.8722224682736291,0.6220429462745259,0.21642902137278602
0.618221016575825,0.782407157843522,0.834944915284101,0.8523369079698778,0.875664497467598,0.886703322715175,0.89548161391673,0.9074684959794951,0.91097025652974,0.915886327869295,0.923193204758442,0.928293324119975,0.9346889108130351,0.9406164315278851,0.9467055395681329,0.954235535309319,0.9600790460761329,0.9673300561487541,0.9721298252737869,0.978207365491111,0.9835620882839391,0.9874063889248109,0.9918392611697149,0.99609107145188,1.0,0.995840942859708,0.9889645559490691,0.978158076299167,0.9498351823066609,0.8814759126870191,0.632041432891048,0.22712789298876895
0.607850196491641,0.7693119643299801,0.8218024557308249,0.839424345462611,0.86377202268004,0.875357456289514,0.8846912470353979,0.897170435378901,0.900873579747729,0.9059325368422221,0.9141753234117271,0.919775620171551,0.9258782748045391,0.932190866333604,0.938774321541771,0.946658047829637,0.952197089995889,0.9594701067346141,0.9646338445140821,0.971125381828769,0.976674042192187,0.980965626749301,0.985766816232698,0.9912662314852769,0.995840942859708,1.0,0.993861632373156,0.9842493661867958,0.9583575152817451,0.8933839568360992,0.651641010166889,0.24765609481314801
0.5800007000143679,0.7457993639981021,0.8003401167070692,0.8188611043338241,0.844246898990049,0.855596365013213,0.8654464353344241,0.87852626532665,0.8828207298909642,0.888367466432465,0.897322783259821,0.9033118934505451,0.910427593539946,0.9179618291348121,0.924713795679827,0.9337850538570299,0.9401085723047571,0.9481850014383779,0.9535811567589321,0.9606606523566891,0.966936436523695,0.9710561534234351,0.976386733351642,0.9832596518475649,0.9889645559490691,0.993861632373156,1.0,0.9924332459117851,0.9700134865156039,0.9098698169207959,0.678915554798505,0.275085997151038
0.552057713148968,0.7199513974151149,0.7747587653950391,0.7941399750082441,0.8214391480469849,0.8339428770885708,0.8434080732658359,0.857053232990134,0.861227520353567,0.8667215316834141,0.8766897029677769,0.8830649143445178,0.89030742938405,0.8985024735329179,0.9060460801014609,0.9158955687555881,0.922339829173447,0.931416996537853,0.938123451150876,0.9462477508189719,0.9530173700446279,0.957879190378444,0.9639020069854559,0.972004090121458,0.978158076299167,0.9842493661867958,0.9924332459117851,1.0,0.982539845152801,0.927034850537567,0.7045208784379708,0.29820065658669104
0.505689047056736,0.6667085987208929,0.7235612922445941,0.74207541323701,0.7713957791768371,0.7839444082879681,0.794042989085427,0.810062175493402,0.814512746515251,0.820078850147355,0.8319023461173001,0.838587645838629,0.8453861563005258,0.854096038328779,0.8631129394821719,0.874487955727905,0.882372098453813,0.89284277470851,0.900656485620018,0.9099354062223829,0.917297985573332,0.9235099572832671,0.931751274052141,0.941976546221404,0.9498351823066609,0.9583575152817451,0.9700134865156039,0.982539845152801,1.0,0.9605533320023041,0.7650276554433499,0.353063067012026
0.41169207200409397,0.5650063288266689,0.618815027718878,0.6369755475638721,0.668564795381214,0.6809709597177839,0.692496701494911,0.7126091601132261,0.7173572935379209,0.723201896877778,0.736987498076739,0.7441872261757909,0.750681488751106,0.761443958333678,0.772425346654522,0.785972895339574,0.7954391188327271,0.8065013624324889,0.8157194551001992,0.8281283916348899,0.8377778847322459,0.847418486248398,0.858781094868216,0.8722224682736291,0.8814759126870191,0.8933839568360992,0.9098698169207959,0.927034850537567,0.9605533320023041,1.0,0.8590256081010792,0.428730418101199
0.190830484448721,0.29577228865390903,0.34064295064715006,0.354722701982474,0.38372372088964096,0.397398429881747,0.40931612192322603,0.433055700145493,0.43849988122517,0.446229657590478,0.460851698273918,0.466495521609824,0.47221441672240505,0.48609727097186106,0.49746619956536403,0.512182031945889,0.524094700277874,0.5336970485236351,0.5450863133309779,0.562939595685515,0.5725132305248679,0.587511941598707,0.6022158724995761,0.6220429462745259,0.632041432891048,0.651641010166889,0.678915554798505,0.7045208784379708,0.7650276554433499,0.8590256081010792,1.0,0.607689503207801
0.0932754263445933,0.0388369995284335,0.00252083496496606,0.007957495762705309,0.0261059921794392,0.033218990653482994,0.0428462111568461,0.0587772911931783,0.0633635155733829,0.0741621306013427,0.0853874512862237,0.0882770885802927,0.0937146447297645,0.101224695348667,0.11055078248438999,0.121999479930727,0.13286076405144098,0.144393586136344,0.15466165383437303,0.164941860352944,0.17023368364204702,0.18344318329863002,0.200773467007095,0.21642902137278602,0.22712789298876895,0.24765609481314801,0.275085997151038,0.29820065658669104,0.353063067012026,0.428730418101199,0.607689503207801,1.0
