1.0,0.665470134403737,0.549683032533226,0.5142490619897829,0.48693603812044106,0.469951935704677,0.450408377505614,0.43653359071620296,0.42555113196618294,0.411746254614349,0.400930064825831,0.393115622009077,0.39227716581699,0.37893976418198205,0.371475414194789,0.365530668420099,0.357300733652562,0.354208640847456,0.34199107011705293,0.332526515864738,0.328868809215695,0.311494920969273,0.294086904627468,0.29123166307243603,0.294067933518411,0.28325020885266106,0.272885837412924,0.242953587270737,0.20618152356667604,0.0700295237914237,0.0365417614295853,0.0966970870290105
0.665470134403737,1.0,0.927487143751249,0.8915198563721349,0.867739885657173,0.8502567332504208,0.8323360858527729,0.819689380563978,0.809416304283638,0.797807782308924,0.7877371785201941,0.77948450296015,0.772544334261451,0.760762552731996,0.755034071500683,0.7437288825395821,0.725437571964034,0.7133949149086121,0.696703258313963,0.6800915153282749,0.6692546766186179,0.651856604486425,0.633136936507792,0.6223571302984731,0.612299315896199,0.594740987656416,0.569317670465231,0.527204535680058,0.44262895248715295,0.17172425290916196,0.0232459271894012,0.0752438739913029
0.549683032533226,0.927487143751249,1.0,0.9694383680694442,0.9479901730459119,0.933859214546723,0.9194618670582769,0.9084582570552809,0.9002439024729051,0.890961118510391,0.880588852106466,0.875704781538851,0.8686849077878129,0.860640084607836,0.85446101815731,0.84436678808771,0.828909133549152,0.8177798857496958,0.803112801826696,0.7888902421146909,0.778346596644384,0.7621500404621241,0.7476839567127169,0.7362099351728271,0.7235618772339821,0.703746480059131,0.677263240192734,0.634013147907318,0.5425824968627311,0.22771219613069602,0.00613137133278007,0.0807622096016819
0.5142490619897829,0.8915198563721349,0.9694383680694442,1.0,0.9836913674439108,0.9694756678273392,0.9575109725132109,0.947537389734192,0.9398266783675671,0.931858057221518,0.9233322382599141,0.918797741867928,0.913200735169847,0.906474424662446,0.9008240655017149,0.892311093024876,0.8785614626615921,0.8687633778669591,0.85569856592021,0.8423862982720691,0.831230593678198,0.8164917776864059,0.8017652819651792,0.789566795213304,0.7781032147583871,0.758889920029698,0.732969746350676,0.6868596117981041,0.5866970165616371,0.24026193186891198,0.00394626865793909,0.068778291038316
0.48693603812044106,0.867739885657173,0.9479901730459119,0.9836913674439108,1.0,0.987756934653263,0.977156084450324,0.9674933700945508,0.960157758331131,0.953050619256828,0.9469796545446371,0.9423402972959691,0.9363856542794972,0.929672765393793,0.9236643912047852,0.9151723400218291,0.901296486502117,0.891606956519241,0.87900678102796,0.8664689349558828,0.8550522228266619,0.841115781573208,0.8274658947128279,0.8154019419314941,0.8024688335382719,0.7831550543379879,0.7569073009642041,0.7105407914120121,0.607972281348762,0.24924109526358398,0.0038491303333717795,0.0609217645776139
0.469951935704677,0.8502567332504208,0.933859214546723,0.9694756678273392,0.987756934653263,1.0,0.990617481992277,0.982057886440873,0.975379419772932,0.968426233278395,0.9626021508814621,0.9581481055099119,0.9511828749964159,0.943334893989358,0.938017464079924,0.9292841084765029,0.914984937478259,0.9066969570544079,0.894273718684572,0.88228284788377,0.871137182516805,0.8571981087217221,0.8442585772163449,0.8325611037943891,0.817776049633023,0.797748971418703,0.7739715129907809,0.7287632668145629,0.623558368194766,0.25461150625450396,0.009418327757183959,0.0498090014528972
0.450408377505614,0.8323360858527729,0.9194618670582769,0.9575109725132109,0.977156084450324,0.990617481992277,1.0,0.9924565585213799,0.986330733667514,0.9791276730994741,0.9734757361892841,0.968291414761412,0.961389081439027,0.954531511808624,0.950288957516971,0.9410975572998871,0.9276562660980441,0.9188285203199309,0.9068839786384959,0.894738863718854,0.8828769052141491,0.8689239519442059,0.856919303705967,0.8452474381293,0.8310454123440291,0.8110850014798849,0.7878060598671558,0.742175034092588,0.634063918255213,0.259289016204327,0.0187124731325498,0.0447283035038209
0.43653359071620296,0.819689380563978,0.9084582570552809,0.947537389734192,0.9674933700945508,0.982057886440873,0.9924565585213799,1.0,0.9943786463972158,0.9876218926239351,0.982113009833927,0.976886390468953,0.9696586931791701,0.962551744226384,0.957443146906803,0.9482496885447501,0.935669400544751,0.92769500351337,0.915554043989234,0.903823223869782,0.8920420839479191,0.8780292374196291,0.8666682989075959,0.855109276835689,0.8397230567083751,0.8198109579550459,0.7963978548687222,0.750144199417208,0.6385192843265151,0.26123519452689004,0.0263721197277633,0.0362766221646648
0.42555113196618294,0.809416304283638,0.9002439024729051,0.9398266783675671,0.960157758331131,0.975379419772932,0.986330733667514,0.9943786463972158,1.0,0.9943018994262809,0.9887333392657409,0.9833112785964879,0.976350003441409,0.9689342396581809,0.9633212104650721,0.954541464319153,0.942642666599588,0.934932731514307,0.922617082909809,0.9107161518640999,0.898892899707037,0.8851141279080109,0.8744337516621099,0.8633406435362802,0.8478950680255559,0.8282281552163551,0.804931635455147,0.759361792268136,0.6480078970029879,0.265275600413975,0.0280837248053453,0.0353271842611735
0.411746254614349,0.797807782308924,0.890961118510391,0.931858057221518,0.953050619256828,0.968426233278395,0.9791276730994741,0.9876218926239351,0.9943018994262809,1.0,0.9950397333663441,0.989771289189838,0.9833326729662719,0.976201551794511,0.970175687255764,0.9615600117361229,0.9500223990038492,0.9417520136818861,0.929760200366275,0.9181808095333391,0.906866311994033,0.894123657480079,0.883500457591843,0.872700059039333,0.858209247993432,0.8388333195007859,0.815823750588745,0.7713483856298841,0.660479341384767,0.274435352672824,0.0374711344326546,0.0329029349985
0.400930064825831,0.7877371785201941,0.880588852106466,0.9233322382599141,0.9469796545446371,0.9626021508814621,0.9734757361892841,0.982113009833927,0.9887333392657409,0.9950397333663441,1.0,0.9954496300030731,0.989594920116112,0.982980840869348,0.976262805859963,0.967888819517335,0.9571021310847599,0.94915888905003,0.9374225690376741,0.9264720989917299,0.9153069892397271,0.903542826591447,0.8937293497545931,0.8836684024144301,0.8694814858776279,0.8510568987428199,0.8287752064672309,0.7848100947915692,0.6737373334744979,0.278510270474943,0.0443883761702003,0.0341702300064453
0.393115622009077,0.77948450296015,0.875704781538851,0.918797741867928,0.9423402972959691,0.9581481055099119,0.968291414761412,0.976886390468953,0.9833112785964879,0.989771289189838,0.9954496300030731,1.0,0.995329972664384,0.9894241611847461,0.98264803382837,0.9741571754256829,0.963692696359493,0.9560818103477429,0.9443432381584449,0.9334643828489201,0.9230360609200001,0.9113516433155521,0.901586523044129,0.892106595717773,0.878589086313506,0.861018415297126,0.839318923709281,0.7969443403850709,0.688417235684495,0.29529378021889,0.0547044603835321,0.0296783248028168
0.39227716581699,0.772544334261451,0.8686849077878129,0.913200735169847,0.9363856542794972,0.9511828749964159,0.961389081439027,0.9696586931791701,0.976350003441409,0.9833326729662719,0.989594920116112,0.995329972664384,1.0,0.995189827589258,0.9881850837302449,0.97973174119983,0.969361881053977,0.9616054802460559,0.949860040059122,0.9386393329476149,0.9282186420122869,0.916124689610155,0.9065932585607309,0.8973892681138491,0.8840330401389879,0.866779569053258,0.8451378552442329,0.801569656576011,0.6915994492439089,0.297041009950154,0.0546805529531335,0.0338622694509993
0.37893976418198205,0.760762552731996,0.860640084607836,0.906474424662446,0.929672765393793,0.943334893989358,0.954531511808624,0.962551744226384,0.9689342396581809,0.976201551794511,0.982980840869348,0.9894241611847461,0.995189827589258,1.0,0.994886352077146,0.9878923342757321,0.978987555614205,0.971071464956879,0.960377026552466,0.948486207505247,0.938453787031302,0.9267854221695,0.917520219753889,0.908160670066635,0.8957558213052529,0.8795996019782371,0.858121639838193,0.8168757305564921,0.70824496828639,0.30880943208608,0.0649838818396436,0.0273737671094118
0.371475414194789,0.755034071500683,0.85446101815731,0.9008240655017149,0.9236643912047852,0.938017464079924,0.950288957516971,0.957443146906803,0.9633212104650721,0.970175687255764,0.976262805859963,0.98264803382837,0.9881850837302449,0.994886352077146,1.0,0.9952820029516551,0.9877256417345649,0.979838069070033,0.969415374964146,0.9579240633991178,0.9483226835262729,0.9364762030586171,0.9271394341753492,0.9181973784554441,0.9071392129709209,0.89032676238101,0.8684600581363441,0.8280550888422691,0.721447831845513,0.323650092040573,0.0784906611761766,0.0154115419289638
0.365530668420099,0.7437288825395821,0.84436678808771,0.892311093024876,0.9151723400218291,0.9292841084765029,0.9410975572998871,0.9482496885447501,0.954541464319153,0.9615600117361229,0.967888819517335,0.9741571754256829,0.97973174119983,0.9878923342757321,0.9952820029516551,1.0,0.994934136817215,0.9883593356465091,0.979002498942131,0.968686661922563,0.95977528000872,0.9483784504971879,0.9394338482673541,0.9307037890242951,0.9207100308665881,0.903982536699705,0.8830211197587859,0.843952540288734,0.737653461757379,0.333670632258916,0.0873458330115343,0.0028945258036899603
0.357300733652562,0.725437571964034,0.828909133549152,0.8785614626615921,0.901296486502117,0.914984937478259,0.9276562660980441,0.935669400544751,0.942642666599588,0.9500223990038492,0.9571021310847599,0.963692696359493,0.969361881053977,0.978987555614205,0.9877256417345649,0.994934136817215,1.0,0.9954044379965259,0.987562285908111,0.9787178510175111,0.970684155681505,0.960149739859023,0.9513335123078359,0.9426015833190191,0.9329746610562579,0.91698912021534,0.8964086857686421,0.859113317226869,0.7531472112851779,0.342973477761302,0.0958835836687214,0.00794927798549715
0.354208640847456,0.7133949149086121,0.8177798857496958,0.8687633778669591,0.891606956519241,0.9066969570544079,0.9188285203199309,0.92769500351337,0.934932731514307,0.9417520136818861,0.94915888905003,0.9560818103477429,0.9616054802460559,0.971071464956879,0.979838069070033,0.9883593356465091,0.9954044379965259,1.0,0.9942153476943859,0.9864045073055759,0.97876788441748,0.9691798782245842,0.96091986880714,0.9521731048782272,0.9418179014280028,0.926306806532073,0.9063493156022671,0.86908961690862,0.764405871075085,0.350812776682673,0.10092754696827098,0.0169985498437263
0.34199107011705293,0.696703258313963,0.803112801826696,0.85569856592021,0.87900678102796,0.894273718684572,0.9068839786384959,0.915554043989234,0.922617082909809,0.929760200366275,0.9374225690376741,0.9443432381584449,0.949860040059122,0.960377026552466,0.969415374964146,0.979002498942131,0.987562285908111,0.9942153476943859,1.0,0.9948924965101009,0.9883054165264058,0.9802167238470291,0.972512470161622,0.964272811222781,0.954462820208289,0.9406488011183481,0.922479443213039,0.88754638024256,0.7871698983723331,0.369992287865671,0.116801185319782,0.0270326601595006
0.332526515864738,0.6800915153282749,0.7888902421146909,0.8423862982720691,0.8664689349558828,0.88228284788377,0.894738863718854,0.903823223869782,0.9107161518640999,0.9181808095333391,0.9264720989917299,0.9334643828489201,0.9386393329476149,0.948486207505247,0.9579240633991178,0.968686661922563,0.9787178510175111,0.9864045073055759,0.9948924965101009,1.0,0.9947504504271031,0.987615821908028,0.980654601330496,0.9732446754048821,0.9631782684099021,0.949485904746419,0.933041945581702,0.900815082371739,0.8028723430647141,0.38605764209107,0.13230358981703802,0.0329958699352327
0.328868809215695,0.6692546766186179,0.778346596644384,0.831230593678198,0.8550522228266619,0.871137182516805,0.8828769052141491,0.8920420839479191,0.898892899707037,0.906866311994033,0.9153069892397271,0.9230360609200001,0.9282186420122869,0.938453787031302,0.9483226835262729,0.95977528000872,0.970684155681505,0.97876788441748,0.9883054165264058,0.9947504504271031,1.0,0.9939049885901791,0.9866929725228759,0.979336701976635,0.9708419871830269,0.957328623549652,0.9405443744156,0.9100876472809541,0.814802369697076,0.39680848669715,0.14628296206731303,0.0441279208896153
0.311494920969273,0.651856604486425,0.7621500404621241,0.8164917776864059,0.841115781573208,0.8571981087217221,0.8689239519442059,0.8780292374196291,0.8851141279080109,0.894123657480079,0.903542826591447,0.9113516433155521,0.916124689610155,0.9267854221695,0.9364762030586171,0.9483784504971879,0.960149739859023,0.9691798782245842,0.9802167238470291,0.987615821908028,0.9939049885901791,1.0,0.994223346473316,0.986878722563048,0.978455166885146,0.9661304966051841,0.950075614932228,0.92098453519749,0.8280750545809581,0.412762718500894,0.158001328658809,0.0548538564102292
0.294086904627468,0.633136936507792,0.7476839567127169,0.8017652819651792,0.8274658947128279,0.8442585772163449,0.856919303705967,0.8666682989075959,0.8744337516621099,0.883500457591843,0.8937293497545931,0.901586523044129,0.9065932585607309,0.917520219753889,0.9271394341753492,0.9394338482673541,0.9513335123078359,0.96091986880714,0.972512470161622,0.980654601330496,0.9866929725228759,0.994223346473316,1.0,0.9938232691775408,0.98550490040135,0.9736799834083091,0.957916202986255,0.929298357070543,0.8381776484682042,0.4233329006993,0.171982502076889,0.0648219426305977
0.29123166307243603,0.6223571302984731,0.7362099351728271,0.789566795213304,0.8154019419314941,0.8325611037943891,0.8452474381293,0.855109276835689,0.8633406435362802,0.872700059039333,0.8836684024144301,0.892106595717773,0.8973892681138491,0.908160670066635,0.9181973784554441,0.9307037890242951,0.9426015833190191,0.9521731048782272,0.964272811222781,0.9732446754048821,0.979336701976635,0.986878722563048,0.9938232691775408,1.0,0.9924818536918659,0.981943314402544,0.9666890330025228,0.93970408502687,0.8508983752250459,0.43149317571715795,0.182059356712159,0.0726832365125458
0.294067933518411,0.612299315896199,0.7235618772339821,0.7781032147583871,0.8024688335382719,0.817776049633023,0.8310454123440291,0.8397230567083751,0.8478950680255559,0.858209247993432,0.8694814858776279,0.878589086313506,0.8840330401389879,0.8957558213052529,0.9071392129709209,0.9207100308665881,0.9329746610562579,0.9418179014280028,0.954462820208289,0.9631782684099021,0.9708419871830269,0.978455166885146,0.98550490040135,0.9924818536918659,1.0,0.990878440677837,0.975201242071766,0.950458087546875,0.866243460940226,0.455696515544265,0.20479967289348103,0.0832367974213406
0.28325020885266106,0.594740987656416,0.703746480059131,0.758889920029698,0.7831550543379879,0.797748971418703,0.8110850014798849,0.8198109579550459,0.8282281552163551,0.8388333195007859,0.8510568987428199,0.861018415297126,0.866779569053258,0.8795996019782371,0.89032676238101,0.903982536699705,0.91698912021534,0.926306806532073,0.9406488011183481,0.949485904746419,0.957328623549652,0.9661304966051841,0.9736799834083091,0.981943314402544,0.990878440677837,1.0,0.988083510845422,0.9667790048782701,0.8888109610145791,0.48289313271515993,0.235375271220385,0.0981029429541297
0.272885837412924,0.569317670465231,0.677263240192734,0.732969746350676,0.7569073009642041,0.7739715129907809,0.7878060598671558,0.7963978548687222,0.804931635455147,0.815823750588745,0.8287752064672309,0.839318923709281,0.8451378552442329,0.858121639838193,0.8684600581363441,0.8830211197587859,0.8964086857686421,0.9063493156022671,0.922479443213039,0.933041945581702,0.9405443744156,0.950075614932228,0.957916202986255,0.9666890330025228,0.975201242071766,0.988083510845422,1.0,0.982128454554242,0.9126551860317821,0.5049466629881171,0.26419744479632,0.131508254022237
0.242953587270737,0.527204535680058,0.634013147907318,0.6868596117981041,0.7105407914120121,0.7287632668145629,0.742175034092588,0.750144199417208,0.759361792268136,0.7713483856298841,0.7848100947915692,0.7969443403850709,0.801569656576011,0.8168757305564921,0.8280550888422691,0.843952540288734,0.859113317226869,0.86908961690862,0.88754638024256,0.900815082371739,0.9100876472809541,0.92098453519749,0.929298357070543,0.93970408502687,0.950458087546875,0.9667790048782701,0.982128454554242,1.0,0.945722209944621,0.565710759748402,0.31863560696423104,0.171955322776012
0.20618152356667604,0.44262895248715295,0.5425824968627311,0.5866970165616371,0.607972281348762,0.623558368194766,0.634063918255213,0.6385192843265151,0.6480078970029879,0.660479341384767,0.6737373334744979,0.688417235684495,0.6915994492439089,0.70824496828639,0.721447831845513,0.737653461757379,0.7531472112851779,0.764405871075085,0.7871698983723331,0.8028723430647141,0.814802369697076,0.8280750545809581,0.8381776484682042,0.8508983752250459,0.866243460940226,0.8888109610145791,0.9126551860317821,0.945722209944621,1.0,0.714153730486225,0.45193940647566705,0.238873475340072
0.0700295237914237,0.17172425290916196,0.22771219613069602,0.24026193186891198,0.24924109526358398,0.25461150625450396,0.259289016204327,0.26123519452689004,0.265275600413975,0.274435352672824,0.278510270474943,0.29529378021889,0.297041009950154,0.30880943208608,0.323650092040573,0.333670632258916,0.342973477761302,0.350812776682673,0.369992287865671,0.38605764209107,0.39680848669715,0.412762718500894,0.4233329006993,0.43149317571715795,0.455696515544265,0.48289313271515993,0.5049466629881171,0.565710759748402,0.714153730486225,1.0,0.7500407839665779,0.377184674968021
0.0365417614295853,0.0232459271894012,0.00613137133278007,0.00394626865793909,0.0038491303333717795,0.009418327757183959,0.0187124731325498,0.0263721197277633,0.0280837248053453,0.0374711344326546,0.0443883761702003,0.0547044603835321,0.0546805529531335,0.0649838818396436,0.0784906611761766,0.0873458330115343,0.0958835836687214,0.10092754696827098,0.116801185319782,0.13230358981703802,0.14628296206731303,0.158001328658809,0.171982502076889,0.182059356712159,0.20479967289348103,0.235375271220385,0.26419744479632,0.31863560696423104,0.45193940647566705,0.7500407839665779,1.0,0.547973664579907
0.0966970870290105,0.0752438739913029,0.0807622096016819,0.068778291038316,0.0609217645776139,0.0498090014528972,0.0447283035038209,0.0362766221646648,0.0353271842611735,0.0329029349985,0.0341702300064453,0.0296783248028168,0.0338622694509993,0.0273737671094118,0.0154115419289638,0.0028945258036899603,0.00794927798549715,0.0169985498437263,0.0270326601595006,0.0329958699352327,0.0441279208896153,0.0548538564102292,0.0648219426305977,0.0726832365125458,0.0832367974213406,0.0981029429541297,0.131508254022237,0.171955322776012,0.238873475340072,0.377184674968021,0.547973664579907,1.0
