1.0,0.727011932264785,0.595103549261005,0.5591089771237621,0.536922750759423,0.52075541053699,0.508539068024264,0.49451364475918397,0.470378203498384,0.456821410454988,0.43313266298331893,0.409827871209734,0.39795575679441897,0.37819837614744894,0.36391871958890504,0.348340486679364,0.331659700048471,0.30863056789407106,0.299959141532382,0.280809809494272,0.25713107913155603,0.23387854392027,0.211491570594155,0.190934181208571,0.143892358863832,0.102514492142605,0.0569113159624797,0.0151504278462525,0.0205015074730326,0.0652587077460911,0.0776584728612024,0.0529966610990793
0.727011932264785,1.0,0.9099302449140508,0.8546876344411599,0.823133881184033,0.788769816121818,0.769777479645203,0.746702210040854,0.720780201187822,0.701032507809019,0.677776278350381,0.6543694123759711,0.632068836468749,0.602571326463271,0.5776222464047139,0.5527296895600021,0.525753977348142,0.501129678852482,0.48488989363602397,0.459217413954079,0.432472479415943,0.406348157709887,0.36775891813678296,0.320583300620942,0.252691402209488,0.189255291959859,0.12822813105855999,0.0486976643044623,0.0145529499800913,0.0392568021319426,0.0502883057541503,0.0469333120312418
0.595103549261005,0.9099302449140508,1.0,0.9589996570894329,0.9249759381643,0.894484442649788,0.875378226484734,0.8533458836792172,0.8313972413294021,0.813036573439893,0.7901916677581149,0.7706008730849141,0.749784363397197,0.721732018095349,0.698401010947542,0.6722171204571861,0.644099115340413,0.621069775646479,0.600957316162069,0.576355981145895,0.5483909332925879,0.517916052832212,0.47501218850077204,0.42152209248546796,0.35392718119421207,0.281311619218757,0.21696736490389998,0.128781242584352,0.0708537109380736,0.0116435871363449,0.00067537861483137,0.00161715392096396
0.5591089771237621,0.8546876344411599,0.9589996570894329,1.0,0.9698116512535959,0.9386645047469141,0.917881934442941,0.89539854751409,0.8732131164478829,0.8532165393516791,0.833476930691343,0.812223044250126,0.791776119166343,0.7649525692744309,0.7409014293814771,0.7153818916151651,0.687005861176645,0.6636616198769799,0.644179667667051,0.621216218327623,0.594229592738768,0.561371436321917,0.517167120449498,0.464705774106564,0.395635330942193,0.3156284715376,0.252480635835847,0.175956075067343,0.0988926044247601,0.03815757250518299,0.033075399013988,0.0230839257414412
0.536922750759423,0.823133881184033,0.9249759381643,0.9698116512535959,1.0,0.973404919786706,0.9513531953096971,0.9297076004364819,0.907702866639981,0.888048441852016,0.868775317833234,0.8483797030499358,0.827566161347016,0.805836084987905,0.7818757291155891,0.758004796440314,0.7313063748708309,0.7086531531215529,0.688520928310351,0.666222446947598,0.640080837665869,0.6065870070324971,0.56585329146196,0.5194256094326529,0.453718839983474,0.367869851500885,0.301429032259215,0.21788157763250102,0.13941588986131698,0.0800402738481844,0.0804868178039669,0.0618587340219923
0.52075541053699,0.788769816121818,0.894484442649788,0.9386645047469141,0.973404919786706,1.0,0.980825225771722,0.9617276580976959,0.946750403744044,0.9275376758911991,0.9081161273509429,0.8900874422725709,0.871349475867449,0.8502375399509291,0.825868908266888,0.802818858469855,0.779973976251138,0.7582413731227841,0.7409978873757941,0.7198834233290659,0.6951954168796091,0.6624928848384449,0.620531884427895,0.5703223642562499,0.5038795024397,0.40784970378339597,0.340918393494321,0.250530603359078,0.166704171278771,0.11022376945940598,0.116063088282182,0.10028085292163198
0.508539068024264,0.769777479645203,0.875378226484734,0.917881934442941,0.9513531953096971,0.980825225771722,1.0,0.9805055429768149,0.964713383189249,0.9476306149728579,0.929649847229911,0.9120879434804781,0.8942312773209911,0.875205713105185,0.851853219883885,0.8292084158897701,0.805745808453415,0.783105933727172,0.7663612339603009,0.745247438112015,0.7194145928697951,0.684386437235157,0.640237474793694,0.5884128339378271,0.519316818800369,0.421100335582702,0.3489391110129961,0.26349164941908604,0.171903657975121,0.118478468338327,0.120188138189851,0.10065781082594401
0.49451364475918397,0.746702210040854,0.8533458836792172,0.89539854751409,0.9297076004364819,0.9617276580976959,0.9805055429768149,1.0,0.984906697660088,0.969031590287063,0.9520989455399149,0.9360427661806708,0.9192519410499559,0.9000645937039229,0.878004557563981,0.855866901118861,0.832434988728449,0.8100902687069058,0.7924341836513621,0.7723915134305022,0.747296214889079,0.7132958225234071,0.668310083369162,0.616353734669272,0.548092887174794,0.45669413779711,0.374409643141056,0.278154097275846,0.18768581711399696,0.142454088343363,0.14087983996411998,0.11452522031818699
0.470378203498384,0.720780201187822,0.8313972413294021,0.8732131164478829,0.907702866639981,0.946750403744044,0.964713383189249,0.984906697660088,1.0,0.988257895492845,0.972471257257306,0.95875200340056,0.9415924029602329,0.923739731475262,0.90155658481279,0.8797547508361571,0.8547138788341101,0.8336165751142309,0.816185853779514,0.797846267671407,0.773109776829145,0.738401971406247,0.6919797897916651,0.6374439973340771,0.566411895787514,0.47079926914196096,0.38347090908204706,0.280075376672611,0.18820470983084803,0.14610643715657998,0.153567486156932,0.12562785329549
0.456821410454988,0.701032507809019,0.813036573439893,0.8532165393516791,0.888048441852016,0.9275376758911991,0.9476306149728579,0.969031590287063,0.988257895492845,1.0,0.987311719881393,0.9728729971031809,0.9568053957283199,0.940235099582165,0.9201964220312651,0.899645372721774,0.8737003682261171,0.8523742410211881,0.835636143804003,0.8179731614396379,0.7939132440563421,0.7588356244723359,0.715059958475289,0.6626257771506079,0.5899721022798861,0.490751948942749,0.40368442903233603,0.29697273866603097,0.20858330667052696,0.170179748137534,0.177499307433427,0.145558401095626
0.43313266298331893,0.677776278350381,0.7901916677581149,0.833476930691343,0.868775317833234,0.9081161273509429,0.929649847229911,0.9520989455399149,0.972471257257306,0.987311719881393,1.0,0.9902266572193271,0.974600464795748,0.959177687052159,0.9399228149148259,0.9216762035710071,0.8965492482616501,0.8775448163557221,0.8610302624863629,0.8443216103667621,0.821576174688807,0.790280534973092,0.748573515564086,0.696715396174361,0.624424432068765,0.523224906722847,0.43759567550253703,0.327416222726908,0.237346168343316,0.197750815202526,0.202643329982422,0.16428873490923498
0.409827871209734,0.6543694123759711,0.7706008730849141,0.812223044250126,0.8483797030499358,0.8900874422725709,0.9120879434804781,0.9360427661806708,0.95875200340056,0.9728729971031809,0.9902266572193271,1.0,0.9893581208413579,0.9751392818272091,0.9570322143140749,0.938822719603568,0.9147419572004392,0.897713886509607,0.882681033551905,0.866867183090843,0.8452661685169292,0.8144644302760291,0.771670729629334,0.721119444800701,0.6489613712151441,0.547713128784598,0.463499976729716,0.34930421992268607,0.255557385377486,0.212316464910638,0.22014409079866504,0.177415094595308
0.39795575679441897,0.632068836468749,0.749784363397197,0.791776119166343,0.827566161347016,0.871349475867449,0.8942312773209911,0.9192519410499559,0.9415924029602329,0.9568053957283199,0.974600464795748,0.9893581208413579,1.0,0.989746310071991,0.973554450988148,0.956299736550058,0.9340689851638141,0.9177087713651441,0.903860414551098,0.887551421076261,0.8653369088944242,0.836092527407252,0.794295107892665,0.7442802111072719,0.6726223243809891,0.574796648455027,0.48467335861546895,0.368135539182626,0.27202180362346,0.224464702232638,0.228195784619508,0.18084356609773602
0.37819837614744894,0.602571326463271,0.721732018095349,0.7649525692744309,0.805836084987905,0.8502375399509291,0.875205713105185,0.9000645937039229,0.923739731475262,0.940235099582165,0.959177687052159,0.9751392818272091,0.989746310071991,1.0,0.988885810648293,0.973716162342024,0.955098347280563,0.939817656960172,0.926813185038432,0.911646450383385,0.8909635484009859,0.863543876432741,0.823135452465744,0.773694726696954,0.70183747999162,0.604600931479538,0.51226572801757,0.39343378359373904,0.29530895957627,0.24902235121659302,0.25405362253949604,0.19974789979931698
0.36391871958890504,0.5776222464047139,0.698401010947542,0.7409014293814771,0.7818757291155891,0.825868908266888,0.851853219883885,0.878004557563981,0.90155658481279,0.9201964220312651,0.9399228149148259,0.9570322143140749,0.973554450988148,0.988885810648293,1.0,0.989535944316711,0.972721614629478,0.9568414827741609,0.943087136938078,0.9285077255815122,0.908368775948187,0.879904405627812,0.8423358032449352,0.797817775102452,0.725005956748418,0.626882381389207,0.535917407331723,0.413368117857069,0.316260673334493,0.27133080112479396,0.27870959284805796,0.22831101547093
0.348340486679364,0.5527296895600021,0.6722171204571861,0.7153818916151651,0.758004796440314,0.802818858469855,0.8292084158897701,0.855866901118861,0.8797547508361571,0.899645372721774,0.9216762035710071,0.938822719603568,0.956299736550058,0.973716162342024,0.989535944316711,1.0,0.9870754721770809,0.9723200093350179,0.9580559337660078,0.943843248123523,0.9228881592579781,0.8943648158161619,0.858211274081288,0.815361825727471,0.7441494877451821,0.644124457332226,0.550307998469303,0.432488584317305,0.33253197798842105,0.288624645103652,0.294108662629043,0.236978071939082
0.331659700048471,0.525753977348142,0.644099115340413,0.687005861176645,0.7313063748708309,0.779973976251138,0.805745808453415,0.832434988728449,0.8547138788341101,0.8737003682261171,0.8965492482616501,0.9147419572004392,0.9340689851638141,0.955098347280563,0.972721614629478,0.9870754721770809,1.0,0.9882832647791969,0.9757081086195492,0.9638942137519759,0.944794079911028,0.920225516585491,0.8882835862828531,0.847233587113235,0.7791968929256741,0.680333265131194,0.583655004170263,0.4627865908184361,0.35962493182681204,0.316591222305877,0.325258231178986,0.264567354065112
0.30863056789407106,0.501129678852482,0.621069775646479,0.6636616198769799,0.7086531531215529,0.7582413731227841,0.783105933727172,0.8100902687069058,0.8336165751142309,0.8523742410211881,0.8775448163557221,0.897713886509607,0.9177087713651441,0.939817656960172,0.9568414827741609,0.9723200093350179,0.9882832647791969,1.0,0.991101733905783,0.9796527936023621,0.961985283266132,0.9390741223595451,0.9079898460439371,0.867853037007028,0.8042796937852141,0.701829821103375,0.604609795287436,0.476927552343139,0.36942563851487803,0.33100473776634803,0.34366428829361,0.275363368355913
0.299959141532382,0.48488989363602397,0.600957316162069,0.644179667667051,0.688520928310351,0.7409978873757941,0.7663612339603009,0.7924341836513621,0.816185853779514,0.835636143804003,0.8610302624863629,0.882681033551905,0.903860414551098,0.926813185038432,0.943087136938078,0.9580559337660078,0.9757081086195492,0.991101733905783,1.0,0.9910207245308872,0.9755487282489091,0.952474794343872,0.9212718350536842,0.8806625528290258,0.818652709654843,0.71114113679123,0.6136264388757701,0.48429797562932,0.37405718582695396,0.335031676986433,0.349802447698061,0.284716462929398
0.280809809494272,0.459217413954079,0.576355981145895,0.621216218327623,0.666222446947598,0.7198834233290659,0.745247438112015,0.7723915134305022,0.797846267671407,0.8179731614396379,0.8443216103667621,0.866867183090843,0.887551421076261,0.911646450383385,0.9285077255815122,0.943843248123523,0.9638942137519759,0.9796527936023621,0.9910207245308872,1.0,0.988740994249032,0.967655563041735,0.936940866635068,0.8946293097115791,0.832647681449832,0.725652520903101,0.628644743202354,0.49854117488554406,0.393858063318093,0.35914349273974605,0.373080147488669,0.301045672320692
0.25713107913155603,0.432472479415943,0.5483909332925879,0.594229592738768,0.640080837665869,0.6951954168796091,0.7194145928697951,0.747296214889079,0.773109776829145,0.7939132440563421,0.821576174688807,0.8452661685169292,0.8653369088944242,0.8909635484009859,0.908368775948187,0.9228881592579781,0.944794079911028,0.961985283266132,0.9755487282489091,0.988740994249032,1.0,0.9866487848313491,0.960202163451028,0.9212561412343191,0.863283648329987,0.7568110027174909,0.670352074160585,0.541125675129721,0.431115208437202,0.39705298062189,0.41152650150530606,0.330151739680938
0.23387854392027,0.406348157709887,0.517916052832212,0.561371436321917,0.6065870070324971,0.6624928848384449,0.684386437235157,0.7132958225234071,0.738401971406247,0.7588356244723359,0.790280534973092,0.8144644302760291,0.836092527407252,0.863543876432741,0.879904405627812,0.8943648158161619,0.920225516585491,0.9390741223595451,0.952474794343872,0.967655563041735,0.9866487848313491,1.0,0.9824472126051071,0.9464234580749521,0.894895070607658,0.8003750192140842,0.7227232431838609,0.5883790195958629,0.481873925767391,0.44112771491886793,0.45393557663275896,0.357520229515581
0.211491570594155,0.36775891813678296,0.47501218850077204,0.517167120449498,0.56585329146196,0.620531884427895,0.640237474793694,0.668310083369162,0.6919797897916651,0.715059958475289,0.748573515564086,0.771670729629334,0.794295107892665,0.823135452465744,0.8423358032449352,0.858211274081288,0.8882835862828531,0.9079898460439371,0.9212718350536842,0.936940866635068,0.960202163451028,0.9824472126051071,1.0,0.9781277057397091,0.932748223241564,0.83496501096377,0.761541082051977,0.626926477827781,0.53584922560644,0.489658504212858,0.507883300916099,0.401786618072606
0.190934181208571,0.320583300620942,0.42152209248546796,0.464705774106564,0.5194256094326529,0.5703223642562499,0.5884128339378271,0.616353734669272,0.6374439973340771,0.6626257771506079,0.696715396174361,0.721119444800701,0.7442802111072719,0.773694726696954,0.797817775102452,0.815361825727471,0.847233587113235,0.867853037007028,0.8806625528290258,0.8946293097115791,0.9212561412343191,0.9464234580749521,0.9781277057397091,1.0,0.966677649605864,0.863904511650364,0.8056665810779711,0.6759873184366639,0.581053568428875,0.5322861516138371,0.548400043943493,0.4319900286288279
0.143892358863832,0.252691402209488,0.35392718119421207,0.395635330942193,0.453718839983474,0.5038795024397,0.519316818800369,0.548092887174794,0.566411895787514,0.5899721022798861,0.624424432068765,0.6489613712151441,0.6726223243809891,0.70183747999162,0.725005956748418,0.7441494877451821,0.7791968929256741,0.8042796937852141,0.818652709654843,0.832647681449832,0.863283648329987,0.894895070607658,0.932748223241564,0.966677649605864,1.0,0.922668644614981,0.866743838492337,0.7430124475332329,0.648676402725192,0.587834543396778,0.5786503773557429,0.440489138812608
0.102514492142605,0.189255291959859,0.281311619218757,0.3156284715376,0.367869851500885,0.40784970378339597,0.421100335582702,0.45669413779711,0.47079926914196096,0.490751948942749,0.523224906722847,0.547713128784598,0.574796648455027,0.604600931479538,0.626882381389207,0.644124457332226,0.680333265131194,0.701829821103375,0.71114113679123,0.725652520903101,0.7568110027174909,0.8003750192140842,0.83496501096377,0.863904511650364,0.922668644614981,1.0,0.922268679582928,0.8090761042310941,0.736551060342027,0.643669558707756,0.588874646047686,0.422067337532991
0.0569113159624797,0.12822813105855999,0.21696736490389998,0.252480635835847,0.301429032259215,0.340918393494321,0.3489391110129961,0.374409643141056,0.38347090908204706,0.40368442903233603,0.43759567550253703,0.463499976729716,0.48467335861546895,0.51226572801757,0.535917407331723,0.550307998469303,0.583655004170263,0.604609795287436,0.6136264388757701,0.628644743202354,0.670352074160585,0.7227232431838609,0.761541082051977,0.8056665810779711,0.866743838492337,0.922268679582928,1.0,0.888934975076408,0.79868722774875,0.702979396160616,0.6410342222164339,0.464070860050745
0.0151504278462525,0.0486976643044623,0.128781242584352,0.175956075067343,0.21788157763250102,0.250530603359078,0.26349164941908604,0.278154097275846,0.280075376672611,0.29697273866603097,0.327416222726908,0.34930421992268607,0.368135539182626,0.39343378359373904,0.413368117857069,0.432488584317305,0.4627865908184361,0.476927552343139,0.48429797562932,0.49854117488554406,0.541125675129721,0.5883790195958629,0.626926477827781,0.6759873184366639,0.7430124475332329,0.8090761042310941,0.888934975076408,1.0,0.882062589318015,0.7802244743529609,0.6750524999203691,0.45771622162849107
0.0205015074730326,0.0145529499800913,0.0708537109380736,0.0988926044247601,0.13941588986131698,0.166704171278771,0.171903657975121,0.18768581711399696,0.18820470983084803,0.20858330667052696,0.237346168343316,0.255557385377486,0.27202180362346,0.29530895957627,0.316260673334493,0.33253197798842105,0.35962493182681204,0.36942563851487803,0.37405718582695396,0.393858063318093,0.431115208437202,0.481873925767391,0.53584922560644,0.581053568428875,0.648676402725192,0.736551060342027,0.79868722774875,0.882062589318015,1.0,0.8919464843301851,0.7343275765868349,0.511322279275496
0.0652587077460911,0.0392568021319426,0.0116435871363449,0.03815757250518299,0.0800402738481844,0.11022376945940598,0.118478468338327,0.142454088343363,0.14610643715657998,0.170179748137534,0.197750815202526,0.212316464910638,0.224464702232638,0.24902235121659302,0.27133080112479396,0.288624645103652,0.316591222305877,0.33100473776634803,0.335031676986433,0.35914349273974605,0.39705298062189,0.44112771491886793,0.489658504212858,0.5322861516138371,0.587834543396778,0.643669558707756,0.702979396160616,0.7802244743529609,0.8919464843301851,1.0,0.8462028287279879,0.568091713861053
0.0776584728612024,0.0502883057541503,0.00067537861483137,0.033075399013988,0.0804868178039669,0.116063088282182,0.120188138189851,0.14087983996411998,0.153567486156932,0.177499307433427,0.202643329982422,0.22014409079866504,0.228195784619508,0.25405362253949604,0.27870959284805796,0.294108662629043,0.325258231178986,0.34366428829361,0.349802447698061,0.373080147488669,0.41152650150530606,0.45393557663275896,0.507883300916099,0.548400043943493,0.5786503773557429,0.588874646047686,0.6410342222164339,0.6750524999203691,0.7343275765868349,0.8462028287279879,1.0,0.740752062447333
0.0529966610990793,0.0469333120312418,0.00161715392096396,0.0230839257414412,0.0618587340219923,0.10028085292163198,0.10065781082594401,0.11452522031818699,0.12562785329549,0.145558401095626,0.16428873490923498,0.177415094595308,0.18084356609773602,0.19974789979931698,0.22831101547093,0.236978071939082,0.264567354065112,0.275363368355913,0.284716462929398,0.301045672320692,0.330151739680938,0.357520229515581,0.401786618072606,0.4319900286288279,0.440489138812608,0.422067337532991,0.464070860050745,0.45771622162849107,0.511322279275496,0.568091713861053,0.740752062447333,1.0
