1.0,0.682977819484455,0.556741606732139,0.515266895794599,0.47578690018576003,0.470436987996049,0.435654735340105,0.41121970263772706,0.3800825535343621,0.360084350854384,0.34538288922091304,0.32875493448638105,0.320277276165905,0.30055301238376303,0.276264231835718,0.25263521879663897,0.21924015949748898,0.20416858051863102,0.19364985531968898,0.17934241360360897,0.15702957669942402,0.13516164455454,0.13016332345217302,0.125428071923487,0.10399360829636001,0.0762357057613292,0.0589559887539625,0.018510752842534,0.0406444958152154,0.0515183096734451,0.00767545812244528,0.012911871810678002
0.682977819484455,1.0,0.869063455357029,0.805213254243522,0.765509911574226,0.7415677998920459,0.699851818012494,0.6695959621358821,0.6390944440779389,0.6217774307529871,0.609788770127669,0.5891060947436071,0.572933778254933,0.5546350509189,0.5333035136197279,0.49929146166260896,0.46760964375047104,0.442077378096634,0.41460375889896206,0.384156225405199,0.35371628511706604,0.326906112974787,0.31398880711335303,0.288572593775076,0.24994791765608299,0.198114002656728,0.148301783590191,0.0724867831211416,0.0100540564998989,0.0230471560250429,0.0544638273774482,0.128672629197644
0.556741606732139,0.869063455357029,1.0,0.9298989312918741,0.880781289193525,0.850557598121673,0.8140616663769251,0.789275815764492,0.7671950493580469,0.746986828554328,0.733758977893005,0.7180630510637399,0.701140918647562,0.6820460554158371,0.655408315563927,0.6229426255906679,0.5969105764435301,0.568089144865214,0.541415872582925,0.516682872860077,0.493589608942452,0.46581485287248403,0.44619534623929097,0.41559667867537,0.35922277444439293,0.297469780853921,0.23852622086610298,0.123277308366969,0.0333909116561769,0.0170642026604768,0.0670958931894051,0.134651489203791
0.515266895794599,0.805213254243522,0.9298989312918741,1.0,0.9623293801242041,0.9301486803808491,0.8935007886419821,0.865627776379354,0.844975300453756,0.8213906402157679,0.807329274836843,0.794980771188828,0.7777287612274499,0.7588027923111721,0.737465625711668,0.707170367768386,0.6834099362148871,0.6590648440570009,0.632354914139192,0.606516631134663,0.5822841677054079,0.557881729694598,0.538607518144626,0.509999744196379,0.450142086679104,0.38308653295070094,0.32171748833003605,0.190654245785282,0.0882967140169744,0.0242490564765935,0.0330370732393933,0.102135707201003
0.47578690018576003,0.765509911574226,0.880781289193525,0.9623293801242041,1.0,0.9725912532988459,0.938100240401439,0.909909235877537,0.8901347216283358,0.8707196020799292,0.857187564733783,0.842643153604087,0.826353836021013,0.8100254978222721,0.790034105098654,0.761734393530592,0.7373131477664259,0.7133607776927979,0.688325926470045,0.6621932677334039,0.637994964291956,0.614325502300698,0.594472464346418,0.5651938621040601,0.507680818939472,0.438510649445016,0.375533768993855,0.23867186254984,0.128656095554355,0.0549498324890217,0.0100270516280381,0.0901441484613503
0.470436987996049,0.7415677998920459,0.850557598121673,0.9301486803808491,0.9725912532988459,1.0,0.9776497322195359,0.949358479723297,0.927508952848316,0.90832492702549,0.894942483651853,0.879160475270553,0.863347737180596,0.8464378449468879,0.82987695383039,0.802500984135731,0.774790952809902,0.7512145909250891,0.725503802195765,0.700760594356789,0.6780669578836229,0.6582123757646949,0.637867343162936,0.609553391182254,0.554430015540113,0.48639046114342205,0.421138054032165,0.280201729721053,0.17520922236550499,0.0940500256384638,0.0223300296990019,0.0752417807354276
0.435654735340105,0.699851818012494,0.8140616663769251,0.8935007886419821,0.938100240401439,0.9776497322195359,1.0,0.9784640808924909,0.9587354856142829,0.943145155411317,0.930115286694973,0.913966684023947,0.8992619870025641,0.8830894323253341,0.8678138698859119,0.8415146667946041,0.8156567906869391,0.792260139919962,0.7688762717458041,0.74762739363966,0.7271248727581541,0.7087004751460841,0.68939983746758,0.663421568489816,0.6088727520363231,0.540487211145928,0.47335851173525395,0.328828187300389,0.22507284990400697,0.13711349512818902,0.0514025249229247,0.0572830535384435
0.41121970263772706,0.6695959621358821,0.789275815764492,0.865627776379354,0.909909235877537,0.949358479723297,0.9784640808924909,1.0,0.981542051193784,0.964705457681783,0.95204812664733,0.937814428600986,0.9259878423013191,0.909305947483266,0.8930009172667029,0.867761231330335,0.8430314056971391,0.82067998573971,0.798876596835134,0.7806704203419571,0.7597080243619491,0.7400342825324391,0.720350590640708,0.691307654177084,0.6318381566902189,0.562602341615565,0.49395977455248796,0.34095228344787604,0.23554127363649,0.149319601513058,0.0638590378409602,0.0360647550449164
0.3800825535343621,0.6390944440779389,0.7671950493580469,0.844975300453756,0.8901347216283358,0.927508952848316,0.9587354856142829,0.981542051193784,1.0,0.985552158983795,0.971424952066514,0.9570549986685859,0.9436083202850201,0.929508676662126,0.913341354712049,0.891531492336848,0.8700316440615881,0.8479674260887,0.826455829272735,0.807299893810292,0.788456770459657,0.7691149298391441,0.7483649210603841,0.7195910342234599,0.658438628720715,0.58853909656909,0.5185725505649711,0.356722250138177,0.25198540520937,0.16686088975632998,0.0705596665412729,0.0226524023718103
0.360084350854384,0.6217774307529871,0.746986828554328,0.8213906402157679,0.8707196020799292,0.90832492702549,0.943145155411317,0.964705457681783,0.985552158983795,1.0,0.9886094549495509,0.9740577797515141,0.959016542783755,0.943543840682024,0.925040652783403,0.902009557917629,0.881016988824316,0.8597593167677919,0.8397287615916741,0.8189606080599859,0.8008109406543941,0.7818362130721891,0.7609893114039141,0.7347011740409699,0.674005913640019,0.603491194326294,0.530216743938362,0.36063565672744297,0.265014084530145,0.17905939273094398,0.0725001885926069,0.0239386609419172
0.34538288922091304,0.609788770127669,0.733758977893005,0.807329274836843,0.857187564733783,0.894942483651853,0.930115286694973,0.95204812664733,0.971424952066514,0.9886094549495509,1.0,0.9880746751242819,0.9733030141110269,0.9574953501425859,0.9389743117462959,0.9148008487366909,0.89297728304275,0.870240817872195,0.848450169293838,0.829478123284982,0.8118146525264042,0.7925747128702461,0.7722081110968659,0.749444376974283,0.690755579952105,0.621635767868298,0.548069618935966,0.379598990980248,0.280723078743852,0.191714339214962,0.0872674827395321,0.00468002411271394
0.32875493448638105,0.5891060947436071,0.7180630510637399,0.794980771188828,0.842643153604087,0.879160475270553,0.913966684023947,0.937814428600986,0.9570549986685859,0.9740577797515141,0.9880746751242819,1.0,0.9887143509989008,0.972489838288773,0.953541178333005,0.929507408679568,0.908245672194543,0.8860665699688621,0.864072932987369,0.845769723835001,0.827204387991993,0.807053362000482,0.78647994115354,0.7637993309636391,0.705863886235676,0.636112866098376,0.5628598460944871,0.39363141756114295,0.296427725052098,0.20430680137973498,0.0938612412266699,0.0081396087450002
0.320277276165905,0.572933778254933,0.701140918647562,0.7777287612274499,0.826353836021013,0.863347737180596,0.8992619870025641,0.9259878423013191,0.9436083202850201,0.959016542783755,0.9733030141110269,0.9887143509989008,1.0,0.986453917395875,0.9694865131707578,0.948135589114255,0.9280230548766529,0.906628989347263,0.8833529316773181,0.8669799163037571,0.8465479543625641,0.826839142283655,0.806539682056781,0.786130753880877,0.730629903728417,0.662382838935198,0.589486441945676,0.41411760954531396,0.316684307197391,0.22203307140806197,0.11603497273753699,0.0336984776845631
0.30055301238376303,0.5546350509189,0.6820460554158371,0.7588027923111721,0.8100254978222721,0.8464378449468879,0.8830894323253341,0.909305947483266,0.929508676662126,0.943543840682024,0.9574953501425859,0.972489838288773,0.986453917395875,1.0,0.9872198265558549,0.9682038889759029,0.949333460027473,0.9298724984210491,0.906510939328717,0.8903930485841949,0.8718479986801909,0.8525583172581459,0.8339682933347019,0.811552574871394,0.75689160914195,0.692564242315379,0.6194956175323391,0.43599788845826,0.338556772352639,0.23974037735000603,0.137452523268804,0.0571503546162911
0.276264231835718,0.5333035136197279,0.655408315563927,0.737465625711668,0.790034105098654,0.82987695383039,0.8678138698859119,0.8930009172667029,0.913341354712049,0.925040652783403,0.9389743117462959,0.953541178333005,0.9694865131707578,0.9872198265558549,1.0,0.985910842779705,0.9679377132066801,0.9507301720707059,0.9291299713933759,0.915984599571258,0.8983692010840408,0.880522840878974,0.8633818825130649,0.840943853009124,0.788940550727706,0.7294798533504051,0.654513330041487,0.46524264529054604,0.37263275130132795,0.26883523375304,0.16939209806303304,0.0844874675873996
0.25263521879663897,0.49929146166260896,0.6229426255906679,0.707170367768386,0.761734393530592,0.802500984135731,0.8415146667946041,0.867761231330335,0.891531492336848,0.902009557917629,0.9148008487366909,0.929507408679568,0.948135589114255,0.9682038889759029,0.985910842779705,1.0,0.987495899645979,0.970463247994072,0.9489168427375841,0.936482947023435,0.91905186465691,0.9018779475462091,0.8856366553597359,0.860805757450242,0.806609223613387,0.751934382595277,0.676203306780274,0.47973811581230297,0.3836631104874221,0.280921358416951,0.1794924657209,0.0969661560562094
0.21924015949748898,0.46760964375047104,0.5969105764435301,0.6834099362148871,0.7373131477664259,0.774790952809902,0.8156567906869391,0.8430314056971391,0.8700316440615881,0.881016988824316,0.89297728304275,0.908245672194543,0.9280230548766529,0.949333460027473,0.9679377132066801,0.987495899645979,1.0,0.988624364033688,0.9681107998501909,0.954898624838821,0.9372846241344871,0.9209798376716009,0.905496967549201,0.8793014684238,0.8247683483920529,0.7708263880137121,0.6917975226753379,0.488792867003758,0.392245013824846,0.288537993664307,0.18764136991032102,0.111463656707875
0.20416858051863102,0.442077378096634,0.568089144865214,0.6590648440570009,0.7133607776927979,0.7512145909250891,0.792260139919962,0.82067998573971,0.8479674260887,0.8597593167677919,0.870240817872195,0.8860665699688621,0.906628989347263,0.9298724984210491,0.9507301720707059,0.970463247994072,0.988624364033688,1.0,0.9847947986907559,0.9709090319724009,0.9549458789827908,0.93893308121822,0.9239466258950749,0.8975712202633069,0.8450464316418069,0.794451755307334,0.718241518057269,0.511239741275904,0.416956270989386,0.309220293031489,0.208404200506887,0.127562856644953
0.19364985531968898,0.41460375889896206,0.541415872582925,0.632354914139192,0.688325926470045,0.725503802195765,0.7688762717458041,0.798876596835134,0.826455829272735,0.8397287615916741,0.848450169293838,0.864072932987369,0.8833529316773181,0.906510939328717,0.9291299713933759,0.9489168427375841,0.9681107998501909,0.9847947986907559,1.0,0.9877151301562179,0.9726630654139731,0.9559721804006059,0.939887308770253,0.914714403034188,0.861954470018062,0.8163362996421429,0.746092661792359,0.53477534564172,0.439157181002803,0.33229304190870196,0.22369286442527397,0.14623310611308898
0.17934241360360897,0.384156225405199,0.516682872860077,0.606516631134663,0.6621932677334039,0.700760594356789,0.74762739363966,0.7806704203419571,0.807299893810292,0.8189606080599859,0.829478123284982,0.845769723835001,0.8669799163037571,0.8903930485841949,0.915984599571258,0.936482947023435,0.954898624838821,0.9709090319724009,0.9877151301562179,1.0,0.9869173771976291,0.9704717757037521,0.9545009847979941,0.9294484192479691,0.8761517762114759,0.8343158430081942,0.7659620646602142,0.548999876667709,0.44393629280086205,0.33091649531104,0.230151201881459,0.154030930270918
0.15702957669942402,0.35371628511706604,0.493589608942452,0.5822841677054079,0.637994964291956,0.6780669578836229,0.7271248727581541,0.7597080243619491,0.788456770459657,0.8008109406543941,0.8118146525264042,0.827204387991993,0.8465479543625641,0.8718479986801909,0.8983692010840408,0.91905186465691,0.9372846241344871,0.9549458789827908,0.9726630654139731,0.9869173771976291,1.0,0.9864815731692199,0.9705280825220749,0.944977335643055,0.8916553358557551,0.852059650872745,0.7853254317257758,0.567027844731271,0.46385601565612206,0.34803825105013503,0.24503530281136499,0.16592070768954
0.13516164455454,0.326906112974787,0.46581485287248403,0.557881729694598,0.614325502300698,0.6582123757646949,0.7087004751460841,0.7400342825324391,0.7691149298391441,0.7818362130721891,0.7925747128702461,0.807053362000482,0.826839142283655,0.8525583172581459,0.880522840878974,0.9018779475462091,0.9209798376716009,0.93893308121822,0.9559721804006059,0.9704717757037521,0.9864815731692199,1.0,0.988254443135999,0.9630243541034621,0.914475224041618,0.8762083125026,0.81000863947534,0.596210651825227,0.49485809864397495,0.373420411099805,0.27747915775235305,0.17658046244252104
0.13016332345217302,0.31398880711335303,0.44619534623929097,0.538607518144626,0.594472464346418,0.637867343162936,0.68939983746758,0.720350590640708,0.7483649210603841,0.7609893114039141,0.7722081110968659,0.78647994115354,0.806539682056781,0.8339682933347019,0.8633818825130649,0.8856366553597359,0.905496967549201,0.9239466258950749,0.939887308770253,0.9545009847979941,0.9705280825220749,0.988254443135999,1.0,0.979502250079801,0.934134000222058,0.8979782443844331,0.8342474087973779,0.62075322208215,0.519268155828971,0.393397571834945,0.308647212092315,0.19345306818604
0.125428071923487,0.288572593775076,0.41559667867537,0.509999744196379,0.5651938621040601,0.609553391182254,0.663421568489816,0.691307654177084,0.7195910342234599,0.7347011740409699,0.749444376974283,0.7637993309636391,0.786130753880877,0.811552574871394,0.840943853009124,0.860805757450242,0.8793014684238,0.8975712202633069,0.914714403034188,0.9294484192479691,0.944977335643055,0.9630243541034621,0.979502250079801,1.0,0.9693182009842659,0.935890975473104,0.8772443295087071,0.683373936087915,0.562417686906053,0.417432970544883,0.334162189529823,0.211356992585967
0.10399360829636001,0.24994791765608299,0.35922277444439293,0.450142086679104,0.507680818939472,0.554430015540113,0.6088727520363231,0.6318381566902189,0.658438628720715,0.674005913640019,0.690755579952105,0.705863886235676,0.730629903728417,0.75689160914195,0.788940550727706,0.806609223613387,0.8247683483920529,0.8450464316418069,0.861954470018062,0.8761517762114759,0.8916553358557551,0.914475224041618,0.934134000222058,0.9693182009842659,1.0,0.972397678794272,0.928069420601268,0.7859720741433771,0.655030170973728,0.48534507617186406,0.41792453140318697,0.24500503566998
0.0762357057613292,0.198114002656728,0.297469780853921,0.38308653295070094,0.438510649445016,0.48639046114342205,0.540487211145928,0.562602341615565,0.58853909656909,0.603491194326294,0.621635767868298,0.636112866098376,0.662382838935198,0.692564242315379,0.7294798533504051,0.751934382595277,0.7708263880137121,0.794451755307334,0.8163362996421429,0.8343158430081942,0.852059650872745,0.8762083125026,0.8979782443844331,0.935890975473104,0.972397678794272,1.0,0.9626721731502071,0.8104749565150959,0.680956345478413,0.520623932495384,0.46685844362526097,0.29852198649558304
0.0589559887539625,0.148301783590191,0.23852622086610298,0.32171748833003605,0.375533768993855,0.421138054032165,0.47335851173525395,0.49395977455248796,0.5185725505649711,0.530216743938362,0.548069618935966,0.5628598460944871,0.589486441945676,0.6194956175323391,0.654513330041487,0.676203306780274,0.6917975226753379,0.718241518057269,0.746092661792359,0.7659620646602142,0.7853254317257758,0.81000863947534,0.8342474087973779,0.8772443295087071,0.928069420601268,0.9626721731502071,1.0,0.8877771436069619,0.7527365439837371,0.588395804456458,0.535945541031508,0.343595513715205
0.018510752842534,0.0724867831211416,0.123277308366969,0.190654245785282,0.23867186254984,0.280201729721053,0.328828187300389,0.34095228344787604,0.356722250138177,0.36063565672744297,0.379598990980248,0.39363141756114295,0.41411760954531396,0.43599788845826,0.46524264529054604,0.47973811581230297,0.488792867003758,0.511239741275904,0.53477534564172,0.548999876667709,0.567027844731271,0.596210651825227,0.62075322208215,0.683373936087915,0.7859720741433771,0.8104749565150959,0.8877771436069619,1.0,0.8621054049358109,0.670727476891968,0.6065763575619039,0.332294488310273
0.0406444958152154,0.0100540564998989,0.0333909116561769,0.0882967140169744,0.128656095554355,0.17520922236550499,0.22507284990400697,0.23554127363649,0.25198540520937,0.265014084530145,0.280723078743852,0.296427725052098,0.316684307197391,0.338556772352639,0.37263275130132795,0.3836631104874221,0.392245013824846,0.416956270989386,0.439157181002803,0.44393629280086205,0.46385601565612206,0.49485809864397495,0.519268155828971,0.562417686906053,0.655030170973728,0.680956345478413,0.7527365439837371,0.8621054049358109,1.0,0.9049178049822271,0.686849979997047,0.37008921917637294
0.0515183096734451,0.0230471560250429,0.0170642026604768,0.0242490564765935,0.0549498324890217,0.0940500256384638,0.13711349512818902,0.149319601513058,0.16686088975632998,0.17905939273094398,0.191714339214962,0.20430680137973498,0.22203307140806197,0.23974037735000603,0.26883523375304,0.280921358416951,0.288537993664307,0.309220293031489,0.33229304190870196,0.33091649531104,0.34803825105013503,0.373420411099805,0.393397571834945,0.417432970544883,0.48534507617186406,0.520623932495384,0.588395804456458,0.670727476891968,0.9049178049822271,1.0,0.727382195673165,0.44212062075927006
0.00767545812244528,0.0544638273774482,0.0670958931894051,0.0330370732393933,0.0100270516280381,0.0223300296990019,0.0514025249229247,0.0638590378409602,0.0705596665412729,0.0725001885926069,0.0872674827395321,0.0938612412266699,0.11603497273753699,0.137452523268804,0.16939209806303304,0.1794924657209,0.18764136991032102,0.208404200506887,0.22369286442527397,0.230151201881459,0.24503530281136499,0.27747915775235305,0.308647212092315,0.334162189529823,0.41792453140318697,0.46685844362526097,0.535945541031508,0.6065763575619039,0.686849979997047,0.727382195673165,1.0,0.581892143710431
0.012911871810678002,0.128672629197644,0.134651489203791,0.102135707201003,0.0901441484613503,0.0752417807354276,0.0572830535384435,0.0360647550449164,0.0226524023718103,0.0239386609419172,0.00468002411271394,0.0081396087450002,0.0336984776845631,0.0571503546162911,0.0844874675873996,0.0969661560562094,0.111463656707875,0.127562856644953,0.14623310611308898,0.154030930270918,0.16592070768954,0.17658046244252104,0.19345306818604,0.211356992585967,0.24500503566998,0.29852198649558304,0.343595513715205,0.332294488310273,0.37008921917637294,0.44212062075927006,0.581892143710431,1.0
