1.0,0.8802314887227951,0.8475747539430679,0.8340885489439408,0.8302375503581558,0.82656292891862,0.820121794080277,0.799528721655283,0.784676540865072,0.7674434696870601,0.7344962834880949,0.689157941441901,0.633038852050294,0.5550923146337491,0.461290036845024,0.31154260802879197,0.14038449084663,0.0146071239657461,0.0624935259748163,0.152622603044483,0.283882537270709,0.323756364582496,0.36601542659851594,0.3550979882142779,0.34327758982309603,0.348876799031127,0.28259696094988,0.21383015157941698,0.169555937898288,0.122144035379877,0.110482530485401,0.100530759256571
0.8802314887227951,1.0,0.9849011391082729,0.975710245960212,0.968597292794944,0.958851104803649,0.948487251147457,0.918636654085492,0.900882077845686,0.8822093682291691,0.843993929402158,0.792663378316965,0.7190543095556631,0.625834328649606,0.515105126112348,0.33347802023332396,0.135883170688119,0.00630348954590222,0.092597029593541,0.20362671881777303,0.35747893461690905,0.40571083052518203,0.45165137185145704,0.434426635434663,0.411363828868596,0.410535005254044,0.339019988394166,0.26161383835496305,0.22064135665027,0.166515997743101,0.15380422578456399,0.155807730712284
0.8475747539430679,0.9849011391082729,1.0,0.9934950571501109,0.98713300094922,0.9752478056261851,0.9646148081388151,0.9365829039167101,0.922361666498511,0.9065795672221759,0.8705049968160831,0.8218649407045259,0.7477601680481859,0.6543492366308039,0.545996972344052,0.3649025525208,0.166029295402569,0.0240312817764891,0.0625059522868215,0.17871222007967602,0.33989723803232497,0.391958368462956,0.43808313152321704,0.42031450863910297,0.395957879724098,0.396537267398334,0.32062074669087104,0.24826322252823602,0.19887897745924898,0.144174874243262,0.130778757844051,0.13253271506463699
0.8340885489439408,0.975710245960212,0.9934950571501109,1.0,0.9950445561994229,0.9853954025438451,0.9761956510348159,0.948171510762558,0.9337640155163921,0.919537785828261,0.8854374068389459,0.8379527591448369,0.7665587883748559,0.674776850388854,0.567015252013343,0.38710393093906204,0.19060869239609804,0.045872014920307,0.0414306039430426,0.159256718257505,0.32147994732884,0.37612134239541606,0.425004064433854,0.40924752948855797,0.387766459049447,0.3902714258411,0.312095307033921,0.23290103652348199,0.18508193344835502,0.128719491652313,0.113654705808396,0.11556384515358699
0.8302375503581558,0.968597292794944,0.98713300094922,0.9950445561994229,1.0,0.993616250777201,0.984817385342457,0.958344708365183,0.946680389743916,0.9348702027185629,0.903518540110115,0.8609890164313091,0.7926312243694671,0.7035584364586711,0.59909334196598,0.41949602337633707,0.22350692338893302,0.0795667993298045,0.007341501984833659,0.127286273330028,0.293696665881114,0.348909022676704,0.401236460092799,0.387421866753205,0.3654317094537321,0.37054433904815504,0.294532121130748,0.21358218436839896,0.16903877765014,0.112919514639208,0.09320123157186098,0.0976087387091103
0.82656292891862,0.958851104803649,0.9752478056261851,0.9853954025438451,0.993616250777201,1.0,0.9945585456943871,0.9712525454541241,0.9588044145223059,0.947748805877104,0.918911303853035,0.8806022618886259,0.816488248485483,0.7328049786274609,0.632976276856001,0.45754553917341606,0.261695149189141,0.118441278106631,0.0335828255042623,0.08899026729106199,0.258314210588879,0.318020672033898,0.37392578381850605,0.36113492130709096,0.34048925434512706,0.34757099233029704,0.272119677396265,0.20025340265184,0.158938623204685,0.102582712513563,0.0809584690515392,0.0881321324090267
0.820121794080277,0.948487251147457,0.9646148081388151,0.9761956510348159,0.984817385342457,0.9945585456943871,1.0,0.983951857639235,0.971738121581857,0.960675176238563,0.9360929805533,0.899393519105417,0.841462031607458,0.762076278476422,0.6646944363379449,0.49590979562663795,0.30062688468869603,0.156136358493822,0.0703922578721661,0.0527258292689862,0.219418581957727,0.28470972346823403,0.343051969217641,0.332880474396602,0.311174209982906,0.316157114854568,0.24534394330424902,0.17894101745442104,0.137402945214675,0.0797284516097038,0.0576499373118137,0.06673687854040701
0.799528721655283,0.918636654085492,0.9365829039167101,0.948171510762558,0.958344708365183,0.9712525454541241,0.983951857639235,1.0,0.991498509334034,0.979322344034832,0.9593733396873421,0.926501184114551,0.878720107150604,0.8081881609683991,0.7161745727209,0.565156012051588,0.3768584838051529,0.23319303480224302,0.142627821868025,0.0149002108824499,0.15128510187055,0.21872266342429394,0.279304187978575,0.277514294581833,0.257832577770018,0.262930743190098,0.201846333810408,0.152621073065906,0.11784631927749001,0.060343301332016,0.0387633548649486,0.058265274463202
0.784676540865072,0.900882077845686,0.922361666498511,0.9337640155163921,0.946680389743916,0.9588044145223059,0.971738121581857,0.991498509334034,1.0,0.9942094157561159,0.9800808929474659,0.9550382828137259,0.913728400149343,0.850438016316134,0.765998004240063,0.622216867579432,0.4412210475303429,0.297816511082875,0.205132044070035,0.0741878870321989,0.0980858285492513,0.16702150351787698,0.229644499041012,0.230556419030899,0.208237069367141,0.21345055867724103,0.154578983730476,0.10791038124184599,0.0756722177998703,0.0211194001984365,0.00104603696000649,0.0254171686415311
0.7674434696870601,0.8822093682291691,0.9065795672221759,0.919537785828261,0.9348702027185629,0.947748805877104,0.960675176238563,0.979322344034832,0.9942094157561159,1.0,0.9916381202341321,0.972711862491484,0.936281618234688,0.878866733938576,0.801570910152944,0.664102395677254,0.487892706926051,0.34584999213523304,0.253565160342288,0.121479684162205,0.0542184313760657,0.12549918423113401,0.18964529028282198,0.192703828968724,0.17038333166346398,0.17904730880374103,0.12118379497328802,0.0739636530045264,0.0438927614824202,0.009916493238509001,0.0325101657717134,0.0102528151304787
0.7344962834880949,0.843993929402158,0.8705049968160831,0.8854374068389459,0.903518540110115,0.918911303853035,0.9360929805533,0.9593733396873421,0.9800808929474659,0.9916381202341321,1.0,0.9896479953635201,0.9641815232100992,0.920062323290188,0.8526556925304749,0.7290107891066191,0.5639554816239101,0.427289940244199,0.336788212679753,0.20649461980414602,0.0350708059411984,0.0379400811351975,0.105170799607168,0.1135739825225,0.0913555125830687,0.103420077133284,0.0519049824166815,0.0036959203622174202,0.0206263790678546,0.0689472532846068,0.0937445600291953,0.0667190783564895
0.689157941441901,0.792663378316965,0.8218649407045259,0.8379527591448369,0.8609890164313091,0.8806022618886259,0.899393519105417,0.926501184114551,0.9550382828137259,0.972711862491484,0.9896479953635201,1.0,0.9854187651113209,0.9520217876741309,0.899970992576977,0.7905116807172391,0.6387476993129809,0.5121695694129911,0.42533961533496706,0.295704849970657,0.120544517503236,0.0435478787496177,0.026012591745327003,0.0375156737439669,0.0160096030733969,0.0316119681569322,0.0145323979896959,0.0522655731972367,0.0756712698825862,0.11667000821978901,0.139180624757826,0.11152786628834101
0.633038852050294,0.7190543095556631,0.7477601680481859,0.7665587883748559,0.7926312243694671,0.816488248485483,0.841462031607458,0.878720107150604,0.913728400149343,0.936281618234688,0.9641815232100992,0.9854187651113209,1.0,0.98303486371887,0.947349623440366,0.8623451858207908,0.7305893104526229,0.608425256913795,0.5253900451787,0.404357302612884,0.23826938459839703,0.16291122094396898,0.0862588357773252,0.0659208088758331,0.0804165204783992,0.0627721724953882,0.0970325036236528,0.13797104478021202,0.155168577805768,0.18880813608999397,0.21029860611046103,0.176985180222127
0.5550923146337491,0.625834328649606,0.6543492366308039,0.674776850388854,0.7035584364586711,0.7328049786274609,0.762076278476422,0.8081881609683991,0.850438016316134,0.878866733938576,0.920062323290188,0.9520217876741309,0.98303486371887,1.0,0.9814971432172759,0.923955548195764,0.815947068934332,0.7055649361829559,0.628820447648815,0.511876295968537,0.35447779349011493,0.278880093684735,0.20056670068013396,0.17240665362285598,0.18446754791477699,0.163668173276837,0.18806562871916502,0.222961116032974,0.234855829330668,0.25937121285062,0.276967435654114,0.23593055292881898
0.461290036845024,0.515105126112348,0.545996972344052,0.567015252013343,0.59909334196598,0.632976276856001,0.6646944363379449,0.7161745727209,0.765998004240063,0.801570910152944,0.8526556925304749,0.899970992576977,0.947349623440366,0.9814971432172759,1.0,0.9678433667356791,0.8853897017759809,0.79227550345211,0.727276993613073,0.625751747568475,0.475705737598771,0.401456569525826,0.326676263717534,0.297362988902938,0.30072778670553,0.27107190439546397,0.289828022114351,0.311948548760508,0.316692197602144,0.33041148532955,0.339618644368747,0.30569057184975895
0.31154260802879197,0.33347802023332396,0.3649025525208,0.38710393093906204,0.41949602337633707,0.45754553917341606,0.49590979562663795,0.565156012051588,0.622216867579432,0.664102395677254,0.7290107891066191,0.7905116807172391,0.8623451858207908,0.923955548195764,0.9678433667356791,1.0,0.964503037445381,0.9015092357450349,0.8506437485031519,0.767022727334235,0.645335173751015,0.5737276417045141,0.505074364976193,0.471195429005127,0.46373085399012104,0.42605179729782894,0.42668445561701,0.41638377127010495,0.41064114732864393,0.41197612743817,0.4156788317335829,0.37959656233066796
0.14038449084663,0.135883170688119,0.166029295402569,0.19060869239609804,0.22350692338893302,0.261695149189141,0.30062688468869603,0.3768584838051529,0.4412210475303429,0.487892706926051,0.5639554816239101,0.6387476993129809,0.7305893104526229,0.815947068934332,0.8853897017759809,0.964503037445381,1.0,0.97225532253592,0.9374949380566641,0.8744459270418591,0.7812074724301009,0.721782888717477,0.663731527556744,0.626601812493786,0.605935086447005,0.5598133358977321,0.538304448136053,0.518222214376274,0.49817694365536697,0.48600628112715794,0.47315750993190797,0.435466728233155
0.0146071239657461,0.00630348954590222,0.0240312817764891,0.045872014920307,0.0795667993298045,0.118441278106631,0.156136358493822,0.23319303480224302,0.297816511082875,0.34584999213523304,0.427289940244199,0.5121695694129911,0.608425256913795,0.7055649361829559,0.79227550345211,0.9015092357450349,0.97225532253592,1.0,0.986729381087023,0.9456901257365251,0.874835187826878,0.8207962188706859,0.772736264432723,0.7339770516944041,0.7020468955821919,0.6471777577072391,0.6091776196186011,0.578473011401897,0.545140239782891,0.5183371598974871,0.499718376791915,0.4700283901805
0.0624935259748163,0.092597029593541,0.0625059522868215,0.0414306039430426,0.007341501984833659,0.0335828255042623,0.0703922578721661,0.142627821868025,0.205132044070035,0.253565160342288,0.336788212679753,0.42533961533496706,0.5253900451787,0.628820447648815,0.727276993613073,0.8506437485031519,0.9374949380566641,0.986729381087023,1.0,0.975862946402749,0.919803902946953,0.870214662193479,0.829150521373764,0.7926371186219399,0.7542501325584621,0.694245661597828,0.6481981935090689,0.606242912693605,0.566694905608165,0.530955744434354,0.514444975339603,0.48895529559269396
0.152622603044483,0.20362671881777303,0.17871222007967602,0.159256718257505,0.127286273330028,0.08899026729106199,0.0527258292689862,0.0149002108824499,0.0741878870321989,0.121479684162205,0.20649461980414602,0.295704849970657,0.404357302612884,0.511876295968537,0.625751747568475,0.767022727334235,0.8744459270418591,0.9456901257365251,0.975862946402749,1.0,0.972262243317164,0.935883673990928,0.9054091602519359,0.86671006364041,0.8162290623602291,0.75184696389312,0.6969428683393729,0.664663264562203,0.6154175049771589,0.566706212998218,0.541352445383633,0.5149459139817659
0.283882537270709,0.35747893461690905,0.33989723803232497,0.32147994732884,0.293696665881114,0.258314210588879,0.219418581957727,0.15128510187055,0.0980858285492513,0.0542184313760657,0.0350708059411984,0.120544517503236,0.23826938459839703,0.35447779349011493,0.475705737598771,0.645335173751015,0.7812074724301009,0.874835187826878,0.919803902946953,0.972262243317164,1.0,0.9790846814339978,0.958618916623962,0.920504708556148,0.864629038759429,0.800249909683606,0.7307150335806709,0.69654291821034,0.635051506529443,0.576607194578122,0.5490125345228579,0.525328683178536
0.323756364582496,0.40571083052518203,0.391958368462956,0.37612134239541606,0.348909022676704,0.318020672033898,0.28470972346823403,0.21872266342429394,0.16702150351787698,0.12549918423113401,0.0379400811351975,0.0435478787496177,0.16291122094396898,0.278880093684735,0.401456569525826,0.5737276417045141,0.721782888717477,0.8207962188706859,0.870214662193479,0.935883673990928,0.9790846814339978,1.0,0.9856874791293531,0.9497430928673031,0.8954358775535171,0.8382869045627521,0.7665170893159642,0.7407871242570541,0.663529041512515,0.602020076787996,0.57040448069802,0.5258416532856621
0.36601542659851594,0.45165137185145704,0.43808313152321704,0.425004064433854,0.401236460092799,0.37392578381850605,0.343051969217641,0.279304187978575,0.229644499041012,0.18964529028282198,0.105170799607168,0.026012591745327003,0.0862588357773252,0.20056670068013396,0.326676263717534,0.505074364976193,0.663731527556744,0.772736264432723,0.829150521373764,0.9054091602519359,0.958618916623962,0.9856874791293531,1.0,0.9755589827321999,0.922933766644695,0.867341726560155,0.8037249773523379,0.754542300344826,0.6748334950791539,0.6079203803819151,0.5697024930343431,0.519034653853117
0.3550979882142779,0.434426635434663,0.42031450863910297,0.40924752948855797,0.387421866753205,0.36113492130709096,0.332880474396602,0.277514294581833,0.230556419030899,0.192703828968724,0.1135739825225,0.0375156737439669,0.0659208088758331,0.17240665362285598,0.297362988902938,0.471195429005127,0.626601812493786,0.7339770516944041,0.7926371186219399,0.86671006364041,0.920504708556148,0.9497430928673031,0.9755589827321999,1.0,0.9629420941493521,0.9020267377166671,0.844966772535927,0.770267285797028,0.690298673706695,0.623310393760806,0.5778130520131469,0.528073641080248
0.34327758982309603,0.411363828868596,0.395957879724098,0.387766459049447,0.3654317094537321,0.34048925434512706,0.311174209982906,0.257832577770018,0.208237069367141,0.17038333166346398,0.0913555125830687,0.0160096030733969,0.0804165204783992,0.18446754791477699,0.30072778670553,0.46373085399012104,0.605935086447005,0.7020468955821919,0.7542501325584621,0.8162290623602291,0.864629038759429,0.8954358775535171,0.922933766644695,0.9629420941493521,1.0,0.963548968503516,0.9088517415689319,0.813847731986852,0.7203638250211979,0.640997923208336,0.595895913640166,0.518074977973167
0.348876799031127,0.410535005254044,0.396537267398334,0.3902714258411,0.37054433904815504,0.34757099233029704,0.316157114854568,0.262930743190098,0.21345055867724103,0.17904730880374103,0.103420077133284,0.0316119681569322,0.0627721724953882,0.163668173276837,0.27107190439546397,0.42605179729782894,0.5598133358977321,0.6471777577072391,0.694245661597828,0.75184696389312,0.800249909683606,0.8382869045627521,0.867341726560155,0.9020267377166671,0.963548968503516,1.0,0.953998944608783,0.8488952436492099,0.757411922761484,0.672915099265302,0.617935898451741,0.510532737666875
0.28259696094988,0.339019988394166,0.32062074669087104,0.312095307033921,0.294532121130748,0.272119677396265,0.24534394330424902,0.201846333810408,0.154578983730476,0.12118379497328802,0.0519049824166815,0.0145323979896959,0.0970325036236528,0.18806562871916502,0.289828022114351,0.42668445561701,0.538304448136053,0.6091776196186011,0.6481981935090689,0.6969428683393729,0.7307150335806709,0.7665170893159642,0.8037249773523379,0.844966772535927,0.9088517415689319,0.953998944608783,1.0,0.881633302773701,0.792386704868236,0.7169071975897041,0.6433190263743871,0.523980243014411
0.21383015157941698,0.26161383835496305,0.24826322252823602,0.23290103652348199,0.21358218436839896,0.20025340265184,0.17894101745442104,0.152621073065906,0.10791038124184599,0.0739636530045264,0.0036959203622174202,0.0522655731972367,0.13797104478021202,0.222961116032974,0.311948548760508,0.41638377127010495,0.518222214376274,0.578473011401897,0.606242912693605,0.664663264562203,0.69654291821034,0.7407871242570541,0.754542300344826,0.770267285797028,0.813847731986852,0.8488952436492099,0.881633302773701,1.0,0.914046529975654,0.8245961914173231,0.7553258337272671,0.6331541686201739
0.169555937898288,0.22064135665027,0.19887897745924898,0.18508193344835502,0.16903877765014,0.158938623204685,0.137402945214675,0.11784631927749001,0.0756722177998703,0.0438927614824202,0.0206263790678546,0.0756712698825862,0.155168577805768,0.234855829330668,0.316692197602144,0.41064114732864393,0.49817694365536697,0.545140239782891,0.566694905608165,0.6154175049771589,0.635051506529443,0.663529041512515,0.6748334950791539,0.690298673706695,0.7203638250211979,0.757411922761484,0.792386704868236,0.914046529975654,1.0,0.930074334994466,0.833795825817151,0.7019097033239399
0.122144035379877,0.166515997743101,0.144174874243262,0.128719491652313,0.112919514639208,0.102582712513563,0.0797284516097038,0.060343301332016,0.0211194001984365,0.009916493238509001,0.0689472532846068,0.11667000821978901,0.18880813608999397,0.25937121285062,0.33041148532955,0.41197612743817,0.48600628112715794,0.5183371598974871,0.530955744434354,0.566706212998218,0.576607194578122,0.602020076787996,0.6079203803819151,0.623310393760806,0.640997923208336,0.672915099265302,0.7169071975897041,0.8245961914173231,0.930074334994466,1.0,0.9103768739867459,0.7435584526037491
0.110482530485401,0.15380422578456399,0.130778757844051,0.113654705808396,0.09320123157186098,0.0809584690515392,0.0576499373118137,0.0387633548649486,0.00104603696000649,0.0325101657717134,0.0937445600291953,0.139180624757826,0.21029860611046103,0.276967435654114,0.339618644368747,0.4156788317335829,0.47315750993190797,0.499718376791915,0.514444975339603,0.541352445383633,0.5490125345228579,0.57040448069802,0.5697024930343431,0.5778130520131469,0.595895913640166,0.617935898451741,0.6433190263743871,0.7553258337272671,0.833795825817151,0.9103768739867459,1.0,0.808379156589371
0.100530759256571,0.155807730712284,0.13253271506463699,0.11556384515358699,0.0976087387091103,0.0881321324090267,0.06673687854040701,0.058265274463202,0.0254171686415311,0.0102528151304787,0.0667190783564895,0.11152786628834101,0.176985180222127,0.23593055292881898,0.30569057184975895,0.37959656233066796,0.435466728233155,0.4700283901805,0.48895529559269396,0.5149459139817659,0.525328683178536,0.5258416532856621,0.519034653853117,0.528073641080248,0.518074977973167,0.510532737666875,0.523980243014411,0.6331541686201739,0.7019097033239399,0.7435584526037491,0.808379156589371,1.0
