1.0,0.647746475117281,0.585631129060077,0.558465527271984,0.5526123559485949,0.546877105083823,0.537198793449441,0.529671185793664,0.531932398244111,0.5208596337481589,0.517535279329697,0.507990229193143,0.503628547727263,0.497937179552287,0.498811626940507,0.49336217974418106,0.484976635400495,0.47567897014434,0.468070116840636,0.462619013062645,0.454101534552045,0.447192442001298,0.4371231821345471,0.42968036886578004,0.42231441317405394,0.4162962426793189,0.404238040944578,0.39285061273370897,0.37115582616428705,0.31114717517908397,0.105815375324424,0.00232292515729291
0.647746475117281,1.0,0.947016985790627,0.9195755580429891,0.904935685423193,0.891688093111386,0.883607722991114,0.8742527219808701,0.869339210616332,0.861312388621657,0.8541447631974821,0.8455656710426609,0.8404584907545021,0.8334789994358921,0.8270464306247741,0.820190448712727,0.8142910277709899,0.807506367385822,0.7993358986568571,0.7923450424930408,0.783692383503807,0.7781509988991361,0.769309372566077,0.760535013624827,0.7533995369649731,0.7468361833045821,0.7327779755470191,0.704729428618636,0.669419838078569,0.5745768531544909,0.20508586296896103,0.10118742821264301
0.585631129060077,0.947016985790627,1.0,0.9738737746564101,0.957082651730641,0.945882926602939,0.9389331066505641,0.9301016731315792,0.923976605194798,0.9196003247038199,0.913454793459315,0.90703190675943,0.9023311918684891,0.8967533955120659,0.8923384300018179,0.886408326612062,0.880375357783705,0.8729565757514129,0.8662386925453441,0.857739220962047,0.8514143969656349,0.846669104419824,0.8381487398685821,0.830266812049641,0.8221904839634929,0.8144436039005841,0.8026185893473141,0.7728862283309419,0.733406182023112,0.6363344246502309,0.23614370891431,0.132239793546142
0.558465527271984,0.9195755580429891,0.9738737746564101,1.0,0.985508397373808,0.9745677111770691,0.9678283977196971,0.959115913554675,0.952581148836963,0.948511630343754,0.941179095742985,0.9342190469460391,0.930746019911646,0.9250856492955392,0.9216360828708491,0.9170455867123442,0.9123863574593009,0.906699007554111,0.9005936412355531,0.8931795065465401,0.8877510533997071,0.8829586635732241,0.874326862989842,0.867934848662087,0.8601844423384059,0.852194221965725,0.840989895544011,0.811172656098683,0.7698977514488392,0.669951587748554,0.247541807529462,0.134168789091007
0.5526123559485949,0.904935685423193,0.957082651730641,0.985508397373808,1.0,0.9884017631576919,0.9810478500207651,0.9736157555980091,0.9664385815768821,0.9615689614317792,0.9550751687429159,0.948294222462363,0.9445839352217009,0.93953176216579,0.936242682547718,0.931747375981402,0.927431502066662,0.9220330833061421,0.915792460610822,0.909048340813805,0.903972937740843,0.8992702258653911,0.890298466896562,0.8847487606058531,0.876407455960511,0.8681503143912099,0.857579322925371,0.8278977742196558,0.787935135482751,0.689840276824535,0.25109533471951606,0.141070098788538
0.546877105083823,0.891688093111386,0.945882926602939,0.9745677111770691,0.9884017631576919,1.0,0.992598284044037,0.9858504952848409,0.9787847709864069,0.9740902552041321,0.9677091177077819,0.961411842017896,0.957612260070477,0.9532369932575941,0.9495903352230309,0.9445835105581201,0.9402989011724331,0.935502288412912,0.9290398082194421,0.922362152106702,0.9170328272416359,0.9113813304659242,0.9039054751561619,0.8987635042549929,0.8905299869482372,0.88206879952513,0.871586674176664,0.842173696814158,0.800843313835379,0.7010027322587089,0.256429155963679,0.14217441364595002
0.537198793449441,0.883607722991114,0.9389331066505641,0.9678283977196971,0.9810478500207651,0.992598284044037,1.0,0.9936341096872819,0.987264227560006,0.9822952840653159,0.975136287186812,0.9689070640584129,0.9645430490736,0.9592768444112719,0.9557067561803191,0.950740499268324,0.947020338396948,0.942103325936165,0.935894742951618,0.9292168768170691,0.923767061296231,0.918061436640445,0.9107197081229241,0.905451706270169,0.897851491658142,0.8895462946921,0.8793106726915779,0.850944183726316,0.8078931987169351,0.7089619521018,0.261846786660215,0.148073767770155
0.529671185793664,0.8742527219808701,0.9301016731315792,0.959115913554675,0.9736157555980091,0.9858504952848409,0.9936341096872819,1.0,0.993916670116429,0.988992267923353,0.9828277086144459,0.9762562365651659,0.971490501217998,0.9657906419149059,0.961016195331188,0.9566782828084129,0.952844695176021,0.947666645434313,0.9420656352365071,0.934995214366263,0.929606673395648,0.924583900612293,0.9168904102464291,0.9119022736364201,0.904228840289734,0.896604346639036,0.886769917580615,0.8602887985304001,0.8185009327815309,0.7199920094928249,0.263373043016854,0.152701112210965
0.531932398244111,0.869339210616332,0.923976605194798,0.952581148836963,0.9664385815768821,0.9787847709864069,0.987264227560006,0.993916670116429,1.0,0.9953225129018399,0.9892203948840809,0.982872243979177,0.97802980878014,0.972354646738818,0.9674763204463219,0.9628373764718651,0.958590651146727,0.952579057988897,0.9461156206920971,0.938898383511735,0.932966038697294,0.9275561185138058,0.919143286482362,0.913834306395929,0.9060167494052122,0.8982980124491609,0.8889980016436149,0.863058352464053,0.821649264428467,0.723025856635212,0.2635843976375,0.148157745442525
0.5208596337481589,0.861312388621657,0.9196003247038199,0.948511630343754,0.9615689614317792,0.9740902552041321,0.9822952840653159,0.988992267923353,0.9953225129018399,1.0,0.9943493492443879,0.988601955217606,0.983429121579218,0.9775830120954201,0.9718307657236209,0.9664470374221741,0.961955143601749,0.9558661932738821,0.9490544397397241,0.941918606001364,0.9352591299231949,0.929968094446615,0.9216199833745791,0.9163637027625,0.9090384616080841,0.9015864100263299,0.89266794849942,0.866930051102638,0.8259151807640379,0.725714782736891,0.262325135956305,0.149437242691969
0.517535279329697,0.8541447631974821,0.913454793459315,0.941179095742985,0.9550751687429159,0.9677091177077819,0.975136287186812,0.9828277086144459,0.9892203948840809,0.9943493492443879,1.0,0.9951678382434571,0.9902118450375721,0.9845235068995799,0.979276993448675,0.973229262414477,0.9687609003427758,0.9623461867965479,0.955715317921741,0.948389358451778,0.9417858678877249,0.9361042268955999,0.9277778851220829,0.9230577148956619,0.916167473771432,0.909890719209425,0.8992272741482459,0.8764442527203721,0.836355899862943,0.7396881003456159,0.27619559673182,0.15898345760461402
0.507990229193143,0.8455656710426609,0.90703190675943,0.9342190469460391,0.948294222462363,0.961411842017896,0.9689070640584129,0.9762562365651659,0.982872243979177,0.988601955217606,0.9951678382434571,1.0,0.9963634405690229,0.991247155856509,0.9855776849723871,0.9787474147102471,0.973709484551534,0.9666705418884399,0.9597251851662401,0.952892460491491,0.946798057718744,0.941585042116175,0.933479642763506,0.928764775499111,0.9223056533755111,0.9170630668986851,0.9061978021495999,0.885173393581357,0.8449712089030649,0.7495232875480642,0.28764856966499297,0.16643642072936998
0.503628547727263,0.8404584907545021,0.9023311918684891,0.930746019911646,0.9445839352217009,0.957612260070477,0.9645430490736,0.971490501217998,0.97802980878014,0.983429121579218,0.9902118450375721,0.9963634405690229,1.0,0.996392924530029,0.991129266145432,0.983969242554847,0.978655719975543,0.971245869319243,0.963800414977126,0.957064236458447,0.9507786101358421,0.945964003666629,0.93763289465048,0.9329083844835,0.9268724870055641,0.921652266005667,0.9101058774153241,0.889624680023757,0.8490174438740942,0.753893861848979,0.29590718140982397,0.168286870795731
0.497937179552287,0.8334789994358921,0.8967533955120659,0.9250856492955392,0.93953176216579,0.9532369932575941,0.9592768444112719,0.9657906419149059,0.972354646738818,0.9775830120954201,0.9845235068995799,0.991247155856509,0.996392924530029,1.0,0.995723857894942,0.9898363736423449,0.9844779369882779,0.9770195830794449,0.969701910135547,0.9631836335339169,0.957174148855717,0.95236699157902,0.944552711982615,0.9396590754131469,0.933208071282076,0.9278221664122769,0.916540063079364,0.8974413433598891,0.857518962064958,0.763051644890918,0.301090380752058,0.170021470448193
0.498811626940507,0.8270464306247741,0.8923384300018179,0.9216360828708491,0.936242682547718,0.9495903352230309,0.9557067561803191,0.961016195331188,0.9674763204463219,0.9718307657236209,0.979276993448675,0.9855776849723871,0.991129266145432,0.995723857894942,1.0,0.9958271328867919,0.990692602577095,0.983259936897308,0.975744745627808,0.969066258931796,0.963014488109943,0.958535824130103,0.950763032395578,0.945735402046739,0.9392543472703659,0.9334022219721652,0.9228626132189789,0.905196349499887,0.8657572351524929,0.773408218612834,0.30882319595022195,0.18169342305473302
0.49336217974418106,0.820190448712727,0.886408326612062,0.9170455867123442,0.931747375981402,0.9445835105581201,0.950740499268324,0.9566782828084129,0.9628373764718651,0.9664470374221741,0.973229262414477,0.9787474147102471,0.983969242554847,0.9898363736423449,0.9958271328867919,1.0,0.996032970800236,0.989677621111936,0.982235986261261,0.975338180982217,0.969243286281244,0.9642830210291031,0.956632390446976,0.9512645548781999,0.9442141068771271,0.9385180342446999,0.9289740738588859,0.911978300654753,0.873700156784496,0.783003793164422,0.32038921266140596,0.19002585458999696
0.484976635400495,0.8142910277709899,0.880375357783705,0.9123863574593009,0.927431502066662,0.9402989011724331,0.947020338396948,0.952844695176021,0.958590651146727,0.961955143601749,0.9687609003427758,0.973709484551534,0.978655719975543,0.9844779369882779,0.990692602577095,0.996032970800236,1.0,0.995627340549213,0.988923615689195,0.9824316393087192,0.9762148141927909,0.9712241616970619,0.9640451358430701,0.9590206142744909,0.9520262489641741,0.946533050733082,0.9379103639589972,0.9208074767714509,0.883606078319221,0.795575153843205,0.33082575036796996,0.196274989287754
0.47567897014434,0.807506367385822,0.8729565757514129,0.906699007554111,0.9220330833061421,0.935502288412912,0.942103325936165,0.947666645434313,0.952579057988897,0.9558661932738821,0.9623461867965479,0.9666705418884399,0.971245869319243,0.9770195830794449,0.983259936897308,0.989677621111936,0.995627340549213,1.0,0.995298337304717,0.989905050506658,0.98361794214334,0.9789874173552411,0.971643972118188,0.966242772169853,0.9590870395346222,0.95345722908039,0.9448717783780519,0.927500533592025,0.8927173354662441,0.8053673164010909,0.33491095597325105,0.201056697211395
0.468070116840636,0.7993358986568571,0.8662386925453441,0.9005936412355531,0.915792460610822,0.9290398082194421,0.935894742951618,0.9420656352365071,0.9461156206920971,0.9490544397397241,0.955715317921741,0.9597251851662401,0.963800414977126,0.969701910135547,0.975744745627808,0.982235986261261,0.988923615689195,0.995298337304717,1.0,0.9962438384204,0.991090938533037,0.9858862237238571,0.9791972546102969,0.97401306187143,0.9667456269467599,0.9609471959042699,0.952133228021141,0.935290969237254,0.902135431518645,0.815138641867791,0.33996436045160694,0.207649443675148
0.462619013062645,0.7923450424930408,0.857739220962047,0.8931795065465401,0.909048340813805,0.922362152106702,0.9292168768170691,0.934995214366263,0.938898383511735,0.941918606001364,0.948389358451778,0.952892460491491,0.957064236458447,0.9631836335339169,0.969066258931796,0.975338180982217,0.9824316393087192,0.989905050506658,0.9962438384204,1.0,0.996189598638177,0.9911021167691291,0.984681945040691,0.9795666706199772,0.9723429194435109,0.965426654974646,0.9556768275944442,0.9390304559108481,0.906565328681274,0.820449364840119,0.34714430474996605,0.210804885397923
0.454101534552045,0.783692383503807,0.8514143969656349,0.8877510533997071,0.903972937740843,0.9170328272416359,0.923767061296231,0.929606673395648,0.932966038697294,0.9352591299231949,0.9417858678877249,0.946798057718744,0.9507786101358421,0.957174148855717,0.963014488109943,0.969243286281244,0.9762148141927909,0.98361794214334,0.991090938533037,0.996189598638177,1.0,0.995928212213105,0.9897018199588771,0.984765629526972,0.9774623663182449,0.9702033636071651,0.959994180527896,0.942636365508321,0.910298893870378,0.8257981760792491,0.35526737466096403,0.215321419656853
0.447192442001298,0.7781509988991361,0.846669104419824,0.8829586635732241,0.8992702258653911,0.9113813304659242,0.918061436640445,0.924583900612293,0.9275561185138058,0.929968094446615,0.9361042268955999,0.941585042116175,0.945964003666629,0.95236699157902,0.958535824130103,0.9642830210291031,0.9712241616970619,0.9789874173552411,0.9858862237238571,0.9911021167691291,0.995928212213105,1.0,0.9946878545812858,0.9890121360990201,0.982683812520024,0.974902188614944,0.963990231447999,0.9467752806583158,0.9157807955859409,0.832223304274236,0.3591137976976789,0.22414047812796398
0.4371231821345471,0.769309372566077,0.8381487398685821,0.874326862989842,0.890298466896562,0.9039054751561619,0.9107197081229241,0.9168904102464291,0.919143286482362,0.9216199833745791,0.9277778851220829,0.933479642763506,0.93763289465048,0.944552711982615,0.950763032395578,0.956632390446976,0.9640451358430701,0.971643972118188,0.9791972546102969,0.984681945040691,0.9897018199588771,0.9946878545812858,1.0,0.9953016152468829,0.9897578332823349,0.981593468589104,0.971001401331936,0.953943764839311,0.923840804026093,0.841812256139621,0.35971035773018606,0.23955660077517105
0.42968036886578004,0.760535013624827,0.830266812049641,0.867934848662087,0.8847487606058531,0.8987635042549929,0.905451706270169,0.9119022736364201,0.913834306395929,0.9163637027625,0.9230577148956619,0.928764775499111,0.9329083844835,0.9396590754131469,0.945735402046739,0.9512645548781999,0.9590206142744909,0.966242772169853,0.97401306187143,0.9795666706199772,0.984765629526972,0.9890121360990201,0.9953016152468829,1.0,0.994741950416451,0.987124414997977,0.9767501020272021,0.9600610071584579,0.9295638610225991,0.8482373693283629,0.362924931680433,0.2440763574848
0.42231441317405394,0.7533995369649731,0.8221904839634929,0.8601844423384059,0.876407455960511,0.8905299869482372,0.897851491658142,0.904228840289734,0.9060167494052122,0.9090384616080841,0.916167473771432,0.9223056533755111,0.9268724870055641,0.933208071282076,0.9392543472703659,0.9442141068771271,0.9520262489641741,0.9590870395346222,0.9667456269467599,0.9723429194435109,0.9774623663182449,0.982683812520024,0.9897578332823349,0.994741950416451,1.0,0.9934080580992879,0.9829658590065781,0.9673474643688891,0.940702880044578,0.8622977550653741,0.38844755113796203,0.256438146411827
0.4162962426793189,0.7468361833045821,0.8144436039005841,0.852194221965725,0.8681503143912099,0.88206879952513,0.8895462946921,0.896604346639036,0.8982980124491609,0.9015864100263299,0.909890719209425,0.9170630668986851,0.921652266005667,0.9278221664122769,0.9334022219721652,0.9385180342446999,0.946533050733082,0.95345722908039,0.9609471959042699,0.965426654974646,0.9702033636071651,0.974902188614944,0.981593468589104,0.987124414997977,0.9934080580992879,1.0,0.9909475422801299,0.975889625852362,0.949998246062835,0.874722090414686,0.398698459384499,0.268509294762262
0.404238040944578,0.7327779755470191,0.8026185893473141,0.840989895544011,0.857579322925371,0.871586674176664,0.8793106726915779,0.886769917580615,0.8889980016436149,0.89266794849942,0.8992272741482459,0.9061978021495999,0.9101058774153241,0.916540063079364,0.9228626132189789,0.9289740738588859,0.9379103639589972,0.9448717783780519,0.952133228021141,0.9556768275944442,0.959994180527896,0.963990231447999,0.971001401331936,0.9767501020272021,0.9829658590065781,0.9909475422801299,1.0,0.9861041889602521,0.961881156734636,0.8903415014094379,0.41441987527615504,0.28957355784952005
0.39285061273370897,0.704729428618636,0.7728862283309419,0.811172656098683,0.8278977742196558,0.842173696814158,0.850944183726316,0.8602887985304001,0.863058352464053,0.866930051102638,0.8764442527203721,0.885173393581357,0.889624680023757,0.8974413433598891,0.905196349499887,0.911978300654753,0.9208074767714509,0.927500533592025,0.935290969237254,0.9390304559108481,0.942636365508321,0.9467752806583158,0.953943764839311,0.9600610071584579,0.9673474643688891,0.975889625852362,0.9861041889602521,1.0,0.977015950827907,0.9187914739667041,0.45652797442926,0.321080694619208
0.37115582616428705,0.669419838078569,0.733406182023112,0.7698977514488392,0.787935135482751,0.800843313835379,0.8078931987169351,0.8185009327815309,0.821649264428467,0.8259151807640379,0.836355899862943,0.8449712089030649,0.8490174438740942,0.857518962064958,0.8657572351524929,0.873700156784496,0.883606078319221,0.8927173354662441,0.902135431518645,0.906565328681274,0.910298893870378,0.9157807955859409,0.923840804026093,0.9295638610225991,0.940702880044578,0.949998246062835,0.961881156734636,0.977015950827907,1.0,0.9541996720678431,0.5068404527134011,0.377786878946026
0.31114717517908397,0.5745768531544909,0.6363344246502309,0.669951587748554,0.689840276824535,0.7010027322587089,0.7089619521018,0.7199920094928249,0.723025856635212,0.725714782736891,0.7396881003456159,0.7495232875480642,0.753893861848979,0.763051644890918,0.773408218612834,0.783003793164422,0.795575153843205,0.8053673164010909,0.815138641867791,0.820449364840119,0.8257981760792491,0.832223304274236,0.841812256139621,0.8482373693283629,0.8622977550653741,0.874722090414686,0.8903415014094379,0.9187914739667041,0.9541996720678431,1.0,0.572892060822494,0.43804364649084704
0.105815375324424,0.20508586296896103,0.23614370891431,0.247541807529462,0.25109533471951606,0.256429155963679,0.261846786660215,0.263373043016854,0.2635843976375,0.262325135956305,0.27619559673182,0.28764856966499297,0.29590718140982397,0.301090380752058,0.30882319595022195,0.32038921266140596,0.33082575036796996,0.33491095597325105,0.33996436045160694,0.34714430474996605,0.35526737466096403,0.3591137976976789,0.35971035773018606,0.362924931680433,0.38844755113796203,0.398698459384499,0.41441987527615504,0.45652797442926,0.5068404527134011,0.572892060822494,1.0,0.329205284087214
0.00232292515729291,0.10118742821264301,0.132239793546142,0.134168789091007,0.141070098788538,0.14217441364595002,0.148073767770155,0.152701112210965,0.148157745442525,0.149437242691969,0.15898345760461402,0.16643642072936998,0.168286870795731,0.170021470448193,0.18169342305473302,0.19002585458999696,0.196274989287754,0.201056697211395,0.207649443675148,0.210804885397923,0.215321419656853,0.22414047812796398,0.23955660077517105,0.2440763574848,0.256438146411827,0.268509294762262,0.28957355784952005,0.321080694619208,0.377786878946026,0.43804364649084704,0.329205284087214,1.0
