1.0,0.7117399417338249,0.64946078750028,0.6176191722796149,0.57695247578116,0.5588196954412211,0.547528322168824,0.5328361534267549,0.5244147964010879,0.509867306881586,0.49466777559416103,0.48277025050429606,0.465426668682613,0.45818759280717897,0.44760682176674393,0.4392003222218811,0.43171093315413295,0.418922918128629,0.40842402348285994,0.399112864257437,0.3894808311634871,0.37500543809325604,0.3552898164565329,0.336880741369544,0.316830547014079,0.278916249890828,0.22718173885216,0.13122524500536098,0.0287803607023061,0.0372440617996368,0.0340807940632331,0.002794822370582
0.7117399417338249,1.0,0.9257510534787281,0.8902049392656429,0.847102688237293,0.82381927968182,0.804101685653708,0.7825827081223841,0.767504239455509,0.752946632293203,0.742500128999975,0.729397581702683,0.711006958341635,0.6983222197807301,0.679376900779634,0.664170416999827,0.6502848625373311,0.6364640249345721,0.6231131570274749,0.6066939085012211,0.595840423000682,0.572878880888071,0.551610882572739,0.526432043347276,0.497587585727425,0.44512607029376,0.353934305260753,0.21286920855968602,0.0581467768962087,0.0548381567460189,0.0743713610442024,0.0768477270557777
0.64946078750028,0.9257510534787281,1.0,0.972708227837305,0.9395303402996941,0.915941425482138,0.8977416398011899,0.885480344578403,0.87257408191549,0.8570016445376469,0.8478087999134358,0.833832628545114,0.8195189019254909,0.8068539996467561,0.790957239343452,0.775588455091979,0.758760031450891,0.744260678317785,0.729624336364173,0.7111483681852199,0.700309670750691,0.6744980600015931,0.65208455194502,0.624938903013205,0.591092941843433,0.536751318618504,0.433876282199464,0.308774233100729,0.14332920790361903,0.0220740876782254,0.0346470554077117,0.0547730621028261
0.6176191722796149,0.8902049392656429,0.972708227837305,1.0,0.9744741287072919,0.9518562541563101,0.9332960564876459,0.922016156616134,0.909986085793114,0.895264372863153,0.8861115740300181,0.8722906752226409,0.858833252848969,0.846048109580909,0.830747598825432,0.8166391573127291,0.799529178173742,0.785174902891195,0.7723146285342829,0.7537324354477529,0.7427593297711949,0.71597628088888,0.692235250638678,0.664510570720531,0.6302080459547621,0.575092116374723,0.46742750024828394,0.342666395390243,0.17269457197355098,0.0493469395313627,0.005575356693214829,0.0372268821856726
0.57695247578116,0.847102688237293,0.9395303402996941,0.9744741287072919,1.0,0.9853743018845992,0.9690816749140179,0.9586359563750779,0.9489838545016209,0.9352816582109609,0.926465933066435,0.9135207500722641,0.90165140333298,0.889957288378299,0.87626689087196,0.8636643319893921,0.846151617269453,0.83394934248725,0.8224870039584049,0.805937953515993,0.797151414036033,0.7711788663608778,0.7480512012614009,0.7227046903522009,0.688771290892636,0.632953896561855,0.522874951758287,0.39620759581519,0.22039572884332198,0.101494468751437,0.0406300849636025,0.00365067348179797
0.5588196954412211,0.82381927968182,0.915941425482138,0.9518562541563101,0.9853743018845992,1.0,0.988483712364022,0.9779185065437379,0.9695963300690301,0.958129214218094,0.94917067774536,0.9380283730523199,0.926731049245297,0.9142450990217049,0.9017040446769251,0.890395745912135,0.8744677699507021,0.8623656430956759,0.8513414868950799,0.834907344643146,0.8260261948913342,0.8004951231974781,0.778931004699375,0.7538273878824719,0.7207759413353271,0.665794822014663,0.5570452362804089,0.430554529166347,0.25256710771184,0.13474714682203398,0.0663056510837566,0.0326407652506631
0.547528322168824,0.804101685653708,0.8977416398011899,0.9332960564876459,0.9690816749140179,0.988483712364022,1.0,0.991035301496581,0.9835197648217221,0.972672851735428,0.9643048133982159,0.954311995832433,0.9434431692575659,0.9315381256853579,0.919881459681041,0.9087503066594341,0.8951414781141139,0.883759155769218,0.872614285359622,0.858127178424215,0.8482544808365491,0.8236994281867729,0.801661053874461,0.77848402608391,0.746976249172573,0.6912347026645219,0.5840731344904251,0.45350887792128003,0.27547335167644893,0.15776364288651698,0.0902051621875994,0.0641801156006423
0.5328361534267549,0.7825827081223841,0.885480344578403,0.922016156616134,0.9586359563750779,0.9779185065437379,0.991035301496581,1.0,0.9925724566631,0.982108734916165,0.9742903093627191,0.9646330235762259,0.954943688950862,0.942906235849542,0.9322100439484531,0.9208382632619331,0.90763463370417,0.896244538267405,0.884265249630603,0.86956971088357,0.8597156761430241,0.8352433535695821,0.8141693131416701,0.791564317952116,0.760803665724708,0.7062025410536461,0.602814934950766,0.473773707997728,0.29341446748488503,0.17469526388856002,0.100235032104559,0.0803110428404046
0.5244147964010879,0.767504239455509,0.87257408191549,0.909986085793114,0.9489838545016209,0.9695963300690301,0.9835197648217221,0.9925724566631,1.0,0.991475168637566,0.98311818070778,0.974395826675248,0.965656592444671,0.953697700388015,0.9428792522770021,0.9311716343297809,0.9186054552395742,0.9080240410349859,0.8961381248168241,0.882453700359896,0.8719340387280909,0.847867575138137,0.827680010945728,0.805955809563905,0.7751562321963491,0.7211584549407859,0.618945688433989,0.48645119533004405,0.306147631602079,0.18743932741404,0.110367453620975,0.0951448355702186
0.509867306881586,0.752946632293203,0.8570016445376469,0.895264372863153,0.9352816582109609,0.958129214218094,0.972672851735428,0.982108734916165,0.991475168637566,1.0,0.9943233051086031,0.9873028337695942,0.9794522112384569,0.969049518945725,0.9590520522965,0.9481757634203499,0.936417196525326,0.9261520064825051,0.9145125998770341,0.900554961717932,0.890273358630946,0.868782178704914,0.849890473621304,0.8286328763083292,0.7973006882808872,0.745710691028656,0.645540040635698,0.5137360487887379,0.332698145074093,0.21733717402015199,0.129094024006039,0.125069071369941
0.49466777559416103,0.742500128999975,0.8478087999134358,0.8861115740300181,0.926465933066435,0.94917067774536,0.9643048133982159,0.9742903093627191,0.98311818070778,0.9943233051086031,1.0,0.994659403651488,0.987159900624371,0.97747768536589,0.967697024858737,0.956974356421019,0.9457415118641421,0.9356633174604351,0.923847139916967,0.910554403997761,0.9003298220069801,0.879759433857502,0.8606778884980759,0.84025800526029,0.8101642518639991,0.7613966566932521,0.6646415387732301,0.5320605855317211,0.34797423807953404,0.23150949863537698,0.140839037047565,0.13789300018694198
0.48277025050429606,0.729397581702683,0.833832628545114,0.8722906752226409,0.9135207500722641,0.9380283730523199,0.954311995832433,0.9646330235762259,0.974395826675248,0.9873028337695942,0.994659403651488,1.0,0.995011263307185,0.987087244570637,0.97869211192725,0.968954675837872,0.9583339358408871,0.949250179900636,0.938396635203375,0.9264206516416741,0.916582828035726,0.8961717639605721,0.877331454484376,0.859402560953052,0.8310259910323821,0.782817873825029,0.6859745717311869,0.551350741959862,0.366228097700874,0.248639867209053,0.157069439983639,0.162398825147175
0.465426668682613,0.711006958341635,0.8195189019254909,0.858833252848969,0.90165140333298,0.926731049245297,0.9434431692575659,0.954943688950862,0.965656592444671,0.9794522112384569,0.987159900624371,0.995011263307185,1.0,0.9942591756478371,0.9868502372633392,0.977837395506597,0.9678729826517241,0.959113342682784,0.9487125088402649,0.9366004101553571,0.9271157128492281,0.907295485286958,0.8890677250926871,0.872387226654516,0.844258635670726,0.7965476565339319,0.7010986798260159,0.56441927504318,0.38008061203290605,0.26187311633779997,0.16814010041937302,0.17432184762389802
0.45818759280717897,0.6983222197807301,0.8068539996467561,0.846048109580909,0.889957288378299,0.9142450990217049,0.9315381256853579,0.942906235849542,0.953697700388015,0.969049518945725,0.97747768536589,0.987087244570637,0.9942591756478371,1.0,0.9946257316098369,0.987220059398725,0.978521318000115,0.9701413713995841,0.9601838803931241,0.949648720345723,0.9411763807573291,0.923172450910146,0.90531884218073,0.8889911681281141,0.860968015150303,0.814513182973468,0.7205915313021239,0.5802701333085339,0.39242932720117896,0.273124933657349,0.182807165015895,0.18444845048058103
0.44760682176674393,0.679376900779634,0.790957239343452,0.830747598825432,0.87626689087196,0.9017040446769251,0.919881459681041,0.9322100439484531,0.9428792522770021,0.9590520522965,0.967697024858737,0.97869211192725,0.9868502372633392,0.9946257316098369,1.0,0.9951556103385891,0.98780161830513,0.980289194266582,0.971066738560721,0.961289692047447,0.9534498026545529,0.9366333877521701,0.920271229473037,0.904711284175282,0.8786650263877711,0.8343087659415409,0.7433288516485791,0.603531217514461,0.41382273154929705,0.29319075930075106,0.19948464013706502,0.20258146530446802
0.4392003222218811,0.664170416999827,0.775588455091979,0.8166391573127291,0.8636643319893921,0.890395745912135,0.9087503066594341,0.9208382632619331,0.9311716343297809,0.9481757634203499,0.956974356421019,0.968954675837872,0.977837395506597,0.987220059398725,0.9951556103385891,1.0,0.994625867848638,0.987614437471247,0.9794889185299259,0.970974154235756,0.9628742331844901,0.9466840487284771,0.9300582708607958,0.9149653528401801,0.8895356775677059,0.8465372853933442,0.756224881342919,0.615321181654481,0.423821106025073,0.304079821881928,0.21154113112958103,0.21540367845978897
0.43171093315413295,0.6502848625373311,0.758760031450891,0.799529178173742,0.846151617269453,0.8744677699507021,0.8951414781141139,0.90763463370417,0.9186054552395742,0.936417196525326,0.9457415118641421,0.9583339358408871,0.9678729826517241,0.978521318000115,0.98780161830513,0.994625867848638,1.0,0.9950843616223051,0.9880020470519641,0.9803287156865258,0.973076838993103,0.958244560358803,0.9427677722451892,0.9277865350491808,0.9034490755743689,0.8614834203497059,0.7729407782687171,0.6322344689410091,0.44194915479415,0.32052150053775397,0.22443641726091298,0.22945217760166897
0.418922918128629,0.6364640249345721,0.744260678317785,0.785174902891195,0.83394934248725,0.8623656430956759,0.883759155769218,0.896244538267405,0.9080240410349859,0.9261520064825051,0.9356633174604351,0.949250179900636,0.959113342682784,0.9701413713995841,0.980289194266582,0.987614437471247,0.9950843616223051,1.0,0.9952468401783959,0.9882947194238241,0.9810794253698071,0.966470542094662,0.9512571753828759,0.9374084483146908,0.9139507859085959,0.873579544711045,0.7889708286592759,0.6488740093348461,0.46044306708272703,0.33528623488579695,0.240673690630395,0.24887719759751997
0.40842402348285994,0.6231131570274749,0.729624336364173,0.7723146285342829,0.8224870039584049,0.8513414868950799,0.872614285359622,0.884265249630603,0.8961381248168241,0.9145125998770341,0.923847139916967,0.938396635203375,0.9487125088402649,0.9601838803931241,0.971066738560721,0.9794889185299259,0.9880020470519641,0.9952468401783959,1.0,0.995030017478748,0.987581465639338,0.9743733863849251,0.959565564638855,0.9467518969355709,0.924201282050624,0.884916564400187,0.800612850031348,0.658906730603489,0.473619201920978,0.348018434993584,0.253193826544224,0.266093076812997
0.399112864257437,0.6066939085012211,0.7111483681852199,0.7537324354477529,0.805937953515993,0.834907344643146,0.858127178424215,0.86956971088357,0.882453700359896,0.900554961717932,0.910554403997761,0.9264206516416741,0.9366004101553571,0.949648720345723,0.961289692047447,0.970974154235756,0.9803287156865258,0.9882947194238241,0.995030017478748,1.0,0.9942324347473142,0.98170503098996,0.967442851686223,0.9563828785800591,0.9357535294936159,0.897192855583538,0.812894797504398,0.67390480762703,0.4890841818971571,0.366500876228649,0.273312707191114,0.28831729167457504
0.3894808311634871,0.595840423000682,0.700309670750691,0.7427593297711949,0.797151414036033,0.8260261948913342,0.8482544808365491,0.8597156761430241,0.8719340387280909,0.890273358630946,0.9003298220069801,0.916582828035726,0.9271157128492281,0.9411763807573291,0.9534498026545529,0.9628742331844901,0.973076838993103,0.9810794253698071,0.987581465639338,0.9942324347473142,1.0,0.991078609120578,0.9781585019491279,0.967401253133218,0.947968827597116,0.9128092604640441,0.828346261126174,0.6961004205072211,0.512775058401538,0.39240613664402096,0.296052834030747,0.305091735900414
0.37500543809325604,0.572878880888071,0.6744980600015931,0.71597628088888,0.7711788663608778,0.8004951231974781,0.8236994281867729,0.8352433535695821,0.847867575138137,0.868782178704914,0.879759433857502,0.8961717639605721,0.907295485286958,0.923172450910146,0.9366333877521701,0.9466840487284771,0.958244560358803,0.966470542094662,0.9743733863849251,0.98170503098996,0.991078609120578,1.0,0.991511853334935,0.981049040452597,0.961585718127252,0.9313064434638899,0.8514559990602851,0.7200165503047871,0.533848258328793,0.418150042814978,0.323826944054289,0.330570877641961
0.3552898164565329,0.551610882572739,0.65208455194502,0.692235250638678,0.7480512012614009,0.778931004699375,0.801661053874461,0.8141693131416701,0.827680010945728,0.849890473621304,0.8606778884980759,0.877331454484376,0.8890677250926871,0.90531884218073,0.920271229473037,0.9300582708607958,0.9427677722451892,0.9512571753828759,0.959565564638855,0.967442851686223,0.9781585019491279,0.991511853334935,1.0,0.992106364237403,0.9740264659705029,0.947209570128825,0.8707634157714391,0.744312585118428,0.560127466957565,0.44571068269580894,0.34652467899616396,0.35341096401086
0.336880741369544,0.526432043347276,0.624938903013205,0.664510570720531,0.7227046903522009,0.7538273878824719,0.77848402608391,0.791564317952116,0.805955809563905,0.8286328763083292,0.84025800526029,0.859402560953052,0.872387226654516,0.8889911681281141,0.904711284175282,0.9149653528401801,0.9277865350491808,0.9374084483146908,0.9467518969355709,0.9563828785800591,0.967401253133218,0.981049040452597,0.992106364237403,1.0,0.988749019765609,0.9651862233071039,0.894946801574295,0.768125061374595,0.585709496248804,0.46938461568667406,0.385655425797222,0.39082897075886
0.316830547014079,0.497587585727425,0.591092941843433,0.6302080459547621,0.688771290892636,0.7207759413353271,0.746976249172573,0.760803665724708,0.7751562321963491,0.7973006882808872,0.8101642518639991,0.8310259910323821,0.844258635670726,0.860968015150303,0.8786650263877711,0.8895356775677059,0.9034490755743689,0.9139507859085959,0.924201282050624,0.9357535294936159,0.947968827597116,0.961585718127252,0.9740264659705029,0.988749019765609,1.0,0.9840040683839159,0.92797825895684,0.808286869501244,0.630409316756331,0.512249149314045,0.44256165766902705,0.44084031854447203
0.278916249890828,0.44512607029376,0.536751318618504,0.575092116374723,0.632953896561855,0.665794822014663,0.6912347026645219,0.7062025410536461,0.7211584549407859,0.745710691028656,0.7613966566932521,0.782817873825029,0.7965476565339319,0.814513182973468,0.8343087659415409,0.8465372853933442,0.8614834203497059,0.873579544711045,0.884916564400187,0.897192855583538,0.9128092604640441,0.9313064434638899,0.947209570128825,0.9651862233071039,0.9840040683839159,1.0,0.963389624090119,0.864858131641462,0.6998149877116709,0.5847807271126619,0.495913859355044,0.490144929679291
0.22718173885216,0.353934305260753,0.433876282199464,0.46742750024828394,0.522874951758287,0.5570452362804089,0.5840731344904251,0.602814934950766,0.618945688433989,0.645540040635698,0.6646415387732301,0.6859745717311869,0.7010986798260159,0.7205915313021239,0.7433288516485791,0.756224881342919,0.7729407782687171,0.7889708286592759,0.800612850031348,0.812894797504398,0.828346261126174,0.8514559990602851,0.8707634157714391,0.894946801574295,0.92797825895684,0.963389624090119,1.0,0.9160521524389409,0.7671146240150408,0.647979932543169,0.536227320172211,0.5580367017024971
0.13122524500536098,0.21286920855968602,0.308774233100729,0.342666395390243,0.39620759581519,0.430554529166347,0.45350887792128003,0.473773707997728,0.48645119533004405,0.5137360487887379,0.5320605855317211,0.551350741959862,0.56441927504318,0.5802701333085339,0.603531217514461,0.615321181654481,0.6322344689410091,0.6488740093348461,0.658906730603489,0.67390480762703,0.6961004205072211,0.7200165503047871,0.744312585118428,0.768125061374595,0.808286869501244,0.864858131641462,0.9160521524389409,1.0,0.9100069403079442,0.8057823955248541,0.634297706711788,0.581492123970051
0.0287803607023061,0.0581467768962087,0.14332920790361903,0.17269457197355098,0.22039572884332198,0.25256710771184,0.27547335167644893,0.29341446748488503,0.306147631602079,0.332698145074093,0.34797423807953404,0.366228097700874,0.38008061203290605,0.39242932720117896,0.41382273154929705,0.423821106025073,0.44194915479415,0.46044306708272703,0.473619201920978,0.4890841818971571,0.512775058401538,0.533848258328793,0.560127466957565,0.585709496248804,0.630409316756331,0.6998149877116709,0.7671146240150408,0.9100069403079442,1.0,0.9384729924597209,0.721839078531174,0.612559906702828
0.0372440617996368,0.0548381567460189,0.0220740876782254,0.0493469395313627,0.101494468751437,0.13474714682203398,0.15776364288651698,0.17469526388856002,0.18743932741404,0.21733717402015199,0.23150949863537698,0.248639867209053,0.26187311633779997,0.273124933657349,0.29319075930075106,0.304079821881928,0.32052150053775397,0.33528623488579695,0.348018434993584,0.366500876228649,0.39240613664402096,0.418150042814978,0.44571068269580894,0.46938461568667406,0.512249149314045,0.5847807271126619,0.647979932543169,0.8057823955248541,0.9384729924597209,1.0,0.772702499228095,0.6364597087512671
0.0340807940632331,0.0743713610442024,0.0346470554077117,0.005575356693214829,0.0406300849636025,0.0663056510837566,0.0902051621875994,0.100235032104559,0.110367453620975,0.129094024006039,0.140839037047565,0.157069439983639,0.16814010041937302,0.182807165015895,0.19948464013706502,0.21154113112958103,0.22443641726091298,0.240673690630395,0.253193826544224,0.273312707191114,0.296052834030747,0.323826944054289,0.34652467899616396,0.385655425797222,0.44256165766902705,0.495913859355044,0.536227320172211,0.634297706711788,0.721839078531174,0.772702499228095,1.0,0.6861783600579741
0.002794822370582,0.0768477270557777,0.0547730621028261,0.0372268821856726,0.00365067348179797,0.0326407652506631,0.0641801156006423,0.0803110428404046,0.0951448355702186,0.125069071369941,0.13789300018694198,0.162398825147175,0.17432184762389802,0.18444845048058103,0.20258146530446802,0.21540367845978897,0.22945217760166897,0.24887719759751997,0.266093076812997,0.28831729167457504,0.305091735900414,0.330570877641961,0.35341096401086,0.39082897075886,0.44084031854447203,0.490144929679291,0.5580367017024971,0.581492123970051,0.612559906702828,0.6364597087512671,0.6861783600579741,1.0
