1.0,0.789019158911371,0.6896554091017411,0.649984819288439,0.610253300768668,0.587378772348326,0.5724356863072739,0.557468926376744,0.535162071923777,0.521592331236705,0.5010344160108271,0.47817801870608295,0.460576505475074,0.4413717377595329,0.42074425098370294,0.396258495625516,0.379506777714082,0.351642899027833,0.333083468952927,0.307618245273433,0.272733890259251,0.244726099733564,0.198146886965214,0.121471730673754,0.0639380435779695,0.00342424728897514,0.0154470947259932,0.0373079630798232,0.0818852925265833,0.0784300951717748,0.0586290710112434,0.0296402444477793
0.789019158911371,1.0,0.945825548730708,0.8981172466163879,0.854801105452484,0.831870520388715,0.8175033065118399,0.800568762256744,0.7782027377594781,0.76094890758643,0.7425685662707241,0.719881922108543,0.7008529886217829,0.668058870516679,0.634864091464272,0.605817458985572,0.575839105649537,0.539048199458465,0.510356007549251,0.4719688759772371,0.42578664562505,0.37795443455704,0.303850925581583,0.19020871412940699,0.11451826172214,0.03776864256125499,0.0120545496534416,0.0132850872363232,0.0619107147250474,0.0810993771830034,0.0543301438088983,0.0442047038920828
0.6896554091017411,0.945825548730708,1.0,0.959808737604772,0.915089115658595,0.893460165467422,0.8784893096582859,0.861233003086153,0.8368967497743108,0.821702827029377,0.8057839831640741,0.7852648778797479,0.768552646584891,0.736026511090631,0.70140522424265,0.670883317095249,0.638532824724553,0.5981122308029689,0.564599922708204,0.519697475093319,0.470095081693095,0.415877219047665,0.333473885651328,0.215656528145042,0.14268774979047502,0.0659865078208839,0.0369797731193401,0.0119829384031121,0.0388301908631747,0.0552727065233057,0.0327811477282345,0.0227181263702557
0.649984819288439,0.8981172466163879,0.959808737604772,1.0,0.9746707683051758,0.95244483906954,0.9382638336241991,0.9197485764183791,0.896146172704354,0.883731536205315,0.8710671963619809,0.852248641250124,0.8363234894594058,0.8051007160999409,0.771479079253619,0.7420754838101802,0.710960398896073,0.6731444775171072,0.641105239510759,0.596621981321256,0.54605576190358,0.487598032156736,0.405128529904838,0.292021967688588,0.215007543878563,0.118612575360949,0.0828593458625936,0.0544971694413692,0.0103647760341913,0.00288083331392844,0.0142779672328842,0.0278137379930159
0.610253300768668,0.854801105452484,0.915089115658595,0.9746707683051758,1.0,0.9855739757879691,0.9724426395702809,0.9546344330029599,0.9330189349482891,0.919647922281342,0.9074564799630441,0.8910096330326851,0.877074732679536,0.8461833854568721,0.812261410759403,0.784424270499629,0.75398849205293,0.718430876808487,0.688209938987454,0.6445931140972421,0.595314191996021,0.534663341515755,0.45219356440602293,0.338922059313984,0.261282980983394,0.162176705348325,0.125297499251308,0.0928521459031293,0.045114881455602,0.0296629730143325,0.0437433454864917,0.0587461702868222
0.587378772348326,0.831870520388715,0.893460165467422,0.95244483906954,0.9855739757879691,1.0,0.9872388767682629,0.9709136846972359,0.950750327573115,0.9367233104932271,0.9245215822413309,0.909922075740737,0.895387702569009,0.86530867688913,0.832445197372003,0.803478697237879,0.773841277728386,0.738135517250202,0.707455518071644,0.6640731568958841,0.6144058521884339,0.5561540576048,0.47496233408184496,0.35986900627161494,0.28078994217690806,0.179016379071895,0.14276287974229301,0.111264766406556,0.0658370182867939,0.0511531470706542,0.062242010228162996,0.0761275861589274
0.5724356863072739,0.8175033065118399,0.8784893096582859,0.9382638336241991,0.9724426395702809,0.9872388767682629,1.0,0.9897019530404181,0.970340712395342,0.95684680846195,0.945524611945376,0.9321649589310551,0.918008918503647,0.888215005282902,0.8565724477958899,0.8292325134980459,0.799670813219603,0.7656501348534709,0.7339206022966729,0.691416582480018,0.6447522782952679,0.586270990350999,0.5032340293683389,0.388208811039159,0.308626599475154,0.203599373164263,0.163385017127143,0.13039242933012898,0.0896913829538244,0.068911337250492,0.0881048600604202,0.10163304134242199
0.557468926376744,0.800568762256744,0.861233003086153,0.9197485764183791,0.9546344330029599,0.9709136846972359,0.9897019530404181,1.0,0.9866703537702879,0.975143679653631,0.963328145495518,0.949035397961333,0.934869340602448,0.906562787925515,0.876677450460053,0.850326973066448,0.8216278213631709,0.7884968845478549,0.7576197458097491,0.7143178781725079,0.666962476729297,0.608268779090584,0.52298491806366,0.405433132979551,0.326186800180162,0.231712143699094,0.19289723926310098,0.157393926083442,0.11363500672888499,0.0868550688945898,0.10637757834190302,0.117642198613795
0.535162071923777,0.7782027377594781,0.8368967497743108,0.896146172704354,0.9330189349482891,0.950750327573115,0.970340712395342,0.9866703537702879,1.0,0.99059180061018,0.97917681374808,0.9646716947872509,0.952256694232644,0.926258057659432,0.898394839139303,0.876987786037308,0.848834726956889,0.817604178336782,0.7882949186390258,0.7460725320336651,0.700470917647945,0.643310944047051,0.560182684874405,0.4420209885886989,0.364533872282826,0.269396195214765,0.226890112743888,0.193553249656852,0.157016721952383,0.128223184884641,0.15341118201823098,0.160385181672477
0.521592331236705,0.76094890758643,0.821702827029377,0.883731536205315,0.919647922281342,0.9367233104932271,0.95684680846195,0.975143679653631,0.99059180061018,1.0,0.9930844250538801,0.9786718955413308,0.9673631603577628,0.94476683779434,0.918566558770458,0.897090257162253,0.86831295557724,0.836858847894382,0.8074990548987171,0.766258558109588,0.72104298585648,0.6636044737978051,0.579158699503066,0.45996562875037605,0.38195861771679296,0.285142342836707,0.24200206201025,0.20816680376813798,0.17099554946091197,0.13807820876660698,0.16365549059045997,0.16969316662585798
0.5010344160108271,0.7425685662707241,0.8057839831640741,0.8710671963619809,0.9074564799630441,0.9245215822413309,0.945524611945376,0.963328145495518,0.97917681374808,0.9930844250538801,1.0,0.9902606922365129,0.978822976321896,0.9569882823536341,0.930685186942035,0.9085188962584029,0.880002951829027,0.8486897742094721,0.820493441455476,0.7792135759969591,0.73435716136426,0.676444628706782,0.5909839780743891,0.47420204921169706,0.396526104268367,0.29610190118519203,0.25147809924422304,0.215254199400725,0.17985471591944502,0.145225034050228,0.170260070544036,0.17559275328151402
0.47817801870608295,0.719881922108543,0.7852648778797479,0.852248641250124,0.8910096330326851,0.909922075740737,0.9321649589310551,0.949035397961333,0.9646716947872509,0.9786718955413308,0.9902606922365129,1.0,0.9902136268165072,0.969680439838376,0.9444582812967809,0.9220973024335111,0.894474908990048,0.8640134712967199,0.8369804561400971,0.7967278549840121,0.754602328796718,0.696386675752331,0.610840957354963,0.493648645120509,0.414740834525239,0.310890653239836,0.266027643660128,0.22907823909447897,0.193500524003411,0.155000903842465,0.179269948054077,0.183342287123929
0.460576505475074,0.7008529886217829,0.768552646584891,0.8363234894594058,0.877074732679536,0.895387702569009,0.918008918503647,0.934869340602448,0.952256694232644,0.9673631603577628,0.978822976321896,0.9902136268165072,1.0,0.986426705727645,0.96340579742284,0.9438324786505029,0.917808688508435,0.8883665024152759,0.861874718341883,0.8216638210551679,0.779935793025282,0.7232421816353921,0.6379770018367029,0.521980236816736,0.440769381452966,0.33243117616100104,0.287028225247315,0.25345851024438604,0.219313413004127,0.180544918165078,0.20652224651684198,0.207856003543993
0.4413717377595329,0.668058870516679,0.736026511090631,0.8051007160999409,0.8461833854568721,0.86530867688913,0.888215005282902,0.906562787925515,0.926258057659432,0.94476683779434,0.9569882823536341,0.969680439838376,0.986426705727645,1.0,0.987558104202352,0.9731227376866941,0.952293194892047,0.9273308704369871,0.9019899415989729,0.8632671934232341,0.8205133462435591,0.7632962331144629,0.678458035416064,0.5682386574527429,0.484483668100753,0.37104323533739203,0.321871432252536,0.288859719044506,0.25578245728604,0.211251943334165,0.242624187108095,0.23864875325992302
0.42074425098370294,0.634864091464272,0.70140522424265,0.771479079253619,0.812261410759403,0.832445197372003,0.8565724477958899,0.876677450460053,0.898394839139303,0.918566558770458,0.930685186942035,0.9444582812967809,0.96340579742284,0.987558104202352,1.0,0.9877246177323459,0.9702978801865301,0.947823071490142,0.925963896988532,0.889951599151769,0.8492657517188922,0.79705598935937,0.713887427599553,0.6019091456713821,0.516542891176089,0.395861215876344,0.34466920948308,0.314212441525472,0.283813569607891,0.237448618267041,0.27188705900154103,0.266916181912715
0.396258495625516,0.605817458985572,0.670883317095249,0.7420754838101802,0.784424270499629,0.803478697237879,0.8292325134980459,0.850326973066448,0.876987786037308,0.897090257162253,0.9085188962584029,0.9220973024335111,0.9438324786505029,0.9731227376866941,0.9877246177323459,1.0,0.991017496925748,0.9737193350256609,0.9537666742903209,0.92208406142499,0.8864581064780641,0.8399418005535941,0.760427338809735,0.656304753898989,0.5717751301759029,0.447939649824136,0.392925446123952,0.36350108930980296,0.34313821309498993,0.28955686282495696,0.330338828571049,0.315298462358945
0.379506777714082,0.575839105649537,0.638532824724553,0.710960398896073,0.75398849205293,0.773841277728386,0.799670813219603,0.8216278213631709,0.848834726956889,0.86831295557724,0.880002951829027,0.894474908990048,0.917808688508435,0.952293194892047,0.9702978801865301,0.991017496925748,1.0,0.989249866521968,0.9726598051563591,0.946315347796606,0.9148883948574209,0.87426382496512,0.7997461582783492,0.7018340975505211,0.615969388369073,0.48618290851321294,0.431650513849343,0.40245852296583295,0.387522255459861,0.330356738271415,0.368323345519166,0.348398230720815
0.351642899027833,0.539048199458465,0.5981122308029689,0.6731444775171072,0.718430876808487,0.738135517250202,0.7656501348534709,0.7884968845478549,0.817604178336782,0.836858847894382,0.8486897742094721,0.8640134712967199,0.8883665024152759,0.9273308704369871,0.947823071490142,0.9737193350256609,0.989249866521968,1.0,0.986559073108266,0.964083584970107,0.9365842351104,0.898762815812,0.827469692167196,0.734447006140545,0.6525569034748772,0.5212651861315639,0.466856123845173,0.4396171635095061,0.426168082046758,0.36109953978008097,0.40253012486303097,0.37710142525102397
0.333083468952927,0.510356007549251,0.564599922708204,0.641105239510759,0.688209938987454,0.707455518071644,0.7339206022966729,0.7576197458097491,0.7882949186390258,0.8074990548987171,0.820493441455476,0.8369804561400971,0.861874718341883,0.9019899415989729,0.925963896988532,0.9537666742903209,0.9726598051563591,0.986559073108266,1.0,0.987858542170853,0.9624611477430479,0.929712816086403,0.86815945744436,0.78182866343171,0.7056901335292901,0.566657086221028,0.51431683170057,0.48326426122858296,0.47109789832000204,0.399624073203178,0.438192549456992,0.41165755311776
0.307618245273433,0.4719688759772371,0.519697475093319,0.596621981321256,0.6445931140972421,0.6640731568958841,0.691416582480018,0.7143178781725079,0.7460725320336651,0.766258558109588,0.7792135759969591,0.7967278549840121,0.8216638210551679,0.8632671934232341,0.889951599151769,0.92208406142499,0.946315347796606,0.964083584970107,0.987858542170853,1.0,0.9864607593017272,0.96048882218927,0.907076406234395,0.8306695838713771,0.7558420987322461,0.605555736456298,0.552177922205801,0.5242654836221889,0.51214821720444,0.43770968478260597,0.47593219966421396,0.45079300300084496
0.272733890259251,0.42578664562505,0.470095081693095,0.54605576190358,0.595314191996021,0.6144058521884339,0.6447522782952679,0.666962476729297,0.700470917647945,0.72104298585648,0.73435716136426,0.754602328796718,0.779935793025282,0.8205133462435591,0.8492657517188922,0.8864581064780641,0.9148883948574209,0.9365842351104,0.9624611477430479,0.9864607593017272,1.0,0.9816091189714441,0.935678422675771,0.8658122460486141,0.79415158621217,0.642405719013697,0.5883133441967271,0.555986118871947,0.5479989129753571,0.475845637515139,0.513258904375271,0.48702302387979607
0.244726099733564,0.37795443455704,0.415877219047665,0.487598032156736,0.534663341515755,0.5561540576048,0.586270990350999,0.608268779090584,0.643310944047051,0.6636044737978051,0.676444628706782,0.696386675752331,0.7232421816353921,0.7632962331144629,0.79705598935937,0.8399418005535941,0.87426382496512,0.898762815812,0.929712816086403,0.96048882218927,0.9816091189714441,1.0,0.9688902895337149,0.9089523999933019,0.8323853673853779,0.6777420710475319,0.6263315513672739,0.603594516767902,0.588896022157766,0.510253130168141,0.536973473426576,0.504908488038619
0.198146886965214,0.303850925581583,0.333473885651328,0.405128529904838,0.45219356440602293,0.47496233408184496,0.5032340293683389,0.52298491806366,0.560182684874405,0.579158699503066,0.5909839780743891,0.610840957354963,0.6379770018367029,0.678458035416064,0.713887427599553,0.760427338809735,0.7997461582783492,0.827469692167196,0.86815945744436,0.907076406234395,0.935678422675771,0.9688902895337149,1.0,0.9557667535102901,0.8872211210555642,0.729673009487858,0.6923414815042789,0.6654711894402281,0.6507897906399731,0.5796756082709771,0.595432463119929,0.5753078602198349
0.121471730673754,0.19020871412940699,0.215656528145042,0.292021967688588,0.338922059313984,0.35986900627161494,0.388208811039159,0.405433132979551,0.4420209885886989,0.45996562875037605,0.47420204921169706,0.493648645120509,0.521980236816736,0.5682386574527429,0.6019091456713821,0.656304753898989,0.7018340975505211,0.734447006140545,0.78182866343171,0.8306695838713771,0.8658122460486141,0.9089523999933019,0.9557667535102901,1.0,0.9605965186673179,0.8000685594974541,0.758849306936508,0.7268560448663491,0.710007374399585,0.650186878762157,0.642701807777379,0.617410729177912
0.0639380435779695,0.11451826172214,0.14268774979047502,0.215007543878563,0.261282980983394,0.28078994217690806,0.308626599475154,0.326186800180162,0.364533872282826,0.38195861771679296,0.396526104268367,0.414740834525239,0.440769381452966,0.484483668100753,0.516542891176089,0.5717751301759029,0.615969388369073,0.6525569034748772,0.7056901335292901,0.7558420987322461,0.79415158621217,0.8323853673853779,0.8872211210555642,0.9605965186673179,1.0,0.902175897117848,0.858907744660261,0.8077632058646099,0.7768298244433921,0.7141988546823891,0.6917638692387529,0.6639943633197211
0.00342424728897514,0.03776864256125499,0.0659865078208839,0.118612575360949,0.162176705348325,0.179016379071895,0.203599373164263,0.231712143699094,0.269396195214765,0.285142342836707,0.29610190118519203,0.310890653239836,0.33243117616100104,0.37104323533739203,0.395861215876344,0.447939649824136,0.48618290851321294,0.5212651861315639,0.566657086221028,0.605555736456298,0.642405719013697,0.6777420710475319,0.729673009487858,0.8000685594974541,0.902175897117848,1.0,0.9750028918857271,0.8997705391688441,0.8235428829879008,0.7256676803530819,0.678594809017554,0.6227003924136539
0.0154470947259932,0.0120545496534416,0.0369797731193401,0.0828593458625936,0.125297499251308,0.14276287974229301,0.163385017127143,0.19289723926310098,0.226890112743888,0.24200206201025,0.25147809924422304,0.266027643660128,0.287028225247315,0.321871432252536,0.34466920948308,0.392925446123952,0.431650513849343,0.466856123845173,0.51431683170057,0.552177922205801,0.5883133441967271,0.6263315513672739,0.6923414815042789,0.758849306936508,0.858907744660261,0.9750028918857271,1.0,0.9301168424279829,0.8508293309411751,0.7386456108742081,0.6845528097919791,0.629456822894506
0.0373079630798232,0.0132850872363232,0.0119829384031121,0.0544971694413692,0.0928521459031293,0.111264766406556,0.13039242933012898,0.157393926083442,0.193553249656852,0.20816680376813798,0.215254199400725,0.22907823909447897,0.25345851024438604,0.288859719044506,0.314212441525472,0.36350108930980296,0.40245852296583295,0.4396171635095061,0.48326426122858296,0.5242654836221889,0.555986118871947,0.603594516767902,0.6654711894402281,0.7268560448663491,0.8077632058646099,0.8997705391688441,0.9301168424279829,1.0,0.9265208940917371,0.7931305261051659,0.7524763265021249,0.681264613786915
0.0818852925265833,0.0619107147250474,0.0388301908631747,0.0103647760341913,0.045114881455602,0.0658370182867939,0.0896913829538244,0.11363500672888499,0.157016721952383,0.17099554946091197,0.17985471591944502,0.193500524003411,0.219313413004127,0.25578245728604,0.283813569607891,0.34313821309498993,0.387522255459861,0.426168082046758,0.47109789832000204,0.51214821720444,0.5479989129753571,0.588896022157766,0.6507897906399731,0.710007374399585,0.7768298244433921,0.8235428829879008,0.8508293309411751,0.9265208940917371,1.0,0.9044310119767919,0.888773520154255,0.799998349282264
0.0784300951717748,0.0810993771830034,0.0552727065233057,0.00288083331392844,0.0296629730143325,0.0511531470706542,0.068911337250492,0.0868550688945898,0.128223184884641,0.13807820876660698,0.145225034050228,0.155000903842465,0.180544918165078,0.211251943334165,0.237448618267041,0.28955686282495696,0.330356738271415,0.36109953978008097,0.399624073203178,0.43770968478260597,0.475845637515139,0.510253130168141,0.5796756082709771,0.650186878762157,0.7141988546823891,0.7256676803530819,0.7386456108742081,0.7931305261051659,0.9044310119767919,1.0,0.9370171034619941,0.864205811450826
0.0586290710112434,0.0543301438088983,0.0327811477282345,0.0142779672328842,0.0437433454864917,0.062242010228162996,0.0881048600604202,0.10637757834190302,0.15341118201823098,0.16365549059045997,0.170260070544036,0.179269948054077,0.20652224651684198,0.242624187108095,0.27188705900154103,0.330338828571049,0.368323345519166,0.40253012486303097,0.438192549456992,0.47593219966421396,0.513258904375271,0.536973473426576,0.595432463119929,0.642701807777379,0.6917638692387529,0.678594809017554,0.6845528097919791,0.7524763265021249,0.888773520154255,0.9370171034619941,1.0,0.946848922630114
0.0296402444477793,0.0442047038920828,0.0227181263702557,0.0278137379930159,0.0587461702868222,0.0761275861589274,0.10163304134242199,0.117642198613795,0.160385181672477,0.16969316662585798,0.17559275328151402,0.183342287123929,0.207856003543993,0.23864875325992302,0.266916181912715,0.315298462358945,0.348398230720815,0.37710142525102397,0.41165755311776,0.45079300300084496,0.48702302387979607,0.504908488038619,0.5753078602198349,0.617410729177912,0.6639943633197211,0.6227003924136539,0.629456822894506,0.681264613786915,0.799998349282264,0.864205811450826,0.946848922630114,1.0
