1.0,0.982520424084837,0.9025894282412891,0.754615051519093,0.7437936211970549,0.7098914533423301,0.649928862674254,0.638060696134351,0.6110372499721209,0.56729439123672,0.547542580955619,0.524119336328826,0.4907575527507199,0.462591751246923,0.43221292577402004,0.39545965684462897,0.364950490202241,0.33978541626564196,0.31236940315287204,0.28685280146312797,0.259286589264199,0.230528812713352,0.19300175775621,0.11912032240391499,0.0844914281017107,0.0666184285377246,0.0665455795059949,0.0639776266839804,0.0613821231762988,0.0279839495946471,0.0065027642408594395,0.00476083349627263
0.982520424084837,1.0,0.9669526453686759,0.86350466892552,0.850731536002602,0.8115109231127879,0.7424713494655171,0.7303504698584591,0.701028212754684,0.652587404781901,0.629664451415912,0.6020776941368959,0.563092581716095,0.531040525736457,0.496909497541636,0.455405355673932,0.4221439048952921,0.395884022288247,0.36663562969026,0.338740472485276,0.307149609292318,0.273886101769332,0.23066747790715603,0.145142208356395,0.104686629930541,0.0837599480287837,0.0845092134962854,0.0817628341370843,0.0787878780328687,0.0452354228407496,0.0223837534562068,0.0100666377568014
0.9025894282412891,0.9669526453686759,1.0,0.963430212436254,0.9487119498907919,0.904442314544651,0.8269053572011279,0.8151290993223609,0.7843294047680349,0.7322148334421371,0.706255025416368,0.6745380499216789,0.6300729282825489,0.594524849513439,0.557199869530092,0.511554179065822,0.476418701589128,0.450155856448363,0.420064637579464,0.39050149896886105,0.35519878420459206,0.31765986147719105,0.26910902349068,0.172510307047185,0.12638000354488899,0.10246357822877601,0.10429610608317401,0.10146186382881099,0.0981367472223839,0.0662850507960667,0.0428586316378078,0.0298005451173597
0.754615051519093,0.86350466892552,0.963430212436254,1.0,0.9877251640903829,0.9450560212244029,0.8678419110227571,0.8572220610749641,0.8267177833080059,0.7738203992803749,0.7465678537785619,0.712804419891477,0.6655763548034079,0.628836006482217,0.59071430485615,0.543690361244323,0.508932393127577,0.48446475857443805,0.455422901511509,0.42584330773577206,0.38840617053811105,0.348237586875066,0.296554760044942,0.19326441931325197,0.143490228699909,0.11763008646933501,0.120657843702089,0.117934092051288,0.11443369912496901,0.0873444672278561,0.0651218955698095,0.0522050552454803
0.7437936211970549,0.850731536002602,0.9487119498907919,0.9877251640903829,1.0,0.9845192954809978,0.9347966608289551,0.9240303039460022,0.891515641919861,0.834867021310408,0.808330376053772,0.7752582725996651,0.7274426677228579,0.6908467871929611,0.6525524982594549,0.604210355607036,0.568848256890601,0.544243716211993,0.5141558482545501,0.48238112536310596,0.44014492207654,0.394767316811336,0.336784171235521,0.221154274846833,0.165189307353985,0.13608799062331098,0.14041789278090197,0.137741150795587,0.13397515013061098,0.11234423860119698,0.0914405801239354,0.0786367486115516
0.7098914533423301,0.8115109231127879,0.904442314544651,0.9450560212244029,0.9845192954809978,1.0,0.9825805462334549,0.971964755928103,0.9381454126622171,0.878944702109187,0.853987694099335,0.822658849129768,0.775582777796427,0.7402195997191179,0.702851927289524,0.6544448387372429,0.61943933605196,0.5954009638956811,0.565019557044406,0.531711201582605,0.48532549648020096,0.43543027260132394,0.372073716940521,0.24598012293105603,0.184705623091165,0.152818682464029,0.15848307076814902,0.15593738565965198,0.151983515169662,0.13711026259137699,0.11829810061444901,0.105995647192653
0.649928862674254,0.7424713494655171,0.8269053572011279,0.8678419110227571,0.9347966608289551,0.9825805462334549,1.0,0.989903011631892,0.9558445829157,0.895940943470296,0.873503119708716,0.8450825168255781,0.8003832595204771,0.767523498055751,0.7324025314821709,0.685564337117758,0.65212125505255,0.629496453374847,0.5998317127183891,0.5660242371747181,0.516808372762107,0.463811429774781,0.396901235412384,0.263979585556034,0.199148731567505,0.165387152213314,0.172274791142601,0.16995418749795096,0.16593489838793102,0.15872968211540303,0.142771506784501,0.13141686913317902
0.638060696134351,0.7303504698584591,0.8151290993223609,0.8572220610749641,0.9240303039460022,0.971964755928103,0.989903011631892,1.0,0.987847736186212,0.9498517008824209,0.9316404433695029,0.902785506734021,0.856499478382158,0.8236346018274491,0.788663654549948,0.7409160039765831,0.707161233945234,0.6845957277321979,0.65413016319362,0.6196880095680529,0.5692425539777399,0.5137086612572329,0.442623428843721,0.298144569380979,0.227105841280322,0.19005556805354099,0.19983480874574802,0.198237451433728,0.19425806177323102,0.19014283093234502,0.173610130829253,0.161290218760659
0.6110372499721209,0.701028212754684,0.7843294047680349,0.8267177833080059,0.891515641919861,0.9381454126622171,0.9558445829157,0.987847736186212,1.0,0.9869102823442958,0.9737245088222709,0.945024582543467,0.8980371234700879,0.865894837292905,0.831867993974922,0.7842044578262479,0.750867250062933,0.728870221018717,0.6982197065970319,0.6638801280547839,0.613279717881114,0.556277456330782,0.48229067894852207,0.328541798129843,0.252371299736881,0.212588876088791,0.225300015858853,0.224529983201634,0.220686698575405,0.219967700649825,0.203153222658857,0.19004767204839698
0.56729439123672,0.652587404781901,0.7322148334421371,0.7738203992803749,0.834867021310408,0.878944702109187,0.895940943470296,0.9498517008824209,0.9869102823442958,1.0,0.9923675800795559,0.964566054269679,0.918058315707191,0.8874918219603801,0.8553190470483559,0.8089676953712521,0.776920488167833,0.756078618920997,0.726023887068154,0.6926732352116379,0.643212423940173,0.58615147099115,0.5110554099627109,0.35163905967555104,0.272101293218871,0.23050633277213,0.24593297618830104,0.246041172891448,0.24243788087514198,0.24526132546572196,0.22858658766915899,0.21500265061394397
0.547542580955619,0.629664451415912,0.706255025416368,0.7465678537785619,0.808330376053772,0.853987694099335,0.873503119708716,0.9316404433695029,0.9737245088222709,0.9923675800795559,1.0,0.98948587594044,0.959293148219396,0.935706146266382,0.905452298630707,0.85997587920652,0.828256012790277,0.807109374999907,0.7759962812513259,0.7414299572290741,0.6897480551040861,0.6295830169425121,0.5501002674547439,0.3801488521083621,0.295086361131912,0.25058916926763397,0.269073391387262,0.270173926342145,0.266844397476673,0.270154617623268,0.251859394753778,0.236932426257267
0.524119336328826,0.6020776941368959,0.6745380499216789,0.712804419891477,0.7752582725996651,0.822658849129768,0.8450825168255781,0.902785506734021,0.945024582543467,0.964566054269679,0.98948587594044,1.0,0.9900521664578371,0.975003336837302,0.9471712748162741,0.9032016990874079,0.872108587327255,0.8506800873951791,0.8186442926177521,0.78293476907273,0.7291243670800941,0.666144820425145,0.582815138068264,0.403932191401555,0.314205597392816,0.267264587904121,0.288601846262265,0.29070659953240996,0.287712158424089,0.290809148672654,0.270800605478352,0.254576334065492
0.4907575527507199,0.563092581716095,0.6300729282825489,0.6655763548034079,0.7274426677228579,0.775582777796427,0.8003832595204771,0.856499478382158,0.8980371234700879,0.918058315707191,0.959293148219396,0.9900521664578371,1.0,0.993561039811412,0.9686465267280879,0.9270300078675021,0.8971739708947521,0.8759036142963359,0.8436165483771801,0.8075153673137809,0.7527199820761551,0.688273078345913,0.6028822510460621,0.41891959646560495,0.326465951514813,0.278094607145227,0.30177689308493,0.304816119562373,0.302208080680907,0.30503514731300396,0.28376352426327,0.266604536800417
0.462591751246923,0.531040525736457,0.594524849513439,0.628836006482217,0.6908467871929611,0.7402195997191179,0.767523498055751,0.8236346018274491,0.865894837292905,0.8874918219603801,0.935706146266382,0.975003336837302,0.993561039811412,1.0,0.9898174971316451,0.961712954950943,0.938402865870806,0.917310639161931,0.884539351059148,0.848149263816957,0.792720115937756,0.7265674412013761,0.638598365039349,0.44712822965105603,0.350335670524825,0.299648021062621,0.327159761491969,0.331578322779276,0.32945203795595696,0.331696464926346,0.308029883075921,0.28910533320800397
0.43221292577402004,0.496909497541636,0.557199869530092,0.59071430485615,0.6525524982594549,0.702851927289524,0.7324025314821709,0.788663654549948,0.831867993974922,0.8553190470483559,0.905452298630707,0.9471712748162741,0.9686465267280879,0.9898174971316451,1.0,0.990930453537163,0.9768996226156891,0.9562201498612372,0.923209870502522,0.886974089555438,0.8316814744058679,0.764436148077521,0.6746111848559201,0.47659958994718393,0.37577728052525394,0.32291556922415005,0.35463613639748903,0.360586646871314,0.359006090277987,0.36049938684759497,0.334172468806844,0.313304317800365
0.39545965684462897,0.455405355673932,0.511554179065822,0.543690361244323,0.604210355607036,0.6544448387372429,0.685564337117758,0.7409160039765831,0.7842044578262479,0.8089676953712521,0.85997587920652,0.9032016990874079,0.9270300078675021,0.961712954950943,0.990930453537163,1.0,0.994991216394493,0.9750877339956852,0.94246854244617,0.907055394307065,0.852924655966054,0.785904118984567,0.6960052624255679,0.4955176015421121,0.39277465546160706,0.338848130114577,0.373949357727748,0.381234909602755,0.38019906639462603,0.380955373464128,0.352608855345189,0.33029574387015903
0.364950490202241,0.4221439048952921,0.476418701589128,0.508932393127577,0.568848256890601,0.61943933605196,0.65212125505255,0.707161233945234,0.750867250062933,0.776920488167833,0.828256012790277,0.872108587327255,0.8971739708947521,0.938402865870806,0.9768996226156891,0.994991216394493,1.0,0.99064387886617,0.9670698498696841,0.938189607375475,0.8865130303653991,0.8203135416856779,0.729969793272709,0.523677255496112,0.417256121774319,0.36130156133273794,0.397847373983725,0.40511013146967406,0.40370336375779703,0.40245646575269395,0.37133491151239595,0.347179408268599
0.33978541626564196,0.395884022288247,0.450155856448363,0.48446475857443805,0.544243716211993,0.5954009638956811,0.629496453374847,0.6845957277321979,0.728870221018717,0.756078618920997,0.807109374999907,0.8506800873951791,0.8759036142963359,0.917310639161931,0.9562201498612372,0.9750877339956852,0.99064387886617,1.0,0.992755559339851,0.9752348571782641,0.927202719641083,0.862504495399677,0.771666589297568,0.5574570659212211,0.44625499532982,0.38766165629365706,0.42382245510543703,0.42986478961211294,0.427308849269168,0.423028020679562,0.3886536947208139,0.36243890563658093
0.31236940315287204,0.36663562969026,0.420064637579464,0.455422901511509,0.5141558482545501,0.565019557044406,0.5998317127183891,0.65413016319362,0.6982197065970319,0.726023887068154,0.7759962812513259,0.8186442926177521,0.8436165483771801,0.884539351059148,0.923209870502522,0.94246854244617,0.9670698498696841,0.992755559339851,1.0,0.992751595056476,0.9486716739730899,0.8862968131091529,0.7964301673466271,0.5785667731061059,0.464877112616379,0.40486768982346205,0.440129689622889,0.44500400673321,0.441475894039141,0.434590238346629,0.397884312726219,0.370262357166332
0.28685280146312797,0.338740472485276,0.39050149896886105,0.42584330773577206,0.48238112536310596,0.531711201582605,0.5660242371747181,0.6196880095680529,0.6638801280547839,0.6926732352116379,0.7414299572290741,0.78293476907273,0.8075153673137809,0.848149263816957,0.886974089555438,0.907055394307065,0.938189607375475,0.9752348571782641,0.992751595056476,1.0,0.9767695481619171,0.929264754072198,0.852075177849703,0.6389794712224979,0.5240565566392941,0.462838950741066,0.495599513451282,0.496840699302817,0.49021779487556705,0.47741139366999796,0.434215186710299,0.40244589459904107
0.259286589264199,0.307149609292318,0.35519878420459206,0.38840617053811105,0.44014492207654,0.48532549648020096,0.516808372762107,0.5692425539777399,0.613279717881114,0.643212423940173,0.6897480551040861,0.7291243670800941,0.7527199820761551,0.792720115937756,0.8316814744058679,0.852924655966054,0.8865130303653991,0.927202719641083,0.9486716739730899,0.9767695481619171,1.0,0.986840232250586,0.940986029630047,0.748446071558052,0.635895597267415,0.5747029277176271,0.6020520205206079,0.5959472246678399,0.583151972096745,0.559637448593342,0.504381530828248,0.46484841162192503
0.230528812713352,0.273886101769332,0.31765986147719105,0.348237586875066,0.394767316811336,0.43543027260132394,0.463811429774781,0.5137086612572329,0.556277456330782,0.58615147099115,0.6295830169425121,0.666144820425145,0.688273078345913,0.7265674412013761,0.764436148077521,0.785904118984567,0.8203135416856779,0.862504495399677,0.8862968131091529,0.929264754072198,0.986840232250586,1.0,0.979197694320926,0.808077267135317,0.700770993787722,0.641475066198896,0.663901524536399,0.6524410299459771,0.635380987353695,0.604508081915542,0.541848019269747,0.49766978135118395
0.19300175775621,0.23066747790715603,0.26910902349068,0.296554760044942,0.336784171235521,0.372073716940521,0.396901235412384,0.442623428843721,0.48229067894852207,0.5110554099627109,0.5501002674547439,0.582815138068264,0.6028822510460621,0.638598365039349,0.6746111848559201,0.6960052624255679,0.729969793272709,0.771666589297568,0.7964301673466271,0.852075177849703,0.940986029630047,0.979197694320926,1.0,0.9038932797702509,0.8207082167685251,0.7719674738126321,0.780804228713205,0.7566001936378101,0.7298440817962649,0.6888193772882739,0.6145162855528989,0.5627357974946701
0.11912032240391499,0.145142208356395,0.172510307047185,0.19326441931325197,0.221154274846833,0.24598012293105603,0.263979585556034,0.298144569380979,0.328541798129843,0.35163905967555104,0.3801488521083621,0.403932191401555,0.41891959646560495,0.44712822965105603,0.47659958994718393,0.4955176015421121,0.523677255496112,0.5574570659212211,0.5785667731061059,0.6389794712224979,0.748446071558052,0.808077267135317,0.9038932797702509,1.0,0.98623114861553,0.9696815609208141,0.946427065422123,0.8963176554629091,0.850926110006765,0.7970509841347991,0.70834532324654,0.6470754948566229
0.0844914281017107,0.104686629930541,0.12638000354488899,0.143490228699909,0.165189307353985,0.184705623091165,0.199148731567505,0.227105841280322,0.252371299736881,0.272101293218871,0.295086361131912,0.314205597392816,0.326465951514813,0.350335670524825,0.37577728052525394,0.39277465546160706,0.417256121774319,0.44625499532982,0.464877112616379,0.5240565566392941,0.635895597267415,0.700770993787722,0.8207082167685251,0.98623114861553,1.0,0.996738391247976,0.962261524597953,0.904688783868092,0.8544042383590958,0.798304635422284,0.7085481431263879,0.6467298107713829
0.0666184285377246,0.0837599480287837,0.10246357822877601,0.11763008646933501,0.13608799062331098,0.152818682464029,0.165387152213314,0.19005556805354099,0.212588876088791,0.23050633277213,0.25058916926763397,0.267264587904121,0.278094607145227,0.299648021062621,0.32291556922415005,0.338848130114577,0.36130156133273794,0.38766165629365706,0.40486768982346205,0.462838950741066,0.5747029277176271,0.641475066198896,0.7719674738126321,0.9696815609208141,0.996738391247976,1.0,0.961342581761801,0.901248127463054,0.8494039055436049,0.7925401387026,0.702883455675687,0.6412394688367321
0.0665455795059949,0.0845092134962854,0.10429610608317401,0.120657843702089,0.14041789278090197,0.15848307076814902,0.172274791142601,0.19983480874574802,0.225300015858853,0.24593297618830104,0.269073391387262,0.288601846262265,0.30177689308493,0.327159761491969,0.35463613639748903,0.373949357727748,0.397847373983725,0.42382245510543703,0.440129689622889,0.495599513451282,0.6020520205206079,0.663901524536399,0.780804228713205,0.946427065422123,0.962261524597953,0.961342581761801,1.0,0.985720502560436,0.9618849654598101,0.8893574284990341,0.7812191224184429,0.708309192769593
0.0639776266839804,0.0817628341370843,0.10146186382881099,0.117934092051288,0.137741150795587,0.15593738565965198,0.16995418749795096,0.198237451433728,0.224529983201634,0.246041172891448,0.270173926342145,0.29070659953240996,0.304816119562373,0.331578322779276,0.360586646871314,0.381234909602755,0.40511013146967406,0.42986478961211294,0.44500400673321,0.496840699302817,0.5959472246678399,0.6524410299459771,0.7566001936378101,0.8963176554629091,0.904688783868092,0.901248127463054,0.985720502560436,1.0,0.9941966370851658,0.914840371589966,0.7995004745867079,0.7224657485401751
0.0613821231762988,0.0787878780328687,0.0981367472223839,0.11443369912496901,0.13397515013061098,0.151983515169662,0.16593489838793102,0.19425806177323102,0.220686698575405,0.24243788087514198,0.266844397476673,0.287712158424089,0.302208080680907,0.32945203795595696,0.359006090277987,0.38019906639462603,0.40370336375779703,0.427308849269168,0.441475894039141,0.49021779487556705,0.583151972096745,0.635380987353695,0.7298440817962649,0.850926110006765,0.8544042383590958,0.8494039055436049,0.9618849654598101,0.9941966370851658,1.0,0.9174655795603209,0.799246411633773,0.7207263238739928
0.0279839495946471,0.0452354228407496,0.0662850507960667,0.0873444672278561,0.11234423860119698,0.13711026259137699,0.15872968211540303,0.19014283093234502,0.219967700649825,0.24526132546572196,0.270154617623268,0.290809148672654,0.30503514731300396,0.331696464926346,0.36049938684759497,0.380955373464128,0.40245646575269395,0.423028020679562,0.434590238346629,0.47741139366999796,0.559637448593342,0.604508081915542,0.6888193772882739,0.7970509841347991,0.798304635422284,0.7925401387026,0.8893574284990341,0.914840371589966,0.9174655795603209,1.0,0.9723503045574059,0.9369779087830842
0.0065027642408594395,0.0223837534562068,0.0428586316378078,0.0651218955698095,0.0914405801239354,0.11829810061444901,0.142771506784501,0.173610130829253,0.203153222658857,0.22858658766915899,0.251859394753778,0.270800605478352,0.28376352426327,0.308029883075921,0.334172468806844,0.352608855345189,0.37133491151239595,0.3886536947208139,0.397884312726219,0.434215186710299,0.504381530828248,0.541848019269747,0.6145162855528989,0.70834532324654,0.7085481431263879,0.702883455675687,0.7812191224184429,0.7995004745867079,0.799246411633773,0.9723503045574059,1.0,0.992662447186844
0.00476083349627263,0.0100666377568014,0.0298005451173597,0.0522050552454803,0.0786367486115516,0.105995647192653,0.13141686913317902,0.161290218760659,0.19004767204839698,0.21500265061394397,0.236932426257267,0.254576334065492,0.266604536800417,0.28910533320800397,0.313304317800365,0.33029574387015903,0.347179408268599,0.36243890563658093,0.370262357166332,0.40244589459904107,0.46484841162192503,0.49766978135118395,0.5627357974946701,0.6470754948566229,0.6467298107713829,0.6412394688367321,0.708309192769593,0.7224657485401751,0.7207263238739928,0.9369779087830842,0.992662447186844,1.0
