1.0,0.9809867684045191,0.884741093207172,0.6921402612457099,0.679587446351184,0.6334433568227641,0.537373618791433,0.533071959107411,0.511182279571639,0.47022055842844396,0.454549392861656,0.436079431816798,0.407858823224596,0.397533477620805,0.392947771789081,0.38240625232177006,0.36851410769960097,0.34478608584514603,0.315709566873644,0.291441544443578,0.27329006019515695,0.25441474230469,0.23100986577813898,0.18110526196041601,0.14297574052360099,0.116826581579092,0.131090341002583,0.124233868690024,0.11825291598998901,0.11837280763360002,0.10873296889478698,0.098637229979566
0.9809867684045191,1.0,0.9583741551881709,0.8189878332409241,0.8039213068501792,0.749056212561482,0.6350966464830949,0.627737029847365,0.5994647130055649,0.548801684704482,0.528793981683553,0.505754245489997,0.47143985723253706,0.45875529010980204,0.453175796760206,0.440745965635812,0.425686520785508,0.40020219771629,0.368105021396427,0.34051694779821595,0.31866158232643,0.29611892788436306,0.269902348292425,0.217892979303323,0.17703851932669604,0.148636832813278,0.15898003813713002,0.14763175621450597,0.138952493973796,0.146723044595073,0.140919066183328,0.131966324873554
0.884741093207172,0.9583741551881709,1.0,0.948601787837087,0.9308857746780601,0.8670091340172759,0.7346620150885451,0.7233158574013691,0.6876213243432919,0.6262121128202071,0.6012171430960971,0.573058031291895,0.5321668957453379,0.516894343534012,0.5102411455888061,0.49589838528314,0.48016975040268506,0.453875265589279,0.41956809172104603,0.389015741845978,0.363232442206893,0.33686345026595504,0.30833500458677504,0.256848900909504,0.214828977904322,0.18509014100452498,0.188945714505624,0.17177906216983502,0.15973420251335402,0.178219304657484,0.178462441405534,0.17181432264382399
0.6921402612457099,0.8189878332409241,0.948601787837087,1.0,0.984970019407613,0.922151696810521,0.7874782501417109,0.772690529395547,0.731567441470869,0.663056147859573,0.634557664183892,0.6030092360503491,0.5581035080881539,0.541130911069498,0.533731947194101,0.518317103826025,0.50295389053056,0.477665429974308,0.443475281002326,0.411967298915661,0.383854041748642,0.35531846241351595,0.326577589958539,0.280181374688824,0.24044875139273103,0.21173198361109902,0.20789012621542302,0.185476934851433,0.170567148172884,0.19920923491585396,0.205924528828846,0.20222757766273897
0.679587446351184,0.8039213068501792,0.9308857746780601,0.984970019407613,1.0,0.975106869802478,0.8821004568805111,0.86653185698026,0.8208357267926041,0.74441364549802,0.7132082382253679,0.6786424594455079,0.6290243395552709,0.609873959685986,0.6010321200132529,0.583195790324808,0.564850801774295,0.534982507197999,0.49544836218384103,0.459521580775799,0.42812126769636294,0.39626013231068796,0.36472416982189904,0.315325699390914,0.27237016022601196,0.241152998640019,0.23626034529952203,0.210558880392845,0.193506457439311,0.22244127056490998,0.227560781292468,0.22205404766254197
0.6334433568227641,0.749056212561482,0.8670091340172759,0.922151696810521,0.975106869802478,1.0,0.964593194674657,0.948710086960185,0.8991625465598709,0.8159619521277081,0.782660442597991,0.7457485397078331,0.6922734242120681,0.6711735389292739,0.6608701156403389,0.640713362369535,0.619351158460218,0.584923337593858,0.5402757895185789,0.5002639205471939,0.46603137553089397,0.43130894655930696,0.3975783050706939,0.346508513259087,0.301313681624986,0.26826606883140197,0.26224065670079,0.2334535771824,0.214404063972075,0.24243609756165999,0.24528080920992698,0.237694106262487
0.537373618791433,0.6350966464830949,0.7346620150885451,0.7874782501417109,0.8821004568805111,0.964593194674657,1.0,0.984775455784059,0.9338682465329692,0.8480143344922851,0.814384750448073,0.7770821183474229,0.7224960450453309,0.700449155475279,0.689077143431777,0.667470880325666,0.64390874395025,0.606295967424484,0.558469101402325,0.5161996474311379,0.48082397363843,0.444955698849252,0.410807631531437,0.36107023868012506,0.316150269786927,0.283074052679414,0.276093032623156,0.245507397910932,0.22532097417626898,0.250456674482964,0.25041068476649997,0.24084322699240196
0.533071959107411,0.627737029847365,0.7233158574013691,0.772690529395547,0.86653185698026,0.948710086960185,0.984775455784059,1.0,0.9818132099849859,0.927223396120453,0.900533727127382,0.8637247408073281,0.8076077850949169,0.783916256985443,0.7702541346270458,0.745212017820812,0.719992848995423,0.680618463228369,0.629217445483004,0.5839642958942,0.546643157519485,0.508104358279184,0.471487620952257,0.418067497486728,0.36866206239668603,0.33197056561377003,0.321518246143493,0.284887485001948,0.260903646030658,0.291177833292136,0.292001415168785,0.281386675250003
0.511182279571639,0.5994647130055649,0.6876213243432919,0.731567441470869,0.8208357267926041,0.8991625465598709,0.9338682465329692,0.9818132099849859,1.0,0.9814604584240691,0.96327110018437,0.9282715192792371,0.8724255409929471,0.84776385760611,0.832083270879471,0.8041673066757171,0.7780318163640658,0.738125307503797,0.6846262666639829,0.6376975830574201,0.599548758083824,0.559432377525089,0.5213837741512329,0.46576304546395597,0.41315486168186205,0.373777316859168,0.359904914589856,0.317953482609872,0.29066086353255605,0.325539812700933,0.327318922885554,0.315948958810436
0.47022055842844396,0.548801684704482,0.6262121128202071,0.663056147859573,0.74441364549802,0.8159619521277081,0.8480143344922851,0.927223396120453,0.9814604584240691,1.0,0.9910634203518051,0.959182038084622,0.9056703574198199,0.880939264229417,0.8637995306193991,0.8340123458838421,0.8079161781045491,0.7689450174110342,0.7153020197601471,0.668413460415461,0.6308367351158921,0.590607992578605,0.5525178343204841,0.49672787660872797,0.442827574668182,0.40219133924589096,0.385378047559432,0.33960308804058903,0.30997715550269395,0.34821785427185303,0.35089597955750207,0.33918312443389304
0.454549392861656,0.528793981683553,0.6012171430960971,0.634557664183892,0.7132082382253679,0.782660442597991,0.814384750448073,0.900533727127382,0.96327110018437,0.9910634203518051,1.0,0.988000594467095,0.953284442897334,0.933950650387248,0.9153280857394991,0.8833326256190741,0.856283865775481,0.8163878058078392,0.760623632729973,0.712203394448351,0.6740988981963439,0.632695344247302,0.5936384522984449,0.53660228546476,0.4803953914385539,0.43773184061321707,0.41706070331473405,0.36644291918399996,0.33387387317917894,0.376707806693521,0.38080933116435706,0.36883607970708004
0.436079431816798,0.505754245489997,0.573058031291895,0.6030092360503491,0.6786424594455079,0.7457485397078331,0.7770821183474229,0.8637247408073281,0.9282715192792371,0.959182038084622,0.988000594467095,1.0,0.9885009656627591,0.97615008177927,0.9563299113475959,0.9225607172969641,0.894796384931307,0.8542511303023641,0.7968655359990601,0.7473841179290229,0.7091642554231569,0.6670499718036221,0.627483090347775,0.5699285107368779,0.512120783664248,0.46796045739043296,0.44351747411281295,0.388615669981569,0.35347614051634496,0.40051764369531295,0.40611036560486397,0.394094290939646
0.407858823224596,0.47143985723253706,0.5321668957453379,0.5581035080881539,0.6290243395552709,0.6922734242120681,0.7224960450453309,0.8076077850949169,0.8724255409929471,0.9056703574198199,0.953284442897334,0.9885009656627591,1.0,0.9947728640372611,0.974240936911756,0.93952020103816,0.9117007257679671,0.8714624345430569,0.8138234324484609,0.7644533627931841,0.7270090505613871,0.6851779597367701,0.646031586370284,0.5893074292850621,0.531276264654864,0.486677116494035,0.459109530045726,0.401289756373104,0.364450482667536,0.41451783553807797,0.42144050191546606,0.409661839641243
0.397533477620805,0.45875529010980204,0.516894343534012,0.541130911069498,0.609873959685986,0.6711735389292739,0.700449155475279,0.783916256985443,0.84776385760611,0.880939264229417,0.933950650387248,0.97615008177927,0.9947728640372611,1.0,0.9912410316416991,0.9672810209951779,0.944423115155198,0.9032710816263759,0.843974038223084,0.7937355458181341,0.7566521420074509,0.7145745946462501,0.6749728400344088,0.616688906807959,0.5566338063108189,0.510439418085444,0.48495695100345393,0.425468100208231,0.38730044567525396,0.440455296297137,0.44769158243313395,0.435106617137559
0.392947771789081,0.453175796760206,0.5102411455888061,0.533731947194101,0.6010321200132529,0.6608701156403389,0.689077143431777,0.7702541346270458,0.832083270879471,0.8637995306193991,0.9153280857394991,0.9563299113475959,0.974240936911756,0.9912410316416991,1.0,0.992314551007597,0.9768669602806892,0.9345498025270759,0.8734081795903359,0.8222316180523929,0.785582810238234,0.7433283949599929,0.70316222961319,0.6426539746536329,0.5802138572008211,0.5322558940631129,0.511480493387484,0.451398522079875,0.41239407012609797,0.468200256740269,0.475206184884649,0.461430815850747
0.38240625232177006,0.440745965635812,0.49589838528314,0.518317103826025,0.583195790324808,0.640713362369535,0.667470880325666,0.745212017820812,0.8041673066757171,0.8340123458838421,0.8833326256190741,0.9225607172969641,0.93952020103816,0.9672810209951779,0.992314551007597,1.0,0.9917411423569499,0.9490048176653171,0.8871065639039241,0.8358643755586079,0.800205205630475,0.7584565917255149,0.7183999250232349,0.656769166911224,0.5930866816747471,0.544238467451437,0.528203611179639,0.468520746908784,0.42935211341077795,0.486755629084317,0.49343437843017296,0.478762560814104
0.36851410769960097,0.425686520785508,0.48016975040268506,0.50295389053056,0.564850801774295,0.619351158460218,0.64390874395025,0.719992848995423,0.7780318163640658,0.8079161781045491,0.856283865775481,0.894796384931307,0.9117007257679671,0.944423115155198,0.9768669602806892,0.9917411423569499,1.0,0.979913371082492,0.93531149773737,0.8942351412163441,0.860836195796157,0.819760021719888,0.7788750201881629,0.711125304963918,0.641535876172732,0.588175819494206,0.56651071018776,0.500551281551572,0.457626176587355,0.517501842896845,0.5237985309994829,0.50773406578117
0.34478608584514603,0.40020219771629,0.453875265589279,0.477665429974308,0.534982507197999,0.584923337593858,0.606295967424484,0.680618463228369,0.738125307503797,0.7689450174110342,0.8163878058078392,0.8542511303023641,0.8714624345430569,0.9032710816263759,0.9345498025270759,0.9490048176653171,0.979913371082492,1.0,0.9870853860394,0.9646534858958641,0.935117792741873,0.8957112361599789,0.854206626045862,0.7782451836128199,0.700951794761523,0.641663824411625,0.606809228468317,0.531078085696428,0.482711547265687,0.544244441293666,0.5500045417125021,0.5326103898633561
0.315709566873644,0.368105021396427,0.41956809172104603,0.443475281002326,0.49544836218384103,0.5402757895185789,0.558469101402325,0.629217445483004,0.6846262666639829,0.7153020197601471,0.760623632729973,0.7968655359990601,0.8138234324484609,0.843974038223084,0.8734081795903359,0.8871065639039241,0.93531149773737,0.9870853860394,1.0,0.99319665182732,0.967622282502063,0.930701673490919,0.8899050470082241,0.8095538863367729,0.7283173565622959,0.665989868137191,0.621552815649738,0.540172142546673,0.488839603102305,0.5499162008802421,0.555077934854019,0.537120959186136
0.291441544443578,0.34051694779821595,0.389015741845978,0.411967298915661,0.459521580775799,0.5002639205471939,0.5161996474311379,0.5839642958942,0.6376975830574201,0.668413460415461,0.712203394448351,0.7473841179290229,0.7644533627931841,0.7937355458181341,0.8222316180523929,0.8358643755586079,0.8942351412163441,0.9646534858958641,0.99319665182732,1.0,0.9870518574564621,0.959546932202885,0.9254147734376401,0.846713401903341,0.7650843230747428,0.7018508149789972,0.645874546954217,0.557035567624812,0.501685228246159,0.560638194503833,0.5635340056392889,0.5438554405743969
0.27329006019515695,0.31866158232643,0.363232442206893,0.383854041748642,0.42812126769636294,0.46603137553089397,0.48082397363843,0.546643157519485,0.599548758083824,0.6308367351158921,0.6740988981963439,0.7091642554231569,0.7270090505613871,0.7566521420074509,0.785582810238234,0.800205205630475,0.860836195796157,0.935117792741873,0.967622282502063,0.9870518574564621,1.0,0.9922834104361421,0.9734575119870341,0.904129169786247,0.8261585714473351,0.7642413834223679,0.692106679887843,0.59160936081371,0.529805861323417,0.584628047804855,0.582728378665393,0.5593568717463511
0.25441474230469,0.29611892788436306,0.33686345026595504,0.35531846241351595,0.39626013231068796,0.43130894655930696,0.444955698849252,0.508104358279184,0.559432377525089,0.590607992578605,0.632695344247302,0.6670499718036221,0.6851779597367701,0.7145745946462501,0.7433283949599929,0.7584565917255149,0.819760021719888,0.8957112361599789,0.930701673490919,0.959546932202885,0.9922834104361421,1.0,0.99333955119505,0.932485448309516,0.8587249270905779,0.7989227694478449,0.715576207584948,0.607848349577438,0.5421520511618111,0.5928093903040501,0.5872364838577321,0.561424602027452
0.23100986577813898,0.269902348292425,0.30833500458677504,0.326577589958539,0.36472416982189904,0.3975783050706939,0.410807631531437,0.471487620952257,0.5213837741512329,0.5525178343204841,0.5936384522984449,0.627483090347775,0.646031586370284,0.6749728400344088,0.70316222961319,0.7183999250232349,0.7788750201881629,0.854206626045862,0.8899050470082241,0.9254147734376401,0.9734575119870341,0.99333955119505,1.0,0.9621067187351521,0.9015620685503539,0.84945474876051,0.7495568890898969,0.631221495468015,0.559823751521808,0.6087007571264561,0.60083048400351,0.573081870185692
0.18110526196041601,0.217892979303323,0.256848900909504,0.280181374688824,0.315325699390914,0.346508513259087,0.36107023868012506,0.418067497486728,0.46576304546395597,0.49672787660872797,0.53660228546476,0.5699285107368779,0.5893074292850621,0.616688906807959,0.6426539746536329,0.656769166911224,0.711125304963918,0.7782451836128199,0.8095538863367729,0.846713401903341,0.904129169786247,0.932485448309516,0.9621067187351521,1.0,0.9853709151874099,0.9611266746613221,0.8224531389250691,0.6799364332520521,0.5956375549056488,0.64820792379188,0.6409473776997221,0.612047141757459
0.14297574052360099,0.17703851932669604,0.214828977904322,0.24044875139273103,0.27237016022601196,0.301313681624986,0.316150269786927,0.36866206239668603,0.41315486168186205,0.442827574668182,0.4803953914385539,0.512120783664248,0.531276264654864,0.5566338063108189,0.5802138572008211,0.5930866816747471,0.641535876172732,0.700951794761523,0.7283173565622959,0.7650843230747428,0.8261585714473351,0.8587249270905779,0.9015620685503539,0.9853709151874099,1.0,0.99409932740893,0.836503571865325,0.6843335127561421,0.595201019176278,0.6480656609347819,0.6414643719541999,0.612951608600887
0.116826581579092,0.148636832813278,0.18509014100452498,0.21173198361109902,0.241152998640019,0.26826606883140197,0.283074052679414,0.33197056561377003,0.373777316859168,0.40219133924589096,0.43773184061321707,0.46796045739043296,0.486677116494035,0.510439418085444,0.5322558940631129,0.544238467451437,0.588175819494206,0.641663824411625,0.665989868137191,0.7018508149789972,0.7642413834223679,0.7989227694478449,0.84945474876051,0.9611266746613221,0.99409932740893,1.0,0.8373634433856751,0.682909371186301,0.592685074778105,0.643962078040938,0.6365521727667149,0.60772711976479
0.131090341002583,0.15898003813713002,0.188945714505624,0.20789012621542302,0.23626034529952203,0.26224065670079,0.276093032623156,0.321518246143493,0.359904914589856,0.385378047559432,0.41706070331473405,0.44351747411281295,0.459109530045726,0.48495695100345393,0.511480493387484,0.528203611179639,0.56651071018776,0.606809228468317,0.621552815649738,0.645874546954217,0.692106679887843,0.715576207584948,0.7495568890898969,0.8224531389250691,0.836503571865325,0.8373634433856751,1.0,0.971170355032547,0.936580702805941,0.917987262259568,0.8267585932405039,0.7389201982117729
0.124233868690024,0.14763175621450597,0.17177906216983502,0.185476934851433,0.210558880392845,0.2334535771824,0.245507397910932,0.284887485001948,0.317953482609872,0.33960308804058903,0.36644291918399996,0.388615669981569,0.401289756373104,0.425468100208231,0.451398522079875,0.468520746908784,0.500551281551572,0.531078085696428,0.540172142546673,0.557035567624812,0.59160936081371,0.607848349577438,0.631221495468015,0.6799364332520521,0.6843335127561421,0.682909371186301,0.971170355032547,1.0,0.993122446839928,0.945914039815838,0.8272333252453851,0.7224220633386909
0.11825291598998901,0.138952493973796,0.15973420251335402,0.170567148172884,0.193506457439311,0.214404063972075,0.22532097417626898,0.260903646030658,0.29066086353255605,0.30997715550269395,0.33387387317917894,0.35347614051634496,0.364450482667536,0.38730044567525396,0.41239407012609797,0.42935211341077795,0.457626176587355,0.482711547265687,0.488839603102305,0.501685228246159,0.529805861323417,0.5421520511618111,0.559823751521808,0.5956375549056488,0.595201019176278,0.592685074778105,0.936580702805941,0.993122446839928,1.0,0.9397308534497478,0.8100641041682289,0.699121745521696
0.11837280763360002,0.146723044595073,0.178219304657484,0.19920923491585396,0.22244127056490998,0.24243609756165999,0.250456674482964,0.291177833292136,0.325539812700933,0.34821785427185303,0.376707806693521,0.40051764369531295,0.41451783553807797,0.440455296297137,0.468200256740269,0.486755629084317,0.517501842896845,0.544244441293666,0.5499162008802421,0.560638194503833,0.584628047804855,0.5928093903040501,0.6087007571264561,0.64820792379188,0.6480656609347819,0.643962078040938,0.917987262259568,0.945914039815838,0.9397308534497478,1.0,0.9616947914391031,0.901402484712728
0.10873296889478698,0.140919066183328,0.178462441405534,0.205924528828846,0.227560781292468,0.24528080920992698,0.25041068476649997,0.292001415168785,0.327318922885554,0.35089597955750207,0.38080933116435706,0.40611036560486397,0.42144050191546606,0.44769158243313395,0.475206184884649,0.49343437843017296,0.5237985309994829,0.5500045417125021,0.555077934854019,0.5635340056392889,0.582728378665393,0.5872364838577321,0.60083048400351,0.6409473776997221,0.6414643719541999,0.6365521727667149,0.8267585932405039,0.8272333252453851,0.8100641041682289,0.9616947914391031,1.0,0.9855642164189179
0.098637229979566,0.131966324873554,0.17181432264382399,0.20222757766273897,0.22205404766254197,0.237694106262487,0.24084322699240196,0.281386675250003,0.315948958810436,0.33918312443389304,0.36883607970708004,0.394094290939646,0.409661839641243,0.435106617137559,0.461430815850747,0.478762560814104,0.50773406578117,0.5326103898633561,0.537120959186136,0.5438554405743969,0.5593568717463511,0.561424602027452,0.573081870185692,0.612047141757459,0.612951608600887,0.60772711976479,0.7389201982117729,0.7224220633386909,0.699121745521696,0.901402484712728,0.9855642164189179,1.0
