1.0,0.959818238194229,0.7889290778024108,0.7392104265019642,0.681815861685057,0.628218078625255,0.6013610674825639,0.5639080951144151,0.522379942412827,0.470411396375577,0.44044670562633703,0.42044458530347995,0.39911040104452505,0.38255529456739895,0.36131776981188296,0.3403621441420461,0.317961861051502,0.294776273050372,0.266376900734387,0.24184100131575498,0.23945773811264298,0.23788335340402897,0.238127449298119,0.23882335864010001,0.23623595898766397,0.22929169852779396,0.21741160964542802,0.21071337804475304,0.201415199346281,0.184300533614311,0.132183092110229,0.10081025530557301
0.959818238194229,1.0,0.9296665863058909,0.891294533825153,0.8268487234747129,0.7670094786862158,0.739513348401414,0.698764374362362,0.6518762040250439,0.591022726481525,0.557574034537472,0.536316813430982,0.512130169396438,0.49092829854224707,0.463709960676459,0.44447818481102297,0.42393788736582005,0.400519670025808,0.36870907785092205,0.339879690600925,0.337118994507003,0.334799293186674,0.334282316121216,0.333645964106157,0.328775365879747,0.32220994096606703,0.307887139766776,0.29810210830045897,0.28326349485961,0.263663620863333,0.22043625568191,0.188769166082003
0.7889290778024108,0.9296665863058909,1.0,0.981246789609178,0.9154763402717209,0.854808547970856,0.829857718072889,0.789797295824086,0.741643668464001,0.676616124005764,0.642710628428016,0.6224221342127491,0.597467764742002,0.572775221475126,0.54105539961586,0.526453826064839,0.510883508765947,0.49004230642305396,0.45766883405190506,0.42675138336166596,0.423834990138316,0.42082235332049295,0.419369868981155,0.41706284494389706,0.40979434996702596,0.404534361327657,0.388767669664482,0.376134660029017,0.355848944757891,0.335398915537442,0.309163074101566,0.2810074055141
0.7392104265019642,0.891294533825153,0.981246789609178,1.0,0.975161512399648,0.9368684377677429,0.913345659040223,0.873120207998658,0.8278291875305809,0.762097634719826,0.7295603668872159,0.7111177243513721,0.6865216287716229,0.661497168311415,0.6277424191327939,0.610646703281827,0.5915910476984111,0.568428803272341,0.5351645155207809,0.5021539952872239,0.5002435840874021,0.49781806010492796,0.497350264122461,0.495945567531562,0.488347495851599,0.48109681003162397,0.46159981667426,0.44794217769125105,0.426100984546594,0.404146044784394,0.377728035939202,0.345992577072519
0.681815861685057,0.8268487234747129,0.9154763402717209,0.975161512399648,1.0,0.9897006402050391,0.968266281697761,0.9290775787777691,0.888890861948253,0.8251527318249159,0.7953948108097539,0.77961066553276,0.756377154854641,0.732328297793317,0.69797130225538,0.6777678376001031,0.654439371613671,0.6288929813789511,0.5957637567392061,0.561685719588829,0.5610584332209749,0.5595180405066379,0.5603800517860171,0.560351596267696,0.5529837331510229,0.54340759790324,0.520348378166506,0.5063658442714201,0.484241212755003,0.46135929704805606,0.43298925455617204,0.397515215914535
0.628218078625255,0.7670094786862158,0.854808547970856,0.9368684377677429,0.9897006402050391,1.0,0.9895554482620749,0.9604645642040749,0.925831089452572,0.865296221551268,0.838470291510111,0.8250816891883391,0.80331794604432,0.780605770201701,0.7463918423816259,0.725492996767679,0.7006197302962099,0.6742898133638691,0.641441807373109,0.606681897943208,0.606354919942361,0.604791113398601,0.605951238267798,0.606272924768901,0.598576454258096,0.587400055461391,0.561861802750445,0.548029100430829,0.526209291993203,0.503018149582224,0.473385985145701,0.435256918014955
0.6013610674825639,0.739513348401414,0.829857718072889,0.913345659040223,0.968266281697761,0.9895554482620749,1.0,0.9905615148813829,0.9606769540776241,0.9027671755384581,0.878080630617949,0.8662372101367259,0.8453239586296291,0.8236128478687009,0.7893700488646122,0.770073293409244,0.746251308940928,0.7202896402888371,0.6868628433217799,0.650837374545803,0.6495985210543139,0.646865966576859,0.6470993853117659,0.6465245292411049,0.637600420691871,0.62542915969638,0.5980449839162779,0.584497664250602,0.562999174245864,0.5395378689355329,0.508615246231993,0.46808105951160295
0.5639080951144151,0.698764374362362,0.789797295824086,0.873120207998658,0.9290775787777691,0.9604645642040749,0.9905615148813829,1.0,0.976036307825415,0.922384637493773,0.9003465101590459,0.89005764392129,0.8702388289389991,0.8498914102023871,0.8162506837309201,0.7988385269909408,0.7764527990509692,0.751357079745982,0.7181017695469659,0.681595711546509,0.679469079984022,0.6756172143083661,0.674953083770939,0.6735686480613949,0.6636579350692711,0.6508160531881451,0.6221966079255029,0.609093201082209,0.588160958189741,0.5648217878302719,0.533448895624029,0.49143647318494
0.522379942412827,0.6518762040250439,0.741643668464001,0.8278291875305809,0.888890861948253,0.925831089452572,0.9606769540776241,0.976036307825415,1.0,0.984336817706876,0.97118957444086,0.9537287568347441,0.9282189918758291,0.908363112955468,0.873966608645798,0.856915067474058,0.8342144582723879,0.810778381023885,0.7825729669712672,0.7482890810368229,0.7434896764283531,0.7360492461543109,0.7344765450992801,0.734630348925636,0.72512016635886,0.714601868174162,0.6858085651474699,0.66825484978102,0.639500629372392,0.6126860231755871,0.591812487202994,0.55178956887478
0.470411396375577,0.591022726481525,0.676616124005764,0.762097634719826,0.8251527318249159,0.865296221551268,0.9027671755384581,0.922384637493773,0.984336817706876,1.0,0.994517013397636,0.971858218951715,0.9426326710890109,0.9238715194301941,0.8900692615412471,0.8739080076333471,0.85174857838005,0.830479168913703,0.807354384642713,0.77607342492267,0.76927698585437,0.7591902202048031,0.756936594068407,0.758331230333445,0.749479138960741,0.7412122844392142,0.713288131456044,0.6927446771240661,0.658661998417323,0.6299723117456091,0.618337180716176,0.581330001398824
0.44044670562633703,0.557574034537472,0.642710628428016,0.7295603668872159,0.7953948108097539,0.838470291510111,0.878080630617949,0.9003465101590459,0.97118957444086,0.994517013397636,1.0,0.989551607543135,0.96894950176766,0.950679499092852,0.916749763430002,0.8995814183960691,0.8759574457975771,0.8533519814069459,0.828862827602116,0.7962363652804741,0.7891753713651819,0.778803786907857,0.777423412966256,0.780744788811961,0.77310318946438,0.762300625794004,0.7318671235439821,0.710173138392183,0.675248124408996,0.645626351772604,0.6325209154407561,0.5940959555366241
0.42044458530347995,0.536316813430982,0.6224221342127491,0.7111177243513721,0.77961066553276,0.8250816891883391,0.8662372101367259,0.89005764392129,0.9537287568347441,0.971858218951715,0.989551607543135,1.0,0.9942634871321541,0.976264283622068,0.9420497698804019,0.923030627163322,0.897101467087399,0.8715231237610771,0.8425041655613721,0.806516305429527,0.800154324540433,0.79081297674839,0.791093113761678,0.7966003248211371,0.7904574767527571,0.774783646119431,0.740367049302381,0.7186714498348,0.6855114147963389,0.655678263461694,0.6356349171696479,0.593771517906562
0.39911040104452505,0.512130169396438,0.597467764742002,0.6865216287716229,0.756377154854641,0.80331794604432,0.8453239586296291,0.8702388289389991,0.9282189918758291,0.9426326710890109,0.96894950176766,0.9942634871321541,1.0,0.986779757005371,0.9562946943632141,0.9370675768342009,0.9096822594581508,0.8821735270870991,0.8501496881728859,0.811958885092572,0.8064021163430358,0.798098723022867,0.799232832702462,0.8053308070880442,0.799534752496675,0.78020253957269,0.742919908941053,0.72137550167945,0.689794560249649,0.6598878433380739,0.634085498304908,0.5895785889753791
0.38255529456739895,0.49092829854224707,0.572775221475126,0.661497168311415,0.732328297793317,0.780605770201701,0.8236128478687009,0.8498914102023871,0.908363112955468,0.9238715194301941,0.950679499092852,0.976264283622068,0.986779757005371,1.0,0.991041383302048,0.977340603594837,0.949510370344608,0.9215945478087171,0.889178962765318,0.8499729648420529,0.845863644620584,0.83880191526793,0.837957941576115,0.838563173700234,0.828042991070662,0.806676701540434,0.7671597405358329,0.7452007160801309,0.7134994830079091,0.682229401905816,0.650374866696285,0.602176885046683
0.36131776981188296,0.463709960676459,0.54105539961586,0.6277424191327939,0.69797130225538,0.7463918423816259,0.7893700488646122,0.8162506837309201,0.873966608645798,0.8900692615412471,0.916749763430002,0.9420497698804019,0.9562946943632141,0.991041383302048,1.0,0.991125332342203,0.9634809712273741,0.935783891208208,0.90368902740134,0.8644247935922741,0.861589860219266,0.8556915504644691,0.8532342458157679,0.8493010379416149,0.835096683706383,0.812478351659634,0.771904670849053,0.7500399253489309,0.718868929928476,0.687096143428874,0.65088656798547,0.6006037487632839
0.3403621441420461,0.44447818481102297,0.526453826064839,0.610646703281827,0.6777678376001031,0.725492996767679,0.770073293409244,0.7988385269909408,0.856915067474058,0.8739080076333471,0.8995814183960691,0.923030627163322,0.9370675768342009,0.977340603594837,0.991125332342203,1.0,0.9902253056452378,0.9729753075523059,0.941844176700303,0.90250919533977,0.8992448737354399,0.892572740249215,0.8883084968258941,0.881337508164379,0.8643414259444121,0.8391358908504442,0.7958931619038591,0.7696425725302529,0.7330892254014741,0.6982514801401271,0.6649301171172181,0.615297068507212
0.317961861051502,0.42393788736582005,0.510883508765947,0.5915910476984111,0.654439371613671,0.7006197302962099,0.746251308940928,0.7764527990509692,0.8342144582723879,0.85174857838005,0.8759574457975771,0.897101467087399,0.9096822594581508,0.949510370344608,0.9634809712273741,0.9902253056452378,1.0,0.9943304211633871,0.964650038907118,0.9258714400553149,0.9218461680572579,0.9141218028201898,0.9083948309712009,0.8994559076218921,0.8806858368593021,0.8533994864727059,0.8082172160250358,0.7775804901123409,0.7356003486337129,0.69811030007549,0.669633912235198,0.622051557286312
0.294776273050372,0.400519670025808,0.49004230642305396,0.568428803272341,0.6288929813789511,0.6742898133638691,0.7202896402888371,0.751357079745982,0.810778381023885,0.830479168913703,0.8533519814069459,0.8715231237610771,0.8821735270870991,0.9215945478087171,0.935783891208208,0.9729753075523059,0.9943304211633871,1.0,0.9833662721073431,0.9531587922687229,0.948619395662718,0.939060748707325,0.9315913481811791,0.920914675943674,0.9005065464365659,0.870760378700222,0.823265604764171,0.7902398213672769,0.7457046302905109,0.7066277506368779,0.678933242004689,0.631246665824323
0.266376900734387,0.36870907785092205,0.45766883405190506,0.5351645155207809,0.5957637567392061,0.641441807373109,0.6868628433217799,0.7181017695469659,0.7825729669712672,0.807354384642713,0.828862827602116,0.8425041655613721,0.8501496881728859,0.889178962765318,0.90368902740134,0.941844176700303,0.964650038907118,0.9833662721073431,1.0,0.992242996592109,0.987471682440522,0.9745318766558391,0.9645648243155359,0.952178241617684,0.9300252573128409,0.8967621246743509,0.8459197192282242,0.813115121448285,0.769941750084642,0.7305963295165971,0.6975509393659169,0.646386183301408
0.24184100131575498,0.339879690600925,0.42675138336166596,0.5021539952872239,0.561685719588829,0.606681897943208,0.650837374545803,0.681595711546509,0.7482890810368229,0.77607342492267,0.7962363652804741,0.806516305429527,0.811958885092572,0.8499729648420529,0.8644247935922741,0.90250919533977,0.9258714400553149,0.9531587922687229,0.992242996592109,1.0,0.995161286951657,0.980155039222933,0.968669330912843,0.955349550474986,0.9324263948454259,0.8973928897509821,0.845232499361293,0.813207212347253,0.771792296331808,0.7330162092742359,0.696941111877905,0.644375191371673
0.23945773811264298,0.337118994507003,0.423834990138316,0.5002435840874021,0.5610584332209749,0.606354919942361,0.6495985210543139,0.679469079984022,0.7434896764283531,0.76927698585437,0.7891753713651819,0.800154324540433,0.8064021163430358,0.845863644620584,0.861589860219266,0.8992448737354399,0.9218461680572579,0.948619395662718,0.987471682440522,0.995161286951657,1.0,0.994830448557013,0.98732783215562,0.9717007362775141,0.946761785335317,0.91807823869057,0.870018073995152,0.8393602887684741,0.7970880923983341,0.75643489833715,0.714187376176472,0.657824786803136
0.23788335340402897,0.334799293186674,0.42082235332049295,0.49781806010492796,0.5595180405066379,0.604791113398601,0.646865966576859,0.6756172143083661,0.7360492461543109,0.7591902202048031,0.778803786907857,0.79081297674839,0.798098723022867,0.83880191526793,0.8556915504644691,0.892572740249215,0.9141218028201898,0.939060748707325,0.9745318766558391,0.980155039222933,0.994830448557013,1.0,0.9968181236420891,0.979096107214767,0.9524245910323911,0.930701474333667,0.8874277407448331,0.858348758599984,0.815370352189957,0.773103464526741,0.725322004317756,0.665775992433879
0.238127449298119,0.334282316121216,0.419369868981155,0.497350264122461,0.5603800517860171,0.605951238267798,0.6470993853117659,0.674953083770939,0.7344765450992801,0.756936594068407,0.777423412966256,0.791093113761678,0.799232832702462,0.837957941576115,0.8532342458157679,0.8883084968258941,0.9083948309712009,0.9315913481811791,0.9645648243155359,0.968669330912843,0.98732783215562,0.9968181236420891,1.0,0.990563661593085,0.970210900515742,0.95088725295001,0.908721146014425,0.879691184143203,0.8356346158589641,0.7913811656445301,0.737438229912543,0.6743621223231422
0.23882335864010001,0.333645964106157,0.41706284494389706,0.495945567531562,0.560351596267696,0.606272924768901,0.6465245292411049,0.6735686480613949,0.734630348925636,0.758331230333445,0.780744788811961,0.7966003248211371,0.8053308070880442,0.838563173700234,0.8493010379416149,0.881337508164379,0.8994559076218921,0.920914675943674,0.952178241617684,0.955349550474986,0.9717007362775141,0.979096107214767,0.990563661593085,1.0,0.9942584717796941,0.9726553974133241,0.928005213582811,0.897611009654021,0.852384583302186,0.806078345975423,0.745817773669374,0.679328147845058
0.23623595898766397,0.328775365879747,0.40979434996702596,0.488347495851599,0.5529837331510229,0.598576454258096,0.637600420691871,0.6636579350692711,0.72512016635886,0.749479138960741,0.77310318946438,0.7904574767527571,0.799534752496675,0.828042991070662,0.835096683706383,0.8643414259444121,0.8806858368593021,0.9005065464365659,0.9300252573128409,0.9324263948454259,0.946761785335317,0.9524245910323911,0.970210900515742,0.9942584717796941,1.0,0.9769004467221579,0.9308961268736641,0.8998352218256909,0.854288296126865,0.8069863635646171,0.74258322147181,0.674300086942792
0.22929169852779396,0.32220994096606703,0.404534361327657,0.48109681003162397,0.54340759790324,0.587400055461391,0.62542915969638,0.6508160531881451,0.714601868174162,0.7412122844392142,0.762300625794004,0.774783646119431,0.78020253957269,0.806676701540434,0.812478351659634,0.8391358908504442,0.8533994864727059,0.870760378700222,0.8967621246743509,0.8973928897509821,0.91807823869057,0.930701474333667,0.95088725295001,0.9726553974133241,0.9769004467221579,1.0,0.987451791105203,0.966990852148463,0.917707781040086,0.8667653438848141,0.7981303001173641,0.7250162548519251
0.21741160964542802,0.307887139766776,0.388767669664482,0.46159981667426,0.520348378166506,0.561861802750445,0.5980449839162779,0.6221966079255029,0.6858085651474699,0.713288131456044,0.7318671235439821,0.740367049302381,0.742919908941053,0.7671597405358329,0.771904670849053,0.7958931619038591,0.8082172160250358,0.823265604764171,0.8459197192282242,0.845232499361293,0.870018073995152,0.8874277407448331,0.908721146014425,0.928005213582811,0.9308961268736641,0.987451791105203,1.0,0.9879803334091709,0.937398172890393,0.8852835963900391,0.8155964664112809,0.7410950921178999
0.21071337804475304,0.29810210830045897,0.376134660029017,0.44794217769125105,0.5063658442714201,0.548029100430829,0.584497664250602,0.609093201082209,0.66825484978102,0.6927446771240661,0.710173138392183,0.7186714498348,0.72137550167945,0.7452007160801309,0.7500399253489309,0.7696425725302529,0.7775804901123409,0.7902398213672769,0.813115121448285,0.813207212347253,0.8393602887684741,0.858348758599984,0.879691184143203,0.897611009654021,0.8998352218256909,0.966990852148463,0.9879803334091709,1.0,0.978725036706935,0.943391949157282,0.8625965913009159,0.780449154357625
0.201415199346281,0.28326349485961,0.355848944757891,0.426100984546594,0.484241212755003,0.526209291993203,0.562999174245864,0.588160958189741,0.639500629372392,0.658661998417323,0.675248124408996,0.6855114147963389,0.689794560249649,0.7134994830079091,0.718868929928476,0.7330892254014741,0.7356003486337129,0.7457046302905109,0.769941750084642,0.771792296331808,0.7970880923983341,0.815370352189957,0.8356346158589641,0.852384583302186,0.854288296126865,0.917707781040086,0.937398172890393,0.978725036706935,1.0,0.989887038963857,0.8961988058807661,0.8062443275067009
0.184300533614311,0.263663620863333,0.335398915537442,0.404146044784394,0.46135929704805606,0.503018149582224,0.5395378689355329,0.5648217878302719,0.6126860231755871,0.6299723117456091,0.645626351772604,0.655678263461694,0.6598878433380739,0.682229401905816,0.687096143428874,0.6982514801401271,0.69811030007549,0.7066277506368779,0.7305963295165971,0.7330162092742359,0.75643489833715,0.773103464526741,0.7913811656445301,0.806078345975423,0.8069863635646171,0.8667653438848141,0.8852835963900391,0.943391949157282,0.989887038963857,1.0,0.926120115701929,0.844005048679522
0.132183092110229,0.22043625568191,0.309163074101566,0.377728035939202,0.43298925455617204,0.473385985145701,0.508615246231993,0.533448895624029,0.591812487202994,0.618337180716176,0.6325209154407561,0.6356349171696479,0.634085498304908,0.650374866696285,0.65088656798547,0.6649301171172181,0.669633912235198,0.678933242004689,0.6975509393659169,0.696941111877905,0.714187376176472,0.725322004317756,0.737438229912543,0.745817773669374,0.74258322147181,0.7981303001173641,0.8155964664112809,0.8625965913009159,0.8961988058807661,0.926120115701929,1.0,0.9839711223725051
0.10081025530557301,0.188769166082003,0.2810074055141,0.345992577072519,0.397515215914535,0.435256918014955,0.46808105951160295,0.49143647318494,0.55178956887478,0.581330001398824,0.5940959555366241,0.593771517906562,0.5895785889753791,0.602176885046683,0.6006037487632839,0.615297068507212,0.622051557286312,0.631246665824323,0.646386183301408,0.644375191371673,0.657824786803136,0.665775992433879,0.6743621223231422,0.679328147845058,0.674300086942792,0.7250162548519251,0.7410950921178999,0.780449154357625,0.8062443275067009,0.844005048679522,0.9839711223725051,1.0
