1.0,0.752953301700777,0.568086793843918,0.49202440774705397,0.45431139263668396,0.40664678492919104,0.35309260455105,0.33397518979822,0.318261272716377,0.29030746286405895,0.269710500098496,0.261609891714529,0.23617663680701997,0.20987386786029302,0.18874620656332802,0.183584730876683,0.16159422743270802,0.153281825939909,0.135616951922225,0.136739064082598,0.12877868156484498,0.108767970541805,0.0853164203480229,0.0497150701446973,0.0227102596198313,0.00570427262533824,0.00828847156410184,0.00557065263156215,0.0353764932156155,0.00799448894977496,0.0402928179759946,0.0351494649331937
0.752953301700777,1.0,0.8670633600802021,0.7959516196663929,0.746350636050565,0.6877580672337771,0.6371197468336421,0.6121483128429979,0.579371733661763,0.5552689899961291,0.5341163145146229,0.514041034255784,0.486191886771656,0.452247002258524,0.43384654953282,0.419901554940943,0.38215798282809704,0.365548744723053,0.3424062313088839,0.33234160359397197,0.316797430023155,0.28241565266385904,0.25625295641841,0.20905085811952498,0.164575173779064,0.104968897979859,0.0805719520472188,0.0668694088442137,0.084020465593352,0.044566911944452996,0.0170572122724738,0.0314179451003816
0.568086793843918,0.8670633600802021,1.0,0.92785100916982,0.877930034804627,0.8250342413630809,0.7758798664847858,0.7454565374282579,0.7100632192498351,0.685381661179367,0.661255679354201,0.632752222197396,0.595283123986956,0.555927735190716,0.53656261894104,0.5201275430197371,0.48135892584082796,0.462094242524036,0.439307690869883,0.42487500430089203,0.4019463880264021,0.35653552842144,0.318108020526411,0.26397488084016896,0.21468804510373202,0.14668498945909,0.117051458781323,0.0912954692121555,0.0900353653296467,0.0587933398109471,0.0365119256508872,0.0422983474675628
0.49202440774705397,0.7959516196663929,0.92785100916982,1.0,0.9632819462319,0.9075715299346641,0.856804604884246,0.8249651890811691,0.7837083578215219,0.7509978965910559,0.724743398628373,0.688528770154171,0.651780583426924,0.613289058404036,0.593052209215806,0.574883810797907,0.538264726654668,0.514191415872851,0.48849009225192097,0.4687941035500321,0.43884647550296396,0.390001741176975,0.353704158390979,0.295402517310847,0.24222153835742,0.17090225767257597,0.132100696481637,0.10826618622480498,0.105690831021746,0.0743689961124192,0.0506790505175507,0.0305562823788366
0.45431139263668396,0.746350636050565,0.877930034804627,0.9632819462319,1.0,0.9612019073081609,0.9115237295723291,0.879679101628483,0.838962308348097,0.808891462092593,0.7852398599972621,0.748577767327153,0.7127505064196409,0.673638488925166,0.6545652709943821,0.634880524492458,0.5986014194604511,0.5727824714339671,0.5422006688360179,0.5191635975584771,0.4875449706082371,0.43364584588920707,0.39477771410091206,0.3375830678741,0.28402800439668,0.202327613741918,0.157875044233555,0.137279517093253,0.12609854525897898,0.0950238117872481,0.0660489270451601,0.0305808684153397
0.40664678492919104,0.6877580672337771,0.8250342413630809,0.9075715299346641,0.9612019073081609,1.0,0.965232997929742,0.9314878386633979,0.890245560118655,0.8577898087189292,0.833647079210034,0.799206808274889,0.7664412554209559,0.728013196703963,0.7058827191052092,0.6817506084007329,0.640147038459192,0.611515498964359,0.578122012228292,0.554706679148775,0.5210307243691671,0.46526500363628404,0.42261364110725,0.36376104758161404,0.303575987549542,0.20637498216165603,0.158763608677948,0.13818210462517902,0.13349234188575698,0.0933080282007869,0.0716811668841681,0.0235015730294254
0.35309260455105,0.6371197468336421,0.7758798664847858,0.856804604884246,0.9115237295723291,0.965232997929742,1.0,0.9746556831074649,0.9354901290732179,0.902958330710571,0.877352876736335,0.8429040611573451,0.811897301433433,0.777985138340912,0.7548186914663929,0.7273745963595949,0.68383804267127,0.6550378966988399,0.617400384924333,0.594803883209413,0.5623141590204169,0.5038412542357,0.46006170119284495,0.403363519971116,0.348873481642178,0.250287332912851,0.19260569940731898,0.169090106560155,0.160270930847529,0.11146152960314698,0.0882224727501127,0.00144928713694554
0.33397518979822,0.6121483128429979,0.7454565374282579,0.8249651890811691,0.879679101628483,0.9314878386633979,0.9746556831074649,1.0,0.973555846934139,0.93866836333379,0.9136649785052858,0.8787961431862921,0.8509035452662629,0.8209334491735358,0.7981982347095709,0.7716850839673771,0.7261616296164208,0.6986988284000311,0.659606370996717,0.634748211361545,0.598859284411821,0.542574399021213,0.498248048177087,0.44065309065956804,0.381852399391831,0.274330609971432,0.209109218356115,0.18564157772046105,0.17973677575541103,0.133397691537078,0.0986706657304396,0.00616537749763369
0.318261272716377,0.579371733661763,0.7100632192498351,0.7837083578215219,0.838962308348097,0.890245560118655,0.9354901290732179,0.973555846934139,1.0,0.9746358230431379,0.945212967760067,0.9116861166538499,0.8837284258255029,0.8513490910808229,0.8268323823490709,0.7997893291375909,0.749954933798741,0.721906354657808,0.682366434553943,0.656365787526015,0.6193526918787379,0.564276168176026,0.5179075721770651,0.45995288491360004,0.39786206817569303,0.283145816214141,0.217809033678042,0.188745474830138,0.17972528942582802,0.13896438601239,0.0972610570425145,0.0137915849536719
0.29030746286405895,0.5552689899961291,0.685381661179367,0.7509978965910559,0.808891462092593,0.8577898087189292,0.902958330710571,0.93866836333379,0.9746358230431379,1.0,0.9746153991753471,0.942342211753345,0.911242731937287,0.87896672763063,0.854593079344795,0.8280394612459029,0.781359984358138,0.754681046732536,0.7179571913084759,0.691584615630094,0.653019417687608,0.601019143264186,0.5573086238819089,0.5049292323419821,0.43922007897541204,0.318840983579818,0.25220517046283497,0.22411599707862,0.203777110453273,0.15774091485953698,0.11939677878794999,0.034352436055737005
0.269710500098496,0.5341163145146229,0.661255679354201,0.724743398628373,0.7852398599972621,0.833647079210034,0.877352876736335,0.9136649785052858,0.945212967760067,0.9746153991753471,1.0,0.979339721273389,0.947282575099312,0.917451712173357,0.893697865417292,0.8652254471826399,0.823137330495722,0.7950872816609721,0.7585133392813841,0.7339939723539392,0.6986778573803951,0.648189688800473,0.6040079807870451,0.553572021167521,0.48254350980383004,0.354120039108657,0.2811152701408,0.24890127911985896,0.22703635784711604,0.17971577210878498,0.142667473951458,0.0561924045624411
0.261609891714529,0.514041034255784,0.632752222197396,0.688528770154171,0.748577767327153,0.799206808274889,0.8429040611573451,0.8787961431862921,0.9116861166538499,0.942342211753345,0.979339721273389,1.0,0.9792277319755749,0.9512611204189799,0.927279087474263,0.8981790769328409,0.8557941911408371,0.8283867629983058,0.790593081510396,0.764611341439502,0.7303889903502699,0.6813369555046199,0.636675262226724,0.5878759856860439,0.516696034138933,0.38883323943006204,0.31714478107098604,0.277416924155384,0.25457262378520606,0.206308004144291,0.16597451363706303,0.0762473067918439
0.23617663680701997,0.486191886771656,0.595283123986956,0.651780583426924,0.7127505064196409,0.7664412554209559,0.811897301433433,0.8509035452662629,0.8837284258255029,0.911242731937287,0.947282575099312,0.9792277319755749,1.0,0.977616133237357,0.9571589498915799,0.9279960961891949,0.8911569112143859,0.8659749267897141,0.8293128371001741,0.8020954608397121,0.7678499544656321,0.720743773248687,0.676010704837926,0.627250074580865,0.553469316044413,0.416927700440682,0.34134977558546803,0.304253967730143,0.28429937800222105,0.230364056089086,0.196787064430872,0.10365157930158699
0.20987386786029302,0.452247002258524,0.555927735190716,0.613289058404036,0.673638488925166,0.728013196703963,0.777985138340912,0.8209334491735358,0.8513490910808229,0.87896672763063,0.917451712173357,0.9512611204189799,0.977616133237357,1.0,0.9850857549281609,0.9562401566399509,0.9214785011606899,0.896483314404416,0.861603347762004,0.8331390460578171,0.800474881104981,0.751891369980594,0.7071974066074341,0.659511161249194,0.582475668074524,0.4346195894891389,0.352039305401479,0.32142907144231603,0.302700844034268,0.24469541284407298,0.20721606081954896,0.122642552170205
0.18874620656332802,0.43384654953282,0.53656261894104,0.593052209215806,0.6545652709943821,0.7058827191052092,0.7548186914663929,0.7981982347095709,0.8268323823490709,0.854593079344795,0.893697865417292,0.927279087474263,0.9571589498915799,0.9850857549281609,1.0,0.982099129400647,0.9498904770292971,0.927377240752155,0.892932730832352,0.8639133243122751,0.833503783888375,0.783861162785521,0.739726379032023,0.694579802692175,0.61455294087068,0.45898495241445897,0.37638978110137605,0.34885955196163804,0.323994865808087,0.26627258009842103,0.23367045511291396,0.138779468273809
0.183584730876683,0.419901554940943,0.5201275430197371,0.574883810797907,0.634880524492458,0.6817506084007329,0.7273745963595949,0.7716850839673771,0.7997893291375909,0.8280394612459029,0.8652254471826399,0.8981790769328409,0.9279960961891949,0.9562401566399509,0.982099129400647,1.0,0.9766323362205981,0.957191605171206,0.9226494073998621,0.892335808910228,0.8614321916452259,0.811521319150756,0.7662225168772991,0.7211213023150921,0.641789871088574,0.475453519122472,0.38597392867501096,0.364316028499094,0.340832421412471,0.290617866744924,0.255967496796898,0.159007199670251
0.16159422743270802,0.38215798282809704,0.48135892584082796,0.538264726654668,0.5986014194604511,0.640147038459192,0.68383804267127,0.7261616296164208,0.749954933798741,0.781359984358138,0.823137330495722,0.8557941911408371,0.8911569112143859,0.9214785011606899,0.9498904770292971,0.9766323362205981,1.0,0.9862853505155942,0.9572544539334542,0.9252210842978901,0.8925056378522649,0.846252239074593,0.8033785734178309,0.75925680067942,0.6815244451616441,0.513007275862847,0.417945057042637,0.40679282248365095,0.37404243952246397,0.326328388931202,0.285657193998057,0.18716308660148398
0.153281825939909,0.365548744723053,0.462094242524036,0.514191415872851,0.5727824714339671,0.611515498964359,0.6550378966988399,0.6986988284000311,0.721906354657808,0.754681046732536,0.7950872816609721,0.8283867629983058,0.8659749267897141,0.896483314404416,0.927377240752155,0.957191605171206,0.9862853505155942,1.0,0.9810374542650029,0.950148441507187,0.9172238906924101,0.873420254777984,0.8309554497861509,0.7891817570495779,0.707062564796065,0.53195450116159,0.440629994991714,0.427589497374261,0.38842575909786603,0.330155269581855,0.29831388199564,0.19961765345843804
0.135616951922225,0.3424062313088839,0.439307690869883,0.48849009225192097,0.5422006688360179,0.578122012228292,0.617400384924333,0.659606370996717,0.682366434553943,0.7179571913084759,0.7585133392813841,0.790593081510396,0.8293128371001741,0.861603347762004,0.892932730832352,0.9226494073998621,0.9572544539334542,0.9810374542650029,1.0,0.976656092652848,0.945604543760483,0.908869987220917,0.8695147576808481,0.827394955035568,0.745151987525918,0.564329979176883,0.47232780922607304,0.461598213111435,0.420619428476433,0.355909316965158,0.31156902953583804,0.20638186565558803
0.136739064082598,0.33234160359397197,0.42487500430089203,0.4687941035500321,0.5191635975584771,0.554706679148775,0.594803883209413,0.634748211361545,0.656365787526015,0.691584615630094,0.7339939723539392,0.764611341439502,0.8020954608397121,0.8331390460578171,0.8639133243122751,0.892335808910228,0.9252210842978901,0.950148441507187,0.976656092652848,1.0,0.974702308103304,0.937470776165442,0.8976139546263551,0.854331607878229,0.7746099479782941,0.5887952350342,0.49917502195563795,0.49534971078189904,0.46225454086294604,0.387155143444291,0.3287957101585,0.22093876195001896
0.12877868156484498,0.316797430023155,0.4019463880264021,0.43884647550296396,0.4875449706082371,0.5210307243691671,0.5623141590204169,0.598859284411821,0.6193526918787379,0.653019417687608,0.6986778573803951,0.7303889903502699,0.7678499544656321,0.800474881104981,0.833503783888375,0.8614321916452259,0.8925056378522649,0.9172238906924101,0.945604543760483,0.974702308103304,1.0,0.974481681228984,0.9316714128153759,0.8860290556738959,0.813177292641625,0.621567110699578,0.525186081057469,0.523230901078973,0.48929010619458296,0.41769254897690794,0.35320842557278,0.250683846031242
0.108767970541805,0.28241565266385904,0.35653552842144,0.390001741176975,0.43364584588920707,0.46526500363628404,0.5038412542357,0.542574399021213,0.564276168176026,0.601019143264186,0.648189688800473,0.6813369555046199,0.720743773248687,0.751891369980594,0.783861162785521,0.811521319150756,0.846252239074593,0.873420254777984,0.908869987220917,0.937470776165442,0.974481681228984,1.0,0.9752113022471299,0.93200524926302,0.8601299070418349,0.664461175493424,0.565524752967018,0.565203178089843,0.5224717940704651,0.452797172693281,0.37189623668676103,0.267214133217533
0.0853164203480229,0.25625295641841,0.318108020526411,0.353704158390979,0.39477771410091206,0.42261364110725,0.46006170119284495,0.498248048177087,0.5179075721770651,0.5573086238819089,0.6040079807870451,0.636675262226724,0.676010704837926,0.7071974066074341,0.739726379032023,0.7662225168772991,0.8033785734178309,0.8309554497861509,0.8695147576808481,0.8976139546263551,0.9316714128153759,0.9752113022471299,1.0,0.9690449431031499,0.9026023613203441,0.733327254408624,0.6384106800107889,0.632114287907825,0.567230282023149,0.48521896648343,0.398322818164104,0.282345922206551
0.0497150701446973,0.20905085811952498,0.26397488084016896,0.295402517310847,0.3375830678741,0.36376104758161404,0.403363519971116,0.44065309065956804,0.45995288491360004,0.5049292323419821,0.553572021167521,0.5878759856860439,0.627250074580865,0.659511161249194,0.694579802692175,0.7211213023150921,0.75925680067942,0.7891817570495779,0.827394955035568,0.854331607878229,0.8860290556738959,0.93200524926302,0.9690449431031499,1.0,0.953177695040826,0.80097073107361,0.7086144837656391,0.692004141296653,0.6214859354904411,0.535770429100428,0.43620241140540505,0.312843934030127
0.0227102596198313,0.164575173779064,0.21468804510373202,0.24222153835742,0.28402800439668,0.303575987549542,0.348873481642178,0.381852399391831,0.39786206817569303,0.43922007897541204,0.48254350980383004,0.516696034138933,0.553469316044413,0.582475668074524,0.61455294087068,0.641789871088574,0.6815244451616441,0.707062564796065,0.745151987525918,0.7746099479782941,0.813177292641625,0.8601299070418349,0.9026023613203441,0.953177695040826,1.0,0.8968644244352579,0.7866634959170831,0.781860527602064,0.7086358271685641,0.625391993148024,0.477054888111527,0.339451960064585
0.00570427262533824,0.104968897979859,0.14668498945909,0.17090225767257597,0.202327613741918,0.20637498216165603,0.250287332912851,0.274330609971432,0.283145816214141,0.318840983579818,0.354120039108657,0.38883323943006204,0.416927700440682,0.4346195894891389,0.45898495241445897,0.475453519122472,0.513007275862847,0.53195450116159,0.564329979176883,0.5887952350342,0.621567110699578,0.664461175493424,0.733327254408624,0.80097073107361,0.8968644244352579,1.0,0.9270178208383721,0.8655469392281991,0.7118660904984709,0.594434694740254,0.424429302813672,0.289592700392726
0.00828847156410184,0.0805719520472188,0.117051458781323,0.132100696481637,0.157875044233555,0.158763608677948,0.19260569940731898,0.209109218356115,0.217809033678042,0.25220517046283497,0.2811152701408,0.31714478107098604,0.34134977558546803,0.352039305401479,0.37638978110137605,0.38597392867501096,0.417945057042637,0.440629994991714,0.47232780922607304,0.49917502195563795,0.525186081057469,0.565524752967018,0.6384106800107889,0.7086144837656391,0.7866634959170831,0.9270178208383721,1.0,0.904474136546396,0.7049718270042751,0.535817380651043,0.362375410547219,0.24230397925366898
0.00557065263156215,0.0668694088442137,0.0912954692121555,0.10826618622480498,0.137279517093253,0.13818210462517902,0.169090106560155,0.18564157772046105,0.188745474830138,0.22411599707862,0.24890127911985896,0.277416924155384,0.304253967730143,0.32142907144231603,0.34885955196163804,0.364316028499094,0.40679282248365095,0.427589497374261,0.461598213111435,0.49534971078189904,0.523230901078973,0.565203178089843,0.632114287907825,0.692004141296653,0.781860527602064,0.8655469392281991,0.904474136546396,1.0,0.873117758313597,0.6868733579304389,0.489354735164923,0.326780257429451
0.0353764932156155,0.084020465593352,0.0900353653296467,0.105690831021746,0.12609854525897898,0.13349234188575698,0.160270930847529,0.17973677575541103,0.17972528942582802,0.203777110453273,0.22703635784711604,0.25457262378520606,0.28429937800222105,0.302700844034268,0.323994865808087,0.340832421412471,0.37404243952246397,0.38842575909786603,0.420619428476433,0.46225454086294604,0.48929010619458296,0.5224717940704651,0.567230282023149,0.6214859354904411,0.7086358271685641,0.7118660904984709,0.7049718270042751,0.873117758313597,1.0,0.8158732366972942,0.615194192420754,0.40859849568007
0.00799448894977496,0.044566911944452996,0.0587933398109471,0.0743689961124192,0.0950238117872481,0.0933080282007869,0.11146152960314698,0.133397691537078,0.13896438601239,0.15774091485953698,0.17971577210878498,0.206308004144291,0.230364056089086,0.24469541284407298,0.26627258009842103,0.290617866744924,0.326328388931202,0.330155269581855,0.355909316965158,0.387155143444291,0.41769254897690794,0.452797172693281,0.48521896648343,0.535770429100428,0.625391993148024,0.594434694740254,0.535817380651043,0.6868733579304389,0.8158732366972942,1.0,0.7269930088770999,0.491671273810817
0.0402928179759946,0.0170572122724738,0.0365119256508872,0.0506790505175507,0.0660489270451601,0.0716811668841681,0.0882224727501127,0.0986706657304396,0.0972610570425145,0.11939677878794999,0.142667473951458,0.16597451363706303,0.196787064430872,0.20721606081954896,0.23367045511291396,0.255967496796898,0.285657193998057,0.29831388199564,0.31156902953583804,0.3287957101585,0.35320842557278,0.37189623668676103,0.398322818164104,0.43620241140540505,0.477054888111527,0.424429302813672,0.362375410547219,0.489354735164923,0.615194192420754,0.7269930088770999,1.0,0.7255643847227969
0.0351494649331937,0.0314179451003816,0.0422983474675628,0.0305562823788366,0.0305808684153397,0.0235015730294254,0.00144928713694554,0.00616537749763369,0.0137915849536719,0.034352436055737005,0.0561924045624411,0.0762473067918439,0.10365157930158699,0.122642552170205,0.138779468273809,0.159007199670251,0.18716308660148398,0.19961765345843804,0.20638186565558803,0.22093876195001896,0.250683846031242,0.267214133217533,0.282345922206551,0.312843934030127,0.339451960064585,0.289592700392726,0.24230397925366898,0.326780257429451,0.40859849568007,0.491671273810817,0.7255643847227969,1.0
