1.0,0.757168528989283,0.631007020123503,0.536384191037903,0.466991213215183,0.45217644168058,0.41939334662702205,0.37552362949159795,0.36259393735291995,0.34465460451822805,0.32095696839229404,0.297181309487957,0.287536053499757,0.273518089279442,0.249274652004685,0.226013822722643,0.20709846467291698,0.193751966234411,0.186376727876257,0.17336748916769698,0.157476439779629,0.142173853497622,0.13357456380990498,0.13059972467216302,0.136973718690194,0.117141190180081,0.0991330165575814,0.0852868652469439,0.0957925986626791,0.070929418420912,0.0279664326475164,0.03062500818349
0.757168528989283,1.0,0.935702014161461,0.8041749814609821,0.7042898399844691,0.682538789369183,0.64247188326403,0.5908061318059511,0.570824903995234,0.5464709902017071,0.516064617558065,0.49001226793830105,0.475373695992644,0.456118701799461,0.428374919740786,0.39982549999291905,0.372325761941235,0.3488409340699489,0.340051319767922,0.323790641149971,0.30428129113563696,0.28800035455029604,0.27027753300976104,0.254904109088174,0.249326750662488,0.22448300218804101,0.19032669977096497,0.149267201771648,0.12078154080712801,0.0829491102408745,0.033397958275290004,0.0317845235301329
0.631007020123503,0.935702014161461,1.0,0.955048528040304,0.855742624152533,0.829133170004475,0.783673652701595,0.7262402626434029,0.70228716350674,0.673567371474623,0.63842345205976,0.6109893094164771,0.5947453598192739,0.574474096455989,0.547438965016644,0.520278373577729,0.492561781659932,0.467766422386448,0.45891596983020394,0.443030499010584,0.423490627347285,0.40466970176945893,0.382450840450726,0.362358449805834,0.354576824295601,0.324552188261154,0.281567899303612,0.22732855867485002,0.151708590702325,0.10103236847795699,0.0548445317804663,0.00331715288589605
0.536384191037903,0.8041749814609821,0.955048528040304,1.0,0.948874597103319,0.9189515538459201,0.870672117036167,0.8109102458172379,0.785920610131427,0.7569256995561691,0.720868651217352,0.692238409042981,0.6740914990950849,0.652981659122955,0.6275027419852479,0.603199900306257,0.5773319304664211,0.553424764845594,0.543718727716372,0.52878182494605,0.510529505592561,0.490412239096774,0.46603094120418603,0.44377901304620604,0.43571004105608596,0.39995264833147204,0.349865414429852,0.28689641412626005,0.17866290109949498,0.115486555027229,0.0727301836444057,0.023197542912442998
0.466991213215183,0.7042898399844691,0.855742624152533,0.948874597103319,1.0,0.9680608128515419,0.919290869419238,0.860373637142242,0.837095264888067,0.812448987932926,0.779635824060116,0.7492427406177379,0.727374715518315,0.7038776239399059,0.6791132216417309,0.656838871298442,0.632332989293311,0.608981073065823,0.59666399511409,0.5819036223374411,0.565162897913228,0.545724353915068,0.5206427785875061,0.497048433740131,0.48806269536506197,0.445458838749438,0.38773559969004795,0.317041995575903,0.19988691758639998,0.12412913203944599,0.0804046352507937,0.0356260292550022
0.45217644168058,0.682538789369183,0.829133170004475,0.9189515538459201,0.9680608128515419,1.0,0.982312778926812,0.923130219926721,0.8959015236865211,0.867372592258227,0.831231213173984,0.8006354945228729,0.7786582271768199,0.7544491991849541,0.728313130786369,0.7050888379141641,0.680835501933019,0.6587535323974271,0.6451307553862491,0.6291915246161379,0.6114515107735949,0.591440227736313,0.565450585681869,0.540039645364558,0.52829449531118,0.48503606122697795,0.422389594173176,0.34243937370999394,0.21463243173788701,0.11776607527602302,0.0696853336208064,0.0319824211459572
0.41939334662702205,0.64247188326403,0.783673652701595,0.870672117036167,0.919290869419238,0.982312778926812,1.0,0.97334613712736,0.945288640720129,0.914781587741737,0.876033165623499,0.844022466475379,0.8224204221405941,0.7986168705593979,0.772553542374001,0.7501837101442941,0.7271417376736792,0.7064064230144459,0.69086673092584,0.672995652945054,0.6535762193725191,0.632889373590176,0.607922764707265,0.5830435013602541,0.570464216304119,0.527485756992589,0.4629967926024529,0.37826512867160705,0.232076386529057,0.11801174606459401,0.0645627343510374,0.028265152070857003
0.37552362949159795,0.5908061318059511,0.7262402626434029,0.8109102458172379,0.860373637142242,0.923130219926721,0.97334613712736,1.0,0.978866593916761,0.9501620205677141,0.9101546984242691,0.876345473054184,0.8553185007304549,0.8325163971104049,0.807461939613754,0.78710245606207,0.765722616258218,0.7461047264100401,0.7286289297082909,0.708613941091961,0.687256360615675,0.665864877320985,0.6433738591655921,0.620790930730308,0.6087650056897851,0.566606220078688,0.502771705415669,0.417248377986435,0.248278603347934,0.12292296795426101,0.0649955704700591,0.026594997538409
0.36259393735291995,0.570824903995234,0.70228716350674,0.785920610131427,0.837095264888067,0.8959015236865211,0.945288640720129,0.978866593916761,1.0,0.986853366759104,0.948801137529123,0.916846460400764,0.8943941527930179,0.869379979595004,0.842310786650885,0.8206336736393829,0.7980080334281109,0.777415319377539,0.7606353345334241,0.740554451271796,0.7185979012015429,0.6961921219007451,0.6742005904413,0.651337054626319,0.6369873361417939,0.5926984924803721,0.525684480539475,0.43578756556737297,0.250685196738956,0.12227227062602401,0.0693812846331896,0.0394143388034798
0.34465460451822805,0.5464709902017071,0.673567371474623,0.7569256995561691,0.812448987932926,0.867372592258227,0.914781587741737,0.9501620205677141,0.986853366759104,1.0,0.9858093109935891,0.9571600886965,0.9361549915609799,0.9116298183220211,0.8844921311048759,0.8628327041128409,0.839074100711489,0.8165297428012909,0.7990675628507851,0.7782923279925079,0.7558151701401881,0.73362019666059,0.711920371048961,0.6887012808072079,0.6732361265842179,0.62734197051022,0.555719548705079,0.45838542909683205,0.256690492976904,0.12071655287213699,0.0667578158776568,0.0389044678176574
0.32095696839229404,0.516064617558065,0.63842345205976,0.720868651217352,0.779635824060116,0.831231213173984,0.876033165623499,0.9101546984242691,0.948801137529123,0.9858093109935891,1.0,0.9829663754460349,0.965728855311795,0.9427325674485101,0.916678852741134,0.8957365821570059,0.8712466990668141,0.8468685284924509,0.828844032918957,0.807884360859129,0.785525689074392,0.7638399160438579,0.7427803887549991,0.719837275131914,0.7043330230512801,0.657810553674333,0.582604328940723,0.47886884008479796,0.263998867176659,0.12061317656517401,0.0626266206550652,0.0323438136533098
0.297181309487957,0.49001226793830105,0.6109893094164771,0.692238409042981,0.7492427406177379,0.8006354945228729,0.844022466475379,0.876345473054184,0.916846460400764,0.9571600886965,0.9829663754460349,1.0,0.9888162419495501,0.965800345395245,0.940592220522242,0.9198295185501411,0.894785090003082,0.869449459838002,0.852595530927542,0.8331684860050771,0.8119666284908291,0.7891901885237009,0.76943025582164,0.747989236627335,0.7333590918768291,0.6867594932476979,0.610417321564772,0.50406441527011,0.27907134185896004,0.13015612496918902,0.0661345927417444,0.028031644931756004
0.287536053499757,0.475373695992644,0.5947453598192739,0.6740914990950849,0.727374715518315,0.7786582271768199,0.8224204221405941,0.8553185007304549,0.8943941527930179,0.9361549915609799,0.965728855311795,0.9888162419495501,1.0,0.9921467193679642,0.965107652325348,0.9434840559318359,0.9172442619544999,0.8905946006587561,0.8744718187687671,0.8553545072718629,0.8342990776758441,0.8119927277550479,0.791872334846275,0.7694759089329742,0.753549574854711,0.706421861151822,0.629111530148479,0.520888439716705,0.28653925717489304,0.128013419904245,0.0619634740859694,0.0265282389180451
0.273518089279442,0.456118701799461,0.574474096455989,0.652981659122955,0.7038776239399059,0.7544491991849541,0.7986168705593979,0.8325163971104049,0.869379979595004,0.9116298183220211,0.9427325674485101,0.965800345395245,0.9921467193679642,1.0,0.9840206395413751,0.9637397578153529,0.9371101283332801,0.9092158442096681,0.893182131002077,0.8746633786109829,0.8544192297015659,0.8326798458501421,0.8122106449949731,0.7887802100096128,0.7713131562568779,0.7233816884403651,0.646578622406808,0.5393239117930579,0.29128977340671597,0.125677327371432,0.0579664321466098,0.0237800997005807
0.249274652004685,0.428374919740786,0.547438965016644,0.6275027419852479,0.6791132216417309,0.728313130786369,0.772553542374001,0.807461939613754,0.842310786650885,0.8844921311048759,0.916678852741134,0.940592220522242,0.965107652325348,0.9840206395413751,1.0,0.9847394778980351,0.95904278528715,0.9299725888125621,0.9130904587835309,0.895948632377541,0.877790776642524,0.8560681025910699,0.835745953561717,0.81190962542345,0.79320520811761,0.7439126800465969,0.6693785584800229,0.5665758322416079,0.296351732174966,0.128057279431234,0.0573905548482141,0.018227747865411
0.226013822722643,0.39982549999291905,0.520278373577729,0.603199900306257,0.656838871298442,0.7050888379141641,0.7501837101442941,0.78710245606207,0.8206336736393829,0.8628327041128409,0.8957365821570059,0.9198295185501411,0.9434840559318359,0.9637397578153529,0.9847394778980351,1.0,0.991419347440047,0.9649940485214001,0.9480969435489459,0.9304952035545629,0.9119070563057711,0.8908873178999591,0.8708381380996808,0.8468142475691991,0.8278244562794979,0.7803156461049972,0.7060995002712421,0.6009600757715,0.310154486079596,0.131303404952927,0.0556705187509758,0.0135981851975519
0.20709846467291698,0.372325761941235,0.492561781659932,0.5773319304664211,0.632332989293311,0.680835501933019,0.7271417376736792,0.765722616258218,0.7980080334281109,0.839074100711489,0.8712466990668141,0.894785090003082,0.9172442619544999,0.9371101283332801,0.95904278528715,0.991419347440047,1.0,0.988260329851808,0.972041431732585,0.9550259827455759,0.9368463777685558,0.9157709424702801,0.896164351442858,0.872440381123886,0.853565620914751,0.8094790070619758,0.7376934588001929,0.632465209085827,0.331567213414391,0.140521888842809,0.0592021190913565,0.0142299428731573
0.193751966234411,0.3488409340699489,0.467766422386448,0.553424764845594,0.608981073065823,0.6587535323974271,0.7064064230144459,0.7461047264100401,0.777415319377539,0.8165297428012909,0.8468685284924509,0.869449459838002,0.8905946006587561,0.9092158442096681,0.9299725888125621,0.9649940485214001,0.988260329851808,1.0,0.986616703815163,0.9716609795047649,0.95459249942154,0.932647288653975,0.913576026998182,0.8904786799899308,0.871828339506011,0.832032536177655,0.76416755222577,0.660743106022869,0.35873419894361896,0.154826228890152,0.0674534762319997,0.0194999677146907
0.186376727876257,0.340051319767922,0.45891596983020394,0.543718727716372,0.59666399511409,0.6451307553862491,0.69086673092584,0.7286289297082909,0.7606353345334241,0.7990675628507851,0.828844032918957,0.852595530927542,0.8744718187687671,0.893182131002077,0.9130904587835309,0.9480969435489459,0.972041431732585,0.986616703815163,1.0,0.9940520053106071,0.9759326869992501,0.9527314384788209,0.9343930519482109,0.9114578902785991,0.8908990900043051,0.85245809236847,0.784505039567938,0.678755920588282,0.374471274586369,0.163926766620465,0.0731583978673006,0.0228664226228944
0.17336748916769698,0.323790641149971,0.443030499010584,0.52878182494605,0.5819036223374411,0.6291915246161379,0.672995652945054,0.708613941091961,0.740554451271796,0.7782923279925079,0.807884360859129,0.8331684860050771,0.8553545072718629,0.8746633786109829,0.895948632377541,0.9304952035545629,0.9550259827455759,0.9716609795047649,0.9940520053106071,1.0,0.9925107406209259,0.968846566763775,0.9508919448622191,0.927589459300562,0.904863612550025,0.865232183598225,0.796207595859534,0.68916640459167,0.38729753651573606,0.17225055677640602,0.0794790109910491,0.0280926806708762
0.157476439779629,0.30428129113563696,0.423490627347285,0.510529505592561,0.565162897913228,0.6114515107735949,0.6535762193725191,0.687256360615675,0.7185979012015429,0.7558151701401881,0.785525689074392,0.8119666284908291,0.8342990776758441,0.8544192297015659,0.877790776642524,0.9119070563057711,0.9368463777685558,0.95459249942154,0.9759326869992501,0.9925107406209259,1.0,0.983040695206802,0.9664821340688929,0.942407280339008,0.9180764667088679,0.8757036234579721,0.8050828548849109,0.6975221970380371,0.40234732934258605,0.18184509765069,0.0868300757429601,0.0347839634323246
0.142173853497622,0.28800035455029604,0.40466970176945893,0.490412239096774,0.545724353915068,0.591440227736313,0.632889373590176,0.665864877320985,0.6961921219007451,0.73362019666059,0.7638399160438579,0.7891901885237009,0.8119927277550479,0.8326798458501421,0.8560681025910699,0.8908873178999591,0.9157709424702801,0.932647288653975,0.9527314384788209,0.968846566763775,0.983040695206802,1.0,0.9897309854055358,0.964401311833812,0.941206626380922,0.895466953469228,0.8232362066305241,0.7158022782046491,0.433915203210579,0.198880948393712,0.0973299891177854,0.0434795781338254
0.13357456380990498,0.27027753300976104,0.382450840450726,0.46603094120418603,0.5206427785875061,0.565450585681869,0.607922764707265,0.6433738591655921,0.6742005904413,0.711920371048961,0.7427803887549991,0.76943025582164,0.791872334846275,0.8122106449949731,0.835745953561717,0.8708381380996808,0.896164351442858,0.913576026998182,0.9343930519482109,0.9508919448622191,0.9664821340688929,0.9897309854055358,1.0,0.9911661648857639,0.9677641035042142,0.9263185409869671,0.858856824627594,0.7543710695743109,0.46442705138959206,0.22455534479185899,0.11998754023606699,0.0604013799258681
0.13059972467216302,0.254904109088174,0.362358449805834,0.44377901304620604,0.497048433740131,0.540039645364558,0.5830435013602541,0.620790930730308,0.651337054626319,0.6887012808072079,0.719837275131914,0.747989236627335,0.7694759089329742,0.7887802100096128,0.81190962542345,0.8468142475691991,0.872440381123886,0.8904786799899308,0.9114578902785991,0.927589459300562,0.942407280339008,0.964401311833812,0.9911661648857639,1.0,0.98568155889544,0.950760713442682,0.8887814092265591,0.7875640386552009,0.48185634902503705,0.24147612099702898,0.137220536532237,0.0747504505124464
0.136973718690194,0.249326750662488,0.354576824295601,0.43571004105608596,0.48806269536506197,0.52829449531118,0.570464216304119,0.6087650056897851,0.6369873361417939,0.6732361265842179,0.7043330230512801,0.7333590918768291,0.753549574854711,0.7713131562568779,0.79320520811761,0.8278244562794979,0.853565620914751,0.871828339506011,0.8908990900043051,0.904863612550025,0.9180764667088679,0.941206626380922,0.9677641035042142,0.98568155889544,1.0,0.9707740363123991,0.910721149873356,0.810007549644187,0.481244583608889,0.23914037636037902,0.138057604225846,0.0799536067902815
0.117141190180081,0.22448300218804101,0.324552188261154,0.39995264833147204,0.445458838749438,0.48503606122697795,0.527485756992589,0.566606220078688,0.5926984924803721,0.62734197051022,0.657810553674333,0.6867594932476979,0.706421861151822,0.7233816884403651,0.7439126800465969,0.7803156461049972,0.8094790070619758,0.832032536177655,0.85245809236847,0.865232183598225,0.8757036234579721,0.895466953469228,0.9263185409869671,0.950760713442682,0.9707740363123991,1.0,0.974640056032169,0.8751858288738861,0.503356564032089,0.26634046934127903,0.16495315223144402,0.0956436094585971
0.0991330165575814,0.19032669977096497,0.281567899303612,0.349865414429852,0.38773559969004795,0.422389594173176,0.4629967926024529,0.502771705415669,0.525684480539475,0.555719548705079,0.582604328940723,0.610417321564772,0.629111530148479,0.646578622406808,0.6693785584800229,0.7060995002712421,0.7376934588001929,0.76416755222577,0.784505039567938,0.796207595859534,0.8050828548849109,0.8232362066305241,0.858856824627594,0.8887814092265591,0.910721149873356,0.974640056032169,1.0,0.9537546323181411,0.52543935745406,0.317321275698829,0.21742948273538298,0.11969925204991701
0.0852868652469439,0.149267201771648,0.22732855867485002,0.28689641412626005,0.317041995575903,0.34243937370999394,0.37826512867160705,0.417248377986435,0.43578756556737297,0.45838542909683205,0.47886884008479796,0.50406441527011,0.520888439716705,0.5393239117930579,0.5665758322416079,0.6009600757715,0.632465209085827,0.660743106022869,0.678755920588282,0.68916640459167,0.6975221970380371,0.7158022782046491,0.7543710695743109,0.7875640386552009,0.810007549644187,0.8751858288738861,0.9537546323181411,1.0,0.526200289596632,0.369175461086921,0.27553318924792697,0.142999118657638
0.0957925986626791,0.12078154080712801,0.151708590702325,0.17866290109949498,0.19988691758639998,0.21463243173788701,0.232076386529057,0.248278603347934,0.250685196738956,0.256690492976904,0.263998867176659,0.27907134185896004,0.28653925717489304,0.29128977340671597,0.296351732174966,0.310154486079596,0.331567213414391,0.35873419894361896,0.374471274586369,0.38729753651573606,0.40234732934258605,0.433915203210579,0.46442705138959206,0.48185634902503705,0.481244583608889,0.503356564032089,0.52543935745406,0.526200289596632,1.0,0.6491194033554211,0.40204578992423207,0.20148456107995896
0.070929418420912,0.0829491102408745,0.10103236847795699,0.115486555027229,0.12412913203944599,0.11776607527602302,0.11801174606459401,0.12292296795426101,0.12227227062602401,0.12071655287213699,0.12061317656517401,0.13015612496918902,0.128013419904245,0.125677327371432,0.128057279431234,0.131303404952927,0.140521888842809,0.154826228890152,0.163926766620465,0.17225055677640602,0.18184509765069,0.198880948393712,0.22455534479185899,0.24147612099702898,0.23914037636037902,0.26634046934127903,0.317321275698829,0.369175461086921,0.6491194033554211,1.0,0.9006823639739909,0.4038549866584051
0.0279664326475164,0.033397958275290004,0.0548445317804663,0.0727301836444057,0.0804046352507937,0.0696853336208064,0.0645627343510374,0.0649955704700591,0.0693812846331896,0.0667578158776568,0.0626266206550652,0.0661345927417444,0.0619634740859694,0.0579664321466098,0.0573905548482141,0.0556705187509758,0.0592021190913565,0.0674534762319997,0.0731583978673006,0.0794790109910491,0.0868300757429601,0.0973299891177854,0.11998754023606699,0.137220536532237,0.138057604225846,0.16495315223144402,0.21742948273538298,0.27553318924792697,0.40204578992423207,0.9006823639739909,1.0,0.7119193648557081
0.03062500818349,0.0317845235301329,0.00331715288589605,0.023197542912442998,0.0356260292550022,0.0319824211459572,0.028265152070857003,0.026594997538409,0.0394143388034798,0.0389044678176574,0.0323438136533098,0.028031644931756004,0.0265282389180451,0.0237800997005807,0.018227747865411,0.0135981851975519,0.0142299428731573,0.0194999677146907,0.0228664226228944,0.0280926806708762,0.0347839634323246,0.0434795781338254,0.0604013799258681,0.0747504505124464,0.0799536067902815,0.0956436094585971,0.11969925204991701,0.142999118657638,0.20148456107995896,0.4038549866584051,0.7119193648557081,1.0
