1.0,0.65866600490431,0.561308858820996,0.530801520645065,0.506252081541637,0.49170023507701704,0.482119040232853,0.47479441178650394,0.46688253096772797,0.463803354651834,0.455288141748234,0.45873475401215,0.457343078750913,0.450426149166341,0.435617467126969,0.42535801342171997,0.42585706697783904,0.422177516121902,0.40700648775552506,0.401632200583969,0.39249956221338705,0.38730358061614295,0.380021644293248,0.380239102906465,0.37225573307445003,0.35919996933230997,0.341504895100739,0.312061620911258,0.277851019511834,0.23187340667946105,0.0299527801793257,0.0726411724854177
0.65866600490431,1.0,0.9129775034208042,0.875558435317184,0.853210944165481,0.8335642795770891,0.8240472141869641,0.8150669278687909,0.8067435635288941,0.795332640385485,0.7887060083173759,0.784890477457351,0.7751895328011009,0.7685601072988572,0.7558140869831991,0.745398594154058,0.7401472043492701,0.7352337451323299,0.7281170225572109,0.7226192729883909,0.7172080363340659,0.7125473375542181,0.7080229251967829,0.705295402323802,0.694108376679491,0.68358440629618,0.6580423384533779,0.61839431381345,0.576860954080353,0.5125723481283011,0.21038234138327,0.15261598119075698
0.561308858820996,0.9129775034208042,1.0,0.958898701647083,0.932884643862581,0.91217020042155,0.901161379356448,0.892387344178751,0.883233077064255,0.8723648110820942,0.865495113537791,0.85834184223518,0.850826686778927,0.8446122331127621,0.834656769994386,0.8261516014417242,0.820072288385313,0.8175829057172191,0.8111493218841529,0.8075432629900942,0.8033389277958821,0.795814038309092,0.7891391162305179,0.783092607331728,0.769233973413187,0.7592285578920079,0.732290690482492,0.690333738907014,0.643031433215244,0.57814521256376,0.23601844225620397,0.184566260502267
0.530801520645065,0.875558435317184,0.958898701647083,1.0,0.9725234721895809,0.951190843399005,0.938532115108265,0.929229524555095,0.91872041443743,0.907384628658034,0.899003810622614,0.8926510910586171,0.8863930177237029,0.879666931122553,0.8703332535602399,0.8637473773502959,0.8588408671011059,0.8570064501941159,0.850494554290833,0.847702264061175,0.843380897206486,0.833747538740945,0.8283061303704821,0.8218473563053771,0.809947412613229,0.797294717241983,0.7740818918416078,0.733194676164757,0.6883179875162,0.617824046254526,0.263682132639308,0.196737345858316
0.506252081541637,0.853210944165481,0.932884643862581,0.9725234721895809,1.0,0.9826263137920781,0.9685089694636541,0.9584387145379271,0.9461532600273541,0.9351844605495679,0.924330178711494,0.9161994112953991,0.9098392922894271,0.9023698611838041,0.892615469515325,0.884456230131927,0.878514404621606,0.87668398757827,0.869561897478659,0.867226368281452,0.86510516303227,0.85626723379839,0.850957550959788,0.844393149791898,0.831611695648365,0.8181821107641801,0.796753279769829,0.758914555311563,0.714665669097871,0.646327664443207,0.293389343117823,0.213124505126593
0.49170023507701704,0.8335642795770891,0.91217020042155,0.951190843399005,0.9826263137920781,1.0,0.9861464942665892,0.976037411730853,0.962326585709339,0.949694941616991,0.9386746683502559,0.9299657689632979,0.922335885125708,0.9152704438702491,0.906247545579803,0.897838873033994,0.891312548151989,0.887569388147876,0.8801430836320351,0.877671065304168,0.875951399700183,0.8694443269574879,0.8640868024342829,0.857475423864014,0.846665287904907,0.833460245170487,0.816216327926184,0.7817221278865899,0.737975895424347,0.66939589699263,0.307125501832672,0.226784504981792
0.482119040232853,0.8240472141869641,0.901161379356448,0.938532115108265,0.9685089694636541,0.9861464942665892,1.0,0.990443138467444,0.9780179145602299,0.964452767275473,0.953499523161456,0.943624232098773,0.9356831854669179,0.92846671526217,0.9185351342157551,0.9106035421954181,0.9036847792908621,0.9000934589787281,0.89264322301663,0.8897809123932959,0.887120667962621,0.882319038101859,0.8763558360793109,0.869514811407876,0.859244413354702,0.846850143346762,0.8279320115036001,0.7946240061552831,0.7512298777343679,0.683796188614811,0.322280461411318,0.24201446841461302
0.47479441178650394,0.8150669278687909,0.892387344178751,0.929229524555095,0.9584387145379271,0.976037411730853,0.990443138467444,1.0,0.9893648634100329,0.9758107973367199,0.964548840026366,0.9547220103294559,0.9468204304323129,0.9390896178546709,0.9292227424752791,0.921391261956343,0.914055344186937,0.90913594486434,0.9021128476802079,0.8993930934637171,0.8961708791077109,0.8918789993389971,0.88663458224526,0.87901079951401,0.8680323672977459,0.856480715485538,0.837976062215207,0.8050183737354889,0.7621196434769281,0.6981320304130151,0.334503182622067,0.24773196372144698
0.46688253096772797,0.8067435635288941,0.883233077064255,0.91872041443743,0.9461532600273541,0.962326585709339,0.9780179145602299,0.9893648634100329,1.0,0.9888370180444409,0.9779767572887379,0.967494701563805,0.957754898996374,0.9488394755550741,0.9398305214935649,0.930453230872511,0.9225493110476259,0.917343267086502,0.9110139544101199,0.9079344753042758,0.904830590804335,0.900782897154577,0.895814765005143,0.8888700069676,0.8782951884596429,0.8662932354590172,0.846281282502504,0.8147647789466129,0.77107165047041,0.7084475247390759,0.345618636110168,0.251692842500356
0.463803354651834,0.795332640385485,0.8723648110820942,0.907384628658034,0.9351844605495679,0.949694941616991,0.964452767275473,0.9758107973367199,0.9888370180444409,1.0,0.9917055384867529,0.9815808056370621,0.971649596872462,0.962309091757115,0.9527570210061121,0.943381069806112,0.935366403563867,0.930658898397232,0.925036817228259,0.921111373082177,0.917789568936116,0.914312606775822,0.910316786989149,0.904749094469592,0.894102847220647,0.8819278119346221,0.8618948310737351,0.8305113169822159,0.7866484182767349,0.7258874137626881,0.361940153335195,0.25978745764984
0.455288141748234,0.7887060083173759,0.865495113537791,0.899003810622614,0.924330178711494,0.9386746683502559,0.953499523161456,0.964548840026366,0.9779767572887379,0.9917055384867529,1.0,0.9925374497339301,0.9814720807548248,0.971291643232456,0.96154031084816,0.951576746974103,0.942968883418093,0.93787038151794,0.931762184050073,0.9277653883359,0.923216384076528,0.919242396091553,0.914465013056121,0.9085495750767251,0.8980089398113971,0.88594148152027,0.8679753512352351,0.8368303520517059,0.791260117701547,0.731998239163172,0.371511015883762,0.264952328584302
0.45873475401215,0.784890477457351,0.85834184223518,0.8926510910586171,0.9161994112953991,0.9299657689632979,0.943624232098773,0.9547220103294559,0.967494701563805,0.9815808056370621,0.9925374497339301,1.0,0.992032543773808,0.9815518517645071,0.97163005215941,0.961287572247583,0.9529204356089509,0.947617020845297,0.940131760041593,0.935120398492363,0.930673032856468,0.9266092497802041,0.92128412014735,0.9150183620756841,0.9045548064615708,0.891599921472602,0.8738011098712429,0.8431761916974669,0.7956559658414979,0.7361120059842199,0.37082391291022204,0.26567344859097497
0.457343078750913,0.7751895328011009,0.850826686778927,0.8863930177237029,0.9098392922894271,0.922335885125708,0.9356831854669179,0.9468204304323129,0.957754898996374,0.971649596872462,0.9814720807548248,0.992032543773808,1.0,0.991630754079181,0.9826129555495601,0.9725040193431941,0.9640197848002142,0.958091978301522,0.949873215583183,0.943735190160924,0.938988586629083,0.934187376306282,0.9286211360816251,0.9213805494373021,0.911487938608865,0.898088677739295,0.8809912017469129,0.853626978366789,0.8071617141746821,0.746233496527268,0.375381200050528,0.27916298036699894
0.450426149166341,0.7685601072988572,0.8446122331127621,0.879666931122553,0.9023698611838041,0.9152704438702491,0.92846671526217,0.9390896178546709,0.9488394755550741,0.962309091757115,0.971291643232456,0.9815518517645071,0.991630754079181,1.0,0.993375776495445,0.9836138402185429,0.974444384564523,0.96745896016438,0.9588432449598009,0.9516235241067759,0.945634834022274,0.940378519154413,0.935475522355838,0.92759235660631,0.918614064756897,0.906151397288188,0.8896377560354691,0.861195097095761,0.816638887135335,0.752352614648492,0.3838291459292729,0.28966963023544606
0.435617467126969,0.7558140869831991,0.834656769994386,0.8703332535602399,0.892615469515325,0.906247545579803,0.9185351342157551,0.9292227424752791,0.9398305214935649,0.9527570210061121,0.96154031084816,0.97163005215941,0.9826129555495601,0.993375776495445,1.0,0.9935308096020341,0.984734376534971,0.977677537254896,0.9685133244927241,0.960357673317891,0.953461430978121,0.9479960291369429,0.9429684760996891,0.93534872707387,0.9265705641919209,0.915102867427143,0.899185926644622,0.8716497771163499,0.829464318927856,0.764101736011178,0.39619492580570603,0.299732472991007
0.42535801342171997,0.745398594154058,0.8261516014417242,0.8637473773502959,0.884456230131927,0.897838873033994,0.9106035421954181,0.921391261956343,0.930453230872511,0.943381069806112,0.951576746974103,0.961287572247583,0.9725040193431941,0.9836138402185429,0.9935308096020341,1.0,0.9942808919361908,0.9873787078473009,0.978155550716188,0.9696643236878492,0.962128948381927,0.956978871366566,0.9513709621859341,0.943018278130686,0.933370215171647,0.921462213615275,0.905746880096923,0.878774398716927,0.8395392256247399,0.7730496769167241,0.410001424597369,0.315572296535156
0.42585706697783904,0.7401472043492701,0.820072288385313,0.8588408671011059,0.878514404621606,0.891312548151989,0.9036847792908621,0.914055344186937,0.9225493110476259,0.935366403563867,0.942968883418093,0.9529204356089509,0.9640197848002142,0.974444384564523,0.984734376534971,0.9942808919361908,1.0,0.994712111705598,0.985876145803539,0.9773579124841529,0.9688530624071899,0.9636933241824749,0.9574110609587579,0.9490502666150831,0.939254767233009,0.9277314742605149,0.9110749622056921,0.8834006532993199,0.8453168666421841,0.7771144874774579,0.41179893882540597,0.31456533800084
0.422177516121902,0.7352337451323299,0.8175829057172191,0.8570064501941159,0.87668398757827,0.887569388147876,0.9000934589787281,0.90913594486434,0.917343267086502,0.930658898397232,0.93787038151794,0.947617020845297,0.958091978301522,0.96745896016438,0.977677537254896,0.9873787078473009,0.994712111705598,1.0,0.993371183079283,0.9856173254054069,0.9772666904349259,0.9714469810186109,0.964684484945501,0.9563921169706758,0.9452349835769759,0.935045787487079,0.9178689456690121,0.8907771328165759,0.852003367756605,0.785084797667274,0.420851285555731,0.32159157180381204
0.40700648775552506,0.7281170225572109,0.8111493218841529,0.850494554290833,0.869561897478659,0.8801430836320351,0.89264322301663,0.9021128476802079,0.9110139544101199,0.925036817228259,0.931762184050073,0.940131760041593,0.949873215583183,0.9588432449598009,0.9685133244927241,0.978155550716188,0.985876145803539,0.993371183079283,1.0,0.994300961535709,0.985938677594631,0.980504550901171,0.973222407012386,0.9649682672353449,0.95380493482848,0.9443688543141171,0.9255836519700942,0.8990714606664151,0.861878371486851,0.797706762977589,0.42863283114715,0.33510869757662104
0.401632200583969,0.7226192729883909,0.8075432629900942,0.847702264061175,0.867226368281452,0.877671065304168,0.8897809123932959,0.8993930934637171,0.9079344753042758,0.921111373082177,0.9277653883359,0.935120398492363,0.943735190160924,0.9516235241067759,0.960357673317891,0.9696643236878492,0.9773579124841529,0.9856173254054069,0.994300961535709,1.0,0.993291258075414,0.9871372749680891,0.979175916530618,0.9713507478405771,0.959777129822434,0.95031199594247,0.932837179292787,0.9055766698058829,0.8675295834810041,0.803880811930058,0.436540100614219,0.339544104326467
0.39249956221338705,0.7172080363340659,0.8033389277958821,0.843380897206486,0.86510516303227,0.875951399700183,0.887120667962621,0.8961708791077109,0.904830590804335,0.917789568936116,0.923216384076528,0.930673032856468,0.938988586629083,0.945634834022274,0.953461430978121,0.962128948381927,0.9688530624071899,0.9772666904349259,0.985938677594631,0.993291258075414,1.0,0.994488646146627,0.986988675104284,0.97883447598848,0.9664544701865931,0.955849140036005,0.9376258181133409,0.909401461973332,0.8702111491759821,0.80511956781285,0.442904244911279,0.346560900700296
0.38730358061614295,0.7125473375542181,0.795814038309092,0.833747538740945,0.85626723379839,0.8694443269574879,0.882319038101859,0.8918789993389971,0.900782897154577,0.914312606775822,0.919242396091553,0.9266092497802041,0.934187376306282,0.940378519154413,0.9479960291369429,0.956978871366566,0.9636933241824749,0.9714469810186109,0.980504550901171,0.9871372749680891,0.994488646146627,1.0,0.993013038867207,0.984631674277018,0.9734611085546351,0.9622803574876692,0.944253143149649,0.916172657952085,0.8777391079871311,0.8124936214718659,0.44972157176876,0.35539775414221003
0.380021644293248,0.7080229251967829,0.7891391162305179,0.8283061303704821,0.850957550959788,0.8640868024342829,0.8763558360793109,0.88663458224526,0.895814765005143,0.910316786989149,0.914465013056121,0.92128412014735,0.9286211360816251,0.935475522355838,0.9429684760996891,0.9513709621859341,0.9574110609587579,0.964684484945501,0.973222407012386,0.979175916530618,0.986988675104284,0.993013038867207,1.0,0.992664325733168,0.9814987622571602,0.9704137145458069,0.9536772654672641,0.9275467704452379,0.8893442293513331,0.8226086177761859,0.459644167373179,0.364052756946885
0.380239102906465,0.705295402323802,0.783092607331728,0.8218473563053771,0.844393149791898,0.857475423864014,0.869514811407876,0.87901079951401,0.8888700069676,0.904749094469592,0.9085495750767251,0.9150183620756841,0.9213805494373021,0.92759235660631,0.93534872707387,0.943018278130686,0.9490502666150831,0.9563921169706758,0.9649682672353449,0.9713507478405771,0.97883447598848,0.984631674277018,0.992664325733168,1.0,0.9901770987436479,0.9778787190735981,0.959385519768496,0.9320706219808291,0.893497117576165,0.828994376893812,0.478198461519375,0.37588695137139094
0.37225573307445003,0.694108376679491,0.769233973413187,0.809947412613229,0.831611695648365,0.846665287904907,0.859244413354702,0.8680323672977459,0.8782951884596429,0.894102847220647,0.8980089398113971,0.9045548064615708,0.911487938608865,0.918614064756897,0.9265705641919209,0.933370215171647,0.939254767233009,0.9452349835769759,0.95380493482848,0.959777129822434,0.9664544701865931,0.9734611085546351,0.9814987622571602,0.9901770987436479,1.0,0.9888439469913629,0.9697368355238041,0.942841491068795,0.9052785434882891,0.8421302617365379,0.488260333971256,0.39147031036849106
0.35919996933230997,0.68358440629618,0.7592285578920079,0.797294717241983,0.8181821107641801,0.833460245170487,0.846850143346762,0.856480715485538,0.8662932354590172,0.8819278119346221,0.88594148152027,0.891599921472602,0.898088677739295,0.906151397288188,0.915102867427143,0.921462213615275,0.9277314742605149,0.935045787487079,0.9443688543141171,0.95031199594247,0.955849140036005,0.9622803574876692,0.9704137145458069,0.9778787190735981,0.9888439469913629,1.0,0.9825370710493021,0.95619628172562,0.9181061797659751,0.860260277046597,0.513247470315095,0.420301969146604
0.341504895100739,0.6580423384533779,0.732290690482492,0.7740818918416078,0.796753279769829,0.816216327926184,0.8279320115036001,0.837976062215207,0.846281282502504,0.8618948310737351,0.8679753512352351,0.8738011098712429,0.8809912017469129,0.8896377560354691,0.899185926644622,0.905746880096923,0.9110749622056921,0.9178689456690121,0.9255836519700942,0.932837179292787,0.9376258181133409,0.944253143149649,0.9536772654672641,0.959385519768496,0.9697368355238041,0.9825370710493021,1.0,0.978509613306278,0.943169285161353,0.8878104145427992,0.542357241512421,0.43426604258565704
0.312061620911258,0.61839431381345,0.690333738907014,0.733194676164757,0.758914555311563,0.7817221278865899,0.7946240061552831,0.8050183737354889,0.8147647789466129,0.8305113169822159,0.8368303520517059,0.8431761916974669,0.853626978366789,0.861195097095761,0.8716497771163499,0.878774398716927,0.8834006532993199,0.8907771328165759,0.8990714606664151,0.9055766698058829,0.909401461973332,0.916172657952085,0.9275467704452379,0.9320706219808291,0.942841491068795,0.95619628172562,0.978509613306278,1.0,0.9709443648574929,0.914012345642823,0.5754373516543149,0.476474778539125
0.277851019511834,0.576860954080353,0.643031433215244,0.6883179875162,0.714665669097871,0.737975895424347,0.7512298777343679,0.7621196434769281,0.77107165047041,0.7866484182767349,0.791260117701547,0.7956559658414979,0.8071617141746821,0.816638887135335,0.829464318927856,0.8395392256247399,0.8453168666421841,0.852003367756605,0.861878371486851,0.8675295834810041,0.8702111491759821,0.8777391079871311,0.8893442293513331,0.893497117576165,0.9052785434882891,0.9181061797659751,0.943169285161353,0.9709443648574929,1.0,0.942182716820202,0.6279486439226251,0.516065341131994
0.23187340667946105,0.5125723481283011,0.57814521256376,0.617824046254526,0.646327664443207,0.66939589699263,0.683796188614811,0.6981320304130151,0.7084475247390759,0.7258874137626881,0.731998239163172,0.7361120059842199,0.746233496527268,0.752352614648492,0.764101736011178,0.7730496769167241,0.7771144874774579,0.785084797667274,0.797706762977589,0.803880811930058,0.80511956781285,0.8124936214718659,0.8226086177761859,0.828994376893812,0.8421302617365379,0.860260277046597,0.8878104145427992,0.914012345642823,0.942182716820202,1.0,0.712356355848329,0.552007620072658
0.0299527801793257,0.21038234138327,0.23601844225620397,0.263682132639308,0.293389343117823,0.307125501832672,0.322280461411318,0.334503182622067,0.345618636110168,0.361940153335195,0.371511015883762,0.37082391291022204,0.375381200050528,0.3838291459292729,0.39619492580570603,0.410001424597369,0.41179893882540597,0.420851285555731,0.42863283114715,0.436540100614219,0.442904244911279,0.44972157176876,0.459644167373179,0.478198461519375,0.488260333971256,0.513247470315095,0.542357241512421,0.5754373516543149,0.6279486439226251,0.712356355848329,1.0,0.7104637391377621
0.0726411724854177,0.15261598119075698,0.184566260502267,0.196737345858316,0.213124505126593,0.226784504981792,0.24201446841461302,0.24773196372144698,0.251692842500356,0.25978745764984,0.264952328584302,0.26567344859097497,0.27916298036699894,0.28966963023544606,0.299732472991007,0.315572296535156,0.31456533800084,0.32159157180381204,0.33510869757662104,0.339544104326467,0.346560900700296,0.35539775414221003,0.364052756946885,0.37588695137139094,0.39147031036849106,0.420301969146604,0.43426604258565704,0.476474778539125,0.516065341131994,0.552007620072658,0.7104637391377621,1.0
