1.0,0.982069626087994,0.90244569118173,0.75827581981686,0.7355878060065121,0.6806222935227071,0.585877124972213,0.5738950606036,0.5519750832515931,0.518528311691776,0.502321229101239,0.478426557587091,0.442725130351265,0.421573497032244,0.404059826449314,0.380343402270242,0.36524486789019206,0.35643861235323293,0.342267219342195,0.32753651144983803,0.312055060703236,0.29263120958497496,0.26827398003625796,0.22090213611919396,0.181011568884599,0.15171930957836702,0.154663187365765,0.153026749360562,0.14989111891622303,0.14868277624600199,0.13837030269054298,0.129772285933982
0.982069626087994,1.0,0.967478986315289,0.867506419608432,0.844969322010318,0.7860578281190359,0.6817452647244111,0.670031451192905,0.646830193104307,0.6102087282932289,0.59228336518283,0.5649586633050411,0.523665506670178,0.500603882706975,0.482292709438674,0.45642767572583504,0.439633406775885,0.429247087624317,0.41237945366295703,0.39539510721804905,0.37844177392697104,0.35641102065679997,0.32932499987399894,0.27809911913539503,0.23336661980045,0.199968502118967,0.20076529959959197,0.196462212165916,0.19083599564618103,0.187788189787844,0.173940192999888,0.162648205569749
0.90244569118173,0.967478986315289,1.0,0.9649871378004609,0.943927680044597,0.88305472308188,0.771806747769019,0.7611156335256121,0.737507892781446,0.6986987041975121,0.6794819899658361,0.649100948521509,0.602641248070533,0.5783216474109749,0.5599764380236569,0.5326918684904249,0.514572503245481,0.502653733343522,0.48312268951409104,0.46407541405971103,0.446106345600233,0.421824183785344,0.39260923113548296,0.339110407343878,0.290412028083834,0.253394387063788,0.25126518161888195,0.24362749122936,0.234977773212035,0.22963424708025199,0.21182585373852397,0.19755803413263898
0.75827581981686,0.867506419608432,0.9649871378004609,1.0,0.9857217860053331,0.931405240136745,0.8251262191345861,0.8161847206642621,0.793450895793421,0.7544562586148059,0.7349630193006751,0.7030475029212471,0.653687897886385,0.629355130074992,0.611943559790881,0.5846104173938679,0.566073496186306,0.5532060679954119,0.531937638006745,0.511734481771469,0.49361482417012104,0.468222975843816,0.43829928966334203,0.385254167591044,0.33497356598274,0.29611248126136797,0.290646398758341,0.279648219439914,0.26809792559345996,0.26085849157179103,0.240031917092117,0.22351048859561398
0.7355878060065121,0.844969322010318,0.943927680044597,0.9857217860053331,1.0,0.9793948413999108,0.9084721411765501,0.8995049876761549,0.8748823211680441,0.832345632825518,0.8113141597399021,0.7765716853638049,0.722545807617304,0.695896870328598,0.6767575685676821,0.646639111399502,0.6263112074609171,0.6123070285154929,0.5889823050261899,0.566691040265789,0.546476185240681,0.518235531516364,0.48510545939064503,0.42677544451479493,0.37135764139664595,0.328454451100187,0.319549113189614,0.30537124226368895,0.291182748254612,0.28478669526473305,0.26312617778045105,0.245654917632451
0.6806222935227071,0.7860578281190359,0.88305472308188,0.931405240136745,0.9793948413999108,1.0,0.9741590145421379,0.9654994234280029,0.93954032994148,0.8943602823099929,0.872277399029896,0.83545515893231,0.777871038725696,0.7494495961432791,0.728960211749327,0.696637469904675,0.674928467037583,0.6600892686868629,0.635178307558835,0.611223654128462,0.589258564745588,0.558666626814792,0.522940873083899,0.460473049051177,0.400984696902775,0.3548522185256521,0.342157894865447,0.32470128850743,0.307883915758375,0.302740724462643,0.280897245457065,0.262945967293376
0.585877124972213,0.6817452647244111,0.771806747769019,0.8251262191345861,0.9084721411765501,0.9741590145421379,1.0,0.992107710450901,0.965922999828613,0.91999530708518,0.8978160747833431,0.860467928755136,0.801719350815605,0.772704960712976,0.75170729749524,0.71849942939158,0.6963070811815288,0.6812594309774751,0.655792229709945,0.631148302000198,0.608299550595457,0.576573473113282,0.5396912185004711,0.475649500182201,0.414516823535647,0.367027966012457,0.35071666506740695,0.330446544338578,0.311511198064584,0.308020616144409,0.287040344847832,0.26942977866884
0.5738950606036,0.670031451192905,0.7611156335256121,0.8161847206642621,0.8995049876761549,0.9654994234280029,0.992107710450901,1.0,0.990752312711251,0.961873569421735,0.943346286900048,0.9058045361812141,0.8456826074541159,0.8156764954817979,0.793522221845876,0.7584778700255509,0.7349112002941741,0.718753920374428,0.691629693661717,0.666081344752396,0.643586546986826,0.611426283716628,0.57374942628029,0.507628289835325,0.44383765498992495,0.39410812502366704,0.378543079451091,0.358134574374474,0.33874650307690396,0.33562242426141997,0.313089169036158,0.294072381917435
0.5519750832515931,0.646830193104307,0.737507892781446,0.793450895793421,0.8748823211680441,0.93954032994148,0.965922999828613,0.990752312711251,1.0,0.990086994621839,0.9758373093323379,0.9387484632124029,0.878204712388178,0.8476566981837049,0.824643801444413,0.7882346896796579,0.763598177401457,0.746524834603285,0.718087830932149,0.692015221507235,0.670306943491061,0.6382520574130279,0.6003872100114169,0.533189647475475,0.4676564826906429,0.416386899154267,0.40194304229726,0.381773777065159,0.3622589378318089,0.35956726216938206,0.335737333236988,0.315527201542687
0.518528311691776,0.6102087282932289,0.6986987041975121,0.7544562586148059,0.832345632825518,0.8943602823099929,0.91999530708518,0.961873569421735,0.990086994621839,1.0,0.9904560428223079,0.9545587442518291,0.89475808797585,0.864244368282139,0.8407910756124449,0.803678666324706,0.7784147468882952,0.7607258099793341,0.731483975946593,0.705376715662521,0.684905629699124,0.653584448082352,0.61626283173135,0.54926039045805,0.48320038087835604,0.431335611119829,0.418333832733772,0.39880524024859704,0.37953943975292603,0.37734782668414896,0.35263996372292494,0.331588326394159
0.502321229101239,0.59228336518283,0.6794819899658361,0.7349630193006751,0.8113141597399021,0.872277399029896,0.8978160747833431,0.943346286900048,0.9758373093323379,0.9904560428223079,1.0,0.9863261700829279,0.94726457506825,0.923480157698925,0.8995387583088009,0.860917238339127,0.8346362631926121,0.816149576812032,0.785222818544011,0.757519554362289,0.735656401594196,0.702118869539469,0.6627648803425129,0.593753180121568,0.524571626052909,0.469938295006466,0.456290480702485,0.43537443567253403,0.414635115553455,0.415660922612264,0.39057073074089604,0.368499014305123
0.478426557587091,0.5649586633050411,0.649100948521509,0.7030475029212471,0.7765716853638049,0.83545515893231,0.860467928755136,0.9058045361812141,0.9387484632124029,0.9545587442518291,0.9863261700829279,1.0,0.9871240180392541,0.9721278888449592,0.948214392067338,0.908749788130856,0.8819392300575459,0.863016365697148,0.8308811484582809,0.8018412889416491,0.7784885767764219,0.742817002754307,0.7017253735945749,0.631739289983011,0.560376049010527,0.503685582928906,0.48923775829949795,0.46694503050854996,0.444803592208955,0.44965135241292103,0.424838662531813,0.40218601997417397
0.442725130351265,0.523665506670178,0.602641248070533,0.653687897886385,0.722545807617304,0.777871038725696,0.801719350815605,0.8456826074541159,0.878204712388178,0.89475808797585,0.94726457506825,0.9871240180392541,1.0,0.9939257385252429,0.9706646030478159,0.931413619852981,0.904790088645827,0.8859386644033979,0.853470795894291,0.823892982197693,0.799705146654927,0.7628950341247199,0.7211913283654979,0.6520894907523199,0.580474717847216,0.523269950433181,0.508423425386907,0.48537741426391295,0.46245404961765796,0.470884572210962,0.44699001203216704,0.42436584421894397
0.421573497032244,0.500603882706975,0.5783216474109749,0.629355130074992,0.695896870328598,0.7494495961432791,0.772704960712976,0.8156764954817979,0.8476566981837049,0.864244368282139,0.923480157698925,0.9721278888449592,0.9939257385252429,1.0,0.9902357613831271,0.963350719264736,0.9423350407928119,0.922900079993092,0.8892618011601969,0.8585364794809699,0.833274142697369,0.794869312733706,0.7517365017938229,0.681327398469663,0.607669881166979,0.548649335805261,0.533218674306069,0.50914952470845,0.48518018668197704,0.49441702675547294,0.469562631163989,0.445930938843742
0.404059826449314,0.482292709438674,0.5599764380236569,0.611943559790881,0.6767575685676821,0.728960211749327,0.75170729749524,0.793522221845876,0.824643801444413,0.8407910756124449,0.8995387583088009,0.948214392067338,0.9706646030478159,0.9902357613831271,1.0,0.991338436460643,0.9786174470373051,0.9584558107839058,0.9235416135907769,0.8916471763562851,0.8654183054794741,0.825538662187977,0.780962783018927,0.708805106444589,0.6328886364104699,0.5719445526051551,0.555976290675001,0.530967025382993,0.506036915505071,0.514676297247116,0.48818741262359905,0.46326366046060397
0.380343402270242,0.45642767572583504,0.5326918684904249,0.5846104173938679,0.646639111399502,0.696637469904675,0.71849942939158,0.7584778700255509,0.7882346896796579,0.803678666324706,0.860917238339127,0.908749788130856,0.931413619852981,0.963350719264736,0.991338436460643,1.0,0.995320680439244,0.9748345366323901,0.939341875603129,0.90691565954863,0.8802446729785921,0.8396878712905871,0.79454861805639,0.7220323743507929,0.645343640140298,0.583675873276829,0.56748633652395,0.542038061674447,0.5166480682183849,0.52457027790258,0.497014637985965,0.471318780675501
0.36524486789019206,0.439633406775885,0.514572503245481,0.566073496186306,0.6263112074609171,0.674928467037583,0.6963070811815288,0.7349112002941741,0.763598177401457,0.7784147468882952,0.8346362631926121,0.8819392300575459,0.904790088645827,0.9423350407928119,0.9786174470373051,0.995320680439244,1.0,0.989976876073111,0.9637156825340552,0.936915925017801,0.9104422231288309,0.869425420118475,0.823374239654942,0.7483161092670841,0.668899563614911,0.605028870186906,0.588336784003729,0.5620199733676071,0.535744578996721,0.543210939567221,0.514210601209163,0.487357023293856
0.35643861235323293,0.429247087624317,0.502653733343522,0.5532060679954119,0.6123070285154929,0.6600892686868629,0.6812594309774751,0.718753920374428,0.746524834603285,0.7607258099793341,0.816149576812032,0.863016365697148,0.8859386644033979,0.922900079993092,0.9584558107839058,0.9748345366323901,0.989976876073111,1.0,0.9917547649493539,0.9761379084937629,0.9505347190287771,0.909416774072948,0.862331596829334,0.7831010352536499,0.699547101052057,0.632423068643987,0.61504723430128,0.587589001865865,0.5601588102788779,0.567374479132891,0.536716130931411,0.5084746562697721
0.342267219342195,0.41237945366295703,0.48312268951409104,0.531937638006745,0.5889823050261899,0.635178307558835,0.655792229709945,0.691629693661717,0.718087830932149,0.731483975946593,0.785222818544011,0.8308811484582809,0.853470795894291,0.8892618011601969,0.9235416135907769,0.939341875603129,0.9637156825340552,0.9917547649493539,1.0,0.9948011918725329,0.9704318587512479,0.9299351285356359,0.882728175576777,0.8010854596228321,0.7152261361553169,0.6463139956412629,0.628619034172173,0.600601216168893,0.5725988160658559,0.579461889285792,0.547830699176541,0.518819571607364
0.32753651144983803,0.39539510721804905,0.46407541405971103,0.511734481771469,0.566691040265789,0.611223654128462,0.631148302000198,0.666081344752396,0.692015221507235,0.705376715662521,0.757519554362289,0.8018412889416491,0.823892982197693,0.8585364794809699,0.8916471763562851,0.90691565954863,0.936915925017801,0.9761379084937629,0.9948011918725329,1.0,0.986530354556366,0.954827057216482,0.914194666532294,0.8346205805073841,0.7487456085090841,0.679232157605581,0.660114609464323,0.630306882136924,0.6006257434891059,0.6081954936088609,0.575249876599339,0.5449336869158989
0.312055060703236,0.37844177392697104,0.446106345600233,0.49361482417012104,0.546476185240681,0.589258564745588,0.608299550595457,0.643586546986826,0.670306943491061,0.684905629699124,0.735656401594196,0.7784885767764219,0.799705146654927,0.833274142697369,0.8654183054794741,0.8802446729785921,0.9104422231288309,0.9505347190287771,0.9704318587512479,0.986530354556366,1.0,0.990575139515306,0.9674957298061259,0.8970779465028991,0.8146332139216981,0.746207159195529,0.7237711390340509,0.6900264741181429,0.656724378546011,0.666758604151919,0.631794795733605,0.599165943266343
0.29263120958497496,0.35641102065679997,0.421824183785344,0.468222975843816,0.518235531516364,0.558666626814792,0.576573473113282,0.611426283716628,0.6382520574130279,0.653584448082352,0.702118869539469,0.742817002754307,0.7628950341247199,0.794869312733706,0.825538662187977,0.8396878712905871,0.869425420118475,0.909416774072948,0.9299351285356359,0.954827057216482,0.990575139515306,1.0,0.9920962021913371,0.930803239337114,0.852937673963387,0.786838797679369,0.7620885975269129,0.7257460162574491,0.6901014243717049,0.7019915064983371,0.6660616623580601,0.632171860152978
0.26827398003625796,0.32932499987399894,0.39260923113548296,0.43829928966334203,0.48510545939064503,0.522940873083899,0.5396912185004711,0.57374942628029,0.6003872100114169,0.61626283173135,0.6627648803425129,0.7017253735945749,0.7211913283654979,0.7517365017938229,0.780962783018927,0.79454861805639,0.823374239654942,0.862331596829334,0.882728175576777,0.914194666532294,0.9674957298061259,0.9920962021913371,1.0,0.962067456620603,0.8981667140239309,0.8404612315241,0.814526751648726,0.776057185823321,0.7382267967636099,0.74676997313903,0.705956972717511,0.668543745693312
0.22090213611919396,0.27809911913539503,0.339110407343878,0.385254167591044,0.42677544451479493,0.460473049051177,0.475649500182201,0.507628289835325,0.533189647475475,0.54926039045805,0.593753180121568,0.631739289983011,0.6520894907523199,0.681327398469663,0.708805106444589,0.7220323743507929,0.7483161092670841,0.7831010352536499,0.8010854596228321,0.8346205805073841,0.8970779465028991,0.930803239337114,0.962067456620603,1.0,0.984039993059435,0.9564079119763079,0.9323089895123721,0.8923005024022141,0.851873182981011,0.8396849816663879,0.7799046622622908,0.730537811202721
0.181011568884599,0.23336661980045,0.290412028083834,0.33497356598274,0.37135764139664595,0.400984696902775,0.414516823535647,0.44383765498992495,0.4676564826906429,0.48320038087835604,0.524571626052909,0.560376049010527,0.580474717847216,0.607669881166979,0.6328886364104699,0.645343640140298,0.668899563614911,0.699547101052057,0.7152261361553169,0.7487456085090841,0.8146332139216981,0.852937673963387,0.8981667140239309,0.984039993059435,1.0,0.993108650043591,0.9711878931535809,0.9318040499374189,0.8913283120696109,0.8661136999619392,0.796394726918673,0.7412402071293042
0.15171930957836702,0.199968502118967,0.253394387063788,0.29611248126136797,0.328454451100187,0.3548522185256521,0.367027966012457,0.39410812502366704,0.416386899154267,0.431335611119829,0.469938295006466,0.503685582928906,0.523269950433181,0.548649335805261,0.5719445526051551,0.583675873276829,0.605028870186906,0.632423068643987,0.6463139956412629,0.679232157605581,0.746207159195529,0.786838797679369,0.8404612315241,0.9564079119763079,0.993108650043591,1.0,0.9803594428430981,0.9423954119607679,0.9028169101849259,0.869288711506934,0.7940547467531229,0.735934305914619
0.154663187365765,0.20076529959959197,0.25126518161888195,0.290646398758341,0.319549113189614,0.342157894865447,0.35071666506740695,0.378543079451091,0.40194304229726,0.418333832733772,0.456290480702485,0.48923775829949795,0.508423425386907,0.533218674306069,0.555976290675001,0.56748633652395,0.588336784003729,0.61504723430128,0.628619034172173,0.660114609464323,0.7237711390340509,0.7620885975269129,0.814526751648726,0.9323089895123721,0.9711878931535809,0.9803594428430981,1.0,0.989856208925703,0.969894243911823,0.9213852255010531,0.831700613566395,0.7648727239337281
0.153026749360562,0.196462212165916,0.24362749122936,0.279648219439914,0.30537124226368895,0.32470128850743,0.330446544338578,0.358134574374474,0.381773777065159,0.39880524024859704,0.43537443567253403,0.46694503050854996,0.48537741426391295,0.50914952470845,0.530967025382993,0.542038061674447,0.5620199733676071,0.587589001865865,0.600601216168893,0.630306882136924,0.6900264741181429,0.7257460162574491,0.776057185823321,0.8923005024022141,0.9318040499374189,0.9423954119607679,0.989856208925703,1.0,0.994654335313728,0.9365318270479709,0.83861590820566,0.7671387548235451
0.14989111891622303,0.19083599564618103,0.234977773212035,0.26809792559345996,0.291182748254612,0.307883915758375,0.311511198064584,0.33874650307690396,0.3622589378318089,0.37953943975292603,0.414635115553455,0.444803592208955,0.46245404961765796,0.48518018668197704,0.506036915505071,0.5166480682183849,0.535744578996721,0.5601588102788779,0.5725988160658559,0.6006257434891059,0.656724378546011,0.6901014243717049,0.7382267967636099,0.851873182981011,0.8913283120696109,0.9028169101849259,0.969894243911823,0.994654335313728,1.0,0.9356294869896551,0.8329762596082242,0.7590290224997829
0.14868277624600199,0.187788189787844,0.22963424708025199,0.26085849157179103,0.28478669526473305,0.302740724462643,0.308020616144409,0.33562242426141997,0.35956726216938206,0.37734782668414896,0.415660922612264,0.44965135241292103,0.470884572210962,0.49441702675547294,0.514676297247116,0.52457027790258,0.543210939567221,0.567374479132891,0.579461889285792,0.6081954936088609,0.666758604151919,0.7019915064983371,0.74676997313903,0.8396849816663879,0.8661136999619392,0.869288711506934,0.9213852255010531,0.9365318270479709,0.9356294869896551,1.0,0.9746444637057521,0.93993956951444
0.13837030269054298,0.173940192999888,0.21182585373852397,0.240031917092117,0.26312617778045105,0.280897245457065,0.287040344847832,0.313089169036158,0.335737333236988,0.35263996372292494,0.39057073074089604,0.424838662531813,0.44699001203216704,0.469562631163989,0.48818741262359905,0.497014637985965,0.514210601209163,0.536716130931411,0.547830699176541,0.575249876599339,0.631794795733605,0.6660616623580601,0.705956972717511,0.7799046622622908,0.796394726918673,0.7940547467531229,0.831700613566395,0.83861590820566,0.8329762596082242,0.9746444637057521,1.0,0.992485055137264
0.129772285933982,0.162648205569749,0.19755803413263898,0.22351048859561398,0.245654917632451,0.262945967293376,0.26942977866884,0.294072381917435,0.315527201542687,0.331588326394159,0.368499014305123,0.40218601997417397,0.42436584421894397,0.445930938843742,0.46326366046060397,0.471318780675501,0.487357023293856,0.5084746562697721,0.518819571607364,0.5449336869158989,0.599165943266343,0.632171860152978,0.668543745693312,0.730537811202721,0.7412402071293042,0.735934305914619,0.7648727239337281,0.7671387548235451,0.7590290224997829,0.93993956951444,0.992485055137264,1.0
