1.0,0.9718560763704929,0.84669300473255,0.8241758024442201,0.764921830046547,0.7437719700093871,0.714928769307412,0.685713585119465,0.6622219623416279,0.629342027409707,0.605633660583933,0.561809332010882,0.502199127836816,0.430817179135748,0.37893097431635797,0.331428470607031,0.26121315547291,0.183397425829911,0.13341157929103098,0.10552902012476402,0.0841840656257482,0.0853639555010305,0.0845483070905563,0.07832833974196499,0.0707713147010643,0.0564840986733962,0.035998837705413,0.00658158415515075,0.103235917546024,0.14867811197578698,0.24328942495609898,0.281134162795759
0.9718560763704929,1.0,0.9481907646597901,0.9270282211948929,0.865235412937354,0.841667454252337,0.8079309805876159,0.775679162406596,0.751825525775852,0.717095125299543,0.6916279227301919,0.643222958419901,0.575342333358499,0.49389567327399203,0.43910225948650605,0.389839371589547,0.31744225263255393,0.23561529004449103,0.18146462223908302,0.148562828528479,0.122772597065369,0.11926246543144699,0.11463490933794002,0.10738578386754598,0.0995205522939484,0.0857660362463698,0.0656129211091479,0.0198245447948845,0.0883069709678468,0.140545903118263,0.236111167108785,0.27479185996557703
0.84669300473255,0.9481907646597901,1.0,0.984169133395613,0.9263047292344591,0.901895901418484,0.864376003351254,0.830729836600308,0.808383170232856,0.7740897671616541,0.748420070244262,0.6979718795373051,0.624854226211784,0.536885897538971,0.48294180023775607,0.43559015365159204,0.36649961664067104,0.286282730326087,0.23115512011092398,0.19430498621811,0.16471969032431902,0.155102870549803,0.14566873034239003,0.137653906625057,0.130064247448611,0.118264110929106,0.10036184642247399,0.0544366091213516,0.0592088699543843,0.115842775980914,0.204378490706846,0.240920360570947
0.8241758024442201,0.9270282211948929,0.984169133395613,1.0,0.978417075192511,0.96033402889626,0.91922456454488,0.88239835475077,0.8577391380111569,0.8205535175530791,0.793114971633708,0.7394569279068679,0.664058438940471,0.5724303483015629,0.5167040777645371,0.46772634717510997,0.39531942387898705,0.310444737100482,0.252056553037795,0.213141335854397,0.18169874008085699,0.17007009878779697,0.158991182688148,0.150539838106276,0.142825769850117,0.131384124194834,0.11383082833227301,0.0703236507125662,0.0364176198488808,0.0905997874490209,0.182120060916608,0.221825335404858
0.764921830046547,0.865235412937354,0.9263047292344591,0.978417075192511,1.0,0.9900164266745458,0.9463678279398009,0.9073084549976559,0.8809403368851111,0.8418715287953259,0.813469285124519,0.7582172786946,0.683178496570423,0.5909522245838,0.535379378731752,0.48646684629748405,0.413092466441923,0.32618554517146997,0.266333659155932,0.22656888869018302,0.194219792226511,0.18071112617771498,0.16815812341066502,0.159536223099698,0.151985978542038,0.14142043844551402,0.12497686006281698,0.0860310238076822,0.00838643976069667,0.0575405659073721,0.14887609825807901,0.19067985717955302
0.7437719700093871,0.841667454252337,0.901895901418484,0.96033402889626,0.9900164266745458,1.0,0.9816515516861071,0.955023216429539,0.928612434469678,0.88890285868688,0.86041253028874,0.8037369738038449,0.7332763761378691,0.64241363332711,0.586953516590402,0.537159090882114,0.46499813554582103,0.378403897187678,0.316818277975717,0.272832646618572,0.236492650223254,0.225455600969344,0.213638352478817,0.204596189977734,0.19624971488408602,0.18613043454122,0.16982333934395702,0.130824702718528,0.035290629777581004,0.0167001818669251,0.11130995531673402,0.157278291429964
0.714928769307412,0.8079309805876159,0.864376003351254,0.91922456454488,0.9463678279398009,0.9816515516861071,1.0,0.992113894532619,0.966780844532485,0.9276727391491278,0.90001674357768,0.8431507926408531,0.7806423081905021,0.693989850314912,0.639931467203138,0.590038611345787,0.52155519395556,0.43803660544529605,0.375899834789832,0.32727642594051304,0.28646077394879804,0.279723295121258,0.269664344594524,0.260295216668588,0.25097581577142897,0.241449920675411,0.225374126417296,0.185812905671857,0.0871637216363072,0.0308643874831189,0.0661937123551943,0.11629249379373201
0.685713585119465,0.775679162406596,0.830729836600308,0.88239835475077,0.9073084549976559,0.955023216429539,0.992113894532619,1.0,0.9875932824479641,0.9587361859860991,0.932406558418792,0.8760016664166871,0.8180925073062479,0.733408124416217,0.680068043565441,0.62999525363399,0.563257561492266,0.48073479904241706,0.41802651047616207,0.3674659961982051,0.324343286184117,0.321110083004907,0.312531073606306,0.30364881323162796,0.294451195623878,0.286411225298352,0.27151774097060105,0.232377538061934,0.13200762605121302,0.0724942192530115,0.025572801928904997,0.0787215996921398
0.6622219623416279,0.751825525775852,0.808383170232856,0.8577391380111569,0.8809403368851111,0.928612434469678,0.966780844532485,0.9875932824479641,1.0,0.9909029184465021,0.9661622390342071,0.91036393988833,0.8531709906628001,0.76743452481892,0.7136423638709279,0.6628512039191611,0.59531401728541,0.510945583337005,0.44707214999927797,0.39682659950907595,0.3531786836466911,0.352635668852169,0.34518512983661803,0.337531267898535,0.329475368960587,0.323754567161104,0.310871767901476,0.272789634254092,0.171182825963296,0.109001499886184,0.0104790821399842,0.0451290342433479
0.629342027409707,0.717095125299543,0.7740897671616541,0.8205535175530791,0.8418715287953259,0.88890285868688,0.9276727391491278,0.9587361859860991,0.9909029184465021,1.0,0.984874695077277,0.9383820866229751,0.884933692016601,0.8007404304728121,0.74877615772882,0.6992370971639019,0.6311964433005129,0.5440483983322759,0.47997913364471206,0.434765691544575,0.39354072816791796,0.393115297213553,0.38485252539312803,0.3776324757736839,0.370246191723079,0.36639348410009004,0.354969545317534,0.31856047233768997,0.21874871690865602,0.155059499223981,0.0570644460495252,0.00112839278510197
0.605633660583933,0.6916279227301919,0.748420070244262,0.793114971633708,0.813469285124519,0.86041253028874,0.90001674357768,0.932406558418792,0.9661622390342071,0.984874695077277,1.0,0.984063834228193,0.9399244792691509,0.8606811871370842,0.8144344513225441,0.769375450885728,0.6986993197829979,0.602686746189891,0.5383815137884269,0.508808096829848,0.47621422789511303,0.468279363804927,0.45330299889368697,0.443739663068015,0.435131512275628,0.431190937315475,0.41872389064969706,0.38372416957649796,0.289622570422902,0.225280758915217,0.126079937987533,0.0628825824951623
0.561809332010882,0.643222958419901,0.6979718795373051,0.7394569279068679,0.7582172786946,0.8037369738038449,0.8431507926408531,0.8760016664166871,0.91036393988833,0.9383820866229751,0.984063834228193,1.0,0.968014818531486,0.897264632154634,0.858570690053032,0.8195418194132851,0.7485891630563621,0.646678886855936,0.5842225528067501,0.571656416075586,0.548891294109684,0.5338524276131421,0.512625981145128,0.50098557625308,0.491376149830221,0.48734719364396706,0.47390522049161204,0.44122278684609795,0.35575449790727004,0.292539582048716,0.195023862535155,0.128439923156299
0.502199127836816,0.575342333358499,0.624854226211784,0.664058438940471,0.683178496570423,0.7332763761378691,0.7806423081905021,0.8180925073062479,0.8531709906628001,0.884933692016601,0.9399244792691509,0.968014818531486,1.0,0.9793330068256091,0.9560573117161422,0.9215586599881941,0.8630568372697571,0.771417815678261,0.715346884783407,0.7110262017704141,0.6902948270743349,0.6900373345240711,0.675324516017716,0.6646290381953621,0.654139726738462,0.644378123897758,0.6168684791515351,0.575308191638671,0.487479367777212,0.41623821503413,0.313639365516788,0.23689327589301803
0.430817179135748,0.49389567327399203,0.536885897538971,0.5724303483015629,0.5909522245838,0.64241363332711,0.693989850314912,0.733408124416217,0.76743452481892,0.8007404304728121,0.8606811871370842,0.897264632154634,0.9793330068256091,1.0,0.990234732672539,0.9609905764225259,0.91524334166811,0.8361411377411742,0.787822301230115,0.79034929533389,0.772220404769229,0.7838907029985459,0.7751122007085659,0.765675285330902,0.7549639088822859,0.7410344415010209,0.703462173010156,0.6566756449611529,0.5710236816748879,0.49662152915358404,0.394690841761781,0.313317623458968
0.37893097431635797,0.43910225948650605,0.48294180023775607,0.5167040777645371,0.535379378731752,0.586953516590402,0.639931467203138,0.680068043565441,0.7136423638709279,0.74877615772882,0.8144344513225441,0.858570690053032,0.9560573117161422,0.990234732672539,1.0,0.989728920802048,0.9582376281324029,0.8857109339194159,0.8411282778040229,0.846740594593385,0.829266322192926,0.836133937268684,0.823023031063552,0.8124227140589281,0.8013424074391801,0.791170508509583,0.7590626090684979,0.7150841032224939,0.626619913559334,0.5478764896313,0.455243659484742,0.37549904925083005
0.331428470607031,0.389839371589547,0.43559015365159204,0.46772634717510997,0.48646684629748405,0.537159090882114,0.590038611345787,0.62999525363399,0.6628512039191611,0.6992370971639019,0.769375450885728,0.8195418194132851,0.9215586599881941,0.9609905764225259,0.989728920802048,1.0,0.982196329388253,0.9151989843386871,0.8736557823199159,0.8811052937397871,0.864001113089385,0.8625019523038561,0.843233938748706,0.8311536047151681,0.819853028232158,0.8150801262349779,0.791994092914997,0.7530326624268459,0.66203538563139,0.5801370114487809,0.499191272382344,0.42345713159429604
0.26121315547291,0.31744225263255393,0.36649961664067104,0.39531942387898705,0.413092466441923,0.46499813554582103,0.52155519395556,0.563257561492266,0.59531401728541,0.6311964433005129,0.6986993197829979,0.7485891630563621,0.8630568372697571,0.91524334166811,0.9582376281324029,0.982196329388253,1.0,0.973298026293715,0.9471104410877169,0.9406583428831949,0.912738017958631,0.908893798810949,0.8871793982593392,0.8755284725140201,0.865316378270109,0.8637822679282241,0.8440397600356842,0.8064984490336321,0.7125483425665731,0.6264967477170871,0.548918386289206,0.472091337850151
0.183397425829911,0.23561529004449103,0.286282730326087,0.310444737100482,0.32618554517146997,0.378403897187678,0.43803660544529605,0.48073479904241706,0.510945583337005,0.5440483983322759,0.602686746189891,0.646678886855936,0.771417815678261,0.8361411377411742,0.8857109339194159,0.9151989843386871,0.973298026293715,1.0,0.994182052483318,0.9675943029792391,0.9254953770434301,0.923654536577722,0.903110028015658,0.8933854570261709,0.8851902208027449,0.8849002901380609,0.8650032058418841,0.827743205812615,0.734701316438514,0.6479853672518711,0.5707818025253879,0.49281356662095005
0.13341157929103098,0.18146462223908302,0.23115512011092398,0.252056553037795,0.266333659155932,0.316818277975717,0.375899834789832,0.41802651047616207,0.44707214999927797,0.47997913364471206,0.5383815137884269,0.5842225528067501,0.715346884783407,0.787822301230115,0.8411282778040229,0.8736557823199159,0.9471104410877169,0.994182052483318,1.0,0.9775553497855569,0.93798494938321,0.9342232569529879,0.91214327412143,0.902096758050734,0.893896611721841,0.8917295467246831,0.8683137878809241,0.830388885330426,0.7422667443358522,0.657744775910538,0.5807871671678821,0.502280276049437
0.10552902012476402,0.148562828528479,0.19430498621811,0.213141335854397,0.22656888869018302,0.272832646618572,0.32727642594051304,0.3674659961982051,0.39682659950907595,0.434765691544575,0.508808096829848,0.571656416075586,0.7110262017704141,0.79034929533389,0.846740594593385,0.8811052937397871,0.9406583428831949,0.9675943029792391,0.9775553497855569,1.0,0.9899694692723191,0.976750255829083,0.9471361323124309,0.9326014574040901,0.920836403558748,0.910633856471793,0.8754942758149441,0.833672144031453,0.756566529063348,0.677093492033094,0.597598905573283,0.516465217590305
0.0841840656257482,0.122772597065369,0.16471969032431902,0.18169874008085699,0.194219792226511,0.236492650223254,0.28646077394879804,0.324343286184117,0.3531786836466911,0.39354072816791796,0.47621422789511303,0.548891294109684,0.6902948270743349,0.772220404769229,0.829266322192926,0.864001113089385,0.912738017958631,0.9254953770434301,0.93798494938321,0.9899694692723191,1.0,0.9807701238333459,0.9468463752274141,0.929666492870246,0.915805897672837,0.900470645218585,0.8583504228872171,0.814963784286716,0.7471798251201741,0.6730859464678,0.59388393805491,0.5130237071295121
0.0853639555010305,0.11926246543144699,0.155102870549803,0.17007009878779697,0.18071112617771498,0.225455600969344,0.279723295121258,0.321110083004907,0.352635668852169,0.393115297213553,0.468279363804927,0.5338524276131421,0.6900373345240711,0.7838907029985459,0.836133937268684,0.8625019523038561,0.908893798810949,0.923654536577722,0.9342232569529879,0.976750255829083,0.9807701238333459,1.0,0.9914203630684469,0.982853184333882,0.9727381795470121,0.9558884325688979,0.9062343662285571,0.857799474021253,0.7882307715967241,0.711084615791924,0.627150358731646,0.541565422764166
0.0845483070905563,0.11463490933794002,0.14566873034239003,0.158991182688148,0.16815812341066502,0.213638352478817,0.269664344594524,0.312531073606306,0.34518512983661803,0.38485252539312803,0.45330299889368697,0.512625981145128,0.675324516017716,0.7751122007085659,0.823023031063552,0.843233938748706,0.8871793982593392,0.903110028015658,0.91214327412143,0.9471361323124309,0.9468463752274141,0.9914203630684469,1.0,0.99739717846163,0.990022462241262,0.972574565682381,0.919021823063315,0.868266449816208,0.7988963685729341,0.7213050279006299,0.6360012491375021,0.549087328182389
0.07832833974196499,0.10738578386754598,0.137653906625057,0.150539838106276,0.159536223099698,0.204596189977734,0.260295216668588,0.30364881323162796,0.337531267898535,0.3776324757736839,0.443739663068015,0.50098557625308,0.6646290381953621,0.765675285330902,0.8124227140589281,0.8311536047151681,0.8755284725140201,0.8933854570261709,0.902096758050734,0.9326014574040901,0.929666492870246,0.982853184333882,0.99739717846163,1.0,0.9974213488860351,0.9838959939391341,0.932840172172038,0.883611524279445,0.8139164864576199,0.735380641085044,0.649209337910918,0.5609923769822049
0.0707713147010643,0.0995205522939484,0.130064247448611,0.142825769850117,0.151985978542038,0.19624971488408602,0.25097581577142897,0.294451195623878,0.329475368960587,0.370246191723079,0.435131512275628,0.491376149830221,0.654139726738462,0.7549639088822859,0.8013424074391801,0.819853028232158,0.865316378270109,0.8851902208027449,0.893896611721841,0.920836403558748,0.915805897672837,0.9727381795470121,0.990022462241262,0.9974213488860351,1.0,0.991465954807055,0.9445998508474008,0.8979507861952428,0.8279387268303711,0.748513955223984,0.661807339704214,0.572514543289838
0.0564840986733962,0.0857660362463698,0.118264110929106,0.131384124194834,0.14142043844551402,0.18613043454122,0.241449920675411,0.286411225298352,0.323754567161104,0.36639348410009004,0.431190937315475,0.48734719364396706,0.644378123897758,0.7410344415010209,0.791170508509583,0.8150801262349779,0.8637822679282241,0.8849002901380609,0.8917295467246831,0.910633856471793,0.900470645218585,0.9558884325688979,0.972574565682381,0.9838959939391341,0.991465954807055,1.0,0.9787912210432109,0.94525971848578,0.865215512704063,0.778601536212615,0.700001428182467,0.613124900638808
0.035998837705413,0.0656129211091479,0.10036184642247399,0.11383082833227301,0.12497686006281698,0.16982333934395702,0.225374126417296,0.27151774097060105,0.310871767901476,0.354969545317534,0.41872389064969706,0.47390522049161204,0.6168684791515351,0.703462173010156,0.7590626090684979,0.791994092914997,0.8440397600356842,0.8650032058418841,0.8683137878809241,0.8754942758149441,0.8583504228872171,0.9062343662285571,0.919021823063315,0.932840172172038,0.9445998508474008,0.9787912210432109,1.0,0.9884574161806591,0.8933326142363609,0.79734999754389,0.7358860365379241,0.656793131779787
0.00658158415515075,0.0198245447948845,0.0544366091213516,0.0703236507125662,0.0860310238076822,0.130824702718528,0.185812905671857,0.232377538061934,0.272789634254092,0.31856047233768997,0.38372416957649796,0.44122278684609795,0.575308191638671,0.6566756449611529,0.7150841032224939,0.7530326624268459,0.8064984490336321,0.827743205812615,0.830388885330426,0.833672144031453,0.814963784286716,0.857799474021253,0.868266449816208,0.883611524279445,0.8979507861952428,0.94525971848578,0.9884574161806591,1.0,0.935145502386923,0.852906035094401,0.79800058016176,0.718442152516566
0.103235917546024,0.0883069709678468,0.0592088699543843,0.0364176198488808,0.00838643976069667,0.035290629777581004,0.0871637216363072,0.13200762605121302,0.171182825963296,0.21874871690865602,0.289622570422902,0.35575449790727004,0.487479367777212,0.5710236816748879,0.626619913559334,0.66203538563139,0.7125483425665731,0.734701316438514,0.7422667443358522,0.756566529063348,0.7471798251201741,0.7882307715967241,0.7988963685729341,0.8139164864576199,0.8279387268303711,0.865215512704063,0.8933326142363609,0.935145502386923,1.0,0.9825398167739001,0.915078442202025,0.819454138278854
0.14867811197578698,0.140545903118263,0.115842775980914,0.0905997874490209,0.0575405659073721,0.0167001818669251,0.0308643874831189,0.0724942192530115,0.109001499886184,0.155059499223981,0.225280758915217,0.292539582048716,0.41623821503413,0.49662152915358404,0.5478764896313,0.5801370114487809,0.6264967477170871,0.6479853672518711,0.657744775910538,0.677093492033094,0.6730859464678,0.711084615791924,0.7213050279006299,0.735380641085044,0.748513955223984,0.778601536212615,0.79734999754389,0.852906035094401,0.9825398167739001,1.0,0.9294201460294409,0.830284970344028
0.24328942495609898,0.236111167108785,0.204378490706846,0.182120060916608,0.14887609825807901,0.11130995531673402,0.0661937123551943,0.025572801928904997,0.0104790821399842,0.0570644460495252,0.126079937987533,0.195023862535155,0.313639365516788,0.394690841761781,0.455243659484742,0.499191272382344,0.548918386289206,0.5707818025253879,0.5807871671678821,0.597598905573283,0.59388393805491,0.627150358731646,0.6360012491375021,0.649209337910918,0.661807339704214,0.700001428182467,0.7358860365379241,0.79800058016176,0.915078442202025,0.9294201460294409,1.0,0.977348291031859
0.281134162795759,0.27479185996557703,0.240920360570947,0.221825335404858,0.19067985717955302,0.157278291429964,0.11629249379373201,0.0787215996921398,0.0451290342433479,0.00112839278510197,0.0628825824951623,0.128439923156299,0.23689327589301803,0.313317623458968,0.37549904925083005,0.42345713159429604,0.472091337850151,0.49281356662095005,0.502280276049437,0.516465217590305,0.5130237071295121,0.541565422764166,0.549087328182389,0.5609923769822049,0.572514543289838,0.613124900638808,0.656793131779787,0.718442152516566,0.819454138278854,0.830284970344028,0.977348291031859,1.0
