1.0,0.7160839833197671,0.622706538586974,0.5787975493290389,0.562377516637538,0.5369532473198,0.5291112753384579,0.516324804776206,0.515899425838107,0.508813479886082,0.499552249315224,0.49887273358037204,0.49887187157380203,0.490254447853517,0.48414348017338893,0.483716700649379,0.47183154640465796,0.457871915926081,0.45231514587873706,0.44103546644111996,0.43114872022497996,0.42496845904525304,0.427377422651625,0.420199009685027,0.41026615531596206,0.40772381971472904,0.39987404296499496,0.377642741391367,0.3554594729791579,0.30238907018327804,0.158750888273474,0.0334714234033518
0.7160839833197671,1.0,0.90974851517791,0.8624593194218171,0.8348064339509951,0.8150266937213001,0.8012703083626659,0.784523075084292,0.7739103895891891,0.7662868992574928,0.757977377440108,0.757140507338004,0.752031378680342,0.742016602165485,0.7304489024495129,0.724627898092466,0.7061762956627621,0.694302723131796,0.686703319443319,0.677182980845576,0.670666554905912,0.667137753862049,0.6639794943842551,0.652701303586158,0.638228687766014,0.6316928739921,0.615093446181045,0.5874268765237289,0.564609083227218,0.47887529688836405,0.24725332447858497,0.0498941771316701
0.622706538586974,0.90974851517791,1.0,0.9463124289649878,0.9193949397399251,0.897859294485978,0.8857236059851469,0.8673443995458299,0.8554013432446671,0.8436654630901299,0.8368561641830121,0.8333715318443058,0.829221706178165,0.823978266171277,0.815895372341592,0.8048177491797379,0.7932819349150071,0.78200826928096,0.772155716780504,0.762168649511088,0.7531051139464091,0.7459693584436881,0.741322700257297,0.7328138104577491,0.7166361218566741,0.7059915443612019,0.686218122084062,0.6615633488853471,0.6358504278648299,0.5533185832213678,0.272870792476699,0.0778511002243056
0.5787975493290389,0.8624593194218171,0.9463124289649878,1.0,0.9681317598803492,0.944716531876833,0.926295199627147,0.907313445648678,0.8924239080655929,0.8778324427864941,0.870711642040935,0.865984645252561,0.8622568511211121,0.85412238527971,0.8495710588135742,0.8368203321341721,0.826600088373932,0.816053817000425,0.80704553002572,0.794757624891322,0.7856454283424151,0.776871454390496,0.7744997605011099,0.7681860068047092,0.7518987615025191,0.7365036918132221,0.716300769040592,0.6972501856859289,0.6681624988228471,0.582688315269013,0.298608506499465,0.0865975213838636
0.562377516637538,0.8348064339509951,0.9193949397399251,0.9681317598803492,1.0,0.9758487822538809,0.9597401746794979,0.9416630834871771,0.9292409634975051,0.913927841453738,0.906545695272751,0.899384536356616,0.894999472507264,0.88519947335381,0.880665582881293,0.864930064835431,0.855013821169742,0.845982917203678,0.8372244220083241,0.8276716152699101,0.81843842139627,0.810655470482469,0.807950158557689,0.8004475972758242,0.784751328849132,0.7705316678490841,0.751121625312192,0.7331207226629509,0.7066428164035791,0.619011177948609,0.31661947275744,0.0854461746307672
0.5369532473198,0.8150266937213001,0.897859294485978,0.944716531876833,0.9758487822538809,1.0,0.983922913141196,0.967136715923,0.9522723007530279,0.9358219175238309,0.9272443491620679,0.920364165526035,0.9137609803797759,0.90347752163753,0.8982157859420891,0.88359516773025,0.8761552346799121,0.867052319699115,0.85803761635961,0.8473363291075049,0.840222185412507,0.8320600567876859,0.825931661852464,0.8187500876684379,0.8020006515108109,0.7899263070641941,0.7700320518340992,0.7479501971576009,0.72403438471888,0.643806747951537,0.332600880083028,0.0948622319093318
0.5291112753384579,0.8012703083626659,0.8857236059851469,0.926295199627147,0.9597401746794979,0.983922913141196,1.0,0.9835541575333059,0.9678286911107041,0.9515786746049759,0.9419782127168491,0.934828392925272,0.930004235788671,0.9196261276652842,0.9132491302396899,0.8975369857513911,0.889988808403089,0.8804203717607808,0.869970318285145,0.859830057118967,0.8525650925718249,0.8462169612289009,0.8384824832782171,0.828937131441542,0.810162625937277,0.797268309609912,0.7772247944524581,0.7553902895727421,0.7331667793305899,0.654540743616125,0.33726357000734597,0.0936359024792971
0.516324804776206,0.784523075084292,0.8673443995458299,0.907313445648678,0.9416630834871771,0.967136715923,0.9835541575333059,1.0,0.985030585648991,0.9698600470012879,0.9598727298674409,0.951458047487846,0.943099793961175,0.9309427924185799,0.9222350613862209,0.9063374676795691,0.898056202726657,0.8892768760288849,0.880922899586293,0.871452608974957,0.8650712783832181,0.859097574788088,0.850377623396445,0.8412768241907829,0.821513597085128,0.807850279028858,0.7896733442518729,0.770334210520615,0.7499050173449409,0.676265918481324,0.340215774366276,0.106930424543617
0.515899425838107,0.7739103895891891,0.8554013432446671,0.8924239080655929,0.9292409634975051,0.9522723007530279,0.9678286911107041,0.985030585648991,1.0,0.9878600939339359,0.975704750942,0.9643365928153791,0.953921030426489,0.9403813874577321,0.930638871365625,0.9143884074421421,0.9041446414637959,0.895270767144851,0.8871198491519201,0.8781913062816641,0.870919455258846,0.864863437249276,0.856125887917521,0.8476774865721222,0.830902792040044,0.816570515376491,0.7993723690262081,0.780710282952864,0.757954401576524,0.685252322168352,0.3419211561493611,0.11019367891411001
0.508813479886082,0.7662868992574928,0.8436654630901299,0.8778324427864941,0.913927841453738,0.9358219175238309,0.9515786746049759,0.9698600470012879,0.9878600939339359,1.0,0.9895420511344929,0.976845436991792,0.963753552657325,0.948218103039968,0.936341687345403,0.921313566217027,0.9084416727262321,0.899363801679326,0.890755193426282,0.8823213187835109,0.874840420949734,0.8686430940463551,0.8609389175902601,0.851948370756984,0.835258634674032,0.819976916390535,0.8012445286917891,0.782914046953828,0.758823333048193,0.684464358145182,0.33360611961343606,0.11457015677718699
0.499552249315224,0.757977377440108,0.8368561641830121,0.870711642040935,0.906545695272751,0.9272443491620679,0.9419782127168491,0.9598727298674409,0.975704750942,0.9895420511344929,1.0,0.9889271498511291,0.974470330979236,0.9571154095276859,0.9455306071362679,0.929038545301193,0.9147198657495029,0.9047728977837679,0.894804922259015,0.885164676116812,0.877155418609423,0.8700941068842649,0.861925130963442,0.8543412397519201,0.8391020814090692,0.825349574414215,0.8083499822814,0.7904062645782199,0.7659740998173331,0.689083196847529,0.336986946825109,0.12002914009099801
0.49887273358037204,0.757140507338004,0.8333715318443058,0.865984645252561,0.899384536356616,0.920364165526035,0.934828392925272,0.951458047487846,0.9643365928153791,0.976845436991792,0.9889271498511291,1.0,0.9876010464888051,0.970718542307164,0.9558588718471279,0.9371508779718101,0.9208606761750591,0.909827136806938,0.8999212568075259,0.8897858076059459,0.8821628244097829,0.875644135765122,0.866639518301065,0.860293290410505,0.84728691563139,0.834601558742351,0.820061346534417,0.800684466990572,0.7774753464129859,0.700005630169869,0.34917828633874104,0.11717715602155901
0.49887187157380203,0.752031378680342,0.829221706178165,0.8622568511211121,0.894999472507264,0.9137609803797759,0.930004235788671,0.943099793961175,0.953921030426489,0.963753552657325,0.974470330979236,0.9876010464888051,1.0,0.9893999723666379,0.974863922086716,0.9576529507752429,0.9391482735377121,0.9259959401458628,0.9161797085996041,0.9053528251291371,0.8967940638788721,0.890309670023482,0.881011396916039,0.874706875416266,0.861290706398057,0.848176965997811,0.833478782256351,0.812562378106361,0.789892142461732,0.706845292537766,0.35963259749306103,0.114482894778166
0.490254447853517,0.742016602165485,0.823978266171277,0.85412238527971,0.88519947335381,0.90347752163753,0.9196261276652842,0.9309427924185799,0.9403813874577321,0.948218103039968,0.9571154095276859,0.970718542307164,0.9893999723666379,1.0,0.9891177262580341,0.972856559847414,0.95358864263081,0.9379928909744271,0.9280635780619308,0.91589615718547,0.906982960716306,0.899895613535867,0.8909846883710941,0.8848800780037449,0.870900264441117,0.8579992754805601,0.841053851660124,0.8196092635450221,0.794111433417777,0.7109080321052,0.366567237787909,0.11866307491972199
0.48414348017338893,0.7304489024495129,0.815895372341592,0.8495710588135742,0.880665582881293,0.8982157859420891,0.9132491302396899,0.9222350613862209,0.930638871365625,0.936341687345403,0.9455306071362679,0.9558588718471279,0.974863922086716,0.9891177262580341,1.0,0.9877296380019771,0.970423465737157,0.954612477416747,0.942629074502624,0.9303186162276099,0.9218270656384849,0.9146738989312271,0.9046189123150821,0.8983402773807428,0.8835757321784058,0.869393736094599,0.852554024788895,0.8309573168373491,0.804340052329388,0.7227763297659309,0.379419569984504,0.135754072616
0.483716700649379,0.724627898092466,0.8048177491797379,0.8368203321341721,0.864930064835431,0.88359516773025,0.8975369857513911,0.9063374676795691,0.9143884074421421,0.921313566217027,0.929038545301193,0.9371508779718101,0.9576529507752429,0.972856559847414,0.9877296380019771,1.0,0.986760810949723,0.971014617145019,0.959104538824578,0.945683898583183,0.935825127197172,0.9275748724293921,0.916955602529119,0.909944251537487,0.894281218905913,0.8779785528212479,0.8611780959844069,0.8394675572813409,0.81113879206448,0.73283208762254,0.37743757519332105,0.143632666692389
0.47183154640465796,0.7061762956627621,0.7932819349150071,0.826600088373932,0.855013821169742,0.8761552346799121,0.889988808403089,0.898056202726657,0.9041446414637959,0.9084416727262321,0.9147198657495029,0.9208606761750591,0.9391482735377121,0.95358864263081,0.970423465737157,0.986760810949723,1.0,0.989377379558488,0.977728026111299,0.9634481826364208,0.9526755899873929,0.9432478111572242,0.9329237768984758,0.925157929253749,0.9103028291601629,0.8944599632007959,0.876662282937226,0.85428466491084,0.8254190057514369,0.7484482600149159,0.39397758425151197,0.152901122202467
0.457871915926081,0.694302723131796,0.78200826928096,0.816053817000425,0.845982917203678,0.867052319699115,0.8804203717607808,0.8892768760288849,0.895270767144851,0.899363801679326,0.9047728977837679,0.909827136806938,0.9259959401458628,0.9379928909744271,0.954612477416747,0.971014617145019,0.989377379558488,1.0,0.9909993090778159,0.9770949575375479,0.966030878881239,0.954147231030657,0.942765212792698,0.9322104013586171,0.9169777224764991,0.9011287222309791,0.881683842844928,0.857707458114534,0.8310840059879809,0.7517487659615071,0.3898016767512029,0.165741728082165
0.45231514587873706,0.686703319443319,0.772155716780504,0.80704553002572,0.8372244220083241,0.85803761635961,0.869970318285145,0.880922899586293,0.8871198491519201,0.890755193426282,0.894804922259015,0.8999212568075259,0.9161797085996041,0.9280635780619308,0.942629074502624,0.959104538824578,0.977728026111299,0.9909993090778159,1.0,0.9899641563927171,0.978285247623981,0.96476752551558,0.953574962411019,0.941873830736487,0.9254190608184091,0.909319647011944,0.8895309704369359,0.8652545302417081,0.8398178131143891,0.761622382068529,0.3967004787172321,0.17494267881425102
0.44103546644111996,0.677182980845576,0.762168649511088,0.794757624891322,0.8276716152699101,0.8473363291075049,0.859830057118967,0.871452608974957,0.8781913062816641,0.8823213187835109,0.885164676116812,0.8897858076059459,0.9053528251291371,0.91589615718547,0.9303186162276099,0.945683898583183,0.9634481826364208,0.9770949575375479,0.9899641563927171,1.0,0.9907950334708041,0.9780558559434241,0.9673282220949879,0.9549123892010251,0.9375439189361671,0.9201438943630409,0.899863765964378,0.875396320745961,0.8533824595303591,0.775508468177097,0.40713416942492703,0.18171224591901
0.43114872022497996,0.670666554905912,0.7531051139464091,0.7856454283424151,0.81843842139627,0.840222185412507,0.8525650925718249,0.8650712783832181,0.870919455258846,0.874840420949734,0.877155418609423,0.8821628244097829,0.8967940638788721,0.906982960716306,0.9218270656384849,0.935825127197172,0.9526755899873929,0.966030878881239,0.978285247623981,0.9907950334708041,1.0,0.9894262075855009,0.977173604413055,0.9634795103234659,0.944986219066104,0.9266353367181991,0.9054129629274301,0.8806641862904521,0.858343150316749,0.783565820876759,0.41593123064414295,0.17822339806249696
0.42496845904525304,0.667137753862049,0.7459693584436881,0.776871454390496,0.810655470482469,0.8320600567876859,0.8462169612289009,0.859097574788088,0.864863437249276,0.8686430940463551,0.8700941068842649,0.875644135765122,0.890309670023482,0.899895613535867,0.9146738989312271,0.9275748724293921,0.9432478111572242,0.954147231030657,0.96476752551558,0.9780558559434241,0.9894262075855009,1.0,0.989732005384317,0.9752288825651769,0.9574593787822578,0.940856725187709,0.9188113728570959,0.8917897412368729,0.864984718612712,0.7900384922424839,0.41829611491478397,0.174503358527294
0.427377422651625,0.6639794943842551,0.741322700257297,0.7744997605011099,0.807950158557689,0.825931661852464,0.8384824832782171,0.850377623396445,0.856125887917521,0.8609389175902601,0.861925130963442,0.866639518301065,0.881011396916039,0.8909846883710941,0.9046189123150821,0.916955602529119,0.9329237768984758,0.942765212792698,0.953574962411019,0.9673282220949879,0.977173604413055,0.989732005384317,1.0,0.9867330568073821,0.968950082029131,0.9512138947855291,0.9301369717601541,0.9049661203674251,0.875173096380175,0.802015134001312,0.421838255102655,0.189891702833699
0.420199009685027,0.652701303586158,0.7328138104577491,0.7681860068047092,0.8004475972758242,0.8187500876684379,0.828937131441542,0.8412768241907829,0.8476774865721222,0.851948370756984,0.8543412397519201,0.860293290410505,0.874706875416266,0.8848800780037449,0.8983402773807428,0.909944251537487,0.925157929253749,0.9322104013586171,0.941873830736487,0.9549123892010251,0.9634795103234659,0.9752288825651769,0.9867330568073821,1.0,0.985565985550229,0.9687460040865329,0.9492422577591741,0.9212533279114109,0.8879295912874541,0.813642757658769,0.439558896582622,0.19664791425825198
0.41026615531596206,0.638228687766014,0.7166361218566741,0.7518987615025191,0.784751328849132,0.8020006515108109,0.810162625937277,0.821513597085128,0.830902792040044,0.835258634674032,0.8391020814090692,0.84728691563139,0.861290706398057,0.870900264441117,0.8835757321784058,0.894281218905913,0.9103028291601629,0.9169777224764991,0.9254190608184091,0.9375439189361671,0.944986219066104,0.9574593787822578,0.968950082029131,0.985565985550229,1.0,0.984611223910782,0.962644996555539,0.9348064357306559,0.89869516808094,0.8240193684931949,0.455136665159656,0.19366048384997603
0.40772381971472904,0.6316928739921,0.7059915443612019,0.7365036918132221,0.7705316678490841,0.7899263070641941,0.797268309609912,0.807850279028858,0.816570515376491,0.819976916390535,0.825349574414215,0.834601558742351,0.848176965997811,0.8579992754805601,0.869393736094599,0.8779785528212479,0.8944599632007959,0.9011287222309791,0.909319647011944,0.9201438943630409,0.9266353367181991,0.940856725187709,0.9512138947855291,0.9687460040865329,0.984611223910782,1.0,0.9793929178616629,0.948862734598963,0.908147818553772,0.832022925845271,0.46095248526792,0.199400224309844
0.39987404296499496,0.615093446181045,0.686218122084062,0.716300769040592,0.751121625312192,0.7700320518340992,0.7772247944524581,0.7896733442518729,0.7993723690262081,0.8012445286917891,0.8083499822814,0.820061346534417,0.833478782256351,0.841053851660124,0.852554024788895,0.8611780959844069,0.876662282937226,0.881683842844928,0.8895309704369359,0.899863765964378,0.9054129629274301,0.9188113728570959,0.9301369717601541,0.9492422577591741,0.962644996555539,0.9793929178616629,1.0,0.9728600867245608,0.9279081351586039,0.851915105640374,0.47083773570265597,0.220818225882976
0.377642741391367,0.5874268765237289,0.6615633488853471,0.6972501856859289,0.7331207226629509,0.7479501971576009,0.7553902895727421,0.770334210520615,0.780710282952864,0.782914046953828,0.7904062645782199,0.800684466990572,0.812562378106361,0.8196092635450221,0.8309573168373491,0.8394675572813409,0.85428466491084,0.857707458114534,0.8652545302417081,0.875396320745961,0.8806641862904521,0.8917897412368729,0.9049661203674251,0.9212533279114109,0.9348064357306559,0.948862734598963,0.9728600867245608,1.0,0.9597690288923101,0.8790010853710879,0.48329825083735994,0.23926926639312399
0.3554594729791579,0.564609083227218,0.6358504278648299,0.6681624988228471,0.7066428164035791,0.72403438471888,0.7331667793305899,0.7499050173449409,0.757954401576524,0.758823333048193,0.7659740998173331,0.7774753464129859,0.789892142461732,0.794111433417777,0.804340052329388,0.81113879206448,0.8254190057514369,0.8310840059879809,0.8398178131143891,0.8533824595303591,0.858343150316749,0.864984718612712,0.875173096380175,0.8879295912874541,0.89869516808094,0.908147818553772,0.9279081351586039,0.9597690288923101,1.0,0.9190399943996179,0.50023615698652,0.262681816100167
0.30238907018327804,0.47887529688836405,0.5533185832213678,0.582688315269013,0.619011177948609,0.643806747951537,0.654540743616125,0.676265918481324,0.685252322168352,0.684464358145182,0.689083196847529,0.700005630169869,0.706845292537766,0.7109080321052,0.7227763297659309,0.73283208762254,0.7484482600149159,0.7517487659615071,0.761622382068529,0.775508468177097,0.783565820876759,0.7900384922424839,0.802015134001312,0.813642757658769,0.8240193684931949,0.832022925845271,0.851915105640374,0.8790010853710879,0.9190399943996179,1.0,0.598428181931936,0.339627836871574
0.158750888273474,0.24725332447858497,0.272870792476699,0.298608506499465,0.31661947275744,0.332600880083028,0.33726357000734597,0.340215774366276,0.3419211561493611,0.33360611961343606,0.336986946825109,0.34917828633874104,0.35963259749306103,0.366567237787909,0.379419569984504,0.37743757519332105,0.39397758425151197,0.3898016767512029,0.3967004787172321,0.40713416942492703,0.41593123064414295,0.41829611491478397,0.421838255102655,0.439558896582622,0.455136665159656,0.46095248526792,0.47083773570265597,0.48329825083735994,0.50023615698652,0.598428181931936,1.0,0.299854031122529
0.0334714234033518,0.0498941771316701,0.0778511002243056,0.0865975213838636,0.0854461746307672,0.0948622319093318,0.0936359024792971,0.106930424543617,0.11019367891411001,0.11457015677718699,0.12002914009099801,0.11717715602155901,0.114482894778166,0.11866307491972199,0.135754072616,0.143632666692389,0.152901122202467,0.165741728082165,0.17494267881425102,0.18171224591901,0.17822339806249696,0.174503358527294,0.189891702833699,0.19664791425825198,0.19366048384997603,0.199400224309844,0.220818225882976,0.23926926639312399,0.262681816100167,0.339627836871574,0.299854031122529,1.0
