1.0,0.865269461284762,0.8182558678407141,0.7836112196217769,0.7585324378551859,0.738399179983356,0.7142218308898031,0.6993935471457471,0.6845371533610269,0.664156577858345,0.635490547288394,0.613661108082707,0.592556572933918,0.570503116391199,0.53972653686199,0.500275445387537,0.471330274437235,0.425700372952649,0.388926378708842,0.356981640397842,0.313081854496139,0.22282583862066396,0.180899442322793,0.155411223305791,0.131392111410578,0.10113820340977801,0.0650994762063494,0.0410359947122051,0.0200506613962581,0.0115946683784029,0.0289956041534419,0.00899476178847878
0.865269461284762,1.0,0.9494576850815519,0.9110275046602281,0.884647566144323,0.864830413531131,0.8374394413962429,0.8177893275720601,0.8043421726234351,0.78806730817404,0.7622870621039429,0.740842098040232,0.7220547389279459,0.6965940698174571,0.65667564170358,0.607184828144354,0.582107681587959,0.5323263294767601,0.492030962305498,0.457404635941166,0.4077960071197779,0.30252295236711496,0.261108712616779,0.24228909948751998,0.221270268094425,0.17958617979230804,0.138295913005682,0.100855397707849,0.077697194229397,0.0670340513092476,0.0663779499301765,0.0208140674530777
0.8182558678407141,0.9494576850815519,1.0,0.980721119699395,0.9456745778456921,0.9190698117886059,0.888575555281991,0.87041986147333,0.854054505526481,0.835449263851137,0.810527671630065,0.79120461934903,0.774315589005603,0.749245735610934,0.7082590882752571,0.656328525416376,0.626474846996637,0.5775293427169089,0.5367721658192871,0.501604805711686,0.452674728318168,0.34910324714175606,0.30458415681447404,0.283245125521383,0.258409128892451,0.20910677872025102,0.17187790815495999,0.13343525278934001,0.111496550349539,0.100560368754982,0.0927889357500236,0.0535089022066901
0.7836112196217769,0.9110275046602281,0.980721119699395,1.0,0.986511022046333,0.9565274049625391,0.921750322998224,0.904802695442251,0.8854332104061841,0.8630956158936791,0.836554589771678,0.8191983900988841,0.8007808598065509,0.7754842828454979,0.734991022397898,0.683035206349835,0.651925767251611,0.6027071675286779,0.5631656421294851,0.528610670561975,0.477258077897139,0.369830708887647,0.32367213511965903,0.301987189523882,0.277655359550653,0.228902191213105,0.19171518828944697,0.155498328508763,0.134501155652157,0.12215080303977499,0.110663771379155,0.0700378516238102
0.7585324378551859,0.884647566144323,0.9456745778456921,0.986511022046333,1.0,0.985726929475105,0.948512598359068,0.931472963326274,0.9109643742063069,0.887263580528328,0.8598422368459541,0.8428654810196509,0.823233644141496,0.7979277437829541,0.758444903422673,0.7075759766641609,0.676573857842787,0.627619752491514,0.5891995285055229,0.555104496702999,0.5015274795890949,0.390002170858266,0.343425228637699,0.322286870192188,0.29961273770229196,0.253470520361656,0.21693725290035198,0.18301313453483303,0.160390013328918,0.145472734737405,0.1355145597992,0.0891020908220682
0.738399179983356,0.864830413531131,0.9190698117886059,0.9565274049625391,0.985726929475105,1.0,0.974616157067671,0.9569331114629219,0.937498629514614,0.9152081561370631,0.888163189102076,0.8702983864047711,0.8516048379615359,0.826604414488643,0.7876543073372141,0.7378931160310541,0.707088806600141,0.6593294178079361,0.621195216638773,0.587022204849083,0.532914988532788,0.41891079240675105,0.372472922187493,0.351890155246405,0.329933387736427,0.28419285981734005,0.249462928425298,0.215554056266494,0.18920208547426198,0.17175173378089498,0.166758477581407,0.114723589593411
0.7142218308898031,0.8374394413962429,0.888575555281991,0.921750322998224,0.948512598359068,0.974616157067671,1.0,0.98389023601998,0.96638262344403,0.944973419788855,0.9170543004827372,0.8993221871487289,0.883531498370952,0.85845456774373,0.8186691443511179,0.7692930154148779,0.738541575379246,0.6920146995344189,0.653809524394999,0.619711166779929,0.566273601882238,0.449314637347865,0.402478500577346,0.382073948361348,0.3590437770217039,0.309272804012808,0.27350723609053695,0.235874931970275,0.20708218280779803,0.189576597436906,0.187318849878565,0.135854618447012
0.6993935471457471,0.8177893275720601,0.87041986147333,0.904802695442251,0.931472963326274,0.9569331114629219,0.98389023601998,1.0,0.990587224261047,0.9673319559303192,0.938236653683515,0.9221263944354691,0.905579759756245,0.8812862705875841,0.843068330211218,0.794576813505168,0.763177938643247,0.7145258534735308,0.6758809160119059,0.642260133992826,0.5878941878384661,0.46395577059395904,0.418865836811819,0.399688488977569,0.37787632105164504,0.331047315413716,0.29862132320802504,0.260937902561931,0.23255712618566302,0.216273049867404,0.215598665579874,0.16641149510762
0.6845371533610269,0.8043421726234351,0.854054505526481,0.8854332104061841,0.9109643742063069,0.937498629514614,0.96638262344403,0.990587224261047,1.0,0.990164148939361,0.9611704000252909,0.9438868172688851,0.9276292394994259,0.9038322158418142,0.866489983994717,0.8190962231774109,0.7884416400838169,0.741820904359646,0.7042912166196859,0.6716278114806071,0.61835484596261,0.495394187131875,0.4515655380501071,0.432343061613793,0.41014194521150105,0.363564923149293,0.330396964456623,0.290924737034237,0.261884547418342,0.24566952302548004,0.24510864028722196,0.197678305476897
0.664156577858345,0.78806730817404,0.835449263851137,0.8630956158936791,0.887263580528328,0.9152081561370631,0.944973419788855,0.9673319559303192,0.990164148939361,1.0,0.986104455793647,0.9674796428866629,0.951963035713042,0.928399081201009,0.892240474857523,0.8475102586319359,0.818857213590297,0.7771878351302092,0.741552514680741,0.709280710417962,0.6569351801362,0.53951528917912,0.49658535011266997,0.477244026959515,0.45447335279451295,0.406343652086061,0.371576048494057,0.32987664301593395,0.299308435666386,0.281873314202156,0.28015096704530895,0.229381205699214
0.635490547288394,0.7622870621039429,0.810527671630065,0.836554589771678,0.8598422368459541,0.888163189102076,0.9170543004827372,0.938236653683515,0.9611704000252909,0.986104455793647,1.0,0.986527155278465,0.9719855972260609,0.948691660723587,0.914591184557857,0.8741186868098622,0.848177087131886,0.812321137099175,0.778776744881399,0.746314464724253,0.69404046565384,0.5842735030151539,0.542306440140094,0.523576358677044,0.5011169006721079,0.45117709830493896,0.416147808483522,0.372512845065545,0.33966658072382105,0.319953500007719,0.316637968665107,0.25875083407245103
0.613661108082707,0.740842098040232,0.79120461934903,0.8191983900988841,0.8428654810196509,0.8702983864047711,0.8993221871487289,0.9221263944354691,0.9438868172688851,0.9674796428866629,0.986527155278465,1.0,0.9871369579195508,0.9645307438047929,0.9322840358830419,0.894171413161985,0.8698722302297559,0.836706367246923,0.804769163952538,0.773071922979349,0.7215659485689581,0.61952507256269,0.578769539157161,0.560848405329989,0.539202835160361,0.48867101965823906,0.45353464432677904,0.406341133169609,0.36934751679496897,0.346670574267976,0.34340446246032597,0.28712266048331
0.592556572933918,0.7220547389279459,0.774315589005603,0.8007808598065509,0.823233644141496,0.8516048379615359,0.883531498370952,0.905579759756245,0.9276292394994259,0.951963035713042,0.9719855972260609,0.9871369579195508,1.0,0.9896767257131751,0.961629316729673,0.927099861196282,0.9044694609774799,0.872381526759053,0.8407991619865429,0.8109741205323828,0.7629147807725001,0.657821621478635,0.617705914947083,0.601139092900184,0.580745313616225,0.530113125227265,0.494388439677403,0.448136998780962,0.411557493591414,0.3887287991690271,0.385598536128306,0.32657043151493603
0.570503116391199,0.6965940698174571,0.749245735610934,0.7754842828454979,0.7979277437829541,0.826604414488643,0.85845456774373,0.8812862705875841,0.9038322158418142,0.928399081201009,0.948691660723587,0.9645307438047929,0.9896767257131751,1.0,0.9888044356406771,0.958328623076182,0.937247152573525,0.905809925829935,0.8748330905360341,0.8472151055095508,0.802470164043688,0.6947476230124601,0.6562743470279749,0.640532235688974,0.6209392617714251,0.5721452661777671,0.538886423980802,0.49383206275174896,0.45656422736791,0.433956918759822,0.435481760243405,0.37636452824731
0.53972653686199,0.65667564170358,0.7082590882752571,0.734991022397898,0.758444903422673,0.7876543073372141,0.8186691443511179,0.843068330211218,0.866489983994717,0.892240474857523,0.914591184557857,0.9322840358830419,0.961629316729673,0.9888044356406771,1.0,0.9859369351737008,0.967357882858328,0.9388376310312679,0.909693606994486,0.8853811718931921,0.8456997108147879,0.7357414961411999,0.7000140759843199,0.6855225439538929,0.6667790185464871,0.620071512753986,0.5924807415877751,0.552359921646812,0.51401022521169,0.490451579883271,0.4996208075716,0.437732429583894
0.500275445387537,0.607184828144354,0.656328525416376,0.683035206349835,0.7075759766641609,0.7378931160310541,0.7692930154148779,0.794576813505168,0.8190962231774109,0.8475102586319359,0.8741186868098622,0.894171413161985,0.927099861196282,0.958328623076182,0.9859369351737008,1.0,0.9879497290558729,0.9652138232643079,0.9386867473038728,0.917952286921439,0.8846124801571948,0.7737048029043131,0.7406315933634541,0.7281364614157378,0.7107421453852092,0.6647426161208221,0.6439968672149421,0.6119761402158139,0.5728945772678511,0.546755339056883,0.562199306506886,0.49477697828405204
0.471330274437235,0.582107681587959,0.626474846996637,0.651925767251611,0.676573857842787,0.707088806600141,0.738541575379246,0.763177938643247,0.7884416400838169,0.818857213590297,0.848177087131886,0.8698722302297559,0.9044694609774799,0.937247152573525,0.967357882858328,0.9879497290558729,1.0,0.9812210398607959,0.9536807315406122,0.931320550455841,0.897789100843028,0.792501548147957,0.7576350301288779,0.7459095679737459,0.730399335922885,0.6832190177849109,0.666167344711513,0.6315020802886729,0.588948543338302,0.559656039591678,0.572698775076102,0.5161895655295851
0.425700372952649,0.5323263294767601,0.5775293427169089,0.6027071675286779,0.627619752491514,0.6593294178079361,0.6920146995344189,0.7145258534735308,0.741820904359646,0.7771878351302092,0.812321137099175,0.836706367246923,0.872381526759053,0.905809925829935,0.9388376310312679,0.9652138232643079,0.9812210398607959,1.0,0.990963664805475,0.9718445948203771,0.9405365160304872,0.8677114612377329,0.830576246879504,0.8150013624121291,0.7983292538176741,0.750319615392078,0.7331407132602491,0.681707716870725,0.634743514861128,0.6061277204472161,0.610626813180173,0.54632355383805
0.388926378708842,0.492030962305498,0.5367721658192871,0.5631656421294851,0.5891995285055229,0.621195216638773,0.653809524394999,0.6758809160119059,0.7042912166196859,0.741552514680741,0.778776744881399,0.804769163952538,0.8407991619865429,0.8748330905360341,0.909693606994486,0.9386867473038728,0.9536807315406122,0.990963664805475,1.0,0.992073803016295,0.9631005672957601,0.9024239740763579,0.867636682549696,0.8515037892025671,0.8359704314243549,0.793610890881989,0.777593200680523,0.7205222326793821,0.6762275450146259,0.651101619215115,0.648305126064508,0.5782229272424411
0.356981640397842,0.457404635941166,0.501604805711686,0.528610670561975,0.555104496702999,0.587022204849083,0.619711166779929,0.642260133992826,0.6716278114806071,0.709280710417962,0.746314464724253,0.773071922979349,0.8109741205323828,0.8472151055095508,0.8853811718931921,0.917952286921439,0.931320550455841,0.9718445948203771,0.992073803016295,1.0,0.984784773163558,0.922655437447947,0.896611891381485,0.882838681324479,0.866746546727338,0.8276913486868571,0.8110842406732599,0.7571719689515211,0.7176758448686221,0.696350822195714,0.6939811461938811,0.6219143717096371
0.313081854496139,0.4077960071197779,0.452674728318168,0.477258077897139,0.5015274795890949,0.532914988532788,0.566273601882238,0.5878941878384661,0.61835484596261,0.6569351801362,0.69404046565384,0.7215659485689581,0.7629147807725001,0.802470164043688,0.8456997108147879,0.8846124801571948,0.897789100843028,0.9405365160304872,0.9631005672957601,0.984784773163558,1.0,0.948395349064765,0.9360252181551129,0.9250526306816851,0.903548863943541,0.857844650758251,0.8374905287648929,0.7864333335195649,0.746585090416757,0.7259274620821841,0.7322730488010591,0.661442250629006
0.22282583862066396,0.30252295236711496,0.34910324714175606,0.369830708887647,0.390002170858266,0.41891079240675105,0.449314637347865,0.46395577059395904,0.495394187131875,0.53951528917912,0.5842735030151539,0.61952507256269,0.657821621478635,0.6947476230124601,0.7357414961411999,0.7737048029043131,0.792501548147957,0.8677114612377329,0.9024239740763579,0.922655437447947,0.948395349064765,1.0,0.9894314109704331,0.9738182607634599,0.949608510380345,0.894916473178972,0.881142230920565,0.802107188026771,0.74263659138313,0.709267058225884,0.6995225534785641,0.6272695086971479
0.180899442322793,0.261108712616779,0.30458415681447404,0.32367213511965903,0.343425228637699,0.372472922187493,0.402478500577346,0.418865836811819,0.4515655380501071,0.49658535011266997,0.542306440140094,0.578769539157161,0.617705914947083,0.6562743470279749,0.7000140759843199,0.7406315933634541,0.7576350301288779,0.830576246879504,0.867636682549696,0.896611891381485,0.9360252181551129,0.9894314109704331,1.0,0.99305936711586,0.96803201195113,0.9129116257622141,0.8947454758413359,0.8212597551054179,0.766516948806387,0.735581269223246,0.726891543942826,0.6523415382098929
0.155411223305791,0.24228909948751998,0.283245125521383,0.301987189523882,0.322286870192188,0.351890155246405,0.382073948361348,0.399688488977569,0.432343061613793,0.477244026959515,0.523576358677044,0.560848405329989,0.601139092900184,0.640532235688974,0.6855225439538929,0.7281364614157378,0.7459095679737459,0.8150013624121291,0.8515037892025671,0.882838681324479,0.9250526306816851,0.9738182607634599,0.99305936711586,1.0,0.987869925611455,0.936128651602958,0.9141264901189241,0.8473426990890931,0.798126342502366,0.7690749754289471,0.7588412787994928,0.682313979851093
0.131392111410578,0.221270268094425,0.258409128892451,0.277655359550653,0.29961273770229196,0.329933387736427,0.3590437770217039,0.37787632105164504,0.41014194521150105,0.45447335279451295,0.5011169006721079,0.539202835160361,0.580745313616225,0.6209392617714251,0.6667790185464871,0.7107421453852092,0.730399335922885,0.7983292538176741,0.8359704314243549,0.866746546727338,0.903548863943541,0.949608510380345,0.96803201195113,0.987869925611455,1.0,0.9720701097291559,0.9426789216268391,0.8834289501738991,0.839356006067542,0.8087671477901779,0.7903902698509692,0.7138226867335391
0.10113820340977801,0.17958617979230804,0.20910677872025102,0.228902191213105,0.253470520361656,0.28419285981734005,0.309272804012808,0.331047315413716,0.363564923149293,0.406343652086061,0.45117709830493896,0.48867101965823906,0.530113125227265,0.5721452661777671,0.620071512753986,0.6647426161208221,0.6832190177849109,0.750319615392078,0.793610890881989,0.8276913486868571,0.857844650758251,0.894916473178972,0.9129116257622141,0.936128651602958,0.9720701097291559,1.0,0.9569370853202209,0.9108394623211681,0.873921895356565,0.839157747338555,0.8081537556398459,0.735749756057346
0.0650994762063494,0.138295913005682,0.17187790815495999,0.19171518828944697,0.21693725290035198,0.249462928425298,0.27350723609053695,0.29862132320802504,0.330396964456623,0.371576048494057,0.416147808483522,0.45353464432677904,0.494388439677403,0.538886423980802,0.5924807415877751,0.6439968672149421,0.666167344711513,0.7331407132602491,0.777593200680523,0.8110842406732599,0.8374905287648929,0.881142230920565,0.8947454758413359,0.9141264901189241,0.9426789216268391,0.9569370853202209,1.0,0.967887014713355,0.925572710074022,0.88554551159198,0.8589252890359141,0.772918186673724
0.0410359947122051,0.100855397707849,0.13343525278934001,0.155498328508763,0.18301313453483303,0.215554056266494,0.235874931970275,0.260937902561931,0.290924737034237,0.32987664301593395,0.372512845065545,0.406341133169609,0.448136998780962,0.49383206275174896,0.552359921646812,0.6119761402158139,0.6315020802886729,0.681707716870725,0.7205222326793821,0.7571719689515211,0.7864333335195649,0.802107188026771,0.8212597551054179,0.8473426990890931,0.8834289501738991,0.9108394623211681,0.967887014713355,1.0,0.978842154866495,0.928168977889673,0.8950304603358409,0.8024202822271371
0.0200506613962581,0.077697194229397,0.111496550349539,0.134501155652157,0.160390013328918,0.18920208547426198,0.20708218280779803,0.23255712618566302,0.261884547418342,0.299308435666386,0.33966658072382105,0.36934751679496897,0.411557493591414,0.45656422736791,0.51401022521169,0.5728945772678511,0.588948543338302,0.634743514861128,0.6762275450146259,0.7176758448686221,0.746585090416757,0.74263659138313,0.766516948806387,0.798126342502366,0.839356006067542,0.873921895356565,0.925572710074022,0.978842154866495,1.0,0.9788637504034251,0.9242771288613499,0.8371638070577021
0.0115946683784029,0.0670340513092476,0.100560368754982,0.12215080303977499,0.145472734737405,0.17175173378089498,0.189576597436906,0.216273049867404,0.24566952302548004,0.281873314202156,0.319953500007719,0.346670574267976,0.3887287991690271,0.433956918759822,0.490451579883271,0.546755339056883,0.559656039591678,0.6061277204472161,0.651101619215115,0.696350822195714,0.7259274620821841,0.709267058225884,0.735581269223246,0.7690749754289471,0.8087671477901779,0.839157747338555,0.88554551159198,0.928168977889673,0.9788637504034251,1.0,0.955186928101641,0.871494545703876
0.0289956041534419,0.0663779499301765,0.0927889357500236,0.110663771379155,0.1355145597992,0.166758477581407,0.187318849878565,0.215598665579874,0.24510864028722196,0.28015096704530895,0.316637968665107,0.34340446246032597,0.385598536128306,0.435481760243405,0.4996208075716,0.562199306506886,0.572698775076102,0.610626813180173,0.648305126064508,0.6939811461938811,0.7322730488010591,0.6995225534785641,0.726891543942826,0.7588412787994928,0.7903902698509692,0.8081537556398459,0.8589252890359141,0.8950304603358409,0.9242771288613499,0.955186928101641,1.0,0.9000833832579692
0.00899476178847878,0.0208140674530777,0.0535089022066901,0.0700378516238102,0.0891020908220682,0.114723589593411,0.135854618447012,0.16641149510762,0.197678305476897,0.229381205699214,0.25875083407245103,0.28712266048331,0.32657043151493603,0.37636452824731,0.437732429583894,0.49477697828405204,0.5161895655295851,0.54632355383805,0.5782229272424411,0.6219143717096371,0.661442250629006,0.6272695086971479,0.6523415382098929,0.682313979851093,0.7138226867335391,0.735749756057346,0.772918186673724,0.8024202822271371,0.8371638070577021,0.871494545703876,0.9000833832579692,1.0
