1.0,0.595487970713001,0.457327023420143,0.40892642377328603,0.391080412104492,0.37400925444522903,0.36438535399508604,0.358282152534753,0.35115577249918395,0.352828804737992,0.350115095166063,0.33411302549505,0.32686750618683597,0.324493605388275,0.31829855489043396,0.30687910446455197,0.29650042160706896,0.28736330637917895,0.27732176338344106,0.283397652543343,0.277371655095384,0.27724595204315194,0.289276987912792,0.287605270642133,0.28381356729450397,0.285486401130462,0.286810988718198,0.287301784497985,0.250516488487943,0.119964476724127,0.0792004628960087,0.0757218904909593
0.595487970713001,1.0,0.862703573503785,0.7891652103255871,0.749331190248024,0.718351137859975,0.6910748294396031,0.669989394290604,0.659565755578073,0.660295500063227,0.651292817144575,0.641849877504636,0.6349905515994949,0.628171596527857,0.6163513837710319,0.60092834675203,0.587887990825501,0.579361696842053,0.5721966759031409,0.5726224635352081,0.569539586437138,0.566198894762741,0.5687733713739829,0.55952433712241,0.558039470168457,0.554095091908821,0.538870881481367,0.526166873321985,0.467006698784637,0.200568939533316,0.19123054571987302,0.189255575058242
0.457327023420143,0.862703573503785,1.0,0.9222589103429659,0.878210135518924,0.842019440949866,0.8202534388850179,0.80260424783539,0.789256344406262,0.7892782611440792,0.7765761356343059,0.769354613933692,0.757095087456556,0.745300922918851,0.733608566368954,0.7218774137259258,0.7082404129829559,0.699921685927386,0.6949125828388689,0.694059203484165,0.6907226436910661,0.6877148953401271,0.6832606327652628,0.6722488782633219,0.669145730043896,0.662618129513158,0.6399823480991371,0.622928900294056,0.55802836480297,0.240734392765602,0.215270985455469,0.21307151144151398
0.40892642377328603,0.7891652103255871,0.9222589103429659,1.0,0.952093241703768,0.920154123846837,0.8949014949920719,0.8772216473443,0.855773927950818,0.8492127660302441,0.8365648888833851,0.8269136791306241,0.814122923433035,0.801402990414023,0.7903847949457892,0.782859967499088,0.7712500017947149,0.7650614871255881,0.760742015689547,0.7574186864404928,0.751281086909105,0.746712026553835,0.7428082397107171,0.732375761906838,0.731205430006488,0.7220768259064649,0.69508211000539,0.661529293350169,0.5767387386922039,0.23291407187632396,0.20620915274559698,0.199305815569858
0.391080412104492,0.749331190248024,0.878210135518924,0.952093241703768,1.0,0.975527257786394,0.94929935744409,0.9293049942893821,0.9052018241049251,0.8932297067196322,0.880202427000822,0.8721497842157121,0.8577100933001991,0.8456813234878391,0.833527506433206,0.824286997743669,0.8147995849484629,0.8086210612168171,0.8057944877951608,0.7981468440604029,0.79043896966128,0.7865864797109059,0.778655201963985,0.768607923616302,0.76447863974564,0.7516846881900409,0.7213992881723671,0.6888961588881201,0.6035063714534731,0.256859529724482,0.24328905989996802,0.23170117139161803
0.37400925444522903,0.718351137859975,0.842019440949866,0.920154123846837,0.975527257786394,1.0,0.980936471753725,0.958884045665794,0.9346373818968899,0.921556737600888,0.9077636000677121,0.8992428874154741,0.885124833543308,0.871804072317169,0.8583565164252691,0.8487174018867929,0.8394235145896051,0.832559409044168,0.8275674757820021,0.8210335518208911,0.8147479300894821,0.8118598050370309,0.8028833132083091,0.79286554797343,0.787973379764242,0.775864579710195,0.746296215126107,0.7143058988866999,0.627234800346951,0.25572762125259196,0.250728698562792,0.24439473406164003
0.36438535399508604,0.6910748294396031,0.8202534388850179,0.8949014949920719,0.94929935744409,0.980936471753725,1.0,0.984706590429507,0.9586845466760241,0.942411581834626,0.9282433000469109,0.917008372516433,0.902114052288695,0.8878800045585121,0.87341147483666,0.862724127965505,0.8531854896154558,0.8448348933025179,0.8391336721286421,0.8318373752035161,0.8280006973574159,0.824695830003995,0.8148257187564941,0.8043139235446211,0.800193947061557,0.78843739031185,0.762082833641324,0.728223031456825,0.6354686861203471,0.257018474878992,0.254814688848988,0.24913032589224
0.358282152534753,0.669989394290604,0.80260424783539,0.8772216473443,0.9293049942893821,0.958884045665794,0.984706590429507,1.0,0.979682278187477,0.961104806245915,0.946891359768413,0.935228866729983,0.918634352972573,0.903106462773098,0.887172963789192,0.8771068126938381,0.867324580800695,0.856764726774904,0.8505527175385541,0.8429724351267779,0.840091711996188,0.835982074996055,0.82565024827317,0.814876960323565,0.8099138148859921,0.797315816129786,0.77161033532071,0.7363147346125641,0.640770808991124,0.254620460231688,0.24379193334304702,0.23816478744629999
0.35115577249918395,0.659565755578073,0.789256344406262,0.855773927950818,0.9052018241049251,0.9346373818968899,0.9586845466760241,0.979682278187477,1.0,0.9855900935886981,0.969399452590368,0.9552679647238811,0.9367712564654359,0.9196956095130359,0.903821950142464,0.893677150083858,0.8819092044018709,0.8708715571180791,0.8641861250931309,0.857210410935905,0.8543757219688549,0.8480510876012759,0.8379085304125521,0.827326132775494,0.8208240907524499,0.8103725710570631,0.785803796379466,0.749559138503521,0.6502130904087501,0.25030405209377105,0.241197995657328,0.239427004545281
0.352828804737992,0.660295500063227,0.7892782611440792,0.8492127660302441,0.8932297067196322,0.921556737600888,0.942411581834626,0.961104806245915,0.9855900935886981,1.0,0.98693188052204,0.9732840275597,0.9544297097085831,0.9361141506689531,0.920808220754606,0.910038264801738,0.896261793160381,0.8849159306962441,0.8768763497184742,0.871703700104229,0.8681966650947529,0.8615689010547729,0.852287881353371,0.8422311683487951,0.8358503103799979,0.824326838078684,0.7986484651541279,0.761119154644327,0.665874182179813,0.256826996329267,0.24677412987043398,0.251585547859826
0.350115095166063,0.651292817144575,0.7765761356343059,0.8365648888833851,0.880202427000822,0.9077636000677121,0.9282433000469109,0.946891359768413,0.969399452590368,0.98693188052204,1.0,0.989451228347676,0.9686801074930501,0.949153838239545,0.9343365383874179,0.923430836466767,0.908195840600532,0.895116466181961,0.884974926417973,0.8790531242938809,0.8744784696062958,0.869053099732652,0.861016575558441,0.852144025947552,0.8451864664648678,0.833843361981997,0.8066081999514749,0.76695701233862,0.675358940092857,0.25528674699888104,0.24010495653257397,0.24395209343605304
0.33411302549505,0.641849877504636,0.769354613933692,0.8269136791306241,0.8721497842157121,0.8992428874154741,0.917008372516433,0.935228866729983,0.9552679647238811,0.9732840275597,0.989451228347676,1.0,0.986571202139914,0.967122638317904,0.953069178404175,0.9415092914660129,0.926491082098262,0.913836684953256,0.902296271297312,0.895549245182391,0.889403347144582,0.8845328661101529,0.875165338763754,0.8660191867847622,0.857992634357664,0.8457178158423639,0.819018095175196,0.7772739835626359,0.688238267700693,0.261780221172435,0.23512767755486202,0.245154322312665
0.32686750618683597,0.6349905515994949,0.757095087456556,0.814122923433035,0.8577100933001991,0.885124833543308,0.902114052288695,0.918634352972573,0.9367712564654359,0.9544297097085831,0.9686801074930501,0.986571202139914,1.0,0.985447111060807,0.9704572404492641,0.9583231883204221,0.9429308310295179,0.9306002033851829,0.918853003610626,0.9139853057795441,0.9077696440878109,0.90221473149965,0.8926109515238091,0.882348714252828,0.8753433325286422,0.861384442554233,0.833285317801448,0.7905563913537149,0.7045535308283859,0.25920809570693204,0.23847601123149997,0.24889834383905898
0.324493605388275,0.628171596527857,0.745300922918851,0.801402990414023,0.8456813234878391,0.871804072317169,0.8878800045585121,0.903106462773098,0.9196956095130359,0.9361141506689531,0.949153838239545,0.967122638317904,0.985447111060807,1.0,0.985595230869271,0.9727972649220291,0.957322015955153,0.9433730852764679,0.9298162239925151,0.9232475967940709,0.915550664612698,0.908758977756321,0.89928855965193,0.8892938438348741,0.8809543263444158,0.866723667615532,0.8390910703619309,0.7924307108226429,0.71189991746033,0.26618697337238395,0.24134926352300604,0.24962019472152602
0.31829855489043396,0.6163513837710319,0.733608566368954,0.7903847949457892,0.833527506433206,0.8583565164252691,0.87341147483666,0.887172963789192,0.903821950142464,0.920808220754606,0.9343365383874179,0.953069178404175,0.9704572404492641,0.985595230869271,1.0,0.990204848319723,0.973942616147258,0.9578522041139279,0.9414640768419641,0.9340952581092851,0.926174278555996,0.918556474120675,0.9081345642578101,0.897832510862277,0.88924254657086,0.8758999094401708,0.8485358185878751,0.803635111743742,0.72392744497409,0.28451955720836497,0.251687943321305,0.25935618458619897
0.30687910446455197,0.60092834675203,0.7218774137259258,0.782859967499088,0.824286997743669,0.8487174018867929,0.862724127965505,0.8771068126938381,0.893677150083858,0.910038264801738,0.923430836466767,0.9415092914660129,0.9583231883204221,0.9727972649220291,0.990204848319723,1.0,0.988834559293134,0.972639242475196,0.955500608345937,0.947759775950994,0.9398338958151808,0.931545143001267,0.9191915693768,0.907567783562313,0.89810097619694,0.8843757416081099,0.856795975798374,0.8100967528775049,0.729851140136101,0.282043257510285,0.238442093468144,0.247061528433578
0.29650042160706896,0.587887990825501,0.7082404129829559,0.7712500017947149,0.8147995849484629,0.8394235145896051,0.8531854896154558,0.867324580800695,0.8819092044018709,0.896261793160381,0.908195840600532,0.926491082098262,0.9429308310295179,0.957322015955153,0.973942616147258,0.988834559293134,1.0,0.9886412063795731,0.9730700006238789,0.963246477035342,0.9533291465736949,0.9425299432712341,0.9271495703174341,0.9158536821606421,0.904013606915062,0.891324921588722,0.864406036203592,0.816623471965377,0.735065336296749,0.277343134829496,0.23448077346205104,0.24557457667748603
0.28736330637917895,0.579361696842053,0.699921685927386,0.7650614871255881,0.8086210612168171,0.832559409044168,0.8448348933025179,0.856764726774904,0.8708715571180791,0.8849159306962441,0.895116466181961,0.913836684953256,0.9306002033851829,0.9433730852764679,0.9578522041139279,0.972639242475196,0.9886412063795731,1.0,0.98788904929489,0.9775079524428729,0.965868769858785,0.955342994173138,0.93883300544374,0.9265484476899041,0.91525626310167,0.902305627617922,0.8757286765514151,0.824959968649292,0.74254997652961,0.27260796984261104,0.23088468540325696,0.243587723831959
0.27732176338344106,0.5721966759031409,0.6949125828388689,0.760742015689547,0.8057944877951608,0.8275674757820021,0.8391336721286421,0.8505527175385541,0.8641861250931309,0.8768763497184742,0.884974926417973,0.902296271297312,0.918853003610626,0.9298162239925151,0.9414640768419641,0.955500608345937,0.9730700006238789,0.98788904929489,1.0,0.9886705141696079,0.9773727342306361,0.9664580787335709,0.9501347760452991,0.937215422373555,0.9241237679176371,0.9106524075277379,0.8836187376219159,0.834592128158979,0.7516699043635351,0.270247690794423,0.230996203668702,0.254075629870888
0.283397652543343,0.5726224635352081,0.694059203484165,0.7574186864404928,0.7981468440604029,0.8210335518208911,0.8318373752035161,0.8429724351267779,0.857210410935905,0.871703700104229,0.8790531242938809,0.895549245182391,0.9139853057795441,0.9232475967940709,0.9340952581092851,0.947759775950994,0.963246477035342,0.9775079524428729,0.9886705141696079,1.0,0.9897379900398741,0.977069771448515,0.9616766300168801,0.9480234012655919,0.933839939091606,0.9182415981094051,0.892336483540712,0.840974625198635,0.757441025084623,0.269254794779693,0.23488462896874202,0.258664405901798
0.277371655095384,0.569539586437138,0.6907226436910661,0.751281086909105,0.79043896966128,0.8147479300894821,0.8280006973574159,0.840091711996188,0.8543757219688549,0.8681966650947529,0.8744784696062958,0.889403347144582,0.9077696440878109,0.915550664612698,0.926174278555996,0.9398338958151808,0.9533291465736949,0.965868769858785,0.9773727342306361,0.9897379900398741,1.0,0.9887639725671479,0.973629879081804,0.9594703721032299,0.944760052768883,0.929283002607233,0.903298878858242,0.852120787584156,0.7665004648935481,0.291156251747433,0.24031596233081895,0.265413624744155
0.27724595204315194,0.566198894762741,0.6877148953401271,0.746712026553835,0.7865864797109059,0.8118598050370309,0.824695830003995,0.835982074996055,0.8480510876012759,0.8615689010547729,0.869053099732652,0.8845328661101529,0.90221473149965,0.908758977756321,0.918556474120675,0.931545143001267,0.9425299432712341,0.955342994173138,0.9664580787335709,0.977069771448515,0.9887639725671479,1.0,0.987959051129328,0.97187705110643,0.9585618784465921,0.9420591223657142,0.9137896544803059,0.859800029622063,0.7734212561515351,0.296621820786466,0.240054179313379,0.267553229822725
0.289276987912792,0.5687733713739829,0.6832606327652628,0.7428082397107171,0.778655201963985,0.8028833132083091,0.8148257187564941,0.82565024827317,0.8379085304125521,0.852287881353371,0.861016575558441,0.875165338763754,0.8926109515238091,0.89928855965193,0.9081345642578101,0.9191915693768,0.9271495703174341,0.93883300544374,0.9501347760452991,0.9616766300168801,0.973629879081804,0.987959051129328,1.0,0.986030933243588,0.9714284243441519,0.9544842253082891,0.925478283712634,0.8699244270808141,0.7830097272653329,0.30861052148434004,0.241665061893974,0.27350017278959604
0.287605270642133,0.55952433712241,0.6722488782633219,0.732375761906838,0.768607923616302,0.79286554797343,0.8043139235446211,0.814876960323565,0.827326132775494,0.8422311683487951,0.852144025947552,0.8660191867847622,0.882348714252828,0.8892938438348741,0.897832510862277,0.907567783562313,0.9158536821606421,0.9265484476899041,0.937215422373555,0.9480234012655919,0.9594703721032299,0.97187705110643,0.986030933243588,1.0,0.9846289135014291,0.9657543317562629,0.9338492152032021,0.8787869776781391,0.7925837852132541,0.29591062115983,0.260318399321895,0.288339106671588
0.28381356729450397,0.558039470168457,0.669145730043896,0.731205430006488,0.76447863974564,0.787973379764242,0.800193947061557,0.8099138148859921,0.8208240907524499,0.8358503103799979,0.8451864664648678,0.857992634357664,0.8753433325286422,0.8809543263444158,0.88924254657086,0.89810097619694,0.904013606915062,0.91525626310167,0.9241237679176371,0.933839939091606,0.944760052768883,0.9585618784465921,0.9714284243441519,0.9846289135014291,1.0,0.982673155658146,0.9514370307194581,0.896674841851374,0.810147199066138,0.30047600132336305,0.261041821232114,0.291927034650215
0.285486401130462,0.554095091908821,0.662618129513158,0.7220768259064649,0.7516846881900409,0.775864579710195,0.78843739031185,0.797315816129786,0.8103725710570631,0.824326838078684,0.833843361981997,0.8457178158423639,0.861384442554233,0.866723667615532,0.8758999094401708,0.8843757416081099,0.891324921588722,0.902305627617922,0.9106524075277379,0.9182415981094051,0.929283002607233,0.9420591223657142,0.9544842253082891,0.9657543317562629,0.982673155658146,1.0,0.9757570475732019,0.921410776428351,0.83005145265818,0.30617826942912396,0.263453638202376,0.30150501660070195
0.286810988718198,0.538870881481367,0.6399823480991371,0.69508211000539,0.7213992881723671,0.746296215126107,0.762082833641324,0.77161033532071,0.785803796379466,0.7986484651541279,0.8066081999514749,0.819018095175196,0.833285317801448,0.8390910703619309,0.8485358185878751,0.856795975798374,0.864406036203592,0.8757286765514151,0.8836187376219159,0.892336483540712,0.903298878858242,0.9137896544803059,0.925478283712634,0.9338492152032021,0.9514370307194581,0.9757570475732019,1.0,0.9556979631792181,0.8590681146365601,0.324824438928087,0.26276867092577105,0.301585085511733
0.287301784497985,0.526166873321985,0.622928900294056,0.661529293350169,0.6888961588881201,0.7143058988866999,0.728223031456825,0.7363147346125641,0.749559138503521,0.761119154644327,0.76695701233862,0.7772739835626359,0.7905563913537149,0.7924307108226429,0.803635111743742,0.8100967528775049,0.816623471965377,0.824959968649292,0.834592128158979,0.840974625198635,0.852120787584156,0.859800029622063,0.8699244270808141,0.8787869776781391,0.896674841851374,0.921410776428351,0.9556979631792181,1.0,0.909997921394537,0.34890763681877696,0.292766656123764,0.32653281801019607
0.250516488487943,0.467006698784637,0.55802836480297,0.5767387386922039,0.6035063714534731,0.627234800346951,0.6354686861203471,0.640770808991124,0.6502130904087501,0.665874182179813,0.675358940092857,0.688238267700693,0.7045535308283859,0.71189991746033,0.72392744497409,0.729851140136101,0.735065336296749,0.74254997652961,0.7516699043635351,0.757441025084623,0.7665004648935481,0.7734212561515351,0.7830097272653329,0.7925837852132541,0.810147199066138,0.83005145265818,0.8590681146365601,0.909997921394537,1.0,0.38278090466483206,0.348981380713284,0.355725882208583
0.119964476724127,0.200568939533316,0.240734392765602,0.23291407187632396,0.256859529724482,0.25572762125259196,0.257018474878992,0.254620460231688,0.25030405209377105,0.256826996329267,0.25528674699888104,0.261780221172435,0.25920809570693204,0.26618697337238395,0.28451955720836497,0.282043257510285,0.277343134829496,0.27260796984261104,0.270247690794423,0.269254794779693,0.291156251747433,0.296621820786466,0.30861052148434004,0.29591062115983,0.30047600132336305,0.30617826942912396,0.324824438928087,0.34890763681877696,0.38278090466483206,1.0,0.40044775845814296,0.28180100562177196
0.0792004628960087,0.19123054571987302,0.215270985455469,0.20620915274559698,0.24328905989996802,0.250728698562792,0.254814688848988,0.24379193334304702,0.241197995657328,0.24677412987043398,0.24010495653257397,0.23512767755486202,0.23847601123149997,0.24134926352300604,0.251687943321305,0.238442093468144,0.23448077346205104,0.23088468540325696,0.230996203668702,0.23488462896874202,0.24031596233081895,0.240054179313379,0.241665061893974,0.260318399321895,0.261041821232114,0.263453638202376,0.26276867092577105,0.292766656123764,0.348981380713284,0.40044775845814296,1.0,0.837361595044353
0.0757218904909593,0.189255575058242,0.21307151144151398,0.199305815569858,0.23170117139161803,0.24439473406164003,0.24913032589224,0.23816478744629999,0.239427004545281,0.251585547859826,0.24395209343605304,0.245154322312665,0.24889834383905898,0.24962019472152602,0.25935618458619897,0.247061528433578,0.24557457667748603,0.243587723831959,0.254075629870888,0.258664405901798,0.265413624744155,0.267553229822725,0.27350017278959604,0.288339106671588,0.291927034650215,0.30150501660070195,0.301585085511733,0.32653281801019607,0.355725882208583,0.28180100562177196,0.837361595044353,1.0
