1.0,0.80763649087136,0.753347996255687,0.7194258224125559,0.700504720227122,0.6801399479762329,0.66792827372955,0.6651007054731299,0.667395734685974,0.652732014287579,0.6444186841031839,0.63818990764006,0.627452198553088,0.616572063877593,0.6043915241671479,0.5993822977045989,0.5951304515276991,0.590916239380849,0.586115160580075,0.579536578895947,0.5683259581414,0.563631228763292,0.552288351029081,0.544705685616529,0.5398562504308061,0.52977515923724,0.5117474526367121,0.4914851586536,0.45311723239384993,0.3974024029710971,0.271464169503207,0.009478428980020279
0.80763649087136,1.0,0.9390908304909,0.906279046114829,0.8773277503651321,0.8597721204274359,0.8481535369842601,0.8400389607318101,0.8376643116814971,0.8250322674029699,0.8175179313749631,0.8105195715807919,0.8027846061418299,0.794839240059146,0.785011667507444,0.7785640833164559,0.7739296401538579,0.77076327527713,0.76657713356559,0.7596040637461949,0.751486266254652,0.743300339374035,0.730404515529923,0.720196732206178,0.7150570650537941,0.700687690832144,0.6829029884083561,0.654927675505549,0.6064963321932161,0.54527580281026,0.394217601481864,0.0593461119098357
0.753347996255687,0.9390908304909,1.0,0.967995760475862,0.9455604174690141,0.9303738255039621,0.91645144570436,0.909937533769705,0.905578515235952,0.893736720194744,0.886049778269673,0.880325287788274,0.8728986544491959,0.8647548142617192,0.853732996912442,0.84850433258745,0.84523532552736,0.8412796198324729,0.8362113644797181,0.8309520892755409,0.82247543847339,0.8140420978550601,0.803379868088953,0.794180049041656,0.7858188121103579,0.773858119372655,0.7561405126214961,0.7281396303785791,0.6817233554766421,0.6155564116130171,0.467056937465452,0.0837821516927146
0.7194258224125559,0.906279046114829,0.967995760475862,1.0,0.978750396776696,0.9639285267913871,0.9508674399799419,0.9423003071169509,0.9358657642093541,0.926979734446307,0.9187138192906908,0.911837403666737,0.902405212793196,0.894175025138213,0.8862662252822049,0.8807932996998191,0.877357815400015,0.8725807370575159,0.867873787232168,0.8625605288361509,0.853624409847381,0.844859403496347,0.835531219717317,0.826779392695083,0.8193436314027959,0.806430555429506,0.7886147441647621,0.761207600259846,0.716163112167352,0.6543873826764129,0.507513464190789,0.114680913940879
0.700504720227122,0.8773277503651321,0.9455604174690141,0.978750396776696,1.0,0.9847562864463549,0.9705452641410992,0.958931167017067,0.951660311058219,0.945225142161005,0.937009704502625,0.931010735123987,0.92085497970514,0.9111012310965172,0.903328591698201,0.897755376795336,0.8961272109942808,0.891290762180028,0.887277897436208,0.882461707909476,0.875352627172413,0.8668005602619471,0.8591023609481321,0.8515776228551071,0.843284991303511,0.8307544566995699,0.8111091213292171,0.787720856621038,0.743431077216883,0.679427989560745,0.533430196539841,0.12616680454968
0.6801399479762329,0.8597721204274359,0.9303738255039621,0.9639285267913871,0.9847562864463549,1.0,0.9878104513572021,0.976467316503596,0.968240478295202,0.9622184126674791,0.954215132108144,0.947948454326202,0.937934792155245,0.927860730880682,0.9198292508154692,0.913899426848,0.9115951463775059,0.9076961595157019,0.9025694703160791,0.897931560058819,0.8915464119722522,0.8841854133124201,0.877676248544108,0.8699742948989341,0.8610603782653101,0.8480999679401771,0.8299698393495959,0.808415884972483,0.765060457500311,0.7028739392582171,0.5565145120620439,0.151041646183283
0.66792827372955,0.8481535369842601,0.91645144570436,0.9508674399799419,0.9705452641410992,0.9878104513572021,1.0,0.989667178524795,0.9806721978856009,0.9731170157228801,0.9653679904581421,0.9584885615688491,0.947981900774864,0.935770697924913,0.9275696462343921,0.922535881984632,0.92074347900195,0.9172686024799169,0.9136693955313109,0.9088971657892341,0.9013386942129621,0.89479305788792,0.889030235684673,0.8811907884454209,0.8720378427738321,0.859346310277101,0.8413883588381079,0.818090675943685,0.77386376818129,0.711027979791282,0.5612384110394499,0.15186489017706797
0.6651007054731299,0.8400389607318101,0.909937533769705,0.9423003071169509,0.958931167017067,0.976467316503596,0.989667178524795,1.0,0.991763170145794,0.9824495074871039,0.9742817988102279,0.9666621162509599,0.956218258793239,0.945123113565878,0.9370036788613941,0.9321968827333209,0.929402359577869,0.92549337999881,0.9215410782845621,0.916480790085635,0.9097478370431701,0.904373857003262,0.898961167531462,0.89078957420976,0.8814058187958219,0.8687481753754259,0.8520555505018249,0.8291732525900029,0.78637540375802,0.7235417267759129,0.569767787911773,0.15647331751871
0.667395734685974,0.8376643116814971,0.905578515235952,0.9358657642093541,0.951660311058219,0.968240478295202,0.9806721978856009,0.991763170145794,1.0,0.9918311236910758,0.983845282676311,0.974927122626674,0.9648467190847309,0.954084998029275,0.9457743455156908,0.9404275985308459,0.937599566633842,0.9332664375481079,0.9289764750520692,0.9230021110799749,0.915866049398769,0.9103825418449829,0.9053999306248229,0.8983697562027291,0.8892920876346558,0.876581806907816,0.8610915543174079,0.839091838254799,0.795924015310462,0.73311605805655,0.576647934766282,0.159988548705117
0.652732014287579,0.8250322674029699,0.893736720194744,0.926979734446307,0.945225142161005,0.9622184126674791,0.9731170157228801,0.9824495074871039,0.9918311236910758,1.0,0.992663568141642,0.98373530320408,0.973300643436116,0.9626953122236059,0.953126075658797,0.9475247981605709,0.943758552355631,0.937920777990478,0.933149457972105,0.9270237041034449,0.9207249455535859,0.914707817471893,0.9095638003207109,0.901736294569851,0.8929202846951451,0.8798387228756229,0.863781481512177,0.842939011526181,0.8010593489218879,0.738844430026249,0.5851267774121489,0.168697820843191
0.6444186841031839,0.8175179313749631,0.886049778269673,0.9187138192906908,0.937009704502625,0.954215132108144,0.9653679904581421,0.9742817988102279,0.983845282676311,0.992663568141642,1.0,0.9924962690208121,0.982515292733956,0.972041120084198,0.962671829776364,0.955827941826695,0.951326749379821,0.9444312438954631,0.9390823743990471,0.9328719241084191,0.9256154991436409,0.918296708322408,0.9128707222665949,0.9049356850706128,0.8958581905927941,0.881853277265279,0.866959141137205,0.845995266139376,0.8047078001898259,0.7434930877945691,0.590311548363114,0.177891597221963
0.63818990764006,0.8105195715807919,0.880325287788274,0.911837403666737,0.931010735123987,0.947948454326202,0.9584885615688491,0.9666621162509599,0.974927122626674,0.98373530320408,0.9924962690208121,1.0,0.9926109232134029,0.9832128933826592,0.9731248182911959,0.965718987160033,0.960702485165839,0.9526868160301291,0.946817564632073,0.9409228666905209,0.933738739133018,0.927077098914805,0.9217562603995791,0.9128332174729541,0.904581540207728,0.892074015195539,0.8773628904651558,0.8555766224354291,0.813966424208833,0.7527255817198159,0.599515299785092,0.17778987268766
0.627452198553088,0.8027846061418299,0.8728986544491959,0.902405212793196,0.92085497970514,0.937934792155245,0.947981900774864,0.956218258793239,0.9648467190847309,0.973300643436116,0.982515292733956,0.9926109232134029,1.0,0.9936028165784971,0.9845019997988219,0.9771918314365259,0.9708929459232041,0.9629133922316528,0.956507550643553,0.95116499917541,0.9446859791833929,0.9389585398356121,0.9330316404196759,0.9240150943029742,0.915819589191619,0.9035327052061999,0.890105895649214,0.8683599308354158,0.8279471339385429,0.7693293164391101,0.6160614922936459,0.175543590553534
0.616572063877593,0.794839240059146,0.8647548142617192,0.894175025138213,0.9111012310965172,0.927860730880682,0.935770697924913,0.945123113565878,0.954084998029275,0.9626953122236059,0.972041120084198,0.9832128933826592,0.9936028165784971,1.0,0.993279417738587,0.9858299755077291,0.9778596753297241,0.968727792468958,0.9616161756991999,0.9565290703719771,0.95041636612779,0.9447165244774399,0.937494257785641,0.929220121356768,0.9215104261766559,0.9094660125068741,0.896547541621619,0.874096648045492,0.8342778821155341,0.7762060270571179,0.623876727826187,0.17969062744881698
0.6043915241671479,0.785011667507444,0.853732996912442,0.8862662252822049,0.903328591698201,0.9198292508154692,0.9275696462343921,0.9370036788613941,0.9457743455156908,0.953126075658797,0.962671829776364,0.9731248182911959,0.9845019997988219,0.993279417738587,1.0,0.9942505506479891,0.9859238903913431,0.9765324985516991,0.9692613575402809,0.96432921974082,0.9587388395956379,0.9531535348690441,0.9453504080870551,0.937153006387821,0.931448262359545,0.9192323839412059,0.9063792517519929,0.885151720532798,0.8465482615032759,0.790531303292525,0.641370505266588,0.192561127967437
0.5993822977045989,0.7785640833164559,0.84850433258745,0.8807932996998191,0.897755376795336,0.913899426848,0.922535881984632,0.9321968827333209,0.9404275985308459,0.9475247981605709,0.955827941826695,0.965718987160033,0.9771918314365259,0.9858299755077291,0.9942505506479891,1.0,0.99422021462753,0.9852295004317979,0.9782240352771479,0.9730213756475409,0.966803981213025,0.961370159234498,0.95287644816852,0.9448640630605141,0.938710328189596,0.925501257337181,0.9123953573746351,0.892947369765302,0.855288306530608,0.8010304384358691,0.648412443563003,0.200137473529589
0.5951304515276991,0.7739296401538579,0.84523532552736,0.877357815400015,0.8961272109942808,0.9115951463775059,0.92074347900195,0.929402359577869,0.937599566633842,0.943758552355631,0.951326749379821,0.960702485165839,0.9708929459232041,0.9778596753297241,0.9859238903913431,0.99422021462753,1.0,0.993193950099407,0.986498152323617,0.9801997216273859,0.9731788168817009,0.9667685661804479,0.9585284476469681,0.950500634195543,0.9437556880875021,0.9294533073722141,0.9165048697382809,0.899029271065324,0.8605726655514809,0.8056576289494092,0.6519298034244371,0.20438149618967605
0.590916239380849,0.77076327527713,0.8412796198324729,0.8725807370575159,0.891290762180028,0.9076961595157019,0.9172686024799169,0.92549337999881,0.9332664375481079,0.937920777990478,0.9444312438954631,0.9526868160301291,0.9629133922316528,0.968727792468958,0.9765324985516991,0.9852295004317979,0.993193950099407,1.0,0.9948832668700309,0.9887595018711709,0.981964670362427,0.975368092614052,0.9674855071405829,0.9596516073933491,0.951051064088124,0.9372008694472741,0.923544387619593,0.9079314540347729,0.868768046573475,0.8154345173605579,0.660726548494335,0.209324187816355
0.586115160580075,0.76657713356559,0.8362113644797181,0.867873787232168,0.887277897436208,0.9025694703160791,0.9136693955313109,0.9215410782845621,0.9289764750520692,0.933149457972105,0.9390823743990471,0.946817564632073,0.956507550643553,0.9616161756991999,0.9692613575402809,0.9782240352771479,0.986498152323617,0.9948832668700309,1.0,0.994258960233559,0.987200188797891,0.9800567891602341,0.972043454815318,0.963499803881807,0.955458529918363,0.9413784523562859,0.927806800989824,0.912806483010477,0.875027312025788,0.8207702392607471,0.664381157859712,0.214904474382096
0.579536578895947,0.7596040637461949,0.8309520892755409,0.8625605288361509,0.882461707909476,0.897931560058819,0.9088971657892341,0.916480790085635,0.9230021110799749,0.9270237041034449,0.9328719241084191,0.9409228666905209,0.95116499917541,0.9565290703719771,0.96432921974082,0.9730213756475409,0.9801997216273859,0.9887595018711709,0.994258960233559,1.0,0.994191438153297,0.9874919352728291,0.9792938606300648,0.9698658309175829,0.961925606145345,0.9468159081039271,0.9323467279816959,0.9175101982887329,0.879480379913395,0.82402235096926,0.67041815619609,0.217404160699398
0.5683259581414,0.751486266254652,0.82247543847339,0.853624409847381,0.875352627172413,0.8915464119722522,0.9013386942129621,0.9097478370431701,0.915866049398769,0.9207249455535859,0.9256154991436409,0.933738739133018,0.9446859791833929,0.95041636612779,0.9587388395956379,0.966803981213025,0.9731788168817009,0.981964670362427,0.987200188797891,0.994191438153297,1.0,0.9942649260755241,0.98620437328852,0.976641480923837,0.968605502729136,0.9547547739662992,0.939887976082024,0.924694324286259,0.886888086674622,0.830520673539826,0.6787156833796499,0.22058903268433303
0.563631228763292,0.743300339374035,0.8140420978550601,0.844859403496347,0.8668005602619471,0.8841854133124201,0.89479305788792,0.904373857003262,0.9103825418449829,0.914707817471893,0.918296708322408,0.927077098914805,0.9389585398356121,0.9447165244774399,0.9531535348690441,0.961370159234498,0.9667685661804479,0.975368092614052,0.9800567891602341,0.9874919352728291,0.9942649260755241,1.0,0.9936368277528539,0.9851481619701921,0.9767499180329259,0.9628202786571061,0.94712276697972,0.9319785433942349,0.894269233684584,0.8405975732123199,0.690791204586286,0.22762609933337
0.552288351029081,0.730404515529923,0.803379868088953,0.835531219717317,0.8591023609481321,0.877676248544108,0.889030235684673,0.898961167531462,0.9053999306248229,0.9095638003207109,0.9128707222665949,0.9217562603995791,0.9330316404196759,0.937494257785641,0.9453504080870551,0.95287644816852,0.9585284476469681,0.9674855071405829,0.972043454815318,0.9792938606300648,0.98620437328852,0.9936368277528539,1.0,0.9927493216925221,0.9831608318825771,0.9692805063759109,0.95436524115262,0.9383568362801129,0.9028516413625871,0.850397900838992,0.7061342369719731,0.246467443856773
0.544705685616529,0.720196732206178,0.794180049041656,0.826779392695083,0.8515776228551071,0.8699742948989341,0.8811907884454209,0.89078957420976,0.8983697562027291,0.901736294569851,0.9049356850706128,0.9128332174729541,0.9240150943029742,0.929220121356768,0.937153006387821,0.9448640630605141,0.950500634195543,0.9596516073933491,0.963499803881807,0.9698658309175829,0.976641480923837,0.9851481619701921,0.9927493216925221,1.0,0.99049796979737,0.9775112741268009,0.962389449515475,0.946344616636693,0.9116412776543659,0.860139058632586,0.71428773809138,0.25966175304702105
0.5398562504308061,0.7150570650537941,0.7858188121103579,0.8193436314027959,0.843284991303511,0.8610603782653101,0.8720378427738321,0.8814058187958219,0.8892920876346558,0.8929202846951451,0.8958581905927941,0.904581540207728,0.915819589191619,0.9215104261766559,0.931448262359545,0.938710328189596,0.9437556880875021,0.951051064088124,0.955458529918363,0.961925606145345,0.968605502729136,0.9767499180329259,0.9831608318825771,0.99049796979737,1.0,0.988951216464015,0.9740474155902741,0.957210343843452,0.922999507618628,0.8705366284528241,0.7292779208385171,0.259268964059213
0.52977515923724,0.700687690832144,0.773858119372655,0.806430555429506,0.8307544566995699,0.8480999679401771,0.859346310277101,0.8687481753754259,0.876581806907816,0.8798387228756229,0.881853277265279,0.892074015195539,0.9035327052061999,0.9094660125068741,0.9192323839412059,0.925501257337181,0.9294533073722141,0.9372008694472741,0.9413784523562859,0.9468159081039271,0.9547547739662992,0.9628202786571061,0.9692805063759109,0.9775112741268009,0.988951216464015,1.0,0.988046174153102,0.971968166336995,0.9381988204747289,0.884719728452933,0.742463479550903,0.25541890038749804
0.5117474526367121,0.6829029884083561,0.7561405126214961,0.7886147441647621,0.8111091213292171,0.8299698393495959,0.8413883588381079,0.8520555505018249,0.8610915543174079,0.863781481512177,0.866959141137205,0.8773628904651558,0.890105895649214,0.896547541621619,0.9063792517519929,0.9123953573746351,0.9165048697382809,0.923544387619593,0.927806800989824,0.9323467279816959,0.939887976082024,0.94712276697972,0.95436524115262,0.962389449515475,0.9740474155902741,0.988046174153102,1.0,0.9848255151863159,0.9546826672712541,0.905823924398152,0.7628439045838059,0.268997267760797
0.4914851586536,0.654927675505549,0.7281396303785791,0.761207600259846,0.787720856621038,0.808415884972483,0.818090675943685,0.8291732525900029,0.839091838254799,0.842939011526181,0.845995266139376,0.8555766224354291,0.8683599308354158,0.874096648045492,0.885151720532798,0.892947369765302,0.899029271065324,0.9079314540347729,0.912806483010477,0.9175101982887329,0.924694324286259,0.9319785433942349,0.9383568362801129,0.946344616636693,0.957210343843452,0.971968166336995,0.9848255151863159,1.0,0.9753278578521221,0.9296470917577709,0.7911991604298579,0.293072906250152
0.45311723239384993,0.6064963321932161,0.6817233554766421,0.716163112167352,0.743431077216883,0.765060457500311,0.77386376818129,0.78637540375802,0.795924015310462,0.8010593489218879,0.8047078001898259,0.813966424208833,0.8279471339385429,0.8342778821155341,0.8465482615032759,0.855288306530608,0.8605726655514809,0.868768046573475,0.875027312025788,0.879480379913395,0.886888086674622,0.894269233684584,0.9028516413625871,0.9116412776543659,0.922999507618628,0.9381988204747289,0.9546826672712541,0.9753278578521221,1.0,0.9612346635386351,0.832579060025285,0.36118101269062103
0.3974024029710971,0.54527580281026,0.6155564116130171,0.6543873826764129,0.679427989560745,0.7028739392582171,0.711027979791282,0.7235417267759129,0.73311605805655,0.738844430026249,0.7434930877945691,0.7527255817198159,0.7693293164391101,0.7762060270571179,0.790531303292525,0.8010304384358691,0.8056576289494092,0.8154345173605579,0.8207702392607471,0.82402235096926,0.830520673539826,0.8405975732123199,0.850397900838992,0.860139058632586,0.8705366284528241,0.884719728452933,0.905823924398152,0.9296470917577709,0.9612346635386351,1.0,0.8755108349923509,0.39534600494917
0.271464169503207,0.394217601481864,0.467056937465452,0.507513464190789,0.533430196539841,0.5565145120620439,0.5612384110394499,0.569767787911773,0.576647934766282,0.5851267774121489,0.590311548363114,0.599515299785092,0.6160614922936459,0.623876727826187,0.641370505266588,0.648412443563003,0.6519298034244371,0.660726548494335,0.664381157859712,0.67041815619609,0.6787156833796499,0.690791204586286,0.7061342369719731,0.71428773809138,0.7292779208385171,0.742463479550903,0.7628439045838059,0.7911991604298579,0.832579060025285,0.8755108349923509,1.0,0.493860563290478
0.009478428980020279,0.0593461119098357,0.0837821516927146,0.114680913940879,0.12616680454968,0.151041646183283,0.15186489017706797,0.15647331751871,0.159988548705117,0.168697820843191,0.177891597221963,0.17778987268766,0.175543590553534,0.17969062744881698,0.192561127967437,0.200137473529589,0.20438149618967605,0.209324187816355,0.214904474382096,0.217404160699398,0.22058903268433303,0.22762609933337,0.246467443856773,0.25966175304702105,0.259268964059213,0.25541890038749804,0.268997267760797,0.293072906250152,0.36118101269062103,0.39534600494917,0.493860563290478,1.0
