1.0,0.829410803754587,0.7353271130776949,0.706174430061861,0.6720528573603011,0.595845174919717,0.577754142796675,0.5649320848991272,0.543868789932226,0.510897415339924,0.504190376627852,0.5010318344575101,0.48524648223882794,0.465012967792501,0.465924121391705,0.46596851716181703,0.45028106201968104,0.43554985983473293,0.41528915719325804,0.40337090068442605,0.387420986756696,0.380536895510447,0.374158092176279,0.35835120510488505,0.333619205363459,0.28010322777498303,0.211711292054338,0.15209162411065602,0.105400553422748,0.0777595044258003,0.0221886066978749,0.0705164554095937
0.829410803754587,1.0,0.934988248673624,0.8641894965847919,0.8261564437731249,0.7727913475797479,0.745153536794446,0.720647572412994,0.6959516568254019,0.666385049376744,0.657194799842907,0.650704437081879,0.6364576565469661,0.6120197990251429,0.607654709136398,0.606582588772614,0.5901056886054339,0.572130169564216,0.5502463181067709,0.533925802409928,0.5165947968564871,0.502836615165011,0.49035663799952095,0.47355120927380706,0.436069682301063,0.36082961356529997,0.27223884980363,0.18901871718876603,0.125460118879439,0.0943078764730493,0.0305143633784274,0.0625615158359027
0.7353271130776949,0.934988248673624,1.0,0.94779156855066,0.9049725789843429,0.856107059838347,0.8285185416331871,0.8070121394348209,0.77793197033647,0.749517043876938,0.741783994779828,0.730016919272001,0.7135953800273059,0.6869340319271422,0.682894945007135,0.6795241556005329,0.662940489057953,0.644519515511639,0.6242376554976079,0.611594845024121,0.5946484421071879,0.576375656102438,0.55694737303238,0.5372442899091541,0.490289973509742,0.39893574886287103,0.29760077335908397,0.20075673418245799,0.132727337970267,0.10051788359708,0.0363119457771563,0.0118180413670673
0.706174430061861,0.8641894965847919,0.94779156855066,1.0,0.954330828514261,0.9043996937746871,0.878318483250001,0.8551360807367291,0.8242671127432869,0.7976909632146031,0.7875562301144491,0.7716500528956329,0.753915062587952,0.7267066007466,0.7263057346798101,0.7191386532505558,0.703530096899783,0.686042122469878,0.666503594641606,0.653955770570844,0.635990171937687,0.615187702163169,0.592993285723566,0.565932665248275,0.512874805371614,0.420085076612339,0.313725789994482,0.205873133351107,0.131014176803078,0.0941986745881652,0.0300348385584016,0.00440190388248026
0.6720528573603011,0.8261564437731249,0.9049725789843429,0.954330828514261,1.0,0.960100278881804,0.9291178894011549,0.9018907009646089,0.8659777298896171,0.8357103650385609,0.825480831352137,0.8103844544947449,0.7903948873738141,0.7640528085812059,0.762308269926721,0.7539065519323019,0.7378436537593029,0.7199118957004429,0.7039385772859609,0.690865931781777,0.6769543735517379,0.6560828735512889,0.631626222115668,0.603914598904365,0.546474165508328,0.45097842014690004,0.33790624187121304,0.22105756380720604,0.139872169742914,0.105748727993792,0.0470960813519141,0.0115273249474806
0.595845174919717,0.7727913475797479,0.856107059838347,0.9043996937746871,0.960100278881804,1.0,0.981139814515782,0.9538862626822059,0.9201920396131641,0.891342973073,0.877327070453035,0.860091808207328,0.8438009247618079,0.818593230104755,0.815300792017577,0.8074485363213009,0.7931813522631259,0.777534079917838,0.7646423104809681,0.7519474099088441,0.7364427115727399,0.713858129768198,0.687645557130695,0.654731615880303,0.59188796376424,0.494291044385548,0.37656882495213106,0.24888683287248,0.16263871131875698,0.131242071367155,0.0746708474198148,0.0539249535386502
0.577754142796675,0.745153536794446,0.8285185416331871,0.878318483250001,0.9291178894011549,0.981139814515782,1.0,0.983968336225991,0.953910714061755,0.927638191119216,0.911865018950927,0.89457057193382,0.8768020053277801,0.851856155039372,0.8460105926880529,0.83723089633326,0.8234440435846619,0.807069657122519,0.7931231484577191,0.7804989276602741,0.7628943759778429,0.738921742512518,0.7127744224222291,0.680131141950531,0.615236944064963,0.514180865364276,0.393829638993205,0.261998156187432,0.174924471235752,0.14728763676308998,0.10119456377867,0.0807026410593339
0.5649320848991272,0.720647572412994,0.8070121394348209,0.8551360807367291,0.9018907009646089,0.9538862626822059,0.983968336225991,1.0,0.9784034464919621,0.9542660613730849,0.936526769189265,0.9188594026761329,0.8991887409359101,0.8717861725237629,0.864478573055567,0.854383452471471,0.840841026394165,0.8250838397106249,0.810384399272547,0.7992763122248531,0.781658968014225,0.7586001443298941,0.7330923675995099,0.699688116999935,0.63303503078807,0.53086545219185,0.408149026919802,0.27139085353998,0.18665451347881,0.16044992307388597,0.115364232601039,0.0939318463556002
0.543868789932226,0.6959516568254019,0.77793197033647,0.8242671127432869,0.8659777298896171,0.9201920396131641,0.953910714061755,0.9784034464919621,1.0,0.9829717505353509,0.965642397116255,0.9484488923659129,0.929579010950803,0.9035402954445909,0.8927751616703891,0.8807919243457951,0.865735450949731,0.8489811962926559,0.8356281730350059,0.825989666116794,0.807914316777253,0.784950895779271,0.7596388738619458,0.725519785013652,0.661266789507001,0.564095472282956,0.44349625085595207,0.303285571490635,0.212112755610837,0.18985050927108998,0.146240510979817,0.12677228760474
0.510897415339924,0.666385049376744,0.749517043876938,0.7976909632146031,0.8357103650385609,0.891342973073,0.927638191119216,0.9542660613730849,0.9829717505353509,1.0,0.987326189393799,0.9706135664048899,0.9513501473689692,0.925300638589569,0.912937481778848,0.899518152744945,0.884436942349062,0.867548472484674,0.854161382122713,0.8439329627248009,0.8269134034902661,0.8049118371596659,0.7807186644872671,0.7476840575231859,0.6851722294342801,0.5880821065826,0.46658127254784293,0.321489924965162,0.230882506250351,0.20889684984961898,0.17478683286604899,0.14957179390012804
0.504190376627852,0.657194799842907,0.741783994779828,0.7875562301144491,0.825480831352137,0.877327070453035,0.911865018950927,0.936526769189265,0.965642397116255,0.987326189393799,1.0,0.9894516729363321,0.97046105860738,0.945173322544996,0.932009569244975,0.9187529092634,0.902515458990292,0.8839582789592321,0.869449846678942,0.858407035133313,0.841256735937802,0.820757929392576,0.7968729023639352,0.7654307493030341,0.7030533438099781,0.604139760556792,0.48074787501892297,0.330517246661565,0.23701017393843804,0.21515913045016502,0.18562019505770702,0.16342939537348
0.5010318344575101,0.650704437081879,0.730016919272001,0.7716500528956329,0.8103844544947449,0.860091808207328,0.89457057193382,0.9188594026761329,0.9484488923659129,0.9706135664048899,0.9894516729363321,1.0,0.988264723944228,0.9636151176118148,0.949683767888348,0.935501920117622,0.9182834011710299,0.9001159620771259,0.8846730367152341,0.871919112543593,0.85672646811774,0.837436787082557,0.81460842708299,0.784972235464973,0.721073463698698,0.620545874290942,0.49560710227127397,0.34084386248987397,0.24893709750916898,0.227784607512107,0.197943141311167,0.17069182552190698
0.48524648223882794,0.6364576565469661,0.7135953800273059,0.753915062587952,0.7903948873738141,0.8438009247618079,0.8768020053277801,0.8991887409359101,0.929579010950803,0.9513501473689692,0.97046105860738,0.988264723944228,1.0,0.9814598491065429,0.968567353984943,0.95350782312224,0.9360041210485409,0.918312301516603,0.9033414128027258,0.890175171399771,0.875511718311319,0.857347315622958,0.8361031444856409,0.8077114975415041,0.7428724540658721,0.642592795046256,0.5169002470124461,0.35724731081005107,0.26297749540307896,0.243146849930197,0.21848624069577802,0.184737306954851
0.465012967792501,0.6120197990251429,0.6869340319271422,0.7267066007466,0.7640528085812059,0.818593230104755,0.851856155039372,0.8717861725237629,0.9035402954445909,0.925300638589569,0.945173322544996,0.9636151176118148,0.9814598491065429,1.0,0.987320984913756,0.972408261369088,0.957341181335995,0.9420711002758371,0.926901830300318,0.9155404544462981,0.8995644515447908,0.8824837188144821,0.860493609423552,0.8320097770431508,0.771234251811438,0.6700640975297191,0.54361156542995,0.388985955617228,0.295749233203089,0.279348724417085,0.25665822034360203,0.21030798667684
0.465924121391705,0.607654709136398,0.682894945007135,0.7263057346798101,0.762308269926721,0.815300792017577,0.8460105926880529,0.864478573055567,0.8927751616703891,0.912937481778848,0.932009569244975,0.949683767888348,0.968567353984943,0.987320984913756,1.0,0.9894781582769041,0.974211944804691,0.957458025564716,0.9387570922568309,0.92743134425986,0.9121680319840741,0.8954670830582421,0.8738766860052378,0.8457387135499491,0.784740487666051,0.6826738432572621,0.5570340533672421,0.40289516365183703,0.30971830967464503,0.290746290102498,0.26594790855906403,0.219943989013251
0.46596851716181703,0.606582588772614,0.6795241556005329,0.7191386532505558,0.7539065519323019,0.8074485363213009,0.83723089633326,0.854383452471471,0.8807919243457951,0.899518152744945,0.9187529092634,0.935501920117622,0.95350782312224,0.972408261369088,0.9894781582769041,1.0,0.990719126802521,0.97408916997189,0.955282735249241,0.9430941898730641,0.9273785571834721,0.9112419755040879,0.8913130912174531,0.859975121765397,0.799168554880476,0.696900212766954,0.570858663755425,0.415617838327164,0.31960579539072803,0.300822562104044,0.278652356070963,0.236325668122442
0.45028106201968104,0.5901056886054339,0.662940489057953,0.703530096899783,0.7378436537593029,0.7931813522631259,0.8234440435846619,0.840841026394165,0.865735450949731,0.884436942349062,0.902515458990292,0.9182834011710299,0.9360041210485409,0.957341181335995,0.974211944804691,0.990719126802521,1.0,0.9890278545544492,0.9693008677151971,0.9567262054681559,0.940033833063713,0.9243433388638671,0.9058570848334301,0.8718669816081,0.8111174774873979,0.709159151626413,0.582855191593865,0.42804785924590605,0.330050172103436,0.313250198646092,0.291350163555445,0.247882152181957
0.43554985983473293,0.572130169564216,0.644519515511639,0.686042122469878,0.7199118957004429,0.777534079917838,0.807069657122519,0.8250838397106249,0.8489811962926559,0.867548472484674,0.8839582789592321,0.9001159620771259,0.918312301516603,0.9420711002758371,0.957458025564716,0.97408916997189,0.9890278545544492,1.0,0.9854610217932191,0.972912325302155,0.956552694960188,0.9408189431057359,0.9226588430661931,0.8866195794878391,0.831102869163289,0.7336817239312579,0.611126785461937,0.459520945623841,0.359052984134951,0.34417260864951593,0.317651878638601,0.26372581025121694
0.41528915719325804,0.5502463181067709,0.6242376554976079,0.666503594641606,0.7039385772859609,0.7646423104809681,0.7931231484577191,0.810384399272547,0.8356281730350059,0.854161382122713,0.869449846678942,0.8846730367152341,0.9033414128027258,0.926901830300318,0.9387570922568309,0.955282735249241,0.9693008677151971,0.9854610217932191,1.0,0.9868650103866909,0.9716089618718501,0.956149782504129,0.938146335163977,0.9007288661206558,0.8474946900737479,0.7520782887511759,0.627824828468777,0.477114698255067,0.371627583199969,0.355869680818834,0.324026999500959,0.27380143667213297
0.40337090068442605,0.533925802409928,0.611594845024121,0.653955770570844,0.690865931781777,0.7519474099088441,0.7804989276602741,0.7992763122248531,0.825989666116794,0.8439329627248009,0.858407035133313,0.871919112543593,0.890175171399771,0.9155404544462981,0.92743134425986,0.9430941898730641,0.9567262054681559,0.972912325302155,0.9868650103866909,1.0,0.9888384654812491,0.9717916577245129,0.951967577715749,0.91325171207342,0.856732410911081,0.7598817633070349,0.634556323427537,0.483856401584426,0.379681607514838,0.36468837544743,0.331567518266993,0.279379678401918
0.387420986756696,0.5165947968564871,0.5946484421071879,0.635990171937687,0.6769543735517379,0.7364427115727399,0.7628943759778429,0.781658968014225,0.807914316777253,0.8269134034902661,0.841256735937802,0.85672646811774,0.875511718311319,0.8995644515447908,0.9121680319840741,0.9273785571834721,0.940033833063713,0.956552694960188,0.9716089618718501,0.9888384654812491,1.0,0.9899732561494441,0.9693768779571059,0.934580184681251,0.883057441870586,0.7872731250943391,0.66532520759294,0.520080082172119,0.414076234578846,0.400776733484961,0.36418207901681604,0.297941158042106
0.380536895510447,0.502836615165011,0.576375656102438,0.615187702163169,0.6560828735512889,0.713858129768198,0.738921742512518,0.7586001443298941,0.784950895779271,0.8049118371596659,0.820757929392576,0.837436787082557,0.857347315622958,0.8824837188144821,0.8954670830582421,0.9112419755040879,0.9243433388638671,0.9408189431057359,0.956149782504129,0.9717916577245129,0.9899732561494441,1.0,0.987081645247652,0.956321182842523,0.909828752848428,0.8209226273884609,0.703651436606196,0.559380921068409,0.44516254360025204,0.430085289634775,0.391769538793791,0.31708399209161403
0.374158092176279,0.49035663799952095,0.55694737303238,0.592993285723566,0.631626222115668,0.687645557130695,0.7127744224222291,0.7330923675995099,0.7596388738619458,0.7807186644872671,0.7968729023639352,0.81460842708299,0.8361031444856409,0.860493609423552,0.8738766860052378,0.8913130912174531,0.9058570848334301,0.9226588430661931,0.938146335163977,0.951967577715749,0.9693768779571059,0.987081645247652,1.0,0.979074089865525,0.9345090404850359,0.8472815567290041,0.731623058765078,0.5945193529011801,0.475386935298551,0.463624648833553,0.41656345153400703,0.324068555597819
0.35835120510488505,0.47355120927380706,0.5372442899091541,0.565932665248275,0.603914598904365,0.654731615880303,0.680131141950531,0.699688116999935,0.725519785013652,0.7476840575231859,0.7654307493030341,0.784972235464973,0.8077114975415041,0.8320097770431508,0.8457387135499491,0.859975121765397,0.8718669816081,0.8866195794878391,0.9007288661206558,0.91325171207342,0.934580184681251,0.956321182842523,0.979074089865525,1.0,0.965979087755023,0.8826680945030541,0.7718230006960881,0.6409699673376229,0.517417372733649,0.5113364514952959,0.461486329446866,0.339899675010416
0.333619205363459,0.436069682301063,0.490289973509742,0.512874805371614,0.546474165508328,0.59188796376424,0.615236944064963,0.63303503078807,0.661266789507001,0.6851722294342801,0.7030533438099781,0.721073463698698,0.7428724540658721,0.771234251811438,0.784740487666051,0.799168554880476,0.8111174774873979,0.831102869163289,0.8474946900737479,0.856732410911081,0.883057441870586,0.909828752848428,0.9345090404850359,0.965979087755023,1.0,0.951445172953645,0.865818425174492,0.762376072376265,0.64333014321653,0.6231811387095121,0.534259149897199,0.356118859107635
0.28010322777498303,0.36082961356529997,0.39893574886287103,0.420085076612339,0.45097842014690004,0.494291044385548,0.514180865364276,0.53086545219185,0.564095472282956,0.5880821065826,0.604139760556792,0.620545874290942,0.642592795046256,0.6700640975297191,0.6826738432572621,0.696900212766954,0.709159151626413,0.7336817239312579,0.7520782887511759,0.7598817633070349,0.7872731250943391,0.8209226273884609,0.8472815567290041,0.8826680945030541,0.951445172953645,1.0,0.9682272539133309,0.872771199016259,0.729696900077516,0.6992411238243701,0.5972380457883331,0.382362914184199
0.211711292054338,0.27223884980363,0.29760077335908397,0.313725789994482,0.33790624187121304,0.37656882495213106,0.393829638993205,0.408149026919802,0.44349625085595207,0.46658127254784293,0.48074787501892297,0.49560710227127397,0.5169002470124461,0.54361156542995,0.5570340533672421,0.570858663755425,0.582855191593865,0.611126785461937,0.627824828468777,0.634556323427537,0.66532520759294,0.703651436606196,0.731623058765078,0.7718230006960881,0.865818425174492,0.9682272539133309,1.0,0.936118746940631,0.7966035039477579,0.758059216720467,0.643993793764,0.394559567865104
0.15209162411065602,0.18901871718876603,0.20075673418245799,0.205873133351107,0.22105756380720604,0.24888683287248,0.261998156187432,0.27139085353998,0.303285571490635,0.321489924965162,0.330517246661565,0.34084386248987397,0.35724731081005107,0.388985955617228,0.40289516365183703,0.415617838327164,0.42804785924590605,0.459520945623841,0.477114698255067,0.483856401584426,0.520080082172119,0.559380921068409,0.5945193529011801,0.6409699673376229,0.762376072376265,0.872771199016259,0.936118746940631,1.0,0.893974965036535,0.8609574529373342,0.689199522480476,0.3612845531850229
0.105400553422748,0.125460118879439,0.132727337970267,0.131014176803078,0.139872169742914,0.16263871131875698,0.174924471235752,0.18665451347881,0.212112755610837,0.230882506250351,0.23701017393843804,0.24893709750916898,0.26297749540307896,0.295749233203089,0.30971830967464503,0.31960579539072803,0.330050172103436,0.359052984134951,0.371627583199969,0.379681607514838,0.414076234578846,0.44516254360025204,0.475386935298551,0.517417372733649,0.64333014321653,0.729696900077516,0.7966035039477579,0.893974965036535,1.0,0.950350006139359,0.7556900067339469,0.38743849583529205
0.0777595044258003,0.0943078764730493,0.10051788359708,0.0941986745881652,0.105748727993792,0.131242071367155,0.14728763676308998,0.16044992307388597,0.18985050927108998,0.20889684984961898,0.21515913045016502,0.227784607512107,0.243146849930197,0.279348724417085,0.290746290102498,0.300822562104044,0.313250198646092,0.34417260864951593,0.355869680818834,0.36468837544743,0.400776733484961,0.430085289634775,0.463624648833553,0.5113364514952959,0.6231811387095121,0.6992411238243701,0.758059216720467,0.8609574529373342,0.950350006139359,1.0,0.84572298313739,0.45067563819771295
0.0221886066978749,0.0305143633784274,0.0363119457771563,0.0300348385584016,0.0470960813519141,0.0746708474198148,0.10119456377867,0.115364232601039,0.146240510979817,0.17478683286604899,0.18562019505770702,0.197943141311167,0.21848624069577802,0.25665822034360203,0.26594790855906403,0.278652356070963,0.291350163555445,0.317651878638601,0.324026999500959,0.331567518266993,0.36418207901681604,0.391769538793791,0.41656345153400703,0.461486329446866,0.534259149897199,0.5972380457883331,0.643993793764,0.689199522480476,0.7556900067339469,0.84572298313739,1.0,0.690123807404881
0.0705164554095937,0.0625615158359027,0.0118180413670673,0.00440190388248026,0.0115273249474806,0.0539249535386502,0.0807026410593339,0.0939318463556002,0.12677228760474,0.14957179390012804,0.16342939537348,0.17069182552190698,0.184737306954851,0.21030798667684,0.219943989013251,0.236325668122442,0.247882152181957,0.26372581025121694,0.27380143667213297,0.279379678401918,0.297941158042106,0.31708399209161403,0.324068555597819,0.339899675010416,0.356118859107635,0.382362914184199,0.394559567865104,0.3612845531850229,0.38743849583529205,0.45067563819771295,0.690123807404881,1.0
