1.0,0.560901806497475,0.442849490147108,0.41264641565984994,0.38578917133297297,0.35561666980622403,0.34166599243813595,0.347913662373443,0.33359265462220394,0.331630510733576,0.31410520192076097,0.300806428075903,0.289727783818796,0.284715345009554,0.27525334010062197,0.270434915138175,0.267691798000181,0.24971675852664998,0.250148283972624,0.23711565231051698,0.22537487947482102,0.21207237899357104,0.208880160340048,0.203842738303152,0.196832384093327,0.17805622199627102,0.166209282609582,0.14993512418514998,0.126479983873214,0.0772817395483801,0.0452465714206628,0.00666973333677962
0.560901806497475,1.0,0.8666539053592209,0.794234873188483,0.761503833917315,0.7136401482516942,0.6893782741190461,0.6758745705454959,0.664946281700855,0.6431640330286539,0.634112802751011,0.622770877605068,0.6108890047467789,0.601341583750223,0.5867271568096021,0.5729051702559511,0.5683945005822371,0.5542535479318249,0.55077284824364,0.5346659843478939,0.520750086173064,0.508347282073133,0.502811446296319,0.492232525357822,0.477311104884654,0.4534657621422079,0.43921803874532,0.42270527971117794,0.389170594862735,0.311574899056941,0.232527912544155,0.14713163567868698
0.442849490147108,0.8666539053592209,1.0,0.931561084075752,0.884376298888382,0.8399618126616449,0.819208119016504,0.8016932846959219,0.7834182698508572,0.764258671069572,0.750224782705103,0.7376674842863041,0.725975413339899,0.713771569171987,0.6996291023027061,0.687674760887679,0.679806910390055,0.6673156811039611,0.6613714218345911,0.645780363336103,0.633698457893533,0.6239742059413821,0.6200061075013621,0.610776077932241,0.5938621849114161,0.5730460330726059,0.5613718367934251,0.538445715612951,0.506612190137336,0.416719623532348,0.313461598557665,0.22915985337142397
0.41264641565984994,0.794234873188483,0.931561084075752,1.0,0.957386879030286,0.915860411065097,0.899304274611744,0.8879686579260591,0.8683017456011171,0.85255286686738,0.836972780275729,0.8221838480503281,0.8089858730024749,0.797865882893827,0.7864172090612459,0.7786504251030749,0.7725119068607171,0.761513140602328,0.755864103872624,0.7441457182517509,0.7333191838212689,0.7245496651016659,0.7192389670355742,0.708971770546604,0.6960307282397621,0.6761480985572879,0.6649721043860749,0.641132538045322,0.601859831963143,0.5013330498609121,0.376565210092051,0.30517520093537
0.38578917133297297,0.761503833917315,0.884376298888382,0.957386879030286,1.0,0.966616064732288,0.945846417437235,0.9297973304002399,0.913346885771329,0.8955306764614791,0.8805576279069041,0.863863641365073,0.851998186002468,0.841950340944027,0.829547295456646,0.82079252645569,0.817530817001989,0.8058755920726342,0.802057456126611,0.792363870494749,0.782819395481365,0.7721401424337159,0.767295625732413,0.7556662399648321,0.74118471357131,0.7210670342963101,0.7063745323400721,0.680762777480464,0.6444055120736271,0.538165819421349,0.401082748560828,0.34935046614604
0.35561666980622403,0.7136401482516942,0.8399618126616449,0.915860411065097,0.966616064732288,1.0,0.9794104066225829,0.962376921984524,0.9482014192973242,0.931834942689077,0.9156945612949441,0.8979081173083979,0.884434603223082,0.874633658139116,0.863291340919214,0.854003949536718,0.849743762309466,0.838191862083043,0.834749295487727,0.825992296358639,0.818408450932247,0.808563723978211,0.802052745366095,0.7906813556353108,0.776828006092477,0.7600462933345659,0.743500809492648,0.718627521444803,0.6773868394159921,0.574157425385856,0.421965696460378,0.372541515607645
0.34166599243813595,0.6893782741190461,0.819208119016504,0.899304274611744,0.945846417437235,0.9794104066225829,1.0,0.983313142151442,0.967341868651376,0.947843262232831,0.931841898590174,0.9156766286188109,0.9001837599997351,0.889859911425802,0.8797990592665921,0.87201300573475,0.866216380934249,0.857628345814929,0.8530785965551421,0.8438649639023091,0.8356464517717449,0.826540809077356,0.820304672094022,0.808881702581235,0.7944500965460121,0.77807604273223,0.759926130075542,0.735298037701814,0.692770479497328,0.588629744566345,0.43893738462700704,0.391785712431734
0.347913662373443,0.6758745705454959,0.8016932846959219,0.8879686579260591,0.9297973304002399,0.962376921984524,0.983313142151442,1.0,0.985922852337215,0.967052750057308,0.94998941176176,0.9316113058505799,0.914299864689604,0.904284788794266,0.893451448444622,0.884748082458275,0.878063402677377,0.869661427219663,0.864326256850742,0.8545166529054141,0.8466944730324909,0.838316779453205,0.831595668562239,0.81946088635363,0.8057347145706379,0.790216331023599,0.775126886588575,0.7508078378360029,0.7070592852066679,0.603040735553621,0.455526441217979,0.399542803731808
0.33359265462220394,0.664946281700855,0.7834182698508572,0.8683017456011171,0.913346885771329,0.9482014192973242,0.967341868651376,0.985922852337215,1.0,0.9835454635083399,0.9662149199369631,0.946299238658076,0.928423379554798,0.9169308601392969,0.9045546353829409,0.8952698451742891,0.8891670235471549,0.8802026732532859,0.8751079894321742,0.865312495740512,0.858439739409499,0.850639339296219,0.844125804657589,0.832041022933872,0.8187494969991671,0.8025199854669302,0.7875247811323429,0.760720481119872,0.7152145858346359,0.6074647591710379,0.45581656236213297,0.39305069131856
0.331630510733576,0.6431640330286539,0.764258671069572,0.85255286686738,0.8955306764614791,0.931834942689077,0.947843262232831,0.967052750057308,0.9835454635083399,1.0,0.986449048526976,0.968452560194989,0.9520763377247791,0.94043006517971,0.926955808687642,0.916633374219971,0.91028956012411,0.9004766799119429,0.895529669422825,0.8857428416086089,0.879382216866424,0.873578124166709,0.8664644192904369,0.8563541157505441,0.8443193646514631,0.8297623912894849,0.8158609201709391,0.789951526409725,0.746862592602912,0.642139523666438,0.48493223376855893,0.42827688012420295
0.31410520192076097,0.634112802751011,0.750224782705103,0.836972780275729,0.8805576279069041,0.9156945612949441,0.931841898590174,0.94998941176176,0.9662149199369631,0.986449048526976,1.0,0.9857524022143599,0.9694685742529809,0.95591560859291,0.941369765230105,0.928493813003702,0.920410241625986,0.91021422189459,0.905418430356252,0.8968574738985021,0.8906197338600209,0.885129293659381,0.877547789595173,0.868702719961185,0.857053163598234,0.8429845428324029,0.8293621808628591,0.8065066378532858,0.766794767028466,0.6730251785035171,0.510767816534695,0.45109464845123
0.300806428075903,0.622770877605068,0.7376674842863041,0.8221838480503281,0.863863641365073,0.8979081173083979,0.9156766286188109,0.9316113058505799,0.946299238658076,0.968452560194989,0.9857524022143599,1.0,0.9890568275171301,0.9744105024132791,0.9605291358607629,0.947548544140613,0.93903043572351,0.928412281722338,0.921827760391884,0.9121486626526091,0.905450833647423,0.8983601901787551,0.8924487380070228,0.8853991446272309,0.8743012203468391,0.861298125896364,0.8465716526727579,0.82296662630512,0.7871666371184559,0.6963984724904129,0.528771887559493,0.46605376637130796
0.289727783818796,0.6108890047467789,0.725975413339899,0.8089858730024749,0.851998186002468,0.884434603223082,0.9001837599997351,0.914299864689604,0.928423379554798,0.9520763377247791,0.9694685742529809,0.9890568275171301,1.0,0.9897437810361,0.97723658213726,0.9645397545592819,0.9556272054999291,0.9437683618198779,0.9351894020996,0.9253802959992221,0.919385172473659,0.910983255767107,0.904765256250095,0.8985052430790441,0.886389092650334,0.8734877705523508,0.8586698606491241,0.8354550546943341,0.803250262559896,0.7132068402667808,0.545390048054654,0.482691282668018
0.284715345009554,0.601341583750223,0.713771569171987,0.797865882893827,0.841950340944027,0.874633658139116,0.889859911425802,0.904284788794266,0.9169308601392969,0.94043006517971,0.95591560859291,0.9744105024132791,0.9897437810361,1.0,0.99166301822659,0.979816525117175,0.9700909392591159,0.9587875194264079,0.9497563892095341,0.9397263558906451,0.9323346937039609,0.9244562198708861,0.917358525501266,0.91084044457535,0.8989911355473629,0.8854739674726891,0.870535990095038,0.84846996054119,0.815023638222211,0.7266129264164128,0.5624161296285749,0.500980703405224
0.27525334010062197,0.5867271568096021,0.6996291023027061,0.7864172090612459,0.829547295456646,0.863291340919214,0.8797990592665921,0.893451448444622,0.9045546353829409,0.926955808687642,0.941369765230105,0.9605291358607629,0.97723658213726,0.99166301822659,1.0,0.990732346273426,0.9805610650400309,0.970351202367375,0.9614093509295791,0.9518721745935609,0.94338989118388,0.936245284943713,0.928461588518705,0.922501197783461,0.9103339166806992,0.89596742034783,0.879638604270768,0.8575749056252671,0.822718761050319,0.7365179658583921,0.57361660285008,0.510752127977967
0.270434915138175,0.5729051702559511,0.687674760887679,0.7786504251030749,0.82079252645569,0.854003949536718,0.87201300573475,0.884748082458275,0.8952698451742891,0.916633374219971,0.928493813003702,0.947548544140613,0.9645397545592819,0.979816525117175,0.990732346273426,1.0,0.9921312745098391,0.982581378803988,0.973558580688397,0.9641811346974171,0.955061301050701,0.9485457681927529,0.9403113129056869,0.9341189817864771,0.921557215744527,0.9076799680780941,0.8912006577237429,0.8687207968442829,0.833787298567686,0.745867536432547,0.5789280872270971,0.5117199209828661
0.267691798000181,0.5683945005822371,0.679806910390055,0.7725119068607171,0.817530817001989,0.849743762309466,0.866216380934249,0.878063402677377,0.8891670235471549,0.91028956012411,0.920410241625986,0.93903043572351,0.9556272054999291,0.9700909392591159,0.9805610650400309,0.9921312745098391,1.0,0.9916987580032509,0.983098463792205,0.974069452666152,0.964391854923787,0.957169232820353,0.948192586534872,0.9423092437346802,0.9311770759205671,0.917736162626795,0.9010241110452158,0.877793414081069,0.8454374775058271,0.75439630347884,0.591003347980549,0.51407549339111
0.24971675852664998,0.5542535479318249,0.6673156811039611,0.761513140602328,0.8058755920726342,0.838191862083043,0.857628345814929,0.869661427219663,0.8802026732532859,0.9004766799119429,0.91021422189459,0.928412281722338,0.9437683618198779,0.9587875194264079,0.970351202367375,0.982581378803988,0.9916987580032509,1.0,0.99203497063171,0.9835204248566278,0.9737314381814269,0.9666695225392871,0.9588486595161049,0.951633223282459,0.9408322339410691,0.9301414624544599,0.913388904620962,0.891160007334149,0.856905715163376,0.7688583818001491,0.609171755120842,0.5324380526562009
0.250148283972624,0.55077284824364,0.6613714218345911,0.755864103872624,0.802057456126611,0.834749295487727,0.8530785965551421,0.864326256850742,0.8751079894321742,0.895529669422825,0.905418430356252,0.921827760391884,0.9351894020996,0.9497563892095341,0.9614093509295791,0.973558580688397,0.983098463792205,0.99203497063171,1.0,0.9931710049209441,0.984348714309333,0.977325327483481,0.969228669148845,0.9613994820072621,0.9495535078731221,0.938620736432962,0.9205625958736079,0.898411363466687,0.8667197082844742,0.7804935398480759,0.61837050469045,0.536946870753645
0.23711565231051698,0.5346659843478939,0.645780363336103,0.7441457182517509,0.792363870494749,0.825992296358639,0.8438649639023091,0.8545166529054141,0.865312495740512,0.8857428416086089,0.8968574738985021,0.9121486626526091,0.9253802959992221,0.9397263558906451,0.9518721745935609,0.9641811346974171,0.974069452666152,0.9835204248566278,0.9931710049209441,1.0,0.9926084556172541,0.986104456359712,0.978662250494183,0.970880246103582,0.958896761027412,0.9478970651725179,0.929868177062059,0.907297498591582,0.872764000590135,0.78738372736261,0.628702541635209,0.549267343866389
0.22537487947482102,0.520750086173064,0.633698457893533,0.7333191838212689,0.782819395481365,0.818408450932247,0.8356464517717449,0.8466944730324909,0.858439739409499,0.879382216866424,0.8906197338600209,0.905450833647423,0.919385172473659,0.9323346937039609,0.94338989118388,0.955061301050701,0.964391854923787,0.9737314381814269,0.984348714309333,0.9926084556172541,1.0,0.993347962177371,0.9854927334357672,0.976677409592897,0.965015551385527,0.954547546781312,0.936412821677634,0.91502458530526,0.883265560873621,0.8006428969897389,0.640220310887947,0.561052011483184
0.21207237899357104,0.508347282073133,0.6239742059413821,0.7245496651016659,0.7721401424337159,0.808563723978211,0.826540809077356,0.838316779453205,0.850639339296219,0.873578124166709,0.885129293659381,0.8983601901787551,0.910983255767107,0.9244562198708861,0.936245284943713,0.9485457681927529,0.957169232820353,0.9666695225392871,0.977325327483481,0.986104456359712,0.993347962177371,1.0,0.991935906289156,0.983042397997106,0.971728145732114,0.960081695977534,0.942870215118182,0.922445986281915,0.8890779789218399,0.8050100111720758,0.642507990898223,0.559531283270038
0.208880160340048,0.502811446296319,0.6200061075013621,0.7192389670355742,0.767295625732413,0.802052745366095,0.820304672094022,0.831595668562239,0.844125804657589,0.8664644192904369,0.877547789595173,0.8924487380070228,0.904765256250095,0.917358525501266,0.928461588518705,0.9403113129056869,0.948192586534872,0.9588486595161049,0.969228669148845,0.978662250494183,0.9854927334357672,0.991935906289156,1.0,0.9919314856067429,0.979854460212912,0.968791306478849,0.95232696008537,0.932161273168412,0.8977296426034459,0.8103021137921329,0.6538787125835329,0.560988475559951
0.203842738303152,0.492232525357822,0.610776077932241,0.708971770546604,0.7556662399648321,0.7906813556353108,0.808881702581235,0.81946088635363,0.832041022933872,0.8563541157505441,0.868702719961185,0.8853991446272309,0.8985052430790441,0.91084044457535,0.922501197783461,0.9341189817864771,0.9423092437346802,0.951633223282459,0.9613994820072621,0.970880246103582,0.976677409592897,0.983042397997106,0.9919314856067429,1.0,0.990381949423125,0.9782277530479799,0.9629891367821221,0.943515124410961,0.9088209735598309,0.821486525462291,0.658034456007648,0.573315687283596
0.196832384093327,0.477311104884654,0.5938621849114161,0.6960307282397621,0.74118471357131,0.776828006092477,0.7944500965460121,0.8057347145706379,0.8187494969991671,0.8443193646514631,0.857053163598234,0.8743012203468391,0.886389092650334,0.8989911355473629,0.9103339166806992,0.921557215744527,0.9311770759205671,0.9408322339410691,0.9495535078731221,0.958896761027412,0.965015551385527,0.971728145732114,0.979854460212912,0.990381949423125,1.0,0.988923186151239,0.9741645215049781,0.9557566587273579,0.920510242493961,0.832484154884508,0.674466876554779,0.589891175768193
0.17805622199627102,0.4534657621422079,0.5730460330726059,0.6761480985572879,0.7210670342963101,0.7600462933345659,0.77807604273223,0.790216331023599,0.8025199854669302,0.8297623912894849,0.8429845428324029,0.861298125896364,0.8734877705523508,0.8854739674726891,0.89596742034783,0.9076799680780941,0.917736162626795,0.9301414624544599,0.938620736432962,0.9478970651725179,0.954547546781312,0.960081695977534,0.968791306478849,0.9782277530479799,0.988923186151239,1.0,0.9872054417846831,0.969651825678227,0.937388455468516,0.847954146266633,0.6918763218866659,0.609440303790886
0.166209282609582,0.43921803874532,0.5613718367934251,0.6649721043860749,0.7063745323400721,0.743500809492648,0.759926130075542,0.775126886588575,0.7875247811323429,0.8158609201709391,0.8293621808628591,0.8465716526727579,0.8586698606491241,0.870535990095038,0.879638604270768,0.8912006577237429,0.9010241110452158,0.913388904620962,0.9205625958736079,0.929868177062059,0.936412821677634,0.942870215118182,0.95232696008537,0.9629891367821221,0.9741645215049781,0.9872054417846831,1.0,0.9831005669176179,0.95046108144556,0.859461405071277,0.7052962743303309,0.6204412232338311
0.14993512418514998,0.42270527971117794,0.538445715612951,0.641132538045322,0.680762777480464,0.718627521444803,0.735298037701814,0.7508078378360029,0.760720481119872,0.789951526409725,0.8065066378532858,0.82296662630512,0.8354550546943341,0.84846996054119,0.8575749056252671,0.8687207968442829,0.877793414081069,0.891160007334149,0.898411363466687,0.907297498591582,0.91502458530526,0.922445986281915,0.932161273168412,0.943515124410961,0.9557566587273579,0.969651825678227,0.9831005669176179,1.0,0.969190242587345,0.884671861907087,0.7306571545531272,0.640753427494059
0.126479983873214,0.389170594862735,0.506612190137336,0.601859831963143,0.6444055120736271,0.6773868394159921,0.692770479497328,0.7070592852066679,0.7152145858346359,0.746862592602912,0.766794767028466,0.7871666371184559,0.803250262559896,0.815023638222211,0.822718761050319,0.833787298567686,0.8454374775058271,0.856905715163376,0.8667197082844742,0.872764000590135,0.883265560873621,0.8890779789218399,0.8977296426034459,0.9088209735598309,0.920510242493961,0.937388455468516,0.95046108144556,0.969190242587345,1.0,0.924130201459174,0.7652798946348051,0.655364075135922
0.0772817395483801,0.311574899056941,0.416719623532348,0.5013330498609121,0.538165819421349,0.574157425385856,0.588629744566345,0.603040735553621,0.6074647591710379,0.642139523666438,0.6730251785035171,0.6963984724904129,0.7132068402667808,0.7266129264164128,0.7365179658583921,0.745867536432547,0.75439630347884,0.7688583818001491,0.7804935398480759,0.78738372736261,0.8006428969897389,0.8050100111720758,0.8103021137921329,0.821486525462291,0.832484154884508,0.847954146266633,0.859461405071277,0.884671861907087,0.924130201459174,1.0,0.8204760158133979,0.6993810133228211
0.0452465714206628,0.232527912544155,0.313461598557665,0.376565210092051,0.401082748560828,0.421965696460378,0.43893738462700704,0.455526441217979,0.45581656236213297,0.48493223376855893,0.510767816534695,0.528771887559493,0.545390048054654,0.5624161296285749,0.57361660285008,0.5789280872270971,0.591003347980549,0.609171755120842,0.61837050469045,0.628702541635209,0.640220310887947,0.642507990898223,0.6538787125835329,0.658034456007648,0.674466876554779,0.6918763218866659,0.7052962743303309,0.7306571545531272,0.7652798946348051,0.8204760158133979,1.0,0.650808373121664
0.00666973333677962,0.14713163567868698,0.22915985337142397,0.30517520093537,0.34935046614604,0.372541515607645,0.391785712431734,0.399542803731808,0.39305069131856,0.42827688012420295,0.45109464845123,0.46605376637130796,0.482691282668018,0.500980703405224,0.510752127977967,0.5117199209828661,0.51407549339111,0.5324380526562009,0.536946870753645,0.549267343866389,0.561052011483184,0.559531283270038,0.560988475559951,0.573315687283596,0.589891175768193,0.609440303790886,0.6204412232338311,0.640753427494059,0.655364075135922,0.6993810133228211,0.650808373121664,1.0
