1.0,0.798715588587797,0.7343939375554399,0.710948735073622,0.6887502983894069,0.6697794924789661,0.663716171853963,0.648265642576227,0.640321508308593,0.634889293051124,0.6226266892412661,0.621603411323096,0.615339444423104,0.60110232712059,0.5917553403388871,0.587263499132144,0.5813095892996349,0.573944946805624,0.573343632112177,0.567913891795305,0.56294123236387,0.559314281613176,0.547031297410996,0.540406205926678,0.53389173465523,0.513038898078125,0.495625503459862,0.469685199570195,0.39880024194200003,0.262782484916184,0.18569964719596901,0.00481974727832123
0.798715588587797,1.0,0.9527209231287549,0.9234112319206741,0.908658912132763,0.887619889673333,0.879978306020058,0.8679712219783771,0.8597915533663041,0.8561860034361541,0.8463257503845408,0.842304735094793,0.8371125133441579,0.826385177432799,0.820300202916152,0.8140372895116741,0.8085422174275071,0.80101273744435,0.797508550595903,0.787341667932996,0.780959651193259,0.773062835755413,0.7614009402966521,0.749100293914271,0.738467073267803,0.715946299764662,0.691246805028818,0.6464630083057,0.546641892431238,0.38916778765986504,0.26639066779966003,0.0539249601068063
0.7343939375554399,0.9527209231287549,1.0,0.968282567566045,0.95074749944163,0.931848654192467,0.923683976545831,0.914237265728015,0.90584872868617,0.902920647196226,0.895245202745225,0.889473032495372,0.8861647612399609,0.878056183645329,0.8711680096711129,0.8654271087106559,0.86022240470804,0.8542931243266949,0.850760570185294,0.842695085135597,0.835227108212768,0.8285048486824951,0.8179704536105141,0.8070683805928319,0.794395627392855,0.7739165744575359,0.745360013903698,0.696718735122509,0.5909860017709829,0.42530095386855604,0.296279950713759,0.0807035273705397
0.710948735073622,0.9234112319206741,0.968282567566045,1.0,0.982970091210056,0.9660964088337048,0.957564303560756,0.946547124825614,0.9368969471596751,0.933386755843372,0.9258852434038749,0.9198398853532049,0.916494060434601,0.9091414844209559,0.902802008697919,0.897964082460293,0.892270000772993,0.887532956543657,0.8847329165937309,0.878361580455202,0.8705128408945491,0.8642683707871759,0.8561078900311271,0.845283126098823,0.8339730809402791,0.8151486425460022,0.787658127787486,0.739302215498465,0.625723896109835,0.46157680006158597,0.323265705632418,0.104096729832379
0.6887502983894069,0.908658912132763,0.95074749944163,0.982970091210056,1.0,0.987965815288658,0.9774318816675641,0.9661549067451981,0.9554158648829,0.9493139602910949,0.940654271979121,0.9344447621186271,0.9304329572077459,0.9237206386707759,0.9175094673656541,0.913226800013189,0.9075548496439971,0.9022216218900571,0.8987322555581041,0.892576940225376,0.8864024923728159,0.879994664915438,0.8727700862667859,0.8611737001398149,0.851394156621083,0.8318228553828299,0.806957740960012,0.7573043433752471,0.642236164645599,0.47884843768870794,0.342690109289609,0.11721040619967
0.6697794924789661,0.887619889673333,0.931848654192467,0.9660964088337048,0.987965815288658,1.0,0.9893376639957191,0.978216285902806,0.9677951262245379,0.961477527656822,0.9528041024030429,0.945781733411158,0.9408271586123441,0.935100953302635,0.929356566818216,0.924545437435398,0.919472355338473,0.915159620769129,0.911348806491155,0.905103772483168,0.8996408678497819,0.893308105153631,0.886181481658943,0.8751081990307359,0.866307727442692,0.847474090560646,0.824969358178701,0.7755041397623579,0.659847395989389,0.4934009637320779,0.357136064754465,0.13532904511514002
0.663716171853963,0.879978306020058,0.923683976545831,0.957564303560756,0.9774318816675641,0.9893376639957191,1.0,0.990649141533691,0.980388742261974,0.9729073253669581,0.963870200302046,0.9575614487255,0.9519543672097571,0.9460125197184001,0.9401435624538951,0.9360443615516431,0.9309073240827009,0.925933659023761,0.922554632650567,0.9161409673236841,0.9096884889002779,0.9027378202518029,0.894676337464274,0.882340310822981,0.872781660101029,0.8554815304351769,0.832477647231824,0.7837439468633841,0.6663758621086121,0.49876714080131895,0.36073366463353,0.13321647636689402
0.648265642576227,0.8679712219783771,0.914237265728015,0.946547124825614,0.9661549067451981,0.978216285902806,0.990649141533691,1.0,0.9914138346935729,0.983302230008755,0.9749101231619279,0.967894380374191,0.962406587159362,0.9550781898240301,0.949091111367991,0.944043511023256,0.939514824441631,0.9349505621869509,0.9315010708019,0.925753651736501,0.9195079827392181,0.9124256318801222,0.9047382227849591,0.8937330071185992,0.8839392274431209,0.8693933981239359,0.8462191454375508,0.7978213196614459,0.6778652841064781,0.508469434555399,0.37229584519201897,0.13823259176054598
0.640321508308593,0.8597915533663041,0.90584872868617,0.9368969471596751,0.9554158648829,0.9677951262245379,0.980388742261974,0.9914138346935729,1.0,0.993605819819226,0.9852308800519008,0.977453652519686,0.971577743496602,0.963742118822205,0.9574826132244859,0.9518188388922959,0.9463819415330741,0.9414119662085999,0.9383352482344821,0.9322516737543471,0.926073916291888,0.9189575616012908,0.9121167934453341,0.901849187961413,0.892867131127775,0.8816437374944709,0.8592782433900792,0.812109409837932,0.6953566445392451,0.5244838402916571,0.385471771404431,0.15347615304081197
0.634889293051124,0.8561860034361541,0.902920647196226,0.933386755843372,0.9493139602910949,0.961477527656822,0.9729073253669581,0.983302230008755,0.993605819819226,1.0,0.9933428628751941,0.985148119416053,0.978574560455592,0.9703056842170991,0.964128550848522,0.9576688065982242,0.951931496302328,0.9469142672561001,0.9441058559260459,0.9383630049725409,0.932381410900121,0.9255193695485121,0.9191141408422191,0.9089135538002041,0.899851266193019,0.889780973093275,0.867664452551187,0.822714113885863,0.7065855488636079,0.5334236332247659,0.391617780424313,0.157774694382689
0.6226266892412661,0.8463257503845408,0.895245202745225,0.9258852434038749,0.940654271979121,0.9528041024030429,0.963870200302046,0.9749101231619279,0.9852308800519008,0.9933428628751941,1.0,0.99386619254567,0.988253350541095,0.980165423540891,0.9740872411537559,0.9670812059572309,0.961268746987974,0.956417775623126,0.953049630990289,0.9479042382473521,0.942075431045292,0.9347117667745509,0.9287269859999501,0.919638024196336,0.9118089622731629,0.901868852984698,0.8792655918025141,0.8352975039412489,0.7187296200941329,0.545471226067949,0.401961698085399,0.168522482614751
0.621603411323096,0.842304735094793,0.889473032495372,0.9198398853532049,0.9344447621186271,0.945781733411158,0.9575614487255,0.967894380374191,0.977453652519686,0.985148119416053,0.99386619254567,1.0,0.9961338843242571,0.988754412839735,0.98230686791153,0.975510675899725,0.9695442150683421,0.963922852233237,0.95993416324272,0.953999565511702,0.9479488475275379,0.9402387317185791,0.9348210694322209,0.926090916439655,0.9182186007968879,0.908046450648008,0.88492302394395,0.8403531198763171,0.721654101241777,0.5471272908129989,0.405751993333757,0.168854190449014
0.615339444423104,0.8371125133441579,0.8861647612399609,0.916494060434601,0.9304329572077459,0.9408271586123441,0.9519543672097571,0.962406587159362,0.971577743496602,0.978574560455592,0.988253350541095,0.9961338843242571,1.0,0.994505946481075,0.988175627006656,0.981987403421082,0.976477269443187,0.971221036303259,0.967154330567673,0.96189791853017,0.9554965894417671,0.947548206653929,0.942071519740307,0.9330447811799879,0.925926609859111,0.9153813928597819,0.8925351180757042,0.849856443836091,0.731068957602825,0.553688733484862,0.414818495073395,0.18339483146547697
0.60110232712059,0.826385177432799,0.878056183645329,0.9091414844209559,0.9237206386707759,0.935100953302635,0.9460125197184001,0.9550781898240301,0.963742118822205,0.9703056842170991,0.980165423540891,0.988754412839735,0.994505946481075,1.0,0.994958209932577,0.989646146383801,0.9843914316553249,0.979107118598231,0.974009024902832,0.9690348823567109,0.9625044813683309,0.9544660619791908,0.948662116704954,0.9394364881253541,0.932285408629006,0.9218075129777621,0.8992878528329129,0.856756813889211,0.7390002472312701,0.561310200711308,0.426662699974573,0.194853492805693
0.5917553403388871,0.820300202916152,0.8711680096711129,0.902802008697919,0.9175094673656541,0.929356566818216,0.9401435624538951,0.949091111367991,0.9574826132244859,0.964128550848522,0.9740872411537559,0.98230686791153,0.988175627006656,0.994958209932577,1.0,0.995819486973707,0.990438717130619,0.984971428667463,0.979287467163836,0.9745156075914458,0.967676456344534,0.9598011801492099,0.9535401039102791,0.94369814939678,0.935814531990986,0.9242885525384499,0.901750675898956,0.858769703097543,0.7406898383788479,0.5657735117505172,0.42991378588139706,0.198603621836094
0.587263499132144,0.8140372895116741,0.8654271087106559,0.897964082460293,0.913226800013189,0.924545437435398,0.9360443615516431,0.944043511023256,0.9518188388922959,0.9576688065982242,0.9670812059572309,0.975510675899725,0.981987403421082,0.989646146383801,0.995819486973707,1.0,0.9957973809289709,0.990634261477284,0.985034632104804,0.979697643454423,0.9729120087280602,0.965130089751668,0.958285567723563,0.9479716964620981,0.940652881261235,0.928459194659649,0.9061020267766279,0.86460896930459,0.749401895483785,0.576156531881631,0.43754028763911107,0.20190216374872502
0.5813095892996349,0.8085422174275071,0.86022240470804,0.892270000772993,0.9075548496439971,0.919472355338473,0.9309073240827009,0.939514824441631,0.9463819415330741,0.951931496302328,0.961268746987974,0.9695442150683421,0.976477269443187,0.9843914316553249,0.990438717130619,0.9957973809289709,1.0,0.99591623469916,0.990365713268902,0.984697795033582,0.9787347590597341,0.9711769578510471,0.9647038358933809,0.954382957589946,0.9469845334220242,0.9348713402787461,0.9127821988512289,0.8707827456807099,0.754151905145621,0.580801931103002,0.44488348094701796,0.207646282180841
0.573944946805624,0.80101273744435,0.8542931243266949,0.887532956543657,0.9022216218900571,0.915159620769129,0.925933659023761,0.9349505621869509,0.9414119662085999,0.9469142672561001,0.956417775623126,0.963922852233237,0.971221036303259,0.979107118598231,0.984971428667463,0.990634261477284,0.99591623469916,1.0,0.9954889283618841,0.9898070733439108,0.984059553732768,0.9772296556360871,0.970501636262068,0.959939477229038,0.952974655115675,0.9411251308132601,0.9179564506345992,0.877671943001067,0.7613774094507358,0.585522646104168,0.451222981236514,0.216634842206145
0.573343632112177,0.797508550595903,0.850760570185294,0.8847329165937309,0.8987322555581041,0.911348806491155,0.922554632650567,0.9315010708019,0.9383352482344821,0.9441058559260459,0.953049630990289,0.95993416324272,0.967154330567673,0.974009024902832,0.979287467163836,0.985034632104804,0.990365713268902,0.9954889283618841,1.0,0.995478402982938,0.990035413366114,0.9833945110187359,0.97684849722763,0.9667131914954409,0.959015472827343,0.947002686845112,0.9242176460679309,0.884950633610577,0.7676621020496189,0.592391465325121,0.457373819477738,0.22457423315356895
0.567913891795305,0.787341667932996,0.842695085135597,0.878361580455202,0.892576940225376,0.905103772483168,0.9161409673236841,0.925753651736501,0.9322516737543471,0.9383630049725409,0.9479042382473521,0.953999565511702,0.96189791853017,0.9690348823567109,0.9745156075914458,0.979697643454423,0.984697795033582,0.9898070733439108,0.995478402982938,1.0,0.995579769663003,0.9885841575994959,0.9820951438145401,0.972357760380191,0.965026178396583,0.9528814931679571,0.9303497655415259,0.89200746166826,0.774114490225539,0.6011991950525749,0.466476217941309,0.23138359037234602
0.56294123236387,0.780959651193259,0.835227108212768,0.8705128408945491,0.8864024923728159,0.8996408678497819,0.9096884889002779,0.9195079827392181,0.926073916291888,0.932381410900121,0.942075431045292,0.9479488475275379,0.9554965894417671,0.9625044813683309,0.967676456344534,0.9729120087280602,0.9787347590597341,0.984059553732768,0.990035413366114,0.995579769663003,1.0,0.9942941324908741,0.987997419860948,0.978422720044074,0.970385970448919,0.9583526225085309,0.9349918461108659,0.896047026506375,0.779484270970537,0.605963194801041,0.475393960836734,0.23197304191082702
0.559314281613176,0.773062835755413,0.8285048486824951,0.8642683707871759,0.879994664915438,0.893308105153631,0.9027378202518029,0.9124256318801222,0.9189575616012908,0.9255193695485121,0.9347117667745509,0.9402387317185791,0.947548206653929,0.9544660619791908,0.9598011801492099,0.965130089751668,0.9711769578510471,0.9772296556360871,0.9833945110187359,0.9885841575994959,0.9942941324908741,1.0,0.993839169351477,0.985297307345332,0.9770121007618959,0.964657848342892,0.9432710316831591,0.9066738528223058,0.7919108623364369,0.622497782096793,0.490806661320405,0.23620412248102698
0.547031297410996,0.7614009402966521,0.8179704536105141,0.8561078900311271,0.8727700862667859,0.886181481658943,0.894676337464274,0.9047382227849591,0.9121167934453341,0.9191141408422191,0.9287269859999501,0.9348210694322209,0.942071519740307,0.948662116704954,0.9535401039102791,0.958285567723563,0.9647038358933809,0.970501636262068,0.97684849722763,0.9820951438145401,0.987997419860948,0.993839169351477,1.0,0.993334812761524,0.984391860804178,0.972124634491934,0.9496973814152371,0.9115579845885259,0.79411143476321,0.624499151532268,0.493918785162512,0.25199705575937803
0.540406205926678,0.749100293914271,0.8070683805928319,0.845283126098823,0.8611737001398149,0.8751081990307359,0.882340310822981,0.8937330071185992,0.901849187961413,0.9089135538002041,0.919638024196336,0.926090916439655,0.9330447811799879,0.9394364881253541,0.94369814939678,0.9479716964620981,0.954382957589946,0.959939477229038,0.9667131914954409,0.972357760380191,0.978422720044074,0.985297307345332,0.993334812761524,1.0,0.991838414449501,0.979759837567201,0.956319181679166,0.9168920282162679,0.7984494181024822,0.634055387456141,0.502351688511262,0.262497342364781
0.53389173465523,0.738467073267803,0.794395627392855,0.8339730809402791,0.851394156621083,0.866307727442692,0.872781660101029,0.8839392274431209,0.892867131127775,0.899851266193019,0.9118089622731629,0.9182186007968879,0.925926609859111,0.932285408629006,0.935814531990986,0.940652881261235,0.9469845334220242,0.952974655115675,0.959015472827343,0.965026178396583,0.970385970448919,0.9770121007618959,0.984391860804178,0.991838414449501,1.0,0.988996113061966,0.9666982756166109,0.930526109457715,0.814866801006558,0.6575676790626639,0.5252929012841401,0.275213786590632
0.513038898078125,0.715946299764662,0.7739165744575359,0.8151486425460022,0.8318228553828299,0.847474090560646,0.8554815304351769,0.8693933981239359,0.8816437374944709,0.889780973093275,0.901868852984698,0.908046450648008,0.9153813928597819,0.9218075129777621,0.9242885525384499,0.928459194659649,0.9348713402787461,0.9411251308132601,0.947002686845112,0.9528814931679571,0.9583526225085309,0.964657848342892,0.972124634491934,0.979759837567201,0.988996113061966,1.0,0.9825291088309559,0.9490334284448839,0.8414418864508181,0.6913265448129859,0.5598654922087011,0.29221314927461495
0.495625503459862,0.691246805028818,0.745360013903698,0.787658127787486,0.806957740960012,0.824969358178701,0.832477647231824,0.8462191454375508,0.8592782433900792,0.867664452551187,0.8792655918025141,0.88492302394395,0.8925351180757042,0.8992878528329129,0.901750675898956,0.9061020267766279,0.9127821988512289,0.9179564506345992,0.9242176460679309,0.9303497655415259,0.9349918461108659,0.9432710316831591,0.9496973814152371,0.956319181679166,0.9666982756166109,0.9825291088309559,1.0,0.972582567720588,0.882398672138588,0.742432310876262,0.604538626562196,0.314445438443011
0.469685199570195,0.6464630083057,0.696718735122509,0.739302215498465,0.7573043433752471,0.7755041397623579,0.7837439468633841,0.7978213196614459,0.812109409837932,0.822714113885863,0.8352975039412489,0.8403531198763171,0.849856443836091,0.856756813889211,0.858769703097543,0.86460896930459,0.8707827456807099,0.877671943001067,0.884950633610577,0.89200746166826,0.896047026506375,0.9066738528223058,0.9115579845885259,0.9168920282162679,0.930526109457715,0.9490334284448839,0.972582567720588,1.0,0.9360435686849509,0.8011514179668209,0.6542900646199089,0.348973413738098
0.39880024194200003,0.546641892431238,0.5909860017709829,0.625723896109835,0.642236164645599,0.659847395989389,0.6663758621086121,0.6778652841064781,0.6953566445392451,0.7065855488636079,0.7187296200941329,0.721654101241777,0.731068957602825,0.7390002472312701,0.7406898383788479,0.749401895483785,0.754151905145621,0.7613774094507358,0.7676621020496189,0.774114490225539,0.779484270970537,0.7919108623364369,0.79411143476321,0.7984494181024822,0.814866801006558,0.8414418864508181,0.882398672138588,0.9360435686849509,1.0,0.9029040092798771,0.71807772235701,0.366798014848964
0.262782484916184,0.38916778765986504,0.42530095386855604,0.46157680006158597,0.47884843768870794,0.4934009637320779,0.49876714080131895,0.508469434555399,0.5244838402916571,0.5334236332247659,0.545471226067949,0.5471272908129989,0.553688733484862,0.561310200711308,0.5657735117505172,0.576156531881631,0.580801931103002,0.585522646104168,0.592391465325121,0.6011991950525749,0.605963194801041,0.622497782096793,0.624499151532268,0.634055387456141,0.6575676790626639,0.6913265448129859,0.742432310876262,0.8011514179668209,0.9029040092798771,1.0,0.7858110291182941,0.395506344781727
0.18569964719596901,0.26639066779966003,0.296279950713759,0.323265705632418,0.342690109289609,0.357136064754465,0.36073366463353,0.37229584519201897,0.385471771404431,0.391617780424313,0.401961698085399,0.405751993333757,0.414818495073395,0.426662699974573,0.42991378588139706,0.43754028763911107,0.44488348094701796,0.451222981236514,0.457373819477738,0.466476217941309,0.475393960836734,0.490806661320405,0.493918785162512,0.502351688511262,0.5252929012841401,0.5598654922087011,0.604538626562196,0.6542900646199089,0.71807772235701,0.7858110291182941,1.0,0.5216286706100071
0.00481974727832123,0.0539249601068063,0.0807035273705397,0.104096729832379,0.11721040619967,0.13532904511514002,0.13321647636689402,0.13823259176054598,0.15347615304081197,0.157774694382689,0.168522482614751,0.168854190449014,0.18339483146547697,0.194853492805693,0.198603621836094,0.20190216374872502,0.207646282180841,0.216634842206145,0.22457423315356895,0.23138359037234602,0.23197304191082702,0.23620412248102698,0.25199705575937803,0.262497342364781,0.275213786590632,0.29221314927461495,0.314445438443011,0.348973413738098,0.366798014848964,0.395506344781727,0.5216286706100071,1.0
