1.0,0.997862223760308,0.988331159389043,0.962772825335428,0.9027267074898242,0.7734638105986229,0.536010148309391,0.5297733213929551,0.5185463574898039,0.498734032456637,0.47090329764079397,0.436733716794609,0.39857066389187,0.38506837576358705,0.37529611543709496,0.35763502139497794,0.33619698113178803,0.31401448001647697,0.29282991500566996,0.258427446739696,0.19523079138776198,0.15443153515136,0.12925969028377,0.11272161230035001,0.10116358425756199,0.0932262468364348,0.11697128793375698,0.12128814883454099,0.12157241324177198,0.12102125561422698,0.12034270643810199,0.119706509959018
0.997862223760308,1.0,0.996172889320802,0.978380255027798,0.928912580105942,0.81323353764873,0.590035827109106,0.583560642971293,0.571150820358119,0.549283307360661,0.518584711739863,0.48090701329321994,0.438835004146912,0.423179789124225,0.411353430736045,0.391010263366123,0.36668948266337204,0.34170947895183695,0.317957209633406,0.281303772516114,0.21469246373516102,0.171281709055956,0.14440564267022798,0.12671618516622,0.11433992378658099,0.10581408953821801,0.12937240949252699,0.13281646226931001,0.132426732133274,0.13139608646026102,0.130369158586143,0.12947128806062
0.988331159389043,0.996172889320802,1.0,0.9927124025651001,0.9577233951855559,0.860985249142289,0.658346212389922,0.651595537019098,0.637686699988246,0.61321673056978,0.5788878330887521,0.5367701987699139,0.48975154196498205,0.471321614773246,0.45682712011829496,0.433032889605473,0.40501926302418395,0.37646482070701204,0.34943724273086896,0.310018368333974,0.23928558226260602,0.192672388624832,0.163696746840952,0.144585676972567,0.131197837281534,0.121941936106396,0.14509301336309902,0.147346719603893,0.146058175527579,0.14439313983333,0.142907146507685,0.141665308927999
0.962772825335428,0.978380255027798,0.9927124025651001,1.0,0.985412804870123,0.9160045155450749,0.744256372763014,0.737210685317057,0.7214098617009,0.6936592464377479,0.654756448661967,0.607046504504803,0.55379849523805,0.531774539613698,0.513783510755476,0.4855301429139,0.45277703852542206,0.41965316521267204,0.388449392560514,0.345712985770055,0.270186484244288,0.21974364050066397,0.18823730109967604,0.167406323023206,0.152791994698215,0.142645819364793,0.164944544215919,0.165528765463529,0.16301718715749802,0.16049841729945702,0.158398165919188,0.156697692537534
0.9027267074898242,0.928912580105942,0.9577233951855559,0.985412804870123,1.0,0.970913779373278,0.8470626971184141,0.8397756809728341,0.821696095024659,0.7900029460492779,0.745608730516895,0.691188279493239,0.630467910687609,0.603916389690843,0.581435142806228,0.547587481140128,0.508956133397746,0.47020338143882295,0.43387828952443197,0.38752008559286294,0.30710289504555105,0.25250676708207603,0.218210410055733,0.19546882304442398,0.179486031366131,0.168335033336082,0.18887529995951,0.18708733654960502,0.182911071861044,0.17924932081005301,0.17633386464641798,0.17402801055119102
0.7734638105986229,0.81323353764873,0.860985249142289,0.9160045155450749,0.970913779373278,1.0,0.949679884724471,0.9424148431384691,0.9220261565662271,0.8863584876350609,0.8364407007827759,0.7752789227750799,0.707057902390472,0.675453703399487,0.647770400286652,0.607731225112792,0.562746186862156,0.517996600716939,0.476268330732345,0.42711437410416997,0.34380584996765395,0.286074890963234,0.249554642549749,0.225253191017896,0.20813798693134603,0.196126485123031,0.213173776399148,0.20813706314468,0.20182591607608802,0.19673775006931898,0.19282000768070198,0.18977682903234
0.536010148309391,0.590035827109106,0.658346212389922,0.744256372763014,0.8470626971184141,0.949679884724471,1.0,0.9934057230168921,0.9717980292297299,0.934082862839851,0.88135039960543,0.816774514407945,0.7447698672104379,0.709348629579648,0.6773063781863001,0.63270574225375,0.5833841526718799,0.5347440484776911,0.48963488684067397,0.441167292979987,0.36143835837488003,0.304708135396495,0.268505909494283,0.244311377479453,0.227227232549496,0.21515148329964898,0.22612277262156502,0.21728113466425603,0.208734849926726,0.20223028938394,0.197347567515603,0.193608747052453
0.5297733213929551,0.583560642971293,0.651595537019098,0.737210685317057,0.8397756809728341,0.9424148431384691,0.9934057230168921,1.0,0.9924228256402309,0.9688510255538051,0.929691578424712,0.8775158209988481,0.81634087810562,0.784252183709549,0.7504614420819821,0.7025563515517199,0.649171335504159,0.596300707786074,0.547136767731525,0.497537765548552,0.415107050318942,0.35456285652464703,0.315534576574937,0.28932214306001003,0.2707587646268,0.25750373523939,0.26011907066626394,0.24502532092678603,0.232588829195126,0.22354842053334198,0.216908767991893,0.211889193484423
0.5185463574898039,0.571150820358119,0.637686699988246,0.7214098617009,0.821696095024659,0.9220261565662271,0.9717980292297299,0.9924228256402309,1.0,0.991937822762727,0.9679047953232909,0.9297885563313371,0.8811211572343219,0.853099544045605,0.817962159797328,0.767243646897067,0.710306106896931,0.653691283567324,0.6009132823307829,0.55078921167083,0.46657607984028204,0.40278220010709204,0.36126932817640794,0.333261058561945,0.313372667544448,0.29904073408992404,0.292740054714975,0.271205242708971,0.254802064763474,0.243188554083072,0.23477123572613898,0.228458213533581
0.498734032456637,0.549283307360661,0.61321673056978,0.6936592464377479,0.7900029460492779,0.8863584876350609,0.934082862839851,0.9688510255538051,0.991937822762727,1.0,0.9919496695213841,0.968939345571974,0.933944704631885,0.910562710017955,0.874594303624973,0.8217793417103101,0.7620817967891022,0.702504157968138,0.6468366418208821,0.596966851755732,0.512252430763912,0.44611974694011397,0.402703416574983,0.37328764466678205,0.352348429931398,0.33713334682882207,0.32173688456456606,0.293900786319925,0.273666874071463,0.259583900910102,0.249466772480928,0.241919944008703
0.47090329764079397,0.518584711739863,0.5788878330887521,0.654756448661967,0.745608730516895,0.8364407007827759,0.88135039960543,0.929691578424712,0.9679047953232909,0.9919496695213841,1.0,0.992455151625644,0.971686905134547,0.953317737422259,0.9170982461560759,0.8630390396387629,0.8015450349918221,0.739966343054028,0.682308041908001,0.63349557936718,0.549644697974361,0.48224009517937,0.43762098946397104,0.40727253382052897,0.38562052426561,0.36976800134055304,0.34553039915095096,0.31184597234704997,0.28811002958901,0.271786230521376,0.26013348890180604,0.251475311102978
0.436733716794609,0.48090701329321994,0.5367701987699139,0.607046504504803,0.691188279493239,0.7752789227750799,0.816774514407945,0.8775158209988481,0.9297885563313371,0.968939345571974,0.992455151625644,1.0,0.993324586707011,0.9800907028385,0.9441836891944592,0.8897490136719219,0.827458919787388,0.76488734649553,0.706185969614024,0.6591459818812829,0.5774174120405091,0.5098152548278371,0.464716026599312,0.43393005401208506,0.41192003043821995,0.395693493380904,0.36326752207944496,0.324437330277203,0.29767474927213,0.27943173662056603,0.266470930720443,0.256869534278869
0.39857066389187,0.438835004146912,0.48975154196498205,0.55379849523805,0.630467910687609,0.707057902390472,0.7447698672104379,0.81634087810562,0.8811211572343219,0.933944704631885,0.971686905134547,0.993324586707011,1.0,0.991779797035464,0.956661345634212,0.9026231915384101,0.840442088204257,0.7777982356831791,0.7189240482009979,0.6741995668885631,0.595593431662261,0.528736548388986,0.483806796522104,0.453033236870053,0.430989546437218,0.41463462869301,0.37495146875764007,0.33181485479526396,0.30257336096718396,0.282775980848435,0.268763035627253,0.25840648372807
0.38506837576358705,0.423179789124225,0.471321614773246,0.531774539613698,0.603916389690843,0.675453703399487,0.709348629579648,0.784252183709549,0.853099544045605,0.910562710017955,0.953317737422259,0.9800907028385,0.991779797035464,1.0,0.985532956614706,0.9490451165024529,0.901010608035706,0.849447461572638,0.799160554272737,0.7578978409123441,0.6694213784001,0.594213273056969,0.5436788544536589,0.509068888342811,0.48427808191118704,0.465834052586929,0.417789690526503,0.36784157820550606,0.334262622904533,0.311607434987113,0.295602240494015,0.28378754778499105
0.37529611543709496,0.411353430736045,0.45682712011829496,0.513783510755476,0.581435142806228,0.647770400286652,0.6773063781863001,0.7504614420819821,0.817962159797328,0.874594303624973,0.9170982461560759,0.9441836891944592,0.956661345634212,0.985532956614706,1.0,0.988726434600019,0.9614972638340642,0.9265905793488429,0.8894788229779541,0.852889743365078,0.750988916284276,0.6652830799272789,0.6078534748323149,0.5685707422032211,0.540453240233593,0.519517104856173,0.4639978559782371,0.4074621096329629,0.36960653887209105,0.344109151625806,0.32611283157138204,0.312836193785146
0.35763502139497794,0.391010263366123,0.433032889605473,0.4855301429139,0.547587481140128,0.607731225112792,0.63270574225375,0.7025563515517199,0.767243646897067,0.8217793417103101,0.8630390396387629,0.8897490136719219,0.9026231915384101,0.9490451165024529,0.988726434600019,1.0,0.9918066224659791,0.972455021854511,0.947875772572789,0.916295827822626,0.804986228337882,0.7120676344418091,0.649927820220895,0.6074617928038779,0.5770816273693871,0.55444741412565,0.49365985767772996,0.43266411277607897,0.39194090317082503,0.36454586219297797,0.34522334700202,0.33097449636612797
0.33619698113178803,0.36668948266337204,0.40501926302418395,0.45277703852542206,0.508956133397746,0.562746186862156,0.5833841526718799,0.649171335504159,0.710306106896931,0.7620817967891022,0.8015450349918221,0.827458919787388,0.840442088204257,0.901010608035706,0.9614972638340642,0.9918066224659791,1.0,0.994264255227085,0.980815195253436,0.9540713988436229,0.836717102876548,0.7392998176114359,0.674248196158389,0.629822659901588,0.5980531736091279,0.574373360092484,0.510173756133748,0.44645929901277603,0.404014847067346,0.37548873147067396,0.35537890927560606,0.34055438916275205
0.31401448001647697,0.34170947895183695,0.37646482070701204,0.41965316521267204,0.47020338143882295,0.517996600716939,0.5347440484776911,0.596300707786074,0.653691283567324,0.702504157968138,0.739966343054028,0.76488734649553,0.7777982356831791,0.849447461572638,0.9265905793488429,0.972455021854511,0.994264255227085,1.0,0.996038571400958,0.973680462150625,0.8527436325345871,0.7527870229153921,0.686116968215613,0.640610475402199,0.608077989712972,0.583821049354611,0.517573477693908,0.452385405257242,0.40903452207971996,0.379920760684866,0.359405090744579,0.344285336813777
0.29282991500566996,0.317957209633406,0.34943724273086896,0.388449392560514,0.43387828952443197,0.476268330732345,0.48963488684067397,0.547136767731525,0.6009132823307829,0.6468366418208821,0.682308041908001,0.706185969614024,0.7189240482009979,0.799160554272737,0.8894788229779541,0.947875772572789,0.980815195253436,0.996038571400958,1.0,0.981483462020832,0.8586238298116509,0.757428606735901,0.6899949913039001,0.6439870465304129,0.611104200310034,0.586579191038485,0.5192072437097629,0.453363077955089,0.409637028803827,0.38028885416688,0.35961485903295703,0.344381639446932
0.258427446739696,0.281303772516114,0.310018368333974,0.345712985770055,0.38752008559286294,0.42711437410416997,0.441167292979987,0.497537765548552,0.55078921167083,0.596966851755732,0.63349557936718,0.6591459818812829,0.6741995668885631,0.7578978409123441,0.852889743365078,0.916295827822626,0.9540713988436229,0.973680462150625,0.981483462020832,1.0,0.939370302702802,0.865883592309588,0.8126964804843628,0.7750778417079979,0.7476426002518609,0.7269048234730121,0.648930328820146,0.569700469779295,0.516671831325712,0.48096115800852396,0.455758705892744,0.43716697920715203
0.19523079138776198,0.21469246373516102,0.23928558226260602,0.270186484244288,0.30710289504555105,0.34380584996765395,0.36143835837488003,0.415107050318942,0.46657607984028204,0.512252430763912,0.549644697974361,0.5774174120405091,0.595593431662261,0.6694213784001,0.750988916284276,0.804986228337882,0.836717102876548,0.8527436325345871,0.8586238298116509,0.939370302702802,1.0,0.9849217354305941,0.963228966348862,0.9447546625896031,0.930036521624068,0.918309227569938,0.8288223966596671,0.7325999122699809,0.667501820647728,0.6234648282187559,0.592308761611251,0.5692888301090361
0.15443153515136,0.171281709055956,0.192672388624832,0.21974364050066397,0.25250676708207603,0.286074890963234,0.304708135396495,0.35456285652464703,0.40278220010709204,0.44611974694011397,0.48224009517937,0.5098152548278371,0.528736548388986,0.594213273056969,0.6652830799272789,0.7120676344418091,0.7392998176114359,0.7527870229153921,0.757428606735901,0.865883592309588,0.9849217354305941,1.0,0.9951872481964101,0.9872152171694459,0.979585178862656,0.972939359635903,0.881730963092034,0.7813296198418191,0.713115131175046,0.6668884154197939,0.6341514595754549,0.60994867944957
0.12925969028377,0.14440564267022798,0.163696746840952,0.18823730109967604,0.218210410055733,0.249554642549749,0.268505909494283,0.315534576574937,0.36126932817640794,0.402703416574983,0.43762098946397104,0.464716026599312,0.483806796522104,0.5436788544536589,0.6078534748323149,0.649927820220895,0.674248196158389,0.686116968215613,0.6899949913039001,0.8126964804843628,0.963228966348862,0.9951872481964101,1.0,0.998083156031049,0.9945698721705359,0.9908910637191479,0.8999254773893729,0.79849783336401,0.729429042130265,0.6825793012210489,0.6493840434848871,0.624834460436149
0.11272161230035001,0.12671618516622,0.144585676972567,0.167406323023206,0.19546882304442398,0.225253191017896,0.244311377479453,0.28932214306001003,0.333261058561945,0.37328764466678205,0.40727253382052897,0.43393005401208506,0.453033236870053,0.509068888342811,0.5685707422032211,0.6074617928038779,0.629822659901588,0.640610475402199,0.6439870465304129,0.7750778417079979,0.9447546625896031,0.9872152171694459,0.998083156031049,1.0,0.999104088623154,0.997317345989307,0.906955966403915,0.8053828687270319,0.7361168680100308,0.6891058564559389,0.655785683381391,0.631138751679708
0.10116358425756199,0.11433992378658099,0.131197837281534,0.152791994698215,0.179486031366131,0.20813798693134603,0.227227232549496,0.2707587646268,0.313372667544448,0.352348429931398,0.38562052426561,0.41192003043821995,0.430989546437218,0.48427808191118704,0.540453240233593,0.5770816273693871,0.5980531736091279,0.608077989712972,0.611104200310034,0.7476426002518609,0.930036521624068,0.979585178862656,0.9945698721705359,0.999104088623154,1.0,0.99951105727913,0.909762255810692,0.8083138347562391,0.739065825837552,0.692048271881662,0.6587162056189001,0.634057092387958
0.0932262468364348,0.10581408953821801,0.121941936106396,0.142645819364793,0.168335033336082,0.196126485123031,0.21515148329964898,0.25750373523939,0.29904073408992404,0.33713334682882207,0.36976800134055304,0.395693493380904,0.41463462869301,0.465834052586929,0.519517104856173,0.55444741412565,0.574373360092484,0.583821049354611,0.586579191038485,0.7269048234730121,0.918309227569938,0.972939359635903,0.9908910637191479,0.997317345989307,0.99951105727913,1.0,0.9132562690376329,0.813066358832696,0.7444246435715101,0.697748098712051,0.6646304590769261,0.6401172381183721
0.11697128793375698,0.12937240949252699,0.14509301336309902,0.164944544215919,0.18887529995951,0.213173776399148,0.22612277262156502,0.26011907066626394,0.292740054714975,0.32173688456456606,0.34553039915095096,0.36326752207944496,0.37495146875764007,0.417789690526503,0.4639978559782371,0.49365985767772996,0.510173756133748,0.517573477693908,0.5192072437097629,0.648930328820146,0.8288223966596671,0.881730963092034,0.8999254773893729,0.906955966403915,0.909762255810692,0.9132562690376329,1.0,0.979706010897353,0.951864446763114,0.9290506975089828,0.911365107022022,0.8975761283247792
0.12128814883454099,0.13281646226931001,0.147346719603893,0.165528765463529,0.18708733654960502,0.20813706314468,0.21728113466425603,0.24502532092678603,0.271205242708971,0.293900786319925,0.31184597234704997,0.324437330277203,0.33181485479526396,0.36784157820550606,0.4074621096329629,0.43266411277607897,0.44645929901277603,0.452385405257242,0.453363077955089,0.569700469779295,0.7325999122699809,0.7813296198418191,0.79849783336401,0.8053828687270319,0.8083138347562391,0.813066358832696,0.979706010897353,1.0,0.9939859995520569,0.98434976146436,0.9753706908463059,0.9677265377180259
0.12157241324177198,0.132426732133274,0.146058175527579,0.16301718715749802,0.182911071861044,0.20182591607608802,0.208734849926726,0.232588829195126,0.254802064763474,0.273666874071463,0.28811002958901,0.29767474927213,0.30257336096718396,0.334262622904533,0.36960653887209105,0.39194090317082503,0.404014847067346,0.40903452207971996,0.409637028803827,0.516671831325712,0.667501820647728,0.713115131175046,0.729429042130265,0.7361168680100308,0.739065825837552,0.7444246435715101,0.951864446763114,0.9939859995520569,1.0,0.9977278846961289,0.993659041126184,0.9895027439387891
0.12102125561422698,0.13139608646026102,0.14439313983333,0.16049841729945702,0.17924932081005301,0.19673775006931898,0.20223028938394,0.22354842053334198,0.243188554083072,0.259583900910102,0.271786230521376,0.27943173662056603,0.282775980848435,0.311607434987113,0.344109151625806,0.36454586219297797,0.37548873147067396,0.379920760684866,0.38028885416688,0.48096115800852396,0.6234648282187559,0.6668884154197939,0.6825793012210489,0.6891058564559389,0.692048271881662,0.697748098712051,0.9290506975089828,0.98434976146436,0.9977278846961289,1.0,0.9989763964153241,0.9969907699470558
0.12034270643810199,0.130369158586143,0.142907146507685,0.158398165919188,0.17633386464641798,0.19282000768070198,0.197347567515603,0.216908767991893,0.23477123572613898,0.249466772480928,0.26013348890180604,0.266470930720443,0.268763035627253,0.295602240494015,0.32611283157138204,0.34522334700202,0.35537890927560606,0.359405090744579,0.35961485903295703,0.455758705892744,0.592308761611251,0.6341514595754549,0.6493840434848871,0.655785683381391,0.6587162056189001,0.6646304590769261,0.911365107022022,0.9753706908463059,0.993659041126184,0.9989763964153241,1.0,0.9994768403847579
0.119706509959018,0.12947128806062,0.141665308927999,0.156697692537534,0.17402801055119102,0.18977682903234,0.193608747052453,0.211889193484423,0.228458213533581,0.241919944008703,0.251475311102978,0.256869534278869,0.25840648372807,0.28378754778499105,0.312836193785146,0.33097449636612797,0.34055438916275205,0.344285336813777,0.344381639446932,0.43716697920715203,0.5692888301090361,0.60994867944957,0.624834460436149,0.631138751679708,0.634057092387958,0.6401172381183721,0.8975761283247792,0.9677265377180259,0.9895027439387891,0.9969907699470558,0.9994768403847579,1.0
