1.0,0.8760961758663208,0.763478943918187,0.671939306419027,0.631186031847089,0.5946788146596971,0.560918919991429,0.531819139815868,0.49285754958553396,0.466790196127738,0.442762599253873,0.414677002826579,0.401824811833829,0.36943546753296397,0.304750396737888,0.249501088134904,0.21303517044490602,0.181752826527998,0.13555328305157802,0.113652277196657,0.109224838175566,0.101420561381952,0.0953124563753153,0.0930019252773373,0.0901902069927209,0.0867520491300974,0.08340013187321901,0.0756553150980275,0.063117865541417,0.0540908924096032,0.0337243288528371,0.00451732329404412
0.8760961758663208,1.0,0.96055458950832,0.83666563665242,0.792624545005424,0.748137325740878,0.701073201714984,0.6756174437851601,0.635343373362527,0.6062143723251769,0.584671558200579,0.5563879329142579,0.539658466541848,0.49009185899406893,0.39651473240427504,0.320149201812245,0.27244135501327804,0.233925085167318,0.172206029839469,0.143014365603263,0.136837101168654,0.125612014764718,0.116099015737767,0.109533853019688,0.10601052484195098,0.103598130867555,0.10461031422818301,0.0972165592993694,0.0810438911271836,0.07225780258956001,0.05012983907905901,0.0064901779851263604
0.763478943918187,0.96055458950832,1.0,0.944397783527325,0.8998534487702021,0.851027311748109,0.795339101083246,0.770734546222456,0.727699655318617,0.694352790293479,0.6737935800319971,0.645271620087359,0.626279939005952,0.5710820817824019,0.465006360179748,0.37902840081803,0.323869172618286,0.27782324614707804,0.19982221568230604,0.16407531923896598,0.15799765862538098,0.145021765355742,0.134018787092296,0.12730363738972802,0.12265348071012801,0.11861020868507599,0.12132943333909697,0.1135288854327,0.0947969046379068,0.0891271245168638,0.06800369323077,0.0217191234918275
0.671939306419027,0.83666563665242,0.944397783527325,1.0,0.965644746112979,0.91919563719117,0.8575676527305129,0.8318678868316709,0.785059367873721,0.746666426916905,0.726078491788014,0.697441140736482,0.67778763458326,0.6237669520631619,0.5149706115878541,0.42604347598233094,0.36638038967230796,0.313899670241194,0.221638603770395,0.180523269897057,0.17529414352066,0.16164043766576,0.150302080766709,0.14532935654718301,0.139671076900095,0.133222042920457,0.136197990005468,0.12773455105137502,0.107303715081283,0.10539306335428698,0.0861343716520468,0.0384892421389316
0.631186031847089,0.792624545005424,0.8998534487702021,0.965644746112979,1.0,0.98422239087023,0.91353585205945,0.8857295245446558,0.8339872328556651,0.7888965733359091,0.76818685633939,0.740622652620435,0.7238025625464879,0.6681637858668841,0.552377494230167,0.45609786279348,0.39438459337384296,0.342025256394982,0.247702923159085,0.20445269454585802,0.19767457290520002,0.18328994171864302,0.171174627067465,0.163934440218356,0.15940565894575598,0.15564508776875302,0.160501025916787,0.152688295977833,0.131312382266478,0.126878826967711,0.10459303934420598,0.0526953448632183
0.5946788146596971,0.748137325740878,0.851027311748109,0.91919563719117,0.98422239087023,1.0,0.961881762985626,0.932901357474862,0.8785378247753979,0.831565862837463,0.808713271742244,0.778509385994753,0.760361560728967,0.7040501445950671,0.584761314752683,0.4831762803110779,0.418851479614836,0.364734642907563,0.265660809683398,0.220254986707126,0.213631658207875,0.198804761064067,0.18632319011180398,0.17912799146753602,0.17551667245772198,0.17300119408001002,0.17839415272447304,0.17072990806588798,0.148814195844864,0.14348064077623998,0.12047953706096301,0.0676731544597403
0.560918919991429,0.701073201714984,0.795339101083246,0.8575676527305129,0.91353585205945,0.961881762985626,1.0,0.9708881914047919,0.9164453652449879,0.8727307052930029,0.8456762858105621,0.8090254263896508,0.785249224209557,0.729393824855927,0.610533752005625,0.5060186611569989,0.43865130150979,0.38094848325189,0.274551331111217,0.227076208806449,0.22240313240912601,0.207471484589918,0.195082793189101,0.190364145197281,0.187462168982716,0.184697413520264,0.1892144701818,0.181195030154614,0.159216559249934,0.154686347442846,0.133438306525173,0.0833444417448212
0.531819139815868,0.6756174437851601,0.770734546222456,0.8318678868316709,0.8857295245446558,0.932901357474862,0.9708881914047919,1.0,0.9834452436050931,0.939279203404939,0.9119508939644809,0.873536848999697,0.847345080649696,0.7900243560609391,0.665458248860286,0.556833277968577,0.485692485308038,0.423178756993988,0.30894152465851193,0.258416814851398,0.25546764936032396,0.24008026821137196,0.227284406726246,0.22367567385624698,0.221697386655851,0.219566394420399,0.22373034601035,0.21456781051461102,0.190202695895319,0.18661718184888199,0.16674388252969197,0.117450892154679
0.49285754958553396,0.635343373362527,0.727699655318617,0.785059367873721,0.8339872328556651,0.8785378247753979,0.9164453652449879,0.9834452436050931,1.0,0.975492519932257,0.9519753699380259,0.913073756679192,0.886272431099772,0.8294983921368142,0.702620156001537,0.592308619224891,0.520368528498951,0.456596600287877,0.334892070700555,0.281981089288606,0.281674089207277,0.26634197419231603,0.2534287363353,0.25107533430425605,0.249889613591865,0.24817664644483,0.253573097016869,0.24440181338107,0.21837457983215197,0.21586942645890198,0.198452741652302,0.152456304841477
0.466790196127738,0.6062143723251769,0.694352790293479,0.746666426916905,0.7888965733359091,0.831565862837463,0.8727307052930029,0.939279203404939,0.975492519932257,1.0,0.985331046951532,0.9462512277369499,0.920652492671778,0.865087667266048,0.73615217381844,0.6233586985761479,0.55238507907027,0.490557536594863,0.35756830365403103,0.301323039619334,0.30474839106315604,0.289608357844743,0.276488543741573,0.27534205504493,0.274538223059913,0.272715491561815,0.282038795749226,0.274346963850157,0.24697475861093499,0.24547822942594602,0.231116183464071,0.18993679879555703
0.442762599253873,0.584671558200579,0.6737935800319971,0.726078491788014,0.76818685633939,0.808713271742244,0.8456762858105621,0.9119508939644809,0.9519753699380259,0.985331046951532,1.0,0.986701114152076,0.959956192759179,0.9039198813124829,0.771795580217578,0.6573205395497039,0.585504180828282,0.5223926579960221,0.383429769714051,0.325214048689148,0.33094376929337,0.31607148237301197,0.303074728623118,0.303197535807188,0.304803866694206,0.305749764515968,0.316964083918196,0.309881363395876,0.28128293393002396,0.278079003270324,0.263117991601049,0.221904950828728
0.414677002826579,0.5563879329142579,0.645271620087359,0.697441140736482,0.740622652620435,0.778509385994753,0.8090254263896508,0.873536848999697,0.913073756679192,0.9462512277369499,0.986701114152076,1.0,0.9813531580841741,0.928637057581653,0.795184185271625,0.6800287465287099,0.608721815739084,0.546115387475352,0.405960679700413,0.34717028554963497,0.35418146008909496,0.339622972258289,0.32678315940821195,0.327303984759367,0.330808389639653,0.334216590167027,0.346634506521467,0.339968597940759,0.31050473330633505,0.305031973511277,0.288809797453667,0.24697066978847199
0.401824811833829,0.539658466541848,0.626279939005952,0.67778763458326,0.7238025625464879,0.760361560728967,0.785249224209557,0.847345080649696,0.886272431099772,0.920652492671778,0.959956192759179,0.9813531580841741,1.0,0.9602676500370309,0.8241179281643829,0.7038350008347879,0.634146496719416,0.576110376296099,0.43782473393629795,0.378397473918885,0.38466521864540004,0.36956230745144303,0.35593134380725205,0.35397539455552296,0.356254333025925,0.358981130542917,0.372437725333302,0.365710013672393,0.334735127852885,0.32706931029078395,0.309189908416645,0.265710912340903
0.36943546753296397,0.49009185899406893,0.5710820817824019,0.6237669520631619,0.6681637858668841,0.7040501445950671,0.729393824855927,0.7900243560609391,0.8294983921368142,0.865087667266048,0.9039198813124829,0.928637057581653,0.9602676500370309,1.0,0.947966617353486,0.864601990128608,0.805110950982648,0.737668899995439,0.574520346961565,0.508562456793152,0.5303358102039529,0.515065175566611,0.50289469659862,0.520872801143359,0.52611107373235,0.522447098763449,0.527286545285942,0.511746444781521,0.469664685767546,0.47429168754355294,0.454591585617232,0.3853762253292629
0.304750396737888,0.39651473240427504,0.465006360179748,0.5149706115878541,0.552377494230167,0.584761314752683,0.610533752005625,0.665458248860286,0.702620156001537,0.73615217381844,0.771795580217578,0.795184185271625,0.8241179281643829,0.947966617353486,1.0,0.9717649440018029,0.9299972354478291,0.8559358198751541,0.6772438438519549,0.6096266678713871,0.648235170526585,0.634401932075928,0.625391362660922,0.66633540581022,0.6749533449094671,0.6640985945657459,0.6581593606266011,0.6334586818110871,0.582005005729073,0.6016662117317131,0.582249798826597,0.48922674140848904
0.249501088134904,0.320149201812245,0.37902840081803,0.42604347598233094,0.45609786279348,0.4831762803110779,0.5060186611569989,0.556833277968577,0.592308619224891,0.6233586985761479,0.6573205395497039,0.6800287465287099,0.7038350008347879,0.864601990128608,0.9717649440018029,1.0,0.982411155083006,0.9128544277819199,0.7385650266802422,0.6745230621127671,0.722538363156244,0.7112361524401241,0.705287010440132,0.758231059366463,0.7670876389549449,0.7501927924728309,0.73988980148149,0.7096993836015759,0.650706707490178,0.679023093033401,0.6614103727691851,0.558016165962837
0.21303517044490602,0.27244135501327804,0.323869172618286,0.36638038967230796,0.39438459337384296,0.418851479614836,0.43865130150979,0.485692485308038,0.520368528498951,0.55238507907027,0.585504180828282,0.608721815739084,0.634146496719416,0.805110950982648,0.9299972354478291,0.982411155083006,1.0,0.970371481916054,0.836418567871702,0.7822149466585301,0.8272076761388459,0.8178843777234609,0.812259737032907,0.8553385018168381,0.860900572936615,0.8435925175404141,0.833001226763323,0.8012001458269989,0.737836789262847,0.7537410631789591,0.728037929858323,0.620148605376636
0.181752826527998,0.233925085167318,0.27782324614707804,0.313899670241194,0.342025256394982,0.364734642907563,0.38094848325189,0.423178756993988,0.456596600287877,0.490557536594863,0.5223926579960221,0.546115387475352,0.576110376296099,0.737668899995439,0.8559358198751541,0.9128544277819199,0.970371481916054,1.0,0.92887854790954,0.8892279983942399,0.923211025024321,0.915779046726675,0.909129230009753,0.929394582150033,0.9296465991346541,0.915495909906258,0.9071482024821441,0.87677899993333,0.8126359032838559,0.804427896630718,0.7661105970555541,0.660038375201557
0.13555328305157802,0.172206029839469,0.19982221568230604,0.221638603770395,0.247702923159085,0.265660809683398,0.274551331111217,0.30894152465851193,0.334892070700555,0.35756830365403103,0.383429769714051,0.405960679700413,0.43782473393629795,0.574520346961565,0.6772438438519549,0.7385650266802422,0.836418567871702,0.92887854790954,1.0,0.9950572249316579,0.9943920447431658,0.9915780393612951,0.9875812597511969,0.9718866988033259,0.961114184141135,0.9482439775537741,0.926403428764903,0.888871652673641,0.8234352920273259,0.783650338096879,0.7256321881780909,0.616491434215457
0.113652277196657,0.143014365603263,0.16407531923896598,0.180523269897057,0.20445269454585802,0.220254986707126,0.227076208806449,0.258416814851398,0.281981089288606,0.301323039619334,0.325214048689148,0.34717028554963497,0.378397473918885,0.508562456793152,0.6096266678713871,0.6745230621127671,0.7822149466585301,0.8892279983942399,0.9950572249316579,1.0,0.992754539488518,0.991646253456919,0.98869717113662,0.9655338153588721,0.9524472880931459,0.9398815009735,0.915308378683501,0.876528465951211,0.8114725327277671,0.76507210087192,0.703855062369123,0.5966386591465379
0.109224838175566,0.136837101168654,0.15799765862538098,0.17529414352066,0.19767457290520002,0.213631658207875,0.22240313240912601,0.25546764936032396,0.281674089207277,0.30474839106315604,0.33094376929337,0.35418146008909496,0.38466521864540004,0.5303358102039529,0.648235170526585,0.722538363156244,0.8272076761388459,0.923211025024321,0.9943920447431658,0.992754539488518,1.0,0.998823632441972,0.9957064655624069,0.9842587783835849,0.9743871002622679,0.9606962350089221,0.940225205798866,0.902310556698751,0.8347114076981509,0.796379854031453,0.7402958429927479,0.633031846889344
0.101420561381952,0.125612014764718,0.145021765355742,0.16164043766576,0.18328994171864302,0.198804761064067,0.207471484589918,0.24008026821137196,0.26634197419231603,0.289608357844743,0.31607148237301197,0.339622972258289,0.36956230745144303,0.515065175566611,0.634401932075928,0.7112361524401241,0.8178843777234609,0.915779046726675,0.9915780393612951,0.991646253456919,0.998823632441972,1.0,0.998927490687577,0.987747382623303,0.97823184425272,0.9649240727915269,0.9456399115313691,0.9080287144280401,0.8398227068985892,0.8020190283684209,0.747721713589513,0.6436477991073001
0.0953124563753153,0.116099015737767,0.134018787092296,0.150302080766709,0.171174627067465,0.18632319011180398,0.195082793189101,0.227284406726246,0.2534287363353,0.276488543741573,0.303074728623118,0.32678315940821195,0.35593134380725205,0.50289469659862,0.625391362660922,0.705287010440132,0.812259737032907,0.909129230009753,0.9875812597511969,0.98869717113662,0.9957064655624069,0.998927490687577,1.0,0.990771262402491,0.982014411803114,0.968836983729688,0.949591344488854,0.9117024719866429,0.8428882208344599,0.8067323959028689,0.7544974405614521,0.6527754880189979
0.0930019252773373,0.109533853019688,0.12730363738972802,0.14532935654718301,0.163934440218356,0.17912799146753602,0.190364145197281,0.22367567385624698,0.25107533430425605,0.27534205504493,0.303197535807188,0.327303984759367,0.35397539455552296,0.520872801143359,0.66633540581022,0.758231059366463,0.8553385018168381,0.929394582150033,0.9718866988033259,0.9655338153588721,0.9842587783835849,0.987747382623303,0.990771262402491,1.0,0.996285004671201,0.981313831746098,0.961014984355139,0.9215338911282779,0.850571306636993,0.8274196227337199,0.782677164780466,0.6800676556025429
0.0901902069927209,0.10601052484195098,0.12265348071012801,0.139671076900095,0.15940565894575598,0.17551667245772198,0.187462168982716,0.221697386655851,0.249889613591865,0.274538223059913,0.304803866694206,0.330808389639653,0.356254333025925,0.52611107373235,0.6749533449094671,0.7670876389549449,0.860900572936615,0.9296465991346541,0.961114184141135,0.9524472880931459,0.9743871002622679,0.97823184425272,0.982014411803114,0.996285004671201,1.0,0.993405155508075,0.975894916529357,0.9391110256714821,0.87026279815414,0.8478962808337429,0.8042946821076651,0.7031688942557409
0.0867520491300974,0.103598130867555,0.11861020868507599,0.133222042920457,0.15564508776875302,0.17300119408001002,0.184697413520264,0.219566394420399,0.24817664644483,0.272715491561815,0.305749764515968,0.334216590167027,0.358981130542917,0.522447098763449,0.6640985945657459,0.7501927924728309,0.8435925175404141,0.915495909906258,0.9482439775537741,0.9398815009735,0.9606962350089221,0.9649240727915269,0.968836983729688,0.981313831746098,0.993405155508075,1.0,0.987444451702135,0.955767251364038,0.8915181469538531,0.864069327862169,0.8187353214805301,0.7208064691837449
0.08340013187321901,0.10461031422818301,0.12132943333909697,0.136197990005468,0.160501025916787,0.17839415272447304,0.1892144701818,0.22373034601035,0.253573097016869,0.282038795749226,0.316964083918196,0.346634506521467,0.372437725333302,0.527286545285942,0.6581593606266011,0.73988980148149,0.833001226763323,0.9071482024821441,0.926403428764903,0.915308378683501,0.940225205798866,0.9456399115313691,0.949591344488854,0.961014984355139,0.975894916529357,0.987444451702135,1.0,0.9870755551296819,0.934123082898287,0.9114581490184591,0.8727452360951279,0.784548590290953
0.0756553150980275,0.0972165592993694,0.1135288854327,0.12773455105137502,0.152688295977833,0.17072990806588798,0.181195030154614,0.21456781051461102,0.24440181338107,0.274346963850157,0.309881363395876,0.339968597940759,0.365710013672393,0.511746444781521,0.6334586818110871,0.7096993836015759,0.8012001458269989,0.87677899993333,0.888871652673641,0.876528465951211,0.902310556698751,0.9080287144280401,0.9117024719866429,0.9215338911282779,0.9391110256714821,0.955767251364038,0.9870755551296819,1.0,0.977266535095174,0.956811699054129,0.9199202533346509,0.8370374547673031
0.063117865541417,0.0810438911271836,0.0947969046379068,0.107303715081283,0.131312382266478,0.148814195844864,0.159216559249934,0.190202695895319,0.21837457983215197,0.24697475861093499,0.28128293393002396,0.31050473330633505,0.334735127852885,0.469664685767546,0.582005005729073,0.650706707490178,0.737836789262847,0.8126359032838559,0.8234352920273259,0.8114725327277671,0.8347114076981509,0.8398227068985892,0.8428882208344599,0.850571306636993,0.87026279815414,0.8915181469538531,0.934123082898287,0.977266535095174,1.0,0.97970206675746,0.9409308919751279,0.860620400161551
0.0540908924096032,0.07225780258956001,0.0891271245168638,0.10539306335428698,0.126878826967711,0.14348064077623998,0.154686347442846,0.18661718184888199,0.21586942645890198,0.24547822942594602,0.278079003270324,0.305031973511277,0.32706931029078395,0.47429168754355294,0.6016662117317131,0.679023093033401,0.7537410631789591,0.804427896630718,0.783650338096879,0.76507210087192,0.796379854031453,0.8020190283684209,0.8067323959028689,0.8274196227337199,0.8478962808337429,0.864069327862169,0.9114581490184591,0.956811699054129,0.97970206675746,1.0,0.9851351540642891,0.905380674806145
0.0337243288528371,0.05012983907905901,0.06800369323077,0.0861343716520468,0.10459303934420598,0.12047953706096301,0.133438306525173,0.16674388252969197,0.198452741652302,0.231116183464071,0.263117991601049,0.288809797453667,0.309189908416645,0.454591585617232,0.582249798826597,0.6614103727691851,0.728037929858323,0.7661105970555541,0.7256321881780909,0.703855062369123,0.7402958429927479,0.747721713589513,0.7544974405614521,0.782677164780466,0.8042946821076651,0.8187353214805301,0.8727452360951279,0.9199202533346509,0.9409308919751279,0.9851351540642891,1.0,0.9569428253457058
0.00451732329404412,0.0064901779851263604,0.0217191234918275,0.0384892421389316,0.0526953448632183,0.0676731544597403,0.0833444417448212,0.117450892154679,0.152456304841477,0.18993679879555703,0.221904950828728,0.24697066978847199,0.265710912340903,0.3853762253292629,0.48922674140848904,0.558016165962837,0.620148605376636,0.660038375201557,0.616491434215457,0.5966386591465379,0.633031846889344,0.6436477991073001,0.6527754880189979,0.6800676556025429,0.7031688942557409,0.7208064691837449,0.784548590290953,0.8370374547673031,0.860620400161551,0.905380674806145,0.9569428253457058,1.0
