1.0,0.959726941518947,0.845992036636372,0.8049576428511609,0.7259022991615871,0.651730655492125,0.5624917885901469,0.47897095493894004,0.419904181118027,0.384740860740814,0.349887637162968,0.31911375149646504,0.296986447990757,0.281751904494155,0.266349645952936,0.24946073251825698,0.22208665399225802,0.18661431122795102,0.15932850271258897,0.14077913804489403,0.13036633927369998,0.124362637523165,0.11727405471289698,0.10907370607623,0.109386224026697,0.11087708212535902,0.0912730280379289,0.0621939193300038,0.0548348305094426,0.0556269538264209,0.046039033652608,0.0356674355104309
0.959726941518947,1.0,0.9604507629734191,0.9153514872224889,0.831528496391918,0.7601660078615071,0.6670606844295109,0.5741859253907329,0.50744622776437,0.46693841276813897,0.42751317911825704,0.39358250135379,0.36907123952279003,0.352061962618052,0.33807450776487896,0.325646150817297,0.303300182684613,0.271892939681038,0.24656205117693397,0.22865380405365898,0.21843157740199398,0.21232842190984,0.20598910566739898,0.19842570800535,0.194534963990475,0.18966620787842497,0.163806971411522,0.126262024744921,0.11452126126354199,0.112426641561791,0.10178186199873401,0.0884646917955454
0.845992036636372,0.9604507629734191,1.0,0.9708959975634059,0.901485949352884,0.8399492537524371,0.750907441909052,0.6561615767631961,0.5869419235882939,0.544772665335525,0.5038832522687321,0.46902575967269605,0.44396178980806394,0.42674966106777795,0.41516992344293496,0.40768700894065296,0.391368716723752,0.36526858849816396,0.342756469836635,0.326038770054421,0.3163689160846,0.31042743412775103,0.305619234223638,0.299682259449493,0.291995172389887,0.280580418993928,0.250783067384153,0.207305955806264,0.192669873192905,0.188328179823773,0.177090211414314,0.160116717505773
0.8049576428511609,0.9153514872224889,0.9708959975634059,1.0,0.977027894547586,0.923849446324234,0.840701173630729,0.7497746126243601,0.682565396090551,0.643362621896591,0.6037943007091501,0.568633615031688,0.5440946123481911,0.528265804258779,0.517107141817493,0.50898280890331,0.491625625845647,0.463182517786614,0.438165036654735,0.41938593473475,0.40868558246893705,0.402260420106859,0.39879214165741206,0.394620205560394,0.387001305392877,0.37316884803118294,0.34484089918883504,0.30071739397596603,0.288070488437425,0.285139651599011,0.272990758429441,0.25027783462347303
0.7259022991615871,0.831528496391918,0.901485949352884,0.977027894547586,1.0,0.9740377957781841,0.9129072748026049,0.8359204908061659,0.776642519193366,0.7430738482528522,0.7076385110082529,0.6749277828662789,0.6524690610719389,0.638548522963432,0.6286464641905899,0.6210498398454211,0.604280714070542,0.5751879028546361,0.549777666457458,0.531092691740767,0.520513628286391,0.514195992901992,0.511546950968993,0.507833677284563,0.500045376110152,0.48371355739443705,0.456240485516275,0.41008315757399394,0.39922510287633295,0.39776350110403297,0.38338478193138503,0.35311975675162205
0.651730655492125,0.7601660078615071,0.8399492537524371,0.923849446324234,0.9740377957781841,1.0,0.9799629441177601,0.9262835598997791,0.879569062973418,0.852403888223203,0.822666057691905,0.794737657428145,0.775121689273663,0.762441744700002,0.7542907161716129,0.748843544713607,0.734570553556141,0.7065726362370841,0.6834914594003211,0.6679494162282429,0.6590516248581071,0.6535645597668499,0.6501714990840971,0.643858079506855,0.634979441201048,0.6159514979182571,0.5859244517323628,0.532748439431457,0.5218091639279899,0.52122139345244,0.5019501386665539,0.46165943401660703
0.5624917885901469,0.6670606844295109,0.750907441909052,0.840701173630729,0.9129072748026049,0.9799629441177601,1.0,0.979751757055928,0.951224358122937,0.93167252518389,0.9094040467894959,0.888421633496086,0.872605469338018,0.861032501592554,0.8535679312754241,0.8482867605573291,0.8341446527972379,0.805152928913657,0.7848527157684991,0.774330955872121,0.7681872310832679,0.7641745194883279,0.7595670610796259,0.7497210335241371,0.7405776395412099,0.720658673977888,0.6898353119025171,0.6322069527814809,0.622271537668876,0.623197470466048,0.597147275374874,0.546260772056336
0.47897095493894004,0.5741859253907329,0.6561615767631961,0.7497746126243601,0.8359204908061659,0.9262835598997791,0.979751757055928,1.0,0.9932984909629791,0.9813421741400451,0.967175415319975,0.9543487104648309,0.9426330423102499,0.931615770892342,0.923296973748315,0.915642817767632,0.898458581236311,0.8655055087485741,0.8477318741430491,0.843577558053758,0.8409717344393609,0.838923130412797,0.8326143167829729,0.8184191354456919,0.809872016511275,0.790991253482277,0.7610139692427829,0.7015579914055631,0.693603593937553,0.696620119252752,0.6619647203769791,0.6003175904621291
0.419904181118027,0.50744622776437,0.5869419235882939,0.682565396090551,0.776642519193366,0.879569062973418,0.951224358122937,0.9932984909629791,1.0,0.995524242872757,0.9876099043501851,0.979254307897861,0.970388671876755,0.960881346777659,0.9528948538406559,0.944410960969111,0.9260212825947509,0.891384340840931,0.8746567464021121,0.873167825482831,0.871974836764317,0.870636424265362,0.8633941575315759,0.847099583014387,0.83920022108971,0.821283790129371,0.7925401358576379,0.7332071481851921,0.7262861799637759,0.730076788260362,0.6914876732523499,0.624967294479866
0.384740860740814,0.46693841276813897,0.544772665335525,0.643362621896591,0.7430738482528522,0.852403888223203,0.93167252518389,0.9813421741400451,0.995524242872757,1.0,0.99755310565028,0.990468575991797,0.9835164689410121,0.976657480086883,0.9701641023062589,0.962120622374082,0.9437736612990871,0.90865241400546,0.8911688706726391,0.8888901468507059,0.887091105152428,0.885227028819867,0.8774864029530358,0.8606393512796671,0.8533884132283871,0.8361149891806311,0.808568175071754,0.749979313635689,0.743119222444707,0.7465267339667359,0.707190837383604,0.639372092956332
0.349887637162968,0.42751317911825704,0.5038832522687321,0.6037943007091501,0.7076385110082529,0.822666057691905,0.9094040467894959,0.967175415319975,0.9876099043501851,0.99755310565028,1.0,0.996799521539158,0.99239636829461,0.9869896596860409,0.981187241040114,0.9731242521924549,0.9544062091471751,0.918547775638479,0.9011623638305931,0.899508560396444,0.897940016422994,0.89607595843321,0.888317183518739,0.871369104919445,0.865707701290755,0.8499424060985009,0.8232294715420849,0.764665465389442,0.7579352716234701,0.761310782183846,0.7214043813106801,0.652427591688316
0.31911375149646504,0.39358250135379,0.46902575967269605,0.568633615031688,0.6749277828662789,0.794737657428145,0.888421633496086,0.9543487104648309,0.979254307897861,0.990468575991797,0.996799521539158,1.0,0.9986191549429398,0.993234543256045,0.987180800124668,0.978578705350778,0.959019664729371,0.9221121995756909,0.905697789193241,0.906150614254968,0.90569831335104,0.9044001464231509,0.897125314533073,0.8805290076077591,0.877336193565871,0.863854919853205,0.8374428041888601,0.777962977704799,0.7714090909711641,0.7751455424106499,0.7347985689154279,0.664723632886948
0.296986447990757,0.36907123952279003,0.44396178980806394,0.5440946123481911,0.6524690610719389,0.775121689273663,0.872605469338018,0.9426330423102499,0.970388671876755,0.9835164689410121,0.99239636829461,0.9986191549429398,1.0,0.997306930171638,0.992623287251427,0.9841896308653509,0.9645313560015529,0.9272538700209201,0.910535599081683,0.9107742065921409,0.910184059851715,0.9087867471070609,0.9018898217452241,0.8859128543080179,0.8846638075686429,0.8728809185874871,0.847307519548904,0.7879651369689721,0.781172735332636,0.7844697902018599,0.7446144851765091,0.674567683662596
0.281751904494155,0.352061962618052,0.42674966106777795,0.528265804258779,0.638548522963432,0.762441744700002,0.861032501592554,0.931615770892342,0.960881346777659,0.976657480086883,0.9869896596860409,0.993234543256045,0.997306930171638,1.0,0.9983050415500891,0.990716136109602,0.9716455843680699,0.9346011097526491,0.916347053565418,0.9141631280123499,0.912240147616194,0.910107883360357,0.90350975831777,0.8884379107981729,0.888759484947373,0.878224314156971,0.854041015110172,0.7958161211005859,0.788374903543302,0.7904491114963001,0.75198174004557,0.683000747099635
0.266349645952936,0.33807450776487896,0.41516992344293496,0.517107141817493,0.6286464641905899,0.7542907161716129,0.8535679312754241,0.923296973748315,0.9528948538406559,0.9701641023062589,0.981187241040114,0.987180800124668,0.992623287251427,0.9983050415500891,1.0,0.9963849267890699,0.9816796514761451,0.9487371067531,0.930922812987314,0.926911037057437,0.923830074456467,0.920890094977351,0.9147673581920791,0.9008564715762959,0.9000869868044591,0.8877132402352159,0.8637490122390731,0.8060959657019341,0.7975581632276079,0.798053239928067,0.7616714094707479,0.69430142659838
0.24946073251825698,0.325646150817297,0.40768700894065296,0.50898280890331,0.6210498398454211,0.748843544713607,0.8482867605573291,0.915642817767632,0.944410960969111,0.962120622374082,0.9731242521924549,0.978578705350778,0.9841896308653509,0.990716136109602,0.9963849267890699,1.0,0.993581890748077,0.9687642932768309,0.9533480304686099,0.9479802464151941,0.943846442622305,0.939985607520195,0.9345460994200631,0.922133018912229,0.91764350041161,0.900366997555078,0.8755434128346109,0.81806023269028,0.8079429424015899,0.8064215877019321,0.772977701863199,0.7079447930590749
0.22208665399225802,0.303300182684613,0.391368716723752,0.491625625845647,0.604280714070542,0.734570553556141,0.8341446527972379,0.898458581236311,0.9260212825947509,0.9437736612990871,0.9544062091471751,0.959019664729371,0.9645313560015529,0.9716455843680699,0.9816796514761451,0.993581890748077,1.0,0.990310875771538,0.9801839330162979,0.973484815954672,0.96822094545488,0.963296330308515,0.9588403935811941,0.9484516213887909,0.9367560965712599,0.9106091508077109,0.884272023959468,0.827602655702775,0.8144112196351999,0.808961090706416,0.7772030440482991,0.7142404339145009
0.18661431122795102,0.271892939681038,0.36526858849816396,0.463182517786614,0.5751879028546361,0.7065726362370841,0.805152928913657,0.8655055087485741,0.891384340840931,0.90865241400546,0.918547775638479,0.9221121995756909,0.9272538700209201,0.9346011097526491,0.9487371067531,0.9687642932768309,0.990310875771538,1.0,0.997088233932369,0.9892969953501551,0.9830201645748899,0.977083476716972,0.9738005139133928,0.9657631463397959,0.9448901243449159,0.9078415231265942,0.879900716460447,0.825104890394582,0.808081090764292,0.797607508440104,0.766657620548718,0.706000845579098
0.15932850271258897,0.24656205117693397,0.342756469836635,0.438165036654735,0.549777666457458,0.6834914594003211,0.7848527157684991,0.8477318741430491,0.8746567464021121,0.8911688706726391,0.9011623638305931,0.905697789193241,0.910535599081683,0.916347053565418,0.930922812987314,0.9533480304686099,0.9801839330162979,0.997088233932369,1.0,0.996479352424254,0.991905101234246,0.986198118127369,0.9827581009519158,0.9742748442524121,0.948766694286041,0.906858928701438,0.878428477010047,0.824740985767447,0.8075008806976051,0.7964019200011,0.7643037060957621,0.7029486541059339
0.14077913804489403,0.22865380405365898,0.326038770054421,0.41938593473475,0.531092691740767,0.6679494162282429,0.774330955872121,0.843577558053758,0.873167825482831,0.8888901468507059,0.899508560396444,0.906150614254968,0.9107742065921409,0.9141631280123499,0.926911037057437,0.9479802464151941,0.973484815954672,0.9892969953501551,0.996479352424254,1.0,0.998579971380495,0.9938238237955959,0.9894195189593421,0.978803454475754,0.95194906316583,0.909378914051817,0.8811311985643772,0.8278121659875229,0.8125612618301199,0.8035881296264531,0.7691969959527671,0.7052268625385679
0.13036633927369998,0.21843157740199398,0.3163689160846,0.40868558246893705,0.520513628286391,0.6590516248581071,0.7681872310832679,0.8409717344393609,0.871974836764317,0.887091105152428,0.897940016422994,0.90569831335104,0.910184059851715,0.912240147616194,0.923830074456467,0.943846442622305,0.96822094545488,0.9830201645748899,0.991905101234246,0.998579971380495,1.0,0.9980126344684741,0.994159442465442,0.9826819215002951,0.9550946117669341,0.9120192760022611,0.8841974969965299,0.831492911308307,0.8172918815010959,0.809272185662673,0.773734903166549,0.708380133380987
0.124362637523165,0.21232842190984,0.31042743412775103,0.402260420106859,0.514195992901992,0.6535645597668499,0.7641745194883279,0.838923130412797,0.870636424265362,0.885227028819867,0.89607595843321,0.9044001464231509,0.9087867471070609,0.910107883360357,0.920890094977351,0.939985607520195,0.963296330308515,0.977083476716972,0.986198118127369,0.9938238237955959,0.9980126344684741,1.0,0.99763108583034,0.986022739889603,0.958048753646217,0.914555123798621,0.8873315550090991,0.835430977182928,0.8217642407251841,0.8140366443864671,0.778004860294895,0.711966774405683
0.11727405471289698,0.20598910566739898,0.305619234223638,0.39879214165741206,0.511546950968993,0.6501714990840971,0.7595670610796259,0.8326143167829729,0.8633941575315759,0.8774864029530358,0.888317183518739,0.897125314533073,0.9018898217452241,0.90350975831777,0.9147673581920791,0.9345460994200631,0.9588403935811941,0.9738005139133928,0.9827581009519158,0.9894195189593421,0.994159442465442,0.99763108583034,1.0,0.9948752902942359,0.972758795428265,0.9327068184050571,0.907614385144921,0.856538309957103,0.842406229633818,0.8336114612888921,0.799293167146317,0.7338784639423721
0.10907370607623,0.19842570800535,0.299682259449493,0.394620205560394,0.507833677284563,0.643858079506855,0.7497210335241371,0.8184191354456919,0.847099583014387,0.8606393512796671,0.871369104919445,0.8805290076077591,0.8859128543080179,0.8884379107981729,0.9008564715762959,0.922133018912229,0.9484516213887909,0.9657631463397959,0.9742748442524121,0.978803454475754,0.9826819215002951,0.986022739889603,0.9948752902942359,1.0,0.9874243845496701,0.9532764888777009,0.93131833914212,0.881382615400085,0.866291560058387,0.855709178164504,0.824601612309073,0.7610174953282909
0.109386224026697,0.194534963990475,0.291995172389887,0.387001305392877,0.500045376110152,0.634979441201048,0.7405776395412099,0.809872016511275,0.83920022108971,0.8533884132283871,0.865707701290755,0.877336193565871,0.8846638075686429,0.888759484947373,0.9000869868044591,0.91764350041161,0.9367560965712599,0.9448901243449159,0.948766694286041,0.95194906316583,0.9550946117669341,0.958048753646217,0.972758795428265,0.9874243845496701,1.0,0.9887828812247321,0.9711186680094149,0.9173294182284141,0.900389351392662,0.888580450568672,0.859190889262999,0.795621970914413
0.11087708212535902,0.18966620787842497,0.280580418993928,0.37316884803118294,0.48371355739443705,0.6159514979182571,0.720658673977888,0.790991253482277,0.821283790129371,0.8361149891806311,0.8499424060985009,0.863854919853205,0.8728809185874871,0.878224314156971,0.8877132402352159,0.900366997555078,0.9106091508077109,0.9078415231265942,0.906858928701438,0.909378914051817,0.9120192760022611,0.914555123798621,0.9327068184050571,0.9532764888777009,0.9887828812247321,1.0,0.9860332488817529,0.9286880840867808,0.9104663909125692,0.8982709867485401,0.870013404075912,0.806942952558347
0.0912730280379289,0.163806971411522,0.250783067384153,0.34484089918883504,0.456240485516275,0.5859244517323628,0.6898353119025171,0.7610139692427829,0.7925401358576379,0.808568175071754,0.8232294715420849,0.8374428041888601,0.847307519548904,0.854041015110172,0.8637490122390731,0.8755434128346109,0.884272023959468,0.879900716460447,0.878428477010047,0.8811311985643772,0.8841974969965299,0.8873315550090991,0.907614385144921,0.93131833914212,0.9711186680094149,0.9860332488817529,1.0,0.976891812517867,0.962506047127645,0.942393189700887,0.904400901641355,0.833349748973525
0.0621939193300038,0.126262024744921,0.207305955806264,0.30071739397596603,0.41008315757399394,0.532748439431457,0.6322069527814809,0.7015579914055631,0.7332071481851921,0.749979313635689,0.764665465389442,0.777962977704799,0.7879651369689721,0.7958161211005859,0.8060959657019341,0.81806023269028,0.827602655702775,0.825104890394582,0.824740985767447,0.8278121659875229,0.831492911308307,0.835430977182928,0.856538309957103,0.881382615400085,0.9173294182284141,0.9286880840867808,0.976891812517867,1.0,0.9915229453397959,0.9620569510063879,0.912483510081116,0.833521257498894
0.0548348305094426,0.11452126126354199,0.192669873192905,0.288070488437425,0.39922510287633295,0.5218091639279899,0.622271537668876,0.693603593937553,0.7262861799637759,0.743119222444707,0.7579352716234701,0.7714090909711641,0.781172735332636,0.788374903543302,0.7975581632276079,0.8079429424015899,0.8144112196351999,0.808081090764292,0.8075008806976051,0.8125612618301199,0.8172918815010959,0.8217642407251841,0.842406229633818,0.866291560058387,0.900389351392662,0.9104663909125692,0.962506047127645,0.9915229453397959,1.0,0.988109453220456,0.9427308654393299,0.8618500384949659
0.0556269538264209,0.112426641561791,0.188328179823773,0.285139651599011,0.39776350110403297,0.52122139345244,0.623197470466048,0.696620119252752,0.730076788260362,0.7465267339667359,0.761310782183846,0.7751455424106499,0.7844697902018599,0.7904491114963001,0.798053239928067,0.8064215877019321,0.808961090706416,0.797607508440104,0.7964019200011,0.8035881296264531,0.809272185662673,0.8140366443864671,0.8336114612888921,0.855709178164504,0.888580450568672,0.8982709867485401,0.942393189700887,0.9620569510063879,0.988109453220456,1.0,0.9640103252578901,0.8845699430355841
0.046039033652608,0.10178186199873401,0.177090211414314,0.272990758429441,0.38338478193138503,0.5019501386665539,0.597147275374874,0.6619647203769791,0.6914876732523499,0.707190837383604,0.7214043813106801,0.7347985689154279,0.7446144851765091,0.75198174004557,0.7616714094707479,0.772977701863199,0.7772030440482991,0.766657620548718,0.7643037060957621,0.7691969959527671,0.773734903166549,0.778004860294895,0.799293167146317,0.824601612309073,0.859190889262999,0.870013404075912,0.904400901641355,0.912483510081116,0.9427308654393299,0.9640103252578901,1.0,0.976418734700492
0.0356674355104309,0.0884646917955454,0.160116717505773,0.25027783462347303,0.35311975675162205,0.46165943401660703,0.546260772056336,0.6003175904621291,0.624967294479866,0.639372092956332,0.652427591688316,0.664723632886948,0.674567683662596,0.683000747099635,0.69430142659838,0.7079447930590749,0.7142404339145009,0.706000845579098,0.7029486541059339,0.7052268625385679,0.708380133380987,0.711966774405683,0.7338784639423721,0.7610174953282909,0.795621970914413,0.806942952558347,0.833349748973525,0.833521257498894,0.8618500384949659,0.8845699430355841,0.976418734700492,1.0
