1.0,0.7777463390685541,0.664507551741378,0.5577938030594979,0.48749054268087394,0.44178371787811294,0.38865648676885606,0.34959733267616494,0.305025671722633,0.269430635948959,0.239712704881095,0.21519148694045,0.180105758272522,0.152922268478867,0.117534756402136,0.0890718365099594,0.0524833144049519,0.0220182050360248,0.0114127057135389,0.0480700322148399,0.0714784611926835,0.0969244036919694,0.11650270252055699,0.132547973623276,0.154578447808424,0.15750059347714498,0.149746948060308,0.1128316927447,0.0600978276490937,0.0251109711927947,0.0172883589960006,0.0414256466099687
0.7777463390685541,1.0,0.9292869025351178,0.857616442734881,0.8036242656790971,0.765333457611167,0.71841939487258,0.6878099893791321,0.648404617908998,0.6171023737198901,0.592300328267771,0.5622303979695931,0.524771800493566,0.491260941123864,0.45495938167465205,0.42063159562792296,0.37910448441321204,0.339288361923925,0.302355042370282,0.260394495529097,0.22742908444234602,0.19454648263700197,0.15953944926648,0.12558133644098698,0.0828404857447646,0.0520953117958599,0.0112910029747992,0.0116280266506959,0.0202462247897697,0.0268341120173528,0.040848946133697994,0.00636419023521509
0.664507551741378,0.9292869025351178,1.0,0.9599749111378729,0.9204912499379571,0.894237948805366,0.858712297253678,0.833665741834685,0.8032727883990071,0.7793068985027601,0.757456560573989,0.7295282008864741,0.697147923686145,0.667941534560542,0.6336896478637241,0.6001446101535319,0.561572818572675,0.522532176002066,0.48707958186474604,0.44792163307158395,0.41573070828570097,0.380320215492854,0.34299363573901,0.307517959268343,0.260014514753775,0.21265152700440398,0.14939923621749301,0.0929893669690648,0.0441743327012424,0.0104115328917962,0.0231497141945443,0.016898465591766002
0.5577938030594979,0.857616442734881,0.9599749111378729,1.0,0.9776369909975849,0.9585475106125692,0.9362522444111009,0.916895129704075,0.892363177114891,0.8703889967776899,0.8510394679943392,0.82891865115061,0.8022636312359879,0.777612612581135,0.7480399127370821,0.7178870857390881,0.6821866241842979,0.646491029740813,0.6140270860758879,0.578398844452018,0.547090972836942,0.5108331871213749,0.47243223531916795,0.435078270875595,0.384655569213281,0.32657052848528,0.245424328367284,0.161149508062005,0.0823942789722889,0.0215055682856424,0.01646449491476,0.0123458732028693
0.48749054268087394,0.8036242656790971,0.9204912499379571,0.9776369909975849,1.0,0.987180953702474,0.9717238746618609,0.9565368472435309,0.937533077733581,0.919823758900011,0.9044639683990351,0.885898297133412,0.8630957763783671,0.842117890560104,0.8162304036617472,0.7901792900184591,0.75808275795701,0.725502784379941,0.695867082407886,0.66242351074924,0.633590070312764,0.599842393749724,0.5616804337286939,0.524143058419442,0.470349874655131,0.40737987100125,0.320728634344379,0.220763698202105,0.123434406241299,0.0516677555928359,0.0106023102589556,0.0197071885830306
0.44178371787811294,0.765333457611167,0.894237948805366,0.9585475106125692,0.987180953702474,1.0,0.9887149424505709,0.976837794644347,0.96245488056543,0.947447380689817,0.933293008718525,0.916191960243956,0.894840505417577,0.876227832378297,0.85340809349502,0.8293036759908109,0.8000267031919959,0.7693848690005949,0.7415650136233449,0.710276751084517,0.681681708344698,0.6497084253920191,0.613344040805171,0.576789608608588,0.522870628191303,0.45739087276029206,0.3672378401254521,0.25726306871925597,0.148730788699731,0.0692972095288637,0.02818701920193,0.0216559498923665
0.38865648676885606,0.71841939487258,0.858712297253678,0.9362522444111009,0.9717238746618609,0.9887149424505709,1.0,0.992134401696918,0.9819066232542429,0.969289629443244,0.9582338454218959,0.9439113944665679,0.925005910952743,0.9085439560769669,0.888872409950624,0.8665266873673679,0.8400280422627991,0.8126064035431491,0.787075859641412,0.7588748492443359,0.7327506008118979,0.7009762081965071,0.667353331662211,0.632069954269619,0.581045847203386,0.514782353744866,0.42052172260449106,0.30446569346888597,0.185128690278195,0.0988735131520438,0.0469124855050439,0.0369873180652604
0.34959733267616494,0.6878099893791321,0.833665741834685,0.916895129704075,0.9565368472435309,0.976837794644347,0.992134401696918,1.0,0.992353890800274,0.9825686322504928,0.97352359441407,0.9616144094120191,0.9466106527890981,0.9315209112565699,0.913998496879216,0.893675684927797,0.869212658501741,0.84303531818802,0.818582273372075,0.791893846094065,0.766578252073717,0.7363243646826341,0.703425276319087,0.667293046631672,0.6153542682617861,0.548239094461508,0.451156677300224,0.327975057996787,0.204224217648954,0.113730567944785,0.0621163887957811,0.0380143291161561
0.305025671722633,0.648404617908998,0.8032727883990071,0.892363177114891,0.937533077733581,0.96245488056543,0.9819066232542429,0.992353890800274,1.0,0.9933103998846291,0.985411461268662,0.9755857552470849,0.9627017776670741,0.950592906931872,0.93529383450974,0.9174607230541891,0.895853142401854,0.871987576713726,0.8492134068808141,0.824429618331109,0.800911032664405,0.7712396396810491,0.740054154535911,0.705207844394183,0.654117694592167,0.585060547842029,0.485343763104307,0.35497006989700197,0.226172239225037,0.13122214435914,0.0759413240531589,0.0456285458568568
0.269430635948959,0.6171023737198901,0.7793068985027601,0.8703889967776899,0.919823758900011,0.947447380689817,0.969289629443244,0.9825686322504928,0.9933103998846291,1.0,0.9936587136228872,0.985322487402952,0.9735127815635229,0.9624871468429759,0.948663623728708,0.932058430889381,0.9117331615277521,0.889390392706152,0.8674610379305121,0.844368035167958,0.821991212805443,0.7931109415915251,0.7622902301119191,0.727379795757241,0.675987141269201,0.605158374928322,0.50320938344571,0.36867605461884106,0.23577350997733101,0.13721035251197,0.0847166010753177,0.0515261824091828
0.239712704881095,0.592300328267771,0.757456560573989,0.8510394679943392,0.9044639683990351,0.933293008718525,0.9582338454218959,0.97352359441407,0.985411461268662,0.9936587136228872,1.0,0.994195716522173,0.98489130596878,0.97430484840336,0.9616315643640692,0.9465792707960691,0.9279055134515971,0.907649170338686,0.887821706719184,0.8668039111471642,0.846034314048605,0.819178538956245,0.789398078517461,0.755193446079121,0.704542696796618,0.6356749078778671,0.533771262404212,0.397126798759198,0.260739172848061,0.159801515853073,0.10108379679139201,0.0594959725924598
0.21519148694045,0.5622303979695931,0.7295282008864741,0.82891865115061,0.885898297133412,0.916191960243956,0.9439113944665679,0.9616144094120191,0.9755857552470849,0.985322487402952,0.994195716522173,1.0,0.993920044005527,0.9851124807156729,0.974044722308248,0.960497135024371,0.943581461325713,0.924684358734366,0.9064150777156009,0.8870747659454191,0.867995155351986,0.843383606512857,0.815404910757902,0.783249129999318,0.7330224085466279,0.6649643905445429,0.562979732357989,0.420388837057601,0.284058832794289,0.18038211290728098,0.11655452525653501,0.0751854121164868
0.180105758272522,0.524771800493566,0.697147923686145,0.8022636312359879,0.8630957763783671,0.894840505417577,0.925005910952743,0.9466106527890981,0.9627017776670741,0.9735127815635229,0.98489130596878,0.993920044005527,1.0,0.994213726808835,0.985651441857049,0.9742788787657609,0.959298062865882,0.942701946329641,0.926406244615998,0.908860478515319,0.891010625806135,0.868283460121886,0.8418993877544669,0.8110555875042091,0.7624836281480629,0.6962962638283441,0.5942238422352779,0.447945323493699,0.312082508989796,0.205080399857787,0.134315536388609,0.0854708032702823
0.152922268478867,0.491260941123864,0.667941534560542,0.777612612581135,0.842117890560104,0.876227832378297,0.9085439560769669,0.9315209112565699,0.950592906931872,0.9624871468429759,0.97430484840336,0.9851124807156729,0.994213726808835,1.0,0.9940888049945099,0.984495548222433,0.9721569844007171,0.95759656325535,0.943196948893109,0.927037720388795,0.9110437200104581,0.8898676145450329,0.865344410131943,0.8354191480962802,0.787718617852958,0.723188406376773,0.6225990327653821,0.47354742244754405,0.334769099547294,0.22381249548321802,0.15852033429358098,0.0971246838500175
0.117534756402136,0.45495938167465205,0.6336896478637241,0.7480399127370821,0.8162304036617472,0.85340809349502,0.888872409950624,0.913998496879216,0.93529383450974,0.948663623728708,0.9616315643640692,0.974044722308248,0.985651441857049,0.9940888049945099,1.0,0.993855289573983,0.984062976337417,0.9716777293444822,0.959272499032791,0.944437354482525,0.929494374101919,0.9098426531851329,0.8874651339381451,0.85925037798086,0.8128370222931071,0.749819619411444,0.649391745314019,0.496629685423651,0.355362077584278,0.242493588596697,0.17601797334910396,0.112101309853704
0.0890718365099594,0.42063159562792296,0.6001446101535319,0.7178870857390881,0.7901792900184591,0.8293036759908109,0.8665266873673679,0.893675684927797,0.9174607230541891,0.932058430889381,0.9465792707960691,0.960497135024371,0.9742788787657609,0.984495548222433,0.993855289573983,1.0,0.994270845528629,0.9850503093524151,0.974780494102197,0.9615419202455359,0.947113413075562,0.929506280890557,0.909212129221828,0.882766457839348,0.83744971657122,0.775622620839712,0.676442335407898,0.5204859684912311,0.3798116075807779,0.266887182838369,0.19929169958113502,0.129347655133677
0.0524833144049519,0.37910448441321204,0.561572818572675,0.6821866241842979,0.75808275795701,0.8000267031919959,0.8400280422627991,0.869212658501741,0.895853142401854,0.9117331615277521,0.9279055134515971,0.943581461325713,0.959298062865882,0.9721569844007171,0.984062976337417,0.994270845528629,1.0,0.9945169038197559,0.986169264349367,0.9755217324242459,0.9631250393826251,0.9469090736893571,0.9288886782953979,0.9048543160866709,0.8617795571403108,0.8022527517644459,0.7063861865140991,0.551889492998538,0.408485009806742,0.294792623864437,0.222937600970905,0.145035866724596
0.0220182050360248,0.339288361923925,0.522532176002066,0.646491029740813,0.725502784379941,0.7693848690005949,0.8126064035431491,0.84303531818802,0.871987576713726,0.889390392706152,0.907649170338686,0.924684358734366,0.942701946329641,0.95759656325535,0.9716777293444822,0.9850503093524151,0.9945169038197559,1.0,0.9947818440640551,0.9861238857164849,0.975457774870367,0.9610609228404631,0.946165292137091,0.92356818370324,0.883128759230157,0.825820431737432,0.73173460484367,0.577007851933461,0.43188833890559897,0.31789689185224296,0.24205067045889198,0.160465850030167
0.0114127057135389,0.302355042370282,0.48707958186474604,0.6140270860758879,0.695867082407886,0.7415650136233449,0.787075859641412,0.818582273372075,0.8492134068808141,0.8674610379305121,0.887821706719184,0.9064150777156009,0.926406244615998,0.943196948893109,0.959272499032791,0.974780494102197,0.986169264349367,0.9947818440640551,1.0,0.993819275969552,0.985235886467301,0.97213749508599,0.9590083789488929,0.937712967235667,0.8995867926931679,0.8445276691116391,0.7523647183601451,0.60051651915839,0.45194349730289296,0.335438799646637,0.252142871471838,0.161417627992383
0.0480700322148399,0.260394495529097,0.44792163307158395,0.578398844452018,0.66242351074924,0.710276751084517,0.7588748492443359,0.791893846094065,0.824429618331109,0.844368035167958,0.8668039111471642,0.8870747659454191,0.908860478515319,0.927037720388795,0.944437354482525,0.9615419202455359,0.9755217324242459,0.9861238857164849,0.993819275969552,1.0,0.9940327623300992,0.983802770241172,0.971407981814004,0.9525757620539971,0.917464236408845,0.8647490881406641,0.775345272558093,0.625172749216168,0.47780433055590293,0.360292063792305,0.269902313546235,0.173104773787331
0.0714784611926835,0.22742908444234602,0.41573070828570097,0.547090972836942,0.633590070312764,0.681681708344698,0.7327506008118979,0.766578252073717,0.800911032664405,0.821991212805443,0.846034314048605,0.867995155351986,0.891010625806135,0.9110437200104581,0.929494374101919,0.947113413075562,0.9631250393826251,0.975457774870367,0.985235886467301,0.9940327623300992,1.0,0.9930294005942341,0.982806335530426,0.9668260064711272,0.9363116072488851,0.887168216061662,0.8026910228097691,0.6560945899141519,0.508613915634326,0.3876812598719171,0.29645041417828305,0.199423528977958
0.0969244036919694,0.19454648263700197,0.380320215492854,0.5108331871213749,0.599842393749724,0.6497084253920191,0.7009762081965071,0.7363243646826341,0.7712396396810491,0.7931109415915251,0.819178538956245,0.843383606512857,0.868283460121886,0.8898676145450329,0.9098426531851329,0.929506280890557,0.9469090736893571,0.9610609228404631,0.97213749508599,0.983802770241172,0.9930294005942341,1.0,0.992235915545712,0.9796743059340121,0.9528687568982809,0.908194523721509,0.829028692235042,0.684418811006745,0.5390277644233871,0.41616742186853295,0.326120413636682,0.219676096910135
0.11650270252055699,0.15953944926648,0.34299363573901,0.47243223531916795,0.5616804337286939,0.613344040805171,0.667353331662211,0.703425276319087,0.740054154535911,0.7622902301119191,0.789398078517461,0.815404910757902,0.8418993877544669,0.865344410131943,0.8874651339381451,0.909212129221828,0.9288886782953979,0.946165292137091,0.9590083789488929,0.971407981814004,0.982806335530426,0.992235915545712,1.0,0.99135536324228,0.9697968146457601,0.9302404806042579,0.8575787277341791,0.717336623912075,0.5744017875481899,0.454658411753062,0.361165223046999,0.24807126002303698
0.132547973623276,0.12558133644098698,0.307517959268343,0.435078270875595,0.524143058419442,0.576789608608588,0.632069954269619,0.667293046631672,0.705207844394183,0.727379795757241,0.755193446079121,0.783249129999318,0.8110555875042091,0.8354191480962802,0.85925037798086,0.882766457839348,0.9048543160866709,0.92356818370324,0.937712967235667,0.9525757620539971,0.9668260064711272,0.9796743059340121,0.99135536324228,1.0,0.986331094958744,0.9543602501578321,0.890152664642549,0.7553887615016041,0.616042637409334,0.496598048171224,0.40000707456157497,0.277378509594706
0.154578447808424,0.0828404857447646,0.260014514753775,0.384655569213281,0.470349874655131,0.522870628191303,0.581045847203386,0.6153542682617861,0.654117694592167,0.675987141269201,0.704542696796618,0.7330224085466279,0.7624836281480629,0.787718617852958,0.8128370222931071,0.83744971657122,0.8617795571403108,0.883128759230157,0.8995867926931679,0.917464236408845,0.9363116072488851,0.9528687568982809,0.9697968146457601,0.986331094958744,1.0,0.9804545425188579,0.9302840326227991,0.816067603250331,0.6872724103578111,0.564232189280659,0.451068396572317,0.31235408549940996
0.15750059347714498,0.0520953117958599,0.21265152700440398,0.32657052848528,0.40737987100125,0.45739087276029206,0.514782353744866,0.548239094461508,0.585060547842029,0.605158374928322,0.6356749078778671,0.6649643905445429,0.6962962638283441,0.723188406376773,0.749819619411444,0.775622620839712,0.8022527517644459,0.825820431737432,0.8445276691116391,0.8647490881406641,0.887168216061662,0.908194523721509,0.9302404806042579,0.9543602501578321,0.9804545425188579,1.0,0.9685972217362628,0.8771117913992942,0.761552672077101,0.64425603492491,0.516788361504094,0.36171481110168396
0.149746948060308,0.0112910029747992,0.14939923621749301,0.245424328367284,0.320728634344379,0.3672378401254521,0.42052172260449106,0.451156677300224,0.485343763104307,0.50320938344571,0.533771262404212,0.562979732357989,0.5942238422352779,0.6225990327653821,0.649391745314019,0.676442335407898,0.7063861865140991,0.73173460484367,0.7523647183601451,0.775345272558093,0.8026910228097691,0.829028692235042,0.8575787277341791,0.890152664642549,0.9302840326227991,0.9685972217362628,1.0,0.941396563285202,0.8506688288784631,0.73569547084443,0.5938935744236821,0.41094358264099395
0.1128316927447,0.0116280266506959,0.0929893669690648,0.161149508062005,0.220763698202105,0.25726306871925597,0.30446569346888597,0.327975057996787,0.35497006989700197,0.36867605461884106,0.397126798759198,0.420388837057601,0.447945323493699,0.47354742244754405,0.496629685423651,0.5204859684912311,0.551889492998538,0.577007851933461,0.60051651915839,0.625172749216168,0.6560945899141519,0.684418811006745,0.717336623912075,0.7553887615016041,0.816067603250331,0.8771117913992942,0.941396563285202,1.0,0.933908657298959,0.823790869710427,0.640949888020653,0.44171200444512104
0.0600978276490937,0.0202462247897697,0.0441743327012424,0.0823942789722889,0.123434406241299,0.148730788699731,0.185128690278195,0.204224217648954,0.226172239225037,0.23577350997733101,0.260739172848061,0.284058832794289,0.312082508989796,0.334769099547294,0.355362077584278,0.3798116075807779,0.408485009806742,0.43188833890559897,0.45194349730289296,0.47780433055590293,0.508613915634326,0.5390277644233871,0.5744017875481899,0.616042637409334,0.6872724103578111,0.761552672077101,0.8506688288784631,0.933908657298959,1.0,0.923567496358081,0.7082389425005459,0.490438400717762
0.0251109711927947,0.0268341120173528,0.0104115328917962,0.0215055682856424,0.0516677555928359,0.0692972095288637,0.0988735131520438,0.113730567944785,0.13122214435914,0.13721035251197,0.159801515853073,0.18038211290728098,0.205080399857787,0.22381249548321802,0.242493588596697,0.266887182838369,0.294792623864437,0.31789689185224296,0.335438799646637,0.360292063792305,0.3876812598719171,0.41616742186853295,0.454658411753062,0.496598048171224,0.564232189280659,0.64425603492491,0.73569547084443,0.823790869710427,0.923567496358081,1.0,0.8028373642656401,0.556166918664114
0.0172883589960006,0.040848946133697994,0.0231497141945443,0.01646449491476,0.0106023102589556,0.02818701920193,0.0469124855050439,0.0621163887957811,0.0759413240531589,0.0847166010753177,0.10108379679139201,0.11655452525653501,0.134315536388609,0.15852033429358098,0.17601797334910396,0.19929169958113502,0.222937600970905,0.24205067045889198,0.252142871471838,0.269902313546235,0.29645041417828305,0.326120413636682,0.361165223046999,0.40000707456157497,0.451068396572317,0.516788361504094,0.5938935744236821,0.640949888020653,0.7082389425005459,0.8028373642656401,1.0,0.594588040859639
0.0414256466099687,0.00636419023521509,0.016898465591766002,0.0123458732028693,0.0197071885830306,0.0216559498923665,0.0369873180652604,0.0380143291161561,0.0456285458568568,0.0515261824091828,0.0594959725924598,0.0751854121164868,0.0854708032702823,0.0971246838500175,0.112101309853704,0.129347655133677,0.145035866724596,0.160465850030167,0.161417627992383,0.173104773787331,0.199423528977958,0.219676096910135,0.24807126002303698,0.277378509594706,0.31235408549940996,0.36171481110168396,0.41094358264099395,0.44171200444512104,0.490438400717762,0.556166918664114,0.594588040859639,1.0
