1.0,0.8441699757955969,0.7807453142432759,0.749720234866226,0.727937684461928,0.698411009501576,0.672315667393955,0.6530778996737749,0.636191248303984,0.617328992471447,0.600916114835219,0.585182546413848,0.5629070599659639,0.538416936551433,0.511424977564951,0.492238168865055,0.46918283753953205,0.4410183859239671,0.414070433933375,0.381683567480495,0.34334969361203105,0.311520571344164,0.275335890751987,0.23664644615015698,0.19502918946911,0.161669061191872,0.121303691754914,0.0874222117000684,0.0379482587951522,0.0050338503288219205,0.0626549716382157,0.0382724859444316
0.8441699757955969,1.0,0.953725856935987,0.9284679268069058,0.90833340996877,0.8849170756029971,0.863907629020188,0.8481318961789609,0.829408061478714,0.8151852914001191,0.8017397375151059,0.7827963073277329,0.758808427545914,0.7323694708582209,0.7047069048711759,0.679647392659238,0.6536633230203189,0.6196637221866579,0.590268521464741,0.553314163963472,0.502497841868756,0.461828168176329,0.41742556854784896,0.370504139479015,0.30617816428336303,0.256856464885844,0.20199636853231198,0.15225362407418802,0.0889594920444441,0.0215548340510913,0.0449132278303976,0.0113945798532175
0.7807453142432759,0.953725856935987,1.0,0.9789304131584721,0.960752166381311,0.9434557167709442,0.926595022077288,0.9140863331491109,0.8967654912659291,0.8830349696326159,0.86955139670103,0.852000579921914,0.8293375399707009,0.804087239079723,0.7787266186305719,0.7550684964918929,0.7304297940422649,0.696782844285448,0.6673018945853979,0.629574506243687,0.5770983697516539,0.53543139938038,0.48829189273294704,0.440591967418382,0.37131306335620395,0.319029319008826,0.262907640663256,0.20761830905326395,0.141255363364416,0.0753508853976663,0.0114608709331826,0.0333182492335677
0.749720234866226,0.9284679268069058,0.9789304131584721,1.0,0.986738932439635,0.971470042010082,0.9564148989409269,0.9458205281344231,0.9304499282857929,0.91721740606528,0.905444846322183,0.8899564670947249,0.8702629622214921,0.8472660613281641,0.8241465378304829,0.800313655717427,0.7758770422201771,0.7426851025979159,0.714348215735091,0.6774180378093689,0.624314280330324,0.5815988966564051,0.534035425821282,0.48634877132377297,0.41272482741993005,0.359435451986745,0.30072470862921996,0.243815847447442,0.17591345338387898,0.11052306639827,0.0444260500062399,0.0621894362703028
0.727937684461928,0.90833340996877,0.960752166381311,0.986738932439635,1.0,0.9895813642123931,0.9776342882077341,0.968404062735979,0.9565150082923491,0.9448932515061759,0.9337650807321779,0.9213210936729549,0.903811149504822,0.8821360160825601,0.8599211955845552,0.8368710321055791,0.8131516218244169,0.7805379596688441,0.7536156557945941,0.718382552994875,0.6653456750948941,0.622832350930816,0.5751086813663578,0.528170790757254,0.45348282911706106,0.398928624699355,0.340299818347693,0.28194682837210605,0.21527445857077301,0.15109929671749403,0.0798571946547532,0.0887105990550649
0.698411009501576,0.8849170756029971,0.9434557167709442,0.971470042010082,0.9895813642123931,1.0,0.9916866751430179,0.984139933673601,0.9755200870931271,0.966458510827808,0.9572609875858392,0.9467866578631609,0.9321772657304,0.91283995848261,0.89365857558586,0.873867749873652,0.8527068612384291,0.822041999902571,0.7958632664093609,0.7616182693825859,0.710776450476158,0.669013619432304,0.622491949166508,0.576097050788244,0.5024999681084629,0.44757069752774603,0.38773892626387896,0.327277072531689,0.262746890803344,0.19838746686421,0.126364018489192,0.124173005865935
0.672315667393955,0.863907629020188,0.926595022077288,0.9564148989409269,0.9776342882077341,0.9916866751430179,1.0,0.9939957311148879,0.985612803045471,0.9773462312825469,0.9683764093648641,0.958871100114048,0.9457583571895541,0.926948802476711,0.9088826433334541,0.890423264338507,0.871362269678856,0.840807638450218,0.81540878618333,0.7811253634434351,0.7300220748119391,0.687920354745457,0.641238171402909,0.5940147328273709,0.51844313177403,0.461806371650452,0.40111696751007403,0.34191803291585104,0.279757620993072,0.21735957794312302,0.148799693118225,0.14591165919506197
0.6530778996737749,0.8481318961789609,0.9140863331491109,0.9458205281344231,0.968404062735979,0.984139933673601,0.9939957311148879,1.0,0.993612346146385,0.986952633653122,0.9790152627425641,0.970250413187257,0.9582932593714321,0.941206556729883,0.923736190467369,0.9055275269422841,0.8872276360191071,0.8580833561736422,0.8338071850708949,0.80113626697976,0.750681645530578,0.7093226698153399,0.663183043099441,0.6164440061446801,0.539945429157759,0.483341869160896,0.42198945194092496,0.36196926181939704,0.298753833401784,0.23857168705572002,0.17188568831499598,0.164446644695248
0.636191248303984,0.829408061478714,0.8967654912659291,0.9304499282857929,0.9565150082923491,0.9755200870931271,0.985612803045471,0.993612346146385,1.0,0.9946763782850179,0.9881023993942679,0.981307348551587,0.9706660732534429,0.955812585014221,0.939326619172138,0.9220337030388901,0.90442394145062,0.8770849508009351,0.854541744028983,0.823685263719693,0.774656712688805,0.7349559679733071,0.690415759855365,0.6450904749662579,0.56794383062121,0.512327310859511,0.452292106219308,0.39105674331131396,0.32946613794899104,0.270993732433023,0.203575073093647,0.18690798860605198
0.617328992471447,0.8151852914001191,0.8830349696326159,0.91721740606528,0.9448932515061759,0.966458510827808,0.9773462312825469,0.986952633653122,0.9946763782850179,1.0,0.994729966371057,0.988720287352566,0.979780750927422,0.9664220614974891,0.95126628712899,0.9344592465784709,0.917702565962578,0.8916434631106479,0.870191641669375,0.8400859828283721,0.791683405619909,0.7528417066415269,0.7089409180098041,0.664056813809223,0.588108019618087,0.531098147548586,0.470901607119324,0.41022336970883005,0.348992999997908,0.29000034428571103,0.22297801689743202,0.203638249901893
0.600916114835219,0.8017397375151059,0.86955139670103,0.905444846322183,0.9337650807321779,0.9572609875858392,0.9683764093648641,0.9790152627425641,0.9881023993942679,0.994729966371057,1.0,0.995240737906789,0.9878461149490779,0.976004562076943,0.9616994931079429,0.945144161447832,0.929291967688159,0.9048233613899909,0.8839832794136859,0.8546956951306899,0.8058648248714709,0.7678953876501871,0.7247653253706241,0.680742986776624,0.60270591865836,0.545901639934373,0.48570843097680205,0.423696983166979,0.362679322479169,0.302743951305783,0.235664164380855,0.213311458076108
0.585182546413848,0.7827963073277329,0.852000579921914,0.8899564670947249,0.9213210936729549,0.9467866578631609,0.958871100114048,0.970250413187257,0.981307348551587,0.988720287352566,0.995240737906789,1.0,0.9946970550328299,0.9846094552399971,0.971186766557924,0.955657734090511,0.9410818776610109,0.9184759442690891,0.8993671692065391,0.872018590939012,0.8252520080950859,0.7892697750847191,0.7480750414247729,0.7048316783647409,0.6271650424550971,0.5708579804949899,0.510158856073075,0.44902412836838795,0.38785765486629503,0.327176875924964,0.25930707971329603,0.23159513676669602
0.5629070599659639,0.758808427545914,0.8293375399707009,0.8702629622214921,0.903811149504822,0.9321772657304,0.9457583571895541,0.9582932593714321,0.9706660732534429,0.979780750927422,0.9878461149490779,0.9946970550328299,1.0,0.994060822963673,0.983001900866397,0.968690469796511,0.9558413866213129,0.934918422532227,0.9173388938180341,0.891349868328604,0.8465316621736759,0.8121557130710719,0.7720389057094599,0.7302087842373081,0.653438952306875,0.5985275261077451,0.5384175851857729,0.47688062667675,0.416846735833161,0.353075246087123,0.286371594954079,0.252148505300487
0.538416936551433,0.7323694708582209,0.804087239079723,0.8472660613281641,0.8821360160825601,0.91283995848261,0.926948802476711,0.941206556729883,0.955812585014221,0.9664220614974891,0.976004562076943,0.9846094552399971,0.994060822963673,1.0,0.9932514898911441,0.9817898553670141,0.971221212074396,0.9544368545500079,0.93932126232777,0.9168601778958951,0.8768513557117601,0.845367769899635,0.8077595676611501,0.768898124559495,0.6925048417355171,0.6380295085044351,0.575204023839375,0.511002266978144,0.45279774759051206,0.38853984728121205,0.31844655560343393,0.274824494708156
0.511424977564951,0.7047069048711759,0.7787266186305719,0.8241465378304829,0.8599211955845552,0.89365857558586,0.9088826433334541,0.923736190467369,0.939326619172138,0.95126628712899,0.9616994931079429,0.971186766557924,0.983001900866397,0.9932514898911441,1.0,0.9937575346718269,0.985726528277685,0.9721233728590308,0.9589911215988621,0.9399578561479541,0.9057891551634321,0.8760609673684259,0.8408936050437009,0.8041565855295141,0.7334455593652671,0.6803312080259051,0.618200702837,0.55331148842915,0.496220822017147,0.429051030488016,0.355175441251418,0.30210315294938106
0.492238168865055,0.679647392659238,0.7550684964918929,0.800313655717427,0.8368710321055791,0.873867749873652,0.890423264338507,0.9055275269422841,0.9220337030388901,0.9344592465784709,0.945144161447832,0.955657734090511,0.968690469796511,0.9817898553670141,0.9937575346718269,1.0,0.9952775192167019,0.9853458232154431,0.974156822536972,0.9577800644830291,0.929225006267136,0.9020659141237941,0.87041366490281,0.836367509967612,0.771246689044231,0.719495499133827,0.6571852266235529,0.5920568048990551,0.537332016938289,0.46903408823945203,0.39260672307686,0.33266237978882396
0.46918283753953205,0.6536633230203189,0.7304297940422649,0.7758770422201771,0.8131516218244169,0.8527068612384291,0.871362269678856,0.8872276360191071,0.90442394145062,0.917702565962578,0.929291967688159,0.9410818776610109,0.9558413866213129,0.971221212074396,0.985726528277685,0.9952775192167019,1.0,0.993854303763698,0.9846543470232941,0.969357851030323,0.942642770824806,0.9163868991644591,0.8858677386722009,0.853052034012851,0.7882081721296049,0.7372619860447991,0.674652281013584,0.60999622937541,0.5577818865320121,0.489968370567968,0.41463702429528204,0.351865125502
0.4410183859239671,0.6196637221866579,0.696782844285448,0.7426851025979159,0.7805379596688441,0.822041999902571,0.840807638450218,0.8580833561736422,0.8770849508009351,0.8916434631106479,0.9048233613899909,0.9184759442690891,0.934918422532227,0.9544368545500079,0.9721233728590308,0.9853458232154431,0.993854303763698,1.0,0.9950511672887828,0.9843945024635409,0.963412433969381,0.940834900172402,0.913901600925005,0.884987900679294,0.8247971325371021,0.7753615813893809,0.713588157255287,0.6484453333148671,0.5970664600752049,0.527760368204985,0.44920616468401997,0.377003253424016
0.414070433933375,0.590268521464741,0.6673018945853979,0.714348215735091,0.7536156557945941,0.7958632664093609,0.81540878618333,0.8338071850708949,0.854541744028983,0.870191641669375,0.8839832794136859,0.8993671692065391,0.9173388938180341,0.93932126232777,0.9589911215988621,0.974156822536972,0.9846543470232941,0.9950511672887828,1.0,0.993587208416928,0.976228308591629,0.9579095001950041,0.934480721248557,0.907990857309235,0.850358604440771,0.802930214460303,0.742370052723169,0.678665921368937,0.625890605046001,0.552567522362438,0.47170039339342296,0.395320105284451
0.381683567480495,0.553314163963472,0.629574506243687,0.6774180378093689,0.718382552994875,0.7616182693825859,0.7811253634434351,0.80113626697976,0.823685263719693,0.8400859828283721,0.8546956951306899,0.872018590939012,0.891349868328604,0.9168601778958951,0.9399578561479541,0.9577800644830291,0.969357851030323,0.9843945024635409,0.993587208416928,1.0,0.990017776712057,0.9770511834660809,0.9589185788282071,0.9376295784640959,0.887054356237499,0.844981583776098,0.7880069459538929,0.7245004800673771,0.6698904215310489,0.591810173574696,0.504258781965643,0.41720167080576703
0.34334969361203105,0.502497841868756,0.5770983697516539,0.624314280330324,0.6653456750948941,0.710776450476158,0.7300220748119391,0.750681645530578,0.774656712688805,0.791683405619909,0.8058648248714709,0.8252520080950859,0.8465316621736759,0.8768513557117601,0.9057891551634321,0.929225006267136,0.942642770824806,0.963412433969381,0.976228308591629,0.990017776712057,1.0,0.993061360172942,0.981857974578106,0.9659837974217181,0.9298912740472058,0.8920680710402149,0.8354230362995559,0.7711179324596171,0.719315333544076,0.637319488010974,0.542116821707697,0.441688718608457
0.311520571344164,0.461828168176329,0.53543139938038,0.5815988966564051,0.622832350930816,0.669013619432304,0.687920354745457,0.7093226698153399,0.7349559679733071,0.7528417066415269,0.7678953876501871,0.7892697750847191,0.8121557130710719,0.845367769899635,0.8760609673684259,0.9020659141237941,0.9163868991644591,0.940834900172402,0.9579095001950041,0.9770511834660809,0.993061360172942,1.0,0.99397646439112,0.9828416755404829,0.9523042034606491,0.921044792970449,0.870841152126893,0.8100771528158299,0.755532359680008,0.6716913477316059,0.570949228821582,0.464758520040875
0.275335890751987,0.41742556854784896,0.48829189273294704,0.534035425821282,0.5751086813663578,0.622491949166508,0.641238171402909,0.663183043099441,0.690415759855365,0.7089409180098041,0.7247653253706241,0.7480750414247729,0.7720389057094599,0.8077595676611501,0.8408936050437009,0.87041366490281,0.8858677386722009,0.913901600925005,0.934480721248557,0.9589185788282071,0.981857974578106,0.99397646439112,1.0,0.993432217897577,0.970979406782611,0.9445150596218119,0.896835749201352,0.836988950760843,0.783144570754269,0.699311473248015,0.592340368480068,0.48256673942939105
0.23664644615015698,0.370504139479015,0.440591967418382,0.48634877132377297,0.528170790757254,0.576097050788244,0.5940147328273709,0.6164440061446801,0.6450904749662579,0.664056813809223,0.680742986776624,0.7048316783647409,0.7302087842373081,0.768898124559495,0.8041565855295141,0.836367509967612,0.853052034012851,0.884987900679294,0.907990857309235,0.9376295784640959,0.9659837974217181,0.9828416755404829,0.993432217897577,1.0,0.983782677761964,0.963600610046805,0.9224562315897771,0.867206409469442,0.813656794916125,0.7304673668808399,0.6193162520662571,0.503230594053701
0.19502918946911,0.30617816428336303,0.37131306335620395,0.41272482741993005,0.45348282911706106,0.5024999681084629,0.51844313177403,0.539945429157759,0.56794383062121,0.588108019618087,0.60270591865836,0.6271650424550971,0.653438952306875,0.6925048417355171,0.7334455593652671,0.771246689044231,0.7882081721296049,0.8247971325371021,0.850358604440771,0.887054356237499,0.9298912740472058,0.9523042034606491,0.970979406782611,0.983782677761964,1.0,0.989109083385999,0.95565104700224,0.9065014063196379,0.854354418698815,0.754819906122604,0.6383465321954,0.507338021387058
0.161669061191872,0.256856464885844,0.319029319008826,0.359435451986745,0.398928624699355,0.44757069752774603,0.461806371650452,0.483341869160896,0.512327310859511,0.531098147548586,0.545901639934373,0.5708579804949899,0.5985275261077451,0.6380295085044351,0.6803312080259051,0.719495499133827,0.7372619860447991,0.7753615813893809,0.802930214460303,0.844981583776098,0.8920680710402149,0.921044792970449,0.9445150596218119,0.963600610046805,0.989109083385999,1.0,0.980580567566898,0.9350533572235219,0.8832319749614529,0.7778046789659301,0.655630973874326,0.5194518620649421
0.121303691754914,0.20199636853231198,0.262907640663256,0.30072470862921996,0.340299818347693,0.38773892626387896,0.40111696751007403,0.42198945194092496,0.452292106219308,0.470901607119324,0.48570843097680205,0.510158856073075,0.5384175851857729,0.575204023839375,0.618200702837,0.6571852266235529,0.674652281013584,0.713588157255287,0.742370052723169,0.7880069459538929,0.8354230362995559,0.870841152126893,0.896835749201352,0.9224562315897771,0.95565104700224,0.980580567566898,1.0,0.973089623042364,0.928062481417793,0.8255828272690341,0.6985785588470601,0.562299356997312
0.0874222117000684,0.15225362407418802,0.20761830905326395,0.243815847447442,0.28194682837210605,0.327277072531689,0.34191803291585104,0.36196926181939704,0.39105674331131396,0.41022336970883005,0.423696983166979,0.44902412836838795,0.47688062667675,0.511002266978144,0.55331148842915,0.5920568048990551,0.60999622937541,0.6484453333148671,0.678665921368937,0.7245004800673771,0.7711179324596171,0.8100771528158299,0.836988950760843,0.867206409469442,0.9065014063196379,0.9350533572235219,0.973089623042364,1.0,0.9620606253717141,0.8677331658749821,0.7478473644669008,0.5990749472356109
0.0379482587951522,0.0889594920444441,0.141255363364416,0.17591345338387898,0.21527445857077301,0.262746890803344,0.279757620993072,0.298753833401784,0.32946613794899104,0.348992999997908,0.362679322479169,0.38785765486629503,0.416846735833161,0.45279774759051206,0.496220822017147,0.537332016938289,0.5577818865320121,0.5970664600752049,0.625890605046001,0.6698904215310489,0.719315333544076,0.755532359680008,0.783144570754269,0.813656794916125,0.854354418698815,0.8832319749614529,0.928062481417793,0.9620606253717141,1.0,0.929782581549852,0.812061331637371,0.6416453292026589
0.0050338503288219205,0.0215548340510913,0.0753508853976663,0.11052306639827,0.15109929671749403,0.19838746686421,0.21735957794312302,0.23857168705572002,0.270993732433023,0.29000034428571103,0.302743951305783,0.327176875924964,0.353075246087123,0.38853984728121205,0.429051030488016,0.46903408823945203,0.489968370567968,0.527760368204985,0.552567522362438,0.591810173574696,0.637319488010974,0.6716913477316059,0.699311473248015,0.7304673668808399,0.754819906122604,0.7778046789659301,0.8255828272690341,0.8677331658749821,0.929782581549852,1.0,0.898910030638202,0.713083885636859
0.0626549716382157,0.0449132278303976,0.0114608709331826,0.0444260500062399,0.0798571946547532,0.126364018489192,0.148799693118225,0.17188568831499598,0.203575073093647,0.22297801689743202,0.235664164380855,0.25930707971329603,0.286371594954079,0.31844655560343393,0.355175441251418,0.39260672307686,0.41463702429528204,0.44920616468401997,0.47170039339342296,0.504258781965643,0.542116821707697,0.570949228821582,0.592340368480068,0.6193162520662571,0.6383465321954,0.655630973874326,0.6985785588470601,0.7478473644669008,0.812061331637371,0.898910030638202,1.0,0.793065273592103
0.0382724859444316,0.0113945798532175,0.0333182492335677,0.0621894362703028,0.0887105990550649,0.124173005865935,0.14591165919506197,0.164446644695248,0.18690798860605198,0.203638249901893,0.213311458076108,0.23159513676669602,0.252148505300487,0.274824494708156,0.30210315294938106,0.33266237978882396,0.351865125502,0.377003253424016,0.395320105284451,0.41720167080576703,0.441688718608457,0.464758520040875,0.48256673942939105,0.503230594053701,0.507338021387058,0.5194518620649421,0.562299356997312,0.5990749472356109,0.6416453292026589,0.713083885636859,0.793065273592103,1.0
