1.0,0.9054598710938421,0.872153943591972,0.8563486161195729,0.8420992738498969,0.829857818245932,0.817344830943196,0.805072651896653,0.799540692887775,0.788329588447558,0.7794063885001891,0.7676116413302461,0.756227464360577,0.74575595476234,0.733002413879956,0.7225993973536071,0.7148293609993871,0.7052013870878109,0.692434007305778,0.680631795882757,0.667436068784942,0.656200734868363,0.643819606178766,0.6287007274338829,0.614185407694184,0.5980263780229139,0.5794946524940671,0.5599183264622579,0.5246461616995679,0.474950656837527,0.35591155317433903,0.0727892008127744
0.9054598710938421,1.0,0.9792299884724591,0.966166924067907,0.9569647914318621,0.950313807564353,0.940740253183984,0.9308700012115749,0.9252624876884908,0.917161241407324,0.9095832686667401,0.901137818860185,0.8926128902086179,0.883871924810841,0.873188191258714,0.8643948039019191,0.85705126285182,0.848503483438943,0.8363410753245529,0.8262071432644741,0.8140930586524509,0.804446313569293,0.792443269663131,0.7776537467661201,0.7627507149839928,0.747037435165418,0.7266806017253772,0.705794732313016,0.668189312278755,0.6126558467682571,0.48446479030582895,0.155464596657044
0.872153943591972,0.9792299884724591,1.0,0.989729214031556,0.982519624111385,0.9766116074400569,0.9696790713498341,0.961638274714756,0.956018042087271,0.9491274166078622,0.9424051110031809,0.9350430842380799,0.927820922471016,0.92044933826939,0.911005370045287,0.902836752536688,0.8964808213207629,0.8890741385007841,0.878575500398921,0.8689553894586559,0.8575258018885171,0.8482677415432741,0.8378182639249431,0.8247655485425641,0.8108338479034731,0.7957705501075519,0.775839561587474,0.7546932266468119,0.7169807414954791,0.6597957789983521,0.525201385804521,0.17600654246868397
0.8563486161195729,0.966166924067907,0.989729214031556,1.0,0.993739531648881,0.987931406074665,0.9831473464757231,0.9763369462053001,0.9704744643038671,0.9638849083614319,0.957823247221565,0.9509462116417259,0.9435966661403901,0.9362832031651391,0.927546155701641,0.919819759911228,0.913597829893158,0.9064010375853091,0.896287203109735,0.887461421022894,0.8766824022536829,0.867947273202088,0.858270438122989,0.846102659812904,0.83192089244249,0.8173155677427909,0.7982704957762461,0.7780267205866199,0.7406980741704929,0.683487723053104,0.55081198080959,0.20011383540709599
0.8420992738498969,0.9569647914318621,0.982519624111385,0.993739531648881,1.0,0.9951494440697679,0.990338068665379,0.984539526302422,0.978968090948765,0.973198312055473,0.9675243806557741,0.960974504787723,0.9543325256262049,0.947408048341572,0.9390740381413589,0.9316871990144259,0.9253738986548481,0.9183778361751289,0.908656646471965,0.900826825797394,0.8909876952550491,0.8830463503090631,0.874115814045821,0.862505609175005,0.849108117216885,0.8352598021751579,0.816677220173538,0.795986059366398,0.7600563958299521,0.702086877642673,0.56844612566233,0.211249170019717
0.829857818245932,0.950313807564353,0.9766116074400569,0.987931406074665,0.9951494440697679,1.0,0.996366243547814,0.991469201276761,0.9863839745739821,0.980836642585778,0.975401153534786,0.9692294541854181,0.962909784502564,0.956393335452802,0.9488423447291351,0.941740464657035,0.9351340659474551,0.9280949673327571,0.9186741637485909,0.9110905755894392,0.901712149367643,0.8942753677150691,0.8855082586703621,0.874663858162591,0.861895570357473,0.848516086269331,0.8304278832004829,0.8101391458323659,0.7758869700606899,0.7194014051686841,0.586045735885353,0.227625219351452
0.817344830943196,0.940740253183984,0.9696790713498341,0.9831473464757231,0.990338068665379,0.996366243547814,1.0,0.996725948367279,0.9923112774857942,0.9870957783476471,0.9817455982378891,0.9759619813242478,0.9697019736224199,0.963592919992361,0.9562424538204191,0.9497365213906189,0.9435440965219078,0.9369822798811741,0.928587002911324,0.9216443014995909,0.912834423167436,0.9059644942163829,0.8976550785911991,0.8873585907769279,0.8748174312057879,0.8618661362300071,0.844630308137167,0.8253102870661959,0.7917372053220161,0.7366856263518241,0.60327919571015,0.241559349519849
0.805072651896653,0.9308700012115749,0.961638274714756,0.9763369462053001,0.984539526302422,0.991469201276761,0.996725948367279,1.0,0.9972726379272379,0.9934824171736311,0.9889123816369221,0.9837388408310831,0.9779969978890241,0.972029450863785,0.965144546908379,0.9586802880913541,0.9525164695130269,0.9464309821995529,0.938720812364412,0.932124047523495,0.923891093220032,0.917585880915186,0.9097728631370849,0.9001563473585691,0.8884814810961279,0.876567450337441,0.8599775644146942,0.8414816882927321,0.808185939129712,0.754154231802389,0.622075363459532,0.258484890020378
0.799540692887775,0.9252624876884908,0.956018042087271,0.9704744643038671,0.978968090948765,0.9863839745739821,0.9923112774857942,0.9972726379272379,1.0,0.997397028782088,0.993675078749398,0.9892237019900291,0.984121404195396,0.9782069646205759,0.97160043287855,0.965327905169873,0.9593518592848821,0.953511671360749,0.94619074838994,0.93975184879647,0.932072656091011,0.9259528416737071,0.9184989489402071,0.9094184749080991,0.8982767341640191,0.886467066882437,0.870481958518375,0.85252154458352,0.8198001359543019,0.767227843863244,0.63518550143024,0.26818513376883396
0.788329588447558,0.917161241407324,0.9491274166078622,0.9638849083614319,0.973198312055473,0.980836642585778,0.9870957783476471,0.9934824171736311,0.997397028782088,1.0,0.997499137820379,0.993857872542408,0.989350976803284,0.984096368090467,0.9781266276945259,0.9722255094621558,0.966622772771583,0.961263131353089,0.954096588917466,0.948036058337382,0.940814816623085,0.934968586992475,0.927825433177525,0.9191699760027879,0.909088073809527,0.8979561640200991,0.882713704188596,0.8649670615125291,0.833097279346212,0.7820420210743759,0.6516810052656371,0.283604352690555
0.7794063885001891,0.9095832686667401,0.9424051110031809,0.957823247221565,0.9675243806557741,0.975401153534786,0.9817455982378891,0.9889123816369221,0.993675078749398,0.997499137820379,1.0,0.9977883263078029,0.9942124882179459,0.9900496114622059,0.9850167469847271,0.979734136176548,0.9745014117423559,0.9695429851230949,0.9629061976530211,0.9571408422660941,0.9502959335510061,0.9445283478792759,0.937511895743922,0.9291452636953721,0.919346501806971,0.9086510104961251,0.8939238131307091,0.8770413314811121,0.845647511975367,0.7962958080478031,0.6678894432845239,0.299363980126227
0.7676116413302461,0.901137818860185,0.9350430842380799,0.9509462116417259,0.960974504787723,0.9692294541854181,0.9759619813242478,0.9837388408310831,0.9892237019900291,0.993857872542408,0.9977883263078029,1.0,0.9977154313343941,0.994486180714907,0.990091411245079,0.985352075396332,0.9805244895876741,0.976077251270404,0.969807032833594,0.9643995764935671,0.957874531237945,0.952006938754416,0.9454146577804521,0.937772567169859,0.9282878112311239,0.9181202745367428,0.9040437359238499,0.887395610755004,0.8571614707423849,0.8094219401181708,0.682365154068474,0.316455154867574
0.756227464360577,0.8926128902086179,0.927820922471016,0.9435966661403901,0.9543325256262049,0.962909784502564,0.9697019736224199,0.9779969978890241,0.984121404195396,0.989350976803284,0.9942124882179459,0.9977154313343941,1.0,0.9978279879622309,0.9943252577618911,0.990427530215786,0.9860933895871271,0.981766593482697,0.9759348037797829,0.9710309966580909,0.964797321766634,0.9592393526094821,0.9527155204280959,0.945670154322504,0.936898842153772,0.9269018189037339,0.913049687970882,0.8966236282782641,0.8671814676505859,0.820921852781663,0.694832522061687,0.326735499392477
0.74575595476234,0.883871924810841,0.92044933826939,0.9362832031651391,0.947408048341572,0.956393335452802,0.963592919992361,0.972029450863785,0.9782069646205759,0.984096368090467,0.9900496114622059,0.994486180714907,0.9978279879622309,1.0,0.9980075409791771,0.9949107052739309,0.9910654845362941,0.9873087428235909,0.982114483529328,0.9777908372087081,0.971923528674057,0.9668766581249909,0.9608794285593081,0.954269088840835,0.9460807000837579,0.9365911599930409,0.9236838535784592,0.9076706010141259,0.879248770406213,0.8341516346317559,0.709143159544822,0.34500962437769206
0.733002413879956,0.873188191258714,0.911005370045287,0.927546155701641,0.9390740381413589,0.9488423447291351,0.9562424538204191,0.965144546908379,0.97160043287855,0.9781266276945259,0.9850167469847271,0.990091411245079,0.9943252577618911,0.9980075409791771,1.0,0.998220115328381,0.995187259157753,0.9918677901171371,0.987437123471881,0.9834737122564681,0.9781731216923979,0.97359499941235,0.9682581332206359,0.961926466355816,0.954301100930827,0.945507695718841,0.9330164185424871,0.9176966748906089,0.890444405045705,0.8469041496535671,0.723904943423515,0.360388131586932
0.7225993973536071,0.8643948039019191,0.902836752536688,0.919819759911228,0.9316871990144259,0.941740464657035,0.9497365213906189,0.9586802880913541,0.965327905169873,0.9722255094621558,0.979734136176548,0.985352075396332,0.990427530215786,0.9949107052739309,0.998220115328381,1.0,0.9981749661544691,0.995547872847332,0.9919289124694879,0.9885232808621751,0.9835945588063479,0.9791360704021959,0.9741278876788371,0.968150778176295,0.9606784390593491,0.9523148466257321,0.940394209976362,0.9257121904210551,0.899290298990279,0.8568293622437579,0.7347318394828041,0.37630354457726894
0.7148293609993871,0.85705126285182,0.8964808213207629,0.913597829893158,0.9253738986548481,0.9351340659474551,0.9435440965219078,0.9525164695130269,0.9593518592848821,0.966622772771583,0.9745014117423559,0.9805244895876741,0.9860933895871271,0.9910654845362941,0.995187259157753,0.9981749661544691,1.0,0.9981838290072601,0.9951523443896421,0.9921792747909319,0.987500220687245,0.9831004999680379,0.9784483594999119,0.9727064164412099,0.965547431678108,0.95761040005458,0.9463784777516658,0.9324527981001859,0.9068277278755871,0.865819867891243,0.7452861568366991,0.38644066997744203
0.7052013870878109,0.848503483438943,0.8890741385007841,0.9064010375853091,0.9183778361751289,0.9280949673327571,0.9369822798811741,0.9464309821995529,0.953511671360749,0.961263131353089,0.9695429851230949,0.976077251270404,0.981766593482697,0.9873087428235909,0.9918677901171371,0.995547872847332,0.9981838290072601,1.0,0.99787867035572,0.995171281675259,0.991001043914751,0.98682467858125,0.9824658184789631,0.977189233130682,0.970529123856215,0.963104259597683,0.952452470108947,0.939290714930997,0.914810783127438,0.8747705560973291,0.7555478358873771,0.39956838516731397
0.692434007305778,0.8363410753245529,0.878575500398921,0.896287203109735,0.908656646471965,0.9186741637485909,0.928587002911324,0.938720812364412,0.94619074838994,0.954096588917466,0.9629061976530211,0.969807032833594,0.9759348037797829,0.982114483529328,0.987437123471881,0.9919289124694879,0.9951523443896421,0.99787867035572,1.0,0.9981887192358921,0.995114758852958,0.9915420438385341,0.9880426091354569,0.983386755610366,0.9772816870885229,0.97011836644576,0.9602959191744499,0.9483460962550359,0.925019680947918,0.8866996601685799,0.768993056675393,0.41565017940870397
0.680631795882757,0.8262071432644741,0.8689553894586559,0.887461421022894,0.900826825797394,0.9110905755894392,0.9216443014995909,0.932124047523495,0.93975184879647,0.948036058337382,0.9571408422660941,0.9643995764935671,0.9710309966580909,0.9777908372087081,0.9834737122564681,0.9885232808621751,0.9921792747909319,0.995171281675259,0.9981887192358921,1.0,0.997886843820254,0.9950134459815558,0.9921082585087441,0.987900017482107,0.9821579921142009,0.975568443570631,0.9662460976730721,0.9551160596307281,0.9325752013786278,0.894330053688351,0.7775714268631541,0.425853952205486
0.667436068784942,0.8140930586524509,0.8575258018885171,0.8766824022536829,0.8909876952550491,0.901712149367643,0.912834423167436,0.923891093220032,0.932072656091011,0.940814816623085,0.9502959335510061,0.957874531237945,0.964797321766634,0.971923528674057,0.9781731216923979,0.9835945588063479,0.987500220687245,0.991001043914751,0.995114758852958,0.997886843820254,1.0,0.998071711023923,0.9955156110034691,0.9919927659051558,0.9868396208214959,0.980808467141673,0.9725992367345708,0.961797788598673,0.9402602646323921,0.904035393024844,0.7904744224764971,0.444161562374871
0.656200734868363,0.804446313569293,0.8482677415432741,0.867947273202088,0.8830463503090631,0.8942753677150691,0.9059644942163829,0.917585880915186,0.9259528416737071,0.934968586992475,0.9445283478792759,0.952006938754416,0.9592393526094821,0.9668766581249909,0.97359499941235,0.9791360704021959,0.9831004999680379,0.98682467858125,0.9915420438385341,0.9950134459815558,0.998071711023923,1.0,0.9979240064664621,0.994959870097827,0.990685975076463,0.985392736808182,0.977546656630673,0.9673191734762199,0.947449491535908,0.912410688917415,0.8015569504765649,0.45485965235594605
0.643819606178766,0.792443269663131,0.8378182639249431,0.858270438122989,0.874115814045821,0.8855082586703621,0.8976550785911991,0.9097728631370849,0.9184989489402071,0.927825433177525,0.937511895743922,0.9454146577804521,0.9527155204280959,0.9608794285593081,0.9682581332206359,0.9741278876788371,0.9784483594999119,0.9824658184789631,0.9880426091354569,0.9921082585087441,0.9955156110034691,0.9979240064664621,1.0,0.9979287553517421,0.9942670702359999,0.9896231586790709,0.9823010876807299,0.973094352626114,0.9544439241269491,0.9204582751321991,0.8113299445302379,0.4671231992507629
0.6287007274338829,0.7776537467661201,0.8247655485425641,0.846102659812904,0.862505609175005,0.874663858162591,0.8873585907769279,0.9001563473585691,0.9094184749080991,0.9191699760027879,0.9291452636953721,0.937772567169859,0.945670154322504,0.954269088840835,0.961926466355816,0.968150778176295,0.9727064164412099,0.977189233130682,0.983386755610366,0.987900017482107,0.9919927659051558,0.994959870097827,0.9979287553517421,1.0,0.9973458332800259,0.993555288729876,0.9869601518138671,0.978284980165545,0.9609124776992599,0.9280244785939641,0.820197190650986,0.47805859889598495
0.614185407694184,0.7627507149839928,0.8108338479034731,0.83192089244249,0.849108117216885,0.861895570357473,0.8748174312057879,0.8884814810961279,0.8982767341640191,0.909088073809527,0.919346501806971,0.9282878112311239,0.936898842153772,0.9460807000837579,0.954301100930827,0.9606784390593491,0.965547431678108,0.970529123856215,0.9772816870885229,0.9821579921142009,0.9868396208214959,0.990685975076463,0.9942670702359999,0.9973458332800259,1.0,0.9973777631457191,0.99166051701925,0.9843642925174201,0.969108502111482,0.939052538808032,0.8363714687485029,0.49779208771838107
0.5980263780229139,0.747037435165418,0.7957705501075519,0.8173155677427909,0.8352598021751579,0.848516086269331,0.8618661362300071,0.876567450337441,0.886467066882437,0.8979561640200991,0.9086510104961251,0.9181202745367428,0.9269018189037339,0.9365911599930409,0.945507695718841,0.9523148466257321,0.95761040005458,0.963104259597683,0.97011836644576,0.975568443570631,0.980808467141673,0.985392736808182,0.9896231586790709,0.993555288729876,0.9973777631457191,1.0,0.9960274155138279,0.989755076792829,0.9758805570563841,0.947222579361993,0.849034160725272,0.516781235254264
0.5794946524940671,0.7266806017253772,0.775839561587474,0.7982704957762461,0.816677220173538,0.8304278832004829,0.844630308137167,0.8599775644146942,0.870481958518375,0.882713704188596,0.8939238131307091,0.9040437359238499,0.913049687970882,0.9236838535784592,0.9330164185424871,0.940394209976362,0.9463784777516658,0.952452470108947,0.9602959191744499,0.9662460976730721,0.9725992367345708,0.977546656630673,0.9823010876807299,0.9869601518138671,0.99166051701925,0.9960274155138279,1.0,0.995314147281209,0.984581531750249,0.958388909982478,0.8643409763207479,0.547985804755229
0.5599183264622579,0.705794732313016,0.7546932266468119,0.7780267205866199,0.795986059366398,0.8101391458323659,0.8253102870661959,0.8414816882927321,0.85252154458352,0.8649670615125291,0.8770413314811121,0.887395610755004,0.8966236282782641,0.9076706010141259,0.9176966748906089,0.9257121904210551,0.9324527981001859,0.939290714930997,0.9483460962550359,0.9551160596307281,0.961797788598673,0.9673191734762199,0.973094352626114,0.978284980165545,0.9843642925174201,0.989755076792829,0.995314147281209,1.0,0.9915958657437048,0.9687377793579909,0.8815872207501521,0.566353236092741
0.5246461616995679,0.668189312278755,0.7169807414954791,0.7406980741704929,0.7600563958299521,0.7758869700606899,0.7917372053220161,0.808185939129712,0.8198001359543019,0.833097279346212,0.845647511975367,0.8571614707423849,0.8671814676505859,0.879248770406213,0.890444405045705,0.899290298990279,0.9068277278755871,0.914810783127438,0.925019680947918,0.9325752013786278,0.9402602646323921,0.947449491535908,0.9544439241269491,0.9609124776992599,0.969108502111482,0.9758805570563841,0.984581531750249,0.9915958657437048,1.0,0.984738223668379,0.9086062314935891,0.6136320891456191
0.474950656837527,0.6126558467682571,0.6597957789983521,0.683487723053104,0.702086877642673,0.7194014051686841,0.7366856263518241,0.754154231802389,0.767227843863244,0.7820420210743759,0.7962958080478031,0.8094219401181708,0.820921852781663,0.8341516346317559,0.8469041496535671,0.8568293622437579,0.865819867891243,0.8747705560973291,0.8866996601685799,0.894330053688351,0.904035393024844,0.912410688917415,0.9204582751321991,0.9280244785939641,0.939052538808032,0.947222579361993,0.958388909982478,0.9687377793579909,0.984738223668379,1.0,0.950901904083987,0.6715046683310911
0.35591155317433903,0.48446479030582895,0.525201385804521,0.55081198080959,0.56844612566233,0.586045735885353,0.60327919571015,0.622075363459532,0.63518550143024,0.6516810052656371,0.6678894432845239,0.682365154068474,0.694832522061687,0.709143159544822,0.723904943423515,0.7347318394828041,0.7452861568366991,0.7555478358873771,0.768993056675393,0.7775714268631541,0.7904744224764971,0.8015569504765649,0.8113299445302379,0.820197190650986,0.8363714687485029,0.849034160725272,0.8643409763207479,0.8815872207501521,0.9086062314935891,0.950901904083987,1.0,0.730039818101329
0.0727892008127744,0.155464596657044,0.17600654246868397,0.20011383540709599,0.211249170019717,0.227625219351452,0.241559349519849,0.258484890020378,0.26818513376883396,0.283604352690555,0.299363980126227,0.316455154867574,0.326735499392477,0.34500962437769206,0.360388131586932,0.37630354457726894,0.38644066997744203,0.39956838516731397,0.41565017940870397,0.425853952205486,0.444161562374871,0.45485965235594605,0.4671231992507629,0.47805859889598495,0.49779208771838107,0.516781235254264,0.547985804755229,0.566353236092741,0.6136320891456191,0.6715046683310911,0.730039818101329,1.0
