1.0,0.8691109055534131,0.8454693159548291,0.8366335454239281,0.82734618230332,0.8193199037338191,0.81234484667882,0.800737547724366,0.7932961514887451,0.7873495496253431,0.783804292038683,0.7791881454326941,0.7743742200439989,0.7722037644738491,0.768042305311996,0.76389718522562,0.76050193362718,0.7554871169299291,0.751639472709042,0.7456376249506541,0.7392747854909691,0.731576488481072,0.7264401745098671,0.7173214238258829,0.710699812861785,0.6996075255774761,0.686309074756394,0.671399602784444,0.660514615264776,0.618814839533878,0.34188486214660396,0.0043569240829123
0.8691109055534131,1.0,0.9757880159210509,0.962161880049573,0.9530811069707019,0.946596142202899,0.942170833858899,0.934914387816109,0.9305154105638571,0.926536503593354,0.9232889922033849,0.9209295569018,0.9177828188893979,0.9152095080027259,0.9103631770508019,0.906774798378042,0.90162904516858,0.896113574494322,0.8923146936692409,0.8867252203204941,0.8806752325842578,0.87388781482722,0.869542114030475,0.863311137892389,0.8545422731170942,0.8452840012292191,0.83439226610233,0.819572355525136,0.8077154718623659,0.756522482750201,0.499591703731919,0.0448815762808428
0.8454693159548291,0.9757880159210509,1.0,0.987874310811384,0.9795748776387979,0.9731131720360741,0.9699255341187439,0.9639158267668458,0.9598651069290319,0.955953464351009,0.952680039502565,0.950099377311693,0.9469923385897858,0.9446206754210229,0.939970663935627,0.935434424226096,0.9299406047108469,0.924713629221795,0.9214568464325992,0.9163136694957671,0.911293433380295,0.904297786027823,0.899230513424198,0.8944910102085071,0.8870765278423791,0.877542431440832,0.8669984348005191,0.8514810540493721,0.83925624033963,0.789550300178084,0.5322703562838329,0.058353371499666
0.8366335454239281,0.962161880049573,0.987874310811384,1.0,0.991931834347516,0.9860512581280259,0.981715907336634,0.975203555524202,0.9719343982789291,0.9680599891645,0.9650187935328659,0.962380350549982,0.959153108920732,0.956543241827582,0.9524572848310341,0.947803349735261,0.9422509091188299,0.937725680553168,0.9346913237940179,0.9298038694646651,0.924991376605933,0.9187979530844399,0.914012829523263,0.9099408614726229,0.9034393611746558,0.895095649934078,0.88488270545967,0.8700491685186149,0.8581499888573431,0.808834776490588,0.545294907229536,0.0631984331586582
0.82734618230332,0.9530811069707019,0.9795748776387979,0.991931834347516,1.0,0.9953207229095191,0.9912810413176179,0.985121317112908,0.9815443312640301,0.9781962940705559,0.9748366273733079,0.9722003736878281,0.968568070885729,0.965184161475157,0.961081451558702,0.9563723616624391,0.951354704350048,0.94690618735429,0.9438036143132241,0.938836674544103,0.9344453395876129,0.9287938963825241,0.923841261122144,0.919934021111744,0.913260728377269,0.9053251482507679,0.895528533882917,0.8804702203271559,0.8693889330851391,0.8190671474512091,0.5518993799590339,0.0705199831668083
0.8193199037338191,0.946596142202899,0.9731131720360741,0.9860512581280259,0.9953207229095191,1.0,0.995846044866193,0.9906360218228291,0.986659074072374,0.9832383977818578,0.9800289175760358,0.977290131148606,0.974032191965297,0.970685768084124,0.9666387478531558,0.961471303400885,0.956863582614681,0.952713219708048,0.949519004327783,0.944869488103271,0.9407484624362679,0.935290927685186,0.9310092026780591,0.927543943337086,0.920548363994558,0.912982081140265,0.9036400838579041,0.889301480279065,0.878114333955227,0.828984739488886,0.565256991653306,0.0776677192835459
0.81234484667882,0.942170833858899,0.9699255341187439,0.981715907336634,0.9912810413176179,0.995846044866193,1.0,0.9956283844022299,0.9915800113318679,0.9881294715478199,0.984636143934167,0.981662586732176,0.9784520799746992,0.974804353834818,0.970614899976438,0.9653198951252459,0.960313292337984,0.9561400827710781,0.9529934196335269,0.948881986495224,0.945103687319281,0.939797592826899,0.9357208763883929,0.932694685610476,0.9262613891142372,0.9189861461113891,0.909547013190032,0.896019214725886,0.8846151591543929,0.835219675104371,0.5744251272248001,0.0794364594869574
0.800737547724366,0.934914387816109,0.9639158267668458,0.975203555524202,0.985121317112908,0.9906360218228291,0.9956283844022299,1.0,0.996547120221107,0.9931342178336809,0.989877968486795,0.9867390631567399,0.983490377471635,0.9798684071285378,0.9757882265084359,0.970537965589293,0.9655304031411591,0.9612752471473779,0.95781132339063,0.954348837851585,0.9506438605726801,0.945346522593741,0.941368131765787,0.9386829321639079,0.932581251640415,0.9257889331672942,0.9169664986976009,0.904196405287159,0.8927766744735458,0.8451387364048292,0.593598682068724,0.0880619054948505
0.7932961514887451,0.9305154105638571,0.9598651069290319,0.9719343982789291,0.9815443312640301,0.986659074072374,0.9915800113318679,0.996547120221107,1.0,0.9974175349777429,0.994346604808626,0.9908769882331179,0.987632992452031,0.984113648442803,0.9803137820009721,0.9747895830248872,0.9697192708160309,0.9654861786749209,0.962193111199563,0.95870757927036,0.955495803603007,0.9500866501807299,0.9461707260196641,0.9434469485094,0.9374458218512641,0.9314000262392521,0.922911639771691,0.9111757553621909,0.9004039595441529,0.853539775718207,0.607758828377462,0.0972472366419548
0.7873495496253431,0.926536503593354,0.955953464351009,0.9680599891645,0.9781962940705559,0.9832383977818578,0.9881294715478199,0.9931342178336809,0.9974175349777429,1.0,0.997395218319267,0.99410104480374,0.9904099440195,0.986725601645965,0.982582885469494,0.9768681499932459,0.972073051377413,0.9677959488142671,0.964057326591667,0.9605825794389549,0.9574169872044599,0.9520891813203891,0.948461790497464,0.946015460545138,0.939939086517322,0.9343401636365061,0.9266382932190479,0.91500392247709,0.9037539571646871,0.8574445124661909,0.6126797575183499,0.0977965102899872
0.783804292038683,0.9232889922033849,0.952680039502565,0.9650187935328659,0.9748366273733079,0.9800289175760358,0.984636143934167,0.989877968486795,0.994346604808626,0.997395218319267,1.0,0.9975162036317009,0.994158498730927,0.9904321025399141,0.986541595110693,0.9809198151299531,0.9761809951770359,0.9717136820538042,0.967844135241628,0.964225157170094,0.9608347636447621,0.9554829153483521,0.95125736641137,0.9485524948936708,0.942882384790086,0.9375427903895479,0.930140375835623,0.9186015998782701,0.907950992956149,0.863058563933718,0.618209115790243,0.10540298861691401
0.7791881454326941,0.9209295569018,0.950099377311693,0.962380350549982,0.9722003736878281,0.977290131148606,0.981662586732176,0.9867390631567399,0.9908769882331179,0.99410104480374,0.9975162036317009,1.0,0.9975284201880691,0.994150419521792,0.99024042406456,0.984798136886124,0.9801518988541809,0.975531167866865,0.971671282774052,0.967884405893774,0.9643893465957671,0.959223868857272,0.954803984389994,0.9518419325541558,0.9463017478036191,0.940892230242882,0.93365977050003,0.9216024077864928,0.911139687877258,0.8663468778662451,0.621684111356068,0.102763842794941
0.7743742200439989,0.9177828188893979,0.9469923385897858,0.959153108920732,0.968568070885729,0.974032191965297,0.9784520799746992,0.983490377471635,0.987632992452031,0.9904099440195,0.994158498730927,0.9975284201880691,1.0,0.9974803513122981,0.99378697633954,0.988779404261354,0.984382248632897,0.980056756980697,0.975988938394052,0.9722368314928821,0.96880624644681,0.9638514788206519,0.9595066220209691,0.956308893781154,0.9509116138514079,0.9454904299730691,0.9383006831530641,0.926692749382939,0.916555929654417,0.8727644183827951,0.6305069406256021,0.107072307130358
0.7722037644738491,0.9152095080027259,0.9446206754210229,0.956543241827582,0.965184161475157,0.970685768084124,0.974804353834818,0.9798684071285378,0.984113648442803,0.986725601645965,0.9904321025399141,0.994150419521792,0.9974803513122981,1.0,0.997569072271929,0.993762109104342,0.98988121180907,0.9856079789199391,0.9814393907269571,0.9777445472686899,0.973896893601494,0.9687715598592159,0.964491868202199,0.961347067349833,0.95628629571842,0.950582782593438,0.9433254128964259,0.9323492299760191,0.9219395642551121,0.8785561996925201,0.6383037896141079,0.11312839387946902
0.768042305311996,0.9103631770508019,0.939970663935627,0.9524572848310341,0.961081451558702,0.9666387478531558,0.970614899976438,0.9757882265084359,0.9803137820009721,0.982582885469494,0.986541595110693,0.99024042406456,0.99378697633954,0.997569072271929,1.0,0.99755983681963,0.994088913096102,0.9897230639293051,0.985477336672543,0.981729003813218,0.977751253293014,0.9725527415266391,0.967896264939113,0.9646392007736779,0.959833350937169,0.9543058646388369,0.946968766335113,0.936471736350149,0.925924116806968,0.8827455353526551,0.64442374417336,0.11499143279029402
0.76389718522562,0.906774798378042,0.935434424226096,0.947803349735261,0.9563723616624391,0.961471303400885,0.9653198951252459,0.970537965589293,0.9747895830248872,0.9768681499932459,0.9809198151299531,0.984798136886124,0.988779404261354,0.993762109104342,0.99755983681963,1.0,0.9976086034687079,0.993796411953415,0.989721274796347,0.9860831944220669,0.981664047479388,0.9766478416871421,0.9720777100499549,0.968500518929169,0.9639850402999641,0.9582674158692,0.950920155207198,0.9406719340537691,0.9304517118941792,0.8869905279115049,0.6474011896839511,0.11422830408594001
0.76050193362718,0.90162904516858,0.9299406047108469,0.9422509091188299,0.951354704350048,0.956863582614681,0.960313292337984,0.9655304031411591,0.9697192708160309,0.972073051377413,0.9761809951770359,0.9801518988541809,0.984382248632897,0.98988121180907,0.994088913096102,0.9976086034687079,1.0,0.9975021007486551,0.9938287195531559,0.990087549055631,0.9858601022642229,0.9812398833777299,0.9767528489984221,0.9730481068256059,0.968546890409136,0.963307618505846,0.9555561404746351,0.945906155715833,0.9356154639499709,0.892986959304951,0.6564105920925369,0.11824570772164998
0.7554871169299291,0.896113574494322,0.924713629221795,0.937725680553168,0.94690618735429,0.952713219708048,0.9561400827710781,0.9612752471473779,0.9654861786749209,0.9677959488142671,0.9717136820538042,0.975531167866865,0.980056756980697,0.9856079789199391,0.9897230639293051,0.993796411953415,0.9975021007486551,1.0,0.997633106803312,0.994259749893221,0.9904042479687092,0.98598203303151,0.981710438250245,0.9778647807953,0.9732330624863971,0.9675757909471999,0.9594555920920921,0.9499746090171071,0.93914950061327,0.8964941054553729,0.660967217987261,0.12033608652744901
0.751639472709042,0.8923146936692409,0.9214568464325992,0.9346913237940179,0.9438036143132241,0.949519004327783,0.9529934196335269,0.95781132339063,0.962193111199563,0.964057326591667,0.967844135241628,0.971671282774052,0.975988938394052,0.9814393907269571,0.985477336672543,0.989721274796347,0.9938287195531559,0.997633106803312,1.0,0.9975587021771399,0.994402395234352,0.9900784992263721,0.98572561435697,0.9815191756220729,0.977034228730228,0.97150168481999,0.9636033704195001,0.9538241580309251,0.943215434430644,0.901000358551063,0.665179598274292,0.11746297357252698
0.7456376249506541,0.8867252203204941,0.9163136694957671,0.9298038694646651,0.938836674544103,0.944869488103271,0.948881986495224,0.954348837851585,0.95870757927036,0.9605825794389549,0.964225157170094,0.967884405893774,0.9722368314928821,0.9777445472686899,0.981729003813218,0.9860831944220669,0.990087549055631,0.994259749893221,0.9975587021771399,1.0,0.9975872697793101,0.993866566867042,0.9896054764467621,0.9857751340020608,0.9812571364934219,0.97547078117702,0.9679934607852549,0.9583831268646021,0.947665850176726,0.9067089857208079,0.673953817791561,0.12233840917193
0.7392747854909691,0.8806752325842578,0.911293433380295,0.924991376605933,0.9344453395876129,0.9407484624362679,0.945103687319281,0.9506438605726801,0.955495803603007,0.9574169872044599,0.9608347636447621,0.9643893465957671,0.96880624644681,0.973896893601494,0.977751253293014,0.981664047479388,0.9858601022642229,0.9904042479687092,0.994402395234352,0.9975872697793101,1.0,0.9973202320553342,0.9934093816380172,0.989657179828088,0.985149651636303,0.9800250413932601,0.972832884009452,0.9637745989157769,0.952581901133147,0.91240532070988,0.6816562502011629,0.12356619660375699
0.731576488481072,0.87388781482722,0.904297786027823,0.9187979530844399,0.9287938963825241,0.935290927685186,0.939797592826899,0.945346522593741,0.9500866501807299,0.9520891813203891,0.9554829153483521,0.959223868857272,0.9638514788206519,0.9687715598592159,0.9725527415266391,0.9766478416871421,0.9812398833777299,0.98598203303151,0.9900784992263721,0.993866566867042,0.9973202320553342,1.0,0.99696409439777,0.993407729513883,0.9889678532183079,0.9840261997092049,0.9769847364367841,0.9684623838184381,0.9573410189678431,0.9186129831713259,0.691903117784474,0.130328836443577
0.7264401745098671,0.869542114030475,0.899230513424198,0.914012829523263,0.923841261122144,0.9310092026780591,0.9357208763883929,0.941368131765787,0.9461707260196641,0.948461790497464,0.95125736641137,0.954803984389994,0.9595066220209691,0.964491868202199,0.967896264939113,0.9720777100499549,0.9767528489984221,0.981710438250245,0.98572561435697,0.9896054764467621,0.9934093816380172,0.99696409439777,1.0,0.9970462651678321,0.993047162320855,0.9882055073177679,0.981389427165711,0.973204622944611,0.9623205387728149,0.924929594695514,0.702652813491558,0.13832122050234696
0.7173214238258829,0.863311137892389,0.8944910102085071,0.9099408614726229,0.919934021111744,0.927543943337086,0.932694685610476,0.9386829321639079,0.9434469485094,0.946015460545138,0.9485524948936708,0.9518419325541558,0.956308893781154,0.961347067349833,0.9646392007736779,0.968500518929169,0.9730481068256059,0.9778647807953,0.9815191756220729,0.9857751340020608,0.989657179828088,0.993407729513883,0.9970462651678321,1.0,0.9969473094739542,0.9921978510746509,0.9858510047178001,0.977935583655856,0.966677535841127,0.928574152095737,0.710365923588639,0.145209747764242
0.710699812861785,0.8545422731170942,0.8870765278423791,0.9034393611746558,0.913260728377269,0.920548363994558,0.9262613891142372,0.932581251640415,0.9374458218512641,0.939939086517322,0.942882384790086,0.9463017478036191,0.9509116138514079,0.95628629571842,0.959833350937169,0.9639850402999641,0.968546890409136,0.9732330624863971,0.977034228730228,0.9812571364934219,0.985149651636303,0.9889678532183079,0.993047162320855,0.9969473094739542,1.0,0.995591729851835,0.9896755402590859,0.981530699508961,0.9706794039978001,0.93345591503439,0.7146432336825691,0.151792836702093
0.6996075255774761,0.8452840012292191,0.877542431440832,0.895095649934078,0.9053251482507679,0.912982081140265,0.9189861461113891,0.9257889331672942,0.9314000262392521,0.9343401636365061,0.9375427903895479,0.940892230242882,0.9454904299730691,0.950582782593438,0.9543058646388369,0.9582674158692,0.963307618505846,0.9675757909471999,0.97150168481999,0.97547078117702,0.9800250413932601,0.9840261997092049,0.9882055073177679,0.9921978510746509,0.995591729851835,1.0,0.9952027905510591,0.9881244763694209,0.9774349419337751,0.9424231591843291,0.728181020705585,0.162834983026766
0.686309074756394,0.83439226610233,0.8669984348005191,0.88488270545967,0.895528533882917,0.9036400838579041,0.909547013190032,0.9169664986976009,0.922911639771691,0.9266382932190479,0.930140375835623,0.93365977050003,0.9383006831530641,0.9433254128964259,0.946968766335113,0.950920155207198,0.9555561404746351,0.9594555920920921,0.9636033704195001,0.9679934607852549,0.972832884009452,0.9769847364367841,0.981389427165711,0.9858510047178001,0.9896755402590859,0.9952027905510591,1.0,0.9935349154365641,0.984165837178794,0.952714059698835,0.739833317813216,0.17803453192308702
0.671399602784444,0.819572355525136,0.8514810540493721,0.8700491685186149,0.8804702203271559,0.889301480279065,0.896019214725886,0.904196405287159,0.9111757553621909,0.91500392247709,0.9186015998782701,0.9216024077864928,0.926692749382939,0.9323492299760191,0.936471736350149,0.9406719340537691,0.945906155715833,0.9499746090171071,0.9538241580309251,0.9583831268646021,0.9637745989157769,0.9684623838184381,0.973204622944611,0.977935583655856,0.981530699508961,0.9881244763694209,0.9935349154365641,1.0,0.99140913882125,0.964145301741939,0.7601660916191051,0.196953017572743
0.660514615264776,0.8077154718623659,0.83925624033963,0.8581499888573431,0.8693889330851391,0.878114333955227,0.8846151591543929,0.8927766744735458,0.9004039595441529,0.9037539571646871,0.907950992956149,0.911139687877258,0.916555929654417,0.9219395642551121,0.925924116806968,0.9304517118941792,0.9356154639499709,0.93914950061327,0.943215434430644,0.947665850176726,0.952581901133147,0.9573410189678431,0.9623205387728149,0.966677535841127,0.9706794039978001,0.9774349419337751,0.984165837178794,0.99140913882125,1.0,0.9773147838534421,0.7794559112240691,0.22323044073079298
0.618814839533878,0.756522482750201,0.789550300178084,0.808834776490588,0.8190671474512091,0.828984739488886,0.835219675104371,0.8451387364048292,0.853539775718207,0.8574445124661909,0.863058563933718,0.8663468778662451,0.8727644183827951,0.8785561996925201,0.8827455353526551,0.8869905279115049,0.892986959304951,0.8964941054553729,0.901000358551063,0.9067089857208079,0.91240532070988,0.9186129831713259,0.924929594695514,0.928574152095737,0.93345591503439,0.9424231591843291,0.952714059698835,0.964145301741939,0.9773147838534421,1.0,0.8250149923686999,0.289684125801922
0.34188486214660396,0.499591703731919,0.5322703562838329,0.545294907229536,0.5518993799590339,0.565256991653306,0.5744251272248001,0.593598682068724,0.607758828377462,0.6126797575183499,0.618209115790243,0.621684111356068,0.6305069406256021,0.6383037896141079,0.64442374417336,0.6474011896839511,0.6564105920925369,0.660967217987261,0.665179598274292,0.673953817791561,0.6816562502011629,0.691903117784474,0.702652813491558,0.710365923588639,0.7146432336825691,0.728181020705585,0.739833317813216,0.7601660916191051,0.7794559112240691,0.8250149923686999,1.0,0.455274492196498
0.0043569240829123,0.0448815762808428,0.058353371499666,0.0631984331586582,0.0705199831668083,0.0776677192835459,0.0794364594869574,0.0880619054948505,0.0972472366419548,0.0977965102899872,0.10540298861691401,0.102763842794941,0.107072307130358,0.11312839387946902,0.11499143279029402,0.11422830408594001,0.11824570772164998,0.12033608652744901,0.11746297357252698,0.12233840917193,0.12356619660375699,0.130328836443577,0.13832122050234696,0.145209747764242,0.151792836702093,0.162834983026766,0.17803453192308702,0.196953017572743,0.22323044073079298,0.289684125801922,0.455274492196498,1.0
