1.0,0.8315201482864979,0.745259726339456,0.6853648883976999,0.647863834226592,0.6139179656703599,0.567666765127499,0.522131694337899,0.48774657247458203,0.466549876083007,0.443677272445861,0.420859790549123,0.401811869569518,0.386874829862365,0.36047155308018,0.335942559890574,0.302362318914929,0.26000051569929505,0.224895607260045,0.19239588251465398,0.17663850822434998,0.136095761973877,0.11631609476948598,0.0973744826453505,0.0814316671108363,0.0641166092996998,0.0263143976416742,0.025982369133351002,0.032407766378141,0.0260757666676442,0.0612274146461096,0.0825784132023429
0.8315201482864979,1.0,0.9218310362287528,0.859380309996134,0.820986210314095,0.7852332615629491,0.737135108029255,0.690154913060868,0.6520484647347271,0.6260609284334611,0.599081673014801,0.568855206850464,0.5600226935737199,0.5451096387498879,0.52263962251465,0.496550011131965,0.46005181582298904,0.41995795095299104,0.39115684591894895,0.360953203000734,0.340369525691124,0.305385397028197,0.281339847145479,0.2577070883255,0.234282657968379,0.20392831165802502,0.157018185865231,0.10350147768370802,0.0843715942966305,0.0677415737582461,0.0698328899798212,0.0165988646882086
0.745259726339456,0.9218310362287528,1.0,0.9329572147962449,0.8895367223511529,0.8572439678939541,0.8166975234760191,0.774731736782545,0.7353948292552092,0.7058638141861991,0.6787215269380079,0.6439951827027189,0.6305381603199139,0.6072827639943791,0.583590340318968,0.5568329029929879,0.521870392914149,0.483586521960705,0.45108689472113,0.4140849632223161,0.38604080934935703,0.34371788507659495,0.315651715063197,0.29083538399638204,0.26141173992013195,0.22499265824104503,0.174116304982296,0.11675907188674199,0.102808191163956,0.0869217126670027,0.08834510720749901,0.0134710725234046
0.6853648883976999,0.859380309996134,0.9329572147962449,1.0,0.9675253623084269,0.9300190110441691,0.8857369934996049,0.8443062212972191,0.8095742651107048,0.785098297187362,0.754418600895211,0.7199207091644519,0.708428171595216,0.685465192616064,0.6633589784629009,0.636861360361402,0.6046964628381191,0.570034393099487,0.53926514251621,0.508553216386979,0.47636954039856605,0.432673395204146,0.407289716235316,0.38092469973202897,0.34994173468926804,0.31291542477473805,0.265889186045715,0.214656378263536,0.192079050189932,0.15772522704984102,0.13163214176968,0.0488130849250565
0.647863834226592,0.820986210314095,0.8895367223511529,0.9675253623084269,1.0,0.976127600825122,0.9313456736702579,0.8917223507243041,0.856517119465787,0.8273302319607421,0.7942341044607149,0.764538266617546,0.7499002510281899,0.72497762697837,0.69974017200288,0.672489271024361,0.642272198644532,0.608042144403288,0.574739105276843,0.544377821497347,0.5117190886918821,0.46914872934070295,0.443661968089724,0.418722438674525,0.388578541693768,0.350544128362747,0.30281361246638105,0.25121920881091697,0.221304339797653,0.168538835871805,0.134022949533507,0.0661652614436477
0.6139179656703599,0.7852332615629491,0.8572439678939541,0.9300190110441691,0.976127600825122,1.0,0.980854310438622,0.9446004961920659,0.90712236474482,0.8744813787880319,0.840310296290282,0.8148041191242859,0.7962161702988431,0.7715320695325301,0.744560186119208,0.7174331793029559,0.6888373894423709,0.6547727461737359,0.6195984838226091,0.5872468376939111,0.553703142742095,0.511958920477391,0.48506538663862,0.45937222780689096,0.4300600733936,0.394536757216528,0.34662276226675803,0.288755494207674,0.252667250186018,0.17990665663085897,0.134147949241289,0.0717761334505902
0.567666765127499,0.737135108029255,0.8166975234760191,0.8857369934996049,0.9313456736702579,0.980854310438622,1.0,0.983805408483876,0.946217521153282,0.9121570185103969,0.878103871372887,0.852562963474251,0.827195712203588,0.800468609216052,0.7736129637010769,0.7481975627049351,0.721379449207257,0.688692789482063,0.6539146456519991,0.61802218605016,0.586583319616347,0.54724940480132,0.518733580718915,0.49285696172207,0.464981548009549,0.43197946580550894,0.38454583547726706,0.32272358816449104,0.282863957627638,0.19574970070665698,0.13784691148556602,0.0788959536146321
0.522131694337899,0.690154913060868,0.774731736782545,0.8443062212972191,0.8917223507243041,0.9446004961920659,0.983805408483876,1.0,0.9837261392964929,0.9499156827096109,0.9165809749153121,0.8909440376430409,0.8617097194718809,0.8328518134365821,0.8072983435317489,0.7845544428057541,0.760161004731828,0.729087739269666,0.694694505976511,0.6565954651145439,0.62584248914609,0.588010617426119,0.561461883752588,0.535498328495651,0.507419691840395,0.47304867926882604,0.42324447015188105,0.359680902232602,0.31784728086508,0.22218125785035503,0.154477623446094,0.10219884150374099
0.48774657247458203,0.6520484647347271,0.7353948292552092,0.8095742651107048,0.856517119465787,0.90712236474482,0.946217521153282,0.9837261392964929,1.0,0.9829580172042741,0.9500301274243399,0.9249550407831021,0.8965469468897029,0.8673232481884721,0.8420293084781791,0.820731554094274,0.7980579384959309,0.767448739939492,0.732493487278605,0.694541533823434,0.6632573583748721,0.626808339713718,0.60308349432365,0.576848484809151,0.5474780748760539,0.510697343001877,0.45786213388769603,0.393265009152233,0.35424198644723104,0.252919205395622,0.17999790784869701,0.137873226523889
0.466549876083007,0.6260609284334611,0.7058638141861991,0.785098297187362,0.8273302319607421,0.8744813787880319,0.9121570185103969,0.9499156827096109,0.9829580172042741,1.0,0.9793030077173009,0.9513214863700842,0.923637299021282,0.894431736390199,0.867694108538098,0.8456987323435241,0.8225698690490219,0.7911881941250279,0.7560575094738481,0.7185646500452819,0.6876488898018481,0.65258599626744,0.627742667986116,0.60108702583704,0.5707992513552049,0.5341394991584629,0.48104090426758706,0.415277129657889,0.3837348694171529,0.280289013217361,0.20639213553389002,0.17354934776915196
0.443677272445861,0.599081673014801,0.6787215269380079,0.754418600895211,0.7942341044607149,0.840310296290282,0.878103871372887,0.9165809749153121,0.9500301274243399,0.9793030077173009,1.0,0.974243148615112,0.9456082034423939,0.916947178963921,0.890757452715233,0.8685018911485991,0.844562142615666,0.8134077395632758,0.780236057135153,0.743315464003779,0.709902418465654,0.6716047207789699,0.645895885753716,0.618527308295412,0.587038388146943,0.550887280245309,0.49872350864240295,0.43165785362045705,0.40217340119429296,0.30353372839140697,0.22894529305663397,0.201583660144292
0.420859790549123,0.568855206850464,0.6439951827027189,0.7199207091644519,0.764538266617546,0.8148041191242859,0.852562963474251,0.8909440376430409,0.9249550407831021,0.9513214863700842,0.974243148615112,1.0,0.9764458438351721,0.9482373034054251,0.919867823620667,0.893574519240213,0.8671396566852979,0.835701032041485,0.803600691488396,0.771087435210152,0.737334079947859,0.698924121454171,0.6748442558444899,0.650441947200156,0.620628619534797,0.585622243816281,0.536334817920874,0.47117329667479296,0.43459239064141897,0.321770402178922,0.23195242488250098,0.213262447211129
0.401811869569518,0.5600226935737199,0.6305381603199139,0.708428171595216,0.7499002510281899,0.7962161702988431,0.827195712203588,0.8617097194718809,0.8965469468897029,0.923637299021282,0.9456082034423939,0.9764458438351721,1.0,0.9821552134732741,0.9551462053997819,0.9284739850432799,0.9015153604435551,0.870120187450298,0.8395143668019721,0.8091675022719901,0.774049971576407,0.7349430214789949,0.7103392071851079,0.686167701672939,0.6576946213359239,0.624603086812072,0.577420109285818,0.5144711848564709,0.482041593201893,0.36948621217859,0.27737494621068204,0.239335328447132
0.386874829862365,0.5451096387498879,0.6072827639943791,0.685465192616064,0.72497762697837,0.7715320695325301,0.800468609216052,0.8328518134365821,0.8673232481884721,0.894431736390199,0.916947178963921,0.9482373034054251,0.9821552134732741,1.0,0.9835679333315909,0.958938595589951,0.9345876104003321,0.905734203406484,0.8767260150742829,0.8461362871682321,0.8121341366608159,0.7727143333112751,0.750363477800271,0.7267859002929621,0.6996702689168721,0.6694633305220621,0.625406936658907,0.563841089160993,0.530440472122339,0.40687433043967103,0.303146131091348,0.273146011579849
0.36047155308018,0.52263962251465,0.583590340318968,0.6633589784629009,0.69974017200288,0.744560186119208,0.7736129637010769,0.8072983435317489,0.8420293084781791,0.867694108538098,0.890757452715233,0.919867823620667,0.9551462053997819,0.9835679333315909,1.0,0.989701492660291,0.966973892343996,0.94052096556933,0.912235662609178,0.8825241931498959,0.851472831665751,0.816348981774463,0.794368852209244,0.768564868062807,0.741036230258442,0.7106013942075129,0.66654273006026,0.605766527161092,0.56839647810415,0.43907048188904096,0.31911894648495803,0.31010360166228196
0.335942559890574,0.496550011131965,0.5568329029929879,0.636861360361402,0.672489271024361,0.7174331793029559,0.7481975627049351,0.7845544428057541,0.820731554094274,0.8456987323435241,0.8685018911485991,0.893574519240213,0.9284739850432799,0.958938595589951,0.989701492660291,1.0,0.9899233800329742,0.965446049621111,0.937071540598636,0.9060215074814599,0.8760526888765329,0.844635425313205,0.82105634457763,0.79454275680024,0.766628286324897,0.735857195589148,0.692316098953826,0.6325069799285911,0.594816226735821,0.45991151765984795,0.327445495408936,0.32257723101551
0.302362318914929,0.46005181582298904,0.521870392914149,0.6046964628381191,0.642272198644532,0.6888373894423709,0.721379449207257,0.760161004731828,0.7980579384959309,0.8225698690490219,0.844562142615666,0.8671396566852979,0.9015153604435551,0.9345876104003321,0.966973892343996,0.9899233800329742,1.0,0.988935732797188,0.961395462123984,0.9292816325438019,0.8995618539442,0.869824288561519,0.8455603476089839,0.8192930491144951,0.790481278268711,0.7598173490664509,0.718008560147057,0.6594509163172171,0.623290767905546,0.476538707191537,0.332700978633537,0.325068617293557
0.26000051569929505,0.41995795095299104,0.483586521960705,0.570034393099487,0.608042144403288,0.6547727461737359,0.688692789482063,0.729087739269666,0.767448739939492,0.7911881941250279,0.8134077395632758,0.835701032041485,0.870120187450298,0.905734203406484,0.94052096556933,0.965446049621111,0.988935732797188,1.0,0.986060072942591,0.9553233145151651,0.925789590599971,0.8982777573749801,0.8761560587257651,0.849957959877299,0.819778512332087,0.789460975610379,0.750259830312185,0.6935008496808239,0.6560615459950501,0.49597608999625703,0.33924943172528604,0.330730937642092
0.224895607260045,0.39115684591894895,0.45108689472113,0.53926514251621,0.574739105276843,0.6195984838226091,0.6539146456519991,0.694694505976511,0.732493487278605,0.7560575094738481,0.780236057135153,0.803600691488396,0.8395143668019721,0.8767260150742829,0.912235662609178,0.937071540598636,0.961395462123984,0.986060072942591,1.0,0.981322403665316,0.950781799172145,0.9274986486635358,0.9073702070895949,0.881134771143223,0.849943716145607,0.819398612099291,0.782565188302417,0.7280383083261072,0.685067043282347,0.517083136427865,0.349006956460277,0.337728594128609
0.19239588251465398,0.360953203000734,0.4140849632223161,0.508553216386979,0.544377821497347,0.5872468376939111,0.61802218605016,0.6565954651145439,0.694541533823434,0.7185646500452819,0.743315464003779,0.771087435210152,0.8091675022719901,0.8461362871682321,0.8825241931498959,0.9060215074814599,0.9292816325438019,0.9553233145151651,0.981322403665316,1.0,0.9746121890858571,0.954774705637573,0.9310356927142299,0.9037485500484119,0.8722377012770259,0.839662952728688,0.80238922078923,0.7497322040594541,0.700295180744986,0.5259582237481779,0.353165074556877,0.350599502647871
0.17663850822434998,0.340369525691124,0.38604080934935703,0.47636954039856605,0.5117190886918821,0.553703142742095,0.586583319616347,0.62584248914609,0.6632573583748721,0.6876488898018481,0.709902418465654,0.737334079947859,0.774049971576407,0.8121341366608159,0.851472831665751,0.8760526888765329,0.8995618539442,0.925789590599971,0.950781799172145,0.9746121890858571,1.0,0.9810153267229991,0.954193540235966,0.926668720819802,0.900855671822846,0.872697132119609,0.8344469003249649,0.7793189799046129,0.7280502190227329,0.5404733403062529,0.35052610726607397,0.37958120487192204
0.136095761973877,0.305385397028197,0.34371788507659495,0.432673395204146,0.46914872934070295,0.511958920477391,0.54724940480132,0.588010617426119,0.626808339713718,0.65258599626744,0.6716047207789699,0.698924121454171,0.7349430214789949,0.7727143333112751,0.816348981774463,0.844635425313205,0.869824288561519,0.8982777573749801,0.9274986486635358,0.954774705637573,0.9810153267229991,1.0,0.9776823459237399,0.949815206310275,0.92538396631191,0.897413541944741,0.8589826550754829,0.80502162018012,0.747472617360589,0.537980797396786,0.35587545559544104,0.38384838880681
0.11631609476948598,0.281339847145479,0.315651715063197,0.407289716235316,0.443661968089724,0.48506538663862,0.518733580718915,0.561461883752588,0.60308349432365,0.627742667986116,0.645895885753716,0.6748442558444899,0.7103392071851079,0.750363477800271,0.794368852209244,0.82105634457763,0.8455603476089839,0.8761560587257651,0.9073702070895949,0.9310356927142299,0.954193540235966,0.9776823459237399,1.0,0.985387287544371,0.959535560388325,0.9276599969257779,0.8891997767671491,0.841672469986902,0.7803276109139871,0.5526225145706509,0.37469880100560904,0.41002503387022493
0.0973744826453505,0.2577070883255,0.29083538399638204,0.38092469973202897,0.418722438674525,0.45937222780689096,0.49285696172207,0.535498328495651,0.576848484809151,0.60108702583704,0.618527308295412,0.650441947200156,0.686167701672939,0.7267859002929621,0.768564868062807,0.79454275680024,0.8192930491144951,0.849957959877299,0.881134771143223,0.9037485500484119,0.926668720819802,0.949815206310275,0.985387287544371,1.0,0.9848705947964971,0.9492098097758359,0.9092728154665409,0.8622977408837901,0.797746758045019,0.5559077636499731,0.381467908361718,0.416371766223786
0.0814316671108363,0.234282657968379,0.26141173992013195,0.34994173468926804,0.388578541693768,0.4300600733936,0.464981548009549,0.507419691840395,0.5474780748760539,0.5707992513552049,0.587038388146943,0.620628619534797,0.6576946213359239,0.6996702689168721,0.741036230258442,0.766628286324897,0.790481278268711,0.819778512332087,0.849943716145607,0.8722377012770259,0.900855671822846,0.92538396631191,0.959535560388325,0.9848705947964971,1.0,0.9831482320819791,0.9414092384316021,0.893818299209245,0.827609155883919,0.56618732349827,0.39161876733479106,0.44742119821452797
0.0641166092996998,0.20392831165802502,0.22499265824104503,0.31291542477473805,0.350544128362747,0.394536757216528,0.43197946580550894,0.47304867926882604,0.510697343001877,0.5341394991584629,0.550887280245309,0.585622243816281,0.624603086812072,0.6694633305220621,0.7106013942075129,0.735857195589148,0.7598173490664509,0.789460975610379,0.819398612099291,0.839662952728688,0.872697132119609,0.897413541944741,0.9276599969257779,0.9492098097758359,0.9831482320819791,1.0,0.979958329253626,0.931644666643932,0.8647372233642461,0.593440034191605,0.39751623466118297,0.470139042684833
0.0263143976416742,0.157018185865231,0.174116304982296,0.265889186045715,0.30281361246638105,0.34662276226675803,0.38454583547726706,0.42324447015188105,0.45786213388769603,0.48104090426758706,0.49872350864240295,0.536334817920874,0.577420109285818,0.625406936658907,0.66654273006026,0.692316098953826,0.718008560147057,0.750259830312185,0.782565188302417,0.80238922078923,0.8344469003249649,0.8589826550754829,0.8891997767671491,0.9092728154665409,0.9414092384316021,0.979958329253626,1.0,0.9736015412220029,0.9035356804491029,0.635085199985817,0.414695321983545,0.481293292297865
0.025982369133351002,0.10350147768370802,0.11675907188674199,0.214656378263536,0.25121920881091697,0.288755494207674,0.32272358816449104,0.359680902232602,0.393265009152233,0.415277129657889,0.43165785362045705,0.47117329667479296,0.5144711848564709,0.563841089160993,0.605766527161092,0.6325069799285911,0.6594509163172171,0.6935008496808239,0.7280383083261072,0.7497322040594541,0.7793189799046129,0.80502162018012,0.841672469986902,0.8622977408837901,0.893818299209245,0.931644666643932,0.9736015412220029,1.0,0.949223496045066,0.6814965077820601,0.46111831331012704,0.515652375378383
0.032407766378141,0.0843715942966305,0.102808191163956,0.192079050189932,0.221304339797653,0.252667250186018,0.282863957627638,0.31784728086508,0.35424198644723104,0.3837348694171529,0.40217340119429296,0.43459239064141897,0.482041593201893,0.530440472122339,0.56839647810415,0.594816226735821,0.623290767905546,0.6560615459950501,0.685067043282347,0.700295180744986,0.7280502190227329,0.747472617360589,0.7803276109139871,0.797746758045019,0.827609155883919,0.8647372233642461,0.9035356804491029,0.949223496045066,1.0,0.7888051749950209,0.515573952704176,0.549199849037293
0.0260757666676442,0.0677415737582461,0.0869217126670027,0.15772522704984102,0.168538835871805,0.17990665663085897,0.19574970070665698,0.22218125785035503,0.252919205395622,0.280289013217361,0.30353372839140697,0.321770402178922,0.36948621217859,0.40687433043967103,0.43907048188904096,0.45991151765984795,0.476538707191537,0.49597608999625703,0.517083136427865,0.5259582237481779,0.5404733403062529,0.537980797396786,0.5526225145706509,0.5559077636499731,0.56618732349827,0.593440034191605,0.635085199985817,0.6814965077820601,0.7888051749950209,1.0,0.5547058655532491,0.527247004768897
0.0612274146461096,0.0698328899798212,0.08834510720749901,0.13163214176968,0.134022949533507,0.134147949241289,0.13784691148556602,0.154477623446094,0.17999790784869701,0.20639213553389002,0.22894529305663397,0.23195242488250098,0.27737494621068204,0.303146131091348,0.31911894648495803,0.327445495408936,0.332700978633537,0.33924943172528604,0.349006956460277,0.353165074556877,0.35052610726607397,0.35587545559544104,0.37469880100560904,0.381467908361718,0.39161876733479106,0.39751623466118297,0.414695321983545,0.46111831331012704,0.515573952704176,0.5547058655532491,1.0,0.642213625311958
0.0825784132023429,0.0165988646882086,0.0134710725234046,0.0488130849250565,0.0661652614436477,0.0717761334505902,0.0788959536146321,0.10219884150374099,0.137873226523889,0.17354934776915196,0.201583660144292,0.213262447211129,0.239335328447132,0.273146011579849,0.31010360166228196,0.32257723101551,0.325068617293557,0.330730937642092,0.337728594128609,0.350599502647871,0.37958120487192204,0.38384838880681,0.41002503387022493,0.416371766223786,0.44742119821452797,0.470139042684833,0.481293292297865,0.515652375378383,0.549199849037293,0.527247004768897,0.642213625311958,1.0
