1.0,0.985931350150989,0.918916285904436,0.751753259371906,0.583350572680907,0.567519532150729,0.534174583321433,0.479739407850848,0.43970438400729106,0.43933762984384606,0.43150752922115204,0.415730530128916,0.40566409081015403,0.40448176324657,0.39599610840172,0.380473060604139,0.36377166878629796,0.34354485141169505,0.316653750046398,0.286574890435281,0.260108129292787,0.23125982493805397,0.201737432669327,0.175529642249665,0.159927685550392,0.11930755340980999,0.100819068404681,0.0912663303387433,0.0832217613646459,0.0647717892238761,0.0584421984644635,0.0553629788457861
0.985931350150989,1.0,0.971921423092438,0.8514037464264129,0.7106823494033871,0.693413212926825,0.655073777274066,0.591135621954204,0.5431814989107171,0.541285712186065,0.530111939670968,0.5091403895052921,0.4943879130444939,0.48947796606851796,0.47563639983117,0.45337556363349496,0.432016127815535,0.40867027058531297,0.377346604967755,0.34214702421864,0.310941554174276,0.27664274994587795,0.241491858378603,0.21026454766727398,0.18382750433534198,0.13195808875365303,0.109139101129269,0.0974526608577286,0.0907637533679961,0.0714931760593395,0.0648202530840022,0.0615663165398738
0.918916285904436,0.971921423092438,1.0,0.9509179120353399,0.855902968853941,0.8374362691446541,0.793901701270959,0.7196473649125971,0.662841387243265,0.6588838896177379,0.643538120405589,0.6162581608071821,0.595615340959485,0.5856929622203261,0.564974422699553,0.5342944280126621,0.507400421343659,0.48078163590533396,0.44471794113536606,0.403995174715786,0.36761304225469393,0.327283675490813,0.285892444622409,0.24909420644855104,0.20867002517676897,0.143448182934271,0.115625607898669,0.10149504822521901,0.0970348558440777,0.0775318212091785,0.0706950978972799,0.0673510148160247
0.751753259371906,0.8514037464264129,0.9509179120353399,1.0,0.9732641993020459,0.9548108930355319,0.9081886593334959,0.8267542490110951,0.7631932008502579,0.756864784302264,0.73735239917273,0.7041227209612541,0.677509125455696,0.661848448861725,0.633868159372446,0.594755092689801,0.56289582403246,0.5342623225272429,0.495066903929984,0.45058322300502,0.41052255166974,0.36573119935674,0.319693440072491,0.27873396529327804,0.22339250458392498,0.146220853734335,0.11421116048807699,0.0980817464399655,0.096936078432929,0.0788047508965698,0.0723406273326198,0.0691656110737752
0.583350572680907,0.7106823494033871,0.855902968853941,0.9732641993020459,1.0,0.9894381129151569,0.9510428293368051,0.8772745817852821,0.8170491532207641,0.8088155694255491,0.7864087634208621,0.749336184964746,0.7190413304648859,0.7000145273650848,0.667891427165306,0.624062190932032,0.5903106284419539,0.56228716387638,0.522999589184152,0.47789876906580503,0.437184839135347,0.39105496873255496,0.34320999357294796,0.30044791388939096,0.23645058549231399,0.151186402626024,0.11622156395016499,0.0986609964761536,0.0962685469320939,0.0779493564322017,0.0714451641921463,0.0682536897481259
0.567519532150729,0.693413212926825,0.8374362691446541,0.9548108930355319,0.9894381129151569,1.0,0.9857979728550029,0.937586137125985,0.8917050535480819,0.881787370348347,0.856363790801392,0.8149468482761851,0.7820029252500309,0.762683172824524,0.7291326245479649,0.6827886553245109,0.648752870674074,0.6221388790514151,0.582753646142705,0.5364214781315949,0.49494903442816796,0.446873652036743,0.39583209622906,0.34968580024739504,0.28267786380803006,0.18572109890493,0.14542688713331303,0.125111731736,0.11126776785810198,0.08615492887206798,0.0775718398637652,0.073400360380791
0.534174583321433,0.655073777274066,0.793901701270959,0.9081886593334959,0.9510428293368051,0.9857979728550029,1.0,0.9826706335871321,0.9546208992345742,0.9430143452997759,0.914767903184098,0.8694128835412209,0.834270919593127,0.81512255793925,0.780805288978249,0.732773184478919,0.6993079677679169,0.6750305187395109,0.636573423598085,0.590039646525263,0.54878490284116,0.499726619506046,0.446331184558071,0.39748420596453493,0.328759968502027,0.220820383570908,0.17541725058311203,0.15244792421076997,0.12570306507097098,0.0933835307908659,0.0826189026806052,0.0774223461444705
0.479739407850848,0.591135621954204,0.7196473649125971,0.8267542490110951,0.8772745817852821,0.937586137125985,0.9826706335871321,1.0,0.992557543552983,0.979469958719818,0.949040031969302,0.9008352686141279,0.8644270585143359,0.8460998619220459,0.812068959172627,0.7637588597406891,0.732027930517769,0.711130735923896,0.6749673556838779,0.629746896870808,0.5900940529299761,0.541570051814936,0.487338818268874,0.437123132249778,0.368772754904933,0.252273335453773,0.202729718001499,0.177588930672148,0.137487316341658,0.0982800385535026,0.0854628050766949,0.0793063235667147
0.43970438400729106,0.5431814989107171,0.662841387243265,0.7631932008502579,0.8170491532207641,0.8917050535480819,0.9546208992345742,0.992557543552983,1.0,0.992214344628935,0.9671743932811679,0.924154118548615,0.8908589204393779,0.87328438655843,0.839537688968745,0.791015639806098,0.760317311899647,0.741412923766244,0.7063900374750891,0.661586464666481,0.622309893539931,0.573234559635588,0.517622492189873,0.465810813077091,0.395890448088876,0.272572710632966,0.2199151268314,0.19316400775363698,0.144228314013064,0.10068832437667201,0.0865907190685919,0.07983700585693201
0.43933762984384606,0.541285712186065,0.6588838896177379,0.756864784302264,0.8088155694255491,0.881787370348347,0.9430143452997759,0.979469958719818,0.992214344628935,1.0,0.9912920999403241,0.964536465430924,0.9400483976113041,0.922489256760491,0.887873792040221,0.8376224466626608,0.8057567507963359,0.7859040140954721,0.748952478164367,0.701611518010698,0.659421198685089,0.606442987227645,0.546779255399906,0.491344702442699,0.414485887778036,0.283304897695243,0.22754711661223,0.19925711152214803,0.14746885414764999,0.10240823072137,0.0878471815888726,0.080875260238287
0.43150752922115204,0.530111939670968,0.643538120405589,0.73735239917273,0.7864087634208621,0.856363790801392,0.914767903184098,0.949040031969302,0.9671743932811679,0.9912920999403241,1.0,0.990894616462014,0.976133374132774,0.95888795827867,0.9239403056384571,0.87271178303399,0.840151600339497,0.819632453570842,0.7812676619734129,0.7320458079289709,0.6874894077121291,0.6312820294564261,0.568345066610417,0.510019011937721,0.42712597787296896,0.28985316149698903,0.23176199324334398,0.20232411418942198,0.148397055726293,0.10249194896030499,0.0876875512675089,0.080603016391579
0.415730530128916,0.5091403895052921,0.6162581608071821,0.7041227209612541,0.749336184964746,0.8149468482761851,0.8694128835412209,0.9008352686141279,0.924154118548615,0.964536465430924,0.990894616462014,1.0,0.995449944146133,0.978835872863466,0.944177938673379,0.8928728554777241,0.8601889570121322,0.839357955976963,0.800239066337404,0.7499804938263119,0.703807267946482,0.645310409187646,0.580160104196624,0.519927975301771,0.432357968448774,0.29132859926320803,0.23189778011877998,0.201816382858055,0.146673640123474,0.100731778845978,0.0859451766196412,0.0788730830097887
0.40566409081015403,0.4943879130444939,0.595615340959485,0.677509125455696,0.7190413304648859,0.7820029252500309,0.834270919593127,0.8644270585143359,0.8908589204393779,0.9400483976113041,0.976133374132774,0.995449944146133,1.0,0.991364019712004,0.964673586741706,0.920894735742298,0.8915282685183891,0.869755455001648,0.8290456014947759,0.7768146095960559,0.7290121003160579,0.668569249559686,0.6011979161252471,0.538890055927355,0.44489877890425505,0.29737714388691905,0.235495578059133,0.204214200692349,0.145974881071757,0.0991732680877935,0.0841653718520375,0.0769947906131679
0.40448176324657,0.48947796606851796,0.5856929622203261,0.661848448861725,0.7000145273650848,0.762683172824524,0.81512255793925,0.8460998619220459,0.87328438655843,0.922489256760491,0.95888795827867,0.978835872863466,0.991364019712004,1.0,0.9908909403397471,0.96406129252718,0.942226720220725,0.918594846782194,0.8750072108052529,0.819326099354964,0.769595279948723,0.70727776798919,0.637278185533079,0.572315400290924,0.469094089021206,0.310767206088793,0.244678093869052,0.21131613942986702,0.147268372007874,0.0983256259239865,0.0827177931476459,0.0752721089925252
0.39599610840172,0.47563639983117,0.564974422699553,0.633868159372446,0.667891427165306,0.7291326245479649,0.780805288978249,0.812068959172627,0.839537688968745,0.887873792040221,0.9239403056384571,0.944177938673379,0.964673586741706,0.9908909403397471,1.0,0.9910578638195451,0.9773503441094691,0.95223423572864,0.9064749878963331,0.848251938922995,0.797434961813878,0.7343126600432099,0.662872529739628,0.59635125458699,0.48550724279763297,0.318930721324641,0.24970897630675098,0.21481023162188198,0.145949163165802,0.0956875433731548,0.0797442218760304,0.072149887589183
0.380473060604139,0.45337556363349496,0.5342944280126621,0.594755092689801,0.624062190932032,0.6827886553245109,0.732773184478919,0.7637588597406891,0.791015639806098,0.8376224466626608,0.87271178303399,0.8928728554777241,0.920894735742298,0.96406129252718,0.9910578638195451,1.0,0.994591355006778,0.968455891581856,0.92136712073687,0.861671562669169,0.810691446224457,0.7479058934523148,0.6763220322385861,0.609451784210294,0.493046536096021,0.32128897160918796,0.250207056519002,0.214412654802095,0.142019668013558,0.09135434682403501,0.0753650760400251,0.0677599066730464
0.36377166878629796,0.432016127815535,0.507400421343659,0.56289582403246,0.5903106284419539,0.648752870674074,0.6993079677679169,0.732027930517769,0.760317311899647,0.8057567507963359,0.840151600339497,0.8601889570121322,0.8915282685183891,0.942226720220725,0.9773503441094691,0.994591355006778,1.0,0.9868823003550858,0.951464494296812,0.9016157023702979,0.8563249373553559,0.7948255248692501,0.722842485205272,0.654840260267472,0.523472267219241,0.33551182432575605,0.25834732617696604,0.21958001374573802,0.14961058755634601,0.0985675896087672,0.0823539994419621,0.0746279106565253
0.34354485141169505,0.40867027058531297,0.48078163590533396,0.5342623225272429,0.56228716387638,0.6221388790514151,0.6750305187395109,0.711130735923896,0.741412923766244,0.7859040140954721,0.819632453570842,0.839357955976963,0.869755455001648,0.918594846782194,0.95223423572864,0.968455891581856,0.9868823003550858,1.0,0.9886684372798309,0.959618118853039,0.9258124288535391,0.8669266704322509,0.7948292374958299,0.7254610930059471,0.571377315533309,0.358352557281572,0.27174637494462806,0.22835918364969898,0.166929528533796,0.115908337246625,0.09942191489860801,0.0915282113541558
0.316653750046398,0.377346604967755,0.44471794113536606,0.495066903929984,0.522999589184152,0.582753646142705,0.636573423598085,0.6749673556838779,0.7063900374750891,0.748952478164367,0.7812676619734129,0.800239066337404,0.8290456014947759,0.8750072108052529,0.9064749878963331,0.92136712073687,0.951464494296812,0.9886684372798309,1.0,0.9909725910275021,0.9686416702390459,0.9135717319209319,0.843064311868448,0.774058235693581,0.602477707773698,0.371159248986444,0.277811508764982,0.23114939760972303,0.179105796124028,0.129305359678454,0.11295315448453698,0.10508932598208001
0.286574890435281,0.34214702421864,0.403995174715786,0.45058322300502,0.47789876906580503,0.5364214781315949,0.590039646525263,0.629746896870808,0.661586464666481,0.701611518010698,0.7320458079289709,0.7499804938263119,0.7768146095960559,0.819326099354964,0.848251938922995,0.861671562669169,0.9016157023702979,0.959618118853039,0.9909725910275021,1.0,0.988344490736379,0.937736810612243,0.8699994220187959,0.802637983514957,0.6187168510955771,0.375489874298948,0.27790877656934004,0.22921537089096602,0.186550719566877,0.138794055493298,0.12287481770191802,0.115188241327252
0.260108129292787,0.310941554174276,0.36761304225469393,0.41052255166974,0.437184839135347,0.49494903442816796,0.54878490284116,0.5900940529299761,0.622309893539931,0.659421198685089,0.6874894077121291,0.703807267946482,0.7290121003160579,0.769595279948723,0.797434961813878,0.810691446224457,0.8563249373553559,0.9258124288535391,0.9686416702390459,0.988344490736379,1.0,0.9784941381799541,0.9323243958412321,0.880385442834775,0.6776226095819351,0.405668584171059,0.29711113864798305,0.24302232654736802,0.20251666853558398,0.152846060667292,0.136152197042131,0.128074092896069
0.23125982493805397,0.27664274994587795,0.327283675490813,0.36573119935674,0.39105496873255496,0.446873652036743,0.499726619506046,0.541570051814936,0.573234559635588,0.606442987227645,0.6312820294564261,0.645310409187646,0.668569249559686,0.70727776798919,0.7343126600432099,0.7479058934523148,0.7948255248692501,0.8669266704322509,0.9135717319209319,0.937736810612243,0.9784941381799541,1.0,0.986867613120941,0.9592795656266059,0.7405979229968309,0.43892321499235704,0.31893106519812,0.259209218724965,0.21711759788032897,0.164490704510651,0.146762258107256,0.138178314053655
0.201737432669327,0.241491858378603,0.285892444622409,0.319693440072491,0.34320999357294796,0.39583209622906,0.446331184558071,0.487338818268874,0.517622492189873,0.546779255399906,0.568345066610417,0.580160104196624,0.6011979161252471,0.637278185533079,0.662872529739628,0.6763220322385861,0.722842485205272,0.7948292374958299,0.843064311868448,0.8699994220187959,0.9323243958412321,0.986867613120941,1.0,0.9923077575900179,0.767714913568371,0.45180850637557596,0.32645854714803496,0.264115604625713,0.222043663106757,0.168679143600433,0.15067190920061901,0.141949137755459
0.175529642249665,0.21026454766727398,0.24909420644855104,0.27873396529327804,0.30044791388939096,0.34968580024739504,0.39748420596453493,0.437123132249778,0.465810813077091,0.491344702442699,0.510019011937721,0.519927975301771,0.538890055927355,0.572315400290924,0.59635125458699,0.609451784210294,0.654840260267472,0.7254610930059471,0.774058235693581,0.802637983514957,0.880385442834775,0.9592795656266059,0.9923077575900179,1.0,0.7748649218552199,0.45366098642319896,0.326430675717935,0.263185965399024,0.22187616635914803,0.16889391927779096,0.150992775015155,0.14231849597401502
0.159927685550392,0.18382750433534198,0.20867002517676897,0.22339250458392498,0.23645058549231399,0.28267786380803006,0.328759968502027,0.368772754904933,0.395890448088876,0.414485887778036,0.42712597787296896,0.432357968448774,0.44489877890425505,0.469094089021206,0.48550724279763297,0.493046536096021,0.523472267219241,0.571377315533309,0.602477707773698,0.6187168510955771,0.6776226095819351,0.7405979229968309,0.767714913568371,0.7748649218552199,1.0,0.9146070178070891,0.8500325990765609,0.8132885364660228,0.506595482586053,0.300751455342727,0.236923033449017,0.206716855737703
0.11930755340980999,0.13195808875365303,0.143448182934271,0.146220853734335,0.151186402626024,0.18572109890493,0.220820383570908,0.252273335453773,0.272572710632966,0.283304897695243,0.28985316149698903,0.29132859926320803,0.29737714388691905,0.310767206088793,0.318930721324641,0.32128897160918796,0.33551182432575605,0.358352557281572,0.371159248986444,0.375489874298948,0.405668584171059,0.43892321499235704,0.45180850637557596,0.45366098642319896,0.9146070178070891,1.0,0.9904258853531229,0.9791111964561279,0.572885225452626,0.31635581976664695,0.237751496330382,0.200682299554535
0.100819068404681,0.109139101129269,0.115625607898669,0.11421116048807699,0.11622156395016499,0.14542688713331303,0.17541725058311203,0.202729718001499,0.2199151268314,0.22754711661223,0.23176199324334398,0.23189778011877998,0.235495578059133,0.244678093869052,0.24970897630675098,0.250207056519002,0.25834732617696604,0.27174637494462806,0.277811508764982,0.27790877656934004,0.29711113864798305,0.31893106519812,0.32645854714803496,0.326430675717935,0.8500325990765609,0.9904258853531229,1.0,0.9978052500533359,0.573330365530035,0.309431479015486,0.22882674434376898,0.19085007905145604
0.0912663303387433,0.0974526608577286,0.10149504822521901,0.0980817464399655,0.0986609964761536,0.125111731736,0.15244792421076997,0.177588930672148,0.19316400775363698,0.19925711152214803,0.20232411418942198,0.201816382858055,0.204214200692349,0.21131613942986702,0.21481023162188198,0.214412654802095,0.21958001374573802,0.22835918364969898,0.23114939760972303,0.22921537089096602,0.24302232654736802,0.259209218724965,0.264115604625713,0.263185965399024,0.8132885364660228,0.9791111964561279,0.9978052500533359,1.0,0.5696525742508051,0.30400987169654997,0.22299267171108603,0.18483847237131398
0.0832217613646459,0.0907637533679961,0.0970348558440777,0.096936078432929,0.0962685469320939,0.11126776785810198,0.12570306507097098,0.137487316341658,0.144228314013064,0.14746885414764999,0.148397055726293,0.146673640123474,0.145974881071757,0.147268372007874,0.145949163165802,0.142019668013558,0.14961058755634601,0.166929528533796,0.179105796124028,0.186550719566877,0.20251666853558398,0.21711759788032897,0.222043663106757,0.22187616635914803,0.506595482586053,0.572885225452626,0.573330365530035,0.5696525742508051,1.0,0.9561507669759058,0.928196766534045,0.9129908529429049
0.0647717892238761,0.0714931760593395,0.0775318212091785,0.0788047508965698,0.0779493564322017,0.08615492887206798,0.0933835307908659,0.0982800385535026,0.10068832437667201,0.10240823072137,0.10249194896030499,0.100731778845978,0.0991732680877935,0.0983256259239865,0.0956875433731548,0.09135434682403501,0.0985675896087672,0.115908337246625,0.129305359678454,0.138794055493298,0.152846060667292,0.164490704510651,0.168679143600433,0.16889391927779096,0.300751455342727,0.31635581976664695,0.309431479015486,0.30400987169654997,0.9561507669759058,1.0,0.996471793279427,0.992444016516988
0.0584421984644635,0.0648202530840022,0.0706950978972799,0.0723406273326198,0.0714451641921463,0.0775718398637652,0.0826189026806052,0.0854628050766949,0.0865907190685919,0.0878471815888726,0.0876875512675089,0.0859451766196412,0.0841653718520375,0.0827177931476459,0.0797442218760304,0.0753650760400251,0.0823539994419621,0.09942191489860801,0.11295315448453698,0.12287481770191802,0.136152197042131,0.146762258107256,0.15067190920061901,0.150992775015155,0.236923033449017,0.237751496330382,0.22882674434376898,0.22299267171108603,0.928196766534045,0.996471793279427,1.0,0.999240333165364
0.0553629788457861,0.0615663165398738,0.0673510148160247,0.0691656110737752,0.0682536897481259,0.073400360380791,0.0774223461444705,0.0793063235667147,0.07983700585693201,0.080875260238287,0.080603016391579,0.0788730830097887,0.0769947906131679,0.0752721089925252,0.072149887589183,0.0677599066730464,0.0746279106565253,0.0915282113541558,0.10508932598208001,0.115188241327252,0.128074092896069,0.138178314053655,0.141949137755459,0.14231849597401502,0.206716855737703,0.200682299554535,0.19085007905145604,0.18483847237131398,0.9129908529429049,0.992444016516988,0.999240333165364,1.0
