1.0,0.591735954801193,0.453869877346246,0.405508968816571,0.37646058432285207,0.347820126886365,0.33274552372814,0.324125147951518,0.320719141870563,0.294652127776445,0.276559444889786,0.250483403420669,0.244840998311378,0.23613111434732698,0.222754885049062,0.208919538237895,0.207661503106841,0.19695570761209802,0.202402602537832,0.205514266449626,0.200614854477124,0.202828242282641,0.18804893851831697,0.19016882034613103,0.188621605415635,0.18214561211116298,0.178758532404667,0.164871799376456,0.147058866122465,0.12343084721386301,0.126968392886091,0.120279822489856
0.591735954801193,1.0,0.880100346298428,0.8348564864877241,0.7986923782952149,0.77098056962444,0.754900493674846,0.744998908783126,0.7347101983511899,0.712394723233715,0.6987273528757649,0.6841050390263249,0.673678182792448,0.6666265709111371,0.6566674060849521,0.637489895537609,0.6289453145344179,0.612079218609991,0.606989342349966,0.6009650540839101,0.59688208422167,0.59057206541741,0.5790628512980079,0.5780982133961751,0.567324124532473,0.5485522020769411,0.52581669840761,0.48492629326227205,0.40435388812467205,0.24285925296461802,0.125409741054433,0.0801861686915678
0.453869877346246,0.880100346298428,1.0,0.951108265523167,0.9156251558486781,0.8868506531678209,0.870039688174389,0.8570251436283091,0.846341871485422,0.8253270199354109,0.8096013636681869,0.7979921862104,0.7867833257132371,0.7784837744543349,0.7675204056353879,0.7550087280543621,0.746405705788528,0.7284464960650021,0.720598307989195,0.710530528775254,0.70190903272911,0.6937893119652749,0.678003938578117,0.674056614437902,0.659937688310706,0.641798034178381,0.615973600710853,0.568475932507893,0.462602072662555,0.277545896638574,0.156249979759349,0.0933363951839823
0.405508968816571,0.8348564864877241,0.951108265523167,1.0,0.967312225216535,0.936205146503067,0.9193137970378621,0.9039916911002172,0.891586619004229,0.8714433906507759,0.8565576622282359,0.843640484131106,0.8306685854569329,0.8190752562542499,0.805135972063842,0.7933193680589008,0.7843473316934431,0.7683845603209419,0.7598732549214041,0.747130211463018,0.7377538302682991,0.727913094435922,0.7122377148166071,0.7059467065872109,0.693430022092959,0.674548460948696,0.649169928921723,0.603532207204546,0.49658777316474295,0.307201383531751,0.16266519198542098,0.0931526094608114
0.37646058432285207,0.7986923782952149,0.9156251558486781,0.967312225216535,1.0,0.9757697510468281,0.9574158406772829,0.94255627421241,0.929412408097411,0.911560059391393,0.897746342943535,0.881835311541108,0.8695204009604509,0.8579409780600942,0.844545744111319,0.830492810113295,0.819783233979803,0.8032768656933381,0.7916849100740141,0.7757378242285359,0.7645978007102041,0.755300575867649,0.741238582309423,0.733908582085547,0.721834082352244,0.704216919265662,0.6778778857321489,0.630490106769256,0.521538162591908,0.313876706396912,0.15666802040286903,0.0900187864141219
0.347820126886365,0.77098056962444,0.8868506531678209,0.936205146503067,0.9757697510468281,1.0,0.9838691964504009,0.965364219464641,0.948436709356588,0.9323506544075779,0.9177798923106651,0.904193034316312,0.8944521351584379,0.883917765822835,0.87183677562642,0.8556625280461021,0.843484458528893,0.826995717584864,0.815470380311365,0.7991137913202522,0.788306965775457,0.779878228344193,0.7675520187645759,0.757904760153967,0.7449746829873951,0.7265103522230959,0.700450454086826,0.653329390706648,0.54117118536384,0.32208759226312,0.154527576373917,0.0902924430825758
0.33274552372814,0.754900493674846,0.870039688174389,0.9193137970378621,0.9574158406772829,0.9838691964504009,1.0,0.983164417369379,0.9663997356639141,0.950597786615495,0.935395841575961,0.920368095856535,0.911219696792947,0.9003189995830551,0.8880255559532281,0.8718325753300691,0.8591295068798002,0.841648769148975,0.8294594649509521,0.8148490130744169,0.803532234726234,0.7941782036486441,0.784209107549632,0.776772651073001,0.7639316242546659,0.744983538206673,0.720219414272652,0.674357650462732,0.558726968732967,0.33078934164413204,0.16496712228541,0.0949471581118244
0.324125147951518,0.744998908783126,0.8570251436283091,0.9039916911002172,0.94255627421241,0.965364219464641,0.983164417369379,1.0,0.986092201810163,0.9701572828751709,0.9560230438279499,0.9410640609923409,0.9320311149884759,0.9197384871990509,0.906542647427327,0.8895945516275542,0.877242469953751,0.860999316358023,0.850941301796955,0.835228338282727,0.822163289507145,0.811023293989058,0.800915267532399,0.796594789900912,0.78275042699708,0.7643796035180821,0.7400945140527779,0.6930134343081761,0.57791925724948,0.350491808422572,0.17618853605955198,0.0990102150773829
0.320719141870563,0.7347101983511899,0.846341871485422,0.891586619004229,0.929412408097411,0.948436709356588,0.9663997356639141,0.986092201810163,1.0,0.9846199358036801,0.9709957629530641,0.955986778056923,0.945984140460856,0.9344424143810209,0.921181344002081,0.905443923098616,0.8939469395657471,0.8789066480223391,0.869753483898914,0.853909049528133,0.8403988027784219,0.8294200750696129,0.8196207429682271,0.8139581144842141,0.7995612069784929,0.7803933433133571,0.755424923924751,0.7065727541474108,0.593255845993641,0.35792622983503103,0.172220931956275,0.0999603001900098
0.294652127776445,0.712394723233715,0.8253270199354109,0.8714433906507759,0.911560059391393,0.9323506544075779,0.950597786615495,0.9701572828751709,0.9846199358036801,1.0,0.9874481634599191,0.973946742830495,0.9647891471496179,0.952408929681678,0.9386773595978101,0.9237485748976679,0.9098576419652459,0.894725693777861,0.884612345142025,0.8709693416348101,0.858063389007971,0.8476101114468001,0.8391094460124391,0.8321588049604179,0.816212355818384,0.797929485816977,0.772684317874458,0.724462414420013,0.613661380983841,0.37726155224473296,0.16935529238978603,0.0936024805804828
0.276559444889786,0.6987273528757649,0.8096013636681869,0.8565576622282359,0.897746342943535,0.9177798923106651,0.935395841575961,0.9560230438279499,0.9709957629530641,0.9874481634599191,1.0,0.989704528968756,0.979978334498485,0.967509594668577,0.954202662463771,0.9381468631178,0.922795476137333,0.905959970310438,0.8933033205439029,0.877926040955668,0.864380286594377,0.853795479058776,0.8463711330985669,0.838833883732121,0.8229056945651221,0.804700290004922,0.782060475291429,0.7339298322777971,0.625029027408958,0.381299685003545,0.169063287288928,0.0947929954854359
0.250483403420669,0.6841050390263249,0.7979921862104,0.843640484131106,0.881835311541108,0.904193034316312,0.920368095856535,0.9410640609923409,0.955986778056923,0.973946742830495,0.989704528968756,1.0,0.991722739303937,0.97847271016093,0.9638402623769949,0.9486519854734309,0.9318970811883059,0.9157239494591729,0.90153491347297,0.8854012172999559,0.8723633507572,0.862124588763,0.8554999717885359,0.8473651773565021,0.8312556769183961,0.8129341453305079,0.7889411483175991,0.740477705229114,0.6311754273317671,0.385667127987673,0.174584828269688,0.092760467015069
0.244840998311378,0.673678182792448,0.7867833257132371,0.8306685854569329,0.8695204009604509,0.8944521351584379,0.911219696792947,0.9320311149884759,0.945984140460856,0.9647891471496179,0.979978334498485,0.991722739303937,1.0,0.990281859542088,0.9771654377462199,0.962918287148259,0.9463274795484771,0.9301505123638791,0.9149963527969491,0.898949606968499,0.8864319334414521,0.8758047005316719,0.867141275862323,0.858787489472408,0.8428418738992621,0.8247076952864909,0.8021756438423701,0.7577303543920552,0.648206553960901,0.399603586002471,0.18868976012953098,0.11179950829322999
0.23613111434732698,0.6666265709111371,0.7784837744543349,0.8190752562542499,0.8579409780600942,0.883917765822835,0.9003189995830551,0.9197384871990509,0.9344424143810209,0.952408929681678,0.967509594668577,0.97847271016093,0.990281859542088,1.0,0.9899984582999491,0.975943192299213,0.9601105632970749,0.943563921795535,0.927281898148631,0.9121141212789771,0.899178541675413,0.887351211088361,0.877230071910295,0.866980740311641,0.8509034167712629,0.8325749989878369,0.810596201737338,0.768116720436652,0.659865608977845,0.40921784088895097,0.19476402145117896,0.12120403392208001
0.222754885049062,0.6566674060849521,0.7675204056353879,0.805135972063842,0.844545744111319,0.87183677562642,0.8880255559532281,0.906542647427327,0.921181344002081,0.9386773595978101,0.954202662463771,0.9638402623769949,0.9771654377462199,0.9899984582999491,1.0,0.989382566050106,0.975367995456961,0.958968351111494,0.94266572927682,0.9277488309825909,0.915019250146707,0.9034883924352222,0.892319300034656,0.880034609859625,0.864342591175798,0.8462944971336172,0.824630562154199,0.7801160754134399,0.6706880943467471,0.4189640194832171,0.20040541198773498,0.130948809142969
0.208919538237895,0.637489895537609,0.7550087280543621,0.7933193680589008,0.830492810113295,0.8556625280461021,0.8718325753300691,0.8895945516275542,0.905443923098616,0.9237485748976679,0.9381468631178,0.9486519854734309,0.962918287148259,0.975943192299213,0.989382566050106,1.0,0.9882259344104001,0.973932138817087,0.958774714166975,0.9438527864147791,0.9313836627722719,0.9193008850536429,0.9076026793059351,0.895226304890805,0.878818863501677,0.860032244918795,0.836981560900347,0.793394894904727,0.6841551357043729,0.43602681115390896,0.217067412757731,0.14654254184075
0.207661503106841,0.6289453145344179,0.746405705788528,0.7843473316934431,0.819783233979803,0.843484458528893,0.8591295068798002,0.877242469953751,0.8939469395657471,0.9098576419652459,0.922795476137333,0.9318970811883059,0.9463274795484771,0.9601105632970749,0.975367995456961,0.9882259344104001,1.0,0.988856182873134,0.974177818946451,0.9592629863397729,0.9462070155430029,0.932208589466075,0.917146819531731,0.904342271729493,0.887682375350452,0.868080678143525,0.841872645648282,0.7979556504353391,0.6907931720261291,0.44607397489354106,0.22062577494251,0.151463725137475
0.19695570761209802,0.612079218609991,0.7284464960650021,0.7683845603209419,0.8032768656933381,0.826995717584864,0.841648769148975,0.860999316358023,0.8789066480223391,0.894725693777861,0.905959970310438,0.9157239494591729,0.9301505123638791,0.943563921795535,0.958968351111494,0.973932138817087,0.988856182873134,1.0,0.989367747862277,0.9747461417417859,0.9605464948305009,0.9458106280391251,0.9306057927533771,0.919235466629059,0.9021026219354109,0.882296188434359,0.8568676274531021,0.8137501050056541,0.709025039286544,0.466407159411892,0.23914096070222698,0.160869786803059
0.202402602537832,0.606989342349966,0.720598307989195,0.7598732549214041,0.7916849100740141,0.815470380311365,0.8294594649509521,0.850941301796955,0.869753483898914,0.884612345142025,0.8933033205439029,0.90153491347297,0.9149963527969491,0.927281898148631,0.94266572927682,0.958774714166975,0.974177818946451,0.989367747862277,1.0,0.989491022670123,0.975006796855492,0.959038670420525,0.943692909034737,0.9331439474821791,0.917093725604126,0.8979170999665359,0.873835255979216,0.8312687003858359,0.725914978098547,0.485415230454251,0.256384230099108,0.177746563429178
0.205514266449626,0.6009650540839101,0.710530528775254,0.747130211463018,0.7757378242285359,0.7991137913202522,0.8148490130744169,0.835228338282727,0.853909049528133,0.8709693416348101,0.877926040955668,0.8854012172999559,0.898949606968499,0.9121141212789771,0.9277488309825909,0.9438527864147791,0.9592629863397729,0.9747461417417859,0.989491022670123,1.0,0.9904180563986641,0.9755090432084259,0.9583505732006851,0.946405750642448,0.931769335352355,0.912318336614182,0.886438136158827,0.8423996322812509,0.737505629321792,0.495103907927201,0.25975597598496397,0.18607262714352102
0.200614854477124,0.59688208422167,0.70190903272911,0.7377538302682991,0.7645978007102041,0.788306965775457,0.803532234726234,0.822163289507145,0.8403988027784219,0.858063389007971,0.864380286594377,0.8723633507572,0.8864319334414521,0.899178541675413,0.915019250146707,0.9313836627722719,0.9462070155430029,0.9605464948305009,0.975006796855492,0.9904180563986641,1.0,0.987651911143412,0.972832793444708,0.9593819020850259,0.9436865156589241,0.9244540101657459,0.898148932463555,0.8566825780317799,0.7506478729600601,0.512394314688817,0.268743538193314,0.191504115745981
0.202828242282641,0.59057206541741,0.6937893119652749,0.727913094435922,0.755300575867649,0.779878228344193,0.7941782036486441,0.811023293989058,0.8294200750696129,0.8476101114468001,0.853795479058776,0.862124588763,0.8758047005316719,0.887351211088361,0.9034883924352222,0.9193008850536429,0.932208589466075,0.9458106280391251,0.959038670420525,0.9755090432084259,0.987651911143412,1.0,0.984469318112471,0.969741059235782,0.9553505753620659,0.934968651751152,0.908094520851999,0.865186405585741,0.757275173136255,0.516143024392435,0.269636804791887,0.18880840204220298
0.18804893851831697,0.5790628512980079,0.678003938578117,0.7122377148166071,0.741238582309423,0.7675520187645759,0.784209107549632,0.800915267532399,0.8196207429682271,0.8391094460124391,0.8463711330985669,0.8554999717885359,0.867141275862323,0.877230071910295,0.892319300034656,0.9076026793059351,0.917146819531731,0.9306057927533771,0.943692909034737,0.9583505732006851,0.972832793444708,0.984469318112471,1.0,0.984316303513579,0.968795551901475,0.9500543620474051,0.920915048752875,0.876266174516795,0.7706266766435971,0.5251680950312999,0.267022785715878,0.18116786752809397
0.19016882034613103,0.5780982133961751,0.674056614437902,0.7059467065872109,0.733908582085547,0.757904760153967,0.776772651073001,0.796594789900912,0.8139581144842141,0.8321588049604179,0.838833883732121,0.8473651773565021,0.858787489472408,0.866980740311641,0.880034609859625,0.895226304890805,0.904342271729493,0.919235466629059,0.9331439474821791,0.946405750642448,0.9593819020850259,0.969741059235782,0.984316303513579,1.0,0.985499962412678,0.9685858670564741,0.94264560566513,0.897765494328484,0.788603933229035,0.532207059967936,0.28579205025469107,0.200890013242949
0.188621605415635,0.567324124532473,0.659937688310706,0.693430022092959,0.721834082352244,0.7449746829873951,0.7639316242546659,0.78275042699708,0.7995612069784929,0.816212355818384,0.8229056945651221,0.8312556769183961,0.8428418738992621,0.8509034167712629,0.864342591175798,0.878818863501677,0.887682375350452,0.9021026219354109,0.917093725604126,0.931769335352355,0.9436865156589241,0.9553505753620659,0.968795551901475,0.985499962412678,1.0,0.986794700556855,0.9618435107766441,0.918702533406617,0.8165544235538371,0.5523557267708521,0.30613040326848606,0.22273788433241398
0.18214561211116298,0.5485522020769411,0.641798034178381,0.674548460948696,0.704216919265662,0.7265103522230959,0.744983538206673,0.7643796035180821,0.7803933433133571,0.797929485816977,0.804700290004922,0.8129341453305079,0.8247076952864909,0.8325749989878369,0.8462944971336172,0.860032244918795,0.868080678143525,0.882296188434359,0.8979170999665359,0.912318336614182,0.9244540101657459,0.934968651751152,0.9500543620474051,0.9685858670564741,0.986794700556855,1.0,0.98101513621658,0.939506958399158,0.841103231391793,0.582850261999356,0.335602056730558,0.2462650469472
0.178758532404667,0.52581669840761,0.615973600710853,0.649169928921723,0.6778778857321489,0.700450454086826,0.720219414272652,0.7400945140527779,0.755424923924751,0.772684317874458,0.782060475291429,0.7889411483175991,0.8021756438423701,0.810596201737338,0.824630562154199,0.836981560900347,0.841872645648282,0.8568676274531021,0.873835255979216,0.886438136158827,0.898148932463555,0.908094520851999,0.920915048752875,0.94264560566513,0.9618435107766441,0.98101513621658,1.0,0.965727441262583,0.8713986495845741,0.609315667732199,0.36430223648315707,0.267217796592106
0.164871799376456,0.48492629326227205,0.568475932507893,0.603532207204546,0.630490106769256,0.653329390706648,0.674357650462732,0.6930134343081761,0.7065727541474108,0.724462414420013,0.7339298322777971,0.740477705229114,0.7577303543920552,0.768116720436652,0.7801160754134399,0.793394894904727,0.7979556504353391,0.8137501050056541,0.8312687003858359,0.8423996322812509,0.8566825780317799,0.865186405585741,0.876266174516795,0.897765494328484,0.918702533406617,0.939506958399158,0.965727441262583,1.0,0.937912491093308,0.70455654175081,0.448901556221466,0.350142522483681
0.147058866122465,0.40435388812467205,0.462602072662555,0.49658777316474295,0.521538162591908,0.54117118536384,0.558726968732967,0.57791925724948,0.593255845993641,0.613661380983841,0.625029027408958,0.6311754273317671,0.648206553960901,0.659865608977845,0.6706880943467471,0.6841551357043729,0.6907931720261291,0.709025039286544,0.725914978098547,0.737505629321792,0.7506478729600601,0.757275173136255,0.7706266766435971,0.788603933229035,0.8165544235538371,0.841103231391793,0.8713986495845741,0.937912491093308,1.0,0.7985442538542099,0.511419327122775,0.40460990439495603
0.12343084721386301,0.24285925296461802,0.277545896638574,0.307201383531751,0.313876706396912,0.32208759226312,0.33078934164413204,0.350491808422572,0.35792622983503103,0.37726155224473296,0.381299685003545,0.385667127987673,0.399603586002471,0.40921784088895097,0.4189640194832171,0.43602681115390896,0.44607397489354106,0.466407159411892,0.485415230454251,0.495103907927201,0.512394314688817,0.516143024392435,0.5251680950312999,0.532207059967936,0.5523557267708521,0.582850261999356,0.609315667732199,0.70455654175081,0.7985442538542099,1.0,0.6379203672871538,0.49123437062995595
0.126968392886091,0.125409741054433,0.156249979759349,0.16266519198542098,0.15666802040286903,0.154527576373917,0.16496712228541,0.17618853605955198,0.172220931956275,0.16935529238978603,0.169063287288928,0.174584828269688,0.18868976012953098,0.19476402145117896,0.20040541198773498,0.217067412757731,0.22062577494251,0.23914096070222698,0.256384230099108,0.25975597598496397,0.268743538193314,0.269636804791887,0.267022785715878,0.28579205025469107,0.30613040326848606,0.335602056730558,0.36430223648315707,0.448901556221466,0.511419327122775,0.6379203672871538,1.0,0.764344410656002
0.120279822489856,0.0801861686915678,0.0933363951839823,0.0931526094608114,0.0900187864141219,0.0902924430825758,0.0949471581118244,0.0990102150773829,0.0999603001900098,0.0936024805804828,0.0947929954854359,0.092760467015069,0.11179950829322999,0.12120403392208001,0.130948809142969,0.14654254184075,0.151463725137475,0.160869786803059,0.177746563429178,0.18607262714352102,0.191504115745981,0.18880840204220298,0.18116786752809397,0.200890013242949,0.22273788433241398,0.2462650469472,0.267217796592106,0.350142522483681,0.40460990439495603,0.49123437062995595,0.764344410656002,1.0
