1.0,0.9638697790346641,0.8502782810352341,0.8357853697399871,0.797064694731237,0.778621942068762,0.7531042372452879,0.729246012364038,0.702928695938974,0.6778381451064339,0.66813388608073,0.652646371341909,0.655125695030306,0.6498307125185521,0.6508441354890521,0.6509228963544671,0.647226037986963,0.638566652142557,0.628591630390665,0.621625738221202,0.6126901853158829,0.61081921895778,0.60644911542041,0.6012251649261899,0.5933170024357239,0.575576719513056,0.544450505873844,0.517501262627348,0.48405990746198796,0.448509700311028,0.45887190216046403,0.441223619489266
0.9638697790346641,1.0,0.9597353959505971,0.9436479903838341,0.9002029225464359,0.8809067045658431,0.853751117500972,0.829544123615623,0.803065329710222,0.777123432150358,0.767758153412876,0.751518080773948,0.754789868289385,0.749044951715482,0.7490885306569609,0.747722581205754,0.743565974230019,0.734974606151364,0.7247949091723679,0.7183050190259319,0.7093439279526691,0.7060077662496519,0.6998917458977308,0.692061610372647,0.68108712369325,0.6575250840168051,0.617859328421048,0.5855532419570539,0.550936073887989,0.5124568617926579,0.5307251577061339,0.513110104257998
0.8502782810352341,0.9597353959505971,1.0,0.9851496347688671,0.941716041384248,0.923273663191254,0.8963762247132641,0.873539628246744,0.8487834080112819,0.8238201640286179,0.815484751087833,0.799640148516379,0.803489720515527,0.797688112925933,0.7967192954069879,0.7939514641835609,0.789611957968933,0.7817028914504158,0.77205991852273,0.76660445689787,0.7583275101207251,0.7536840988719441,0.746172893474912,0.7361616883169321,0.7227553310648079,0.694871220854598,0.6492769166990761,0.613795634376979,0.5804879619500041,0.541767235076979,0.566826863296165,0.550482301357464
0.8357853697399871,0.9436479903838341,0.9851496347688671,1.0,0.9854919306598992,0.971652467467592,0.942660222844103,0.9173913194691651,0.8898235846093141,0.862498092583475,0.853218635791893,0.8361515738612739,0.839919451262126,0.8336354017955259,0.832913541372797,0.830431401746496,0.825737027078218,0.8168516216731949,0.8065696838650641,0.8016402738413729,0.7936633662573309,0.7886595074832399,0.7806600949891909,0.7699597283561971,0.7557033609617,0.727696168201029,0.682201917481079,0.646227207132049,0.6105754946876011,0.569492305427869,0.59220232490408,0.573564703236939
0.797064694731237,0.9002029225464359,0.941716041384248,0.9854919306598992,1.0,0.9911144270364979,0.9608976935114929,0.933962008803491,0.904419745633402,0.875556751778779,0.8656149587157149,0.847837649826527,0.851414797546899,0.8448372736038371,0.844380597929928,0.8422533100877309,0.8373451676841039,0.827754001188402,0.8171405555633641,0.812875021389188,0.8054275269282479,0.800213418628588,0.791964900028817,0.78089561950092,0.766215131364004,0.7389037337990559,0.6948362511315469,0.65942380434784,0.6224956105945121,0.5802762611636989,0.6000008584652929,0.579640549459813
0.778621942068762,0.8809067045658431,0.923273663191254,0.971652467467592,0.9911144270364979,1.0,0.9888532514965122,0.970928767131153,0.9425814416340649,0.913552374261033,0.901694362633854,0.8818420290249659,0.883991989624216,0.8758235570028629,0.8742987838095279,0.871177440047451,0.8654896146512809,0.8552513001398191,0.844157441017376,0.8400852668405441,0.8326825400950458,0.827621437685614,0.819380475972588,0.8091644537675751,0.7953815340681079,0.7694344987746321,0.7266226927166569,0.691716212378806,0.653427860099222,0.609383904464777,0.6246022119492021,0.6009994970527559
0.7531042372452879,0.853751117500972,0.8963762247132641,0.942660222844103,0.9608976935114929,0.9888532514965122,1.0,0.993070238431758,0.967016905415394,0.938636631689888,0.9249357092648001,0.9032047458095149,0.9037279128302491,0.893943057320663,0.891161502514597,0.886874840954931,0.8804391464679159,0.8697929562560129,0.858411855151452,0.854479661028831,0.847133589809106,0.8423807967966659,0.8343442357207249,0.825361136191021,0.8129346784327991,0.7888307361797181,0.7478574619484649,0.7139932886227429,0.675084501168803,0.629954090772782,0.6404325386876359,0.613907508519771
0.729246012364038,0.829544123615623,0.873539628246744,0.9173913194691651,0.933962008803491,0.970928767131153,0.993070238431758,1.0,0.988761119342609,0.969362445892578,0.9558532359249449,0.933911137685885,0.932108736429821,0.9200112412690191,0.916206632996384,0.911190753418776,0.9047729092639759,0.8946795187310942,0.883639551711611,0.8799946270034841,0.8727832268983321,0.8681812747948872,0.8601564249175692,0.8529342302984008,0.842510459869217,0.820909743784987,0.7822311863012041,0.749417014763331,0.7087681800697919,0.661501844938735,0.67615065522414,0.6497643930500739
0.702928695938974,0.803065329710222,0.8487834080112819,0.8898235846093141,0.904419745633402,0.9425814416340649,0.967016905415394,0.988761119342609,1.0,0.994830374423132,0.9829970004961891,0.9621642401268191,0.9577306042954129,0.9430899796569309,0.9385219282740329,0.9331639461737041,0.9273359076359441,0.9184906540429641,0.9082801018707991,0.9050300767983269,0.8980496967574809,0.893512939995448,0.885424329870629,0.8802557015137459,0.8722148948438341,0.853553038685609,0.8176023177631071,0.7860071175353299,0.743262604835108,0.6936283464243349,0.7181819131490791,0.694221469422293
0.6778381451064339,0.777123432150358,0.8238201640286179,0.862498092583475,0.875556751778779,0.913552374261033,0.938636631689888,0.969362445892578,0.994830374423132,1.0,0.9933137749406441,0.9767961425335608,0.9705775169811909,0.9542630163268471,0.949064334442191,0.943341770546955,0.937500213613663,0.928898221945973,0.9188785660298431,0.915902868180204,0.9091127715012249,0.9047022095006999,0.896670635664528,0.8927764823318299,0.886206133016378,0.8694410942079079,0.835369386834484,0.8046732991307729,0.760776968332215,0.709889902806653,0.740328507931146,0.7179483254751859
0.66813388608073,0.767758153412876,0.815484751087833,0.853218635791893,0.8656149587157149,0.901694362633854,0.9249357092648001,0.9558532359249449,0.9829970004961891,0.9933137749406441,1.0,0.9949886410458579,0.9880878922023991,0.9709910497939789,0.9651259092559509,0.9587376521299341,0.9514779025627659,0.940879112672062,0.92950689599704,0.9265438191456519,0.9197161201757951,0.9154634717616321,0.9075227139164549,0.903520871012258,0.89673941774952,0.879743208966649,0.845322234855054,0.814227071604873,0.769572645800657,0.717953017365958,0.7484047665104979,0.725639348945641
0.652646371341909,0.751518080773948,0.799640148516379,0.8361515738612739,0.847837649826527,0.8818420290249659,0.9032047458095149,0.933911137685885,0.9621642401268191,0.9767961425335608,0.9949886410458579,1.0,0.992873008285592,0.9755282622183341,0.969192462554055,0.962282031909185,0.953889375957054,0.9417157010987378,0.929317534688614,0.9263928485141858,0.91959942456033,0.915540729364143,0.907771500742022,0.9036943940979231,0.896767463408078,0.8797064562687179,0.845294503599053,0.8141628009981451,0.769364164280843,0.717668551835374,0.747998851307362,0.72520025196071
0.655125695030306,0.754789868289385,0.803489720515527,0.839919451262126,0.851414797546899,0.883991989624216,0.9037279128302491,0.932108736429821,0.9577306042954129,0.9705775169811909,0.9880878922023991,0.992873008285592,1.0,0.9947796428185419,0.9906195629966779,0.9830599362876159,0.9755956700443001,0.9655220338038308,0.954355585408313,0.9512277385689859,0.944143057229726,0.940657162845613,0.933284667779713,0.928004383648394,0.9193744525290541,0.9000783923530741,0.8629586968074191,0.830737574930001,0.787730847863744,0.736448080129417,0.776166955178432,0.7562017972902391
0.6498307125185521,0.749044951715482,0.797688112925933,0.8336354017955259,0.8448372736038371,0.8758235570028629,0.893943057320663,0.9200112412690191,0.9430899796569309,0.9542630163268471,0.9709910497939789,0.9755282622183341,0.9947796428185419,1.0,0.997750001833613,0.98972009271464,0.9831352847168859,0.9749738860914839,0.9649885426659491,0.9617221541846719,0.9544683005274871,0.951512341847665,0.944563031086338,0.938312304759264,0.92832188177992,0.9073305269720501,0.8683126075999079,0.8355234983343209,0.7945380691136942,0.7441894726476009,0.7914976576073102,0.774184720089198
0.6508441354890521,0.7490885306569609,0.7967192954069879,0.832913541372797,0.844380597929928,0.8742987838095279,0.891161502514597,0.916206632996384,0.9385219282740329,0.949064334442191,0.9651259092559509,0.969192462554055,0.9906195629966779,0.997750001833613,1.0,0.996923003012708,0.992549101126663,0.9841814611759141,0.9739365307697231,0.970331060645754,0.962741217845721,0.960051368307494,0.9533041159900429,0.9468740595430641,0.936561566997765,0.9162444583764449,0.878558456646965,0.847837632829723,0.8109768575040729,0.762448717597569,0.803905190950665,0.783280777774598
0.6509228963544671,0.747722581205754,0.7939514641835609,0.830431401746496,0.8422533100877309,0.871177440047451,0.886874840954931,0.911190753418776,0.9331639461737041,0.943341770546955,0.9587376521299341,0.962282031909185,0.9830599362876159,0.98972009271464,0.996923003012708,1.0,0.998096637167365,0.989005222739749,0.9781725521694119,0.974205928662843,0.9662824288373298,0.9637862017309972,0.957198923944641,0.950833030934055,0.9405297350010459,0.921560136392293,0.886142524241918,0.8582053793759179,0.825965525771316,0.779592321679113,0.8117683174176259,0.786499739218992
0.647226037986963,0.743565974230019,0.789611957968933,0.825737027078218,0.8373451676841039,0.8654896146512809,0.8804391464679159,0.9047729092639759,0.9273359076359441,0.937500213613663,0.9514779025627659,0.953889375957054,0.9755956700443001,0.9831352847168859,0.992549101126663,0.998096637167365,1.0,0.9955796241433349,0.987730567104417,0.9835575014522899,0.975410653005143,0.972870098554229,0.9662045819887759,0.960414473219604,0.950788718216944,0.933143558362261,0.8993227510092929,0.871826042605211,0.8375224220901031,0.7895721429789608,0.8262197050521121,0.8022834174848941
0.638566652142557,0.734974606151364,0.7817028914504158,0.8168516216731949,0.827754001188402,0.8552513001398191,0.8697929562560129,0.8946795187310942,0.9184906540429641,0.928898221945973,0.940879112672062,0.9417157010987378,0.9655220338038308,0.9749738860914839,0.9841814611759141,0.989005222739749,0.9955796241433349,1.0,0.9979172251778349,0.9936906988799709,0.9854507598031821,0.982681063776298,0.9757675656205791,0.970957979239883,0.962549584165131,0.9461872226221469,0.913424049542211,0.8845032013786709,0.8428737885257921,0.7905266960132851,0.8425665774633241,0.8248733131828759
0.628591630390665,0.7247949091723679,0.77205991852273,0.8065696838650641,0.8171405555633641,0.844157441017376,0.858411855151452,0.883639551711611,0.9082801018707991,0.9188785660298431,0.92950689599704,0.929317534688614,0.954355585408313,0.9649885426659491,0.9739365307697231,0.9781725521694119,0.987730567104417,0.9979172251778349,1.0,0.9972123873261759,0.99021513782867,0.987318090643072,0.9802502049541509,0.976180920218658,0.9686947303554889,0.9534551873265171,0.921786835824085,0.8921570120167149,0.845652822811134,0.79040630688688,0.8524886246548641,0.838906429921187
0.621625738221202,0.7183050190259319,0.76660445689787,0.8016402738413729,0.812875021389188,0.8400852668405441,0.854479661028831,0.8799946270034841,0.9050300767983269,0.915902868180204,0.9265438191456519,0.9263928485141858,0.9512277385689859,0.9617221541846719,0.970331060645754,0.974205928662843,0.9835575014522899,0.9936906988799709,0.9972123873261759,1.0,0.997867318228215,0.995016834648826,0.987877912776067,0.984109545453732,0.9769726385593641,0.9625676450942929,0.931948342244211,0.9027499910055341,0.8553576258979191,0.799273057711542,0.861931149372601,0.8481522316257009
0.6126901853158829,0.7093439279526691,0.7583275101207251,0.7936633662573309,0.8054275269282479,0.8326825400950458,0.847133589809106,0.8727832268983321,0.8980496967574809,0.9091127715012249,0.9197161201757951,0.91959942456033,0.944143057229726,0.9544683005274871,0.962741217845721,0.9662824288373298,0.975410653005143,0.9854507598031821,0.99021513782867,0.997867318228215,1.0,0.9972032816510931,0.990034850422391,0.986546957728383,0.979748235280338,0.96613917138027,0.9365775669633871,0.907890151462962,0.8599374400358979,0.8033761096138801,0.866251467722141,0.852363441103057
0.61081921895778,0.7060077662496519,0.7536840988719441,0.7886595074832399,0.800213418628588,0.827621437685614,0.8423807967966659,0.8681812747948872,0.893512939995448,0.9047022095006999,0.9154634717616321,0.915540729364143,0.940657162845613,0.951512341847665,0.960051368307494,0.9637862017309972,0.972870098554229,0.982681063776298,0.987318090643072,0.995016834648826,0.9972032816510931,1.0,0.9977903741007371,0.9950125594478499,0.987498605613022,0.97344534006716,0.9436201402771519,0.916139752260348,0.872796081083394,0.8184545819142759,0.8767436821941541,0.860206184877039
0.60644911542041,0.6998917458977308,0.746172893474912,0.7806600949891909,0.791964900028817,0.819380475972588,0.8343442357207249,0.8601564249175692,0.885424329870629,0.896670635664528,0.9075227139164549,0.907771500742022,0.933284667779713,0.944563031086338,0.9533041159900429,0.957198923944641,0.9662045819887759,0.9757675656205791,0.9802502049541509,0.987877912776067,0.990034850422391,0.9977903741007371,1.0,0.997861996059014,0.989741891225695,0.975346706898908,0.9454095542624169,0.9191223023317591,0.8800870359029449,0.827979833971265,0.881916512835778,0.8631023851866059
0.6012251649261899,0.692061610372647,0.7361616883169321,0.7699597283561971,0.78089561950092,0.8091644537675751,0.825361136191021,0.8529342302984008,0.8802557015137459,0.8927764823318299,0.903520871012258,0.9036943940979231,0.928004383648394,0.938312304759264,0.9468740595430641,0.950833030934055,0.960414473219604,0.970957979239883,0.976180920218658,0.984109545453732,0.986546957728383,0.9950125594478499,0.997861996059014,1.0,0.9968677001658721,0.9866036686725649,0.9595529202844849,0.933929795405687,0.890839870958456,0.836036752305489,0.888823777709197,0.8691945049163471
0.5933170024357239,0.68108712369325,0.7227553310648079,0.7557033609617,0.766215131364004,0.7953815340681079,0.8129346784327991,0.842510459869217,0.8722148948438341,0.886206133016378,0.89673941774952,0.896767463408078,0.9193744525290541,0.92832188177992,0.936561566997765,0.9405297350010459,0.950788718216944,0.962549584165131,0.9686947303554889,0.9769726385593641,0.979748235280338,0.987498605613022,0.989741891225695,0.9968677001658721,1.0,0.9949121686153131,0.9715350017503961,0.9464733233195458,0.8973292497724609,0.838822926814755,0.891306105871211,0.871487071934126
0.575576719513056,0.6575250840168051,0.694871220854598,0.727696168201029,0.7389037337990559,0.7694344987746321,0.7888307361797181,0.820909743784987,0.853553038685609,0.8694410942079079,0.879743208966649,0.8797064562687179,0.9000783923530741,0.9073305269720501,0.9162444583764449,0.921560136392293,0.933143558362261,0.9461872226221469,0.9534551873265171,0.9625676450942929,0.96613917138027,0.97344534006716,0.975346706898908,0.9866036686725649,0.9949121686153131,1.0,0.9899220981116329,0.9717389836052841,0.91763728459129,0.855593517186532,0.899370268017491,0.875268850277504
0.544450505873844,0.617859328421048,0.6492769166990761,0.682201917481079,0.6948362511315469,0.7266226927166569,0.7478574619484649,0.7822311863012041,0.8176023177631071,0.835369386834484,0.845322234855054,0.845294503599053,0.8629586968074191,0.8683126075999079,0.878558456646965,0.886142524241918,0.8993227510092929,0.913424049542211,0.921786835824085,0.931948342244211,0.9365775669633871,0.9436201402771519,0.9454095542624169,0.9595529202844849,0.9715350017503961,0.9899220981116329,1.0,0.9935115897660041,0.9364900130537769,0.872130702812245,0.900517391226386,0.8694271384183371
0.517501262627348,0.5855532419570539,0.613795634376979,0.646227207132049,0.65942380434784,0.691716212378806,0.7139932886227429,0.749417014763331,0.7860071175353299,0.8046732991307729,0.814227071604873,0.8141628009981451,0.830737574930001,0.8355234983343209,0.847837632829723,0.8582053793759179,0.871826042605211,0.8845032013786709,0.8921570120167149,0.9027499910055341,0.907890151462962,0.916139752260348,0.9191223023317591,0.933929795405687,0.9464733233195458,0.9717389836052841,0.9935115897660041,1.0,0.9626920454068759,0.9087971144743959,0.912655801875065,0.8696316862347421
0.48405990746198796,0.550936073887989,0.5804879619500041,0.6105754946876011,0.6224956105945121,0.653427860099222,0.675084501168803,0.7087681800697919,0.743262604835108,0.760776968332215,0.769572645800657,0.769364164280843,0.787730847863744,0.7945380691136942,0.8109768575040729,0.825965525771316,0.8375224220901031,0.8428737885257921,0.845652822811134,0.8553576258979191,0.8599374400358979,0.872796081083394,0.8800870359029449,0.890839870958456,0.8973292497724609,0.91763728459129,0.9364900130537769,0.9626920454068759,1.0,0.9877961811122831,0.939883377926234,0.8712051477886221
0.448509700311028,0.5124568617926579,0.541767235076979,0.569492305427869,0.5802762611636989,0.609383904464777,0.629954090772782,0.661501844938735,0.6936283464243349,0.709889902806653,0.717953017365958,0.717668551835374,0.736448080129417,0.7441894726476009,0.762448717597569,0.779592321679113,0.7895721429789608,0.7905266960132851,0.79040630688688,0.799273057711542,0.8033761096138801,0.8184545819142759,0.827979833971265,0.836036752305489,0.838822926814755,0.855593517186532,0.872130702812245,0.9087971144743959,0.9877961811122831,1.0,0.9239020606073008,0.8427707084962991
0.45887190216046403,0.5307251577061339,0.566826863296165,0.59220232490408,0.6000008584652929,0.6246022119492021,0.6404325386876359,0.67615065522414,0.7181819131490791,0.740328507931146,0.7484047665104979,0.747998851307362,0.776166955178432,0.7914976576073102,0.803905190950665,0.8117683174176259,0.8262197050521121,0.8425665774633241,0.8524886246548641,0.861931149372601,0.866251467722141,0.8767436821941541,0.881916512835778,0.888823777709197,0.891306105871211,0.899370268017491,0.900517391226386,0.912655801875065,0.939883377926234,0.9239020606073008,1.0,0.984593749569555
0.441223619489266,0.513110104257998,0.550482301357464,0.573564703236939,0.579640549459813,0.6009994970527559,0.613907508519771,0.6497643930500739,0.694221469422293,0.7179483254751859,0.725639348945641,0.72520025196071,0.7562017972902391,0.774184720089198,0.783280777774598,0.786499739218992,0.8022834174848941,0.8248733131828759,0.838906429921187,0.8481522316257009,0.852363441103057,0.860206184877039,0.8631023851866059,0.8691945049163471,0.871487071934126,0.875268850277504,0.8694271384183371,0.8696316862347421,0.8712051477886221,0.8427707084962991,0.984593749569555,1.0
