1.0,0.8514218254301981,0.8210693149897459,0.8057148607183651,0.7952128867477181,0.7804269517745179,0.7702800118547009,0.764413283705986,0.758336953753335,0.7509820689255,0.7484980421482981,0.7399899039115849,0.7381349843123391,0.727479950180905,0.7162963596060258,0.7093724891493041,0.6991067231072161,0.6893793668139011,0.6824130163279251,0.672145146598376,0.6598704958074929,0.650992074842456,0.6465748383276021,0.637004161441473,0.6223169804063821,0.5974612340048591,0.570870877156095,0.541084900851199,0.47658398303699107,0.37783787561583704,0.0961728764691771,0.0390695312858173
0.8514218254301981,1.0,0.971147379708456,0.9546057961337819,0.942053729070574,0.9301935426224291,0.9223514570177791,0.9146729754473059,0.908734281104265,0.8999340731548299,0.8972183244630941,0.8895658273159691,0.883466794002761,0.871057112044419,0.8587039376946741,0.850987328703388,0.8402692429235129,0.831218798713962,0.8251472498599929,0.815527238287282,0.805409711958144,0.7966763372155441,0.790028828492302,0.77941900378676,0.761927749673924,0.7402691677411201,0.715888761970867,0.6822339893921789,0.611823660422603,0.49636324208482707,0.21524051550862197,0.0109111980213841
0.8210693149897459,0.971147379708456,1.0,0.9817696829543531,0.968692991267976,0.9573003724265441,0.9513201605622259,0.9455305173218911,0.9408721688213871,0.9334314514395079,0.9297208523246759,0.922315126507448,0.916207298686436,0.9062313389037401,0.8947428740941751,0.8889635364533309,0.879481127873824,0.872071659140378,0.8656562516599959,0.856337687913135,0.8469123311768341,0.8375470315961819,0.8313031751107521,0.821515450202734,0.804127984797408,0.7839737162359731,0.7597453405563269,0.7257624177115729,0.6533028077457851,0.537764333658392,0.24802741083357302,0.033231248412615
0.8057148607183651,0.9546057961337819,0.9817696829543531,1.0,0.9884220543671008,0.977166062954326,0.9698683249613321,0.9640720286767629,0.9585597633574241,0.9521642351924171,0.9487056857976099,0.9416303044236559,0.935141343976031,0.9256418983646431,0.914413309143291,0.9082709225814459,0.8989850498075941,0.8910741226892869,0.8856347182381229,0.877379509341164,0.8691738921304292,0.859962794418588,0.85400281452299,0.8448860415577242,0.8284921310671071,0.808205474677971,0.7840385295751059,0.750986681537058,0.679531227965803,0.563641431529248,0.26820872814,0.0319664763387799
0.7952128867477181,0.942053729070574,0.968692991267976,0.9884220543671008,1.0,0.991210528630954,0.983913600802907,0.9769655938367979,0.9710699252470191,0.9659222797656031,0.9619381608616621,0.9561392425413071,0.9505436870572621,0.941985000124306,0.9325847070661801,0.927300580782354,0.918739996133748,0.910968477587015,0.9054753367178491,0.8977759287167729,0.889959076246866,0.88114455212465,0.8750320754564641,0.865859954093249,0.8499462112596479,0.830443453637891,0.8075658594055579,0.775084019884428,0.70701189435658,0.5911915595187621,0.28887065072846396,0.0465445835731079
0.7804269517745179,0.9301935426224291,0.9573003724265441,0.977166062954326,0.991210528630954,1.0,0.9929416791961411,0.9860295469830699,0.9800914058538259,0.974527235523844,0.969311134537056,0.963472098096984,0.957794579060491,0.949361112664732,0.940542424822601,0.934885873825848,0.9270589137824901,0.9194236530178299,0.913756197819445,0.906559985587954,0.8996548901802329,0.891289265344313,0.885125938941,0.876255413203248,0.8606942814785,0.8418110666743621,0.819004430012915,0.785374671214823,0.719423217732134,0.604336718454203,0.30943173337662,0.0665794038935937
0.7702800118547009,0.9223514570177791,0.9513201605622259,0.9698683249613321,0.983913600802907,0.9929416791961411,1.0,0.994003082140759,0.98796745722226,0.982323660048184,0.9763394764647809,0.9702830251915521,0.9638576996173531,0.9553730086818271,0.9467528095242159,0.9414198991895351,0.9332905078382691,0.9258815750125801,0.9199774343966021,0.9132615458907161,0.906299239279604,0.897961127815357,0.891723170900771,0.882366259912723,0.8687387247935391,0.850599934729583,0.827982192191543,0.794700377160008,0.7291242750081809,0.612767755315594,0.314926933266152,0.0722926465097797
0.764413283705986,0.9146729754473059,0.9455305173218911,0.9640720286767629,0.9769655938367979,0.9860295469830699,0.994003082140759,1.0,0.9953270313380429,0.9899360336854841,0.9840369865924871,0.9776156908593929,0.970705912389241,0.9626553451817141,0.9541559963730151,0.9486646481259591,0.940783146624697,0.9339916535267959,0.928914266191999,0.9234903961935009,0.916904458772606,0.9089111503012609,0.903115984117274,0.8951421013404379,0.88166516026275,0.8635186750103191,0.8416750687791609,0.809294702190288,0.744026714402947,0.626865393093251,0.328587911828933,0.08936134467093801
0.758336953753335,0.908734281104265,0.9408721688213871,0.9585597633574241,0.9710699252470191,0.9800914058538259,0.98796745722226,0.9953270313380429,1.0,0.996102655749476,0.989753907805555,0.9833919564487441,0.9759406492201529,0.967621382955912,0.959252733277162,0.953724556658489,0.946229654923754,0.939206078104407,0.9339639208032819,0.928618275168479,0.921732687575479,0.91397997898599,0.9081110624653879,0.9007681154806351,0.8876713747436591,0.870190474413193,0.8488666263065441,0.8172185336813641,0.750718111061715,0.6321772339643721,0.332788554255106,0.0924670571861394
0.7509820689255,0.8999340731548299,0.9334314514395079,0.9521642351924171,0.9659222797656031,0.974527235523844,0.982323660048184,0.9899360336854841,0.996102655749476,1.0,0.9953200296066429,0.9892369507341899,0.9824930182874909,0.974282690129448,0.966570496297687,0.961315615072962,0.953939160457951,0.947155847604523,0.942055230695149,0.9368556951702001,0.9298616371950251,0.9219624210818921,0.9160608871904409,0.90911178929703,0.8962446737091979,0.879141129909817,0.858087583103773,0.8267360574441591,0.7608674167635799,0.643508613442195,0.34552074553712897,0.10098818613734299
0.7484980421482981,0.8972183244630941,0.9297208523246759,0.9487056857976099,0.9619381608616621,0.969311134537056,0.9763394764647809,0.9840369865924871,0.989753907805555,0.9953200296066429,1.0,0.996044617031471,0.9901732408361179,0.98220817767048,0.974968415822859,0.969554693070877,0.9622752647394991,0.955430516494596,0.950114794925217,0.94517472569274,0.938013663508693,0.930292061580023,0.9250068791265421,0.918234849661636,0.9057439435771741,0.8880502293931791,0.8678492161058821,0.8372121920540141,0.771780986697042,0.653154270062045,0.35028112300540404,0.10251487280756
0.7399899039115849,0.8895658273159691,0.922315126507448,0.9416303044236559,0.9561392425413071,0.963472098096984,0.9702830251915521,0.9776156908593929,0.9833919564487441,0.9892369507341899,0.996044617031471,1.0,0.9955518845097341,0.9888159557454559,0.982200734112277,0.9769392324515809,0.9696434303286099,0.962579559812939,0.9569730039549731,0.9523454854576221,0.945490326955902,0.9381657440738921,0.9330334377977679,0.9266421057419741,0.9150208760817691,0.898183332117735,0.8786989657601278,0.8483536093560808,0.7846290526196981,0.666625136494325,0.36283182378632,0.10634564331213901
0.7381349843123391,0.883466794002761,0.916207298686436,0.935141343976031,0.9505436870572621,0.957794579060491,0.9638576996173531,0.970705912389241,0.9759406492201529,0.9824930182874909,0.9901732408361179,0.9955518845097341,1.0,0.995809701259083,0.990260995255644,0.9848419514772031,0.9775360325998029,0.9701323764140759,0.9642761778065841,0.959284288654982,0.9523821877601669,0.945531729939973,0.940862177730373,0.934765365349369,0.923415747694072,0.907257561101404,0.8876376275731771,0.857990192565265,0.796867032778645,0.681212464881516,0.374837655027742,0.11574573757088902
0.727479950180905,0.871057112044419,0.9062313389037401,0.9256418983646431,0.941985000124306,0.949361112664732,0.9553730086818271,0.9626553451817141,0.967621382955912,0.974282690129448,0.98220817767048,0.9888159557454559,0.995809701259083,1.0,0.9961700264124091,0.9912818985902199,0.984600292384104,0.9780522581120791,0.9719402222647041,0.9671862826564109,0.960592755709293,0.95447901471939,0.949878492539786,0.9444801175977551,0.9335375320230649,0.918401970532362,0.899152091210351,0.870053529193466,0.8117740368468019,0.699516472795654,0.3896510176492271,0.12491447532858801
0.7162963596060258,0.8587039376946741,0.8947428740941751,0.914413309143291,0.9325847070661801,0.940542424822601,0.9467528095242159,0.9541559963730151,0.959252733277162,0.966570496297687,0.974968415822859,0.982200734112277,0.990260995255644,0.9961700264124091,1.0,0.9959734664869558,0.990326676452917,0.984423851680623,0.9787666604060601,0.9741960739707429,0.9680016475087209,0.96204017411936,0.957446126439592,0.9523191222240229,0.941739166688139,0.9269910216683441,0.90850430344328,0.8798366638331729,0.822960885737147,0.710243954530308,0.39833374310197706,0.133809352787193
0.7093724891493041,0.850987328703388,0.8889635364533309,0.9082709225814459,0.927300580782354,0.934885873825848,0.9414198991895351,0.9486646481259591,0.953724556658489,0.961315615072962,0.969554693070877,0.9769392324515809,0.9848419514772031,0.9912818985902199,0.9959734664869558,1.0,0.995933822971687,0.9904709797435601,0.985214366914548,0.9804715979671659,0.974862598076229,0.969069155232674,0.9640594279496629,0.9588334028215342,0.9484484478319549,0.934269697996572,0.9174610647336658,0.8900180081489208,0.834911879782438,0.723295896146991,0.411464845379974,0.141261078978521
0.6991067231072161,0.8402692429235129,0.879481127873824,0.8989850498075941,0.918739996133748,0.9270589137824901,0.9332905078382691,0.940783146624697,0.946229654923754,0.953939160457951,0.9622752647394991,0.9696434303286099,0.9775360325998029,0.984600292384104,0.990326676452917,0.995933822971687,1.0,0.99602525101174,0.9913853088967991,0.9867368331886109,0.9817702859509699,0.9763923306837529,0.971530920813573,0.96584100824467,0.9561293812269049,0.9430055839968349,0.926582266900606,0.900460315326524,0.847448841795121,0.7372799207513421,0.430013504627819,0.158465375797647
0.6893793668139011,0.831218798713962,0.872071659140378,0.8910741226892869,0.910968477587015,0.9194236530178299,0.9258815750125801,0.9339916535267959,0.939206078104407,0.947155847604523,0.955430516494596,0.962579559812939,0.9701323764140759,0.9780522581120791,0.984423851680623,0.9904709797435601,0.99602525101174,1.0,0.9961187922157709,0.991486113810442,0.986211429708707,0.9809241402945741,0.976226075586465,0.9709340732749421,0.9620831214907691,0.9495017242875821,0.9338271225888192,0.9074431150474921,0.855993026885667,0.7475328016611941,0.44217258753634003,0.167842813058041
0.6824130163279251,0.8251472498599929,0.8656562516599959,0.8856347182381229,0.9054753367178491,0.913756197819445,0.9199774343966021,0.928914266191999,0.9339639208032819,0.942055230695149,0.950114794925217,0.9569730039549731,0.9642761778065841,0.9719402222647041,0.9787666604060601,0.985214366914548,0.9913853088967991,0.9961187922157709,1.0,0.996211832419595,0.991497642742828,0.98618081796609,0.981734177548366,0.9764484386003689,0.9680858784087301,0.9559144563595571,0.9409703752589159,0.915687510733125,0.86567629793837,0.759247937808871,0.457158376417738,0.18225707552946302
0.672145146598376,0.815527238287282,0.856337687913135,0.877379509341164,0.8977759287167729,0.906559985587954,0.9132615458907161,0.9234903961935009,0.928618275168479,0.9368556951702001,0.94517472569274,0.9523454854576221,0.959284288654982,0.9671862826564109,0.9741960739707429,0.9804715979671659,0.9867368331886109,0.991486113810442,0.996211832419595,1.0,0.9966092556442501,0.9917278020854751,0.987112455154597,0.981965474182258,0.974436534241431,0.962156396307079,0.948921342428149,0.92522069712008,0.8770731382186719,0.7713012128061941,0.47050863450633207,0.193591492473492
0.6598704958074929,0.805409711958144,0.8469123311768341,0.8691738921304292,0.889959076246866,0.8996548901802329,0.906299239279604,0.916904458772606,0.921732687575479,0.9298616371950251,0.938013663508693,0.945490326955902,0.9523821877601669,0.960592755709293,0.9680016475087209,0.974862598076229,0.9817702859509699,0.986211429708707,0.991497642742828,0.9966092556442501,1.0,0.99637529980504,0.992062460519357,0.987204895528255,0.980892562896768,0.9695628492398871,0.9570535409562659,0.9334129678256992,0.8866680885427779,0.7830259543295319,0.4850404278823479,0.204640436899885
0.650992074842456,0.7966763372155441,0.8375470315961819,0.859962794418588,0.88114455212465,0.891289265344313,0.897961127815357,0.9089111503012609,0.91397997898599,0.9219624210818921,0.930292061580023,0.9381657440738921,0.945531729939973,0.95447901471939,0.96204017411936,0.969069155232674,0.9763923306837529,0.9809241402945741,0.98618081796609,0.9917278020854751,0.99637529980504,1.0,0.996434603841203,0.9915251800298929,0.985337731116548,0.974952882388007,0.9625335535598001,0.9393890720486351,0.893657892824816,0.7917119370633391,0.494261590518154,0.21202002680432502
0.6465748383276021,0.790028828492302,0.8313031751107521,0.85400281452299,0.8750320754564641,0.885125938941,0.891723170900771,0.903115984117274,0.9081110624653879,0.9160608871904409,0.9250068791265421,0.9330334377977679,0.940862177730373,0.949878492539786,0.957446126439592,0.9640594279496629,0.971530920813573,0.976226075586465,0.981734177548366,0.987112455154597,0.992062460519357,0.996434603841203,1.0,0.995953364607738,0.989799609215963,0.979813324463937,0.9667005716599979,0.9440879928363399,0.899776657007582,0.799035851643401,0.503071161460024,0.216086460223874
0.637004161441473,0.77941900378676,0.821515450202734,0.8448860415577242,0.865859954093249,0.876255413203248,0.882366259912723,0.8951421013404379,0.9007681154806351,0.90911178929703,0.918234849661636,0.9266421057419741,0.934765365349369,0.9444801175977551,0.9523191222240229,0.9588334028215342,0.96584100824467,0.9709340732749421,0.9764484386003689,0.981965474182258,0.987204895528255,0.9915251800298929,0.995953364607738,1.0,0.9949010858453059,0.986007077620405,0.973490150338341,0.9511848218992328,0.9090857124187439,0.810828207122759,0.516397394818491,0.231730462468268
0.6223169804063821,0.761927749673924,0.804127984797408,0.8284921310671071,0.8499462112596479,0.8606942814785,0.8687387247935391,0.88166516026275,0.8876713747436591,0.8962446737091979,0.9057439435771741,0.9150208760817691,0.923415747694072,0.9335375320230649,0.941739166688139,0.9484484478319549,0.9561293812269049,0.9620831214907691,0.9680858784087301,0.974436534241431,0.980892562896768,0.985337731116548,0.989799609215963,0.9949010858453059,1.0,0.9931139782439642,0.981982422191417,0.960958600898747,0.9200389356646371,0.824851271424086,0.535356935378246,0.24971320924405102
0.5974612340048591,0.7402691677411201,0.7839737162359731,0.808205474677971,0.830443453637891,0.8418110666743621,0.850599934729583,0.8635186750103191,0.870190474413193,0.879141129909817,0.8880502293931791,0.898183332117735,0.907257561101404,0.918401970532362,0.9269910216683441,0.934269697996572,0.9430055839968349,0.9495017242875821,0.9559144563595571,0.962156396307079,0.9695628492398871,0.974952882388007,0.979813324463937,0.986007077620405,0.9931139782439642,1.0,0.991849755857187,0.974526806209218,0.9389331753168009,0.853569747220442,0.571214851232396,0.280869550437868
0.570870877156095,0.715888761970867,0.7597453405563269,0.7840385295751059,0.8075658594055579,0.819004430012915,0.827982192191543,0.8416750687791609,0.8488666263065441,0.858087583103773,0.8678492161058821,0.8786989657601278,0.8876376275731771,0.899152091210351,0.90850430344328,0.9174610647336658,0.926582266900606,0.9338271225888192,0.9409703752589159,0.948921342428149,0.9570535409562659,0.9625335535598001,0.9667005716599979,0.973490150338341,0.981982422191417,0.991849755857187,1.0,0.98826919239716,0.957814561127405,0.8790577273270251,0.60207735056269,0.311075781043899
0.541084900851199,0.6822339893921789,0.7257624177115729,0.750986681537058,0.775084019884428,0.785374671214823,0.794700377160008,0.809294702190288,0.8172185336813641,0.8267360574441591,0.8372121920540141,0.8483536093560808,0.857990192565265,0.870053529193466,0.8798366638331729,0.8900180081489208,0.900460315326524,0.9074431150474921,0.915687510733125,0.92522069712008,0.9334129678256992,0.9393890720486351,0.9440879928363399,0.9511848218992328,0.960958600898747,0.974526806209218,0.98826919239716,1.0,0.978465816487221,0.9112385798160442,0.6412965915325379,0.334416997805395
0.47658398303699107,0.611823660422603,0.6533028077457851,0.679531227965803,0.70701189435658,0.719423217732134,0.7291242750081809,0.744026714402947,0.750718111061715,0.7608674167635799,0.771780986697042,0.7846290526196981,0.796867032778645,0.8117740368468019,0.822960885737147,0.834911879782438,0.847448841795121,0.855993026885667,0.86567629793837,0.8770731382186719,0.8866680885427779,0.893657892824816,0.899776657007582,0.9090857124187439,0.9200389356646371,0.9389331753168009,0.957814561127405,0.978465816487221,1.0,0.956200663741823,0.703250289892949,0.38720086808224796
0.37783787561583704,0.49636324208482707,0.537764333658392,0.563641431529248,0.5911915595187621,0.604336718454203,0.612767755315594,0.626865393093251,0.6321772339643721,0.643508613442195,0.653154270062045,0.666625136494325,0.681212464881516,0.699516472795654,0.710243954530308,0.723295896146991,0.7372799207513421,0.7475328016611941,0.759247937808871,0.7713012128061941,0.7830259543295319,0.7917119370633391,0.799035851643401,0.810828207122759,0.824851271424086,0.853569747220442,0.8790577273270251,0.9112385798160442,0.956200663741823,1.0,0.8059638098955241,0.4682280125110129
0.0961728764691771,0.21524051550862197,0.24802741083357302,0.26820872814,0.28887065072846396,0.30943173337662,0.314926933266152,0.328587911828933,0.332788554255106,0.34552074553712897,0.35028112300540404,0.36283182378632,0.374837655027742,0.3896510176492271,0.39833374310197706,0.411464845379974,0.430013504627819,0.44217258753634003,0.457158376417738,0.47050863450633207,0.4850404278823479,0.494261590518154,0.503071161460024,0.516397394818491,0.535356935378246,0.571214851232396,0.60207735056269,0.6412965915325379,0.703250289892949,0.8059638098955241,1.0,0.566900591877799
0.0390695312858173,0.0109111980213841,0.033231248412615,0.0319664763387799,0.0465445835731079,0.0665794038935937,0.0722926465097797,0.08936134467093801,0.0924670571861394,0.10098818613734299,0.10251487280756,0.10634564331213901,0.11574573757088902,0.12491447532858801,0.133809352787193,0.141261078978521,0.158465375797647,0.167842813058041,0.18225707552946302,0.193591492473492,0.204640436899885,0.21202002680432502,0.216086460223874,0.231730462468268,0.24971320924405102,0.280869550437868,0.311075781043899,0.334416997805395,0.38720086808224796,0.4682280125110129,0.566900591877799,1.0
