1.0,0.79831570885275,0.7371336047775909,0.7117367138183901,0.6815576921952161,0.664717879415945,0.645758103150588,0.6380332179046071,0.6271406384773679,0.615975597947807,0.6059887510871801,0.600509563924163,0.5962506325610971,0.585127278946847,0.5739608175408001,0.5622428634700639,0.545613397786513,0.530333378385919,0.520633429922129,0.512202341437989,0.49953456555216297,0.485549483592812,0.46319990225993396,0.44811726236141,0.43535290257648995,0.4126956074249539,0.400462144087229,0.382447133649793,0.34598351580507597,0.26369640079330997,0.0258359127955832,0.0673036214632311
0.79831570885275,1.0,0.942408658323106,0.917216556661996,0.886917480326359,0.871245585298392,0.854329481037247,0.8435718794904229,0.834640099600842,0.8248084741429721,0.810788870957838,0.8018266964435129,0.7932238269533392,0.7803616699278649,0.766758307686149,0.7554463002686271,0.7434640288464419,0.732170386756088,0.725136241226615,0.718022258592412,0.704936081958932,0.695658518894785,0.6813929939504929,0.664349138205271,0.649428819001292,0.6281241012009561,0.609436458292259,0.583653416359307,0.548604149891116,0.441001895534058,0.139721649690515,0.00812676412905866
0.7371336047775909,0.942408658323106,1.0,0.9692250854311321,0.940832038466855,0.923781273034066,0.909792028043835,0.8970150739572049,0.887268691038971,0.8764942472125501,0.861419586439551,0.8510689733520809,0.8443691704748348,0.8333646996871121,0.820696184000966,0.8115221389377489,0.8007810687732521,0.787812774630553,0.781571886497196,0.773184180789312,0.758830308315185,0.750353640410072,0.7383797743715059,0.7229077139615241,0.7084885299092389,0.6896605615146939,0.6729191257104711,0.6459886511161039,0.611562176398641,0.5035564535661811,0.16942767802795303,0.00298473235923475
0.7117367138183901,0.917216556661996,0.9692250854311321,1.0,0.9797818217081559,0.962379553696967,0.9488409767026199,0.9368196399108051,0.9265406608698149,0.917029582681797,0.903822307892652,0.8937346464371279,0.8858960529216708,0.8739011907616909,0.8630950117507471,0.853900557015398,0.8402857506514029,0.827337800059633,0.820598210275006,0.8132346657462428,0.800690561658261,0.79302016676946,0.7819686352943341,0.76778926284653,0.7530082305771241,0.734826586362945,0.720036835296584,0.691760801045312,0.655956252413363,0.540886818159543,0.21225532679643103,0.0525061879785068
0.6815576921952161,0.886917480326359,0.940832038466855,0.9797818217081559,1.0,0.983124570859932,0.969083053316121,0.956562949796595,0.9462305198457042,0.937074954958244,0.924297536762386,0.91444226036924,0.908625628570227,0.897221882544467,0.889703083942755,0.881090086007876,0.8684530479807959,0.856302388076954,0.8494902895904821,0.841873245228391,0.8298135229938429,0.821810134300274,0.8100352799045959,0.7970391982675241,0.782666457722945,0.7641611547663921,0.750917178141908,0.723930850265187,0.6887359493042691,0.568387251556964,0.232725938869031,0.0834945211217123
0.664717879415945,0.871245585298392,0.923781273034066,0.962379553696967,0.983124570859932,1.0,0.9892753070305601,0.976697506002984,0.968196219621824,0.9586316073594241,0.946523897806545,0.936678020827343,0.9310702399269591,0.920580853581823,0.91446309646043,0.9048192781263101,0.891396363635624,0.8791721980632141,0.8725905015583791,0.866404648056006,0.856033527401693,0.848649620527016,0.836299705124269,0.823472681624134,0.809963516946385,0.7910169615501601,0.7796411460052409,0.753221260541101,0.7194062477355351,0.6019592589378511,0.255877128216589,0.10460908932294401
0.645758103150588,0.854329481037247,0.909792028043835,0.9488409767026199,0.969083053316121,0.9892753070305601,1.0,0.9897826709468409,0.980860629272352,0.9710031991971328,0.9595024081589181,0.9490089660011519,0.9420844360186179,0.931019319799935,0.9241584681080071,0.914445487395192,0.9013032327935,0.8893993275040358,0.882906662365271,0.878034237780284,0.8676162539614108,0.8602111061439108,0.8496051707995319,0.8357222137714991,0.8230498548287449,0.8055374388312291,0.7955810724090959,0.7709661115427071,0.735297683512972,0.613141307064402,0.25673731827316104,0.104214610609801
0.6380332179046071,0.8435718794904229,0.8970150739572049,0.9368196399108051,0.956562949796595,0.976697506002984,0.9897826709468409,1.0,0.9918093627861508,0.982447771057367,0.971860181749775,0.961263465569289,0.952793532506756,0.940331710402373,0.9321020856944241,0.922626126618665,0.9093349132253828,0.8980995169582351,0.8918642811627059,0.887177847082298,0.877071386974016,0.8701721768582841,0.8607665057100371,0.8466775814498589,0.834277742769725,0.8164515994728408,0.805830597420523,0.783066282313492,0.7486378755749481,0.62413945377502,0.265521502887173,0.111962190377816
0.6271406384773679,0.834640099600842,0.887268691038971,0.9265406608698149,0.9462305198457042,0.968196219621824,0.980860629272352,0.9918093627861508,1.0,0.991927215042112,0.9822140346055451,0.971570191320078,0.962867675537636,0.9502469327936658,0.941152893597717,0.931662599158048,0.919392074017885,0.908878511791635,0.90162722381181,0.896438052799875,0.88745673442963,0.881231591380935,0.8726218623792091,0.85982895566736,0.84817691879061,0.8309103689692672,0.8208527951729059,0.7977242186747091,0.7647376370502309,0.641493749908177,0.278699009483803,0.129083666753947
0.615975597947807,0.8248084741429721,0.8764942472125501,0.917029582681797,0.937074954958244,0.9586316073594241,0.9710031991971328,0.982447771057367,0.991927215042112,1.0,0.9925454252274859,0.982122268692763,0.972415355832734,0.958720153722097,0.948411732147822,0.938650790826527,0.9256348925156461,0.913966913738474,0.906638408111722,0.900426437188759,0.890347271364654,0.8843426982730809,0.877116297860804,0.86592119642638,0.85487958063127,0.83823307057909,0.828647077560048,0.8052389666424301,0.7727644482517531,0.647934898670954,0.28268609277888107,0.14344364006945098
0.6059887510871801,0.810788870957838,0.861419586439551,0.903822307892652,0.924297536762386,0.946523897806545,0.9595024081589181,0.971860181749775,0.9822140346055451,0.9925454252274859,1.0,0.992986210417462,0.984290115627601,0.972550689605486,0.9625049851443299,0.9533487665367758,0.9406154012117378,0.92756789338514,0.9197913490471651,0.9132468748646401,0.90384538532024,0.897515100865085,0.890577341235909,0.8794093266012328,0.8686726817972149,0.8532459555901021,0.8447818832315591,0.822174875497672,0.790022492388699,0.66750626803837,0.292744161448269,0.159161075776556
0.600509563924163,0.8018266964435129,0.8510689733520809,0.8937346464371279,0.91444226036924,0.936678020827343,0.9490089660011519,0.961263465569289,0.971570191320078,0.982122268692763,0.992986210417462,1.0,0.992999751062262,0.9822505256874341,0.971783262545477,0.962831849522264,0.950159584852296,0.936835435935068,0.928962068493553,0.9218657558230029,0.9134105714090001,0.9068328526491809,0.898919052669169,0.8886546778857091,0.877228930710705,0.86270154647218,0.854289073425298,0.831866549304084,0.801021138639442,0.6805149754736629,0.30813116031243,0.174944908253077
0.5962506325610971,0.7932238269533392,0.8443691704748348,0.8858960529216708,0.908625628570227,0.9310702399269591,0.9420844360186179,0.952793532506756,0.962867675537636,0.972415355832734,0.984290115627601,0.992999751062262,1.0,0.9915219724855021,0.981460334041323,0.97289748230286,0.960280666559604,0.947288078365052,0.939463460513881,0.9311733673845292,0.9224866619913471,0.914667912840565,0.906529568671402,0.89657433642754,0.884487684889735,0.870207650397183,0.862809061869367,0.840711561574792,0.8095808639130699,0.693312921439299,0.319547243652818,0.17963725633276298
0.585127278946847,0.7803616699278649,0.8333646996871121,0.8739011907616909,0.897221882544467,0.920580853581823,0.931019319799935,0.940331710402373,0.9502469327936658,0.958720153722097,0.972550689605486,0.9822505256874341,0.9915219724855021,1.0,0.9929342506462991,0.9845553290986021,0.972861432705361,0.9603594433732979,0.951963666599079,0.9438747821007379,0.935483420117246,0.927706498319864,0.9200413963104421,0.9106134350032992,0.8985845097171641,0.8831555886599609,0.876597756506588,0.85427930299068,0.8242623130442901,0.714140513499325,0.341787239079074,0.19258949185211396
0.5739608175408001,0.766758307686149,0.820696184000966,0.8630950117507471,0.889703083942755,0.91446309646043,0.9241584681080071,0.9321020856944241,0.941152893597717,0.948411732147822,0.9625049851443299,0.971783262545477,0.981460334041323,0.9929342506462991,1.0,0.993798193855534,0.9834595765358121,0.971749587297392,0.962946365156527,0.9546463737195321,0.946556522557955,0.940021808565833,0.93155671989203,0.922475781144745,0.910894542088588,0.8945239274870009,0.887993151072371,0.8658772486618,0.836624972989442,0.7277086659655542,0.35413963543851207,0.20550139619374103
0.5622428634700639,0.7554463002686271,0.8115221389377489,0.853900557015398,0.881090086007876,0.9048192781263101,0.914445487395192,0.922626126618665,0.931662599158048,0.938650790826527,0.9533487665367758,0.962831849522264,0.97289748230286,0.9845553290986021,0.993798193855534,1.0,0.9925278351389509,0.981584685863305,0.9731635406819871,0.9642728008767891,0.9553675734522941,0.9488950762358771,0.940981970680988,0.932205219446053,0.921535682292144,0.9062469391750121,0.899448181664935,0.878755786176297,0.8494034370606999,0.741533989807518,0.373675527457967,0.22250203103915195
0.545613397786513,0.7434640288464419,0.8007810687732521,0.8402857506514029,0.8684530479807959,0.891396363635624,0.9013032327935,0.9093349132253828,0.919392074017885,0.9256348925156461,0.9406154012117378,0.950159584852296,0.960280666559604,0.972861432705361,0.9834595765358121,0.9925278351389509,1.0,0.992981441576168,0.98471549242799,0.9765677796012578,0.9676462868361569,0.9611215759364771,0.9531017707979749,0.944857085776115,0.934639725822918,0.919090159972067,0.911749358910832,0.8921730018939109,0.8643858489396271,0.759431064059802,0.38651683881101795,0.23813204140287803
0.530333378385919,0.732170386756088,0.787812774630553,0.827337800059633,0.856302388076954,0.8791721980632141,0.8893993275040358,0.8980995169582351,0.908878511791635,0.913966913738474,0.92756789338514,0.936835435935068,0.947288078365052,0.9603594433732979,0.971749587297392,0.981584685863305,0.992981441576168,1.0,0.9937726670833249,0.9867619912109041,0.9782672089276541,0.9716454471577699,0.964198371519821,0.956684795172766,0.9475828094081821,0.9324876493833241,0.92417289152627,0.905209706076255,0.8768645041405809,0.7751035801945171,0.404452670417853,0.256416820429294
0.520633429922129,0.725136241226615,0.781571886497196,0.820598210275006,0.8494902895904821,0.8725905015583791,0.882906662365271,0.8918642811627059,0.90162722381181,0.906638408111722,0.9197913490471651,0.928962068493553,0.939463460513881,0.951963666599079,0.962946365156527,0.9731635406819871,0.98471549242799,0.9937726670833249,1.0,0.9932596150969,0.98481011188285,0.977530786706987,0.9689586581406758,0.9613076835690608,0.9525157535163828,0.9381688050992609,0.929214740099292,0.9100074267343359,0.882826400103371,0.783370864533932,0.408766506342249,0.265641368078443
0.512202341437989,0.718022258592412,0.773184180789312,0.8132346657462428,0.841873245228391,0.866404648056006,0.878034237780284,0.887177847082298,0.896438052799875,0.900426437188759,0.9132468748646401,0.9218657558230029,0.9311733673845292,0.9438747821007379,0.9546463737195321,0.9642728008767891,0.9765677796012578,0.9867619912109041,0.9932596150969,1.0,0.9937114660643199,0.986430987849506,0.9786581505537539,0.9707746406479789,0.9631523892129101,0.949835770111624,0.9394892677199641,0.9201700689048778,0.8932443892044329,0.7954005925752191,0.41872766821357793,0.27903109839151596
0.49953456555216297,0.704936081958932,0.758830308315185,0.800690561658261,0.8298135229938429,0.856033527401693,0.8676162539614108,0.877071386974016,0.88745673442963,0.890347271364654,0.90384538532024,0.9134105714090001,0.9224866619913471,0.935483420117246,0.946556522557955,0.9553675734522941,0.9676462868361569,0.9782672089276541,0.98481011188285,0.9937114660643199,1.0,0.9927450444556031,0.984425469726581,0.9767508984743031,0.9694752850419591,0.957209054348689,0.9469762175606451,0.9282720186447959,0.9018654227982751,0.806055969235033,0.42604412802151004,0.292944625511033
0.485549483592812,0.695658518894785,0.750353640410072,0.79302016676946,0.821810134300274,0.848649620527016,0.8602111061439108,0.8701721768582841,0.881231591380935,0.8843426982730809,0.897515100865085,0.9068328526491809,0.914667912840565,0.927706498319864,0.940021808565833,0.9488950762358771,0.9611215759364771,0.9716454471577699,0.977530786706987,0.986430987849506,0.9927450444556031,1.0,0.9934866688193008,0.985537829874931,0.978335362080305,0.966312750822207,0.955607725514605,0.935418085501483,0.909637872752984,0.8131762306713479,0.43676437453395,0.306457700527701
0.46319990225993396,0.6813929939504929,0.7383797743715059,0.7819686352943341,0.8100352799045959,0.836299705124269,0.8496051707995319,0.8607665057100371,0.8726218623792091,0.877116297860804,0.890577341235909,0.898919052669169,0.906529568671402,0.9200413963104421,0.93155671989203,0.940981970680988,0.9531017707979749,0.964198371519821,0.9689586581406758,0.9786581505537539,0.984425469726581,0.9934866688193008,1.0,0.992507201300295,0.984021699291213,0.9711572335096759,0.9611169336303459,0.942313433158077,0.9162749030335501,0.821076032752658,0.44813649827907004,0.31196207090302097
0.44811726236141,0.664349138205271,0.7229077139615241,0.76778926284653,0.7970391982675241,0.823472681624134,0.8357222137714991,0.8466775814498589,0.85982895566736,0.86592119642638,0.8794093266012328,0.8886546778857091,0.89657433642754,0.9106134350032992,0.922475781144745,0.932205219446053,0.944857085776115,0.956684795172766,0.9613076835690608,0.9707746406479789,0.9767508984743031,0.985537829874931,0.992507201300295,1.0,0.9918767416835491,0.9791782087876841,0.969008478543193,0.951370003370139,0.9252916818949151,0.8343583745174709,0.469978956065751,0.322723517379258
0.43535290257648995,0.649428819001292,0.7084885299092389,0.7530082305771241,0.782666457722945,0.809963516946385,0.8230498548287449,0.834277742769725,0.84817691879061,0.85487958063127,0.8686726817972149,0.877228930710705,0.884487684889735,0.8985845097171641,0.910894542088588,0.921535682292144,0.934639725822918,0.9475828094081821,0.9525157535163828,0.9631523892129101,0.9694752850419591,0.978335362080305,0.984021699291213,0.9918767416835491,1.0,0.9897528915303131,0.9782539706626079,0.9599203647958771,0.9355849255554352,0.848257918020077,0.48294027159991,0.343541579330419
0.4126956074249539,0.6281241012009561,0.6896605615146939,0.734826586362945,0.7641611547663921,0.7910169615501601,0.8055374388312291,0.8164515994728408,0.8309103689692672,0.83823307057909,0.8532459555901021,0.86270154647218,0.870207650397183,0.8831555886599609,0.8945239274870009,0.9062469391750121,0.919090159972067,0.9324876493833241,0.9381688050992609,0.949835770111624,0.957209054348689,0.966312750822207,0.9711572335096759,0.9791782087876841,0.9897528915303131,1.0,0.988359702890259,0.970699694320745,0.94907554338394,0.86598977255567,0.5065913717866579,0.36614382534223
0.400462144087229,0.609436458292259,0.6729191257104711,0.720036835296584,0.750917178141908,0.7796411460052409,0.7955810724090959,0.805830597420523,0.8208527951729059,0.828647077560048,0.8447818832315591,0.854289073425298,0.862809061869367,0.876597756506588,0.887993151072371,0.899448181664935,0.911749358910832,0.92417289152627,0.929214740099292,0.9394892677199641,0.9469762175606451,0.955607725514605,0.9611169336303459,0.969008478543193,0.9782539706626079,0.988359702890259,1.0,0.9844066116380179,0.961686649149467,0.8794051247494692,0.509400463909601,0.374622230280307
0.382447133649793,0.583653416359307,0.6459886511161039,0.691760801045312,0.723930850265187,0.753221260541101,0.7709661115427071,0.783066282313492,0.7977242186747091,0.8052389666424301,0.822174875497672,0.831866549304084,0.840711561574792,0.85427930299068,0.8658772486618,0.878755786176297,0.8921730018939109,0.905209706076255,0.9100074267343359,0.9201700689048778,0.9282720186447959,0.935418085501483,0.942313433158077,0.951370003370139,0.9599203647958771,0.970699694320745,0.9844066116380179,1.0,0.979648352011838,0.900914677366577,0.525798344153706,0.39409683025676207
0.34598351580507597,0.548604149891116,0.611562176398641,0.655956252413363,0.6887359493042691,0.7194062477355351,0.735297683512972,0.7486378755749481,0.7647376370502309,0.7727644482517531,0.790022492388699,0.801021138639442,0.8095808639130699,0.8242623130442901,0.836624972989442,0.8494034370606999,0.8643858489396271,0.8768645041405809,0.882826400103371,0.8932443892044329,0.9018654227982751,0.909637872752984,0.9162749030335501,0.9252916818949151,0.9355849255554352,0.94907554338394,0.961686649149467,0.979648352011838,1.0,0.9322294908844,0.5538982088647729,0.44057103680149706
0.26369640079330997,0.441001895534058,0.5035564535661811,0.540886818159543,0.568387251556964,0.6019592589378511,0.613141307064402,0.62413945377502,0.641493749908177,0.647934898670954,0.66750626803837,0.6805149754736629,0.693312921439299,0.714140513499325,0.7277086659655542,0.741533989807518,0.759431064059802,0.7751035801945171,0.783370864533932,0.7954005925752191,0.806055969235033,0.8131762306713479,0.821076032752658,0.8343583745174709,0.848257918020077,0.86598977255567,0.8794051247494692,0.900914677366577,0.9322294908844,1.0,0.6384495031133721,0.5081274888088521
0.0258359127955832,0.139721649690515,0.16942767802795303,0.21225532679643103,0.232725938869031,0.255877128216589,0.25673731827316104,0.265521502887173,0.278699009483803,0.28268609277888107,0.292744161448269,0.30813116031243,0.319547243652818,0.341787239079074,0.35413963543851207,0.373675527457967,0.38651683881101795,0.404452670417853,0.408766506342249,0.41872766821357793,0.42604412802151004,0.43676437453395,0.44813649827907004,0.469978956065751,0.48294027159991,0.5065913717866579,0.509400463909601,0.525798344153706,0.5538982088647729,0.6384495031133721,1.0,0.5804825016787211
0.0673036214632311,0.00812676412905866,0.00298473235923475,0.0525061879785068,0.0834945211217123,0.10460908932294401,0.104214610609801,0.111962190377816,0.129083666753947,0.14344364006945098,0.159161075776556,0.174944908253077,0.17963725633276298,0.19258949185211396,0.20550139619374103,0.22250203103915195,0.23813204140287803,0.256416820429294,0.265641368078443,0.27903109839151596,0.292944625511033,0.306457700527701,0.31196207090302097,0.322723517379258,0.343541579330419,0.36614382534223,0.374622230280307,0.39409683025676207,0.44057103680149706,0.5081274888088521,0.5804825016787211,1.0
