1,0.553624488696947,0.494062937332124,0.462846840932467,0.431437798909205,0.399326586552972,0.384524801643333,0.345384751956315,0.321221628655346,0.285830628051223,0.269204558352128,0.218907085756321,0.196617178358663,0.17943514640944,0.161662443996817,0.12934511215847,0.113895744762312,0.0988773302464635,0.0899887084087859,0.077390557607233,0.0647460124792728,0.0371357050246853,0.0240622206310637,0.00761880938371174,-0.00825160159212849,-0.00724206534160527,0.0143383467583005,0.0321722802571329,0.0064388204877472,0.0388753063273242,0.060600994757476,0.0911753507752511
0.553624488696947,1,0.93244502410445,0.904161703621085,0.860039714419837,0.802995796939363,0.770656912425433,0.717895903392432,0.671116385974673,0.628898890592911,0.605841520551694,0.536873097452875,0.5070901010237,0.479394903108153,0.446203988803757,0.390838966893899,0.360399959359976,0.332592668690814,0.31663573598686,0.284528105039612,0.238539465994919,0.196119428184474,0.124319730323578,0.103397141614572,0.0352555366395961,-0.0123775564593739,-0.0195006819372803,-0.0247915440440866,-0.0273310505069818,-0.00689590728792936,0.0235300418870372,0.07509277648446
0.494062937332124,0.93244502410445,1,0.959957582940079,0.912171983370066,0.852507469872666,0.81866380925469,0.774126481540616,0.733080333046449,0.691120030285856,0.668560271061756,0.608500703739736,0.580725649603016,0.549463348326861,0.517189006001181,0.461615459530228,0.431478225254884,0.403359959979541,0.386329541156178,0.353971155916393,0.300044778063388,0.2512022983417,0.168189600374964,0.142854913066494,0.0787951709878905,0.018513664452551,-0.000694989743276961,-0.0123998503674786,-0.0163306049980364,0.00702391867056247,0.0397829191579593,0.0629068471145632
0.462846840932467,0.904161703621085,0.959957582940079,1,0.961726380905127,0.918495829580459,0.888678806898931,0.850510388375972,0.810566565823229,0.772793728382221,0.750092049104061,0.694041796616917,0.667728589096392,0.639737667058049,0.606746997988536,0.551090145319176,0.521120510506687,0.491673027484062,0.472825569615813,0.438507054369831,0.383061611746488,0.331009685344181,0.239437072773493,0.212993191854517,0.141119076075933,0.0656147521762408,0.0290551859470528,0.00971521519640959,-0.0144872230047703,0.00286125945199454,0.0273620057386019,0.0598427710494807
0.431437798909205,0.860039714419837,0.912171983370066,0.961726380905127,1,0.967170532952212,0.940129071991074,0.908513873661886,0.870110257807848,0.83821947706413,0.815768759975375,0.764943727027377,0.740675912609952,0.716662684767841,0.688388088135749,0.633583543310612,0.608546986985593,0.580313222182902,0.560940000416152,0.524568906939501,0.475896367228505,0.428975728141246,0.348170525871922,0.316133409910883,0.238284180917721,0.15835455793526,0.103674318155842,0.066253074718227,0.0301638626884751,0.0271917855401358,0.0442033510342875,0.054766957435967
0.399326586552972,0.802995796939363,0.852507469872666,0.918495829580459,0.967170532952212,1,0.978367897339028,0.958276453514796,0.93030944158831,0.899656209128016,0.87946255206029,0.836322168323431,0.809591040280933,0.787080951380727,0.760796876485629,0.710011830877065,0.687024668510683,0.661548052667145,0.641076106539136,0.606294689970195,0.558962519169012,0.511579186051318,0.428433821665977,0.390502157005523,0.306670521176861,0.216086965108954,0.149726348461954,0.108254138462004,0.0595199386533247,0.0438883084572649,0.0633361549861083,0.0772549862378621
0.384524801643333,0.770656912425433,0.81866380925469,0.888678806898931,0.940129071991074,0.978367897339028,1,0.985439570013843,0.957032308547295,0.927354817697029,0.909399468058695,0.866525308503639,0.843539138963597,0.822520365041789,0.795566255187892,0.748441660649102,0.724256207267619,0.701025307039915,0.680531919188811,0.645873540526354,0.599350416281146,0.549900019850064,0.460022760541646,0.421632872171655,0.336932944137022,0.241294854581333,0.167224157092684,0.120521027982247,0.0601956633252622,0.0481271773874017,0.0655417716320161,0.0700762963752607
0.345384751956315,0.717895903392432,0.774126481540616,0.850510388375972,0.908513873661886,0.958276453514796,0.985439570013843,1,0.983750647545145,0.959312771572563,0.942440433214594,0.908492851410997,0.886218689018448,0.866872913806816,0.842008059815416,0.798355641796495,0.775311030036017,0.753613715850725,0.733434266923522,0.700844221484262,0.656845981888888,0.608081429982731,0.516751807378491,0.475452458144413,0.389146684231664,0.285153309950931,0.199498409265935,0.146435563741138,0.0749082916600205,0.0566919820449867,0.0712122526233596,0.0618795828757046
0.321221628655346,0.671116385974673,0.733080333046449,0.810566565823229,0.870110257807848,0.93030944158831,0.957032308547295,0.983750647545145,1,0.983378470160483,0.967773785751653,0.941321499324729,0.920766653523758,0.90125048457139,0.877188136907816,0.837159842559047,0.813814723951905,0.793458979343995,0.773854504300157,0.744118403371505,0.700763398789271,0.654147954065551,0.559462896623338,0.517075863159199,0.430422223098507,0.319365192098781,0.224603547320445,0.169885746121993,0.0945045724526248,0.0675726706549298,0.0800484700705089,0.0492271873101737
0.285830628051223,0.628898890592911,0.691120030285856,0.772793728382221,0.83821947706413,0.899656209128016,0.927354817697029,0.959312771572563,0.983378470160483,1,0.987344742653543,0.968331925488448,0.949558941703762,0.930748902648506,0.908627553645393,0.872998633912317,0.850947860835048,0.830603872031424,0.809764505646409,0.782449100069121,0.743111007502897,0.697908632254806,0.606110898991509,0.562923448636685,0.474639970082354,0.360335248171836,0.256479517920246,0.18963592571931,0.100161457910653,0.0752997964352212,0.0805171904903342,0.0498100667965194
0.269204558352128,0.605841520551694,0.668560271061756,0.750092049104061,0.815768759975375,0.87946255206029,0.909399468058695,0.942440433214594,0.967773785751653,0.987344742653543,1,0.983434037281893,0.964241861351972,0.945966103252937,0.924465262550754,0.891197841553552,0.869494933927123,0.848776822643269,0.828764148959762,0.802306308389401,0.762047513948666,0.71801534786706,0.627430172843291,0.583891579059058,0.496678160984913,0.380819111940723,0.274352257145741,0.204337644596018,0.106164924045915,0.0755210748045785,0.0934471105763541,0.0488305395685083
0.218907085756321,0.536873097452875,0.608500703739736,0.694041796616917,0.764943727027377,0.836322168323431,0.866525308503639,0.908492851410997,0.941321499324729,0.968331925488448,0.983434037281893,1,0.986577346913756,0.971738196135817,0.954616620109006,0.92713993958307,0.908039240859333,0.889673923701498,0.870858376173304,0.847511338235651,0.812054386101499,0.770458434161775,0.683587648684733,0.640163275318382,0.55541736893095,0.437204725567232,0.319772517234883,0.244391888840043,0.133922243078298,0.102984809317484,0.111501160001135,0.0380288373741812
0.196617178358663,0.5070901010237,0.580725649603016,0.667728589096392,0.740675912609952,0.809591040280933,0.843539138963597,0.886218689018448,0.920766653523758,0.949558941703762,0.964241861351972,0.986577346913756,1,0.988475050904352,0.971285243234256,0.948142098875363,0.927711114431103,0.911569624954684,0.892965720365257,0.871143739451099,0.839313070629549,0.800354779982939,0.711338086262706,0.671380956445979,0.589765517501436,0.469917511597224,0.35027873908243,0.270976267543848,0.15209567110394,0.11592184120226,0.117571030980272,0.0301820837791473
0.17943514640944,0.479394903108153,0.549463348326861,0.639737667058049,0.716662684767841,0.787080951380727,0.822520365041789,0.866872913806816,0.90125048457139,0.930748902648506,0.945966103252937,0.971738196135817,0.988475050904352,1,0.989624492182675,0.967309862716697,0.947947057901325,0.930330644160523,0.912197412165705,0.889911891434601,0.859392376950612,0.822741163164672,0.734586451938929,0.694402401385963,0.615237937942074,0.494405001442408,0.370001245771471,0.293506700564183,0.174764484060257,0.140032034138826,0.135437485828359,0.0317568782903063
0.161662443996817,0.446203988803757,0.517189006001181,0.606746997988536,0.688388088135749,0.760796876485629,0.795566255187892,0.842008059815416,0.877188136907816,0.908627553645393,0.924465262550754,0.954616620109006,0.971285243234256,0.989624492182675,1,0.985231170681885,0.96808265325022,0.949183731027406,0.933365829732621,0.912567538856989,0.883727078908793,0.849157298357483,0.763326489705187,0.723108143232225,0.644021222181038,0.523951869655594,0.396006029560869,0.318357597428314,0.194717220074452,0.167583884237404,0.149710298919314,0.038028702073384
0.12934511215847,0.390838966893899,0.461615459530228,0.551090145319176,0.633583543310612,0.710011830877065,0.748441660649102,0.798355641796495,0.837159842559047,0.872998633912317,0.891197841553552,0.92713993958307,0.948142098875363,0.967309862716697,0.985231170681885,1,0.986937202652148,0.970039952442641,0.955960867128234,0.939497249138159,0.913988688121743,0.883361413019519,0.801890594984492,0.765377266360683,0.692488660505744,0.578494744529084,0.458391050174656,0.373351861724503,0.231698700058711,0.201259437775972,0.170466482452489,0.0412833214230849
0.113895744762312,0.360399959359976,0.431478225254884,0.521120510506687,0.608546986985593,0.687024668510683,0.724256207267619,0.775311030036017,0.813814723951905,0.850947860835048,0.869494933927123,0.908039240859333,0.927711114431103,0.947947057901325,0.96808265325022,0.986937202652148,1,0.986615499733235,0.973923256518945,0.960096117947479,0.936515379081387,0.906539461767557,0.833011119413845,0.796032926726439,0.72577068352072,0.614601817822474,0.490623873231709,0.403414677540823,0.257439973221268,0.215751504303078,0.178328627909608,0.0491850260219807
0.0988773302464635,0.332592668690814,0.403359959979541,0.491673027484062,0.580313222182902,0.661548052667145,0.701025307039915,0.753613715850725,0.793458979343995,0.830603872031424,0.848776822643269,0.889673923701498,0.911569624954684,0.930330644160523,0.949183731027406,0.970039952442641,0.986615499733235,1,0.990219522276463,0.978054312046638,0.955494701577243,0.926056684268441,0.851605146603204,0.814408653142291,0.744796650973449,0.632036145111386,0.508570254931738,0.423632363008887,0.284412223187149,0.232387619665537,0.184476781615984,0.0591451348986761
0.0899887084087859,0.31663573598686,0.386329541156178,0.472825569615813,0.560940000416152,0.641076106539136,0.680531919188811,0.733434266923522,0.773854504300157,0.809764505646409,0.828764148959762,0.870858376173304,0.892965720365257,0.912197412165705,0.933365829732621,0.955960867128234,0.973923256518945,0.990219522276463,1,0.990594308718549,0.969058808951409,0.939084212356786,0.861487840114915,0.824299262960189,0.755761408172193,0.642142045440806,0.521403396184107,0.437487768343552,0.301015519462216,0.241431494576802,0.189719211010515,0.0610594944888723
0.077390557607233,0.284528105039612,0.353971155916393,0.438507054369831,0.524568906939501,0.606294689970195,0.645873540526354,0.700844221484262,0.744118403371505,0.782449100069121,0.802306308389401,0.847511338235651,0.871143739451099,0.889911891434601,0.912567538856989,0.939497249138159,0.960096117947479,0.978054312046638,0.990594308718549,1,0.984275303193092,0.958066731187615,0.88417995806251,0.849882243548364,0.784487468540329,0.671557053005812,0.544472500507053,0.461092532767552,0.316532224794693,0.249942191446482,0.196831222472195,0.0549081159225565
0.0647460124792728,0.238539465994919,0.300044778063388,0.383061611746488,0.475896367228505,0.558962519169012,0.599350416281146,0.656845981888888,0.700763398789271,0.743111007502897,0.762047513948666,0.812054386101499,0.839313070629549,0.859392376950612,0.883727078908793,0.913988688121743,0.936515379081387,0.955494701577243,0.969058808951409,0.984275303193092,1,0.983548425599699,0.924942133855686,0.891637759122495,0.830659275092255,0.724511419611583,0.593539634170922,0.503242992770823,0.341630698259211,0.264734016351475,0.193453462712772,0.0630847346305966
0.0371357050246853,0.196119428184474,0.2512022983417,0.331009685344181,0.428975728141246,0.511579186051318,0.549900019850064,0.608081429982731,0.654147954065551,0.697908632254806,0.71801534786706,0.770458434161775,0.800354779982939,0.822741163164672,0.849157298357483,0.883361413019519,0.906539461767557,0.926056684268441,0.939084212356786,0.958066731187615,0.983548425599699,1,0.953760994966216,0.923890680481122,0.87145887478582,0.771751771282752,0.642725763314377,0.547919012037806,0.369012565004025,0.278931749082074,0.196989945889069,0.0685574406682366
0.0240622206310637,0.124319730323578,0.168189600374964,0.239437072773493,0.348170525871922,0.428433821665977,0.460022760541646,0.516751807378491,0.559462896623338,0.606110898991509,0.627430172843291,0.683587648684733,0.711338086262706,0.734586451938929,0.763326489705187,0.801890594984492,0.833011119413845,0.851605146603204,0.861487840114915,0.88417995806251,0.924942133855686,0.953760994966216,1,0.98325780566797,0.94925139957164,0.886851126179348,0.75749208658559,0.659308063174689,0.438835902964408,0.326206367386174,0.210241404187252,0.091956285032708
0.00761880938371174,0.103397141614572,0.142854913066494,0.212993191854517,0.316133409910883,0.390502157005523,0.421632872171655,0.475452458144413,0.517075863159199,0.562923448636685,0.583891579059058,0.640163275318382,0.671380956445979,0.694402401385963,0.723108143232225,0.765377266360683,0.796032926726439,0.814408653142291,0.824299262960189,0.849882243548364,0.891637759122495,0.923890680481122,0.98325780566797,1,0.975362336628281,0.920272469050565,0.799468935564723,0.710224988785948,0.478940700724755,0.362041503806201,0.244242630306706,0.102431761464897
-0.00825160159212849,0.0352555366395961,0.0787951709878905,0.141119076075933,0.238284180917721,0.306670521176861,0.336932944137022,0.389146684231664,0.430422223098507,0.474639970082354,0.496678160984913,0.55541736893095,0.589765517501436,0.615237937942074,0.644021222181038,0.692488660505744,0.72577068352072,0.744796650973449,0.755761408172193,0.784487468540329,0.830659275092255,0.87145887478582,0.94925139957164,0.975362336628281,1,0.967217668559288,0.869240951854847,0.783361571663014,0.539838796232729,0.411520526324834,0.279673892478057,0.11001389176782
-0.00724206534160527,-0.0123775564593739,0.018513664452551,0.0656147521762408,0.15835455793526,0.216086965108954,0.241294854581333,0.285153309950931,0.319365192098781,0.360335248171836,0.380819111940723,0.437204725567232,0.469917511597224,0.494405001442408,0.523951869655594,0.578494744529084,0.614601817822474,0.632036145111386,0.642142045440806,0.671557053005812,0.724511419611583,0.771751771282752,0.886851126179348,0.920272469050565,0.967217668559288,1,0.935346766098649,0.844215076914075,0.57683540240479,0.437261820729477,0.292324296494914,0.123169507869387
0.0143383467583005,-0.0195006819372803,-0.000694989743276961,0.0290551859470528,0.103674318155842,0.149726348461954,0.167224157092684,0.199498409265935,0.224603547320445,0.256479517920246,0.274352257145741,0.319772517234883,0.35027873908243,0.370001245771471,0.396006029560869,0.458391050174656,0.490623873231709,0.508570254931738,0.521403396184107,0.544472500507053,0.593539634170922,0.642725763314377,0.75749208658559,0.799468935564723,0.869240951854847,0.935346766098649,1,0.911595688464723,0.640587812490056,0.50715099598955,0.328357768003664,0.131896645960354
0.0321722802571329,-0.0247915440440866,-0.0123998503674786,0.00971521519640959,0.066253074718227,0.108254138462004,0.120521027982247,0.146435563741138,0.169885746121993,0.18963592571931,0.204337644596018,0.244391888840043,0.270976267543848,0.293506700564183,0.318357597428314,0.373351861724503,0.403414677540823,0.423632363008887,0.437487768343552,0.461092532767552,0.503242992770823,0.547919012037806,0.659308063174689,0.710224988785948,0.783361571663014,0.844215076914075,0.911595688464723,1,0.791497165069002,0.584219080681828,0.395624061858109,0.148729953339224
0.0064388204877472,-0.0273310505069818,-0.0163306049980364,-0.0144872230047703,0.0301638626884751,0.0595199386533247,0.0601956633252622,0.0749082916600205,0.0945045724526248,0.100161457910653,0.106164924045915,0.133922243078298,0.15209567110394,0.174764484060257,0.194717220074452,0.231698700058711,0.257439973221268,0.284412223187149,0.301015519462216,0.316532224794693,0.341630698259211,0.369012565004025,0.438835902964408,0.478940700724755,0.539838796232729,0.57683540240479,0.640587812490056,0.791497165069002,1,0.731275259695691,0.445219771543418,0.173431102084494
0.0388753063273242,-0.00689590728792936,0.00702391867056247,0.00286125945199454,0.0271917855401358,0.0438883084572649,0.0481271773874017,0.0566919820449867,0.0675726706549298,0.0752997964352212,0.0755210748045785,0.102984809317484,0.11592184120226,0.140032034138826,0.167583884237404,0.201259437775972,0.215751504303078,0.232387619665537,0.241431494576802,0.249942191446482,0.264734016351475,0.278931749082074,0.326206367386174,0.362041503806201,0.411520526324834,0.437261820729477,0.50715099598955,0.584219080681828,0.731275259695691,1,0.607837735040436,0.132640159664526
0.060600994757476,0.0235300418870372,0.0397829191579593,0.0273620057386019,0.0442033510342875,0.0633361549861083,0.0655417716320161,0.0712122526233596,0.0800484700705089,0.0805171904903342,0.0934471105763541,0.111501160001135,0.117571030980272,0.135437485828359,0.149710298919314,0.170466482452489,0.178328627909608,0.184476781615984,0.189719211010515,0.196831222472195,0.193453462712772,0.196989945889069,0.210241404187252,0.244242630306706,0.279673892478057,0.292324296494914,0.328357768003664,0.395624061858109,0.445219771543418,0.607837735040436,1,0.253363061519017
0.0911753507752511,0.07509277648446,0.0629068471145632,0.0598427710494807,0.054766957435967,0.0772549862378621,0.0700762963752607,0.0618795828757046,0.0492271873101737,0.0498100667965194,0.0488305395685083,0.0380288373741812,0.0301820837791473,0.0317568782903063,0.038028702073384,0.0412833214230849,0.0491850260219807,0.0591451348986761,0.0610594944888723,0.0549081159225565,0.0630847346305966,0.0685574406682366,0.091956285032708,0.102431761464897,0.11001389176782,0.123169507869387,0.131896645960354,0.148729953339224,0.173431102084494,0.132640159664526,0.253363061519017,1
