1,0.783453595491717,0.725597393797831,0.688937427551877,0.655172547219179,0.629096448796834,0.605919559943896,0.57773293043004,0.548761302137185,0.520304895772173,0.499933994239037,0.483405495981167,0.460774724915928,0.434675122349026,0.411067114505297,0.38761006851931,0.369092045905335,0.348430502737245,0.330215552546151,0.303642796972408,0.282327555637011,0.261625136514268,0.231600081592807,0.199680910560247,0.150243400176124,0.112583036983054,0.0581831634099643,-0.0229704990606083,-0.0743688504767308,-0.13094668676851,-0.180786993844625,-0.122789161003102
0.783453595491717,1,0.960366534450261,0.929142514925882,0.899270200705908,0.876289313730429,0.852449195789554,0.82569636692985,0.796918811438738,0.769102565517622,0.74632537956179,0.72617379224583,0.700281882447824,0.67038029763696,0.640678921939232,0.613231510781662,0.588631459010822,0.562261288695638,0.538795452483749,0.507971525028008,0.480237138737726,0.451275880157335,0.412679544718535,0.370555694652748,0.303055953031069,0.239584749344533,0.146380803675051,0.0278015458083918,-0.057573017707061,-0.121630290697523,-0.162678930870805,-0.125403260491539
0.725597393797831,0.960366534450261,1,0.981360844620882,0.962072201827535,0.943886617620132,0.926049166665607,0.904890427454062,0.882075788289401,0.859209131473062,0.838098376385171,0.821165303301798,0.798102926987903,0.770913101130861,0.742968083329469,0.718350030289613,0.694482995960834,0.670105105476677,0.648751215669814,0.619164864992113,0.592314748381707,0.563411259334232,0.524040345387158,0.480373719571533,0.413150061055903,0.34439844352701,0.240126629897962,0.108500663005699,0.0174621919842622,-0.0676414059846861,-0.114817810235552,-0.0729450565503554
0.688937427551877,0.929142514925882,0.981360844620882,1,0.987365707195503,0.973911543130414,0.959436730316308,0.943862797420568,0.92601090321042,0.906590630987966,0.888797429689541,0.873835620240776,0.853667375187777,0.829009775620345,0.803639954147562,0.780677396703693,0.759628515372254,0.736052843316589,0.715495240865163,0.687943091321254,0.66269469204577,0.633462343348762,0.595060833142156,0.553240806289499,0.484624943314277,0.414253931639531,0.300300948044353,0.154190965371144,0.0583153632257125,-0.0321515689240908,-0.0836862055014722,-0.0393455439705448
0.655172547219179,0.899270200705908,0.962072201827535,0.987365707195503,1,0.991849953972192,0.981672908397301,0.970122690686899,0.956064728190904,0.940150030951168,0.923962645678061,0.911805605238856,0.894235201695057,0.8724743156233,0.849637299746134,0.82918402674572,0.809717187094925,0.787864406837296,0.769168763685445,0.742838490247871,0.719001889852437,0.691271830964861,0.653864482556037,0.612861011695048,0.542736907454383,0.469808669818934,0.351124246098065,0.197207624745329,0.097669366911482,0.0011244641439726,-0.0543901569937928,-0.016671148537236
0.629096448796834,0.876289313730429,0.943886617620132,0.973911543130414,0.991849953972192,1,0.99190668902628,0.982734295530392,0.971384546718375,0.958401612671492,0.944647798599046,0.933929080521048,0.918539399197023,0.898970977935188,0.877170540039628,0.857884250461633,0.839194394814359,0.818959043479231,0.801616335382432,0.777114622960731,0.754472767377851,0.727855842640997,0.691996206394315,0.651400646327623,0.580687316857469,0.506178896218715,0.383635456349249,0.222145588796275,0.116223762668874,0.0147325433956501,-0.0395111026713819,-0.00880908551756405
0.605919559943896,0.852449195789554,0.926049166665607,0.959436730316308,0.981672908397301,0.99190668902628,1,0.994145658198652,0.985919859072675,0.975372510547929,0.963352278380508,0.953925538855551,0.940627856230672,0.923371316368106,0.904492659435827,0.887085694529595,0.869725379291738,0.851674596860897,0.835562709163831,0.812697144361056,0.790979580505484,0.765817027103812,0.731593580844121,0.691684554624105,0.621943373648377,0.546324955083458,0.420231524207993,0.253683768642336,0.142417275730517,0.0370179898418431,-0.0190890190266488,0.00807462740760147
0.57773293043004,0.82569636692985,0.904890427454062,0.943862797420568,0.970122690686899,0.982734295530392,0.994145658198652,1,0.994931392574863,0.987029084542978,0.977244029739538,0.969638297163075,0.957425765571313,0.942049126369218,0.925189080512925,0.910117263314352,0.894478841020875,0.878267701427586,0.863300423762328,0.842706313727119,0.822817839723527,0.798799411507103,0.766212343840403,0.728585195550406,0.659918227657189,0.584646604167054,0.456457369784703,0.286282559882193,0.172029833222718,0.0639137227488734,0.00163956676035058,0.0209310459763237
0.548761302137185,0.796918811438738,0.882075788289401,0.92601090321042,0.956064728190904,0.971384546718375,0.985919859072675,0.994931392574863,1,0.995177570210666,0.987624309374404,0.981381651276325,0.970780234770751,0.957323166292848,0.942475502593291,0.929210765696009,0.915334110096635,0.900665653293705,0.886918882611358,0.867951455195335,0.850013160421493,0.827090992858972,0.796261738865034,0.75961314973276,0.691994718841595,0.617711255348394,0.488374862015346,0.313762242003545,0.198191330860801,0.0879424610186853,0.0246050418227647,0.0387891241900541
0.520304895772173,0.769102565517622,0.859209131473062,0.906590630987966,0.940150030951168,0.958401612671492,0.975372510547929,0.987029084542978,0.995177570210666,1,0.995833041182317,0.990901148394051,0.982753332045698,0.971767155950929,0.95898969388542,0.947374595549003,0.934918691718459,0.921667898099664,0.909060862434423,0.891694971637786,0.875238654733715,0.853727712414755,0.82478704199548,0.789679131802076,0.722918917837867,0.649431145493185,0.519163287622381,0.339954965927286,0.222738746516475,0.111648981018948,0.0457604796823749,0.0564435207073337
0.499933994239037,0.74632537956179,0.838098376385171,0.888797429689541,0.923962645678061,0.944647798599046,0.963352278380508,0.977244029739538,0.987624309374404,0.995833041182317,1,0.996553444653404,0.990529788301234,0.981872708905551,0.970733782737832,0.960432678881708,0.948999440267822,0.936590155518751,0.924667279262488,0.908901091532128,0.893937924967903,0.873718306581398,0.846298179241382,0.812837721651783,0.747330162263375,0.676926692397075,0.548411950602965,0.36726660792275,0.247710608143638,0.133891660095672,0.0667141352970625,0.0736966521428769
0.483405495981167,0.72617379224583,0.821165303301798,0.873835620240776,0.911805605238856,0.933929080521048,0.953925538855551,0.969638297163075,0.981381651276325,0.990901148394051,0.996553444653404,1,0.996112813960836,0.988970567214653,0.979897971710808,0.970951806616925,0.960571437548228,0.948817356234406,0.937864192663289,0.923013010527247,0.908832901003285,0.889448372388987,0.863148225782866,0.830420023249038,0.766030506902553,0.696116150499728,0.567719444242859,0.3844310881862,0.262110247749863,0.146847688469199,0.0766082589698322,0.0811777526605812
0.460774724915928,0.700281882447824,0.798102926987903,0.853667375187777,0.894235201695057,0.918539399197023,0.940627856230672,0.957425765571313,0.970780234770751,0.982753332045698,0.990529788301234,0.996112813960836,1,0.995739225745069,0.989055157076543,0.981342563803225,0.972323914301891,0.961544361053909,0.951913032656694,0.938586268642465,0.925656633792389,0.907677296376883,0.883050205358956,0.852168759864653,0.78947117690451,0.71989686055904,0.592253762327016,0.404617279836386,0.280027964016406,0.163470001817758,0.0952191075993528,0.0939851276919292
0.434675122349026,0.67038029763696,0.770913101130861,0.829009775620345,0.8724743156233,0.898970977935188,0.923371316368106,0.942049126369218,0.957323166292848,0.971767155950929,0.981872708905551,0.988970567214653,0.995739225745069,1,0.996147555797425,0.990316205955984,0.982954402978059,0.973555192973563,0.965376608683917,0.95377165636959,0.94222184687164,0.926245416274478,0.902852634679721,0.874277761553294,0.813701585811204,0.74572397740669,0.620289264067445,0.432323244611926,0.30215697444175,0.17901605257347,0.110317982959969,0.106601164148554
0.411067114505297,0.640678921939232,0.742968083329469,0.803639954147562,0.849637299746134,0.877170540039628,0.904492659435827,0.925189080512925,0.942475502593291,0.95898969388542,0.970733782737832,0.979897971710808,0.989055157076543,0.996147555797425,1,0.996115817961891,0.990443065686327,0.982962553375365,0.976396570943707,0.966565018557647,0.956152315649359,0.941911998405334,0.920827574189125,0.894535120033457,0.836165616307455,0.769997298437183,0.646838763974272,0.456201519945984,0.32356255572986,0.199300526322285,0.12861870814202,0.117847870428911
0.38761006851931,0.613231510781662,0.718350030289613,0.780677396703693,0.82918402674572,0.857884250461633,0.887085694529595,0.910117263314352,0.929210765696009,0.947374595549003,0.960432678881708,0.970951806616925,0.981342563803225,0.990316205955984,0.996115817961891,1,0.996565957622782,0.991109044753751,0.985739697151243,0.977509696853827,0.968432640749809,0.955455617246598,0.936118013431185,0.912220726886334,0.857328844290369,0.793171825048882,0.672200171719459,0.482599125918226,0.350233121404925,0.220577217771547,0.145369292755677,0.128876048289872
0.369092045905335,0.588631459010822,0.694482995960834,0.759628515372254,0.809717187094925,0.839194394814359,0.869725379291738,0.894478841020875,0.915334110096635,0.934918691718459,0.948999440267822,0.960571437548228,0.972323914301891,0.982954402978059,0.990443065686327,0.996565957622782,1,0.996419459428833,0.992023079403608,0.984822827855392,0.976975207806372,0.964990817930279,0.947341891399868,0.925272483209343,0.872650101313206,0.81005503883854,0.690854343714711,0.500500257133503,0.367948233852989,0.236315342758711,0.158831095782888,0.137892244548159
0.348430502737245,0.562261288695638,0.670105105476677,0.736052843316589,0.787864406837296,0.818959043479231,0.851674596860897,0.878267701427586,0.900665653293705,0.921667898099664,0.936590155518751,0.948817356234406,0.961544361053909,0.973555192973563,0.982962553375365,0.991109044753751,0.996419459428833,1,0.997298305441001,0.99168766772428,0.984940310212249,0.974121061403244,0.958639706208699,0.93855972865772,0.889067234083652,0.827721262891643,0.71113096791226,0.521002156445973,0.387514689137669,0.25337488960666,0.174106716680477,0.149202839923211
0.330215552546151,0.538795452483749,0.648751215669814,0.715495240865163,0.769168763685445,0.801616335382432,0.835562709163831,0.863300423762328,0.886918882611358,0.909060862434423,0.924667279262488,0.937864192663289,0.951913032656694,0.965376608683917,0.976396570943707,0.985739697151243,0.992023079403608,0.997298305441001,1,0.996063550567529,0.990511088258798,0.981350101904176,0.967578407590607,0.949205065815737,0.90278934945115,0.842781064484188,0.728947648888084,0.54118903489342,0.408776948153867,0.273940737697926,0.196001017483921,0.167409620865399
0.303642796972408,0.507971525028008,0.619164864992113,0.687943091321254,0.742838490247871,0.777114622960731,0.812697144361056,0.842706313727119,0.867951455195335,0.891694971637786,0.908901091532128,0.923013010527247,0.938586268642465,0.95377165636959,0.966565018557647,0.977509696853827,0.984822827855392,0.99168766772428,0.996063550567529,1,0.99644511072536,0.989706625123804,0.978901920311709,0.962639712311794,0.921242199623947,0.865013137706794,0.75689001997618,0.573511176547685,0.439948632343585,0.305722740811306,0.227036239526091,0.188113412941889
0.282327555637011,0.480237138737726,0.592314748381707,0.66269469204577,0.719001889852437,0.754472767377851,0.790979580505484,0.822817839723527,0.850013160421493,0.875238654733715,0.893937924967903,0.908832901003285,0.925656633792389,0.94222184687164,0.956152315649359,0.968432640749809,0.976975207806372,0.984940310212249,0.990511088258798,0.99644511072536,1,0.995719276664274,0.987113742067815,0.972830739753997,0.935410019109083,0.882893952822223,0.778416179431047,0.595199937132798,0.464298784575847,0.330601010728122,0.249855273496014,0.205136847919304
0.261625136514268,0.451275880157335,0.563411259334232,0.633462343348762,0.691271830964861,0.727855842640997,0.765817027103812,0.798799411507103,0.827090992858972,0.853727712414755,0.873718306581398,0.889448372388987,0.907677296376883,0.926245416274478,0.941911998405334,0.955455617246598,0.964990817930279,0.974121061403244,0.981350101904176,0.989706625123804,0.995719276664274,1,0.994556411373173,0.983487566384093,0.952353112666462,0.905618579723427,0.809262249275529,0.634156775848349,0.503944549364416,0.365740562615288,0.281516446398807,0.229761010834151
0.231600081592807,0.412679544718535,0.524040345387158,0.595060833142156,0.653864482556037,0.691996206394315,0.731593580844121,0.766212343840403,0.796261738865034,0.82478704199548,0.846298179241382,0.863148225782866,0.883050205358956,0.902852634679721,0.920827574189125,0.936118013431185,0.947341891399868,0.958639706208699,0.967578407590607,0.978901920311709,0.987113742067815,0.994556411373173,1,0.993610820225449,0.969932195821022,0.930090194182787,0.841681545387798,0.669783565340533,0.539171485081035,0.40459119067371,0.319376678885891,0.252090681332205
0.199680910560247,0.370555694652748,0.480373719571533,0.553240806289499,0.612861011695048,0.651400646327623,0.691684554624105,0.728585195550406,0.75961314973276,0.789679131802076,0.812837721651783,0.830420023249038,0.852168759864653,0.874277761553294,0.894535120033457,0.912220726886334,0.925272483209343,0.93855972865772,0.949205065815737,0.962639712311794,0.972830739753997,0.983487566384093,0.993610820225449,1,0.984756120775059,0.953499672026876,0.875515087930847,0.71181337890818,0.580229501789402,0.443095181021446,0.353459778074947,0.274477905055433
0.150243400176124,0.303055953031069,0.413150061055903,0.484624943314277,0.542736907454383,0.580687316857469,0.621943373648377,0.659918227657189,0.691994718841595,0.722918917837867,0.747330162263375,0.766030506902553,0.78947117690451,0.813701585811204,0.836165616307455,0.857328844290369,0.872650101313206,0.889067234083652,0.90278934945115,0.921242199623947,0.935410019109083,0.952353112666462,0.969932195821022,0.984756120775059,1,0.983777711711765,0.929259684220412,0.792301848851105,0.66427801020753,0.517150451264984,0.415920522098801,0.318253647749239
0.112583036983054,0.239584749344533,0.34439844352701,0.414253931639531,0.469808669818934,0.506178896218715,0.546324955083458,0.584646604167054,0.617711255348394,0.649431145493185,0.676926692397075,0.696116150499728,0.71989686055904,0.74572397740669,0.769997298437183,0.793171825048882,0.81005503883854,0.827721262891643,0.842781064484188,0.865013137706794,0.882893952822223,0.905618579723427,0.930090194182787,0.953499672026876,0.983777711711765,1,0.967829030284336,0.854112859053007,0.735953772795792,0.585766116886078,0.479038593295226,0.362648305647491
0.0581831634099643,0.146380803675051,0.240126629897962,0.300300948044353,0.351124246098065,0.383635456349249,0.420231524207993,0.456457369784703,0.488374862015346,0.519163287622381,0.548411950602965,0.567719444242859,0.592253762327016,0.620289264067445,0.646838763974272,0.672200171719459,0.690854343714711,0.71113096791226,0.728947648888084,0.75689001997618,0.778416179431047,0.809262249275529,0.841681545387798,0.875515087930847,0.929259684220412,0.967829030284336,1,0.935876063436897,0.837213451478504,0.676511329702007,0.552010882289921,0.407895308100876
-0.0229704990606083,0.0278015458083918,0.108500663005699,0.154190965371144,0.197207624745329,0.222145588796275,0.253683768642336,0.286282559882193,0.313762242003545,0.339954965927286,0.36726660792275,0.3844310881862,0.404617279836386,0.432323244611926,0.456201519945984,0.482599125918226,0.500500257133503,0.521002156445973,0.54118903489342,0.573511176547685,0.595199937132798,0.634156775848349,0.669783565340533,0.71181337890818,0.792301848851105,0.854112859053007,0.935876063436897,1,0.92969178261724,0.746094591747043,0.606116638129944,0.441510965278651
-0.0743688504767308,-0.057573017707061,0.0174621919842622,0.0583153632257125,0.097669366911482,0.116223762668874,0.142417275730517,0.172029833222718,0.198191330860801,0.222738746516475,0.247710608143638,0.262110247749863,0.280027964016406,0.30215697444175,0.32356255572986,0.350233121404925,0.367948233852989,0.387514689137669,0.408776948153867,0.439948632343585,0.464298784575847,0.503944549364416,0.539171485081035,0.580229501789402,0.66427801020753,0.735953772795792,0.837213451478504,0.92969178261724,1,0.859551110482521,0.698729762348744,0.511719203779028
-0.13094668676851,-0.121630290697523,-0.0676414059846861,-0.0321515689240908,0.0011244641439726,0.0147325433956501,0.0370179898418431,0.0639137227488734,0.0879424610186853,0.111648981018948,0.133891660095672,0.146847688469199,0.163470001817758,0.17901605257347,0.199300526322285,0.220577217771547,0.236315342758711,0.25337488960666,0.273940737697926,0.305722740811306,0.330601010728122,0.365740562615288,0.40459119067371,0.443095181021446,0.517150451264984,0.585766116886078,0.676511329702007,0.746094591747043,0.859551110482521,1,0.850891993966174,0.603923434321111
-0.180786993844625,-0.162678930870805,-0.114817810235552,-0.0836862055014722,-0.0543901569937928,-0.0395111026713819,-0.0190890190266488,0.00163956676035058,0.0246050418227647,0.0457604796823749,0.0667141352970625,0.0766082589698322,0.0952191075993528,0.110317982959969,0.12861870814202,0.145369292755677,0.158831095782888,0.174106716680477,0.196001017483921,0.227036239526091,0.249855273496014,0.281516446398807,0.319376678885891,0.353459778074947,0.415920522098801,0.479038593295226,0.552010882289921,0.606116638129944,0.698729762348744,0.850891993966174,1,0.682679045677517
-0.122789161003102,-0.125403260491539,-0.0729450565503554,-0.0393455439705448,-0.016671148537236,-0.00880908551756405,0.00807462740760147,0.0209310459763237,0.0387891241900541,0.0564435207073337,0.0736966521428769,0.0811777526605812,0.0939851276919292,0.106601164148554,0.117847870428911,0.128876048289872,0.137892244548159,0.149202839923211,0.167409620865399,0.188113412941889,0.205136847919304,0.229761010834151,0.252090681332205,0.274477905055433,0.318253647749239,0.362648305647491,0.407895308100876,0.441510965278651,0.511719203779028,0.603923434321111,0.682679045677517,1
