1,0.648762569404566,0.591305748176763,0.567973396947482,0.53536350653317,0.521165267216078,0.49752284216366,0.482136122387947,0.470739613519538,0.456586651124385,0.436093658348402,0.42452060503756,0.413933640699682,0.403514139675697,0.391314590451911,0.383623377181262,0.368357795938021,0.355973365566806,0.347421338334477,0.33434337781416,0.322558133578167,0.315631749399937,0.311141930528995,0.298220681901507,0.285933094591501,0.282597185120476,0.262160445894727,0.238573946778998,0.214814634788318,0.193080612135406,0.118418634080699,0.0605608288576405
0.648762569404566,1,0.941229223056062,0.911876922749257,0.886406148582054,0.869373298469477,0.849215478564618,0.83084318852452,0.812817307504048,0.800147138516172,0.780780205156779,0.768985965195378,0.756998487818283,0.743451667954451,0.728558792074868,0.710156646115505,0.694760150231813,0.67456049349371,0.656962339997778,0.635977329929626,0.621367609346164,0.610240489567164,0.592307861278737,0.574351358231558,0.552764900276252,0.543321269577914,0.516329513824311,0.479272484118482,0.432964760607038,0.372838972062628,0.199414900983659,0.0579351409934424
0.591305748176763,0.941229223056062,1,0.971524096324201,0.945266928877874,0.930356882382599,0.914622934651468,0.89658547367318,0.8790633896814,0.868760229387728,0.854494837851382,0.84136531222223,0.829967168135872,0.815214604441939,0.799701984835711,0.783714466836708,0.769532916631522,0.750173057280105,0.73286210687826,0.714184831715145,0.701305000346427,0.69155185631034,0.672444799559355,0.652998541075662,0.63092293373016,0.619144283788841,0.592205014024667,0.555502570110856,0.509332624901995,0.446453282068167,0.24597244304492,0.085004187860699
0.567973396947482,0.911876922749257,0.971524096324201,1,0.981294783407778,0.966896585828706,0.95092091859459,0.93675803154195,0.921829397426397,0.911135179472951,0.898322130029488,0.886685353418308,0.875701579348344,0.86261918243687,0.848254704732531,0.833548028365271,0.821215360257099,0.803049713838902,0.786598127953037,0.768650132312738,0.755607704875236,0.747954233003521,0.732128286988162,0.714194646446839,0.694051642762963,0.681326765745788,0.65512617937097,0.617723190903804,0.568473906917863,0.498328184830674,0.278525479485489,0.101803560172652
0.53536350653317,0.886406148582054,0.945266928877874,0.981294783407778,1,0.987847730961541,0.971965075395901,0.958564144956177,0.946318649677715,0.936063076479514,0.924399879066802,0.912897013729099,0.900942077285406,0.887701000922556,0.874576222169694,0.861612751182461,0.850125586063282,0.83323209738555,0.81823960850186,0.799932584337347,0.788013647375047,0.781446494429772,0.766723143312713,0.749161526836829,0.729028434961277,0.715742759586599,0.691122907286935,0.652395761808166,0.602113568223153,0.525386686561617,0.294246692548857,0.108204667466777
0.521165267216078,0.869373298469477,0.930356882382599,0.966896585828706,0.987847730961541,1,0.988257606253951,0.975913156086053,0.965174769757346,0.955264993680113,0.94401872328225,0.932887014044634,0.92197167776468,0.909213570858499,0.896790292717586,0.884618693668658,0.873148256981882,0.856677520715905,0.842689554520897,0.824787979438157,0.813500240035061,0.806395117455909,0.791582539311504,0.774189365138626,0.753980288561004,0.741203297053381,0.715988318815577,0.677995444419628,0.626767499377136,0.549488206884848,0.311959295148256,0.104652339804636
0.49752284216366,0.849215478564618,0.914622934651468,0.95092091859459,0.971965075395901,0.988257606253951,1,0.991395540489336,0.981638582920254,0.972353540124545,0.961727522382646,0.950982646216492,0.941456354008479,0.928883572656889,0.917610281873885,0.907039543036671,0.896286237518985,0.881333096041084,0.868673515422947,0.851927591064206,0.841599584364666,0.836061118232669,0.822307438560546,0.806759876319869,0.787576056710108,0.775274464833079,0.750500250285167,0.714062913778742,0.663893377892905,0.586770412171561,0.342503831016023,0.116950865713768
0.482136122387947,0.83084318852452,0.89658547367318,0.93675803154195,0.958564144956177,0.975913156086053,0.991395540489336,1,0.99240295537628,0.984185331258226,0.974824212621059,0.964369554787313,0.955197734544334,0.943460862441574,0.933366284384184,0.922610489832584,0.91270230092714,0.899402172574821,0.888165879022335,0.873165044819758,0.862928809570745,0.857809104678041,0.843817509546982,0.829103437569222,0.810977322082747,0.799376991363594,0.775732329162514,0.741678542034446,0.691033468749291,0.61334294023983,0.367900588917315,0.135275681547844
0.470739613519538,0.812817307504048,0.8790633896814,0.921829397426397,0.946318649677715,0.965174769757346,0.981638582920254,0.99240295537628,1,0.993787209605431,0.986006576282981,0.977544778405142,0.968818745705579,0.957778257547432,0.948427884757119,0.937915221803096,0.929187230102284,0.916791740215049,0.905815031852344,0.891622726267646,0.881627261107419,0.876901780438145,0.864332092699471,0.851242801752312,0.834287411489988,0.823775484651408,0.801642071351537,0.768502327454706,0.719497432196003,0.64328403841769,0.392350306375023,0.152582494976945
0.456586651124385,0.800147138516172,0.868760229387728,0.911135179472951,0.936063076479514,0.955264993680113,0.972353540124545,0.984185331258226,0.993787209605431,1,0.99405526796687,0.986056006140669,0.977915646152001,0.967785854578835,0.958286223465011,0.947894439403024,0.939217637729759,0.927489590766816,0.916943127039323,0.903454049060695,0.894549407039205,0.889763576742704,0.877021742737426,0.864716475694609,0.848321082693061,0.838329729505317,0.816906949926381,0.784369170421049,0.736332394380276,0.661863898725241,0.405978675390586,0.15950583028205
0.436093658348402,0.780780205156779,0.854494837851382,0.898322130029488,0.924399879066802,0.94401872328225,0.961727522382646,0.974824212621059,0.986006576282981,0.99405526796687,1,0.994146188999789,0.987082048677608,0.977157780678676,0.968487001027033,0.958435125304851,0.949643821500442,0.937769740720148,0.927138967571915,0.914669545546589,0.905983512609887,0.901710442048006,0.888965948923889,0.877871067159809,0.862487875247644,0.853005409456006,0.832974608393568,0.800934482641782,0.754941954500463,0.682214333317372,0.426116471341332,0.175297855814429
0.42452060503756,0.768985965195378,0.84136531222223,0.886685353418308,0.912897013729099,0.932887014044634,0.950982646216492,0.964369554787313,0.977544778405142,0.986056006140669,0.994146188999789,1,0.994905145057736,0.987060332277031,0.979923703379208,0.970557451088552,0.962027021788158,0.950288800713893,0.939206398056197,0.927448926500529,0.919706284947538,0.915302824976944,0.904042279267455,0.894178128552881,0.879996106320033,0.870619129422212,0.852417254945023,0.822587002668145,0.779356222411103,0.708329611540073,0.45034008951214,0.188362582587718
0.413933640699682,0.756998487818283,0.829967168135872,0.875701579348344,0.900942077285406,0.92197167776468,0.941456354008479,0.955197734544334,0.968818745705579,0.977915646152001,0.987082048677608,0.994905145057736,1,0.995191518983762,0.989400438076303,0.980649276990026,0.972468239430156,0.961381607781447,0.951160873621406,0.940040003438145,0.932012752351767,0.927286745327712,0.916435741283823,0.907206995499983,0.893272120826403,0.884947417791516,0.867780440649064,0.839354462366272,0.797275076200445,0.726581693145505,0.465876453600616,0.199994563447077
0.403514139675697,0.743451667954451,0.815214604441939,0.86261918243687,0.887701000922556,0.909213570858499,0.928883572656889,0.943460862441574,0.957778257547432,0.967785854578835,0.977157780678676,0.987060332277031,0.995191518983762,1,0.995270273385202,0.987706144708688,0.980450676535182,0.97067828974503,0.961517659906279,0.951185746981761,0.943049665847835,0.938758583260143,0.928529555567142,0.919156687815953,0.905245480194399,0.896876625816745,0.880116611414142,0.852421618319678,0.812325837884765,0.742104161959272,0.482548718955782,0.20640693137379
0.391314590451911,0.728558792074868,0.799701984835711,0.848254704732531,0.874576222169694,0.896790292717586,0.917610281873885,0.933366284384184,0.948427884757119,0.958286223465011,0.968487001027033,0.979923703379208,0.989400438076303,0.995270273385202,1,0.99479441275486,0.988607217815659,0.980122865499311,0.972100844075597,0.962761851656323,0.95523526239507,0.951008408115376,0.942176909714463,0.93316925827346,0.920964867026045,0.913219351026781,0.897082822755402,0.870374983353243,0.830247597888367,0.760635611137725,0.49993319743362,0.227585063023321
0.383623377181262,0.710156646115505,0.783714466836708,0.833548028365271,0.861612751182461,0.884618693668658,0.907039543036671,0.922610489832584,0.937915221803096,0.947894439403024,0.958435125304851,0.970557451088552,0.980649276990026,0.987706144708688,0.99479441275486,1,0.995654526209821,0.988648000948061,0.981751397195518,0.97323979991074,0.966694609797454,0.961924559704246,0.953404902393126,0.944592511747404,0.933551024742727,0.925705088353187,0.909456495895079,0.884259074886181,0.844883998646857,0.775763158623185,0.515508846837544,0.236243624517017
0.368357795938021,0.694760150231813,0.769532916631522,0.821215360257099,0.850125586063282,0.873148256981882,0.896286237518985,0.91270230092714,0.929187230102284,0.939217637729759,0.949643821500442,0.962027021788158,0.972468239430156,0.980450676535182,0.988607217815659,0.995654526209821,1,0.995644514039039,0.989755905643215,0.982127376145073,0.975627599768759,0.970798004718857,0.96262104087417,0.95418554627007,0.943197511077442,0.935139296110879,0.91945729983624,0.894327790931335,0.856035909093804,0.785975801935009,0.523925190924944,0.239102458886542
0.355973365566806,0.67456049349371,0.750173057280105,0.803049713838902,0.83323209738555,0.856677520715905,0.881333096041084,0.899402172574821,0.916791740215049,0.927489590766816,0.937769740720148,0.950288800713893,0.961381607781447,0.97067828974503,0.980122865499311,0.988648000948061,0.995644514039039,1,0.995618373652717,0.989719090639582,0.983190788633544,0.978298454228784,0.970557045671076,0.962763236807589,0.952746568608744,0.944877092685664,0.929821069408168,0.905939218075156,0.869072649265968,0.800198970513212,0.539143822161662,0.247534653092568
0.347421338334477,0.656962339997778,0.73286210687826,0.786598127953037,0.81823960850186,0.842689554520897,0.868673515422947,0.888165879022335,0.905815031852344,0.916943127039323,0.927138967571915,0.939206398056197,0.951160873621406,0.961517659906279,0.972100844075597,0.981751397195518,0.989755905643215,0.995618373652717,1,0.995653602632478,0.989978666136551,0.985543159571707,0.978378555741161,0.970482416616915,0.960691954877612,0.952633671827325,0.938403905491861,0.915822018472065,0.879149934905818,0.811237334365837,0.550777384511952,0.259928562787736
0.33434337781416,0.635977329929626,0.714184831715145,0.768650132312738,0.799932584337347,0.824787979438157,0.851927591064206,0.873165044819758,0.891622726267646,0.903454049060695,0.914669545546589,0.927448926500529,0.940040003438145,0.951185746981761,0.962761851656323,0.97323979991074,0.982127376145073,0.989719090639582,0.995653602632478,1,0.995458591905647,0.990950854918694,0.984510804914068,0.977221347756818,0.968603452232256,0.96038753330148,0.94662615884417,0.925502919290037,0.892014720639915,0.827343397946357,0.57147486455587,0.272288672577665
0.322558133578167,0.621367609346164,0.701305000346427,0.755607704875236,0.788013647375047,0.813500240035061,0.841599584364666,0.862928809570745,0.881627261107419,0.894549407039205,0.905983512609887,0.919706284947538,0.932012752351767,0.943049665847835,0.95523526239507,0.966694609797454,0.975627599768759,0.983190788633544,0.989978666136551,0.995458591905647,1,0.995776447902044,0.989730093697213,0.982462188009021,0.974936783983411,0.96694719023431,0.953734901850123,0.93294756406215,0.901548490589918,0.838490366657116,0.579304899788952,0.278776637904444
0.315631749399937,0.610240489567164,0.69155185631034,0.747954233003521,0.781446494429772,0.806395117455909,0.836061118232669,0.857809104678041,0.876901780438145,0.889763576742704,0.901710442048006,0.915302824976944,0.927286745327712,0.938758583260143,0.951008408115376,0.961924559704246,0.970798004718857,0.978298454228784,0.985543159571707,0.990950854918694,0.995776447902044,1,0.994771529819526,0.987767764228399,0.980018114391553,0.971645808183871,0.959154995046567,0.936837844893285,0.905082802624948,0.840671352346411,0.578760289876631,0.280882406489577
0.311141930528995,0.592307861278737,0.672444799559355,0.732128286988162,0.766723143312713,0.791582539311504,0.822307438560546,0.843817509546982,0.864332092699471,0.877021742737426,0.888965948923889,0.904042279267455,0.916435741283823,0.928529555567142,0.942176909714463,0.953404902393126,0.96262104087417,0.970557045671076,0.978378555741161,0.984510804914068,0.989730093697213,0.994771529819526,1,0.995087786220591,0.987818493662623,0.980351256369761,0.968642403519929,0.945627111417354,0.913983810644306,0.850559704491558,0.583155121486413,0.283800347839159
0.298220681901507,0.574351358231558,0.652998541075662,0.714194646446839,0.749161526836829,0.774189365138626,0.806759876319869,0.829103437569222,0.851242801752312,0.864716475694609,0.877871067159809,0.894178128552881,0.907206995499983,0.919156687815953,0.93316925827346,0.944592511747404,0.95418554627007,0.962763236807589,0.970482416616915,0.977221347756818,0.982462188009021,0.987767764228399,0.995087786220591,1,0.993986934193841,0.98681397024259,0.976187629668545,0.954855196217682,0.926223431362774,0.865461117051301,0.604504764338571,0.299808879998835
0.285933094591501,0.552764900276252,0.63092293373016,0.694051642762963,0.729028434961277,0.753980288561004,0.787576056710108,0.810977322082747,0.834287411489988,0.848321082693061,0.862487875247644,0.879996106320033,0.893272120826403,0.905245480194399,0.920964867026045,0.933551024742727,0.943197511077442,0.952746568608744,0.960691954877612,0.968603452232256,0.974936783983411,0.980018114391553,0.987818493662623,0.993986934193841,1,0.993956166416369,0.984491729809676,0.965888334048241,0.938144730698882,0.880750164935611,0.623005340385516,0.313788166161519
0.282597185120476,0.543321269577914,0.619144283788841,0.681326765745788,0.715742759586599,0.741203297053381,0.775274464833079,0.799376991363594,0.823775484651408,0.838329729505317,0.853005409456006,0.870619129422212,0.884947417791516,0.896876625816745,0.913219351026781,0.925705088353187,0.935139296110879,0.944877092685664,0.952633671827325,0.96038753330148,0.96694719023431,0.971645808183871,0.980351256369761,0.98681397024259,0.993956166416369,1,0.990926074568127,0.972352369114839,0.946000304358741,0.890856347226213,0.630890226547628,0.319227777491122
0.262160445894727,0.516329513824311,0.592205014024667,0.65512617937097,0.691122907286935,0.715988318815577,0.750500250285167,0.775732329162514,0.801642071351537,0.816906949926381,0.832974608393568,0.852417254945023,0.867780440649064,0.880116611414142,0.897082822755402,0.909456495895079,0.91945729983624,0.929821069408168,0.938403905491861,0.94662615884417,0.953734901850123,0.959154995046567,0.968642403519929,0.976187629668545,0.984491729809676,0.990926074568127,1,0.984867619997165,0.960251186927721,0.906407534234496,0.646044934914243,0.325169178439271
0.238573946778998,0.479272484118482,0.555502570110856,0.617723190903804,0.652395761808166,0.677995444419628,0.714062913778742,0.741678542034446,0.768502327454706,0.784369170421049,0.800934482641782,0.822587002668145,0.839354462366272,0.852421618319678,0.870374983353243,0.884259074886181,0.894327790931335,0.905939218075156,0.915822018472065,0.925502919290037,0.93294756406215,0.936837844893285,0.945627111417354,0.954855196217682,0.965888334048241,0.972352369114839,0.984867619997165,1,0.982683323182256,0.937635546523759,0.715477185292941,0.345131264103133
0.214814634788318,0.432964760607038,0.509332624901995,0.568473906917863,0.602113568223153,0.626767499377136,0.663893377892905,0.691033468749291,0.719497432196003,0.736332394380276,0.754941954500463,0.779356222411103,0.797275076200445,0.812325837884765,0.830247597888367,0.844883998646857,0.856035909093804,0.869072649265968,0.879149934905818,0.892014720639915,0.901548490589918,0.905082802624948,0.913983810644306,0.926223431362774,0.938144730698882,0.946000304358741,0.960251186927721,0.982683323182256,1,0.969357204477687,0.765638971051892,0.369345926150889
0.193080612135406,0.372838972062628,0.446453282068167,0.498328184830674,0.525386686561617,0.549488206884848,0.586770412171561,0.61334294023983,0.64328403841769,0.661863898725241,0.682214333317372,0.708329611540073,0.726581693145505,0.742104161959272,0.760635611137725,0.775763158623185,0.785975801935009,0.800198970513212,0.811237334365837,0.827343397946357,0.838490366657116,0.840671352346411,0.850559704491558,0.865461117051301,0.880750164935611,0.890856347226213,0.906407534234496,0.937635546523759,0.969357204477687,1,0.843186845169321,0.412548116382828
0.118418634080699,0.199414900983659,0.24597244304492,0.278525479485489,0.294246692548857,0.311959295148256,0.342503831016023,0.367900588917315,0.392350306375023,0.405978675390586,0.426116471341332,0.45034008951214,0.465876453600616,0.482548718955782,0.49993319743362,0.515508846837544,0.523925190924944,0.539143822161662,0.550777384511952,0.57147486455587,0.579304899788952,0.578760289876631,0.583155121486413,0.604504764338571,0.623005340385516,0.630890226547628,0.646044934914243,0.715477185292941,0.765638971051892,0.843186845169321,1,0.490241696514083
0.0605608288576405,0.0579351409934424,0.085004187860699,0.101803560172652,0.108204667466777,0.104652339804636,0.116950865713768,0.135275681547844,0.152582494976945,0.15950583028205,0.175297855814429,0.188362582587718,0.199994563447077,0.20640693137379,0.227585063023321,0.236243624517017,0.239102458886542,0.247534653092568,0.259928562787736,0.272288672577665,0.278776637904444,0.280882406489577,0.283800347839159,0.299808879998835,0.313788166161519,0.319227777491122,0.325169178439271,0.345131264103133,0.369345926150889,0.412548116382828,0.490241696514083,1
