1,0.757796932539453,0.700999413807526,0.67766184187856,0.65997198104509,0.634374862203129,0.62332307206189,0.612811033691595,0.607327742454465,0.605522750968903,0.598807205220981,0.593905528126217,0.585885364316572,0.582249896073535,0.573598784993023,0.562349227213424,0.55322317929625,0.54255784111479,0.536370017459233,0.523975345680334,0.509574781930508,0.493671549752808,0.47983585215407,0.455477361722092,0.42685291501971,0.372457069331183,0.297591382137206,0.218156639835011,0.163999984558327,0.130516258802141,0.104919814598614,0.0484849080967668
0.757796932539453,1,0.948082626041787,0.91865930787237,0.903236918396815,0.886473819044168,0.872948136557719,0.860369832529228,0.856430906676096,0.850598713513757,0.841307955895327,0.833684600831588,0.821954809400608,0.81449459390598,0.801146979430952,0.788475579923855,0.776308566743079,0.761160116367576,0.752461022301225,0.737343488891896,0.720645411249954,0.699054589619888,0.674634360174596,0.643926756909976,0.604962804840245,0.530000812692216,0.435979048230075,0.328550691714479,0.252774082227534,0.190369407599082,0.15816739662151,0.0876108334139577
0.700999413807526,0.948082626041787,1,0.977816920966528,0.964872489320256,0.953086048851118,0.94140647357955,0.931132079382217,0.92659789253531,0.921469771864172,0.913214468961928,0.905543334155128,0.894322333275935,0.886946597558584,0.875179722074687,0.862588335594238,0.851390706691708,0.838122955497477,0.828443491798288,0.812644835530334,0.795701541566818,0.776229411586077,0.751714960396523,0.721266775870617,0.679200147673687,0.599517778682518,0.498572209002704,0.380359703178321,0.288890773564423,0.221278034403741,0.190144681590675,0.108114632352443
0.67766184187856,0.91865930787237,0.977816920966528,1,0.986223698288648,0.975402796044104,0.965645062045504,0.957218545961511,0.952093392541851,0.946051712334954,0.938200063156371,0.930163927174926,0.920669154878386,0.914048063360174,0.903568070619293,0.891893169051492,0.880381861299945,0.867415090286294,0.857619003239577,0.842098590422631,0.826239285577377,0.807579851642133,0.783829554115453,0.753857999523898,0.711095437777793,0.631090122147815,0.527713535188274,0.404616116228544,0.310509506371624,0.243699187983431,0.213619595126239,0.129060978757293
0.65997198104509,0.903236918396815,0.964872489320256,0.986223698288648,1,0.991648966245766,0.983629067462426,0.976473459562722,0.971168703024873,0.96442565392914,0.957249068550748,0.95037265558222,0.942214093379921,0.936975624880604,0.927681900005059,0.917216440611989,0.906700743898589,0.894765509747187,0.885406779838638,0.870242044388272,0.854551791617887,0.837548772327117,0.815113683359995,0.78702827310867,0.745073259136722,0.665338541455229,0.560755901164622,0.438150809770861,0.337774425273851,0.26622209402927,0.231602136671925,0.136851083761198
0.634374862203129,0.886473819044168,0.953086048851118,0.975402796044104,0.991648966245766,1,0.993806268063161,0.98742657983063,0.982216468562277,0.976038814191414,0.969935808834919,0.963622248744064,0.956541948005802,0.951347034589852,0.942003700024422,0.932499641727231,0.923296129498504,0.913013426074244,0.903651641606709,0.889518267570542,0.874505616861825,0.858779274777697,0.836973954449515,0.80980440873139,0.768996007830237,0.689625302233509,0.583389641556916,0.456311556438285,0.354716992221275,0.284663884266969,0.249799621920593,0.152385282910279
0.62332307206189,0.872948136557719,0.94140647357955,0.965645062045504,0.983629067462426,0.993806268063161,1,0.994761796148694,0.989533389566518,0.984042966557198,0.977852217231205,0.971995751208706,0.965248565208138,0.960431932312388,0.951505576084498,0.942293326354237,0.933622747762824,0.924803925784336,0.915862351264204,0.902318154449031,0.888719999246633,0.874041471439513,0.853005775356216,0.827025249172654,0.78708028624191,0.708046577593048,0.600962091921159,0.470413568393362,0.366996097334589,0.297608908080826,0.26015343967818,0.160280581937177
0.612811033691595,0.860369832529228,0.931132079382217,0.957218545961511,0.976473459562722,0.98742657983063,0.994761796148694,1,0.995473847840878,0.990961508186723,0.985576988869096,0.980795444274421,0.975040860161503,0.969560357717457,0.961289830683513,0.952178777787508,0.943923194533658,0.936142606164822,0.927563751674781,0.914608218773551,0.90151850127283,0.887311490070751,0.867549028845584,0.842819964744514,0.803325162799026,0.726309225329804,0.621187372441451,0.489334038312574,0.38606195995492,0.31621586888487,0.278596328324185,0.174086829259314
0.607327742454465,0.856430906676096,0.92659789253531,0.952093392541851,0.971168703024873,0.982216468562277,0.989533389566518,0.995473847840878,1,0.996086840718059,0.990741182729427,0.985785954698058,0.979933628914529,0.974056134889312,0.966354262905206,0.957383889917453,0.948959844692329,0.940955948356721,0.932604903045826,0.9198712929413,0.906687532259639,0.89304375916409,0.873760666630639,0.848362561477923,0.808671889251966,0.730982419068199,0.625613015446317,0.492519484948666,0.390184455092101,0.321117546471821,0.281095846579283,0.179653563787339
0.605522750968903,0.850598713513757,0.921469771864172,0.946051712334954,0.96442565392914,0.976038814191414,0.984042966557198,0.990961508186723,0.996086840718059,1,0.996027178783731,0.991408263504339,0.985903249061054,0.979945313832411,0.971888362162266,0.96345289993593,0.955190267900519,0.947283015318224,0.939050190782578,0.926605010088631,0.913459898468132,0.899675325086626,0.881445055280267,0.856594644838746,0.816768348776321,0.739196509005914,0.632814382349557,0.498722408373398,0.39548034256557,0.323951038980073,0.284597630564173,0.185089549105189
0.598807205220981,0.841307955895327,0.913214468961928,0.938200063156371,0.957249068550748,0.969935808834919,0.977852217231205,0.985576988869096,0.990741182729427,0.996027178783731,1,0.996520697913949,0.991712515238878,0.986199861701172,0.978913206471955,0.970851953708262,0.963215325987887,0.95549462019093,0.947305519407176,0.935901311768702,0.923364253421652,0.91012332108337,0.893359847617545,0.869722678266905,0.830476494656544,0.752561048584254,0.645745267002202,0.511676136884773,0.408096634525735,0.33560597269467,0.29714237188789,0.194658913655553
0.593905528126217,0.833684600831588,0.905543334155128,0.930163927174926,0.95037265558222,0.963622248744064,0.971995751208706,0.980795444274421,0.985785954698058,0.991408263504339,0.996520697913949,1,0.996402938268984,0.991525813682932,0.985036671497284,0.976970454685749,0.969266700935215,0.961227906238437,0.952920971905752,0.941715225063577,0.928960535276583,0.915587474296259,0.899310911013963,0.87669053347034,0.83878863679758,0.761552553115523,0.654548169280665,0.521381794279158,0.416458248020943,0.344912083622465,0.305113467684517,0.19830857366835
0.585885364316572,0.821954809400608,0.894322333275935,0.920669154878386,0.942214093379921,0.956541948005802,0.965248565208138,0.975040860161503,0.979933628914529,0.985903249061054,0.991712515238878,0.996402938268984,1,0.996287121341396,0.99092849178595,0.98399846285766,0.976886675856124,0.968973874892838,0.960737013060022,0.949936806986162,0.937991841782339,0.924929344100781,0.909124968742707,0.887432796034177,0.850162696062496,0.772955122142353,0.665568951116538,0.531956625636303,0.424874733665776,0.352154765518274,0.31158482002126,0.200877965460392
0.582249896073535,0.81449459390598,0.886946597558584,0.914048063360174,0.936975624880604,0.951347034589852,0.960431932312388,0.969560357717457,0.974056134889312,0.979945313832411,0.986199861701172,0.991525813682932,0.996287121341396,1,0.996155527592943,0.990284512505341,0.983745707803334,0.975982819009185,0.967942299106795,0.956574165100684,0.944578750868798,0.931708961400338,0.915846255713773,0.894737760493904,0.858724108115843,0.782869959546062,0.67565294012441,0.541731361422617,0.433375918218383,0.358311480776392,0.319484629563132,0.203934000982278
0.573598784993023,0.801146979430952,0.875179722074687,0.903568070619293,0.927681900005059,0.942003700024422,0.951505576084498,0.961289830683513,0.966354262905206,0.971888362162266,0.978913206471955,0.985036671497284,0.99092849178595,0.996155527592943,1,0.995843300207841,0.990248098068303,0.98332939000029,0.97614606666264,0.965540087400787,0.95427954777596,0.94172945540333,0.926056366068595,0.905648497432642,0.869968930281653,0.795919840067993,0.690157453234388,0.558615477007421,0.447828973627909,0.370097804008493,0.326951484144226,0.207601894417229
0.562349227213424,0.788475579923855,0.862588335594238,0.891893169051492,0.917216440611989,0.932499641727231,0.942293326354237,0.952178777787508,0.957383889917453,0.96345289993593,0.970851953708262,0.976970454685749,0.98399846285766,0.990284512505341,0.995843300207841,1,0.996292306916371,0.990586222717941,0.984333153895527,0.974440854912511,0.964035804374791,0.952338361455164,0.937524298411724,0.918236054049856,0.884265973839357,0.812637106910104,0.708828962594984,0.578986705068989,0.466948960182423,0.385072133917717,0.339895752592774,0.212979290297174
0.55322317929625,0.776308566743079,0.851390706691708,0.880381861299945,0.906700743898589,0.923296129498504,0.933622747762824,0.943923194533658,0.948959844692329,0.955190267900519,0.963215325987887,0.969266700935215,0.976886675856124,0.983745707803334,0.990248098068303,0.996292306916371,1,0.996136801203211,0.991129755234974,0.982532020385346,0.973172935501389,0.962425294583196,0.94859120440012,0.930423477164223,0.898327409913089,0.82990108200857,0.72896238481131,0.599193829304914,0.485021892618159,0.400718481959972,0.353542225552775,0.219485984460546
0.54255784111479,0.761160116367576,0.838122955497477,0.867415090286294,0.894765509747187,0.913013426074244,0.924803925784336,0.936142606164822,0.940955948356721,0.947283015318224,0.95549462019093,0.961227906238437,0.968973874892838,0.975982819009185,0.98332939000029,0.990586222717941,0.996136801203211,1,0.996589491688348,0.989532642517261,0.981210910067584,0.971598999840574,0.958565178656653,0.941126340125979,0.911109339102838,0.843993339908065,0.745439088959158,0.616313448125454,0.500984035079458,0.418536694799249,0.367658226101955,0.234099225493325
0.536370017459233,0.752461022301225,0.828443491798288,0.857619003239577,0.885406779838638,0.903651641606709,0.915862351264204,0.927563751674781,0.932604903045826,0.939050190782578,0.947305519407176,0.952920971905752,0.960737013060022,0.967942299106795,0.97614606666264,0.984333153895527,0.991129755234974,0.996589491688348,1,0.995182385142831,0.988130883716822,0.979409271937577,0.967315948660512,0.950628456479128,0.922310199530818,0.858011639952828,0.762602853382019,0.635903858777385,0.520935605213635,0.437928109155667,0.386818837948816,0.246292971316182
0.523975345680334,0.737343488891896,0.812644835530334,0.842098590422631,0.870242044388272,0.889518267570542,0.902318154449031,0.914608218773551,0.9198712929413,0.926605010088631,0.935901311768702,0.941715225063577,0.949936806986162,0.956574165100684,0.965540087400787,0.974440854912511,0.982532020385346,0.989532642517261,0.995182385142831,1,0.995132570512448,0.988382792550186,0.977984218572007,0.963557964263142,0.93702596018811,0.87686768243047,0.78481993966007,0.657567787120679,0.543497167633739,0.456841772863454,0.402795148793915,0.260926552325711
0.509574781930508,0.720645411249954,0.795701541566818,0.826239285577377,0.854551791617887,0.874505616861825,0.888719999246633,0.90151850127283,0.906687532259639,0.913459898468132,0.923364253421652,0.928960535276583,0.937991841782339,0.944578750868798,0.95427954777596,0.964035804374791,0.973172935501389,0.981210910067584,0.988130883716822,0.995132570512448,1,0.995012579710774,0.986132810115415,0.974209967725165,0.950566185230367,0.89510502474055,0.80787553944571,0.683718994267245,0.574798723440328,0.487670876416958,0.428923627316378,0.279917931300995
0.493671549752808,0.699054589619888,0.776229411586077,0.807579851642133,0.837548772327117,0.858779274777697,0.874041471439513,0.887311490070751,0.89304375916409,0.899675325086626,0.91012332108337,0.915587474296259,0.924929344100781,0.931708961400338,0.94172945540333,0.952338361455164,0.962425294583196,0.971598999840574,0.979409271937577,0.988382792550186,0.995012579710774,1,0.994036336466941,0.983663995843685,0.962751462781747,0.912331073085696,0.829180826054444,0.708828315588632,0.602884391885731,0.514778157497136,0.453746286125333,0.300847422248644
0.47983585215407,0.674634360174596,0.751714960396523,0.783829554115453,0.815113683359995,0.836973954449515,0.853005775356216,0.867549028845584,0.873760666630639,0.881445055280267,0.893359847617545,0.899310911013963,0.909124968742707,0.915846255713773,0.926056366068595,0.937524298411724,0.94859120440012,0.958565178656653,0.967315948660512,0.977984218572007,0.986132810115415,0.994036336466941,1,0.992736655400566,0.974368705997261,0.928489655751899,0.85001880207471,0.734063002565661,0.630069351790951,0.540475085972719,0.471984349127481,0.317425756536191
0.455477361722092,0.643926756909976,0.721266775870617,0.753857999523898,0.78702827310867,0.80980440873139,0.827025249172654,0.842819964744514,0.848362561477923,0.856594644838746,0.869722678266905,0.87669053347034,0.887432796034177,0.894737760493904,0.905648497432642,0.918236054049856,0.930423477164223,0.941126340125979,0.950628456479128,0.963557964263142,0.974209967725165,0.983663995843685,0.992736655400566,1,0.988601809377505,0.95098215008869,0.881766402793204,0.770393519662559,0.668131354039954,0.573609705707555,0.50202865694253,0.339556129611542
0.42685291501971,0.604962804840245,0.679200147673687,0.711095437777793,0.745073259136722,0.768996007830237,0.78708028624191,0.803325162799026,0.808671889251966,0.816768348776321,0.830476494656544,0.83878863679758,0.850162696062496,0.858724108115843,0.869968930281653,0.884265973839357,0.898327409913089,0.911109339102838,0.922310199530818,0.93702596018811,0.950566185230367,0.962751462781747,0.974368705997261,0.988601809377505,1,0.976598145551565,0.922044938845154,0.819054533538661,0.718440584609109,0.620230318742964,0.55275902644498,0.380368676108375
0.372457069331183,0.530000812692216,0.599517778682518,0.631090122147815,0.665338541455229,0.689625302233509,0.708046577593048,0.726309225329804,0.730982419068199,0.739196509005914,0.752561048584254,0.761552553115523,0.772955122142353,0.782869959546062,0.795919840067993,0.812637106910104,0.82990108200857,0.843993339908065,0.858011639952828,0.87686768243047,0.89510502474055,0.912331073085696,0.928489655751899,0.95098215008869,0.976598145551565,1,0.972327494552716,0.885705025312432,0.793330428119405,0.687867984307035,0.61091975999832,0.432738600315063
0.297591382137206,0.435979048230075,0.498572209002704,0.527713535188274,0.560755901164622,0.583389641556916,0.600962091921159,0.621187372441451,0.625613015446317,0.632814382349557,0.645745267002202,0.654548169280665,0.665568951116538,0.67565294012441,0.690157453234388,0.708828962594984,0.72896238481131,0.745439088959158,0.762602853382019,0.78481993966007,0.80787553944571,0.829180826054444,0.85001880207471,0.881766402793204,0.922044938845154,0.972327494552716,1,0.94087448671205,0.863602888128586,0.751305628390981,0.665561191832876,0.467376649642849
0.218156639835011,0.328550691714479,0.380359703178321,0.404616116228544,0.438150809770861,0.456311556438285,0.470413568393362,0.489334038312574,0.492519484948666,0.498722408373398,0.511676136884773,0.521381794279158,0.531956625636303,0.541731361422617,0.558615477007421,0.578986705068989,0.599193829304914,0.616313448125454,0.635903858777385,0.657567787120679,0.683718994267245,0.708828315588632,0.734063002565661,0.770393519662559,0.819054533538661,0.885705025312432,0.94087448671205,1,0.929162695541033,0.799584879349986,0.707018778790624,0.490559910734721
0.163999984558327,0.252774082227534,0.288890773564423,0.310509506371624,0.337774425273851,0.354716992221275,0.366996097334589,0.38606195995492,0.390184455092101,0.39548034256557,0.408096634525735,0.416458248020943,0.424874733665776,0.433375918218383,0.447828973627909,0.466948960182423,0.485021892618159,0.500984035079458,0.520935605213635,0.543497167633739,0.574798723440328,0.602884391885731,0.630069351790951,0.668131354039954,0.718440584609109,0.793330428119405,0.863602888128586,0.929162695541033,1,0.89213079006832,0.783299325655667,0.545657494079674
0.130516258802141,0.190369407599082,0.221278034403741,0.243699187983431,0.26622209402927,0.284663884266969,0.297608908080826,0.31621586888487,0.321117546471821,0.323951038980073,0.33560597269467,0.344912083622465,0.352154765518274,0.358311480776392,0.370097804008493,0.385072133917717,0.400718481959972,0.418536694799249,0.437928109155667,0.456841772863454,0.487670876416958,0.514778157497136,0.540475085972719,0.573609705707555,0.620230318742964,0.687867984307035,0.751305628390981,0.799584879349986,0.89213079006832,1,0.869887458733446,0.621176020597317
0.104919814598614,0.15816739662151,0.190144681590675,0.213619595126239,0.231602136671925,0.249799621920593,0.26015343967818,0.278596328324185,0.281095846579283,0.284597630564173,0.29714237188789,0.305113467684517,0.31158482002126,0.319484629563132,0.326951484144226,0.339895752592774,0.353542225552775,0.367658226101955,0.386818837948816,0.402795148793915,0.428923627316378,0.453746286125333,0.471984349127481,0.50202865694253,0.55275902644498,0.61091975999832,0.665561191832876,0.707018778790624,0.783299325655667,0.869887458733446,1,0.688167308093576
0.0484849080967668,0.0876108334139577,0.108114632352443,0.129060978757293,0.136851083761198,0.152385282910279,0.160280581937177,0.174086829259314,0.179653563787339,0.185089549105189,0.194658913655553,0.19830857366835,0.200877965460392,0.203934000982278,0.207601894417229,0.212979290297174,0.219485984460546,0.234099225493325,0.246292971316182,0.260926552325711,0.279917931300995,0.300847422248644,0.317425756536191,0.339556129611542,0.380368676108375,0.432738600315063,0.467376649642849,0.490559910734721,0.545657494079674,0.621176020597317,0.688167308093576,1
