1,0.715192829215436,0.645252072380405,0.618604050500746,0.599034383416872,0.581527873026692,0.572009944511602,0.559495165492683,0.549550081524394,0.546290864736664,0.548144728375048,0.543154151766425,0.541828568726977,0.541990791692578,0.536240725669268,0.535120225575791,0.532748938273345,0.527956064763367,0.519364568741803,0.522495043506474,0.519089913497182,0.510131422058041,0.510595252628961,0.501927242967272,0.492420990280234,0.490620668598308,0.485850456285635,0.47988531791775,0.463204252780894,0.454981770519685,0.393176731799633,0.0920487368447144
0.715192829215436,1,0.94745555060923,0.920870227311234,0.908024678705556,0.896277189646373,0.890288653789237,0.879723866397467,0.871746136741816,0.866525226072617,0.864623620361347,0.860767899706473,0.859066999721157,0.856738438726092,0.852581919155663,0.846544150761608,0.841759198897323,0.838104121546797,0.833044679866785,0.835017625846112,0.831428029337848,0.824941039122225,0.818607028243466,0.810918466466441,0.801617933278153,0.798553368021782,0.791606002952135,0.78229983951782,0.76163864691832,0.730628529627849,0.644526483626877,0.122887997322473
0.645252072380405,0.94745555060923,1,0.97715473143728,0.963601861413202,0.952234925594874,0.94659609231234,0.936121063945343,0.928572121896745,0.923118749469922,0.922341565615919,0.918753124765574,0.916674245904086,0.914166449525385,0.911784267351406,0.90841163219246,0.90421046468562,0.899709643461972,0.89558787330982,0.895621208310185,0.89204433320784,0.885128044041022,0.878784888080178,0.871849847718658,0.866419327896618,0.86187908892759,0.854674538153128,0.844588026141655,0.824599836062712,0.788118605127523,0.701211013301106,0.139715241452583
0.618604050500746,0.920870227311234,0.97715473143728,1,0.986593677416707,0.973992369041268,0.965788164677521,0.957023294246198,0.949450574941775,0.943702324999956,0.943176399888879,0.939980799487617,0.93708995000234,0.933799659157068,0.930378087233564,0.926872874039361,0.922470887488961,0.917597716531163,0.913147255826013,0.912168622477382,0.909683025710499,0.9044046125164,0.897951898114359,0.89049674721009,0.884720372495204,0.880321290692407,0.87190814056477,0.861931676622628,0.840056951215209,0.802202544897322,0.717506737966898,0.150297028838297
0.599034383416872,0.908024678705556,0.963601861413202,0.986593677416707,1,0.989502793902925,0.981525170498529,0.973656342403179,0.965411495847056,0.959880702938807,0.957478749354334,0.953203343500821,0.949173206054688,0.944809485035609,0.941214548008958,0.938075454385577,0.933345208881843,0.927987589840949,0.923204873508444,0.921813504100177,0.919774747760042,0.91515831239235,0.909406487259812,0.901668193476665,0.895656597740738,0.891027266739993,0.881761028991721,0.871359892512538,0.848535468766093,0.813675630546667,0.723909725150894,0.137782211405741
0.581527873026692,0.896277189646373,0.952234925594874,0.973992369041268,0.989502793902925,1,0.993340789429141,0.986085644802082,0.979389341334943,0.973968292591527,0.970597576882182,0.96534553156689,0.960640563188181,0.955974639308495,0.95168152901911,0.947626113945305,0.942332184584608,0.93722824194112,0.932799510330785,0.930524154366194,0.928224690524718,0.924094915577385,0.918203501592726,0.910432942205473,0.903476793922118,0.899074911517009,0.889889988495662,0.879629719372713,0.859050925659808,0.825012865163832,0.731642606079594,0.136898420864592
0.572009944511602,0.890288653789237,0.94659609231234,0.965788164677521,0.981525170498529,0.993340789429141,1,0.993129571543643,0.987519664725681,0.981979425202025,0.978288955195326,0.973394399959299,0.967972016547168,0.962546371271126,0.958169338891587,0.95339730214858,0.948862881670967,0.94378203003061,0.940330883213953,0.937980927187305,0.935423216538117,0.930780202606746,0.924918616146321,0.917600264749545,0.911702157492877,0.907024784821563,0.898623438892125,0.888148085417171,0.867167680546806,0.834526038550425,0.742708347848092,0.135270274654806
0.559495165492683,0.879723866397467,0.936121063945343,0.957023294246198,0.973656342403179,0.986085644802082,0.993129571543643,1,0.994889635525368,0.989364083744934,0.985633577819451,0.980714556522865,0.974921843377649,0.969415414686721,0.965568621653077,0.961071860726946,0.956181269874513,0.951115790506146,0.947545458455778,0.944516142027346,0.942797951365416,0.938613014093655,0.933385007768635,0.926675751650965,0.921494347748803,0.91697189119887,0.908248874825821,0.898574950338435,0.878343826146301,0.845295998064999,0.752164454711188,0.134361167155005
0.549550081524394,0.871746136741816,0.928572121896745,0.949450574941775,0.965411495847056,0.979389341334943,0.987519664725681,0.994889635525368,1,0.995578072424943,0.991217162885753,0.986335208181036,0.980587165924355,0.974929778848448,0.970395098044499,0.965530420062509,0.960617046675524,0.955229404235297,0.951811690374707,0.948700042932148,0.946637759529953,0.94292272948645,0.937862873714938,0.931603092384255,0.9263518311695,0.920642952813917,0.911994170684832,0.90286963222599,0.883340058043059,0.850868820843133,0.757300498109079,0.134513563344234
0.546290864736664,0.866525226072617,0.923118749469922,0.943702324999956,0.959880702938807,0.973968292591527,0.981979425202025,0.989364083744934,0.995578072424943,1,0.996047145718883,0.991285313287394,0.985996627571735,0.980497395693711,0.975591596981136,0.970449087740707,0.965716946939763,0.960677163206979,0.957288233882702,0.953983361052866,0.951971603681797,0.94797882220081,0.943088238486762,0.936346832529951,0.931430159741384,0.925745395689475,0.916947707234578,0.907173185862668,0.88812032444031,0.855943755457094,0.761414466543018,0.135799945338268
0.548144728375048,0.864623620361347,0.922341565615919,0.943176399888879,0.957478749354334,0.970597576882182,0.978288955195326,0.985633577819451,0.991217162885753,0.996047145718883,1,0.995956436305116,0.991221603871014,0.985865040859652,0.980203802492133,0.974888360309635,0.970006580208471,0.964752326212017,0.961390030969872,0.957648360442427,0.955448549070289,0.951606789737502,0.946810330349942,0.940338103256924,0.935497871653716,0.930300597799728,0.920709850730749,0.911367865781796,0.891964916202684,0.859697414189591,0.766678062963241,0.138644766017557
0.543154151766425,0.860767899706473,0.918753124765574,0.939980799487617,0.953203343500821,0.96534553156689,0.973394399959299,0.980714556522865,0.986335208181036,0.991285313287394,0.995956436305116,1,0.995862122694783,0.991188101020407,0.985764787392099,0.980631009917582,0.975340715148536,0.970120793368059,0.966416856247855,0.962462786382365,0.960221518304884,0.956091430087093,0.951767090674779,0.945531769172472,0.941142048751662,0.936280954862243,0.926937932408043,0.917608426805697,0.898383268035525,0.868378104386367,0.775233544973546,0.140303021036696
0.541828568726977,0.859066999721157,0.916674245904086,0.93708995000234,0.949173206054688,0.960640563188181,0.967972016547168,0.974921843377649,0.980587165924355,0.985996627571735,0.991221603871014,0.995862122694783,1,0.995955160669496,0.990937579655281,0.985901057462383,0.980705032683589,0.975147649588062,0.970968537301245,0.967089787066246,0.9646173384588,0.960102173820339,0.95606720975023,0.949745322564067,0.945287543459818,0.93996321950469,0.930425567133557,0.921867594664187,0.903631811849463,0.873480311100716,0.781601803366008,0.137067523135738
0.541990791692578,0.856738438726092,0.914166449525385,0.933799659157068,0.944809485035609,0.955974639308495,0.962546371271126,0.969415414686721,0.974929778848448,0.980497395693711,0.985865040859652,0.991188101020407,0.995955160669496,1,0.99624744684672,0.991567301408051,0.985997284468015,0.980332872212036,0.975898554027879,0.971881523171562,0.969082480006443,0.964407926110377,0.960192149601675,0.954639030903589,0.949701950276312,0.94468186641855,0.93663323392712,0.927993713967098,0.910621492947816,0.881974677983904,0.790748934762572,0.141781699582438
0.536240725669268,0.852581919155663,0.911784267351406,0.930378087233564,0.941214548008958,0.95168152901911,0.958169338891587,0.965568621653077,0.970395098044499,0.975591596981136,0.980203802492133,0.985764787392099,0.990937579655281,0.99624744684672,1,0.996266288812749,0.991249669682593,0.986126171659171,0.981505758181337,0.977131827482544,0.973648359199625,0.968836960478831,0.964657403114537,0.959524679160148,0.954593814754053,0.949261447809145,0.942065804051424,0.93381401758391,0.916147341015403,0.887833575012462,0.799277046347806,0.14467600820354
0.535120225575791,0.846544150761608,0.90841163219246,0.926872874039361,0.938075454385577,0.947626113945305,0.95339730214858,0.961071860726946,0.965530420062509,0.970449087740707,0.974888360309635,0.980631009917582,0.985901057462383,0.991567301408051,0.996266288812749,1,0.995908028414835,0.991357416782864,0.986233061949127,0.981977271517217,0.978234811132534,0.973217928149608,0.969249605713243,0.964578898070758,0.960037453887775,0.954663369697279,0.947142810091712,0.939041030963805,0.92124462794529,0.892767654380111,0.803239398326917,0.148513481506957
0.532748938273345,0.841759198897323,0.90421046468562,0.922470887488961,0.933345208881843,0.942332184584608,0.948862881670967,0.956181269874513,0.960617046675524,0.965716946939763,0.970006580208471,0.975340715148536,0.980705032683589,0.985997284468015,0.991249669682593,0.995908028414835,1,0.996417836281684,0.991481690232804,0.986924522670449,0.98254509878417,0.977172344404271,0.973594555543641,0.968910390152017,0.963983232260533,0.957932459500155,0.950578782435333,0.941661550518967,0.923064621542499,0.894830329281959,0.808405987266285,0.149087721961554
0.527956064763367,0.838104121546797,0.899709643461972,0.917597716531163,0.927987589840949,0.93722824194112,0.94378203003061,0.951115790506146,0.955229404235297,0.960677163206979,0.964752326212017,0.970120793368059,0.975147649588062,0.980332872212036,0.986126171659171,0.991357416782864,0.996417836281684,1,0.995956538989589,0.991385527316659,0.986602005429758,0.981070230081491,0.977347999754761,0.972998655891606,0.967533770547968,0.961723769368436,0.954209163734688,0.945269258337206,0.926848626665615,0.899185224597443,0.813067992891459,0.15713876541941
0.519364568741803,0.833044679866785,0.89558787330982,0.913147255826013,0.923204873508444,0.932799510330785,0.940330883213953,0.947545458455778,0.951811690374707,0.957288233882702,0.961390030969872,0.966416856247855,0.970968537301245,0.975898554027879,0.981505758181337,0.986233061949127,0.991481690232804,0.995956538989589,1,0.996485930228234,0.991945833603685,0.986580554118893,0.982635238343521,0.978434841007053,0.972411593081831,0.966481407885297,0.958936769380928,0.949997366142531,0.932173983647644,0.904819288833524,0.821002246913678,0.160749098450865
0.522495043506474,0.835017625846112,0.895621208310185,0.912168622477382,0.921813504100177,0.930524154366194,0.937980927187305,0.944516142027346,0.948700042932148,0.953983361052866,0.957648360442427,0.962462786382365,0.967089787066246,0.971881523171562,0.977131827482544,0.981977271517217,0.986924522670449,0.991385527316659,0.996485930228234,1,0.995784396470425,0.99066687031629,0.986781605614315,0.982366795249492,0.975584094074806,0.969359784023613,0.962178530425924,0.953432434060771,0.935435948626499,0.908210338125657,0.824622836747705,0.170207855672617
0.519089913497182,0.831428029337848,0.89204433320784,0.909683025710499,0.919774747760042,0.928224690524718,0.935423216538117,0.942797951365416,0.946637759529953,0.951971603681797,0.955448549070289,0.960221518304884,0.9646173384588,0.969082480006443,0.973648359199625,0.978234811132534,0.98254509878417,0.986602005429758,0.991945833603685,0.995784396470425,1,0.995717049423951,0.991921051966633,0.987114521802548,0.980482208839389,0.973656194594296,0.966963714933006,0.957914405081947,0.939849176413247,0.912357753857921,0.829952689614949,0.171471163100086
0.510131422058041,0.824941039122225,0.885128044041022,0.9044046125164,0.91515831239235,0.924094915577385,0.930780202606746,0.938613014093655,0.94292272948645,0.94797882220081,0.951606789737502,0.956091430087093,0.960102173820339,0.964407926110377,0.968836960478831,0.973217928149608,0.977172344404271,0.981070230081491,0.986580554118893,0.99066687031629,0.995717049423951,1,0.996205980782192,0.991040972714498,0.984735016785312,0.978062029263592,0.971291903653589,0.961827773519158,0.943302978657793,0.916341802405202,0.835488067722955,0.174183130608837
0.510595252628961,0.818607028243466,0.878784888080178,0.897951898114359,0.909406487259812,0.918203501592726,0.924918616146321,0.933385007768635,0.937862873714938,0.943088238486762,0.946810330349942,0.951767090674779,0.95606720975023,0.960192149601675,0.964657403114537,0.969249605713243,0.973594555543641,0.977347999754761,0.982635238343521,0.986781605614315,0.991921051966633,0.996205980782192,1,0.995173377229037,0.988975994494543,0.982705664643927,0.97613615227392,0.965987359201261,0.947206727013695,0.92131925182747,0.840771889239451,0.17283020533988
0.501927242967272,0.810918466466441,0.871849847718658,0.89049674721009,0.901668193476665,0.910432942205473,0.917600264749545,0.926675751650965,0.931603092384255,0.936346832529951,0.940338103256924,0.945531769172472,0.949745322564067,0.954639030903589,0.959524679160148,0.964578898070758,0.968910390152017,0.972998655891606,0.978434841007053,0.982366795249492,0.987114521802548,0.991040972714498,0.995173377229037,1,0.994408337508645,0.9880985860038,0.981562892149702,0.971766737299331,0.954597386785223,0.929069464849397,0.848758526404068,0.172627849137189
0.492420990280234,0.801617933278153,0.866419327896618,0.884720372495204,0.895656597740738,0.903476793922118,0.911702157492877,0.921494347748803,0.9263518311695,0.931430159741384,0.935497871653716,0.941142048751662,0.945287543459818,0.949701950276312,0.954593814754053,0.960037453887775,0.963983232260533,0.967533770547968,0.972411593081831,0.975584094074806,0.980482208839389,0.984735016785312,0.988975994494543,0.994408337508645,1,0.994108073481954,0.986409969957539,0.976339877707126,0.960106307869103,0.933566837108972,0.852804802056204,0.168864743912617
0.490620668598308,0.798553368021782,0.86187908892759,0.880321290692407,0.891027266739993,0.899074911517009,0.907024784821563,0.91697189119887,0.920642952813917,0.925745395689475,0.930300597799728,0.936280954862243,0.93996321950469,0.94468186641855,0.949261447809145,0.954663369697279,0.957932459500155,0.961723769368436,0.966481407885297,0.969359784023613,0.973656194594296,0.978062029263592,0.982705664643927,0.9880985860038,0.994108073481954,1,0.992546873859328,0.982381539446324,0.966052228572268,0.939533081056543,0.858254789003117,0.17102652543555
0.485850456285635,0.791606002952135,0.854674538153128,0.87190814056477,0.881761028991721,0.889889988495662,0.898623438892125,0.908248874825821,0.911994170684832,0.916947707234578,0.920709850730749,0.926937932408043,0.930425567133557,0.93663323392712,0.942065804051424,0.947142810091712,0.950578782435333,0.954209163734688,0.958936769380928,0.962178530425924,0.966963714933006,0.971291903653589,0.97613615227392,0.981562892149702,0.986409969957539,0.992546873859328,1,0.989690595524931,0.973882919670566,0.94870248892811,0.870488080226968,0.178266029634538
0.47988531791775,0.78229983951782,0.844588026141655,0.861931676622628,0.871359892512538,0.879629719372713,0.888148085417171,0.898574950338435,0.90286963222599,0.907173185862668,0.911367865781796,0.917608426805697,0.921867594664187,0.927993713967098,0.93381401758391,0.939041030963805,0.941661550518967,0.945269258337206,0.949997366142531,0.953432434060771,0.957914405081947,0.961827773519158,0.965987359201261,0.971766737299331,0.976339877707126,0.982381539446324,0.989690595524931,1,0.983517480758645,0.958624564397467,0.883881673077951,0.188947129267253
0.463204252780894,0.76163864691832,0.824599836062712,0.840056951215209,0.848535468766093,0.859050925659808,0.867167680546806,0.878343826146301,0.883340058043059,0.88812032444031,0.891964916202684,0.898383268035525,0.903631811849463,0.910621492947816,0.916147341015403,0.92124462794529,0.923064621542499,0.926848626665615,0.932173983647644,0.935435948626499,0.939849176413247,0.943302978657793,0.947206727013695,0.954597386785223,0.960106307869103,0.966052228572268,0.973882919670566,0.983517480758645,1,0.978555416700003,0.904657996161546,0.19251674010613
0.454981770519685,0.730628529627849,0.788118605127523,0.802202544897322,0.813675630546667,0.825012865163832,0.834526038550425,0.845295998064999,0.850868820843133,0.855943755457094,0.859697414189591,0.868378104386367,0.873480311100716,0.881974677983904,0.887833575012462,0.892767654380111,0.894830329281959,0.899185224597443,0.904819288833524,0.908210338125657,0.912357753857921,0.916341802405202,0.92131925182747,0.929069464849397,0.933566837108972,0.939533081056543,0.94870248892811,0.958624564397467,0.978555416700003,1,0.929596040509737,0.214316101947878
0.393176731799633,0.644526483626877,0.701211013301106,0.717506737966898,0.723909725150894,0.731642606079594,0.742708347848092,0.752164454711188,0.757300498109079,0.761414466543018,0.766678062963241,0.775233544973546,0.781601803366008,0.790748934762572,0.799277046347806,0.803239398326917,0.808405987266285,0.813067992891459,0.821002246913678,0.824622836747705,0.829952689614949,0.835488067722955,0.840771889239451,0.848758526404068,0.852804802056204,0.858254789003117,0.870488080226968,0.883881673077951,0.904657996161546,0.929596040509737,1,0.288736980451373
0.0920487368447144,0.122887997322473,0.139715241452583,0.150297028838297,0.137782211405741,0.136898420864592,0.135270274654806,0.134361167155005,0.134513563344234,0.135799945338268,0.138644766017557,0.140303021036696,0.137067523135738,0.141781699582438,0.14467600820354,0.148513481506957,0.149087721961554,0.15713876541941,0.160749098450865,0.170207855672617,0.171471163100086,0.174183130608837,0.17283020533988,0.172627849137189,0.168864743912617,0.17102652543555,0.178266029634538,0.188947129267253,0.19251674010613,0.214316101947878,0.288736980451373,1
