1,0.868227144280433,0.8363458264839,0.818052737408914,0.802773207515166,0.787897893178001,0.780329988257894,0.774316429408532,0.765683491703505,0.760031869891864,0.747925034272678,0.735708094380861,0.722244706268731,0.711497973525899,0.695063819466753,0.676425903780119,0.65874748020168,0.643898999820586,0.628471335131729,0.609842793157035,0.596228599941324,0.586946842937388,0.576032088388119,0.565309085569959,0.552205984237901,0.529220131282573,0.514935254403138,0.486294224880894,0.461029982704566,0.414986995519483,0.313941529224938,-0.00336519456721693
0.868227144280433,1,0.975192395123665,0.961965340954904,0.950556225039884,0.941552691149851,0.932783104846778,0.92464416610851,0.916721552595869,0.910721781121553,0.902626527110556,0.895624798351303,0.886010562043149,0.876256750712764,0.862031595703883,0.84716789158184,0.83221419893428,0.820210548973566,0.807717204757019,0.789695829826081,0.775946870851301,0.763777759858209,0.752438983575134,0.741471238982689,0.726987254827494,0.706541962547418,0.692962558585394,0.666618652268008,0.640624739533246,0.597192904554001,0.469269866351094,0.0549361233307997
0.8363458264839,0.975192395123665,1,0.987983402734499,0.976954558819203,0.970134139976694,0.963191868503046,0.956178962789713,0.950623020428519,0.94534163667558,0.937626038814536,0.931085087343186,0.923205677596003,0.915791188830622,0.903709609472228,0.890696111683534,0.876557128332333,0.865204535440434,0.853094213781689,0.83616829799945,0.82297860526448,0.81193367805877,0.801545469509465,0.790947329300816,0.776959860044784,0.757736332925146,0.745598609191968,0.72042786194469,0.696342858992437,0.65107061937008,0.515372453704721,0.0771311305067441
0.818052737408914,0.961965340954904,0.987983402734499,1,0.991372836111225,0.984613187448721,0.978552311622061,0.972328008184092,0.966556925880141,0.962182211379977,0.95542863820941,0.949998292178437,0.942979437543593,0.936585488964626,0.925537070869737,0.913474224434841,0.899988429555453,0.88927587443811,0.878482278808419,0.863308982842354,0.851623592540007,0.841244970676745,0.831385337341057,0.820313540333879,0.806756436579124,0.788604062443322,0.77682817742121,0.752072583777868,0.728868710273262,0.683300445664632,0.548175000063386,0.100444901436456
0.802773207515166,0.950556225039884,0.976954558819203,0.991372836111225,1,0.99404590703002,0.988754179625677,0.983923340497419,0.978631950455597,0.975186326437697,0.969137452877607,0.96415525141617,0.957517560525838,0.951243000272768,0.94164994406536,0.930862472558175,0.918324676055427,0.908247848734385,0.898351674029652,0.88452198898207,0.873608040327571,0.864129744124346,0.854503916955335,0.84439186841124,0.831377763473691,0.814751013051443,0.803444657319477,0.780235043342827,0.758140172350501,0.713426308414191,0.579157166709423,0.116835911344531
0.787897893178001,0.941552691149851,0.970134139976694,0.984613187448721,0.99404590703002,1,0.995617538547521,0.990684727316286,0.98536676415841,0.981752669171151,0.976137728359501,0.971249836895538,0.96535169174242,0.959439895138453,0.950120290889974,0.939834549494472,0.928862127690861,0.919473365254605,0.910414316511382,0.897703798391838,0.88745440726901,0.878188295216609,0.868877400664931,0.859061159652992,0.846647137901908,0.830881960909567,0.81968398891059,0.798194956173775,0.77662229951947,0.732246301065503,0.598977251953803,0.128952461036553
0.780329988257894,0.932783104846778,0.963191868503046,0.978552311622061,0.988754179625677,0.995617538547521,1,0.995922956396514,0.991550504687514,0.988186984144262,0.98321686409466,0.978637246218512,0.972953693572739,0.967442861121868,0.958754766876976,0.94881250790119,0.938583569138026,0.92956230656505,0.920720598717371,0.908769892370493,0.899245102020719,0.890562760946548,0.88171214031669,0.872965461025354,0.860903401383618,0.845625400642511,0.834548987189623,0.813316118058649,0.792413386652487,0.748109243003073,0.617150048353233,0.142750698043905
0.774316429408532,0.92464416610851,0.956178962789713,0.972328008184092,0.983923340497419,0.990684727316286,0.995922956396514,1,0.996851988367035,0.993610069859266,0.988965784108667,0.984700872041314,0.97941646823491,0.973678255408666,0.965796683102791,0.95640811638322,0.947027025443176,0.938099759040909,0.929842983076774,0.918419292084336,0.909451216564864,0.901130409375199,0.892670404828679,0.884059902069772,0.871811798573943,0.857126718858329,0.846833750570979,0.826086388084223,0.805711333286198,0.762063555916169,0.629122083021189,0.143714537470703
0.765683491703505,0.916721552595869,0.950623020428519,0.966556925880141,0.978631950455597,0.98536676415841,0.991550504687514,0.996851988367035,1,0.997490018758885,0.993241295679539,0.989130321697071,0.984214215868589,0.97841317260626,0.970713229064509,0.961725537229232,0.952735141567085,0.944050801834449,0.935650317111075,0.924126253608862,0.915108054446089,0.907117106029183,0.8988850520543,0.890275571905015,0.877687494139714,0.863678590738088,0.85379788305691,0.833369995945055,0.813573410331451,0.770751491117561,0.638519355007594,0.151028347291503
0.760031869891864,0.910721781121553,0.94534163667558,0.962182211379977,0.975186326437697,0.981752669171151,0.988186984144262,0.993610069859266,0.997490018758885,1,0.996509795246084,0.992541651133259,0.987588852312928,0.981909949990022,0.974640599888226,0.96583409737165,0.956933523791708,0.948248959857143,0.939675666015002,0.928478891030181,0.919622188006384,0.911810492880194,0.903370504231726,0.894686325016231,0.882561985142479,0.869083843096573,0.859470500410451,0.839270872813562,0.819578249633303,0.778089925953376,0.64693614109102,0.159425618397609
0.747925034272678,0.902626527110556,0.937626038814536,0.95542863820941,0.969137452877607,0.976137728359501,0.98321686409466,0.988965784108667,0.993241295679539,0.996509795246084,1,0.997093757022609,0.99284561867748,0.987758368491512,0.98132110386323,0.973616788703864,0.965126670374417,0.95686255615919,0.948743682113159,0.938152431463971,0.929623959758724,0.921783780292851,0.913736308618008,0.905560338276818,0.893957386084482,0.881422011043059,0.872160571409768,0.852916273959052,0.833993523813128,0.792906948643281,0.662304536143104,0.169610103482394
0.735708094380861,0.895624798351303,0.931085087343186,0.949998292178437,0.96415525141617,0.971249836895538,0.978637246218512,0.984700872041314,0.989130321697071,0.992541651133259,0.997093757022609,1,0.997112181324932,0.992631576351663,0.986315637961804,0.979595346961512,0.971509757318732,0.963475254152792,0.95552037343672,0.9448756833683,0.936574707104303,0.929034852324664,0.921289173394644,0.913171447956914,0.902217398380156,0.890163087238429,0.881075574738712,0.863051733911859,0.844299438733215,0.803889688108467,0.671984991525193,0.174639566799569
0.722244706268731,0.886010562043149,0.923205677596003,0.942979437543593,0.957517560525838,0.96535169174242,0.972953693572739,0.97941646823491,0.984214215868589,0.987588852312928,0.99284561867748,0.997112181324932,1,0.997118334857999,0.991955454759264,0.985852246364996,0.978625275615082,0.971418619379171,0.964124927967831,0.954045841493968,0.945982626211523,0.938739383666571,0.93170095476816,0.924108208450388,0.913689560631744,0.902384981541541,0.89352928941138,0.876617726433883,0.858465357180688,0.819739636021752,0.689619998696927,0.188927280311902
0.711497973525899,0.876256750712764,0.915791188830622,0.936585488964626,0.951243000272768,0.959439895138453,0.967442861121868,0.973678255408666,0.97841317260626,0.981909949990022,0.987758368491512,0.992631576351663,0.997118334857999,1,0.996622604882471,0.99157487891959,0.985267022712315,0.978991634146305,0.972546053525544,0.963383063889868,0.955646911207216,0.948794040288076,0.942267675163666,0.935115510638763,0.92554431712379,0.91431508869228,0.905417556868853,0.889190152623268,0.8710218025988,0.834030329748109,0.703978259410337,0.193721235273237
0.695063819466753,0.862031595703883,0.903709609472228,0.925537070869737,0.94164994406536,0.950120290889974,0.958754766876976,0.965796683102791,0.970713229064509,0.974640599888226,0.98132110386323,0.986315637961804,0.991955454759264,0.996622604882471,1,0.99697014329427,0.992293600065655,0.986770623264991,0.981199737959716,0.972983767833968,0.966088279046423,0.959961671023876,0.954183731502785,0.947712004724803,0.938984124576864,0.928807993771939,0.920750104767546,0.905724360702362,0.887772582123104,0.851971138075386,0.721399482032143,0.200428521395005
0.676425903780119,0.84716789158184,0.890696111683534,0.913474224434841,0.930862472558175,0.939834549494472,0.94881250790119,0.95640811638322,0.961725537229232,0.96583409737165,0.973616788703864,0.979595346961512,0.985852246364996,0.99157487891959,0.99697014329427,1,0.997137009456847,0.992819467045306,0.987957864048249,0.980979398257722,0.974868205236319,0.969140649205943,0.963808944336322,0.95803030593099,0.949773653049059,0.940141934892911,0.932476119661652,0.918542305059445,0.90184106821643,0.866471642327478,0.735130946371694,0.208234141143036
0.65874748020168,0.83221419893428,0.876557128332333,0.899988429555453,0.918324676055427,0.928862127690861,0.938583569138026,0.947027025443176,0.952735141567085,0.956933523791708,0.965126670374417,0.971509757318732,0.978625275615082,0.985267022712315,0.992293600065655,0.997137009456847,1,0.997200226415481,0.993238403383203,0.987449971485875,0.98188794585146,0.976478125352405,0.971536046115735,0.965880307993161,0.958329877818951,0.949778960739578,0.942309677179673,0.929561085067738,0.913685893380595,0.879349544234947,0.748140900997425,0.216332234355624
0.643898999820586,0.820210548973566,0.865204535440434,0.88927587443811,0.908247848734385,0.919473365254605,0.92956230656505,0.938099759040909,0.944050801834449,0.948248959857143,0.95686255615919,0.963475254152792,0.971418619379171,0.978991634146305,0.986770623264991,0.992819467045306,0.997200226415481,1,0.997435499736304,0.992689226618003,0.987818791150477,0.98260445496168,0.977774043440005,0.972142344338253,0.965110283030306,0.957115254398262,0.949940045786272,0.937743380745537,0.922031277444256,0.888214096724056,0.760091580537389,0.226997131679258
0.628471335131729,0.807717204757019,0.853094213781689,0.878482278808419,0.898351674029652,0.910414316511382,0.920720598717371,0.929842983076774,0.935650317111075,0.939675666015002,0.948743682113159,0.95552037343672,0.964124927967831,0.972546053525544,0.981199737959716,0.987957864048249,0.993238403383203,0.997435499736304,1,0.996732884328253,0.992689127194864,0.987958575431475,0.983502200876457,0.977715093452199,0.970927130409002,0.963667680918209,0.956999870672517,0.945518610692942,0.930266251330512,0.897119014815576,0.770504666674096,0.233822883305529
0.609842793157035,0.789695829826081,0.83616829799945,0.863308982842354,0.88452198898207,0.897703798391838,0.908769892370493,0.918419292084336,0.924126253608862,0.928478891030181,0.938152431463971,0.9448756833683,0.954045841493968,0.963383063889868,0.972983767833968,0.980979398257722,0.987449971485875,0.992689226618003,0.996732884328253,1,0.997530301577329,0.993905952380818,0.990052303077835,0.984696821286281,0.978522099541279,0.971701880353996,0.96511735576161,0.953583084593464,0.939063892363066,0.907061076797959,0.783472268918521,0.250071071780254
0.596228599941324,0.775946870851301,0.82297860526448,0.851623592540007,0.873608040327571,0.88745440726901,0.899245102020719,0.909451216564864,0.915108054446089,0.919622188006384,0.929623959758724,0.936574707104303,0.945982626211523,0.955646911207216,0.966088279046423,0.974868205236319,0.98188794585146,0.987818791150477,0.992689127194864,0.997530301577329,1,0.997535706543141,0.994177796039946,0.989357340059112,0.983784832548577,0.977217072615291,0.970570057059393,0.960214241104609,0.947334110019247,0.915107368503005,0.793182417515155,0.256759764841635
0.586946842937388,0.763777759858209,0.81193367805877,0.841244970676745,0.864129744124346,0.878188295216609,0.890562760946548,0.901130409375199,0.907117106029183,0.911810492880194,0.921783780292851,0.929034852324664,0.938739383666571,0.948794040288076,0.959961671023876,0.969140649205943,0.976478125352405,0.98260445496168,0.987958575431475,0.993905952380818,0.997535706543141,1,0.997374958878492,0.993139932582183,0.988519781666042,0.982105311344499,0.975597458397607,0.966071237162192,0.953818319863706,0.922942210784058,0.801859810757044,0.260995743655597
0.576032088388119,0.752438983575134,0.801545469509465,0.831385337341057,0.854503916955335,0.868877400664931,0.88171214031669,0.892670404828679,0.8988850520543,0.903370504231726,0.913736308618008,0.921289173394644,0.93170095476816,0.942267675163666,0.954183731502785,0.963808944336322,0.971536046115735,0.977774043440005,0.983502200876457,0.990052303077835,0.994177796039946,0.997374958878492,1,0.997044737724523,0.992851722571326,0.986893255231104,0.98080610649511,0.97145277816256,0.959359413843533,0.929700990312615,0.811295970214917,0.273633038286399
0.565309085569959,0.741471238982689,0.790947329300816,0.820313540333879,0.84439186841124,0.859061159652992,0.872965461025354,0.884059902069772,0.890275571905015,0.894686325016231,0.905560338276818,0.913171447956914,0.924108208450388,0.935115510638763,0.947712004724803,0.95803030593099,0.965880307993161,0.972142344338253,0.977715093452199,0.984696821286281,0.989357340059112,0.993139932582183,0.997044737724523,1,0.99684234560765,0.99131490084272,0.985119940334304,0.97624550593219,0.965150630608097,0.936053000432754,0.818260623240912,0.277750253095228
0.552205984237901,0.726987254827494,0.776959860044784,0.806756436579124,0.831377763473691,0.846647137901908,0.860903401383618,0.871811798573943,0.877687494139714,0.882561985142479,0.893957386084482,0.902217398380156,0.913689560631744,0.92554431712379,0.938984124576864,0.949773653049059,0.958329877818951,0.965110283030306,0.970927130409002,0.978522099541279,0.983784832548577,0.988519781666042,0.992851722571326,0.99684234560765,1,0.996070236498041,0.990333721705807,0.98258610108229,0.971562732863183,0.944218524299359,0.829269004341362,0.291726521086503
0.529220131282573,0.706541962547418,0.757736332925146,0.788604062443322,0.814751013051443,0.830881960909567,0.845625400642511,0.857126718858329,0.863678590738088,0.869083843096573,0.881422011043059,0.890163087238429,0.902384981541541,0.91431508869228,0.928807993771939,0.940141934892911,0.949778960739578,0.957115254398262,0.963667680918209,0.971701880353996,0.977217072615291,0.982105311344499,0.986893255231104,0.99131490084272,0.996070236498041,1,0.995797175409109,0.989002944115643,0.97931773256378,0.955800313974321,0.844583950116145,0.308499162147446
0.514935254403138,0.692962558585394,0.745598609191968,0.77682817742121,0.803444657319477,0.81968398891059,0.834548987189623,0.846833750570979,0.85379788305691,0.859470500410451,0.872160571409768,0.881075574738712,0.89352928941138,0.905417556868853,0.920750104767546,0.932476119661652,0.942309677179673,0.949940045786272,0.956999870672517,0.96511735576161,0.970570057059393,0.975597458397607,0.98080610649511,0.985119940334304,0.990333721705807,0.995797175409109,1,0.994481381513255,0.985380374653333,0.96381905893418,0.856979072102615,0.324435015816348
0.486294224880894,0.666618652268008,0.72042786194469,0.752072583777868,0.780235043342827,0.798194956173775,0.813316118058649,0.826086388084223,0.833369995945055,0.839270872813562,0.852916273959052,0.863051733911859,0.876617726433883,0.889190152623268,0.905724360702362,0.918542305059445,0.929561085067738,0.937743380745537,0.945518610692942,0.953583084593464,0.960214241104609,0.966071237162192,0.97145277816256,0.97624550593219,0.98258610108229,0.989002944115643,0.994481381513255,1,0.992716553061357,0.974017337316022,0.871936220504059,0.347061420632237
0.461029982704566,0.640624739533246,0.696342858992437,0.728868710273262,0.758140172350501,0.77662229951947,0.792413386652487,0.805711333286198,0.813573410331451,0.819578249633303,0.833993523813128,0.844299438733215,0.858465357180688,0.8710218025988,0.887772582123104,0.90184106821643,0.913685893380595,0.922031277444256,0.930266251330512,0.939063892363066,0.947334110019247,0.953818319863706,0.959359413843533,0.965150630608097,0.971562732863183,0.97931773256378,0.985380374653333,0.992716553061357,1,0.984388687725419,0.892234722778655,0.367984233142762
0.414986995519483,0.597192904554001,0.65107061937008,0.683300445664632,0.713426308414191,0.732246301065503,0.748109243003073,0.762063555916169,0.770751491117561,0.778089925953376,0.792906948643281,0.803889688108467,0.819739636021752,0.834030329748109,0.851971138075386,0.866471642327478,0.879349544234947,0.888214096724056,0.897119014815576,0.907061076797959,0.915107368503005,0.922942210784058,0.929700990312615,0.936053000432754,0.944218524299359,0.955800313974321,0.96381905893418,0.974017337316022,0.984388687725419,1,0.926142629299237,0.418800389332905
0.313941529224938,0.469269866351094,0.515372453704721,0.548175000063386,0.579157166709423,0.598977251953803,0.617150048353233,0.629122083021189,0.638519355007594,0.64693614109102,0.662304536143104,0.671984991525193,0.689619998696927,0.703978259410337,0.721399482032143,0.735130946371694,0.748140900997425,0.760091580537389,0.770504666674096,0.783472268918521,0.793182417515155,0.801859810757044,0.811295970214917,0.818260623240912,0.829269004341362,0.844583950116145,0.856979072102615,0.871936220504059,0.892234722778655,0.926142629299237,1,0.646571713805727
-0.00336519456721693,0.0549361233307997,0.0771311305067441,0.100444901436456,0.116835911344531,0.128952461036553,0.142750698043905,0.143714537470703,0.151028347291503,0.159425618397609,0.169610103482394,0.174639566799569,0.188927280311902,0.193721235273237,0.200428521395005,0.208234141143036,0.216332234355624,0.226997131679258,0.233822883305529,0.250071071780254,0.256759764841635,0.260995743655597,0.273633038286399,0.277750253095228,0.291726521086503,0.308499162147446,0.324435015816348,0.347061420632237,0.367984233142762,0.418800389332905,0.646571713805727,1
