1,0.981987961358231,0.887648540492317,0.822455354232869,0.770962836868223,0.610555934840188,0.599891434290894,0.557580181837567,0.50485183280328,0.456101980601348,0.36738554377075,0.316776257956596,0.271809895634219,0.221074758831803,0.186715868148219,0.145666113335864,0.0922608286061853,0.0288177063394265,-0.0265791950337015,-0.066339515447167,-0.0976879646342162,-0.115697400426625,-0.109120454140933,-0.0997991745163608,-0.079170683176581,-0.0543689076847882,-0.0381168509776043,-0.00900819945932223,0.00239394054813609,0.00163946100965491,-0.00458638891871061,-0.00633669384755083
0.981987961358231,1,0.958672725141817,0.912777244372079,0.855436770895096,0.677146723328637,0.664915684391005,0.617535498824323,0.561026884076921,0.5133264044626,0.421782729120889,0.369255298608246,0.321694811799801,0.266883721087818,0.228857737830814,0.182485127436274,0.125519539111313,0.059805978506888,0.00129406754646994,-0.0423270877003447,-0.0780286148920739,-0.0997719838298571,-0.095656606862851,-0.088745731924377,-0.0669149729612077,-0.0408633168770213,-0.0244170207347311,0.00475383015126439,0.0147575106481334,0.0138520479408965,0.00550828173746416,0.00254553369303611
0.887648540492317,0.958672725141817,1,0.986304546915906,0.924083163744556,0.731068589706113,0.717315869052787,0.665546047065346,0.607213110889003,0.564357865516813,0.474823080575016,0.423002799729979,0.374791585674468,0.317594730962279,0.276649709844969,0.225436138171166,0.167008727195325,0.102374420463939,0.043177056193886,-0.00327188561821587,-0.0430845163142974,-0.0689621134925313,-0.0688350651227511,-0.0660268263619459,-0.0438800037065177,-0.0177295079049592,-0.00211647177767687,0.0251512997883376,0.032364429515346,0.031293595054998,0.0203317990723973,0.0157461533487556
0.822455354232869,0.912777244372079,0.986304546915906,1,0.967074302432409,0.810603358601379,0.794812405242165,0.736800096836893,0.673840095633569,0.632249354941442,0.539382933464545,0.486063167387642,0.435795861763515,0.375288608882482,0.335111960098289,0.282161150921319,0.223336160702659,0.15889776072377,0.0977312321453545,0.049432051661905,0.0062026684578416,-0.0236077058228706,-0.0278912347449628,-0.0300643720861921,-0.0114553520922662,0.0102529055305027,0.022253385636721,0.0465893959788779,0.0505616754025248,0.0513856720444503,0.0401142514982099,0.0343821780715248
0.770962836868223,0.855436770895096,0.924083163744556,0.967074302432409,1,0.932931164427502,0.914143921679629,0.846686464244104,0.775403986677104,0.732074765881818,0.63014060329698,0.572877913063134,0.518702862520398,0.453146431381521,0.417036606001737,0.364534918862355,0.305981089821094,0.240805291270932,0.175911039473761,0.126062666431844,0.0791344999258529,0.044601082667577,0.0345389170245887,0.0254932227648731,0.0364359074171064,0.0487755795811767,0.0539453365729925,0.0738643799197959,0.0734890142380391,0.0784488067623316,0.0687992126496914,0.0620677278204798
0.610555934840188,0.677146723328637,0.731068589706113,0.810603358601379,0.932931164427502,1,0.980634145416388,0.90919640020838,0.835230750295994,0.794178887165759,0.690495670060816,0.633956399201306,0.580236311664425,0.514726767027238,0.488291594080181,0.442099361184722,0.390387510383482,0.33144556041012,0.268460847475096,0.221992024440462,0.175030381447429,0.137620649686283,0.12047769282702,0.102638945633684,0.101408293917993,0.0989349997787866,0.0937179149126784,0.105213007621672,0.0986444929076538,0.108982489435914,0.102637727682363,0.0951727857587226
0.599891434290894,0.664915684391005,0.717315869052787,0.794812405242165,0.914143921679629,0.980634145416388,1,0.973134028073599,0.925542787139909,0.880604261582312,0.766310825044387,0.70572693998972,0.648727147790943,0.577995687692882,0.54749392072338,0.494870364850633,0.439263216625156,0.378234797996138,0.311695199530908,0.26379865012352,0.214415254393778,0.174767170841669,0.156741198737723,0.136799711488082,0.133495090775473,0.127149195045232,0.118635886308695,0.132134806227534,0.123565902103847,0.135974238050111,0.127585642575362,0.118145625986284
0.557580181837567,0.617535498824323,0.665546047065346,0.736800096836893,0.846686464244104,0.90919640020838,0.973134028073599,1,0.985776550393601,0.938499278372069,0.817405144179291,0.755073342222792,0.697046972501275,0.623687210601169,0.589918638173446,0.532346262983876,0.474919726840863,0.414467448003168,0.347051253655299,0.29985349383965,0.250074107392753,0.209762451686644,0.191593081070485,0.170169360074051,0.164590600456568,0.15400704155039,0.142041232561685,0.157225864785595,0.14673060108795,0.160956969356615,0.150581992071287,0.139288611331698
0.50485183280328,0.561026884076921,0.607213110889003,0.673840095633569,0.775403986677104,0.835230750295994,0.925542787139909,0.985776550393601,1,0.971831067315695,0.870524178258116,0.814451556371011,0.757393496009296,0.682956340827256,0.647064618238652,0.585022295066627,0.526312101920061,0.466843701362613,0.398289628369291,0.353664875937418,0.304830921461017,0.264035680931059,0.243786659862041,0.21871879245304,0.208560605775292,0.191070239444357,0.173735441488856,0.183788981835464,0.168739645904188,0.186861830532943,0.178126968071409,0.165900382823176
0.456101980601348,0.5133264044626,0.564357865516813,0.632249354941442,0.732074765881818,0.794178887165759,0.880604261582312,0.938499278372069,0.971831067315695,1,0.961985898381182,0.924193165995922,0.869313314902367,0.79354183902743,0.756178837934575,0.688092262514132,0.626658412635586,0.566391543712948,0.493390580875066,0.452795015776846,0.40527153469686,0.36262797496915,0.335995466578687,0.302420177984931,0.283214730795531,0.25345935373138,0.22672218619902,0.219825393879772,0.194961132128915,0.221389601443644,0.22047796700942,0.208513761369837
0.36738554377075,0.421782729120889,0.474823080575016,0.539382933464545,0.63014060329698,0.690495670060816,0.766310825044387,0.817405144179291,0.870524178258116,0.961985898381182,1,0.986059872011269,0.937581653125679,0.865617678027398,0.82918969854876,0.758909877048552,0.698660561673302,0.641726639476169,0.568730648241233,0.535672322691834,0.493025191494365,0.45125284816564,0.419105031806584,0.37804381391012,0.349711573083397,0.307846156144086,0.272102860925052,0.246051692554472,0.211570910639627,0.245757199805251,0.253975362363968,0.243160535088984
0.316776257956596,0.369255298608246,0.423002799729979,0.486063167387642,0.572877913063134,0.633956399201306,0.70572693998972,0.755073342222792,0.814451556371011,0.924193165995922,0.986059872011269,1,0.98103578684431,0.933597396629868,0.899037786969107,0.827598886681995,0.768048046492618,0.712687518262221,0.638355684625415,0.606563238059635,0.562979261946998,0.519395851857499,0.48544469133471,0.440393194533232,0.410546548748495,0.363948177024397,0.32334489328353,0.287856606705226,0.245665166069392,0.278819458508247,0.282189172720577,0.268328514635965
0.271809895634219,0.321694811799801,0.374791585674468,0.435795861763515,0.518702862520398,0.580236311664425,0.648727147790943,0.697046972501275,0.757393496009296,0.869313314902367,0.937581653125679,0.98103578684431,1,0.985129010798475,0.953390315448033,0.882367807281955,0.824427960798804,0.771086010764811,0.696274333522519,0.664311859893488,0.618666183023163,0.573139844061753,0.539148141107592,0.491950465080747,0.463545228553725,0.415323540895231,0.371817564043461,0.330462935661311,0.28176343359601,0.310438081572647,0.304284265933101,0.286205050895162
0.221074758831803,0.266883721087818,0.317594730962279,0.375288608882482,0.453146431381521,0.514726767027238,0.577995687692882,0.623687210601169,0.682956340827256,0.79354183902743,0.865617678027398,0.933597396629868,0.985129010798475,1,0.977614422867487,0.914584945494226,0.862275905672607,0.811966138984966,0.738204546872412,0.707007645071999,0.660570279403884,0.614044829378712,0.579872061072417,0.530932100511446,0.503299991915249,0.453575899510706,0.407740959208644,0.361618001281683,0.307986625128871,0.331196215755473,0.315812039510391,0.29416756747461
0.186715868148219,0.228857737830814,0.276649709844969,0.335111960098289,0.417036606001737,0.488291594080181,0.54749392072338,0.589918638173446,0.647064618238652,0.756178837934575,0.82918969854876,0.899037786969107,0.953390315448033,0.977614422867487,1,0.979197704373322,0.946683582817168,0.895313042568865,0.817492502149912,0.786677716668739,0.738446326273266,0.687864365945862,0.645861345354871,0.588341655191722,0.551603217029634,0.491540072322095,0.438341779350043,0.386134393292986,0.3278349291348,0.344907885148738,0.320768821614981,0.296059184236496
0.145666113335864,0.182485127436274,0.225436138171166,0.282161150921319,0.364534918862355,0.442099361184722,0.494870364850633,0.532346262983876,0.585022295066627,0.688092262514132,0.758909877048552,0.827598886681995,0.882367807281955,0.914584945494226,0.979197704373322,1,0.987953857923923,0.937737951097956,0.859301908697925,0.830161875691487,0.782244921062585,0.729895156882047,0.682121371432939,0.618765897452626,0.574802911825883,0.507315157064772,0.449270936390609,0.393408978658835,0.333079069033747,0.343510288685793,0.311951507367548,0.285333356037221
0.0922608286061853,0.125519539111313,0.167008727195325,0.223336160702659,0.305981089821094,0.390387510383482,0.439263216625156,0.474919726840863,0.526312101920061,0.626658412635586,0.698660561673302,0.768048046492618,0.824427960798804,0.862275905672607,0.946683582817168,0.987953857923923,1,0.976168862912022,0.918865362602843,0.892593911679492,0.842862519383667,0.787875705465227,0.737014585621728,0.669138982879293,0.615987789849809,0.537144107957607,0.471468797746479,0.416914987052614,0.354735078250169,0.362285137435351,0.323917745675571,0.294486411976252
0.0288177063394265,0.059805978506888,0.102374420463939,0.15889776072377,0.240805291270932,0.33144556041012,0.378234797996138,0.414467448003168,0.466843701362613,0.566391543712948,0.641726639476169,0.712687518262221,0.771086010764811,0.811966138984966,0.895313042568865,0.937737951097956,0.976168862912022,1,0.982594575102906,0.960407739545887,0.907584281225571,0.849850553164466,0.798835951630557,0.728408168823772,0.665188998219593,0.572735717789593,0.497920912286918,0.449487071972006,0.386305335840075,0.394235184833502,0.350183797229222,0.317542261170062
-0.0265791950337015,0.00129406754646994,0.043177056193886,0.0977312321453545,0.175911039473761,0.268460847475096,0.311695199530908,0.347051253655299,0.398289628369291,0.493390580875066,0.568730648241233,0.638355684625415,0.696274333522519,0.738204546872412,0.817492502149912,0.859301908697925,0.918865362602843,0.982594575102906,1,0.982148375800768,0.928675089405032,0.870772616429588,0.821555237668014,0.751605300588497,0.682157915693417,0.581549979231701,0.50174011444629,0.460376019959534,0.398725298566109,0.406680461072786,0.359428920338012,0.325273455089586
-0.066339515447167,-0.0423270877003447,-0.00327188561821587,0.049432051661905,0.126062666431844,0.221992024440462,0.26379865012352,0.29985349383965,0.353664875937418,0.452795015776846,0.535672322691834,0.606563238059635,0.664311859893488,0.707007645071999,0.786677716668739,0.830161875691487,0.892593911679492,0.960407739545887,0.982148375800768,1,0.981731758588643,0.946739950870371,0.898090887118889,0.825560515798747,0.749441692201442,0.637550635846478,0.549144724354462,0.499818285396413,0.4312871897904,0.435415216583973,0.380240097002214,0.34244624745868
-0.0976879646342162,-0.0780286148920739,-0.0430845163142974,0.0062026684578416,0.0791344999258529,0.175030381447429,0.214415254393778,0.250074107392753,0.304830921461017,0.40527153469686,0.493025191494365,0.562979261946998,0.618666183023163,0.660570279403884,0.738446326273266,0.782244921062585,0.842862519383667,0.907584281225571,0.928675089405032,0.981731758588643,1,0.989533162216602,0.942880415322151,0.870110675525843,0.790542916963921,0.671954625278285,0.578401653999101,0.521754247050754,0.448340455356104,0.448429975289596,0.38744801184732,0.347413591839051
-0.115697400426625,-0.0997719838298571,-0.0689621134925313,-0.0236077058228706,0.044601082667577,0.137620649686283,0.174767170841669,0.209762451686644,0.264035680931059,0.36262797496915,0.45125284816564,0.519395851857499,0.573139844061753,0.614044829378712,0.687864365945862,0.729895156882047,0.787875705465227,0.849850553164466,0.870772616429588,0.946739950870371,0.989533162216602,1,0.970683858880435,0.910060434471503,0.834042219848499,0.711675847955788,0.614438077267191,0.548022603005405,0.468364186454104,0.462936617885876,0.394515192818539,0.351724994554083
-0.109120454140933,-0.095656606862851,-0.0688350651227511,-0.0278912347449628,0.0345389170245887,0.12047769282702,0.156741198737723,0.191593081070485,0.243786659862041,0.335995466578687,0.419105031806584,0.48544469133471,0.539148141107592,0.579872061072417,0.645861345354871,0.682121371432939,0.737014585621728,0.798835951630557,0.821555237668014,0.898090887118889,0.942880415322151,0.970683858880435,1,0.9830042525363,0.925931304855122,0.801473816236108,0.699588570766663,0.612421293069752,0.518571426281559,0.502416170264122,0.418081051419178,0.368948715802482
-0.0997991745163608,-0.088745731924377,-0.0660268263619459,-0.0300643720861921,0.0254932227648731,0.102638945633684,0.136799711488082,0.170169360074051,0.21871879245304,0.302420177984931,0.37804381391012,0.440393194533232,0.491950465080747,0.530932100511446,0.588341655191722,0.618765897452626,0.669138982879293,0.728408168823772,0.751605300588497,0.825560515798747,0.870110675525843,0.910060434471503,0.9830042525363,1,0.959645055827839,0.838492404902173,0.737070442720489,0.637486537910188,0.536493937889252,0.512781360717884,0.419613331397741,0.367572149585992
-0.079170683176581,-0.0669149729612077,-0.0438800037065177,-0.0114553520922662,0.0364359074171064,0.101408293917993,0.133495090775473,0.164590600456568,0.208560605775292,0.283214730795531,0.349711573083397,0.410546548748495,0.463545228553725,0.503299991915249,0.551603217029634,0.574802911825883,0.615987789849809,0.665188998219593,0.682157915693417,0.749441692201442,0.790542916963921,0.834042219848499,0.925931304855122,0.959645055827839,1,0.956893483673209,0.895480083557175,0.742587797810835,0.610720692693289,0.565833472435876,0.447631033962573,0.386092167021021
-0.0543689076847882,-0.0408633168770213,-0.0177295079049592,0.0102529055305027,0.0487755795811767,0.0989349997787866,0.127149195045232,0.15400704155039,0.191070239444357,0.25345935373138,0.307846156144086,0.363948177024397,0.415323540895231,0.453575899510706,0.491540072322095,0.507315157064772,0.537144107957607,0.572735717789593,0.581549979231701,0.637550635846478,0.671954625278285,0.711675847955788,0.801473816236108,0.838492404902173,0.956893483673209,1,0.986153952549327,0.791614026148175,0.638836483405368,0.577169275105555,0.443945264874175,0.377792593024098
-0.0381168509776043,-0.0244170207347311,-0.00211647177767687,0.022253385636721,0.0539453365729925,0.0937179149126784,0.118635886308695,0.142041232561685,0.173735441488856,0.22672218619902,0.272102860925052,0.32334489328353,0.371817564043461,0.407740959208644,0.438341779350043,0.449270936390609,0.471468797746479,0.497920912286918,0.50174011444629,0.549144724354462,0.578401653999101,0.614438077267191,0.699588570766663,0.737070442720489,0.895480083557175,0.986153952549327,1,0.789162204178116,0.630321016340047,0.561444552376748,0.424767268532066,0.358524387637951
-0.00900819945932223,0.00475383015126439,0.0251512997883376,0.0465893959788779,0.0738643799197959,0.105213007621672,0.132134806227534,0.157225864785595,0.183788981835464,0.219825393879772,0.246051692554472,0.287856606705226,0.330462935661311,0.361618001281683,0.386134393292986,0.393408978658835,0.416914987052614,0.449487071972006,0.460376019959534,0.499818285396413,0.521754247050754,0.548022603005405,0.612421293069752,0.637486537910188,0.742587797810835,0.791614026148175,0.789162204178116,1,0.974236848925154,0.897229721954028,0.623286511380936,0.502590137261544
0.00239394054813609,0.0147575106481334,0.032364429515346,0.0505616754025248,0.0734890142380391,0.0986444929076538,0.123565902103847,0.14673060108795,0.168739645904188,0.194961132128915,0.211570910639627,0.245665166069392,0.28176343359601,0.307986625128871,0.3278349291348,0.333079069033747,0.354735078250169,0.386305335840075,0.398725298566109,0.4312871897904,0.448340455356104,0.468364186454104,0.518571426281559,0.536493937889252,0.610720692693289,0.638836483405368,0.630321016340047,0.974236848925154,1,0.928039766142475,0.632051704755915,0.503833958521337
0.00163946100965491,0.0138520479408965,0.031293595054998,0.0513856720444503,0.0784488067623316,0.108982489435914,0.135974238050111,0.160956969356615,0.186861830532943,0.221389601443644,0.245757199805251,0.278819458508247,0.310438081572647,0.331196215755473,0.344907885148738,0.343510288685793,0.362285137435351,0.394235184833502,0.406680461072786,0.435415216583973,0.448429975289596,0.462936617885876,0.502416170264122,0.512781360717884,0.565833472435876,0.577169275105555,0.561444552376748,0.897229721954028,0.928039766142475,1,0.872952538098161,0.78606505397094
-0.00458638891871061,0.00550828173746416,0.0203317990723973,0.0401142514982099,0.0687992126496914,0.102637727682363,0.127585642575362,0.150581992071287,0.178126968071409,0.22047796700942,0.253975362363968,0.282189172720577,0.304284265933101,0.315812039510391,0.320768821614981,0.311951507367548,0.323917745675571,0.350183797229222,0.359428920338012,0.380240097002214,0.38744801184732,0.394515192818539,0.418081051419178,0.419613331397741,0.447631033962573,0.443945264874175,0.424767268532066,0.623286511380936,0.632051704755915,0.872952538098161,1,0.987731203757186
-0.00633669384755083,0.00254553369303611,0.0157461533487556,0.0343821780715248,0.0620677278204798,0.0951727857587226,0.118145625986284,0.139288611331698,0.165900382823176,0.208513761369837,0.243160535088984,0.268328514635965,0.286205050895162,0.29416756747461,0.296059184236496,0.285333356037221,0.294486411976252,0.317542261170062,0.325273455089586,0.34244624745868,0.347413591839051,0.351724994554083,0.368948715802482,0.367572149585992,0.386092167021021,0.377792593024098,0.358524387637951,0.502590137261544,0.503833958521337,0.78606505397094,0.987731203757186,1
