1,0.869110905553413,0.845469315954829,0.836633545423928,0.82734618230332,0.819319903733819,0.81234484667882,0.800737547724366,0.793296151488745,0.787349549625343,0.783804292038683,0.779188145432694,0.774374220043999,0.772203764473849,0.768042305311996,0.76389718522562,0.76050193362718,0.755487116929929,0.751639472709042,0.745637624950654,0.739274785490969,0.731576488481072,0.726440174509867,0.717321423825883,0.710699812861785,0.699607525577476,0.686309074756394,0.671399602784444,0.660514615264776,0.618814839533878,0.341884862146604,-0.0043569240829123
0.869110905553413,1,0.975788015921051,0.962161880049573,0.953081106970702,0.946596142202899,0.942170833858899,0.934914387816109,0.930515410563857,0.926536503593354,0.923288992203385,0.9209295569018,0.917782818889398,0.915209508002726,0.910363177050802,0.906774798378042,0.90162904516858,0.896113574494322,0.892314693669241,0.886725220320494,0.880675232584258,0.87388781482722,0.869542114030475,0.863311137892389,0.854542273117094,0.845284001229219,0.83439226610233,0.819572355525136,0.807715471862366,0.756522482750201,0.499591703731919,0.0448815762808428
0.845469315954829,0.975788015921051,1,0.987874310811384,0.979574877638798,0.973113172036074,0.969925534118744,0.963915826766846,0.959865106929032,0.955953464351009,0.952680039502565,0.950099377311693,0.946992338589786,0.944620675421023,0.939970663935627,0.935434424226096,0.929940604710847,0.924713629221795,0.921456846432599,0.916313669495767,0.911293433380295,0.904297786027823,0.899230513424198,0.894491010208507,0.887076527842379,0.877542431440832,0.866998434800519,0.851481054049372,0.83925624033963,0.789550300178084,0.532270356283833,0.058353371499666
0.836633545423928,0.962161880049573,0.987874310811384,1,0.991931834347516,0.986051258128026,0.981715907336634,0.975203555524202,0.971934398278929,0.9680599891645,0.965018793532866,0.962380350549982,0.959153108920732,0.956543241827582,0.952457284831034,0.947803349735261,0.94225090911883,0.937725680553168,0.934691323794018,0.929803869464665,0.924991376605933,0.91879795308444,0.914012829523263,0.909940861472623,0.903439361174656,0.895095649934078,0.88488270545967,0.870049168518615,0.858149988857343,0.808834776490588,0.545294907229536,0.0631984331586582
0.82734618230332,0.953081106970702,0.979574877638798,0.991931834347516,1,0.995320722909519,0.991281041317618,0.985121317112908,0.98154433126403,0.978196294070556,0.974836627373308,0.972200373687828,0.968568070885729,0.965184161475157,0.961081451558702,0.956372361662439,0.951354704350048,0.94690618735429,0.943803614313224,0.938836674544103,0.934445339587613,0.928793896382524,0.923841261122144,0.919934021111744,0.913260728377269,0.905325148250768,0.895528533882917,0.880470220327156,0.869388933085139,0.819067147451209,0.551899379959034,0.0705199831668083
0.819319903733819,0.946596142202899,0.973113172036074,0.986051258128026,0.995320722909519,1,0.995846044866193,0.990636021822829,0.986659074072374,0.983238397781858,0.980028917576036,0.977290131148606,0.974032191965297,0.970685768084124,0.966638747853156,0.961471303400885,0.956863582614681,0.952713219708048,0.949519004327783,0.944869488103271,0.940748462436268,0.935290927685186,0.931009202678059,0.927543943337086,0.920548363994558,0.912982081140265,0.903640083857904,0.889301480279065,0.878114333955227,0.828984739488886,0.565256991653306,0.0776677192835459
0.81234484667882,0.942170833858899,0.969925534118744,0.981715907336634,0.991281041317618,0.995846044866193,1,0.99562838440223,0.991580011331868,0.98812947154782,0.984636143934167,0.981662586732176,0.978452079974699,0.974804353834818,0.970614899976438,0.965319895125246,0.960313292337984,0.956140082771078,0.952993419633527,0.948881986495224,0.945103687319281,0.939797592826899,0.935720876388393,0.932694685610476,0.926261389114237,0.918986146111389,0.909547013190032,0.896019214725886,0.884615159154393,0.835219675104371,0.5744251272248,0.0794364594869574
0.800737547724366,0.934914387816109,0.963915826766846,0.975203555524202,0.985121317112908,0.990636021822829,0.99562838440223,1,0.996547120221107,0.993134217833681,0.989877968486795,0.98673906315674,0.983490377471635,0.979868407128538,0.975788226508436,0.970537965589293,0.965530403141159,0.961275247147378,0.95781132339063,0.954348837851585,0.95064386057268,0.945346522593741,0.941368131765787,0.938682932163908,0.932581251640415,0.925788933167294,0.916966498697601,0.904196405287159,0.892776674473546,0.845138736404829,0.593598682068724,0.0880619054948505
0.793296151488745,0.930515410563857,0.959865106929032,0.971934398278929,0.98154433126403,0.986659074072374,0.991580011331868,0.996547120221107,1,0.997417534977743,0.994346604808626,0.990876988233118,0.987632992452031,0.984113648442803,0.980313782000972,0.974789583024887,0.969719270816031,0.965486178674921,0.962193111199563,0.95870757927036,0.955495803603007,0.95008665018073,0.946170726019664,0.9434469485094,0.937445821851264,0.931400026239252,0.922911639771691,0.911175755362191,0.900403959544153,0.853539775718207,0.607758828377462,0.0972472366419548
0.787349549625343,0.926536503593354,0.955953464351009,0.9680599891645,0.978196294070556,0.983238397781858,0.98812947154782,0.993134217833681,0.997417534977743,1,0.997395218319267,0.99410104480374,0.9904099440195,0.986725601645965,0.982582885469494,0.976868149993246,0.972073051377413,0.967795948814267,0.964057326591667,0.960582579438955,0.95741698720446,0.952089181320389,0.948461790497464,0.946015460545138,0.939939086517322,0.934340163636506,0.926638293219048,0.91500392247709,0.903753957164687,0.857444512466191,0.61267975751835,0.0977965102899872
0.783804292038683,0.923288992203385,0.952680039502565,0.965018793532866,0.974836627373308,0.980028917576036,0.984636143934167,0.989877968486795,0.994346604808626,0.997395218319267,1,0.997516203631701,0.994158498730927,0.990432102539914,0.986541595110693,0.980919815129953,0.976180995177036,0.971713682053804,0.967844135241628,0.964225157170094,0.960834763644762,0.955482915348352,0.95125736641137,0.948552494893671,0.942882384790086,0.937542790389548,0.930140375835623,0.91860159987827,0.907950992956149,0.863058563933718,0.618209115790243,0.105402988616914
0.779188145432694,0.9209295569018,0.950099377311693,0.962380350549982,0.972200373687828,0.977290131148606,0.981662586732176,0.98673906315674,0.990876988233118,0.99410104480374,0.997516203631701,1,0.997528420188069,0.994150419521792,0.99024042406456,0.984798136886124,0.980151898854181,0.975531167866865,0.971671282774052,0.967884405893774,0.964389346595767,0.959223868857272,0.954803984389994,0.951841932554156,0.946301747803619,0.940892230242882,0.93365977050003,0.921602407786493,0.911139687877258,0.866346877866245,0.621684111356068,0.102763842794941
0.774374220043999,0.917782818889398,0.946992338589786,0.959153108920732,0.968568070885729,0.974032191965297,0.978452079974699,0.983490377471635,0.987632992452031,0.9904099440195,0.994158498730927,0.997528420188069,1,0.997480351312298,0.99378697633954,0.988779404261354,0.984382248632897,0.980056756980697,0.975988938394052,0.972236831492882,0.96880624644681,0.963851478820652,0.959506622020969,0.956308893781154,0.950911613851408,0.945490429973069,0.938300683153064,0.926692749382939,0.916555929654417,0.872764418382795,0.630506940625602,0.107072307130358
0.772203764473849,0.915209508002726,0.944620675421023,0.956543241827582,0.965184161475157,0.970685768084124,0.974804353834818,0.979868407128538,0.984113648442803,0.986725601645965,0.990432102539914,0.994150419521792,0.997480351312298,1,0.997569072271929,0.993762109104342,0.98988121180907,0.985607978919939,0.981439390726957,0.97774454726869,0.973896893601494,0.968771559859216,0.964491868202199,0.961347067349833,0.95628629571842,0.950582782593438,0.943325412896426,0.932349229976019,0.921939564255112,0.87855619969252,0.638303789614108,0.113128393879469
0.768042305311996,0.910363177050802,0.939970663935627,0.952457284831034,0.961081451558702,0.966638747853156,0.970614899976438,0.975788226508436,0.980313782000972,0.982582885469494,0.986541595110693,0.99024042406456,0.99378697633954,0.997569072271929,1,0.99755983681963,0.994088913096102,0.989723063929305,0.985477336672543,0.981729003813218,0.977751253293014,0.972552741526639,0.967896264939113,0.964639200773678,0.959833350937169,0.954305864638837,0.946968766335113,0.936471736350149,0.925924116806968,0.882745535352655,0.64442374417336,0.114991432790294
0.76389718522562,0.906774798378042,0.935434424226096,0.947803349735261,0.956372361662439,0.961471303400885,0.965319895125246,0.970537965589293,0.974789583024887,0.976868149993246,0.980919815129953,0.984798136886124,0.988779404261354,0.993762109104342,0.99755983681963,1,0.997608603468708,0.993796411953415,0.989721274796347,0.986083194422067,0.981664047479388,0.976647841687142,0.972077710049955,0.968500518929169,0.963985040299964,0.9582674158692,0.950920155207198,0.940671934053769,0.930451711894179,0.886990527911505,0.647401189683951,0.11422830408594
0.76050193362718,0.90162904516858,0.929940604710847,0.94225090911883,0.951354704350048,0.956863582614681,0.960313292337984,0.965530403141159,0.969719270816031,0.972073051377413,0.976180995177036,0.980151898854181,0.984382248632897,0.98988121180907,0.994088913096102,0.997608603468708,1,0.997502100748655,0.993828719553156,0.990087549055631,0.985860102264223,0.98123988337773,0.976752848998422,0.973048106825606,0.968546890409136,0.963307618505846,0.955556140474635,0.945906155715833,0.935615463949971,0.892986959304951,0.656410592092537,0.11824570772165
0.755487116929929,0.896113574494322,0.924713629221795,0.937725680553168,0.94690618735429,0.952713219708048,0.956140082771078,0.961275247147378,0.965486178674921,0.967795948814267,0.971713682053804,0.975531167866865,0.980056756980697,0.985607978919939,0.989723063929305,0.993796411953415,0.997502100748655,1,0.997633106803312,0.994259749893221,0.990404247968709,0.98598203303151,0.981710438250245,0.9778647807953,0.973233062486397,0.9675757909472,0.959455592092092,0.949974609017107,0.93914950061327,0.896494105455373,0.660967217987261,0.120336086527449
0.751639472709042,0.892314693669241,0.921456846432599,0.934691323794018,0.943803614313224,0.949519004327783,0.952993419633527,0.95781132339063,0.962193111199563,0.964057326591667,0.967844135241628,0.971671282774052,0.975988938394052,0.981439390726957,0.985477336672543,0.989721274796347,0.993828719553156,0.997633106803312,1,0.99755870217714,0.994402395234352,0.990078499226372,0.98572561435697,0.981519175622073,0.977034228730228,0.97150168481999,0.9636033704195,0.953824158030925,0.943215434430644,0.901000358551063,0.665179598274292,0.117462973572527
0.745637624950654,0.886725220320494,0.916313669495767,0.929803869464665,0.938836674544103,0.944869488103271,0.948881986495224,0.954348837851585,0.95870757927036,0.960582579438955,0.964225157170094,0.967884405893774,0.972236831492882,0.97774454726869,0.981729003813218,0.986083194422067,0.990087549055631,0.994259749893221,0.99755870217714,1,0.99758726977931,0.993866566867042,0.989605476446762,0.985775134002061,0.981257136493422,0.97547078117702,0.967993460785255,0.958383126864602,0.947665850176726,0.906708985720808,0.673953817791561,0.12233840917193
0.739274785490969,0.880675232584258,0.911293433380295,0.924991376605933,0.934445339587613,0.940748462436268,0.945103687319281,0.95064386057268,0.955495803603007,0.95741698720446,0.960834763644762,0.964389346595767,0.96880624644681,0.973896893601494,0.977751253293014,0.981664047479388,0.985860102264223,0.990404247968709,0.994402395234352,0.99758726977931,1,0.997320232055334,0.993409381638017,0.989657179828088,0.985149651636303,0.98002504139326,0.972832884009452,0.963774598915777,0.952581901133147,0.91240532070988,0.681656250201163,0.123566196603757
0.731576488481072,0.87388781482722,0.904297786027823,0.91879795308444,0.928793896382524,0.935290927685186,0.939797592826899,0.945346522593741,0.95008665018073,0.952089181320389,0.955482915348352,0.959223868857272,0.963851478820652,0.968771559859216,0.972552741526639,0.976647841687142,0.98123988337773,0.98598203303151,0.990078499226372,0.993866566867042,0.997320232055334,1,0.99696409439777,0.993407729513883,0.988967853218308,0.984026199709205,0.976984736436784,0.968462383818438,0.957341018967843,0.918612983171326,0.691903117784474,0.130328836443577
0.726440174509867,0.869542114030475,0.899230513424198,0.914012829523263,0.923841261122144,0.931009202678059,0.935720876388393,0.941368131765787,0.946170726019664,0.948461790497464,0.95125736641137,0.954803984389994,0.959506622020969,0.964491868202199,0.967896264939113,0.972077710049955,0.976752848998422,0.981710438250245,0.98572561435697,0.989605476446762,0.993409381638017,0.99696409439777,1,0.997046265167832,0.993047162320855,0.988205507317768,0.981389427165711,0.973204622944611,0.962320538772815,0.924929594695514,0.702652813491558,0.138321220502347
0.717321423825883,0.863311137892389,0.894491010208507,0.909940861472623,0.919934021111744,0.927543943337086,0.932694685610476,0.938682932163908,0.9434469485094,0.946015460545138,0.948552494893671,0.951841932554156,0.956308893781154,0.961347067349833,0.964639200773678,0.968500518929169,0.973048106825606,0.9778647807953,0.981519175622073,0.985775134002061,0.989657179828088,0.993407729513883,0.997046265167832,1,0.996947309473954,0.992197851074651,0.9858510047178,0.977935583655856,0.966677535841127,0.928574152095737,0.710365923588639,0.145209747764242
0.710699812861785,0.854542273117094,0.887076527842379,0.903439361174656,0.913260728377269,0.920548363994558,0.926261389114237,0.932581251640415,0.937445821851264,0.939939086517322,0.942882384790086,0.946301747803619,0.950911613851408,0.95628629571842,0.959833350937169,0.963985040299964,0.968546890409136,0.973233062486397,0.977034228730228,0.981257136493422,0.985149651636303,0.988967853218308,0.993047162320855,0.996947309473954,1,0.995591729851835,0.989675540259086,0.981530699508961,0.9706794039978,0.93345591503439,0.714643233682569,0.151792836702093
0.699607525577476,0.845284001229219,0.877542431440832,0.895095649934078,0.905325148250768,0.912982081140265,0.918986146111389,0.925788933167294,0.931400026239252,0.934340163636506,0.937542790389548,0.940892230242882,0.945490429973069,0.950582782593438,0.954305864638837,0.9582674158692,0.963307618505846,0.9675757909472,0.97150168481999,0.97547078117702,0.98002504139326,0.984026199709205,0.988205507317768,0.992197851074651,0.995591729851835,1,0.995202790551059,0.988124476369421,0.977434941933775,0.942423159184329,0.728181020705585,0.162834983026766
0.686309074756394,0.83439226610233,0.866998434800519,0.88488270545967,0.895528533882917,0.903640083857904,0.909547013190032,0.916966498697601,0.922911639771691,0.926638293219048,0.930140375835623,0.93365977050003,0.938300683153064,0.943325412896426,0.946968766335113,0.950920155207198,0.955556140474635,0.959455592092092,0.9636033704195,0.967993460785255,0.972832884009452,0.976984736436784,0.981389427165711,0.9858510047178,0.989675540259086,0.995202790551059,1,0.993534915436564,0.984165837178794,0.952714059698835,0.739833317813216,0.178034531923087
0.671399602784444,0.819572355525136,0.851481054049372,0.870049168518615,0.880470220327156,0.889301480279065,0.896019214725886,0.904196405287159,0.911175755362191,0.91500392247709,0.91860159987827,0.921602407786493,0.926692749382939,0.932349229976019,0.936471736350149,0.940671934053769,0.945906155715833,0.949974609017107,0.953824158030925,0.958383126864602,0.963774598915777,0.968462383818438,0.973204622944611,0.977935583655856,0.981530699508961,0.988124476369421,0.993534915436564,1,0.99140913882125,0.964145301741939,0.760166091619105,0.196953017572743
0.660514615264776,0.807715471862366,0.83925624033963,0.858149988857343,0.869388933085139,0.878114333955227,0.884615159154393,0.892776674473546,0.900403959544153,0.903753957164687,0.907950992956149,0.911139687877258,0.916555929654417,0.921939564255112,0.925924116806968,0.930451711894179,0.935615463949971,0.93914950061327,0.943215434430644,0.947665850176726,0.952581901133147,0.957341018967843,0.962320538772815,0.966677535841127,0.9706794039978,0.977434941933775,0.984165837178794,0.99140913882125,1,0.977314783853442,0.779455911224069,0.223230440730793
0.618814839533878,0.756522482750201,0.789550300178084,0.808834776490588,0.819067147451209,0.828984739488886,0.835219675104371,0.845138736404829,0.853539775718207,0.857444512466191,0.863058563933718,0.866346877866245,0.872764418382795,0.87855619969252,0.882745535352655,0.886990527911505,0.892986959304951,0.896494105455373,0.901000358551063,0.906708985720808,0.91240532070988,0.918612983171326,0.924929594695514,0.928574152095737,0.93345591503439,0.942423159184329,0.952714059698835,0.964145301741939,0.977314783853442,1,0.8250149923687,0.289684125801922
0.341884862146604,0.499591703731919,0.532270356283833,0.545294907229536,0.551899379959034,0.565256991653306,0.5744251272248,0.593598682068724,0.607758828377462,0.61267975751835,0.618209115790243,0.621684111356068,0.630506940625602,0.638303789614108,0.64442374417336,0.647401189683951,0.656410592092537,0.660967217987261,0.665179598274292,0.673953817791561,0.681656250201163,0.691903117784474,0.702652813491558,0.710365923588639,0.714643233682569,0.728181020705585,0.739833317813216,0.760166091619105,0.779455911224069,0.8250149923687,1,0.455274492196498
-0.0043569240829123,0.0448815762808428,0.058353371499666,0.0631984331586582,0.0705199831668083,0.0776677192835459,0.0794364594869574,0.0880619054948505,0.0972472366419548,0.0977965102899872,0.105402988616914,0.102763842794941,0.107072307130358,0.113128393879469,0.114991432790294,0.11422830408594,0.11824570772165,0.120336086527449,0.117462973572527,0.12233840917193,0.123566196603757,0.130328836443577,0.138321220502347,0.145209747764242,0.151792836702093,0.162834983026766,0.178034531923087,0.196953017572743,0.223230440730793,0.289684125801922,0.455274492196498,1
