1,0.890024690871274,0.862675324465456,0.846379031837034,0.834772292061235,0.823407617074735,0.815179626379208,0.805381721934075,0.79864591963459,0.790284806313831,0.785039318168994,0.772932440003481,0.758372263825558,0.747329477408943,0.735232669497839,0.726685911164451,0.715694728335233,0.703526770328936,0.695722946323681,0.685069144688242,0.678396601533153,0.664613524574663,0.652535905873181,0.640431744145024,0.626565141571328,0.611889813243974,0.594150113487768,0.584473155887463,0.556595001889852,0.508720969019325,0.406767455898781,0.0870377287908151
0.890024690871274,1,0.974428733241347,0.960883290609825,0.949504634395783,0.939963058777868,0.932920346043418,0.925207036619905,0.919740618618223,0.912858058532888,0.905429371709206,0.897369941613821,0.887650926681268,0.878470044858955,0.867007335088606,0.858960719255232,0.848923231352657,0.838476389443038,0.832088845510534,0.82414327506734,0.817314198600797,0.805199362424638,0.793101083570644,0.784074046808106,0.774205760970176,0.760285413497096,0.744237718273136,0.729652307142863,0.701421299407522,0.653130625626433,0.534988112262929,0.121940163459116
0.862675324465456,0.974428733241347,1,0.989110756921336,0.980426005106202,0.97198984408151,0.966017045695509,0.960356766705768,0.954598011613136,0.948934610146807,0.943185377748325,0.93539149711431,0.927025440572053,0.919220527834901,0.909360610431467,0.902168589492129,0.893639689490155,0.884092317483411,0.877868348714757,0.870704734032221,0.864410056142166,0.853258673663499,0.841507062473236,0.8325310640745,0.82319551958645,0.809137648838116,0.79359902616819,0.777759659003844,0.750795516114324,0.703379993061648,0.589570066827653,0.160129503455683
0.846379031837034,0.960883290609825,0.989110756921336,1,0.992905068585294,0.986104028220713,0.981033145653608,0.976533514103036,0.972063726641902,0.967357232298383,0.961726359731362,0.954649567238246,0.946910636321589,0.939492004657963,0.93013910324824,0.924209707254685,0.916808321442344,0.908596290486218,0.902885906044224,0.896385541858416,0.89044062170495,0.88091632681499,0.871054586057118,0.862241148574243,0.853340474236169,0.840729353433235,0.826460933906439,0.813523246125173,0.787932742316068,0.742929125006563,0.628651900561847,0.180052983611142
0.834772292061235,0.949504634395783,0.980426005106202,0.992905068585294,1,0.994374334466967,0.989510162091335,0.985048913596654,0.981045041934646,0.976569287613206,0.971755966036637,0.966384490161485,0.958970741215076,0.952135789087823,0.944149705199573,0.938315332752712,0.931073521807864,0.923825357956983,0.917770963039296,0.910995913200178,0.904997346925756,0.896532172948928,0.887596947381218,0.879052414808174,0.870551362790169,0.858770591249546,0.845318042793428,0.833041460267727,0.80791436342771,0.762864627212799,0.651189632493511,0.192165162454069
0.823407617074735,0.939963058777868,0.97198984408151,0.986104028220713,0.994374334466967,1,0.996049100877668,0.991918974956346,0.987960984391172,0.98339792170487,0.978617503523764,0.973632891013614,0.967136773090235,0.960956594726904,0.953249298593847,0.947292362462867,0.940065708257272,0.933135871757978,0.927057038924952,0.920552912440723,0.914541658267451,0.906365702737833,0.898289105475167,0.890184906685995,0.882196083317641,0.871647798888648,0.858996777080435,0.847275567689846,0.8220925369547,0.77795699330723,0.665927724185997,0.200957848591159
0.815179626379208,0.932920346043418,0.966017045695509,0.981033145653608,0.989510162091335,0.996049100877668,1,0.99658121000054,0.992915288340912,0.988631674089428,0.98397116451339,0.979485764511117,0.97310281607987,0.967259818765523,0.959747625853789,0.954163625556208,0.947066128212157,0.940191123336156,0.934433402359858,0.928136621185936,0.923022273758364,0.915143233574661,0.907056322630634,0.899156822669261,0.891761992666223,0.881875199736536,0.869166118255662,0.857496399217164,0.832532099979356,0.789771859673568,0.676925082302056,0.199140636915567
0.805381721934075,0.925207036619905,0.960356766705768,0.976533514103036,0.985048913596654,0.991918974956346,0.99658121000054,1,0.997112349803599,0.993269852947529,0.988866597114291,0.984898049604011,0.979106276438195,0.973588914003495,0.966482846769877,0.961424576661094,0.954746100115707,0.948390239830712,0.942794264757903,0.936749870883365,0.931749397380702,0.924012170545301,0.916124027407213,0.908535364686292,0.901379760058739,0.89187362919404,0.879405635539897,0.867954135847749,0.844369068651429,0.801314337831678,0.690890887083874,0.208817473969043
0.79864591963459,0.919740618618223,0.954598011613136,0.972063726641902,0.981045041934646,0.987960984391172,0.992915288340912,0.997112349803599,1,0.997156879533351,0.993423475854474,0.989336811676871,0.984150768569092,0.978854981564677,0.972171318578403,0.967188456692031,0.960719776017733,0.954302132677457,0.948759689114272,0.942688658138924,0.938088337821126,0.930969683704071,0.923597088179924,0.916368550792804,0.909898690256768,0.901287051540136,0.889133815157194,0.877961775892982,0.855695335226253,0.813250318677717,0.704596154244013,0.215355769155855
0.790284806313831,0.912858058532888,0.948934610146807,0.967357232298383,0.976569287613206,0.98339792170487,0.988631674089428,0.993269852947529,0.997156879533351,1,0.997373170504084,0.993575645177632,0.988705025428243,0.983881554298979,0.977572440138852,0.972685845850173,0.966268319408714,0.959996921558962,0.954379180442642,0.948519631129109,0.943988793278508,0.937418214500268,0.93049911774585,0.92394434590023,0.917724117577138,0.909202484843,0.897813849789853,0.886692202474973,0.864810146490488,0.823099112292014,0.71506462993979,0.220631933472987
0.785039318168994,0.905429371709206,0.943185377748325,0.961726359731362,0.971755966036637,0.978617503523764,0.98397116451339,0.988866597114291,0.993423475854474,0.997373170504084,1,0.997292809732608,0.992967333733358,0.988329279321609,0.982189894997332,0.977272447600575,0.970874772036354,0.964720898543689,0.958907069835347,0.953234453079931,0.949034469845644,0.942968810313354,0.936437729347414,0.930238899870197,0.924095868762063,0.916306139413793,0.905861758173523,0.894690409098299,0.873456736121979,0.831841117000218,0.724747488453759,0.229204982910164
0.772932440003481,0.897369941613821,0.93539149711431,0.954649567238246,0.966384490161485,0.973632891013614,0.979485764511117,0.984898049604011,0.989336811676871,0.993575645177632,0.997292809732608,1,0.997184265646085,0.993021019303451,0.987343070443657,0.98221116671848,0.976338647378066,0.970501759230882,0.964507613562039,0.958990794564643,0.955061104891712,0.949708588160394,0.943524275822637,0.937692429399769,0.932065633323931,0.925169620230301,0.915462747718347,0.904425705704551,0.884406075396417,0.843230520787659,0.738107097395443,0.232642398021266
0.758372263825558,0.887650926681268,0.927025440572053,0.946910636321589,0.958970741215076,0.967136773090235,0.97310281607987,0.979106276438195,0.984150768569092,0.988705025428243,0.992967333733358,0.997184265646085,1,0.997431632180193,0.993089229331417,0.988269673797461,0.983022894257229,0.97754562780312,0.971722583429506,0.96619345265949,0.96185135115917,0.956850398201699,0.950972178050013,0.94552195062469,0.940319186556924,0.93432745387106,0.925712201511874,0.915357038649208,0.896418370773853,0.856990789018486,0.754009704015542,0.241114548427618
0.747329477408943,0.878470044858955,0.919220527834901,0.939492004657963,0.952135789087823,0.960956594726904,0.967259818765523,0.973588914003495,0.978854981564677,0.983881554298979,0.988329279321609,0.993021019303451,0.997431632180193,1,0.997190017783032,0.992966797578845,0.988136683062636,0.982881221965025,0.977349447242225,0.971636451797885,0.967577436013744,0.962644464179184,0.956740875398425,0.951350319100852,0.946150096677639,0.940198051441987,0.932637363075128,0.922496605947197,0.904099001901784,0.86598892832333,0.764640351821045,0.245857175892038
0.735232669497839,0.867007335088606,0.909360610431467,0.93013910324824,0.944149705199573,0.953249298593847,0.959747625853789,0.966482846769877,0.972171318578403,0.977572440138852,0.982189894997332,0.987343070443657,0.993089229331417,0.997190017783032,1,0.997268091547914,0.993148633828763,0.988410878017201,0.983008944695399,0.97740987441893,0.973497604762651,0.969144050989603,0.963532841544808,0.958455245699223,0.953623536082235,0.948124335890271,0.941497483061125,0.931653242905311,0.914323017554068,0.877209905265556,0.776251412220778,0.252638539393559
0.726685911164451,0.858960719255232,0.902168589492129,0.924209707254685,0.938315332752712,0.947292362462867,0.954163625556208,0.961424576661094,0.967188456692031,0.972685845850173,0.977272447600575,0.98221116671848,0.988269673797461,0.992966797578845,0.997268091547914,1,0.997532466263806,0.993606300258968,0.988756449778923,0.983488062513871,0.979326827791045,0.974894505474128,0.968923800950915,0.963710213321186,0.959123570452155,0.953748918328515,0.947255125442247,0.938223479954923,0.921756073398786,0.885650971044709,0.787480598335722,0.260825039361867
0.715694728335233,0.848923231352657,0.893639689490155,0.916808321442344,0.931073521807864,0.940065708257272,0.947066128212157,0.954746100115707,0.960719776017733,0.966268319408714,0.970874772036354,0.976338647378066,0.983022894257229,0.988136683062636,0.993148633828763,0.997532466263806,1,0.997512182795732,0.993317438196499,0.988348666661746,0.983944573490661,0.97982023262043,0.974128411682135,0.969223891920863,0.964720552377607,0.95950179433967,0.953320100742872,0.944639553594964,0.928658452088794,0.893391468598596,0.796874925338341,0.265947616501191
0.703526770328936,0.838476389443038,0.884092317483411,0.908596290486218,0.923825357956983,0.933135871757978,0.940191123336156,0.948390239830712,0.954302132677457,0.959996921558962,0.964720898543689,0.970501759230882,0.97754562780312,0.982881221965025,0.988410878017201,0.993606300258968,0.997512182795732,1,0.997252301970585,0.99291517470906,0.988702789190247,0.984463943189971,0.978719699416126,0.974067076931483,0.969642698067862,0.964787959274147,0.958976425761514,0.951196022184971,0.936057939869896,0.901720776946829,0.807702092471546,0.273615127332428
0.695722946323681,0.832088845510534,0.877868348714757,0.902885906044224,0.917770963039296,0.927057038924952,0.934433402359858,0.942794264757903,0.948759689114272,0.954379180442642,0.958907069835347,0.964507613562039,0.971722583429506,0.977349447242225,0.983008944695399,0.988756449778923,0.993317438196499,0.997252301970585,1,0.997158765188263,0.993525476648589,0.9893988409231,0.98392850444755,0.979209031883795,0.974286861993139,0.969383651607813,0.963439326606848,0.955879586929777,0.940809028207505,0.907064263929361,0.814161296491386,0.277002797241039
0.685069144688242,0.82414327506734,0.870704734032221,0.896385541858416,0.910995913200178,0.920552912440723,0.928136621185936,0.936749870883365,0.942688658138924,0.948519631129109,0.953234453079931,0.958990794564643,0.96619345265949,0.971636451797885,0.97740987441893,0.983488062513871,0.988348666661746,0.99291517470906,0.997158765188263,1,0.997714909986945,0.993991314204587,0.98882796599836,0.984365280129656,0.979486470709127,0.974629177457305,0.968646530244283,0.961222751474145,0.946532346908681,0.913947266658352,0.822294414032347,0.282975621095694
0.678396601533153,0.817314198600797,0.864410056142166,0.89044062170495,0.904997346925756,0.914541658267451,0.923022273758364,0.931749397380702,0.938088337821126,0.943988793278508,0.949034469845644,0.955061104891712,0.96185135115917,0.967577436013744,0.973497604762651,0.979326827791045,0.983944573490661,0.988702789190247,0.993525476648589,0.997714909986945,1,0.997456116147904,0.992998288530146,0.988756505347413,0.983625878114597,0.978900677908263,0.972993816778715,0.965547673737946,0.951415666618267,0.92000506492286,0.83024861454272,0.287393311425289
0.664613524574663,0.805199362424638,0.853258673663499,0.88091632681499,0.896532172948928,0.906365702737833,0.915143233574661,0.924012170545301,0.930969683704071,0.937418214500268,0.942968810313354,0.949708588160394,0.956850398201699,0.962644464179184,0.969144050989603,0.974894505474128,0.97982023262043,0.984463943189971,0.9893988409231,0.993991314204587,0.997456116147904,1,0.997110043165965,0.993505938247685,0.988944910003404,0.984537792379613,0.979094712109211,0.971986771706681,0.959125619281851,0.92956112616712,0.842419775150555,0.295157139310168
0.652535905873181,0.793101083570644,0.841507062473236,0.871054586057118,0.887596947381218,0.898289105475167,0.907056322630634,0.916124027407213,0.923597088179924,0.93049911774585,0.936437729347414,0.943524275822637,0.950972178050013,0.956740875398425,0.963532841544808,0.968923800950915,0.974128411682135,0.978719699416126,0.98392850444755,0.98882796599836,0.992998288530146,0.997110043165965,1,0.99726552053668,0.99343965861898,0.989307298725382,0.984266811620228,0.977658894638846,0.965751689431215,0.937259315011055,0.852200822000278,0.297953633816869
0.640431744145024,0.784074046808106,0.8325310640745,0.862241148574243,0.879052414808174,0.890184906685995,0.899156822669261,0.908535364686292,0.916368550792804,0.92394434590023,0.930238899870197,0.937692429399769,0.94552195062469,0.951350319100852,0.958455245699223,0.963710213321186,0.969223891920863,0.974067076931483,0.979209031883795,0.984365280129656,0.988756505347413,0.993505938247685,0.99726552053668,1,0.997071283662353,0.992762612231841,0.987812410536945,0.980906137480504,0.969654428734342,0.942844593257581,0.8575598484543,0.304379611441586
0.626565141571328,0.774205760970176,0.82319551958645,0.853340474236169,0.870551362790169,0.882196083317641,0.891761992666223,0.901379760058739,0.909898690256768,0.917724117577138,0.924095868762063,0.932065633323931,0.940319186556924,0.946150096677639,0.953623536082235,0.959123570452155,0.964720552377607,0.969642698067862,0.974286861993139,0.979486470709127,0.983625878114597,0.988944910003404,0.99343965861898,0.997071283662353,1,0.99641390145295,0.991438654130729,0.984618967065666,0.973652173625536,0.948133304554241,0.864088768406755,0.30724604846725
0.611889813243974,0.760285413497096,0.809137648838116,0.840729353433235,0.858770591249546,0.871647798888648,0.881875199736536,0.89187362919404,0.901287051540136,0.909202484843,0.916306139413793,0.925169620230301,0.93432745387106,0.940198051441987,0.948124335890271,0.953748918328515,0.95950179433967,0.964787959274147,0.969383651607813,0.974629177457305,0.978900677908263,0.984537792379613,0.989307298725382,0.992762612231841,0.99641390145295,1,0.99616276121445,0.989838994453329,0.979961914221482,0.95575576030719,0.875264062162331,0.313985283190742
0.594150113487768,0.744237718273136,0.79359902616819,0.826460933906439,0.845318042793428,0.858996777080435,0.869166118255662,0.879405635539897,0.889133815157194,0.897813849789853,0.905861758173523,0.915462747718347,0.925712201511874,0.932637363075128,0.941497483061125,0.947255125442247,0.953320100742872,0.958976425761514,0.963439326606848,0.968646530244283,0.972993816778715,0.979094712109211,0.984266811620228,0.987812410536945,0.991438654130729,0.99616276121445,1,0.994158680081118,0.985087100737983,0.961969650076644,0.88459347644664,0.32496079926464
0.584473155887463,0.729652307142863,0.777759659003844,0.813523246125173,0.833041460267727,0.847275567689846,0.857496399217164,0.867954135847749,0.877961775892982,0.886692202474973,0.894690409098299,0.904425705704551,0.915357038649208,0.922496605947197,0.931653242905311,0.938223479954923,0.944639553594964,0.951196022184971,0.955879586929777,0.961222751474145,0.965547673737946,0.971986771706681,0.977658894638846,0.980906137480504,0.984618967065666,0.989838994453329,0.994158680081118,1,0.991951471184866,0.970687379104487,0.898742588706083,0.339874522636672
0.556595001889852,0.701421299407522,0.750795516114324,0.787932742316068,0.80791436342771,0.8220925369547,0.832532099979356,0.844369068651429,0.855695335226253,0.864810146490488,0.873456736121979,0.884406075396417,0.896418370773853,0.904099001901784,0.914323017554068,0.921756073398786,0.928658452088794,0.936057939869896,0.940809028207505,0.946532346908681,0.951415666618267,0.959125619281851,0.965751689431215,0.969654428734342,0.973652173625536,0.979961914221482,0.985087100737983,0.991951471184866,1,0.983670038578213,0.921142803458323,0.362118983560626
0.508720969019325,0.653130625626433,0.703379993061648,0.742929125006563,0.762864627212799,0.77795699330723,0.789771859673568,0.801314337831678,0.813250318677717,0.823099112292014,0.831841117000218,0.843230520787659,0.856990789018486,0.86598892832333,0.877209905265556,0.885650971044709,0.893391468598596,0.901720776946829,0.907064263929361,0.913947266658352,0.92000506492286,0.92956112616712,0.937259315011055,0.942844593257581,0.948133304554241,0.95575576030719,0.961969650076644,0.970687379104487,0.983670038578213,1,0.950436060036065,0.383517273987588
0.406767455898781,0.534988112262929,0.589570066827653,0.628651900561847,0.651189632493511,0.665927724185997,0.676925082302056,0.690890887083874,0.704596154244013,0.71506462993979,0.724747488453759,0.738107097395443,0.754009704015542,0.764640351821045,0.776251412220778,0.787480598335722,0.796874925338341,0.807702092471546,0.814161296491386,0.822294414032347,0.83024861454272,0.842419775150555,0.852200822000278,0.8575598484543,0.864088768406755,0.875264062162331,0.88459347644664,0.898742588706083,0.921142803458323,0.950436060036065,1,0.456386303014616
0.0870377287908151,0.121940163459116,0.160129503455683,0.180052983611142,0.192165162454069,0.200957848591159,0.199140636915567,0.208817473969043,0.215355769155855,0.220631933472987,0.229204982910164,0.232642398021266,0.241114548427618,0.245857175892038,0.252638539393559,0.260825039361867,0.265947616501191,0.273615127332428,0.277002797241039,0.282975621095694,0.287393311425289,0.295157139310168,0.297953633816869,0.304379611441586,0.30724604846725,0.313985283190742,0.32496079926464,0.339874522636672,0.362118983560626,0.383517273987588,0.456386303014616,1
