1,0.714791774689964,0.654517430961384,0.636011854183842,0.61831511543774,0.61094173664726,0.599676286842264,0.595720278638659,0.584769421095502,0.571850058874519,0.565255702568818,0.560081148300749,0.553395781336231,0.552078612150107,0.547396775187943,0.543535405141056,0.542476280018219,0.53917219862104,0.533193199348642,0.527234074483438,0.524656604790661,0.518101146427787,0.511252732975722,0.504977334629046,0.500895024334645,0.489388746442867,0.474270614905824,0.451501889301365,0.435626131641401,0.39322161060048,0.253137129894982,-0.116936344567017
0.714791774689964,1,0.960538876308561,0.944115140324208,0.931491831332837,0.923191586089239,0.916261354238549,0.909631525075653,0.901399538349166,0.893242403382036,0.886990310814357,0.88320244739266,0.879105605553531,0.876064028652296,0.873736682769969,0.869168410193621,0.862819012636221,0.85565949901755,0.852352765481275,0.845051897860251,0.839950263610722,0.832867231753763,0.823959016220914,0.814992920437553,0.811036084573841,0.802804233869898,0.786329332198908,0.767010716375826,0.743853481859447,0.6955679720112,0.523978042399575,0.0047078566683694
0.654517430961384,0.960538876308561,1,0.986316839582053,0.976888551800498,0.968058688238028,0.962841206285273,0.956792512262021,0.950071756263901,0.944985147420663,0.940366864539452,0.937650164018211,0.934204174054034,0.931008705948214,0.928235378724584,0.923722757578565,0.917977468895714,0.912260838033467,0.909058896453073,0.902672669099434,0.896466765475331,0.890779994197797,0.883627348405099,0.876607992017521,0.871755231710941,0.865026019849331,0.850071618988168,0.832407390061425,0.807995994720908,0.757845541882845,0.567411176302705,0.0259430087298012
0.636011854183842,0.944115140324208,0.986316839582053,1,0.990879434164764,0.982325605081428,0.977105688366888,0.971431074580113,0.965505865195771,0.961126083184153,0.956803888934534,0.953479312638118,0.949939681587856,0.946344912827072,0.943562674093196,0.939749152433117,0.934376927161016,0.929274747553816,0.926008685733599,0.920044956620974,0.914740122535774,0.909007389103327,0.901582862284874,0.894622855766394,0.889407694506713,0.883473677407259,0.868689680977115,0.851582613266763,0.828419742211309,0.78070589376985,0.592597393811791,0.034295391786034
0.61831511543774,0.931491831332837,0.976888551800498,0.990879434164764,1,0.992817140061918,0.98834222933169,0.983887024358785,0.978429285003657,0.974132339850932,0.970414178976719,0.966846552357202,0.96301232444894,0.959651383368953,0.957010020022263,0.95320728856495,0.948433159208311,0.94383880844597,0.941136641502856,0.935965375372475,0.93146693294795,0.925933695195065,0.920529575421982,0.913947779037696,0.909374113583913,0.902974317487136,0.888672689829675,0.871094617781691,0.849354842414463,0.801652080502626,0.611070298041947,0.0437974386900658
0.61094173664726,0.923191586089239,0.968058688238028,0.982325605081428,0.992817140061918,1,0.994989914123659,0.990248991948469,0.985108161920294,0.980713147577665,0.97766121668197,0.974041566157416,0.970398971886996,0.966507311034216,0.963462559151203,0.959980614921126,0.954913640120203,0.95049463389747,0.947355461345226,0.94226577298724,0.937479487672347,0.932177132530652,0.927814091764392,0.922155624096495,0.918281975712437,0.912300803471265,0.898376604619419,0.88078134782743,0.859381315883044,0.811273753699289,0.618815924336146,0.0496550542129966
0.599676286842264,0.916261354238549,0.962841206285273,0.977105688366888,0.98834222933169,0.994989914123659,1,0.995529005060833,0.990516938029764,0.986120773098591,0.982806763019163,0.979312904072378,0.975299817796302,0.971819485057578,0.968836808152077,0.9651259723304,0.960151464204991,0.955475844323018,0.951931881368793,0.947370550420423,0.942674837409336,0.937264805569094,0.933585304055051,0.928386743015415,0.924573837698182,0.918277736888244,0.905516040248599,0.88823235961059,0.868367740859857,0.820547259099358,0.627604461416171,0.0542266257401096
0.595720278638659,0.909631525075653,0.956792512262021,0.971431074580113,0.983887024358785,0.990248991948469,0.995529005060833,1,0.995965384660032,0.991529855563275,0.987729855564137,0.984085847931495,0.980116847258797,0.976955220640629,0.973634410421361,0.969903170859188,0.965329086635568,0.960572656506085,0.95690390447129,0.952605757814593,0.947747987353719,0.942606768365784,0.938924883107043,0.934204371367984,0.930587288726639,0.924771833017719,0.912291051480884,0.896066759059426,0.876531753265213,0.830496936027338,0.636611982082751,0.0555377860577109
0.584769421095502,0.901399538349166,0.950071756263901,0.965505865195771,0.978429285003657,0.985108161920294,0.990516938029764,0.995965384660032,1,0.99676736230667,0.993014116488647,0.989192659209715,0.98515330383389,0.98160010520971,0.977658176820563,0.973336402762865,0.968338535697235,0.963629866867405,0.959870661336857,0.955552530410178,0.95073374405303,0.945592339685774,0.942043183938031,0.93775853160774,0.934571118871073,0.929147079472346,0.917480812428207,0.901962918060759,0.882524663002669,0.836570587434156,0.641860156493641,0.062670788528781
0.571850058874519,0.893242403382036,0.944985147420663,0.961126083184153,0.974132339850932,0.980713147577665,0.986120773098591,0.991529855563275,0.99676736230667,1,0.996892607436616,0.992909215282397,0.988756588623689,0.985125414958092,0.981023751191998,0.976236610102336,0.97070194964226,0.965721469159785,0.961269867716269,0.957201244033089,0.952351660153676,0.947258709877799,0.94421570542389,0.940204137272844,0.937339208949216,0.932281827353765,0.921153673237348,0.905593147332179,0.886733170753988,0.840735353975254,0.645805470871698,0.0643626194123244
0.565255702568818,0.886990310814357,0.940366864539452,0.956803888934534,0.970414178976719,0.97766121668197,0.982806763019163,0.987729855564137,0.993014116488647,0.996892607436616,1,0.997091303483715,0.993243956203297,0.989375727222261,0.984803325508008,0.979363104742185,0.97322610326334,0.968210257818995,0.963421946111892,0.959409318906638,0.954430745363349,0.949446078289565,0.946512809871423,0.942396729852128,0.939904426611478,0.934897661752879,0.923839810026482,0.908395956238371,0.889556296098194,0.844322454983317,0.64908236654248,0.0678510964814504
0.560081148300749,0.88320244739266,0.937650164018211,0.953479312638118,0.966846552357202,0.974041566157416,0.979312904072378,0.984085847931495,0.989192659209715,0.992909215282397,0.997091303483715,1,0.997000897611451,0.99308924472872,0.988382830807367,0.982611729505313,0.976104965993186,0.970800293548088,0.965598933181055,0.961547644135407,0.956959716401304,0.951928006300762,0.948865386967675,0.944834459070426,0.942459665849403,0.93758643587302,0.927199666925027,0.91171001605361,0.892834226815625,0.848287921517401,0.655145459512448,0.065480888139177
0.553395781336231,0.879105605553531,0.934204174054034,0.949939681587856,0.96301232444894,0.970398971886996,0.975299817796302,0.980116847258797,0.98515330383389,0.988756588623689,0.993243956203297,0.997000897611451,1,0.997055812850574,0.992647874287088,0.987120739627865,0.980569884062687,0.975020135745682,0.969775701378203,0.965934083951938,0.960984023543095,0.956147873092975,0.952651095171464,0.948553466323414,0.946157173073095,0.941889715162942,0.931214150586679,0.915721124263052,0.896161518090518,0.853009195755855,0.662144225283297,0.0618876518203188
0.552078612150107,0.876064028652296,0.931008705948214,0.946344912827072,0.959651383368953,0.966507311034216,0.971819485057578,0.976955220640629,0.98160010520971,0.985125414958092,0.989375727222261,0.99308924472872,0.997055812850574,1,0.996881493667407,0.991901604152573,0.985999956785517,0.981025533275103,0.975332057238599,0.971522116720197,0.966671395625587,0.962012499043896,0.958518145214999,0.954339975106641,0.951467041134383,0.946897659317987,0.935975409772178,0.92043489030994,0.90171231063486,0.859085385054507,0.667583614134792,0.0605396556434003
0.547396775187943,0.873736682769969,0.928235378724584,0.943562674093196,0.957010020022263,0.963462559151203,0.968836808152077,0.973634410421361,0.977658176820563,0.981023751191998,0.984803325508008,0.988382830807367,0.992647874287088,0.996881493667407,1,0.996741836087514,0.991585466674051,0.98677643067608,0.98101766689335,0.977078602692343,0.972491117932224,0.967719815974528,0.964120396837674,0.959668023101228,0.956441465797908,0.952096786887855,0.941233373543479,0.925994396311598,0.907162870053027,0.8650478989279,0.673437626834357,0.0633987642500872
0.543535405141056,0.869168410193621,0.923722757578565,0.939749152433117,0.95320728856495,0.959980614921126,0.9651259723304,0.969903170859188,0.973336402762865,0.976236610102336,0.979363104742185,0.982611729505313,0.987120739627865,0.991901604152573,0.996741836087514,1,0.99668471913576,0.992274739497443,0.986848777663836,0.982975587786657,0.978481811644449,0.973587866134902,0.969773205788346,0.965054576868935,0.961605042570016,0.957173387120824,0.946434330263414,0.931960601812779,0.914370965536393,0.87147086126155,0.680731662218279,0.0660198649093297
0.542476280018219,0.862819012636221,0.917977468895714,0.934376927161016,0.948433159208311,0.954913640120203,0.960151464204991,0.965329086635568,0.968338535697235,0.97070194964226,0.97322610326334,0.976104965993186,0.980569884062687,0.985999956785517,0.991585466674051,0.99668471913576,1,0.997024878395897,0.992326134958626,0.988404015105494,0.983932387419554,0.978883427726131,0.975056578242324,0.970215029385182,0.966232004498673,0.96169376764554,0.951281118264596,0.937382496904094,0.921212320526442,0.878165250855416,0.68708997638647,0.0733823704342418
0.53917219862104,0.85565949901755,0.912260838033467,0.929274747553816,0.94383880844597,0.95049463389747,0.955475844323018,0.960572656506085,0.963629866867405,0.965721469159785,0.968210257818995,0.970800293548088,0.975020135745682,0.981025533275103,0.98677643067608,0.992274739497443,0.997024878395897,1,0.996838481968406,0.992948659644378,0.988789886323654,0.984002225578009,0.979937446913589,0.974776901088007,0.970691816900541,0.965910973489857,0.956097688213958,0.943241492079585,0.928266395655566,0.885728717620289,0.695666408197369,0.0776851264376605
0.533193199348642,0.852352765481275,0.909058896453073,0.926008685733599,0.941136641502856,0.947355461345226,0.951931881368793,0.95690390447129,0.959870661336857,0.961269867716269,0.963421946111892,0.965598933181055,0.969775701378203,0.975332057238599,0.98101766689335,0.986848777663836,0.992326134958626,0.996838481968406,1,0.997058562033578,0.993256373638675,0.988820790816328,0.984308066726619,0.979341162728394,0.975135657393697,0.970372558644417,0.961186005519729,0.94871429209452,0.933480731284871,0.892849492251754,0.703492918522994,0.0865175231477107
0.527234074483438,0.845051897860251,0.902672669099434,0.920044956620974,0.935965375372475,0.94226577298724,0.947370550420423,0.952605757814593,0.955552530410178,0.957201244033089,0.959409318906638,0.961547644135407,0.965934083951938,0.971522116720197,0.977078602692343,0.982975587786657,0.988404015105494,0.992948659644378,0.997058562033578,1,0.996919968147112,0.992773943910145,0.98821094654333,0.983575370291363,0.979294857739404,0.97416836086989,0.965472161907861,0.95275284803753,0.937697763419434,0.897708062641533,0.710595210130553,0.090723427372734
0.524656604790661,0.839950263610722,0.896466765475331,0.914740122535774,0.93146693294795,0.937479487672347,0.942674837409336,0.947747987353719,0.95073374405303,0.952351660153676,0.954430745363349,0.956959716401304,0.960984023543095,0.966671395625587,0.972491117932224,0.978481811644449,0.983932387419554,0.988789886323654,0.993256373638675,0.996919968147112,1,0.996824405359807,0.992671188984001,0.98810403938429,0.983602337934036,0.978519234449551,0.970304796722271,0.957895328029328,0.942236809124828,0.903873057574139,0.719751674102154,0.0920624474145458
0.518101146427787,0.832867231753763,0.890779994197797,0.909007389103327,0.925933695195065,0.932177132530652,0.937264805569094,0.942606768365784,0.945592339685774,0.947258709877799,0.949446078289565,0.951928006300762,0.956147873092975,0.962012499043896,0.967719815974528,0.973587866134902,0.978883427726131,0.984002225578009,0.988820790816328,0.992773943910145,0.996824405359807,1,0.996561393330094,0.991880711455944,0.986979590606975,0.981888096321382,0.973474732322725,0.960408867079975,0.944471512555841,0.907992062845159,0.7215836763631,0.0866874280543359
0.511252732975722,0.823959016220914,0.883627348405099,0.901582862284874,0.920529575421982,0.927814091764392,0.933585304055051,0.938924883107043,0.942043183938031,0.94421570542389,0.946512809871423,0.948865386967675,0.952651095171464,0.958518145214999,0.964120396837674,0.969773205788346,0.975056578242324,0.979937446913589,0.984308066726619,0.98821094654333,0.992671188984001,0.996561393330094,1,0.996194317230749,0.99142832101089,0.986689219408989,0.979177143252897,0.966129609896826,0.95027601479086,0.912770726116511,0.725798208307712,0.087924907337691
0.504977334629046,0.814992920437553,0.876607992017521,0.894622855766394,0.913947779037696,0.922155624096495,0.928386743015415,0.934204371367984,0.93775853160774,0.940204137272844,0.942396729852128,0.944834459070426,0.948553466323414,0.954339975106641,0.959668023101228,0.965054576868935,0.970215029385182,0.974776901088007,0.979341162728394,0.983575370291363,0.98810403938429,0.991880711455944,0.996194317230749,1,0.996001352266546,0.991714249566242,0.985296544839129,0.972918386138176,0.958051890606315,0.921776278110843,0.736985520542452,0.0982494146966113
0.500895024334645,0.811036084573841,0.871755231710941,0.889407694506713,0.909374113583913,0.918281975712437,0.924573837698182,0.930587288726639,0.934571118871073,0.937339208949216,0.939904426611478,0.942459665849403,0.946157173073095,0.951467041134383,0.956441465797908,0.961605042570016,0.966232004498673,0.970691816900541,0.975135657393697,0.979294857739404,0.983602337934036,0.986979590606975,0.99142832101089,0.996001352266546,1,0.995640444867967,0.989773556436923,0.977366577646308,0.963793529343151,0.928760078552259,0.749097756292213,0.10317192617464
0.489388746442867,0.802804233869898,0.865026019849331,0.883473677407259,0.902974317487136,0.912300803471265,0.918277736888244,0.924771833017719,0.929147079472346,0.932281827353765,0.934897661752879,0.93758643587302,0.941889715162942,0.946897659317987,0.952096786887855,0.957173387120824,0.96169376764554,0.965910973489857,0.970372558644417,0.97416836086989,0.978519234449551,0.981888096321382,0.986689219408989,0.991714249566242,0.995640444867967,1,0.99414980864078,0.982459877111913,0.96885441992037,0.933354295852392,0.755003343319988,0.109185887597011
0.474270614905824,0.786329332198908,0.850071618988168,0.868689680977115,0.888672689829675,0.898376604619419,0.905516040248599,0.912291051480884,0.917480812428207,0.921153673237348,0.923839810026482,0.927199666925027,0.931214150586679,0.935975409772178,0.941233373543479,0.946434330263414,0.951281118264596,0.956097688213958,0.961186005519729,0.965472161907861,0.970304796722271,0.973474732322725,0.979177143252897,0.985296544839129,0.989773556436923,0.99414980864078,1,0.989855084352338,0.976818281888885,0.943421772278467,0.770279683953289,0.120520787916218
0.451501889301365,0.767010716375826,0.832407390061425,0.851582613266763,0.871094617781691,0.88078134782743,0.88823235961059,0.896066759059426,0.901962918060759,0.905593147332179,0.908395956238371,0.91171001605361,0.915721124263052,0.92043489030994,0.925994396311598,0.931960601812779,0.937382496904094,0.943241492079585,0.94871429209452,0.95275284803753,0.957895328029328,0.960408867079975,0.966129609896826,0.972918386138176,0.977366577646308,0.982459877111913,0.989855084352338,1,0.989060796059578,0.960995158902358,0.805260311722471,0.148650044861101
0.435626131641401,0.743853481859447,0.807995994720908,0.828419742211309,0.849354842414463,0.859381315883044,0.868367740859857,0.876531753265213,0.882524663002669,0.886733170753988,0.889556296098194,0.892834226815625,0.896161518090518,0.90171231063486,0.907162870053027,0.914370965536393,0.921212320526442,0.928266395655566,0.933480731284871,0.937697763419434,0.942236809124828,0.944471512555841,0.95027601479086,0.958051890606315,0.963793529343151,0.96885441992037,0.976818281888885,0.989060796059578,1,0.971881685163604,0.827004016574615,0.167777360123176
0.39322161060048,0.6955679720112,0.757845541882845,0.78070589376985,0.801652080502626,0.811273753699289,0.820547259099358,0.830496936027338,0.836570587434156,0.840735353975254,0.844322454983317,0.848287921517401,0.853009195755855,0.859085385054507,0.8650478989279,0.87147086126155,0.878165250855416,0.885728717620289,0.892849492251754,0.897708062641533,0.903873057574139,0.907992062845159,0.912770726116511,0.921776278110843,0.928760078552259,0.933354295852392,0.943421772278467,0.960995158902358,0.971881685163604,1,0.87459650294266,0.211052424690551
0.253137129894982,0.523978042399575,0.567411176302705,0.592597393811791,0.611070298041947,0.618815924336146,0.627604461416171,0.636611982082751,0.641860156493641,0.645805470871698,0.64908236654248,0.655145459512448,0.662144225283297,0.667583614134792,0.673437626834357,0.680731662218279,0.68708997638647,0.695666408197369,0.703492918522994,0.710595210130553,0.719751674102154,0.7215836763631,0.725798208307712,0.736985520542452,0.749097756292213,0.755003343319988,0.770279683953289,0.805260311722471,0.827004016574615,0.87459650294266,1,0.349441138083286
-0.116936344567017,0.0047078566683694,0.0259430087298012,0.034295391786034,0.0437974386900658,0.0496550542129966,0.0542266257401096,0.0555377860577109,0.062670788528781,0.0643626194123244,0.0678510964814504,0.065480888139177,0.0618876518203188,0.0605396556434003,0.0633987642500872,0.0660198649093297,0.0733823704342418,0.0776851264376605,0.0865175231477107,0.090723427372734,0.0920624474145458,0.0866874280543359,0.087924907337691,0.0982494146966113,0.10317192617464,0.109185887597011,0.120520787916218,0.148650044861101,0.167777360123176,0.211052424690551,0.349441138083286,1
