1,0.875452526103063,0.840675944766319,0.813466512393182,0.802172700806621,0.792499087308913,0.784248482815363,0.773463837735561,0.76174336981071,0.750667961129854,0.742669056373735,0.734484225939207,0.727289036559111,0.71983040718141,0.712795785286989,0.704152548501901,0.698900308233996,0.69133575547737,0.682143977319294,0.675685727089059,0.666001509026905,0.657627542520423,0.646786290860905,0.634440999501615,0.618633919256133,0.603266519013887,0.586185613737384,0.56670889701543,0.529013247776843,0.470105279229969,0.237422044082633,-0.0995785122337379
0.875452526103063,1,0.982322852659892,0.968261544230773,0.960257612476887,0.953022164323968,0.947162109749089,0.939390418482982,0.932308570876092,0.924766023678434,0.918407254281126,0.911765133848424,0.905544849667878,0.899048993453439,0.893610878528445,0.888363880970205,0.883953518642993,0.878872041921739,0.871323741337428,0.865066526291505,0.857409802753584,0.850285588165479,0.839099537425154,0.826560956947425,0.812919938661298,0.797490723651317,0.782151125818649,0.761875543751623,0.727199593417556,0.663483881247455,0.407448931700483,0.00792807816974141
0.840675944766319,0.982322852659892,1,0.99103479287768,0.985196389181057,0.980104603884907,0.975783053268571,0.970446719648216,0.965368341918075,0.95909649221998,0.953998418863311,0.948995309302857,0.944057114327444,0.93877546184567,0.933497080797141,0.928353340328236,0.92363433140669,0.918941625196747,0.912648493038829,0.907611054173181,0.901323964046736,0.894753201839711,0.88477447990255,0.873110483106922,0.860524584152383,0.845938296469986,0.832748666934025,0.814119098751502,0.781413736536872,0.717614793087952,0.456283468053677,0.0311025773475518
0.813466512393182,0.968261544230773,0.99103479287768,1,0.994904845589229,0.990733218918659,0.986916210635901,0.983126473964886,0.979583658420898,0.975009950043403,0.97108510615573,0.966826850246773,0.962806742085483,0.958146584847244,0.953805712097817,0.949164037923024,0.945081649242158,0.940888002984784,0.935009297517614,0.930187442235107,0.924420720199453,0.918169569701747,0.909165555469244,0.898958250251721,0.887333461043968,0.873729516835855,0.862088452641412,0.845057040656483,0.814400430250242,0.754609748055418,0.496976550930352,0.0555781598957242
0.802172700806621,0.960257612476887,0.985196389181057,0.994904845589229,1,0.996049909429585,0.992781196347412,0.989561392090491,0.986528417721222,0.982155338352472,0.978274028029963,0.973818748381286,0.969749842181629,0.9651031663765,0.960940484811338,0.956491915443125,0.952482472351939,0.948409770289833,0.942798954101901,0.938016045499744,0.932317824695886,0.92643447077825,0.918071558667402,0.908559153863624,0.897691199280359,0.885171168270401,0.87364046342648,0.857252974765349,0.827897477168626,0.768702654360157,0.508783266781168,0.0611317986423826
0.792499087308913,0.953022164323968,0.980104603884907,0.990733218918659,0.996049909429585,1,0.997028780415275,0.994015685529503,0.991149796708708,0.987153537912482,0.983546998557516,0.979211340153166,0.975473515316712,0.970846733453096,0.966759555136808,0.962153031892911,0.957713328548324,0.95351578816878,0.94790859901632,0.943100911191156,0.937330856072908,0.931635422826049,0.923335157532676,0.913888429647072,0.903309911656607,0.890837373923671,0.880242011489211,0.864726884078304,0.836362942977722,0.777734750237201,0.518380545378581,0.0725757318913395
0.784248482815363,0.947162109749089,0.975783053268571,0.986916210635901,0.992781196347412,0.997028780415275,1,0.997675871293534,0.994992543217932,0.991289424486768,0.987909983312724,0.984030153897312,0.980644908785073,0.976269929720379,0.972389350335607,0.96814804195026,0.963980470835084,0.959938202994086,0.954655406732964,0.949889367384393,0.944293032693511,0.938689588904571,0.930656806690416,0.921910996447551,0.911924917099564,0.900261536280336,0.890223449997568,0.875810560288888,0.848187839793505,0.789877712638148,0.530907893612485,0.0819975119174429
0.773463837735561,0.939390418482982,0.970446719648216,0.983126473964886,0.989561392090491,0.994015685529503,0.997675871293534,1,0.997993927482242,0.994738951440649,0.991809468486414,0.98814911596121,0.985077417245473,0.980974258599023,0.976991611726397,0.972958308294866,0.968818679755964,0.964826492700588,0.959769508367519,0.955141576166163,0.949620073820072,0.944186226901518,0.936555667248204,0.928182935885947,0.91874908900413,0.907943600478396,0.898583441053628,0.884801771101833,0.858727288778266,0.801883989722454,0.544808682343549,0.0973279516786702
0.76174336981071,0.932308570876092,0.965368341918075,0.979583658420898,0.986528417721222,0.991149796708708,0.994992543217932,0.997993927482242,1,0.997819692093225,0.995329404356123,0.992193935364833,0.989368055781996,0.985353239542105,0.981587535223183,0.9774146039276,0.973313722589328,0.969268842580479,0.964489098359078,0.960097169314051,0.954879746446028,0.949808289751498,0.942846092233207,0.934798907370136,0.925953154200854,0.915603132130884,0.906559628936359,0.893748240185645,0.868612978969811,0.812962442224005,0.557536953676885,0.109868578739289
0.750667961129854,0.924766023678434,0.95909649221998,0.975009950043403,0.982155338352472,0.987153537912482,0.991289424486768,0.994738951440649,0.997819692093225,1,0.998350860190456,0.995799165545492,0.993282702213349,0.989591418011541,0.986175162160674,0.982256023435565,0.978323987642506,0.97433711035588,0.969676621296983,0.965370690105809,0.96028155865143,0.955154802134617,0.948689260595639,0.940935572339884,0.932658472709102,0.922742864327779,0.914226008262191,0.902597349077112,0.878691428180301,0.824157988440665,0.569243849649609,0.119970900792544
0.742669056373735,0.918407254281126,0.953998418863311,0.97108510615573,0.978274028029963,0.983546998557516,0.987909983312724,0.991809468486414,0.995329404356123,0.998350860190456,1,0.998150945064551,0.995868211696438,0.992528682827922,0.9894037936942,0.985714922099827,0.98185095036761,0.977927971700975,0.97357611727767,0.969414558385142,0.964392279039495,0.959344729087586,0.95314547249686,0.945760251447332,0.937731678576634,0.928138504653325,0.920157079680217,0.909082750691466,0.886158273026124,0.832625890652164,0.580452720093124,0.12719640227049
0.734484225939207,0.911765133848424,0.948995309302857,0.966826850246773,0.973818748381286,0.979211340153166,0.984030153897312,0.98814911596121,0.992193935364833,0.995799165545492,0.998150945064551,1,0.998423360873012,0.995868447983283,0.993055482317602,0.989620496244102,0.985823177706213,0.982056469996453,0.978003968963063,0.974147420011066,0.969407074485419,0.964468711478943,0.958645111872635,0.951740173863315,0.944157082198063,0.935290860421812,0.927594055812519,0.917563787762126,0.895199249282295,0.842729290274419,0.592296574397545,0.139459178128305
0.727289036559111,0.905544849667878,0.944057114327444,0.962806742085483,0.969749842181629,0.975473515316712,0.980644908785073,0.985077417245473,0.989368055781996,0.993282702213349,0.995868211696438,0.998423360873012,1,0.998235523696678,0.995843944971733,0.992625967445662,0.989228409821238,0.985569166748536,0.981530374908548,0.977790971816891,0.973293805939763,0.968448657661524,0.962792932352983,0.956439640137928,0.949253143276455,0.940740279808807,0.93332024652141,0.923655503281385,0.901897523045252,0.850853986247837,0.602091877547308,0.149211001767192
0.71983040718141,0.899048993453439,0.93877546184567,0.958146584847244,0.9651031663765,0.970846733453096,0.976269929720379,0.980974258599023,0.985353239542105,0.989591418011541,0.992528682827922,0.995868447983283,0.998235523696678,1,0.998471475455236,0.995820325142478,0.992568942894721,0.989103922486715,0.985325249568441,0.981878303866667,0.977519336014065,0.972978619575901,0.967595075639581,0.961632272543276,0.954702634914886,0.946689977520343,0.939415450883941,0.929956420332722,0.909049567863536,0.85912469411292,0.611498042816062,0.156552275487352
0.712795785286989,0.893610878528445,0.933497080797141,0.953805712097817,0.960940484811338,0.966759555136808,0.972389350335607,0.976991611726397,0.981587535223183,0.986175162160674,0.9894037936942,0.993055482317602,0.995843944971733,0.998471475455236,1,0.998410243683262,0.995698457742535,0.992613139419764,0.98900562310326,0.985673302253857,0.981336792403205,0.977025091531783,0.971593494155308,0.965771704537624,0.959077578569175,0.951359115344712,0.944322783169199,0.935158483783441,0.91473616857702,0.865225346763577,0.618013679822233,0.162029881760251
0.704152548501901,0.888363880970205,0.928353340328236,0.949164037923024,0.956491915443125,0.962153031892911,0.96814804195026,0.972958308294866,0.9774146039276,0.982256023435565,0.985714922099827,0.989620496244102,0.992625967445662,0.995820325142478,0.998410243683262,1,0.998358398303802,0.995745687530407,0.992604981024422,0.989488731365576,0.98525467759152,0.981066411428576,0.975900654106789,0.970381896886623,0.96401474473529,0.956888528631808,0.950169204096059,0.941319428354999,0.921334803643084,0.872680292053319,0.62699376269796,0.169351673324567
0.698900308233996,0.883953518642993,0.92363433140669,0.945081649242158,0.952482472351939,0.957713328548324,0.963980470835084,0.968818679755964,0.973313722589328,0.978323987642506,0.98185095036761,0.985823177706213,0.989228409821238,0.992568942894721,0.995698457742535,0.998358398303802,1,0.998338548962559,0.995747149914702,0.992762049480525,0.988816323602134,0.985111628256484,0.980302254722098,0.9751569813319,0.969368194913971,0.962559126327559,0.956025856436291,0.947335869305413,0.927694065346229,0.879859875415965,0.636384293734472,0.175503572907448
0.69133575547737,0.878872041921739,0.918941625196747,0.940888002984784,0.948409770289833,0.95351578816878,0.959938202994086,0.964826492700588,0.969268842580479,0.97433711035588,0.977927971700975,0.982056469996453,0.985569166748536,0.989103922486715,0.992613139419764,0.995745687530407,0.998338548962559,1,0.998338837603403,0.995737300793007,0.99226535570845,0.988884478818039,0.984404200470675,0.979726877542074,0.974205120970706,0.968111390326123,0.961905832610037,0.953372765972598,0.934501550240905,0.88774786544586,0.648445380049223,0.187876263462187
0.682143977319294,0.871323741337428,0.912648493038829,0.935009297517614,0.942798954101901,0.94790859901632,0.954655406732964,0.959769508367519,0.964489098359078,0.969676621296983,0.97357611727767,0.978003968963063,0.981530374908548,0.985325249568441,0.98900562310326,0.992604981024422,0.995747149914702,0.998338837603403,1,0.998350815731161,0.995642887506764,0.992767389698292,0.988686525318622,0.984353334560528,0.97896432610103,0.973128579500576,0.967223423693811,0.958834470496207,0.940642338962491,0.894610414076206,0.657802550397509,0.195741701403189
0.675685727089059,0.865066526291505,0.907611054173181,0.930187442235107,0.938016045499744,0.943100911191156,0.949889367384393,0.955141576166163,0.960097169314051,0.965370690105809,0.969414558385142,0.974147420011066,0.977790971816891,0.981878303866667,0.985673302253857,0.989488731365576,0.992762049480525,0.995737300793007,0.998350815731161,1,0.998201912826601,0.995672698633346,0.9919739638774,0.988023414127964,0.98293888374168,0.977273044499296,0.971343882119853,0.962994009635583,0.945227051813668,0.899767670581524,0.663658551232482,0.200040389532754
0.666001509026905,0.857409802753584,0.901323964046736,0.924420720199453,0.932317824695886,0.937330856072908,0.944293032693511,0.949620073820072,0.954879746446028,0.96028155865143,0.964392279039495,0.969407074485419,0.973293805939763,0.977519336014065,0.981336792403205,0.98525467759152,0.988816323602134,0.99226535570845,0.995642887506764,0.998201912826601,1,0.998258161125618,0.995249636477201,0.991721697088973,0.987123503620706,0.981685183188329,0.975872962291343,0.96757753113764,0.950444284063272,0.90640027194854,0.675063431460531,0.211694101210713
0.657627542520423,0.850285588165479,0.894753201839711,0.918169569701747,0.92643447077825,0.931635422826049,0.938689588904571,0.944186226901518,0.949808289751498,0.955154802134617,0.959344729087586,0.964468711478943,0.968448657661524,0.972978619575901,0.977025091531783,0.981066411428576,0.985111628256484,0.988884478818039,0.992767389698292,0.995672698633346,0.998258161125618,1,0.99809446061718,0.995121644775787,0.990997904849383,0.985853574009419,0.979924344489603,0.971487413227131,0.954965278713564,0.912500559994193,0.68526725534463,0.221127548271816
0.646786290860905,0.839099537425154,0.88477447990255,0.909165555469244,0.918071558667402,0.923335157532676,0.930656806690416,0.936555667248204,0.942846092233207,0.948689260595639,0.95314547249686,0.958645111872635,0.962792932352983,0.967595075639581,0.971593494155308,0.975900654106789,0.980302254722098,0.984404200470675,0.988686525318622,0.9919739638774,0.995249636477201,0.99809446061718,1,0.997806624484322,0.994401579569541,0.990065105745205,0.98446758092271,0.976140498016169,0.960419476924755,0.920377002769514,0.698728303643483,0.233131544507191
0.634440999501615,0.826560956947425,0.873110483106922,0.898958250251721,0.908559153863624,0.913888429647072,0.921910996447551,0.928182935885947,0.934798907370136,0.940935572339884,0.945760251447332,0.951740173863315,0.956439640137928,0.961632272543276,0.965771704537624,0.970381896886623,0.9751569813319,0.979726877542074,0.984353334560528,0.988023414127964,0.991721697088973,0.995121644775787,0.997806624484322,1,0.997703328164666,0.994108014978828,0.989216831505434,0.981662820937848,0.967259794780763,0.928892415079833,0.71164753381815,0.246863210642402
0.618633919256133,0.812919938661298,0.860524584152383,0.887333461043968,0.897691199280359,0.903309911656607,0.911924917099564,0.91874908900413,0.925953154200854,0.932658472709102,0.937731678576634,0.944157082198063,0.949253143276455,0.954702634914886,0.959077578569175,0.96401474473529,0.969368194913971,0.974205120970706,0.97896432610103,0.98293888374168,0.987123503620706,0.990997904849383,0.994401579569541,0.997703328164666,1,0.997388625228423,0.993228526842888,0.986602278399933,0.974043039938453,0.938522507973961,0.727790357739292,0.262691132143731
0.603266519013887,0.797490723651317,0.845938296469986,0.873729516835855,0.885171168270401,0.890837373923671,0.900261536280336,0.907943600478396,0.915603132130884,0.922742864327779,0.928138504653325,0.935290860421812,0.940740279808807,0.946689977520343,0.951359115344712,0.956888528631808,0.962559126327559,0.968111390326123,0.973128579500576,0.977273044499296,0.981685183188329,0.985853574009419,0.990065105745205,0.994108014978828,0.997388625228423,1,0.996881322156658,0.991499001372245,0.980725261537937,0.947797724597765,0.740883522447434,0.277782488906144
0.586185613737384,0.782151125818649,0.832748666934025,0.862088452641412,0.87364046342648,0.880242011489211,0.890223449997568,0.898583441053628,0.906559628936359,0.914226008262191,0.920157079680217,0.927594055812519,0.93332024652141,0.939415450883941,0.944322783169199,0.950169204096059,0.956025856436291,0.961905832610037,0.967223423693811,0.971343882119853,0.975872962291343,0.979924344489603,0.98446758092271,0.989216831505434,0.993228526842888,0.996881322156658,1,0.995819880717905,0.986542147999703,0.95671102225939,0.757521561988759,0.295039103598713
0.56670889701543,0.761875543751623,0.814119098751502,0.845057040656483,0.857252974765349,0.864726884078304,0.875810560288888,0.884801771101833,0.893748240185645,0.902597349077112,0.909082750691466,0.917563787762126,0.923655503281385,0.929956420332722,0.935158483783441,0.941319428354999,0.947335869305413,0.953372765972598,0.958834470496207,0.962994009635583,0.96757753113764,0.971487413227131,0.976140498016169,0.981662820937848,0.986602278399933,0.991499001372245,0.995819880717905,1,0.992578019707964,0.967263691734417,0.777154120993713,0.316440953233527
0.529013247776843,0.727199593417556,0.781413736536872,0.814400430250242,0.827897477168626,0.836362942977722,0.848187839793505,0.858727288778266,0.868612978969811,0.878691428180301,0.886158273026124,0.895199249282295,0.901897523045252,0.909049567863536,0.91473616857702,0.921334803643084,0.927694065346229,0.934501550240905,0.940642338962491,0.945227051813668,0.950444284063272,0.954965278713564,0.960419476924755,0.967259794780763,0.974043039938453,0.980725261537937,0.986542147999703,0.992578019707964,1,0.982673424172708,0.815561460664633,0.354412241418463
0.470105279229969,0.663483881247455,0.717614793087952,0.754609748055418,0.768702654360157,0.777734750237201,0.789877712638148,0.801883989722454,0.812962442224005,0.824157988440665,0.832625890652164,0.842729290274419,0.850853986247837,0.85912469411292,0.865225346763577,0.872680292053319,0.879859875415965,0.88774786544586,0.894610414076206,0.899767670581524,0.90640027194854,0.912500559994193,0.920377002769514,0.928892415079833,0.938522507973961,0.947797724597765,0.95671102225939,0.967263691734417,0.982673424172708,1,0.883037073183973,0.432335169732624
0.237422044082633,0.407448931700483,0.456283468053677,0.496976550930352,0.508783266781168,0.518380545378581,0.530907893612485,0.544808682343549,0.557536953676885,0.569243849649609,0.580452720093124,0.592296574397545,0.602091877547308,0.611498042816062,0.618013679822233,0.62699376269796,0.636384293734472,0.648445380049223,0.657802550397509,0.663658551232482,0.675063431460531,0.68526725534463,0.698728303643483,0.71164753381815,0.727790357739292,0.740883522447434,0.757521561988759,0.777154120993713,0.815561460664633,0.883037073183973,1,0.639035392982389
-0.0995785122337379,0.00792807816974141,0.0311025773475518,0.0555781598957242,0.0611317986423826,0.0725757318913395,0.0819975119174429,0.0973279516786702,0.109868578739289,0.119970900792544,0.12719640227049,0.139459178128305,0.149211001767192,0.156552275487352,0.162029881760251,0.169351673324567,0.175503572907448,0.187876263462187,0.195741701403189,0.200040389532754,0.211694101210713,0.221127548271816,0.233131544507191,0.246863210642402,0.262691132143731,0.277782488906144,0.295039103598713,0.316440953233527,0.354412241418463,0.432335169732624,0.639035392982389,1
