1,0.831520148286498,0.745259726339456,0.6853648883977,0.647863834226592,0.61391796567036,0.567666765127499,0.522131694337899,0.487746572474582,0.466549876083007,0.443677272445861,0.420859790549123,0.401811869569518,0.386874829862365,0.36047155308018,0.335942559890574,0.302362318914929,0.260000515699295,0.224895607260045,0.192395882514654,0.17663850822435,0.136095761973877,0.116316094769486,0.0973744826453505,0.0814316671108363,0.0641166092996998,0.0263143976416742,-0.025982369133351,-0.032407766378141,-0.0260757666676442,-0.0612274146461096,-0.0825784132023429
0.831520148286498,1,0.921831036228753,0.859380309996134,0.820986210314095,0.785233261562949,0.737135108029255,0.690154913060868,0.652048464734727,0.626060928433461,0.599081673014801,0.568855206850464,0.56002269357372,0.545109638749888,0.52263962251465,0.496550011131965,0.460051815822989,0.419957950952991,0.391156845918949,0.360953203000734,0.340369525691124,0.305385397028197,0.281339847145479,0.2577070883255,0.234282657968379,0.203928311658025,0.157018185865231,0.103501477683708,0.0843715942966305,0.0677415737582461,0.0698328899798212,-0.0165988646882086
0.745259726339456,0.921831036228753,1,0.932957214796245,0.889536722351153,0.857243967893954,0.816697523476019,0.774731736782545,0.735394829255209,0.705863814186199,0.678721526938008,0.643995182702719,0.630538160319914,0.607282763994379,0.583590340318968,0.556832902992988,0.521870392914149,0.483586521960705,0.45108689472113,0.414084963222316,0.386040809349357,0.343717885076595,0.315651715063197,0.290835383996382,0.261411739920132,0.224992658241045,0.174116304982296,0.116759071886742,0.102808191163956,0.0869217126670027,0.088345107207499,-0.0134710725234046
0.6853648883977,0.859380309996134,0.932957214796245,1,0.967525362308427,0.930019011044169,0.885736993499605,0.844306221297219,0.809574265110705,0.785098297187362,0.754418600895211,0.719920709164452,0.708428171595216,0.685465192616064,0.663358978462901,0.636861360361402,0.604696462838119,0.570034393099487,0.53926514251621,0.508553216386979,0.476369540398566,0.432673395204146,0.407289716235316,0.380924699732029,0.349941734689268,0.312915424774738,0.265889186045715,0.214656378263536,0.192079050189932,0.157725227049841,0.13163214176968,0.0488130849250565
0.647863834226592,0.820986210314095,0.889536722351153,0.967525362308427,1,0.976127600825122,0.931345673670258,0.891722350724304,0.856517119465787,0.827330231960742,0.794234104460715,0.764538266617546,0.74990025102819,0.72497762697837,0.69974017200288,0.672489271024361,0.642272198644532,0.608042144403288,0.574739105276843,0.544377821497347,0.511719088691882,0.469148729340703,0.443661968089724,0.418722438674525,0.388578541693768,0.350544128362747,0.302813612466381,0.251219208810917,0.221304339797653,0.168538835871805,0.134022949533507,0.0661652614436477
0.61391796567036,0.785233261562949,0.857243967893954,0.930019011044169,0.976127600825122,1,0.980854310438622,0.944600496192066,0.90712236474482,0.874481378788032,0.840310296290282,0.814804119124286,0.796216170298843,0.77153206953253,0.744560186119208,0.717433179302956,0.688837389442371,0.654772746173736,0.619598483822609,0.587246837693911,0.553703142742095,0.511958920477391,0.48506538663862,0.459372227806891,0.4300600733936,0.394536757216528,0.346622762266758,0.288755494207674,0.252667250186018,0.179906656630859,0.134147949241289,0.0717761334505902
0.567666765127499,0.737135108029255,0.816697523476019,0.885736993499605,0.931345673670258,0.980854310438622,1,0.983805408483876,0.946217521153282,0.912157018510397,0.878103871372887,0.852562963474251,0.827195712203588,0.800468609216052,0.773612963701077,0.748197562704935,0.721379449207257,0.688692789482063,0.653914645651999,0.61802218605016,0.586583319616347,0.54724940480132,0.518733580718915,0.49285696172207,0.464981548009549,0.431979465805509,0.384545835477267,0.322723588164491,0.282863957627638,0.195749700706657,0.137846911485566,0.0788959536146321
0.522131694337899,0.690154913060868,0.774731736782545,0.844306221297219,0.891722350724304,0.944600496192066,0.983805408483876,1,0.983726139296493,0.949915682709611,0.916580974915312,0.890944037643041,0.861709719471881,0.832851813436582,0.807298343531749,0.784554442805754,0.760161004731828,0.729087739269666,0.694694505976511,0.656595465114544,0.62584248914609,0.588010617426119,0.561461883752588,0.535498328495651,0.507419691840395,0.473048679268826,0.423244470151881,0.359680902232602,0.31784728086508,0.222181257850355,0.154477623446094,0.102198841503741
0.487746572474582,0.652048464734727,0.735394829255209,0.809574265110705,0.856517119465787,0.90712236474482,0.946217521153282,0.983726139296493,1,0.982958017204274,0.95003012742434,0.924955040783102,0.896546946889703,0.867323248188472,0.842029308478179,0.820731554094274,0.798057938495931,0.767448739939492,0.732493487278605,0.694541533823434,0.663257358374872,0.626808339713718,0.60308349432365,0.576848484809151,0.547478074876054,0.510697343001877,0.457862133887696,0.393265009152233,0.354241986447231,0.252919205395622,0.179997907848697,0.137873226523889
0.466549876083007,0.626060928433461,0.705863814186199,0.785098297187362,0.827330231960742,0.874481378788032,0.912157018510397,0.949915682709611,0.982958017204274,1,0.979303007717301,0.951321486370084,0.923637299021282,0.894431736390199,0.867694108538098,0.845698732343524,0.822569869049022,0.791188194125028,0.756057509473848,0.718564650045282,0.687648889801848,0.65258599626744,0.627742667986116,0.60108702583704,0.570799251355205,0.534139499158463,0.481040904267587,0.415277129657889,0.383734869417153,0.280289013217361,0.20639213553389,0.173549347769152
0.443677272445861,0.599081673014801,0.678721526938008,0.754418600895211,0.794234104460715,0.840310296290282,0.878103871372887,0.916580974915312,0.95003012742434,0.979303007717301,1,0.974243148615112,0.945608203442394,0.916947178963921,0.890757452715233,0.868501891148599,0.844562142615666,0.813407739563276,0.780236057135153,0.743315464003779,0.709902418465654,0.67160472077897,0.645895885753716,0.618527308295412,0.587038388146943,0.550887280245309,0.498723508642403,0.431657853620457,0.402173401194293,0.303533728391407,0.228945293056634,0.201583660144292
0.420859790549123,0.568855206850464,0.643995182702719,0.719920709164452,0.764538266617546,0.814804119124286,0.852562963474251,0.890944037643041,0.924955040783102,0.951321486370084,0.974243148615112,1,0.976445843835172,0.948237303405425,0.919867823620667,0.893574519240213,0.867139656685298,0.835701032041485,0.803600691488396,0.771087435210152,0.737334079947859,0.698924121454171,0.67484425584449,0.650441947200156,0.620628619534797,0.585622243816281,0.536334817920874,0.471173296674793,0.434592390641419,0.321770402178922,0.231952424882501,0.213262447211129
0.401811869569518,0.56002269357372,0.630538160319914,0.708428171595216,0.74990025102819,0.796216170298843,0.827195712203588,0.861709719471881,0.896546946889703,0.923637299021282,0.945608203442394,0.976445843835172,1,0.982155213473274,0.955146205399782,0.92847398504328,0.901515360443555,0.870120187450298,0.839514366801972,0.80916750227199,0.774049971576407,0.734943021478995,0.710339207185108,0.686167701672939,0.657694621335924,0.624603086812072,0.577420109285818,0.514471184856471,0.482041593201893,0.36948621217859,0.277374946210682,0.239335328447132
0.386874829862365,0.545109638749888,0.607282763994379,0.685465192616064,0.72497762697837,0.77153206953253,0.800468609216052,0.832851813436582,0.867323248188472,0.894431736390199,0.916947178963921,0.948237303405425,0.982155213473274,1,0.983567933331591,0.958938595589951,0.934587610400332,0.905734203406484,0.876726015074283,0.846136287168232,0.812134136660816,0.772714333311275,0.750363477800271,0.726785900292962,0.699670268916872,0.669463330522062,0.625406936658907,0.563841089160993,0.530440472122339,0.406874330439671,0.303146131091348,0.273146011579849
0.36047155308018,0.52263962251465,0.583590340318968,0.663358978462901,0.69974017200288,0.744560186119208,0.773612963701077,0.807298343531749,0.842029308478179,0.867694108538098,0.890757452715233,0.919867823620667,0.955146205399782,0.983567933331591,1,0.989701492660291,0.966973892343996,0.94052096556933,0.912235662609178,0.882524193149896,0.851472831665751,0.816348981774463,0.794368852209244,0.768564868062807,0.741036230258442,0.710601394207513,0.66654273006026,0.605766527161092,0.56839647810415,0.439070481889041,0.319118946484958,0.310103601662282
0.335942559890574,0.496550011131965,0.556832902992988,0.636861360361402,0.672489271024361,0.717433179302956,0.748197562704935,0.784554442805754,0.820731554094274,0.845698732343524,0.868501891148599,0.893574519240213,0.92847398504328,0.958938595589951,0.989701492660291,1,0.989923380032974,0.965446049621111,0.937071540598636,0.90602150748146,0.876052688876533,0.844635425313205,0.82105634457763,0.79454275680024,0.766628286324897,0.735857195589148,0.692316098953826,0.632506979928591,0.594816226735821,0.459911517659848,0.327445495408936,0.32257723101551
0.302362318914929,0.460051815822989,0.521870392914149,0.604696462838119,0.642272198644532,0.688837389442371,0.721379449207257,0.760161004731828,0.798057938495931,0.822569869049022,0.844562142615666,0.867139656685298,0.901515360443555,0.934587610400332,0.966973892343996,0.989923380032974,1,0.988935732797188,0.961395462123984,0.929281632543802,0.8995618539442,0.869824288561519,0.845560347608984,0.819293049114495,0.790481278268711,0.759817349066451,0.718008560147057,0.659450916317217,0.623290767905546,0.476538707191537,0.332700978633537,0.325068617293557
0.260000515699295,0.419957950952991,0.483586521960705,0.570034393099487,0.608042144403288,0.654772746173736,0.688692789482063,0.729087739269666,0.767448739939492,0.791188194125028,0.813407739563276,0.835701032041485,0.870120187450298,0.905734203406484,0.94052096556933,0.965446049621111,0.988935732797188,1,0.986060072942591,0.955323314515165,0.925789590599971,0.89827775737498,0.876156058725765,0.849957959877299,0.819778512332087,0.789460975610379,0.750259830312185,0.693500849680824,0.65606154599505,0.495976089996257,0.339249431725286,0.330730937642092
0.224895607260045,0.391156845918949,0.45108689472113,0.53926514251621,0.574739105276843,0.619598483822609,0.653914645651999,0.694694505976511,0.732493487278605,0.756057509473848,0.780236057135153,0.803600691488396,0.839514366801972,0.876726015074283,0.912235662609178,0.937071540598636,0.961395462123984,0.986060072942591,1,0.981322403665316,0.950781799172145,0.927498648663536,0.907370207089595,0.881134771143223,0.849943716145607,0.819398612099291,0.782565188302417,0.728038308326107,0.685067043282347,0.517083136427865,0.349006956460277,0.337728594128609
0.192395882514654,0.360953203000734,0.414084963222316,0.508553216386979,0.544377821497347,0.587246837693911,0.61802218605016,0.656595465114544,0.694541533823434,0.718564650045282,0.743315464003779,0.771087435210152,0.80916750227199,0.846136287168232,0.882524193149896,0.90602150748146,0.929281632543802,0.955323314515165,0.981322403665316,1,0.974612189085857,0.954774705637573,0.93103569271423,0.903748550048412,0.872237701277026,0.839662952728688,0.80238922078923,0.749732204059454,0.700295180744986,0.525958223748178,0.353165074556877,0.350599502647871
0.17663850822435,0.340369525691124,0.386040809349357,0.476369540398566,0.511719088691882,0.553703142742095,0.586583319616347,0.62584248914609,0.663257358374872,0.687648889801848,0.709902418465654,0.737334079947859,0.774049971576407,0.812134136660816,0.851472831665751,0.876052688876533,0.8995618539442,0.925789590599971,0.950781799172145,0.974612189085857,1,0.981015326722999,0.954193540235966,0.926668720819802,0.900855671822846,0.872697132119609,0.834446900324965,0.779318979904613,0.728050219022733,0.540473340306253,0.350526107266074,0.379581204871922
0.136095761973877,0.305385397028197,0.343717885076595,0.432673395204146,0.469148729340703,0.511958920477391,0.54724940480132,0.588010617426119,0.626808339713718,0.65258599626744,0.67160472077897,0.698924121454171,0.734943021478995,0.772714333311275,0.816348981774463,0.844635425313205,0.869824288561519,0.89827775737498,0.927498648663536,0.954774705637573,0.981015326722999,1,0.97768234592374,0.949815206310275,0.92538396631191,0.897413541944741,0.858982655075483,0.80502162018012,0.747472617360589,0.537980797396786,0.355875455595441,0.38384838880681
0.116316094769486,0.281339847145479,0.315651715063197,0.407289716235316,0.443661968089724,0.48506538663862,0.518733580718915,0.561461883752588,0.60308349432365,0.627742667986116,0.645895885753716,0.67484425584449,0.710339207185108,0.750363477800271,0.794368852209244,0.82105634457763,0.845560347608984,0.876156058725765,0.907370207089595,0.93103569271423,0.954193540235966,0.97768234592374,1,0.985387287544371,0.959535560388325,0.927659996925778,0.889199776767149,0.841672469986902,0.780327610913987,0.552622514570651,0.374698801005609,0.410025033870225
0.0973744826453505,0.2577070883255,0.290835383996382,0.380924699732029,0.418722438674525,0.459372227806891,0.49285696172207,0.535498328495651,0.576848484809151,0.60108702583704,0.618527308295412,0.650441947200156,0.686167701672939,0.726785900292962,0.768564868062807,0.79454275680024,0.819293049114495,0.849957959877299,0.881134771143223,0.903748550048412,0.926668720819802,0.949815206310275,0.985387287544371,1,0.984870594796497,0.949209809775836,0.909272815466541,0.86229774088379,0.797746758045019,0.555907763649973,0.381467908361718,0.416371766223786
0.0814316671108363,0.234282657968379,0.261411739920132,0.349941734689268,0.388578541693768,0.4300600733936,0.464981548009549,0.507419691840395,0.547478074876054,0.570799251355205,0.587038388146943,0.620628619534797,0.657694621335924,0.699670268916872,0.741036230258442,0.766628286324897,0.790481278268711,0.819778512332087,0.849943716145607,0.872237701277026,0.900855671822846,0.92538396631191,0.959535560388325,0.984870594796497,1,0.983148232081979,0.941409238431602,0.893818299209245,0.827609155883919,0.56618732349827,0.391618767334791,0.447421198214528
0.0641166092996998,0.203928311658025,0.224992658241045,0.312915424774738,0.350544128362747,0.394536757216528,0.431979465805509,0.473048679268826,0.510697343001877,0.534139499158463,0.550887280245309,0.585622243816281,0.624603086812072,0.669463330522062,0.710601394207513,0.735857195589148,0.759817349066451,0.789460975610379,0.819398612099291,0.839662952728688,0.872697132119609,0.897413541944741,0.927659996925778,0.949209809775836,0.983148232081979,1,0.979958329253626,0.931644666643932,0.864737223364246,0.593440034191605,0.397516234661183,0.470139042684833
0.0263143976416742,0.157018185865231,0.174116304982296,0.265889186045715,0.302813612466381,0.346622762266758,0.384545835477267,0.423244470151881,0.457862133887696,0.481040904267587,0.498723508642403,0.536334817920874,0.577420109285818,0.625406936658907,0.66654273006026,0.692316098953826,0.718008560147057,0.750259830312185,0.782565188302417,0.80238922078923,0.834446900324965,0.858982655075483,0.889199776767149,0.909272815466541,0.941409238431602,0.979958329253626,1,0.973601541222003,0.903535680449103,0.635085199985817,0.414695321983545,0.481293292297865
-0.025982369133351,0.103501477683708,0.116759071886742,0.214656378263536,0.251219208810917,0.288755494207674,0.322723588164491,0.359680902232602,0.393265009152233,0.415277129657889,0.431657853620457,0.471173296674793,0.514471184856471,0.563841089160993,0.605766527161092,0.632506979928591,0.659450916317217,0.693500849680824,0.728038308326107,0.749732204059454,0.779318979904613,0.80502162018012,0.841672469986902,0.86229774088379,0.893818299209245,0.931644666643932,0.973601541222003,1,0.949223496045066,0.68149650778206,0.461118313310127,0.515652375378383
-0.032407766378141,0.0843715942966305,0.102808191163956,0.192079050189932,0.221304339797653,0.252667250186018,0.282863957627638,0.31784728086508,0.354241986447231,0.383734869417153,0.402173401194293,0.434592390641419,0.482041593201893,0.530440472122339,0.56839647810415,0.594816226735821,0.623290767905546,0.65606154599505,0.685067043282347,0.700295180744986,0.728050219022733,0.747472617360589,0.780327610913987,0.797746758045019,0.827609155883919,0.864737223364246,0.903535680449103,0.949223496045066,1,0.788805174995021,0.515573952704176,0.549199849037293
-0.0260757666676442,0.0677415737582461,0.0869217126670027,0.157725227049841,0.168538835871805,0.179906656630859,0.195749700706657,0.222181257850355,0.252919205395622,0.280289013217361,0.303533728391407,0.321770402178922,0.36948621217859,0.406874330439671,0.439070481889041,0.459911517659848,0.476538707191537,0.495976089996257,0.517083136427865,0.525958223748178,0.540473340306253,0.537980797396786,0.552622514570651,0.555907763649973,0.56618732349827,0.593440034191605,0.635085199985817,0.68149650778206,0.788805174995021,1,0.554705865553249,0.527247004768897
-0.0612274146461096,0.0698328899798212,0.088345107207499,0.13163214176968,0.134022949533507,0.134147949241289,0.137846911485566,0.154477623446094,0.179997907848697,0.20639213553389,0.228945293056634,0.231952424882501,0.277374946210682,0.303146131091348,0.319118946484958,0.327445495408936,0.332700978633537,0.339249431725286,0.349006956460277,0.353165074556877,0.350526107266074,0.355875455595441,0.374698801005609,0.381467908361718,0.391618767334791,0.397516234661183,0.414695321983545,0.461118313310127,0.515573952704176,0.554705865553249,1,0.642213625311958
-0.0825784132023429,-0.0165988646882086,-0.0134710725234046,0.0488130849250565,0.0661652614436477,0.0717761334505902,0.0788959536146321,0.102198841503741,0.137873226523889,0.173549347769152,0.201583660144292,0.213262447211129,0.239335328447132,0.273146011579849,0.310103601662282,0.32257723101551,0.325068617293557,0.330730937642092,0.337728594128609,0.350599502647871,0.379581204871922,0.38384838880681,0.410025033870225,0.416371766223786,0.447421198214528,0.470139042684833,0.481293292297865,0.515652375378383,0.549199849037293,0.527247004768897,0.642213625311958,1
