1,0.793272639471577,0.728338464063942,0.701429413066284,0.688873717667738,0.67138851059158,0.659307381033377,0.647929530241891,0.638106809311853,0.630954063868667,0.624528464989589,0.623106914691935,0.623562164282572,0.618990083672216,0.614040027591663,0.610526789865551,0.605207571145303,0.601734340256998,0.59647963360299,0.593146688170238,0.586299596583636,0.577780880426172,0.565492127496458,0.558407318688093,0.551153745646726,0.539997198406342,0.525032261043944,0.503229763432285,0.466872080883325,0.395511733308026,0.176848862163628,-0.0681567001169067
0.793272639471577,1,0.964505081131526,0.942855748603736,0.932643528173707,0.923949477222668,0.91392522351998,0.905665075234447,0.899690868360471,0.895160418320596,0.888670634376478,0.886395645995503,0.884553491191984,0.880946208562896,0.873752849769699,0.868467635556525,0.863087115018938,0.859255692510843,0.854473028333058,0.851334058671594,0.844739763171356,0.839062000358895,0.827398999658272,0.820227706380579,0.814091722261724,0.802325445236543,0.787179113030931,0.765664461733443,0.727203443834599,0.636834309128832,0.374158200174643,0.0183605724553174
0.728338464063942,0.964505081131526,1,0.985054850821927,0.974715365143142,0.966787379226127,0.960637290535811,0.955372439500243,0.951260617748821,0.947314417165304,0.941320424569088,0.939022875180109,0.93623734901121,0.933090280393264,0.927061845988812,0.922660154380187,0.917821863018899,0.913813728548937,0.909660997099649,0.904381971831626,0.898092015632158,0.893047379643135,0.88262293954878,0.87663603541898,0.870822360973612,0.859122378175578,0.845165984943096,0.824956660906815,0.788844020068762,0.70475865543148,0.443132745452833,0.0714324428935903
0.701429413066284,0.942855748603736,0.985054850821927,1,0.991042931877155,0.983230475311875,0.977616697067329,0.972067147260086,0.96806161521796,0.963882482971651,0.958907367005854,0.957506755506743,0.954822094136469,0.952608766093319,0.947130213375888,0.943675122185851,0.939201133743025,0.934393400977488,0.929796720626107,0.924256794497286,0.91821233824966,0.913017373932594,0.904148410661406,0.897906717374984,0.891506352166117,0.881197570109072,0.868719124274418,0.85028902170932,0.816664555880554,0.734506183767772,0.471667009751931,0.0875279268888554
0.688873717667738,0.932643528173707,0.974715365143142,0.991042931877155,1,0.994032910593891,0.988578814293398,0.983746295059729,0.979895432430657,0.975583252072878,0.972048730634333,0.970651418688031,0.967479004343542,0.96508057877251,0.959718411822388,0.955493676518622,0.950770563376907,0.946393049762726,0.942296571760022,0.937477885154835,0.932606528338146,0.927436825533248,0.919654156811998,0.91347298451439,0.907144799047427,0.896939509252748,0.884593055133977,0.866416943164917,0.833042860276289,0.748435515611613,0.479522247358226,0.0954609830492008
0.67138851059158,0.923949477222668,0.966787379226127,0.983230475311875,0.994032910593891,1,0.994843375834497,0.990453938573726,0.986872988488419,0.98267399646933,0.978780551270252,0.976928292745273,0.974077221700412,0.97151803005646,0.96631452342,0.962106888696804,0.957434012503712,0.952994081472149,0.948547130512971,0.943756427826339,0.939367943471967,0.934689490346053,0.927260541049204,0.921474293299201,0.914810603665894,0.904791861989548,0.892226912789768,0.874550326341811,0.840770496510113,0.757932697154657,0.49097343958023,0.106050827105911
0.659307381033377,0.91392522351998,0.960637290535811,0.977616697067329,0.988578814293398,0.994843375834497,1,0.995850741012759,0.992137839537257,0.988419851181004,0.984268075993928,0.981968428391528,0.978826219096381,0.975647640319997,0.971030892848801,0.967635245339635,0.962831947362011,0.958481994342921,0.954532790741946,0.950299639358893,0.94623036606337,0.941760710092307,0.935465259652392,0.930216691560343,0.924050884457482,0.915310088174653,0.902783165177443,0.885465761911947,0.852026339615691,0.770340904761039,0.500690830646338,0.115118338932841
0.647929530241891,0.905665075234447,0.955372439500243,0.972067147260086,0.983746295059729,0.990453938573726,0.995850741012759,1,0.996701696970881,0.992880878932357,0.988702199971366,0.986083987172347,0.982240067875454,0.978327639647854,0.973554476222017,0.969358900166694,0.96410663257442,0.959641788576561,0.955986464020079,0.951785257195877,0.94802895467606,0.943881463012158,0.937786090684331,0.932670699634427,0.926687394988856,0.917871086810049,0.905416157766911,0.888207759031077,0.854843579431601,0.773268819625502,0.503450947732297,0.119258216430142
0.638106809311853,0.899690868360471,0.951260617748821,0.96806161521796,0.979895432430657,0.986872988488419,0.992137839537257,0.996701696970881,1,0.997075490906656,0.993249714465779,0.990067643026243,0.986308811820224,0.98227116308719,0.977269143373413,0.972880529482195,0.967512356413755,0.963367266260457,0.959915940358222,0.95570172061725,0.951895871208095,0.947813628659209,0.942210283971184,0.937232411104477,0.931613205202249,0.922967954897611,0.910923505042406,0.894229501741515,0.861825825543181,0.782197930430851,0.513139315873621,0.124411000961734
0.630954063868667,0.895160418320596,0.947314417165304,0.963882482971651,0.975583252072878,0.98267399646933,0.988419851181004,0.992880878932357,0.997075490906656,1,0.9970496899643,0.9937349028029,0.989817174627888,0.985692801420497,0.980693639614605,0.975824129561591,0.970122549761447,0.965873004353726,0.96202430111639,0.957827240448695,0.954094266501778,0.949959597057595,0.944311021364479,0.939639800701096,0.93417412125759,0.925825963691122,0.913892282359114,0.897634604286604,0.866306137559723,0.787664608078878,0.517263823359357,0.128869780000535
0.624528464989589,0.888670634376478,0.941320424569088,0.958907367005854,0.972048730634333,0.978780551270252,0.984268075993928,0.988702199971366,0.993249714465779,0.9970496899643,1,0.997404103599265,0.993423383916134,0.98885887541126,0.983761911728657,0.978550140441967,0.972855042107073,0.96895604961999,0.965086952461343,0.960509789511832,0.956469098409088,0.952547189530608,0.947307370151163,0.94272229181763,0.937397723289368,0.929031615787416,0.917723309998574,0.902116934354224,0.872349243276063,0.795037582675726,0.524263204673301,0.134445366779319
0.623106914691935,0.886395645995503,0.939022875180109,0.957506755506743,0.970651418688031,0.976928292745273,0.981968428391528,0.986083987172347,0.990067643026243,0.9937349028029,0.997404103599265,1,0.997113344941852,0.993132672567282,0.988236308977702,0.983048065569549,0.977710376230884,0.973895291082797,0.969958621547424,0.965467913274436,0.961481538563139,0.957621808129031,0.95273641844429,0.948098001810932,0.943012954101511,0.935240033404602,0.924021258938397,0.90899341663903,0.88027523874086,0.804010173391655,0.534388960532098,0.141142822149047
0.623562164282572,0.884553491191984,0.93623734901121,0.954822094136469,0.967479004343542,0.974077221700412,0.978826219096381,0.982240067875454,0.986308811820224,0.989817174627888,0.993423383916134,0.997113344941852,1,0.997483034807458,0.993508744059333,0.988797134203564,0.983725726532123,0.979966999999833,0.975821566672422,0.971276207021195,0.967008408761627,0.962878893600664,0.957892528503073,0.953014870676384,0.948478377617463,0.940916779638574,0.929961385586961,0.915029595475225,0.886525874471783,0.810475749882621,0.542517772655658,0.145831702845801
0.618990083672216,0.880946208562896,0.933090280393264,0.952608766093319,0.96508057877251,0.97151803005646,0.975647640319997,0.978327639647854,0.98227116308719,0.985692801420497,0.98885887541126,0.993132672567282,0.997483034807458,1,0.997362158255541,0.993276041296687,0.988287475568252,0.984399740083448,0.980142749421399,0.975648206314708,0.970943387876944,0.966707225889154,0.961383489154468,0.956194055403409,0.951618468997613,0.944117565842065,0.933193165572027,0.918974376076073,0.89041221332679,0.814205150504179,0.546290864710136,0.149323857373286
0.614040027591663,0.873752849769699,0.927061845988812,0.947130213375888,0.959718411822388,0.96631452342,0.971030892848801,0.973554476222017,0.977269143373413,0.980693639614605,0.983761911728657,0.988236308977702,0.993508744059333,0.997362158255541,1,0.997314667550975,0.9930122430243,0.989123758504111,0.985064003529436,0.980506366083138,0.975565444033194,0.971124652194721,0.965687209203021,0.960741353216343,0.956018739755391,0.948832095120206,0.93786373332137,0.923617050557153,0.895978697124711,0.820906338484609,0.553189912779376,0.153197025952965
0.610526789865551,0.868467635556525,0.922660154380187,0.943675122185851,0.955493676518622,0.962106888696804,0.967635245339635,0.969358900166694,0.972880529482195,0.975824129561591,0.978550140441967,0.983048065569549,0.988797134203564,0.993276041296687,0.997314667550975,1,0.997135902375492,0.993339432275841,0.988925339361948,0.984195166449318,0.97919678558857,0.974587457039744,0.969109731496492,0.964059605071671,0.959668060741343,0.952785458475087,0.941816725280076,0.927954104227318,0.900571350705506,0.825496729905446,0.556393751327882,0.150890558801506
0.605207571145303,0.863087115018938,0.917821863018899,0.939201133743025,0.950770563376907,0.957434012503712,0.962831947362011,0.96410663257442,0.967512356413755,0.970122549761447,0.972855042107073,0.977710376230884,0.983725726532123,0.988287475568252,0.9930122430243,0.997135902375492,1,0.997466952859146,0.993328715121608,0.988845002770595,0.983684289402848,0.979337049479574,0.973869882326643,0.968727351859936,0.964138590333136,0.957456298174978,0.947269060405171,0.933402836842367,0.90601743839503,0.830952501033539,0.562251753905991,0.151635678579449
0.601734340256998,0.859255692510843,0.913813728548937,0.934393400977488,0.946393049762726,0.952994081472149,0.958481994342921,0.959641788576561,0.963367266260457,0.965873004353726,0.96895604961999,0.973895291082797,0.979966999999833,0.984399740083448,0.989123758504111,0.993339432275841,0.997466952859146,1,0.997232713304872,0.993234902414607,0.988283394667641,0.98399723541087,0.97855815212562,0.97350403304449,0.96866396030962,0.961920488765687,0.952286374999134,0.938362758472807,0.911308467409029,0.837181665550517,0.567065466936158,0.154652712200466
0.59647963360299,0.854473028333058,0.909660997099649,0.929796720626107,0.942296571760022,0.948547130512971,0.954532790741946,0.955986464020079,0.959915940358222,0.96202430111639,0.965086952461343,0.969958621547424,0.975821566672422,0.980142749421399,0.985064003529436,0.988925339361948,0.993328715121608,0.997232713304872,1,0.997041714733556,0.992874141501677,0.988894859318875,0.983448992256977,0.978222802659514,0.973117660263908,0.966543773829418,0.957504476656715,0.94314234443955,0.916922338059173,0.843613285340412,0.573689646848257,0.160279856479766
0.593146688170238,0.851334058671594,0.904381971831626,0.924256794497286,0.937477885154835,0.943756427826339,0.950299639358893,0.951785257195877,0.95570172061725,0.957827240448695,0.960509789511832,0.965467913274436,0.971276207021195,0.975648206314708,0.980506366083138,0.984195166449318,0.988845002770595,0.993234902414607,0.997041714733556,1,0.997297582807645,0.993670765957974,0.988797847775221,0.983837730291654,0.978284966783802,0.972018439215879,0.962703936214811,0.948820082694218,0.92337092447976,0.850927103490387,0.58226182233102,0.163697465956714
0.586299596583636,0.844739763171356,0.898092015632158,0.91821233824966,0.932606528338146,0.939367943471967,0.94623036606337,0.94802895467606,0.951895871208095,0.954094266501778,0.956469098409088,0.961481538563139,0.967008408761627,0.970943387876944,0.975565444033194,0.97919678558857,0.983684289402848,0.988283394667641,0.992874141501677,0.997297582807645,1,0.997267097929481,0.992920674618606,0.987955016964883,0.982543647619468,0.97652161823618,0.967851599363335,0.954757736141218,0.930019841808122,0.86013400860274,0.592730833675355,0.172387336406698
0.577780880426172,0.839062000358895,0.893047379643135,0.913017373932594,0.927436825533248,0.934689490346053,0.941760710092307,0.943881463012158,0.947813628659209,0.949959597057595,0.952547189530608,0.957621808129031,0.962878893600664,0.966707225889154,0.971124652194721,0.974587457039744,0.979337049479574,0.98399723541087,0.988894859318875,0.993670765957974,0.997267097929481,1,0.996776058136654,0.992258199795858,0.987246689850802,0.981151845115005,0.973293600561136,0.960094480084687,0.936162494307143,0.868285529579585,0.599966298248798,0.178417332158297
0.565492127496458,0.827398999658272,0.88262293954878,0.904148410661406,0.919654156811998,0.927260541049204,0.935465259652392,0.937786090684331,0.942210283971184,0.944311021364479,0.947307370151163,0.95273641844429,0.957892528503073,0.961383489154468,0.965687209203021,0.969109731496492,0.973869882326643,0.97855815212562,0.983448992256977,0.988797847775221,0.992920674618606,0.996776058136654,1,0.996590313147387,0.99184125331615,0.985946812711167,0.978709010162892,0.966394165817101,0.943369609821917,0.877966250713166,0.612701616002297,0.191880675081789
0.558407318688093,0.820227706380579,0.87663603541898,0.897906717374984,0.91347298451439,0.921474293299201,0.930216691560343,0.932670699634427,0.937232411104477,0.939639800701096,0.94272229181763,0.948098001810932,0.953014870676384,0.956194055403409,0.960741353216343,0.964059605071671,0.968727351859936,0.97350403304449,0.978222802659514,0.983837730291654,0.987955016964883,0.992258199795858,0.996590313147387,1,0.996035758666362,0.990448793001822,0.983698971987415,0.972038240981358,0.950538894308477,0.887919958563991,0.626374179710694,0.209497425768426
0.551153745646726,0.814091722261724,0.870822360973612,0.891506352166117,0.907144799047427,0.914810603665894,0.924050884457482,0.926687394988856,0.931613205202249,0.93417412125759,0.937397723289368,0.943012954101511,0.948478377617463,0.951618468997613,0.956018739755391,0.959668060741343,0.964138590333136,0.96866396030962,0.973117660263908,0.978284966783802,0.982543647619468,0.987246689850802,0.99184125331615,0.996035758666362,1,0.995751348178713,0.989194146816386,0.978046575850427,0.956082770576581,0.894733683236194,0.634562700074062,0.214556736218644
0.539997198406342,0.802325445236543,0.859122378175578,0.881197570109072,0.896939509252748,0.904791861989548,0.915310088174653,0.917871086810049,0.922967954897611,0.925825963691122,0.929031615787416,0.935240033404602,0.940916779638574,0.944117565842065,0.948832095120206,0.952785458475087,0.957456298174978,0.961920488765687,0.966543773829418,0.972018439215879,0.97652161823618,0.981151845115005,0.985946812711167,0.990448793001822,0.995751348178713,1,0.993931909463311,0.984029000944713,0.962772098898321,0.90427086388944,0.647549210914953,0.222018904261439
0.525032261043944,0.787179113030931,0.845165984943096,0.868719124274418,0.884593055133977,0.892226912789768,0.902783165177443,0.905416157766911,0.910923505042406,0.913892282359114,0.917723309998574,0.924021258938397,0.929961385586961,0.933193165572027,0.93786373332137,0.941816725280076,0.947269060405171,0.952286374999134,0.957504476656715,0.962703936214811,0.967851599363335,0.973293600561136,0.978709010162892,0.983698971987415,0.989194146816386,0.993931909463311,1,0.992044893428678,0.973592727002028,0.919268783758339,0.669599442878861,0.244183559159464
0.503229763432285,0.765664461733443,0.824956660906815,0.85028902170932,0.866416943164917,0.874550326341811,0.885465761911947,0.888207759031077,0.894229501741515,0.897634604286604,0.902116934354224,0.90899341663903,0.915029595475225,0.918974376076073,0.923617050557153,0.927954104227318,0.933402836842367,0.938362758472807,0.94314234443955,0.948820082694218,0.954757736141218,0.960094480084687,0.966394165817101,0.972038240981358,0.978046575850427,0.984029000944713,0.992044893428678,1,0.985831315844338,0.93876751648873,0.697590321343933,0.279108729008833
0.466872080883325,0.727203443834599,0.788844020068762,0.816664555880554,0.833042860276289,0.840770496510113,0.852026339615691,0.854843579431601,0.861825825543181,0.866306137559723,0.872349243276063,0.88027523874086,0.886525874471783,0.89041221332679,0.895978697124711,0.900571350705506,0.90601743839503,0.911308467409029,0.916922338059173,0.92337092447976,0.930019841808122,0.936162494307143,0.943369609821917,0.950538894308477,0.956082770576581,0.962772098898321,0.973592727002028,0.985831315844338,1,0.967357508384701,0.7467237593055,0.32781465772138
0.395511733308026,0.636834309128832,0.70475865543148,0.734506183767772,0.748435515611613,0.757932697154657,0.770340904761039,0.773268819625502,0.782197930430851,0.787664608078878,0.795037582675726,0.804010173391655,0.810475749882621,0.814205150504179,0.820906338484609,0.825496729905446,0.830952501033539,0.837181665550517,0.843613285340412,0.850927103490387,0.86013400860274,0.868285529579585,0.877966250713166,0.887919958563991,0.894733683236194,0.90427086388944,0.919268783758339,0.93876751648873,0.967357508384701,1,0.82860599758694,0.42027055832181
0.176848862163628,0.374158200174643,0.443132745452833,0.471667009751931,0.479522247358226,0.49097343958023,0.500690830646338,0.503450947732297,0.513139315873621,0.517263823359357,0.524263204673301,0.534388960532098,0.542517772655658,0.546290864710136,0.553189912779376,0.556393751327882,0.562251753905991,0.567065466936158,0.573689646848257,0.58226182233102,0.592730833675355,0.599966298248798,0.612701616002297,0.626374179710694,0.634562700074062,0.647549210914953,0.669599442878861,0.697590321343933,0.7467237593055,0.82860599758694,1,0.641257473095068
-0.0681567001169067,0.0183605724553174,0.0714324428935903,0.0875279268888554,0.0954609830492008,0.106050827105911,0.115118338932841,0.119258216430142,0.124411000961734,0.128869780000535,0.134445366779319,0.141142822149047,0.145831702845801,0.149323857373286,0.153197025952965,0.150890558801506,0.151635678579449,0.154652712200466,0.160279856479766,0.163697465956714,0.172387336406698,0.178417332158297,0.191880675081789,0.209497425768426,0.214556736218644,0.222018904261439,0.244183559159464,0.279108729008833,0.32781465772138,0.42027055832181,0.641257473095068,1
