1,0.997791477825358,0.990257014108858,0.975924865356472,0.95329416584853,0.92105522454275,0.878381906898216,0.825227678398943,0.786369617795643,0.774854995726147,0.755359571625586,0.726371776094376,0.686947781087296,0.637125977932654,0.578169191831717,0.512461297430935,0.46670192938978,0.421726388305217,0.356431032175334,0.286900889991639,0.224043759404726,0.171482805188766,0.128835125215762,0.0944336975006118,0.070563612462533,0.0454571805591093,0.032579082960237,0.0256609089537974,0.0214511440062933,0.0186431979264469,0.0166438870006566,0.0151504822630885
0.997791477825358,1,0.997319686772713,0.988257083262611,0.971251770516862,0.94488873973751,0.908190027145413,0.860921514805608,0.825608302612531,0.814373956528092,0.794837441216019,0.765393346965596,0.725020931630524,0.673721456817523,0.612778396271366,0.544656998138591,0.497012856046588,0.449476162573026,0.380251621886863,0.306438804864831,0.239659880255299,0.183792706492301,0.138447276000813,0.101860789848579,0.0761262709508889,0.0488999111746854,0.0349564906278802,0.0274698449736163,0.022915305149745,0.0198778468412762,0.0177153345057648,0.016100139887481
0.990257014108858,0.997319686772713,1,0.99678821956753,0.986066306190177,0.96631047692042,0.936380526085091,0.895836906761984,0.86460895765306,0.853740781505857,0.834258894466788,0.804462728784895,0.763252039330595,0.71058718229676,0.64776781367288,0.57733621087667,0.527859567132705,0.477744781406893,0.404546130568213,0.326393288390561,0.255635889896155,0.196412514904436,0.148327323202692,0.109521029320397,0.081864389144918,0.0524421053136518,0.0373965082370407,0.0293219617393409,0.0244109345707209,0.0211361956183223,0.0188049714035561,0.0170638818919648
0.975924865356472,0.988257083262611,0.99678821956753,1,0.996221262407155,0.983818533025027,0.961481036782599,0.928547082520736,0.90198243086201,0.891581823388826,0.872279452432834,0.842281048902832,0.800406111809693,0.746570469319137,0.682083502214381,0.609556174348356,0.558377882232088,0.505749308485589,0.428650765058879,0.346227975865946,0.271550906065882,0.20901806602418,0.158229664216695,0.117232235157769,0.0876417631833456,0.0559968164983777,0.0398373305221771,0.0311689383228988,0.025897910193493,0.0223835883044866,0.0198820325039691,0.0180138486791568
0.95329416584853,0.971251770516862,0.986066306190177,0.996221262407155,1,0.99566194525407,0.981720855490239,0.957278924201294,0.935964638190481,0.926146648793288,0.907179140739116,0.877179253634914,0.834888019946933,0.780173587424758,0.71434637490757,0.640072877482442,0.587420764631706,0.532448117925347,0.451679939825748,0.365224848017039,0.286839108358247,0.221171189951277,0.16781991926476,0.124743876459469,0.0932710049984445,0.0594453344657099,0.0421951603090547,0.032945678525326,0.0273224992031379,0.0235738650631638,0.0209057470019382,0.018913293194906
0.92105522454275,0.94488873973751,0.96631047692042,0.983818533025027,0.99566194525407,1,0.995170939169484,0.980031533824342,0.964520739565929,0.955409248046918,0.936959546443082,0.907209656133792,0.864827105951636,0.809630069102813,0.742919087018831,0.667397783839003,0.613608311951716,0.556585460841227,0.472563324341532,0.382513437809614,0.300811941452274,0.232336103354636,0.176686633769732,0.131745006713946,0.0985194494576669,0.0626412277587926,0.0443672575024406,0.0345728196494819,0.0286195361637654,0.0246513189759879,0.0218271373341425,0.0197182616126745
0.878381906898216,0.908190027145413,0.936380526085091,0.961481036782599,0.981720855490239,0.995170939169484,1,0.994816654147963,0.985574118977193,0.97729364276068,0.959563727429511,0.930357382217235,0.888277126088958,0.8330901219542,0.766074258897622,0.689946901346186,0.635463492235732,0.576814112446069,0.490149492464158,0.39715425225922,0.312723251802458,0.241929256812708,0.184378720344706,0.137891699311391,0.103129654681885,0.0654235532905821,0.0462414084221797,0.0359641924807744,0.0297186602639645,0.0255561177038574,0.0225938601234895,0.0203820005035146
0.825227678398943,0.860921514805608,0.895836906761984,0.928547082520736,0.957278924201294,0.980031533824342,0.994816654147963,1,0.997345158165623,0.990009909794226,0.973206247252993,0.944860477868537,0.903522008892045,0.848907531226029,0.782258450911248,0.706278687515258,0.651631366467135,0.591894399084955,0.503375084254673,0.408275876936413,0.321877281789156,0.249402917586767,0.190469195247421,0.142854751998123,0.106855081615732,0.0676394771754817,0.0477119053707573,0.0370392430287591,0.0305545750530654,0.02623312232631,0.023157999630291,0.0208619846609804
0.786369617795643,0.825608302612531,0.86460895765306,0.90198243086201,0.935964638190481,0.964520739565929,0.985574118977193,0.997345158165623,1,0.99617064523127,0.983164661324296,0.958826889837294,0.921579903035098,0.87097861152166,0.808093011140613,0.735479243163313,0.682399937857561,0.621334137357866,0.529926650888042,0.431303369100849,0.34149093735391,0.266039957269959,0.204622360801725,0.154963677841926,0.117031895216809,0.0746144050290349,0.0529787420852478,0.0413770982232023,0.0343237294371372,0.0296215933194502,0.0262747747835179,0.0237754715945716
0.774854995726147,0.814373956528092,0.853740781505857,0.891581823388826,0.926146648793288,0.955409248046918,0.97729364276068,0.990009909794226,0.99617064523127,1,0.995375182734769,0.979984617220224,0.951990276735025,0.910599628812404,0.856499744011555,0.791900946353171,0.742772525458292,0.679467663568812,0.582712006093497,0.477412524261765,0.381065984987777,0.299884413453853,0.233666861412307,0.180047438086933,0.138715033135224,0.0899654949383497,0.0648650020598607,0.0513644569823059,0.04314434453353,0.0376595079409476,0.0337532730078247,0.0308349784404158
0.755359571625586,0.794837441216019,0.834258894466788,0.872279452432834,0.907179140739116,0.936959546443082,0.959563727429511,0.973206247252993,0.983164661324296,0.995375182734769,1,0.994576089813336,0.976995326968494,0.946090426653549,0.902121652770512,0.846899841196578,0.802546362574491,0.73734046563149,0.635563094235567,0.523858191487618,0.421183279930956,0.334422255752081,0.263515618115108,0.206017924288162,0.161314154408875,0.10603786479364,0.077352093726976,0.0618843765240241,0.0524549098747939,0.0461585268025994,0.0416721355318025,0.0383192504813656
0.726371776094376,0.765393346965596,0.804462728784895,0.842281048902832,0.877179253634914,0.907209656133792,0.930357382217235,0.944860477868537,0.958826889837294,0.979984617220224,0.994576089813336,1,0.993877768236425,0.974648528783405,0.942107712342218,0.89761472571312,0.858893908923058,0.792309881880645,0.686157003893233,0.56868196489335,0.460226145215164,0.368329090568589,0.293085070785652,0.231988018779257,0.184100276856903,0.122333855123686,0.090065411243021,0.0726291182213446,0.0619886042069903,0.054879211594262,0.0498114641985597,0.0460230081859166
0.686947781087296,0.725020931630524,0.763252039330595,0.800406111809693,0.834888019946933,0.864827105951636,0.888277126088958,0.903522008892045,0.921579903035098,0.951990276735025,0.976995326968494,0.993877768236425,1,0.993401628065502,0.973386749819258,0.940819091278796,0.90854166003575,0.841284994546581,0.731745770647116,0.609537503953934,0.496229832347012,0.399969160711934,0.321011979938758,0.256817606746145,0.206116807540313,0.138190323884251,0.102499691414244,0.0831795067828396,0.0713790189156216,0.0634905012212447,0.0578654378876054,0.0536593220022576
0.637125977932654,0.673721456817523,0.71058718229676,0.746570469319137,0.780173587424758,0.809630069102813,0.8330901219542,0.848907531226029,0.87097861152166,0.910599628812404,0.946090426653549,0.974648528783405,0.993401628065502,1,0.993246735546356,0.973479838891555,0.948308966386615,0.881225285576074,0.769589830599862,0.644051331422362,0.527174997838607,0.427631651186277,0.345842850913572,0.279264891580032,0.226300793438625,0.152859837824692,0.114079173746584,0.0930537084382778,0.0802019851910981,0.0716068926163039,0.0654761803132402,0.060891002951056
0.578169191831717,0.612778396271366,0.64776781367288,0.682083502214381,0.71434637490757,0.742919087018831,0.766074258897622,0.782258450911248,0.808093011140613,0.856499744011555,0.902121652770512,0.942107712342218,0.973386749819258,0.993246735546356,1,0.993448172656678,0.975804510550787,0.909796650952756,0.797539668824334,0.670317985190622,0.551400945974049,0.449873452784143,0.366318392481587,0.298223160147863,0.243680663105897,0.16564729601852,0.124261425183864,0.101793184959146,0.0880505784346595,0.0788561117816811,0.0722961954170246,0.0673891196502067
0.512461297430935,0.544656998138591,0.57733621087667,0.609556174348356,0.640072877482442,0.667397783839003,0.689946901346186,0.706278687515258,0.735479243163313,0.791900946353171,0.846899841196578,0.89761472571312,0.940819091278796,0.973479838891555,0.993448172656678,1,0.990003777809311,0.92592719091624,0.814540225593896,0.687340395229124,0.567983388683833,0.465842029522275,0.381650419379151,0.312959764361312,0.257582684632327,0.176056035924299,0.132650433849619,0.109057696872878,0.0946190066456941,0.0849555461032274,0.0780594707349525,0.0729001104648132
0.46670192938978,0.497012856046588,0.527859567132705,0.558377882232088,0.587420764631706,0.613608311951716,0.635463492235732,0.651631366467135,0.682399937857561,0.742772525458292,0.802546362574491,0.858893908923058,0.90854166003575,0.948308966386615,0.975804510550787,0.990003777809311,1,0.968102195387752,0.884008905981821,0.776787069145468,0.670873176309327,0.577502383894695,0.499036428549358,0.434141164803073,0.363253390897506,0.244955527416471,0.182558904040844,0.14874164726024,0.128074533381424,0.114253992632801,0.10439673115212,0.0970248089805146
0.421726388305217,0.449476162573026,0.477744781406893,0.505749308485589,0.532448117925347,0.556585460841227,0.576814112446069,0.591894399084955,0.621334137357866,0.679467663568812,0.73734046563149,0.792309881880645,0.841284994546581,0.881225285576074,0.909796650952756,0.92592719091624,0.968102195387752,1,0.972938231764642,0.9098000339252,0.835278882851156,0.763632210842869,0.700245039307591,0.646004792381836,0.547550052389795,0.36349413455336,0.26739666656159,0.215480202067277,0.183801082933535,0.162636049040024,0.147549653323071,0.136271930110449
0.356431032175334,0.380251621886863,0.404546130568213,0.428650765058879,0.451679939825748,0.472563324341532,0.490149492464158,0.503375084254673,0.529926650888042,0.582712006093497,0.635563094235567,0.686157003893233,0.731745770647116,0.769589830599862,0.797539668824334,0.814540225593896,0.884008905981821,0.972938231764642,1,0.981082185949646,0.93972061503184,0.892154662131793,0.846253320288344,0.804902650834511,0.68658588914466,0.452282291254679,0.330532932546953,0.264857321056825,0.2248119849113,0.198069138829739,0.179012428455501,0.164769676559243
0.286900889991639,0.306438804864831,0.326393288390561,0.346227975865946,0.365224848017039,0.382513437809614,0.39715425225922,0.408275876936413,0.431303369100849,0.477412524261765,0.523858191487618,0.56868196489335,0.609537503953934,0.644051331422362,0.670317985190622,0.687340395229124,0.776787069145468,0.9098000339252,0.981082185949646,1,0.98814052276004,0.962728236686367,0.933385984088793,0.904554295525226,0.774517574721673,0.507860218208096,0.369682783599877,0.295210951501551,0.249821728737302,0.219517922909849,0.197927377728259,0.181792825767958
0.224043759404726,0.239659880255299,0.255635889896155,0.271550906065882,0.286839108358247,0.300811941452274,0.312723251802458,0.321877281789156,0.34149093735391,0.381065984987777,0.421183279930956,0.460226145215164,0.496229832347012,0.527174997838607,0.551400945974049,0.567983388683833,0.670873176309327,0.835278882851156,0.93972061503184,0.98814052276004,1,0.99284216351531,0.97742245270468,0.959295072647939,0.823455749966155,0.538299819496231,0.39080411485876,0.311355989817667,0.262947489068047,0.230633315932438,0.207613015778912,0.190411382162845
0.171482805188766,0.183792706492301,0.196412514904436,0.20901806602418,0.221171189951277,0.232336103354636,0.241929256812708,0.249402917586767,0.266039957269959,0.299884413453853,0.334422255752081,0.368329090568589,0.399969160711934,0.427631651186277,0.449873452784143,0.465842029522275,0.577502383894695,0.763632210842869,0.892154662131793,0.962728236686367,0.99284216351531,1,0.995661928021471,0.986157384743529,0.848030113655556,0.553157372538835,0.400830170586842,0.318812992725661,0.268849118771346,0.235500648185378,0.21174539994918,0.193995584982203
0.128835125215762,0.138447276000813,0.148327323202692,0.158229664216695,0.16781991926476,0.176686633769732,0.184378720344706,0.190469195247421,0.204622360801725,0.233666861412307,0.263515618115108,0.293085070785652,0.321011979938758,0.345842850913572,0.366318392481587,0.381650419379151,0.499036428549358,0.700245039307591,0.846253320288344,0.933385984088793,0.97742245270468,0.995661928021471,1,0.997307296828662,0.858767048290261,0.559247918582757,0.404666974512968,0.321461528758022,0.270781304099734,0.23695769479651,0.212865404739085,0.194864508190625
0.0944336975006118,0.101860789848579,0.109521029320397,0.117232235157769,0.124743876459469,0.131745006713946,0.137891699311391,0.142854751998123,0.154963677841926,0.180047438086933,0.206017924288162,0.231988018779257,0.256817606746145,0.279264891580032,0.298223160147863,0.312959764361312,0.434141164803073,0.646004792381836,0.804902650834511,0.904554295525226,0.959295072647939,0.986157384743529,0.997307296828662,1,0.861980992725398,0.560630302430534,0.40521778650201,0.321584314736175,0.27064922900191,0.236657851216756,0.212447161084929,0.194358386645226
0.070563612462533,0.0761262709508889,0.081864389144918,0.0876417631833456,0.0932710049984445,0.0985194494576669,0.103129654681885,0.106855081615732,0.117031895216809,0.138715033135224,0.161314154408875,0.184100276856903,0.206116807540313,0.226300793438625,0.243680663105897,0.257582684632327,0.363253390897506,0.547550052389795,0.68658588914466,0.774517574721673,0.823455749966155,0.848030113655556,0.858767048290261,0.861980992725398,1,0.902889917058497,0.812506919361552,0.756922638902006,0.720995104910948,0.696194293240596,0.678139263269301,0.664441510549463
0.0454571805591093,0.0488999111746854,0.0524421053136518,0.0559968164983777,0.0594453344657099,0.0626412277587926,0.0654235532905821,0.0676394771754817,0.0746144050290349,0.0899654949383497,0.10603786479364,0.122333855123686,0.138190323884251,0.152859837824692,0.16564729601852,0.176056035924299,0.244955527416471,0.36349413455336,0.452282291254679,0.507860218208096,0.538299819496231,0.553157372538835,0.559247918582757,0.560630302430534,0.902889917058497,1,0.984198758332156,0.964340995435655,0.948854669072557,0.937171769276943,0.928212285991627,0.92117807629063
0.032579082960237,0.0349564906278802,0.0373965082370407,0.0398373305221771,0.0421951603090547,0.0443672575024406,0.0462414084221797,0.0477119053707573,0.0529787420852478,0.0648650020598607,0.077352093726976,0.090065411243021,0.102499691414244,0.114079173746584,0.124261425183864,0.132650433849619,0.182558904040844,0.26739666656159,0.330532932546953,0.369682783599877,0.39080411485876,0.400830170586842,0.404666974512968,0.40521778650201,0.812506919361552,0.984198758332156,1,0.995966334975791,0.989764046925525,0.984136431308804,0.979423420812568,0.975526491220836
0.0256609089537974,0.0274698449736163,0.0293219617393409,0.0311689383228988,0.032945678525326,0.0345728196494819,0.0359641924807744,0.0370392430287591,0.0413770982232023,0.0513644569823059,0.0618843765240241,0.0726291182213446,0.0831795067828396,0.0930537084382778,0.101793184959146,0.109057696872878,0.14874164726024,0.215480202067277,0.264857321056825,0.295210951501551,0.311355989817667,0.318812992725661,0.321461528758022,0.321584314736175,0.756922638902006,0.964340995435655,0.995966334975791,1,0.998577020313681,0.996085642823533,0.993581254127164,0.991321043671005
0.0214511440062933,0.022915305149745,0.0244109345707209,0.025897910193493,0.0273224992031379,0.0286195361637654,0.0297186602639645,0.0305545750530654,0.0343237294371372,0.04314434453353,0.0524549098747939,0.0619886042069903,0.0713790189156216,0.0802019851910981,0.0880505784346595,0.0946190066456941,0.128074533381424,0.183801082933535,0.2248119849113,0.249821728737302,0.262947489068047,0.268849118771346,0.270781304099734,0.27064922900191,0.720995104910948,0.948854669072557,0.989764046925525,0.998577020313681,1,0.999382124949504,0.998199971052228,0.99692115924132
0.0186431979264469,0.0198778468412762,0.0211361956183223,0.0223835883044866,0.0235738650631638,0.0246513189759879,0.0255561177038574,0.02623312232631,0.0296215933194502,0.0376595079409476,0.0461585268025994,0.054879211594262,0.0634905012212447,0.0716068926163039,0.0788561117816811,0.0849555461032274,0.114253992632801,0.162636049040024,0.198069138829739,0.219517922909849,0.230633315932438,0.235500648185378,0.23695769479651,0.236657851216756,0.696194293240596,0.937171769276943,0.984136431308804,0.996085642823533,0.999382124949504,1,0.999691144340155,0.999061142691076
0.0166438870006566,0.0177153345057648,0.0188049714035561,0.0198820325039691,0.0209057470019382,0.0218271373341425,0.0225938601234895,0.023157999630291,0.0262747747835179,0.0337532730078247,0.0416721355318025,0.0498114641985597,0.0578654378876054,0.0654761803132402,0.0722961954170246,0.0780594707349525,0.10439673115212,0.147549653323071,0.179012428455501,0.197927377728259,0.207613015778912,0.21174539994918,0.212865404739085,0.212447161084929,0.678139263269301,0.928212285991627,0.979423420812568,0.993581254127164,0.998199971052228,0.999691144340155,1,0.999829220888289
0.0151504822630885,0.016100139887481,0.0170638818919648,0.0180138486791568,0.018913293194906,0.0197182616126745,0.0203820005035146,0.0208619846609804,0.0237754715945716,0.0308349784404158,0.0383192504813656,0.0460230081859166,0.0536593220022576,0.060891002951056,0.0673891196502067,0.0729001104648132,0.0970248089805146,0.136271930110449,0.164769676559243,0.181792825767958,0.190411382162845,0.193995584982203,0.194864508190625,0.194358386645226,0.664441510549463,0.92117807629063,0.975526491220836,0.991321043671005,0.99692115924132,0.999061142691076,0.999829220888289,1
