1,0.985931350150989,0.918916285904436,0.751753259371906,0.583350572680907,0.567519532150729,0.534174583321433,0.479739407850848,0.439704384007291,0.439337629843846,0.431507529221152,0.415730530128916,0.405664090810154,0.40448176324657,0.39599610840172,0.380473060604139,0.363771668786298,0.343544851411695,0.316653750046398,0.286574890435281,0.260108129292787,0.231259824938054,0.201737432669327,0.175529642249665,0.159927685550392,0.11930755340981,0.100819068404681,0.0912663303387433,0.0832217613646459,0.0647717892238761,0.0584421984644635,0.0553629788457861
0.985931350150989,1,0.971921423092438,0.851403746426413,0.710682349403387,0.693413212926825,0.655073777274066,0.591135621954204,0.543181498910717,0.541285712186065,0.530111939670968,0.509140389505292,0.494387913044494,0.489477966068518,0.47563639983117,0.453375563633495,0.432016127815535,0.408670270585313,0.377346604967755,0.34214702421864,0.310941554174276,0.276642749945878,0.241491858378603,0.210264547667274,0.183827504335342,0.131958088753653,0.109139101129269,0.0974526608577286,0.0907637533679961,0.0714931760593395,0.0648202530840022,0.0615663165398738
0.918916285904436,0.971921423092438,1,0.95091791203534,0.855902968853941,0.837436269144654,0.793901701270959,0.719647364912597,0.662841387243265,0.658883889617738,0.643538120405589,0.616258160807182,0.595615340959485,0.585692962220326,0.564974422699553,0.534294428012662,0.507400421343659,0.480781635905334,0.444717941135366,0.403995174715786,0.367613042254694,0.327283675490813,0.285892444622409,0.249094206448551,0.208670025176769,0.143448182934271,0.115625607898669,0.101495048225219,0.0970348558440777,0.0775318212091785,0.0706950978972799,0.0673510148160247
0.751753259371906,0.851403746426413,0.95091791203534,1,0.973264199302046,0.954810893035532,0.908188659333496,0.826754249011095,0.763193200850258,0.756864784302264,0.73735239917273,0.704122720961254,0.677509125455696,0.661848448861725,0.633868159372446,0.594755092689801,0.56289582403246,0.534262322527243,0.495066903929984,0.45058322300502,0.41052255166974,0.36573119935674,0.319693440072491,0.278733965293278,0.223392504583925,0.146220853734335,0.114211160488077,0.0980817464399655,0.096936078432929,0.0788047508965698,0.0723406273326198,0.0691656110737752
0.583350572680907,0.710682349403387,0.855902968853941,0.973264199302046,1,0.989438112915157,0.951042829336805,0.877274581785282,0.817049153220764,0.808815569425549,0.786408763420862,0.749336184964746,0.719041330464886,0.700014527365085,0.667891427165306,0.624062190932032,0.590310628441954,0.56228716387638,0.522999589184152,0.477898769065805,0.437184839135347,0.391054968732555,0.343209993572948,0.300447913889391,0.236450585492314,0.151186402626024,0.116221563950165,0.0986609964761536,0.0962685469320939,0.0779493564322017,0.0714451641921463,0.0682536897481259
0.567519532150729,0.693413212926825,0.837436269144654,0.954810893035532,0.989438112915157,1,0.985797972855003,0.937586137125985,0.891705053548082,0.881787370348347,0.856363790801392,0.814946848276185,0.782002925250031,0.762683172824524,0.729132624547965,0.682788655324511,0.648752870674074,0.622138879051415,0.582753646142705,0.536421478131595,0.494949034428168,0.446873652036743,0.39583209622906,0.349685800247395,0.28267786380803,0.18572109890493,0.145426887133313,0.125111731736,0.111267767858102,0.086154928872068,0.0775718398637652,0.073400360380791
0.534174583321433,0.655073777274066,0.793901701270959,0.908188659333496,0.951042829336805,0.985797972855003,1,0.982670633587132,0.954620899234574,0.943014345299776,0.914767903184098,0.869412883541221,0.834270919593127,0.81512255793925,0.780805288978249,0.732773184478919,0.699307967767917,0.675030518739511,0.636573423598085,0.590039646525263,0.54878490284116,0.499726619506046,0.446331184558071,0.397484205964535,0.328759968502027,0.220820383570908,0.175417250583112,0.15244792421077,0.125703065070971,0.0933835307908659,0.0826189026806052,0.0774223461444705
0.479739407850848,0.591135621954204,0.719647364912597,0.826754249011095,0.877274581785282,0.937586137125985,0.982670633587132,1,0.992557543552983,0.979469958719818,0.949040031969302,0.900835268614128,0.864427058514336,0.846099861922046,0.812068959172627,0.763758859740689,0.732027930517769,0.711130735923896,0.674967355683878,0.629746896870808,0.590094052929976,0.541570051814936,0.487338818268874,0.437123132249778,0.368772754904933,0.252273335453773,0.202729718001499,0.177588930672148,0.137487316341658,0.0982800385535026,0.0854628050766949,0.0793063235667147
0.439704384007291,0.543181498910717,0.662841387243265,0.763193200850258,0.817049153220764,0.891705053548082,0.954620899234574,0.992557543552983,1,0.992214344628935,0.967174393281168,0.924154118548615,0.890858920439378,0.87328438655843,0.839537688968745,0.791015639806098,0.760317311899647,0.741412923766244,0.706390037475089,0.661586464666481,0.622309893539931,0.573234559635588,0.517622492189873,0.465810813077091,0.395890448088876,0.272572710632966,0.2199151268314,0.193164007753637,0.144228314013064,0.100688324376672,0.0865907190685919,0.079837005856932
0.439337629843846,0.541285712186065,0.658883889617738,0.756864784302264,0.808815569425549,0.881787370348347,0.943014345299776,0.979469958719818,0.992214344628935,1,0.991292099940324,0.964536465430924,0.940048397611304,0.922489256760491,0.887873792040221,0.837622446662661,0.805756750796336,0.785904014095472,0.748952478164367,0.701611518010698,0.659421198685089,0.606442987227645,0.546779255399906,0.491344702442699,0.414485887778036,0.283304897695243,0.22754711661223,0.199257111522148,0.14746885414765,0.10240823072137,0.0878471815888726,0.080875260238287
0.431507529221152,0.530111939670968,0.643538120405589,0.73735239917273,0.786408763420862,0.856363790801392,0.914767903184098,0.949040031969302,0.967174393281168,0.991292099940324,1,0.990894616462014,0.976133374132774,0.95888795827867,0.923940305638457,0.87271178303399,0.840151600339497,0.819632453570842,0.781267661973413,0.732045807928971,0.687489407712129,0.631282029456426,0.568345066610417,0.510019011937721,0.427125977872969,0.289853161496989,0.231761993243344,0.202324114189422,0.148397055726293,0.102491948960305,0.0876875512675089,0.080603016391579
0.415730530128916,0.509140389505292,0.616258160807182,0.704122720961254,0.749336184964746,0.814946848276185,0.869412883541221,0.900835268614128,0.924154118548615,0.964536465430924,0.990894616462014,1,0.995449944146133,0.978835872863466,0.944177938673379,0.892872855477724,0.860188957012132,0.839357955976963,0.800239066337404,0.749980493826312,0.703807267946482,0.645310409187646,0.580160104196624,0.519927975301771,0.432357968448774,0.291328599263208,0.23189778011878,0.201816382858055,0.146673640123474,0.100731778845978,0.0859451766196412,0.0788730830097887
0.405664090810154,0.494387913044494,0.595615340959485,0.677509125455696,0.719041330464886,0.782002925250031,0.834270919593127,0.864427058514336,0.890858920439378,0.940048397611304,0.976133374132774,0.995449944146133,1,0.991364019712004,0.964673586741706,0.920894735742298,0.891528268518389,0.869755455001648,0.829045601494776,0.776814609596056,0.729012100316058,0.668569249559686,0.601197916125247,0.538890055927355,0.444898778904255,0.297377143886919,0.235495578059133,0.204214200692349,0.145974881071757,0.0991732680877935,0.0841653718520375,0.0769947906131679
0.40448176324657,0.489477966068518,0.585692962220326,0.661848448861725,0.700014527365085,0.762683172824524,0.81512255793925,0.846099861922046,0.87328438655843,0.922489256760491,0.95888795827867,0.978835872863466,0.991364019712004,1,0.990890940339747,0.96406129252718,0.942226720220725,0.918594846782194,0.875007210805253,0.819326099354964,0.769595279948723,0.70727776798919,0.637278185533079,0.572315400290924,0.469094089021206,0.310767206088793,0.244678093869052,0.211316139429867,0.147268372007874,0.0983256259239865,0.0827177931476459,0.0752721089925252
0.39599610840172,0.47563639983117,0.564974422699553,0.633868159372446,0.667891427165306,0.729132624547965,0.780805288978249,0.812068959172627,0.839537688968745,0.887873792040221,0.923940305638457,0.944177938673379,0.964673586741706,0.990890940339747,1,0.991057863819545,0.977350344109469,0.95223423572864,0.906474987896333,0.848251938922995,0.797434961813878,0.73431266004321,0.662872529739628,0.59635125458699,0.485507242797633,0.318930721324641,0.249708976306751,0.214810231621882,0.145949163165802,0.0956875433731548,0.0797442218760304,0.072149887589183
0.380473060604139,0.453375563633495,0.534294428012662,0.594755092689801,0.624062190932032,0.682788655324511,0.732773184478919,0.763758859740689,0.791015639806098,0.837622446662661,0.87271178303399,0.892872855477724,0.920894735742298,0.96406129252718,0.991057863819545,1,0.994591355006778,0.968455891581856,0.92136712073687,0.861671562669169,0.810691446224457,0.747905893452315,0.676322032238586,0.609451784210294,0.493046536096021,0.321288971609188,0.250207056519002,0.214412654802095,0.142019668013558,0.091354346824035,0.0753650760400251,0.0677599066730464
0.363771668786298,0.432016127815535,0.507400421343659,0.56289582403246,0.590310628441954,0.648752870674074,0.699307967767917,0.732027930517769,0.760317311899647,0.805756750796336,0.840151600339497,0.860188957012132,0.891528268518389,0.942226720220725,0.977350344109469,0.994591355006778,1,0.986882300355086,0.951464494296812,0.901615702370298,0.856324937355356,0.79482552486925,0.722842485205272,0.654840260267472,0.523472267219241,0.335511824325756,0.258347326176966,0.219580013745738,0.149610587556346,0.0985675896087672,0.0823539994419621,0.0746279106565253
0.343544851411695,0.408670270585313,0.480781635905334,0.534262322527243,0.56228716387638,0.622138879051415,0.675030518739511,0.711130735923896,0.741412923766244,0.785904014095472,0.819632453570842,0.839357955976963,0.869755455001648,0.918594846782194,0.95223423572864,0.968455891581856,0.986882300355086,1,0.988668437279831,0.959618118853039,0.925812428853539,0.866926670432251,0.79482923749583,0.725461093005947,0.571377315533309,0.358352557281572,0.271746374944628,0.228359183649699,0.166929528533796,0.115908337246625,0.099421914898608,0.0915282113541558
0.316653750046398,0.377346604967755,0.444717941135366,0.495066903929984,0.522999589184152,0.582753646142705,0.636573423598085,0.674967355683878,0.706390037475089,0.748952478164367,0.781267661973413,0.800239066337404,0.829045601494776,0.875007210805253,0.906474987896333,0.92136712073687,0.951464494296812,0.988668437279831,1,0.990972591027502,0.968641670239046,0.913571731920932,0.843064311868448,0.774058235693581,0.602477707773698,0.371159248986444,0.277811508764982,0.231149397609723,0.179105796124028,0.129305359678454,0.112953154484537,0.10508932598208
0.286574890435281,0.34214702421864,0.403995174715786,0.45058322300502,0.477898769065805,0.536421478131595,0.590039646525263,0.629746896870808,0.661586464666481,0.701611518010698,0.732045807928971,0.749980493826312,0.776814609596056,0.819326099354964,0.848251938922995,0.861671562669169,0.901615702370298,0.959618118853039,0.990972591027502,1,0.988344490736379,0.937736810612243,0.869999422018796,0.802637983514957,0.618716851095577,0.375489874298948,0.27790877656934,0.229215370890966,0.186550719566877,0.138794055493298,0.122874817701918,0.115188241327252
0.260108129292787,0.310941554174276,0.367613042254694,0.41052255166974,0.437184839135347,0.494949034428168,0.54878490284116,0.590094052929976,0.622309893539931,0.659421198685089,0.687489407712129,0.703807267946482,0.729012100316058,0.769595279948723,0.797434961813878,0.810691446224457,0.856324937355356,0.925812428853539,0.968641670239046,0.988344490736379,1,0.978494138179954,0.932324395841232,0.880385442834775,0.677622609581935,0.405668584171059,0.297111138647983,0.243022326547368,0.202516668535584,0.152846060667292,0.136152197042131,0.128074092896069
0.231259824938054,0.276642749945878,0.327283675490813,0.36573119935674,0.391054968732555,0.446873652036743,0.499726619506046,0.541570051814936,0.573234559635588,0.606442987227645,0.631282029456426,0.645310409187646,0.668569249559686,0.70727776798919,0.73431266004321,0.747905893452315,0.79482552486925,0.866926670432251,0.913571731920932,0.937736810612243,0.978494138179954,1,0.986867613120941,0.959279565626606,0.740597922996831,0.438923214992357,0.31893106519812,0.259209218724965,0.217117597880329,0.164490704510651,0.146762258107256,0.138178314053655
0.201737432669327,0.241491858378603,0.285892444622409,0.319693440072491,0.343209993572948,0.39583209622906,0.446331184558071,0.487338818268874,0.517622492189873,0.546779255399906,0.568345066610417,0.580160104196624,0.601197916125247,0.637278185533079,0.662872529739628,0.676322032238586,0.722842485205272,0.79482923749583,0.843064311868448,0.869999422018796,0.932324395841232,0.986867613120941,1,0.992307757590018,0.767714913568371,0.451808506375576,0.326458547148035,0.264115604625713,0.222043663106757,0.168679143600433,0.150671909200619,0.141949137755459
0.175529642249665,0.210264547667274,0.249094206448551,0.278733965293278,0.300447913889391,0.349685800247395,0.397484205964535,0.437123132249778,0.465810813077091,0.491344702442699,0.510019011937721,0.519927975301771,0.538890055927355,0.572315400290924,0.59635125458699,0.609451784210294,0.654840260267472,0.725461093005947,0.774058235693581,0.802637983514957,0.880385442834775,0.959279565626606,0.992307757590018,1,0.77486492185522,0.453660986423199,0.326430675717935,0.263185965399024,0.221876166359148,0.168893919277791,0.150992775015155,0.142318495974015
0.159927685550392,0.183827504335342,0.208670025176769,0.223392504583925,0.236450585492314,0.28267786380803,0.328759968502027,0.368772754904933,0.395890448088876,0.414485887778036,0.427125977872969,0.432357968448774,0.444898778904255,0.469094089021206,0.485507242797633,0.493046536096021,0.523472267219241,0.571377315533309,0.602477707773698,0.618716851095577,0.677622609581935,0.740597922996831,0.767714913568371,0.77486492185522,1,0.914607017807089,0.850032599076561,0.813288536466023,0.506595482586053,0.300751455342727,0.236923033449017,0.206716855737703
0.11930755340981,0.131958088753653,0.143448182934271,0.146220853734335,0.151186402626024,0.18572109890493,0.220820383570908,0.252273335453773,0.272572710632966,0.283304897695243,0.289853161496989,0.291328599263208,0.297377143886919,0.310767206088793,0.318930721324641,0.321288971609188,0.335511824325756,0.358352557281572,0.371159248986444,0.375489874298948,0.405668584171059,0.438923214992357,0.451808506375576,0.453660986423199,0.914607017807089,1,0.990425885353123,0.979111196456128,0.572885225452626,0.316355819766647,0.237751496330382,0.200682299554535
0.100819068404681,0.109139101129269,0.115625607898669,0.114211160488077,0.116221563950165,0.145426887133313,0.175417250583112,0.202729718001499,0.2199151268314,0.22754711661223,0.231761993243344,0.23189778011878,0.235495578059133,0.244678093869052,0.249708976306751,0.250207056519002,0.258347326176966,0.271746374944628,0.277811508764982,0.27790877656934,0.297111138647983,0.31893106519812,0.326458547148035,0.326430675717935,0.850032599076561,0.990425885353123,1,0.997805250053336,0.573330365530035,0.309431479015486,0.228826744343769,0.190850079051456
0.0912663303387433,0.0974526608577286,0.101495048225219,0.0980817464399655,0.0986609964761536,0.125111731736,0.15244792421077,0.177588930672148,0.193164007753637,0.199257111522148,0.202324114189422,0.201816382858055,0.204214200692349,0.211316139429867,0.214810231621882,0.214412654802095,0.219580013745738,0.228359183649699,0.231149397609723,0.229215370890966,0.243022326547368,0.259209218724965,0.264115604625713,0.263185965399024,0.813288536466023,0.979111196456128,0.997805250053336,1,0.569652574250805,0.30400987169655,0.222992671711086,0.184838472371314
0.0832217613646459,0.0907637533679961,0.0970348558440777,0.096936078432929,0.0962685469320939,0.111267767858102,0.125703065070971,0.137487316341658,0.144228314013064,0.14746885414765,0.148397055726293,0.146673640123474,0.145974881071757,0.147268372007874,0.145949163165802,0.142019668013558,0.149610587556346,0.166929528533796,0.179105796124028,0.186550719566877,0.202516668535584,0.217117597880329,0.222043663106757,0.221876166359148,0.506595482586053,0.572885225452626,0.573330365530035,0.569652574250805,1,0.956150766975906,0.928196766534045,0.912990852942905
0.0647717892238761,0.0714931760593395,0.0775318212091785,0.0788047508965698,0.0779493564322017,0.086154928872068,0.0933835307908659,0.0982800385535026,0.100688324376672,0.10240823072137,0.102491948960305,0.100731778845978,0.0991732680877935,0.0983256259239865,0.0956875433731548,0.091354346824035,0.0985675896087672,0.115908337246625,0.129305359678454,0.138794055493298,0.152846060667292,0.164490704510651,0.168679143600433,0.168893919277791,0.300751455342727,0.316355819766647,0.309431479015486,0.30400987169655,0.956150766975906,1,0.996471793279427,0.992444016516988
0.0584421984644635,0.0648202530840022,0.0706950978972799,0.0723406273326198,0.0714451641921463,0.0775718398637652,0.0826189026806052,0.0854628050766949,0.0865907190685919,0.0878471815888726,0.0876875512675089,0.0859451766196412,0.0841653718520375,0.0827177931476459,0.0797442218760304,0.0753650760400251,0.0823539994419621,0.099421914898608,0.112953154484537,0.122874817701918,0.136152197042131,0.146762258107256,0.150671909200619,0.150992775015155,0.236923033449017,0.237751496330382,0.228826744343769,0.222992671711086,0.928196766534045,0.996471793279427,1,0.999240333165364
0.0553629788457861,0.0615663165398738,0.0673510148160247,0.0691656110737752,0.0682536897481259,0.073400360380791,0.0774223461444705,0.0793063235667147,0.079837005856932,0.080875260238287,0.080603016391579,0.0788730830097887,0.0769947906131679,0.0752721089925252,0.072149887589183,0.0677599066730464,0.0746279106565253,0.0915282113541558,0.10508932598208,0.115188241327252,0.128074092896069,0.138178314053655,0.141949137755459,0.142318495974015,0.206716855737703,0.200682299554535,0.190850079051456,0.184838472371314,0.912990852942905,0.992444016516988,0.999240333165364,1
