1,0.591735954801193,0.453869877346246,0.405508968816571,0.376460584322852,0.347820126886365,0.33274552372814,0.324125147951518,0.320719141870563,0.294652127776445,0.276559444889786,0.250483403420669,0.244840998311378,0.236131114347327,0.222754885049062,0.208919538237895,0.207661503106841,0.196955707612098,0.202402602537832,0.205514266449626,0.200614854477124,0.202828242282641,0.188048938518317,0.190168820346131,0.188621605415635,0.182145612111163,0.178758532404667,0.164871799376456,0.147058866122465,0.123430847213863,0.126968392886091,0.120279822489856
0.591735954801193,1,0.880100346298428,0.834856486487724,0.798692378295215,0.77098056962444,0.754900493674846,0.744998908783126,0.73471019835119,0.712394723233715,0.698727352875765,0.684105039026325,0.673678182792448,0.666626570911137,0.656667406084952,0.637489895537609,0.628945314534418,0.612079218609991,0.606989342349966,0.60096505408391,0.59688208422167,0.59057206541741,0.579062851298008,0.578098213396175,0.567324124532473,0.548552202076941,0.52581669840761,0.484926293262272,0.404353888124672,0.242859252964618,0.125409741054433,0.0801861686915678
0.453869877346246,0.880100346298428,1,0.951108265523167,0.915625155848678,0.886850653167821,0.870039688174389,0.857025143628309,0.846341871485422,0.825327019935411,0.809601363668187,0.7979921862104,0.786783325713237,0.778483774454335,0.767520405635388,0.755008728054362,0.746405705788528,0.728446496065002,0.720598307989195,0.710530528775254,0.70190903272911,0.693789311965275,0.678003938578117,0.674056614437902,0.659937688310706,0.641798034178381,0.615973600710853,0.568475932507893,0.462602072662555,0.277545896638574,0.156249979759349,0.0933363951839823
0.405508968816571,0.834856486487724,0.951108265523167,1,0.967312225216535,0.936205146503067,0.919313797037862,0.903991691100217,0.891586619004229,0.871443390650776,0.856557662228236,0.843640484131106,0.830668585456933,0.81907525625425,0.805135972063842,0.793319368058901,0.784347331693443,0.768384560320942,0.759873254921404,0.747130211463018,0.737753830268299,0.727913094435922,0.712237714816607,0.705946706587211,0.693430022092959,0.674548460948696,0.649169928921723,0.603532207204546,0.496587773164743,0.307201383531751,0.162665191985421,0.0931526094608114
0.376460584322852,0.798692378295215,0.915625155848678,0.967312225216535,1,0.975769751046828,0.957415840677283,0.94255627421241,0.929412408097411,0.911560059391393,0.897746342943535,0.881835311541108,0.869520400960451,0.857940978060094,0.844545744111319,0.830492810113295,0.819783233979803,0.803276865693338,0.791684910074014,0.775737824228536,0.764597800710204,0.755300575867649,0.741238582309423,0.733908582085547,0.721834082352244,0.704216919265662,0.677877885732149,0.630490106769256,0.521538162591908,0.313876706396912,0.156668020402869,0.0900187864141219
0.347820126886365,0.77098056962444,0.886850653167821,0.936205146503067,0.975769751046828,1,0.983869196450401,0.965364219464641,0.948436709356588,0.932350654407578,0.917779892310665,0.904193034316312,0.894452135158438,0.883917765822835,0.87183677562642,0.855662528046102,0.843484458528893,0.826995717584864,0.815470380311365,0.799113791320252,0.788306965775457,0.779878228344193,0.767552018764576,0.757904760153967,0.744974682987395,0.726510352223096,0.700450454086826,0.653329390706648,0.54117118536384,0.32208759226312,0.154527576373917,0.0902924430825758
0.33274552372814,0.754900493674846,0.870039688174389,0.919313797037862,0.957415840677283,0.983869196450401,1,0.983164417369379,0.966399735663914,0.950597786615495,0.935395841575961,0.920368095856535,0.911219696792947,0.900318999583055,0.888025555953228,0.871832575330069,0.8591295068798,0.841648769148975,0.829459464950952,0.814849013074417,0.803532234726234,0.794178203648644,0.784209107549632,0.776772651073001,0.763931624254666,0.744983538206673,0.720219414272652,0.674357650462732,0.558726968732967,0.330789341644132,0.16496712228541,0.0949471581118244
0.324125147951518,0.744998908783126,0.857025143628309,0.903991691100217,0.94255627421241,0.965364219464641,0.983164417369379,1,0.986092201810163,0.970157282875171,0.95602304382795,0.941064060992341,0.932031114988476,0.919738487199051,0.906542647427327,0.889594551627554,0.877242469953751,0.860999316358023,0.850941301796955,0.835228338282727,0.822163289507145,0.811023293989058,0.800915267532399,0.796594789900912,0.78275042699708,0.764379603518082,0.740094514052778,0.693013434308176,0.57791925724948,0.350491808422572,0.176188536059552,0.0990102150773829
0.320719141870563,0.73471019835119,0.846341871485422,0.891586619004229,0.929412408097411,0.948436709356588,0.966399735663914,0.986092201810163,1,0.98461993580368,0.970995762953064,0.955986778056923,0.945984140460856,0.934442414381021,0.921181344002081,0.905443923098616,0.893946939565747,0.878906648022339,0.869753483898914,0.853909049528133,0.840398802778422,0.829420075069613,0.819620742968227,0.813958114484214,0.799561206978493,0.780393343313357,0.755424923924751,0.706572754147411,0.593255845993641,0.357926229835031,0.172220931956275,0.0999603001900098
0.294652127776445,0.712394723233715,0.825327019935411,0.871443390650776,0.911560059391393,0.932350654407578,0.950597786615495,0.970157282875171,0.98461993580368,1,0.987448163459919,0.973946742830495,0.964789147149618,0.952408929681678,0.93867735959781,0.923748574897668,0.909857641965246,0.894725693777861,0.884612345142025,0.87096934163481,0.858063389007971,0.8476101114468,0.839109446012439,0.832158804960418,0.816212355818384,0.797929485816977,0.772684317874458,0.724462414420013,0.613661380983841,0.377261552244733,0.169355292389786,0.0936024805804828
0.276559444889786,0.698727352875765,0.809601363668187,0.856557662228236,0.897746342943535,0.917779892310665,0.935395841575961,0.95602304382795,0.970995762953064,0.987448163459919,1,0.989704528968756,0.979978334498485,0.967509594668577,0.954202662463771,0.9381468631178,0.922795476137333,0.905959970310438,0.893303320543903,0.877926040955668,0.864380286594377,0.853795479058776,0.846371133098567,0.838833883732121,0.822905694565122,0.804700290004922,0.782060475291429,0.733929832277797,0.625029027408958,0.381299685003545,0.169063287288928,0.0947929954854359
0.250483403420669,0.684105039026325,0.7979921862104,0.843640484131106,0.881835311541108,0.904193034316312,0.920368095856535,0.941064060992341,0.955986778056923,0.973946742830495,0.989704528968756,1,0.991722739303937,0.97847271016093,0.963840262376995,0.948651985473431,0.931897081188306,0.915723949459173,0.90153491347297,0.885401217299956,0.8723633507572,0.862124588763,0.855499971788536,0.847365177356502,0.831255676918396,0.812934145330508,0.788941148317599,0.740477705229114,0.631175427331767,0.385667127987673,0.174584828269688,0.092760467015069
0.244840998311378,0.673678182792448,0.786783325713237,0.830668585456933,0.869520400960451,0.894452135158438,0.911219696792947,0.932031114988476,0.945984140460856,0.964789147149618,0.979978334498485,0.991722739303937,1,0.990281859542088,0.97716543774622,0.962918287148259,0.946327479548477,0.930150512363879,0.914996352796949,0.898949606968499,0.886431933441452,0.875804700531672,0.867141275862323,0.858787489472408,0.842841873899262,0.824707695286491,0.80217564384237,0.757730354392055,0.648206553960901,0.399603586002471,0.188689760129531,0.11179950829323
0.236131114347327,0.666626570911137,0.778483774454335,0.81907525625425,0.857940978060094,0.883917765822835,0.900318999583055,0.919738487199051,0.934442414381021,0.952408929681678,0.967509594668577,0.97847271016093,0.990281859542088,1,0.989998458299949,0.975943192299213,0.960110563297075,0.943563921795535,0.927281898148631,0.912114121278977,0.899178541675413,0.887351211088361,0.877230071910295,0.866980740311641,0.850903416771263,0.832574998987837,0.810596201737338,0.768116720436652,0.659865608977845,0.409217840888951,0.194764021451179,0.12120403392208
0.222754885049062,0.656667406084952,0.767520405635388,0.805135972063842,0.844545744111319,0.87183677562642,0.888025555953228,0.906542647427327,0.921181344002081,0.93867735959781,0.954202662463771,0.963840262376995,0.97716543774622,0.989998458299949,1,0.989382566050106,0.975367995456961,0.958968351111494,0.94266572927682,0.927748830982591,0.915019250146707,0.903488392435222,0.892319300034656,0.880034609859625,0.864342591175798,0.846294497133617,0.824630562154199,0.78011607541344,0.670688094346747,0.418964019483217,0.200405411987735,0.130948809142969
0.208919538237895,0.637489895537609,0.755008728054362,0.793319368058901,0.830492810113295,0.855662528046102,0.871832575330069,0.889594551627554,0.905443923098616,0.923748574897668,0.9381468631178,0.948651985473431,0.962918287148259,0.975943192299213,0.989382566050106,1,0.9882259344104,0.973932138817087,0.958774714166975,0.943852786414779,0.931383662772272,0.919300885053643,0.907602679305935,0.895226304890805,0.878818863501677,0.860032244918795,0.836981560900347,0.793394894904727,0.684155135704373,0.436026811153909,0.217067412757731,0.14654254184075
0.207661503106841,0.628945314534418,0.746405705788528,0.784347331693443,0.819783233979803,0.843484458528893,0.8591295068798,0.877242469953751,0.893946939565747,0.909857641965246,0.922795476137333,0.931897081188306,0.946327479548477,0.960110563297075,0.975367995456961,0.9882259344104,1,0.988856182873134,0.974177818946451,0.959262986339773,0.946207015543003,0.932208589466075,0.917146819531731,0.904342271729493,0.887682375350452,0.868080678143525,0.841872645648282,0.797955650435339,0.690793172026129,0.446073974893541,0.22062577494251,0.151463725137475
0.196955707612098,0.612079218609991,0.728446496065002,0.768384560320942,0.803276865693338,0.826995717584864,0.841648769148975,0.860999316358023,0.878906648022339,0.894725693777861,0.905959970310438,0.915723949459173,0.930150512363879,0.943563921795535,0.958968351111494,0.973932138817087,0.988856182873134,1,0.989367747862277,0.974746141741786,0.960546494830501,0.945810628039125,0.930605792753377,0.919235466629059,0.902102621935411,0.882296188434359,0.856867627453102,0.813750105005654,0.709025039286544,0.466407159411892,0.239140960702227,0.160869786803059
0.202402602537832,0.606989342349966,0.720598307989195,0.759873254921404,0.791684910074014,0.815470380311365,0.829459464950952,0.850941301796955,0.869753483898914,0.884612345142025,0.893303320543903,0.90153491347297,0.914996352796949,0.927281898148631,0.94266572927682,0.958774714166975,0.974177818946451,0.989367747862277,1,0.989491022670123,0.975006796855492,0.959038670420525,0.943692909034737,0.933143947482179,0.917093725604126,0.897917099966536,0.873835255979216,0.831268700385836,0.725914978098547,0.485415230454251,0.256384230099108,0.177746563429178
0.205514266449626,0.60096505408391,0.710530528775254,0.747130211463018,0.775737824228536,0.799113791320252,0.814849013074417,0.835228338282727,0.853909049528133,0.87096934163481,0.877926040955668,0.885401217299956,0.898949606968499,0.912114121278977,0.927748830982591,0.943852786414779,0.959262986339773,0.974746141741786,0.989491022670123,1,0.990418056398664,0.975509043208426,0.958350573200685,0.946405750642448,0.931769335352355,0.912318336614182,0.886438136158827,0.842399632281251,0.737505629321792,0.495103907927201,0.259755975984964,0.186072627143521
0.200614854477124,0.59688208422167,0.70190903272911,0.737753830268299,0.764597800710204,0.788306965775457,0.803532234726234,0.822163289507145,0.840398802778422,0.858063389007971,0.864380286594377,0.8723633507572,0.886431933441452,0.899178541675413,0.915019250146707,0.931383662772272,0.946207015543003,0.960546494830501,0.975006796855492,0.990418056398664,1,0.987651911143412,0.972832793444708,0.959381902085026,0.943686515658924,0.924454010165746,0.898148932463555,0.85668257803178,0.75064787296006,0.512394314688817,0.268743538193314,0.191504115745981
0.202828242282641,0.59057206541741,0.693789311965275,0.727913094435922,0.755300575867649,0.779878228344193,0.794178203648644,0.811023293989058,0.829420075069613,0.8476101114468,0.853795479058776,0.862124588763,0.875804700531672,0.887351211088361,0.903488392435222,0.919300885053643,0.932208589466075,0.945810628039125,0.959038670420525,0.975509043208426,0.987651911143412,1,0.984469318112471,0.969741059235782,0.955350575362066,0.934968651751152,0.908094520851999,0.865186405585741,0.757275173136255,0.516143024392435,0.269636804791887,0.188808402042203
0.188048938518317,0.579062851298008,0.678003938578117,0.712237714816607,0.741238582309423,0.767552018764576,0.784209107549632,0.800915267532399,0.819620742968227,0.839109446012439,0.846371133098567,0.855499971788536,0.867141275862323,0.877230071910295,0.892319300034656,0.907602679305935,0.917146819531731,0.930605792753377,0.943692909034737,0.958350573200685,0.972832793444708,0.984469318112471,1,0.984316303513579,0.968795551901475,0.950054362047405,0.920915048752875,0.876266174516795,0.770626676643597,0.5251680950313,0.267022785715878,0.181167867528094
0.190168820346131,0.578098213396175,0.674056614437902,0.705946706587211,0.733908582085547,0.757904760153967,0.776772651073001,0.796594789900912,0.813958114484214,0.832158804960418,0.838833883732121,0.847365177356502,0.858787489472408,0.866980740311641,0.880034609859625,0.895226304890805,0.904342271729493,0.919235466629059,0.933143947482179,0.946405750642448,0.959381902085026,0.969741059235782,0.984316303513579,1,0.985499962412678,0.968585867056474,0.94264560566513,0.897765494328484,0.788603933229035,0.532207059967936,0.285792050254691,0.200890013242949
0.188621605415635,0.567324124532473,0.659937688310706,0.693430022092959,0.721834082352244,0.744974682987395,0.763931624254666,0.78275042699708,0.799561206978493,0.816212355818384,0.822905694565122,0.831255676918396,0.842841873899262,0.850903416771263,0.864342591175798,0.878818863501677,0.887682375350452,0.902102621935411,0.917093725604126,0.931769335352355,0.943686515658924,0.955350575362066,0.968795551901475,0.985499962412678,1,0.986794700556855,0.961843510776644,0.918702533406617,0.816554423553837,0.552355726770852,0.306130403268486,0.222737884332414
0.182145612111163,0.548552202076941,0.641798034178381,0.674548460948696,0.704216919265662,0.726510352223096,0.744983538206673,0.764379603518082,0.780393343313357,0.797929485816977,0.804700290004922,0.812934145330508,0.824707695286491,0.832574998987837,0.846294497133617,0.860032244918795,0.868080678143525,0.882296188434359,0.897917099966536,0.912318336614182,0.924454010165746,0.934968651751152,0.950054362047405,0.968585867056474,0.986794700556855,1,0.98101513621658,0.939506958399158,0.841103231391793,0.582850261999356,0.335602056730558,0.2462650469472
0.178758532404667,0.52581669840761,0.615973600710853,0.649169928921723,0.677877885732149,0.700450454086826,0.720219414272652,0.740094514052778,0.755424923924751,0.772684317874458,0.782060475291429,0.788941148317599,0.80217564384237,0.810596201737338,0.824630562154199,0.836981560900347,0.841872645648282,0.856867627453102,0.873835255979216,0.886438136158827,0.898148932463555,0.908094520851999,0.920915048752875,0.94264560566513,0.961843510776644,0.98101513621658,1,0.965727441262583,0.871398649584574,0.609315667732199,0.364302236483157,0.267217796592106
0.164871799376456,0.484926293262272,0.568475932507893,0.603532207204546,0.630490106769256,0.653329390706648,0.674357650462732,0.693013434308176,0.706572754147411,0.724462414420013,0.733929832277797,0.740477705229114,0.757730354392055,0.768116720436652,0.78011607541344,0.793394894904727,0.797955650435339,0.813750105005654,0.831268700385836,0.842399632281251,0.85668257803178,0.865186405585741,0.876266174516795,0.897765494328484,0.918702533406617,0.939506958399158,0.965727441262583,1,0.937912491093308,0.70455654175081,0.448901556221466,0.350142522483681
0.147058866122465,0.404353888124672,0.462602072662555,0.496587773164743,0.521538162591908,0.54117118536384,0.558726968732967,0.57791925724948,0.593255845993641,0.613661380983841,0.625029027408958,0.631175427331767,0.648206553960901,0.659865608977845,0.670688094346747,0.684155135704373,0.690793172026129,0.709025039286544,0.725914978098547,0.737505629321792,0.75064787296006,0.757275173136255,0.770626676643597,0.788603933229035,0.816554423553837,0.841103231391793,0.871398649584574,0.937912491093308,1,0.79854425385421,0.511419327122775,0.404609904394956
0.123430847213863,0.242859252964618,0.277545896638574,0.307201383531751,0.313876706396912,0.32208759226312,0.330789341644132,0.350491808422572,0.357926229835031,0.377261552244733,0.381299685003545,0.385667127987673,0.399603586002471,0.409217840888951,0.418964019483217,0.436026811153909,0.446073974893541,0.466407159411892,0.485415230454251,0.495103907927201,0.512394314688817,0.516143024392435,0.5251680950313,0.532207059967936,0.552355726770852,0.582850261999356,0.609315667732199,0.70455654175081,0.79854425385421,1,0.637920367287154,0.491234370629956
0.126968392886091,0.125409741054433,0.156249979759349,0.162665191985421,0.156668020402869,0.154527576373917,0.16496712228541,0.176188536059552,0.172220931956275,0.169355292389786,0.169063287288928,0.174584828269688,0.188689760129531,0.194764021451179,0.200405411987735,0.217067412757731,0.22062577494251,0.239140960702227,0.256384230099108,0.259755975984964,0.268743538193314,0.269636804791887,0.267022785715878,0.285792050254691,0.306130403268486,0.335602056730558,0.364302236483157,0.448901556221466,0.511419327122775,0.637920367287154,1,0.764344410656002
0.120279822489856,0.0801861686915678,0.0933363951839823,0.0931526094608114,0.0900187864141219,0.0902924430825758,0.0949471581118244,0.0990102150773829,0.0999603001900098,0.0936024805804828,0.0947929954854359,0.092760467015069,0.11179950829323,0.12120403392208,0.130948809142969,0.14654254184075,0.151463725137475,0.160869786803059,0.177746563429178,0.186072627143521,0.191504115745981,0.188808402042203,0.181167867528094,0.200890013242949,0.222737884332414,0.2462650469472,0.267217796592106,0.350142522483681,0.404609904394956,0.491234370629956,0.764344410656002,1
