1,0.776247159647622,0.7138534313254,0.671541392614382,0.640441601970678,0.621908628229822,0.599259574476071,0.582805830180522,0.575104198812125,0.558402794487567,0.54303199235673,0.533624411197488,0.520753986509002,0.516032270304389,0.507618308742504,0.494911805280745,0.47779535158737,0.459856567933979,0.441043082031868,0.420515709235116,0.400794377395676,0.383080541735658,0.36708117828879,0.350200927353919,0.32856566349815,0.30915389355778,0.285855964375858,0.248650929916816,0.194190718440246,0.126721021500908,0.0108646714508914,0.0499751446492422
0.776247159647622,1,0.939954150834513,0.900099978498573,0.868982551745295,0.852847257978845,0.839694787924637,0.8235360606018,0.812684764427197,0.797360490759567,0.780555654025588,0.766556848219867,0.748437741082168,0.740323888077545,0.729113071151434,0.715026818954746,0.697818821636667,0.676680013320775,0.656376720059089,0.630495180448118,0.608935707766372,0.588975195371275,0.574671889911478,0.553283251585463,0.527284051376243,0.506537653899168,0.476850016431247,0.433056376401982,0.370303914330841,0.25650434266422,0.103086685288554,0.0906391201780177
0.7138534313254,0.939954150834513,1,0.966429232848567,0.941546746374374,0.926378897197535,0.91650332176163,0.900108161353843,0.889295239319238,0.876880583157928,0.864472497764905,0.85282122604174,0.836913086532906,0.827796279007772,0.815927952391639,0.803964021899172,0.788568010536168,0.770106945653664,0.75122087425719,0.72772235578971,0.70978861254256,0.690901031405153,0.678426712984251,0.660221212542707,0.634722705679594,0.612919168687043,0.582684899984528,0.53695720260481,0.469640772308312,0.332284222550925,0.145576289765298,0.121693643055839
0.671541392614382,0.900099978498573,0.966429232848567,1,0.980181196427618,0.964516547776619,0.953263828048825,0.940198188538121,0.930864624540194,0.918379970075162,0.908495731393432,0.900087219952831,0.884838236487792,0.874552071467281,0.863496110882271,0.851721862186422,0.83926256738205,0.823644608201405,0.807614288347461,0.786908916500079,0.770400318149369,0.751256094517667,0.738421092672622,0.720141744873704,0.695450716701761,0.676475429616169,0.646414055216522,0.599275023474878,0.526463083308034,0.368824923225088,0.177068531999848,0.14280429890796
0.640441601970678,0.868982551745295,0.941546746374374,0.980181196427618,1,0.985383926133402,0.972609331818163,0.959694256354983,0.95027402571713,0.939411463310864,0.929430084387831,0.921333881605017,0.908722185372276,0.900597106470622,0.890211074167081,0.879049860002142,0.866606335263325,0.85152839676735,0.837078765262577,0.81924725299325,0.803699081072251,0.785784339820839,0.772246702134442,0.755785201624662,0.734495181623084,0.714017824376592,0.686454700670021,0.642229679908844,0.571288279102524,0.402674812130099,0.203634211134828,0.149534956615636
0.621908628229822,0.852847257978845,0.926378897197535,0.964516547776619,0.985383926133402,1,0.988424305487721,0.976119767296656,0.967578321454193,0.957901796885646,0.949422637194847,0.941647761718074,0.931178342303777,0.922644351350279,0.913345132729142,0.903284697186519,0.892276695592289,0.878214665667686,0.86482889812168,0.847699706066068,0.832135012288822,0.816116563616373,0.80359126574043,0.787431468679664,0.76605127987516,0.746765574290373,0.719817215693675,0.674932105633943,0.59978601691638,0.425729434849353,0.212423563004466,0.157153723742166
0.599259574476071,0.839694787924637,0.91650332176163,0.953263828048825,0.972609331818163,0.988424305487721,1,0.991837818881187,0.983847950148014,0.974703696095597,0.966781247030551,0.957691865527557,0.947335015144082,0.939313710763804,0.92854941276189,0.918373318951038,0.908287383147202,0.893871001156911,0.880584813540572,0.86309070602216,0.849285509300343,0.833825985757474,0.821019620208984,0.805348444059669,0.784914331051942,0.764583847183358,0.738457887885124,0.69272129565747,0.614053161169723,0.436562842945644,0.211174810530734,0.157039225971531
0.582805830180522,0.8235360606018,0.900108161353843,0.940198188538121,0.959694256354983,0.976119767296656,0.991837818881187,1,0.993552263867006,0.985745993023544,0.978069774910924,0.969507994238108,0.959292287015677,0.950911143933396,0.940340575811322,0.930055580076914,0.920519407120389,0.90570350850075,0.89326631065217,0.87669150611273,0.863760748204548,0.848607830881443,0.836016520223642,0.820783251381624,0.800117605111335,0.780740067161464,0.753923062584292,0.70596102066279,0.623516088859881,0.444385777961124,0.213945335682046,0.161200924689675
0.575104198812125,0.812684764427197,0.889295239319238,0.930864624540194,0.95027402571713,0.967578321454193,0.983847950148014,0.993552263867006,1,0.992803234224594,0.984974913504313,0.976903946384179,0.966748024541929,0.957803883763563,0.946129518133814,0.935274136850865,0.926104021773938,0.911869541232652,0.899049028515674,0.882431031929203,0.86947555384737,0.855301306820734,0.842634746429699,0.827972632686576,0.808028274826868,0.789092654911363,0.763117442530238,0.71621728691661,0.633564536737704,0.452411461286864,0.218445058518661,0.169265980795177
0.558402794487567,0.797360490759567,0.876880583157928,0.918379970075162,0.939411463310864,0.957901796885646,0.974703696095597,0.985745993023544,0.992803234224594,1,0.99309673913231,0.98442539920909,0.975362975418876,0.966305608407578,0.954960828189623,0.944784415583972,0.935304584151194,0.921226685546223,0.90821669868484,0.891815443570308,0.879885687692916,0.866853092102267,0.855111511427304,0.841344381889975,0.821716784163521,0.802850903256491,0.776317527058893,0.729341934832052,0.646904789080851,0.461331810837779,0.223472498688098,0.166148758279811
0.54303199235673,0.780555654025588,0.864472497764905,0.908495731393432,0.929430084387831,0.949422637194847,0.966781247030551,0.978069774910924,0.984974913504313,0.99309673913231,1,0.993116717554132,0.984854766221568,0.975641243638055,0.964549586965191,0.953460766536372,0.944829639099717,0.932576698178309,0.91954173759265,0.903134174741919,0.891756417278543,0.879129090142184,0.867785677403395,0.855449768981819,0.836680748767422,0.81898445397563,0.792703877583109,0.745642996460278,0.664760835474059,0.478596825447472,0.236577263253439,0.168689552456734
0.533624411197488,0.766556848219867,0.85282122604174,0.900087219952831,0.921333881605017,0.941647761718074,0.957691865527557,0.969507994238108,0.976903946384179,0.98442539920909,0.993116717554132,1,0.993145413949289,0.984407868900942,0.973354514056147,0.961839826230531,0.953347339527152,0.942304387768726,0.92997818344955,0.914429942443716,0.903522533980606,0.891610022670163,0.880869579069521,0.868822070923078,0.851184900023107,0.834300479339148,0.809164421966987,0.76380077622813,0.683041030622933,0.493233713455719,0.242522489462727,0.176431881546637
0.520753986509002,0.748437741082168,0.836913086532906,0.884838236487792,0.908722185372276,0.931178342303777,0.947335015144082,0.959292287015677,0.966748024541929,0.975362975418876,0.984854766221568,0.993145413949289,1,0.99337976529813,0.984462418292354,0.974071402295798,0.966043454620116,0.955185576760275,0.943345544599643,0.927882649771819,0.917826510253162,0.906946826136012,0.896983579724708,0.885671028845451,0.868363848444031,0.851212112771965,0.826558041733619,0.782315360404914,0.700187185625226,0.508654427705883,0.247270718320773,0.173638249294931
0.516032270304389,0.740323888077545,0.827796279007772,0.874552071467281,0.900597106470622,0.922644351350279,0.939313710763804,0.950911143933396,0.957803883763563,0.966305608407578,0.975641243638055,0.984407868900942,0.99337976529813,1,0.993626361110705,0.984532262995781,0.976659239611102,0.965840446614293,0.954218555150293,0.939289542642706,0.929656648961104,0.918818618770174,0.909040240721399,0.898429017964317,0.882600393470065,0.865762993083039,0.841892100112922,0.797288685151586,0.713958897460689,0.520413943882308,0.254777457524662,0.181622568164384
0.507618308742504,0.729113071151434,0.815927952391639,0.863496110882271,0.890211074167081,0.913345132729142,0.92854941276189,0.940340575811322,0.946129518133814,0.954960828189623,0.964549586965191,0.973354514056147,0.984462418292354,0.993626361110705,1,0.993031680166651,0.985776099758666,0.976133030856348,0.965125565683808,0.951182538400667,0.942367158032654,0.932032229755892,0.92317373299061,0.912809561218479,0.896967675350725,0.881260031922673,0.857849148235387,0.813230888905257,0.729752274397962,0.535228514258707,0.264166683404102,0.184903730888028
0.494911805280745,0.715026818954746,0.803964021899172,0.851721862186422,0.879049860002142,0.903284697186519,0.918373318951038,0.930055580076914,0.935274136850865,0.944784415583972,0.953460766536372,0.961839826230531,0.974071402295798,0.984532262995781,0.993031680166651,1,0.994111069920246,0.984205812824541,0.973096722204464,0.95963090059614,0.950805736361291,0.941165115034474,0.932837160534482,0.921021306285014,0.905021728518928,0.889237508812033,0.865665185482942,0.822101797215522,0.738898730222994,0.542321794058414,0.265097873458664,0.18259772876774
0.47779535158737,0.697818821636667,0.788568010536168,0.83926256738205,0.866606335263325,0.892276695592289,0.908287383147202,0.920519407120389,0.926104021773938,0.935304584151194,0.944829639099717,0.953347339527152,0.966043454620116,0.976659239611102,0.985776099758666,0.994111069920246,1,0.992653234897797,0.982422655638789,0.969601811616922,0.961105957029811,0.951496362024406,0.942980794670125,0.93120671298833,0.915967652990655,0.900246832891064,0.877566719921357,0.835063189707151,0.75158100800553,0.558940820964534,0.280919569220106,0.1924333444485
0.459856567933979,0.676680013320775,0.770106945653664,0.823644608201405,0.85152839676735,0.878214665667686,0.893871001156911,0.90570350850075,0.911869541232652,0.921226685546223,0.932576698178309,0.942304387768726,0.955185576760275,0.965840446614293,0.976133030856348,0.984205812824541,0.992653234897797,1,0.992850611653182,0.981532386108639,0.973183437889085,0.963734719180352,0.955295827529525,0.945318893214617,0.930601725175606,0.915471201174281,0.893067459266415,0.851778257067115,0.769485755993093,0.578257786543269,0.29773938654141,0.207266461128484
0.441043082031868,0.656376720059089,0.75122087425719,0.807614288347461,0.837078765262577,0.86482889812168,0.880584813540572,0.89326631065217,0.899049028515674,0.90821669868484,0.91954173759265,0.92997818344955,0.943345544599643,0.954218555150293,0.965125565683808,0.973096722204464,0.982422655638789,0.992850611653182,1,0.992726741763321,0.984858077028367,0.975622306557684,0.966350665791871,0.957103521611224,0.942703928735783,0.927614878344293,0.906481751364969,0.866864245077323,0.786409092628587,0.594294237267587,0.313181323486409,0.222348903448008
0.420515709235116,0.630495180448118,0.72772235578971,0.786908916500079,0.81924725299325,0.847699706066068,0.86309070602216,0.87669150611273,0.882431031929203,0.891815443570308,0.903134174741919,0.914429942443716,0.927882649771819,0.939289542642706,0.951182538400667,0.95963090059614,0.969601811616922,0.981532386108639,0.992726741763321,1,0.993805947237319,0.985667531554678,0.976463358724487,0.967741906492306,0.954590782123264,0.940959065368051,0.921459480910121,0.882802552805405,0.806996916802455,0.614869733930586,0.331943749944857,0.237857658264726
0.400794377395676,0.608935707766372,0.70978861254256,0.770400318149369,0.803699081072251,0.832135012288822,0.849285509300343,0.863760748204548,0.86947555384737,0.879885687692916,0.891756417278543,0.903522533980606,0.917826510253162,0.929656648961104,0.942367158032654,0.950805736361291,0.961105957029811,0.973183437889085,0.984858077028367,0.993805947237319,1,0.993288595381942,0.984380783898331,0.97560475837822,0.963016476327608,0.9502565043413,0.933573004386047,0.895060427558373,0.820955450459695,0.628531567712473,0.343613899220905,0.242942420616312
0.383080541735658,0.588975195371275,0.690901031405153,0.751256094517667,0.785784339820839,0.816116563616373,0.833825985757474,0.848607830881443,0.855301306820734,0.866853092102267,0.879129090142184,0.891610022670163,0.906946826136012,0.918818618770174,0.932032229755892,0.941165115034474,0.951496362024406,0.963734719180352,0.975622306557684,0.985667531554678,0.993288595381942,1,0.992323132073072,0.983277446405558,0.971917711965987,0.959889086003201,0.942819513012568,0.906084230585232,0.830309707540875,0.640379360510217,0.358181232104361,0.258878434602662
0.36708117828879,0.574671889911478,0.678426712984251,0.738421092672622,0.772246702134442,0.80359126574043,0.821019620208984,0.836016520223642,0.842634746429699,0.855111511427304,0.867785677403395,0.880869579069521,0.896983579724708,0.909040240721399,0.92317373299061,0.932837160534482,0.942980794670125,0.955295827529525,0.966350665791871,0.976463358724487,0.984380783898331,0.992323132073072,1,0.992766993726534,0.983200061013831,0.972137711771931,0.956440295288358,0.922529678427956,0.848096240692109,0.663289788693439,0.372028682379767,0.266267605703508
0.350200927353919,0.553283251585463,0.660221212542707,0.720141744873704,0.755785201624662,0.787431468679664,0.805348444059669,0.820783251381624,0.827972632686576,0.841344381889975,0.855449768981819,0.868822070923078,0.885671028845451,0.898429017964317,0.912809561218479,0.921021306285014,0.93120671298833,0.945318893214617,0.957103521611224,0.967741906492306,0.97560475837822,0.983277446405558,0.992766993726534,1,0.992324623273214,0.980773884402272,0.965759272122244,0.932858535335598,0.858751056000648,0.67797171473927,0.385591644697814,0.278901039753213
0.32856566349815,0.527284051376243,0.634722705679594,0.695450716701761,0.734495181623084,0.76605127987516,0.784914331051942,0.800117605111335,0.808028274826868,0.821716784163521,0.836680748767422,0.851184900023107,0.868363848444031,0.882600393470065,0.896967675350725,0.905021728518928,0.915967652990655,0.930601725175606,0.942703928735783,0.954590782123264,0.963016476327608,0.971917711965987,0.983200061013831,0.992324623273214,1,0.99020450422122,0.975920628558627,0.946701343516305,0.877156321193362,0.703114099300929,0.410984927113934,0.298048756173072
0.30915389355778,0.506537653899168,0.612919168687043,0.676475429616169,0.714017824376592,0.746765574290373,0.764583847183358,0.780740067161464,0.789092654911363,0.802850903256491,0.81898445397563,0.834300479339148,0.851212112771965,0.865762993083039,0.881260031922673,0.889237508812033,0.900246832891064,0.915471201174281,0.927614878344293,0.940959065368051,0.9502565043413,0.959889086003201,0.972137711771931,0.980773884402272,0.99020450422122,1,0.987988507581949,0.96069504763177,0.895716804296565,0.727398276061853,0.427098968782149,0.31042718996973
0.285855964375858,0.476850016431247,0.582684899984528,0.646414055216522,0.686454700670021,0.719817215693675,0.738457887885124,0.753923062584292,0.763117442530238,0.776317527058893,0.792703877583109,0.809164421966987,0.826558041733619,0.841892100112922,0.857849148235387,0.865665185482942,0.877566719921357,0.893067459266415,0.906481751364969,0.921459480910121,0.933573004386047,0.942819513012568,0.956440295288358,0.965759272122244,0.975920628558627,0.987988507581949,1,0.978581042545758,0.916946849971589,0.751040758320776,0.451019593245132,0.320656448599934
0.248650929916816,0.433056376401982,0.53695720260481,0.599275023474878,0.642229679908844,0.674932105633943,0.69272129565747,0.70596102066279,0.71621728691661,0.729341934832052,0.745642996460278,0.76380077622813,0.782315360404914,0.797288685151586,0.813230888905257,0.822101797215522,0.835063189707151,0.851778257067115,0.866864245077323,0.882802552805405,0.895060427558373,0.906084230585232,0.922529678427956,0.932858535335598,0.946701343516305,0.96069504763177,0.978581042545758,1,0.954710147373,0.807755992235659,0.503052082901808,0.353149756121016
0.194190718440246,0.370303914330841,0.469640772308312,0.526463083308034,0.571288279102524,0.59978601691638,0.614053161169723,0.623516088859881,0.633564536737704,0.646904789080851,0.664760835474059,0.683041030622933,0.700187185625226,0.713958897460689,0.729752274397962,0.738898730222994,0.75158100800553,0.769485755993093,0.786409092628587,0.806996916802455,0.820955450459695,0.830309707540875,0.848096240692109,0.858751056000648,0.877156321193362,0.895716804296565,0.916946849971589,0.954710147373,1,0.880092563469649,0.575959825985366,0.397405592317611
0.126721021500908,0.25650434266422,0.332284222550925,0.368824923225088,0.402674812130099,0.425729434849353,0.436562842945644,0.444385777961124,0.452411461286864,0.461331810837779,0.478596825447472,0.493233713455719,0.508654427705883,0.520413943882308,0.535228514258707,0.542321794058414,0.558940820964534,0.578257786543269,0.594294237267587,0.614869733930586,0.628531567712473,0.640379360510217,0.663289788693439,0.67797171473927,0.703114099300929,0.727398276061853,0.751040758320776,0.807755992235659,0.880092563469649,1,0.712388853164244,0.483016867400307
0.0108646714508914,0.103086685288554,0.145576289765298,0.177068531999848,0.203634211134828,0.212423563004466,0.211174810530734,0.213945335682046,0.218445058518661,0.223472498688098,0.236577263253439,0.242522489462727,0.247270718320773,0.254777457524662,0.264166683404102,0.265097873458664,0.280919569220106,0.29773938654141,0.313181323486409,0.331943749944857,0.343613899220905,0.358181232104361,0.372028682379767,0.385591644697814,0.410984927113934,0.427098968782149,0.451019593245132,0.503052082901808,0.575959825985366,0.712388853164244,1,0.540955268721493
0.0499751446492422,0.0906391201780177,0.121693643055839,0.14280429890796,0.149534956615636,0.157153723742166,0.157039225971531,0.161200924689675,0.169265980795177,0.166148758279811,0.168689552456734,0.176431881546637,0.173638249294931,0.181622568164384,0.184903730888028,0.18259772876774,0.1924333444485,0.207266461128484,0.222348903448008,0.237857658264726,0.242942420616312,0.258878434602662,0.266267605703508,0.278901039753213,0.298048756173072,0.31042718996973,0.320656448599934,0.353149756121016,0.397405592317611,0.483016867400307,0.540955268721493,1
