1,0.812222463125309,0.729193587815606,0.669108232380398,0.638907088799208,0.616175095871522,0.57732443845135,0.549304738250222,0.523499616396309,0.506604151186193,0.496685800207793,0.483865308277035,0.46771789858651,0.455010185025512,0.442559918475396,0.423648421956675,0.410014401581914,0.397815370276922,0.383414906891461,0.373891425242484,0.360803276085007,0.346410102584416,0.317970795052071,0.297965393854858,0.267075299056642,0.23346065302986,0.186687987742551,0.131292229725943,0.0634706360088581,-0.039933976672321,-0.113984593503269,-0.08330193229641
0.812222463125309,1,0.922047489571316,0.860523819532441,0.818899365894029,0.784892710288218,0.745942163143841,0.723376399635837,0.692025956522166,0.672534594001393,0.658541451263059,0.647834824689801,0.630859911843705,0.612661520143107,0.599193743775326,0.580011836077957,0.567995582949783,0.556634162472165,0.54353917849127,0.530314941717088,0.514916958368671,0.49797004530143,0.475145262258316,0.449407524262984,0.421113969273854,0.384659580336959,0.323879042707869,0.257270601895645,0.173860964598759,0.036708358696521,-0.0762118730404643,-0.0826735424453723
0.729193587815606,0.922047489571316,1,0.953757299302797,0.908308437950763,0.873449787770852,0.838890226227418,0.813253767457406,0.780193252901537,0.760381968757038,0.745216286055161,0.731745304515847,0.716733866970889,0.701343543093926,0.688015512935308,0.668148875248141,0.652209898450222,0.63589111045757,0.621128209008009,0.606839407681906,0.591045068358138,0.574786351107219,0.552016002885423,0.524967837533819,0.493510884191019,0.456956556741971,0.386468109094189,0.313110822406344,0.229161239222046,0.0834670244689174,-0.0259389660634172,-0.0822039278746666
0.669108232380398,0.860523819532441,0.953757299302797,1,0.967422856363347,0.933627739721594,0.899609100266265,0.876071298723972,0.842827470843883,0.82035675135151,0.806325737380932,0.791614408170139,0.775494006053996,0.76045556892237,0.744232894278094,0.721879818253894,0.703073214181274,0.683010445829772,0.668058562297995,0.654777362779222,0.640037606984866,0.62197500825697,0.601806575392043,0.576201688171532,0.543330144344099,0.505962712906025,0.432861007248639,0.351765868276338,0.25997304186379,0.109087040749895,-0.00208022000821931,-0.0490486766056768
0.638907088799208,0.818899365894029,0.908308437950763,0.967422856363347,1,0.970241229498572,0.936001371371317,0.90951857632178,0.877774628824419,0.858040005199458,0.844873908888393,0.827629749145314,0.810739681608426,0.79656395727446,0.77971344479053,0.758242552142382,0.740564041660542,0.719246571031708,0.707214364985928,0.692778125486151,0.677623412939548,0.65965208681113,0.640787907516946,0.616311454021148,0.583237640899274,0.545874536229189,0.471787075667042,0.388714048630654,0.295745371506369,0.144696845678835,0.0339060960724414,-0.0276453563186748
0.616175095871522,0.784892710288218,0.873449787770852,0.933627739721594,0.970241229498572,1,0.976584391127524,0.952519699912185,0.925308083004104,0.905791389524137,0.890020554839036,0.870322095643773,0.852930016890593,0.840668417134428,0.821086762128673,0.801748658454568,0.783636206126882,0.762289230895218,0.751632141171797,0.737975496997171,0.724117230156384,0.707230815046254,0.688965864547758,0.667043810837131,0.635961835433902,0.600797892938328,0.528009118236141,0.439636589260456,0.337560211618162,0.174173300708166,0.0562950182163648,-0.0144363455153315
0.57732443845135,0.745942163143841,0.838890226227418,0.899609100266265,0.936001371371317,0.976584391127524,1,0.982301610130652,0.961010702591913,0.940092698827906,0.925621481492329,0.906440073780673,0.889026170589809,0.875940857943111,0.857282889652032,0.839027585522368,0.821600038815451,0.800029775862703,0.789740549957149,0.777452365210324,0.763558160066592,0.749467209680669,0.731011985124978,0.713328984153529,0.683984037657935,0.647852831871807,0.573533357012888,0.483815282159669,0.376063853973405,0.213674086468237,0.0936247414951855,0.00786644272176643
0.549304738250222,0.723376399635837,0.813253767457406,0.876071298723972,0.90951857632178,0.952519699912185,0.982301610130652,1,0.983923890326954,0.964096475940671,0.949980742304113,0.930274567536892,0.913850214326641,0.899886999778081,0.881536183236479,0.863630384245305,0.844749607384996,0.821956199140596,0.810910841378886,0.800472998854835,0.787193227978721,0.773625186131073,0.756071480194059,0.739527053232287,0.712478452006196,0.677578953054368,0.603911311734648,0.512383973038255,0.404929131214471,0.242603056335927,0.111253039794327,0.0142505640521174
0.523499616396309,0.692025956522166,0.780193252901537,0.842827470843883,0.877774628824419,0.925308083004104,0.961010702591913,0.983923890326954,1,0.98619379938221,0.972739378202075,0.954836991432738,0.938035861854035,0.923843929475112,0.905666676300755,0.889233587308137,0.872125130673718,0.851911984975202,0.842993938236501,0.832415981321032,0.82143569293253,0.808690818292171,0.792406481083106,0.776013756418022,0.749170437331657,0.715838203101296,0.643395407523967,0.551288689227355,0.448705823718962,0.292047085735379,0.16009503561801,0.0363548841743857
0.506604151186193,0.672534594001393,0.760381968757038,0.82035675135151,0.858040005199458,0.905791389524137,0.940092698827906,0.964096475940671,0.98619379938221,1,0.986932031343349,0.968414483842685,0.950479483697667,0.936341027542959,0.917478194271567,0.901079210520474,0.884819285073533,0.864338224242159,0.855491205978439,0.844652434519075,0.833532653998155,0.820192844987498,0.802671604700382,0.787969715053142,0.762732291264163,0.730390096709545,0.659826700773766,0.572500382576588,0.469864493497123,0.310630586863095,0.174081959415565,0.051994131152156
0.496685800207793,0.658541451263059,0.745216286055161,0.806325737380932,0.844873908888393,0.890020554839036,0.925621481492329,0.949980742304113,0.972739378202075,0.986932031343349,1,0.988535140378784,0.971729953653433,0.957569935122691,0.939526889644743,0.92500393122842,0.908465246059047,0.888415430870515,0.878868645650704,0.867473611271852,0.855662050672382,0.843570847044478,0.824478847188437,0.810654756918388,0.787273481176349,0.756169834050704,0.685309850638518,0.604040747439463,0.498900361008655,0.334760864269843,0.19270964709089,0.0726093621245417
0.483865308277035,0.647834824689801,0.731745304515847,0.791614408170139,0.827629749145314,0.870322095643773,0.906440073780673,0.930274567536892,0.954836991432738,0.968414483842685,0.988535140378784,1,0.988994792323652,0.97566053410137,0.957953748214219,0.942962846819716,0.925924106704302,0.906037593698737,0.895044005812059,0.882969440046664,0.87117764451062,0.860972575972447,0.8415100942317,0.828969934990373,0.80497194179318,0.773085613868091,0.702893132112586,0.625150053137904,0.517590789880871,0.350888522480002,0.203722057409015,0.0828421960825912
0.46771789858651,0.630859911843705,0.716733866970889,0.775494006053996,0.810739681608426,0.852930016890593,0.889026170589809,0.913850214326641,0.938035861854035,0.950479483697667,0.971729953653433,0.988994792323652,1,0.989779188636014,0.971949260680408,0.956720233676998,0.940919533944826,0.922298586926422,0.910350330915542,0.899119817861856,0.886447176251193,0.876675700859542,0.857424746487939,0.845109423086796,0.819426447945548,0.786613028579871,0.718581989985877,0.64025758015852,0.532536856833624,0.366430197811117,0.217760697661391,0.0918105012351117
0.455010185025512,0.612661520143107,0.701343543093926,0.76045556892237,0.79656395727446,0.840668417134428,0.875940857943111,0.899886999778081,0.923843929475112,0.936341027542959,0.957569935122691,0.97566053410137,0.989779188636014,1,0.98821193459587,0.9740856555341,0.95866666487632,0.93974711785769,0.928501681650666,0.917466168016807,0.905583847093277,0.89490641597049,0.877358057670494,0.865729142700964,0.839761543160616,0.80783649020966,0.742378622772698,0.661274338323142,0.55301558146992,0.389332087637314,0.2357432087937,0.109308022258353
0.442559918475396,0.599193743775326,0.688015512935308,0.744232894278094,0.77971344479053,0.821086762128673,0.857282889652032,0.881536183236479,0.905666676300755,0.917478194271567,0.939526889644743,0.957953748214219,0.971949260680408,0.98821193459587,1,0.988907880121555,0.974579808565667,0.95565057095153,0.943552809233738,0.933985470252933,0.922957002600132,0.912707295750098,0.8954030817566,0.882774364769433,0.857890646239205,0.828036257467256,0.765112845566606,0.680193549022032,0.573320472417052,0.413556305643452,0.25655499291591,0.124992132551267
0.423648421956675,0.580011836077957,0.668148875248141,0.721879818253894,0.758242552142382,0.801748658454568,0.839027585522368,0.863630384245305,0.889233587308137,0.901079210520474,0.92500393122842,0.942962846819716,0.956720233676998,0.9740856555341,0.988907880121555,1,0.989034730347265,0.971525109279809,0.959041062766808,0.948859474880692,0.937393320564538,0.928602857172173,0.911554338524313,0.89715739849014,0.871174799819726,0.843630562318089,0.786012113767294,0.703645146436349,0.60084810670169,0.442426836073836,0.283112676450625,0.133979208926404
0.410014401581914,0.567995582949783,0.652209898450222,0.703073214181274,0.740564041660542,0.783636206126882,0.821600038815451,0.844749607384996,0.872125130673718,0.884819285073533,0.908465246059047,0.925924106704302,0.940919533944826,0.95866666487632,0.974579808565667,0.989034730347265,1,0.988878270741785,0.97640890431545,0.965314730288381,0.952303265355342,0.942751133850349,0.925616816660922,0.911388482144845,0.886276166896811,0.86029941007974,0.804247528374585,0.724869691295815,0.62392836168737,0.467555485984167,0.306283040913556,0.140283517663293
0.397815370276922,0.556634162472165,0.63589111045757,0.683010445829772,0.719246571031708,0.762289230895218,0.800029775862703,0.821956199140596,0.851911984975202,0.864338224242159,0.888415430870515,0.906037593698737,0.922298586926422,0.93974711785769,0.95565057095153,0.971525109279809,0.988878270741785,1,0.989519721017136,0.977840068115206,0.963526281285591,0.954051091597989,0.937027347277579,0.920369448223892,0.89547289800527,0.869857161648922,0.813395164604144,0.735960717720703,0.635565697812069,0.481173426099349,0.321915775264384,0.15698321216066
0.383414906891461,0.54353917849127,0.621128209008009,0.668058562297995,0.707214364985928,0.751632141171797,0.789740549957149,0.810910841378886,0.842993938236501,0.855491205978439,0.878868645650704,0.895044005812059,0.910350330915542,0.928501681650666,0.943552809233738,0.959041062766808,0.97640890431545,0.989519721017136,1,0.991843578312112,0.977866980393634,0.967125177464308,0.95059909275371,0.934667205792882,0.911068123397749,0.885231951554997,0.830132908562148,0.754555629787679,0.653804406792692,0.497143871027942,0.34333273279948,0.162032482198289
0.373891425242484,0.530314941717088,0.606839407681906,0.654777362779222,0.692778125486151,0.737975496997171,0.777452365210324,0.800472998854835,0.832415981321032,0.844652434519075,0.867473611271852,0.882969440046664,0.899119817861856,0.917466168016807,0.933985470252933,0.948859474880692,0.965314730288381,0.977840068115206,0.991843578312112,1,0.989898661673329,0.979470123099641,0.962735767972708,0.949112587818631,0.925573700920433,0.899030485472987,0.846463282812757,0.769913642683802,0.670471085082711,0.518386523074858,0.355622003098639,0.169766452893717
0.360803276085007,0.514916958368671,0.591045068358138,0.640037606984866,0.677623412939548,0.724117230156384,0.763558160066592,0.787193227978721,0.82143569293253,0.833532653998155,0.855662050672382,0.87117764451062,0.886447176251193,0.905583847093277,0.922957002600132,0.937393320564538,0.952303265355342,0.963526281285591,0.977866980393634,0.989898661673329,1,0.990933280512417,0.97498388096144,0.962113107012302,0.937368093969191,0.911128693690074,0.863140903427165,0.786794874085605,0.685862457327647,0.536075240164953,0.37145399229683,0.179251205370422
0.346410102584416,0.49797004530143,0.574786351107219,0.62197500825697,0.65965208681113,0.707230815046254,0.749467209680669,0.773625186131073,0.808690818292171,0.820192844987498,0.843570847044478,0.860972575972447,0.876675700859542,0.89490641597049,0.912707295750098,0.928602857172173,0.942751133850349,0.954051091597989,0.967125177464308,0.979470123099641,0.990933280512417,1,0.988490627597101,0.974825742908976,0.949823186332287,0.925885990311038,0.881264322742212,0.80735915215588,0.714533974846269,0.562087738703518,0.396980131186758,0.207651714964953
0.317970795052071,0.475145262258316,0.552016002885423,0.601806575392043,0.640787907516946,0.688965864547758,0.731011985124978,0.756071480194059,0.792406481083106,0.802671604700382,0.824478847188437,0.8415100942317,0.857424746487939,0.877358057670494,0.8954030817566,0.911554338524313,0.925616816660922,0.937027347277579,0.95059909275371,0.962735767972708,0.97498388096144,0.988490627597101,1,0.987056728351201,0.962630490247767,0.942117809548278,0.904309740432455,0.83467495256718,0.742961659951188,0.586621339181893,0.419915783569543,0.228465805217507
0.297965393854858,0.449407524262984,0.524967837533819,0.576201688171532,0.616311454021148,0.667043810837131,0.713328984153529,0.739527053232287,0.776013756418022,0.787969715053142,0.810654756918388,0.828969934990373,0.845109423086796,0.865729142700964,0.882774364769433,0.89715739849014,0.911388482144845,0.920369448223892,0.934667205792882,0.949112587818631,0.962113107012302,0.974825742908976,0.987056728351201,1,0.983765709807103,0.963588621090979,0.928686986973394,0.860397472630712,0.769515835647566,0.617477963514812,0.439845504674156,0.251212652514603
0.267075299056642,0.421113969273854,0.493510884191019,0.543330144344099,0.583237640899274,0.635961835433902,0.683984037657935,0.712478452006196,0.749170437331657,0.762732291264163,0.787273481176349,0.80497194179318,0.819426447945548,0.839761543160616,0.857890646239205,0.871174799819726,0.886276166896811,0.89547289800527,0.911068123397749,0.925573700920433,0.937368093969191,0.949823186332287,0.962630490247767,0.983765709807103,1,0.98418325821764,0.949860722893075,0.887035422527353,0.797376106712392,0.645547630425087,0.451451126882149,0.267368146580736
0.23346065302986,0.384659580336959,0.456956556741971,0.505962712906025,0.545874536229189,0.600797892938328,0.647852831871807,0.677578953054368,0.715838203101296,0.730390096709545,0.756169834050704,0.773085613868091,0.786613028579871,0.80783649020966,0.828036257467256,0.843630562318089,0.86029941007974,0.869857161648922,0.885231951554997,0.899030485472987,0.911128693690074,0.925885990311038,0.942117809548278,0.963588621090979,0.98418325821764,1,0.971148410793841,0.916097298444234,0.828775221768315,0.671358624873534,0.468329050494495,0.287138767371768
0.186687987742551,0.323879042707869,0.386468109094189,0.432861007248639,0.471787075667042,0.528009118236141,0.573533357012888,0.603911311734648,0.643395407523967,0.659826700773766,0.685309850638518,0.702893132112586,0.718581989985877,0.742378622772698,0.765112845566606,0.786012113767294,0.804247528374585,0.813395164604144,0.830132908562148,0.846463282812757,0.863140903427165,0.881264322742212,0.904309740432455,0.928686986973394,0.949860722893075,0.971148410793841,1,0.961211536694029,0.887218072527531,0.745462195211583,0.523357026642412,0.31785547749489
0.131292229725943,0.257270601895645,0.313110822406344,0.351765868276338,0.388714048630654,0.439636589260456,0.483815282159669,0.512383973038255,0.551288689227355,0.572500382576588,0.604040747439463,0.625150053137904,0.64025758015852,0.661274338323142,0.680193549022032,0.703645146436349,0.724869691295815,0.735960717720703,0.754555629787679,0.769913642683802,0.786794874085605,0.80735915215588,0.83467495256718,0.860397472630712,0.887035422527353,0.916097298444234,0.961211536694029,1,0.933169319950735,0.781709333358339,0.537722649645675,0.368391306385688
0.0634706360088581,0.173860964598759,0.229161239222046,0.25997304186379,0.295745371506369,0.337560211618162,0.376063853973405,0.404929131214471,0.448705823718962,0.469864493497123,0.498900361008655,0.517590789880871,0.532536856833624,0.55301558146992,0.573320472417052,0.60084810670169,0.62392836168737,0.635565697812069,0.653804406792692,0.670471085082711,0.685862457327647,0.714533974846269,0.742961659951188,0.769515835647566,0.797376106712392,0.828775221768315,0.887218072527531,0.933169319950735,1,0.907923469182605,0.708848404644248,0.419113204228751
-0.039933976672321,0.036708358696521,0.0834670244689174,0.109087040749895,0.144696845678835,0.174173300708166,0.213674086468237,0.242603056335927,0.292047085735379,0.310630586863095,0.334760864269843,0.350888522480002,0.366430197811117,0.389332087637314,0.413556305643452,0.442426836073836,0.467555485984167,0.481173426099349,0.497143871027942,0.518386523074858,0.536075240164953,0.562087738703518,0.586621339181893,0.617477963514812,0.645547630425087,0.671358624873534,0.745462195211583,0.781709333358339,0.907923469182605,1,0.855480403429963,0.460595226333973
-0.113984593503269,-0.0762118730404643,-0.0259389660634172,-0.00208022000821931,0.0339060960724414,0.0562950182163648,0.0936247414951855,0.111253039794327,0.16009503561801,0.174081959415565,0.19270964709089,0.203722057409015,0.217760697661391,0.2357432087937,0.25655499291591,0.283112676450625,0.306283040913556,0.321915775264384,0.34333273279948,0.355622003098639,0.37145399229683,0.396980131186758,0.419915783569543,0.439845504674156,0.451451126882149,0.468329050494495,0.523357026642412,0.537722649645675,0.708848404644248,0.855480403429963,1,0.477051498359596
-0.08330193229641,-0.0826735424453723,-0.0822039278746666,-0.0490486766056768,-0.0276453563186748,-0.0144363455153315,0.00786644272176643,0.0142505640521174,0.0363548841743857,0.051994131152156,0.0726093621245417,0.0828421960825912,0.0918105012351117,0.109308022258353,0.124992132551267,0.133979208926404,0.140283517663293,0.15698321216066,0.162032482198289,0.169766452893717,0.179251205370422,0.207651714964953,0.228465805217507,0.251212652514603,0.267368146580736,0.287138767371768,0.31785547749489,0.368391306385688,0.419113204228751,0.460595226333973,0.477051498359596,1
