1,0.963869779034664,0.850278281035234,0.835785369739987,0.797064694731237,0.778621942068762,0.753104237245288,0.729246012364038,0.702928695938974,0.677838145106434,0.66813388608073,0.652646371341909,0.655125695030306,0.649830712518552,0.650844135489052,0.650922896354467,0.647226037986963,0.638566652142557,0.628591630390665,0.621625738221202,0.612690185315883,0.61081921895778,0.60644911542041,0.60122516492619,0.593317002435724,0.575576719513056,0.544450505873844,0.517501262627348,0.484059907461988,0.448509700311028,0.458871902160464,0.441223619489266
0.963869779034664,1,0.959735395950597,0.943647990383834,0.900202922546436,0.880906704565843,0.853751117500972,0.829544123615623,0.803065329710222,0.777123432150358,0.767758153412876,0.751518080773948,0.754789868289385,0.749044951715482,0.749088530656961,0.747722581205754,0.743565974230019,0.734974606151364,0.724794909172368,0.718305019025932,0.709343927952669,0.706007766249652,0.699891745897731,0.692061610372647,0.68108712369325,0.657525084016805,0.617859328421048,0.585553241957054,0.550936073887989,0.512456861792658,0.530725157706134,0.513110104257998
0.850278281035234,0.959735395950597,1,0.985149634768867,0.941716041384248,0.923273663191254,0.896376224713264,0.873539628246744,0.848783408011282,0.823820164028618,0.815484751087833,0.799640148516379,0.803489720515527,0.797688112925933,0.796719295406988,0.793951464183561,0.789611957968933,0.781702891450416,0.77205991852273,0.76660445689787,0.758327510120725,0.753684098871944,0.746172893474912,0.736161688316932,0.722755331064808,0.694871220854598,0.649276916699076,0.613795634376979,0.580487961950004,0.541767235076979,0.566826863296165,0.550482301357464
0.835785369739987,0.943647990383834,0.985149634768867,1,0.985491930659899,0.971652467467592,0.942660222844103,0.917391319469165,0.889823584609314,0.862498092583475,0.853218635791893,0.836151573861274,0.839919451262126,0.833635401795526,0.832913541372797,0.830431401746496,0.825737027078218,0.816851621673195,0.806569683865064,0.801640273841373,0.793663366257331,0.78865950748324,0.780660094989191,0.769959728356197,0.7557033609617,0.727696168201029,0.682201917481079,0.646227207132049,0.610575494687601,0.569492305427869,0.59220232490408,0.573564703236939
0.797064694731237,0.900202922546436,0.941716041384248,0.985491930659899,1,0.991114427036498,0.960897693511493,0.933962008803491,0.904419745633402,0.875556751778779,0.865614958715715,0.847837649826527,0.851414797546899,0.844837273603837,0.844380597929928,0.842253310087731,0.837345167684104,0.827754001188402,0.817140555563364,0.812875021389188,0.805427526928248,0.800213418628588,0.791964900028817,0.78089561950092,0.766215131364004,0.738903733799056,0.694836251131547,0.65942380434784,0.622495610594512,0.580276261163699,0.600000858465293,0.579640549459813
0.778621942068762,0.880906704565843,0.923273663191254,0.971652467467592,0.991114427036498,1,0.988853251496512,0.970928767131153,0.942581441634065,0.913552374261033,0.901694362633854,0.881842029024966,0.883991989624216,0.875823557002863,0.874298783809528,0.871177440047451,0.865489614651281,0.855251300139819,0.844157441017376,0.840085266840544,0.832682540095046,0.827621437685614,0.819380475972588,0.809164453767575,0.795381534068108,0.769434498774632,0.726622692716657,0.691716212378806,0.653427860099222,0.609383904464777,0.624602211949202,0.600999497052756
0.753104237245288,0.853751117500972,0.896376224713264,0.942660222844103,0.960897693511493,0.988853251496512,1,0.993070238431758,0.967016905415394,0.938636631689888,0.9249357092648,0.903204745809515,0.903727912830249,0.893943057320663,0.891161502514597,0.886874840954931,0.880439146467916,0.869792956256013,0.858411855151452,0.854479661028831,0.847133589809106,0.842380796796666,0.834344235720725,0.825361136191021,0.812934678432799,0.788830736179718,0.747857461948465,0.713993288622743,0.675084501168803,0.629954090772782,0.640432538687636,0.613907508519771
0.729246012364038,0.829544123615623,0.873539628246744,0.917391319469165,0.933962008803491,0.970928767131153,0.993070238431758,1,0.988761119342609,0.969362445892578,0.955853235924945,0.933911137685885,0.932108736429821,0.920011241269019,0.916206632996384,0.911190753418776,0.904772909263976,0.894679518731094,0.883639551711611,0.879994627003484,0.872783226898332,0.868181274794887,0.860156424917569,0.852934230298401,0.842510459869217,0.820909743784987,0.782231186301204,0.749417014763331,0.708768180069792,0.661501844938735,0.67615065522414,0.649764393050074
0.702928695938974,0.803065329710222,0.848783408011282,0.889823584609314,0.904419745633402,0.942581441634065,0.967016905415394,0.988761119342609,1,0.994830374423132,0.982997000496189,0.962164240126819,0.957730604295413,0.943089979656931,0.938521928274033,0.933163946173704,0.927335907635944,0.918490654042964,0.908280101870799,0.905030076798327,0.898049696757481,0.893512939995448,0.885424329870629,0.880255701513746,0.872214894843834,0.853553038685609,0.817602317763107,0.78600711753533,0.743262604835108,0.693628346424335,0.718181913149079,0.694221469422293
0.677838145106434,0.777123432150358,0.823820164028618,0.862498092583475,0.875556751778779,0.913552374261033,0.938636631689888,0.969362445892578,0.994830374423132,1,0.993313774940644,0.976796142533561,0.970577516981191,0.954263016326847,0.949064334442191,0.943341770546955,0.937500213613663,0.928898221945973,0.918878566029843,0.915902868180204,0.909112771501225,0.9047022095007,0.896670635664528,0.89277648233183,0.886206133016378,0.869441094207908,0.835369386834484,0.804673299130773,0.760776968332215,0.709889902806653,0.740328507931146,0.717948325475186
0.66813388608073,0.767758153412876,0.815484751087833,0.853218635791893,0.865614958715715,0.901694362633854,0.9249357092648,0.955853235924945,0.982997000496189,0.993313774940644,1,0.994988641045858,0.988087892202399,0.970991049793979,0.965125909255951,0.958737652129934,0.951477902562766,0.940879112672062,0.92950689599704,0.926543819145652,0.919716120175795,0.915463471761632,0.907522713916455,0.903520871012258,0.89673941774952,0.879743208966649,0.845322234855054,0.814227071604873,0.769572645800657,0.717953017365958,0.748404766510498,0.725639348945641
0.652646371341909,0.751518080773948,0.799640148516379,0.836151573861274,0.847837649826527,0.881842029024966,0.903204745809515,0.933911137685885,0.962164240126819,0.976796142533561,0.994988641045858,1,0.992873008285592,0.975528262218334,0.969192462554055,0.962282031909185,0.953889375957054,0.941715701098738,0.929317534688614,0.926392848514186,0.91959942456033,0.915540729364143,0.907771500742022,0.903694394097923,0.896767463408078,0.879706456268718,0.845294503599053,0.814162800998145,0.769364164280843,0.717668551835374,0.747998851307362,0.72520025196071
0.655125695030306,0.754789868289385,0.803489720515527,0.839919451262126,0.851414797546899,0.883991989624216,0.903727912830249,0.932108736429821,0.957730604295413,0.970577516981191,0.988087892202399,0.992873008285592,1,0.994779642818542,0.990619562996678,0.983059936287616,0.9755956700443,0.965522033803831,0.954355585408313,0.951227738568986,0.944143057229726,0.940657162845613,0.933284667779713,0.928004383648394,0.919374452529054,0.900078392353074,0.862958696807419,0.830737574930001,0.787730847863744,0.736448080129417,0.776166955178432,0.756201797290239
0.649830712518552,0.749044951715482,0.797688112925933,0.833635401795526,0.844837273603837,0.875823557002863,0.893943057320663,0.920011241269019,0.943089979656931,0.954263016326847,0.970991049793979,0.975528262218334,0.994779642818542,1,0.997750001833613,0.98972009271464,0.983135284716886,0.974973886091484,0.964988542665949,0.961722154184672,0.954468300527487,0.951512341847665,0.944563031086338,0.938312304759264,0.92832188177992,0.90733052697205,0.868312607599908,0.835523498334321,0.794538069113694,0.744189472647601,0.79149765760731,0.774184720089198
0.650844135489052,0.749088530656961,0.796719295406988,0.832913541372797,0.844380597929928,0.874298783809528,0.891161502514597,0.916206632996384,0.938521928274033,0.949064334442191,0.965125909255951,0.969192462554055,0.990619562996678,0.997750001833613,1,0.996923003012708,0.992549101126663,0.984181461175914,0.973936530769723,0.970331060645754,0.962741217845721,0.960051368307494,0.953304115990043,0.946874059543064,0.936561566997765,0.916244458376445,0.878558456646965,0.847837632829723,0.810976857504073,0.762448717597569,0.803905190950665,0.783280777774598
0.650922896354467,0.747722581205754,0.793951464183561,0.830431401746496,0.842253310087731,0.871177440047451,0.886874840954931,0.911190753418776,0.933163946173704,0.943341770546955,0.958737652129934,0.962282031909185,0.983059936287616,0.98972009271464,0.996923003012708,1,0.998096637167365,0.989005222739749,0.978172552169412,0.974205928662843,0.96628242883733,0.963786201730997,0.957198923944641,0.950833030934055,0.940529735001046,0.921560136392293,0.886142524241918,0.858205379375918,0.825965525771316,0.779592321679113,0.811768317417626,0.786499739218992
0.647226037986963,0.743565974230019,0.789611957968933,0.825737027078218,0.837345167684104,0.865489614651281,0.880439146467916,0.904772909263976,0.927335907635944,0.937500213613663,0.951477902562766,0.953889375957054,0.9755956700443,0.983135284716886,0.992549101126663,0.998096637167365,1,0.995579624143335,0.987730567104417,0.98355750145229,0.975410653005143,0.972870098554229,0.966204581988776,0.960414473219604,0.950788718216944,0.933143558362261,0.899322751009293,0.871826042605211,0.837522422090103,0.789572142978961,0.826219705052112,0.802283417484894
0.638566652142557,0.734974606151364,0.781702891450416,0.816851621673195,0.827754001188402,0.855251300139819,0.869792956256013,0.894679518731094,0.918490654042964,0.928898221945973,0.940879112672062,0.941715701098738,0.965522033803831,0.974973886091484,0.984181461175914,0.989005222739749,0.995579624143335,1,0.997917225177835,0.993690698879971,0.985450759803182,0.982681063776298,0.975767565620579,0.970957979239883,0.962549584165131,0.946187222622147,0.913424049542211,0.884503201378671,0.842873788525792,0.790526696013285,0.842566577463324,0.824873313182876
0.628591630390665,0.724794909172368,0.77205991852273,0.806569683865064,0.817140555563364,0.844157441017376,0.858411855151452,0.883639551711611,0.908280101870799,0.918878566029843,0.92950689599704,0.929317534688614,0.954355585408313,0.964988542665949,0.973936530769723,0.978172552169412,0.987730567104417,0.997917225177835,1,0.997212387326176,0.99021513782867,0.987318090643072,0.980250204954151,0.976180920218658,0.968694730355489,0.953455187326517,0.921786835824085,0.892157012016715,0.845652822811134,0.79040630688688,0.852488624654864,0.838906429921187
0.621625738221202,0.718305019025932,0.76660445689787,0.801640273841373,0.812875021389188,0.840085266840544,0.854479661028831,0.879994627003484,0.905030076798327,0.915902868180204,0.926543819145652,0.926392848514186,0.951227738568986,0.961722154184672,0.970331060645754,0.974205928662843,0.98355750145229,0.993690698879971,0.997212387326176,1,0.997867318228215,0.995016834648826,0.987877912776067,0.984109545453732,0.976972638559364,0.962567645094293,0.931948342244211,0.902749991005534,0.855357625897919,0.799273057711542,0.861931149372601,0.848152231625701
0.612690185315883,0.709343927952669,0.758327510120725,0.793663366257331,0.805427526928248,0.832682540095046,0.847133589809106,0.872783226898332,0.898049696757481,0.909112771501225,0.919716120175795,0.91959942456033,0.944143057229726,0.954468300527487,0.962741217845721,0.96628242883733,0.975410653005143,0.985450759803182,0.99021513782867,0.997867318228215,1,0.997203281651093,0.990034850422391,0.986546957728383,0.979748235280338,0.96613917138027,0.936577566963387,0.907890151462962,0.859937440035898,0.80337610961388,0.866251467722141,0.852363441103057
0.61081921895778,0.706007766249652,0.753684098871944,0.78865950748324,0.800213418628588,0.827621437685614,0.842380796796666,0.868181274794887,0.893512939995448,0.9047022095007,0.915463471761632,0.915540729364143,0.940657162845613,0.951512341847665,0.960051368307494,0.963786201730997,0.972870098554229,0.982681063776298,0.987318090643072,0.995016834648826,0.997203281651093,1,0.997790374100737,0.99501255944785,0.987498605613022,0.97344534006716,0.943620140277152,0.916139752260348,0.872796081083394,0.818454581914276,0.876743682194154,0.860206184877039
0.60644911542041,0.699891745897731,0.746172893474912,0.780660094989191,0.791964900028817,0.819380475972588,0.834344235720725,0.860156424917569,0.885424329870629,0.896670635664528,0.907522713916455,0.907771500742022,0.933284667779713,0.944563031086338,0.953304115990043,0.957198923944641,0.966204581988776,0.975767565620579,0.980250204954151,0.987877912776067,0.990034850422391,0.997790374100737,1,0.997861996059014,0.989741891225695,0.975346706898908,0.945409554262417,0.919122302331759,0.880087035902945,0.827979833971265,0.881916512835778,0.863102385186606
0.60122516492619,0.692061610372647,0.736161688316932,0.769959728356197,0.78089561950092,0.809164453767575,0.825361136191021,0.852934230298401,0.880255701513746,0.89277648233183,0.903520871012258,0.903694394097923,0.928004383648394,0.938312304759264,0.946874059543064,0.950833030934055,0.960414473219604,0.970957979239883,0.976180920218658,0.984109545453732,0.986546957728383,0.99501255944785,0.997861996059014,1,0.996867700165872,0.986603668672565,0.959552920284485,0.933929795405687,0.890839870958456,0.836036752305489,0.888823777709197,0.869194504916347
0.593317002435724,0.68108712369325,0.722755331064808,0.7557033609617,0.766215131364004,0.795381534068108,0.812934678432799,0.842510459869217,0.872214894843834,0.886206133016378,0.89673941774952,0.896767463408078,0.919374452529054,0.92832188177992,0.936561566997765,0.940529735001046,0.950788718216944,0.962549584165131,0.968694730355489,0.976972638559364,0.979748235280338,0.987498605613022,0.989741891225695,0.996867700165872,1,0.994912168615313,0.971535001750396,0.946473323319546,0.897329249772461,0.838822926814755,0.891306105871211,0.871487071934126
0.575576719513056,0.657525084016805,0.694871220854598,0.727696168201029,0.738903733799056,0.769434498774632,0.788830736179718,0.820909743784987,0.853553038685609,0.869441094207908,0.879743208966649,0.879706456268718,0.900078392353074,0.90733052697205,0.916244458376445,0.921560136392293,0.933143558362261,0.946187222622147,0.953455187326517,0.962567645094293,0.96613917138027,0.97344534006716,0.975346706898908,0.986603668672565,0.994912168615313,1,0.989922098111633,0.971738983605284,0.91763728459129,0.855593517186532,0.899370268017491,0.875268850277504
0.544450505873844,0.617859328421048,0.649276916699076,0.682201917481079,0.694836251131547,0.726622692716657,0.747857461948465,0.782231186301204,0.817602317763107,0.835369386834484,0.845322234855054,0.845294503599053,0.862958696807419,0.868312607599908,0.878558456646965,0.886142524241918,0.899322751009293,0.913424049542211,0.921786835824085,0.931948342244211,0.936577566963387,0.943620140277152,0.945409554262417,0.959552920284485,0.971535001750396,0.989922098111633,1,0.993511589766004,0.936490013053777,0.872130702812245,0.900517391226386,0.869427138418337
0.517501262627348,0.585553241957054,0.613795634376979,0.646227207132049,0.65942380434784,0.691716212378806,0.713993288622743,0.749417014763331,0.78600711753533,0.804673299130773,0.814227071604873,0.814162800998145,0.830737574930001,0.835523498334321,0.847837632829723,0.858205379375918,0.871826042605211,0.884503201378671,0.892157012016715,0.902749991005534,0.907890151462962,0.916139752260348,0.919122302331759,0.933929795405687,0.946473323319546,0.971738983605284,0.993511589766004,1,0.962692045406876,0.908797114474396,0.912655801875065,0.869631686234742
0.484059907461988,0.550936073887989,0.580487961950004,0.610575494687601,0.622495610594512,0.653427860099222,0.675084501168803,0.708768180069792,0.743262604835108,0.760776968332215,0.769572645800657,0.769364164280843,0.787730847863744,0.794538069113694,0.810976857504073,0.825965525771316,0.837522422090103,0.842873788525792,0.845652822811134,0.855357625897919,0.859937440035898,0.872796081083394,0.880087035902945,0.890839870958456,0.897329249772461,0.91763728459129,0.936490013053777,0.962692045406876,1,0.987796181112283,0.939883377926234,0.871205147788622
0.448509700311028,0.512456861792658,0.541767235076979,0.569492305427869,0.580276261163699,0.609383904464777,0.629954090772782,0.661501844938735,0.693628346424335,0.709889902806653,0.717953017365958,0.717668551835374,0.736448080129417,0.744189472647601,0.762448717597569,0.779592321679113,0.789572142978961,0.790526696013285,0.79040630688688,0.799273057711542,0.80337610961388,0.818454581914276,0.827979833971265,0.836036752305489,0.838822926814755,0.855593517186532,0.872130702812245,0.908797114474396,0.987796181112283,1,0.923902060607301,0.842770708496299
0.458871902160464,0.530725157706134,0.566826863296165,0.59220232490408,0.600000858465293,0.624602211949202,0.640432538687636,0.67615065522414,0.718181913149079,0.740328507931146,0.748404766510498,0.747998851307362,0.776166955178432,0.79149765760731,0.803905190950665,0.811768317417626,0.826219705052112,0.842566577463324,0.852488624654864,0.861931149372601,0.866251467722141,0.876743682194154,0.881916512835778,0.888823777709197,0.891306105871211,0.899370268017491,0.900517391226386,0.912655801875065,0.939883377926234,0.923902060607301,1,0.984593749569555
0.441223619489266,0.513110104257998,0.550482301357464,0.573564703236939,0.579640549459813,0.600999497052756,0.613907508519771,0.649764393050074,0.694221469422293,0.717948325475186,0.725639348945641,0.72520025196071,0.756201797290239,0.774184720089198,0.783280777774598,0.786499739218992,0.802283417484894,0.824873313182876,0.838906429921187,0.848152231625701,0.852363441103057,0.860206184877039,0.863102385186606,0.869194504916347,0.871487071934126,0.875268850277504,0.869427138418337,0.869631686234742,0.871205147788622,0.842770708496299,0.984593749569555,1
