1,0.775817031672483,0.690479449619446,0.638558753209932,0.590528676381093,0.574169607975713,0.566898641475239,0.545213627959143,0.53543719719447,0.529608584082511,0.524418083770408,0.517909312917494,0.512322511577176,0.497432913939279,0.478852472750343,0.465321806096862,0.459369565007478,0.446349434603688,0.430468027614299,0.426133737367106,0.424477021917882,0.420390984986373,0.398710801755874,0.396898711144774,0.383901739445018,0.391419774303017,0.370542440141567,0.358958261595726,0.324119897374391,0.287701259864314,0.295748582072659,0.215720676664836
0.775817031672483,1,0.925364408920944,0.857402233020045,0.793659125965496,0.766880974724785,0.737238564074741,0.709959293596938,0.692263602559537,0.673304506156247,0.662247618289804,0.651002858312931,0.644802245156091,0.637305735290351,0.623106695693753,0.609123838922898,0.6006316349114,0.587942839096114,0.572455043491775,0.560520775805189,0.559733353417589,0.554686113485054,0.531488387204691,0.525626860007856,0.509420626392792,0.49902588741108,0.47986085923025,0.466615143941227,0.44816451976425,0.413226557105464,0.39207480908772,0.2905210471814
0.690479449619446,0.925364408920944,1,0.938188172868014,0.871291463734584,0.844667736053698,0.81330844163118,0.783487112567084,0.761363453713877,0.74128911043866,0.725655310034904,0.711311374180855,0.702820829924274,0.693962982256825,0.679431338039708,0.662942336813421,0.65733159425886,0.645900178047398,0.635035300649358,0.621085863273279,0.61565852871996,0.606814798787843,0.58920093439643,0.583658107771364,0.566648798638866,0.553568142499885,0.537680562227205,0.520104942580349,0.497442969650901,0.463396481816063,0.429945816779903,0.310922474684308
0.638558753209932,0.857402233020045,0.938188172868014,1,0.953230936788548,0.917697047695448,0.882521535990408,0.854101823775274,0.831392203257106,0.814608200844041,0.7986683059507,0.784443326813275,0.775578928679864,0.768245113776708,0.752722222575868,0.735729386150014,0.728035532357586,0.71293715077775,0.699107502219909,0.683019615265889,0.678322882903956,0.665749046772702,0.65142478570187,0.642716928563516,0.626287494547003,0.613397328908636,0.592595506692858,0.566336696601399,0.542601187560308,0.505441888931559,0.465793334407235,0.345575981865593
0.590528676381093,0.793659125965496,0.871291463734584,0.953230936788548,1,0.965443179275146,0.921942137343788,0.888184363120892,0.865537321838903,0.849202417527123,0.832476739685911,0.818969133306169,0.805570744568017,0.794056299329346,0.777033361697314,0.763585207954875,0.755638273983734,0.741964101541526,0.726414759314555,0.707782979968478,0.700964399541494,0.689394687061755,0.676450343328804,0.662589617956292,0.646537729023799,0.635937841536874,0.611417668886252,0.585677020234384,0.561799746897379,0.521848831611217,0.482424273609608,0.362221521810496
0.574169607975713,0.766880974724785,0.844667736053698,0.917697047695448,0.965443179275146,1,0.970663492219187,0.937346334016907,0.912963282850801,0.893475093290619,0.873770732921745,0.860029301586901,0.844054115621701,0.831804947476107,0.813937579496729,0.801598212323159,0.793000885916676,0.778603339818749,0.760693806334006,0.740184496440826,0.734070627672185,0.723362316786674,0.708053314467598,0.694085306902068,0.67376722338529,0.663463462508341,0.64105815139913,0.613026349380534,0.585957349065747,0.544679818560995,0.504592109521199,0.393687877249209
0.566898641475239,0.737238564074741,0.81330844163118,0.882521535990408,0.921942137343788,0.970663492219187,1,0.974326739686686,0.946881433198069,0.923100175615932,0.901616130372265,0.887165948037537,0.873471856680136,0.859318637682035,0.838936870490003,0.826313129367964,0.817594875600319,0.80251899825307,0.78482800287295,0.76521864591646,0.757913854726072,0.746885572885532,0.732700382411837,0.72075407577039,0.703831559269411,0.691768808078344,0.670085258807497,0.639751254277788,0.610065975262377,0.569357844221394,0.525172168648494,0.414737032574812
0.545213627959143,0.709959293596938,0.783487112567084,0.854101823775274,0.888184363120892,0.937346334016907,0.974326739686686,1,0.980517967956314,0.953894577801212,0.933342372106763,0.916359526274698,0.900766168149852,0.88595425375641,0.863789786585259,0.849026765098435,0.838272616136291,0.825210858600474,0.807709560156878,0.788883939596806,0.779742577622657,0.768297758581664,0.75252483004606,0.738792417402379,0.71978128935407,0.706709513614731,0.683292629775382,0.649295380378963,0.619929995239485,0.577560286784091,0.532600114588216,0.41450528568094
0.53543719719447,0.692263602559537,0.761363453713877,0.831392203257106,0.865537321838903,0.912963282850801,0.946881433198069,0.980517967956314,1,0.981287390026654,0.960310240677492,0.941339973544026,0.922328326199131,0.906805079179091,0.8841322261871,0.869170941237445,0.855966432087718,0.843072580129772,0.824865485704329,0.806067241957681,0.797834250991093,0.786526299158352,0.771417996909491,0.758074463188509,0.738475299163081,0.726743837323993,0.702919136527197,0.668783608567513,0.638292648269552,0.596226781934068,0.550931429387461,0.431661089307834
0.529608584082511,0.673304506156247,0.74128911043866,0.814608200844041,0.849202417527123,0.893475093290619,0.923100175615932,0.953894577801212,0.981287390026654,1,0.980542092539632,0.960739014789122,0.938985886664691,0.923091473955958,0.89829020818335,0.881203109740664,0.865064409648416,0.851795676502551,0.831155153616542,0.812647529369531,0.803219351878662,0.788912579449372,0.773858052011814,0.762169491800797,0.741580431027767,0.733017300314819,0.70899956998766,0.673306569292465,0.641916108724565,0.598484011109232,0.553630426540884,0.433961056097321
0.524418083770408,0.662247618289804,0.725655310034904,0.7986683059507,0.832476739685911,0.873770732921745,0.901616130372265,0.933342372106763,0.960310240677492,0.980542092539632,1,0.985726417985153,0.962645821975036,0.947087924673323,0.922204622066977,0.902469657798323,0.885666685719983,0.869824182502254,0.84887478132741,0.830668636516769,0.821275318544137,0.808781958281241,0.795536411171395,0.783659994425102,0.763401153108273,0.75715368207316,0.733473240618566,0.697248340589442,0.66245054580882,0.616390332212473,0.572262775113321,0.443166070920122
0.517909312917494,0.651002858312931,0.711311374180855,0.784443326813275,0.818969133306169,0.860029301586901,0.887165948037537,0.916359526274698,0.941339973544026,0.960739014789122,0.985726417985153,1,0.982996822763121,0.96581474063548,0.940713372070971,0.919393914635288,0.901019123604076,0.883455462932137,0.86077818237031,0.841767359274336,0.832145737767934,0.819712809738081,0.80620762461142,0.794583203438715,0.774543435967318,0.768319783571301,0.746268581501744,0.709911931508887,0.674876433746141,0.632535895650946,0.590620911081983,0.459259314779973
0.512322511577176,0.644802245156091,0.702820829924274,0.775578928679864,0.805570744568017,0.844054115621701,0.873471856680136,0.900766168149852,0.922328326199131,0.938985886664691,0.962645821975036,0.982996822763121,1,0.985423728167564,0.958251441776646,0.935531802176175,0.914844725519188,0.894174114175993,0.874572968695091,0.855431819458401,0.844323988007596,0.830360491924261,0.816378281995512,0.805371988215129,0.786573496749841,0.779113741555966,0.757027433241443,0.720516126582937,0.687922397872906,0.645838103349149,0.600655261079166,0.468360509639726
0.497432913939279,0.637305735290351,0.693962982256825,0.768245113776708,0.794056299329346,0.831804947476107,0.859318637682035,0.88595425375641,0.906805079179091,0.923091473955958,0.947087924673323,0.96581474063548,0.985423728167564,1,0.982423833566528,0.95986756872237,0.938903859978025,0.917478300310668,0.898008872341074,0.878650012355976,0.866245902027766,0.851942304803858,0.837862885597372,0.825007054166579,0.805533435783352,0.796338735535459,0.77627746169077,0.739826698826291,0.707684075496392,0.664374066015279,0.616659556198837,0.487437046346045
0.478852472750343,0.623106695693753,0.679431338039708,0.752722222575868,0.777033361697314,0.813937579496729,0.838936870490003,0.863789786585259,0.8841322261871,0.89829020818335,0.922204622066977,0.940713372070971,0.958251441776646,0.982423833566528,1,0.982888573719818,0.962371504678062,0.938298933567128,0.916277520577079,0.895517400416767,0.880816269751703,0.868675500099565,0.857147105355641,0.842730666491855,0.821063893041688,0.808204915408151,0.786554665756476,0.751096754105989,0.720232705144951,0.679236273866176,0.633438089667729,0.508673583858874
0.465321806096862,0.609123838922898,0.662942336813421,0.735729386150014,0.763585207954875,0.801598212323159,0.826313129367964,0.849026765098435,0.869170941237445,0.881203109740664,0.902469657798323,0.919393914635288,0.935531802176175,0.95986756872237,0.982888573719818,1,0.98622803890106,0.959942730262816,0.934662138457351,0.91226064435404,0.896078981189585,0.883506421301407,0.870835221307493,0.855691608444564,0.834374698989653,0.819484392603903,0.798305600581983,0.761740794426316,0.729645714803292,0.685606723082127,0.648584611508756,0.522843325909055
0.459369565007478,0.6006316349114,0.65733159425886,0.728035532357586,0.755638273983734,0.793000885916676,0.817594875600319,0.838272616136291,0.855966432087718,0.865064409648416,0.885666685719983,0.901019123604076,0.914844725519188,0.938903859978025,0.962371504678062,0.98622803890106,1,0.979289535834649,0.953975768753841,0.930657473510208,0.913952524104079,0.900077587137262,0.887179880255286,0.872355275317312,0.850486342793146,0.833565072324419,0.811488084415934,0.775224959498896,0.743017639376934,0.70156148519066,0.666497711680753,0.532957092859572
0.446349434603688,0.587942839096114,0.645900178047398,0.71293715077775,0.741964101541526,0.778603339818749,0.80251899825307,0.825210858600474,0.843072580129772,0.851795676502551,0.869824182502254,0.883455462932137,0.894174114175993,0.917478300310668,0.938298933567128,0.959942730262816,0.979289535834649,1,0.983224428540823,0.960514125721165,0.941606878226839,0.924127359812326,0.907625653152864,0.89054087936396,0.868286021547819,0.847321907438936,0.8241602289763,0.788892481143358,0.757198120365609,0.711336801101668,0.674017199274261,0.556123187245093
0.430468027614299,0.572455043491775,0.635035300649358,0.699107502219909,0.726414759314555,0.760693806334006,0.78482800287295,0.807709560156878,0.824865485704329,0.831155153616542,0.84887478132741,0.86077818237031,0.874572968695091,0.898008872341074,0.916277520577079,0.934662138457351,0.953975768753841,0.983224428540823,1,0.984615283475762,0.963023286555395,0.941499141730442,0.924830707163329,0.905312816510646,0.882094312786647,0.857768539008343,0.834110464594504,0.801236277830037,0.769731376869433,0.722510845895161,0.686211324718732,0.578361149317078
0.426133737367106,0.560520775805189,0.621085863273279,0.683019615265889,0.707782979968478,0.740184496440826,0.76521864591646,0.788883939596806,0.806067241957681,0.812647529369531,0.830668636516769,0.841767359274336,0.855431819458401,0.878650012355976,0.895517400416767,0.91226064435404,0.930657473510208,0.960514125721165,0.984615283475762,1,0.982494561329348,0.961539479800622,0.943396412263046,0.9236092312409,0.90033555451845,0.873621560351314,0.849713583617696,0.81746796176998,0.783484343227018,0.735976991753404,0.69786397749091,0.579877525899364
0.424477021917882,0.559733353417589,0.61565852871996,0.678322882903956,0.700964399541494,0.734070627672185,0.757913854726072,0.779742577622657,0.797834250991093,0.803219351878662,0.821275318544137,0.832145737767934,0.844323988007596,0.866245902027766,0.880816269751703,0.896078981189585,0.913952524104079,0.941606878226839,0.963023286555395,0.982494561329348,1,0.983172937230969,0.95940016176977,0.940360364874512,0.9155336330659,0.886355620359322,0.860094971752343,0.827206660037695,0.795623549304662,0.745528051677577,0.703449458456003,0.584376362585633
0.420390984986373,0.554686113485054,0.606814798787843,0.665749046772702,0.689394687061755,0.723362316786674,0.746885572885532,0.768297758581664,0.786526299158352,0.788912579449372,0.808781958281241,0.819712809738081,0.830360491924261,0.851942304803858,0.868675500099565,0.883506421301407,0.900077587137262,0.924127359812326,0.941499141730442,0.961539479800622,0.983172937230969,1,0.981317152996217,0.959453527557696,0.932147047169955,0.903289641171705,0.872586219307263,0.841344202131178,0.809539396791536,0.762905388307126,0.716246226504513,0.595413144525549
0.398710801755874,0.531488387204691,0.58920093439643,0.65142478570187,0.676450343328804,0.708053314467598,0.732700382411837,0.75252483004606,0.771417996909491,0.773858052011814,0.795536411171395,0.80620762461142,0.816378281995512,0.837862885597372,0.857147105355641,0.870835221307493,0.887179880255286,0.907625653152864,0.924830707163329,0.943396412263046,0.95940016176977,0.981317152996217,1,0.9776678274429,0.949375311626023,0.920093198574479,0.889107102984042,0.857587057579173,0.827032423489662,0.779244447685888,0.722595058953323,0.59801329922137
0.396898711144774,0.525626860007856,0.583658107771364,0.642716928563516,0.662589617956292,0.694085306902068,0.72075407577039,0.738792417402379,0.758074463188509,0.762169491800797,0.783659994425102,0.794583203438715,0.805371988215129,0.825007054166579,0.842730666491855,0.855691608444564,0.872355275317312,0.89054087936396,0.905312816510646,0.9236092312409,0.940360364874512,0.959453527557696,0.9776678274429,1,0.982757345794275,0.950925030761122,0.919658384779966,0.88664900148164,0.853302862155266,0.803985484946815,0.739498479195405,0.604825382629927
0.383901739445018,0.509420626392792,0.566648798638866,0.626287494547003,0.646537729023799,0.67376722338529,0.703831559269411,0.71978128935407,0.738475299163081,0.741580431027767,0.763401153108273,0.774543435967318,0.786573496749841,0.805533435783352,0.821063893041688,0.834374698989653,0.850486342793146,0.868286021547819,0.882094312786647,0.90033555451845,0.9155336330659,0.932147047169955,0.949375311626023,0.982757345794275,1,0.972399819266677,0.939909039825922,0.90553678226539,0.866207642118496,0.815972312159242,0.743603345191967,0.606073443087333
0.391419774303017,0.49902588741108,0.553568142499885,0.613397328908636,0.635937841536874,0.663463462508341,0.691768808078344,0.706709513614731,0.726743837323993,0.733017300314819,0.75715368207316,0.768319783571301,0.779113741555966,0.796338735535459,0.808204915408151,0.819484392603903,0.833565072324419,0.847321907438936,0.857768539008343,0.873621560351314,0.886355620359322,0.903289641171705,0.920093198574479,0.950925030761122,0.972399819266677,1,0.973907077013187,0.93481886912867,0.892740026385387,0.839451999512027,0.760570903271846,0.612424719673322
0.370542440141567,0.47986085923025,0.537680562227205,0.592595506692858,0.611417668886252,0.64105815139913,0.670085258807497,0.683292629775382,0.702919136527197,0.70899956998766,0.733473240618566,0.746268581501744,0.757027433241443,0.77627746169077,0.786554665756476,0.798305600581983,0.811488084415934,0.8241602289763,0.834110464594504,0.849713583617696,0.860094971752343,0.872586219307263,0.889107102984042,0.919658384779966,0.939909039825922,0.973907077013187,1,0.972356085485904,0.929164736698424,0.870895554072058,0.787060805100361,0.640044228458989
0.358958261595726,0.466615143941227,0.520104942580349,0.566336696601399,0.585677020234384,0.613026349380534,0.639751254277788,0.649295380378963,0.668783608567513,0.673306569292465,0.697248340589442,0.709911931508887,0.720516126582937,0.739826698826291,0.751096754105989,0.761740794426316,0.775224959498896,0.788892481143358,0.801236277830037,0.81746796176998,0.827206660037695,0.841344202131178,0.857587057579173,0.88664900148164,0.90553678226539,0.93481886912867,0.972356085485904,1,0.960156561234212,0.89300069493184,0.807082112124185,0.671886716136249
0.324119897374391,0.44816451976425,0.497442969650901,0.542601187560308,0.561799746897379,0.585957349065747,0.610065975262377,0.619929995239485,0.638292648269552,0.641916108724565,0.66245054580882,0.674876433746141,0.687922397872906,0.707684075496392,0.720232705144951,0.729645714803292,0.743017639376934,0.757198120365609,0.769731376869433,0.783484343227018,0.795623549304662,0.809539396791536,0.827032423489662,0.853302862155266,0.866207642118496,0.892740026385387,0.929164736698424,0.960156561234212,1,0.948116332598916,0.853632302235154,0.704237593618421
0.287701259864314,0.413226557105464,0.463396481816063,0.505441888931559,0.521848831611217,0.544679818560995,0.569357844221394,0.577560286784091,0.596226781934068,0.598484011109232,0.616390332212473,0.632535895650946,0.645838103349149,0.664374066015279,0.679236273866176,0.685606723082127,0.70156148519066,0.711336801101668,0.722510845895161,0.735976991753404,0.745528051677577,0.762905388307126,0.779244447685888,0.803985484946815,0.815972312159242,0.839451999512027,0.870895554072058,0.89300069493184,0.948116332598916,1,0.921764668924632,0.748203072129356
0.295748582072659,0.39207480908772,0.429945816779903,0.465793334407235,0.482424273609608,0.504592109521199,0.525172168648494,0.532600114588216,0.550931429387461,0.553630426540884,0.572262775113321,0.590620911081983,0.600655261079166,0.616659556198837,0.633438089667729,0.648584611508756,0.666497711680753,0.674017199274261,0.686211324718732,0.69786397749091,0.703449458456003,0.716246226504513,0.722595058953323,0.739498479195405,0.743603345191967,0.760570903271846,0.787060805100361,0.807082112124185,0.853632302235154,0.921764668924632,1,0.826695605173596
0.215720676664836,0.2905210471814,0.310922474684308,0.345575981865593,0.362221521810496,0.393687877249209,0.414737032574812,0.41450528568094,0.431661089307834,0.433961056097321,0.443166070920122,0.459259314779973,0.468360509639726,0.487437046346045,0.508673583858874,0.522843325909055,0.532957092859572,0.556123187245093,0.578361149317078,0.579877525899364,0.584376362585633,0.595413144525549,0.59801329922137,0.604825382629927,0.606073443087333,0.612424719673322,0.640044228458989,0.671886716136249,0.704237593618421,0.748203072129356,0.826695605173596,1
