1,0.652906675216122,0.540496541458814,0.452532531564796,0.40522444445095,0.378401982674022,0.360859450314833,0.358832290550346,0.345981013092957,0.344435744317802,0.33812073705767,0.336722959727453,0.340033282053154,0.326099685733957,0.330212189855775,0.323347018958361,0.308438478999023,0.299056389724625,0.287899867361152,0.269991371301862,0.270765290981933,0.272334188444845,0.261085063020055,0.259365150644836,0.254432244146314,0.257230924249095,0.259670787856743,0.254603464194221,0.236570691533263,0.21044923358123,0.133713663567851,0.106704159333963
0.652906675216122,1,0.922552743287773,0.839815923851919,0.795041554725344,0.764088462929346,0.746091754038886,0.730044727657563,0.713087223886198,0.69918815566092,0.685396151917817,0.679695610526588,0.672000746172348,0.646559740049291,0.648127869668696,0.63957554093715,0.630109334341336,0.622335526041266,0.607334949293079,0.595034033846297,0.592574822105786,0.585058632810303,0.573247964177127,0.562965227282296,0.553926083866,0.545621508201844,0.537846172815878,0.51944150248863,0.454910303058488,0.367855701062574,0.17342490026024,0.0978208497435138
0.540496541458814,0.922552743287773,1,0.949601476090984,0.90806620184746,0.872464920665767,0.846178241052912,0.822516632584441,0.801744137062086,0.785959892680995,0.773480235094565,0.76710889520365,0.758579139769115,0.737749905107379,0.735119701766875,0.72591422446531,0.717635510301781,0.71211621578802,0.698993095237449,0.685052701550624,0.680329405330076,0.672269681692026,0.660077884639398,0.646351384104341,0.636212000670182,0.630029772956954,0.62442431140813,0.602300520372625,0.526157859862438,0.423705385984596,0.196386481403806,0.0879742738639408
0.452532531564796,0.839815923851919,0.949601476090984,1,0.956837717213239,0.923290911675756,0.894625621033703,0.867034495031946,0.8411273671835,0.822252016985277,0.809144371524125,0.801821475633185,0.789572901431033,0.768047535118107,0.765470212056337,0.756144604295902,0.746838783716614,0.739098569205033,0.727513731215515,0.714814041625274,0.706410070065925,0.69647034385293,0.686227037159591,0.671254604570308,0.660719063812811,0.652866577149487,0.650177573017399,0.627271994432808,0.544664680499726,0.426249823698221,0.198527441043615,0.0689884640711035
0.40522444445095,0.795041554725344,0.90806620184746,0.956837717213239,1,0.976578433998031,0.945660685412121,0.915630312564826,0.890950320072208,0.869331848864045,0.853948223830204,0.843094886009861,0.829440861110676,0.809590926568023,0.8050324640941,0.793648576009077,0.784166695436719,0.774190433782463,0.760656330674967,0.746370298409965,0.734236055452294,0.724502535554883,0.714273566604592,0.700921766445467,0.691212798444462,0.682223024684948,0.675767727092613,0.650706270395982,0.562402868763697,0.439767871644189,0.191616238240025,0.0668880871766809
0.378401982674022,0.764088462929346,0.872464920665767,0.923290911675756,0.976578433998031,1,0.980606334999842,0.950947401680462,0.92484302695234,0.903273501599744,0.887493628491438,0.873859384544062,0.859792284208409,0.839988274251814,0.833266310957438,0.819847870890133,0.811283375371445,0.801619345872205,0.789349074587563,0.77426394273573,0.762517575616194,0.754477151756977,0.743107768356933,0.730050897221771,0.722321258505467,0.712576276966516,0.705195542910421,0.67930173574127,0.585959339353319,0.462469972675809,0.20088505440871,0.0824239678095336
0.360859450314833,0.746091754038886,0.846178241052912,0.894625621033703,0.945660685412121,0.980606334999842,1,0.98141327549919,0.95361685097625,0.930026146467258,0.911897263450274,0.894557815202267,0.879651492556785,0.859208529160725,0.849570517622547,0.835070410053967,0.827038440623962,0.816198389579687,0.804708265559575,0.789714607091734,0.778109253698537,0.771615838302493,0.761625693626722,0.748459796097354,0.740963035881901,0.730312807092165,0.722693842930479,0.693209125993864,0.595289372785679,0.465924404857103,0.205409632958049,0.0934143783462007
0.358832290550346,0.730044727657563,0.822516632584441,0.867034495031946,0.915630312564826,0.950947401680462,0.98141327549919,1,0.978571748814532,0.957294813108066,0.938510237143351,0.91881439807837,0.904025916895428,0.883761452975684,0.871924484958205,0.856529524546144,0.846818903168866,0.83486769750252,0.822138002517742,0.808465081293686,0.797307336268729,0.79343303490566,0.786021986564284,0.771617763177461,0.764695154218534,0.753401987511068,0.744610766398643,0.712787545642726,0.613639347436048,0.474869721914977,0.20237595206976,0.102466002873033
0.345981013092957,0.713087223886198,0.801744137062086,0.8411273671835,0.890950320072208,0.92484302695234,0.95361685097625,0.978571748814532,1,0.980624413151163,0.96151711610221,0.941701737207304,0.924622992496952,0.902822336939225,0.890096542910929,0.875446804081343,0.865124421791217,0.852137082670673,0.835705769837419,0.8225130622353,0.810233467915315,0.804212057752766,0.798854780941607,0.786447407208584,0.777672918572728,0.764929303269932,0.755567857504841,0.722190932257009,0.624558181642153,0.482065064872163,0.19626382984195,0.107649251517856
0.344435744317802,0.69918815566092,0.785959892680995,0.822252016985277,0.869331848864045,0.903273501599744,0.930026146467258,0.957294813108066,0.980624413151163,1,0.986518628904739,0.966365206984493,0.947659227426024,0.923228372557319,0.908772445206904,0.892795614952651,0.879994089826911,0.864669956748795,0.848057560296541,0.833413371270016,0.82187696864,0.815635650157409,0.809777824941872,0.799828952779688,0.791981996829586,0.779983477413787,0.76656729002882,0.732169991359172,0.639021364226902,0.495036090877955,0.200372354917837,0.120781376735283
0.33812073705767,0.685396151917817,0.773480235094565,0.809144371524125,0.853948223830204,0.887493628491438,0.911897263450274,0.938510237143351,0.96151711610221,0.986518628904739,1,0.988261812569292,0.969189560342228,0.943291509686177,0.927263849073153,0.910629572348672,0.897536093463682,0.880981154009386,0.862768068705292,0.847389382183489,0.836407814969017,0.828405578706742,0.822354147944516,0.814245894111136,0.80291488254501,0.790159081756612,0.776257067958924,0.744888891634936,0.655991387812327,0.514819549748769,0.214072967156372,0.134634039008224
0.336722959727453,0.679695610526588,0.76710889520365,0.801821475633185,0.843094886009861,0.873859384544062,0.894557815202267,0.91881439807837,0.941701737207304,0.966365206984493,0.988261812569292,1,0.98845040851711,0.96322190933131,0.946936372088593,0.930773502649787,0.916783635647639,0.898303452901065,0.879528896554655,0.863304263665875,0.853453341810155,0.845703131704359,0.839749940754306,0.83262795285742,0.819005080543899,0.803992402136695,0.786820291060015,0.754721081476305,0.669361206585802,0.531051113818411,0.233532949914258,0.153947778959303
0.340033282053154,0.672000746172348,0.758579139769115,0.789572901431033,0.829440861110676,0.859792284208409,0.879651492556785,0.904025916895428,0.924622992496952,0.947659227426024,0.969189560342228,0.98845040851711,1,0.983745234506067,0.966949650885199,0.949775347765739,0.935516636664746,0.917440334741248,0.89865766699386,0.882703936002926,0.87374710042574,0.866556487295367,0.859721179828392,0.851288603825117,0.835783416750273,0.818484214701415,0.798904618145187,0.765275109001042,0.682455108626293,0.547221334326339,0.244219676212356,0.161986663741535
0.326099685733957,0.646559740049291,0.737749905107379,0.768047535118107,0.809590926568023,0.839988274251814,0.859208529160725,0.883761452975684,0.902822336939225,0.923228372557319,0.943291509686177,0.96322190933131,0.983745234506067,1,0.98320723977442,0.965929151851069,0.950653435257797,0.930771941617219,0.910906811331455,0.892466052446741,0.881077474918399,0.870305329351299,0.862154511892591,0.851919214443567,0.836014535008052,0.818036267064564,0.796919933491794,0.760334536671053,0.681800922697136,0.550990209447792,0.253180650696532,0.15196870453826
0.330212189855775,0.648127869668696,0.735119701766875,0.765470212056337,0.8050324640941,0.833266310957438,0.849570517622547,0.871924484958205,0.890096542910929,0.908772445206904,0.927263849073153,0.946936372088593,0.966949650885199,0.98320723977442,1,0.987488270619841,0.970116895913053,0.949194310939182,0.928415770871791,0.910909022720785,0.898062825515178,0.886710881693019,0.876296457745651,0.863801347756721,0.848770482255217,0.829931914125442,0.806973959189376,0.767357837720719,0.689038782280076,0.559968458271642,0.250004719007341,0.151994787915903
0.323347018958361,0.63957554093715,0.72591422446531,0.756144604295902,0.793648576009077,0.819847870890133,0.835070410053967,0.856529524546144,0.875446804081343,0.892795614952651,0.910629572348672,0.930773502649787,0.949775347765739,0.965929151851069,0.987488270619841,1,0.988942753116444,0.967664199639304,0.947442281650664,0.930694018551725,0.917569433704641,0.9047486830928,0.893777251467806,0.878277502670797,0.863276933759518,0.842558700875813,0.819477622708644,0.778198079949089,0.698149657405908,0.567698070784766,0.251141499456004,0.149126574205515
0.308438478999023,0.630109334341336,0.717635510301781,0.746838783716614,0.784166695436719,0.811283375371445,0.827038440623962,0.846818903168866,0.865124421791217,0.879994089826911,0.897536093463682,0.916783635647639,0.935516636664746,0.950653435257797,0.970116895913053,0.988942753116444,1,0.98781795194455,0.968455169845027,0.951248927893215,0.935207646439096,0.919926135890147,0.905999467173371,0.889756963357543,0.873964190919296,0.852180986992005,0.829791123811174,0.791541225708524,0.711957862852137,0.580292735472119,0.259016324224147,0.150847087706827
0.299056389724625,0.622335526041266,0.71211621578802,0.739098569205033,0.774190433782463,0.801619345872205,0.816198389579687,0.83486769750252,0.852137082670673,0.864669956748795,0.880981154009386,0.898303452901065,0.917440334741248,0.930771941617219,0.949194310939182,0.967664199639304,0.98781795194455,1,0.985967784493969,0.969743154588827,0.952012313372187,0.93426355918191,0.917065106268657,0.898766410113642,0.883316120473059,0.861449807024062,0.839448824224774,0.802241109772351,0.723375124699031,0.588135509225776,0.276157045224914,0.158993248748873
0.287899867361152,0.607334949293079,0.698993095237449,0.727513731215515,0.760656330674967,0.789349074587563,0.804708265559575,0.822138002517742,0.835705769837419,0.848057560296541,0.862768068705292,0.879528896554655,0.89865766699386,0.910906811331455,0.928415770871791,0.947442281650664,0.968455169845027,0.985967784493969,1,0.984832474746636,0.965763596321556,0.946722240552766,0.927480381326644,0.906296322939064,0.89279677793471,0.871992271385762,0.850258895094242,0.810960053717551,0.734707518749093,0.606391378148146,0.294948807750722,0.167324585594431
0.269991371301862,0.595034033846297,0.685052701550624,0.714814041625274,0.746370298409965,0.77426394273573,0.789714607091734,0.808465081293686,0.8225130622353,0.833413371270016,0.847389382183489,0.863304263665875,0.882703936002926,0.892466052446741,0.910909022720785,0.930694018551725,0.951248927893215,0.969743154588827,0.984832474746636,1,0.987157456496282,0.967027977080972,0.947170234228836,0.925306132049874,0.914269645998982,0.892438137524494,0.869423459781775,0.829956827481436,0.748839118558123,0.621699907983001,0.30435506846116,0.180059403493667
0.270765290981933,0.592574822105786,0.680329405330076,0.706410070065925,0.734236055452294,0.762517575616194,0.778109253698537,0.797307336268729,0.810233467915315,0.82187696864,0.836407814969017,0.853453341810155,0.87374710042574,0.881077474918399,0.898062825515178,0.917569433704641,0.935207646439096,0.952012313372187,0.965763596321556,0.987157456496282,1,0.988039901250789,0.96635042227574,0.942334605908111,0.930984607306696,0.906721484114929,0.881411877266894,0.842718015518067,0.764717024516688,0.636807699625544,0.30660794903548,0.197413426813194
0.272334188444845,0.585058632810303,0.672269681692026,0.69647034385293,0.724502535554883,0.754477151756977,0.771615838302493,0.79343303490566,0.804212057752766,0.815635650157409,0.828405578706742,0.845703131704359,0.866556487295367,0.870305329351299,0.886710881693019,0.9047486830928,0.919926135890147,0.93426355918191,0.946722240552766,0.967027977080972,0.988039901250789,1,0.985698343009916,0.961614615045307,0.948653962021572,0.921412274156977,0.891847829848995,0.850142397044869,0.770224676571991,0.640087246633684,0.304611939852945,0.219541476548247
0.261085063020055,0.573247964177127,0.660077884639398,0.686227037159591,0.714273566604592,0.743107768356933,0.761625693626722,0.786021986564284,0.798854780941607,0.809777824941872,0.822354147944516,0.839749940754306,0.859721179828392,0.862154511892591,0.876296457745651,0.893777251467806,0.905999467173371,0.917065106268657,0.927480381326644,0.947170234228836,0.96635042227574,0.985698343009916,1,0.981686513003028,0.965896490943934,0.939576250421144,0.90799450133824,0.864660934988231,0.781852092325308,0.649738388538924,0.311106337118002,0.236917356560894
0.259365150644836,0.562965227282296,0.646351384104341,0.671254604570308,0.700921766445467,0.730050897221771,0.748459796097354,0.771617763177461,0.786447407208584,0.799828952779688,0.814245894111136,0.83262795285742,0.851288603825117,0.851919214443567,0.863801347756721,0.878277502670797,0.889756963357543,0.898766410113642,0.906296322939064,0.925306132049874,0.942334605908111,0.961614615045307,0.981686513003028,1,0.98175241354736,0.956577135541513,0.926220172394904,0.885192406690484,0.807254690339943,0.681057265392436,0.33217552982499,0.245121258929066
0.254432244146314,0.553926083866,0.636212000670182,0.660719063812811,0.691212798444462,0.722321258505467,0.740963035881901,0.764695154218534,0.777672918572728,0.791981996829586,0.80291488254501,0.819005080543899,0.835783416750273,0.836014535008052,0.848770482255217,0.863276933759518,0.873964190919296,0.883316120473059,0.89279677793471,0.914269645998982,0.930984607306696,0.948653962021572,0.965896490943934,0.98175241354736,1,0.981106632282479,0.950850742986663,0.908130927381865,0.829293163538392,0.704057865165178,0.347196178806058,0.252052233254981
0.257230924249095,0.545621508201844,0.630029772956954,0.652866577149487,0.682223024684948,0.712576276966516,0.730312807092165,0.753401987511068,0.764929303269932,0.779983477413787,0.790159081756612,0.803992402136695,0.818484214701415,0.818036267064564,0.829931914125442,0.842558700875813,0.852180986992005,0.861449807024062,0.871992271385762,0.892438137524494,0.906721484114929,0.921412274156977,0.939576250421144,0.956577135541513,0.981106632282479,1,0.982461800281287,0.940550767916683,0.863924170779148,0.746403767895122,0.377710847311006,0.267420865956064
0.259670787856743,0.537846172815878,0.62442431140813,0.650177573017399,0.675767727092613,0.705195542910421,0.722693842930479,0.744610766398643,0.755567857504841,0.76656729002882,0.776257067958924,0.786820291060015,0.798904618145187,0.796919933491794,0.806973959189376,0.819477622708644,0.829791123811174,0.839448824224774,0.850258895094242,0.869423459781775,0.881411877266894,0.891847829848995,0.90799450133824,0.926220172394904,0.950850742986663,0.982461800281287,1,0.972776118060539,0.893863597550432,0.768036015140093,0.386735316111195,0.262737455598664
0.254603464194221,0.51944150248863,0.602300520372625,0.627271994432808,0.650706270395982,0.67930173574127,0.693209125993864,0.712787545642726,0.722190932257009,0.732169991359172,0.744888891634936,0.754721081476305,0.765275109001042,0.760334536671053,0.767357837720719,0.778198079949089,0.791541225708524,0.802241109772351,0.810960053717551,0.829956827481436,0.842718015518067,0.850142397044869,0.864660934988231,0.885192406690484,0.908130927381865,0.940550767916683,0.972776118060539,1,0.934578501574601,0.806688812146408,0.40681909284729,0.27763573215257
0.236570691533263,0.454910303058488,0.526157859862438,0.544664680499726,0.562402868763697,0.585959339353319,0.595289372785679,0.613639347436048,0.624558181642153,0.639021364226902,0.655991387812327,0.669361206585802,0.682455108626293,0.681800922697136,0.689038782280076,0.698149657405908,0.711957862852137,0.723375124699031,0.734707518749093,0.748839118558123,0.764717024516688,0.770224676571991,0.781852092325308,0.807254690339943,0.829293163538392,0.863924170779148,0.893863597550432,0.934578501574601,1,0.88443361221355,0.455866136877272,0.287354200561941
0.21044923358123,0.367855701062574,0.423705385984596,0.426249823698221,0.439767871644189,0.462469972675809,0.465924404857103,0.474869721914977,0.482065064872163,0.495036090877955,0.514819549748769,0.531051113818411,0.547221334326339,0.550990209447792,0.559968458271642,0.567698070784766,0.580292735472119,0.588135509225776,0.606391378148146,0.621699907983001,0.636807699625544,0.640087246633684,0.649738388538924,0.681057265392436,0.704057865165178,0.746403767895122,0.768036015140093,0.806688812146408,0.88443361221355,1,0.571643173165665,0.377270091814912
0.133713663567851,0.17342490026024,0.196386481403806,0.198527441043615,0.191616238240025,0.20088505440871,0.205409632958049,0.20237595206976,0.19626382984195,0.200372354917837,0.214072967156372,0.233532949914258,0.244219676212356,0.253180650696532,0.250004719007341,0.251141499456004,0.259016324224147,0.276157045224914,0.294948807750722,0.30435506846116,0.30660794903548,0.304611939852945,0.311106337118002,0.33217552982499,0.347196178806058,0.377710847311006,0.386735316111195,0.40681909284729,0.455866136877272,0.571643173165665,1,0.488422092845955
0.106704159333963,0.0978208497435138,0.0879742738639408,0.0689884640711035,0.0668880871766809,0.0824239678095336,0.0934143783462007,0.102466002873033,0.107649251517856,0.120781376735283,0.134634039008224,0.153947778959303,0.161986663741535,0.15196870453826,0.151994787915903,0.149126574205515,0.150847087706827,0.158993248748873,0.167324585594431,0.180059403493667,0.197413426813194,0.219541476548247,0.236917356560894,0.245121258929066,0.252052233254981,0.267420865956064,0.262737455598664,0.27763573215257,0.287354200561941,0.377270091814912,0.488422092845955,1
