1,0.731202668980426,0.652246109953173,0.624095201845317,0.603881160128499,0.577929281020675,0.563441673263398,0.54771313533917,0.524985268104204,0.512278853750308,0.496663873205618,0.483286935742212,0.468564248649192,0.454019849357069,0.44399358572584,0.43261347047613,0.41982645677538,0.401889339445376,0.393557913185523,0.382206894981225,0.377429468296503,0.374280112902383,0.368912248582774,0.359327601601711,0.348558043521566,0.338715927598701,0.321801524208289,0.308990244703,0.278236955827965,0.251508480413736,0.169016255990228,0.0567521475288169
0.731202668980426,1,0.916142757674967,0.866285584964623,0.834713418853323,0.808480052083253,0.790846894186938,0.773708454944878,0.759659269914091,0.743661143792973,0.725514937065748,0.708689100845696,0.695521467414117,0.678272247717553,0.665296662818785,0.649790894178635,0.637544317815334,0.623766299329414,0.614458825236652,0.601327403102454,0.597738586292462,0.589519717455621,0.58488164840254,0.578025331673969,0.56240428250187,0.547347592252358,0.528976345969258,0.513361513487776,0.47423240678413,0.403433603515055,0.26134223448398,0.15220278206734
0.652246109953173,0.916142757674967,1,0.961037870308093,0.922992852396598,0.89441090096505,0.874960243604029,0.856243454078788,0.842846637721283,0.831498551166345,0.81831996574454,0.804753067325558,0.789437367090218,0.770459325603525,0.758496550037495,0.742110102705738,0.72888187691697,0.714793654989242,0.706776546954501,0.693579446855817,0.687731732016168,0.676582531932737,0.668651378204485,0.658976267766363,0.641203199040421,0.627208448614198,0.61211766294881,0.596600110044939,0.555276321995197,0.465176651709231,0.284975054136885,0.185771660332706
0.624095201845317,0.866285584964623,0.961037870308093,1,0.969633894209152,0.945233584682513,0.925400947777951,0.909081005570516,0.89355040460049,0.884329087464484,0.871894757866472,0.860397972813313,0.844065541061159,0.825615241307585,0.812653550710948,0.794419759923764,0.780690790924429,0.768545519632516,0.758970795969033,0.746440742834664,0.739744794075841,0.72892958725053,0.720886302714466,0.711733651382533,0.694762564686521,0.683454771941015,0.669449873185202,0.652194831806825,0.610463512327957,0.506925156870389,0.313754696850109,0.198715907039757
0.603881160128499,0.834713418853323,0.922992852396598,0.969633894209152,1,0.980894254758954,0.960433769034774,0.945564028239956,0.929533082015263,0.91877293385507,0.90450925587808,0.893745715278375,0.879533764350394,0.863964851249979,0.851273238092096,0.833521081269062,0.819455480621109,0.808333738364404,0.80223505665404,0.7919967356939,0.785544391491742,0.77664488818375,0.769338216024881,0.759348609148677,0.743158536041076,0.733883796479016,0.718230059823411,0.701827597317067,0.661567058942667,0.554094894975585,0.353918541491058,0.222833361449522
0.577929281020675,0.808480052083253,0.89441090096505,0.945233584682513,0.980894254758954,1,0.983856042368024,0.968197394679816,0.954010959212607,0.942345463714299,0.927580121743772,0.916772476570476,0.903072943239718,0.889331665026581,0.876862021511403,0.860944576565969,0.846797874907404,0.835196598703545,0.827596074465636,0.817464200361599,0.810645712247221,0.802569949509868,0.794618177978665,0.785115828570137,0.769024711464049,0.760232955824801,0.744284735017138,0.72477187379403,0.683025977894035,0.576348756045897,0.370400347413675,0.235438863766042
0.563441673263398,0.790846894186938,0.874960243604029,0.925400947777951,0.960433769034774,0.983856042368024,1,0.986941535022629,0.973746175456484,0.960296974782635,0.946183351871647,0.935251681046048,0.92237617325209,0.907563638625867,0.894689878999083,0.880272823944052,0.865073983931533,0.853007761039575,0.845455425501914,0.836444680240309,0.828914549477528,0.822107261582048,0.814218334246573,0.806010285428537,0.791417459126926,0.781930945412663,0.76496464478703,0.745327781459064,0.706036082810194,0.596150598439809,0.381242172977745,0.244963606213485
0.54771313533917,0.773708454944878,0.856243454078788,0.909081005570516,0.945564028239956,0.968197394679816,0.986941535022629,1,0.98798129460304,0.974470118179781,0.962684856902682,0.950385878427182,0.939358477909352,0.925694478619809,0.913953506891339,0.899592867926905,0.884553762738423,0.872831497348805,0.864745988393532,0.855994389093866,0.847821347868882,0.842115961915156,0.835238620713674,0.82645436570597,0.811467868407613,0.801968104594066,0.784447149074047,0.762346707384323,0.721294819898348,0.611623553679787,0.395123056189693,0.249917280447447
0.524985268104204,0.759659269914091,0.842846637721283,0.89355040460049,0.929533082015263,0.954010959212607,0.973746175456484,0.98798129460304,1,0.989714738602642,0.979161958941463,0.967427628344994,0.955456211030884,0.942648635727059,0.931511787331177,0.916246972128906,0.902053252744898,0.890733950429745,0.882097538932829,0.873323105805933,0.865035272365193,0.859724096516969,0.852758169380688,0.844510173070196,0.829098627840694,0.819294444481108,0.801817637891781,0.780192008931147,0.739459494812337,0.629087324371537,0.409642347816054,0.266965091528376
0.512278853750308,0.743661143792973,0.831498551166345,0.884329087464484,0.91877293385507,0.942345463714299,0.960296974782635,0.974470118179781,0.989714738602642,1,0.991737876705211,0.980188774909782,0.968884738083554,0.957262773805132,0.947231447351159,0.931051466261639,0.917692988399723,0.906931738846372,0.897230499787168,0.88852706070012,0.880985382920636,0.875596854627642,0.868587079169993,0.861123252570073,0.846284796230881,0.836577941386291,0.819220269965716,0.797288027188966,0.755205801458553,0.644478151294509,0.417760578335694,0.271578611786627
0.496663873205618,0.725514937065748,0.81831996574454,0.871894757866472,0.90450925587808,0.927580121743772,0.946183351871647,0.962684856902682,0.979161958941463,0.991737876705211,1,0.99074556635634,0.98020188845028,0.96813944671057,0.957661485636912,0.941418951644912,0.92826464097501,0.916838111633771,0.908015687920512,0.898857288582756,0.890742602376268,0.885074207464094,0.878420572020646,0.871829433103348,0.856441978589994,0.846781170848926,0.829426540470824,0.807296436238945,0.765161247078071,0.655068975258271,0.426698750681762,0.282235020324723
0.483286935742212,0.708689100845696,0.804753067325558,0.860397972813313,0.893745715278375,0.916772476570476,0.935251681046048,0.950385878427182,0.967427628344994,0.980188774909782,0.99074556635634,1,0.992303946540999,0.981528140633284,0.970926242526254,0.954593474384851,0.940854857296536,0.929248106955454,0.920115246957836,0.910677179614683,0.903704869142426,0.898178103848608,0.891330190295197,0.884206093228851,0.868305945465289,0.858763782499863,0.842027842273123,0.822206326693285,0.780895669893455,0.675924857373446,0.449778554425859,0.307248978497339
0.468564248649192,0.695521467414117,0.789437367090218,0.844065541061159,0.879533764350394,0.903072943239718,0.92237617325209,0.939358477909352,0.955456211030884,0.968884738083554,0.98020188845028,0.992303946540999,1,0.992010519740031,0.982634933759412,0.967576436032012,0.954065804061579,0.943085150065078,0.933055847935695,0.923699180233236,0.91709815116823,0.91055330724339,0.904462635933543,0.897855062938604,0.88380822864896,0.874702295119291,0.857860112784632,0.836006583398012,0.795363073164817,0.698671940108595,0.47380209373895,0.320716636068439
0.454019849357069,0.678272247717553,0.770459325603525,0.825615241307585,0.863964851249979,0.889331665026581,0.907563638625867,0.925694478619809,0.942648635727059,0.957262773805132,0.96813944671057,0.981528140633284,0.992010519740031,1,0.993261965074106,0.980221592765367,0.968645456725886,0.957399862556967,0.947679869000637,0.939171430973521,0.932975686702059,0.926139475973993,0.920049244024253,0.913771545205688,0.901993455383828,0.893606416725795,0.877088982157979,0.854963132423998,0.813168844760818,0.717278667144452,0.496199566312748,0.337964588563279
0.44399358572584,0.665296662818785,0.758496550037495,0.812653550710948,0.851273238092096,0.876862021511403,0.894689878999083,0.913953506891339,0.931511787331177,0.947231447351159,0.957661485636912,0.970926242526254,0.982634933759412,0.993261965074106,1,0.990921401494546,0.980306656673531,0.969951548223994,0.960527677631314,0.951464371368116,0.945142682145726,0.937798038133202,0.932385741659371,0.925737950442719,0.915619110934151,0.906643186912491,0.8911240149988,0.869050721859787,0.827263577112572,0.730997446404154,0.508683852392544,0.346435265514923
0.43261347047613,0.649790894178635,0.742110102705738,0.794419759923764,0.833521081269062,0.860944576565969,0.880272823944052,0.899592867926905,0.916246972128906,0.931051466261639,0.941418951644912,0.954593474384851,0.967576436032012,0.980221592765367,0.990921401494546,1,0.992593315806368,0.983421980093368,0.975345295669377,0.966439369806277,0.960114462576243,0.95211975281775,0.947846282059107,0.941652254477852,0.933218750344124,0.922152374282437,0.906669583430122,0.885671400081027,0.844439642909353,0.755290888668354,0.534273445946016,0.366962509677148
0.41982645677538,0.637544317815334,0.72888187691697,0.780690790924429,0.819455480621109,0.846797874907404,0.865073983931533,0.884553762738423,0.902053252744898,0.917692988399723,0.92826464097501,0.940854857296536,0.954065804061579,0.968645456725886,0.980306656673531,0.992593315806368,1,0.993905558160406,0.986245669309163,0.977778929979257,0.970872310504627,0.962417593384424,0.958404531532237,0.950915937151955,0.942829937708484,0.931297332903448,0.915420285460241,0.892987245298285,0.852551340311332,0.761040243757745,0.538824133258226,0.370309343969834
0.401889339445376,0.623766299329414,0.714793654989242,0.768545519632516,0.808333738364404,0.835196598703545,0.853007761039575,0.872831497348805,0.890733950429745,0.906931738846372,0.916838111633771,0.929248106955454,0.943085150065078,0.957399862556967,0.969951548223994,0.983421980093368,0.993905558160406,1,0.994109711418314,0.986037457308489,0.978011607941655,0.968930654030738,0.964272838744391,0.957053747936912,0.948221457883964,0.937130751381557,0.922061742200343,0.899526461392076,0.859761687093635,0.766989064056592,0.541641702138685,0.376918731242653
0.393557913185523,0.614458825236652,0.706776546954501,0.758970795969033,0.80223505665404,0.827596074465636,0.845455425501914,0.864745988393532,0.882097538932829,0.897230499787168,0.908015687920512,0.920115246957836,0.933055847935695,0.947679869000637,0.960527677631314,0.975345295669377,0.986245669309163,0.994109711418314,1,0.993681248658662,0.98540944416628,0.976891177663027,0.971841298177974,0.963811378951447,0.953633859151923,0.943130828373759,0.928803501331065,0.908037209625457,0.868964656067385,0.771612191954557,0.543370920805029,0.384237120029162
0.382206894981225,0.601327403102454,0.693579446855817,0.746440742834664,0.7919967356939,0.817464200361599,0.836444680240309,0.855994389093866,0.873323105805933,0.88852706070012,0.898857288582756,0.910677179614683,0.923699180233236,0.939171430973521,0.951464371368116,0.966439369806277,0.977778929979257,0.986037457308489,0.993681248658662,1,0.994249451087653,0.986198749469299,0.980056750444364,0.972188792232415,0.962140611919817,0.952114196847712,0.938028535118914,0.918837336300336,0.88059452139731,0.778783581851339,0.545392545642976,0.388533349644808
0.377429468296503,0.597738586292462,0.687731732016168,0.739744794075841,0.785544391491742,0.810645712247221,0.828914549477528,0.847821347868882,0.865035272365193,0.880985382920636,0.890742602376268,0.903704869142426,0.91709815116823,0.932975686702059,0.945142682145726,0.960114462576243,0.970872310504627,0.978011607941655,0.98540944416628,0.994249451087653,1,0.992777034504101,0.985825307520585,0.977625182049,0.966763488514334,0.9572806889198,0.942983367869047,0.923870611991366,0.88543469654354,0.781919185946149,0.546932057461094,0.394813237271369
0.374280112902383,0.589519717455621,0.676582531932737,0.72892958725053,0.77664488818375,0.802569949509868,0.822107261582048,0.842115961915156,0.859724096516969,0.875596854627642,0.885074207464094,0.898178103848608,0.91055330724339,0.926139475973993,0.937798038133202,0.95211975281775,0.962417593384424,0.968930654030738,0.976891177663027,0.986198749469299,0.992777034504101,1,0.993563150107997,0.984953868081697,0.972818338761744,0.962991737385374,0.949122447261714,0.930319651040976,0.893984723939553,0.788697286955291,0.548696305204777,0.396964826912701
0.368912248582774,0.58488164840254,0.668651378204485,0.720886302714466,0.769338216024881,0.794618177978665,0.814218334246573,0.835238620713674,0.852758169380688,0.868587079169993,0.878420572020646,0.891330190295197,0.904462635933543,0.920049244024253,0.932385741659371,0.947846282059107,0.958404531532237,0.964272838744391,0.971841298177974,0.980056750444364,0.985825307520585,0.993563150107997,1,0.991679183613106,0.980131451135076,0.970412580333888,0.956279442937771,0.937248384010011,0.900907392061794,0.795359110664662,0.562550544663177,0.403594057962384
0.359327601601711,0.578025331673969,0.658976267766363,0.711733651382533,0.759348609148677,0.785115828570137,0.806010285428537,0.82645436570597,0.844510173070196,0.861123252570073,0.871829433103348,0.884206093228851,0.897855062938604,0.913771545205688,0.925737950442719,0.941652254477852,0.950915937151955,0.957053747936912,0.963811378951447,0.972188792232415,0.977625182049,0.984953868081697,0.991679183613106,1,0.989888250998423,0.979847568210773,0.966354621571892,0.947588973094682,0.912792118386713,0.810313578764115,0.578605438447319,0.424232810497472
0.348558043521566,0.56240428250187,0.641203199040421,0.694762564686521,0.743158536041076,0.769024711464049,0.791417459126926,0.811467868407613,0.829098627840694,0.846284796230881,0.856441978589994,0.868305945465289,0.88380822864896,0.901993455383828,0.915619110934151,0.933218750344124,0.942829937708484,0.948221457883964,0.953633859151923,0.962140611919817,0.966763488514334,0.972818338761744,0.980131451135076,0.989888250998423,1,0.991331051233509,0.977213017546966,0.958178838976628,0.924634323392947,0.824843283514292,0.594548027342308,0.430398422422634
0.338715927598701,0.547347592252358,0.627208448614198,0.683454771941015,0.733883796479016,0.760232955824801,0.781930945412663,0.801968104594066,0.819294444481108,0.836577941386291,0.846781170848926,0.858763782499863,0.874702295119291,0.893606416725795,0.906643186912491,0.922152374282437,0.931297332903448,0.937130751381557,0.943130828373759,0.952114196847712,0.9572806889198,0.962991737385374,0.970412580333888,0.979847568210773,0.991331051233509,1,0.988031199445748,0.970392533324512,0.939544532114979,0.836535445998972,0.608793574534748,0.444836525045132
0.321801524208289,0.528976345969258,0.61211766294881,0.669449873185202,0.718230059823411,0.744284735017138,0.76496464478703,0.784447149074047,0.801817637891781,0.819220269965716,0.829426540470824,0.842027842273123,0.857860112784632,0.877088982157979,0.8911240149988,0.906669583430122,0.915420285460241,0.922061742200343,0.928803501331065,0.938028535118914,0.942983367869047,0.949122447261714,0.956279442937771,0.966354621571892,0.977213017546966,0.988031199445748,1,0.984460324169582,0.955703056581583,0.853179292350531,0.623022940624931,0.45866938485879
0.308990244703,0.513361513487776,0.596600110044939,0.652194831806825,0.701827597317067,0.72477187379403,0.745327781459064,0.762346707384323,0.780192008931147,0.797288027188966,0.807296436238945,0.822206326693285,0.836006583398012,0.854963132423998,0.869050721859787,0.885671400081027,0.892987245298285,0.899526461392076,0.908037209625457,0.918837336300336,0.923870611991366,0.930319651040976,0.937248384010011,0.947588973094682,0.958178838976628,0.970392533324512,0.984460324169582,1,0.977001872211128,0.86940081260807,0.632333689429696,0.487732558500564
0.278236955827965,0.47423240678413,0.555276321995197,0.610463512327957,0.661567058942667,0.683025977894035,0.706036082810194,0.721294819898348,0.739459494812337,0.755205801458553,0.765161247078071,0.780895669893455,0.795363073164817,0.813168844760818,0.827263577112572,0.844439642909353,0.852551340311332,0.859761687093635,0.868964656067385,0.88059452139731,0.88543469654354,0.893984723939553,0.900907392061794,0.912792118386713,0.924634323392947,0.939544532114979,0.955703056581583,0.977001872211128,1,0.898184088106178,0.655964114926506,0.534830571394814
0.251508480413736,0.403433603515055,0.465176651709231,0.506925156870389,0.554094894975585,0.576348756045897,0.596150598439809,0.611623553679787,0.629087324371537,0.644478151294509,0.655068975258271,0.675924857373446,0.698671940108595,0.717278667144452,0.730997446404154,0.755290888668354,0.761040243757745,0.766989064056592,0.771612191954557,0.778783581851339,0.781919185946149,0.788697286955291,0.795359110664662,0.810313578764115,0.824843283514292,0.836535445998972,0.853179292350531,0.86940081260807,0.898184088106178,1,0.819315756997363,0.660553237693049
0.169016255990228,0.26134223448398,0.284975054136885,0.313754696850109,0.353918541491058,0.370400347413675,0.381242172977745,0.395123056189693,0.409642347816054,0.417760578335694,0.426698750681762,0.449778554425859,0.47380209373895,0.496199566312748,0.508683852392544,0.534273445946016,0.538824133258226,0.541641702138685,0.543370920805029,0.545392545642976,0.546932057461094,0.548696305204777,0.562550544663177,0.578605438447319,0.594548027342308,0.608793574534748,0.623022940624931,0.632333689429696,0.655964114926506,0.819315756997363,1,0.705635934341641
0.0567521475288169,0.15220278206734,0.185771660332706,0.198715907039757,0.222833361449522,0.235438863766042,0.244963606213485,0.249917280447447,0.266965091528376,0.271578611786627,0.282235020324723,0.307248978497339,0.320716636068439,0.337964588563279,0.346435265514923,0.366962509677148,0.370309343969834,0.376918731242653,0.384237120029162,0.388533349644808,0.394813237271369,0.396964826912701,0.403594057962384,0.424232810497472,0.430398422422634,0.444836525045132,0.45866938485879,0.487732558500564,0.534830571394814,0.660553237693049,0.705635934341641,1
