1,0.851421825430198,0.821069314989746,0.805714860718365,0.795212886747718,0.780426951774518,0.770280011854701,0.764413283705986,0.758336953753335,0.7509820689255,0.748498042148298,0.739989903911585,0.738134984312339,0.727479950180905,0.716296359606026,0.709372489149304,0.699106723107216,0.689379366813901,0.682413016327925,0.672145146598376,0.659870495807493,0.650992074842456,0.646574838327602,0.637004161441473,0.622316980406382,0.597461234004859,0.570870877156095,0.541084900851199,0.476583983036991,0.377837875615837,0.0961728764691771,-0.0390695312858173
0.851421825430198,1,0.971147379708456,0.954605796133782,0.942053729070574,0.930193542622429,0.922351457017779,0.914672975447306,0.908734281104265,0.89993407315483,0.897218324463094,0.889565827315969,0.883466794002761,0.871057112044419,0.858703937694674,0.850987328703388,0.840269242923513,0.831218798713962,0.825147249859993,0.815527238287282,0.805409711958144,0.796676337215544,0.790028828492302,0.77941900378676,0.761927749673924,0.74026916774112,0.715888761970867,0.682233989392179,0.611823660422603,0.496363242084827,0.215240515508622,0.0109111980213841
0.821069314989746,0.971147379708456,1,0.981769682954353,0.968692991267976,0.957300372426544,0.951320160562226,0.945530517321891,0.940872168821387,0.933431451439508,0.929720852324676,0.922315126507448,0.916207298686436,0.90623133890374,0.894742874094175,0.888963536453331,0.879481127873824,0.872071659140378,0.865656251659996,0.856337687913135,0.846912331176834,0.837547031596182,0.831303175110752,0.821515450202734,0.804127984797408,0.783973716235973,0.759745340556327,0.725762417711573,0.653302807745785,0.537764333658392,0.248027410833573,0.033231248412615
0.805714860718365,0.954605796133782,0.981769682954353,1,0.988422054367101,0.977166062954326,0.969868324961332,0.964072028676763,0.958559763357424,0.952164235192417,0.94870568579761,0.941630304423656,0.935141343976031,0.925641898364643,0.914413309143291,0.908270922581446,0.898985049807594,0.891074122689287,0.885634718238123,0.877379509341164,0.869173892130429,0.859962794418588,0.85400281452299,0.844886041557724,0.828492131067107,0.808205474677971,0.784038529575106,0.750986681537058,0.679531227965803,0.563641431529248,0.26820872814,0.0319664763387799
0.795212886747718,0.942053729070574,0.968692991267976,0.988422054367101,1,0.991210528630954,0.983913600802907,0.976965593836798,0.971069925247019,0.965922279765603,0.961938160861662,0.956139242541307,0.950543687057262,0.941985000124306,0.93258470706618,0.927300580782354,0.918739996133748,0.910968477587015,0.905475336717849,0.897775928716773,0.889959076246866,0.88114455212465,0.875032075456464,0.865859954093249,0.849946211259648,0.830443453637891,0.807565859405558,0.775084019884428,0.70701189435658,0.591191559518762,0.288870650728464,0.0465445835731079
0.780426951774518,0.930193542622429,0.957300372426544,0.977166062954326,0.991210528630954,1,0.992941679196141,0.98602954698307,0.980091405853826,0.974527235523844,0.969311134537056,0.963472098096984,0.957794579060491,0.949361112664732,0.940542424822601,0.934885873825848,0.92705891378249,0.91942365301783,0.913756197819445,0.906559985587954,0.899654890180233,0.891289265344313,0.885125938941,0.876255413203248,0.8606942814785,0.841811066674362,0.819004430012915,0.785374671214823,0.719423217732134,0.604336718454203,0.30943173337662,0.0665794038935937
0.770280011854701,0.922351457017779,0.951320160562226,0.969868324961332,0.983913600802907,0.992941679196141,1,0.994003082140759,0.98796745722226,0.982323660048184,0.976339476464781,0.970283025191552,0.963857699617353,0.955373008681827,0.946752809524216,0.941419899189535,0.933290507838269,0.92588157501258,0.919977434396602,0.913261545890716,0.906299239279604,0.897961127815357,0.891723170900771,0.882366259912723,0.868738724793539,0.850599934729583,0.827982192191543,0.794700377160008,0.729124275008181,0.612767755315594,0.314926933266152,0.0722926465097797
0.764413283705986,0.914672975447306,0.945530517321891,0.964072028676763,0.976965593836798,0.98602954698307,0.994003082140759,1,0.995327031338043,0.989936033685484,0.984036986592487,0.977615690859393,0.970705912389241,0.962655345181714,0.954155996373015,0.948664648125959,0.940783146624697,0.933991653526796,0.928914266191999,0.923490396193501,0.916904458772606,0.908911150301261,0.903115984117274,0.895142101340438,0.88166516026275,0.863518675010319,0.841675068779161,0.809294702190288,0.744026714402947,0.626865393093251,0.328587911828933,0.089361344670938
0.758336953753335,0.908734281104265,0.940872168821387,0.958559763357424,0.971069925247019,0.980091405853826,0.98796745722226,0.995327031338043,1,0.996102655749476,0.989753907805555,0.983391956448744,0.975940649220153,0.967621382955912,0.959252733277162,0.953724556658489,0.946229654923754,0.939206078104407,0.933963920803282,0.928618275168479,0.921732687575479,0.91397997898599,0.908111062465388,0.900768115480635,0.887671374743659,0.870190474413193,0.848866626306544,0.817218533681364,0.750718111061715,0.632177233964372,0.332788554255106,0.0924670571861394
0.7509820689255,0.89993407315483,0.933431451439508,0.952164235192417,0.965922279765603,0.974527235523844,0.982323660048184,0.989936033685484,0.996102655749476,1,0.995320029606643,0.98923695073419,0.982493018287491,0.974282690129448,0.966570496297687,0.961315615072962,0.953939160457951,0.947155847604523,0.942055230695149,0.9368556951702,0.929861637195025,0.921962421081892,0.916060887190441,0.90911178929703,0.896244673709198,0.879141129909817,0.858087583103773,0.826736057444159,0.76086741676358,0.643508613442195,0.345520745537129,0.100988186137343
0.748498042148298,0.897218324463094,0.929720852324676,0.94870568579761,0.961938160861662,0.969311134537056,0.976339476464781,0.984036986592487,0.989753907805555,0.995320029606643,1,0.996044617031471,0.990173240836118,0.98220817767048,0.974968415822859,0.969554693070877,0.962275264739499,0.955430516494596,0.950114794925217,0.94517472569274,0.938013663508693,0.930292061580023,0.925006879126542,0.918234849661636,0.905743943577174,0.888050229393179,0.867849216105882,0.837212192054014,0.771780986697042,0.653154270062045,0.350281123005404,0.10251487280756
0.739989903911585,0.889565827315969,0.922315126507448,0.941630304423656,0.956139242541307,0.963472098096984,0.970283025191552,0.977615690859393,0.983391956448744,0.98923695073419,0.996044617031471,1,0.995551884509734,0.988815955745456,0.982200734112277,0.976939232451581,0.96964343032861,0.962579559812939,0.956973003954973,0.952345485457622,0.945490326955902,0.938165744073892,0.933033437797768,0.926642105741974,0.915020876081769,0.898183332117735,0.878698965760128,0.848353609356081,0.784629052619698,0.666625136494325,0.36283182378632,0.106345643312139
0.738134984312339,0.883466794002761,0.916207298686436,0.935141343976031,0.950543687057262,0.957794579060491,0.963857699617353,0.970705912389241,0.975940649220153,0.982493018287491,0.990173240836118,0.995551884509734,1,0.995809701259083,0.990260995255644,0.984841951477203,0.977536032599803,0.970132376414076,0.964276177806584,0.959284288654982,0.952382187760167,0.945531729939973,0.940862177730373,0.934765365349369,0.923415747694072,0.907257561101404,0.887637627573177,0.857990192565265,0.796867032778645,0.681212464881516,0.374837655027742,0.115745737570889
0.727479950180905,0.871057112044419,0.90623133890374,0.925641898364643,0.941985000124306,0.949361112664732,0.955373008681827,0.962655345181714,0.967621382955912,0.974282690129448,0.98220817767048,0.988815955745456,0.995809701259083,1,0.996170026412409,0.99128189859022,0.984600292384104,0.978052258112079,0.971940222264704,0.967186282656411,0.960592755709293,0.95447901471939,0.949878492539786,0.944480117597755,0.933537532023065,0.918401970532362,0.899152091210351,0.870053529193466,0.811774036846802,0.699516472795654,0.389651017649227,0.124914475328588
0.716296359606026,0.858703937694674,0.894742874094175,0.914413309143291,0.93258470706618,0.940542424822601,0.946752809524216,0.954155996373015,0.959252733277162,0.966570496297687,0.974968415822859,0.982200734112277,0.990260995255644,0.996170026412409,1,0.995973466486956,0.990326676452917,0.984423851680623,0.97876666040606,0.974196073970743,0.968001647508721,0.96204017411936,0.957446126439592,0.952319122224023,0.941739166688139,0.926991021668344,0.90850430344328,0.879836663833173,0.822960885737147,0.710243954530308,0.398333743101977,0.133809352787193
0.709372489149304,0.850987328703388,0.888963536453331,0.908270922581446,0.927300580782354,0.934885873825848,0.941419899189535,0.948664648125959,0.953724556658489,0.961315615072962,0.969554693070877,0.976939232451581,0.984841951477203,0.99128189859022,0.995973466486956,1,0.995933822971687,0.99047097974356,0.985214366914548,0.980471597967166,0.974862598076229,0.969069155232674,0.964059427949663,0.958833402821534,0.948448447831955,0.934269697996572,0.917461064733666,0.890018008148921,0.834911879782438,0.723295896146991,0.411464845379974,0.141261078978521
0.699106723107216,0.840269242923513,0.879481127873824,0.898985049807594,0.918739996133748,0.92705891378249,0.933290507838269,0.940783146624697,0.946229654923754,0.953939160457951,0.962275264739499,0.96964343032861,0.977536032599803,0.984600292384104,0.990326676452917,0.995933822971687,1,0.99602525101174,0.991385308896799,0.986736833188611,0.98177028595097,0.976392330683753,0.971530920813573,0.96584100824467,0.956129381226905,0.943005583996835,0.926582266900606,0.900460315326524,0.847448841795121,0.737279920751342,0.430013504627819,0.158465375797647
0.689379366813901,0.831218798713962,0.872071659140378,0.891074122689287,0.910968477587015,0.91942365301783,0.92588157501258,0.933991653526796,0.939206078104407,0.947155847604523,0.955430516494596,0.962579559812939,0.970132376414076,0.978052258112079,0.984423851680623,0.99047097974356,0.99602525101174,1,0.996118792215771,0.991486113810442,0.986211429708707,0.980924140294574,0.976226075586465,0.970934073274942,0.962083121490769,0.949501724287582,0.933827122588819,0.907443115047492,0.855993026885667,0.747532801661194,0.44217258753634,0.167842813058041
0.682413016327925,0.825147249859993,0.865656251659996,0.885634718238123,0.905475336717849,0.913756197819445,0.919977434396602,0.928914266191999,0.933963920803282,0.942055230695149,0.950114794925217,0.956973003954973,0.964276177806584,0.971940222264704,0.97876666040606,0.985214366914548,0.991385308896799,0.996118792215771,1,0.996211832419595,0.991497642742828,0.98618081796609,0.981734177548366,0.976448438600369,0.96808587840873,0.955914456359557,0.940970375258916,0.915687510733125,0.86567629793837,0.759247937808871,0.457158376417738,0.182257075529463
0.672145146598376,0.815527238287282,0.856337687913135,0.877379509341164,0.897775928716773,0.906559985587954,0.913261545890716,0.923490396193501,0.928618275168479,0.9368556951702,0.94517472569274,0.952345485457622,0.959284288654982,0.967186282656411,0.974196073970743,0.980471597967166,0.986736833188611,0.991486113810442,0.996211832419595,1,0.99660925564425,0.991727802085475,0.987112455154597,0.981965474182258,0.974436534241431,0.962156396307079,0.948921342428149,0.92522069712008,0.877073138218672,0.771301212806194,0.470508634506332,0.193591492473492
0.659870495807493,0.805409711958144,0.846912331176834,0.869173892130429,0.889959076246866,0.899654890180233,0.906299239279604,0.916904458772606,0.921732687575479,0.929861637195025,0.938013663508693,0.945490326955902,0.952382187760167,0.960592755709293,0.968001647508721,0.974862598076229,0.98177028595097,0.986211429708707,0.991497642742828,0.99660925564425,1,0.99637529980504,0.992062460519357,0.987204895528255,0.980892562896768,0.969562849239887,0.957053540956266,0.933412967825699,0.886668088542778,0.783025954329532,0.485040427882348,0.204640436899885
0.650992074842456,0.796676337215544,0.837547031596182,0.859962794418588,0.88114455212465,0.891289265344313,0.897961127815357,0.908911150301261,0.91397997898599,0.921962421081892,0.930292061580023,0.938165744073892,0.945531729939973,0.95447901471939,0.96204017411936,0.969069155232674,0.976392330683753,0.980924140294574,0.98618081796609,0.991727802085475,0.99637529980504,1,0.996434603841203,0.991525180029893,0.985337731116548,0.974952882388007,0.9625335535598,0.939389072048635,0.893657892824816,0.791711937063339,0.494261590518154,0.212020026804325
0.646574838327602,0.790028828492302,0.831303175110752,0.85400281452299,0.875032075456464,0.885125938941,0.891723170900771,0.903115984117274,0.908111062465388,0.916060887190441,0.925006879126542,0.933033437797768,0.940862177730373,0.949878492539786,0.957446126439592,0.964059427949663,0.971530920813573,0.976226075586465,0.981734177548366,0.987112455154597,0.992062460519357,0.996434603841203,1,0.995953364607738,0.989799609215963,0.979813324463937,0.966700571659998,0.94408799283634,0.899776657007582,0.799035851643401,0.503071161460024,0.216086460223874
0.637004161441473,0.77941900378676,0.821515450202734,0.844886041557724,0.865859954093249,0.876255413203248,0.882366259912723,0.895142101340438,0.900768115480635,0.90911178929703,0.918234849661636,0.926642105741974,0.934765365349369,0.944480117597755,0.952319122224023,0.958833402821534,0.96584100824467,0.970934073274942,0.976448438600369,0.981965474182258,0.987204895528255,0.991525180029893,0.995953364607738,1,0.994901085845306,0.986007077620405,0.973490150338341,0.951184821899233,0.909085712418744,0.810828207122759,0.516397394818491,0.231730462468268
0.622316980406382,0.761927749673924,0.804127984797408,0.828492131067107,0.849946211259648,0.8606942814785,0.868738724793539,0.88166516026275,0.887671374743659,0.896244673709198,0.905743943577174,0.915020876081769,0.923415747694072,0.933537532023065,0.941739166688139,0.948448447831955,0.956129381226905,0.962083121490769,0.96808587840873,0.974436534241431,0.980892562896768,0.985337731116548,0.989799609215963,0.994901085845306,1,0.993113978243964,0.981982422191417,0.960958600898747,0.920038935664637,0.824851271424086,0.535356935378246,0.249713209244051
0.597461234004859,0.74026916774112,0.783973716235973,0.808205474677971,0.830443453637891,0.841811066674362,0.850599934729583,0.863518675010319,0.870190474413193,0.879141129909817,0.888050229393179,0.898183332117735,0.907257561101404,0.918401970532362,0.926991021668344,0.934269697996572,0.943005583996835,0.949501724287582,0.955914456359557,0.962156396307079,0.969562849239887,0.974952882388007,0.979813324463937,0.986007077620405,0.993113978243964,1,0.991849755857187,0.974526806209218,0.938933175316801,0.853569747220442,0.571214851232396,0.280869550437868
0.570870877156095,0.715888761970867,0.759745340556327,0.784038529575106,0.807565859405558,0.819004430012915,0.827982192191543,0.841675068779161,0.848866626306544,0.858087583103773,0.867849216105882,0.878698965760128,0.887637627573177,0.899152091210351,0.90850430344328,0.917461064733666,0.926582266900606,0.933827122588819,0.940970375258916,0.948921342428149,0.957053540956266,0.9625335535598,0.966700571659998,0.973490150338341,0.981982422191417,0.991849755857187,1,0.98826919239716,0.957814561127405,0.879057727327025,0.60207735056269,0.311075781043899
0.541084900851199,0.682233989392179,0.725762417711573,0.750986681537058,0.775084019884428,0.785374671214823,0.794700377160008,0.809294702190288,0.817218533681364,0.826736057444159,0.837212192054014,0.848353609356081,0.857990192565265,0.870053529193466,0.879836663833173,0.890018008148921,0.900460315326524,0.907443115047492,0.915687510733125,0.92522069712008,0.933412967825699,0.939389072048635,0.94408799283634,0.951184821899233,0.960958600898747,0.974526806209218,0.98826919239716,1,0.978465816487221,0.911238579816044,0.641296591532538,0.334416997805395
0.476583983036991,0.611823660422603,0.653302807745785,0.679531227965803,0.70701189435658,0.719423217732134,0.729124275008181,0.744026714402947,0.750718111061715,0.76086741676358,0.771780986697042,0.784629052619698,0.796867032778645,0.811774036846802,0.822960885737147,0.834911879782438,0.847448841795121,0.855993026885667,0.86567629793837,0.877073138218672,0.886668088542778,0.893657892824816,0.899776657007582,0.909085712418744,0.920038935664637,0.938933175316801,0.957814561127405,0.978465816487221,1,0.956200663741823,0.703250289892949,0.387200868082248
0.377837875615837,0.496363242084827,0.537764333658392,0.563641431529248,0.591191559518762,0.604336718454203,0.612767755315594,0.626865393093251,0.632177233964372,0.643508613442195,0.653154270062045,0.666625136494325,0.681212464881516,0.699516472795654,0.710243954530308,0.723295896146991,0.737279920751342,0.747532801661194,0.759247937808871,0.771301212806194,0.783025954329532,0.791711937063339,0.799035851643401,0.810828207122759,0.824851271424086,0.853569747220442,0.879057727327025,0.911238579816044,0.956200663741823,1,0.805963809895524,0.468228012511013
0.0961728764691771,0.215240515508622,0.248027410833573,0.26820872814,0.288870650728464,0.30943173337662,0.314926933266152,0.328587911828933,0.332788554255106,0.345520745537129,0.350281123005404,0.36283182378632,0.374837655027742,0.389651017649227,0.398333743101977,0.411464845379974,0.430013504627819,0.44217258753634,0.457158376417738,0.470508634506332,0.485040427882348,0.494261590518154,0.503071161460024,0.516397394818491,0.535356935378246,0.571214851232396,0.60207735056269,0.641296591532538,0.703250289892949,0.805963809895524,1,0.566900591877799
-0.0390695312858173,0.0109111980213841,0.033231248412615,0.0319664763387799,0.0465445835731079,0.0665794038935937,0.0722926465097797,0.089361344670938,0.0924670571861394,0.100988186137343,0.10251487280756,0.106345643312139,0.115745737570889,0.124914475328588,0.133809352787193,0.141261078978521,0.158465375797647,0.167842813058041,0.182257075529463,0.193591492473492,0.204640436899885,0.212020026804325,0.216086460223874,0.231730462468268,0.249713209244051,0.280869550437868,0.311075781043899,0.334416997805395,0.387200868082248,0.468228012511013,0.566900591877799,1
