1,0.79831570885275,0.737133604777591,0.71173671381839,0.681557692195216,0.664717879415945,0.645758103150588,0.638033217904607,0.627140638477368,0.615975597947807,0.60598875108718,0.600509563924163,0.596250632561097,0.585127278946847,0.5739608175408,0.562242863470064,0.545613397786513,0.530333378385919,0.520633429922129,0.512202341437989,0.499534565552163,0.485549483592812,0.463199902259934,0.44811726236141,0.43535290257649,0.412695607424954,0.400462144087229,0.382447133649793,0.345983515805076,0.26369640079331,0.0258359127955832,-0.0673036214632311
0.79831570885275,1,0.942408658323106,0.917216556661996,0.886917480326359,0.871245585298392,0.854329481037247,0.843571879490423,0.834640099600842,0.824808474142972,0.810788870957838,0.801826696443513,0.793223826953339,0.780361669927865,0.766758307686149,0.755446300268627,0.743464028846442,0.732170386756088,0.725136241226615,0.718022258592412,0.704936081958932,0.695658518894785,0.681392993950493,0.664349138205271,0.649428819001292,0.628124101200956,0.609436458292259,0.583653416359307,0.548604149891116,0.441001895534058,0.139721649690515,-0.00812676412905866
0.737133604777591,0.942408658323106,1,0.969225085431132,0.940832038466855,0.923781273034066,0.909792028043835,0.897015073957205,0.887268691038971,0.87649424721255,0.861419586439551,0.851068973352081,0.844369170474835,0.833364699687112,0.820696184000966,0.811522138937749,0.800781068773252,0.787812774630553,0.781571886497196,0.773184180789312,0.758830308315185,0.750353640410072,0.738379774371506,0.722907713961524,0.708488529909239,0.689660561514694,0.672919125710471,0.645988651116104,0.611562176398641,0.503556453566181,0.169427678027953,0.00298473235923475
0.71173671381839,0.917216556661996,0.969225085431132,1,0.979781821708156,0.962379553696967,0.94884097670262,0.936819639910805,0.926540660869815,0.917029582681797,0.903822307892652,0.893734646437128,0.885896052921671,0.873901190761691,0.863095011750747,0.853900557015398,0.840285750651403,0.827337800059633,0.820598210275006,0.813234665746243,0.800690561658261,0.79302016676946,0.781968635294334,0.76778926284653,0.753008230577124,0.734826586362945,0.720036835296584,0.691760801045312,0.655956252413363,0.540886818159543,0.212255326796431,0.0525061879785068
0.681557692195216,0.886917480326359,0.940832038466855,0.979781821708156,1,0.983124570859932,0.969083053316121,0.956562949796595,0.946230519845704,0.937074954958244,0.924297536762386,0.91444226036924,0.908625628570227,0.897221882544467,0.889703083942755,0.881090086007876,0.868453047980796,0.856302388076954,0.849490289590482,0.841873245228391,0.829813522993843,0.821810134300274,0.810035279904596,0.797039198267524,0.782666457722945,0.764161154766392,0.750917178141908,0.723930850265187,0.688735949304269,0.568387251556964,0.232725938869031,0.0834945211217123
0.664717879415945,0.871245585298392,0.923781273034066,0.962379553696967,0.983124570859932,1,0.98927530703056,0.976697506002984,0.968196219621824,0.958631607359424,0.946523897806545,0.936678020827343,0.931070239926959,0.920580853581823,0.91446309646043,0.90481927812631,0.891396363635624,0.879172198063214,0.872590501558379,0.866404648056006,0.856033527401693,0.848649620527016,0.836299705124269,0.823472681624134,0.809963516946385,0.79101696155016,0.779641146005241,0.753221260541101,0.719406247735535,0.601959258937851,0.255877128216589,0.104609089322944
0.645758103150588,0.854329481037247,0.909792028043835,0.94884097670262,0.969083053316121,0.98927530703056,1,0.989782670946841,0.980860629272352,0.971003199197133,0.959502408158918,0.949008966001152,0.942084436018618,0.931019319799935,0.924158468108007,0.914445487395192,0.9013032327935,0.889399327504036,0.882906662365271,0.878034237780284,0.867616253961411,0.860211106143911,0.849605170799532,0.835722213771499,0.823049854828745,0.805537438831229,0.795581072409096,0.770966111542707,0.735297683512972,0.613141307064402,0.256737318273161,0.104214610609801
0.638033217904607,0.843571879490423,0.897015073957205,0.936819639910805,0.956562949796595,0.976697506002984,0.989782670946841,1,0.991809362786151,0.982447771057367,0.971860181749775,0.961263465569289,0.952793532506756,0.940331710402373,0.932102085694424,0.922626126618665,0.909334913225383,0.898099516958235,0.891864281162706,0.887177847082298,0.877071386974016,0.870172176858284,0.860766505710037,0.846677581449859,0.834277742769725,0.816451599472841,0.805830597420523,0.783066282313492,0.748637875574948,0.62413945377502,0.265521502887173,0.111962190377816
0.627140638477368,0.834640099600842,0.887268691038971,0.926540660869815,0.946230519845704,0.968196219621824,0.980860629272352,0.991809362786151,1,0.991927215042112,0.982214034605545,0.971570191320078,0.962867675537636,0.950246932793666,0.941152893597717,0.931662599158048,0.919392074017885,0.908878511791635,0.90162722381181,0.896438052799875,0.88745673442963,0.881231591380935,0.872621862379209,0.85982895566736,0.84817691879061,0.830910368969267,0.820852795172906,0.797724218674709,0.764737637050231,0.641493749908177,0.278699009483803,0.129083666753947
0.615975597947807,0.824808474142972,0.87649424721255,0.917029582681797,0.937074954958244,0.958631607359424,0.971003199197133,0.982447771057367,0.991927215042112,1,0.992545425227486,0.982122268692763,0.972415355832734,0.958720153722097,0.948411732147822,0.938650790826527,0.925634892515646,0.913966913738474,0.906638408111722,0.900426437188759,0.890347271364654,0.884342698273081,0.877116297860804,0.86592119642638,0.85487958063127,0.83823307057909,0.828647077560048,0.80523896664243,0.772764448251753,0.647934898670954,0.282686092778881,0.143443640069451
0.60598875108718,0.810788870957838,0.861419586439551,0.903822307892652,0.924297536762386,0.946523897806545,0.959502408158918,0.971860181749775,0.982214034605545,0.992545425227486,1,0.992986210417462,0.984290115627601,0.972550689605486,0.96250498514433,0.953348766536776,0.940615401211738,0.92756789338514,0.919791349047165,0.91324687486464,0.90384538532024,0.897515100865085,0.890577341235909,0.879409326601233,0.868672681797215,0.853245955590102,0.844781883231559,0.822174875497672,0.790022492388699,0.66750626803837,0.292744161448269,0.159161075776556
0.600509563924163,0.801826696443513,0.851068973352081,0.893734646437128,0.91444226036924,0.936678020827343,0.949008966001152,0.961263465569289,0.971570191320078,0.982122268692763,0.992986210417462,1,0.992999751062262,0.982250525687434,0.971783262545477,0.962831849522264,0.950159584852296,0.936835435935068,0.928962068493553,0.921865755823003,0.913410571409,0.906832852649181,0.898919052669169,0.888654677885709,0.877228930710705,0.86270154647218,0.854289073425298,0.831866549304084,0.801021138639442,0.680514975473663,0.30813116031243,0.174944908253077
0.596250632561097,0.793223826953339,0.844369170474835,0.885896052921671,0.908625628570227,0.931070239926959,0.942084436018618,0.952793532506756,0.962867675537636,0.972415355832734,0.984290115627601,0.992999751062262,1,0.991521972485502,0.981460334041323,0.97289748230286,0.960280666559604,0.947288078365052,0.939463460513881,0.931173367384529,0.922486661991347,0.914667912840565,0.906529568671402,0.89657433642754,0.884487684889735,0.870207650397183,0.862809061869367,0.840711561574792,0.80958086391307,0.693312921439299,0.319547243652818,0.179637256332763
0.585127278946847,0.780361669927865,0.833364699687112,0.873901190761691,0.897221882544467,0.920580853581823,0.931019319799935,0.940331710402373,0.950246932793666,0.958720153722097,0.972550689605486,0.982250525687434,0.991521972485502,1,0.992934250646299,0.984555329098602,0.972861432705361,0.960359443373298,0.951963666599079,0.943874782100738,0.935483420117246,0.927706498319864,0.920041396310442,0.910613435003299,0.898584509717164,0.883155588659961,0.876597756506588,0.85427930299068,0.82426231304429,0.714140513499325,0.341787239079074,0.192589491852114
0.5739608175408,0.766758307686149,0.820696184000966,0.863095011750747,0.889703083942755,0.91446309646043,0.924158468108007,0.932102085694424,0.941152893597717,0.948411732147822,0.96250498514433,0.971783262545477,0.981460334041323,0.992934250646299,1,0.993798193855534,0.983459576535812,0.971749587297392,0.962946365156527,0.954646373719532,0.946556522557955,0.940021808565833,0.93155671989203,0.922475781144745,0.910894542088588,0.894523927487001,0.887993151072371,0.8658772486618,0.836624972989442,0.727708665965554,0.354139635438512,0.205501396193741
0.562242863470064,0.755446300268627,0.811522138937749,0.853900557015398,0.881090086007876,0.90481927812631,0.914445487395192,0.922626126618665,0.931662599158048,0.938650790826527,0.953348766536776,0.962831849522264,0.97289748230286,0.984555329098602,0.993798193855534,1,0.992527835138951,0.981584685863305,0.973163540681987,0.964272800876789,0.955367573452294,0.948895076235877,0.940981970680988,0.932205219446053,0.921535682292144,0.906246939175012,0.899448181664935,0.878755786176297,0.8494034370607,0.741533989807518,0.373675527457967,0.222502031039152
0.545613397786513,0.743464028846442,0.800781068773252,0.840285750651403,0.868453047980796,0.891396363635624,0.9013032327935,0.909334913225383,0.919392074017885,0.925634892515646,0.940615401211738,0.950159584852296,0.960280666559604,0.972861432705361,0.983459576535812,0.992527835138951,1,0.992981441576168,0.98471549242799,0.976567779601258,0.967646286836157,0.961121575936477,0.953101770797975,0.944857085776115,0.934639725822918,0.919090159972067,0.911749358910832,0.892173001893911,0.864385848939627,0.759431064059802,0.386516838811018,0.238132041402878
0.530333378385919,0.732170386756088,0.787812774630553,0.827337800059633,0.856302388076954,0.879172198063214,0.889399327504036,0.898099516958235,0.908878511791635,0.913966913738474,0.92756789338514,0.936835435935068,0.947288078365052,0.960359443373298,0.971749587297392,0.981584685863305,0.992981441576168,1,0.993772667083325,0.986761991210904,0.978267208927654,0.97164544715777,0.964198371519821,0.956684795172766,0.947582809408182,0.932487649383324,0.92417289152627,0.905209706076255,0.876864504140581,0.775103580194517,0.404452670417853,0.256416820429294
0.520633429922129,0.725136241226615,0.781571886497196,0.820598210275006,0.849490289590482,0.872590501558379,0.882906662365271,0.891864281162706,0.90162722381181,0.906638408111722,0.919791349047165,0.928962068493553,0.939463460513881,0.951963666599079,0.962946365156527,0.973163540681987,0.98471549242799,0.993772667083325,1,0.9932596150969,0.98481011188285,0.977530786706987,0.968958658140676,0.961307683569061,0.952515753516383,0.938168805099261,0.929214740099292,0.910007426734336,0.882826400103371,0.783370864533932,0.408766506342249,0.265641368078443
0.512202341437989,0.718022258592412,0.773184180789312,0.813234665746243,0.841873245228391,0.866404648056006,0.878034237780284,0.887177847082298,0.896438052799875,0.900426437188759,0.91324687486464,0.921865755823003,0.931173367384529,0.943874782100738,0.954646373719532,0.964272800876789,0.976567779601258,0.986761991210904,0.9932596150969,1,0.99371146606432,0.986430987849506,0.978658150553754,0.970774640647979,0.96315238921291,0.949835770111624,0.939489267719964,0.920170068904878,0.893244389204433,0.795400592575219,0.418727668213578,0.279031098391516
0.499534565552163,0.704936081958932,0.758830308315185,0.800690561658261,0.829813522993843,0.856033527401693,0.867616253961411,0.877071386974016,0.88745673442963,0.890347271364654,0.90384538532024,0.913410571409,0.922486661991347,0.935483420117246,0.946556522557955,0.955367573452294,0.967646286836157,0.978267208927654,0.98481011188285,0.99371146606432,1,0.992745044455603,0.984425469726581,0.976750898474303,0.969475285041959,0.957209054348689,0.946976217560645,0.928272018644796,0.901865422798275,0.806055969235033,0.42604412802151,0.292944625511033
0.485549483592812,0.695658518894785,0.750353640410072,0.79302016676946,0.821810134300274,0.848649620527016,0.860211106143911,0.870172176858284,0.881231591380935,0.884342698273081,0.897515100865085,0.906832852649181,0.914667912840565,0.927706498319864,0.940021808565833,0.948895076235877,0.961121575936477,0.97164544715777,0.977530786706987,0.986430987849506,0.992745044455603,1,0.993486668819301,0.985537829874931,0.978335362080305,0.966312750822207,0.955607725514605,0.935418085501483,0.909637872752984,0.813176230671348,0.43676437453395,0.306457700527701
0.463199902259934,0.681392993950493,0.738379774371506,0.781968635294334,0.810035279904596,0.836299705124269,0.849605170799532,0.860766505710037,0.872621862379209,0.877116297860804,0.890577341235909,0.898919052669169,0.906529568671402,0.920041396310442,0.93155671989203,0.940981970680988,0.953101770797975,0.964198371519821,0.968958658140676,0.978658150553754,0.984425469726581,0.993486668819301,1,0.992507201300295,0.984021699291213,0.971157233509676,0.961116933630346,0.942313433158077,0.91627490303355,0.821076032752658,0.44813649827907,0.311962070903021
0.44811726236141,0.664349138205271,0.722907713961524,0.76778926284653,0.797039198267524,0.823472681624134,0.835722213771499,0.846677581449859,0.85982895566736,0.86592119642638,0.879409326601233,0.888654677885709,0.89657433642754,0.910613435003299,0.922475781144745,0.932205219446053,0.944857085776115,0.956684795172766,0.961307683569061,0.970774640647979,0.976750898474303,0.985537829874931,0.992507201300295,1,0.991876741683549,0.979178208787684,0.969008478543193,0.951370003370139,0.925291681894915,0.834358374517471,0.469978956065751,0.322723517379258
0.43535290257649,0.649428819001292,0.708488529909239,0.753008230577124,0.782666457722945,0.809963516946385,0.823049854828745,0.834277742769725,0.84817691879061,0.85487958063127,0.868672681797215,0.877228930710705,0.884487684889735,0.898584509717164,0.910894542088588,0.921535682292144,0.934639725822918,0.947582809408182,0.952515753516383,0.96315238921291,0.969475285041959,0.978335362080305,0.984021699291213,0.991876741683549,1,0.989752891530313,0.978253970662608,0.959920364795877,0.935584925555435,0.848257918020077,0.48294027159991,0.343541579330419
0.412695607424954,0.628124101200956,0.689660561514694,0.734826586362945,0.764161154766392,0.79101696155016,0.805537438831229,0.816451599472841,0.830910368969267,0.83823307057909,0.853245955590102,0.86270154647218,0.870207650397183,0.883155588659961,0.894523927487001,0.906246939175012,0.919090159972067,0.932487649383324,0.938168805099261,0.949835770111624,0.957209054348689,0.966312750822207,0.971157233509676,0.979178208787684,0.989752891530313,1,0.988359702890259,0.970699694320745,0.94907554338394,0.86598977255567,0.506591371786658,0.36614382534223
0.400462144087229,0.609436458292259,0.672919125710471,0.720036835296584,0.750917178141908,0.779641146005241,0.795581072409096,0.805830597420523,0.820852795172906,0.828647077560048,0.844781883231559,0.854289073425298,0.862809061869367,0.876597756506588,0.887993151072371,0.899448181664935,0.911749358910832,0.92417289152627,0.929214740099292,0.939489267719964,0.946976217560645,0.955607725514605,0.961116933630346,0.969008478543193,0.978253970662608,0.988359702890259,1,0.984406611638018,0.961686649149467,0.879405124749469,0.509400463909601,0.374622230280307
0.382447133649793,0.583653416359307,0.645988651116104,0.691760801045312,0.723930850265187,0.753221260541101,0.770966111542707,0.783066282313492,0.797724218674709,0.80523896664243,0.822174875497672,0.831866549304084,0.840711561574792,0.85427930299068,0.8658772486618,0.878755786176297,0.892173001893911,0.905209706076255,0.910007426734336,0.920170068904878,0.928272018644796,0.935418085501483,0.942313433158077,0.951370003370139,0.959920364795877,0.970699694320745,0.984406611638018,1,0.979648352011838,0.900914677366577,0.525798344153706,0.394096830256762
0.345983515805076,0.548604149891116,0.611562176398641,0.655956252413363,0.688735949304269,0.719406247735535,0.735297683512972,0.748637875574948,0.764737637050231,0.772764448251753,0.790022492388699,0.801021138639442,0.80958086391307,0.82426231304429,0.836624972989442,0.8494034370607,0.864385848939627,0.876864504140581,0.882826400103371,0.893244389204433,0.901865422798275,0.909637872752984,0.91627490303355,0.925291681894915,0.935584925555435,0.94907554338394,0.961686649149467,0.979648352011838,1,0.9322294908844,0.553898208864773,0.440571036801497
0.26369640079331,0.441001895534058,0.503556453566181,0.540886818159543,0.568387251556964,0.601959258937851,0.613141307064402,0.62413945377502,0.641493749908177,0.647934898670954,0.66750626803837,0.680514975473663,0.693312921439299,0.714140513499325,0.727708665965554,0.741533989807518,0.759431064059802,0.775103580194517,0.783370864533932,0.795400592575219,0.806055969235033,0.813176230671348,0.821076032752658,0.834358374517471,0.848257918020077,0.86598977255567,0.879405124749469,0.900914677366577,0.9322294908844,1,0.638449503113372,0.508127488808852
0.0258359127955832,0.139721649690515,0.169427678027953,0.212255326796431,0.232725938869031,0.255877128216589,0.256737318273161,0.265521502887173,0.278699009483803,0.282686092778881,0.292744161448269,0.30813116031243,0.319547243652818,0.341787239079074,0.354139635438512,0.373675527457967,0.386516838811018,0.404452670417853,0.408766506342249,0.418727668213578,0.42604412802151,0.43676437453395,0.44813649827907,0.469978956065751,0.48294027159991,0.506591371786658,0.509400463909601,0.525798344153706,0.553898208864773,0.638449503113372,1,0.580482501678721
-0.0673036214632311,-0.00812676412905866,0.00298473235923475,0.0525061879785068,0.0834945211217123,0.104609089322944,0.104214610609801,0.111962190377816,0.129083666753947,0.143443640069451,0.159161075776556,0.174944908253077,0.179637256332763,0.192589491852114,0.205501396193741,0.222502031039152,0.238132041402878,0.256416820429294,0.265641368078443,0.279031098391516,0.292944625511033,0.306457700527701,0.311962070903021,0.322723517379258,0.343541579330419,0.36614382534223,0.374622230280307,0.394096830256762,0.440571036801497,0.508127488808852,0.580482501678721,1
