1,0.748179133808419,0.708422061603685,0.681215799775361,0.674038639593996,0.67110931471818,0.656921705150648,0.65289057062152,0.649754510747168,0.644453372639571,0.641452295745796,0.63103199522051,0.624957771944372,0.615177457720385,0.604735976911962,0.595802109258255,0.592052833606477,0.58316538205059,0.580147492758661,0.574888299487528,0.569477851544032,0.569451295176985,0.564184105165964,0.559662568159322,0.555835275479235,0.550082068276099,0.54203966105968,0.528792900046626,0.513674344377359,0.481407534376551,0.360852794293518,0.12113729212481
0.748179133808419,1,0.958320473201505,0.936295818520158,0.925625778705104,0.917693993950651,0.908864424578366,0.902734511949052,0.896593724628598,0.892399638387584,0.885970159431865,0.879312396368071,0.873512779742496,0.86482144659751,0.856718275341522,0.851195209033064,0.84959372057795,0.842911178553182,0.839137144154226,0.836140724488792,0.829828927213017,0.830016624863738,0.826012961589871,0.821068055382058,0.816314113842676,0.808835073912844,0.798584377073952,0.776981571351102,0.747086592285869,0.69249920640847,0.528985593431591,0.118159520889674
0.708422061603685,0.958320473201505,1,0.979377866317284,0.968246727943378,0.958805734316501,0.95141638504555,0.946026530935,0.94062784416753,0.937323315252758,0.931567606169292,0.925687754604363,0.920099225073241,0.911665902435844,0.904665760006999,0.900266489000676,0.897368975191672,0.889942300605325,0.883561001802728,0.880402704243178,0.874287597671011,0.873848890624818,0.869273189400024,0.864218729473873,0.856751403212309,0.849380815836914,0.839361026226115,0.817199676721244,0.78519095937323,0.729444021868166,0.550470671428897,0.10668210233024
0.681215799775361,0.936295818520158,0.979377866317284,1,0.99001446170802,0.981073299008132,0.975175673091881,0.970193630267211,0.965642781256332,0.96235233025276,0.957632155818866,0.953181503359121,0.948450508798166,0.94083205642094,0.934418122095638,0.930108785035614,0.925992871369234,0.917821195797456,0.911718157458469,0.907911285336385,0.902509062854561,0.902088950280083,0.898530513059868,0.894303416210161,0.887321379722005,0.879701932740575,0.868656987925419,0.844107822459128,0.81098045909975,0.753057732876721,0.569182557179937,0.119532152372397
0.674038639593996,0.925625778705104,0.968246727943378,0.99001446170802,1,0.992139335959633,0.986221364426429,0.980368806692722,0.975170717083277,0.971177432807206,0.966547140353931,0.962844119595686,0.958361696547025,0.951348658183239,0.944694567156819,0.940877518625088,0.937639959344846,0.930078304126073,0.924151305577755,0.919702599313279,0.914472435734633,0.913165470979543,0.910377055867089,0.906343992065093,0.90020508681875,0.893211047058743,0.882169545305544,0.858449437469988,0.825947846057029,0.766143900559726,0.580723057689876,0.128554829693052
0.67110931471818,0.917693993950651,0.958805734316501,0.981073299008132,0.992139335959633,1,0.994284258052765,0.988707913238266,0.983531072794089,0.978784823897124,0.974452979387871,0.970256039019258,0.965090889003335,0.957912156973694,0.951688053824812,0.947478442640171,0.944232371732668,0.936993988526309,0.931117387361422,0.926553287384323,0.921404198915183,0.920372781258412,0.918197692918836,0.914377405243633,0.908333350398426,0.900259806805012,0.88894092650465,0.865675117174652,0.834604494955063,0.773508460947738,0.586390734922831,0.128846391404368
0.656921705150648,0.908864424578366,0.95141638504555,0.975175673091881,0.986221364426429,0.994284258052765,1,0.994436809487238,0.989770177753965,0.98497892058227,0.980350371997586,0.975922165019118,0.971068998906116,0.96456305655948,0.958275771718438,0.953322390065584,0.949768232579693,0.942585898427577,0.937151241802832,0.933503677113949,0.928931222394764,0.927703918443268,0.925648764095582,0.921945935553273,0.916034017284798,0.908278914517593,0.896894305888994,0.87331416530878,0.843183781048794,0.780844197079249,0.592233508672601,0.126830987286791
0.65289057062152,0.902734511949052,0.946026530935,0.970193630267211,0.980368806692722,0.988707913238266,0.994436809487238,1,0.995411069888768,0.990179016605517,0.985314836853367,0.980606729165047,0.975442852081048,0.968546882305524,0.962386765939916,0.956729089160125,0.952612952629165,0.945816674445526,0.940510322584863,0.937296798098719,0.932715957326123,0.931814670602469,0.92953424781198,0.926306905565491,0.920530797191227,0.913471514740722,0.902828638719043,0.879766527511073,0.849415156554772,0.787094048755276,0.599257412717741,0.130646420497653
0.649754510747168,0.896593724628598,0.94062784416753,0.965642781256332,0.975170717083277,0.983531072794089,0.989770177753965,0.995411069888768,1,0.995935565428183,0.991248670685611,0.986454520487635,0.980900672789061,0.973390981341525,0.966894229900701,0.960567953961004,0.955759289420529,0.949248220312144,0.943603112016713,0.940471707374323,0.936029843671026,0.935364196154791,0.933258832258609,0.930098329267157,0.923990763511826,0.917708246509177,0.907366937717573,0.884776860148667,0.854507188723973,0.791388100415223,0.603394652539133,0.127563182603358
0.644453372639571,0.892399638387584,0.937323315252758,0.96235233025276,0.971177432807206,0.978784823897124,0.98497892058227,0.990179016605517,0.995935565428183,1,0.996253703556314,0.991402356775459,0.985886587150211,0.978455218692459,0.971297441303188,0.965207539942346,0.960477410148381,0.95389292186954,0.948270158102447,0.945027600821781,0.939845636730734,0.939416518809325,0.936714150961558,0.933186886126626,0.92693422612631,0.921185570776885,0.911110850942242,0.888645153274506,0.8585079148341,0.794701491928252,0.604653084590776,0.121151299803826
0.641452295745796,0.885970159431865,0.931567606169292,0.957632155818866,0.966547140353931,0.974452979387871,0.980350371997586,0.985314836853367,0.991248670685611,0.996253703556314,1,0.996226921088122,0.990875206194805,0.983451582063203,0.976318484599372,0.969829045439745,0.964741837206508,0.957857891645638,0.952098852063055,0.948876560825348,0.943247037359946,0.941750230104441,0.939168910047762,0.935248327480991,0.928377877966589,0.922478329276693,0.912752678404757,0.890346658276812,0.85992634573905,0.797086130262098,0.607181264869967,0.118538066388896
0.63103199522051,0.879312396368071,0.925687754604363,0.953181503359121,0.962844119595686,0.970256039019258,0.975922165019118,0.980606729165047,0.986454520487635,0.991402356775459,0.996226921088122,1,0.996004859757741,0.990141711651548,0.983247058640817,0.977060299750796,0.971555174287724,0.96499861541371,0.958391429466744,0.954711964976593,0.949350244980232,0.947208526635539,0.944398796686631,0.940480122410284,0.934155875987593,0.927314829611072,0.918164158008383,0.896403855552245,0.865586204083747,0.80424379349077,0.614936530870075,0.121203327319555
0.624957771944372,0.873512779742496,0.920099225073241,0.948450508798166,0.958361696547025,0.965090889003335,0.971068998906116,0.975442852081048,0.980900672789061,0.985886587150211,0.990875206194805,0.996004859757741,1,0.99608073030266,0.990215174571212,0.984550355990384,0.978805633608153,0.972385350071517,0.966064525209374,0.961877942313761,0.956838373442924,0.954489620978489,0.951471017960946,0.947690758271219,0.941324083538755,0.934218956779822,0.925576618368431,0.904085314495144,0.872745482144301,0.812956049399156,0.62263961944101,0.12442089358664
0.615177457720385,0.86482144659751,0.911665902435844,0.94083205642094,0.951348658183239,0.957912156973694,0.96456305655948,0.968546882305524,0.973390981341525,0.978455218692459,0.983451582063203,0.990141711651548,0.99608073030266,1,0.996043822122693,0.990844313911074,0.985156767204571,0.978562588748837,0.971955020225863,0.967165091406947,0.961918802130648,0.9589163479107,0.955373994183316,0.952007959283128,0.946135360097873,0.938966668122399,0.930546513656287,0.908962921905272,0.878769867203257,0.8198224250151,0.629203817571884,0.129422563221671
0.604735976911962,0.856718275341522,0.904665760006999,0.934418122095638,0.944694567156819,0.951688053824812,0.958275771718438,0.962386765939916,0.966894229900701,0.971297441303188,0.976318484599372,0.983247058640817,0.990215174571212,0.996043822122693,1,0.996303266728827,0.991020007371139,0.984267785106235,0.977624649191391,0.972647216359157,0.967192692062836,0.963664065952396,0.959376580603486,0.956003293367756,0.950324914505085,0.942727666802136,0.934183183971534,0.911987149320976,0.881694356872544,0.824357589453232,0.635886690301375,0.13461444452856
0.595802109258255,0.851195209033064,0.900266489000676,0.930108785035614,0.940877518625088,0.947478442640171,0.953322390065584,0.956729089160125,0.960567953961004,0.965207539942346,0.969829045439745,0.977060299750796,0.984550355990384,0.990844313911074,0.996303266728827,1,0.996306742059985,0.990303350562769,0.983980383979933,0.978900711633979,0.973328163266006,0.969680666522576,0.965259763922279,0.961772521757636,0.955938442192443,0.948710078907674,0.939577376199131,0.917628511366052,0.888299023553192,0.833093878138717,0.645274870265074,0.138150688858888
0.592052833606477,0.84959372057795,0.897368975191672,0.925992871369234,0.937639959344846,0.944232371732668,0.949768232579693,0.952612952629165,0.955759289420529,0.960477410148381,0.964741837206508,0.971555174287724,0.978805633608153,0.985156767204571,0.991020007371139,0.996306742059985,1,0.996074323778961,0.990464948803816,0.985557968490573,0.980083367054407,0.976200278786022,0.971458788145739,0.968098687456147,0.962023741126254,0.954695685262938,0.945522633718854,0.924429516744869,0.897483388129045,0.841891199424003,0.65438745031239,0.144994421470993
0.58316538205059,0.842911178553182,0.889942300605325,0.917821195797456,0.930078304126073,0.936993988526309,0.942585898427577,0.945816674445526,0.949248220312144,0.95389292186954,0.957857891645638,0.96499861541371,0.972385350071517,0.978562588748837,0.984267785106235,0.990303350562769,0.996074323778961,1,0.996086469908667,0.991615533476328,0.986436560719735,0.98201498078359,0.977349461779021,0.974214002083592,0.968261096930055,0.961170704356953,0.951735484045062,0.931219725428033,0.904401138251454,0.849893311954301,0.661884562918113,0.149675142902058
0.580147492758661,0.839137144154226,0.883561001802728,0.911718157458469,0.924151305577755,0.931117387361422,0.937151241802832,0.940510322584863,0.943603112016713,0.948270158102447,0.952098852063055,0.958391429466744,0.966064525209374,0.971955020225863,0.977624649191391,0.983980383979933,0.990464948803816,0.996086469908667,1,0.996582470297823,0.99168519707269,0.987718027660019,0.983026320054702,0.979603677558526,0.97355719834914,0.966247912200534,0.956898666047673,0.936623512101148,0.909898717745129,0.857398221241437,0.673679520613703,0.156364975085811
0.574888299487528,0.836140724488792,0.880402704243178,0.907911285336385,0.919702599313279,0.926553287384323,0.933503677113949,0.937296798098719,0.940471707374323,0.945027600821781,0.948876560825348,0.954711964976593,0.961877942313761,0.967165091406947,0.972647216359157,0.978900711633979,0.985557968490573,0.991615533476328,0.996582470297823,1,0.996668517238687,0.992717341469906,0.987934396201071,0.984003479439234,0.977752914655037,0.970481991029526,0.961164240560719,0.940708344366163,0.913956729689195,0.86262520132081,0.679473781318848,0.159796931695144
0.569477851544032,0.829828927213017,0.874287597671011,0.902509062854561,0.914472435734633,0.921404198915183,0.928931222394764,0.932715957326123,0.936029843671026,0.939845636730734,0.943247037359946,0.949350244980232,0.956838373442924,0.961918802130648,0.967192692062836,0.973328163266006,0.980083367054407,0.986436560719735,0.99168519707269,0.996668517238687,1,0.996561994014813,0.992057113762478,0.98765569115584,0.981781892103525,0.974941486375696,0.965446150084951,0.945125267590779,0.917676261855882,0.866766948803413,0.685540581449855,0.166497497254647
0.569451295176985,0.830016624863738,0.873848890624818,0.902088950280083,0.913165470979543,0.920372781258412,0.927703918443268,0.931814670602469,0.935364196154791,0.939416518809325,0.941750230104441,0.947208526635539,0.954489620978489,0.9589163479107,0.963664065952396,0.969680666522576,0.976200278786022,0.98201498078359,0.987718027660019,0.992717341469906,0.996561994014813,1,0.996080975928135,0.991798278241667,0.985880100459314,0.979088587041866,0.969653456522078,0.94916795115534,0.921996991603058,0.87138359310939,0.693374861368844,0.171206850010883
0.564184105165964,0.826012961589871,0.869273189400024,0.898530513059868,0.910377055867089,0.918197692918836,0.925648764095582,0.92953424781198,0.933258832258609,0.936714150961558,0.939168910047762,0.944398796686631,0.951471017960946,0.955373994183316,0.959376580603486,0.965259763922279,0.971458788145739,0.977349461779021,0.983026320054702,0.987934396201071,0.992057113762478,0.996080975928135,1,0.996094621010824,0.990165964433687,0.983650698028494,0.974366471666429,0.955238792767713,0.928487560714612,0.877832137801684,0.701614678083059,0.169464820172454
0.559662568159322,0.821068055382058,0.864218729473873,0.894303416210161,0.906343992065093,0.914377405243633,0.921945935553273,0.926306905565491,0.930098329267157,0.933186886126626,0.935248327480991,0.940480122410284,0.947690758271219,0.952007959283128,0.956003293367756,0.961772521757636,0.968098687456147,0.974214002083592,0.979603677558526,0.984003479439234,0.98765569115584,0.991798278241667,0.996094621010824,1,0.995297376211201,0.989254634988917,0.980583309126375,0.962220066083292,0.935609807632846,0.884732684435365,0.71477305989605,0.174254140685035
0.555835275479235,0.816314113842676,0.856751403212309,0.887321379722005,0.90020508681875,0.908333350398426,0.916034017284798,0.920530797191227,0.923990763511826,0.92693422612631,0.928377877966589,0.934155875987593,0.941324083538755,0.946135360097873,0.950324914505085,0.955938442192443,0.962023741126254,0.968261096930055,0.97355719834914,0.977752914655037,0.981781892103525,0.985880100459314,0.990165964433687,0.995297376211201,1,0.994468621448673,0.98617310377307,0.969385621124715,0.944346628658342,0.895113350552098,0.728760172054067,0.186505102151203
0.550082068276099,0.808835073912844,0.849380815836914,0.879701932740575,0.893211047058743,0.900259806805012,0.908278914517593,0.913471514740722,0.917708246509177,0.921185570776885,0.922478329276693,0.927314829611072,0.934218956779822,0.938966668122399,0.942727666802136,0.948710078907674,0.954695685262938,0.961170704356953,0.966247912200534,0.970481991029526,0.974941486375696,0.979088587041866,0.983650698028494,0.989254634988917,0.994468621448673,1,0.992975813238078,0.97855580494844,0.954921104725305,0.909218360017626,0.745326841359621,0.189951161754072
0.54203966105968,0.798584377073952,0.839361026226115,0.868656987925419,0.882169545305544,0.88894092650465,0.896894305888994,0.902828638719043,0.907366937717573,0.911110850942242,0.912752678404757,0.918164158008383,0.925576618368431,0.930546513656287,0.934183183971534,0.939577376199131,0.945522633718854,0.951735484045062,0.956898666047673,0.961164240560719,0.965446150084951,0.969653456522078,0.974366471666429,0.980583309126375,0.98617310377307,0.992975813238078,1,0.988105261469376,0.966089120643334,0.923074648703316,0.767442454285134,0.192782977029523
0.528792900046626,0.776981571351102,0.817199676721244,0.844107822459128,0.858449437469988,0.865675117174652,0.87331416530878,0.879766527511073,0.884776860148667,0.888645153274506,0.890346658276812,0.896403855552245,0.904085314495144,0.908962921905272,0.911987149320976,0.917628511366052,0.924429516744869,0.931219725428033,0.936623512101148,0.940708344366163,0.945125267590779,0.94916795115534,0.955238792767713,0.962220066083292,0.969385621124715,0.97855580494844,0.988105261469376,1,0.983113760622132,0.946417986915473,0.801344950052978,0.20896616139365
0.513674344377359,0.747086592285869,0.78519095937323,0.81098045909975,0.825947846057029,0.834604494955063,0.843183781048794,0.849415156554772,0.854507188723973,0.8585079148341,0.85992634573905,0.865586204083747,0.872745482144301,0.878769867203257,0.881694356872544,0.888299023553192,0.897483388129045,0.904401138251454,0.909898717745129,0.913956729689195,0.917676261855882,0.921996991603058,0.928487560714612,0.935609807632846,0.944346628658342,0.954921104725305,0.966089120643334,0.983113760622132,1,0.968143318842827,0.83372791268071,0.233509399511884
0.481407534376551,0.69249920640847,0.729444021868166,0.753057732876721,0.766143900559726,0.773508460947738,0.780844197079249,0.787094048755276,0.791388100415223,0.794701491928252,0.797086130262098,0.80424379349077,0.812956049399156,0.8198224250151,0.824357589453232,0.833093878138717,0.841891199424003,0.849893311954301,0.857398221241437,0.86262520132081,0.866766948803413,0.87138359310939,0.877832137801684,0.884732684435365,0.895113350552098,0.909218360017626,0.923074648703316,0.946417986915473,0.968143318842827,1,0.886477466354545,0.286053419985383
0.360852794293518,0.528985593431591,0.550470671428897,0.569182557179937,0.580723057689876,0.586390734922831,0.592233508672601,0.599257412717741,0.603394652539133,0.604653084590776,0.607181264869967,0.614936530870075,0.62263961944101,0.629203817571884,0.635886690301375,0.645274870265074,0.65438745031239,0.661884562918113,0.673679520613703,0.679473781318848,0.685540581449855,0.693374861368844,0.701614678083059,0.71477305989605,0.728760172054067,0.745326841359621,0.767442454285134,0.801344950052978,0.83372791268071,0.886477466354545,1,0.435550314742077
0.12113729212481,0.118159520889674,0.10668210233024,0.119532152372397,0.128554829693052,0.128846391404368,0.126830987286791,0.130646420497653,0.127563182603358,0.121151299803826,0.118538066388896,0.121203327319555,0.12442089358664,0.129422563221671,0.13461444452856,0.138150688858888,0.144994421470993,0.149675142902058,0.156364975085811,0.159796931695144,0.166497497254647,0.171206850010883,0.169464820172454,0.174254140685035,0.186505102151203,0.189951161754072,0.192782977029523,0.20896616139365,0.233509399511884,0.286053419985383,0.435550314742077,1
