1,0.923509750754709,0.87576059113681,0.858894531027808,0.834054723767464,0.81510601016722,0.798456335317346,0.773100840556359,0.74544151239717,0.718306825919102,0.696027901731035,0.666814436923863,0.636395316925421,0.611824067953022,0.582780740288623,0.556275421738029,0.519245927091763,0.479871914979257,0.444561780274164,0.389110763778754,0.338740630066415,0.279460899405122,0.24236176059159,0.201902376500293,0.154585394973737,0.106132495028675,0.0591031372312078,-0.000227761427649556,-0.0564844126220548,-0.0948610908391503,-0.0683819681337743,-0.0693943510791627
0.923509750754709,1,0.975200285590065,0.962903745728347,0.948109472133697,0.935077546665998,0.922912974095699,0.905052800531422,0.886486249505222,0.864940657509727,0.846182571079846,0.821404248299941,0.795080364198078,0.773221863351265,0.748493274107735,0.725088269643693,0.693197431927972,0.658035005125441,0.624527541812313,0.571354108620443,0.524231621447289,0.468436012589344,0.433103693136173,0.394177379939365,0.347040915426397,0.297390377812728,0.250373264981194,0.190845235469095,0.127315243945862,0.0541859440539216,0.0249290912413214,-0.00604391624375427
0.87576059113681,0.975200285590065,1,0.990895855132404,0.981032411114358,0.97115777789322,0.962163309874261,0.949622202284218,0.935409665581691,0.91803070414769,0.901628370957521,0.881385786492687,0.857455473585583,0.837653076295136,0.816207402384355,0.794671527585243,0.765440742424096,0.732657806955287,0.701047296329404,0.650878400290978,0.605735056831743,0.553063229374647,0.518937529609781,0.480940298944504,0.434357223488295,0.384503336235617,0.338843672870111,0.280190010752888,0.21335909048455,0.122229077465684,0.0676795262822529,0.020438434680243
0.858894531027808,0.962903745728347,0.990895855132404,1,0.992355770900829,0.983817072124931,0.976434848680102,0.966120243406606,0.953992484047941,0.938751092979173,0.923243448182915,0.90416215635772,0.881787620417008,0.863521181862965,0.844349072400168,0.823423189689473,0.79529585743505,0.763209121974725,0.733047380667776,0.683861765189783,0.639658827137837,0.588427178930953,0.554276056174207,0.515876409030595,0.469978085273606,0.421272965539572,0.375815569634489,0.316586688805916,0.247896323552206,0.150227271729867,0.0806790620185577,0.0204832345809259
0.834054723767464,0.948109472133697,0.981032411114358,0.992355770900829,1,0.99438792988439,0.988641396194912,0.98010680327741,0.970800060677208,0.958208146204814,0.944505965727182,0.927260079306789,0.90733281765766,0.89051317145829,0.872522335059976,0.852665403243154,0.825651145878432,0.79498275500913,0.766962795394034,0.719284349356408,0.677243868049335,0.62892666310801,0.59674281500211,0.559588553859686,0.515526291067594,0.468527557769496,0.424296240489739,0.365404989479757,0.297975659969102,0.197112286655941,0.105101511387158,0.0490499842001938
0.81510601016722,0.935077546665998,0.97115777789322,0.983817072124931,0.99438792988439,1,0.995207137771213,0.988906447999834,0.981065973328935,0.970404346658334,0.958281840928078,0.94288986634389,0.925110200670445,0.910071410699636,0.892980157442337,0.874610271522129,0.849055070478235,0.820349573598237,0.793908173973317,0.749128150692288,0.709496459043079,0.663872939409185,0.633040346634978,0.596654931707802,0.55320716295576,0.507479853192399,0.463713553649085,0.405535501577713,0.338607888312823,0.232781047881205,0.127824032757576,0.0692823712528525
0.798456335317346,0.922912974095699,0.962163309874261,0.976434848680102,0.988641396194912,0.995207137771213,1,0.995652136241062,0.989447946819816,0.981000501325828,0.970353604178275,0.956989397203329,0.940894178844985,0.926893310709244,0.911066777681278,0.893997381580834,0.870302522224496,0.842493396351239,0.817064101630213,0.774613201664368,0.736810670262941,0.692527080460503,0.662395613177469,0.627087752632276,0.584485302312441,0.539351584410409,0.49588641337572,0.439409937968179,0.373350019236375,0.263258425699674,0.14345129493143,0.0829642922647198
0.773100840556359,0.905052800531422,0.949622202284218,0.966120243406606,0.98010680327741,0.988906447999834,0.995652136241062,1,0.996406067961044,0.989988926989402,0.981042350013768,0.96950120284387,0.954806406485004,0.941926687324068,0.928104876419088,0.912452931117572,0.890300045577332,0.863905831563962,0.839859504256548,0.799928624411195,0.763677814292062,0.721593340822345,0.692255603329289,0.658040088733145,0.616675998549088,0.573339346590723,0.530408047275144,0.474465957472048,0.407958097140284,0.293169210639859,0.162864636152754,0.0982579181889216
0.74544151239717,0.886486249505222,0.935409665581691,0.953992484047941,0.970800060677208,0.981065973328935,0.989447946819816,0.996406067961044,1,0.995905520557119,0.989200618155434,0.979751311512972,0.967144733355485,0.955128492516488,0.942940019194477,0.928530114942979,0.908033317729996,0.883227394048674,0.86032062325563,0.822257829267955,0.787723567864537,0.748062541442061,0.719902939998334,0.687301652192597,0.647490415810073,0.605116677405556,0.563614601851593,0.508388728486736,0.441376707366832,0.320892470223313,0.181961173745592,0.111373895448532
0.718306825919102,0.864940657509727,0.91803070414769,0.938751092979173,0.958208146204814,0.970404346658334,0.981000501325828,0.989988926989402,0.995905520557119,1,0.996150003467113,0.98895099078332,0.978833271730709,0.968518392501601,0.95794113354872,0.944991549471577,0.926317055623835,0.903643148936036,0.882458254009989,0.847239456235851,0.814820566512508,0.777390893855191,0.751000689529505,0.720397525737051,0.682741846618232,0.641563130404413,0.601113256435427,0.547293468169516,0.481373295954555,0.360111626390787,0.209443655761572,0.13186573350033
0.696027901731035,0.846182571079846,0.901628370957521,0.923243448182915,0.944505965727182,0.958281840928078,0.970353604178275,0.981042350013768,0.989200618155434,0.996150003467113,1,0.99575077949811,0.988024191837247,0.979318645280741,0.970004295907461,0.958705173422378,0.941885979561015,0.921078943128885,0.901559666466166,0.868726876883938,0.838292104242307,0.803442857337911,0.77796374224575,0.748977558449087,0.712841421832289,0.672566550600703,0.63346910428394,0.580500217148399,0.516491787078009,0.393705291699585,0.235883576611203,0.157031954900849
0.666814436923863,0.821404248299941,0.881385786492687,0.90416215635772,0.927260079306789,0.94288986634389,0.956989397203329,0.96950120284387,0.979751311512972,0.98895099078332,0.99575077949811,1,0.996024474621689,0.990047373100518,0.982701574343966,0.973488249642997,0.95978259795734,0.941830521700882,0.924420059972918,0.895323811045064,0.86724919444057,0.83489401265832,0.810184060592474,0.782997317798629,0.748392037142117,0.709704029579988,0.671857540850374,0.621099726567044,0.558465789282961,0.432593713387478,0.262172804787328,0.177020151846663
0.636395316925421,0.795080364198078,0.857455473585583,0.881787620417008,0.90733281765766,0.925110200670445,0.940894178844985,0.954806406485004,0.967144733355485,0.978833271730709,0.988024191837247,0.996024474621689,1,0.996805396287788,0.991264682064797,0.983839998963386,0.973152889852681,0.958431886502879,0.943202519673647,0.917877733536425,0.893373962204503,0.864209259556158,0.841264096011606,0.815819838156494,0.783325404043912,0.746683449387662,0.710608551885499,0.662470250905011,0.602656413864834,0.473453784376049,0.29547190126793,0.203463304171663
0.611824067953022,0.773221863351265,0.837653076295136,0.863521181862965,0.89051317145829,0.910071410699636,0.926893310709244,0.941926687324068,0.955128492516488,0.968518392501601,0.979318645280741,0.990047373100518,0.996805396287788,1,0.996526010402114,0.991155712712598,0.982578962305795,0.970617471694609,0.957415889841283,0.935069120071558,0.912794438782403,0.885586395558912,0.8640881910327,0.840244696459713,0.809301721741026,0.773732690538655,0.738809230690333,0.691887251907961,0.633986303400278,0.504865524843857,0.322043703672905,0.221523637759248
0.582780740288623,0.748493274107735,0.816207402384355,0.844349072400168,0.872522335059976,0.892980157442337,0.911066777681278,0.928104876419088,0.942940019194477,0.95794113354872,0.970004295907461,0.982701574343966,0.991264682064797,0.996526010402114,1,0.996968729522836,0.990680664536287,0.980849736669825,0.969533525152758,0.949943481287668,0.92901222470504,0.903703905605057,0.883439957986033,0.861169435587498,0.831949912067083,0.798117348528078,0.76455258832402,0.718916024890269,0.661156817010385,0.530003919400668,0.338344882953008,0.233716320869134
0.556275421738029,0.725088269643693,0.794671527585243,0.823423189689473,0.852665403243154,0.874610271522129,0.893997381580834,0.912452931117572,0.928530114942979,0.944991549471577,0.958705173422378,0.973488249642997,0.983839998963386,0.991155712712598,0.996968729522836,1,0.996036693284966,0.988278842702095,0.978939451105412,0.96199184453409,0.942845732090745,0.919727187104598,0.900831787233239,0.880018219999387,0.85212904967357,0.820110740842597,0.788068234178293,0.743636828945169,0.687434895034257,0.555463841500057,0.355329762943677,0.251953284016242
0.519245927091763,0.693197431927972,0.765440742424096,0.79529585743505,0.825651145878432,0.849055070478235,0.870302522224496,0.890300045577332,0.908033317729996,0.926317055623835,0.941885979561015,0.95978259795734,0.973152889852681,0.982578962305795,0.990680664536287,0.996036693284966,1,0.995374613952733,0.9884416742678,0.975236155091823,0.959059937422506,0.93829018665344,0.921344893372488,0.902709077065715,0.877410483108249,0.847903501631148,0.817382019694744,0.775824269373546,0.722358666545984,0.58761981017545,0.381482410310393,0.27013793016116
0.479871914979257,0.658035005125441,0.732657806955287,0.763209121974725,0.79498275500913,0.820349573598237,0.842493396351239,0.863905831563962,0.883227394048674,0.903643148936036,0.921078943128885,0.941830521700882,0.958431886502879,0.970617471694609,0.980849736669825,0.988278842702095,0.995374613952733,1,0.996547870136636,0.987980681863957,0.975749205352586,0.958435767225145,0.94364029481748,0.92765053109438,0.905404320839901,0.877903416560018,0.849524814926141,0.811350232943999,0.760256561297031,0.624265502599687,0.411850951023666,0.291415811832806
0.444561780274164,0.624527541812313,0.701047296329404,0.733047380667776,0.766962795394034,0.793908173973317,0.817064101630213,0.839859504256548,0.86032062325563,0.882458254009989,0.901559666466166,0.924420059972918,0.943202519673647,0.957415889841283,0.969533525152758,0.978939451105412,0.9884416742678,0.996547870136636,1,0.99443880974734,0.984667646083037,0.970427986916209,0.957571205821529,0.943770378174587,0.923725564097029,0.898569244479004,0.871527680214214,0.83552411941879,0.786325686468836,0.649987622299126,0.430245210859534,0.309509300017386
0.389110763778754,0.571354108620443,0.650878400290978,0.683861765189783,0.719284349356408,0.749128150692288,0.774613201664368,0.799928624411195,0.822257829267955,0.847239456235851,0.868726876883938,0.895323811045064,0.917877733536425,0.935069120071558,0.949943481287668,0.96199184453409,0.975236155091823,0.987980681863957,0.99443880974734,1,0.995457752847635,0.985712249088998,0.976055930463951,0.964702162457633,0.947576513910875,0.926104567530029,0.902246818474309,0.86996426659662,0.825439996646468,0.688493648612708,0.457107956723027,0.334087934169397
0.338740630066415,0.524231621447289,0.605735056831743,0.639658827137837,0.677243868049335,0.709496459043079,0.736810670262941,0.763677814292062,0.787723567864537,0.814820566512508,0.838292104242307,0.86724919444057,0.893373962204503,0.912794438782403,0.92901222470504,0.942845732090745,0.959059937422506,0.975749205352586,0.984667646083037,0.995457752847635,1,0.994953939231368,0.988113664114843,0.979118569144928,0.965011609537784,0.94673936721547,0.925568220687849,0.896888323506804,0.857590814412643,0.721492244408316,0.482623551478361,0.355756579659682
0.279460899405122,0.468436012589344,0.553063229374647,0.588427178930953,0.62892666310801,0.663872939409185,0.692527080460503,0.721593340822345,0.748062541442061,0.777390893855191,0.803442857337911,0.83489401265832,0.864209259556158,0.885586395558912,0.903703905605057,0.919727187104598,0.93829018665344,0.958435767225145,0.970427986916209,0.985712249088998,0.994953939231368,1,0.996479517122459,0.990535102650037,0.98017083627595,0.965481722244892,0.948435071687083,0.923477107360009,0.887802879096564,0.750516005339604,0.50251969301925,0.37106402857573
0.24236176059159,0.433103693136173,0.518937529609781,0.554276056174207,0.59674281500211,0.633040346634978,0.662395613177469,0.692255603329289,0.719902939998334,0.751000689529505,0.77796374224575,0.810184060592474,0.841264096011606,0.8640881910327,0.883439957986033,0.900831787233239,0.921344893372488,0.94364029481748,0.957571205821529,0.976055930463951,0.988113664114843,0.996479517122459,1,0.995988600063568,0.987958620635473,0.97573867816753,0.960889729728242,0.939718080323308,0.907047948768387,0.77215320979456,0.519037436109659,0.383874836729058
0.201902376500293,0.394177379939365,0.480940298944504,0.515876409030595,0.559588553859686,0.596654931707802,0.627087752632276,0.658040088733145,0.687301652192597,0.720397525737051,0.748977558449087,0.782997317798629,0.815819838156494,0.840244696459713,0.861169435587498,0.880018219999387,0.902709077065715,0.92765053109438,0.943770378174587,0.964702162457633,0.979118569144928,0.990535102650037,0.995988600063568,1,0.995149129904766,0.985894176370483,0.97394506869178,0.955012655198951,0.924883231890685,0.795886189661935,0.538618762644765,0.399197553230318
0.154585394973737,0.347040915426397,0.434357223488295,0.469978085273606,0.515526291067594,0.55320716295576,0.584485302312441,0.616675998549088,0.647490415810073,0.682741846618232,0.712841421832289,0.748392037142117,0.783325404043912,0.809301721741026,0.831949912067083,0.85212904967357,0.877410483108249,0.905404320839901,0.923725564097029,0.947576513910875,0.965011609537784,0.98017083627595,0.987958620635473,0.995149129904766,1,0.994651352550916,0.985132584700964,0.969227025805664,0.942835134372618,0.816074640633274,0.557060813072099,0.418123378365477
0.106132495028675,0.297390377812728,0.384503336235617,0.421272965539572,0.468527557769496,0.507479853192399,0.539351584410409,0.573339346590723,0.605116677405556,0.641563130404413,0.672566550600703,0.709704029579988,0.746683449387662,0.773732690538655,0.798117348528078,0.820110740842597,0.847903501631148,0.877903416560018,0.898569244479004,0.926104567530029,0.94673936721547,0.965481722244892,0.97573867816753,0.985894176370483,0.994651352550916,1,0.993948198452908,0.98117446033629,0.959048512640333,0.835431090550685,0.570927358110355,0.435437826386369
0.0591031372312078,0.250373264981194,0.338843672870111,0.375815569634489,0.424296240489739,0.463713553649085,0.49588641337572,0.530408047275144,0.563614601851593,0.601113256435427,0.63346910428394,0.671857540850374,0.710608551885499,0.738809230690333,0.76455258832402,0.788068234178293,0.817382019694744,0.849524814926141,0.871527680214214,0.902246818474309,0.925568220687849,0.948435071687083,0.960889729728242,0.97394506869178,0.985132584700964,0.993948198452908,1,0.990941953609846,0.972899747294475,0.853037815845213,0.591554977370419,0.447021070707763
-0.000227761427649556,0.190845235469095,0.280190010752888,0.316586688805916,0.365404989479757,0.405535501577713,0.439409937968179,0.474465957472048,0.508388728486736,0.547293468169516,0.580500217148399,0.621099726567044,0.662470250905011,0.691887251907961,0.718916024890269,0.743636828945169,0.775824269373546,0.811350232943999,0.83552411941879,0.86996426659662,0.896888323506804,0.923477107360009,0.939718080323308,0.955012655198951,0.969227025805664,0.98117446033629,0.990941953609846,1,0.989318337450241,0.883159899896396,0.623738919698614,0.477171351950448
-0.0564844126220548,0.127315243945862,0.21335909048455,0.247896323552206,0.297975659969102,0.338607888312823,0.373350019236375,0.407958097140284,0.441376707366832,0.481373295954555,0.516491787078009,0.558465789282961,0.602656413864834,0.633986303400278,0.661156817010385,0.687434895034257,0.722358666545984,0.760256561297031,0.786325686468836,0.825439996646468,0.857590814412643,0.887802879096564,0.907047948768387,0.924883231890685,0.942835134372618,0.959048512640333,0.972899747294475,0.989318337450241,1,0.916155345183521,0.670791229624313,0.527859416633952
-0.0948610908391503,0.0541859440539216,0.122229077465684,0.150227271729867,0.197112286655941,0.232781047881205,0.263258425699674,0.293169210639859,0.320892470223313,0.360111626390787,0.393705291699585,0.432593713387478,0.473453784376049,0.504865524843857,0.530003919400668,0.555463841500057,0.58761981017545,0.624265502599687,0.649987622299126,0.688493648612708,0.721492244408316,0.750516005339604,0.77215320979456,0.795886189661935,0.816074640633274,0.835431090550685,0.853037815845213,0.883159899896396,0.916155345183521,1,0.806279435328745,0.64034805215319
-0.0683819681337743,0.0249290912413214,0.0676795262822529,0.0806790620185577,0.105101511387158,0.127824032757576,0.14345129493143,0.162864636152754,0.181961173745592,0.209443655761572,0.235883576611203,0.262172804787328,0.29547190126793,0.322043703672905,0.338344882953008,0.355329762943677,0.381482410310393,0.411850951023666,0.430245210859534,0.457107956723027,0.482623551478361,0.50251969301925,0.519037436109659,0.538618762644765,0.557060813072099,0.570927358110355,0.591554977370419,0.623738919698614,0.670791229624313,0.806279435328745,1,0.692568397001391
-0.0693943510791627,-0.00604391624375427,0.020438434680243,0.0204832345809259,0.0490499842001938,0.0692823712528525,0.0829642922647198,0.0982579181889216,0.111373895448532,0.13186573350033,0.157031954900849,0.177020151846663,0.203463304171663,0.221523637759248,0.233716320869134,0.251953284016242,0.27013793016116,0.291415811832806,0.309509300017386,0.334087934169397,0.355756579659682,0.37106402857573,0.383874836729058,0.399197553230318,0.418123378365477,0.435437826386369,0.447021070707763,0.477171351950448,0.527859416633952,0.64034805215319,0.692568397001391,1
