1,0.78406271800697,0.72565776039954,0.708101557213941,0.691752720334377,0.674946269565392,0.665795115653797,0.65714863174541,0.647656651434599,0.633171219521693,0.624493912941958,0.612911862266492,0.597256286051218,0.583897253763921,0.573511480460497,0.561534636285251,0.548000260311692,0.534948950819312,0.519077173194558,0.506893125070087,0.499645810171307,0.486866588475373,0.475963600079516,0.466008869079514,0.453134271510609,0.440347080437913,0.416217238459277,0.396647084903354,0.363477063768098,0.269544853065676,0.155278755196108,-0.0363443347178912
0.78406271800697,1,0.969475409561108,0.955619552772293,0.942474312469981,0.931312198949239,0.922471823893012,0.912830183754595,0.905224851547911,0.893353880646667,0.885061351704004,0.876314015130741,0.86633972236823,0.857692263498928,0.84881530376236,0.838180381289054,0.826897275577999,0.813835474758297,0.801726579199159,0.789996088725968,0.781442625090937,0.77190403573114,0.760888090366813,0.749308016361052,0.737083179194384,0.722865133145618,0.69978644533808,0.676527432354049,0.632903461296323,0.482143241922196,0.295353692740505,0.0609244631520257
0.72565776039954,0.969475409561108,1,0.98836339802842,0.978650371003328,0.970100136933179,0.96254494580415,0.956346278592583,0.951236764719787,0.941505342033471,0.93431043849168,0.926662803845601,0.9180412093512,0.910448153537322,0.902412657015319,0.892830516131243,0.883042952741583,0.872309155185052,0.862019871566402,0.851612222326832,0.84320782452655,0.834214900839279,0.823548075380244,0.813527513397476,0.803028531288499,0.789512389221229,0.768717462507359,0.746644976278499,0.701806357260103,0.546307545862095,0.343900695692138,0.0959451842100163
0.708101557213941,0.955619552772293,0.98836339802842,1,0.991731436833833,0.984398400558114,0.977810370008772,0.972173311819352,0.966854886643359,0.958862504091418,0.95219663580635,0.945054871253254,0.937087291688888,0.929812812191212,0.92172886224823,0.91243155028334,0.903375894239005,0.893776222243176,0.884188747088038,0.874539326578006,0.867179285769285,0.858863104452482,0.848470865369209,0.838780521731151,0.828975267510773,0.816388326462742,0.797012389897776,0.776457050102218,0.731738462816248,0.573172907906224,0.366949916493449,0.1201621331964
0.691752720334377,0.942474312469981,0.978650371003328,0.991731436833833,1,0.993861239467515,0.988264851370507,0.983898460118681,0.979536907218561,0.97331518488367,0.967492112610508,0.961169959082611,0.953582776483297,0.946725653853611,0.939392066532221,0.930653563336257,0.922555582786111,0.913530083504631,0.904431055764777,0.895217313607506,0.888662530935058,0.881164181047534,0.872111022080402,0.863891475742296,0.854768890076657,0.843678373583833,0.824854485201063,0.805702265224692,0.763799884276023,0.609740162739493,0.402945108492604,0.148492226791567
0.674946269565392,0.931312198949239,0.970100136933179,0.984398400558114,0.993861239467515,1,0.995256803291874,0.990882016444682,0.986316357526508,0.980862076350545,0.975603982563694,0.96954364865256,0.961948826599536,0.955065180647423,0.948341841794172,0.939969955879346,0.932213757554198,0.923794622914423,0.915207810111028,0.906675341940172,0.900435882915281,0.893421570698493,0.884615215003666,0.877129000963595,0.868266220606786,0.857872877311027,0.840162113571763,0.821515690572643,0.779320175944067,0.623562675774371,0.41436260104041,0.156461849504942
0.665795115653797,0.922471823893012,0.96254494580415,0.977810370008772,0.988264851370507,0.995256803291874,1,0.996182778866755,0.992049964652418,0.987584898574291,0.982562023590104,0.977085591839479,0.970220802524971,0.963786890548183,0.957367667191459,0.949666494440614,0.942468478858536,0.934964791110878,0.927146499871083,0.919142974343582,0.913353678897914,0.907256998593403,0.898870819368988,0.892142136781217,0.883812449911834,0.873529719765345,0.856338327795594,0.838505835663869,0.798005635659144,0.643024784788117,0.431958702761187,0.176748254478338
0.65714863174541,0.912830183754595,0.956346278592583,0.972173311819352,0.983898460118681,0.990882016444682,0.996182778866755,1,0.996541254093733,0.992583559420777,0.987947463691791,0.982790140336224,0.976401238174731,0.970274743457309,0.963754417658073,0.956504289152697,0.950011118633691,0.943124712868817,0.935446345169368,0.927805353612763,0.922057773425236,0.916227775730858,0.908532614651356,0.90216316098768,0.894230849379424,0.883676255751092,0.867069826212841,0.850099679465671,0.809737097666835,0.655273907743982,0.44228258221899,0.188617224018144
0.647656651434599,0.905224851547911,0.951236764719787,0.966854886643359,0.979536907218561,0.986316357526508,0.992049964652418,0.996541254093733,1,0.997135931603941,0.993143889760733,0.988599582731331,0.98269907992921,0.976810960967785,0.970655502045143,0.963570388248868,0.957227643763699,0.95063766187511,0.943040616742863,0.935835111078602,0.930364557388812,0.925008456179304,0.917779642881906,0.911212293275099,0.90394818281497,0.893976203239377,0.878493315643937,0.862284972600112,0.823232837871584,0.669502407912143,0.454881657575208,0.204014986200311
0.633171219521693,0.893353880646667,0.941505342033471,0.958862504091418,0.97331518488367,0.980862076350545,0.987584898574291,0.992583559420777,0.997135931603941,1,0.997449274353169,0.993646021316441,0.988583331233206,0.983331835038855,0.977721313504226,0.971258157878345,0.965601815174512,0.959916954138001,0.952876378387929,0.946211148077901,0.940851674190875,0.935901607524075,0.928977612453505,0.922864023466751,0.916243065931792,0.907126143820644,0.892528406113487,0.877387667503577,0.839362403569041,0.687074972716263,0.469647555807287,0.216599549390803
0.624493912941958,0.885061351704004,0.93431043849168,0.95219663580635,0.967492112610508,0.975603982563694,0.982562023590104,0.987947463691791,0.993143889760733,0.997449274353169,1,0.997616276283108,0.993748302107673,0.989346788178392,0.984297854900654,0.978442259849109,0.973084192575676,0.967820486590861,0.961181747272058,0.955076855402539,0.950028896391313,0.94528150764449,0.939079681230837,0.933182133740115,0.926918242905268,0.917973157425316,0.903806394712293,0.889183360494213,0.851601886651504,0.700000605361753,0.481224192518667,0.226251019600597
0.612911862266492,0.876314015130741,0.926662803845601,0.945054871253254,0.961169959082611,0.96954364865256,0.977085591839479,0.982790140336224,0.988599582731331,0.993646021316441,0.997616276283108,1,0.997439640713532,0.993889728376852,0.989752546938631,0.984667247370655,0.979654164462547,0.974727752749644,0.968436153476625,0.962588840145672,0.957900042317417,0.953652620423632,0.948039623072864,0.942601486116795,0.936500496478523,0.9280673155225,0.914583395235871,0.900345648618534,0.864402333038936,0.714347312987146,0.494208641058169,0.238523815018928
0.597256286051218,0.86633972236823,0.9180412093512,0.937087291688888,0.953582776483297,0.961948826599536,0.970220802524971,0.976401238174731,0.98269907992921,0.988583331233206,0.993748302107673,0.997439640713532,1,0.997719065074094,0.994473949865278,0.9903251148324,0.98585829482667,0.981502819732926,0.975865679491727,0.970367061960077,0.965883426205068,0.961647244602286,0.956475936686199,0.951360148637326,0.94556451928474,0.937313437725192,0.924251636559082,0.910524876704192,0.875600210843714,0.726252888207582,0.503707223872087,0.248818112809133
0.583897253763921,0.857692263498928,0.910448153537322,0.929812812191212,0.946725653853611,0.955065180647423,0.963786890548183,0.970274743457309,0.976810960967785,0.983331835038855,0.989346788178392,0.993889728376852,0.997719065074094,1,0.997607713936294,0.994126351778689,0.990203002152739,0.986329387552681,0.980887352603769,0.975699803222388,0.971386769910533,0.967228684472834,0.962109361905697,0.957125697909018,0.951577603827074,0.943573983218877,0.931343983351788,0.917893280550665,0.883413248664074,0.735068340224859,0.510971659718822,0.260170101213137
0.573511480460497,0.84881530376236,0.902412657015319,0.92172886224823,0.939392066532221,0.948341841794172,0.957367667191459,0.963754417658073,0.970655502045143,0.977721313504226,0.984297854900654,0.989752546938631,0.994473949865278,0.997607713936294,1,0.997893586166196,0.99462964158976,0.991222863352843,0.986485281589891,0.981900555646153,0.977938333403404,0.973919066048441,0.969103127709934,0.964431687039211,0.959221454759622,0.951650356838984,0.940193225614507,0.927481179098827,0.893727794240187,0.745831139304399,0.519732462492435,0.268630636178038
0.561534636285251,0.838180381289054,0.892830516131243,0.91243155028334,0.930653563336257,0.939969955879346,0.949666494440614,0.956504289152697,0.963570388248868,0.971258157878345,0.978442259849109,0.984667247370655,0.9903251148324,0.994126351778689,0.997893586166196,1,0.997890250207804,0.995138987403056,0.991100155327392,0.987082830213672,0.983223881150789,0.979644214080627,0.975060803520255,0.970730950485981,0.965883078057151,0.958803145104122,0.948184920546619,0.935787897979792,0.903386996566267,0.756519311868891,0.528810627486709,0.282015972780328
0.548000260311692,0.826897275577999,0.883042952741583,0.903375894239005,0.922555582786111,0.932213757554198,0.942468478858536,0.950011118633691,0.957227643763699,0.965601815174512,0.973084192575676,0.979654164462547,0.98585829482667,0.990203002152739,0.99462964158976,0.997890250207804,1,0.99813260741981,0.994517044984067,0.990983510600336,0.987214897247539,0.983648676594966,0.979413532163872,0.975416674995493,0.970800770376147,0.964096362492887,0.953983461474224,0.942136543458682,0.910289661695795,0.763276008970745,0.533647476843875,0.291416707356666
0.534948950819312,0.813835474758297,0.872309155185052,0.893776222243176,0.913530083504631,0.923794622914423,0.934964791110878,0.943124712868817,0.95063766187511,0.959916954138001,0.967820486590861,0.974727752749644,0.981502819732926,0.986329387552681,0.991222863352843,0.995138987403056,0.99813260741981,1,0.997710929666415,0.994898444324565,0.991509448749727,0.988156733841337,0.984309569677352,0.980535248369036,0.976044215334777,0.969982807558018,0.960794097423157,0.949682648506037,0.919529795164662,0.77469461102009,0.545152801933987,0.301973227108382
0.519077173194558,0.801726579199159,0.862019871566402,0.884188747088038,0.904431055764777,0.915207810111028,0.927146499871083,0.935446345169368,0.943040616742863,0.952876378387929,0.961181747272058,0.968436153476625,0.975865679491727,0.980887352603769,0.986485281589891,0.991100155327392,0.994517044984067,0.997710929666415,1,0.997955007233762,0.995026594493904,0.991863350059594,0.988296247546008,0.984686090934766,0.980318371160103,0.974863310155245,0.966531370084656,0.956082417496332,0.928033183926553,0.78479175731544,0.554970347377582,0.314571367501035
0.506893125070087,0.789996088725968,0.851612222326832,0.874539326578006,0.895217313607506,0.906675341940172,0.919142974343582,0.927805353612763,0.935835111078602,0.946211148077901,0.955076855402539,0.962588840145672,0.970367061960077,0.975699803222388,0.981900555646153,0.987082830213672,0.990983510600336,0.994898444324565,0.997955007233762,1,0.997854080867775,0.995176026902034,0.991884332646937,0.988429292705105,0.984411101145859,0.979068216423453,0.971636543030964,0.96145672670311,0.934109696670918,0.790861374358733,0.559154573028427,0.321184733007163
0.499645810171307,0.781442625090937,0.84320782452655,0.867179285769285,0.888662530935058,0.900435882915281,0.913353678897914,0.922057773425236,0.930364557388812,0.940851674190875,0.950028896391313,0.957900042317417,0.965883426205068,0.971386769910533,0.977938333403404,0.983223881150789,0.987214897247539,0.991509448749727,0.995026594493904,0.997854080867775,1,0.997956186774822,0.994991215029439,0.991552436571612,0.987898888933696,0.982753389282136,0.975937914698875,0.966026238879548,0.939592805971368,0.796991753648628,0.565546056080151,0.32827135607191
0.486866588475373,0.77190403573114,0.834214900839279,0.858863104452482,0.881164181047534,0.893421570698493,0.907256998593403,0.916227775730858,0.925008456179304,0.935901607524075,0.94528150764449,0.953652620423632,0.961647244602286,0.967228684472834,0.973919066048441,0.979644214080627,0.983648676594966,0.988156733841337,0.991863350059594,0.995176026902034,0.997956186774822,1,0.997685448682766,0.994478681393011,0.990655896211093,0.985657701689913,0.979290197304465,0.969449425683507,0.942852132636531,0.798324987522193,0.562607040425611,0.33230411342607
0.475963600079516,0.760888090366813,0.823548075380244,0.848470865369209,0.872111022080402,0.884615215003666,0.898870819368988,0.908532614651356,0.917779642881906,0.928977612453505,0.939079681230837,0.948039623072864,0.956475936686199,0.962109361905697,0.969103127709934,0.975060803520255,0.979413532163872,0.984309569677352,0.988296247546008,0.991884332646937,0.994991215029439,0.997685448682766,1,0.997507351992428,0.994094426698394,0.989918600294588,0.984006927513128,0.9751004373829,0.951281852317591,0.809987011637782,0.577443218454218,0.344663631264105
0.466008869079514,0.749308016361052,0.813527513397476,0.838780521731151,0.863891475742296,0.877129000963595,0.892142136781217,0.90216316098768,0.911212293275099,0.922864023466751,0.933182133740115,0.942601486116795,0.951360148637326,0.957125697909018,0.964431687039211,0.970730950485981,0.975416674995493,0.980535248369036,0.984686090934766,0.988429292705105,0.991552436571612,0.994478681393011,0.997507351992428,1,0.997463587161161,0.993884970261247,0.988473718511408,0.980190204531297,0.956707874565425,0.816577847534263,0.584205607797163,0.352618039636278
0.453134271510609,0.737083179194384,0.803028531288499,0.828975267510773,0.854768890076657,0.868266220606786,0.883812449911834,0.894230849379424,0.90394818281497,0.916243065931792,0.926918242905268,0.936500496478523,0.94556451928474,0.951577603827074,0.959221454759622,0.965883078057151,0.970800770376147,0.976044215334777,0.980318371160103,0.984411101145859,0.987898888933696,0.990655896211093,0.994094426698394,0.997463587161161,1,0.997151159957519,0.992538028034662,0.984949261249929,0.963048592826488,0.826834369969816,0.59722928257902,0.367569681326428
0.440347080437913,0.722865133145618,0.789512389221229,0.816388326462742,0.843678373583833,0.857872877311027,0.873529719765345,0.883676255751092,0.893976203239377,0.907126143820644,0.917973157425316,0.9280673155225,0.937313437725192,0.943573983218877,0.951650356838984,0.958803145104122,0.964096362492887,0.969982807558018,0.974863310155245,0.979068216423453,0.982753389282136,0.985657701689913,0.989918600294588,0.993884970261247,0.997151159957519,1,0.996334349806875,0.99033347251857,0.971646400144584,0.843271741995202,0.618499236776477,0.387276996377373
0.416217238459277,0.69978644533808,0.768717462507359,0.797012389897776,0.824854485201063,0.840162113571763,0.856338327795594,0.867069826212841,0.878493315643937,0.892528406113487,0.903806394712293,0.914583395235871,0.924251636559082,0.931343983351788,0.940193225614507,0.948184920546619,0.953983461474224,0.960794097423157,0.966531370084656,0.971636543030964,0.975937914698875,0.979290197304465,0.984006927513128,0.988473718511408,0.992538028034662,0.996334349806875,1,0.99526329401161,0.97879598352419,0.85785540219714,0.637399346570574,0.406295125985356
0.396647084903354,0.676527432354049,0.746644976278499,0.776457050102218,0.805702265224692,0.821515690572643,0.838505835663869,0.850099679465671,0.862284972600112,0.877387667503577,0.889183360494213,0.900345648618534,0.910524876704192,0.917893280550665,0.927481179098827,0.935787897979792,0.942136543458682,0.949682648506037,0.956082417496332,0.96145672670311,0.966026238879548,0.969449425683507,0.9751004373829,0.980190204531297,0.984949261249929,0.99033347251857,0.99526329401161,1,0.986880856083641,0.875323220347341,0.660414893071855,0.429058807573886
0.363477063768098,0.632903461296323,0.701806357260103,0.731738462816248,0.763799884276023,0.779320175944067,0.798005635659144,0.809737097666835,0.823232837871584,0.839362403569041,0.851601886651504,0.864402333038936,0.875600210843714,0.883413248664074,0.893727794240187,0.903386996566267,0.910289661695795,0.919529795164662,0.928033183926553,0.934109696670918,0.939592805971368,0.942852132636531,0.951281852317591,0.956707874565425,0.963048592826488,0.971646400144584,0.97879598352419,0.986880856083641,1,0.924339071079436,0.742364360073368,0.485985197723335
0.269544853065676,0.482143241922196,0.546307545862095,0.573172907906224,0.609740162739493,0.623562675774371,0.643024784788117,0.655273907743982,0.669502407912143,0.687074972716263,0.700000605361753,0.714347312987146,0.726252888207582,0.735068340224859,0.745831139304399,0.756519311868891,0.763276008970745,0.77469461102009,0.78479175731544,0.790861374358733,0.796991753648628,0.798324987522193,0.809987011637782,0.816577847534263,0.826834369969816,0.843271741995202,0.85785540219714,0.875323220347341,0.924339071079436,1,0.920191906125558,0.594326206525128
0.155278755196108,0.295353692740505,0.343900695692138,0.366949916493449,0.402945108492604,0.41436260104041,0.431958702761187,0.44228258221899,0.454881657575208,0.469647555807287,0.481224192518667,0.494208641058169,0.503707223872087,0.510971659718822,0.519732462492435,0.528810627486709,0.533647476843875,0.545152801933987,0.554970347377582,0.559154573028427,0.565546056080151,0.562607040425611,0.577443218454218,0.584205607797163,0.59722928257902,0.618499236776477,0.637399346570574,0.660414893071855,0.742364360073368,0.920191906125558,1,0.638583088264667
-0.0363443347178912,0.0609244631520257,0.0959451842100163,0.1201621331964,0.148492226791567,0.156461849504942,0.176748254478338,0.188617224018144,0.204014986200311,0.216599549390803,0.226251019600597,0.238523815018928,0.248818112809133,0.260170101213137,0.268630636178038,0.282015972780328,0.291416707356666,0.301973227108382,0.314571367501035,0.321184733007163,0.32827135607191,0.33230411342607,0.344663631264105,0.352618039636278,0.367569681326428,0.387276996377373,0.406295125985356,0.429058807573886,0.485985197723335,0.594326206525128,0.638583088264667,1
