1,0.85844738457386,0.833480809200837,0.810735773627896,0.796730423383877,0.785992691848746,0.781361839062198,0.767361424552734,0.754556195335024,0.745967343692983,0.737885334535301,0.727488635003561,0.718264035256332,0.707152057382136,0.694120973783927,0.684914669477048,0.675337366032506,0.665568436005016,0.653422092600836,0.646619653208306,0.63375997307855,0.620783411186204,0.604061389119896,0.593095249445203,0.578839134680855,0.561765493923897,0.537924661145766,0.509552276880874,0.473280135941302,0.393765005525636,0.208106392346979,-0.0223758267902705
0.85844738457386,1,0.974871032132246,0.959529751170088,0.949636805968895,0.940575458541148,0.934313677901519,0.925700983273902,0.915136623058808,0.90812597810285,0.900377746399163,0.890646891506496,0.882024350865748,0.874128368596651,0.863170172704655,0.854329845607532,0.843689262736881,0.834748584662529,0.822402942532043,0.813411552135757,0.802327331634853,0.790898933069962,0.775861387778307,0.764128031826868,0.751649840898997,0.732614656043387,0.709198312436917,0.678999628041287,0.637463997497945,0.545326406236676,0.321719568526882,0.0467699556605922
0.833480809200837,0.974871032132246,1,0.988010085289265,0.979727206684128,0.971943413404206,0.966180877079162,0.958025382191077,0.950063814537607,0.94427741408832,0.9363806884737,0.92852399333638,0.921115230588494,0.91452052100929,0.905157729073054,0.896910989168709,0.886952078531007,0.879436281670091,0.869319429717159,0.860894561129178,0.850579136194992,0.839030125726004,0.825796484177936,0.81401111155764,0.801941685864652,0.783998282341927,0.760898947341482,0.729726726954643,0.687304999809784,0.593433630128647,0.352947434559669,0.0679171357109205
0.810735773627896,0.959529751170088,0.988010085289265,1,0.993392503639677,0.987090389098277,0.981087583745354,0.974327544437264,0.966841875112346,0.961702719595362,0.953650779655727,0.947100004848752,0.940625169852525,0.934982565435362,0.927012073342708,0.919247004923331,0.909560555547815,0.902477907310164,0.893143352725428,0.884663029962176,0.875056461123711,0.864163787884647,0.851475337360593,0.840647960186094,0.829149164193652,0.810814931074004,0.788428660368552,0.758347771177054,0.715674624548337,0.622930182518564,0.379463556226597,0.0947399061879598
0.796730423383877,0.949636805968895,0.979727206684128,0.993392503639677,1,0.995248915302072,0.990013136610675,0.984412287602063,0.978028276905956,0.973546031934158,0.966245468467122,0.959934992169517,0.953931765331686,0.948454802922215,0.940494015784185,0.932852832953205,0.923536771893825,0.916929858621103,0.907862302839352,0.899954890987732,0.890958116719088,0.881225065510803,0.869149926403723,0.859412648224294,0.84914689059279,0.832075777786528,0.8108544575415,0.781271255647067,0.740200083484016,0.646518965220712,0.405188970882044,0.10822321901767
0.785992691848746,0.940575458541148,0.971943413404206,0.987090389098277,0.995248915302072,1,0.995350297784421,0.990342923162073,0.984589773340462,0.980234802407722,0.97345794902804,0.96757251574632,0.962183214688915,0.956983773051323,0.949441253250018,0.942460104533772,0.934020702928733,0.927861528759547,0.919865180884519,0.912414105355418,0.903823337370215,0.894692299886516,0.883277583143853,0.874146837562259,0.864340992372808,0.848042775811127,0.826935278392002,0.797364731155945,0.756116250718596,0.661761530936625,0.41712638913721,0.112634498492817
0.781361839062198,0.934313677901519,0.966180877079162,0.981087583745354,0.990013136610675,0.995350297784421,1,0.995967107842116,0.991302194245784,0.987149992216155,0.981073901185831,0.975283382260228,0.970556869445393,0.965672989873878,0.958754432028683,0.951996614560439,0.944129022373054,0.938199848465965,0.930104540902955,0.922707309539429,0.915052423512555,0.906530475414182,0.89584786016183,0.887033879950654,0.877578643377572,0.861729192383923,0.841266443561348,0.812351948110076,0.771160597623669,0.677903968454576,0.431729685833865,0.119812346657799
0.767361424552734,0.925700983273902,0.958025382191077,0.974327544437264,0.984412287602063,0.990342923162073,0.995967107842116,1,0.996637660262224,0.993144260093472,0.987714161944806,0.982675525106131,0.97802568157428,0.973167893411238,0.966505510512905,0.959774585405334,0.952027487466352,0.946534373998968,0.938834185119754,0.931813576171318,0.925036463233457,0.917191523298218,0.907246328418874,0.898472468833984,0.889568166319895,0.874707429371372,0.855673603700202,0.82687520484284,0.787077501992005,0.694081046653004,0.449585972278527,0.126633305317078
0.754556195335024,0.915136623058808,0.950063814537607,0.966841875112346,0.978028276905956,0.984589773340462,0.991302194245784,0.996637660262224,1,0.997207891117005,0.992843639423161,0.988258933840098,0.983871888750158,0.979476679391087,0.973431708320062,0.967190497002119,0.9599011349766,0.954365512803242,0.947124024332573,0.940484443820579,0.934423269208557,0.927333747923146,0.918301188638769,0.910127120472747,0.902361189597107,0.888540742900953,0.870255448552002,0.842128775437094,0.803461459586542,0.712486929504098,0.467993461305571,0.137178659518117
0.745967343692983,0.90812597810285,0.94427741408832,0.961702719595362,0.973546031934158,0.980234802407722,0.987149992216155,0.993144260093472,0.997207891117005,1,0.996930107915533,0.993255520575187,0.989308662327396,0.985430707596524,0.979793261231234,0.973870577760784,0.966911491311718,0.961386273416809,0.954544043118431,0.948413675995521,0.942616938392001,0.935697140843511,0.927690507613926,0.919915091492275,0.912670244001599,0.899677078635668,0.882073455218162,0.854760932555579,0.817237777473603,0.729091141111192,0.485961999905268,0.148887698893943
0.737885334535301,0.900377746399163,0.9363806884737,0.953650779655727,0.966245468467122,0.97345794902804,0.981073901185831,0.987714161944806,0.992843639423161,0.996930107915533,1,0.997532238150355,0.994209554509688,0.990694336460621,0.985402961319446,0.980150234136522,0.973647868571275,0.968442353273739,0.961972578457338,0.956224970981176,0.950935123295088,0.944434681341531,0.937125053234084,0.930208498447387,0.923657328369366,0.912326418623459,0.896550035053149,0.871439389529696,0.836097056467561,0.75050797512746,0.511026757610716,0.16218408156673
0.727488635003561,0.890646891506496,0.92852399333638,0.947100004848752,0.959934992169517,0.96757251574632,0.975283382260228,0.982675525106131,0.988258933840098,0.993255520575187,0.997532238150355,1,0.99774584058729,0.994782473818429,0.990301657300489,0.985463823008786,0.979757818473119,0.97493207341695,0.968917385860928,0.963483937602882,0.958371058080808,0.952096664700854,0.945386210224081,0.939027431189482,0.932689180727438,0.921908603663505,0.906385812247349,0.882434108305195,0.847803150006343,0.763831651570218,0.524252725231076,0.168148025015421
0.718264035256332,0.882024350865748,0.921115230588494,0.940625169852525,0.953931765331686,0.962183214688915,0.970556869445393,0.97802568157428,0.983871888750158,0.989308662327396,0.994209554509688,0.99774584058729,1,0.997899657000402,0.994171576850159,0.989769121000445,0.984633141441314,0.980036125102504,0.974183732327947,0.969004829911175,0.964024799042335,0.958229134223693,0.951861720474688,0.945944569024181,0.939674079895136,0.929527295213807,0.914388539505075,0.891826712199309,0.857864194809076,0.775910066618607,0.537622555150874,0.176244225063404
0.707152057382136,0.874128368596651,0.91452052100929,0.934982565435362,0.948454802922215,0.956983773051323,0.965672989873878,0.973167893411238,0.979476679391087,0.985430707596524,0.990694336460621,0.994782473818429,0.997899657000402,1,0.997492999605072,0.99373717260854,0.989173120605313,0.984945534126514,0.979454972405222,0.974598331910962,0.969890487392814,0.9642216288584,0.958215402567225,0.952628662323275,0.946616655234637,0.936854648831993,0.922198439757115,0.90046378218243,0.867354323325774,0.786938775753984,0.549346878997155,0.189905066704247
0.694120973783927,0.863170172704655,0.905157729073054,0.927012073342708,0.940494015784185,0.949441253250018,0.958754432028683,0.966505510512905,0.973431708320062,0.979793261231234,0.985402961319446,0.990301657300489,0.994171576850159,0.997492999605072,1,0.997789633048562,0.994101631633654,0.990365330535188,0.9852381216404,0.980806224148623,0.976566296224416,0.971195149620004,0.965803487470013,0.960379829485333,0.954345267032691,0.944895998737432,0.931015410245952,0.910608829524278,0.878279226610408,0.799990750250138,0.564269542352765,0.202171543318348
0.684914669477048,0.854329845607532,0.896910989168709,0.919247004923331,0.932852832953205,0.942460104533772,0.951996614560439,0.959774585405334,0.967190497002119,0.973870577760784,0.980150234136522,0.985463823008786,0.989769121000445,0.99373717260854,0.997789633048562,1,0.997660832145746,0.994529250803052,0.990028851528461,0.986157634976578,0.982107266621932,0.977168430577549,0.971876736568113,0.966729089736138,0.960565556580706,0.951889194405919,0.938729570937779,0.918844978932714,0.886738835088471,0.810261062507559,0.575716857066628,0.211243119309172
0.675337366032506,0.843689262736881,0.886952078531007,0.909560555547815,0.923536771893825,0.934020702928733,0.944129022373054,0.952027487466352,0.9599011349766,0.966911491311718,0.973647868571275,0.979757818473119,0.984633141441314,0.989173120605313,0.994101631633654,0.997660832145746,1,0.998000144517894,0.994272485787952,0.990924857067345,0.987054089574138,0.982518290024334,0.977629299151627,0.972855858636725,0.966646476631095,0.958077208539865,0.945279525525972,0.925751951603345,0.894195091507468,0.819047624743667,0.584722599582354,0.220686447614901
0.665568436005016,0.834748584662529,0.879436281670091,0.902477907310164,0.916929858621103,0.927861528759547,0.938199848465965,0.946534373998968,0.954365512803242,0.961386273416809,0.968442353273739,0.97493207341695,0.980036125102504,0.984945534126514,0.990365330535188,0.994529250803052,0.998000144517894,1,0.997575678285814,0.994773616821551,0.991444583898771,0.987357051167528,0.982811544926153,0.978087567800392,0.971931536385539,0.963711261660104,0.951514164014832,0.932149445030933,0.901546921678076,0.827488142904485,0.59577633825948,0.230785794535757
0.653422092600836,0.822402942532043,0.869319429717159,0.893143352725428,0.907862302839352,0.919865180884519,0.930104540902955,0.938834185119754,0.947124024332573,0.954544043118431,0.961972578457338,0.968917385860928,0.974183732327947,0.979454972405222,0.9852381216404,0.990028851528461,0.994272485787952,0.997575678285814,1,0.998144913718768,0.995359157686415,0.991679989913469,0.987416467285054,0.983032852170645,0.976969696228176,0.968851190358079,0.957544631548397,0.938563640661387,0.909382283250074,0.837032427794313,0.607174498821198,0.244171267477035
0.646619653208306,0.813411552135757,0.860894561129178,0.884663029962176,0.899954890987732,0.912414105355418,0.922707309539429,0.931813576171318,0.940484443820579,0.948413675995521,0.956224970981176,0.963483937602882,0.969004829911175,0.974598331910962,0.980806224148623,0.986157634976578,0.990924857067345,0.994773616821551,0.998144913718768,1,0.997706978817037,0.994412822377017,0.990555202030972,0.986254731669186,0.980337361166397,0.972515157898112,0.961649569384173,0.943548365806115,0.915408294170495,0.845156246650184,0.617822144868483,0.247407889811266
0.63375997307855,0.802327331634853,0.850579136194992,0.875056461123711,0.890958116719088,0.903823337370215,0.915052423512555,0.925036463233457,0.934423269208557,0.942616938392001,0.950935123295088,0.958371058080808,0.964024799042335,0.969890487392814,0.976566296224416,0.982107266621932,0.987054089574138,0.991444583898771,0.995359157686415,0.997706978817037,1,0.997865816588293,0.994816219314967,0.991084453366805,0.985961233606503,0.978947781172763,0.968555282121421,0.951592579070121,0.924492539131364,0.856209175154787,0.632739312544662,0.258119039830726
0.620783411186204,0.790898933069962,0.839030125726004,0.864163787884647,0.881225065510803,0.894692299886516,0.906530475414182,0.917191523298218,0.927333747923146,0.935697140843511,0.944434681341531,0.952096664700854,0.958229134223693,0.9642216288584,0.971195149620004,0.977168430577549,0.982518290024334,0.987357051167528,0.991679989913469,0.994412822377017,0.997865816588293,1,0.997489348632701,0.994309876687875,0.989479027469751,0.983107613849345,0.973391313261949,0.957448790748425,0.931786943685777,0.866184766798663,0.646157449085144,0.265035765099496
0.604061389119896,0.775861387778307,0.825796484177936,0.851475337360593,0.869149926403723,0.883277583143853,0.89584786016183,0.907246328418874,0.918301188638769,0.927690507613926,0.937125053234084,0.945386210224081,0.951861720474688,0.958215402567225,0.965803487470013,0.971876736568113,0.977629299151627,0.982811544926153,0.987416467285054,0.990555202030972,0.994816219314967,0.997489348632701,1,0.997829749007082,0.993951010745385,0.988122354394106,0.979330877889408,0.964597954522461,0.940062619950617,0.876016998200688,0.658219265647693,0.274070901396495
0.593095249445203,0.764128031826868,0.81401111155764,0.840647960186094,0.859412648224294,0.874146837562259,0.887033879950654,0.898472468833984,0.910127120472747,0.919915091492275,0.930208498447387,0.939027431189482,0.945944569024181,0.952628662323275,0.960379829485333,0.966729089736138,0.972855858636725,0.978087567800392,0.983032852170645,0.986254731669186,0.991084453366805,0.994309876687875,0.997829749007082,1,0.997027239062397,0.991934204289029,0.984255425262865,0.970675495788609,0.947786046880012,0.886339741896394,0.671976224971759,0.28303895330804
0.578839134680855,0.751649840898997,0.801941685864652,0.829149164193652,0.84914689059279,0.864340992372808,0.877578643377572,0.889568166319895,0.902361189597107,0.912670244001599,0.923657328369366,0.932689180727438,0.939674079895136,0.946616655234637,0.954345267032691,0.960565556580706,0.966646476631095,0.971931536385539,0.976969696228176,0.980337361166397,0.985961233606503,0.989479027469751,0.993951010745385,0.997027239062397,1,0.996141922058345,0.989633383197591,0.977920533957338,0.956967028778231,0.897529747748118,0.687746608428379,0.299599799610973
0.561765493923897,0.732614656043387,0.783998282341927,0.810814931074004,0.832075777786528,0.848042775811127,0.861729192383923,0.874707429371372,0.888540742900953,0.899677078635668,0.912326418623459,0.921908603663505,0.929527295213807,0.936854648831993,0.944895998737432,0.951889194405919,0.958077208539865,0.963711261660104,0.968851190358079,0.972515157898112,0.978947781172763,0.983107613849345,0.988122354394106,0.991934204289029,0.996141922058345,1,0.995468481606351,0.986370909220329,0.968256752649983,0.915076946945648,0.716561750065355,0.311210876172691
0.537924661145766,0.709198312436917,0.760898947341482,0.788428660368552,0.8108544575415,0.826935278392002,0.841266443561348,0.855673603700202,0.870255448552002,0.882073455218162,0.896550035053149,0.906385812247349,0.914388539505075,0.922198439757115,0.931015410245952,0.938729570937779,0.945279525525972,0.951514164014832,0.957544631548397,0.961649569384173,0.968555282121421,0.973391313261949,0.979330877889408,0.984255425262865,0.989633383197591,0.995468481606351,1,0.993704969839427,0.979016897158937,0.930888035874665,0.744371348391166,0.333343248175658
0.509552276880874,0.678999628041287,0.729726726954643,0.758347771177054,0.781271255647067,0.797364731155945,0.812351948110076,0.82687520484284,0.842128775437094,0.854760932555579,0.871439389529696,0.882434108305195,0.891826712199309,0.90046378218243,0.910608829524278,0.918844978932714,0.925751951603345,0.932149445030933,0.938563640661387,0.943548365806115,0.951592579070121,0.957448790748425,0.964597954522461,0.970675495788609,0.977920533957338,0.986370909220329,0.993704969839427,1,0.989592427322249,0.950692812935164,0.783777016773342,0.359468934468088
0.473280135941302,0.637463997497945,0.687304999809784,0.715674624548337,0.740200083484016,0.756116250718596,0.771160597623669,0.787077501992005,0.803461459586542,0.817237777473603,0.836097056467561,0.847803150006343,0.857864194809076,0.867354323325774,0.878279226610408,0.886738835088471,0.894195091507468,0.901546921678076,0.909382283250074,0.915408294170495,0.924492539131364,0.931786943685777,0.940062619950617,0.947786046880012,0.956967028778231,0.968256752649983,0.979016897158937,0.989592427322249,1,0.971122277209084,0.821470599836531,0.403714707423951
0.393765005525636,0.545326406236676,0.593433630128647,0.622930182518564,0.646518965220712,0.661761530936625,0.677903968454576,0.694081046653004,0.712486929504098,0.729091141111192,0.75050797512746,0.763831651570218,0.775910066618607,0.786938775753984,0.799990750250138,0.810261062507559,0.819047624743667,0.827488142904485,0.837032427794313,0.845156246650184,0.856209175154787,0.866184766798663,0.876016998200688,0.886339741896394,0.897529747748118,0.915076946945648,0.930888035874665,0.950692812935164,0.971122277209084,1,0.893334425407289,0.458831824700848
0.208106392346979,0.321719568526882,0.352947434559669,0.379463556226597,0.405188970882044,0.41712638913721,0.431729685833865,0.449585972278527,0.467993461305571,0.485961999905268,0.511026757610716,0.524252725231076,0.537622555150874,0.549346878997155,0.564269542352765,0.575716857066628,0.584722599582354,0.59577633825948,0.607174498821198,0.617822144868483,0.632739312544662,0.646157449085144,0.658219265647693,0.671976224971759,0.687746608428379,0.716561750065355,0.744371348391166,0.783777016773342,0.821470599836531,0.893334425407289,1,0.544987412370606
-0.0223758267902705,0.0467699556605922,0.0679171357109205,0.0947399061879598,0.10822321901767,0.112634498492817,0.119812346657799,0.126633305317078,0.137178659518117,0.148887698893943,0.16218408156673,0.168148025015421,0.176244225063404,0.189905066704247,0.202171543318348,0.211243119309172,0.220686447614901,0.230785794535757,0.244171267477035,0.247407889811266,0.258119039830726,0.265035765099496,0.274070901396495,0.28303895330804,0.299599799610973,0.311210876172691,0.333343248175658,0.359468934468088,0.403714707423951,0.458831824700848,0.544987412370606,1
