1,0.895017153711874,0.87277170607296,0.856760529575886,0.843298546104389,0.835106332828592,0.829518338766157,0.821203213728619,0.812372518546965,0.8058126455148,0.79901983380552,0.791595964887622,0.783304640595379,0.77609561572366,0.771141047036233,0.764655354500795,0.756369123064557,0.749081246320071,0.740098632520767,0.729636332978756,0.719771277279911,0.711529170218865,0.702115940948843,0.693101600468473,0.676829523683557,0.661517904225119,0.651545252214728,0.631499155451748,0.599170226311773,0.525428772796416,0.359963500761011,-0.043064666821152
0.895017153711874,1,0.985709440512969,0.976248265549227,0.967673933599647,0.961835876522196,0.957415124537979,0.952023398430534,0.945613086875393,0.939544388004717,0.933187503250682,0.926541600284354,0.919399931063484,0.913135033956752,0.907892677359505,0.901558192846149,0.895221700768068,0.889257086583831,0.88292661030467,0.873735477201013,0.866373733595078,0.859183873142394,0.851585730157374,0.843246184553609,0.829242649273737,0.815527635047804,0.806113168272518,0.786205521237356,0.755387566386322,0.686002408943765,0.5020622794896,0.0389142227566577
0.87277170607296,0.985709440512969,1,0.992386614809762,0.985976644946122,0.980554643662501,0.976469582810705,0.97085168697022,0.964663956264409,0.958805038476693,0.952475314136415,0.94583844383163,0.939045648106388,0.932961017207446,0.928007111157717,0.922046965814556,0.916180681192665,0.910303946988174,0.904142265623543,0.895776224526415,0.888664464028243,0.881615331637941,0.873979612901867,0.8665818969433,0.85391060726593,0.841353257146859,0.831961172423104,0.812159693197262,0.782279309001612,0.712857930028388,0.524378886478178,0.0521622614431344
0.856760529575886,0.976248265549227,0.992386614809762,1,0.994427064912367,0.989894217488466,0.985861576757772,0.980632406169909,0.97455463998554,0.968588265991695,0.962518117400428,0.956002172814995,0.949638513261271,0.944202343787702,0.939416563198956,0.934239365387915,0.928970854730292,0.92343111444999,0.918053618759818,0.910372397344275,0.903813175069794,0.897235158375256,0.889931539117291,0.883143088144551,0.870676096284259,0.858429147565723,0.848897664622427,0.829699861279911,0.801627119271088,0.732588145853805,0.547090509077234,0.0762352147356535
0.843298546104389,0.967673933599647,0.985976644946122,0.994427064912367,1,0.99622949688711,0.992834298897666,0.988167326618224,0.983101229837781,0.977774163930715,0.972514912259778,0.966313117291541,0.960534605960809,0.955853221320449,0.951449630009778,0.946780604989863,0.942025820085388,0.936864787619034,0.931632312588124,0.924657584249054,0.918491763193854,0.912329734081435,0.905172452498948,0.89864398753737,0.887432670620848,0.876325799205988,0.867369062811108,0.849113922180696,0.822537032304265,0.756647378848328,0.568951248371432,0.0971484695312678
0.835106332828592,0.961835876522196,0.980554643662501,0.989894217488466,0.99622949688711,1,0.997186187955556,0.993318808700177,0.988603627560049,0.983506846986919,0.978837329837534,0.97309511721848,0.968026359049818,0.963348552762457,0.959105187415166,0.95446589958772,0.949871932465318,0.94511373167372,0.939866433528853,0.933408572799773,0.927528434807598,0.921793876091649,0.915312910856163,0.909066067734686,0.89821382063145,0.887394844134885,0.879011948203126,0.861202384370289,0.835956833150994,0.7705772304114,0.582307592664653,0.108182172197507
0.829518338766157,0.957415124537979,0.976469582810705,0.985861576757772,0.992834298897666,0.997186187955556,1,0.997129878188591,0.992733827254999,0.987989429639673,0.983527219303281,0.978314006647716,0.973534287059772,0.969280450939715,0.965391114288405,0.961053709222526,0.956706342817543,0.952124864633883,0.946949649007566,0.940925488070367,0.935570182828797,0.92999769417155,0.923831386080581,0.917814004045167,0.907646346376462,0.89722356251036,0.888796213996647,0.871575427368663,0.846789819795227,0.781581968691283,0.591606776149109,0.116587249317066
0.821203213728619,0.952023398430534,0.97085168697022,0.980632406169909,0.988167326618224,0.993318808700177,0.997129878188591,1,0.997175607954799,0.993263195223302,0.989347110573198,0.984852073220617,0.980644634100891,0.976939367123012,0.973236061411983,0.969065888362705,0.964881295081825,0.960463619490308,0.955661776429738,0.950338563352357,0.945020419038055,0.939866742766112,0.934107831044562,0.92857819808522,0.918974315831193,0.909260663384011,0.901127501551428,0.885417774264609,0.861716532798544,0.797891574539044,0.608728792292753,0.131058943378184
0.812372518546965,0.945613086875393,0.964663956264409,0.97455463998554,0.983101229837781,0.988603627560049,0.992733827254999,0.997175607954799,1,0.997720173116132,0.994609621680415,0.990946642438545,0.987461660954298,0.984115367897028,0.980712506352568,0.976893472881416,0.972515777896875,0.968296684185816,0.963683950933813,0.958767860124208,0.95374064971337,0.948864372453173,0.943443960457937,0.938226715129781,0.929145494857644,0.91990900321748,0.912177315512517,0.897894685301876,0.874793022074075,0.814340572554094,0.628775749493154,0.15175253958727
0.8058126455148,0.939544388004717,0.958805038476693,0.968588265991695,0.977774163930715,0.983506846986919,0.987989429639673,0.993263195223302,0.997720173116132,1,0.998054992124466,0.99516281487663,0.992053529550817,0.988898279184594,0.985657949246581,0.982314607106012,0.978299720110871,0.974447949474188,0.969928916221578,0.965421584691243,0.960631584763486,0.955969079233017,0.950843962009333,0.945885547683091,0.937017036083106,0.928214589268338,0.921086683614616,0.9073410586734,0.884328857426214,0.825501027441791,0.642375480502685,0.163065674635771
0.79901983380552,0.933187503250682,0.952475314136415,0.962518117400428,0.972514912259778,0.978837329837534,0.983527219303281,0.989347110573198,0.994609621680415,0.998054992124466,1,0.998157271141633,0.995575316300435,0.992728492935219,0.98992462999117,0.986791085545476,0.982932269989391,0.9792683037836,0.975145561992201,0.971005719428921,0.966420543046255,0.96239190338193,0.957647701754674,0.952928600363784,0.944453120729279,0.935877308986614,0.929095742334051,0.915622725910888,0.893731809642452,0.837209970998119,0.656226892531951,0.175487914618059
0.791595964887622,0.926541600284354,0.94583844383163,0.956002172814995,0.966313117291541,0.97309511721848,0.978314006647716,0.984852073220617,0.990946642438545,0.99516281487663,0.998157271141633,1,0.998292007327852,0.995854082450378,0.993216550186726,0.990471007391233,0.986937761667039,0.983540423520575,0.979743035122565,0.975958660504434,0.971827582068221,0.968153907924105,0.963759622889597,0.959284822363176,0.951162212922562,0.943276475330511,0.936950380763414,0.923617332804437,0.902591110019838,0.84734585167271,0.667587364126401,0.185975892946063
0.783304640595379,0.919399931063484,0.939045648106388,0.949638513261271,0.960534605960809,0.968026359049818,0.973534287059772,0.980644634100891,0.987461660954298,0.992053529550817,0.995575316300435,0.998292007327852,1,0.998467683120056,0.996404489764396,0.994033208179996,0.990852302215013,0.987910120063626,0.984571745690767,0.981186925132359,0.977574901926392,0.974181085742872,0.970101331247148,0.965894019053472,0.958520963274107,0.95140873211691,0.945203080475315,0.932649736858459,0.912469535741047,0.858456417151477,0.679279716044667,0.199187541840065
0.77609561572366,0.913135033956752,0.932961017207446,0.944202343787702,0.955853221320449,0.963348552762457,0.969280450939715,0.976939367123012,0.984115367897028,0.988898279184594,0.992728492935219,0.995854082450378,0.998467683120056,1,0.998584101205454,0.996519131812641,0.99356755001868,0.990898822386786,0.987893883851828,0.984764332651003,0.981425186913008,0.978330103988905,0.974429502064358,0.970542731416886,0.963512509240763,0.956426007491423,0.950106241657878,0.938203910834488,0.918499097160927,0.86475906548811,0.686074171172291,0.206666105188788
0.771141047036233,0.907892677359505,0.928007111157717,0.939416563198956,0.951449630009778,0.959105187415166,0.965391114288405,0.973236061411983,0.980712506352568,0.985657949246581,0.98992462999117,0.993216550186726,0.996404489764396,0.998584101205454,1,0.998512211803552,0.996147042674051,0.993753623600531,0.991109121949059,0.988016565770868,0.984933711341092,0.982142691741042,0.978373467464759,0.97472027289705,0.968027477024731,0.961311143504353,0.954891352034017,0.943405773822727,0.923706753619199,0.870349829966239,0.692642884646411,0.214251917764968
0.764655354500795,0.901558192846149,0.922046965814556,0.934239365387915,0.946780604989863,0.95446589958772,0.961053709222526,0.969065888362705,0.976893472881416,0.982314607106012,0.986791085545476,0.990471007391233,0.994033208179996,0.996519131812641,0.998512211803552,1,0.998566559778265,0.99651663791707,0.994263254382983,0.991606277718802,0.988832714288747,0.98630676583876,0.98271383570118,0.979318733890966,0.972923281500747,0.966556785144654,0.960469137575634,0.949124173857894,0.929965607677723,0.878036605005764,0.701661808417196,0.22338330486317
0.756369123064557,0.895221700768068,0.916180681192665,0.928970854730292,0.942025820085388,0.949871932465318,0.956706342817543,0.964881295081825,0.972515777896875,0.978299720110871,0.982932269989391,0.986937761667039,0.990852302215013,0.99356755001868,0.996147042674051,0.998566559778265,1,0.998523536312419,0.996494488796097,0.994213017064096,0.991722311460116,0.989422147097378,0.985978577822685,0.982636228825169,0.976393978202863,0.970133547266808,0.964247300478098,0.953111845593529,0.93434378690643,0.882835126270736,0.707192465158524,0.229840785660772
0.749081246320071,0.889257086583831,0.910303946988174,0.92343111444999,0.936864787619034,0.94511373167372,0.952124864633883,0.960463619490308,0.968296684185816,0.974447949474188,0.9792683037836,0.983540423520575,0.987910120063626,0.990898822386786,0.993753623600531,0.99651663791707,0.998523536312419,1,0.998442585422524,0.996428779914444,0.994238323988892,0.99187702452751,0.988673116288865,0.985644976821409,0.979892825545309,0.9739669604058,0.968295046393619,0.957850139174798,0.939768368767135,0.888554638185969,0.713763334887835,0.238105327255857
0.740098632520767,0.88292661030467,0.904142265623543,0.918053618759818,0.931632312588124,0.939866433528853,0.946949649007566,0.955661776429738,0.963683950933813,0.969928916221578,0.975145561992201,0.979743035122565,0.984571745690767,0.987893883851828,0.991109121949059,0.994263254382983,0.996494488796097,0.998442585422524,1,0.99837627448238,0.996511540341954,0.994291166079221,0.991280197060973,0.988698212902124,0.983580474601978,0.977931688674896,0.972537387042338,0.96284994450198,0.945288772640818,0.894623923423344,0.721750166937105,0.24657274766575
0.729636332978756,0.873735477201013,0.895776224526415,0.910372397344275,0.924657584249054,0.933408572799773,0.940925488070367,0.950338563352357,0.958767860124208,0.965421584691243,0.971005719428921,0.975958660504434,0.981186925132359,0.984764332651003,0.988016565770868,0.991606277718802,0.994213017064096,0.996428779914444,0.99837627448238,1,0.998581928963967,0.996722358575364,0.994178228792618,0.991744890006792,0.987312745969639,0.981929864329319,0.97686768434916,0.967771863259223,0.951048786897654,0.903343944068955,0.732500247316897,0.258889429594039
0.719771277279911,0.866373733595078,0.888664464028243,0.903813175069794,0.918491763193854,0.927528434807598,0.935570182828797,0.945020419038055,0.95374064971337,0.960631584763486,0.966420543046255,0.971827582068221,0.977574901926392,0.981425186913008,0.984933711341092,0.988832714288747,0.991722311460116,0.994238323988892,0.996511540341954,0.998581928963967,1,0.99854653382186,0.996403812810052,0.994210607361208,0.990373161319745,0.985504410199883,0.980654109171605,0.972139298879237,0.956048610769331,0.909128414364515,0.740919162390355,0.270155975330806
0.711529170218865,0.859183873142394,0.881615331637941,0.897235158375256,0.912329734081435,0.921793876091649,0.92999769417155,0.939866742766112,0.948864372453173,0.955969079233017,0.96239190338193,0.968153907924105,0.974181085742872,0.978330103988905,0.982142691741042,0.98630676583876,0.989422147097378,0.99187702452751,0.994291166079221,0.996722358575364,0.99854653382186,1,0.998480702963663,0.996341400897881,0.993011890970965,0.988745476230108,0.98407854632949,0.975794974677482,0.960370613307225,0.916268576409083,0.751449453372731,0.278711075137161
0.702115940948843,0.851585730157374,0.873979612901867,0.889931539117291,0.905172452498948,0.915312910856163,0.923831386080581,0.934107831044562,0.943443960457937,0.950843962009333,0.957647701754674,0.963759622889597,0.970101331247148,0.974429502064358,0.978373467464759,0.98271383570118,0.985978577822685,0.988673116288865,0.991280197060973,0.994178228792618,0.996403812810052,0.998480702963663,1,0.998419179376636,0.995668327539526,0.991838710724033,0.987309441362851,0.979251266938599,0.964704954186912,0.922951654157002,0.763086050582242,0.284715713220672
0.693101600468473,0.843246184553609,0.8665818969433,0.883143088144551,0.89864398753737,0.909066067734686,0.917814004045167,0.92857819808522,0.938226715129781,0.945885547683091,0.952928600363784,0.959284822363176,0.965894019053472,0.970542731416886,0.97472027289705,0.979318733890966,0.982636228825169,0.985644976821409,0.988698212902124,0.991744890006792,0.994210607361208,0.996341400897881,0.998419179376636,1,0.997799494831806,0.994423098180592,0.990315521246278,0.982835868561786,0.969617960935654,0.928803368921007,0.772561514732474,0.295316758391215
0.676829523683557,0.829242649273737,0.85391060726593,0.870676096284259,0.887432670620848,0.89821382063145,0.907646346376462,0.918974315831193,0.929145494857644,0.937017036083106,0.944453120729279,0.951162212922562,0.958520963274107,0.963512509240763,0.968027477024731,0.972923281500747,0.976393978202863,0.979892825545309,0.983580474601978,0.987312745969639,0.990373161319745,0.993011890970965,0.995668327539526,0.997799494831806,1,0.997588921852931,0.993909488430189,0.987347671104589,0.975396608812509,0.937386158176597,0.783983728903558,0.310441938493836
0.661517904225119,0.815527635047804,0.841353257146859,0.858429147565723,0.876325799205988,0.887394844134885,0.89722356251036,0.909260663384011,0.91990900321748,0.928214589268338,0.935877308986614,0.943276475330511,0.95140873211691,0.956426007491423,0.961311143504353,0.966556785144654,0.970133547266808,0.9739669604058,0.977931688674896,0.981929864329319,0.985504410199883,0.988745476230108,0.991838710724033,0.994423098180592,0.997588921852931,1,0.997134782682721,0.991324845124602,0.980767440079463,0.94672722188804,0.79875095937904,0.331344678434646
0.651545252214728,0.806113168272518,0.831961172423104,0.848897664622427,0.867369062811108,0.879011948203126,0.888796213996647,0.901127501551428,0.912177315512517,0.921086683614616,0.929095742334051,0.936950380763414,0.945203080475315,0.950106241657878,0.954891352034017,0.960469137575634,0.964247300478098,0.968295046393619,0.972537387042338,0.97686768434916,0.980654109171605,0.98407854632949,0.987309441362851,0.990315521246278,0.993909488430189,0.997134782682721,1,0.994897049998509,0.985603862760451,0.953349567709915,0.808941356558941,0.347831091052179
0.631499155451748,0.786205521237356,0.812159693197262,0.829699861279911,0.849113922180696,0.861202384370289,0.871575427368663,0.885417774264609,0.897894685301876,0.9073410586734,0.915622725910888,0.923617332804437,0.932649736858459,0.938203910834488,0.943405773822727,0.949124173857894,0.953111845593529,0.957850139174798,0.96284994450198,0.967771863259223,0.972139298879237,0.975794974677482,0.979251266938599,0.982835868561786,0.987347671104589,0.991324845124602,0.994897049998509,1,0.992575003180488,0.963136571324936,0.824441831382279,0.37255956641996
0.599170226311773,0.755387566386322,0.782279309001612,0.801627119271088,0.822537032304265,0.835956833150994,0.846789819795227,0.861716532798544,0.874793022074075,0.884328857426214,0.893731809642452,0.902591110019838,0.912469535741047,0.918499097160927,0.923706753619199,0.929965607677723,0.93434378690643,0.939768368767135,0.945288772640818,0.951048786897654,0.956048610769331,0.960370613307225,0.964704954186912,0.969617960935654,0.975396608812509,0.980767440079463,0.985603862760451,0.992575003180488,1,0.976392875170537,0.847515972980874,0.402554103073537
0.525428772796416,0.686002408943765,0.712857930028388,0.732588145853805,0.756647378848328,0.7705772304114,0.781581968691283,0.797891574539044,0.814340572554094,0.825501027441791,0.837209970998119,0.84734585167271,0.858456417151477,0.86475906548811,0.870349829966239,0.878036605005764,0.882835126270736,0.888554638185969,0.894623923423344,0.903343944068955,0.909128414364515,0.916268576409083,0.922951654157002,0.928803368921007,0.937386158176597,0.94672722188804,0.953349567709915,0.963136571324936,0.976392875170537,1,0.906702968573579,0.473974811152225
0.359963500761011,0.5020622794896,0.524378886478178,0.547090509077234,0.568951248371432,0.582307592664653,0.591606776149109,0.608728792292753,0.628775749493154,0.642375480502685,0.656226892531951,0.667587364126401,0.679279716044667,0.686074171172291,0.692642884646411,0.701661808417196,0.707192465158524,0.713763334887835,0.721750166937105,0.732500247316897,0.740919162390355,0.751449453372731,0.763086050582242,0.772561514732474,0.783983728903558,0.79875095937904,0.808941356558941,0.824441831382279,0.847515972980874,0.906702968573579,1,0.600814658236804
-0.043064666821152,0.0389142227566577,0.0521622614431344,0.0762352147356535,0.0971484695312678,0.108182172197507,0.116587249317066,0.131058943378184,0.15175253958727,0.163065674635771,0.175487914618059,0.185975892946063,0.199187541840065,0.206666105188788,0.214251917764968,0.22338330486317,0.229840785660772,0.238105327255857,0.24657274766575,0.258889429594039,0.270155975330806,0.278711075137161,0.284715713220672,0.295316758391215,0.310441938493836,0.331344678434646,0.347831091052179,0.37255956641996,0.402554103073537,0.473974811152225,0.600814658236804,1
