1,0.804362771627404,0.7628546207582,0.736408599031192,0.721015794668163,0.708277374076688,0.693206184322913,0.683974452623936,0.676705827228263,0.661441279229248,0.650846869598689,0.638551145817966,0.629892401282045,0.617880854753431,0.607690176249451,0.595174873590991,0.586480956646849,0.571837200448533,0.564634559158282,0.54533283790319,0.532417015184105,0.51393158988921,0.504892863528385,0.49282986974441,0.476470457284455,0.453921819966901,0.431824176469884,0.396699335926351,0.35358949100438,0.164212168137237,0.0392415556730111,-0.0478146904605726
0.804362771627404,1,0.969358748775315,0.950784625077016,0.937199497055808,0.9253146645351,0.913041092444069,0.905168261234525,0.8992024020252,0.891608759777311,0.884521936283672,0.87560962329506,0.868798558576177,0.858995222769092,0.849793139100152,0.839120351908762,0.8304618139693,0.819484777354435,0.810704472339399,0.794543893264343,0.783995331036578,0.769072214699234,0.760153501617969,0.747045948426575,0.733043702027508,0.712596625542055,0.692144062111019,0.658984247013332,0.611423143151359,0.387106581271715,0.234519343481691,0.0883380007203208
0.7628546207582,0.969358748775315,1,0.985320060799419,0.972779841344445,0.963732784265507,0.953172656367263,0.945534637555104,0.939649701352538,0.933560703343537,0.927304970412438,0.918678242042315,0.912645854132744,0.903873620613074,0.89590553386417,0.886699533116953,0.879633858610941,0.869088621475597,0.860395108771429,0.846262906200717,0.838854299292621,0.82621859971002,0.818562299167274,0.80702547633874,0.794540521783245,0.775628808242616,0.757119386237138,0.726626058225414,0.679216300395493,0.450070928325252,0.291098853242812,0.116859747037864
0.736408599031192,0.950784625077016,0.985320060799419,1,0.9897163436935,0.981294024862996,0.972603124631003,0.966588022986899,0.961267745363799,0.956114165471683,0.950182556512726,0.942745567167095,0.937160127121308,0.928939274168265,0.921868980875677,0.913046616712104,0.906066668129153,0.896121293803032,0.887683540951186,0.874732854641158,0.867494493870405,0.855394379845556,0.847997010381502,0.836931791440165,0.824632507898617,0.806426925437616,0.788135024085981,0.758864179095628,0.710857636841885,0.476596573016645,0.314408234039844,0.128600772999452
0.721015794668163,0.937199497055808,0.972779841344445,0.9897163436935,1,0.993138349821356,0.985999134376645,0.980414518931414,0.975491471310264,0.970509105540828,0.964645114819158,0.957315460075549,0.952042414815259,0.944489766076524,0.93766310353684,0.929583509828313,0.923264668862016,0.914224542031768,0.906611919502441,0.89488099583093,0.88774698062313,0.876226170583161,0.869080882651068,0.858682483125684,0.846916086447362,0.828528277553725,0.81093538608753,0.78272794632772,0.735712464231142,0.505227439700346,0.337622895322966,0.144757533136105
0.708277374076688,0.9253146645351,0.963732784265507,0.981294024862996,0.993138349821356,1,0.994360450579311,0.98949342563343,0.9843172721554,0.979965185430309,0.97408837108001,0.967350372260419,0.962231949167513,0.954830946721271,0.948338170606704,0.940485771212762,0.934365846529119,0.926099596847743,0.919446408824905,0.908903083069248,0.901935721630874,0.890607349341044,0.883854797421744,0.874362613898205,0.863570934593908,0.846391898424011,0.829776767270786,0.803963744499503,0.759729255313963,0.532900508284575,0.365966950320026,0.163557857467701
0.693206184322913,0.913041092444069,0.953172656367263,0.972603124631003,0.985999134376645,0.994360450579311,1,0.996014658990595,0.991506571504173,0.987808950925143,0.982913093905758,0.977595189547599,0.973177127127368,0.96639438600397,0.960403985508326,0.952931168254627,0.947493432900201,0.939959870402992,0.9336387609481,0.924073335542067,0.917349754460555,0.906741854220715,0.900125277524391,0.890697975347909,0.880992486832843,0.864217276087866,0.848758502867441,0.82430236474987,0.781108496048593,0.551313067237948,0.38768337594221,0.182921708258842
0.683974452623936,0.905168261234525,0.945534637555104,0.966588022986899,0.980414518931414,0.98949342563343,0.996014658990595,1,0.996087099303226,0.992309050178049,0.987393133317114,0.982046760897955,0.97737923347821,0.971539705712818,0.966186799411402,0.959212514286027,0.95388461511351,0.946907912168181,0.940837165475819,0.932002830618672,0.925110004297191,0.915013879511779,0.9084997182305,0.899040264830422,0.889350788956975,0.873103771760686,0.858198971231326,0.833772684876394,0.790637295178883,0.558648688324952,0.393983967880109,0.185464849426928
0.676705827228263,0.8992024020252,0.939649701352538,0.961267745363799,0.975491471310264,0.9843172721554,0.991506571504173,0.996087099303226,1,0.99671265305415,0.992436599720418,0.987903064389667,0.983308609283154,0.977900889497022,0.972806105201485,0.966127880350509,0.96109182752087,0.954067475339696,0.948158497448615,0.93961587248845,0.93273013861195,0.922879409439922,0.916683282372166,0.907217191160402,0.897825038567713,0.88221151148675,0.867359421601042,0.843663487956109,0.80062327056641,0.567134814810277,0.403224289546738,0.19152738658407
0.661441279229248,0.891608759777311,0.933560703343537,0.956114165471683,0.970509105540828,0.979965185430309,0.987808950925143,0.992309050178049,0.99671265305415,1,0.996822109223004,0.992711243474116,0.988242238214774,0.982954708134011,0.977944746804284,0.971448891520106,0.966548255564884,0.959713767191675,0.953531153463479,0.945744107968872,0.939138200121,0.929852898046549,0.92367320512129,0.914794252719848,0.90580005194224,0.891387784326441,0.876977169270873,0.854593780169101,0.812153078568711,0.582715774649842,0.421130852299942,0.201613732153755
0.650846869598689,0.884521936283672,0.927304970412438,0.950182556512726,0.964645114819158,0.97408837108001,0.982913093905758,0.987393133317114,0.992436599720418,0.996822109223004,1,0.996925081121376,0.993207213985791,0.98884509060997,0.984113679691004,0.977876586374793,0.972984359189329,0.96630647215918,0.960385092397323,0.953327356838908,0.947007021690782,0.938110351127791,0.93216320790294,0.923795763600328,0.915595319033284,0.901718788427517,0.888001712597767,0.866275202472431,0.824409972548304,0.597038068263179,0.438722063345311,0.21449586918531
0.638551145817966,0.87560962329506,0.918678242042315,0.942745567167095,0.957315460075549,0.967350372260419,0.977595189547599,0.982046760897955,0.987903064389667,0.992711243474116,0.996925081121376,1,0.99727795636979,0.992820656960565,0.988433755270509,0.983023828710054,0.978352888672399,0.972373086247459,0.967158995615345,0.960419977803417,0.954398165129256,0.946123800315196,0.940352722902885,0.932402708917939,0.924840048449296,0.911463751396485,0.898234155851005,0.877250899141111,0.836699488328212,0.611253669166907,0.455971135302957,0.229298638284475
0.629892401282045,0.868798558576177,0.912645854132744,0.937160127121308,0.952042414815259,0.962231949167513,0.973177127127368,0.97737923347821,0.983308609283154,0.988242238214774,0.993207213985791,0.99727795636979,1,0.996710059986667,0.992987315809652,0.988190613462278,0.98408355536677,0.978361147576945,0.973310440638411,0.966535760506034,0.960626246435648,0.952721487481292,0.94715042867601,0.939404189430433,0.931950824981618,0.918467737531944,0.905551415539267,0.884922969265265,0.845158296258422,0.619165054552369,0.466284044619353,0.234692060099986
0.617880854753431,0.858995222769092,0.903873620613074,0.928939274168265,0.944489766076524,0.954830946721271,0.96639438600397,0.971539705712818,0.977900889497022,0.982954708134011,0.98884509060997,0.992820656960565,0.996710059986667,1,0.997588396722876,0.993850669257313,0.989793112679028,0.984418533656778,0.97977995072175,0.973723150578608,0.967988823129013,0.960566195731688,0.954884188158874,0.947855382476617,0.940577841692271,0.928101116043288,0.9159766417463,0.896040925648215,0.857630366307228,0.631559872808506,0.4807411914399,0.248868092650708
0.607690176249451,0.849793139100152,0.89590553386417,0.921868980875677,0.93766310353684,0.948338170606704,0.960403985508326,0.966186799411402,0.972806105201485,0.977944746804284,0.984113679691004,0.988433755270509,0.992987315809652,0.997588396722876,1,0.997514641460324,0.994030634251218,0.989298062425149,0.985052135824615,0.979672242359612,0.9743070858429,0.967162334578007,0.96178759226718,0.955397070055965,0.948026830039227,0.936537525405576,0.924828592717549,0.904832715973817,0.867641834280021,0.64366294759973,0.494955187175511,0.261100427072464
0.595174873590991,0.839120351908762,0.886699533116953,0.913046616712104,0.929583509828313,0.940485771212762,0.952931168254627,0.959212514286027,0.966127880350509,0.971448891520106,0.977876586374793,0.983023828710054,0.988190613462278,0.993850669257313,0.997514641460324,1,0.997678976067253,0.99405915919618,0.990356403075705,0.985414165035362,0.980478081561662,0.973967558105812,0.968702190838443,0.962903197460027,0.955666009428402,0.945051964633071,0.934365084121816,0.915251944217903,0.87983730766551,0.656434505713178,0.51023322827682,0.276367467100267
0.586480956646849,0.8304618139693,0.879633858610941,0.906066668129153,0.923264668862016,0.934365846529119,0.947493432900201,0.95388461511351,0.96109182752087,0.966548255564884,0.972984359189329,0.978352888672399,0.98408355536677,0.989793112679028,0.994030634251218,0.997678976067253,1,0.99745471088285,0.994140922769051,0.989719799781614,0.985201234550995,0.979271665964755,0.974065467133422,0.968481886967787,0.961886934828295,0.951711392999671,0.941621406450648,0.923697838216967,0.889216514231869,0.666652309322145,0.522099324266971,0.285987744591483
0.571837200448533,0.819484777354435,0.869088621475597,0.896121293803032,0.914224542031768,0.926099596847743,0.939959870402992,0.946907912168181,0.954067475339696,0.959713767191675,0.96630647215918,0.972373086247459,0.978361147576945,0.984418533656778,0.989298062425149,0.99405915919618,0.99745471088285,1,0.997426391374062,0.993810332973967,0.989870373253153,0.984496811191654,0.979736500172492,0.974545794326643,0.968524644379787,0.959142638785704,0.94966636461897,0.933063699139378,0.899939659676723,0.680922027255386,0.53920324086754,0.300529226849565
0.564634559158282,0.810704472339399,0.860395108771429,0.887683540951186,0.906611919502441,0.919446408824905,0.9336387609481,0.940837165475819,0.948158497448615,0.953531153463479,0.960385092397323,0.967158995615345,0.973310440638411,0.97977995072175,0.985052135824615,0.990356403075705,0.994140922769051,0.997426391374062,1,0.997456356994094,0.993962446714923,0.98897536003385,0.984175859224346,0.979065120481656,0.973046952134887,0.96385652497745,0.954785974652683,0.938866435593179,0.906551713971152,0.686879729107076,0.546329371213576,0.30503959009186
0.54533283790319,0.794543893264343,0.846262906200717,0.874732854641158,0.89488099583093,0.908903083069248,0.924073335542067,0.932002830618672,0.93961587248845,0.945744107968872,0.953327356838908,0.960419977803417,0.966535760506034,0.973723150578608,0.979672242359612,0.985414165035362,0.989719799781614,0.993810332973967,0.997456356994094,1,0.99736847413577,0.993162105561233,0.988750529665014,0.984134159859977,0.978135144677366,0.969523114027145,0.961111174248997,0.945742803494278,0.914423117567754,0.698913281094423,0.559454246977478,0.315006257998731
0.532417015184105,0.783995331036578,0.838854299292621,0.867494493870405,0.88774698062313,0.901935721630874,0.917349754460555,0.925110004297191,0.93273013861195,0.939138200121,0.947007021690782,0.954398165129256,0.960626246435648,0.967988823129013,0.9743070858429,0.980478081561662,0.985201234550995,0.989870373253153,0.993962446714923,0.99736847413577,1,0.997181832491392,0.993175017313681,0.988909976134103,0.983312209248588,0.975152663181787,0.967390291942132,0.952858489856322,0.922591289503758,0.708083577928506,0.569239226863409,0.325161054769366
0.51393158988921,0.769072214699234,0.82621859971002,0.855394379845556,0.876226170583161,0.890607349341044,0.906741854220715,0.915013879511779,0.922879409439922,0.929852898046549,0.938110351127791,0.946123800315196,0.952721487481292,0.960566195731688,0.967162334578007,0.973967558105812,0.979271665964755,0.984496811191654,0.98897536003385,0.993162105561233,0.997181832491392,1,0.997277277368203,0.993814095268246,0.988651752558112,0.981497920495875,0.974297874442429,0.960805702484717,0.931973596278109,0.72057114373061,0.583335330853529,0.336885565533499
0.504892863528385,0.760153501617969,0.818562299167274,0.847997010381502,0.869080882651068,0.883854797421744,0.900125277524391,0.9084997182305,0.916683282372166,0.92367320512129,0.93216320790294,0.940352722902885,0.94715042867601,0.954884188158874,0.96178759226718,0.968702190838443,0.974065467133422,0.979736500172492,0.984175859224346,0.988750529665014,0.993175017313681,0.997277277368203,1,0.9971832300687,0.992351428758632,0.985529390493944,0.977982501184184,0.964275357741918,0.934794747850189,0.724117902202901,0.587488327183129,0.343806758598826
0.49282986974441,0.747045948426575,0.80702547633874,0.836931791440165,0.858682483125684,0.874362613898205,0.890697975347909,0.899040264830422,0.907217191160402,0.914794252719848,0.923795763600328,0.932402708917939,0.939404189430433,0.947855382476617,0.955397070055965,0.962903197460027,0.968481886967787,0.974545794326643,0.979065120481656,0.984134159859977,0.988909976134103,0.993814095268246,0.9971832300687,1,0.996279959410882,0.990122609506518,0.983244845360215,0.970137984349426,0.943093308724183,0.740466676540573,0.606877883415219,0.357823296686694
0.476470457284455,0.733043702027508,0.794540521783245,0.824632507898617,0.846916086447362,0.863570934593908,0.880992486832843,0.889350788956975,0.897825038567713,0.90580005194224,0.915595319033284,0.924840048449296,0.931950824981618,0.940577841692271,0.948026830039227,0.955666009428402,0.961886934828295,0.968524644379787,0.973046952134887,0.978135144677366,0.983312209248588,0.988651752558112,0.992351428758632,0.996279959410882,1,0.995430911542473,0.989393413004711,0.978452324332688,0.953841319899667,0.754109456171063,0.626916416899737,0.38487195585279
0.453921819966901,0.712596625542055,0.775628808242616,0.806426925437616,0.828528277553725,0.846391898424011,0.864217276087866,0.873103771760686,0.88221151148675,0.891387784326441,0.901718788427517,0.911463751396485,0.918467737531944,0.928101116043288,0.936537525405576,0.945051964633071,0.951711392999671,0.959142638785704,0.96385652497745,0.969523114027145,0.975152663181787,0.981497920495875,0.985529390493944,0.990122609506518,0.995430911542473,1,0.995223389368621,0.986372266972566,0.965611253995271,0.776216375402794,0.656242133459488,0.401797703296536
0.431824176469884,0.692144062111019,0.757119386237138,0.788135024085981,0.81093538608753,0.829776767270786,0.848758502867441,0.858198971231326,0.867359421601042,0.876977169270873,0.888001712597767,0.898234155851005,0.905551415539267,0.9159766417463,0.924828592717549,0.934365084121816,0.941621406450648,0.94966636461897,0.954785974652683,0.961111174248997,0.967390291942132,0.974297874442429,0.977982501184184,0.983244845360215,0.989393413004711,0.995223389368621,1,0.993317175012321,0.975905994806191,0.794677549501061,0.682061057781831,0.424696733040489
0.396699335926351,0.658984247013332,0.726626058225414,0.758864179095628,0.78272794632772,0.803963744499503,0.82430236474987,0.833772684876394,0.843663487956109,0.854593780169101,0.866275202472431,0.877250899141111,0.884922969265265,0.896040925648215,0.904832715973817,0.915251944217903,0.923697838216967,0.933063699139378,0.938866435593179,0.945742803494278,0.952858489856322,0.960805702484717,0.964275357741918,0.970137984349426,0.978452324332688,0.986372266972566,0.993317175012321,1,0.988118039898963,0.821354295967332,0.718805463970905,0.451929210670565
0.35358949100438,0.611423143151359,0.679216300395493,0.710857636841885,0.735712464231142,0.759729255313963,0.781108496048593,0.790637295178883,0.80062327056641,0.812153078568711,0.824409972548304,0.836699488328212,0.845158296258422,0.857630366307228,0.867641834280021,0.87983730766551,0.889216514231869,0.899939659676723,0.906551713971152,0.914423117567754,0.922591289503758,0.931973596278109,0.934794747850189,0.943093308724183,0.953841319899667,0.965611253995271,0.975905994806191,0.988118039898963,1,0.867942449900928,0.780840138436063,0.48079715768935
0.164212168137237,0.387106581271715,0.450070928325252,0.476596573016645,0.505227439700346,0.532900508284575,0.551313067237948,0.558648688324952,0.567134814810277,0.582715774649842,0.597038068263179,0.611253669166907,0.619165054552369,0.631559872808506,0.64366294759973,0.656434505713178,0.666652309322145,0.680922027255386,0.686879729107076,0.698913281094423,0.708083577928506,0.72057114373061,0.724117902202901,0.740466676540573,0.754109456171063,0.776216375402794,0.794677549501061,0.821354295967332,0.867942449900928,1,0.945068675892,0.487006179837219
0.0392415556730111,0.234519343481691,0.291098853242812,0.314408234039844,0.337622895322966,0.365966950320026,0.38768337594221,0.393983967880109,0.403224289546738,0.421130852299942,0.438722063345311,0.455971135302957,0.466284044619353,0.4807411914399,0.494955187175511,0.51023322827682,0.522099324266971,0.53920324086754,0.546329371213576,0.559454246977478,0.569239226863409,0.583335330853529,0.587488327183129,0.606877883415219,0.626916416899737,0.656242133459488,0.682061057781831,0.718805463970905,0.780840138436063,0.945068675892,1,0.544967670997742
-0.0478146904605726,0.0883380007203208,0.116859747037864,0.128600772999452,0.144757533136105,0.163557857467701,0.182921708258842,0.185464849426928,0.19152738658407,0.201613732153755,0.21449586918531,0.229298638284475,0.234692060099986,0.248868092650708,0.261100427072464,0.276367467100267,0.285987744591483,0.300529226849565,0.30503959009186,0.315006257998731,0.325161054769366,0.336885565533499,0.343806758598826,0.357823296686694,0.38487195585279,0.401797703296536,0.424696733040489,0.451929210670565,0.48079715768935,0.487006179837219,0.544967670997742,1
