1,0.848097075975962,0.801668388405814,0.771622525588255,0.753523533959315,0.732238431794076,0.722239101570784,0.712254958423024,0.697496104889199,0.687760596594362,0.668004914663741,0.654923655098614,0.637761834081486,0.617766525369657,0.599396628498516,0.584227208079004,0.56703124901072,0.549746315289237,0.5353451265598,0.521752116228557,0.50692476787893,0.489854765828134,0.478776453745011,0.460447541900476,0.446454186057587,0.42472171737225,0.390820186972516,0.365531631853295,0.331501760091117,0.264752929389365,0.0416379440129724,0.141085247144668
0.848097075975962,1,0.966527874063189,0.944731782787424,0.933471780624482,0.917105774716197,0.90460716465072,0.895078654844508,0.883190799687705,0.873033450898903,0.857488333221261,0.84436474701197,0.829641658997351,0.811978347376235,0.795553674590777,0.779530850097428,0.764625167666205,0.748788732561949,0.735686877448856,0.723562599579473,0.71045307524053,0.691813566611544,0.677337454067579,0.654886642205762,0.637295126827207,0.615039565708554,0.579666372466275,0.553988588266561,0.513510441248946,0.4250624862274,0.118034888708592,0.192665511040966
0.801668388405814,0.966527874063189,1,0.983391906813977,0.973479176790839,0.961930253870988,0.9521323534367,0.943491728579414,0.933709202348073,0.924184537775761,0.910319881490621,0.899540016398838,0.886579491381454,0.871870771394694,0.856911016898072,0.842840400361326,0.829758063985357,0.814851856123276,0.802513542210429,0.79170915949987,0.780145841593444,0.762550818048363,0.748589479274502,0.726703674639421,0.710380075744761,0.689558991523905,0.655765469435984,0.630125197081146,0.588250517726973,0.493606096043063,0.167206841924127,0.212276700107361
0.771622525588255,0.944731782787424,0.983391906813977,1,0.991835890456092,0.982744238502492,0.975584329833695,0.968663579486031,0.960953614783809,0.953182525327991,0.942949240450915,0.934688062191281,0.923547334279021,0.911530067163431,0.898400656050674,0.886121714954158,0.873889680590094,0.86123697283544,0.849433862281946,0.840085906844637,0.82846522263604,0.812448149336647,0.799396743521851,0.779046386622078,0.764566498036607,0.745270862674254,0.712662905705858,0.686825078822635,0.646477276077481,0.55149410129597,0.2055015072839,0.228047496486296
0.753523533959315,0.933471780624482,0.973479176790839,0.991835890456092,1,0.993569704229275,0.987498726962908,0.981004509448518,0.97303487007083,0.965306038620512,0.956191349922098,0.948598767052047,0.938358261104513,0.927440641485548,0.914803490597777,0.903063465763671,0.891891383410642,0.880107459419676,0.869366635117064,0.86123288280212,0.850706308356413,0.835395274123264,0.822790435678951,0.802551421563497,0.78807206352992,0.76946818238223,0.737635114298901,0.712247028791237,0.671274621535271,0.574838810640403,0.219318116049045,0.239749549393289
0.732238431794076,0.917105774716197,0.961930253870988,0.982744238502492,0.993569704229275,1,0.995464758514774,0.990060975965457,0.983573897381341,0.97680381821207,0.969180758737282,0.962897531918222,0.954197420261528,0.944945812293826,0.933783836511827,0.923602123765031,0.913160607251524,0.902562272314106,0.892478808089934,0.88465999310781,0.875299572805245,0.860924258058902,0.848822021281796,0.830188891921902,0.815854452843594,0.798800780040975,0.768641618255759,0.744166235121101,0.703940242131546,0.609605695163666,0.253417200236376,0.251104684375167
0.722239101570784,0.90460716465072,0.9521323534367,0.975584329833695,0.987498726962908,0.995464758514774,1,0.995971339069576,0.990593805129475,0.984685010770804,0.977525653114249,0.971020356595148,0.963042453973104,0.953876713414886,0.943113130436634,0.934013611712194,0.923832260623848,0.913919132639909,0.903726488328405,0.896035482183692,0.886967808841068,0.873363253304384,0.861791965144233,0.844612125381091,0.830744950901615,0.814311314595883,0.785082853061242,0.761455451811505,0.722775748822772,0.630134669591827,0.274216114670203,0.263624274589934
0.712254958423024,0.895078654844508,0.943491728579414,0.968663579486031,0.981004509448518,0.990060975965457,0.995971339069576,1,0.99616378310007,0.991281847652062,0.98501256520536,0.978931717339672,0.971470473138567,0.963227083224521,0.952869982905529,0.943661695570721,0.933975264112209,0.924630769248031,0.915106494425444,0.907710949097263,0.899018492623089,0.886372934977315,0.875553801414972,0.858644059357196,0.845409514454284,0.829447614563685,0.800940982993537,0.77785934847322,0.739646247189485,0.646887873750053,0.28340208561514,0.269675028895568
0.697496104889199,0.883190799687705,0.933709202348073,0.960953614783809,0.97303487007083,0.983573897381341,0.990593805129475,0.99616378310007,1,0.996698084503447,0.991714251972055,0.986467556891183,0.979798988425612,0.972312665613113,0.963364103987619,0.955110952125798,0.945952994623741,0.937124958361989,0.928244673842902,0.921148631482103,0.913000985416633,0.901645921420015,0.891669683940863,0.876107916165618,0.863219977453578,0.848015873785336,0.821110346997831,0.799223316784185,0.761739462800092,0.67185672231704,0.31147266756418,0.277478680484918
0.687760596594362,0.873033450898903,0.924184537775761,0.953182525327991,0.965306038620512,0.97680381821207,0.984685010770804,0.991281847652062,0.996698084503447,1,0.996496367045977,0.992151528234549,0.986438552215112,0.979541173659023,0.971281279156892,0.963684355909448,0.954865740752442,0.946281316055009,0.93751633304371,0.930804441876344,0.923238747736408,0.912793598741474,0.903121897791261,0.888652899804713,0.876136433772118,0.861294487563676,0.836274814565654,0.815395017699963,0.778810569679659,0.692500438546353,0.336467748987953,0.285140948016666
0.668004914663741,0.857488333221261,0.910319881490621,0.942949240450915,0.956191349922098,0.969180758737282,0.977525653114249,0.98501256520536,0.991714251972055,0.996496367045977,1,0.997136968413696,0.992510656243771,0.986722471681625,0.979615288415401,0.97244978634512,0.964386371055836,0.956893562954422,0.948755908523589,0.942561014308086,0.935458940007048,0.926224578928479,0.916831208763665,0.902851147083663,0.891035150530307,0.876777984762196,0.85299794870981,0.832799360126551,0.796818148546856,0.710303344526694,0.348021280162188,0.294148891334229
0.654923655098614,0.84436474701197,0.899540016398838,0.934688062191281,0.948598767052047,0.962897531918222,0.971020356595148,0.978931717339672,0.986467556891183,0.992151528234549,0.997136968413696,1,0.997183857968419,0.992786003695234,0.986986366065415,0.980485535171775,0.973513114075742,0.966498701173873,0.959093333179447,0.953009048048496,0.946092046785782,0.937174498282272,0.92821579172769,0.915110116297688,0.904089167400174,0.890281776269924,0.867535882175828,0.847573270105103,0.812342165205181,0.727503109382417,0.367283111397777,0.298646405986734
0.637761834081486,0.829641658997351,0.886579491381454,0.923547334279021,0.938358261104513,0.954197420261528,0.963042453973104,0.971470473138567,0.979798988425612,0.986438552215112,0.992510656243771,0.997183857968419,1,0.99706343507039,0.992663355496464,0.987356755010686,0.981183155018993,0.974705547842958,0.968002617785239,0.962549046291962,0.956167596306821,0.947615431159074,0.939157991228165,0.926801257037689,0.916157283857729,0.902997210327674,0.881893321129784,0.863064397137272,0.828711579172153,0.746053275006944,0.385467260074591,0.310228244549755
0.617766525369657,0.811978347376235,0.871870771394694,0.911530067163431,0.927440641485548,0.944945812293826,0.953876713414886,0.963227083224521,0.972312665613113,0.979541173659023,0.986722471681625,0.992786003695234,0.99706343507039,1,0.997072485680104,0.992628377150881,0.9874442535317,0.981590041373526,0.975403531982862,0.970400397031987,0.964490192002782,0.956383967641693,0.948559170354619,0.936930417982147,0.927279236231759,0.914676849138297,0.894820814721904,0.87664589916846,0.84298282692809,0.762037146449534,0.39607822574766,0.318514918504787
0.599396628498516,0.795553674590777,0.856911016898072,0.898400656050674,0.914803490597777,0.933783836511827,0.943113130436634,0.952869982905529,0.963364103987619,0.971281279156892,0.979615288415401,0.986986366065415,0.992663355496464,0.997072485680104,1,0.997036775145379,0.993283611073328,0.988503870465823,0.983125686363995,0.978330649513573,0.973246398306926,0.965135012513242,0.957822787725859,0.947417688933663,0.938447018552876,0.926651743523344,0.908645953964527,0.891639637287151,0.860205905622464,0.782331373807754,0.420325107443801,0.326749287963857
0.584227208079004,0.779530850097428,0.842840400361326,0.886121714954158,0.903063465763671,0.923602123765031,0.934013611712194,0.943661695570721,0.955110952125798,0.963684355909448,0.97244978634512,0.980485535171775,0.987356755010686,0.992628377150881,0.997036775145379,1,0.997352046603039,0.993723210529011,0.989203897102052,0.985047018002211,0.980171250139024,0.972520705037161,0.965781187340749,0.957027658442803,0.948968242418325,0.938039385836324,0.920971338447507,0.905214824619322,0.874963545494253,0.79973805366858,0.442106053057316,0.333067036586948
0.56703124901072,0.764625167666205,0.829758063985357,0.873889680590094,0.891891383410642,0.913160607251524,0.923832260623848,0.933975264112209,0.945952994623741,0.954865740752442,0.964386371055836,0.973513114075742,0.981183155018993,0.9874442535317,0.993283611073328,0.997352046603039,1,0.997686069554033,0.994013707321751,0.990448033310337,0.986257063164136,0.979379643597377,0.973284222756931,0.964623328514761,0.95698693832562,0.946637978884946,0.930297067285938,0.915101049003815,0.885797109186697,0.811927769559019,0.453633590778371,0.344092533759846
0.549746315289237,0.748788732561949,0.814851856123276,0.86123697283544,0.880107459419676,0.902562272314106,0.913919132639909,0.924630769248031,0.937124958361989,0.946281316055009,0.956893562954422,0.966498701173873,0.974705547842958,0.981590041373526,0.988503870465823,0.993723210529011,0.997686069554033,1,0.997419823438989,0.994324963980864,0.990726243143314,0.9847899292755,0.979214390505037,0.971457049628028,0.964203149039893,0.95419930444912,0.938570628201958,0.924553539599277,0.896833239106552,0.824887328895298,0.467369092813284,0.347316658704425
0.5353451265598,0.735686877448856,0.802513542210429,0.849433862281946,0.869366635117064,0.892478808089934,0.903726488328405,0.915106494425444,0.928244673842902,0.93751633304371,0.948755908523589,0.959093333179447,0.968002617785239,0.975403531982862,0.983125686363995,0.989203897102052,0.994013707321751,0.997419823438989,1,0.997649149540764,0.994456555695902,0.989472262538701,0.984360445838855,0.977246778340122,0.970414342548964,0.96101873194144,0.945777160186515,0.932009582206103,0.906073416872007,0.834408215236564,0.473214888614678,0.354272991183276
0.521752116228557,0.723562599579473,0.79170915949987,0.840085906844637,0.86123288280212,0.88465999310781,0.896035482183692,0.907710949097263,0.921148631482103,0.930804441876344,0.942561014308086,0.953009048048496,0.962549046291962,0.970400397031987,0.978330649513573,0.985047018002211,0.990448033310337,0.994324963980864,0.997649149540764,1,0.997383930120784,0.993074630939733,0.988063497669603,0.981137377156451,0.97450272471625,0.965190202384343,0.950291388377885,0.937187422311983,0.912105795298141,0.84078249924326,0.475547286679769,0.354943499603082
0.50692476787893,0.71045307524053,0.780145841593444,0.82846522263604,0.850706308356413,0.875299572805245,0.886967808841068,0.899018492623089,0.913000985416633,0.923238747736408,0.935458940007048,0.946092046785782,0.956167596306821,0.964490192002782,0.973246398306926,0.980171250139024,0.986257063164136,0.990726243143314,0.994456555695902,0.997383930120784,1,0.996942489900372,0.992638190310531,0.986390040895519,0.980110751061542,0.971341107618456,0.957851696835371,0.945177460069327,0.921859347593167,0.852209285802015,0.490798818450964,0.361376312026846
0.489854765828134,0.691813566611544,0.762550818048363,0.812448149336647,0.835395274123264,0.860924258058902,0.873363253304384,0.886372934977315,0.901645921420015,0.912793598741474,0.926224578928479,0.937174498282272,0.947615431159074,0.956383967641693,0.965135012513242,0.972520705037161,0.979379643597377,0.9847899292755,0.989472262538701,0.993074630939733,0.996942489900372,1,0.996808690740633,0.991999741553706,0.98643027430535,0.978787364794932,0.966618372266707,0.954646177643404,0.932011061786546,0.864267847582291,0.505381932394978,0.366736627750151
0.478776453745011,0.677337454067579,0.748589479274502,0.799396743521851,0.822790435678951,0.848822021281796,0.861791965144233,0.875553801414972,0.891669683940863,0.903121897791261,0.916831208763665,0.92821579172769,0.939157991228165,0.948559170354619,0.957822787725859,0.965781187340749,0.973284222756931,0.979214390505037,0.984360445838855,0.988063497669603,0.992638190310531,0.996808690740633,1,0.996270191281372,0.991207058356665,0.984288312835895,0.973151257480853,0.961511152327723,0.940475936468266,0.874568574211843,0.51646012747004,0.372051712904645
0.460447541900476,0.654886642205762,0.726703674639421,0.779046386622078,0.802551421563497,0.830188891921902,0.844612125381091,0.858644059357196,0.876107916165618,0.888652899804713,0.902851147083663,0.915110116297688,0.926801257037689,0.936930417982147,0.947417688933663,0.957027658442803,0.964623328514761,0.971457049628028,0.977246778340122,0.981137377156451,0.986390040895519,0.991999741553706,0.996270191281372,1,0.996320300454979,0.990608547058441,0.981894907348599,0.971276418593064,0.952385537718642,0.891592534390793,0.551671715197974,0.378285990463456
0.446454186057587,0.637295126827207,0.710380075744761,0.764566498036607,0.78807206352992,0.815854452843594,0.830744950901615,0.845409514454284,0.863219977453578,0.876136433772118,0.891035150530307,0.904089167400174,0.916157283857729,0.927279236231759,0.938447018552876,0.948968242418325,0.95698693832562,0.964203149039893,0.970414342548964,0.97450272471625,0.980110751061542,0.98643027430535,0.991207058356665,0.996320300454979,1,0.995429291272137,0.987490126830378,0.976633337590474,0.957534627459671,0.897642691547247,0.56220321639652,0.377179146972037
0.42472171737225,0.615039565708554,0.689558991523905,0.745270862674254,0.76946818238223,0.798800780040975,0.814311314595883,0.829447614563685,0.848015873785336,0.861294487563676,0.876777984762196,0.890281776269924,0.902997210327674,0.914676849138297,0.926651743523344,0.938039385836324,0.946637978884946,0.95419930444912,0.96101873194144,0.965190202384343,0.971341107618456,0.978787364794932,0.984288312835895,0.990608547058441,0.995429291272137,1,0.994131693280145,0.984917994827184,0.96667452831516,0.909879857008372,0.580773035484993,0.379337718894763
0.390820186972516,0.579666372466275,0.655765469435984,0.712662905705858,0.737635114298901,0.768641618255759,0.785082853061242,0.800940982993537,0.821110346997831,0.836274814565654,0.85299794870981,0.867535882175828,0.881893321129784,0.894820814721904,0.908645953964527,0.920971338447507,0.930297067285938,0.938570628201958,0.945777160186515,0.950291388377885,0.957851696835371,0.966618372266707,0.973151257480853,0.981894907348599,0.987490126830378,0.994131693280145,1,0.993124837899002,0.977142436593938,0.926757052407963,0.61245565013166,0.384498054275451
0.365531631853295,0.553988588266561,0.630125197081146,0.686825078822635,0.712247028791237,0.744166235121101,0.761455451811505,0.77785934847322,0.799223316784185,0.815395017699963,0.832799360126551,0.847573270105103,0.863064397137272,0.87664589916846,0.891639637287151,0.905214824619322,0.915101049003815,0.924553539599277,0.932009582206103,0.937187422311983,0.945177460069327,0.954646177643404,0.961511152327723,0.971276418593064,0.976633337590474,0.984917994827184,0.993124837899002,1,0.987274507771407,0.944774854238484,0.635813308981717,0.403529321527271
0.331501760091117,0.513510441248946,0.588250517726973,0.646477276077481,0.671274621535271,0.703940242131546,0.722775748822772,0.739646247189485,0.761739462800092,0.778810569679659,0.796818148546856,0.812342165205181,0.828711579172153,0.84298282692809,0.860205905622464,0.874963545494253,0.885797109186697,0.896833239106552,0.906073416872007,0.912105795298141,0.921859347593167,0.932011061786546,0.940475936468266,0.952385537718642,0.957534627459671,0.96667452831516,0.977142436593938,0.987274507771407,1,0.966497878039829,0.656863752241783,0.422889218623372
0.264752929389365,0.4250624862274,0.493606096043063,0.55149410129597,0.574838810640403,0.609605695163666,0.630134669591827,0.646887873750053,0.67185672231704,0.692500438546353,0.710303344526694,0.727503109382417,0.746053275006944,0.762037146449534,0.782331373807754,0.79973805366858,0.811927769559019,0.824887328895298,0.834408215236564,0.84078249924326,0.852209285802015,0.864267847582291,0.874568574211843,0.891592534390793,0.897642691547247,0.909879857008372,0.926757052407963,0.944774854238484,0.966497878039829,1,0.764094614271669,0.459744583544731
0.0416379440129724,0.118034888708592,0.167206841924127,0.2055015072839,0.219318116049045,0.253417200236376,0.274216114670203,0.28340208561514,0.31147266756418,0.336467748987953,0.348021280162188,0.367283111397777,0.385467260074591,0.39607822574766,0.420325107443801,0.442106053057316,0.453633590778371,0.467369092813284,0.473214888614678,0.475547286679769,0.490798818450964,0.505381932394978,0.51646012747004,0.551671715197974,0.56220321639652,0.580773035484993,0.61245565013166,0.635813308981717,0.656863752241783,0.764094614271669,1,0.41110094421325
0.141085247144668,0.192665511040966,0.212276700107361,0.228047496486296,0.239749549393289,0.251104684375167,0.263624274589934,0.269675028895568,0.277478680484918,0.285140948016666,0.294148891334229,0.298646405986734,0.310228244549755,0.318514918504787,0.326749287963857,0.333067036586948,0.344092533759846,0.347316658704425,0.354272991183276,0.354943499603082,0.361376312026846,0.366736627750151,0.372051712904645,0.378285990463456,0.377179146972037,0.379337718894763,0.384498054275451,0.403529321527271,0.422889218623372,0.459744583544731,0.41110094421325,1
