1,0.798988067973123,0.752760560495179,0.728749996897812,0.703371416086649,0.683845956758884,0.669601977344519,0.656659271075949,0.643412260716968,0.633424470352783,0.627444223564847,0.614794820205397,0.595036960432793,0.584870860577795,0.569544833692413,0.557573443787384,0.538843591557274,0.52407492725365,0.506612017349357,0.491656552799473,0.476905654021002,0.456835948016476,0.435470306566237,0.418695771599744,0.398050418924631,0.372555363860572,0.33083747306423,0.295456476318619,0.244479031448362,0.150026212061645,-0.0160696030798853,-0.233901248606507
0.798988067973123,1,0.968768997965246,0.952602141222672,0.938574774498852,0.924526634506511,0.912899729564355,0.903039695276881,0.891953168036899,0.882605655962929,0.875146394729761,0.866905914964278,0.850998250350275,0.839976533199664,0.824715649114612,0.811937650305454,0.794449172076427,0.779030048336155,0.760857605239005,0.744490018477829,0.726554519547679,0.704618245130661,0.683810129594958,0.663052045338957,0.640992889180255,0.613368047167416,0.570580361716647,0.527301857955763,0.466173581556012,0.34968071788814,0.0898259161613939,-0.240932567734506
0.752760560495179,0.968768997965246,1,0.98806097755563,0.978335560645027,0.96929045613443,0.961801702825431,0.954586091313781,0.946136595656382,0.93839683356336,0.932475580640161,0.924822680616778,0.913130988892057,0.902981560599919,0.890146468302065,0.879391469087209,0.864018915016936,0.84947211665193,0.834423241612002,0.820545312136389,0.804224430824641,0.784846631954733,0.766742181255484,0.746914665115706,0.726854970921328,0.699969480724966,0.660617705456253,0.616411101168131,0.554166636520983,0.430677700463805,0.129562709196811,-0.219513809661118
0.728749996897812,0.952602141222672,0.98806097755563,1,0.99292801342348,0.985457738513709,0.979431507020948,0.972877791344551,0.965880698371918,0.959002184589971,0.953777699586555,0.947020001348819,0.936675170480561,0.927891257608507,0.916228877511538,0.906662909028211,0.893142777015566,0.880339086514488,0.866629820760446,0.853930518721136,0.83879086774494,0.820068173196001,0.80313606542521,0.784333736933147,0.765241464401534,0.739691511739949,0.701279013721333,0.65977889222409,0.597562648722099,0.476068191013244,0.155299306289386,-0.204406826460561
0.703371416086649,0.938574774498852,0.978335560645027,0.99292801342348,1,0.994697154812405,0.989088732000078,0.984289535397308,0.978516926293156,0.972891835923308,0.968376312435512,0.962924030744279,0.954367515252481,0.946642580945231,0.936019511781275,0.927230538455353,0.914963026371473,0.903616130003872,0.890540838655056,0.878268911586661,0.863832188403684,0.846563058337831,0.830992631860648,0.813393104621349,0.795851948604541,0.77118483275405,0.73419979469674,0.694169815440377,0.634061475308672,0.514131740899025,0.183377458975802,-0.181292125244257
0.683845956758884,0.924526634506511,0.96929045613443,0.985457738513709,0.994697154812405,1,0.99582025391924,0.991628723077391,0.986772303230847,0.981511359061974,0.977607882318184,0.972820075199695,0.965416339215009,0.958522126055798,0.949316709457959,0.941739661920812,0.930129946593578,0.919662316631103,0.908079091600467,0.896527212728673,0.882878709722546,0.867006831830664,0.852178909669349,0.835489796304618,0.818526858214699,0.794888205147767,0.759745669653597,0.720797474679053,0.662943714506584,0.542903228676172,0.203886111381829,-0.164399897142113
0.669601977344519,0.912899729564355,0.961801702825431,0.979431507020948,0.989088732000078,0.99582025391924,1,0.996774614200109,0.992985862027167,0.988234794737182,0.984382633592682,0.980056450052797,0.973381363854592,0.966759101334427,0.958155020699885,0.951002200386417,0.940538552210535,0.930742747571663,0.919729014811304,0.90913527333162,0.896479912697513,0.881606096426891,0.867625064722409,0.851951418816643,0.83574310957741,0.812860572787391,0.779483821306883,0.741913128990117,0.684358100033673,0.566441126151345,0.220422239496942,-0.154641466883211
0.656659271075949,0.903039695276881,0.954586091313781,0.972877791344551,0.984289535397308,0.991628723077391,0.996774614200109,1,0.996928346941423,0.993139624273843,0.989835346064201,0.985831143660991,0.980030822415799,0.974362597071162,0.966538343773564,0.959969820512057,0.950374058835917,0.941437047881329,0.930704820826822,0.920649826543277,0.908597971401192,0.894451016782143,0.881072448735202,0.866341938391777,0.850743477793466,0.828906387718941,0.796847450881729,0.76021825475579,0.70288119465558,0.589476622117468,0.233844674774731,-0.148270261979231
0.643412260716968,0.891953168036899,0.946136595656382,0.965880698371918,0.978516926293156,0.986772303230847,0.992985862027167,0.996928346941423,1,0.997185294552665,0.994313744485933,0.990855885732259,0.986132288454542,0.981262929623684,0.974173050346617,0.967932775472055,0.958811836234607,0.950346071428332,0.940239034496526,0.931126317207632,0.919728276073652,0.906295058139166,0.893765345507078,0.879526855332214,0.864501178881981,0.843985959188293,0.813130000128544,0.778016641092564,0.722238156709552,0.610468306728552,0.246487314622753,-0.137788283806487
0.633424470352783,0.882605655962929,0.93839683356336,0.959002184589971,0.972891835923308,0.981511359061974,0.988234794737182,0.993139624273843,0.997185294552665,1,0.997869364872507,0.994665976482005,0.990413449037151,0.985879394094836,0.979034940757748,0.973347100973168,0.964945329599115,0.956723917852589,0.947182498241459,0.938557288419058,0.928059937936082,0.915336721196781,0.903243945933774,0.88992978183686,0.875663770017527,0.85627397757,0.827184229452432,0.793339242564618,0.73872540545885,0.629978163946475,0.260974055803405,-0.126760380231348
0.627444223564847,0.875146394729761,0.932475580640161,0.953777699586555,0.968376312435512,0.977607882318184,0.984382633592682,0.989835346064201,0.994313744485933,0.997869364872507,1,0.997608538479682,0.994376035657637,0.99000858370206,0.983729605298587,0.978459516810022,0.970567623907439,0.962695951675555,0.9534734515531,0.945100649976135,0.934785966850234,0.92251500004694,0.910868488930137,0.897702231310786,0.884159844699221,0.865592066270188,0.837066985400216,0.804115989242174,0.750167402648352,0.642398418229487,0.26972791609611,-0.115302414900938
0.614794820205397,0.866905914964278,0.924822680616778,0.947020001348819,0.962924030744279,0.972820075199695,0.980056450052797,0.985831143660991,0.990855885732259,0.994665976482005,0.997608538479682,1,0.997518882526293,0.993559687833796,0.988093419783702,0.983206072251713,0.97586796065472,0.968493763338213,0.959914455078873,0.951892643844723,0.942004053264094,0.930093519487643,0.918864737736991,0.906487390204554,0.893462591324478,0.875806664278836,0.848316270116557,0.816932035416556,0.764922706789797,0.658397009146318,0.286388198163321,-0.103996952544467
0.595036960432793,0.850998250350275,0.913130988892057,0.936675170480561,0.954367515252481,0.965416339215009,0.973381363854592,0.980030822415799,0.986132288454542,0.990413449037151,0.994376035657637,0.997518882526293,1,0.997422645848885,0.993522580955902,0.989565309412722,0.983381653338767,0.976958880978716,0.96952805504654,0.962094575620759,0.953044726763151,0.942223049806657,0.931745775299045,0.920055287853111,0.908168778427815,0.891934274944816,0.866108222813676,0.835882524247695,0.785839585558511,0.682025055285491,0.30328805188172,-0.0869810494779141
0.584870860577795,0.839976533199664,0.902981560599919,0.927891257608507,0.946642580945231,0.958522126055798,0.966759101334427,0.974362597071162,0.981262929623684,0.985879394094836,0.99000858370206,0.993559687833796,0.997422645848885,1,0.997627943239314,0.994274021895891,0.988929028325271,0.983123085251442,0.976181131464023,0.969211192770673,0.960633173429876,0.950317550041593,0.940432688732753,0.9293784041402,0.918059307647619,0.902981040822741,0.877907205609815,0.848402040726636,0.799990780301939,0.697950168964613,0.313156889947055,-0.076441726950969
0.569544833692413,0.824715649114612,0.890146468302065,0.916228877511538,0.936019511781275,0.949316709457959,0.958155020699885,0.966538343773564,0.974173050346617,0.979034940757748,0.983729605298587,0.988093419783702,0.993522580955902,0.997627943239314,1,0.997755082856933,0.99368122100313,0.98871503249565,0.982857654489329,0.976428874929891,0.968563302690082,0.959600037766388,0.950285859204383,0.940190287173165,0.929499165595038,0.916086129032811,0.892635296282159,0.864925043608274,0.818932557213547,0.71878039290025,0.328758982988664,-0.0623474957546337
0.557573443787384,0.811937650305454,0.879391469087209,0.906662909028211,0.927230538455353,0.941739661920812,0.951002200386417,0.959969820512057,0.967932775472055,0.973347100973168,0.978459516810022,0.983206072251713,0.989565309412722,0.994274021895891,0.997755082856933,1,0.997614037124076,0.993617275451636,0.988482978766292,0.982381926382293,0.97521268007364,0.966864993571725,0.958485932098906,0.949085762987248,0.939056460373278,0.926153886115726,0.903725830973274,0.876627651723024,0.831024465811263,0.733697468102819,0.342343288583801,-0.0478211938643797
0.538843591557274,0.794449172076427,0.864018915016936,0.893142777015566,0.914963026371473,0.930129946593578,0.940538552210535,0.950374058835917,0.958811836234607,0.964945329599115,0.970567623907439,0.97586796065472,0.983381653338767,0.988929028325271,0.99368122100313,0.997614037124076,1,0.997596434012407,0.993575505524217,0.988440436738921,0.982332985819358,0.974819364106287,0.967412661609939,0.958788563102248,0.949967652474638,0.93810536685447,0.917251726456495,0.89161462736955,0.847538180959313,0.753313329571684,0.360476321724498,-0.0315244399046292
0.52407492725365,0.779030048336155,0.84947211665193,0.880339086514488,0.903616130003872,0.919662316631103,0.930742747571663,0.941437047881329,0.950346071428332,0.956723917852589,0.962695951675555,0.968493763338213,0.976958880978716,0.983123085251442,0.98871503249565,0.993617275451636,0.997596434012407,1,0.997423324628341,0.993235730410106,0.98785543737205,0.981204289378805,0.974698480976828,0.966912784754488,0.958658366714101,0.947936772761286,0.928216125181596,0.903370052232145,0.861182511367465,0.770893231472934,0.377314649555661,-0.0151465577841988
0.506612017349357,0.760857605239005,0.834423241612002,0.866629820760446,0.890540838655056,0.908079091600467,0.919729014811304,0.930704820826822,0.940239034496526,0.947182498241459,0.9534734515531,0.959914455078873,0.96952805504654,0.976181131464023,0.982857654489329,0.988482978766292,0.993575505524217,0.997423324628341,1,0.997308603373525,0.993082424306883,0.987677962646215,0.981729073916584,0.974920960167902,0.967390343768509,0.95763703978588,0.938946389380693,0.91502552917851,0.874555912460754,0.785483066581779,0.391892431221678,-0.000452421053186207
0.491656552799473,0.744490018477829,0.820545312136389,0.853930518721136,0.878268911586661,0.896527212728673,0.90913527333162,0.920649826543277,0.931126317207632,0.938557288419058,0.945100649976135,0.951892643844723,0.962094575620759,0.969211192770673,0.976428874929891,0.982381926382293,0.988440436738921,0.993235730410106,0.997308603373525,1,0.997491305906017,0.99325496039275,0.988395877729304,0.982178445864257,0.975211394266695,0.966195976404732,0.949026199915821,0.92633888105975,0.887782781773598,0.800687138472976,0.407193979414437,0.0168702730960507
0.476905654021002,0.726554519547679,0.804224430824641,0.83879086774494,0.863832188403684,0.882878709722546,0.896479912697513,0.908597971401192,0.919728276073652,0.928059937936082,0.934785966850234,0.942004053264094,0.953044726763151,0.960633173429876,0.968563302690082,0.97521268007364,0.982332985819358,0.98785543737205,0.993082424306883,0.997491305906017,1,0.99720519837619,0.993251025265341,0.987555916199163,0.981000543232528,0.97259155414436,0.956426317632127,0.936139751794614,0.899478340683078,0.815404114703683,0.425573219444945,0.032194412375726
0.456835948016476,0.704618245130661,0.784846631954733,0.820068173196001,0.846563058337831,0.867006831830664,0.881606096426891,0.894451016782143,0.906295058139166,0.915336721196781,0.92251500004694,0.930093519487643,0.942223049806657,0.950317550041593,0.959600037766388,0.966864993571725,0.974819364106287,0.981204289378805,0.987677962646215,0.99325496039275,0.99720519837619,1,0.997645999503433,0.993344500383339,0.987751112844483,0.980309163931701,0.966014734357594,0.947657213297019,0.913511313088799,0.832419549545293,0.443352477238912,0.0520689370910276
0.435470306566237,0.683810129594958,0.766742181255484,0.80313606542521,0.830992631860648,0.852178909669349,0.867625064722409,0.881072448735202,0.893765345507078,0.903243945933774,0.910868488930137,0.918864737736991,0.931745775299045,0.940432688732753,0.950285859204383,0.958485932098906,0.967412661609939,0.974698480976828,0.981729073916584,0.988395877729304,0.993251025265341,0.997645999503433,1,0.996978461557177,0.992337137652657,0.985858753361336,0.973299498972658,0.95614952923064,0.923285257392661,0.844896993548097,0.458173793242251,0.0714356775948572
0.418695771599744,0.663052045338957,0.746914665115706,0.784333736933147,0.813393104621349,0.835489796304618,0.851951418816643,0.866341938391777,0.879526855332214,0.88992978183686,0.897702231310786,0.906487390204554,0.920055287853111,0.9293784041402,0.940190287173165,0.949085762987248,0.958788563102248,0.966912784754488,0.974920960167902,0.982178445864257,0.987555916199163,0.993344500383339,0.996978461557177,1,0.996876261577483,0.991412546491044,0.980979290977346,0.96540499394675,0.934794308286139,0.860039277315876,0.471856044471969,0.0898648001450489
0.398050418924631,0.640992889180255,0.726854970921328,0.765241464401534,0.795851948604541,0.818526858214699,0.83574310957741,0.850743477793466,0.864501178881981,0.875663770017527,0.884159844699221,0.893462591324478,0.908168778427815,0.918059307647619,0.929499165595038,0.939056460373278,0.949967652474638,0.958658366714101,0.967390343768509,0.975211394266695,0.981000543232528,0.987751112844483,0.992337137652657,0.996876261577483,1,0.995937280741009,0.987174070880921,0.973671147396439,0.945818617957118,0.875159472558635,0.48941086509597,0.114963775830641
0.372555363860572,0.613368047167416,0.699969480724966,0.739691511739949,0.77118483275405,0.794888205147767,0.812860572787391,0.828906387718941,0.843985959188293,0.85627397757,0.865592066270188,0.875806664278836,0.891934274944816,0.902981040822741,0.916086129032811,0.926153886115726,0.93810536685447,0.947936772761286,0.95763703978588,0.966195976404732,0.97259155414436,0.980309163931701,0.985858753361336,0.991412546491044,0.995937280741009,1,0.993965558359936,0.982591881446647,0.95836278718408,0.893261558786178,0.510691032987372,0.138807353294285
0.33083747306423,0.570580361716647,0.660617705456253,0.701279013721333,0.73419979469674,0.759745669653597,0.779483821306883,0.796847450881729,0.813130000128544,0.827184229452432,0.837066985400216,0.848316270116557,0.866108222813676,0.877907205609815,0.892635296282159,0.903725830973274,0.917251726456495,0.928216125181596,0.938946389380693,0.949026199915821,0.956426317632127,0.966014734357594,0.973299498972658,0.980979290977346,0.987174070880921,0.993965558359936,1,0.991832281286696,0.972238824856895,0.914877564761979,0.537201500018809,0.166550608765637
0.295456476318619,0.527301857955763,0.616411101168131,0.65977889222409,0.694169815440377,0.720797474679053,0.741913128990117,0.76021825475579,0.778016641092564,0.793339242564618,0.804115989242174,0.816932035416556,0.835882524247695,0.848402040726636,0.864925043608274,0.876627651723024,0.89161462736955,0.903370052232145,0.91502552917851,0.92633888105975,0.936139751794614,0.947657213297019,0.95614952923064,0.96540499394675,0.973671147396439,0.982591881446647,0.991832281286696,1,0.987607157739702,0.942302448189612,0.592681479067992,0.211453156042329
0.244479031448362,0.466173581556012,0.554166636520983,0.597562648722099,0.634061475308672,0.662943714506584,0.684358100033673,0.70288119465558,0.722238156709552,0.73872540545885,0.750167402648352,0.764922706789797,0.785839585558511,0.799990780301939,0.818932557213547,0.831024465811263,0.847538180959313,0.861182511367465,0.874555912460754,0.887782781773598,0.899478340683078,0.913511313088799,0.923285257392661,0.934794308286139,0.945818617957118,0.95836278718408,0.972238824856895,0.987607157739702,1,0.969697429275829,0.665246740668702,0.270170069513553
0.150026212061645,0.34968071788814,0.430677700463805,0.476068191013244,0.514131740899025,0.542903228676172,0.566441126151345,0.589476622117468,0.610468306728552,0.629978163946475,0.642398418229487,0.658397009146318,0.682025055285491,0.697950168964613,0.71878039290025,0.733697468102819,0.753313329571684,0.770893231472934,0.785483066581779,0.800687138472976,0.815404114703683,0.832419549545293,0.844896993548097,0.860039277315876,0.875159472558635,0.893261558786178,0.914877564761979,0.942302448189612,0.969697429275829,1,0.755593716066819,0.36942025583341
-0.0160696030798853,0.0898259161613939,0.129562709196811,0.155299306289386,0.183377458975802,0.203886111381829,0.220422239496942,0.233844674774731,0.246487314622753,0.260974055803405,0.26972791609611,0.286388198163321,0.30328805188172,0.313156889947055,0.328758982988664,0.342343288583801,0.360476321724498,0.377314649555661,0.391892431221678,0.407193979414437,0.425573219444945,0.443352477238912,0.458173793242251,0.471856044471969,0.48941086509597,0.510691032987372,0.537201500018809,0.592681479067992,0.665246740668702,0.755593716066819,1,0.586820890889929
-0.233901248606507,-0.240932567734506,-0.219513809661118,-0.204406826460561,-0.181292125244257,-0.164399897142113,-0.154641466883211,-0.148270261979231,-0.137788283806487,-0.126760380231348,-0.115302414900938,-0.103996952544467,-0.0869810494779141,-0.076441726950969,-0.0623474957546337,-0.0478211938643797,-0.0315244399046292,-0.0151465577841988,-0.000452421053186207,0.0168702730960507,0.032194412375726,0.0520689370910276,0.0714356775948572,0.0898648001450489,0.114963775830641,0.138807353294285,0.166550608765637,0.211453156042329,0.270170069513553,0.36942025583341,0.586820890889929,1
