1,0.713030325316535,0.619245542590971,0.571805761496137,0.532465913660602,0.500063913427069,0.474881143222291,0.45087609982331,0.424921968182784,0.401936215428773,0.380376604393238,0.365844800506802,0.340106667303608,0.317881643555421,0.299283198277663,0.285338259642086,0.264986118071775,0.250167983979688,0.234246053923336,0.220902530642017,0.203611891459161,0.187931886361519,0.172859958871043,0.157489431863338,0.134311719983353,0.117855393609327,0.0950869330334834,0.0684984025707515,0.0341872401240017,-0.0137242478023748,-0.0893395093366628,-0.140966373971234
0.713030325316535,1,0.959902333384392,0.930008795844674,0.905522904672153,0.882967783488937,0.860308893601026,0.84307603823252,0.820555021419678,0.799567187284675,0.77857298060776,0.761274006693951,0.73777703361496,0.715214301147342,0.696259065976697,0.677234420088482,0.657578010936218,0.640532569131882,0.622242436637119,0.603723084158637,0.585128031878382,0.566030689892273,0.544784803888821,0.522348669240121,0.496409805757192,0.469743137250656,0.441152933883116,0.397805408021416,0.344020651562153,0.261209192285056,0.0383059691747771,-0.147758959800759
0.619245542590971,0.959902333384392,1,0.985184651652005,0.970750521563263,0.957103844489322,0.942142705380848,0.928194398062165,0.912286927847511,0.896036564249912,0.879210954639382,0.865184592447978,0.847121672079861,0.8291550962963,0.812772209598987,0.796360503800486,0.779183202249805,0.763175420975482,0.746328409818829,0.729393976820485,0.712140444468001,0.694330716031862,0.674618903656731,0.654434528326673,0.630288672338741,0.604124102403537,0.575713681089639,0.534118946588697,0.478932603718685,0.395280413818211,0.143887215658519,-0.09186001097859
0.571805761496137,0.930008795844674,0.985184651652005,1,0.991014837359217,0.980975221612386,0.970180578647507,0.959258545081956,0.946616982052349,0.933767395757776,0.920176989284084,0.908139843274978,0.893065197393781,0.87715378116814,0.862472589648645,0.847535109478247,0.831987329117347,0.817358262862371,0.80211668092273,0.786565806037917,0.770841677347626,0.754327447494938,0.736263723203705,0.717679976582651,0.695288212881921,0.670112826753175,0.642739238367841,0.602189160139747,0.546748383525777,0.465851581455724,0.19754957020638,-0.0454762331804582
0.532465913660602,0.905522904672153,0.970750521563263,0.991014837359217,1,0.993185819147965,0.985633443371845,0.977377756569239,0.967559282510801,0.957087889925998,0.945002303703824,0.934458978380377,0.920678044878968,0.906860123089434,0.893490530168344,0.879603611407994,0.865267079970592,0.851931277365965,0.838267276490786,0.823737440062823,0.809085759263345,0.793463931463108,0.77632848315337,0.758582034201502,0.737128352699043,0.712330782087051,0.686296073107318,0.646053751222021,0.591216174211545,0.509743812747514,0.230992207324966,-0.024093632860551
0.500063913427069,0.882967783488937,0.957103844489322,0.980975221612386,0.993185819147965,1,0.995047075524893,0.988810430803342,0.980702145378512,0.972287166749313,0.961824979379264,0.952520175313835,0.940500589257021,0.928410961596608,0.91630594903462,0.90388860239395,0.89128544291727,0.879360515806927,0.866929236471211,0.853494840333222,0.840027559808004,0.825648737110312,0.809729243310933,0.793676311237236,0.773749846654602,0.750706839945524,0.725749560801898,0.687539870783695,0.634094283418062,0.554680808190061,0.270555553712824,0.00579158697740531
0.474881143222291,0.860308893601026,0.942142705380848,0.970180578647507,0.985633443371845,0.995047075524893,1,0.996121965444585,0.990336822603104,0.983328780564289,0.974195187016931,0.965880378165488,0.95497785982478,0.943916566412423,0.932859668668441,0.921197473760605,0.909291275920973,0.898629602474546,0.887145086817461,0.87438309548123,0.86211184867894,0.849022333837575,0.834157246404863,0.818935879338852,0.800536706396577,0.778555749993893,0.754440978551354,0.717516146290872,0.66502932920533,0.585730949082735,0.291594642151368,0.0188832343516209
0.45087609982331,0.84307603823252,0.928194398062165,0.959258545081956,0.977377756569239,0.988810430803342,0.996121965444585,1,0.996257327776432,0.99098405712382,0.983249601090577,0.975727710602044,0.965874443261184,0.955844583130937,0.945483846785726,0.934577257715236,0.923288487808858,0.913367945612767,0.902826421331345,0.891087974313161,0.879496871714886,0.867210325484498,0.853235207148078,0.838923591705932,0.821335891491451,0.800495014581612,0.777941298416398,0.741507423874633,0.690534422747752,0.611254266789267,0.310133483722148,0.0312421527306535
0.424921968182784,0.820555021419678,0.912286927847511,0.946616982052349,0.967559282510801,0.980702145378512,0.990336822603104,0.996257327776432,1,0.996644053979163,0.990653530648008,0.984488404076761,0.976007769115344,0.967216113404857,0.957943287687908,0.947982456344292,0.937666821174265,0.92869883573433,0.919507614934796,0.908687015062157,0.89845517705508,0.887252514599792,0.874117397504924,0.860819592937972,0.84452883082396,0.824750517653654,0.803196276017414,0.768158462272626,0.719031814660901,0.64109150453646,0.335947188414883,0.0457715353442102
0.401936215428773,0.799567187284675,0.896036564249912,0.933767395757776,0.957087889925998,0.972287166749313,0.983328780564289,0.99098405712382,0.996644053979163,1,0.996620226354195,0.992078456548941,0.985418262615495,0.9777813927299,0.96957634994407,0.960637930636282,0.9514567689155,0.943273996891698,0.934763900967045,0.924813356862617,0.915380633670293,0.904848047925439,0.89254023619942,0.880033485251876,0.864706173745593,0.845775566501621,0.82538779056271,0.79180639900823,0.743964602519873,0.666843342728692,0.357460096681161,0.0667053051687962
0.380376604393238,0.77857298060776,0.879210954639382,0.920176989284084,0.945002303703824,0.961824979379264,0.974195187016931,0.983249601090577,0.990653530648008,0.996620226354195,1,0.997447089463193,0.992577587673796,0.986654912725053,0.979983155842298,0.972169728636404,0.963951689872965,0.95649686449908,0.948727614217789,0.939759133245741,0.931057410546084,0.92160291363127,0.910158899131333,0.898391799533723,0.883960795658143,0.866205982488809,0.847042487229723,0.814843238478421,0.768513275527818,0.691964313980771,0.379498681169262,0.0871786479360037
0.365844800506802,0.761274006693951,0.865184592447978,0.908139843274978,0.934458978380377,0.952520175313835,0.965880378165488,0.975727710602044,0.984488404076761,0.992078456548941,0.997447089463193,1,0.997099742325495,0.992644307846824,0.986843239883611,0.980157680636046,0.972733413360769,0.966022962730624,0.959003789546917,0.950859955893863,0.942855476089149,0.934338081547514,0.92368110959693,0.912601995771615,0.899250541102443,0.882285189944588,0.864640187839781,0.833910221818129,0.789466212648645,0.715052101409192,0.400432240329448,0.108078401230319
0.340106667303608,0.73777703361496,0.847121672079861,0.893065197393781,0.920678044878968,0.940500589257021,0.95497785982478,0.965874443261184,0.976007769115344,0.985418262615495,0.992577587673796,0.997099742325495,1,0.997630834754865,0.993664337077951,0.988395411871854,0.982264348604964,0.976323129586736,0.970282107750597,0.963133977843234,0.956192280698627,0.948520169952829,0.939020431285404,0.928803018738955,0.916867555174955,0.901243874215317,0.884320224390932,0.855662976367111,0.813438602627805,0.742358728027205,0.429150407821181,0.136350709612329
0.317881643555421,0.715214301147342,0.8291550962963,0.87715378116814,0.906860123089434,0.928410961596608,0.943916566412423,0.955844583130937,0.967216113404857,0.9777813927299,0.986654912725053,0.992644307846824,0.997630834754865,1,0.997729441589465,0.99392731428739,0.988906780013696,0.983776039720121,0.978550692870333,0.972059555369753,0.965820400293635,0.959093132207843,0.950421227885241,0.940834331243125,0.929736450963376,0.915298346865629,0.89912715321126,0.871375250521371,0.830922663789854,0.760984718271396,0.446341779882749,0.152818664896307
0.299283198277663,0.696259065976697,0.812772209598987,0.862472589648645,0.893490530168344,0.91630594903462,0.932859668668441,0.945483846785726,0.957943287687908,0.96957634994407,0.979983155842298,0.986843239883611,0.993664337077951,0.997729441589465,1,0.997808814158635,0.994247689290526,0.990158586165508,0.985664564394234,0.980082684048715,0.974636224594301,0.968818320712928,0.961278403260399,0.952627068838615,0.942279311986591,0.928860857779657,0.913557144716591,0.887011656169759,0.848286910004593,0.780143915257928,0.464423399685178,0.171344987566078
0.285338259642086,0.677234420088482,0.796360503800486,0.847535109478247,0.879603611407994,0.90388860239395,0.921197473760605,0.934577257715236,0.947982456344292,0.960637930636282,0.972169728636404,0.980157680636046,0.988395411871854,0.99392731428739,0.997808814158635,1,0.997994126054017,0.994764014256426,0.990976728216225,0.986200622496997,0.98156533007454,0.976511897837897,0.969798385526618,0.961958466476247,0.952323714065518,0.939632165300512,0.925157503448108,0.900286441042454,0.863453871199832,0.796892536110247,0.484967902260378,0.194201564389117
0.264986118071775,0.657578010936218,0.779183202249805,0.831987329117347,0.865267079970592,0.89128544291727,0.909291275920973,0.923288487808858,0.937666821174265,0.9514567689155,0.963951689872965,0.972733413360769,0.982264348604964,0.988906780013696,0.994247689290526,0.997994126054017,1,0.998026374433377,0.995117682462712,0.991174230677277,0.987045000795297,0.982408692527616,0.976256153190766,0.969168715158358,0.960207146785056,0.948318976996367,0.934597990899765,0.911262423041738,0.876041498180933,0.810550662296818,0.499222383871531,0.208641129537697
0.250167983979688,0.640532569131882,0.763175420975482,0.817358262862371,0.851931277365965,0.879360515806927,0.898629602474546,0.913367945612767,0.92869883573433,0.943273996891698,0.95649686449908,0.966022962730624,0.976323129586736,0.983776039720121,0.990158586165508,0.994764014256426,0.998026374433377,1,0.998305489763898,0.995267998577726,0.991631159649221,0.987618819458177,0.981950676424124,0.975497628950086,0.967134209839465,0.955598406664191,0.942853277221621,0.920621914610222,0.886796643974631,0.823030850302117,0.514757822937983,0.219928315754406
0.234246053923336,0.622242436637119,0.746328409818829,0.80211668092273,0.838267276490786,0.866929236471211,0.887145086817461,0.902826421331345,0.919507614934796,0.934763900967045,0.948727614217789,0.959003789546917,0.970282107750597,0.978550692870333,0.985664564394234,0.990976728216225,0.995117682462712,0.998305489763898,1,0.998201778845049,0.995491045702827,0.992035436104482,0.987145559136354,0.981306401533174,0.973722460757453,0.963340221690999,0.951665980868948,0.930879000310337,0.898611270937901,0.83683809396228,0.529749588797592,0.23171581167586
0.220902530642017,0.603723084158637,0.729393976820485,0.786565806037917,0.823737440062823,0.853494840333222,0.87438309548123,0.891087974313161,0.908687015062157,0.924813356862617,0.939759133245741,0.950859955893863,0.963133977843234,0.972059555369753,0.980082684048715,0.986200622496997,0.991174230677277,0.995267998577726,0.998201778845049,1,0.99829794855796,0.995332089014292,0.990922545384598,0.985883458344563,0.978898927055667,0.969807321233085,0.959274984210203,0.939668892663095,0.909172007790594,0.849306683895926,0.542333536374915,0.242630418436358
0.203611891459161,0.585128031878382,0.712140444468001,0.770841677347626,0.809085759263345,0.840027559808004,0.86211184867894,0.879496871714886,0.89845517705508,0.915380633670293,0.931057410546084,0.942855476089149,0.956192280698627,0.965820400293635,0.974636224594301,0.98156533007454,0.987045000795297,0.991631159649221,0.995491045702827,0.99829794855796,1,0.998103896123019,0.99464254906632,0.990297529233893,0.984044117245099,0.976174766253976,0.966513519819699,0.947901943811159,0.918888346168856,0.861430782948408,0.554664053655226,0.257103947082941
0.187931886361519,0.566030689892273,0.694330716031862,0.754327447494938,0.793463931463108,0.825648737110312,0.849022333837575,0.867210325484498,0.887252514599792,0.904848047925439,0.92160291363127,0.934338081547514,0.948520169952829,0.959093132207843,0.968818320712928,0.976511897837897,0.982408692527616,0.987618819458177,0.992035436104482,0.995332089014292,0.998103896123019,1,0.997821841552696,0.994487331731661,0.989330348774082,0.982569951072611,0.973845457898914,0.956459219056384,0.929650223789498,0.874434606300649,0.569098993433739,0.273524569124301
0.172859958871043,0.544784803888821,0.674618903656731,0.736263723203705,0.77632848315337,0.809729243310933,0.834157246404863,0.853235207148078,0.874117397504924,0.89254023619942,0.910158899131333,0.92368110959693,0.939020431285404,0.950421227885241,0.961278403260399,0.969798385526618,0.976256153190766,0.981950676424124,0.987145559136354,0.990922545384598,0.99464254906632,0.997821841552696,1,0.9979082423628,0.993925477034834,0.988241157691248,0.980540500823812,0.964827433922691,0.939221391252145,0.886421918919825,0.583342442117481,0.294514214800665
0.157489431863338,0.522348669240121,0.654434528326673,0.717679976582651,0.758582034201502,0.793676311237236,0.818935879338852,0.838923591705932,0.860819592937972,0.880033485251876,0.898391799533723,0.912601995771615,0.928803018738955,0.940834331243125,0.952627068838615,0.961958466476247,0.969168715158358,0.975497628950086,0.981306401533174,0.985883458344563,0.990297529233893,0.994487331731661,0.9979082423628,1,0.99740994996921,0.992959834899062,0.986592865782645,0.972978829792035,0.949551479563128,0.900209868526948,0.602039255556242,0.316319746135576
0.134311719983353,0.496409805757192,0.630288672338741,0.695288212881921,0.737128352699043,0.773749846654602,0.800536706396577,0.821335891491451,0.84452883082396,0.864706173745593,0.883960795658143,0.899250541102443,0.916867555174955,0.929736450963376,0.942279311986591,0.952323714065518,0.960207146785056,0.967134209839465,0.973722460757453,0.978898927055667,0.984044117245099,0.989330348774082,0.993925477034834,0.99740994996921,1,0.996963571248589,0.992261374387022,0.981021438689143,0.960910881034547,0.915351715881996,0.627202832011355,0.335769126708804
0.117855393609327,0.469743137250656,0.604124102403537,0.670112826753175,0.712330782087051,0.750706839945524,0.778555749993893,0.800495014581612,0.824750517653654,0.845775566501621,0.866205982488809,0.882285189944588,0.901243874215317,0.915298346865629,0.928860857779657,0.939632165300512,0.948318976996367,0.955598406664191,0.963340221690999,0.969807321233085,0.976174766253976,0.982569951072611,0.988241157691248,0.992959834899062,0.996963571248589,1,0.996578807170724,0.98782641917055,0.970301070646683,0.928164009789104,0.64282524411761,0.352948789513443
0.0950869330334834,0.441152933883116,0.575713681089639,0.642739238367841,0.686296073107318,0.725749560801898,0.754440978551354,0.777941298416398,0.803196276017414,0.82538779056271,0.847042487229723,0.864640187839781,0.884320224390932,0.89912715321126,0.913557144716591,0.925157503448108,0.934597990899765,0.942853277221621,0.951665980868948,0.959274984210203,0.966513519819699,0.973845457898914,0.980540500823812,0.986592865782645,0.992261374387022,0.996578807170724,1,0.993514171518263,0.979339913842596,0.94114376066626,0.665322097712365,0.380174810159015
0.0684984025707515,0.397805408021416,0.534118946588697,0.602189160139747,0.646053751222021,0.687539870783695,0.717516146290872,0.741507423874633,0.768158462272626,0.79180639900823,0.814843238478421,0.833910221818129,0.855662976367111,0.871375250521371,0.887011656169759,0.900286441042454,0.911262423041738,0.920621914610222,0.930879000310337,0.939668892663095,0.947901943811159,0.956459219056384,0.964827433922691,0.972978829792035,0.981021438689143,0.98782641917055,0.993514171518263,1,0.99132002822026,0.962993748096226,0.716039546169515,0.426945645472332
0.0341872401240017,0.344020651562153,0.478932603718685,0.546748383525777,0.591216174211545,0.634094283418062,0.66502932920533,0.690534422747752,0.719031814660901,0.743964602519873,0.768513275527818,0.789466212648645,0.813438602627805,0.830922663789854,0.848286910004593,0.863453871199832,0.876041498180933,0.886796643974631,0.898611270937901,0.909172007790594,0.918888346168856,0.929650223789498,0.939221391252145,0.949551479563128,0.960910881034547,0.970301070646683,0.979339913842596,0.99132002822026,1,0.982074598160802,0.764770664178235,0.474897813350592
-0.0137242478023748,0.261209192285056,0.395280413818211,0.465851581455724,0.509743812747514,0.554680808190061,0.585730949082735,0.611254266789267,0.64109150453646,0.666843342728692,0.691964313980771,0.715052101409192,0.742358728027205,0.760984718271396,0.780143915257928,0.796892536110247,0.810550662296818,0.823030850302117,0.83683809396228,0.849306683895926,0.861430782948408,0.874434606300649,0.886421918919825,0.900209868526948,0.915351715881996,0.928164009789104,0.94114376066626,0.962993748096226,0.982074598160802,1,0.836721188216229,0.55763729615111
-0.0893395093366628,0.0383059691747771,0.143887215658519,0.19754957020638,0.230992207324966,0.270555553712824,0.291594642151368,0.310133483722148,0.335947188414883,0.357460096681161,0.379498681169262,0.400432240329448,0.429150407821181,0.446341779882749,0.464423399685178,0.484967902260378,0.499222383871531,0.514757822937983,0.529749588797592,0.542333536374915,0.554664053655226,0.569098993433739,0.583342442117481,0.602039255556242,0.627202832011355,0.64282524411761,0.665322097712365,0.716039546169515,0.764770664178235,0.836721188216229,1,0.712018448535434
-0.140966373971234,-0.147758959800759,-0.09186001097859,-0.0454762331804582,-0.024093632860551,0.00579158697740531,0.0188832343516209,0.0312421527306535,0.0457715353442102,0.0667053051687962,0.0871786479360037,0.108078401230319,0.136350709612329,0.152818664896307,0.171344987566078,0.194201564389117,0.208641129537697,0.219928315754406,0.23171581167586,0.242630418436358,0.257103947082941,0.273524569124301,0.294514214800665,0.316319746135576,0.335769126708804,0.352948789513443,0.380174810159015,0.426945645472332,0.474897813350592,0.55763729615111,0.712018448535434,1
