1,0.899344567767053,0.866629051627321,0.844437327784907,0.826896321908355,0.811409486417381,0.799058192767357,0.786780579960642,0.776030437546942,0.765045094660109,0.757504489319267,0.74400683531689,0.734353534987436,0.723522001257789,0.710806830941923,0.699757198950342,0.688725699366982,0.673056852988081,0.661827777717154,0.64943881247066,0.634312216562915,0.62085095290493,0.605663200117829,0.588787146708533,0.567389687278985,0.542530814183195,0.509470421262963,0.472792970090265,0.400887921878048,0.262917761866285,-0.107968172902992,-0.26385484995256
0.899344567767053,1,0.986440823393943,0.975113992644003,0.965137363922149,0.955676356466902,0.948453980087752,0.940200910433374,0.932785334142187,0.925188187107073,0.919844737637271,0.910024373061028,0.903094445100902,0.894619941791957,0.884742396980626,0.876520301301204,0.867819290534107,0.855798401183223,0.845902140972674,0.834602842393324,0.821964336963998,0.809907350080841,0.798347054461297,0.783698178051798,0.764112290855244,0.741763234714542,0.712560369119468,0.676946126266963,0.605160508890057,0.458992764205025,0.0235320271839603,-0.201546940081401
0.866629051627321,0.986440823393943,1,0.992574953776459,0.985587739454948,0.978719698844402,0.972717398406338,0.966113270777384,0.960094795512146,0.953842735207023,0.948948981723543,0.940949073394625,0.935102598863642,0.927663680324463,0.919131178823746,0.912123334437549,0.904514848934497,0.894255153380898,0.885630465106162,0.875383957026536,0.864431398951026,0.853676105354083,0.842899149348074,0.829659765978405,0.811266692269036,0.790870958441035,0.763785283624173,0.730405733282442,0.661704752646164,0.517662889419984,0.0721094976103384,-0.167058050518352
0.844437327784907,0.975113992644003,0.992574953776459,1,0.995733949593325,0.991059065670164,0.986542781644767,0.981393956938059,0.976385268390731,0.970731756030125,0.965977390611837,0.958829370107492,0.953553114621461,0.947043290337827,0.939340609838023,0.932778768092132,0.925541991402026,0.915997671865684,0.908071934314151,0.898607705923053,0.888557220827273,0.878521442539235,0.868881586976091,0.856934011183645,0.839613030701367,0.820276204796678,0.794886843756314,0.762721760823429,0.695175358344691,0.551706908712684,0.0979219007628093,-0.153975509990807
0.826896321908355,0.965137363922149,0.985587739454948,0.995733949593325,1,0.99659949095612,0.993124248091067,0.989155586763147,0.9849653446747,0.980148239565998,0.975621439057133,0.969553119438235,0.964745187896806,0.958985768219639,0.951718832195284,0.945938869518856,0.939115832296632,0.930438322427668,0.923377591565209,0.914671237779067,0.905295391170729,0.896165718639053,0.887466205957841,0.876515332235175,0.860186449729386,0.842677767034102,0.818461752007971,0.787404026138123,0.721273002946826,0.579714755618142,0.118948586686855,-0.143663800939257
0.811409486417381,0.955676356466902,0.978719698844402,0.991059065670164,0.99659949095612,1,0.997493200524523,0.99416097071286,0.990550725469498,0.986283886115583,0.981930518169237,0.976556046074785,0.972529932287414,0.967400809624516,0.960757365665934,0.955525368522389,0.949019487855126,0.941212201146508,0.9344219033103,0.92624628053965,0.917432588522144,0.908845226687951,0.900688429265433,0.890630892258556,0.874945763591742,0.858535752975409,0.835343121060386,0.805643960614717,0.741002508457901,0.601339882997056,0.14108697317621,-0.127451527666674
0.799058192767357,0.948453980087752,0.972717398406338,0.986542781644767,0.993124248091067,0.997493200524523,1,0.997888142911902,0.99496375072611,0.991294685883309,0.987402110347224,0.982600493942627,0.978831300569546,0.973950259267008,0.967539154057555,0.962634252323158,0.956545254058497,0.949298370563997,0.943125810139694,0.935420820377855,0.927152482794268,0.918963800382943,0.911283517272429,0.901949985562609,0.887289036172323,0.87175504135485,0.84947397304798,0.821350389745982,0.758232059556375,0.62073127330012,0.160021818780413,-0.115983575697123
0.786780579960642,0.940200910433374,0.966113270777384,0.981393956938059,0.989155586763147,0.99416097071286,0.997888142911902,1,0.998063130311014,0.99508775100346,0.991683199082394,0.987465312599402,0.98388445149384,0.97926687231045,0.973343390373446,0.968805505667951,0.963271964842469,0.956551892637155,0.950891549697298,0.943613882933453,0.93593885815726,0.928308199881269,0.921442964838228,0.912838804373279,0.899351613038216,0.884853306810725,0.863741718579797,0.836770216332221,0.775515422399288,0.640670935051942,0.180082955151197,-0.101065704071794
0.776030437546942,0.932785334142187,0.960094795512146,0.976385268390731,0.9849653446747,0.990550725469498,0.99496375072611,0.998063130311014,1,0.998077288722465,0.995220524196532,0.991488210592434,0.988061248252813,0.983762121251704,0.978400032531379,0.974130530619824,0.968978384940595,0.962816009343762,0.957544712638122,0.950733667563975,0.943469918631629,0.936364125578843,0.929934276923553,0.921858359322027,0.909358416811042,0.895526566323854,0.875136054228753,0.849165505740344,0.789700209684702,0.656532827522974,0.194336512363714,-0.0912241462747719
0.765045094660109,0.925188187107073,0.953842735207023,0.970731756030125,0.980148239565998,0.986283886115583,0.991294685883309,0.99508775100346,0.998077288722465,1,0.998358226790469,0.995679975403195,0.992752145400505,0.988868620572748,0.98408241778891,0.979981955865012,0.975251779954652,0.969651086461853,0.964871440273084,0.95869448263701,0.951992414612009,0.945287240280533,0.939222519673028,0.931646060891907,0.919982988218161,0.906976843962923,0.887713545512408,0.862489690655888,0.804586010784318,0.672434471586892,0.208686957859434,-0.0777056635353068
0.757504489319267,0.919844737637271,0.948948981723543,0.965977390611837,0.975621439057133,0.981930518169237,0.987402110347224,0.991683199082394,0.995220524196532,0.998358226790469,1,0.998350773501326,0.995743765719548,0.992262818465506,0.98804291612926,0.984294682398087,0.980096896412482,0.974972343652218,0.970574462289251,0.965001543995114,0.958706361715533,0.952439969401512,0.946739806852823,0.939472055751972,0.928406170400184,0.915678219671835,0.897270831720536,0.872640214670246,0.816488594587254,0.686423591546765,0.223468057150222,-0.0688605917349887
0.74400683531689,0.910024373061028,0.940949073394625,0.958829370107492,0.969553119438235,0.976556046074785,0.982600493942627,0.987465312599402,0.991488210592434,0.995679975403195,0.998350773501326,1,0.998352029922494,0.995762639028605,0.992357405886892,0.989149177526751,0.985425245937554,0.980815556231743,0.976942368263058,0.971885321594019,0.966244592670074,0.960394523879136,0.954944971378169,0.948428301748584,0.937796730219,0.925702894500653,0.908214052387671,0.884423182428506,0.829618201560077,0.701974798645241,0.239009890057828,-0.060653854116665
0.734353534987436,0.903094445100902,0.935102598863642,0.953553114621461,0.964745187896806,0.972529932287414,0.978831300569546,0.98388445149384,0.988061248252813,0.992752145400505,0.995743765719548,0.998352029922494,1,0.998473189560295,0.995889054754582,0.993030204135618,0.989579470663307,0.98535919755652,0.981620313402326,0.976866901864716,0.971690698836605,0.966147775147306,0.960987296065249,0.954942764021745,0.944756541143524,0.932972927092742,0.91629870232275,0.893265704852965,0.839463158345984,0.713109499037272,0.250025646048435,-0.0522409611195444
0.723522001257789,0.894619941791957,0.927663680324463,0.947043290337827,0.958985768219639,0.967400809624516,0.973950259267008,0.97926687231045,0.983762121251704,0.988868620572748,0.992262818465506,0.995762639028605,0.998473189560295,1,0.998518712789147,0.996386626339373,0.993437936402948,0.989640983925796,0.986311004137694,0.981983550147785,0.977122198810257,0.971709823604936,0.966869267115033,0.961111558491754,0.951587990383459,0.940381563956846,0.924021952856486,0.901605276262487,0.84933207815927,0.724790988571777,0.26312435597063,-0.0458638303061909
0.710806830941923,0.884742396980626,0.919131178823746,0.939340609838023,0.951718832195284,0.960757365665934,0.967539154057555,0.973343390373446,0.978400032531379,0.98408241778891,0.98804291612926,0.992357405886892,0.995889054754582,0.998518712789147,1,0.998692788637936,0.996367659216661,0.993306487731191,0.990313055017403,0.986684188279114,0.982262361429801,0.977345456064667,0.972694226522235,0.967254782883859,0.958448718005509,0.947805167505817,0.932165333296034,0.910563237963309,0.86041550814287,0.73813468528912,0.279538021602178,-0.0360760656485886
0.699757198950342,0.876520301301204,0.912123334437549,0.932778768092132,0.945938869518856,0.955525368522389,0.962634252323158,0.968805505667951,0.974130530619824,0.979981955865012,0.984294682398087,0.989149177526751,0.993030204135618,0.996386626339373,0.998692788637936,1,0.998616876865086,0.996400462473942,0.993901309475677,0.990720977458373,0.986655986273802,0.98216000662046,0.977752057428116,0.972382965181102,0.964044359430646,0.954440984939822,0.939287563937178,0.918375825996844,0.870182512536296,0.749537908667819,0.292825558063995,-0.0288654857875423
0.688725699366982,0.867819290534107,0.904514848934497,0.925541991402026,0.939115832296632,0.949019487855126,0.956545254058497,0.963271964842469,0.968978384940595,0.975251779954652,0.980096896412482,0.985425245937554,0.989579470663307,0.993437936402948,0.996367659216661,0.998616876865086,1,0.998469363365795,0.996362651016956,0.993798434865165,0.990188674565404,0.986165682911899,0.982245011770545,0.977107471184585,0.969463065096008,0.960635875812821,0.946076498147639,0.925594567984216,0.879452286722244,0.761522462727434,0.307215302440159,-0.0149397575751196
0.673056852988081,0.855798401183223,0.894255153380898,0.915997671865684,0.930438322427668,0.941212201146508,0.949298370563997,0.956551892637155,0.962816009343762,0.969651086461853,0.974972343652218,0.980815556231743,0.98535919755652,0.989640983925796,0.993306487731191,0.996400462473942,0.998469363365795,1,0.998653431684792,0.99680341931809,0.993975919699536,0.990584315787332,0.987038008895942,0.982452832193837,0.975498351052975,0.967593487671642,0.953886230142362,0.934501825800362,0.890711649145388,0.775202090245303,0.324827546940921,-0.00348281449729819
0.661827777717154,0.845902140972674,0.885630465106162,0.908071934314151,0.923377591565209,0.9344219033103,0.943125810139694,0.950891549697298,0.957544712638122,0.964871440273084,0.970574462289251,0.976942368263058,0.981620313402326,0.986311004137694,0.990313055017403,0.993901309475677,0.996362651016956,0.998653431684792,1,0.998660396204775,0.996403037685228,0.993555345120959,0.990452725712876,0.986342936509793,0.980137790208747,0.973066709665018,0.960256528832831,0.941881535203358,0.900111641908431,0.787595656807109,0.339935710271413,0.00959194249629426
0.64943881247066,0.834602842393324,0.875383957026536,0.898607705923053,0.914671237779067,0.92624628053965,0.935420820377855,0.943613882933453,0.950733667563975,0.95869448263701,0.965001543995114,0.971885321594019,0.976866901864716,0.981983550147785,0.986684188279114,0.990720977458373,0.993798434865165,0.99680341931809,0.998660396204775,1,0.998521914200608,0.996267126364993,0.993364586961117,0.989540915018977,0.983920959100992,0.977415243972591,0.965215624299821,0.947585227094855,0.906662972158821,0.796093993961372,0.349627954396738,0.0201536995440043
0.634312216562915,0.821964336963998,0.864431398951026,0.888557220827273,0.905295391170729,0.917432588522144,0.927152482794268,0.93593885815726,0.943469918631629,0.951992414612009,0.958706361715533,0.966244592670074,0.971690698836605,0.977122198810257,0.982262361429801,0.986655986273802,0.990188674565404,0.993975919699536,0.996403037685228,0.998521914200608,1,0.998513805798898,0.996180076440778,0.993094196304246,0.988207749670617,0.98235581897743,0.970974802866068,0.954455008610618,0.9151292261906,0.806900651549323,0.36109668055855,0.0310677105341111
0.62085095290493,0.809907350080841,0.853676105354083,0.878521442539235,0.896165718639053,0.908845226687951,0.918963800382943,0.928308199881269,0.936364125578843,0.945287240280533,0.952439969401512,0.960394523879136,0.966147775147306,0.971709823604936,0.977345456064667,0.98216000662046,0.986165682911899,0.990584315787332,0.993555345120959,0.996267126364993,0.998513805798898,1,0.99836826518407,0.995939454251323,0.991767210739762,0.986402736222147,0.97601154978292,0.960245821140362,0.922682039179626,0.816900375861802,0.374625545771444,0.0436660270351078
0.605663200117829,0.798347054461297,0.842899149348074,0.868881586976091,0.887466205957841,0.900688429265433,0.911283517272429,0.921442964838228,0.929934276923553,0.939222519673028,0.946739806852823,0.954944971378169,0.960987296065249,0.966869267115033,0.972694226522235,0.977752057428116,0.982245011770545,0.987038008895942,0.990452725712876,0.993364586961117,0.996180076440778,0.99836826518407,1,0.998309295165525,0.99520736034971,0.990332478332942,0.981336691349826,0.966638801589841,0.931227725049291,0.828923848693126,0.390640790938283,0.059383911133403
0.588787146708533,0.783698178051798,0.829659765978405,0.856934011183645,0.876515332235175,0.890630892258556,0.901949985562609,0.912838804373279,0.921858359322027,0.931646060891907,0.939472055751972,0.948428301748584,0.954942764021745,0.961111558491754,0.967254782883859,0.972382965181102,0.977107471184585,0.982452832193837,0.986342936509793,0.989540915018977,0.993094196304246,0.995939454251323,0.998309295165525,1,0.997667601195269,0.993612451955004,0.985812411401827,0.972496284315464,0.939447730611683,0.840030853290741,0.405764896020472,0.0734642456021427
0.567389687278985,0.764112290855244,0.811266692269036,0.839613030701367,0.860186449729386,0.874945763591742,0.887289036172323,0.899351613038216,0.909358416811042,0.919982988218161,0.928406170400184,0.937796730219,0.944756541143524,0.951587990383459,0.958448718005509,0.964044359430646,0.969463065096008,0.975498351052975,0.980137790208747,0.983920959100992,0.988207749670617,0.991767210739762,0.99520736034971,0.997667601195269,1,0.997165927073454,0.991328745121189,0.980412467674629,0.950571118235406,0.856614569395718,0.429436747487574,0.0948771349866163
0.542530814183195,0.741763234714542,0.790870958441035,0.820276204796678,0.842677767034102,0.858535752975409,0.87175504135485,0.884853306810725,0.895526566323854,0.906976843962923,0.915678219671835,0.925702894500653,0.932972927092742,0.940381563956846,0.947805167505817,0.954440984939822,0.960635875812821,0.967593487671642,0.973066709665018,0.977415243972591,0.98235581897743,0.986402736222147,0.990332478332942,0.993612451955004,0.997165927073454,1,0.995782841086726,0.98715396762593,0.961558729803229,0.873287915157364,0.453519647867078,0.1171141059349
0.509470421262963,0.712560369119468,0.763785283624173,0.794886843756314,0.818461752007971,0.835343121060386,0.84947397304798,0.863741718579797,0.875136054228753,0.887713545512408,0.897270831720536,0.908214052387671,0.91629870232275,0.924021952856486,0.932165333296034,0.939287563937178,0.946076498147639,0.953886230142362,0.960256528832831,0.965215624299821,0.970974802866068,0.97601154978292,0.981336691349826,0.985812411401827,0.991328745121189,0.995782841086726,1,0.994595438314943,0.973908813155637,0.89505409193203,0.492148402754964,0.151432823333339
0.472792970090265,0.676946126266963,0.730405733282442,0.762721760823429,0.787404026138123,0.805643960614717,0.821350389745982,0.836770216332221,0.849165505740344,0.862489690655888,0.872640214670246,0.884423182428506,0.893265704852965,0.901605276262487,0.910563237963309,0.918375825996844,0.925594567984216,0.934501825800362,0.941881535203358,0.947585227094855,0.954455008610618,0.960245821140362,0.966638801589841,0.972496284315464,0.980412467674629,0.98715396762593,0.994595438314943,1,0.984992724779564,0.916264403020495,0.53036969438801,0.187459116916751
0.400887921878048,0.605160508890057,0.661704752646164,0.695175358344691,0.721273002946826,0.741002508457901,0.758232059556375,0.775515422399288,0.789700209684702,0.804586010784318,0.816488594587254,0.829618201560077,0.839463158345984,0.84933207815927,0.86041550814287,0.870182512536296,0.879452286722244,0.890711649145388,0.900111641908431,0.906662972158821,0.9151292261906,0.922682039179626,0.931227725049291,0.939447730611683,0.950571118235406,0.961558729803229,0.973908813155637,0.984992724779564,1,0.959416908934911,0.626626118187668,0.253808299655003
0.262917761866285,0.458992764205025,0.517662889419984,0.551706908712684,0.579714755618142,0.601339882997056,0.62073127330012,0.640670935051942,0.656532827522974,0.672434471586892,0.686423591546765,0.701974798645241,0.713109499037272,0.724790988571777,0.73813468528912,0.749537908667819,0.761522462727434,0.775202090245303,0.787595656807109,0.796093993961372,0.806900651549323,0.816900375861802,0.828923848693126,0.840030853290741,0.856614569395718,0.873287915157364,0.89505409193203,0.916264403020495,0.959416908934911,1,0.770786648060003,0.362159301694919
-0.107968172902992,0.0235320271839603,0.0721094976103384,0.0979219007628093,0.118948586686855,0.14108697317621,0.160021818780413,0.180082955151197,0.194336512363714,0.208686957859434,0.223468057150222,0.239009890057828,0.250025646048435,0.26312435597063,0.279538021602178,0.292825558063995,0.307215302440159,0.324827546940921,0.339935710271413,0.349627954396738,0.36109668055855,0.374625545771444,0.390640790938283,0.405764896020472,0.429436747487574,0.453519647867078,0.492148402754964,0.53036969438801,0.626626118187668,0.770786648060003,1,0.60406036421226
-0.26385484995256,-0.201546940081401,-0.167058050518352,-0.153975509990807,-0.143663800939257,-0.127451527666674,-0.115983575697123,-0.101065704071794,-0.0912241462747719,-0.0777056635353068,-0.0688605917349887,-0.060653854116665,-0.0522409611195444,-0.0458638303061909,-0.0360760656485886,-0.0288654857875423,-0.0149397575751196,-0.00348281449729819,0.00959194249629426,0.0201536995440043,0.0310677105341111,0.0436660270351078,0.059383911133403,0.0734642456021427,0.0948771349866163,0.1171141059349,0.151432823333339,0.187459116916751,0.253808299655003,0.362159301694919,0.60406036421226,1
