1,0.833721645612306,0.777041608646965,0.739730892781896,0.699115650689543,0.664774325289507,0.63912058802409,0.61873582851027,0.60382423468475,0.584977209406493,0.565763491985291,0.546967703796726,0.53587959014921,0.517046457242951,0.496069361323201,0.481572453220283,0.463944849998275,0.444457895438863,0.429791476218007,0.403463222870792,0.38835539737113,0.365527945224946,0.348558329324189,0.335134882359299,0.311848070218978,0.280842280359199,0.224822827062404,0.122371685400209,0.0988584370694402,0.0529044483736872,0.0287247024396027,0.0240511322758239
0.833721645612306,1,0.956125358347699,0.927117398862062,0.89796839645578,0.872602511784362,0.85128248026666,0.830518209845139,0.820590957855396,0.803944264662591,0.788117920635853,0.775472321689044,0.763661158955922,0.744802461144602,0.728431035915333,0.715743808104305,0.695986079184943,0.677977343837967,0.660010562763001,0.63605684831048,0.622350617269127,0.601414577896371,0.580555421301017,0.562378484115385,0.529977789888823,0.488386605844203,0.415114617473183,0.25326611182497,0.222481306955515,0.181815374110553,0.157334951041472,0.134727440928853
0.777041608646965,0.956125358347699,1,0.973409924249852,0.948546216540923,0.927094516788406,0.907853824747386,0.891460344303086,0.883302493942711,0.871301626410422,0.857827064668378,0.845436832374519,0.83512203022798,0.817702622592742,0.803225538575836,0.790409451592198,0.771475462867895,0.754005493890378,0.737465607363854,0.715179816836889,0.702383698852881,0.680974985254446,0.661209453526574,0.64333246528286,0.612401381053321,0.572943398647325,0.490844306416532,0.302575634319844,0.278130710688757,0.24444911611838,0.219065666255642,0.176232083908912
0.739730892781896,0.927117398862062,0.973409924249852,1,0.980470890025962,0.962614976177355,0.946106535822813,0.9318640965112,0.924282912176128,0.911946777952057,0.899154288661672,0.886955906858925,0.87771123554447,0.862905957053435,0.849073727887229,0.837670731918382,0.821041920697194,0.804906865041823,0.789160693341901,0.767174305399907,0.754134140477168,0.733212976883349,0.713524054405063,0.697961850566503,0.669162495894577,0.627308315341917,0.539005804594663,0.329713658488598,0.30758572429114,0.272173376310642,0.246932382387525,0.21042016466431
0.699115650689543,0.89796839645578,0.948546216540923,0.980470890025962,1,0.988731119963496,0.974419055495625,0.961803282561526,0.955269563525096,0.943546836709881,0.932370436539866,0.920726716286995,0.911622063056419,0.898298329963907,0.886451345383597,0.875213082609274,0.858736220909219,0.843665210211905,0.827918138784656,0.808437225428,0.796579809794625,0.777376307895874,0.757198399827597,0.74161834878997,0.713032634040134,0.669638935511832,0.572563275728327,0.34899382374071,0.3279746170365,0.298916305838188,0.275962724845684,0.247196678404825
0.664774325289507,0.872602511784362,0.927094516788406,0.962614976177355,0.988731119963496,1,0.989428520070588,0.976991030728963,0.969354026908958,0.959320266858215,0.950511015163579,0.940587576907561,0.931208977348095,0.919158913846807,0.908882536026039,0.899066968585107,0.882942248657063,0.868379782954714,0.853478839645462,0.835782361754231,0.825367222718697,0.806469978973951,0.786809426183086,0.771049633592335,0.742017808616582,0.698214668191679,0.60077919345763,0.372433694109386,0.352390068802362,0.324029687230012,0.297921246826896,0.274270569389095
0.63912058802409,0.85128248026666,0.907853824747386,0.946106535822813,0.974419055495625,0.989428520070588,1,0.991282112356699,0.983486500663529,0.973178251364538,0.965622264446595,0.957102758351255,0.947741095544751,0.937159471219152,0.92766668363434,0.918470320820213,0.904928611086909,0.891569505962174,0.878276052195025,0.861770612267568,0.852145227912266,0.834507957248691,0.815792770937545,0.798966220864291,0.770554456215532,0.725626472980417,0.62509768820442,0.38654802911294,0.365078107935789,0.337131821041081,0.312996596540586,0.298887737646733
0.61873582851027,0.830518209845139,0.891460344303086,0.9318640965112,0.961803282561526,0.976991030728963,0.991282112356699,1,0.993489801620814,0.984977247479785,0.979133667887839,0.971333186664148,0.963429807383459,0.95410996588459,0.944660262630907,0.93558673685194,0.923704902129855,0.911483519583482,0.899417773377417,0.883673312762,0.873364742172124,0.857814646506706,0.839986177008037,0.824573451252987,0.796677176149584,0.752966218771573,0.647396234037984,0.399413595565142,0.386059357942723,0.365545907026429,0.336814352757136,0.325076139899621
0.60382423468475,0.820590957855396,0.883302493942711,0.924282912176128,0.955269563525096,0.969354026908958,0.983486500663529,0.993489801620814,1,0.993674157217405,0.987886775959164,0.980474283111358,0.973275271860416,0.964098897965644,0.954755696185811,0.945554290965924,0.934039400001375,0.922293497495779,0.910601490786636,0.895656123187259,0.88562973635346,0.87037848809903,0.852606129487286,0.838436440549606,0.811712361302421,0.768758576921526,0.661433892957006,0.411563762044908,0.402102863584388,0.384233560166376,0.356161998103809,0.340467446940946
0.584977209406493,0.803944264662591,0.871301626410422,0.911946777952057,0.943546836709881,0.959320266858215,0.973178251364538,0.984977247479785,0.993674157217405,1,0.995149546864959,0.987991491174728,0.981648754075961,0.973535777717738,0.965036217562885,0.956744643027929,0.945598922075862,0.933789892033355,0.922369082346744,0.908259651824326,0.89789493226721,0.883678635529972,0.866887026591941,0.853732887708194,0.828478994656232,0.787650777697191,0.681107825313501,0.425368157125289,0.418116986147237,0.404081079285142,0.37364428617734,0.349824447290183
0.565763491985291,0.788117920635853,0.857827064668378,0.899154288661672,0.932370436539866,0.950511015163579,0.965622264446595,0.979133667887839,0.987886775959164,0.995149546864959,1,0.995202765929386,0.989670738089153,0.982612034718023,0.975150917097696,0.967647651578114,0.957676124127333,0.947185310807295,0.936619922186635,0.923961710364439,0.913236890191994,0.899776235218838,0.88446731398287,0.872148341648876,0.84764973665717,0.807450867100625,0.700445185812834,0.437527008651851,0.430612273950339,0.420183490517916,0.388228923405666,0.365485033237934
0.546967703796726,0.775472321689044,0.845436832374519,0.886955906858925,0.920726716286995,0.940587576907561,0.957102758351255,0.971333186664148,0.980474283111358,0.987991491174728,0.995202765929386,1,0.995806344022759,0.989842629042356,0.98343059737364,0.976261044490814,0.968003809206303,0.958813874814963,0.949015440582456,0.93807936268479,0.927673838649686,0.914828006789804,0.900693340878015,0.888645626071201,0.865254123309815,0.827004364982283,0.720074031632549,0.452273449619231,0.445845192050577,0.439114488906239,0.406680553180838,0.384246073686482
0.53587959014921,0.763661158955922,0.83512203022798,0.87771123554447,0.911622063056419,0.931208977348095,0.947741095544751,0.963429807383459,0.973275271860416,0.981648754075961,0.989670738089153,0.995806344022759,1,0.995958048991089,0.990581050548995,0.984064669837513,0.976579403799124,0.968769876787744,0.95940489302664,0.948726499810451,0.93749929836232,0.925016712636989,0.91173188548023,0.900476508741467,0.877862141710566,0.841006489207386,0.735650552828612,0.467241308668316,0.46435941061778,0.458612925714246,0.424122911848438,0.394047553081111
0.517046457242951,0.744802461144602,0.817702622592742,0.862905957053435,0.898298329963907,0.919158913846807,0.937159471219152,0.95410996588459,0.964098897965644,0.973535777717738,0.982612034718023,0.989842629042356,0.995958048991089,1,0.995899598578618,0.990513710201701,0.984022281092161,0.977522043399198,0.969485813058557,0.960188963035161,0.949487560628874,0.93748391317316,0.925915536064584,0.916002094694607,0.895938091517738,0.860925173483003,0.757338939285758,0.485185166592161,0.484968866951418,0.481187566502889,0.443739847202299,0.411685318564108
0.496069361323201,0.728431035915333,0.803225538575836,0.849073727887229,0.886451345383597,0.908882536026039,0.92766668363434,0.944660262630907,0.954755696185811,0.965036217562885,0.975150917097696,0.98343059737364,0.990581050548995,0.995899598578618,1,0.99640840138087,0.990835224215988,0.984319087195649,0.976686273583755,0.967571318704889,0.957324881734506,0.946382363012929,0.935029808398985,0.924885047965291,0.904654112648497,0.869829092200683,0.766124018593083,0.490906648721974,0.492367362364441,0.49222633134128,0.454301726300033,0.42044822753643
0.481572453220283,0.715743808104305,0.790409451592198,0.837670731918382,0.875213082609274,0.899066968585107,0.918470320820213,0.93558673685194,0.945554290965924,0.956744643027929,0.967647651578114,0.976261044490814,0.984064669837513,0.990513710201701,0.99640840138087,1,0.99604322998844,0.989857292220752,0.982731061500855,0.974086530104912,0.963996417492508,0.954362426980595,0.943515752759993,0.933179260023661,0.913458592908354,0.879071280760814,0.775671479620216,0.495348142209718,0.497934556630039,0.50057837291339,0.462474739441593,0.430218758828479
0.463944849998275,0.695986079184943,0.771475462867895,0.821041920697194,0.858736220909219,0.882942248657063,0.904928611086909,0.923704902129855,0.934039400001375,0.945598922075862,0.957676124127333,0.968003809206303,0.976579403799124,0.984022281092161,0.990835224215988,0.99604322998844,1,0.995876600849905,0.99036469995049,0.982573927597351,0.973706583131614,0.964854757856668,0.954343181114685,0.9441438713071,0.924740371605242,0.891429567880236,0.787305981337043,0.505235111269368,0.508875586736533,0.51277385853158,0.476180952417323,0.444660864110867
0.444457895438863,0.677977343837967,0.754005493890378,0.804906865041823,0.843665210211905,0.868379782954714,0.891569505962174,0.911483519583482,0.922293497495779,0.933789892033355,0.947185310807295,0.958813874814963,0.968769876787744,0.977522043399198,0.984319087195649,0.989857292220752,0.995876600849905,1,0.996248150508479,0.990131700996462,0.982533985881893,0.97463338827947,0.965518417698396,0.956444977285042,0.938398502115536,0.907776928556373,0.807283267765434,0.531593144695125,0.534351821590346,0.536221534065558,0.501559021550721,0.463488958450549
0.429791476218007,0.660010562763001,0.737465607363854,0.789160693341901,0.827918138784656,0.853478839645462,0.878276052195025,0.899417773377417,0.910601490786636,0.922369082346744,0.936619922186635,0.949015440582456,0.95940489302664,0.969485813058557,0.976686273583755,0.982731061500855,0.99036469995049,0.996248150508479,1,0.995605844406702,0.989262811598831,0.98178956242729,0.97398415333341,0.965468648685605,0.948343266533857,0.919155111356666,0.818651102125998,0.53971830995146,0.542991128224355,0.546863219245275,0.515486230401733,0.475370502545194
0.403463222870792,0.63605684831048,0.715179816836889,0.767174305399907,0.808437225428,0.835782361754231,0.861770612267568,0.883673312762,0.895656123187259,0.908259651824326,0.923961710364439,0.93807936268479,0.948726499810451,0.960188963035161,0.967571318704889,0.974086530104912,0.982573927597351,0.990131700996462,0.995605844406702,1,0.995254771081737,0.98928632743377,0.982212874497565,0.973922836937029,0.957905482043866,0.930132987478878,0.833008616773439,0.561029874246438,0.564906626255567,0.569957013485054,0.541370053342164,0.496226500621837
0.38835539737113,0.622350617269127,0.702383698852881,0.754134140477168,0.796579809794625,0.825367222718697,0.852145227912266,0.873364742172124,0.88562973635346,0.89789493226721,0.913236890191994,0.927673838649686,0.93749929836232,0.949487560628874,0.957324881734506,0.963996417492508,0.973706583131614,0.982533985881893,0.989262811598831,0.995254771081737,1,0.994717653839725,0.988055835896893,0.979426119834043,0.962972763643025,0.936290377031935,0.843123697602287,0.578418196828374,0.580820810011675,0.584328382648831,0.559070060415015,0.511342548484409
0.365527945224946,0.601414577896371,0.680974985254446,0.733212976883349,0.777376307895874,0.806469978973951,0.834507957248691,0.857814646506706,0.87037848809903,0.883678635529972,0.899776235218838,0.914828006789804,0.925016712636989,0.93748391317316,0.946382363012929,0.954362426980595,0.964854757856668,0.97463338827947,0.98178956242729,0.98928632743377,0.994717653839725,1,0.994917460663223,0.986792550454346,0.970939548244342,0.943674170970492,0.84923114638076,0.57893165269247,0.582019883404796,0.592318803386285,0.565328205080096,0.517388970449249
0.348558329324189,0.580555421301017,0.661209453526574,0.713524054405063,0.757198399827597,0.786809426183086,0.815792770937545,0.839986177008037,0.852606129487286,0.866887026591941,0.88446731398287,0.900693340878015,0.91173188548023,0.925915536064584,0.935029808398985,0.943515752759993,0.954343181114685,0.965518417698396,0.97398415333341,0.982212874497565,0.988055835896893,0.994917460663223,1,0.994023521018486,0.981479697864818,0.958920577620185,0.87275962843202,0.60094613108975,0.601884405504512,0.611837467556402,0.585341783007059,0.536721597932732
0.335134882359299,0.562378484115385,0.64333246528286,0.697961850566503,0.74161834878997,0.771049633592335,0.798966220864291,0.824573451252987,0.838436440549606,0.853732887708194,0.872148341648876,0.888645626071201,0.900476508741467,0.916002094694607,0.924885047965291,0.933179260023661,0.9441438713071,0.956444977285042,0.965468648685605,0.973922836937029,0.979426119834043,0.986792550454346,0.994023521018486,1,0.992046418252798,0.973150061911642,0.88905620069143,0.610064565374969,0.615981852443644,0.630669806813168,0.603281353279693,0.555015292897446
0.311848070218978,0.529977789888823,0.612401381053321,0.669162495894577,0.713032634040134,0.742017808616582,0.770554456215532,0.796677176149584,0.811712361302421,0.828478994656232,0.84764973665717,0.865254123309815,0.877862141710566,0.895938091517738,0.904654112648497,0.913458592908354,0.924740371605242,0.938398502115536,0.948343266533857,0.957905482043866,0.962972763643025,0.970939548244342,0.981479697864818,0.992046418252798,1,0.987229499965287,0.907018653499208,0.622233692932431,0.630974807280116,0.649437526748375,0.621925081081531,0.569915548674623
0.280842280359199,0.488386605844203,0.572943398647325,0.627308315341917,0.669638935511832,0.698214668191679,0.725626472980417,0.752966218771573,0.768758576921526,0.787650777697191,0.807450867100625,0.827004364982283,0.841006489207386,0.860925173483003,0.869829092200683,0.879071280760814,0.891429567880236,0.907776928556373,0.919155111356666,0.930132987478878,0.936290377031935,0.943674170970492,0.958920577620185,0.973150061911642,0.987229499965287,1,0.94836429554672,0.6880475054268,0.695127241878101,0.711023184353177,0.673083375222503,0.596600288662477
0.224822827062404,0.415114617473183,0.490844306416532,0.539005804594663,0.572563275728327,0.60077919345763,0.62509768820442,0.647396234037984,0.661433892957006,0.681107825313501,0.700445185812834,0.720074031632549,0.735650552828612,0.757338939285758,0.766124018593083,0.775671479620216,0.787305981337043,0.807283267765434,0.818651102125998,0.833008616773439,0.843123697602287,0.84923114638076,0.87275962843202,0.88905620069143,0.907018653499208,0.94836429554672,1,0.848559487727964,0.832558104274056,0.80740943134089,0.746958939162029,0.604411110728954
0.122371685400209,0.25326611182497,0.302575634319844,0.329713658488598,0.34899382374071,0.372433694109386,0.38654802911294,0.399413595565142,0.411563762044908,0.425368157125289,0.437527008651851,0.452273449619231,0.467241308668316,0.485185166592161,0.490906648721974,0.495348142209718,0.505235111269368,0.531593144695125,0.53971830995146,0.561029874246438,0.578418196828374,0.57893165269247,0.60094613108975,0.610064565374969,0.622233692932431,0.6880475054268,0.848559487727964,1,0.964062230907895,0.859837815934398,0.783206126419494,0.53413911071907
0.0988584370694402,0.222481306955515,0.278130710688757,0.30758572429114,0.3279746170365,0.352390068802362,0.365078107935789,0.386059357942723,0.402102863584388,0.418116986147237,0.430612273950339,0.445845192050577,0.46435941061778,0.484968866951418,0.492367362364441,0.497934556630039,0.508875586736533,0.534351821590346,0.542991128224355,0.564906626255567,0.580820810011675,0.582019883404796,0.601884405504512,0.615981852443644,0.630974807280116,0.695127241878101,0.832558104274056,0.964062230907895,1,0.943008828485409,0.847610004114805,0.587987434862839
0.0529044483736872,0.181815374110553,0.24444911611838,0.272173376310642,0.298916305838188,0.324029687230012,0.337131821041081,0.365545907026429,0.384233560166376,0.404081079285142,0.420183490517916,0.439114488906239,0.458612925714246,0.481187566502889,0.49222633134128,0.50057837291339,0.51277385853158,0.536221534065558,0.546863219245275,0.569957013485054,0.584328382648831,0.592318803386285,0.611837467556402,0.630669806813168,0.649437526748375,0.711023184353177,0.80740943134089,0.859837815934398,0.943008828485409,1,0.910436120975539,0.650308970718897
0.0287247024396027,0.157334951041472,0.219065666255642,0.246932382387525,0.275962724845684,0.297921246826896,0.312996596540586,0.336814352757136,0.356161998103809,0.37364428617734,0.388228923405666,0.406680553180838,0.424122911848438,0.443739847202299,0.454301726300033,0.462474739441593,0.476180952417323,0.501559021550721,0.515486230401733,0.541370053342164,0.559070060415015,0.565328205080096,0.585341783007059,0.603281353279693,0.621925081081531,0.673083375222503,0.746958939162029,0.783206126419494,0.847610004114805,0.910436120975539,1,0.725619387871851
0.0240511322758239,0.134727440928853,0.176232083908912,0.21042016466431,0.247196678404825,0.274270569389095,0.298887737646733,0.325076139899621,0.340467446940946,0.349824447290183,0.365485033237934,0.384246073686482,0.394047553081111,0.411685318564108,0.42044822753643,0.430218758828479,0.444660864110867,0.463488958450549,0.475370502545194,0.496226500621837,0.511342548484409,0.517388970449249,0.536721597932732,0.555015292897446,0.569915548674623,0.596600288662477,0.604411110728954,0.53413911071907,0.587987434862839,0.650308970718897,0.725619387871851,1
