1,0.917852866255998,0.902294082650425,0.887861097965327,0.871553238959299,0.863943842813108,0.855223897352533,0.846079419306086,0.835991602036972,0.827189463352411,0.818985123864897,0.810287370630953,0.801599661433749,0.792454396143665,0.780911734512161,0.770098296934372,0.759054823024541,0.751590118051431,0.741565319172347,0.735556261619329,0.724437145929167,0.710326835407561,0.700322337425133,0.68766301497675,0.6740310514376,0.659428310351389,0.636500338972635,0.611939758797634,0.572292843018391,0.486980749988886,0.318781575892474,0.0231347998378677
0.917852866255998,1,0.988708419753065,0.980731605957207,0.973091084919987,0.967434203891863,0.962459375147659,0.957405451651645,0.95180006253319,0.946838142168753,0.941320767250421,0.934668457318121,0.928151833097488,0.922530912812996,0.914936333610202,0.907710202528456,0.899797272006602,0.894037073846962,0.88697382054741,0.882106628031023,0.873082986325174,0.861910182653373,0.853398763510821,0.842486541455474,0.830636440036719,0.81864752192457,0.797651036130961,0.776468685477251,0.73758600526914,0.643909548133635,0.450171278397504,0.092911126574499
0.902294082650425,0.988708419753065,1,0.994789345994798,0.989657991761735,0.985347323806076,0.981266942423245,0.977249579504287,0.972424231204872,0.96804483284053,0.96316738930415,0.957416574416621,0.951757818223011,0.946922502086875,0.940194095419751,0.933807701238056,0.926661106532535,0.921205356495272,0.914382003404253,0.909699067519433,0.901361728445243,0.891691421767872,0.883566258915672,0.873420448500601,0.861939422189953,0.850873029581875,0.830830742314548,0.810707351995363,0.77243641527769,0.679377686860213,0.482937686332453,0.109272702928844
0.887861097965327,0.980731605957207,0.994789345994798,1,0.996355815333758,0.992884139762058,0.989469212702422,0.986232647457373,0.982115858116253,0.978358899969821,0.973898853840996,0.968806078358777,0.963939069421202,0.959677250496734,0.953937530330326,0.948325768154085,0.94223444593937,0.936830226520759,0.930379988368712,0.925698557870476,0.917978032537064,0.909273857115848,0.901901839578043,0.892570868337742,0.881706897341813,0.870980729882474,0.851908757901321,0.832738525770865,0.795436043115456,0.703514566549507,0.505417981605936,0.12516752858433
0.871553238959299,0.973091084919987,0.989657991761735,0.996355815333758,1,0.997604166208648,0.995028725071262,0.99249798329246,0.989110931731901,0.985904879573592,0.981997110511693,0.977598254499194,0.973012768955074,0.969138964586857,0.963853223432964,0.958797907001354,0.953028126271664,0.94803150731688,0.942074236750432,0.937953845217292,0.930856644026549,0.923050613438002,0.91610921212793,0.907574622928195,0.897288777032075,0.887288798858763,0.869119806774329,0.851089503016764,0.814618043069881,0.723714818045962,0.525674247507148,0.14060800573647
0.863943842813108,0.967434203891863,0.985347323806076,0.992884139762058,0.997604166208648,1,0.998025212099114,0.996074950094306,0.993085219327646,0.990373595474888,0.98704654529919,0.983097571165429,0.978838113337878,0.975154084541141,0.97012135921453,0.965318872324806,0.959851382679949,0.955028665648235,0.94931044311638,0.945200967610421,0.938272675209266,0.930887511447775,0.924076940454418,0.915877654154261,0.906053317296165,0.896667819329795,0.879646141349502,0.862418191952645,0.827173541794441,0.738134611874235,0.541916307935823,0.159729616503222
0.855223897352533,0.962459375147659,0.981266942423245,0.989469212702422,0.995028725071262,0.998025212099114,1,0.998462219790232,0.996080349398602,0.993720681418443,0.990831805971422,0.987321399771546,0.983500570460982,0.97983338876733,0.975169728084615,0.970582989134418,0.965388355806509,0.960815274435537,0.955310014741977,0.951272048096367,0.944550319803425,0.937487353915971,0.930965251035567,0.923293472807895,0.914161868974202,0.905184464947103,0.888812734848593,0.872225180408328,0.837593067863413,0.74944972885338,0.553814604345874,0.171082116553878
0.846079419306086,0.957405451651645,0.977249579504287,0.986232647457373,0.99249798329246,0.996074950094306,0.998462219790232,1,0.998524916182133,0.996627131500064,0.994242890168291,0.991144226238377,0.987932773934978,0.98459726327193,0.980365586540386,0.976121731384557,0.971328806383107,0.96709180098233,0.961871015688839,0.958079420160845,0.951793628977249,0.945137639855682,0.938859751661752,0.931733414638577,0.922983616411361,0.914312411058942,0.898750574690169,0.882866883501505,0.849236367995423,0.76279434143148,0.568280681352424,0.182724958841534
0.835991602036972,0.95180006253319,0.972424231204872,0.982115858116253,0.989110931731901,0.993085219327646,0.996080349398602,0.998524916182133,1,0.998738131654142,0.996873205654645,0.994433870059151,0.991773995167263,0.988789754179331,0.984948372995755,0.981148240942805,0.976901402635194,0.97299446302772,0.968245374960215,0.964517243038247,0.958496755226798,0.952210523078116,0.946352173863645,0.939886216917623,0.931516133229173,0.923294798323149,0.908704125206817,0.89350722746619,0.861068941517932,0.776047243919877,0.582648140491112,0.195922077929986
0.827189463352411,0.946838142168753,0.96804483284053,0.978358899969821,0.985904879573592,0.990373595474888,0.993720681418443,0.996627131500064,0.998738131654142,1,0.998827025393185,0.99679112821454,0.994467324816753,0.991794087917292,0.988367749626731,0.984749829251593,0.980834570557147,0.977290515749257,0.972824436011463,0.969123261214319,0.963339733858883,0.957261355069958,0.951856602979232,0.945780462617793,0.937740822229208,0.930081391390132,0.916057584258302,0.901442799140401,0.87020464938997,0.78633229304812,0.593711381487346,0.208124125830312
0.818985123864897,0.941320767250421,0.96316738930415,0.973898853840996,0.981997110511693,0.98704654529919,0.990831805971422,0.994242890168291,0.996873205654645,0.998827025393185,1,0.998731399255767,0.996953085333121,0.99463904814734,0.991422214593402,0.988043923724608,0.984454017874676,0.9812151643565,0.976985437143208,0.973449322822462,0.968006989709942,0.962125748721384,0.957041802118517,0.951077470752994,0.943266907825657,0.935875088636624,0.922329572852086,0.908226910098551,0.877646756401498,0.794479593696472,0.601733905775576,0.215714789445271
0.810287370630953,0.934668457318121,0.957416574416621,0.968806078358777,0.977598254499194,0.983097571165429,0.987321399771546,0.991144226238377,0.994433870059151,0.99679112821454,0.998731399255767,1,0.998843277167029,0.996940376407401,0.994171886392469,0.991110807619042,0.987740815619724,0.98478155898247,0.980763701751863,0.977284136525827,0.972265529976853,0.966720924542864,0.961854879282501,0.956170519566246,0.948671173768382,0.941618046598345,0.928731870875924,0.915287374162861,0.885867136867432,0.804455607734939,0.613412131611548,0.227801733122513
0.801599661433749,0.928151833097488,0.951757818223011,0.963939069421202,0.973012768955074,0.978838113337878,0.983500570460982,0.987932773934978,0.991773995167263,0.994467324816753,0.996953085333121,0.998843277167029,1,0.998819797533195,0.996637331494527,0.993874683978676,0.990864055181262,0.988103878627154,0.984355682536587,0.980999762248753,0.976319928303158,0.971092568877206,0.966446576648372,0.961009392886225,0.953979640235694,0.94730824765116,0.935121999435325,0.922336864865169,0.893990192172458,0.814138280938127,0.624009194383873,0.237515531040967
0.792454396143665,0.922530912812996,0.946922502086875,0.959677250496734,0.969138964586857,0.975154084541141,0.97983338876733,0.98459726327193,0.988789754179331,0.991794087917292,0.99463904814734,0.996940376407401,0.998819797533195,1,0.998765784194647,0.996589603005102,0.993980229718781,0.991540052167494,0.988137240142232,0.984832608712945,0.980599011968325,0.975612730658031,0.971154736920493,0.96592087147231,0.959272768937685,0.952924389863646,0.941475155236392,0.929172116678272,0.90223152539687,0.824598614253944,0.637228480756022,0.25040400040193
0.780911734512161,0.914936333610202,0.940194095419751,0.953937530330326,0.963853223432964,0.97012135921453,0.975169728084615,0.980365586540386,0.984948372995755,0.988367749626731,0.991422214593402,0.994171886392469,0.996637331494527,0.998765784194647,1,0.99889095024521,0.996889591110507,0.994696634221125,0.991700553639174,0.988626028954875,0.98467384120478,0.980062357047899,0.975950807574279,0.971073957810943,0.965024782695675,0.959339042119446,0.948883699065375,0.937142307155301,0.911449780235255,0.836048868015099,0.650617625832948,0.264844641106339
0.770098296934372,0.907710202528456,0.933807701238056,0.948325768154085,0.958797907001354,0.965318872324806,0.970582989134418,0.976121731384557,0.981148240942805,0.984749829251593,0.988043923724608,0.991110807619042,0.993874683978676,0.996589603005102,0.99889095024521,1,0.998874852905442,0.997096225861375,0.994531486167708,0.991677648439961,0.988080340950961,0.983965875397099,0.980128907175755,0.975690285403851,0.970132113329319,0.964839381581408,0.955020155082473,0.943739488699895,0.918853539064661,0.84498122084142,0.660682654784268,0.274686607568503
0.759054823024541,0.899797272006602,0.926661106532535,0.94223444593937,0.953028126271664,0.959851382679949,0.965388355806509,0.971328806383107,0.976901402635194,0.980834570557147,0.984454017874676,0.987740815619724,0.990864055181262,0.993980229718781,0.996889591110507,0.998874852905442,1,0.998935349847712,0.996962766730859,0.994451226966994,0.99132251678475,0.987761180484298,0.984227288241426,0.98021703045412,0.975173644367236,0.970306582058092,0.961351431418179,0.950821828509397,0.92720592310612,0.855461199065554,0.672980398533582,0.286072985008423
0.751590118051431,0.894037073846962,0.921205356495272,0.936830226520759,0.94803150731688,0.955028665648235,0.960815274435537,0.96709180098233,0.97299446302772,0.977290515749257,0.9812151643565,0.98478155898247,0.988103878627154,0.991540052167494,0.994696634221125,0.997096225861375,0.998935349847712,1,0.998877925145903,0.996902115771651,0.994179008356838,0.991002861644844,0.987573195412114,0.983824539083795,0.979100648721687,0.974475119546604,0.965858390810178,0.955829607373849,0.932994500004473,0.862951207361707,0.682026288638689,0.293724374451301
0.741565319172347,0.88697382054741,0.914382003404253,0.930379988368712,0.942074236750432,0.94931044311638,0.955310014741977,0.961871015688839,0.968245374960215,0.972824436011463,0.976985437143208,0.980763701751863,0.984355682536587,0.988137240142232,0.991700553639174,0.994531486167708,0.996962766730859,0.998877925145903,1,0.998843273848372,0.996710784086705,0.994042335136957,0.990888283231099,0.987423819814278,0.983104644687003,0.978663489532123,0.970644992838911,0.961121375064011,0.93942228417519,0.871392503900166,0.69240795639357,0.304379116466192
0.735556261619329,0.882106628031023,0.909699067519433,0.925698557870476,0.937953845217292,0.945200967610421,0.951272048096367,0.958079420160845,0.964517243038247,0.969123261214319,0.973449322822462,0.977284136525827,0.980999762248753,0.984832608712945,0.988626028954875,0.991677648439961,0.994451226966994,0.996902115771651,0.998843273848372,1,0.998651497284538,0.996361661144722,0.993493833899248,0.990197755520262,0.986057717059573,0.981767145954264,0.973904367985623,0.9645939567772,0.943347995272388,0.875671770038572,0.696726042348371,0.308606039125592
0.724437145929167,0.873082986325174,0.901361728445243,0.917978032537064,0.930856644026549,0.938272675209266,0.944550319803425,0.951793628977249,0.958496755226798,0.963339733858883,0.968006989709942,0.972265529976853,0.976319928303158,0.980599011968325,0.98467384120478,0.988080340950961,0.99132251678475,0.994179008356838,0.996710784086705,0.998651497284538,1,0.998588488307512,0.996375939439261,0.993661030655439,0.989997763471254,0.986054252404304,0.978705594645137,0.970130119966287,0.950252053251889,0.884689724920557,0.708360115578136,0.320240857591039
0.710326835407561,0.861910182653373,0.891691421767872,0.909273857115848,0.923050613438002,0.930887511447775,0.937487353915971,0.945137639855682,0.952210523078116,0.957261355069958,0.962125748721384,0.966720924542864,0.971092568877206,0.975612730658031,0.980062357047899,0.983965875397099,0.987761180484298,0.991002861644844,0.994042335136957,0.996361661144722,0.998588488307512,1,0.99872404331027,0.996800481732587,0.993764697731205,0.990184937080834,0.983425230771453,0.975627725089958,0.957044243915822,0.893594614301898,0.719720288121568,0.330521707537584
0.700322337425133,0.853398763510821,0.883566258915672,0.901901839578043,0.91610921212793,0.924076940454418,0.930965251035567,0.938859751661752,0.946352173863645,0.951856602979232,0.957041802118517,0.961854879282501,0.966446576648372,0.971154736920493,0.975950807574279,0.980128907175755,0.984227288241426,0.987573195412114,0.990888283231099,0.993493833899248,0.996375939439261,0.99872404331027,1,0.998622622558612,0.995896159248195,0.992526455032635,0.986229902120284,0.978920368293707,0.961341083860175,0.899335076295722,0.726672788318387,0.340199116317929
0.68766301497675,0.842486541455474,0.873420448500601,0.892570868337742,0.907574622928195,0.915877654154261,0.923293472807895,0.931733414638577,0.939886216917623,0.945780462617793,0.951077470752994,0.956170519566246,0.961009392886225,0.96592087147231,0.971073957810943,0.975690285403851,0.98021703045412,0.983824539083795,0.987423819814278,0.990197755520262,0.993661030655439,0.996800481732587,0.998622622558612,1,0.998199945566083,0.9954756102472,0.989982654331514,0.983507978040241,0.967199181770853,0.907221163497486,0.736561334937181,0.352306066246843
0.6740310514376,0.830636440036719,0.861939422189953,0.881706897341813,0.897288777032075,0.906053317296165,0.914161868974202,0.922983616411361,0.931516133229173,0.937740822229208,0.943266907825657,0.948671173768382,0.953979640235694,0.959272768937685,0.965024782695675,0.970132113329319,0.975173644367236,0.979100648721687,0.983104644687003,0.986057717059573,0.989997763471254,0.993764697731205,0.995896159248195,0.998199945566083,1,0.998310490579217,0.994126943233251,0.988551002827674,0.974090978302264,0.918168310531927,0.752843897255891,0.369866224103208
0.659428310351389,0.81864752192457,0.850873029581875,0.870980729882474,0.887288798858763,0.896667819329795,0.905184464947103,0.914312411058942,0.923294798323149,0.930081391390132,0.935875088636624,0.941618046598345,0.94730824765116,0.952924389863646,0.959339042119446,0.964839381581408,0.970306582058092,0.974475119546604,0.978663489532123,0.981767145954264,0.986054252404304,0.990184937080834,0.992526455032635,0.9954756102472,0.998310490579217,1,0.997131488754911,0.992284871173312,0.979435368761697,0.925765297796345,0.7639914138099,0.383915161631464
0.636500338972635,0.797651036130961,0.830830742314548,0.851908757901321,0.869119806774329,0.879646141349502,0.888812734848593,0.898750574690169,0.908704125206817,0.916057584258302,0.922329572852086,0.928731870875924,0.935121999435325,0.941475155236392,0.948883699065375,0.955020155082473,0.961351431418179,0.965858390810178,0.970644992838911,0.973904367985623,0.978705594645137,0.983425230771453,0.986229902120284,0.989982654331514,0.994126943233251,0.997131488754911,1,0.997232541830747,0.988000785135679,0.942147050871018,0.7914675631452,0.411430121399048
0.611939758797634,0.776468685477251,0.810707351995363,0.832738525770865,0.851089503016764,0.862418191952645,0.872225180408328,0.882866883501505,0.89350722746619,0.901442799140401,0.908226910098551,0.915287374162861,0.922336864865169,0.929172116678272,0.937142307155301,0.943739488699895,0.950821828509397,0.955829607373849,0.961121375064011,0.9645939567772,0.970130119966287,0.975627725089958,0.978920368293707,0.983507978040241,0.988551002827674,0.992284871173312,0.997232541830747,1,0.993677508329911,0.953774526412713,0.810500176190834,0.433445021496694
0.572292843018391,0.73758600526914,0.77243641527769,0.795436043115456,0.814618043069881,0.827173541794441,0.837593067863413,0.849236367995423,0.861068941517932,0.87020464938997,0.877646756401498,0.885867136867432,0.893990192172458,0.90223152539687,0.911449780235255,0.918853539064661,0.92720592310612,0.932994500004473,0.93942228417519,0.943347995272388,0.950252053251889,0.957044243915822,0.961341083860175,0.967199181770853,0.974090978302264,0.979435368761697,0.988000785135679,0.993677508329911,1,0.975757343336666,0.855211611026553,0.48972163508158
0.486980749988886,0.643909548133635,0.679377686860213,0.703514566549507,0.723714818045962,0.738134611874235,0.74944972885338,0.76279434143148,0.776047243919877,0.78633229304812,0.794479593696472,0.804455607734939,0.814138280938127,0.824598614253944,0.836048868015099,0.84498122084142,0.855461199065554,0.862951207361707,0.871392503900166,0.875671770038572,0.884689724920557,0.893594614301898,0.899335076295722,0.907221163497486,0.918168310531927,0.925765297796345,0.942147050871018,0.953774526412713,0.975757343336666,1,0.940438178291173,0.594012104948616
0.318781575892474,0.450171278397504,0.482937686332453,0.505417981605936,0.525674247507148,0.541916307935823,0.553814604345874,0.568280681352424,0.582648140491112,0.593711381487346,0.601733905775576,0.613412131611548,0.624009194383873,0.637228480756022,0.650617625832948,0.660682654784268,0.672980398533582,0.682026288638689,0.69240795639357,0.696726042348371,0.708360115578136,0.719720288121568,0.726672788318387,0.736561334937181,0.752843897255891,0.7639914138099,0.7914675631452,0.810500176190834,0.855211611026553,0.940438178291173,1,0.711940847903106
0.0231347998378677,0.092911126574499,0.109272702928844,0.12516752858433,0.14060800573647,0.159729616503222,0.171082116553878,0.182724958841534,0.195922077929986,0.208124125830312,0.215714789445271,0.227801733122513,0.237515531040967,0.25040400040193,0.264844641106339,0.274686607568503,0.286072985008423,0.293724374451301,0.304379116466192,0.308606039125592,0.320240857591039,0.330521707537584,0.340199116317929,0.352306066246843,0.369866224103208,0.383915161631464,0.411430121399048,0.433445021496694,0.48972163508158,0.594012104948616,0.711940847903106,1
