1,0.906426680642756,0.87377491915446,0.844884787260169,0.816925534632392,0.795916272589831,0.776263058637721,0.756792494237961,0.734290297042911,0.707553547553384,0.680468430408456,0.646311965986987,0.605270587127907,0.562347186063352,0.529462991688677,0.490212718261494,0.447322786590895,0.40256230420996,0.35244213067578,0.307939811060404,0.262518948165825,0.216725855304792,0.177844914156468,0.140452648903528,0.100416612391001,0.0589243640535563,0.019359590696386,-0.0235565820019488,-0.0667339730677939,-0.109104458560649,-0.186060269970401,-0.282084271777112
0.906426680642756,1,0.979966374436999,0.959388047630867,0.941809323336451,0.925790242769791,0.907026827803216,0.893598945990367,0.875557892720335,0.850085130201759,0.825037503661495,0.791542605242295,0.752115365635092,0.707857320048111,0.677621986922463,0.637584354862638,0.59329759052965,0.5476771249388,0.494157205265985,0.446161031056863,0.399554017197344,0.351143120676827,0.308870113881672,0.265524778918521,0.220471095161881,0.176303920586486,0.132208304632706,0.0844251527458914,0.0379049311913083,-0.00786048526351818,-0.115919912852969,-0.218353162520305
0.87377491915446,0.979966374436999,1,0.987819520999726,0.974526119522557,0.962260478602764,0.946288473973022,0.935333681111355,0.918599095261779,0.896829248309308,0.873803756089422,0.843844449567522,0.808096772174662,0.766492707341218,0.737875957925739,0.700035233354463,0.658135962752208,0.61396535872774,0.561805833013268,0.514113543544226,0.4699449356757,0.422909589177517,0.381112575578555,0.338427619216081,0.294624366513811,0.250186104267258,0.206313119318771,0.156941899797508,0.108924775842059,0.0574817920717591,-0.0650787029465827,-0.191569209858649
0.844884787260169,0.959388047630867,0.987819520999726,1,0.99124396760467,0.982127764768853,0.969978581984394,0.9600729968761,0.947153363328426,0.929532843057341,0.90976445093818,0.884076440846589,0.852179115851538,0.814456359169738,0.788710040628334,0.754098902871359,0.715941266629493,0.673668231690062,0.624875015916732,0.579001280337752,0.536506564731775,0.491387738249875,0.450536931204775,0.408718447859205,0.365473561186362,0.321369215609377,0.277406019503195,0.228123980939467,0.178732020709321,0.118980021786646,-0.0181752403089932,-0.158334282971819
0.816925534632392,0.941809323336451,0.974526119522557,0.99124396760467,1,0.992780716193313,0.984112334533293,0.976233543396627,0.965767297405569,0.950850703817438,0.934077925664392,0.911066527430403,0.883007279592667,0.848414701351114,0.824210177942445,0.79134077638946,0.755912584005661,0.71631440854165,0.670952225354181,0.62687864216664,0.586152053692777,0.541976484062864,0.502387195016479,0.461713013803491,0.419801455639788,0.377920695241094,0.334596688183542,0.285539996645964,0.234941818854614,0.16994010769346,0.0246957802274437,-0.127809869036402
0.795916272589831,0.925790242769791,0.962260478602764,0.982127764768853,0.992780716193313,1,0.994508439484609,0.988737353066937,0.980262458810041,0.968353975687986,0.954284520173046,0.934598195961833,0.909733004740934,0.87844581335445,0.855720651046511,0.825182550484587,0.791803396706899,0.754770836815317,0.711492504279722,0.66988706018478,0.631830111916077,0.58880094894476,0.550219334226915,0.51057526011376,0.469829848699982,0.428568996093642,0.38529562391985,0.336510879873718,0.284876988429773,0.2150256472139,0.0633700867174289,-0.0925532602794753
0.776263058637721,0.907026827803216,0.946288473973022,0.969978581984394,0.984112334533293,0.994508439484609,1,0.995751226597695,0.989830914920449,0.980408510804251,0.969154560607419,0.952596965600337,0.930558480248376,0.902399477886104,0.8817392498036,0.853880200239685,0.822999395634272,0.78845797385654,0.747828430793972,0.708354507444034,0.672114265935548,0.630952412782001,0.593761677974428,0.555660398523784,0.516096900847601,0.475694087814124,0.434238676603996,0.387640663355787,0.336368972015164,0.261465992137007,0.106570380327238,-0.0654735555164136
0.756792494237961,0.893598945990367,0.935333681111355,0.9600729968761,0.976233543396627,0.988737353066937,0.995751226597695,1,0.995408725678679,0.987650876536699,0.978256020192911,0.96428618103268,0.945043740402143,0.919508816539226,0.900092792238539,0.873766837604156,0.84415693560202,0.811684738293145,0.772974507672345,0.735234842242151,0.700645353034597,0.660683891814391,0.625014633065758,0.587930281802025,0.550031622912171,0.510450738923284,0.470012264620174,0.424058641590442,0.372492084492638,0.296265598072813,0.139935700284337,-0.0343365855952993
0.734290297042911,0.875557892720335,0.918599095261779,0.947153363328426,0.965767297405569,0.980262458810041,0.989830914920449,0.995408725678679,1,0.994943382617717,0.987704911816617,0.976361930452642,0.959435543167339,0.936701790456856,0.919229088640509,0.89526458414238,0.867079455278284,0.836494041507205,0.799958695356305,0.764176049784823,0.731616924891026,0.693397378468202,0.658781594550904,0.622526919401837,0.586176439413263,0.547723499934965,0.507712000500894,0.462391777200474,0.410805409869315,0.331091521042059,0.170672130905028,-0.0140911211354406
0.707553547553384,0.850085130201759,0.896829248309308,0.929532843057341,0.950850703817438,0.968353975687986,0.980408510804251,0.987650876536699,0.994943382617717,1,0.995154761438551,0.987080566202595,0.973694023232038,0.954489583511085,0.939035305257715,0.917771139830527,0.892408561580956,0.864896318681405,0.831545254213872,0.798416822895111,0.768194862166621,0.731724868546763,0.699183589350534,0.665026690061293,0.630158902488902,0.5925399663458,0.552083391951864,0.507564908840458,0.455665878366181,0.372018241315444,0.203828453074653,0.00764676123913196
0.680468430408456,0.825037503661495,0.873803756089422,0.90976445093818,0.934077925664392,0.954284520173046,0.969154560607419,0.978256020192911,0.987704911816617,0.995154761438551,1,0.995493908880708,0.985607000889035,0.970185166368148,0.956905772775663,0.93797198086744,0.915400501625794,0.890619423058211,0.859529751985675,0.828942437883221,0.800354873406739,0.766500414748793,0.736384252180073,0.704017307470191,0.670167072942051,0.634624922126273,0.596542593699492,0.553279282793805,0.50203010796802,0.416592333674846,0.246775982716404,0.044758481924019
0.646311965986987,0.791542605242295,0.843844449567522,0.884076440846589,0.911066527430403,0.934598195961833,0.952596965600337,0.96428618103268,0.976361930452642,0.987080566202595,0.995493908880708,1,0.995127189096027,0.983961477970029,0.973436148123056,0.957668261153623,0.938219078238948,0.916284899597228,0.888537099052359,0.861220760413238,0.834925839033521,0.803852052269846,0.775682724039532,0.745533321847944,0.714304506620642,0.680737060647892,0.644586754727798,0.602184048558552,0.550949788244126,0.462880939274782,0.289582553331131,0.0805571085774715
0.605270587127907,0.752115365635092,0.808096772174662,0.852179115851538,0.883007279592667,0.909733004740934,0.930558480248376,0.945043740402143,0.959435543167339,0.973694023232038,0.985607000889035,0.995127189096027,1,0.994184227807946,0.986661247899671,0.974599692538264,0.958572815234846,0.939826566585112,0.91567404058639,0.891718450296182,0.868254433166813,0.84017974466095,0.814146197856707,0.786758440265551,0.757825038144118,0.726462637636405,0.69330768851677,0.652674928733486,0.601756243970173,0.511303997967554,0.335138673789563,0.121325611318191
0.562347186063352,0.707857320048111,0.766492707341218,0.814456359169738,0.848414701351114,0.87844581335445,0.902399477886104,0.919508816539226,0.936701790456856,0.954489583511085,0.970185166368148,0.983961477970029,0.994184227807946,1,0.996260417804792,0.988397087780227,0.976510732266674,0.96203670051445,0.941729609089718,0.921684544069632,0.90061143114614,0.876033551626706,0.852878420638737,0.828264679447268,0.80206698730758,0.773525595197836,0.74236121856161,0.702225874473807,0.650661279812045,0.558563643787196,0.375837568569096,0.161210294190503
0.529462991688677,0.677621986922463,0.737875957925739,0.788710040628334,0.824210177942445,0.855720651046511,0.8817392498036,0.900092792238539,0.919229088640509,0.939035305257715,0.956905772775663,0.973436148123056,0.986661247899671,0.996260417804792,1,0.995698025492819,0.986808255457081,0.974994334252751,0.957122016056891,0.939242163760098,0.920064221047073,0.897666490590782,0.875940821497352,0.85286277261702,0.828702128564853,0.802009012340551,0.772859583266836,0.734301232132387,0.684297177824845,0.592800998038968,0.406995271247409,0.18682915303357
0.490212718261494,0.637584354862638,0.700035233354463,0.754098902871359,0.79134077638946,0.825182550484587,0.853880200239685,0.873766837604156,0.89526458414238,0.917771139830527,0.93797198086744,0.957668261153623,0.974599692538264,0.988397087780227,0.995698025492819,1,0.995675880789711,0.987054672862785,0.972471705767673,0.957191501329364,0.940757671439489,0.920826547850397,0.900767634060642,0.87947080988838,0.857268484318583,0.832648302063433,0.80527170089531,0.768925446252554,0.720437547522867,0.628076230743517,0.440950510775008,0.218840234953964
0.447322786590895,0.59329759052965,0.658135962752208,0.715941266629493,0.755912584005661,0.791803396706899,0.822999395634272,0.84415693560202,0.867079455278284,0.892408561580956,0.915400501625794,0.938219078238948,0.958572815234846,0.976510732266674,0.986808255457081,0.995675880789711,1,0.995492054330182,0.984563235349072,0.972173960732373,0.958139489932414,0.94063252145232,0.922604780036533,0.903496905198798,0.883430281653459,0.861066807379074,0.835936771074843,0.802350843217564,0.756030471731071,0.664786688687357,0.477559482301404,0.249939904087222
0.40256230420996,0.5476771249388,0.61396535872774,0.673668231690062,0.71631440854165,0.754770836815317,0.78845797385654,0.811684738293145,0.836494041507205,0.864896318681405,0.890619423058211,0.916284899597228,0.939826566585112,0.96203670051445,0.974994334252751,0.987054672862785,0.995492054330182,1,0.994545809506524,0.985525079545952,0.974302600743625,0.960151172440989,0.944628980547971,0.927759099643497,0.910560917651259,0.890696693493274,0.867086917425956,0.835532975823007,0.791494192262678,0.700215214843093,0.51208958245952,0.282236683382144
0.35244213067578,0.494157205265985,0.561805833013268,0.624875015916732,0.670952225354181,0.711492504279722,0.747828430793972,0.772974507672345,0.799958695356305,0.831545254213872,0.859529751985675,0.888537099052359,0.91567404058639,0.941729609089718,0.957122016056891,0.972471705767673,0.984563235349072,0.994545809506524,1,0.995276886001149,0.987615941504291,0.97715702027545,0.964793498895454,0.950247142175049,0.935561353855577,0.918456226377405,0.896905272072874,0.867620791232179,0.826195743760432,0.734744698316263,0.546937658534779,0.309145913346825
0.307939811060404,0.446161031056863,0.514113543544226,0.579001280337752,0.62687864216664,0.66988706018478,0.708354507444034,0.735234842242151,0.764176049784823,0.798416822895111,0.828942437883221,0.861220760413238,0.891718450296182,0.921684544069632,0.939242163760098,0.957191501329364,0.972173960732373,0.985525079545952,0.995276886001149,1,0.995686329366222,0.988438596991338,0.978586698471541,0.967467179426703,0.954573532184553,0.939241430259787,0.920000760267781,0.892670103612247,0.852177489404445,0.760589166853038,0.575154598411321,0.342233348901736
0.262518948165825,0.399554017197344,0.4699449356757,0.536506564731775,0.586152053692777,0.631830111916077,0.672114265935548,0.700645353034597,0.731616924891026,0.768194862166621,0.800354873406739,0.834925839033521,0.868254433166813,0.90061143114614,0.920064221047073,0.940757671439489,0.958139489932414,0.974302600743625,0.987615941504291,0.995686329366222,1,0.995776365179767,0.988604467260115,0.979737245456425,0.969309149962898,0.955895618562839,0.937626497160682,0.912886779572204,0.874511531084159,0.781387390270634,0.59836054796168,0.371653434981427
0.216725855304792,0.351143120676827,0.422909589177517,0.491387738249875,0.541976484062864,0.58880094894476,0.630952412782001,0.660683891814391,0.693397378468202,0.731724868546763,0.766500414748793,0.803852052269846,0.84017974466095,0.876033551626706,0.897666490590782,0.920826547850397,0.94063252145232,0.960151172440989,0.97715702027545,0.988438596991338,0.995776365179767,1,0.995858347962345,0.989550027400286,0.980796050154763,0.970116415953977,0.954395617505154,0.931855060552741,0.896255913649281,0.802323853623054,0.623433274306069,0.395745170126825
0.177844914156468,0.308870113881672,0.381112575578555,0.450536931204775,0.502387195016479,0.550219334226915,0.593761677974428,0.625014633065758,0.658781594550904,0.699183589350534,0.736384252180073,0.775682724039532,0.814146197856707,0.852878420638737,0.875940821497352,0.900767634060642,0.922604780036533,0.944628980547971,0.964793498895454,0.978586698471541,0.988604467260115,0.995858347962345,1,0.996168647855548,0.989752868340271,0.981408194024187,0.968420461020704,0.948509086761561,0.915622311447859,0.825231964697889,0.649991585242088,0.418397384696686
0.140452648903528,0.265524778918521,0.338427619216081,0.408718447859205,0.461713013803491,0.51057526011376,0.555660398523784,0.587930281802025,0.622526919401837,0.665026690061293,0.704017307470191,0.745533321847944,0.786758440265551,0.828264679447268,0.85286277261702,0.87947080988838,0.903496905198798,0.927759099643497,0.950247142175049,0.967467179426703,0.979737245456425,0.989550027400286,0.996168647855548,1,0.995793238362981,0.988899557353932,0.97810869066057,0.961168114873646,0.930412884907254,0.842285813375124,0.674352341976208,0.447527739783013
0.100416612391001,0.220471095161881,0.294624366513811,0.365473561186362,0.419801455639788,0.469829848699982,0.516096900847601,0.550031622912171,0.586176439413263,0.630158902488902,0.670167072942051,0.714304506620642,0.757825038144118,0.80206698730758,0.828702128564853,0.857268484318583,0.883430281653459,0.910560917651259,0.935561353855577,0.954573532184553,0.969309149962898,0.980796050154763,0.989752868340271,0.995793238362981,1,0.995287595816169,0.987274700994403,0.972921068053498,0.945421708030569,0.861344952354515,0.696954979317404,0.473051277100383
0.0589243640535563,0.176303920586486,0.250186104267258,0.321369215609377,0.377920695241094,0.428568996093642,0.475694087814124,0.510450738923284,0.547723499934965,0.5925399663458,0.634624922126273,0.680737060647892,0.726462637636405,0.773525595197836,0.802009012340551,0.832648302063433,0.861066807379074,0.890696693493274,0.918456226377405,0.939241430259787,0.955895618562839,0.970116415953977,0.981408194024187,0.988899557353932,0.995287595816169,1,0.994186589062726,0.98104864748441,0.956596226009583,0.875493763045429,0.713234846515101,0.499342602901548
0.019359590696386,0.132208304632706,0.206313119318771,0.277406019503195,0.334596688183542,0.38529562391985,0.434238676603996,0.470012264620174,0.507712000500894,0.552083391951864,0.596542593699492,0.644586754727798,0.69330768851677,0.74236121856161,0.772859583266836,0.80527170089531,0.835936771074843,0.867086917425956,0.896905272072874,0.920000760267781,0.937626497160682,0.954395617505154,0.968420461020704,0.97810869066057,0.987274700994403,0.994186589062726,1,0.991729744030317,0.971949816062739,0.899041936193062,0.746709151576893,0.530806930219611
-0.0235565820019488,0.0844251527458914,0.156941899797508,0.228123980939467,0.285539996645964,0.336510879873718,0.387640663355787,0.424058641590442,0.462391777200474,0.507564908840458,0.553279282793805,0.602184048558552,0.652674928733486,0.702225874473807,0.734301232132387,0.768925446252554,0.802350843217564,0.835532975823007,0.867620791232179,0.892670103612247,0.912886779572204,0.931855060552741,0.948509086761561,0.961168114873646,0.972921068053498,0.98104864748441,0.991729744030317,1,0.988327558575007,0.925917074444611,0.790037224455534,0.563610315477214
-0.0667339730677939,0.0379049311913083,0.108924775842059,0.178732020709321,0.234941818854614,0.284876988429773,0.336368972015164,0.372492084492638,0.410805409869315,0.455665878366181,0.50203010796802,0.550949788244126,0.601756243970173,0.650661279812045,0.684297177824845,0.720437547522867,0.756030471731071,0.791494192262678,0.826195743760432,0.852177489404445,0.874511531084159,0.896255913649281,0.915622311447859,0.930412884907254,0.945421708030569,0.956596226009583,0.971949816062739,0.988327558575007,1,0.958772641423827,0.840962196882673,0.606315420748971
-0.109104458560649,-0.00786048526351818,0.0574817920717591,0.118980021786646,0.16994010769346,0.2150256472139,0.261465992137007,0.296265598072813,0.331091521042059,0.372018241315444,0.416592333674846,0.462880939274782,0.511303997967554,0.558563643787196,0.592800998038968,0.628076230743517,0.664786688687357,0.700215214843093,0.734744698316263,0.760589166853038,0.781387390270634,0.802323853623054,0.825231964697889,0.842285813375124,0.861344952354515,0.875493763045429,0.899041936193062,0.925917074444611,0.958772641423827,1,0.911877635030623,0.663254110470222
-0.186060269970401,-0.115919912852969,-0.0650787029465827,-0.0181752403089932,0.0246957802274437,0.0633700867174289,0.106570380327238,0.139935700284337,0.170672130905028,0.203828453074653,0.246775982716404,0.289582553331131,0.335138673789563,0.375837568569096,0.406995271247409,0.440950510775008,0.477559482301404,0.51208958245952,0.546937658534779,0.575154598411321,0.59836054796168,0.623433274306069,0.649991585242088,0.674352341976208,0.696954979317404,0.713234846515101,0.746709151576893,0.790037224455534,0.840962196882673,0.911877635030623,1,0.743239499108988
-0.282084271777112,-0.218353162520305,-0.191569209858649,-0.158334282971819,-0.127809869036402,-0.0925532602794753,-0.0654735555164136,-0.0343365855952993,-0.0140911211354406,0.00764676123913196,0.044758481924019,0.0805571085774715,0.121325611318191,0.161210294190503,0.18682915303357,0.218840234953964,0.249939904087222,0.282236683382144,0.309145913346825,0.342233348901736,0.371653434981427,0.395745170126825,0.418397384696686,0.447527739783013,0.473051277100383,0.499342602901548,0.530806930219611,0.563610315477214,0.606315420748971,0.663254110470222,0.743239499108988,1
