1,0.802711210536265,0.746699397273038,0.712363655525603,0.68950396512906,0.674643342767338,0.659035731305442,0.64366713837463,0.636004629837867,0.621111589747267,0.60448416191298,0.586459421643007,0.574419272999295,0.562028980127389,0.550682997838925,0.534287687128574,0.522481549337731,0.508079987099448,0.495141626912613,0.482237955004682,0.47320734355381,0.463174817346376,0.45717921652826,0.44811068936231,0.42949644863701,0.41085833812497,0.392175305255027,0.354928808412412,0.313372961026954,0.219388201615735,0.112561062503537,0.0163879852659837
0.802711210536265,1,0.955900605605697,0.927841636057761,0.908502205132867,0.892484480570457,0.879046769788322,0.863834386970238,0.857519687858123,0.844006032764963,0.828672675896046,0.813552980148196,0.801300044339516,0.787532132625536,0.7748162548065,0.756505288814452,0.742735620345802,0.72784368856454,0.71239949652083,0.697507500816108,0.68729506975893,0.673814115769446,0.663404175409307,0.649772075246729,0.627834455785579,0.602458028770197,0.577827746997681,0.531263316782233,0.471908379861074,0.340914424967814,0.172938886515356,0.0412843322327678
0.746699397273038,0.955900605605697,1,0.980928980414511,0.965559627534743,0.951884717498791,0.940222970191424,0.929254289679293,0.922781103501287,0.910768940249371,0.898251617774555,0.885289954826425,0.874593724683356,0.8620138357673,0.850306243587993,0.833674020766634,0.821392468783654,0.808527523232691,0.794611775220517,0.781575015837554,0.771483268184039,0.756706313866557,0.745317666510341,0.732464048091453,0.712267651292029,0.688260126834775,0.664086478405588,0.619551647063919,0.560752390403591,0.423162034199728,0.234752492863758,0.0683309292789475
0.712363655525603,0.927841636057761,0.980928980414511,1,0.988367310239409,0.976885826265859,0.968102709503035,0.95931370754841,0.953955374702346,0.943857543201127,0.933497965513486,0.922237833288037,0.912862382109902,0.901816917873577,0.889696767975812,0.875256545885866,0.863949195800864,0.852963876807211,0.840871770603576,0.828668505671084,0.819075484192293,0.806461895888738,0.796150726572654,0.782894207251006,0.763365937809124,0.741028015325558,0.716933458210137,0.674229837071574,0.613781188721324,0.469238074812022,0.2637274456587,0.0968843611383146
0.68950396512906,0.908502205132867,0.965559627534743,0.988367310239409,1,0.991458819803142,0.983821099144086,0.97625904290518,0.970990025635438,0.961758642838781,0.951734258793466,0.941696639646263,0.932530559951497,0.922536882720312,0.910617132348061,0.898257973032149,0.887465319220885,0.877305933421606,0.865934307880558,0.854123083794166,0.844654418868809,0.832191554584863,0.822506714216015,0.809579305031551,0.790510529602629,0.768773100445345,0.745011345012435,0.704460879637316,0.643983212400613,0.500607112964729,0.287089132558678,0.115979999773477
0.674643342767338,0.892484480570457,0.951884717498791,0.976885826265859,0.991458819803142,1,0.993077561207395,0.985820770077867,0.980468636859948,0.971791093322645,0.962596653995644,0.95285799274011,0.944487110655943,0.935328586591771,0.924561907625987,0.912943744673946,0.902404079743282,0.892287582375691,0.880787649214853,0.870404729635559,0.861798502596941,0.850158194695698,0.841234204135747,0.828931335508891,0.811353831330661,0.790390395060993,0.766503019524749,0.727130226745478,0.668358971181578,0.521880149533168,0.300566402783693,0.128175862611859
0.659035731305442,0.879046769788322,0.940222970191424,0.968102709503035,0.983821099144086,0.993077561207395,1,0.994586982861214,0.989363540608072,0.981483295930971,0.972237748223621,0.963142413631827,0.95482821995683,0.94523194816795,0.934599950272886,0.923617454484079,0.914250206559647,0.904703437314862,0.89416453101277,0.884177136130581,0.875776516782938,0.864936847748996,0.856729320748148,0.844919831364411,0.828496097188993,0.808763409475217,0.785268896778191,0.7462419637027,0.687705655600953,0.538743807906973,0.309474839750787,0.136768227526642
0.64366713837463,0.863834386970238,0.929254289679293,0.95931370754841,0.97625904290518,0.985820770077867,0.994586982861214,1,0.995453405828707,0.988691538436873,0.979965711496295,0.971520680447537,0.963505776275403,0.953566300117355,0.942572292732469,0.931474560659181,0.922386895304206,0.913242327187384,0.902974621072535,0.893482197680321,0.886114954920609,0.876111886979855,0.868364900110857,0.85709572060443,0.840431161113145,0.821737154773954,0.798680761023574,0.76022066372771,0.701374459024463,0.551697034095383,0.317945744150513,0.144361510913522
0.636004629837867,0.857519687858123,0.922781103501287,0.953955374702346,0.970990025635438,0.980468636859948,0.989363540608072,0.995453405828707,1,0.994832221203718,0.987036953836894,0.979120284680566,0.970919838446888,0.960428986260233,0.949945179779418,0.939204315098507,0.930667834177064,0.922051443604848,0.912396527046228,0.90318549552079,0.896844596417857,0.887753340024628,0.880537111369582,0.869820144559264,0.853541236778413,0.835656475912341,0.81246490555235,0.77427449480774,0.7163208541651,0.56456633263175,0.33008319684943,0.150468071427102
0.621111589747267,0.844006032764963,0.910768940249371,0.943857543201127,0.961758642838781,0.971791093322645,0.981483295930971,0.988691538436873,0.994832221203718,1,0.99471442360624,0.987751983060511,0.979920294230004,0.97012398358605,0.960323821916035,0.949655173759182,0.940907556727314,0.933174778412286,0.923432957749519,0.914703089225568,0.909082208542691,0.900523994361683,0.893738096967247,0.883679254687938,0.868463011663249,0.851677355242121,0.828656685676497,0.790016650773694,0.732166520798821,0.58021868988676,0.343878532657242,0.158380001402251
0.60448416191298,0.828672675896046,0.898251617774555,0.933497965513486,0.951734258793466,0.962596653995644,0.972237748223621,0.979965711496295,0.987036953836894,0.99471442360624,1,0.995519473588426,0.988326091968386,0.979111439016065,0.969978855857138,0.960227695261386,0.952030049700393,0.945248104766627,0.93701438707051,0.929054026479491,0.924265013977631,0.916591379877415,0.910456205680639,0.900937661225909,0.887032470248876,0.870913620236883,0.848791247629181,0.81073513573771,0.753806940885647,0.60218092167669,0.361265800468432,0.173086266490755
0.586459421643007,0.813552980148196,0.885289954826425,0.922237833288037,0.941696639646263,0.95285799274011,0.963142413631827,0.971520680447537,0.979120284680566,0.987751983060511,0.995519473588426,1,0.995321748042307,0.987431160005262,0.97930115287261,0.970458854447448,0.962449704753076,0.956165555131739,0.9487842547972,0.94183684360846,0.937038684592362,0.929709836034705,0.924538326786047,0.916336630006471,0.903784178995736,0.888190562887782,0.866438801681796,0.829435853935412,0.772982319311718,0.624095528241951,0.378294568192957,0.185827538008242
0.574419272999295,0.801300044339516,0.874593724683356,0.912862382109902,0.932530559951497,0.944487110655943,0.95482821995683,0.963505776275403,0.970919838446888,0.979920294230004,0.988326091968386,0.995321748042307,1,0.995218688436048,0.987854254326053,0.979423169770966,0.97238642191918,0.966250429598684,0.959231595242711,0.952578252458045,0.947448496998165,0.940253035372943,0.935719573530676,0.928412503228136,0.916693378226212,0.901992581299546,0.881089120067451,0.846537307174895,0.792234883907117,0.648947970803311,0.401478549739089,0.201248631295141
0.562028980127389,0.787532132625536,0.8620138357673,0.901816917873577,0.922536882720312,0.935328586591771,0.94523194816795,0.953566300117355,0.960428986260233,0.97012398358605,0.979111439016065,0.987431160005262,0.995218688436048,1,0.995245876204184,0.988129670626005,0.981719013861908,0.975604045338799,0.968350884003404,0.962191813035995,0.957100121893607,0.950374700280129,0.946274992154345,0.93966691701945,0.928540900068967,0.913965005324805,0.893639096929449,0.861085310021608,0.809141384087977,0.669351706261514,0.421166033500112,0.217062344628347
0.550682997838925,0.7748162548065,0.850306243587993,0.889696767975812,0.910617132348061,0.924561907625987,0.934599950272886,0.942572292732469,0.949945179779418,0.960323821916035,0.969978855857138,0.97930115287261,0.987854254326053,0.995245876204184,1,0.995490897654469,0.990040914228484,0.983970983063581,0.97671126324315,0.970787672587656,0.96580334831403,0.958957875202943,0.954814355286644,0.948994928083996,0.938911114048488,0.924813371712897,0.905983994319014,0.874662704439562,0.824374206987021,0.684043735273738,0.435160975896691,0.225040584851694
0.534287687128574,0.756505288814452,0.833674020766634,0.875256545885866,0.898257973032149,0.912943744673946,0.923617454484079,0.931474560659181,0.939204315098507,0.949655173759182,0.960227695261386,0.970458854447448,0.979423169770966,0.988129670626005,0.995490897654469,1,0.996735605928849,0.991638087797554,0.985420149702059,0.980012863607415,0.975352663349244,0.969267051065124,0.965263696761434,0.959951678154002,0.950453276616921,0.937411261042092,0.920300274537318,0.891416282411937,0.843375397893575,0.703671398158873,0.4494976917276,0.239716246162646
0.522481549337731,0.742735620345802,0.821392468783654,0.863949195800864,0.887465319220885,0.902404079743282,0.914250206559647,0.922386895304206,0.930667834177064,0.940907556727314,0.952030049700393,0.962449704753076,0.97238642191918,0.981719013861908,0.990040914228484,0.996735605928849,1,0.996569558649509,0.991115210497414,0.985719112148141,0.980899554150786,0.975387238645411,0.971364313059413,0.966802047343314,0.958132254095075,0.945944140211696,0.929708969100746,0.90190349546973,0.853570773874819,0.71462545096695,0.457020818384042,0.245978290602462
0.508079987099448,0.72784368856454,0.808527523232691,0.852963876807211,0.877305933421606,0.892287582375691,0.904703437314862,0.913242327187384,0.922051443604848,0.933174778412286,0.945248104766627,0.956165555131739,0.966250429598684,0.975604045338799,0.983970983063581,0.991638087797554,0.996569558649509,1,0.996315369478901,0.991587108465901,0.987073837538756,0.981741209727761,0.977829213773927,0.973854461294331,0.96553411651275,0.954013759040544,0.9383625852322,0.911672365341158,0.863639225198447,0.726290558919366,0.466707989720848,0.252022993327477
0.495141626912613,0.71239949652083,0.794611775220517,0.840871770603576,0.865934307880558,0.880787649214853,0.89416453101277,0.902974621072535,0.912396527046228,0.923432957749519,0.93701438707051,0.9487842547972,0.959231595242711,0.968350884003404,0.97671126324315,0.985420149702059,0.991115210497414,0.996315369478901,1,0.996688238499224,0.992798590658503,0.987583780787916,0.983874936867053,0.979996989786783,0.972140154688218,0.960803474367739,0.945886065902763,0.92082844555216,0.874006684131927,0.736475253213506,0.471267076912394,0.260013124177518
0.482237955004682,0.697507500816108,0.781575015837554,0.828668505671084,0.854123083794166,0.870404729635559,0.884177136130581,0.893482197680321,0.90318549552079,0.914703089225568,0.929054026479491,0.94183684360846,0.952578252458045,0.962191813035995,0.970787672587656,0.980012863607415,0.985719112148141,0.991587108465901,0.996688238499224,1,0.997249766646199,0.992535628692054,0.988677122199572,0.984504953783051,0.977661646849657,0.96700045711299,0.952835168395086,0.92968751611005,0.884650021569519,0.746392512184121,0.478016114332954,0.261265072084438
0.47320734355381,0.68729506975893,0.771483268184039,0.819075484192293,0.844654418868809,0.861798502596941,0.875776516782938,0.886114954920609,0.896844596417857,0.909082208542691,0.924265013977631,0.937038684592362,0.947448496998165,0.957100121893607,0.96580334831403,0.975352663349244,0.980899554150786,0.987073837538756,0.992798590658503,0.997249766646199,1,0.996362613969263,0.992617214637402,0.988500923684557,0.982167283015612,0.972396480546671,0.958727191730546,0.936382323132202,0.891737230885629,0.752924563289578,0.487484093878737,0.270410252154624
0.463174817346376,0.673814115769446,0.756706313866557,0.806461895888738,0.832191554584863,0.850158194695698,0.864936847748996,0.876111886979855,0.887753340024628,0.900523994361683,0.916591379877415,0.929709836034705,0.940253035372943,0.950374700280129,0.958957875202943,0.969267051065124,0.975387238645411,0.981741209727761,0.987583780787916,0.992535628692054,0.996362613969263,1,0.996635687413206,0.992604245475131,0.987439926228376,0.979028609481566,0.966176864830253,0.945382577666894,0.90153523675391,0.764289330495403,0.497853480116734,0.279601976382294
0.45717921652826,0.663404175409307,0.745317666510341,0.796150726572654,0.822506714216015,0.841234204135747,0.856729320748148,0.868364900110857,0.880537111369582,0.893738096967247,0.910456205680639,0.924538326786047,0.935719573530676,0.946274992154345,0.954814355286644,0.965263696761434,0.971364313059413,0.977829213773927,0.983874936867053,0.988677122199572,0.992617214637402,0.996635687413206,1,0.996123963862869,0.990862158351615,0.983276944595786,0.970454523905877,0.950375261559586,0.907016701716916,0.771524811312582,0.502465674240687,0.287235925403351
0.44811068936231,0.649772075246729,0.732464048091453,0.782894207251006,0.809579305031551,0.828931335508891,0.844919831364411,0.85709572060443,0.869820144559264,0.883679254687938,0.900937661225909,0.916336630006471,0.928412503228136,0.93966691701945,0.948994928083996,0.959951678154002,0.966802047343314,0.973854461294331,0.979996989786783,0.984504953783051,0.988500923684557,0.992604245475131,0.996123963862869,1,0.996235239156592,0.989749956037078,0.978402723108694,0.960023501221232,0.917663424717706,0.784543238887633,0.515519128675584,0.296982827084778
0.42949644863701,0.627834455785579,0.712267651292029,0.763365937809124,0.790510529602629,0.811353831330661,0.828496097188993,0.840431161113145,0.853541236778413,0.868463011663249,0.887032470248876,0.903784178995736,0.916693378226212,0.928540900068967,0.938911114048488,0.950453276616921,0.958132254095075,0.96553411651275,0.972140154688218,0.977661646849657,0.982167283015612,0.987439926228376,0.990862158351615,0.996235239156592,1,0.994794159693009,0.985111952877334,0.968651468938469,0.926677397058941,0.79832530111283,0.529938236884767,0.307647849384728
0.41085833812497,0.602458028770197,0.688260126834775,0.741028015325558,0.768773100445345,0.790390395060993,0.808763409475217,0.821737154773954,0.835656475912341,0.851677355242121,0.870913620236883,0.888190562887782,0.901992581299546,0.913965005324805,0.924813371712897,0.937411261042092,0.945944140211696,0.954013759040544,0.960803474367739,0.96700045711299,0.972396480546671,0.979028609481566,0.983276944595786,0.989749956037078,0.994794159693009,1,0.992274965378881,0.978175462529291,0.938674714415621,0.815261529897662,0.549118869707232,0.319253172218223
0.392175305255027,0.577827746997681,0.664086478405588,0.716933458210137,0.745011345012435,0.766503019524749,0.785268896778191,0.798680761023574,0.81246490555235,0.828656685676497,0.848791247629181,0.866438801681796,0.881089120067451,0.893639096929449,0.905983994319014,0.920300274537318,0.929708969100746,0.9383625852322,0.945886065902763,0.952835168395086,0.958727191730546,0.966176864830253,0.970454523905877,0.978402723108694,0.985111952877334,0.992274965378881,1,0.989067857165617,0.956239162380278,0.839679399335078,0.571899750822845,0.341875912575436
0.354928808412412,0.531263316782233,0.619551647063919,0.674229837071574,0.704460879637316,0.727130226745478,0.7462419637027,0.76022066372771,0.77427449480774,0.790016650773694,0.81073513573771,0.829435853935412,0.846537307174895,0.861085310021608,0.874662704439562,0.891416282411937,0.90190349546973,0.911672365341158,0.92082844555216,0.92968751611005,0.936382323132202,0.945382577666894,0.950375261559586,0.960023501221232,0.968651468938469,0.978175462529291,0.989067857165617,1,0.975454064654234,0.8714618826031,0.612888819776872,0.374743420285857
0.313372961026954,0.471908379861074,0.560752390403591,0.613781188721324,0.643983212400613,0.668358971181578,0.687705655600953,0.701374459024463,0.7163208541651,0.732166520798821,0.753806940885647,0.772982319311718,0.792234883907117,0.809141384087977,0.824374206987021,0.843375397893575,0.853570773874819,0.863639225198447,0.874006684131927,0.884650021569519,0.891737230885629,0.90153523675391,0.907016701716916,0.917663424717706,0.926677397058941,0.938674714415621,0.956239162380278,0.975454064654234,1,0.925192022216932,0.681377279007922,0.419709514541621
0.219388201615735,0.340914424967814,0.423162034199728,0.469238074812022,0.500607112964729,0.521880149533168,0.538743807906973,0.551697034095383,0.56456633263175,0.58021868988676,0.60218092167669,0.624095528241951,0.648947970803311,0.669351706261514,0.684043735273738,0.703671398158873,0.71462545096695,0.726290558919366,0.736475253213506,0.746392512184121,0.752924563289578,0.764289330495403,0.771524811312582,0.784543238887633,0.79832530111283,0.815261529897662,0.839679399335078,0.8714618826031,0.925192022216932,1,0.837515027111111,0.512966047942288
0.112561062503537,0.172938886515356,0.234752492863758,0.2637274456587,0.287089132558678,0.300566402783693,0.309474839750787,0.317945744150513,0.33008319684943,0.343878532657242,0.361265800468432,0.378294568192957,0.401478549739089,0.421166033500112,0.435160975896691,0.4494976917276,0.457020818384042,0.466707989720848,0.471267076912394,0.478016114332954,0.487484093878737,0.497853480116734,0.502465674240687,0.515519128675584,0.529938236884767,0.549118869707232,0.571899750822845,0.612888819776872,0.681377279007922,0.837515027111111,1,0.595113224179544
0.0163879852659837,0.0412843322327678,0.0683309292789475,0.0968843611383146,0.115979999773477,0.128175862611859,0.136768227526642,0.144361510913522,0.150468071427102,0.158380001402251,0.173086266490755,0.185827538008242,0.201248631295141,0.217062344628347,0.225040584851694,0.239716246162646,0.245978290602462,0.252022993327477,0.260013124177518,0.261265072084438,0.270410252154624,0.279601976382294,0.287235925403351,0.296982827084778,0.307647849384728,0.319253172218223,0.341875912575436,0.374743420285857,0.419709514541621,0.512966047942288,0.595113224179544,1
