1,0.909954010598344,0.8817850945541,0.869570171908079,0.859428211795259,0.851485539839665,0.845984498837576,0.83648261576222,0.832107926893155,0.825931991783038,0.818117767997182,0.81028949899222,0.801120505991274,0.793572940732482,0.782817928637336,0.775470333018557,0.764724606399893,0.751688507700698,0.741109175107531,0.732318142699803,0.720305579475889,0.709199354685295,0.699473755771004,0.689377114545549,0.676076178890935,0.663187842690057,0.651653576472673,0.643100937867912,0.624692280636996,0.585378184650474,0.46739752770837,0.00913022034554101
0.909954010598344,1,0.984642297595649,0.976492542529543,0.969727831928234,0.963485210431361,0.95902175949145,0.952854724218998,0.947954569429114,0.94379254525552,0.939076365232216,0.932811153593103,0.925478162304321,0.918134228170308,0.91035439425956,0.903736423495446,0.894038443445277,0.883926078382861,0.875735525312369,0.86681778001342,0.856438557476296,0.845797223958276,0.837129381415359,0.826828085507758,0.814480391354792,0.801011278383262,0.790365438849755,0.779965023229748,0.765509149191357,0.724863091646463,0.592197563908775,0.0522233750939484
0.8817850945541,0.984642297595649,1,0.992324077976892,0.986131480345112,0.981460506601657,0.977476329653912,0.9722001955172,0.967289146181438,0.963197375096603,0.959272333568749,0.954397371942814,0.948186849664681,0.941987319819867,0.93505208643674,0.928320360887515,0.919349520658549,0.909688226490736,0.901908320317713,0.893854549927125,0.884941503067298,0.874915476548107,0.866189134941404,0.856503145307942,0.845188790487064,0.832793416740853,0.821936462780374,0.811189137731638,0.796778852516284,0.756977377544133,0.625537605138506,0.0725672919326934
0.869570171908079,0.976492542529543,0.992324077976892,1,0.994798595709507,0.990776816938218,0.987008084008414,0.982559276780805,0.978982523079323,0.975776875843411,0.972201747567127,0.967942061818684,0.96253087263995,0.956832811161702,0.950824178145853,0.945043128052776,0.936428028291231,0.927871967817552,0.920936183666167,0.913823349109695,0.905204022350834,0.895790100925476,0.887327800259522,0.878542765149057,0.867631718965538,0.856361558871695,0.845235646577536,0.835199409057,0.820843241232922,0.781733932472104,0.650946313193115,0.0853352984011653
0.859428211795259,0.969727831928234,0.986131480345112,0.994798595709507,1,0.996776257521469,0.993343974595772,0.9892385427466,0.985953292365023,0.982912931203137,0.979992138538171,0.975522048302219,0.970342259014508,0.964852472661376,0.959234399374659,0.953491044319577,0.945420555560727,0.937057445920738,0.93056592265688,0.923630239120204,0.915354382042117,0.90653419723787,0.898737212509766,0.890218323245732,0.879682544579172,0.869043104487703,0.858214240355338,0.848730988800959,0.834070517828712,0.79426254924911,0.6616190074851,0.0908408521984064
0.851485539839665,0.963485210431361,0.981460506601657,0.990776816938218,0.996776257521469,1,0.997188449022463,0.993902543383772,0.990872058377325,0.987600840010839,0.984786482859501,0.980527350319016,0.975552790597635,0.970223054874241,0.964896047373684,0.959145459382167,0.951686531175986,0.943867892317971,0.937598868433143,0.931013653560578,0.922744515395769,0.914418237091735,0.906742366510748,0.898534795418385,0.888662155843803,0.878537692021877,0.868399030911039,0.859345288028434,0.845189458041457,0.806722949573906,0.675104903039999,0.100881124387816
0.845984498837576,0.95902175949145,0.977476329653912,0.987008084008414,0.993343974595772,0.997188449022463,1,0.997359341360694,0.99446210071634,0.991667316208327,0.988800780303081,0.984700799761695,0.980063625534762,0.975099872737431,0.969987554767893,0.964289853422926,0.956952266802253,0.949494702117411,0.943618439065272,0.937275101836698,0.929102459627584,0.921263335818459,0.913739144160818,0.90576080004627,0.896374030763553,0.886837017968596,0.877309818677123,0.868775317788314,0.854848762416526,0.817932460197363,0.68914019410776,0.114393262170326
0.83648261576222,0.952854724218998,0.9722001955172,0.982559276780805,0.9892385427466,0.993902543383772,0.997359341360694,1,0.997859874428315,0.995224845485021,0.992560035460251,0.988758006516665,0.984704799241484,0.980180056273885,0.975299970995573,0.969788698591023,0.963108949118572,0.956165348795469,0.950582835249923,0.944518939089491,0.936510021442291,0.929232958678584,0.92231152136941,0.914701794505071,0.905792278683579,0.896606868534508,0.887566026691641,0.879023197171849,0.865800366809747,0.830010299649178,0.702421514663192,0.120553623567333
0.832107926893155,0.947954569429114,0.967289146181438,0.978982523079323,0.985953292365023,0.990872058377325,0.99446210071634,0.997859874428315,1,0.998094006947083,0.99560639925853,0.99209313789893,0.988187246260606,0.983804105997543,0.979223027229714,0.974029075904891,0.967664382338009,0.961016736068641,0.955670049842529,0.949575590090942,0.941898624888133,0.93511856141227,0.928464016241413,0.921490306396278,0.913226744869302,0.904687888608867,0.896086724444086,0.887843793295597,0.874730396492032,0.840068843226193,0.713040135745128,0.127259314907238
0.825931991783038,0.94379254525552,0.963197375096603,0.975776875843411,0.982912931203137,0.987600840010839,0.991667316208327,0.995224845485021,0.998094006947083,1,0.998074878615295,0.994941884453938,0.991336083357141,0.987156693661445,0.982941208947789,0.977996816581042,0.97202978121849,0.965613813183607,0.960463147044427,0.954467820086896,0.947076862603535,0.940648959452374,0.934181249325709,0.927349165025908,0.919408664506561,0.911099262795572,0.903076535843239,0.895180718831176,0.882399652750211,0.848500725904996,0.722286372138714,0.136868592273113
0.818117767997182,0.939076365232216,0.959272333568749,0.972201747567127,0.979992138538171,0.984786482859501,0.988800780303081,0.992560035460251,0.99560639925853,0.998074878615295,1,0.997902129796238,0.994866585320817,0.991121309176699,0.987493440177323,0.982925964549377,0.977340245475309,0.97095494588916,0.965966025432647,0.960208700484111,0.953297202863332,0.947264064514785,0.941028820754662,0.934466311480982,0.926403370606954,0.918548166460958,0.910818388266098,0.903179623408177,0.891039941814526,0.857724880033184,0.731112336777166,0.142117952036534
0.81028949899222,0.932811153593103,0.954397371942814,0.967942061818684,0.975522048302219,0.980527350319016,0.984700799761695,0.988758006516665,0.99209313789893,0.994941884453938,0.997902129796238,1,0.99813045880465,0.995106557399344,0.991906087490609,0.987696781369053,0.982578696411652,0.976533147987882,0.971645793532971,0.966560471968616,0.960398666024857,0.954518375706026,0.948658157608432,0.942100285352914,0.934396737728236,0.926816079710106,0.919280616712333,0.912010903623204,0.900192354719446,0.867701224093418,0.742327647107038,0.149471762117416
0.801120505991274,0.925478162304321,0.948186849664681,0.96253087263995,0.970342259014508,0.975552790597635,0.980063625534762,0.984704799241484,0.988187246260606,0.991336083357141,0.994866585320817,0.99813045880465,1,0.998175941843753,0.995718567717015,0.992020234921699,0.98759829577446,0.982261083882367,0.977840595073102,0.973302768016878,0.9677731022672,0.962075774602311,0.956672290364265,0.950419988807404,0.943237233865663,0.936115089738063,0.928975550944432,0.921982591517324,0.911020914577515,0.880006356882936,0.758083269759838,0.166928236741012
0.793572940732482,0.918134228170308,0.941987319819867,0.956832811161702,0.964852472661376,0.970223054874241,0.975099872737431,0.980180056273885,0.983804105997543,0.987156693661445,0.991121309176699,0.995106557399344,0.998175941843753,1,0.998409807593198,0.995416035104186,0.991419121135832,0.98661241497031,0.982754580053828,0.978437272153374,0.973405232854479,0.967997541405888,0.962667827207175,0.956640274775185,0.950196462077427,0.943453974896609,0.936579190111469,0.929861696362463,0.919542619476717,0.88936342719284,0.769692031647191,0.175542116043721
0.782817928637336,0.91035439425956,0.93505208643674,0.950824178145853,0.959234399374659,0.964896047373684,0.969987554767893,0.975299970995573,0.979223027229714,0.982941208947789,0.987493440177323,0.991906087490609,0.995718567717015,0.998409807593198,1,0.998078135075548,0.994791192649505,0.990606301757913,0.98709108261001,0.982975463605374,0.978413487318538,0.97348777827887,0.968547365068636,0.962950410637668,0.956874968979506,0.950654255869225,0.944167447005584,0.937491633180634,0.927554392557872,0.898388724958788,0.780807779309728,0.186597209877745
0.775470333018557,0.903736423495446,0.928320360887515,0.945043128052776,0.953491044319577,0.959145459382167,0.964289853422926,0.969788698591023,0.974029075904891,0.977996816581042,0.982925964549377,0.987696781369053,0.992020234921699,0.995416035104186,0.998078135075548,1,0.998042545407474,0.994920299488251,0.991842508468069,0.988172002899584,0.983854924221697,0.979180450582793,0.974153778994971,0.968599167406969,0.962541469581034,0.956618998896938,0.950273823260832,0.943748148436272,0.93437221431618,0.906410150801498,0.791625954753157,0.198175539722479
0.764724606399893,0.894038443445277,0.919349520658549,0.936428028291231,0.945420555560727,0.951686531175986,0.956952266802253,0.963108949118572,0.967664382338009,0.97202978121849,0.977340245475309,0.982578696411652,0.98759829577446,0.991419121135832,0.994791192649505,0.998042545407474,1,0.99813026423381,0.995585391086173,0.992319729447155,0.988443029097512,0.984176497956799,0.979261311435856,0.974066410795422,0.9683678259315,0.962649850291072,0.956610976419519,0.950191243631935,0.941308120511282,0.914173594463575,0.801137654647135,0.205859724455825
0.751688507700698,0.883926078382861,0.909688226490736,0.927871967817552,0.937057445920738,0.943867892317971,0.949494702117411,0.956165348795469,0.961016736068641,0.965613813183607,0.97095494588916,0.976533147987882,0.982261083882367,0.98661241497031,0.990606301757913,0.994920299488251,0.99813026423381,1,0.998318080683165,0.995627940412099,0.992178386891466,0.988367936938635,0.984056575506271,0.979305318218089,0.974110224169211,0.968956325970562,0.963328936766358,0.957116881295536,0.948258923442597,0.922103809227471,0.811658569440378,0.212700460508956
0.741109175107531,0.875735525312369,0.901908320317713,0.920936183666167,0.93056592265688,0.937598868433143,0.943618439065272,0.950582835249923,0.955670049842529,0.960463147044427,0.965966025432647,0.971645793532971,0.977840595073102,0.982754580053828,0.98709108261001,0.991842508468069,0.995585391086173,0.998318080683165,1,0.998189933128524,0.995501310988009,0.99222088226911,0.988487194696099,0.983984773270976,0.979223080163808,0.974347218575651,0.969041762312905,0.963158149638304,0.954879460200548,0.929700616349865,0.819776193752713,0.219382988691331
0.732318142699803,0.86681778001342,0.893854549927125,0.913823349109695,0.923630239120204,0.931013653560578,0.937275101836698,0.944518939089491,0.949575590090942,0.954467820086896,0.960208700484111,0.966560471968616,0.973302768016878,0.978437272153374,0.982975463605374,0.988172002899584,0.992319729447155,0.995627940412099,0.998189933128524,1,0.998293133301189,0.995639815204852,0.992198971790915,0.988187408455189,0.983629191297885,0.979117168374093,0.973883861118581,0.968018813381122,0.960266182593902,0.935386551132971,0.826669352537465,0.226741715384393
0.720305579475889,0.856438557476296,0.884941503067298,0.905204022350834,0.915354382042117,0.922744515395769,0.929102459627584,0.936510021442291,0.941898624888133,0.947076862603535,0.953297202863332,0.960398666024857,0.9677731022672,0.973405232854479,0.978413487318538,0.983854924221697,0.988443029097512,0.992178386891466,0.995501310988009,0.998293133301189,1,0.99818453715142,0.995263735540175,0.991727915767272,0.987607488007975,0.983583518955042,0.978638950618905,0.972593675554822,0.96549158439262,0.941308849285111,0.833842363463038,0.233654287864657
0.709199354685295,0.845797223958276,0.874915476548107,0.895790100925476,0.90653419723787,0.914418237091735,0.921263335818459,0.929232958678584,0.93511856141227,0.940648959452374,0.947264064514785,0.954518375706026,0.962075774602311,0.967997541405888,0.97348777827887,0.979180450582793,0.984176497956799,0.988367936938635,0.99222088226911,0.995639815204852,0.99818453715142,1,0.997868504388571,0.994828203338722,0.991262385981397,0.987587399181169,0.982708156981641,0.976577363188049,0.969874070290241,0.945886634732312,0.839753681799031,0.240114960391161
0.699473755771004,0.837129381415359,0.866189134941404,0.887327800259522,0.898737212509766,0.906742366510748,0.913739144160818,0.92231152136941,0.928464016241413,0.934181249325709,0.941028820754662,0.948658157608432,0.956672290364265,0.962667827207175,0.968547365068636,0.974153778994971,0.979261311435856,0.984056575506271,0.988487194696099,0.992198971790915,0.995263735540175,0.997868504388571,1,0.99804546307094,0.995133630307437,0.991397478967839,0.986944258118282,0.981279403228121,0.974655676260626,0.95169721301535,0.848512130536008,0.249356838119924
0.689377114545549,0.826828085507758,0.856503145307942,0.878542765149057,0.890218323245732,0.898534795418385,0.90576080004627,0.914701794505071,0.921490306396278,0.927349165025908,0.934466311480982,0.942100285352914,0.950419988807404,0.956640274775185,0.962950410637668,0.968599167406969,0.974066410795422,0.979305318218089,0.983984773270976,0.988187408455189,0.991727915767272,0.994828203338722,0.99804546307094,1,0.997881629187778,0.994430350297733,0.990113944120388,0.984868497656301,0.978328295676113,0.955985126016296,0.854014200366639,0.255467095043353
0.676076178890935,0.814480391354792,0.845188790487064,0.867631718965538,0.879682544579172,0.888662155843803,0.896374030763553,0.905792278683579,0.913226744869302,0.919408664506561,0.926403370606954,0.934396737728236,0.943237233865663,0.950196462077427,0.956874968979506,0.962541469581034,0.9683678259315,0.974110224169211,0.979223080163808,0.983629191297885,0.987607488007975,0.991262385981397,0.995133630307437,0.997881629187778,1,0.997312804678513,0.9937408384872,0.988733375635122,0.982410755892559,0.96140732653913,0.863338670114848,0.267863570798483
0.663187842690057,0.801011278383262,0.832793416740853,0.856361558871695,0.869043104487703,0.878537692021877,0.886837017968596,0.896606868534508,0.904687888608867,0.911099262795572,0.918548166460958,0.926816079710106,0.936115089738063,0.943453974896609,0.950654255869225,0.956618998896938,0.962649850291072,0.968956325970562,0.974347218575651,0.979117168374093,0.983583518955042,0.987587399181169,0.991397478967839,0.994430350297733,0.997312804678513,1,0.997028901908076,0.992354151634576,0.986383080794949,0.965916120883947,0.871500206235954,0.2797305270691
0.651653576472673,0.790365438849755,0.821936462780374,0.845235646577536,0.858214240355338,0.868399030911039,0.877309818677123,0.887566026691641,0.896086724444086,0.903076535843239,0.910818388266098,0.919280616712333,0.928975550944432,0.936579190111469,0.944167447005584,0.950273823260832,0.956610976419519,0.963328936766358,0.969041762312905,0.973883861118581,0.978638950618905,0.982708156981641,0.986944258118282,0.990113944120388,0.9937408384872,0.997028901908076,1,0.996444819491593,0.990901582177395,0.972447325944393,0.881419416832988,0.293413489445333
0.643100937867912,0.779965023229748,0.811189137731638,0.835199409057,0.848730988800959,0.859345288028434,0.868775317788314,0.879023197171849,0.887843793295597,0.895180718831176,0.903179623408177,0.912010903623204,0.921982591517324,0.929861696362463,0.937491633180634,0.943748148436272,0.950191243631935,0.957116881295536,0.963158149638304,0.968018813381122,0.972593675554822,0.976577363188049,0.981279403228121,0.984868497656301,0.988733375635122,0.992354151634576,0.996444819491593,1,0.994898411893975,0.977795340388812,0.890670974400008,0.307178749511924
0.624692280636996,0.765509149191357,0.796778852516284,0.820843241232922,0.834070517828712,0.845189458041457,0.854848762416526,0.865800366809747,0.874730396492032,0.882399652750211,0.891039941814526,0.900192354719446,0.911020914577515,0.919542619476717,0.927554392557872,0.93437221431618,0.941308120511282,0.948258923442597,0.954879460200548,0.960266182593902,0.96549158439262,0.969874070290241,0.974655676260626,0.978328295676113,0.982410755892559,0.986383080794949,0.990901582177395,0.994898411893975,1,0.986418926557895,0.903910625809046,0.326600448506169
0.585378184650474,0.724863091646463,0.756977377544133,0.781733932472104,0.79426254924911,0.806722949573906,0.817932460197363,0.830010299649178,0.840068843226193,0.848500725904996,0.857724880033184,0.867701224093418,0.880006356882936,0.88936342719284,0.898388724958788,0.906410150801498,0.914173594463575,0.922103809227471,0.929700616349865,0.935386551132971,0.941308849285111,0.945886634732312,0.95169721301535,0.955985126016296,0.96140732653913,0.965916120883947,0.972447325944393,0.977795340388812,0.986418926557895,1,0.94447295173252,0.402750746695301
0.46739752770837,0.592197563908775,0.625537605138506,0.650946313193115,0.6616190074851,0.675104903039999,0.68914019410776,0.702421514663192,0.713040135745128,0.722286372138714,0.731112336777166,0.742327647107038,0.758083269759838,0.769692031647191,0.780807779309728,0.791625954753157,0.801137654647135,0.811658569440378,0.819776193752713,0.826669352537465,0.833842363463038,0.839753681799031,0.848512130536008,0.854014200366639,0.863338670114848,0.871500206235954,0.881419416832988,0.890670974400008,0.903910625809046,0.94447295173252,1,0.573653986459821
0.00913022034554101,0.0522233750939484,0.0725672919326934,0.0853352984011653,0.0908408521984064,0.100881124387816,0.114393262170326,0.120553623567333,0.127259314907238,0.136868592273113,0.142117952036534,0.149471762117416,0.166928236741012,0.175542116043721,0.186597209877745,0.198175539722479,0.205859724455825,0.212700460508956,0.219382988691331,0.226741715384393,0.233654287864657,0.240114960391161,0.249356838119924,0.255467095043353,0.267863570798483,0.2797305270691,0.293413489445333,0.307178749511924,0.326600448506169,0.402750746695301,0.573653986459821,1
