1,0.926228641107723,0.896546498683483,0.876590009582889,0.846591374824178,0.821631303999101,0.794491845832559,0.773010869815132,0.753304468541782,0.722197249550578,0.704315405077458,0.660445483363494,0.625753659827319,0.59536516815458,0.55454747582801,0.504568330566316,0.457073333753856,0.408493539045113,0.339352033636596,0.27345798454005,0.190555579473244,0.123988305511496,0.0772260104597149,0.0167973754596637,-0.0474003872863255,-0.127582550106718,-0.186234547739002,-0.245089746179975,-0.315825547669525,-0.354398961644712,-0.335274064994009,-0.174177374661806
0.926228641107723,1,0.968035872393873,0.94341824375197,0.920109806240789,0.896685879605569,0.873768248886852,0.855570392275992,0.837445626959604,0.810993974520779,0.791867317599005,0.746314699309643,0.709446559582884,0.677624925749052,0.638543418140694,0.590211852913871,0.541137674684222,0.49301699744643,0.422849417064073,0.356991197139431,0.26931314084156,0.203151022602571,0.153970357923753,0.0897494155131719,0.0232151824567949,-0.0617196401390168,-0.12034838030942,-0.180390329280665,-0.263911467855016,-0.311336828280338,-0.29278318912716,-0.144566530825745
0.896546498683483,0.968035872393873,1,0.981717750567806,0.959506581802371,0.939308389513813,0.921093794490001,0.905914044736381,0.88969220429989,0.865568363970021,0.846853814057139,0.807906335853716,0.774951098284569,0.746032310911672,0.709813317659184,0.66286210673899,0.616525624405884,0.569398359647917,0.502039974587702,0.44044401635267,0.358389285880492,0.292621630268114,0.241960045330583,0.178177568049917,0.113288819542821,0.0244125279888276,-0.040571240133232,-0.106379155615084,-0.197776601135991,-0.253849212939709,-0.248567207011598,-0.122929462547411
0.876590009582889,0.94341824375197,0.981717750567806,1,0.984510326707835,0.969254505207325,0.956845050039507,0.942992509237141,0.927685514354169,0.90624529519385,0.888500604998025,0.85438591185173,0.825432802242118,0.79838674342861,0.766480970928296,0.722937722980117,0.6799169378872,0.635539276340761,0.5699463173163,0.508221953940021,0.428390193610853,0.362354893966738,0.310125154654788,0.247246433622347,0.182166319124453,0.0932155916649773,0.0256430237260137,-0.0400156762440129,-0.135480394498456,-0.199975823223861,-0.204514693813424,-0.115065414900057
0.846591374824178,0.920109806240789,0.959506581802371,0.984510326707835,1,0.98956348162014,0.977806056290203,0.966486918259188,0.952835391831785,0.93397391387962,0.917998183299361,0.889073477368291,0.861540455803046,0.834999106798701,0.804621923585077,0.763996778216942,0.724029421329826,0.682061869170857,0.621320390569852,0.562303397096631,0.483997787025446,0.420381765783382,0.369565295858332,0.307263874460084,0.244052877948487,0.154785267859212,0.0861744243198301,0.0233119777181516,-0.0726099934970786,-0.143117953576185,-0.155413531004535,-0.116014913392852
0.821631303999101,0.896685879605569,0.939308389513813,0.969254505207325,0.98956348162014,1,0.990031992116881,0.98029004646309,0.96861240109974,0.951949378765289,0.937103148693683,0.910446867140422,0.884661326600897,0.86017249878807,0.831645379263253,0.792841394208365,0.756638987675302,0.717648344142916,0.659130893504501,0.602546838248999,0.527136227663368,0.465427513526304,0.415341643353946,0.354982971460896,0.292474510360608,0.205789844535478,0.136975519184986,0.0767423479541152,-0.0197389968880801,-0.0927816610003093,-0.113388925446001,-0.100900792038956
0.794491845832559,0.873768248886852,0.921093794490001,0.956845050039507,0.977806056290203,0.990031992116881,1,0.992058756944469,0.981127283238447,0.968195463800769,0.95408828997784,0.930530460623957,0.908173816184201,0.886133885657689,0.859708323714847,0.823638233627115,0.788616905991944,0.751779162962489,0.694735047771912,0.641928647031907,0.567296915671036,0.507632230229854,0.458312087249014,0.399664694612465,0.340615214582813,0.254500664867649,0.187616865622908,0.127478917792469,0.0303670043322658,-0.0441307699616307,-0.0669964221430943,-0.0874380482789835
0.773010869815132,0.855570392275992,0.905914044736381,0.942992509237141,0.966486918259188,0.98029004646309,0.992058756944469,1,0.992949224354814,0.982367285628978,0.969994765101358,0.949485023449667,0.929966090151368,0.909149345804421,0.88523116373717,0.851093213249838,0.81584684257497,0.782546526390373,0.728862397263016,0.677770146124078,0.605796717710036,0.546770509822025,0.498742463159848,0.43995516002403,0.38113465434169,0.295257981127764,0.22987754006529,0.168539390592726,0.0688091376015415,-0.00892110608652487,-0.0349808032978102,-0.0776388477115903
0.753304468541782,0.837445626959604,0.88969220429989,0.927685514354169,0.952835391831785,0.96861240109974,0.981127283238447,0.992949224354814,1,0.992724857353295,0.981367091482173,0.96343579202099,0.945247145848306,0.926338466813905,0.905442575115056,0.87288062496258,0.840016829660212,0.809589684184022,0.759151635960172,0.709287656164238,0.640128885333448,0.583421056844808,0.536868807132084,0.478604572609505,0.41977035668687,0.334594655229699,0.268379495698852,0.20516215496131,0.102773926801878,0.0263009716651868,-0.00138836039457638,-0.0595307243258677
0.722197249550578,0.810993974520779,0.865568363970021,0.90624529519385,0.93397391387962,0.951949378765289,0.968195463800769,0.982367285628978,0.992724857353295,1,0.99247363743183,0.978276161999259,0.962555258421911,0.945976911051319,0.926984654942419,0.897957503281446,0.86744060853624,0.838954686339368,0.791501751984938,0.745467690243289,0.68072374829137,0.626124517888251,0.581613604071036,0.526371964853703,0.468908021220407,0.385482976875383,0.317299241356317,0.251782878188358,0.146772106234394,0.0689150417241198,0.0390594026100498,-0.0448931871244199
0.704315405077458,0.791867317599005,0.846853814057139,0.888500604998025,0.917998183299361,0.937103148693683,0.95408828997784,0.969994765101358,0.981367091482173,0.99247363743183,1,0.989999571225854,0.976705551857555,0.961972821168696,0.94442780983031,0.917574906850023,0.888460645397474,0.861464076261212,0.816034305900734,0.771034413185332,0.705752980632792,0.652062245414119,0.608705879951525,0.553296682670732,0.496661817269638,0.413837856095237,0.346589435703107,0.282371028490021,0.17442618181106,0.0923013694155129,0.0579931294141337,-0.0375295931401983
0.660445483363494,0.746314699309643,0.807906335853716,0.85438591185173,0.889073477368291,0.910446867140422,0.930530460623957,0.949485023449667,0.96343579202099,0.978276161999259,0.989999571225854,1,0.992288269030736,0.981579128318045,0.967758987799476,0.945735683170177,0.92193678528224,0.89843570194326,0.858314481500525,0.818814910629079,0.759477462070191,0.710299140516626,0.669037703430338,0.617612804530262,0.565078856826771,0.484405580045949,0.416509616835951,0.351245654589898,0.240830112328094,0.154790156832917,0.110664536992053,-0.0273096337229353
0.625753659827319,0.709446559582884,0.774951098284569,0.825432802242118,0.861540455803046,0.884661326600897,0.908173816184201,0.929966090151368,0.945247145848306,0.962555258421911,0.976705551857555,0.992288269030736,1,0.993499007194657,0.982840105602662,0.966178907825606,0.945886149735789,0.924855140683174,0.888077098294735,0.851825329630303,0.797729972352157,0.750722863643132,0.711615806711997,0.661433273616059,0.611373160193051,0.533095272347308,0.466265546958468,0.399715367557671,0.28844346457347,0.201990943013841,0.15530232650059,-0.0173872111510758
0.59536516815458,0.677624925749052,0.746032310911672,0.79838674342861,0.834999106798701,0.86017249878807,0.886133885657689,0.909149345804421,0.926338466813905,0.945976911051319,0.961972821168696,0.981579128318045,0.993499007194657,1,0.993505834732611,0.980629873765464,0.963441127974946,0.944456759634753,0.911105954879768,0.878089575071295,0.827432066343801,0.781566482907907,0.744763213000065,0.695279121362203,0.646715746429568,0.570841000534854,0.50490721650731,0.437887892224377,0.324707593943926,0.237483691836726,0.186866614106128,-0.0040355600242109
0.55454747582801,0.638543418140694,0.709813317659184,0.766480970928296,0.804621923585077,0.831645379263253,0.859708323714847,0.88523116373717,0.905442575115056,0.926984654942419,0.94442780983031,0.967758987799476,0.982840105602662,0.993505834732611,1,0.992177318331788,0.978038633606034,0.961746357715046,0.933535514046732,0.904965099066856,0.858605921545894,0.816168515557837,0.780685677625085,0.733123764121258,0.685828406581764,0.612261185192842,0.547340503664986,0.479097963169546,0.363688450351884,0.277559277178131,0.224464858470081,0.0160864718513475
0.504568330566316,0.590211852913871,0.66286210673899,0.722937722980117,0.763996778216942,0.792841394208365,0.823638233627115,0.851093213249838,0.87288062496258,0.897957503281446,0.917574906850023,0.945735683170177,0.966178907825606,0.980629873765464,0.992177318331788,1,0.990544816455841,0.977389702668993,0.954302482165977,0.929985118200808,0.887967351903685,0.849384092492513,0.816763296854489,0.771585815120816,0.727105613426977,0.656412761537965,0.593506338722744,0.526053130680347,0.410822708439656,0.324725515864223,0.272815712691367,0.0376433953921259
0.457073333753856,0.541137674684222,0.616525624405884,0.6799169378872,0.724029421329826,0.756638987675302,0.788616905991944,0.81584684257497,0.840016829660212,0.86744060853624,0.888460645397474,0.92193678528224,0.945886149735789,0.963441127974946,0.978038633606034,0.990544816455841,1,0.990996085607932,0.973936550433717,0.954741211680202,0.919530282836424,0.885616062065878,0.855915801796665,0.815269748239413,0.774137435668998,0.709347326898713,0.648605608719295,0.582562239488145,0.467412220978099,0.386404067620791,0.330492023427339,0.0592574924006715
0.408493539045113,0.49301699744643,0.569398359647917,0.635539276340761,0.682061869170857,0.717648344142916,0.751779162962489,0.782546526390373,0.809589684184022,0.838954686339368,0.861464076261212,0.89843570194326,0.924855140683174,0.944456759634753,0.961746357715046,0.977389702668993,0.990996085607932,1,0.990467664867659,0.974990339390678,0.943878829721427,0.912953314291867,0.886340703547034,0.847274095470098,0.808002902001018,0.746605063314935,0.689561572834915,0.626279791408098,0.51442955224047,0.433486847597487,0.377085286370185,0.0778479679673867
0.339352033636596,0.422849417064073,0.502039974587702,0.5699463173163,0.621320390569852,0.659130893504501,0.694735047771912,0.728862397263016,0.759151635960172,0.791501751984938,0.816034305900734,0.858314481500525,0.888077098294735,0.911105954879768,0.933535514046732,0.954302482165977,0.973936550433717,0.990467664867659,1,0.991793328419198,0.967788340243711,0.94212554013738,0.919740925870637,0.884996995941371,0.850266896867168,0.793805083755315,0.739005063611364,0.679182997336603,0.568210214271047,0.489999693898083,0.42845594248064,0.0895740092205288
0.27345798454005,0.356991197139431,0.44044401635267,0.508221953940021,0.562303397096631,0.602546838248999,0.641928647031907,0.677770146124078,0.709287656164238,0.745467690243289,0.771034413185332,0.818814910629079,0.851825329630303,0.878089575071295,0.904965099066856,0.929985118200808,0.954741211680202,0.974990339390678,0.991793328419198,1,0.986247812338937,0.967223376382188,0.949390552326839,0.920316156710726,0.89123656499918,0.840406993992257,0.78879177326805,0.730518648183787,0.622782326843792,0.547509465615512,0.480772505781451,0.112724021961356
0.190555579473244,0.26931314084156,0.358389285880492,0.428390193610853,0.483997787025446,0.527136227663368,0.567296915671036,0.605796717710036,0.640128885333448,0.68072374829137,0.705752980632792,0.759477462070191,0.797729972352157,0.827432066343801,0.858605921545894,0.887967351903685,0.919530282836424,0.943878829721427,0.967788340243711,0.986247812338937,1,0.990658303182537,0.978774864277955,0.959526307664978,0.935284134137543,0.894230490764303,0.842957159859294,0.783654358506168,0.681711059213056,0.611664504257086,0.539708585772071,0.127627438518335
0.123988305511496,0.203151022602571,0.292621630268114,0.362354893966738,0.420381765783382,0.465427513526304,0.507632230229854,0.546770509822025,0.583421056844808,0.626124517888251,0.652062245414119,0.710299140516626,0.750722863643132,0.781566482907907,0.816168515557837,0.849384092492513,0.885616062065878,0.912953314291867,0.94212554013738,0.967223376382188,0.990658303182537,1,0.993198514151307,0.980700549688524,0.962238049094476,0.928227178815921,0.882776482322464,0.826836070822199,0.731044025856034,0.668885378594075,0.590299621207893,0.156326933066211
0.0772260104597149,0.153970357923753,0.241960045330583,0.310125154654788,0.369565295858332,0.415341643353946,0.458312087249014,0.498742463159848,0.536868807132084,0.581613604071036,0.608705879951525,0.669037703430338,0.711615806711997,0.744763213000065,0.780685677625085,0.816763296854489,0.855915801796665,0.886340703547034,0.919740925870637,0.949390552326839,0.978774864277955,0.993198514151307,1,0.991728583181463,0.976669191290384,0.947800119871058,0.906597847533372,0.852838615234385,0.761459888956953,0.703593806180713,0.625549979522801,0.176451511803107
0.0167973754596637,0.0897494155131719,0.178177568049917,0.247246433622347,0.307263874460084,0.354982971460896,0.399664694612465,0.43995516002403,0.478604572609505,0.526371964853703,0.553296682670732,0.617612804530262,0.661433273616059,0.695279121362203,0.733123764121258,0.771585815120816,0.815269748239413,0.847274095470098,0.884996995941371,0.920316156710726,0.959526307664978,0.980700549688524,0.991728583181463,1,0.991654519319294,0.971253526962485,0.933313919504311,0.883937066183574,0.801094861058987,0.748922844644712,0.666895581921535,0.190147357154828
-0.0474003872863255,0.0232151824567949,0.113288819542821,0.182166319124453,0.244052877948487,0.292474510360608,0.340615214582813,0.38113465434169,0.41977035668687,0.468908021220407,0.496661817269638,0.565078856826771,0.611373160193051,0.646715746429568,0.685828406581764,0.727105613426977,0.774137435668998,0.808002902001018,0.850266896867168,0.89123656499918,0.935284134137543,0.962238049094476,0.976669191290384,0.991654519319294,1,0.987277790718335,0.955728298113578,0.913087888043188,0.839787857823062,0.790557528426763,0.702300024301792,0.203725709408644
-0.127582550106718,-0.0617196401390168,0.0244125279888276,0.0932155916649773,0.154785267859212,0.205789844535478,0.254500664867649,0.295257981127764,0.334594655229699,0.385482976875383,0.413837856095237,0.484405580045949,0.533095272347308,0.570841000534854,0.612261185192842,0.656412761537965,0.709347326898713,0.746605063314935,0.793805083755315,0.840406993992257,0.894230490764303,0.928227178815921,0.947800119871058,0.971253526962485,0.987277790718335,1,0.979200702203392,0.944465875621066,0.885139098785931,0.843545664749275,0.756034972829048,0.242069114320344
-0.186234547739002,-0.12034838030942,-0.040571240133232,0.0256430237260137,0.0861744243198301,0.136975519184986,0.187616865622908,0.22987754006529,0.268379495698852,0.317299241356317,0.346589435703107,0.416509616835951,0.466265546958468,0.50490721650731,0.547340503664986,0.593506338722744,0.648605608719295,0.689561572834915,0.739005063611364,0.78879177326805,0.842957159859294,0.882776482322464,0.906597847533372,0.933313919504311,0.955728298113578,0.979200702203392,1,0.983445377900775,0.942891842023886,0.905855661942321,0.814718644833175,0.307082082714052
-0.245089746179975,-0.180390329280665,-0.106379155615084,-0.0400156762440129,0.0233119777181516,0.0767423479541152,0.127478917792469,0.168539390592726,0.20516215496131,0.251782878188358,0.282371028490021,0.351245654589898,0.399715367557671,0.437887892224377,0.479097963169546,0.526053130680347,0.582562239488145,0.626279791408098,0.679182997336603,0.730518648183787,0.783654358506168,0.826836070822199,0.852838615234385,0.883937066183574,0.913087888043188,0.944465875621066,0.983445377900775,1,0.976689610001639,0.941059281121118,0.851227299480072,0.324859263602899
-0.315825547669525,-0.263911467855016,-0.197776601135991,-0.135480394498456,-0.0726099934970786,-0.0197389968880801,0.0303670043322658,0.0688091376015415,0.102773926801878,0.146772106234394,0.17442618181106,0.240830112328094,0.28844346457347,0.324707593943926,0.363688450351884,0.410822708439656,0.467412220978099,0.51442955224047,0.568210214271047,0.622782326843792,0.681711059213056,0.731044025856034,0.761459888956953,0.801094861058987,0.839787857823062,0.885139098785931,0.942891842023886,0.976689610001639,1,0.974567644189099,0.887150593075845,0.331113569402663
-0.354398961644712,-0.311336828280338,-0.253849212939709,-0.199975823223861,-0.143117953576185,-0.0927816610003093,-0.0441307699616307,-0.00892110608652487,0.0263009716651868,0.0689150417241198,0.0923013694155129,0.154790156832917,0.201990943013841,0.237483691836726,0.277559277178131,0.324725515864223,0.386404067620791,0.433486847597487,0.489999693898083,0.547509465615512,0.611664504257086,0.668885378594075,0.703593806180713,0.748922844644712,0.790557528426763,0.843545664749275,0.905855661942321,0.941059281121118,0.974567644189099,1,0.929708103130063,0.36803497219645
-0.335274064994009,-0.29278318912716,-0.248567207011598,-0.204514693813424,-0.155413531004535,-0.113388925446001,-0.0669964221430943,-0.0349808032978102,-0.00138836039457638,0.0390594026100498,0.0579931294141337,0.110664536992053,0.15530232650059,0.186866614106128,0.224464858470081,0.272815712691367,0.330492023427339,0.377085286370185,0.42845594248064,0.480772505781451,0.539708585772071,0.590299621207893,0.625549979522801,0.666895581921535,0.702300024301792,0.756034972829048,0.814718644833175,0.851227299480072,0.887150593075845,0.929708103130063,1,0.446946643990659
-0.174177374661806,-0.144566530825745,-0.122929462547411,-0.115065414900057,-0.116014913392852,-0.100900792038956,-0.0874380482789835,-0.0776388477115903,-0.0595307243258677,-0.0448931871244199,-0.0375295931401983,-0.0273096337229353,-0.0173872111510758,-0.0040355600242109,0.0160864718513475,0.0376433953921259,0.0592574924006715,0.0778479679673867,0.0895740092205288,0.112724021961356,0.127627438518335,0.156326933066211,0.176451511803107,0.190147357154828,0.203725709408644,0.242069114320344,0.307082082714052,0.324859263602899,0.331113569402663,0.36803497219645,0.446946643990659,1
