1,0.878860204120512,0.835455866905241,0.815891001016513,0.796231535327521,0.780568456041176,0.765102900101334,0.750961120189239,0.735870364232245,0.725483975278595,0.711506380212771,0.692249335657263,0.676223157365755,0.659870981478288,0.64332671543414,0.63079269303905,0.620668545936142,0.607224195123436,0.58770684067342,0.577323826500901,0.564833470087255,0.549764593333863,0.531149451728921,0.514238627649307,0.490825707304309,0.458719632299106,0.412596039684692,0.349636178375659,0.235221797481228,-0.0410985580195954,-0.155241276110788,-0.254953318930377
0.878860204120512,1,0.97119005175747,0.955775912283575,0.940579707240597,0.929725061860216,0.918855040587338,0.909399952904037,0.89753398991998,0.887862645342051,0.876192799594068,0.860439914687898,0.84734306872014,0.833220396660644,0.818240081536651,0.807580375016415,0.797888822618096,0.785758997601102,0.768361256898384,0.757963772908582,0.746949933725117,0.73228161571815,0.715026302212236,0.697439403092848,0.674752173202163,0.644040927397807,0.598204501574315,0.535470661109618,0.416103887624418,0.101520973013967,-0.0548484931294482,-0.187643578715522
0.835455866905241,0.97119005175747,1,0.987717509645345,0.976626463834332,0.967716151264874,0.959972304301977,0.951533221217392,0.941941285253918,0.934990139049831,0.925083211187236,0.910760847001604,0.898987139606608,0.886756147601131,0.874474805451274,0.864786680518954,0.856964758019871,0.845963086658208,0.830601377951182,0.821247343266358,0.810700144771451,0.796492784616614,0.779990484160756,0.763599013223797,0.741623916507092,0.71207115763616,0.668567863888463,0.605746735750541,0.486835217756942,0.159813122193236,-0.0140282854150375,-0.155549164473349
0.815891001016513,0.955775912283575,0.987717509645345,1,0.992751559965945,0.985229574125235,0.977668488928813,0.970458231990251,0.961556409052899,0.95417312469207,0.944502332331375,0.931507600952874,0.92021394013493,0.908895782944305,0.89823876711739,0.889356985923938,0.881604932839127,0.871225550730587,0.856498781806352,0.847648607264453,0.837719927100171,0.824061270815739,0.80816255890723,0.792629634324527,0.770900821009306,0.742827764418965,0.701637406091347,0.638650612695276,0.518536544047657,0.187210967461387,0.0113295542159059,-0.141096274776053
0.796231535327521,0.940579707240597,0.976626463834332,0.992751559965945,1,0.993981480791021,0.987605327669547,0.980842275689014,0.973041152361063,0.966323658926463,0.956834949223322,0.945182577783113,0.935068710654169,0.925073604337743,0.916142021306995,0.907643085533391,0.900148827064751,0.890835770177633,0.877270720600493,0.868906294010458,0.859002939543932,0.846466479866444,0.83199314597883,0.817713144572537,0.796925721173587,0.769634585869436,0.730520111505936,0.669761778413773,0.551801715575112,0.224257419224984,0.0425143833856747,-0.113266259003589
0.780568456041176,0.929725061860216,0.967716151264874,0.985229574125235,0.993981480791021,1,0.995064619060509,0.989092373935163,0.981841812524126,0.975472664289769,0.966771433848411,0.956074995455903,0.946811545709763,0.937484402690437,0.929709458786152,0.921750627698479,0.914996302876113,0.906406777562248,0.894021832275181,0.886849320731588,0.877419094068179,0.86557301145763,0.851899051710223,0.838386652576036,0.81855355503742,0.791574081947572,0.753804498268346,0.693646168590507,0.576420746190604,0.243420865376058,0.0579989678415152,-0.0933453470039993
0.765102900101334,0.918855040587338,0.959972304301977,0.977668488928813,0.987605327669547,0.995064619060509,1,0.995757560426321,0.989167676192779,0.983183071623063,0.974699025444319,0.965305307901471,0.95686629805843,0.948954443417112,0.941631778760468,0.934220069432546,0.927925415796961,0.919573987882397,0.907735583498981,0.900944047485263,0.892307800486552,0.881332326676195,0.868492380581307,0.855744303794056,0.83718670641322,0.811409274461271,0.775274555540253,0.717244909635852,0.60279777428096,0.267498432966675,0.0816911648039824,-0.0697514204331149
0.750961120189239,0.909399952904037,0.951533221217392,0.970458231990251,0.980842275689014,0.989092373935163,0.995757560426321,1,0.995439744846306,0.99003797570255,0.982734534518368,0.97447392038072,0.966746272468414,0.959203284727586,0.952218985276778,0.945040996450559,0.93911885456725,0.931498097775015,0.9204830195069,0.913827191085553,0.906109118224887,0.895821347423657,0.883128355689912,0.870634519165357,0.853404352521978,0.828869016811153,0.7941716131588,0.737735375538694,0.62568760023785,0.289181815733037,0.09978291440731,-0.057674741570304
0.735870364232245,0.89753398991998,0.941941285253918,0.961556409052899,0.973041152361063,0.981841812524126,0.989167676192779,0.995439744846306,1,0.996216546691648,0.990144805339201,0.983368844482611,0.976688165733082,0.969664785394626,0.962819255616211,0.955886526513344,0.950274417782788,0.943331174659097,0.933330592302276,0.926987789770978,0.919750066590912,0.910730665463075,0.898889013684441,0.886939502748787,0.871142247991252,0.847639458302441,0.814763560310232,0.758151365636838,0.646801783864972,0.304957790410571,0.114978690244057,-0.0460585916369462
0.725483975278595,0.887862645342051,0.934990139049831,0.95417312469207,0.966323658926463,0.975472664289769,0.983183071623063,0.99003797570255,0.996216546691648,1,0.996345644445733,0.990755652433277,0.984654499082464,0.978119814857147,0.97164570290792,0.965285634170179,0.959744950184901,0.952857148401326,0.943584879641062,0.937576037928808,0.930579088371051,0.922109341571951,0.91087710452938,0.898966726822746,0.883615429173468,0.860162483180764,0.828149928711929,0.771513661924719,0.660341477526705,0.317144595417687,0.130275583091975,-0.0312336773277186
0.711506380212771,0.876192799594068,0.925083211187236,0.944502332331375,0.956834949223322,0.966771433848411,0.974699025444319,0.982734534518368,0.990144805339201,0.996345644445733,1,0.996397748639322,0.991132768073721,0.985521897563162,0.979549405083728,0.973775117801856,0.968793314462653,0.962518619597988,0.954001864942803,0.948445108849882,0.941929639383628,0.933664916443448,0.923078121447952,0.911815544582445,0.896794847702901,0.87458072500011,0.843553770386405,0.787182622992706,0.677214763582637,0.334697927741042,0.152100264977048,-0.0102946233356825
0.692249335657263,0.860439914687898,0.910760847001604,0.931507600952874,0.945182577783113,0.956074995455903,0.965305307901471,0.97447392038072,0.983368844482611,0.990755652433277,0.996397748639322,1,0.996926303487713,0.992366717158541,0.987124362324696,0.981846482819426,0.977383452323391,0.971453327188148,0.963462998124436,0.958419995318883,0.952197852323668,0.94491435351627,0.935258447660144,0.924849622602276,0.911084291835102,0.890164715747479,0.861169409980125,0.805949567081434,0.697655471289386,0.352032388983255,0.170799440857723,0.00997427823052117
0.676223157365755,0.84734306872014,0.898987139606608,0.92021394013493,0.935068710654169,0.946811545709763,0.95686629805843,0.966746272468414,0.976688165733082,0.984654499082464,0.991132768073721,0.996926303487713,1,0.997292102935097,0.992994082459485,0.988416233969773,0.984265204521064,0.979154577870913,0.972069158365884,0.967362619958746,0.961597075731735,0.954951025041981,0.945699235141474,0.936276548954297,0.923651286512617,0.904064925849575,0.876578669853301,0.822783746708559,0.715436626211358,0.366759106796894,0.186146302791791,0.0237477768633123
0.659870981478288,0.833220396660644,0.886756147601131,0.908895782944305,0.925073604337743,0.937484402690437,0.948954443417112,0.959203284727586,0.969664785394626,0.978119814857147,0.985521897563162,0.992366717158541,0.997292102935097,1,0.997328486631551,0.993886074418756,0.990226483576481,0.985766274949767,0.979581154625343,0.975219743430584,0.969889306746858,0.964085485609953,0.955455557370329,0.946819707513636,0.93488710211597,0.916568696161244,0.890824937852057,0.838180301440885,0.733470835533963,0.385223363187095,0.204450286223333,0.0423740604155452
0.64332671543414,0.818240081536651,0.874474805451274,0.89823876711739,0.916142021306995,0.929709458786152,0.941631778760468,0.952218985276778,0.962819255616211,0.97164570290792,0.979549405083728,0.987124362324696,0.992994082459485,0.997328486631551,1,0.997784359112915,0.994628244872246,0.990832208619839,0.985598324464864,0.981723772727044,0.976726926713188,0.971483534020096,0.963949037428298,0.955624973367702,0.944226107728617,0.92644491500572,0.901880163254395,0.850008436265269,0.746587118593061,0.39731350428339,0.215827784819948,0.0545676938260473
0.63079269303905,0.807580375016415,0.864786680518954,0.889356985923938,0.907643085533391,0.921750627698479,0.934220069432546,0.945040996450559,0.955886526513344,0.965285634170179,0.973775117801856,0.981846482819426,0.988416233969773,0.993886074418756,0.997784359112915,1,0.997935303353106,0.994618168773619,0.990077188643178,0.986455885939788,0.981986978394393,0.976980709579075,0.969764127034322,0.961858974047995,0.950982325576662,0.933933252493005,0.910262795955092,0.859382322737706,0.757685642850923,0.407124251749084,0.225865878598304,0.0644286309474006
0.620668545936142,0.797888822618096,0.856964758019871,0.881604932839127,0.900148827064751,0.914996302876113,0.927925415796961,0.93911885456725,0.950274417782788,0.959744950184901,0.968793314462653,0.977383452323391,0.984265204521064,0.990226483576481,0.994628244872246,0.997935303353106,1,0.997626432438607,0.993667299765399,0.990161264123493,0.986105509412933,0.981274651284276,0.974652226302872,0.967051249217623,0.956720796144015,0.940562728399301,0.917019879183487,0.866277825739149,0.765612461835713,0.414437496737075,0.234220486501113,0.0730100786286934
0.607224195123436,0.785758997601102,0.845963086658208,0.871225550730587,0.890835770177633,0.906406777562248,0.919573987882397,0.931498097775015,0.943331174659097,0.952857148401326,0.962518619597988,0.971453327188148,0.979154577870913,0.985766274949767,0.990832208619839,0.994618168773619,0.997626432438607,1,0.99730860424322,0.99414459321559,0.990423895973233,0.986070662319029,0.979929611053333,0.972736339917818,0.963156687502288,0.9477130700531,0.925431127338078,0.876193808581303,0.777888687466367,0.427555546270534,0.245797523089893,0.085082699209659
0.58770684067342,0.768361256898384,0.830601377951182,0.856498781806352,0.877270720600493,0.894021832275181,0.907735583498981,0.9204830195069,0.933330592302276,0.943584879641062,0.954001864942803,0.963462998124436,0.972069158365884,0.979581154625343,0.985598324464864,0.990077188643178,0.993667299765399,0.99730860424322,1,0.99788584611409,0.994849273194052,0.991226559254686,0.986191995763156,0.979687354806805,0.971243938789324,0.957206864815116,0.936605506598963,0.888818816108512,0.793639534247084,0.445274353924243,0.263446692624789,0.103642511722332
0.577323826500901,0.757963772908582,0.821247343266358,0.847648607264453,0.868906294010458,0.886849320731588,0.900944047485263,0.913827191085553,0.926987789770978,0.937576037928808,0.948445108849882,0.958419995318883,0.967362619958746,0.975219743430584,0.981723772727044,0.986455885939788,0.990161264123493,0.99414459321559,0.99788584611409,1,0.997793837926258,0.994676167758716,0.990421820370271,0.984625188137436,0.976827167065678,0.963988552054669,0.945106427079426,0.899654332205206,0.807329803986542,0.462333931132305,0.279856771623383,0.119972809737778
0.564833470087255,0.746949933725117,0.810700144771451,0.837719927100171,0.859002939543932,0.877419094068179,0.892307800486552,0.906109118224887,0.919750066590912,0.930579088371051,0.941929639383628,0.952197852323668,0.961597075731735,0.969889306746858,0.976726926713188,0.981986978394393,0.986105509412933,0.990423895973233,0.994849273194052,0.997793837926258,1,0.997254469139704,0.993459442101405,0.988645057183564,0.981364169909474,0.969602110051062,0.951423319648579,0.908123165116794,0.818036653441832,0.474185769016177,0.291959806942715,0.133637954308403
0.549764593333863,0.73228161571815,0.796492784616614,0.824061270815739,0.846466479866444,0.86557301145763,0.881332326676195,0.895821347423657,0.910730665463075,0.922109341571951,0.933664916443448,0.94491435351627,0.954951025041981,0.964085485609953,0.971483534020096,0.976980709579075,0.981274651284276,0.986070662319029,0.991226559254686,0.994676167758716,0.997254469139704,1,0.996985834125294,0.992749683629689,0.986673619307896,0.976418221448151,0.96003104511188,0.918671486643165,0.833567055508344,0.494839129502652,0.31404368039714,0.156561518643185
0.531149451728921,0.715026302212236,0.779990484160756,0.80816255890723,0.83199314597883,0.851899051710223,0.868492380581307,0.883128355689912,0.898889013684441,0.91087710452938,0.923078121447952,0.935258447660144,0.945699235141474,0.955455557370329,0.963949037428298,0.969764127034322,0.974652226302872,0.979929611053333,0.986191995763156,0.990421820370271,0.993459442101405,0.996985834125294,1,0.996807579151057,0.991733744495592,0.982876286559769,0.967962046459977,0.929272984540185,0.848012002180598,0.515420908913511,0.333619900298899,0.179945608562067
0.514238627649307,0.697439403092848,0.763599013223797,0.792629634324527,0.817713144572537,0.838386652576036,0.855744303794056,0.870634519165357,0.886939502748787,0.898966726822746,0.911815544582445,0.924849622602276,0.936276548954297,0.946819707513636,0.955624973367702,0.961858974047995,0.967051249217623,0.972736339917818,0.979687354806805,0.984625188137436,0.988645057183564,0.992749683629689,0.996807579151057,1,0.995853164566583,0.98875638078281,0.976033485975127,0.940061146119227,0.862676208707333,0.53633010425967,0.360443515193726,0.20661141474315
0.490825707304309,0.674752173202163,0.741623916507092,0.770900821009306,0.796925721173587,0.81855355503742,0.83718670641322,0.853404352521978,0.871142247991252,0.883615429173468,0.896794847702901,0.911084291835102,0.923651286512617,0.93488710211597,0.944226107728617,0.950982325576662,0.956720796144015,0.963156687502288,0.971243938789324,0.976827167065678,0.981364169909474,0.986673619307896,0.991733744495592,0.995853164566583,1,0.994587269638346,0.984698669979534,0.952595594944689,0.880021222532729,0.561807156971898,0.385461899410867,0.230498834670324
0.458719632299106,0.644040927397807,0.71207115763616,0.742827764418965,0.769634585869436,0.791574081947572,0.811409274461271,0.828869016811153,0.847639458302441,0.860162483180764,0.87458072500011,0.890164715747479,0.904064925849575,0.916568696161244,0.92644491500572,0.933933252493005,0.940562728399301,0.9477130700531,0.957206864815116,0.963988552054669,0.969602110051062,0.976418221448151,0.982876286559769,0.98875638078281,0.994587269638346,1,0.992822732403579,0.964914938674867,0.899419103386132,0.583672702538705,0.411867077957476,0.253781562591792
0.412596039684692,0.598204501574315,0.668567863888463,0.701637406091347,0.730520111505936,0.753804498268346,0.775274555540253,0.7941716131588,0.814763560310232,0.828149928711929,0.843553770386405,0.861169409980125,0.876578669853301,0.890824937852057,0.901880163254395,0.910262795955092,0.917019879183487,0.925431127338078,0.936605506598963,0.945106427079426,0.951423319648579,0.96003104511188,0.967962046459977,0.976033485975127,0.984698669979534,0.992822732403579,1,0.979990317947078,0.924999989598559,0.62394926735222,0.451405629546035,0.298205389324597
0.349636178375659,0.535470661109618,0.605746735750541,0.638650612695276,0.669761778413773,0.693646168590507,0.717244909635852,0.737735375538694,0.758151365636838,0.771513661924719,0.787182622992706,0.805949567081434,0.822783746708559,0.838180301440885,0.850008436265269,0.859382322737706,0.866277825739149,0.876193808581303,0.888818816108512,0.899654332205206,0.908123165116794,0.918671486643165,0.929272984540185,0.940061146119227,0.952595594944689,0.964914938674867,0.979990317947078,1,0.967363115778914,0.703258206402548,0.515631729018599,0.351829439449731
0.235221797481228,0.416103887624418,0.486835217756942,0.518536544047657,0.551801715575112,0.576420746190604,0.60279777428096,0.62568760023785,0.646801783864972,0.660341477526705,0.677214763582637,0.697655471289386,0.715436626211358,0.733470835533963,0.746587118593061,0.757685642850923,0.765612461835713,0.777888687466367,0.793639534247084,0.807329803986542,0.818036653441832,0.833567055508344,0.848012002180598,0.862676208707333,0.880021222532729,0.899419103386132,0.924999989598559,0.967363115778914,1,0.802765601021086,0.617880266536365,0.450957606553763
-0.0410985580195954,0.101520973013967,0.159813122193236,0.187210967461387,0.224257419224984,0.243420865376058,0.267498432966675,0.289181815733037,0.304957790410571,0.317144595417687,0.334697927741042,0.352032388983255,0.366759106796894,0.385223363187095,0.39731350428339,0.407124251749084,0.414437496737075,0.427555546270534,0.445274353924243,0.462333931132305,0.474185769016177,0.494839129502652,0.515420908913511,0.53633010425967,0.561807156971898,0.583672702538705,0.62394926735222,0.703258206402548,0.802765601021086,1,0.84552501756284,0.608257419194542
-0.155241276110788,-0.0548484931294482,-0.0140282854150375,0.0113295542159059,0.0425143833856747,0.0579989678415152,0.0816911648039824,0.09978291440731,0.114978690244057,0.130275583091975,0.152100264977048,0.170799440857723,0.186146302791791,0.204450286223333,0.215827784819948,0.225865878598304,0.234220486501113,0.245797523089893,0.263446692624789,0.279856771623383,0.291959806942715,0.31404368039714,0.333619900298899,0.360443515193726,0.385461899410867,0.411867077957476,0.451405629546035,0.515631729018599,0.617880266536365,0.84552501756284,1,0.698702798912928
-0.254953318930377,-0.187643578715522,-0.155549164473349,-0.141096274776053,-0.113266259003589,-0.0933453470039993,-0.0697514204331149,-0.057674741570304,-0.0460585916369462,-0.0312336773277186,-0.0102946233356825,0.00997427823052117,0.0237477768633123,0.0423740604155452,0.0545676938260473,0.0644286309474006,0.0730100786286934,0.085082699209659,0.103642511722332,0.119972809737778,0.133637954308403,0.156561518643185,0.179945608562067,0.20661141474315,0.230498834670324,0.253781562591792,0.298205389324597,0.351829439449731,0.450957606553763,0.608257419194542,0.698702798912928,1
