1,0.873558771824143,0.838490003037979,0.818438377396361,0.804627113403243,0.799339876112732,0.788053526624595,0.783950474920719,0.781409948649547,0.777563221123052,0.775706637299818,0.772341759758865,0.766368281577233,0.762437131073775,0.758380868092096,0.754920948102474,0.752329011790216,0.746931242923103,0.74218373914975,0.737848141055412,0.735517221862357,0.733870284680006,0.730281579283015,0.728790667547946,0.726065501904929,0.72075840126281,0.716775771613503,0.699295356370504,0.670644834783588,0.612583216093704,0.318065279193736,0.0571898911533003
0.873558771824143,1,0.972999570086595,0.960522832287837,0.949037463128309,0.941847698982983,0.935723813571231,0.930894503691685,0.928358045281203,0.92559958065946,0.922888189918635,0.920536352126698,0.915947074933582,0.911406071337775,0.907919506691395,0.903262334128996,0.899417462574404,0.896134766618274,0.892546505148818,0.888250523943043,0.885281395873534,0.882607874440131,0.877811995605649,0.874389596681034,0.871677840704047,0.864966277584495,0.857768919895084,0.840380971950497,0.812083023885602,0.73769729458662,0.42060559366898,0.0723654506976606
0.838490003037979,0.972999570086595,1,0.988584070493594,0.979248640716683,0.9724599341619,0.967561131473222,0.962737549800804,0.959533450088177,0.95663943026124,0.95535897105696,0.953379365110907,0.949982758506574,0.946148203826286,0.942581558477327,0.939036354935782,0.934872755709268,0.930935230525376,0.927898246825297,0.92429582552847,0.920574929020309,0.918066150022505,0.913978694016344,0.909241468863834,0.904348399682448,0.897412056951112,0.888900687826799,0.871628424468224,0.840421648867413,0.759428286853291,0.425612164790992,0.0629192065620977
0.818438377396361,0.960522832287837,0.988584070493594,1,0.992883278152474,0.98650420998002,0.981259522915297,0.977176084549589,0.973849594107487,0.970841706469686,0.968650436924007,0.966096163678085,0.963194902237811,0.959448495206579,0.956505768135607,0.953116416276673,0.949072313819459,0.945752513667243,0.943055102903618,0.938895588769881,0.935408423663702,0.932755887290439,0.929533569416249,0.924333767038184,0.91947194642077,0.913072244873963,0.90523339756739,0.888625347043862,0.858472610770958,0.775027762489802,0.437637695613633,0.0652648635990225
0.804627113403243,0.949037463128309,0.979248640716683,0.992883278152474,1,0.9946316444967,0.990383776210228,0.986176498059828,0.98338399424435,0.980300597002347,0.978418043418722,0.975909975420998,0.973070132013008,0.969727465054746,0.966935161878205,0.963546410130716,0.959945555020504,0.957293492330246,0.954790442373708,0.951114330840752,0.947622695613921,0.944912270801346,0.941567999692882,0.93626615517466,0.931029709582438,0.924187135543346,0.916454058607689,0.900302984755232,0.870725246541786,0.787586885406282,0.44490715719203,0.0679310174161707
0.799339876112732,0.941847698982983,0.9724599341619,0.98650420998002,0.9946316444967,1,0.995686325477332,0.991545254947812,0.989047373210944,0.986242066117291,0.98437180657479,0.981651053205423,0.978596923187773,0.97537198282133,0.972389686298035,0.968726911152463,0.965137102225895,0.962442322806433,0.95980579606937,0.956367549212759,0.952637330139512,0.950081032798403,0.947051905168533,0.941247159890582,0.936049714130064,0.929770657770806,0.921344101175677,0.905311692077571,0.876300478772692,0.793696627635718,0.451255138913968,0.0670184635091941
0.788053526624595,0.935723813571231,0.967561131473222,0.981259522915297,0.990383776210228,0.995686325477332,1,0.996545428808271,0.993544672211086,0.990573417947279,0.988363117274756,0.985433456702027,0.982356184112748,0.978679148542655,0.975724777240867,0.97144879579581,0.967943062901346,0.9653686225008,0.962687762858852,0.959098515910635,0.95520782487906,0.952472566386989,0.949536607808465,0.944025051557298,0.938946992312665,0.933289650965887,0.924788051710578,0.909417369868249,0.88064908245351,0.798236311832326,0.453809025174651,0.0706869920786029
0.783950474920719,0.930894503691685,0.962737549800804,0.977176084549589,0.986176498059828,0.991545254947812,0.996545428808271,1,0.997454996583342,0.99455133496292,0.991795206533025,0.988919921701433,0.985692371729257,0.981989327791359,0.978723679179981,0.974241671832371,0.9706573928511,0.96790841159731,0.964994780074185,0.960979097016109,0.9570333496786,0.954394138865397,0.951258593754901,0.946172657713159,0.941017009940561,0.935889989379298,0.927545469543714,0.912877963656782,0.88465929255068,0.802204840315762,0.453546514425619,0.0674382707730569
0.781409948649547,0.928358045281203,0.959533450088177,0.973849594107487,0.98338399424435,0.989047373210944,0.993544672211086,0.997454996583342,1,0.997679970251551,0.994861973729743,0.992089640175025,0.988868626687674,0.985246449423733,0.981995671780612,0.977695537937736,0.974319835764347,0.971457795215237,0.968527943978725,0.964653896270085,0.960956619503432,0.958379627449449,0.955538082933463,0.950680059638392,0.945572123632324,0.94099578658507,0.932839507417819,0.918235270582788,0.890729186634767,0.809859868815951,0.458262416684314,0.0681468211407016
0.777563221123052,0.92559958065946,0.95663943026124,0.970841706469686,0.980300597002347,0.986242066117291,0.990573417947279,0.99455133496292,0.997679970251551,1,0.997413072138218,0.994734827314866,0.991702040983472,0.988022341223949,0.984725209015827,0.980481619546052,0.977081285299261,0.974214473963113,0.971374894743289,0.967333911205699,0.963426586390083,0.96097899820877,0.957829964973057,0.952906703290988,0.947730467303348,0.943285604227457,0.935063322170523,0.920371340367892,0.893514064665207,0.813476455966035,0.461553073123696,0.0732439881814539
0.775706637299818,0.922888189918635,0.95535897105696,0.968650436924007,0.978418043418722,0.98437180657479,0.988363117274756,0.991795206533025,0.994861973729743,0.997413072138218,1,0.997783828282871,0.994864650922603,0.991629888316057,0.988522826963215,0.984441691569717,0.980844246527138,0.977748150305968,0.974900598693042,0.97067415172181,0.966909585036,0.964664052165298,0.961037714765603,0.956137384936344,0.951139676059427,0.946651390762146,0.938370881452751,0.923494546928266,0.895604737605841,0.815021853862426,0.462562950471808,0.0735499029678493
0.772341759758865,0.920536352126698,0.953379365110907,0.966096163678085,0.975909975420998,0.981651053205423,0.985433456702027,0.988919921701433,0.992089640175025,0.994734827314866,0.997783828282871,1,0.997860601067228,0.994872813524998,0.991819454755919,0.988165967761074,0.984736953332168,0.98164094123276,0.978700133639797,0.974641493993358,0.970830439395487,0.968452012428546,0.964852999287372,0.959974763512232,0.955140294964551,0.950755464886741,0.941993468169274,0.927019616523564,0.89908980769195,0.818330854028003,0.463645777150494,0.0756459318536614
0.766368281577233,0.915947074933582,0.949982758506574,0.963194902237811,0.973070132013008,0.978596923187773,0.982356184112748,0.985692371729257,0.988868626687674,0.991702040983472,0.994864650922603,0.997860601067228,1,0.997772100392121,0.995081409511151,0.991798319519603,0.98836289754055,0.985193169606736,0.982157224164325,0.978336112273045,0.974630083104345,0.972056039325079,0.968429757120118,0.963325076221233,0.958237986015776,0.953982641794646,0.945098493269488,0.929998453212757,0.901991512346858,0.820745303477865,0.462695152508056,0.0742778832776613
0.762437131073775,0.911406071337775,0.946148203826286,0.959448495206579,0.969727465054746,0.97537198282133,0.978679148542655,0.981989327791359,0.985246449423733,0.988022341223949,0.991629888316057,0.994872813524998,0.997772100392121,1,0.998129303417722,0.995166463232833,0.99216719104517,0.989194042328324,0.986017242598367,0.982077132980951,0.97870211811258,0.976019438856993,0.972208117098486,0.967180219034396,0.961754147211492,0.956534793527916,0.947569664575351,0.932277020430283,0.903591067894649,0.82186987483481,0.460545209727584,0.0724686483745334
0.758380868092096,0.907919506691395,0.942581558477327,0.956505768135607,0.966935161878205,0.972389686298035,0.975724777240867,0.978723679179981,0.981995671780612,0.984725209015827,0.988522826963215,0.991819454755919,0.995081409511151,0.998129303417722,1,0.997890439758029,0.995259754293996,0.992508999109471,0.98935618054769,0.985532253707674,0.98219952015254,0.979507478328638,0.975766808945842,0.970812647579959,0.965172375553966,0.959750587510942,0.951124169678016,0.935984945827054,0.907770448990945,0.82627004478079,0.464426584547232,0.0778230043286737
0.754920948102474,0.903262334128996,0.939036354935782,0.953116416276673,0.963546410130716,0.968726911152463,0.97144879579581,0.974241671832371,0.977695537937736,0.980481619546052,0.984441691569717,0.988165967761074,0.991798319519603,0.995166463232833,0.997890439758029,1,0.998075925616707,0.995574898251328,0.992777080642549,0.989327015642206,0.986348801460057,0.983715598548495,0.979985129683558,0.975281670161112,0.969799182942316,0.96462374518197,0.956284595056698,0.941108490225522,0.913194510195195,0.832837590536502,0.471619996830762,0.0839238144079213
0.752329011790216,0.899417462574404,0.934872755709268,0.949072313819459,0.959945555020504,0.965137102225895,0.967943062901346,0.9706573928511,0.974319835764347,0.977081285299261,0.980844246527138,0.984736953332168,0.98836289754055,0.99216719104517,0.995259754293996,0.998075925616707,1,0.998114048063152,0.995639889648467,0.992741263158138,0.989956107401518,0.987153978188868,0.983416991745307,0.978822992933367,0.973818016450745,0.968484893990875,0.960240433652223,0.945298634248775,0.918007330106765,0.839020615861586,0.478135171507001,0.085941108076051
0.746931242923103,0.896134766618274,0.930935230525376,0.945752513667243,0.957293492330246,0.962442322806433,0.9653686225008,0.96790841159731,0.971457795215237,0.974214473963113,0.977748150305968,0.98164094123276,0.985193169606736,0.989194042328324,0.992508999109471,0.995574898251328,0.998114048063152,1,0.99798267942529,0.995379976067269,0.992848578145039,0.990018680250615,0.986323860506832,0.981849037626855,0.977501672230635,0.972023060394547,0.964251150887826,0.949926499147899,0.923398052057034,0.845623718337591,0.487383151685697,0.0925666432052386
0.74218373914975,0.892546505148818,0.927898246825297,0.943055102903618,0.954790442373708,0.95980579606937,0.962687762858852,0.964994780074185,0.968527943978725,0.971374894743289,0.974900598693042,0.978700133639797,0.982157224164325,0.986017242598367,0.98935618054769,0.992777080642549,0.995639889648467,0.99798267942529,1,0.998067614885934,0.995720784175642,0.992841009121177,0.989585404167188,0.985238281478406,0.981070906102222,0.976205423480129,0.96923753386425,0.955416871654062,0.930158218658634,0.853759809980704,0.494639522825885,0.0998220465530121
0.737848141055412,0.888250523943043,0.92429582552847,0.938895588769881,0.951114330840752,0.956367549212759,0.959098515910635,0.960979097016109,0.964653896270085,0.967333911205699,0.97067415172181,0.974641493993358,0.978336112273045,0.982077132980951,0.985532253707674,0.989327015642206,0.992741263158138,0.995379976067269,0.998067614885934,1,0.998133239922436,0.995592557556334,0.992664211244679,0.989017086118258,0.984917746155542,0.980032595174695,0.973363321467563,0.959903921915996,0.935070887696549,0.85924580507631,0.500136624117572,0.105034308734087
0.735517221862357,0.885281395873534,0.920574929020309,0.935408423663702,0.947622695613921,0.952637330139512,0.95520782487906,0.9570333496786,0.960956619503432,0.963426586390083,0.966909585036,0.970830439395487,0.974630083104345,0.97870211811258,0.98219952015254,0.986348801460057,0.989956107401518,0.992848578145039,0.995720784175642,0.998133239922436,1,0.99784575080034,0.995132323473925,0.991761452179246,0.987820457066979,0.983095869622144,0.976873891313247,0.96395029770618,0.93919417309143,0.865103549862943,0.509189313826949,0.114174448138409
0.733870284680006,0.882607874440131,0.918066150022505,0.932755887290439,0.944912270801346,0.950081032798403,0.952472566386989,0.954394138865397,0.958379627449449,0.96097899820877,0.964664052165298,0.968452012428546,0.972056039325079,0.976019438856993,0.979507478328638,0.983715598548495,0.987153978188868,0.990018680250615,0.992841009121177,0.995592557556334,0.99784575080034,1,0.99749305834414,0.994115644437003,0.989968587464873,0.984975682124764,0.978796510942376,0.966164955924322,0.941651512301792,0.869168919550101,0.513247799394564,0.117660249171536
0.730281579283015,0.877811995605649,0.913978694016344,0.929533569416249,0.941567999692882,0.947051905168533,0.949536607808465,0.951258593754901,0.955538082933463,0.957829964973057,0.961037714765603,0.964852999287372,0.968429757120118,0.972208117098486,0.975766808945842,0.979985129683558,0.983416991745307,0.986323860506832,0.989585404167188,0.992664211244679,0.995132323473925,0.99749305834414,1,0.997159500039374,0.993183012689439,0.98826696775584,0.981787115769393,0.969316438937037,0.945171317276423,0.873138393819377,0.519567281442528,0.130847559945226
0.728790667547946,0.874389596681034,0.909241468863834,0.924333767038184,0.93626615517466,0.941247159890582,0.944025051557298,0.946172657713159,0.950680059638392,0.952906703290988,0.956137384936344,0.959974763512232,0.963325076221233,0.967180219034396,0.970812647579959,0.975281670161112,0.978822992933367,0.981849037626855,0.985238281478406,0.989017086118258,0.991761452179246,0.994115644437003,0.997159500039374,1,0.996781747997944,0.992147609266404,0.985955963820161,0.974070106500481,0.951045429724164,0.880783055547783,0.535697008304597,0.13990609825326
0.726065501904929,0.871677840704047,0.904348399682448,0.91947194642077,0.931029709582438,0.936049714130064,0.938946992312665,0.941017009940561,0.945572123632324,0.947730467303348,0.951139676059427,0.955140294964551,0.958237986015776,0.961754147211492,0.965172375553966,0.969799182942316,0.973818016450745,0.977501672230635,0.981070906102222,0.984917746155542,0.987820457066979,0.989968587464873,0.993183012689439,0.996781747997944,1,0.995941287434895,0.990005626723459,0.978908076944302,0.957163240447519,0.888337250904348,0.548504581375988,0.153713234754771
0.72075840126281,0.864966277584495,0.897412056951112,0.913072244873963,0.924187135543346,0.929770657770806,0.933289650965887,0.935889989379298,0.94099578658507,0.943285604227457,0.946651390762146,0.950755464886741,0.953982641794646,0.956534793527916,0.959750587510942,0.96462374518197,0.968484893990875,0.972023060394547,0.976205423480129,0.980032595174695,0.983095869622144,0.984975682124764,0.98826696775584,0.992147609266404,0.995941287434895,1,0.994531351560575,0.984813639491395,0.964758319160217,0.897707169083981,0.562659835384639,0.166452605916132
0.716775771613503,0.857768919895084,0.888900687826799,0.90523339756739,0.916454058607689,0.921344101175677,0.924788051710578,0.927545469543714,0.932839507417819,0.935063322170523,0.938370881452751,0.941993468169274,0.945098493269488,0.947569664575351,0.951124169678016,0.956284595056698,0.960240433652223,0.964251150887826,0.96923753386425,0.973363321467563,0.976873891313247,0.978796510942376,0.981787115769393,0.985955963820161,0.990005626723459,0.994531351560575,1,0.991572280246254,0.97398162066565,0.911768066784372,0.579146059890844,0.193244043630074
0.699295356370504,0.840380971950497,0.871628424468224,0.888625347043862,0.900302984755232,0.905311692077571,0.909417369868249,0.912877963656782,0.918235270582788,0.920371340367892,0.923494546928266,0.927019616523564,0.929998453212757,0.932277020430283,0.935984945827054,0.941108490225522,0.945298634248775,0.949926499147899,0.955416871654062,0.959903921915996,0.96395029770618,0.966164955924322,0.969316438937037,0.974070106500481,0.978908076944302,0.984813639491395,0.991572280246254,1,0.986093657924722,0.928930300202475,0.601943176385022,0.220411993923906
0.670644834783588,0.812083023885602,0.840421648867413,0.858472610770958,0.870725246541786,0.876300478772692,0.88064908245351,0.88465929255068,0.890729186634767,0.893514064665207,0.895604737605841,0.89908980769195,0.901991512346858,0.903591067894649,0.907770448990945,0.913194510195195,0.918007330106765,0.923398052057034,0.930158218658634,0.935070887696549,0.93919417309143,0.941651512301792,0.945171317276423,0.951045429724164,0.957163240447519,0.964758319160217,0.97398162066565,0.986093657924722,1,0.958034229158007,0.64616805532848,0.256095293255788
0.612583216093704,0.73769729458662,0.759428286853291,0.775027762489802,0.787586885406282,0.793696627635718,0.798236311832326,0.802204840315762,0.809859868815951,0.813476455966035,0.815021853862426,0.818330854028003,0.820745303477865,0.82186987483481,0.82627004478079,0.832837590536502,0.839020615861586,0.845623718337591,0.853759809980704,0.85924580507631,0.865103549862943,0.869168919550101,0.873138393819377,0.880783055547783,0.888337250904348,0.897707169083981,0.911768066784372,0.928930300202475,0.958034229158007,1,0.729528917979243,0.338445438452917
0.318065279193736,0.42060559366898,0.425612164790992,0.437637695613633,0.44490715719203,0.451255138913968,0.453809025174651,0.453546514425619,0.458262416684314,0.461553073123696,0.462562950471808,0.463645777150494,0.462695152508056,0.460545209727584,0.464426584547232,0.471619996830762,0.478135171507001,0.487383151685697,0.494639522825885,0.500136624117572,0.509189313826949,0.513247799394564,0.519567281442528,0.535697008304597,0.548504581375988,0.562659835384639,0.579146059890844,0.601943176385022,0.64616805532848,0.729528917979243,1,0.505129290733092
0.0571898911533003,0.0723654506976606,0.0629192065620977,0.0652648635990225,0.0679310174161707,0.0670184635091941,0.0706869920786029,0.0674382707730569,0.0681468211407016,0.0732439881814539,0.0735499029678493,0.0756459318536614,0.0742778832776613,0.0724686483745334,0.0778230043286737,0.0839238144079213,0.085941108076051,0.0925666432052386,0.0998220465530121,0.105034308734087,0.114174448138409,0.117660249171536,0.130847559945226,0.13990609825326,0.153713234754771,0.166452605916132,0.193244043630074,0.220411993923906,0.256095293255788,0.338445438452917,0.505129290733092,1
