1,0.846274268609068,0.79612118367835,0.777202434205613,0.752528341500905,0.740807287771401,0.730779083063964,0.721661716952314,0.706660409299933,0.696850668337133,0.682631228477369,0.665978879917584,0.651943699247048,0.63464509941352,0.617290007458719,0.600172332028752,0.580744296867681,0.560511544437731,0.543623366265892,0.527742459172758,0.5077758533466,0.4863439962862,0.463077635165734,0.447593849660346,0.431153365071168,0.410972807503659,0.383120611773626,0.354698339965834,0.302158050729215,0.205955741520014,0.0771313810217003,-0.0342254675486041
0.846274268609068,1,0.966570090306649,0.949785707050851,0.93560030057092,0.927149757081533,0.919117412584018,0.909730848524228,0.89875012463783,0.889296506334391,0.877291561984603,0.863855605081237,0.852340371738049,0.838258373543737,0.821875146668894,0.807644904929131,0.792052577093987,0.776998579292731,0.762149254270241,0.746267008830976,0.728868804593693,0.709440906434903,0.687144968782197,0.669260075922789,0.649602729593136,0.629767528720092,0.599767622731747,0.562099204841853,0.507742478702355,0.39481988630417,0.201204259602363,0.0119887848904307
0.79612118367835,0.966570090306649,1,0.985501507285767,0.97412576940942,0.965510570395707,0.958685266100664,0.949863333483039,0.940656212580787,0.931653481897463,0.921434907810147,0.909702323269359,0.898857451119981,0.88658769102179,0.871712214617235,0.859846564499882,0.845421617131975,0.831872316436429,0.816490345440445,0.799500941738202,0.782409422379963,0.765215338352891,0.744941013241967,0.728772723160829,0.710194589428353,0.690028426149027,0.662758092805399,0.627442213762755,0.574623660904948,0.451692086078815,0.242333250664838,0.0368347660230799
0.777202434205613,0.949785707050851,0.985501507285767,1,0.990030017573958,0.981284829324925,0.974853200122288,0.966774818521264,0.958192423316563,0.949830618193265,0.940728972743412,0.931499377927722,0.921972575021915,0.909902663252292,0.895990951029075,0.885305472179603,0.872643837652649,0.861165070231901,0.847094311682704,0.831018988811943,0.814766698428444,0.79723094331805,0.77768893063648,0.761703642151426,0.742849270355577,0.722039894761021,0.694671530997118,0.658957908219504,0.602884388088994,0.471737799403996,0.253120421807805,0.0335926582733527
0.752528341500905,0.93560030057092,0.97412576940942,0.990030017573958,1,0.992678783976926,0.986467763130297,0.979512588242716,0.972125815150086,0.96440643266147,0.956034192311357,0.947274196957523,0.939292503338866,0.928218584688991,0.915265179100658,0.90490919679688,0.893650545488899,0.882697793159466,0.869851732938064,0.854546127995263,0.838891936022652,0.823200769122255,0.805550551977836,0.790374109861517,0.772689637554069,0.75222826628978,0.726752293580251,0.69208872935841,0.638369709883438,0.505464683022424,0.281231089707145,0.0497889186334628
0.740807287771401,0.927149757081533,0.965510570395707,0.981284829324925,0.992678783976926,1,0.994308238627189,0.989003185669975,0.982702013552193,0.975774623292213,0.968179001318216,0.959837272021702,0.952213769963129,0.941929505920344,0.92903678232515,0.919066555501677,0.908166719076539,0.897541336058784,0.885822331077362,0.871761510584739,0.857381568027301,0.84259005582419,0.825637607998647,0.810702269696096,0.793643463101991,0.773817109015842,0.749692762544928,0.715250724996049,0.662080000643291,0.52701508843638,0.294900445960217,0.0496257625428263
0.730779083063964,0.919117412584018,0.958685266100664,0.974853200122288,0.986467763130297,0.994308238627189,1,0.995113231731546,0.98909902149533,0.982372505334354,0.974992637215899,0.967299801769432,0.960285761255899,0.950349418388864,0.937990310583434,0.928335171332997,0.917072273105986,0.906554904821471,0.895394995036814,0.881770185025839,0.868497030840557,0.854892264522354,0.838758507917106,0.824211153255025,0.807882000827091,0.788455540971714,0.764903013420283,0.730807657061593,0.677275832169506,0.540975741174873,0.305593916759205,0.0562221886356695
0.721661716952314,0.909730848524228,0.949863333483039,0.966774818521264,0.979512588242716,0.989003185669975,0.995113231731546,1,0.995257717811407,0.988784594836875,0.981425716660893,0.974053524905441,0.967030025973387,0.957065915183837,0.945360614087768,0.935825153293393,0.924908388860684,0.914888572487063,0.9047563269072,0.891995726161212,0.879057611012556,0.866286747583153,0.850963318086162,0.836964579277072,0.822065279707008,0.803872855110602,0.781217409918087,0.747687130473599,0.697231686284018,0.561076657785803,0.320190602191675,0.0737675504298895
0.706660409299933,0.89875012463783,0.940656212580787,0.958192423316563,0.972125815150086,0.982702013552193,0.98909902149533,0.995257717811407,1,0.995392211748366,0.989110907178955,0.982064669077303,0.974975239066609,0.966218871562093,0.955315223380617,0.946249000548749,0.935521128857143,0.925913799835414,0.916196123691919,0.903876156344602,0.891498709762906,0.879615132294709,0.864872780526416,0.852058701474087,0.837853557678318,0.8205773938451,0.799540506360771,0.76659609301502,0.718431903033983,0.582552751636311,0.339178621791582,0.0881443057948246
0.696850668337133,0.889296506334391,0.931653481897463,0.949830618193265,0.96440643266147,0.975774623292213,0.982372505334354,0.988784594836875,0.995392211748366,1,0.995964914996609,0.989569673406303,0.982532123308413,0.974275148593425,0.963808732400182,0.954769871895386,0.944164732646219,0.934567172132054,0.925102718460251,0.913967601923758,0.902401688318083,0.891165479953665,0.87744632472218,0.865414644904568,0.851944141220268,0.835087124894589,0.815107869600448,0.783455583810024,0.73703064778325,0.60294022804701,0.358647894653216,0.100217361118583
0.682631228477369,0.877291561984603,0.921434907810147,0.940728972743412,0.956034192311357,0.968179001318216,0.974992637215899,0.981425716660893,0.989110907178955,0.995964914996609,1,0.995756380002829,0.989175449098884,0.981219694783787,0.971164020867895,0.962816926610768,0.95321074724971,0.9439437235681,0.934905782061206,0.924397496011465,0.9134205552774,0.90333086628499,0.890469101427679,0.879461849467399,0.867035587442858,0.85101937573771,0.831660282187411,0.801497383980477,0.75462830260799,0.621489034732225,0.37548765669731,0.106847208136764
0.665978879917584,0.863855605081237,0.909702323269359,0.931499377927722,0.947274196957523,0.959837272021702,0.967299801769432,0.974053524905441,0.982064669077303,0.989569673406303,0.995756380002829,1,0.995564799139493,0.988517282542984,0.979515317361799,0.972134166041373,0.963288590481459,0.955157297329009,0.946295249760605,0.936423331214633,0.926622816532907,0.917546248291083,0.906040759664539,0.89571234046637,0.883637409967878,0.867699461718585,0.849040282469169,0.819803861964275,0.774498281717927,0.640371325869039,0.392977017645224,0.118938002095456
0.651943699247048,0.852340371738049,0.898857451119981,0.921972575021915,0.939292503338866,0.952213769963129,0.960285761255899,0.967030025973387,0.974975239066609,0.982532123308413,0.989175449098884,0.995564799139493,1,0.995690749295029,0.988342215380731,0.981457378170767,0.973315338899429,0.965271512662728,0.956677136047184,0.947034324836494,0.937847665738261,0.929534067177759,0.918831158923926,0.908797314631994,0.897214876095732,0.881684027480818,0.864482997853257,0.836512293156337,0.792836903490115,0.661424413173563,0.413379660588283,0.133409284935644
0.63464509941352,0.838258373543737,0.88658769102179,0.909902663252292,0.928218584688991,0.941929505920344,0.950349418388864,0.957065915183837,0.966218871562093,0.974275148593425,0.981219694783787,0.988517282542984,0.995690749295029,1,0.995600348716081,0.989615694103924,0.982046463205436,0.974228211427314,0.966379124128377,0.957644626773229,0.948904652252954,0.940951977764928,0.931139545899718,0.921894703056745,0.910860397181815,0.896307186311794,0.879849323944885,0.853068684078178,0.811333466439758,0.681221305874438,0.429934366965153,0.151175000432576
0.617290007458719,0.821875146668894,0.871712214617235,0.895990951029075,0.915265179100658,0.92903678232515,0.937990310583434,0.945360614087768,0.955315223380617,0.963808732400182,0.971164020867895,0.979515317361799,0.988342215380731,0.995600348716081,1,0.99633344085489,0.990088173215771,0.982929327614433,0.975873098305475,0.968101361856988,0.960126538542548,0.95235055094935,0.942820522942495,0.934586659776096,0.924512642097521,0.911091910172189,0.895542685555016,0.870117912145817,0.831079211570152,0.705701369924631,0.450706974174389,0.163506672260141
0.600172332028752,0.807644904929131,0.859846564499882,0.885305472179603,0.90490919679688,0.919066555501677,0.928335171332997,0.935825153293393,0.946249000548749,0.954769871895386,0.962816926610768,0.972134166041373,0.981457378170767,0.989615694103924,0.99633344085489,1,0.996331977542168,0.990307976304273,0.983928058173778,0.976512154365848,0.968666516098082,0.961474376815967,0.952576655962116,0.944790908961302,0.935481305199137,0.922466440306582,0.908202912232458,0.884012920313521,0.845884880220701,0.721255987922601,0.469956521710763,0.174671478682215
0.580744296867681,0.792052577093987,0.845421617131975,0.872643837652649,0.893650545488899,0.908166719076539,0.917072273105986,0.924908388860684,0.935521128857143,0.944164732646219,0.95321074724971,0.963288590481459,0.973315338899429,0.982046463205436,0.990088173215771,0.996331977542168,1,0.996086099615594,0.991107483650687,0.984861689329951,0.977609458530488,0.970841522947768,0.962810372936692,0.955242521637749,0.946137163495066,0.933611733325243,0.920032504784265,0.897892559764511,0.860800406054521,0.736436974577035,0.485317004155944,0.181973276522116
0.560511544437731,0.776998579292731,0.831872316436429,0.861165070231901,0.882697793159466,0.897541336058784,0.906554904821471,0.914888572487063,0.925913799835414,0.934567172132054,0.9439437235681,0.955157297329009,0.965271512662728,0.974228211427314,0.982929327614433,0.990307976304273,0.996086099615594,1,0.996494506960824,0.991323198165305,0.985135987149595,0.97874493701787,0.970819913026275,0.963400934210981,0.955135814851937,0.942744260210054,0.929871533241524,0.908539909433814,0.872485469057711,0.748358726310403,0.49624028333016,0.187440729285527
0.543623366265892,0.762149254270241,0.816490345440445,0.847094311682704,0.869851732938064,0.885822331077362,0.895394995036814,0.9047563269072,0.916196123691919,0.925102718460251,0.934905782061206,0.946295249760605,0.956677136047184,0.966379124128377,0.975873098305475,0.983928058173778,0.991107483650687,0.996494506960824,1,0.996711797153696,0.991444276452321,0.985156530157405,0.977593630060413,0.970471426778978,0.96244764663082,0.950829918292071,0.938416381178859,0.9181582793231,0.882017460773915,0.7583074872423,0.504507851928058,0.195493260396452
0.527742459172758,0.746267008830976,0.799500941738202,0.831018988811943,0.854546127995263,0.871761510584739,0.881770185025839,0.891995726161212,0.903876156344602,0.913967601923758,0.924397496011465,0.936423331214633,0.947034324836494,0.957644626773229,0.968101361856988,0.976512154365848,0.984861689329951,0.991323198165305,0.996711797153696,1,0.995892851634486,0.989916659935554,0.983345987234061,0.976905696822367,0.969504732706669,0.958612747654787,0.946646146638888,0.927431557177777,0.892423661122606,0.769368010591478,0.516921501047807,0.206452157048721
0.5077758533466,0.728868804593693,0.782409422379963,0.814766698428444,0.838891936022652,0.857381568027301,0.868497030840557,0.879057611012556,0.891498709762906,0.902401688318083,0.9134205552774,0.926622816532907,0.937847665738261,0.948904652252954,0.960126538542548,0.968666516098082,0.977609458530488,0.985135987149595,0.991444276452321,0.995892851634486,1,0.99616490420815,0.990688568050902,0.984837333022259,0.977881792243804,0.96786501914421,0.956637007562927,0.938738116907913,0.905592457616013,0.787717141639395,0.537024842364971,0.22054926457623
0.4863439962862,0.709440906434903,0.765215338352891,0.79723094331805,0.823200769122255,0.84259005582419,0.854892264522354,0.866286747583153,0.879615132294709,0.891165479953665,0.90333086628499,0.917546248291083,0.929534067177759,0.940951977764928,0.95235055094935,0.961474376815967,0.970841522947768,0.97874493701787,0.985156530157405,0.989916659935554,0.99616490420815,1,0.996272987626108,0.990923894325197,0.984423683951101,0.975243001026605,0.965960779353565,0.949412680940786,0.91672234396657,0.802293656445158,0.553366347196227,0.235281517482647
0.463077635165734,0.687144968782197,0.744941013241967,0.77768893063648,0.805550551977836,0.825637607998647,0.838758507917106,0.850963318086162,0.864872780526416,0.87744632472218,0.890469101427679,0.906040759664539,0.918831158923926,0.931139545899718,0.942820522942495,0.952576655962116,0.962810372936692,0.970819913026275,0.977593630060413,0.983345987234061,0.990688568050902,0.996272987626108,1,0.995612413100861,0.99002851052521,0.982129753626195,0.973238293847667,0.957411579120283,0.926397359255862,0.812786088693097,0.564223268749444,0.245365709131664
0.447593849660346,0.669260075922789,0.728772723160829,0.761703642151426,0.790374109861517,0.810702269696096,0.824211153255025,0.836964579277072,0.852058701474087,0.865414644904568,0.879461849467399,0.89571234046637,0.908797314631994,0.921894703056745,0.934586659776096,0.944790908961302,0.955242521637749,0.963400934210981,0.970471426778978,0.976905696822367,0.984837333022259,0.990923894325197,0.995612413100861,1,0.995536758353429,0.989322350827311,0.98040308996167,0.96555222061454,0.938034055878397,0.826968702579987,0.57387515254911,0.25116456409139
0.431153365071168,0.649602729593136,0.710194589428353,0.742849270355577,0.772689637554069,0.793643463101991,0.807882000827091,0.822065279707008,0.837853557678318,0.851944141220268,0.867035587442858,0.883637409967878,0.897214876095732,0.910860397181815,0.924512642097521,0.935481305199137,0.946137163495066,0.955135814851937,0.96244764663082,0.969504732706669,0.977881792243804,0.984423683951101,0.99002851052521,0.995536758353429,1,0.994892274902981,0.986739987905732,0.973594365839169,0.947480028917745,0.836716150116079,0.582004976847347,0.258762931126486
0.410972807503659,0.629767528720092,0.690028426149027,0.722039894761021,0.75222826628978,0.773817109015842,0.788455540971714,0.803872855110602,0.8205773938451,0.835087124894589,0.85101937573771,0.867699461718585,0.881684027480818,0.896307186311794,0.911091910172189,0.922466440306582,0.933611733325243,0.942744260210054,0.950829918292071,0.958612747654787,0.96786501914421,0.975243001026605,0.982129753626195,0.989322350827311,0.994892274902981,1,0.993181850409178,0.981404824549388,0.956798728245862,0.849289870358427,0.595105295717786,0.269951657549108
0.383120611773626,0.599767622731747,0.662758092805399,0.694671530997118,0.726752293580251,0.749692762544928,0.764903013420283,0.781217409918087,0.799540506360771,0.815107869600448,0.831660282187411,0.849040282469169,0.864482997853257,0.879849323944885,0.895542685555016,0.908202912232458,0.920032504784265,0.929871533241524,0.938416381178859,0.946646146638888,0.956637007562927,0.965960779353565,0.973238293847667,0.98040308996167,0.986739987905732,0.993181850409178,1,0.991052548473194,0.968466427204848,0.867081642528489,0.623101374301355,0.288970730214251
0.354698339965834,0.562099204841853,0.627442213762755,0.658957908219504,0.69208872935841,0.715250724996049,0.730807657061593,0.747687130473599,0.76659609301502,0.783455583810024,0.801497383980477,0.819803861964275,0.836512293156337,0.853068684078178,0.870117912145817,0.884012920313521,0.897892559764511,0.908539909433814,0.9181582793231,0.927431557177777,0.938738116907913,0.949412680940786,0.957411579120283,0.96555222061454,0.973594365839169,0.981404824549388,0.991052548473194,1,0.979000825479549,0.880569505536451,0.642397504267158,0.308765461870566
0.302158050729215,0.507742478702355,0.574623660904948,0.602884388088994,0.638369709883438,0.662080000643291,0.677275832169506,0.697231686284018,0.718431903033983,0.73703064778325,0.75462830260799,0.774498281717927,0.792836903490115,0.811333466439758,0.831079211570152,0.845884880220701,0.860800406054521,0.872485469057711,0.882017460773915,0.892423661122606,0.905592457616013,0.91672234396657,0.926397359255862,0.938034055878397,0.947480028917745,0.956798728245862,0.968466427204848,0.979000825479549,1,0.928744345241519,0.700426818247567,0.340664602629402
0.205955741520014,0.39481988630417,0.451692086078815,0.471737799403996,0.505464683022424,0.52701508843638,0.540975741174873,0.561076657785803,0.582552751636311,0.60294022804701,0.621489034732225,0.640371325869039,0.661424413173563,0.681221305874438,0.705701369924631,0.721255987922601,0.736436974577035,0.748358726310403,0.7583074872423,0.769368010591478,0.787717141639395,0.802293656445158,0.812786088693097,0.826968702579987,0.836716150116079,0.849289870358427,0.867081642528489,0.880569505536451,0.928744345241519,1,0.842882479951231,0.424904974373779
0.0771313810217003,0.201204259602363,0.242333250664838,0.253120421807805,0.281231089707145,0.294900445960217,0.305593916759205,0.320190602191675,0.339178621791582,0.358647894653216,0.37548765669731,0.392977017645224,0.413379660588283,0.429934366965153,0.450706974174389,0.469956521710763,0.485317004155944,0.49624028333016,0.504507851928058,0.516921501047807,0.537024842364971,0.553366347196227,0.564223268749444,0.57387515254911,0.582004976847347,0.595105295717786,0.623101374301355,0.642397504267158,0.700426818247567,0.842882479951231,1,0.556440626567417
-0.0342254675486041,0.0119887848904307,0.0368347660230799,0.0335926582733527,0.0497889186334628,0.0496257625428263,0.0562221886356695,0.0737675504298895,0.0881443057948246,0.100217361118583,0.106847208136764,0.118938002095456,0.133409284935644,0.151175000432576,0.163506672260141,0.174671478682215,0.181973276522116,0.187440729285527,0.195493260396452,0.206452157048721,0.22054926457623,0.235281517482647,0.245365709131664,0.25116456409139,0.258762931126486,0.269951657549108,0.288970730214251,0.308765461870566,0.340664602629402,0.424904974373779,0.556440626567417,1
