1,0.788427534763162,0.746010946576258,0.727106079605339,0.712894859619481,0.7060769674502,0.695873472706975,0.687058375585385,0.682643389401907,0.672865350274393,0.666447098408717,0.663395207583031,0.65659847946568,0.649432694991485,0.645078822635368,0.639724080578167,0.636355360686607,0.629589542655365,0.624186291384536,0.615005717130885,0.613985519095749,0.609584651318447,0.603582059375696,0.599378182177771,0.592331647447421,0.582995785318442,0.575962438095357,0.554666736520585,0.529593862888958,0.474441936567036,0.221117083203864,-0.0723988416455529
0.788427534763162,1,0.967592272044628,0.952119473492398,0.938602630504751,0.934394857506151,0.927571681872198,0.923507976284334,0.919648777894033,0.913938530501323,0.91004982023435,0.90620319906625,0.898205003597776,0.892889844295858,0.888015821223984,0.885402232997442,0.882912605982307,0.878647030002472,0.873685764348824,0.867200172805862,0.865892504672624,0.862030909242397,0.858712230954282,0.855861144853853,0.850480707247389,0.84103026320001,0.834203746540841,0.817066719226631,0.790689331773814,0.721580327732188,0.347463701392531,-0.057219548560829
0.746010946576258,0.967592272044628,1,0.985358173796718,0.975753546646335,0.969950022314892,0.963468631780718,0.959279132435154,0.955300059189136,0.949638779045131,0.945368676220309,0.941687461376458,0.935279914488635,0.930383952695083,0.925589143381589,0.922867727909,0.921490978753003,0.91759224246217,0.912692788502365,0.906258314758438,0.904318103386448,0.900083328286434,0.896880156972822,0.893079421943627,0.886249804062116,0.877683378107511,0.86906529178634,0.853708149442781,0.828096578413316,0.756811328315857,0.37031088127164,-0.0526810547923029
0.727106079605339,0.952119473492398,0.985358173796718,1,0.992065697135521,0.985923724022056,0.979873034715656,0.975537235643174,0.971549275533857,0.967072504085332,0.962819801814102,0.95862994798377,0.952309209644224,0.947448817371621,0.942823240386922,0.939726919531971,0.93685206149193,0.933412354524898,0.929171404905865,0.923313619592,0.921125035441573,0.916030386756193,0.912954981503269,0.909333813755908,0.902760337679805,0.895279843334988,0.8863949097515,0.870912323615329,0.84538043461454,0.770263447814381,0.371538173669967,-0.0554348220280594
0.712894859619481,0.938602630504751,0.975753546646335,0.992065697135521,1,0.99400728449558,0.988245822099975,0.983716715464162,0.979436425434865,0.974918325531951,0.971339869251641,0.967214025338619,0.960692396784719,0.956144301501299,0.951529098382282,0.947876014313328,0.944811602283568,0.941077495555547,0.936545068782087,0.931182325416332,0.929689934300313,0.924716099160406,0.921953916279943,0.918867823617208,0.911563043247443,0.903952696736717,0.894124356025209,0.879030190985626,0.853362729376517,0.777994532797959,0.381924309515974,-0.0483315708757032
0.7060769674502,0.934394857506151,0.969950022314892,0.985923724022056,0.99400728449558,1,0.994646724132859,0.98929801989077,0.984813978062466,0.980735767409044,0.976946243833413,0.973071597433654,0.966309512237021,0.961484464496253,0.956746693224764,0.952489726979095,0.949401904249567,0.945911700864491,0.941554069625161,0.93670852948312,0.934983541343728,0.930407650270057,0.927276388809441,0.923966286872313,0.916887300907347,0.909842658331004,0.899858745133079,0.884207639791256,0.857991687015195,0.782694945444433,0.38141308525241,-0.0542839700716606
0.695873472706975,0.927571681872198,0.963468631780718,0.979873034715656,0.988245822099975,0.994646724132859,1,0.995903830666887,0.991668804322561,0.987491798657496,0.983464215429784,0.979136919708244,0.972533658760352,0.967014981608832,0.961947009570976,0.957261746168349,0.953917968466617,0.950286968014035,0.946249889237271,0.9412762234638,0.939005531484875,0.934605493726247,0.931585371589902,0.929001916671536,0.921792862752396,0.914645862329051,0.904268784509168,0.889146289765129,0.862384142744168,0.786579567712945,0.382427515405744,-0.0589882550511989
0.687058375585385,0.923507976284334,0.959279132435154,0.975537235643174,0.983716715464162,0.98929801989077,0.995903830666887,1,0.996203286394884,0.992529019724337,0.989200055274276,0.984842163002334,0.97822725030036,0.972135820110604,0.967061663714723,0.962262445283839,0.958682004246938,0.954659736572292,0.950391795349209,0.945033829993119,0.94261302817042,0.938688154948411,0.936388797401445,0.933743855579128,0.927142177422289,0.920335411816441,0.91058320827164,0.89690198114926,0.869506975968474,0.794928265269134,0.388898715862494,-0.0573638911543347
0.682643389401907,0.919648777894033,0.955300059189136,0.971549275533857,0.979436425434865,0.984813978062466,0.991668804322561,0.996203286394884,1,0.996737496318259,0.993123607369901,0.988825763141094,0.982597261888591,0.976442174654179,0.971103000761327,0.966138441032482,0.962738394680693,0.959018823162456,0.954789902834789,0.949767163711721,0.94721045390944,0.943639341158955,0.941446771970454,0.938629793623418,0.932105169431238,0.925524316885089,0.915616938167739,0.901224738434567,0.873739876711956,0.799812498909592,0.387014427442213,-0.0547366093477082
0.672865350274393,0.913938530501323,0.949638779045131,0.967072504085332,0.974918325531951,0.980735767409044,0.987491798657496,0.992529019724337,0.996737496318259,1,0.997223933913682,0.993186915203812,0.987977764507787,0.982141941438433,0.97661278298945,0.971957871747801,0.968529017041771,0.964573288136971,0.959992163241072,0.955312184304857,0.95243427321131,0.948798972842742,0.946227362095097,0.943466586470533,0.93733345926311,0.931343688257971,0.921888503731001,0.907697935935296,0.880272845666836,0.807736294727783,0.395319514256594,-0.0487730321571279
0.666447098408717,0.91004982023435,0.945368676220309,0.962819801814102,0.971339869251641,0.976946243833413,0.983464215429784,0.989200055274276,0.993123607369901,0.997223933913682,1,0.996792396737797,0.99231476467103,0.986752980649843,0.981430278875305,0.976948600430654,0.973431341922259,0.969466251686501,0.965142543041089,0.960695273410729,0.958092175614583,0.953988217576695,0.951292294177541,0.948272249731686,0.943083758200891,0.937474422732427,0.928665239652959,0.915012840126045,0.888308332831473,0.816291363154227,0.405137499631535,-0.0486774113189646
0.663395207583031,0.90620319906625,0.941687461376458,0.95862994798377,0.967214025338619,0.973071597433654,0.979136919708244,0.984842163002334,0.988825763141094,0.993186915203812,0.996792396737797,1,0.996970550945549,0.992416647304325,0.987700293230117,0.983052434616513,0.979434791283889,0.975594803931177,0.97166382597628,0.967560311299627,0.9652791911219,0.961330226970445,0.95836598249369,0.955158391365922,0.949488828663741,0.944020673991873,0.935054100807056,0.921818331027326,0.895047616600924,0.823128603921352,0.41060669214768,-0.0424117475308693
0.65659847946568,0.898205003597776,0.935279914488635,0.952309209644224,0.960692396784719,0.966309512237021,0.972533658760352,0.97822725030036,0.982597261888591,0.987977764507787,0.99231476467103,0.996970550945549,1,0.997054808823254,0.993096805779608,0.989044483311106,0.985786208047043,0.982417882750593,0.978548603216562,0.974097328240167,0.97170529417387,0.968171709974991,0.965323187749151,0.962260349598932,0.957178597804865,0.952460589150346,0.944140028070342,0.931906422113483,0.906698851390083,0.835887836165481,0.423630294735988,-0.0359341872944274
0.649432694991485,0.892889844295858,0.930383952695083,0.947448817371621,0.956144301501299,0.961484464496253,0.967014981608832,0.972135820110604,0.976442174654179,0.982141941438433,0.986752980649843,0.992416647304325,0.997054808823254,1,0.997305927167583,0.993787982331873,0.991023410770114,0.988090131589301,0.984297685063848,0.979876564424196,0.977349079880762,0.973965923949092,0.971107196738145,0.968065803559232,0.962902826525513,0.958039676561684,0.950110595601528,0.938322952857332,0.913726339730017,0.842969128209051,0.428171950690337,-0.034636390597726
0.645078822635368,0.888015821223984,0.925589143381589,0.942823240386922,0.951529098382282,0.956746693224764,0.961947009570976,0.967061663714723,0.971103000761327,0.97661278298945,0.981430278875305,0.987700293230117,0.993096805779608,0.997305927167583,1,0.997685580876136,0.995200382441889,0.992432001810303,0.988587613691472,0.984399300550411,0.981475831299083,0.978120320366693,0.975258587041977,0.972017970511805,0.967288952181736,0.962339803558079,0.954825925914036,0.943897500263485,0.91967423707505,0.850925287033742,0.435195363765915,-0.0315519463522966
0.639724080578167,0.885402232997442,0.922867727909,0.939726919531971,0.947876014313328,0.952489726979095,0.957261746168349,0.962262445283839,0.966138441032482,0.971957871747801,0.976948600430654,0.983052434616513,0.989044483311106,0.993787982331873,0.997685580876136,1,0.997914522699315,0.995237601659213,0.991753455020969,0.987554069693363,0.98471992497376,0.981421923805673,0.978228140239437,0.97498482323871,0.97030455408175,0.965531735876041,0.958805599276357,0.948656621286875,0.924725817318793,0.85674299952973,0.43982238645732,-0.0275087274380205
0.636355360686607,0.882912605982307,0.921490978753003,0.93685206149193,0.944811602283568,0.949401904249567,0.953917968466617,0.958682004246938,0.962738394680693,0.968529017041771,0.973431341922259,0.979434791283889,0.985786208047043,0.991023410770114,0.995200382441889,0.997914522699315,1,0.997878771912179,0.994725375649017,0.990896687914464,0.988080556545675,0.984988238297356,0.98199146766878,0.97865033966491,0.974042837291931,0.968624400413997,0.961885471149313,0.951852018240292,0.928528435086064,0.861612237819607,0.442677123866892,-0.0250627941220885
0.629589542655365,0.878647030002472,0.91759224246217,0.933412354524898,0.941077495555547,0.945911700864491,0.950286968014035,0.954659736572292,0.959018823162456,0.964573288136971,0.969466251686501,0.975594803931177,0.982417882750593,0.988090131589301,0.992432001810303,0.995237601659213,0.997878771912179,1,0.997572033580677,0.994373637536767,0.991811356383851,0.988672648719604,0.985432498188624,0.982100206837914,0.977717759358961,0.972581634020384,0.965572471213941,0.955861503621225,0.93307129381203,0.866390881531719,0.447264486938437,-0.0230150457734642
0.624186291384536,0.873685764348824,0.912692788502365,0.929171404905865,0.936545068782087,0.941554069625161,0.946249889237271,0.950391795349209,0.954789902834789,0.959992163241072,0.965142543041089,0.97166382597628,0.978548603216562,0.984297685063848,0.988587613691472,0.991753455020969,0.994725375649017,0.997572033580677,1,0.997359483170661,0.99479274939962,0.991605202816871,0.988340519249319,0.985115149631131,0.980692173487239,0.975342424165902,0.968422352425344,0.958927276279238,0.936420425556534,0.870771414305097,0.451833345362554,-0.025168696899571
0.615005717130885,0.867200172805862,0.906258314758438,0.923313619592,0.931182325416332,0.93670852948312,0.9412762234638,0.945033829993119,0.949767163711721,0.955312184304857,0.960695273410729,0.967560311299627,0.974097328240167,0.979876564424196,0.984399300550411,0.987554069693363,0.990896687914464,0.994373637536767,0.997359483170661,1,0.99766969337868,0.994618132556086,0.991303411453567,0.987770146423849,0.983261402041501,0.977616590143061,0.970653528543847,0.961002004217456,0.938467740595502,0.875094968361682,0.454900199009911,-0.0193347557232781
0.613985519095749,0.865892504672624,0.904318103386448,0.921125035441573,0.929689934300313,0.934983541343728,0.939005531484875,0.94261302817042,0.94721045390944,0.95243427321131,0.958092175614583,0.9652791911219,0.97170529417387,0.977349079880762,0.981475831299083,0.98471992497376,0.988080556545675,0.991811356383851,0.99479274939962,0.99766969337868,1,0.997490503564241,0.994422054079013,0.991031473547408,0.986305342516649,0.980788067168061,0.973309824523901,0.963457008146202,0.942104550559191,0.880637180918083,0.45844422713709,-0.0167106349296101
0.609584651318447,0.862030909242397,0.900083328286434,0.916030386756193,0.924716099160406,0.930407650270057,0.934605493726247,0.938688154948411,0.943639341158955,0.948798972842742,0.953988217576695,0.961330226970445,0.968171709974991,0.973965923949092,0.978120320366693,0.981421923805673,0.984988238297356,0.988672648719604,0.991605202816871,0.994618132556086,0.997490503564241,1,0.997377929416133,0.99405930281376,0.989694722300826,0.984278193602027,0.976877731940033,0.967170164803196,0.945991608143727,0.884333393307628,0.461657501101513,-0.0143163316275168
0.603582059375696,0.858712230954282,0.896880156972822,0.912954981503269,0.921953916279943,0.927276388809441,0.931585371589902,0.936388797401445,0.941446771970454,0.946227362095097,0.951292294177541,0.95836598249369,0.965323187749151,0.971107196738145,0.975258587041977,0.978228140239437,0.98199146766878,0.985432498188624,0.988340519249319,0.991303411453567,0.994422054079013,0.997377929416133,1,0.996890857654586,0.992952588588612,0.987708183268496,0.980661354343429,0.970513382755712,0.949577109046657,0.887045050806124,0.465728505430629,-0.0129113974239299
0.599378182177771,0.855861144853853,0.893079421943627,0.909333813755908,0.918867823617208,0.923966286872313,0.929001916671536,0.933743855579128,0.938629793623418,0.943466586470533,0.948272249731686,0.955158391365922,0.962260349598932,0.968065803559232,0.972017970511805,0.97498482323871,0.97865033966491,0.982100206837914,0.985115149631131,0.987770146423849,0.991031473547408,0.99405930281376,0.996890857654586,1,0.996075355187296,0.990855540806435,0.983630546378576,0.973276491179095,0.952875679717837,0.890038222980209,0.471430989643381,-0.00733644888732497
0.592331647447421,0.850480707247389,0.886249804062116,0.902760337679805,0.911563043247443,0.916887300907347,0.921792862752396,0.927142177422289,0.932105169431238,0.93733345926311,0.943083758200891,0.949488828663741,0.957178597804865,0.962902826525513,0.967288952181736,0.97030455408175,0.974042837291931,0.977717759358961,0.980692173487239,0.983261402041501,0.986305342516649,0.989694722300826,0.992952588588612,0.996075355187296,1,0.995558620515018,0.989304335269114,0.979987646677763,0.960552924800493,0.897072279540895,0.483827092053143,-0.00540966889647906
0.582995785318442,0.84103026320001,0.877683378107511,0.895279843334988,0.903952696736717,0.909842658331004,0.914645862329051,0.920335411816441,0.925524316885089,0.931343688257971,0.937474422732427,0.944020673991873,0.952460589150346,0.958039676561684,0.962339803558079,0.965531735876041,0.968624400413997,0.972581634020384,0.975342424165902,0.977616590143061,0.980788067168061,0.984278193602027,0.987708183268496,0.990855540806435,0.995558620515018,1,0.993535487956772,0.985029828051004,0.966523883507467,0.904624965042768,0.491915719101517,0.00729223188925898
0.575962438095357,0.834203746540841,0.86906529178634,0.8863949097515,0.894124356025209,0.899858745133079,0.904268784509168,0.91058320827164,0.915616938167739,0.921888503731001,0.928665239652959,0.935054100807056,0.944140028070342,0.950110595601528,0.954825925914036,0.958805599276357,0.961885471149313,0.965572471213941,0.968422352425344,0.970653528543847,0.973309824523901,0.976877731940033,0.980661354343429,0.983630546378576,0.989304335269114,0.993535487956772,1,0.992469539801732,0.97590663004013,0.920185443206644,0.515702832507006,0.0190870507297394
0.554666736520585,0.817066719226631,0.853708149442781,0.870912323615329,0.879030190985626,0.884207639791256,0.889146289765129,0.89690198114926,0.901224738434567,0.907697935935296,0.915012840126045,0.921818331027326,0.931906422113483,0.938322952857332,0.943897500263485,0.948656621286875,0.951852018240292,0.955861503621225,0.958927276279238,0.961002004217456,0.963457008146202,0.967170164803196,0.970513382755712,0.973276491179095,0.979987646677763,0.985029828051004,0.992469539801732,1,0.986962075385521,0.93889357316521,0.547305282685773,0.0327156530900769
0.529593862888958,0.790689331773814,0.828096578413316,0.84538043461454,0.853362729376517,0.857991687015195,0.862384142744168,0.869506975968474,0.873739876711956,0.880272845666836,0.888308332831473,0.895047616600924,0.906698851390083,0.913726339730017,0.91967423707505,0.924725817318793,0.928528435086064,0.93307129381203,0.936420425556534,0.938467740595502,0.942104550559191,0.945991608143727,0.949577109046657,0.952875679717837,0.960552924800493,0.966523883507467,0.97590663004013,0.986962075385521,1,0.960275992368076,0.586062562766742,0.0651902090294494
0.474441936567036,0.721580327732188,0.756811328315857,0.770263447814381,0.777994532797959,0.782694945444433,0.786579567712945,0.794928265269134,0.799812498909592,0.807736294727783,0.816291363154227,0.823128603921352,0.835887836165481,0.842969128209051,0.850925287033742,0.85674299952973,0.861612237819607,0.866390881531719,0.870771414305097,0.875094968361682,0.880637180918083,0.884333393307628,0.887045050806124,0.890038222980209,0.897072279540895,0.904624965042768,0.920185443206644,0.93889357316521,0.960275992368076,1,0.676188343157424,0.121733306784607
0.221117083203864,0.347463701392531,0.37031088127164,0.371538173669967,0.381924309515974,0.38141308525241,0.382427515405744,0.388898715862494,0.387014427442213,0.395319514256594,0.405137499631535,0.41060669214768,0.423630294735988,0.428171950690337,0.435195363765915,0.43982238645732,0.442677123866892,0.447264486938437,0.451833345362554,0.454900199009911,0.45844422713709,0.461657501101513,0.465728505430629,0.471430989643381,0.483827092053143,0.491915719101517,0.515702832507006,0.547305282685773,0.586062562766742,0.676188343157424,1,0.338574301786459
-0.0723988416455529,-0.057219548560829,-0.0526810547923029,-0.0554348220280594,-0.0483315708757032,-0.0542839700716606,-0.0589882550511989,-0.0573638911543347,-0.0547366093477082,-0.0487730321571279,-0.0486774113189646,-0.0424117475308693,-0.0359341872944274,-0.034636390597726,-0.0315519463522966,-0.0275087274380205,-0.0250627941220885,-0.0230150457734642,-0.025168696899571,-0.0193347557232781,-0.0167106349296101,-0.0143163316275168,-0.0129113974239299,-0.00733644888732497,-0.00540966889647906,0.00729223188925898,0.0190870507297394,0.0327156530900769,0.0651902090294494,0.121733306784607,0.338574301786459,1
