1,0.85953517971025,0.787449804560915,0.755186795191636,0.725998477403958,0.706831775049384,0.690666977589659,0.671697504466766,0.652221015276392,0.613643083458832,0.601886192137347,0.58286699699579,0.548437558694162,0.528094179709004,0.487139941599587,0.45320715402039,0.358918313453464,0.286734518813754,0.220938246842014,0.144372998282565,0.101432107279599,0.0822453480142367,0.0584384473354286,0.0178814268607922,-0.00090056920198277,-0.0419872391764312,-0.08006112895607,-0.103140724158827,-0.102542766478808,-0.1039315028295,-0.0752298941797022,-0.105241611101382
0.85953517971025,1,0.942431199069211,0.901439475304756,0.879875514380521,0.859400664952885,0.839610109694398,0.818865421663832,0.801837475681848,0.765379785029211,0.746267348192357,0.718413445187466,0.681689468340859,0.657204970192104,0.609524624831865,0.570920386563813,0.474125894430431,0.399406125250152,0.316308773296138,0.22523071952172,0.17706557711064,0.153926425393884,0.124981205120191,0.0797910002635191,0.0514519496303009,0.00423293441107199,-0.0319349357346078,-0.0556941233658067,-0.062366916114493,-0.0724942020507574,-0.0667093111010057,-0.0804889891890207
0.787449804560915,0.942431199069211,1,0.966692090211015,0.942562488984771,0.92044813188762,0.902255445149298,0.879081179487906,0.863784690591281,0.830723481234862,0.813383603190023,0.789414350879122,0.751963805598758,0.728252656909859,0.680348811699647,0.641431069263642,0.540369324018399,0.461541297923126,0.375894492559047,0.276085966434935,0.223323608184941,0.194385354983313,0.162874529381988,0.116982139003576,0.0858841594796289,0.0324413957554575,-0.00941454077504238,-0.0343379406646082,-0.0372380105101009,-0.0425121115982669,-0.044062135064747,-0.0454662691568183
0.755186795191636,0.901439475304756,0.966692090211015,1,0.977030460828764,0.955582839610702,0.938326292786334,0.917459209312226,0.902934926894683,0.877638655639188,0.862361492210513,0.840867962250474,0.805086108525079,0.783312232068343,0.737444212392932,0.701541911401105,0.605071389653418,0.524681016050524,0.437538721223207,0.334514452504497,0.27920228668397,0.248183944521713,0.213881069429098,0.167111252744915,0.134177807102197,0.0759704757697142,0.0250671717425696,-0.00872450659790869,-0.0181778427559806,-0.0213770925098885,-0.0308501471531449,-0.020965509851092
0.725998477403958,0.879875514380521,0.942562488984771,0.977030460828764,1,0.982145907976673,0.962769526826518,0.942543621980383,0.92551092320067,0.89988377388994,0.882848250571998,0.861390502136282,0.826345936650415,0.805238743277612,0.76307925778415,0.729590051751447,0.63523128396182,0.556368593544871,0.471815577495918,0.371787920589134,0.315221351070884,0.283543951240414,0.248697404025596,0.199813571823562,0.162450689137247,0.100453724962662,0.045085113881802,0.00716846597344511,-0.0057216154483536,-0.0086181366494481,-0.0125778425237944,-0.0020996467626176
0.706831775049384,0.859400664952885,0.92044813188762,0.955582839610702,0.982145907976673,1,0.985920981340058,0.966682780566484,0.948586094558555,0.926491491823244,0.908190996408302,0.887269420352383,0.852163971535409,0.830827741942995,0.79037582065467,0.759228187507361,0.669380800137253,0.591301423820708,0.507198506355142,0.407505827303589,0.350831036238192,0.318459236825487,0.283064850551667,0.234621345918674,0.195675515109354,0.131937496099508,0.0729145066032445,0.032094631488717,0.0176763883664695,0.0146734684120965,0.0110202857490447,0.00658924477772167
0.690666977589659,0.839610109694398,0.902255445149298,0.938326292786334,0.962769526826518,0.985920981340058,1,0.986645783580542,0.970374132621923,0.950105314159755,0.932300681250068,0.91352082014776,0.880473687556735,0.859626753950558,0.820919492847204,0.792549998751419,0.704003235566097,0.624897679816012,0.540837002280545,0.444033779727738,0.388285701890937,0.35467589251608,0.321272011863393,0.27169503566407,0.231789004132843,0.168863510347492,0.10599726233381,0.0602854417132388,0.0431194809979628,0.0378522832971212,0.02399308978976,0.0238222899458806
0.671697504466766,0.818865421663832,0.879081179487906,0.917459209312226,0.942543621980383,0.966682780566484,0.986645783580542,1,0.985256980386969,0.966722996838417,0.950369212798882,0.932393481783066,0.902021487631906,0.880146984880135,0.844577227441487,0.818186800580442,0.7315012197251,0.652790353237974,0.571758802335856,0.476736751428217,0.420873979373433,0.387903882884596,0.357066629368355,0.307588389932553,0.266579912933767,0.202322542620075,0.132836371945683,0.0821453610011974,0.0622143922628467,0.0541829068440856,0.0459284882167563,0.0463724586901611
0.652221015276392,0.801837475681848,0.863784690591281,0.902934926894683,0.92551092320067,0.948586094558555,0.970374132621923,0.985256980386969,1,0.983001001973858,0.96624499597253,0.948793685539209,0.920176832303173,0.898396231538933,0.864735410980063,0.840580914739608,0.757496270307722,0.681537650282859,0.602830423676692,0.508534557137267,0.454632441238828,0.42127755637862,0.39033865817902,0.339615799056408,0.297012165614616,0.232398550159644,0.157907507359176,0.103389057396788,0.0881168274865844,0.0788810039769004,0.055717522769817,0.0513235398981539
0.613643083458832,0.765379785029211,0.830723481234862,0.877638655639188,0.89988377388994,0.926491491823244,0.950105314159755,0.966722996838417,0.983001001973858,1,0.987673684799309,0.972668161661117,0.948995221185779,0.928140354113938,0.899240963404015,0.877789733902556,0.813023562963629,0.745869049581277,0.672472017385586,0.583243000552875,0.533775334496688,0.501793393963539,0.47171222091628,0.423428998086052,0.376773927282841,0.307369758037585,0.220714051274215,0.15840103143839,0.135388087809161,0.125364054898909,0.0909129323845266,0.0728632467579467
0.601886192137347,0.746267348192357,0.813383603190023,0.862361492210513,0.882848250571998,0.908190996408302,0.932300681250068,0.950369212798882,0.96624499597253,0.987673684799309,1,0.989602315231768,0.968874736217894,0.947251353947703,0.919605116278552,0.89814857730448,0.831839709121821,0.764297541173328,0.695155982227493,0.611422054505051,0.562545193981694,0.529758422563904,0.50113828559281,0.452260040652089,0.408701027145777,0.337675728670897,0.24521019784952,0.178179836187393,0.15111457319859,0.139868751978757,0.106559485307843,0.0792209231861892
0.58286699699579,0.718413445187466,0.789414350879122,0.840867962250474,0.861390502136282,0.887269420352383,0.91352082014776,0.932393481783066,0.948793685539209,0.972668161661117,0.989602315231768,1,0.984886800534479,0.96573006157641,0.940557618373212,0.918319281526401,0.853505471456715,0.789951934868232,0.726335563363853,0.645359609511558,0.597564180089274,0.564882922395269,0.537348495103018,0.487826181035883,0.444826018528742,0.372887558088793,0.274870195241157,0.202238785218572,0.174821032887042,0.165351989926144,0.129248377054144,0.0873706726077932
0.548437558694162,0.681689468340859,0.751963805598758,0.805086108525079,0.826345936650415,0.852163971535409,0.880473687556735,0.902021487631906,0.920176832303173,0.948995221185779,0.968874736217894,0.984886800534479,1,0.986641163114076,0.96682521655923,0.947244649728215,0.891137201832672,0.832243480492889,0.774722428588541,0.699906922619637,0.655206439565366,0.624881315863799,0.600207091438268,0.550668539159352,0.509273968901781,0.437718231393508,0.333448088849387,0.253853688461514,0.22160619116013,0.210889456931998,0.166526153265392,0.105516685584067
0.528094179709004,0.657204970192104,0.728252656909859,0.783312232068343,0.805238743277612,0.830827741942995,0.859626753950558,0.880146984880135,0.898396231538933,0.928140354113938,0.947251353947703,0.96573006157641,0.986641163114076,1,0.984113976607436,0.967433124323726,0.91461574728736,0.857485231553705,0.803809927016008,0.729103579918438,0.685924152670704,0.655799426899309,0.630407690960839,0.579417553733615,0.534551467705724,0.46070306508127,0.354624553219738,0.270534805773477,0.234754867702998,0.227642486065218,0.178605804165393,0.125165849795265
0.487139941599587,0.609524624831865,0.680348811699647,0.737444212392932,0.76307925778415,0.79037582065467,0.820919492847204,0.844577227441487,0.864735410980063,0.899240963404015,0.919605116278552,0.940557618373212,0.96682521655923,0.984113976607436,1,0.98801127425884,0.947973626284268,0.897220211265633,0.84956766060278,0.779177040543353,0.736612932787958,0.705879135463685,0.680612004599091,0.630926337469737,0.580495936503709,0.504900997509018,0.395472333263155,0.307711065327045,0.265729409461277,0.257708021742102,0.19808984627102,0.145433292765511
0.45320715402039,0.570920386563813,0.641431069263642,0.701541911401105,0.729590051751447,0.759228187507361,0.792549998751419,0.818186800580442,0.840580914739608,0.877789733902556,0.89814857730448,0.918319281526401,0.947244649728215,0.967433124323726,0.98801127425884,1,0.970326269700611,0.924027809259439,0.881595731968709,0.815310157012532,0.774027446024997,0.741509729142827,0.714346630134249,0.665203270731025,0.612657230721452,0.535426613091553,0.421885408839586,0.328728118451137,0.285187095135493,0.28091992855134,0.22498480320947,0.159933119180325
0.358918313453464,0.474125894430431,0.540369324018399,0.605071389653418,0.63523128396182,0.669380800137253,0.704003235566097,0.7315012197251,0.757496270307722,0.813023562963629,0.831839709121821,0.853505471456715,0.891137201832672,0.91461574728736,0.947973626284268,0.970326269700611,1,0.980080251743419,0.945824386138331,0.892386166034412,0.856759597864925,0.829115814068775,0.803037522276673,0.765002453965361,0.707602079097538,0.630468071558753,0.508420416388779,0.408511308527903,0.357823404138544,0.350731084915366,0.269200044695483,0.19787224400775
0.286734518813754,0.399406125250152,0.461541297923126,0.524681016050524,0.556368593544871,0.591301423820708,0.624897679816012,0.652790353237974,0.681537650282859,0.745869049581277,0.764297541173328,0.789951934868232,0.832243480492889,0.857485231553705,0.897220211265633,0.924027809259439,0.980080251743419,1,0.977860294045591,0.933516890287283,0.902868502842532,0.878632377364938,0.854630572290554,0.822292486751989,0.762431719039678,0.688559796843132,0.559080271038378,0.45391875568636,0.402892382664793,0.392054111015922,0.293203842317151,0.222457690913096
0.220938246842014,0.316308773296138,0.375894492559047,0.437538721223207,0.471815577495918,0.507198506355142,0.540837002280545,0.571758802335856,0.602830423676692,0.672472017385586,0.695155982227493,0.726335563363853,0.774722428588541,0.803809927016008,0.84956766060278,0.881595731968709,0.945824386138331,0.977860294045591,1,0.974360443331195,0.948639378228569,0.925811937487705,0.90190912730136,0.870922268254996,0.81374145705656,0.742812971757553,0.609328499734522,0.504565233986563,0.453871382154915,0.441885901566818,0.327637565866386,0.245542990724733
0.144372998282565,0.22523071952172,0.276085966434935,0.334514452504497,0.371787920589134,0.407505827303589,0.444033779727738,0.476736751428217,0.508534557137267,0.583243000552875,0.611422054505051,0.645359609511558,0.699906922619637,0.729103579918438,0.779177040543353,0.815310157012532,0.892386166034412,0.933516890287283,0.974360443331195,1,0.984278464963862,0.961375056961136,0.939747267871866,0.911148373954586,0.853839131801245,0.786309219867417,0.648164407829324,0.539332564835451,0.484342106252643,0.471079646320544,0.36219191645269,0.270575281309538
0.101432107279599,0.17706557711064,0.223323608184941,0.27920228668397,0.315221351070884,0.350831036238192,0.388285701890937,0.420873979373433,0.454632441238828,0.533775334496688,0.562545193981694,0.597564180089274,0.655206439565366,0.685924152670704,0.736612932787958,0.774027446024997,0.856759597864925,0.902868502842532,0.948639378228569,0.984278464963862,1,0.983143911894976,0.96409203271413,0.9379689031915,0.884021235851283,0.819231874979972,0.681768357230538,0.572675098386701,0.517644669773488,0.501776230081473,0.383487671043121,0.282363079614586
0.0822453480142367,0.153926425393884,0.194385354983313,0.248183944521713,0.283543951240414,0.318459236825487,0.35467589251608,0.387903882884596,0.42127755637862,0.501793393963539,0.529758422563904,0.564882922395269,0.624881315863799,0.655799426899309,0.705879135463685,0.741509729142827,0.829115814068775,0.878632377364938,0.925811937487705,0.961375056961136,0.983143911894976,1,0.986973813286049,0.966146633787999,0.922896189714832,0.866094069451736,0.741424384442228,0.637420064092027,0.58015160078259,0.560376197515179,0.415758984939403,0.296620088734434
0.0584384473354286,0.124981205120191,0.162874529381988,0.213881069429098,0.248697404025596,0.283064850551667,0.321272011863393,0.357066629368355,0.39033865817902,0.47171222091628,0.50113828559281,0.537348495103018,0.600207091438268,0.630407690960839,0.680612004599091,0.714346630134249,0.803037522276673,0.854630572290554,0.90190912730136,0.939747267871866,0.96409203271413,0.986973813286049,1,0.98188595596525,0.938667103201461,0.884449466406491,0.757866182583755,0.654035323382368,0.599470254039966,0.577130746603483,0.434762739726544,0.314866900540575
0.0178814268607922,0.0797910002635191,0.116982139003576,0.167111252744915,0.199813571823562,0.234621345918674,0.27169503566407,0.307588389932553,0.339615799056408,0.423428998086052,0.452260040652089,0.487826181035883,0.550668539159352,0.579417553733615,0.630926337469737,0.665203270731025,0.765002453965361,0.822292486751989,0.870922268254996,0.911148373954586,0.9379689031915,0.966146633787999,0.98188595596525,1,0.969738544627578,0.925387211891479,0.812688798044895,0.715807807944031,0.661765644648189,0.636209702524599,0.457928094054456,0.320708715477206
-0.00090056920198277,0.0514519496303009,0.0858841594796289,0.134177807102197,0.162450689137247,0.195675515109354,0.231789004132843,0.266579912933767,0.297012165614616,0.376773927282841,0.408701027145777,0.444826018528742,0.509273968901781,0.534551467705724,0.580495936503709,0.612657230721452,0.707602079097538,0.762431719039678,0.81374145705656,0.853839131801245,0.884021235851283,0.922896189714832,0.938667103201461,0.969738544627578,1,0.977492881617917,0.895481095174536,0.812496809333594,0.75779042422318,0.725248211138005,0.524608351150948,0.32490681696171
-0.0419872391764312,0.00423293441107199,0.0324413957554575,0.0759704757697142,0.100453724962662,0.131937496099508,0.168863510347492,0.202322542620075,0.232398550159644,0.307369758037585,0.337675728670897,0.372887558088793,0.437718231393508,0.46070306508127,0.504900997509018,0.535426613091553,0.630468071558753,0.688559796843132,0.742812971757553,0.786309219867417,0.819231874979972,0.866094069451736,0.884449466406491,0.925387211891479,0.977492881617917,1,0.950979076024337,0.8824451434846,0.834348071003254,0.794764775915217,0.559295154914549,0.325181023214766
-0.08006112895607,-0.0319349357346078,-0.00941454077504238,0.0250671717425696,0.045085113881802,0.0729145066032445,0.10599726233381,0.132836371945683,0.157907507359176,0.220714051274215,0.24521019784952,0.274870195241157,0.333448088849387,0.354624553219738,0.395472333263155,0.421885408839586,0.508420416388779,0.559080271038378,0.609328499734522,0.648164407829324,0.681768357230538,0.741424384442228,0.757866182583755,0.812688798044895,0.895481095174536,0.950979076024337,1,0.976153913272633,0.930913573102556,0.887492742451367,0.585092800257865,0.307527955001876
-0.103140724158827,-0.0556941233658067,-0.0343379406646082,-0.00872450659790869,0.00716846597344511,0.032094631488717,0.0602854417132388,0.0821453610011974,0.103389057396788,0.15840103143839,0.178179836187393,0.202238785218572,0.253853688461514,0.270534805773477,0.307711065327045,0.328728118451137,0.408511308527903,0.45391875568636,0.504565233986563,0.539332564835451,0.572675098386701,0.637420064092027,0.654035323382368,0.715807807944031,0.812496809333594,0.8824451434846,0.976153913272633,1,0.965287589710433,0.918025420368551,0.571828834589415,0.308362495543394
-0.102542766478808,-0.062366916114493,-0.0372380105101009,-0.0181778427559806,-0.0057216154483536,0.0176763883664695,0.0431194809979628,0.0622143922628467,0.0881168274865844,0.135388087809161,0.15111457319859,0.174821032887042,0.22160619116013,0.234754867702998,0.265729409461277,0.285187095135493,0.357823404138544,0.402892382664793,0.453871382154915,0.484342106252643,0.517644669773488,0.58015160078259,0.599470254039966,0.661765644648189,0.75779042422318,0.834348071003254,0.930913573102556,0.965287589710433,1,0.955870909808256,0.584758701669287,0.293323926948871
-0.1039315028295,-0.0724942020507574,-0.0425121115982669,-0.0213770925098885,-0.0086181366494481,0.0146734684120965,0.0378522832971212,0.0541829068440856,0.0788810039769004,0.125364054898909,0.139868751978757,0.165351989926144,0.210889456931998,0.227642486065218,0.257708021742102,0.28091992855134,0.350731084915366,0.392054111015922,0.441885901566818,0.471079646320544,0.501776230081473,0.560376197515179,0.577130746603483,0.636209702524599,0.725248211138005,0.794764775915217,0.887492742451367,0.918025420368551,0.955870909808256,1,0.691486535394498,0.314236242334216
-0.0752298941797022,-0.0667093111010057,-0.044062135064747,-0.0308501471531449,-0.0125778425237944,0.0110202857490447,0.02399308978976,0.0459284882167563,0.055717522769817,0.0909129323845266,0.106559485307843,0.129248377054144,0.166526153265392,0.178605804165393,0.19808984627102,0.22498480320947,0.269200044695483,0.293203842317151,0.327637565866386,0.36219191645269,0.383487671043121,0.415758984939403,0.434762739726544,0.457928094054456,0.524608351150948,0.559295154914549,0.585092800257865,0.571828834589415,0.584758701669287,0.691486535394498,1,0.446795339861892
-0.105241611101382,-0.0804889891890207,-0.0454662691568183,-0.020965509851092,-0.0020996467626176,0.00658924477772167,0.0238222899458806,0.0463724586901611,0.0513235398981539,0.0728632467579467,0.0792209231861892,0.0873706726077932,0.105516685584067,0.125165849795265,0.145433292765511,0.159933119180325,0.19787224400775,0.222457690913096,0.245542990724733,0.270575281309538,0.282363079614586,0.296620088734434,0.314866900540575,0.320708715477206,0.32490681696171,0.325181023214766,0.307527955001876,0.308362495543394,0.293323926948871,0.314236242334216,0.446795339861892,1
