1,0.804629785754349,0.778051430665075,0.753966336080128,0.731358555736651,0.716247920432468,0.68594860210072,0.666000626810957,0.640377360166973,0.604757178126019,0.565446988079544,0.535348241911909,0.486570564827551,0.432171849869523,0.384914069613331,0.324450308185607,0.258953357123977,0.199794510173557,0.153706138404397,0.0903293375771189,0.0553337162219057,-0.0038412833010328,-0.0516444420387177,-0.0991254439805686,-0.174777475584691,-0.22424404030764,-0.282978953090396,-0.301223783046926,-0.32708244565325,-0.152583316372638,-0.116638277583546,0.0195024806870302
0.804629785754349,1,0.97226912006143,0.951097665923468,0.928035006249928,0.912099915706227,0.885866434276276,0.861815009708082,0.839062967340535,0.793925554987124,0.744150624817671,0.708757237125744,0.653383165064176,0.597760172921409,0.545122552811369,0.471330637778715,0.386875109184707,0.311090101659488,0.248530094779759,0.172500884924256,0.121943547748661,0.0471823327482295,-0.0162835630422086,-0.0815294566538444,-0.186174212352064,-0.251070674003083,-0.325510343634267,-0.360816741844798,-0.407244927751006,-0.214772433748312,-0.208776154535094,-0.0608350065921329
0.778051430665075,0.97226912006143,1,0.986810402341761,0.970125004975837,0.955005971690171,0.929798574198134,0.906813167771671,0.887706669246533,0.846960765307451,0.799332559019812,0.763887682275434,0.709894820544465,0.656173145687777,0.607534978307181,0.534518017990209,0.452530640099317,0.373633267924256,0.312154500674183,0.229971730214469,0.176493761746927,0.0986767183212831,0.032873372906616,-0.0388062881595296,-0.155115339471742,-0.223422546845627,-0.308422420484546,-0.351362783799277,-0.404488970145052,-0.212167264989121,-0.212024208192504,-0.0768631475575271
0.753966336080128,0.951097665923468,0.986810402341761,1,0.98952729910802,0.977264197044131,0.957208750047926,0.937474324331749,0.921740583879751,0.884873048404704,0.840849002989414,0.806880103250782,0.75530964500318,0.704716361120276,0.659048218103983,0.588637669576615,0.509085975828769,0.431232632573014,0.371115141575043,0.289118114767494,0.235417120200146,0.157347523963713,0.0909876943248454,0.0175055753131288,-0.10047231549735,-0.1717448103068,-0.26182866674189,-0.304224927612871,-0.359780177867015,-0.191250246252263,-0.198831761561161,-0.0675981627138509
0.731358555736651,0.928035006249928,0.970125004975837,0.98952729910802,1,0.992373108232409,0.975293085716587,0.957452432923777,0.946162538687644,0.914318123270909,0.875562591992739,0.845003677084531,0.79737484048501,0.750811956982103,0.709256084866567,0.643852025493514,0.567830162030377,0.491669938164198,0.435000237993736,0.352992843059083,0.299230701886558,0.220500779988935,0.154797314478855,0.0785702685127947,-0.0406931571556119,-0.114007395710928,-0.211802777866757,-0.259617919600085,-0.320607351451521,-0.174560626421627,-0.190879769641226,-0.0688823787513995
0.716247920432468,0.912099915706227,0.955005971690171,0.977264197044131,0.992373108232409,1,0.988021549459074,0.972127720458784,0.963337241154591,0.936810876975486,0.901306229416314,0.874567480808879,0.831429178434843,0.788621735093583,0.74884379588067,0.687304031992877,0.614730079150913,0.541581191994725,0.485927462761955,0.405412570989366,0.352024504312611,0.274320221965596,0.208571729501398,0.133000828487535,0.0146955691201885,-0.0582778699692139,-0.157954840938404,-0.208680759789003,-0.273760698662029,-0.152348542215445,-0.175191503014143,-0.0652408826429222
0.68594860210072,0.885866434276276,0.929798574198134,0.957208750047926,0.975293085716587,0.988021549459074,1,0.993137775020558,0.985987318953155,0.968350643900623,0.941066958528322,0.918516028637832,0.881738390068699,0.844321684621856,0.806211530132195,0.748532079688997,0.680649013280585,0.612834523708254,0.559295729486986,0.488708728792881,0.436745576204705,0.365548691270963,0.300692506961351,0.229595582518764,0.111547174656484,0.0376165360435764,-0.0558755311127379,-0.115141096312444,-0.180544418121662,-0.106438843357252,-0.13478225168587,-0.0525825627015015
0.666000626810957,0.861815009708082,0.906813167771671,0.937474324331749,0.957452432923777,0.972127720458784,0.993137775020558,1,0.994037804003514,0.981354209996296,0.959893695149306,0.939854673634943,0.907140728982379,0.872667191378414,0.836566465877394,0.78157370713197,0.717402382463997,0.653623004318118,0.60107053596912,0.536240320646844,0.486288166384493,0.419056627637361,0.35557069056893,0.28787031352778,0.171784076477488,0.0984302452269792,0.00775341882752682,-0.0519704679105307,-0.115825733738011,-0.0711312933402187,-0.105033020566968,-0.041809287518381
0.640377360166973,0.839062967340535,0.887706669246533,0.921740583879751,0.946162538687644,0.963337241154591,0.985987318953155,0.994037804003514,1,0.991419461967001,0.975078857053329,0.958767506820868,0.930174708792421,0.900154546736584,0.868868120135135,0.819182317152675,0.759086922169814,0.697496311598262,0.647413497754795,0.582522115291352,0.534189001950446,0.468397461091738,0.405861805677951,0.337284187618487,0.221685602877695,0.14807316958729,0.0518223498541862,-0.0117573736586105,-0.0794089419823608,-0.0526202396406673,-0.0965945719022092,-0.0412059988526194
0.604757178126019,0.793925554987124,0.846960765307451,0.884873048404704,0.914318123270909,0.936810876975486,0.968350643900623,0.981354209996296,0.991419461967001,1,0.991451101812136,0.979350618108556,0.957280312301681,0.932930378045736,0.90602364618513,0.861898900538665,0.80916733871453,0.753451306471978,0.706905529263632,0.647254256052853,0.600918423274333,0.539247377257871,0.479495098017157,0.414521261984431,0.302093703608384,0.230251939898388,0.136153165278731,0.0667661250379014,-0.00525532977669948,-0.015263754733431,-0.0659519710528897,-0.0317799006167778
0.565446988079544,0.744150624817671,0.799332559019812,0.840849002989414,0.875562591992739,0.901306229416314,0.941066958528322,0.959893695149306,0.975078857053329,0.991451101812136,1,0.994283754246565,0.980008662298796,0.962031989379115,0.94072978885165,0.904633738956124,0.85977533950233,0.811039566557447,0.768779498842808,0.715523119805053,0.673948463146753,0.616034222731387,0.560334946851869,0.499318651011396,0.39198918662785,0.322469957635712,0.227914387467674,0.157883476419834,0.0841227802840291,0.034809922981205,-0.0208941141589262,-0.0154937681376338
0.535348241911909,0.708757237125744,0.763887682275434,0.806880103250782,0.845003677084531,0.874567480808879,0.918516028637832,0.939854673634943,0.958767506820868,0.979350618108556,0.994283754246565,1,0.992612192387102,0.979308470685297,0.962014798411019,0.932085635931258,0.893068308001436,0.848881404763443,0.809369373462257,0.758574977691371,0.718958139275122,0.663324241752832,0.609637322072486,0.549996427285452,0.446944325017395,0.378948305734302,0.282845985299563,0.209693271115483,0.13493919738307,0.0591453751008072,-0.00230781491288227,-0.00849597133423511
0.486570564827551,0.653383165064176,0.709894820544465,0.75530964500318,0.79737484048501,0.831429178434843,0.881738390068699,0.907140728982379,0.930174708792421,0.957280312301681,0.980008662298796,0.992612192387102,1,0.993253998566375,0.980581854737104,0.958082596709763,0.926667311663009,0.890130194760142,0.854953087589592,0.809395975970969,0.773169751196714,0.721931584767833,0.67145928217698,0.615515470206519,0.518649380466235,0.453114535683022,0.358657252680118,0.28111323740649,0.207172191326473,0.097269995499117,0.0281831921129861,0.000474624600805131
0.432171849869523,0.597760172921409,0.656173145687777,0.704716361120276,0.750811956982103,0.788621735093583,0.844321684621856,0.872667191378414,0.900154546736584,0.932930378045736,0.962031989379115,0.979308470685297,0.993253998566375,1,0.993109487506406,0.978137770372598,0.953639832104743,0.923577745871729,0.892470166368901,0.85220857730493,0.819510245745117,0.772333434451176,0.72545167762919,0.672445097421923,0.580635467848447,0.517906538769525,0.424219478292701,0.343655681924742,0.268713106367256,0.130817407391087,0.0593025058476667,0.0066536534904386
0.384914069613331,0.545122552811369,0.607534978307181,0.659048218103983,0.709256084866567,0.74884379588067,0.806211530132195,0.836566465877394,0.868868120135135,0.90602364618513,0.94072978885165,0.962014798411019,0.980581854737104,0.993109487506406,1,0.991681003278122,0.973188339444905,0.947222540152937,0.921059004867892,0.883575993515471,0.853475268272655,0.808693211326023,0.764875034020331,0.712579619893683,0.622998778223767,0.562725169455428,0.467652463103953,0.387382222990884,0.311851110005863,0.14964870373356,0.0697349577448196,0.00946781196407889
0.324450308185607,0.471330637778715,0.534518017990209,0.588637669576615,0.643852025493514,0.687304031992877,0.748532079688997,0.78157370713197,0.819182317152675,0.861898900538665,0.904633738956124,0.932085635931258,0.958082596709763,0.978137770372598,0.991681003278122,1,0.991364578137089,0.973367553790478,0.953110207081376,0.921336090846095,0.896458117583893,0.856753976669337,0.818704951691389,0.769412697823334,0.687128277076638,0.630516254764303,0.535768940237505,0.453854646105974,0.379758819554505,0.186432998177433,0.0980037426840946,0.0229586386385847
0.258953357123977,0.386875109184707,0.452530640099317,0.509085975828769,0.567830162030377,0.614730079150913,0.680649013280585,0.717402382463997,0.759086922169814,0.80916733871453,0.85977533950233,0.893068308001436,0.926667311663009,0.953639832104743,0.973188339444905,0.991364578137089,1,0.992116340738453,0.978799917999946,0.953972654600068,0.933776956538759,0.900149741699302,0.866962625567888,0.824007592895978,0.751306374676715,0.699108968272341,0.609180732237991,0.527455221316689,0.454229538821417,0.225764862365514,0.128871210170772,0.0344952644747744
0.199794510173557,0.311090101659488,0.373633267924256,0.431232632573014,0.491669938164198,0.541581191994725,0.612834523708254,0.653623004318118,0.697496311598262,0.753451306471978,0.811039566557447,0.848881404763443,0.890130194760142,0.923577745871729,0.947222540152937,0.973367553790478,0.992116340738453,1,0.993077729812467,0.977341654088116,0.96174696548566,0.934793118872057,0.907113959943244,0.87092886362077,0.808014333709495,0.76086535088331,0.678128746117026,0.597323489514769,0.526953867841663,0.277442347667615,0.169409004055958,0.0484448461673595
0.153706138404397,0.248530094779759,0.312154500674183,0.371115141575043,0.435000237993736,0.485927462761955,0.559295729486986,0.60107053596912,0.647413497754795,0.706905529263632,0.768779498842808,0.809369373462257,0.854953087589592,0.892470166368901,0.921059004867892,0.953110207081376,0.978799917999946,0.993077729812467,1,0.989943283628914,0.978825172528099,0.955776522454587,0.93354521354011,0.900619067791619,0.843412144967216,0.800291532564149,0.719593001659532,0.640097618997155,0.571272465800559,0.307775808616952,0.200317801426279,0.0667964222953228
0.0903293375771189,0.172500884924256,0.229971730214469,0.289118114767494,0.352992843059083,0.405412570989366,0.488708728792881,0.536240320646844,0.582522115291352,0.647254256052853,0.715523119805053,0.758574977691371,0.809395975970969,0.85220857730493,0.883575993515471,0.921336090846095,0.953972654600068,0.977341654088116,0.989943283628914,1,0.994690253102051,0.981538634000707,0.964529019620947,0.939763262640808,0.891732023252148,0.854768144846342,0.78779928966669,0.713195339713814,0.649878591391307,0.354688867749159,0.245794114922802,0.0933484920008864
0.0553337162219057,0.121943547748661,0.176493761746927,0.235417120200146,0.299230701886558,0.352024504312611,0.436745576204705,0.486288166384493,0.534189001950446,0.600918423274333,0.673948463146753,0.718958139275122,0.773169751196714,0.819510245745117,0.853475268272655,0.896458117583893,0.933776956538759,0.96174696548566,0.978825172528099,0.994690253102051,1,0.992362922874367,0.980194987472465,0.960192066483123,0.91767598491696,0.88381238230493,0.820101084100831,0.747279173692017,0.687606445308548,0.37462531959703,0.266757075163984,0.103461766407038
-0.0038412833010328,0.0471823327482295,0.0986767183212831,0.157347523963713,0.220500779988935,0.274320221965596,0.365548691270963,0.419056627637361,0.468397461091738,0.539247377257871,0.616034222731387,0.663324241752832,0.721931584767833,0.772333434451176,0.808693211326023,0.856753976669337,0.900149741699302,0.934793118872057,0.955776522454587,0.981538634000707,0.992362922874367,1,0.99404943978689,0.981698721410861,0.947864560408662,0.919022543070453,0.865243829251698,0.792113546883179,0.738578245408655,0.403113158417134,0.299250263955141,0.118320250486475
-0.0516444420387177,-0.0162835630422086,0.032873372906616,0.0909876943248454,0.154797314478855,0.208571729501398,0.300692506961351,0.35557069056893,0.405861805677951,0.479495098017157,0.560334946851869,0.609637322072486,0.67145928217698,0.72545167762919,0.764875034020331,0.818704951691389,0.866962625567888,0.907113959943244,0.93354521354011,0.964529019620947,0.980194987472465,0.99404943978689,1,0.992217398857822,0.965711225062921,0.942182927727858,0.892663802068171,0.821353918745734,0.771998380318334,0.424705293307115,0.324718782748352,0.130152530596342
-0.0991254439805686,-0.0815294566538444,-0.0388062881595296,0.0175055753131288,0.0785702685127947,0.133000828487535,0.229595582518764,0.28787031352778,0.337284187618487,0.414521261984431,0.499318651011396,0.549996427285452,0.615515470206519,0.672445097421923,0.712579619893683,0.769412697823334,0.824007592895978,0.87092886362077,0.900619067791619,0.939763262640808,0.960192066483123,0.981698721410861,0.992217398857822,1,0.984579774924789,0.967708820371801,0.929326852081441,0.862622401667658,0.819338665234665,0.46290413072485,0.365456796632058,0.143769421159566
-0.174777475584691,-0.186174212352064,-0.155115339471742,-0.10047231549735,-0.0406931571556119,0.0146955691201885,0.111547174656484,0.171784076477488,0.221685602877695,0.302093703608384,0.39198918662785,0.446944325017395,0.518649380466235,0.580635467848447,0.622998778223767,0.687128277076638,0.751306374676715,0.808014333709495,0.843412144967216,0.891732023252148,0.91767598491696,0.947864560408662,0.965711225062921,0.984579774924789,1,0.993090221656523,0.968253743383247,0.917034205009657,0.879670805127723,0.50363000316178,0.404479835667838,0.157486332454855
-0.22424404030764,-0.251070674003083,-0.223422546845627,-0.1717448103068,-0.114007395710928,-0.0582778699692139,0.0376165360435764,0.0984302452269792,0.14807316958729,0.230251939898388,0.322469957635712,0.378948305734302,0.453114535683022,0.517906538769525,0.562725169455428,0.630516254764303,0.699108968272341,0.76086535088331,0.800291532564149,0.854768144846342,0.88381238230493,0.919022543070453,0.942182927727858,0.967708820371801,0.993090221656523,1,0.984147858770006,0.941505406377335,0.908479434099448,0.530426905371897,0.436938514115804,0.174296107927108
-0.282978953090396,-0.325510343634267,-0.308422420484546,-0.26182866674189,-0.211802777866757,-0.157954840938404,-0.0558755311127379,0.00775341882752682,0.0518223498541862,0.136153165278731,0.227914387467674,0.282845985299563,0.358657252680118,0.424219478292701,0.467652463103953,0.535768940237505,0.609180732237991,0.678128746117026,0.719593001659532,0.78779928966669,0.820101084100831,0.865243829251698,0.892663802068171,0.929326852081441,0.968253743383247,0.984147858770006,1,0.968548894265683,0.945139692551902,0.548697129801655,0.468896342259715,0.188465665489731
-0.301223783046926,-0.360816741844798,-0.351362783799277,-0.304224927612871,-0.259617919600085,-0.208680759789003,-0.115141096312444,-0.0519704679105307,-0.0117573736586105,0.0667661250379014,0.157883476419834,0.209693271115483,0.28111323740649,0.343655681924742,0.387382222990884,0.453854646105974,0.527455221316689,0.597323489514769,0.640097618997155,0.713195339713814,0.747279173692017,0.792113546883179,0.821353918745734,0.862622401667658,0.917034205009657,0.941505406377335,0.968548894265683,1,0.983682220503193,0.576294924587746,0.496746339839934,0.20572910879564
-0.32708244565325,-0.407244927751006,-0.404488970145052,-0.359780177867015,-0.320607351451521,-0.273760698662029,-0.180544418121662,-0.115825733738011,-0.0794089419823608,-0.00525532977669948,0.0841227802840291,0.13493919738307,0.207172191326473,0.268713106367256,0.311851110005863,0.379758819554505,0.454229538821417,0.526953867841663,0.571272465800559,0.649878591391307,0.687606445308548,0.738578245408655,0.771998380318334,0.819338665234665,0.879670805127723,0.908479434099448,0.945139692551902,0.983682220503193,1,0.603992472354178,0.54326814892779,0.231234693251689
-0.152583316372638,-0.214772433748312,-0.212167264989121,-0.191250246252263,-0.174560626421627,-0.152348542215445,-0.106438843357252,-0.0711312933402187,-0.0526202396406673,-0.015263754733431,0.034809922981205,0.0591453751008072,0.097269995499117,0.130817407391087,0.14964870373356,0.186432998177433,0.225764862365514,0.277442347667615,0.307775808616952,0.354688867749159,0.37462531959703,0.403113158417134,0.424705293307115,0.46290413072485,0.50363000316178,0.530426905371897,0.548697129801655,0.576294924587746,0.603992472354178,1,0.797494517813677,0.248346703133256
-0.116638277583546,-0.208776154535094,-0.212024208192504,-0.198831761561161,-0.190879769641226,-0.175191503014143,-0.13478225168587,-0.105033020566968,-0.0965945719022092,-0.0659519710528897,-0.0208941141589262,-0.00230781491288227,0.0281831921129861,0.0593025058476667,0.0697349577448196,0.0980037426840946,0.128871210170772,0.169409004055958,0.200317801426279,0.245794114922802,0.266757075163984,0.299250263955141,0.324718782748352,0.365456796632058,0.404479835667838,0.436938514115804,0.468896342259715,0.496746339839934,0.54326814892779,0.797494517813677,1,0.414602237941766
0.0195024806870302,-0.0608350065921329,-0.0768631475575271,-0.0675981627138509,-0.0688823787513995,-0.0652408826429222,-0.0525825627015015,-0.041809287518381,-0.0412059988526194,-0.0317799006167778,-0.0154937681376338,-0.00849597133423511,0.000474624600805131,0.0066536534904386,0.00946781196407889,0.0229586386385847,0.0344952644747744,0.0484448461673595,0.0667964222953228,0.0933484920008864,0.103461766407038,0.118320250486475,0.130152530596342,0.143769421159566,0.157486332454855,0.174296107927108,0.188465665489731,0.20572910879564,0.231234693251689,0.248346703133256,0.414602237941766,1
