1,0.775670741076704,0.751034805424438,0.729029558173268,0.711508903888725,0.691373351590292,0.679605636910088,0.65843301558063,0.629197359685941,0.609324983120236,0.573323667171397,0.543290848330846,0.514167231988714,0.458005799268797,0.43001118037122,0.377078489678692,0.324998133612238,0.287784024775222,0.255540691074797,0.21719130179387,0.168882833816971,0.0842700624095627,0.0341098361186617,0.00849177377486839,-0.0382477242055427,-0.080927844485904,-0.151892076501493,-0.208943005062951,-0.24059839466694,-0.14757822596593,-0.00645537874952049,0.0943730460624063
0.775670741076704,1,0.973002165145927,0.951905744885805,0.92687446594869,0.901481362943887,0.883658195749905,0.855496803293479,0.828977564430308,0.801619555996606,0.75238901268412,0.715643980705835,0.679210825878424,0.612934142467312,0.578339016079016,0.514851927731593,0.445805236975243,0.400051382909181,0.358602075635901,0.306308522008199,0.248771406305132,0.148711620460873,0.0851022323017189,0.0459634042161073,-0.0126179975861677,-0.078438579955968,-0.149015862370399,-0.217089408442093,-0.269081504883907,-0.184638503306464,-0.0469725620181634,0.0656939337679448
0.751034805424438,0.973002165145927,1,0.983082095741842,0.963660821354126,0.937848806039586,0.916371400022746,0.887456664175711,0.861427702340762,0.836265796135003,0.793308631058983,0.753581534024416,0.719860646702222,0.65456470534437,0.620375256332939,0.556440768807995,0.484735992251195,0.438609407065348,0.396035166257598,0.346825230382951,0.288160647156545,0.19466880919272,0.129449171768489,0.0907971059367469,0.0338407031641912,-0.034692446913298,-0.106455587038654,-0.175043339421448,-0.236331963277524,-0.170110295306988,-0.0320396442019544,0.0503928564085641
0.729029558173268,0.951905744885805,0.983082095741842,1,0.98743620063503,0.966243392567929,0.94680442560477,0.920214375772355,0.895186266716756,0.871818134286738,0.831512579762726,0.79601472843853,0.764200709823942,0.70378428950667,0.668637523557479,0.608422476522177,0.543848540237884,0.499063725418728,0.456543984045635,0.406641534299102,0.347239128688288,0.253129046224373,0.189492263913946,0.148721264646442,0.0904165417494013,0.0171718519355091,-0.052427857170479,-0.112273912778305,-0.180192164869363,-0.1507103059538,-0.0268145801295745,0.0517966313194474
0.711508903888725,0.92687446594869,0.963660821354126,0.98743620063503,1,0.984518592414129,0.967135003623839,0.943806819165132,0.922049078797637,0.90212212036298,0.868033923161492,0.834170787984088,0.804158005065544,0.748022023645633,0.715004132353672,0.657650289992526,0.597744274483335,0.554000229600631,0.511175878070265,0.461776497084176,0.401351990731898,0.311354251323012,0.249598196877252,0.209533365035828,0.150583509670756,0.0761435819711353,0.00336312226234191,-0.0571938321122333,-0.132728988764402,-0.136463348410546,-0.0197067577812778,0.0549529681037317
0.691373351590292,0.901481362943887,0.937848806039586,0.966243392567929,0.984518592414129,1,0.98978322867498,0.971159726069504,0.951376919398117,0.933735573042405,0.908192584168219,0.881186290937237,0.856100988665137,0.804818698828685,0.774544844768757,0.723143850373235,0.66641646124655,0.624266579949776,0.582258505760006,0.533639310719183,0.47314971231503,0.38165419036582,0.322459897757171,0.283254412003344,0.224409231870679,0.152136462178159,0.0759371154835225,0.0137054701551861,-0.0700398288433397,-0.113325378046857,-0.0157900500539699,0.0485201929274487
0.679605636910088,0.883658195749905,0.916371400022746,0.94680442560477,0.967135003623839,0.98978322867498,1,0.989933020962096,0.975741077795481,0.961048203975513,0.938237870588132,0.914625837071967,0.891873661165491,0.846051781794019,0.818204660403466,0.769455083480388,0.717833037295559,0.678499810594964,0.638736037328928,0.591264834042454,0.531380366239333,0.441217290965875,0.382839002002841,0.343750020378211,0.283533027805515,0.211711859491145,0.135662817814993,0.0711582099988473,-0.0127256280491301,-0.0839055518500106,-0.00452710036573537,0.0464201945788199
0.65843301558063,0.855496803293479,0.887456664175711,0.920214375772355,0.943806819165132,0.971159726069504,0.989933020962096,1,0.989531716614384,0.97773769960519,0.959115993122546,0.939759492211024,0.919511802788352,0.879481533778056,0.854937471316857,0.810407117675759,0.763450776535398,0.725847034233954,0.687533023054356,0.642511566115418,0.586016032471361,0.500473635740105,0.443643405617781,0.405225422967444,0.347436004409735,0.278314022897358,0.203050869794998,0.135823546696222,0.045025659944967,-0.0596685670711781,0.000149449931708334,0.0387876292839472
0.629197359685941,0.828977564430308,0.861427702340762,0.895186266716756,0.922049078797637,0.951376919398117,0.975741077795481,0.989531716614384,1,0.992919013082891,0.976672017940717,0.960852818122645,0.942157084310321,0.908742124620441,0.885958096514261,0.846514188401748,0.803662379262493,0.767824489315472,0.73112870207067,0.688731443794433,0.637639733518044,0.55647609299433,0.501728478143878,0.462949261500556,0.404834496254981,0.333788169159928,0.262563109715133,0.195760574889455,0.0993556439983253,-0.0298971715703177,0.015752900862525,0.0445639834199763
0.609324983120236,0.801619555996606,0.836265796135003,0.871818134286738,0.90212212036298,0.933735573042405,0.961048203975513,0.97773769960519,0.992919013082891,1,0.98859567771107,0.975641557998353,0.960012413989621,0.930395481510628,0.910540156398561,0.874820848480637,0.835829002846576,0.801750315860641,0.766863475047602,0.726082938380797,0.678029555138654,0.600809421083942,0.546921499777968,0.509134078040559,0.453037367993783,0.384845002009238,0.313818282412501,0.246994906641976,0.147457516830288,-0.00735229582611323,0.0247390091326178,0.0473111033677844
0.573323667171397,0.75238901268412,0.793308631058983,0.831512579762726,0.868033923161492,0.908192584168219,0.938237870588132,0.959115993122546,0.976672017940717,0.98859567771107,1,0.991114362080041,0.979464234741423,0.955366556025841,0.938127924397973,0.906037091165454,0.869046331834185,0.836981126869684,0.805537238515682,0.768038257016187,0.721556786453276,0.650157023525994,0.599544571414998,0.563025685848626,0.508311827409408,0.443069835912971,0.369885825529711,0.300839956811647,0.193955525591675,0.00842155082735387,0.0305695588491016,0.0537581661512672
0.543290848330846,0.715643980705835,0.753581534024416,0.79601472843853,0.834170787984088,0.881186290937237,0.914625837071967,0.939759492211024,0.960852818122645,0.975641557998353,0.991114362080041,1,0.993249345128669,0.974344160745256,0.958538960285611,0.931361800830455,0.900018912295112,0.871089729084275,0.840766892431405,0.805905645388054,0.763134061223686,0.693055312512183,0.645142443838216,0.60897570127289,0.556511515100444,0.492643320383468,0.421078268252568,0.354995760288464,0.244863528564086,0.034443356848714,0.0361441063755746,0.048983485065682
0.514167231988714,0.679210825878424,0.719860646702222,0.764200709823942,0.804158005065544,0.856100988665137,0.891873661165491,0.919511802788352,0.942157084310321,0.960012413989621,0.979464234741423,0.993249345128669,1,0.987887228070794,0.97528138781238,0.951225458530825,0.923302773197159,0.897506322385905,0.869731270918058,0.838369834359245,0.796727130375842,0.729914513584358,0.682941824909389,0.64723544378572,0.596530782103575,0.535652212194254,0.463227208937352,0.396406554253843,0.284979054103098,0.0580227669377415,0.0455552971402001,0.0505031137286691
0.458005799268797,0.612934142467312,0.65456470534437,0.70378428950667,0.748022023645633,0.804818698828685,0.846051781794019,0.879481533778056,0.908742124620441,0.930395481510628,0.955366556025841,0.974344160745256,0.987887228070794,1,0.993054683940871,0.976277268475938,0.954150743505292,0.932777896203093,0.909180577041827,0.882054801480514,0.846666300091355,0.790312825943511,0.747925738111647,0.714104680935711,0.666131713002584,0.609447967933921,0.542046548384925,0.476230734851155,0.366352761946955,0.0995233095564806,0.059660025958602,0.05134330175909
0.43001118037122,0.578339016079016,0.620375256332939,0.668637523557479,0.715004132353672,0.774544844768757,0.818204660403466,0.854937471316857,0.885958096514261,0.910540156398561,0.938127924397973,0.958538960285611,0.97528138781238,0.993054683940871,1,0.989394975456497,0.970206266935529,0.952059347143791,0.93175449913438,0.906620847322032,0.875399743898896,0.823296322022532,0.782768347756743,0.750673469440957,0.704295275074055,0.650731582713044,0.582953858750287,0.515450324030978,0.404545708272533,0.117508943809815,0.0645939453607726,0.0447353455959877
0.377078489678692,0.514851927731593,0.556440768807995,0.608422476522177,0.657650289992526,0.723143850373235,0.769455083480388,0.810407117675759,0.846514188401748,0.874820848480637,0.906037091165454,0.931361800830455,0.951225458530825,0.976277268475938,0.989394975456497,1,0.988725379890694,0.975493393216419,0.959001440590131,0.93795585749238,0.912384421961929,0.866694372206253,0.831457466019098,0.801146765330285,0.758278361593227,0.708386727573328,0.646135435466747,0.584089352500866,0.473759687695436,0.161760731037546,0.0793925801888516,0.0418661984069499
0.324998133612238,0.445805236975243,0.484735992251195,0.543848540237884,0.597744274483335,0.66641646124655,0.717833037295559,0.763450776535398,0.803662379262493,0.835829002846576,0.869046331834185,0.900018912295112,0.923302773197159,0.954150743505292,0.970206266935529,0.988725379890694,1,0.992470734042929,0.97875072617391,0.963162723756072,0.941049408318656,0.898730868193484,0.867815519679128,0.838821033474974,0.798887013278607,0.752078250852747,0.695224651012425,0.640765266372295,0.53230662531076,0.190214689781862,0.0862493343170889,0.0302823714653619
0.287784024775222,0.400051382909181,0.438609407065348,0.499063725418728,0.554000229600631,0.624266579949776,0.678499810594964,0.725847034233954,0.767824489315472,0.801750315860641,0.836981126869684,0.871089729084275,0.897506322385905,0.932777896203093,0.952059347143791,0.975493393216419,0.992470734042929,1,0.992114546015118,0.980425612982683,0.961917504537365,0.923629881634904,0.896938221707656,0.870006311541718,0.832305091665213,0.789157375724121,0.734266600059927,0.681219837670769,0.572119440157098,0.214742902415909,0.0921677738855345,0.019038155592899
0.255540691074797,0.358602075635901,0.396035166257598,0.456543984045635,0.511175878070265,0.582258505760006,0.638736037328928,0.687533023054356,0.73112870207067,0.766863475047602,0.805537238515682,0.840766892431405,0.869731270918058,0.909180577041827,0.93175449913438,0.959001440590131,0.97875072617391,0.992114546015118,1,0.992033139920879,0.977825461425102,0.9444032123813,0.920656260187819,0.896738592311948,0.860932592850223,0.821252742540507,0.769013656867297,0.715846622143552,0.608789987409289,0.241896412172807,0.100376682644652,0.0195281055752763
0.21719130179387,0.306308522008199,0.346825230382951,0.406641534299102,0.461776497084176,0.533639310719183,0.591264834042454,0.642511566115418,0.688731443794433,0.726082938380797,0.768038257016187,0.805905645388054,0.838369834359245,0.882054801480514,0.906620847322032,0.93795585749238,0.963162723756072,0.980425612982683,0.992033139920879,1,0.991035745046943,0.963910427031572,0.943856959519597,0.92219016990561,0.889202822895365,0.852579106654529,0.80340396438172,0.75175143663051,0.647200323649984,0.26446337228781,0.114501537240066,0.0195459307226603
0.168882833816971,0.248771406305132,0.288160647156545,0.347239128688288,0.401351990731898,0.47314971231503,0.531380366239333,0.586016032471361,0.637639733518044,0.678029555138654,0.721556786453276,0.763134061223686,0.796727130375842,0.846666300091355,0.875399743898896,0.912384421961929,0.941049408318656,0.961917504537365,0.977825461425102,0.991035745046943,1,0.983636861041648,0.967247553503174,0.948285579413857,0.920324755506778,0.887898596541613,0.845387405302528,0.795299031523231,0.692612585132459,0.292684641214505,0.119828932283572,0.0208993094818163
0.0842700624095627,0.148711620460873,0.19466880919272,0.253129046224373,0.311354251323012,0.38165419036582,0.441217290965875,0.500473635740105,0.55647609299433,0.600809421083942,0.650157023525994,0.693055312512183,0.729914513584358,0.790312825943511,0.823296322022532,0.866694372206253,0.898730868193484,0.923629881634904,0.9444032123813,0.963910427031572,0.983636861041648,1,0.991404745501702,0.977836662222824,0.957530584594932,0.931092435620134,0.897820722105076,0.851056712796823,0.757332176436791,0.340880071904659,0.138255696785412,0.0223419898325659
0.0341098361186617,0.0851022323017189,0.129449171768489,0.189492263913946,0.249598196877252,0.322459897757171,0.382839002002841,0.443643405617781,0.501728478143878,0.546921499777968,0.599544571414998,0.645142443838216,0.682941824909389,0.747925738111647,0.782768347756743,0.831457466019098,0.867815519679128,0.896938221707656,0.920656260187819,0.943856959519597,0.967247553503174,0.991404745501702,1,0.991105498032772,0.973678874517198,0.951134569937156,0.9213480500463,0.881235193523971,0.791087629092824,0.36193660113037,0.151056040206832,0.0292200381417394
0.00849177377486839,0.0459634042161073,0.0907971059367469,0.148721264646442,0.209533365035828,0.283254412003344,0.343750020378211,0.405225422967444,0.462949261500556,0.509134078040559,0.563025685848626,0.60897570127289,0.64723544378572,0.714104680935711,0.750673469440957,0.801146765330285,0.838821033474974,0.870006311541718,0.896738592311948,0.92219016990561,0.948285579413857,0.977836662222824,0.991105498032772,1,0.989098163669064,0.970854110920147,0.942578887599189,0.904627305959782,0.817135973100277,0.381787961487123,0.165974989674579,0.0295802054936351
-0.0382477242055427,-0.0126179975861677,0.0338407031641912,0.0904165417494013,0.150583509670756,0.224409231870679,0.283533027805515,0.347436004409735,0.404834496254981,0.453037367993783,0.508311827409408,0.556511515100444,0.596530782103575,0.666131713002584,0.704295275074055,0.758278361593227,0.798887013278607,0.832305091665213,0.860932592850223,0.889202822895365,0.920324755506778,0.957530584594932,0.973678874517198,0.989098163669064,1,0.986326868957643,0.964061432662719,0.92758546153376,0.842062039753895,0.401656234791448,0.175505268250585,0.0261628688073175
-0.080927844485904,-0.078438579955968,-0.034692446913298,0.0171718519355091,0.0761435819711353,0.152136462178159,0.211711859491145,0.278314022897358,0.333788169159928,0.384845002009238,0.443069835912971,0.492643320383468,0.535652212194254,0.609447967933921,0.650731582713044,0.708386727573328,0.752078250852747,0.789157375724121,0.821252742540507,0.852579106654529,0.887898596541613,0.931092435620134,0.951134569937156,0.970854110920147,0.986326868957643,1,0.980995979768559,0.942321871132811,0.86137723321733,0.417059675747603,0.185506199173137,0.0433705403346129
-0.151892076501493,-0.149015862370399,-0.106455587038654,-0.052427857170479,0.00336312226234191,0.0759371154835225,0.135662817814993,0.203050869794998,0.262563109715133,0.313818282412501,0.369885825529711,0.421078268252568,0.463227208937352,0.542046548384925,0.582953858750287,0.646135435466747,0.695224651012425,0.734266600059927,0.769013656867297,0.80340396438172,0.845387405302528,0.897820722105076,0.9213480500463,0.942578887599189,0.964061432662719,0.980995979768559,1,0.977071006530211,0.902516019845845,0.450528312831093,0.202049230401181,0.0402085301913556
-0.208943005062951,-0.217089408442093,-0.175043339421448,-0.112273912778305,-0.0571938321122333,0.0137054701551861,0.0711582099988473,0.135823546696222,0.195760574889455,0.246994906641976,0.300839956811647,0.354995760288464,0.396406554253843,0.476230734851155,0.515450324030978,0.584089352500866,0.640765266372295,0.681219837670769,0.715846622143552,0.75175143663051,0.795299031523231,0.851056712796823,0.881235193523971,0.904627305959782,0.92758546153376,0.942321871132811,0.977071006530211,1,0.938791399912943,0.490347357586667,0.245965061111039,0.0505448486956985
-0.24059839466694,-0.269081504883907,-0.236331963277524,-0.180192164869363,-0.132728988764402,-0.0700398288433397,-0.0127256280491301,0.045025659944967,0.0993556439983253,0.147457516830288,0.193955525591675,0.244863528564086,0.284979054103098,0.366352761946955,0.404545708272533,0.473759687695436,0.53230662531076,0.572119440157098,0.608789987409289,0.647200323649984,0.692612585132459,0.757332176436791,0.791087629092824,0.817135973100277,0.842062039753895,0.86137723321733,0.902516019845845,0.938791399912943,1,0.614211362459214,0.338066960459746,0.083553327701665
-0.14757822596593,-0.184638503306464,-0.170110295306988,-0.1507103059538,-0.136463348410546,-0.113325378046857,-0.0839055518500106,-0.0596685670711781,-0.0298971715703177,-0.00735229582611323,0.00842155082735387,0.034443356848714,0.0580227669377415,0.0995233095564806,0.117508943809815,0.161760731037546,0.190214689781862,0.214742902415909,0.241896412172807,0.26446337228781,0.292684641214505,0.340880071904659,0.36193660113037,0.381787961487123,0.401656234791448,0.417059675747603,0.450528312831093,0.490347357586667,0.614211362459214,1,0.560074102600676,0.149073729916091
-0.00645537874952049,-0.0469725620181634,-0.0320396442019544,-0.0268145801295745,-0.0197067577812778,-0.0157900500539699,-0.00452710036573537,0.000149449931708334,0.015752900862525,0.0247390091326178,0.0305695588491016,0.0361441063755746,0.0455552971402001,0.059660025958602,0.0645939453607726,0.0793925801888516,0.0862493343170889,0.0921677738855345,0.100376682644652,0.114501537240066,0.119828932283572,0.138255696785412,0.151056040206832,0.165974989674579,0.175505268250585,0.185506199173137,0.202049230401181,0.245965061111039,0.338066960459746,0.560074102600676,1,0.373227077765593
0.0943730460624063,0.0656939337679448,0.0503928564085641,0.0517966313194474,0.0549529681037317,0.0485201929274487,0.0464201945788199,0.0387876292839472,0.0445639834199763,0.0473111033677844,0.0537581661512672,0.048983485065682,0.0505031137286691,0.05134330175909,0.0447353455959877,0.0418661984069499,0.0302823714653619,0.019038155592899,0.0195281055752763,0.0195459307226603,0.0208993094818163,0.0223419898325659,0.0292200381417394,0.0295802054936351,0.0261628688073175,0.0433705403346129,0.0402085301913556,0.0505448486956985,0.083553327701665,0.149073729916091,0.373227077765593,1
