1,0.827323689657944,0.753345550338059,0.71293271662849,0.685161204787136,0.661402235792579,0.639912550343171,0.628280338786429,0.607721037158084,0.590968223990617,0.571194649500496,0.557227159802643,0.54272737475905,0.521926773406485,0.507048619048712,0.498231000615846,0.482010307389373,0.471331575709987,0.45912069145058,0.445358289732758,0.427417851497823,0.413002793870014,0.398017794457389,0.393494180834475,0.367179094314945,0.335562093051512,0.30190410960937,0.272360996318459,0.237520993261802,0.150851278465437,0.128968998985701,-0.0130408904941661
0.827323689657944,1,0.952152124084491,0.923704565205381,0.906795509837312,0.891909307143536,0.877060621006038,0.865287970053894,0.848047525325546,0.83371091635724,0.817616797235316,0.806970951281109,0.795458771918617,0.775757682803549,0.764072431357597,0.755467744526186,0.740793153571999,0.728833240978426,0.71769431010078,0.704116221413263,0.690315675658683,0.675707714671592,0.660744870263583,0.651822887874772,0.626017575977344,0.587847475831444,0.553798612549435,0.519002801861896,0.45816957590769,0.311414366885307,0.223518662054686,0.015237807360099
0.753345550338059,0.952152124084491,1,0.979525943479332,0.966762483363259,0.955034269852396,0.942314501402938,0.934543548842344,0.922547433993134,0.911309154916533,0.897772140185655,0.887927663181768,0.878976087027557,0.863585326237509,0.853124757853585,0.84519288561973,0.83304465467484,0.823320033504989,0.814026204118059,0.802681570023646,0.789652502498945,0.775928787020205,0.763130921137823,0.752886608999591,0.72971240928003,0.695751170718637,0.664149753980645,0.626441174867998,0.559604863513466,0.387498362600306,0.262830606593952,0.0421272431838094
0.71293271662849,0.923704565205381,0.979525943479332,1,0.988709769668667,0.979668985920608,0.968009444938339,0.960099349056525,0.951018714747713,0.942310168483751,0.931312679061777,0.92205513121584,0.9136973869586,0.900930065730706,0.890604143240257,0.883991634035501,0.87305221855516,0.864315978407929,0.856413622032174,0.846211320279609,0.835015256588275,0.823602222858332,0.812832755212183,0.803939388651634,0.781629075525398,0.749804530968438,0.719572502475788,0.683086026655275,0.615880528739178,0.438426807546793,0.303382560624907,0.0730072490131532
0.685161204787136,0.906795509837312,0.966762483363259,0.988709769668667,1,0.992043370006336,0.982582591455702,0.976079869958797,0.967286443088746,0.958290615564466,0.948324733299176,0.93916480204557,0.931495960608355,0.920233594386066,0.910939993726176,0.904983452767663,0.894966145233741,0.886818027570812,0.880388052434325,0.871010818013635,0.860653422715304,0.849457481261591,0.839376553664989,0.830375895074175,0.809809718267639,0.779874716300258,0.751648372253556,0.715532708718727,0.650695320697989,0.472345998134012,0.329221495136396,0.0921349517176047
0.661402235792579,0.891909307143536,0.955034269852396,0.979668985920608,0.992043370006336,1,0.993056501352308,0.985609908818794,0.97774860639409,0.969013547388607,0.959495613780174,0.950350603546091,0.942655281401994,0.932348175511537,0.92349161793085,0.917673039239001,0.90871192821177,0.90100886761006,0.894740360213701,0.885761793687552,0.876075727284763,0.865780078349987,0.855441163323396,0.847803782444225,0.828563685155194,0.799244259200782,0.77180905348519,0.736178072646548,0.672161129506275,0.497989125842172,0.351753447898859,0.1096523054509
0.639912550343171,0.877060621006038,0.942314501402938,0.968009444938339,0.982582591455702,0.993056501352308,1,0.994151524001823,0.987587410229801,0.979577212784727,0.971375823024694,0.963000897112223,0.955870099306656,0.946490329618414,0.937795953480592,0.931354473041628,0.923302848533805,0.915941259232676,0.910248797022643,0.901840788225625,0.893541484633326,0.884467713782425,0.87479240520737,0.867429886192582,0.849821014774118,0.821693556655662,0.795322330791583,0.761593998468902,0.699582175284537,0.528582129058971,0.374026961241463,0.123558960129364
0.628280338786429,0.865287970053894,0.934543548842344,0.960099349056525,0.976079869958797,0.985609908818794,0.994151524001823,1,0.995153895889592,0.988083025782765,0.980806944216194,0.972947620901477,0.966166028856832,0.957788257688883,0.950290968769939,0.944108357131534,0.936515586407711,0.929085146100105,0.924014624657148,0.91579443270141,0.90752675067046,0.898778727776091,0.889820713321291,0.882554839189411,0.865557527136119,0.839161489863309,0.812876071690446,0.779182033720893,0.719485436121528,0.552229122753618,0.387159869258836,0.126703917098748
0.607721037158084,0.848047525325546,0.922547433993134,0.951018714747713,0.967286443088746,0.97774860639409,0.987587410229801,0.995153895889592,1,0.995567273942414,0.98965478682383,0.982305732975949,0.975659171270561,0.967603387741222,0.960629029235857,0.954982828977592,0.948750022927116,0.942129679145152,0.937601647448009,0.929704940617385,0.922081457092675,0.913916126133903,0.905631236081074,0.89891314897666,0.883254760054902,0.858157190479002,0.832862004704338,0.80021101042924,0.740475583285576,0.571282672339704,0.401244879951948,0.138142685354876
0.590968223990617,0.83371091635724,0.911309154916533,0.942310168483751,0.958290615564466,0.969013547388607,0.979577212784727,0.988083025782765,0.995567273942414,1,0.995850672647276,0.989978737861142,0.984084967906014,0.977001954053357,0.970541370798319,0.965462011140528,0.959884183476083,0.953988548414863,0.949615992504417,0.942465843572447,0.935636724623976,0.928029013102619,0.920308868740148,0.914082270761126,0.899149732652736,0.87508921395579,0.850278062100073,0.817954468628773,0.759929889843207,0.59111682913736,0.419561694453939,0.148041471193475
0.571194649500496,0.817616797235316,0.897772140185655,0.931312679061777,0.948324733299176,0.959495613780174,0.971375823024694,0.980806944216194,0.98965478682383,0.995850672647276,1,0.996479138238426,0.991753635557454,0.98587021188406,0.979741830818792,0.974936813871892,0.969993418619401,0.964742819819415,0.960730769607721,0.953970874913066,0.947394317547466,0.940229737345803,0.933434689626994,0.92762796817923,0.913794772003475,0.891285187638365,0.867420388167122,0.835886985919348,0.780212382864911,0.610231572452456,0.435615943595329,0.158866550952745
0.557227159802643,0.806970951281109,0.887927663181768,0.92205513121584,0.93916480204557,0.950350603546091,0.963000897112223,0.972947620901477,0.982305732975949,0.989978737861142,0.996479138238426,1,0.996808312392975,0.992123239363012,0.986571030880357,0.981941139993354,0.977332723998363,0.972531294667786,0.968445639145453,0.962139770424331,0.955501420819679,0.948442963112333,0.941921439241422,0.936207230477821,0.922775457122308,0.901580956541823,0.878255193334921,0.846951037834279,0.792523699832925,0.623696321745148,0.442174699100666,0.165416237278713
0.54272737475905,0.795458771918617,0.878976087027557,0.9136973869586,0.931495960608355,0.942655281401994,0.955870099306656,0.966166028856832,0.975659171270561,0.984084967906014,0.991753635557454,0.996808312392975,1,0.996771059052497,0.991943254635483,0.987364170778551,0.983120625753554,0.978543716303316,0.974814455722036,0.969004526804896,0.962425087783952,0.955458791906818,0.949176404696303,0.943654309643422,0.930928193361625,0.910361158900047,0.887575866640191,0.857397012064873,0.804008413233802,0.634723653187274,0.450446782902424,0.174884774375378
0.521926773406485,0.775757682803549,0.863585326237509,0.900930065730706,0.920233594386066,0.932348175511537,0.946490329618414,0.957788257688883,0.967603387741222,0.977001954053357,0.98587021188406,0.992123239363012,0.996771059052497,1,0.996989076784255,0.993511777445678,0.989704901524235,0.985679213550294,0.982289423514363,0.977132463198605,0.970916449108069,0.964764343655273,0.958824286834806,0.953364992041697,0.941361356825649,0.922798182909147,0.901336647569098,0.872865203971438,0.821701198014182,0.657389642191442,0.463873060462878,0.183198991949566
0.507048619048712,0.764072431357597,0.853124757853585,0.890604143240257,0.910939993726176,0.92349161793085,0.937795953480592,0.950290968769939,0.960629029235857,0.970541370798319,0.979741830818792,0.986571030880357,0.991943254635483,0.996989076784255,1,0.997641184118689,0.994453283958931,0.990549124204356,0.986972026839955,0.981935765503625,0.976331471354356,0.970751550047016,0.964906761480061,0.959671417942605,0.947977677544194,0.930966194778453,0.910616426953701,0.882981448125162,0.831748839053603,0.671149956136426,0.473395064844614,0.18806953049723
0.498231000615846,0.755467744526186,0.84519288561973,0.883991634035501,0.904983452767663,0.917673039239001,0.931354473041628,0.944108357131534,0.954982828977592,0.965462011140528,0.974936813871892,0.981941139993354,0.987364170778551,0.993511777445678,0.997641184118689,1,0.997787964948,0.994226032260732,0.990957088700139,0.986258579807919,0.980929474488285,0.975657293076288,0.969929343657308,0.964797746459453,0.953470825723654,0.936631364465483,0.916476856323043,0.889523256610531,0.838417808089964,0.677711641267405,0.474057200437303,0.186201949014676
0.482010307389373,0.740793153571999,0.83304465467484,0.87305221855516,0.894966145233741,0.90871192821177,0.923302848533805,0.936515586407711,0.948750022927116,0.959884183476083,0.969993418619401,0.977332723998363,0.983120625753554,0.989704901524235,0.994453283958931,0.997787964948,1,0.997412750388238,0.994669346813151,0.990295990513868,0.985622235967138,0.981046236101545,0.97555667955211,0.970533937100991,0.960162908093717,0.944424797354701,0.926392060303514,0.90018091823974,0.849641332133851,0.690773743278287,0.483475721466574,0.191284107815587
0.471331575709987,0.728833240978426,0.823320033504989,0.864315978407929,0.886818027570812,0.90100886761006,0.915941259232676,0.929085146100105,0.942129679145152,0.953988548414863,0.964742819819415,0.972531294667786,0.978543716303316,0.985679213550294,0.990549124204356,0.994226032260732,0.997412750388238,1,0.997705374977026,0.994006801480054,0.989600009163882,0.985834733498723,0.980811226580168,0.976128762551875,0.966692083997506,0.951500475783972,0.93397791875187,0.908361685279424,0.859501843474984,0.701288278286778,0.49358630881928,0.202163195117572
0.45912069145058,0.71769431010078,0.814026204118059,0.856413622032174,0.880388052434325,0.894740360213701,0.910248797022643,0.924014624657148,0.937601647448009,0.949615992504417,0.960730769607721,0.968445639145453,0.974814455722036,0.982289423514363,0.986972026839955,0.990957088700139,0.994669346813151,0.997705374977026,1,0.997511783843703,0.993888640867028,0.990464388043605,0.98596661686678,0.981441214497861,0.972894434731389,0.958118393315919,0.941248413486877,0.915408609597543,0.867456565427767,0.710550194896892,0.499087032722469,0.212023060256536
0.445358289732758,0.704116221413263,0.802681570023646,0.846211320279609,0.871010818013635,0.885761793687552,0.901840788225625,0.91579443270141,0.929704940617385,0.942465843572447,0.953970874913066,0.962139770424331,0.969004526804896,0.977132463198605,0.981935765503625,0.986258579807919,0.990295990513868,0.994006801480054,0.997511783843703,1,0.997306093602503,0.994278907804892,0.990089089007474,0.985645471765501,0.977653278715725,0.96385865039666,0.947558136289908,0.923176921604134,0.877357054160185,0.723054098962322,0.513529213396771,0.226645045024247
0.427417851497823,0.690315675658683,0.789652502498945,0.835015256588275,0.860653422715304,0.876075727284763,0.893541484633326,0.90752675067046,0.922081457092675,0.935636724623976,0.947394317547466,0.955501420819679,0.962425087783952,0.970916449108069,0.976331471354356,0.980929474488285,0.985622235967138,0.989600009163882,0.993888640867028,0.997306093602503,1,0.997527256680875,0.993653233021407,0.989851283958743,0.982638732881438,0.968927457785883,0.953594710171312,0.93029936600268,0.885632094871835,0.73190100691636,0.521558621785677,0.235883460272283
0.413002793870014,0.675707714671592,0.775928787020205,0.823602222858332,0.849457481261591,0.865780078349987,0.884467713782425,0.898778727776091,0.913916126133903,0.928029013102619,0.940229737345803,0.948442963112333,0.955458791906818,0.964764343655273,0.970751550047016,0.975657293076288,0.981046236101545,0.985834733498723,0.990464388043605,0.994278907804892,0.997527256680875,1,0.996740414949704,0.993253834832447,0.987228556728687,0.975110922293072,0.960909956868933,0.938266046621643,0.896009884651305,0.749219004854094,0.534068023106562,0.24616469138407
0.398017794457389,0.660744870263583,0.763130921137823,0.812832755212183,0.839376553664989,0.855441163323396,0.87479240520737,0.889820713321291,0.905631236081074,0.920308868740148,0.933434689626994,0.941921439241422,0.949176404696303,0.958824286834806,0.964906761480061,0.969929343657308,0.97555667955211,0.980811226580168,0.98596661686678,0.990089089007474,0.993653233021407,0.996740414949704,1,0.996836508312327,0.991336097545495,0.980270828584187,0.967884611827109,0.947140172885684,0.905952779630776,0.757659162485546,0.542497415765211,0.257645662328503
0.393494180834475,0.651822887874772,0.752886608999591,0.803939388651634,0.830375895074175,0.847803782444225,0.867429886192582,0.882554839189411,0.89891314897666,0.914082270761126,0.92762796817923,0.936207230477821,0.943654309643422,0.953364992041697,0.959671417942605,0.964797746459453,0.970533937100991,0.976128762551875,0.981441214497861,0.985645471765501,0.989851283958743,0.993253834832447,0.996836508312327,1,0.99567560568775,0.985401654399537,0.973671364291521,0.954562085465911,0.915198610095491,0.770279763846823,0.555861005609582,0.26607530438533
0.367179094314945,0.626017575977344,0.72971240928003,0.781629075525398,0.809809718267639,0.828563685155194,0.849821014774118,0.865557527136119,0.883254760054902,0.899149732652736,0.913794772003475,0.922775457122308,0.930928193361625,0.941361356825649,0.947977677544194,0.953470825723654,0.960162908093717,0.966692083997506,0.972894434731389,0.977653278715725,0.982638732881438,0.987228556728687,0.991336097545495,0.99567560568775,1,0.992503690118118,0.982298956384442,0.964687608996197,0.928065752421856,0.788898513990068,0.571736296521916,0.281088182957162
0.335562093051512,0.587847475831444,0.695751170718637,0.749804530968438,0.779874716300258,0.799244259200782,0.821693556655662,0.839161489863309,0.858157190479002,0.87508921395579,0.891285187638365,0.901580956541823,0.910361158900047,0.922798182909147,0.930966194778453,0.936631364465483,0.944424797354701,0.951500475783972,0.958118393315919,0.96385865039666,0.968927457785883,0.975110922293072,0.980270828584187,0.985401654399537,0.992503690118118,1,0.991760422383715,0.977478749793518,0.944473449231135,0.813835900251554,0.593844677745962,0.291650079606606
0.30190410960937,0.553798612549435,0.664149753980645,0.719572502475788,0.751648372253556,0.77180905348519,0.795322330791583,0.812876071690446,0.832862004704338,0.850278062100073,0.867420388167122,0.878255193334921,0.887575866640191,0.901336647569098,0.910616426953701,0.916476856323043,0.926392060303514,0.93397791875187,0.941248413486877,0.947558136289908,0.953594710171312,0.960909956868933,0.967884611827109,0.973671364291521,0.982298956384442,0.991760422383715,1,0.989183913163914,0.95702759461942,0.830780745504473,0.608528711211806,0.302713833973606
0.272360996318459,0.519002801861896,0.626441174867998,0.683086026655275,0.715532708718727,0.736178072646548,0.761593998468902,0.779182033720893,0.80021101042924,0.817954468628773,0.835886985919348,0.846951037834279,0.857397012064873,0.872865203971438,0.882981448125162,0.889523256610531,0.90018091823974,0.908361685279424,0.915408609597543,0.923176921604134,0.93029936600268,0.938266046621643,0.947140172885684,0.954562085465911,0.964687608996197,0.977478749793518,0.989183913163914,1,0.974322438194132,0.854327216943499,0.643578092311498,0.329807222450831
0.237520993261802,0.45816957590769,0.559604863513466,0.615880528739178,0.650695320697989,0.672161129506275,0.699582175284537,0.719485436121528,0.740475583285576,0.759929889843207,0.780212382864911,0.792523699832925,0.804008413233802,0.821701198014182,0.831748839053603,0.838417808089964,0.849641332133851,0.859501843474984,0.867456565427767,0.877357054160185,0.885632094871835,0.896009884651305,0.905952779630776,0.915198610095491,0.928065752421856,0.944473449231135,0.95702759461942,0.974322438194132,1,0.91615030509028,0.717074966559761,0.383812234845145
0.150851278465437,0.311414366885307,0.387498362600306,0.438426807546793,0.472345998134012,0.497989125842172,0.528582129058971,0.552229122753618,0.571282672339704,0.59111682913736,0.610231572452456,0.623696321745148,0.634723653187274,0.657389642191442,0.671149956136426,0.677711641267405,0.690773743278287,0.701288278286778,0.710550194896892,0.723054098962322,0.73190100691636,0.749219004854094,0.757659162485546,0.770279763846823,0.788898513990068,0.813835900251554,0.830780745504473,0.854327216943499,0.91615030509028,1,0.783581396313846,0.432318110659808
0.128968998985701,0.223518662054686,0.262830606593952,0.303382560624907,0.329221495136396,0.351753447898859,0.374026961241463,0.387159869258836,0.401244879951948,0.419561694453939,0.435615943595329,0.442174699100666,0.450446782902424,0.463873060462878,0.473395064844614,0.474057200437303,0.483475721466574,0.49358630881928,0.499087032722469,0.513529213396771,0.521558621785677,0.534068023106562,0.542497415765211,0.555861005609582,0.571736296521916,0.593844677745962,0.608528711211806,0.643578092311498,0.717074966559761,0.783581396313846,1,0.563187303216315
-0.0130408904941661,0.015237807360099,0.0421272431838094,0.0730072490131532,0.0921349517176047,0.1096523054509,0.123558960129364,0.126703917098748,0.138142685354876,0.148041471193475,0.158866550952745,0.165416237278713,0.174884774375378,0.183198991949566,0.18806953049723,0.186201949014676,0.191284107815587,0.202163195117572,0.212023060256536,0.226645045024247,0.235883460272283,0.24616469138407,0.257645662328503,0.26607530438533,0.281088182957162,0.291650079606606,0.302713833973606,0.329807222450831,0.383812234845145,0.432318110659808,0.563187303216315,1
