1,0.955130750101513,0.939165098053658,0.92983215329859,0.89915156980878,0.892929374878122,0.886085612275983,0.877904776744755,0.865873212482656,0.809550947066321,0.791972332902467,0.772081049335092,0.751435254193408,0.705465600314852,0.663339245070987,0.615206358420031,0.569679607145329,0.493700016380983,0.394801889207155,0.344685588036987,0.272500390658798,0.179064680121415,0.128169160557182,0.0857618965961517,0.0307259681545436,-0.0782699262120095,-0.196904826257817,-0.260054394717598,-0.312938375768563,-0.292665751234205,-0.27689163302482,-0.171723214494305
0.955130750101513,1,0.983845592055739,0.974242848456535,0.940867067180919,0.935787916063279,0.92804899366303,0.918989616218391,0.903456498317351,0.839703514542628,0.825200312067264,0.809443643192164,0.791427836174165,0.74930053561935,0.710605910832645,0.662295911686721,0.619338299925866,0.547769775068407,0.449270669054576,0.398796097967064,0.320258601501452,0.226679180503532,0.17597541648224,0.130250821893293,0.0718004162311318,-0.0466244489946789,-0.164508378127338,-0.226681633204025,-0.286170367180983,-0.299372695268884,-0.28188601292069,-0.164211864148907
0.939165098053658,0.983845592055739,1,0.99068763323235,0.952448428264743,0.951359762980855,0.945241981930135,0.936969230474798,0.92726051155973,0.863496295948375,0.849050043822159,0.832822339663957,0.814203456003453,0.774260110139366,0.738011735879088,0.695074566775843,0.654893136954164,0.583363550787325,0.486500461889069,0.434555203788399,0.357495299282204,0.269908229861874,0.219238944790326,0.17621466954862,0.122160874286952,0.00452327878897377,-0.114457823954518,-0.176025924206136,-0.238270681055745,-0.237914031391604,-0.24016249042241,-0.141048364788015
0.92983215329859,0.974242848456535,0.99068763323235,1,0.976096059128358,0.970857170741132,0.963102670120604,0.953978017509567,0.940636251709409,0.888061668765948,0.874207880780997,0.859202157144284,0.841802947294473,0.804380239251963,0.769444729886107,0.727717883151049,0.68752837365526,0.616318036771996,0.520511214620901,0.469075485292972,0.393183298820454,0.301694337683027,0.25039029583976,0.206910962427982,0.152386222678361,0.0314819811406388,-0.0940242593866381,-0.158016440127693,-0.221940132705483,-0.229248609731624,-0.237303297208743,-0.153556222025779
0.89915156980878,0.940867067180919,0.952448428264743,0.976096059128358,1,0.989171715412547,0.976452724175798,0.963530467685846,0.944166573485788,0.920834442091346,0.906415791387593,0.888391621868167,0.869916099537708,0.835936807392016,0.801192398881113,0.760553589289424,0.718247456211051,0.649705359175216,0.559716905894957,0.509835347995047,0.438195980634217,0.342170887242254,0.2882212649266,0.242061820219953,0.183203621887694,0.0552135210111271,-0.0759689961342656,-0.148794377396447,-0.215465248033019,-0.237119538006159,-0.25923487114656,-0.180187513074684
0.892929374878122,0.935787916063279,0.951359762980855,0.970857170741132,0.989171715412547,1,0.993252228923751,0.982545652125702,0.968201995438895,0.943112418102211,0.928727435216471,0.911157053650681,0.893414688225006,0.860955604729496,0.827857919336548,0.789986882668439,0.749928010521377,0.683866393138473,0.59738084419995,0.550055435334873,0.478468832221302,0.384757064886432,0.331814436085912,0.284221157958588,0.223898930344571,0.0986815788315749,-0.0344407261996581,-0.109867369150736,-0.181877191289059,-0.207906209464449,-0.241145775622869,-0.171995641295961
0.886085612275983,0.92804899366303,0.945241981930135,0.963102670120604,0.976452724175798,0.993252228923751,1,0.993725561727917,0.982045461393086,0.954274581063606,0.94102218876521,0.926621046720611,0.909999107644933,0.877454788682044,0.84623298146715,0.811405292773234,0.772386448898907,0.707083866261004,0.622031227284166,0.576679797687887,0.506370189167112,0.41171573215108,0.360247829455184,0.31349042516665,0.255283082715914,0.134291429403247,0.00230613820502842,-0.072546765084824,-0.146847812055608,-0.174850168050191,-0.214082640301499,-0.167640488612388
0.877904776744755,0.918989616218391,0.936969230474798,0.953978017509567,0.963530467685846,0.982545652125702,0.993725561727917,1,0.991308296292465,0.961255243117331,0.949539652836438,0.937655755466496,0.922397471760595,0.891064990850669,0.861201870365513,0.828346708709193,0.791434176460991,0.727403029510647,0.643342298887546,0.599563198251625,0.530339800999676,0.435346681679278,0.386604478444773,0.341137267320728,0.283490265591606,0.165791783179718,0.033743817025677,-0.0414902528895662,-0.11626552572678,-0.149827091052959,-0.190407890638993,-0.154981259616667
0.865873212482656,0.903456498317351,0.92726051155973,0.940636251709409,0.944166573485788,0.968201995438895,0.982045461393086,0.991308296292465,1,0.969503261423358,0.957721820750558,0.945833077573556,0.931395860288963,0.902454912205224,0.874170826049617,0.84417477386002,0.81137100840276,0.748723830555416,0.667991016846014,0.62546557515857,0.559864948575243,0.471273170379962,0.42489573362898,0.38120649990417,0.323302398343348,0.206588205733589,0.0720981363375676,-0.00533087700749197,-0.0806441725945761,-0.117652920781814,-0.16753482927057,-0.133641378147523
0.809550947066321,0.839703514542628,0.863496295948375,0.888061668765948,0.920834442091346,0.943112418102211,0.954274581063606,0.961255243117331,0.969503261423358,1,0.991915740550608,0.978648790921601,0.965005465352348,0.946106213876253,0.923412432813719,0.895444347521438,0.863154249158721,0.805038598547241,0.734283218456336,0.693279226339173,0.631804903640016,0.540844747384858,0.493519835742247,0.448518511389612,0.386888983652884,0.268326251443413,0.121428690587033,0.0311206924035828,-0.0462470975924621,-0.0925560549944652,-0.168442099448287,-0.151518910824458
0.791972332902467,0.825200312067264,0.849050043822159,0.874207880780997,0.906415791387593,0.928727435216471,0.94102218876521,0.949539652836438,0.957721820750558,0.991915740550608,1,0.991612655818465,0.979642533080274,0.962220257636226,0.942069816650096,0.916387635951655,0.8860681898515,0.830930540607972,0.763319892448206,0.723180843912705,0.664390102473486,0.573433980421363,0.527169191695238,0.482921856420953,0.422666764976928,0.306754526653261,0.159430142072167,0.0694140715828111,-0.00962563319681141,-0.0566989277196695,-0.141748055326181,-0.145332555689816
0.772081049335092,0.809443643192164,0.832822339663957,0.859202157144284,0.888391621868167,0.911157053650681,0.926621046720611,0.937655755466496,0.945833077573556,0.978648790921601,0.991612655818465,1,0.99329715795697,0.977321647053872,0.958644046890738,0.935621199914306,0.906928560522031,0.854143095886371,0.789445145120058,0.750806163700824,0.694582982101487,0.602995375541987,0.558670610052877,0.51616248391321,0.458768439104269,0.347435329387942,0.203482931980848,0.116495916763187,0.0385686678868502,-0.0161331670194579,-0.10179370767975,-0.128051401183195
0.751435254193408,0.791427836174165,0.814203456003453,0.841802947294473,0.869916099537708,0.893414688225006,0.909999107644933,0.922397471760595,0.931395860288963,0.965005465352348,0.979642533080274,0.99329715795697,1,0.988706807781268,0.971361598899913,0.949864639565347,0.921785007182853,0.87221408010786,0.81020057420229,0.773612560542163,0.71846148912175,0.627372291032609,0.585749087479972,0.544075770820883,0.486330797739007,0.374884329275001,0.227833616110293,0.139678021440746,0.0637230193840694,-0.00051310650070801,-0.091664217720569,-0.131339266875273
0.705465600314852,0.74930053561935,0.774260110139366,0.804380239251963,0.835936807392016,0.860955604729496,0.877454788682044,0.891064990850669,0.902454912205224,0.946106213876253,0.962220257636226,0.977321647053872,0.988706807781268,1,0.990630732714047,0.973621531263848,0.95158452293151,0.91132971131907,0.857454174228924,0.823404888185308,0.772056765299302,0.688142748662343,0.649091224779568,0.60669568103018,0.548374505545866,0.440578862332431,0.292536840592454,0.201774812244908,0.126393922786011,0.043626453945355,-0.0636347988630205,-0.109978118496191
0.663339245070987,0.710605910832645,0.738011735879088,0.769444729886107,0.801192398881113,0.827857919336548,0.84623298146715,0.861201870365513,0.874170826049617,0.923412432813719,0.942069816650096,0.958644046890738,0.971361598899913,0.990630732714047,1,0.987880973350763,0.969005542142053,0.933728611483304,0.884660154710735,0.854189999110428,0.806223606816585,0.725561578884037,0.688440554612391,0.647603954357915,0.590789031757457,0.486656145680326,0.340069221483394,0.249817398039068,0.17225746352037,0.0849962422003737,-0.0284172421212675,-0.0938713444321799
0.615206358420031,0.662295911686721,0.695074566775843,0.727717883151049,0.760553589289424,0.789986882668439,0.811405292773234,0.828346708709193,0.84417477386002,0.895444347521438,0.916387635951655,0.935621199914306,0.949864639565347,0.973621531263848,0.987880973350763,1,0.990184490021186,0.962878322884304,0.923015358572136,0.895196575492199,0.854806658054182,0.782235821217456,0.746244689808827,0.709801741086169,0.660754879815696,0.565680543179455,0.428695762872924,0.342787659259018,0.26769146718107,0.181131098292614,0.0438398473541071,-0.0649895505683868
0.569679607145329,0.619338299925866,0.654893136954164,0.68752837365526,0.718247456211051,0.749928010521377,0.772386448898907,0.791434176460991,0.81137100840276,0.863154249158721,0.8860681898515,0.906928560522031,0.921785007182853,0.95158452293151,0.969005542142053,0.990184490021186,1,0.983891415348167,0.95202720483585,0.926615395536045,0.890946184825171,0.827821033981488,0.795579180737275,0.763070219145962,0.71666777175231,0.627946173246775,0.494606068190452,0.409034350772425,0.33377120311274,0.233288563697473,0.0827776122109499,-0.0386381652600885
0.493700016380983,0.547769775068407,0.583363550787325,0.616318036771996,0.649705359175216,0.683866393138473,0.707083866261004,0.727403029510647,0.748723830555416,0.805038598547241,0.830930540607972,0.854143095886371,0.87221408010786,0.91132971131907,0.933728611483304,0.962878322884304,0.983891415348167,1,0.983922546790744,0.964345182381377,0.935228284258835,0.883743160341754,0.854847522188501,0.824344410374655,0.781048157745037,0.70074722311983,0.575225796345134,0.490050740574021,0.41584003998357,0.290603037434539,0.125845704780017,-0.00429656012786822
0.394801889207155,0.449270669054576,0.486500461889069,0.520511214620901,0.559716905894957,0.59738084419995,0.622031227284166,0.643342298887546,0.667991016846014,0.734283218456336,0.763319892448206,0.789445145120058,0.81020057420229,0.857454174228924,0.884660154710735,0.923015358572136,0.95202720483585,0.983922546790744,1,0.990105067787715,0.96906888967123,0.92894991036852,0.904789747804542,0.876610542936965,0.83886918786209,0.770721236863599,0.657039920792517,0.575003960598326,0.505071127219177,0.361513836673528,0.192596911201042,0.0321871420044505
0.344685588036987,0.398796097967064,0.434555203788399,0.469075485292972,0.509835347995047,0.550055435334873,0.576679797687887,0.599563198251625,0.62546557515857,0.693279226339173,0.723180843912705,0.750806163700824,0.773612560542163,0.823404888185308,0.854189999110428,0.895196575492199,0.926615395536045,0.964345182381377,0.990105067787715,1,0.984424929525826,0.947801333739241,0.926136371050464,0.899199902119867,0.862959687031513,0.798372692837533,0.685947596479785,0.602230466488497,0.533793847579054,0.378693629461739,0.211072220437159,0.0417602775814569
0.272500390658798,0.320258601501452,0.357495299282204,0.393183298820454,0.438195980634217,0.478468832221302,0.506370189167112,0.530339800999676,0.559864948575243,0.631804903640016,0.664390102473486,0.694582982101487,0.71846148912175,0.772056765299302,0.806223606816585,0.854806658054182,0.890946184825171,0.935228284258835,0.96906888967123,0.984424929525826,1,0.980759258053058,0.962926568317755,0.94172104121292,0.91149884079832,0.854549285702618,0.750997217947059,0.668505593918969,0.605097571000385,0.452798775739251,0.2624096237212,0.0566507466482615
0.179064680121415,0.226679180503532,0.269908229861874,0.301694337683027,0.342170887242254,0.384757064886432,0.41171573215108,0.435346681679278,0.471273170379962,0.540844747384858,0.573433980421363,0.602995375541987,0.627372291032609,0.688142748662343,0.725561578884037,0.782235821217456,0.827821033981488,0.883743160341754,0.92894991036852,0.947801333739241,0.980759258053058,1,0.99005137719073,0.9739166009784,0.951260770803604,0.906415743989785,0.818827836960306,0.740654382278875,0.683668414524586,0.527668000987625,0.314347507823428,0.0971255989067269
0.128169160557182,0.17597541648224,0.219238944790326,0.25039029583976,0.2882212649266,0.331814436085912,0.360247829455184,0.386604478444773,0.42489573362898,0.493519835742247,0.527169191695238,0.558670610052877,0.585749087479972,0.649091224779568,0.688440554612391,0.746244689808827,0.795579180737275,0.854847522188501,0.904789747804542,0.926136371050464,0.962926568317755,0.99005137719073,1,0.987992756647278,0.965995465444354,0.92580937474906,0.839994396378665,0.762211966861534,0.708339109433315,0.544756928861449,0.331909744906994,0.116903977273402
0.0857618965961517,0.130250821893293,0.17621466954862,0.206910962427982,0.242061820219953,0.284221157958588,0.31349042516665,0.341137267320728,0.38120649990417,0.448518511389612,0.482921856420953,0.51616248391321,0.544075770820883,0.60669568103018,0.647603954357915,0.709801741086169,0.763070219145962,0.824344410374655,0.876610542936965,0.899199902119867,0.94172104121292,0.9739166009784,0.987992756647278,1,0.985876254982406,0.949443334482058,0.867104906368277,0.792363518906856,0.745732803758836,0.589796622382425,0.368055017534818,0.133788176508231
0.0307259681545436,0.0718004162311318,0.122160874286952,0.152386222678361,0.183203621887694,0.223898930344571,0.255283082715914,0.283490265591606,0.323302398343348,0.386888983652884,0.422666764976928,0.458768439104269,0.486330797739007,0.548374505545866,0.590789031757457,0.660754879815696,0.71666777175231,0.781048157745037,0.83886918786209,0.862959687031513,0.91149884079832,0.951260770803604,0.965995465444354,0.985876254982406,1,0.975568732781298,0.907714057509545,0.842213652439722,0.800004228334781,0.65521034146251,0.434550632142002,0.160462625343532
-0.0782699262120095,-0.0466244489946789,0.00452327878897377,0.0314819811406388,0.0552135210111271,0.0986815788315749,0.134291429403247,0.165791783179718,0.206588205733589,0.268326251443413,0.306754526653261,0.347435329387942,0.374884329275001,0.440578862332431,0.486656145680326,0.565680543179455,0.627946173246775,0.70074722311983,0.770721236863599,0.798372692837533,0.854549285702618,0.906415743989785,0.92580937474906,0.949443334482058,0.975568732781298,1,0.964671041660429,0.916174850338833,0.875783454523183,0.726637362454737,0.510182042011683,0.207517915694899
-0.196904826257817,-0.164508378127338,-0.114457823954518,-0.0940242593866381,-0.0759689961342656,-0.0344407261996581,0.00230613820502842,0.033743817025677,0.0720981363375676,0.121428690587033,0.159430142072167,0.203482931980848,0.227833616110293,0.292536840592454,0.340069221483394,0.428695762872924,0.494606068190452,0.575225796345134,0.657039920792517,0.685947596479785,0.750997217947059,0.818827836960306,0.839994396378665,0.867104906368277,0.907714057509545,0.964671041660429,1,0.98023606800458,0.94827972782158,0.80247501825846,0.598391268512622,0.273804088472076
-0.260054394717598,-0.226681633204025,-0.176025924206136,-0.158016440127693,-0.148794377396447,-0.109867369150736,-0.072546765084824,-0.0414902528895662,-0.00533087700749197,0.0311206924035828,0.0694140715828111,0.116495916763187,0.139678021440746,0.201774812244908,0.249817398039068,0.342787659259018,0.409034350772425,0.490050740574021,0.575003960598326,0.602230466488497,0.668505593918969,0.740654382278875,0.762211966861534,0.792363518906856,0.842213652439722,0.916174850338833,0.98023606800458,1,0.975508342223584,0.846941909073741,0.658293752027299,0.316448839550391
-0.312938375768563,-0.286170367180983,-0.238270681055745,-0.221940132705483,-0.215465248033019,-0.181877191289059,-0.146847812055608,-0.11626552572678,-0.0806441725945761,-0.0462470975924621,-0.00962563319681141,0.0385686678868502,0.0637230193840694,0.126393922786011,0.17225746352037,0.26769146718107,0.33377120311274,0.41584003998357,0.505071127219177,0.533793847579054,0.605097571000385,0.683668414524586,0.708339109433315,0.745732803758836,0.800004228334781,0.875783454523183,0.94827972782158,0.975508342223584,1,0.897506346148683,0.721390102075961,0.363255102696931
-0.292665751234205,-0.299372695268884,-0.237914031391604,-0.229248609731624,-0.237119538006159,-0.207906209464449,-0.174850168050191,-0.149827091052959,-0.117652920781814,-0.0925560549944652,-0.0566989277196695,-0.0161331670194579,-0.00051310650070801,0.043626453945355,0.0849962422003737,0.181131098292614,0.233288563697473,0.290603037434539,0.361513836673528,0.378693629461739,0.452798775739251,0.527668000987625,0.544756928861449,0.589796622382425,0.65521034146251,0.726637362454737,0.80247501825846,0.846941909073741,0.897506346148683,1,0.8054493760341,0.349266543177788
-0.27689163302482,-0.28188601292069,-0.24016249042241,-0.237303297208743,-0.25923487114656,-0.241145775622869,-0.214082640301499,-0.190407890638993,-0.16753482927057,-0.168442099448287,-0.141748055326181,-0.10179370767975,-0.091664217720569,-0.0636347988630205,-0.0284172421212675,0.0438398473541071,0.0827776122109499,0.125845704780017,0.192596911201042,0.211072220437159,0.2624096237212,0.314347507823428,0.331909744906994,0.368055017534818,0.434550632142002,0.510182042011683,0.598391268512622,0.658293752027299,0.721390102075961,0.8054493760341,1,0.588829237995795
-0.171723214494305,-0.164211864148907,-0.141048364788015,-0.153556222025779,-0.180187513074684,-0.171995641295961,-0.167640488612388,-0.154981259616667,-0.133641378147523,-0.151518910824458,-0.145332555689816,-0.128051401183195,-0.131339266875273,-0.109978118496191,-0.0938713444321799,-0.0649895505683868,-0.0386381652600885,-0.00429656012786822,0.0321871420044505,0.0417602775814569,0.0566507466482615,0.0971255989067269,0.116903977273402,0.133788176508231,0.160462625343532,0.207517915694899,0.273804088472076,0.316448839550391,0.363255102696931,0.349266543177788,0.588829237995795,1
