1,0.971903438465493,0.964005772039396,0.960208401053807,0.952477407806454,0.950432524548881,0.947799403499729,0.938347035380658,0.933228883097447,0.92492781466568,0.913868628823092,0.898290248765187,0.882201116895988,0.863093659502626,0.846783244209433,0.820910793575054,0.785761974980435,0.722205444083354,0.67505994122095,0.583601559576242,0.440632228484057,0.193563764834196,0.00531429905179512,-0.226216990134858,-0.407915091539333,-0.612990824617224,-0.731323074222533,-0.764429024340708,-0.706016481678623,-0.692594712216103,-0.526610135479212,-0.4084988211564
0.971903438465493,1,0.990799682673786,0.987970315787805,0.982393101942687,0.980249676247963,0.977893392857693,0.971874872999549,0.9661515269155,0.958896351463228,0.949282416108224,0.933804953031689,0.918675571345968,0.901728487576404,0.886512101739575,0.862871666799589,0.830799894725156,0.767138485504456,0.723141321017745,0.631618916436484,0.487267297142988,0.234226886515067,0.0386269303885937,-0.204069973580928,-0.395779806534685,-0.617418989484735,-0.748188477335831,-0.786433683259211,-0.729567982684383,-0.719650115872422,-0.539903234048794,-0.405968207139076
0.964005772039396,0.990799682673786,1,0.996001881488138,0.990682464515851,0.988845306090376,0.986920317674369,0.983376756064732,0.977320812604662,0.971032554228091,0.959905055916028,0.945707021416717,0.930135364859326,0.913974817322584,0.898630570744186,0.873755947914697,0.839230933255252,0.779197036511713,0.735754022322173,0.648551884679754,0.500784868681829,0.247998178527415,0.0495283482425055,-0.191863440026192,-0.381132047803571,-0.610252181307523,-0.74570028827476,-0.790114440290166,-0.731153881316725,-0.721765828984736,-0.554234405852187,-0.409132188266498
0.960208401053807,0.987970315787805,0.996001881488138,1,0.994913069008787,0.993287868660982,0.991281384079958,0.98847911928461,0.98338071936021,0.977754869051024,0.967393984905317,0.953336714216202,0.938852272333314,0.923561314113299,0.908153859778219,0.88391097680432,0.85051933692648,0.791602505835448,0.748596403574421,0.660875590990853,0.513788017277438,0.259197906196976,0.0590294672598403,-0.183779342997408,-0.374342234867386,-0.606761834269882,-0.738965772784714,-0.785478652144546,-0.727617279532906,-0.715950698112927,-0.55096258535125,-0.396956157411897
0.952477407806454,0.982393101942687,0.990682464515851,0.994913069008787,1,0.997987323586514,0.995143702010998,0.989982780411701,0.982423745557133,0.976391833297544,0.96462882763798,0.949381517299196,0.934850069992951,0.920305232182275,0.905200374816294,0.881770087881818,0.849652061395513,0.78971275577493,0.747108377340213,0.660558899342153,0.510778486558686,0.253643054337973,0.0517321140061559,-0.18902771006747,-0.379375835481736,-0.607607756355418,-0.740286642254059,-0.783547815821085,-0.718945580792642,-0.70517328797559,-0.540665215168539,-0.385197341382165
0.950432524548881,0.980249676247963,0.988845306090376,0.993287868660982,0.997987323586514,1,0.997409710058656,0.992757223932425,0.986255645138873,0.980587874845537,0.969180353524203,0.955019947416841,0.940890435891857,0.927632533874237,0.913240349708948,0.891518706189336,0.860679195809166,0.802869477563696,0.761486836728448,0.676861431344446,0.528801853139624,0.273035955462022,0.071293758021949,-0.170081459897792,-0.360469603648826,-0.592818773783805,-0.727920765742244,-0.774296105289194,-0.712347933345512,-0.697233660452007,-0.537966168023249,-0.3774993905677
0.947799403499729,0.977893392857693,0.986920317674369,0.991281384079958,0.995143702010998,0.997409710058656,1,0.995108232879829,0.989170118690633,0.983090145003683,0.972677311083175,0.957436136521773,0.943616940083789,0.931597697894264,0.918436111528475,0.896815658403673,0.866663969986995,0.810391668643263,0.769800607085341,0.687461042916131,0.542246330945025,0.289009075441522,0.0915172879887902,-0.150414434600399,-0.339007753442605,-0.568298372704753,-0.708943406568678,-0.760202295311086,-0.704129508924342,-0.693100082036105,-0.537853462615811,-0.373352157515847
0.938347035380658,0.971874872999549,0.983376756064732,0.98847911928461,0.989982780411701,0.992757223932425,0.995108232879829,1,0.995614782014274,0.992072618641752,0.984675466768763,0.971753818776116,0.959627769521387,0.948853442884187,0.93635915497454,0.915886957598859,0.887551193003221,0.835302092096991,0.796580097951518,0.71657917844762,0.574858292709091,0.326381324793206,0.127635233328252,-0.115139752525344,-0.307094276608208,-0.552708270760374,-0.696329275357449,-0.751044857444491,-0.698781551865908,-0.69395883818136,-0.543123781786772,-0.365151223242787
0.933228883097447,0.9661515269155,0.977320812604662,0.98338071936021,0.982423745557133,0.986255645138873,0.989170118690633,0.995614782014274,1,0.997701123124988,0.99250353576639,0.983492391056108,0.973601753007499,0.964257786673724,0.953161256816366,0.935288384559146,0.90916278094678,0.861256005966428,0.824792384009901,0.749036775059386,0.616494603363203,0.37742784123236,0.182013404912592,-0.0622773062455271,-0.259496211774561,-0.512998475946549,-0.662329977142219,-0.728398398398571,-0.682230135563143,-0.687608060145648,-0.536409749060848,-0.357743316077656
0.92492781466568,0.958896351463228,0.971032554228091,0.977754869051024,0.976391833297544,0.980587874845537,0.983090145003683,0.992072618641752,0.997701123124988,1,0.996727435930433,0.990469784439687,0.98190981593709,0.973655593936159,0.963422997100987,0.946579347286841,0.922541272047382,0.876691356726414,0.841887946107292,0.768515784536965,0.638044318587015,0.403969330265365,0.206185952770544,-0.0378604344697661,-0.237122479869842,-0.501641099036284,-0.653310346086277,-0.72426142922979,-0.679724765016796,-0.689841846531882,-0.539203696149194,-0.352541344234287
0.913868628823092,0.949282416108224,0.959905055916028,0.967393984905317,0.96462882763798,0.969180353524203,0.972677311083175,0.984675466768763,0.99250353576639,0.996727435930433,1,0.995610291202603,0.989684183059913,0.982646750730246,0.974397333985816,0.959765279935371,0.939119386647474,0.897118421626336,0.864562758659961,0.793608250001359,0.670647597382511,0.443363753989216,0.247893899984747,0.00426148044735955,-0.196993598313975,-0.469747787328604,-0.626060213709848,-0.702829760954362,-0.660284010445374,-0.677717533438113,-0.523065377189299,-0.336151765501171
0.898290248765187,0.933804953031689,0.945707021416717,0.953336714216202,0.949381517299196,0.955019947416841,0.957436136521773,0.971753818776116,0.983492391056108,0.990469784439687,0.995610291202603,1,0.997047153020811,0.991894511862582,0.984753582628366,0.973104807182405,0.954969335883214,0.918849381009957,0.88863411154103,0.822697590790749,0.706792562626701,0.489378752880559,0.293532525444426,0.0515131537662348,-0.153443485911566,-0.440554358291904,-0.60070522769638,-0.684943294684879,-0.640357045744303,-0.665171363473653,-0.506918241490778,-0.320147305093354
0.882201116895988,0.918675571345968,0.930135364859326,0.938852272333314,0.934850069992951,0.940890435891857,0.943616940083789,0.959627769521387,0.973601753007499,0.98190981593709,0.989684183059913,0.997047153020811,1,0.996659944276322,0.991136125926226,0.982034084865189,0.967115875945679,0.935504508285575,0.906866455901262,0.843260678295011,0.733829922251042,0.522919618079923,0.328774870423779,0.088124268489608,-0.117348785299906,-0.411136124639599,-0.574552887531439,-0.665428612004397,-0.619776054332326,-0.651726361967725,-0.490012548688784,-0.305450382483675
0.863093659502626,0.901728487576404,0.913974817322584,0.923561314113299,0.920305232182275,0.927632533874237,0.931597697894264,0.948853442884187,0.964257786673724,0.973655593936159,0.982646750730246,0.991894511862582,0.996659944276322,1,0.997284143372737,0.990700353124693,0.978533955625111,0.95250053042729,0.926883282469335,0.869110759857245,0.765383347345317,0.561971129000689,0.371881138088887,0.133220233148648,-0.0696434927192919,-0.367296077118422,-0.539657369767652,-0.636748549767616,-0.591661585409336,-0.628871768219435,-0.470293767445308,-0.275586118448041
0.846783244209433,0.886512101739575,0.898630570744186,0.908153859778219,0.905200374816294,0.913240349708948,0.918436111528475,0.93635915497454,0.953161256816366,0.963422997100987,0.974397333985816,0.984753582628366,0.991136125926226,0.997284143372737,1,0.996090661556844,0.98686719715374,0.965043996293417,0.942177110389311,0.889284315564633,0.791474131036254,0.595076736037373,0.408582697239523,0.17175094627893,-0.0312540519753278,-0.331365229927232,-0.510337232353059,-0.610507162297665,-0.564874369633024,-0.60744329770324,-0.447857751722785,-0.248655870133879
0.820910793575054,0.862871666799589,0.873755947914697,0.88391097680432,0.881770087881818,0.891518706189336,0.896815658403673,0.915886957598859,0.935288384559146,0.946579347286841,0.959765279935371,0.973104807182405,0.982034084865189,0.990700353124693,0.996090661556844,1,0.994891192906994,0.978619555823565,0.959947017695745,0.913860104886253,0.825154526272786,0.638372650329515,0.456819481557828,0.223000188358985,0.0194676317935369,-0.285355820499113,-0.469242337040903,-0.574571277569107,-0.525125778893349,-0.572294581661415,-0.40986138215181,-0.219496557848824
0.785761974980435,0.830799894725156,0.839230933255252,0.85051933692648,0.849652061395513,0.860679195809166,0.866663969986995,0.887551193003221,0.90916278094678,0.922541272047382,0.939119386647474,0.954969335883214,0.967115875945679,0.978533955625111,0.98686719715374,0.994891192906994,1,0.990095286648917,0.976636767987719,0.936843244641661,0.857516081809277,0.682236741037549,0.505357480038942,0.275478588400446,0.0746902662075465,-0.233485660367117,-0.420092911084846,-0.530969970146406,-0.48288218534875,-0.535934662677861,-0.37163229987868,-0.181076786153669
0.722205444083354,0.767138485504456,0.779197036511713,0.791602505835448,0.78971275577493,0.802869477563696,0.810391668643263,0.835302092096991,0.861256005966428,0.876691356726414,0.897118421626336,0.918849381009957,0.935504508285575,0.95250053042729,0.965043996293417,0.978619555823565,0.990095286648917,1,0.993483545415931,0.966047055988342,0.903303010342311,0.748816612173093,0.583547565351652,0.366304218945219,0.174903158933536,-0.140458016007999,-0.330962344059895,-0.45005620692893,-0.39369845825286,-0.456244116368473,-0.296337120567185,-0.114693098088467
0.67505994122095,0.723141321017745,0.735754022322173,0.748596403574421,0.747108377340213,0.761486836728448,0.769800607085341,0.796580097951518,0.824792384009901,0.841887946107292,0.864562758659961,0.88863411154103,0.906866455901262,0.926883282469335,0.942177110389311,0.959947017695745,0.976636767987719,0.993483545415931,1,0.985589217227252,0.935707080185856,0.797945984148408,0.641840662122387,0.432847729689308,0.245928868128494,-0.0705684000756114,-0.266076641677316,-0.38610803135118,-0.329878560115272,-0.398106081010425,-0.238976566374052,-0.0657318287745244
0.583601559576242,0.631618916436484,0.648551884679754,0.660875590990853,0.660558899342153,0.676861431344446,0.687461042916131,0.71657917844762,0.749036775059386,0.768515784536965,0.793608250001359,0.822697590790749,0.843260678295011,0.869110759857245,0.889284315564633,0.913860104886253,0.936843244641661,0.966047055988342,0.985589217227252,1,0.973651117038734,0.869706578501726,0.733603236514776,0.544249936663903,0.365801223998128,0.0563623171893217,-0.147141348561492,-0.271586380485204,-0.218973323811408,-0.298901410232406,-0.152678954569027,0.006248920349922
0.440632228484057,0.487267297142988,0.500784868681829,0.513788017277438,0.510778486558686,0.528801853139624,0.542246330945025,0.574858292709091,0.616494603363203,0.638044318587015,0.670647597382511,0.706792562626701,0.733829922251042,0.765383347345317,0.791474131036254,0.825154526272786,0.857516081809277,0.903303010342311,0.935707080185856,0.973651117038734,1,0.950646459756418,0.856612587963888,0.701258679993314,0.538204230826888,0.244781291643582,0.0470681771916731,-0.0836761530665515,-0.0450031634946101,-0.145823890797323,-0.0204126189839812,0.0960097362056963
0.193563764834196,0.234226886515067,0.247998178527415,0.259197906196976,0.253643054337973,0.273035955462022,0.289009075441522,0.326381324793206,0.37742784123236,0.403969330265365,0.443363753989216,0.489378752880559,0.522919618079923,0.561971129000689,0.595076736037373,0.638372650329515,0.682236741037549,0.748816612173093,0.797945984148408,0.869706578501726,0.950646459756418,1,0.965038883916863,0.872444047643016,0.74659162217609,0.492328681658078,0.310196288187301,0.174813437325199,0.177952190975403,0.0530551879319149,0.13161774605201,0.214819256438014
0.00531429905179512,0.0386269303885937,0.0495283482425055,0.0590294672598403,0.0517321140061559,0.071293758021949,0.0915172879887902,0.127635233328252,0.182013404912592,0.206185952770544,0.247893899984747,0.293532525444426,0.328774870423779,0.371881138088887,0.408582697239523,0.456819481557828,0.505357480038942,0.583547565351652,0.641840662122387,0.733603236514776,0.856612587963888,0.965038883916863,1,0.961111041780672,0.875584305749756,0.678688112927154,0.515258216819509,0.387471173312358,0.362936174556678,0.227894819212794,0.256728433220534,0.295067397021003
-0.226216990134858,-0.204069973580928,-0.191863440026192,-0.183779342997408,-0.18902771006747,-0.170081459897792,-0.150414434600399,-0.115139752525344,-0.0622773062455271,-0.0378604344697661,0.00426148044735955,0.0515131537662348,0.088124268489608,0.133220233148648,0.17175094627893,0.223000188358985,0.275478588400446,0.366304218945219,0.432847729689308,0.544249936663903,0.701258679993314,0.872444047643016,0.961111041780672,1,0.964985168215526,0.828134049784505,0.702521815883475,0.593638291965198,0.553069886086796,0.423127083520024,0.398503055365298,0.38080330343958
-0.407915091539333,-0.395779806534685,-0.381132047803571,-0.374342234867386,-0.379375835481736,-0.360469603648826,-0.339007753442605,-0.307094276608208,-0.259496211774561,-0.237122479869842,-0.196993598313975,-0.153443485911566,-0.117348785299906,-0.0696434927192919,-0.0312540519753278,0.0194676317935369,0.0746902662075465,0.174903158933536,0.245928868128494,0.365801223998128,0.538204230826888,0.74659162217609,0.875584305749756,0.964985168215526,1,0.926162874476864,0.825713732267338,0.726522406308744,0.674635341346915,0.554976483757434,0.491886225003413,0.439433172510961
-0.612990824617224,-0.617418989484735,-0.610252181307523,-0.606761834269882,-0.607607756355418,-0.592818773783805,-0.568298372704753,-0.552708270760374,-0.512998475946549,-0.501641099036284,-0.469747787328604,-0.440554358291904,-0.411136124639599,-0.367296077118422,-0.331365229927232,-0.285355820499113,-0.233485660367117,-0.140458016007999,-0.0705684000756114,0.0563623171893217,0.244781291643582,0.492328681658078,0.678688112927154,0.828134049784505,0.926162874476864,1,0.956143293052254,0.88595788404699,0.807014962747364,0.720312618828701,0.606068234649223,0.496140760654269
-0.731323074222533,-0.748188477335831,-0.74570028827476,-0.738965772784714,-0.740286642254059,-0.727920765742244,-0.708943406568678,-0.696329275357449,-0.662329977142219,-0.653310346086277,-0.626060213709848,-0.60070522769638,-0.574552887531439,-0.539657369767652,-0.510337232353059,-0.469242337040903,-0.420092911084846,-0.330962344059895,-0.266076641677316,-0.147141348561492,0.0470681771916731,0.310196288187301,0.515258216819509,0.702521815883475,0.825713732267338,0.956143293052254,1,0.964505341343921,0.887665302318323,0.835702441091519,0.678733183994099,0.525950501961616
-0.764429024340708,-0.786433683259211,-0.790114440290166,-0.785478652144546,-0.783547815821085,-0.774296105289194,-0.760202295311086,-0.751044857444491,-0.728398398398571,-0.72426142922979,-0.702829760954362,-0.684943294684879,-0.665428612004397,-0.636748549767616,-0.610507162297665,-0.574571277569107,-0.530969970146406,-0.45005620692893,-0.38610803135118,-0.271586380485204,-0.0836761530665515,0.174813437325199,0.387471173312358,0.593638291965198,0.726522406308744,0.88595788404699,0.964505341343921,1,0.939359493971445,0.899810192964623,0.72049689660834,0.542481558733045
-0.706016481678623,-0.729567982684383,-0.731153881316725,-0.727617279532906,-0.718945580792642,-0.712347933345512,-0.704129508924342,-0.698781551865908,-0.682230135563143,-0.679724765016796,-0.660284010445374,-0.640357045744303,-0.619776054332326,-0.591661585409336,-0.564874369633024,-0.525125778893349,-0.48288218534875,-0.39369845825286,-0.329878560115272,-0.218973323811408,-0.0450031634946101,0.177952190975403,0.362936174556678,0.553069886086796,0.674635341346915,0.807014962747364,0.887665302318323,0.939359493971445,1,0.965227687122764,0.865410388853614,0.592354103750487
-0.692594712216103,-0.719650115872422,-0.721765828984736,-0.715950698112927,-0.70517328797559,-0.697233660452007,-0.693100082036105,-0.69395883818136,-0.687608060145648,-0.689841846531882,-0.677717533438113,-0.665171363473653,-0.651726361967725,-0.628871768219435,-0.60744329770324,-0.572294581661415,-0.535934662677861,-0.456244116368473,-0.398106081010425,-0.298901410232406,-0.145823890797323,0.0530551879319149,0.227894819212794,0.423127083520024,0.554976483757434,0.720312618828701,0.835702441091519,0.899810192964623,0.965227687122764,1,0.89019103334973,0.624439815841535
-0.526610135479212,-0.539903234048794,-0.554234405852187,-0.55096258535125,-0.540665215168539,-0.537966168023249,-0.537853462615811,-0.543123781786772,-0.536409749060848,-0.539203696149194,-0.523065377189299,-0.506918241490778,-0.490012548688784,-0.470293767445308,-0.447857751722785,-0.40986138215181,-0.37163229987868,-0.296337120567185,-0.238976566374052,-0.152678954569027,-0.0204126189839812,0.13161774605201,0.256728433220534,0.398503055365298,0.491886225003413,0.606068234649223,0.678733183994099,0.72049689660834,0.865410388853614,0.89019103334973,1,0.646531744148145
-0.4084988211564,-0.405968207139076,-0.409132188266498,-0.396956157411897,-0.385197341382165,-0.3774993905677,-0.373352157515847,-0.365151223242787,-0.357743316077656,-0.352541344234287,-0.336151765501171,-0.320147305093354,-0.305450382483675,-0.275586118448041,-0.248655870133879,-0.219496557848824,-0.181076786153669,-0.114693098088467,-0.0657318287745244,0.006248920349922,0.0960097362056963,0.214819256438014,0.295067397021003,0.38080330343958,0.439433172510961,0.496140760654269,0.525950501961616,0.542481558733045,0.592354103750487,0.624439815841535,0.646531744148145,1
