1,0.887688047285899,0.822191276519519,0.722859843026418,0.63726105993507,0.584283786934278,0.52784657408758,0.473565077042525,0.396667212988808,0.302841421518543,0.224620229674997,0.134931079531589,0.0887114772658086,0.0256958830062123,-0.0334867848793977,-0.0773830674224143,-0.130096571256213,-0.173856404724132,-0.222970830653968,-0.259378932211646,-0.286826545362227,-0.315351865445104,-0.338811087901356,-0.351572334223588,-0.373311976836215,-0.380001671395485,-0.373554084253431,-0.370179301500393,-0.402742707585629,-0.404410491434621,-0.417585426411633,-0.411682666533542
0.887688047285899,1,0.954032879010257,0.8881100474106,0.827424563398804,0.787327039453897,0.740237057074982,0.690411228892888,0.628995956578977,0.551352522388229,0.481545945256679,0.397329119898461,0.353756819942835,0.289833293167541,0.228997838088169,0.181237750568303,0.126053354779562,0.080095257399635,0.0266448402342799,-0.0183092288816944,-0.0550683494940173,-0.0926119393116385,-0.119043369548679,-0.137762767342145,-0.162774555218161,-0.182554792283154,-0.198120721591051,-0.214114227795372,-0.245643752226511,-0.262022391078765,-0.284693009554773,-0.336710486436327
0.822191276519519,0.954032879010257,1,0.946413225009873,0.892633815605567,0.85647342113306,0.813372183873455,0.766545979632473,0.708505076133081,0.633235220429235,0.566100239983224,0.485691104332391,0.444534900333905,0.383994274316125,0.324699947097931,0.277636399071248,0.22296684402715,0.178005692461111,0.121870140049755,0.0763412937377755,0.0388204196986014,-0.000925564714000815,-0.0265300815480753,-0.0458583368595209,-0.0744291386219068,-0.0962682240627695,-0.11957814582767,-0.142407030662797,-0.175015280805885,-0.198013042647005,-0.222371993994307,-0.310081443205262
0.722859843026418,0.8881100474106,0.946413225009873,1,0.972944316634039,0.94592653717216,0.917888789096078,0.885240319164485,0.83707251383571,0.767578005497066,0.707417441674944,0.638434069409165,0.598237308511473,0.542599348132595,0.487617464014698,0.443642148477014,0.394135339798489,0.347331694880533,0.286550775914807,0.240403444870369,0.206015713779807,0.164558308745747,0.133124226611065,0.108954805301629,0.0833759941654385,0.0508702013003003,0.0164285515190352,-0.0162120053502342,-0.0398907111018563,-0.0574634874776704,-0.0838329376753568,-0.213940392492874
0.63726105993507,0.827424563398804,0.892633815605567,0.972944316634039,1,0.98808622486249,0.971406170168152,0.950912733062704,0.918171573003478,0.863857552369753,0.815088753482326,0.756583479695112,0.721093098133092,0.672796031356648,0.622542909702141,0.582679371329074,0.536772261817537,0.494795961509247,0.438072605918385,0.392946805792996,0.358261622896996,0.315731488266124,0.283525232122247,0.255535538574022,0.230079492211456,0.190987974704956,0.150819644640431,0.111152667182976,0.0900795132500452,0.0651529179518427,0.0352317127050332,-0.131335381154146
0.584283786934278,0.787327039453897,0.85647342113306,0.94592653717216,0.98808622486249,1,0.990234284356801,0.976032588639961,0.95168165690305,0.904821795161181,0.863413061774701,0.81236454586501,0.779463118410839,0.736601128063435,0.689356442800268,0.652112679697558,0.608164053580087,0.569207007022404,0.516367683620903,0.473309393369717,0.439001048799394,0.396474339674294,0.36272390388477,0.334261613588699,0.307789509958029,0.265887574649482,0.223724810918931,0.180752934195152,0.160623057784637,0.128969036460433,0.0988022038532628,-0.0939800934261541
0.52784657408758,0.740237057074982,0.813372183873455,0.917888789096078,0.971406170168152,0.990234284356801,1,0.991681295805407,0.973825572597298,0.934532362952511,0.898297417845179,0.853181743878456,0.823340524082396,0.784407815918024,0.740262501502027,0.705315655274725,0.663568271394842,0.626695934793076,0.57497242037906,0.533365098038327,0.500803135046951,0.458773309254971,0.424658516290565,0.394704436037173,0.369145045729462,0.325089020892639,0.279687827550922,0.233792214524143,0.216075835045933,0.18324935771412,0.151753479590914,-0.0565442385356114
0.473565077042525,0.690411228892888,0.766545979632473,0.885240319164485,0.950912733062704,0.976032588639961,0.991681295805407,1,0.988592160104794,0.956724992292526,0.926557697957384,0.887770553398761,0.859697364490549,0.825004698427714,0.783730451682412,0.751514731451426,0.712637913784013,0.678342163058988,0.628979180401338,0.589276277669356,0.557523105605872,0.514859004973337,0.481924140421936,0.450620622614587,0.426399228497711,0.380275489346302,0.333684651155752,0.284923581603867,0.269183692906602,0.234862227205027,0.202916565392465,-0.0169415861879885
0.396667212988808,0.628995956578977,0.708505076133081,0.83707251383571,0.918171573003478,0.95168165690305,0.973825572597298,0.988592160104794,1,0.984407625001012,0.963887533445812,0.93463987109733,0.912086389103214,0.881577637962566,0.846952746969985,0.819055341969648,0.785309510782776,0.754994395820286,0.710063543519623,0.673369182038921,0.643394686016383,0.60493757896365,0.573108202621799,0.542412026843264,0.518951492079266,0.473482757402283,0.42408507511215,0.373063352668827,0.358849207928316,0.319678125366711,0.286807702925178,0.0425877902752528
0.302841421518543,0.551352522388229,0.633235220429235,0.767578005497066,0.863857552369753,0.904821795161181,0.934532362952511,0.956724992292526,0.984407625001012,1,0.991793281952535,0.973056126780418,0.956602869747918,0.931761435944514,0.905411570180777,0.883070742864727,0.854871604058356,0.829490325495053,0.792140620437936,0.760619227168377,0.732656616662807,0.695519012261395,0.669501289753264,0.639565066580929,0.61948868632673,0.575472203292182,0.523244982716619,0.472183378017721,0.459066948317187,0.420334483240521,0.383331093030216,0.11537396840792
0.224620229674997,0.481545945256679,0.566100239983224,0.707417441674944,0.815088753482326,0.863413061774701,0.898297417845179,0.926557697957384,0.963887533445812,0.991793281952535,1,0.990889885559865,0.979627437565411,0.96134987633751,0.939912303583864,0.921172331548064,0.89649005034953,0.874821961062596,0.843140619107862,0.815231277852136,0.789269613694812,0.753636680240174,0.729903323630164,0.700125288465788,0.681638765350449,0.63645810128471,0.582466479465203,0.52997435416216,0.519968462312348,0.478784520872324,0.438703859406205,0.162031654300514
0.134931079531589,0.397329119898461,0.485691104332391,0.638434069409165,0.756583479695112,0.81236454586501,0.853181743878456,0.887770553398761,0.93463987109733,0.973056126780418,0.990889885559865,1,0.99502655449557,0.984581761302342,0.970161532080468,0.955962805463583,0.936801910931704,0.919081802296628,0.893035414111896,0.869204629678675,0.846453581070206,0.814722203214917,0.793158028219736,0.765405094267526,0.748082636527042,0.703552447499849,0.649754317070051,0.596433120596299,0.589580685024384,0.548832015944718,0.508470830629531,0.219227626440395
0.0887114772658086,0.353756819942835,0.444534900333905,0.598237308511473,0.721093098133092,0.779463118410839,0.823340524082396,0.859697364490549,0.912086389103214,0.956602869747918,0.979627437565411,0.99502655449557,1,0.994022349171163,0.983609316487855,0.971819010264654,0.955517062348796,0.940197710753894,0.916907524632423,0.894944645998331,0.874045329471671,0.844175711023917,0.823815385111375,0.797607512922074,0.780785978076675,0.737758383451833,0.683461346506867,0.630785057400139,0.624709201232381,0.583849678722646,0.542753595623637,0.257271325874545
0.0256958830062123,0.289833293167541,0.383994274316125,0.542599348132595,0.672796031356648,0.736601128063435,0.784407815918024,0.825004698427714,0.881577637962566,0.931761435944514,0.96134987633751,0.984581761302342,0.994022349171163,1,0.994538550805977,0.985859538585419,0.972594780944199,0.960698779465246,0.941819930387165,0.922280377642044,0.90381004143669,0.875249484420887,0.857152080465842,0.831991035449548,0.816238245554007,0.773299500971514,0.720608465937617,0.668103097132177,0.664997798749042,0.624835576844771,0.582993681107593,0.300753109113412
-0.0334867848793977,0.228997838088169,0.324699947097931,0.487617464014698,0.622542909702141,0.689356442800268,0.740262501502027,0.783730451682412,0.846952746969985,0.905411570180777,0.939912303583864,0.970161532080468,0.983609316487855,0.994538550805977,1,0.995909141389834,0.987060227266109,0.97823980571811,0.963422756915425,0.94658951356104,0.930651958651018,0.906268206505544,0.889622412813095,0.866910366572526,0.852894231635709,0.812342561431307,0.761023121993101,0.710833762777724,0.708335920491097,0.669484281811659,0.627582485211183,0.339326662045885
-0.0773830674224143,0.181237750568303,0.277636399071248,0.443642148477014,0.582679371329074,0.652112679697558,0.705315655274725,0.751514731451426,0.819055341969648,0.883070742864727,0.921172331548064,0.955962805463583,0.971819010264654,0.985859538585419,0.995909141389834,1,0.995726368731067,0.989465784382803,0.977085219108692,0.963537822167374,0.950509783572477,0.929262241382186,0.914006058433162,0.89354628827303,0.881128625507583,0.843885366331966,0.794949662008823,0.746747613014628,0.74359239101805,0.70540311279186,0.667961384761749,0.37376355258953
-0.130096571256213,0.126053354779562,0.22296684402715,0.394135339798489,0.536772261817537,0.608164053580087,0.663568271394842,0.712637913784013,0.785309510782776,0.854871604058356,0.89649005034953,0.936801910931704,0.955517062348796,0.972594780944199,0.987060227266109,0.995726368731067,1,0.996785320815362,0.987316343885785,0.977194283853396,0.96743863196909,0.951026296833128,0.936692612249705,0.918693736175282,0.907399921786296,0.874094177427928,0.827021383508907,0.780984316188281,0.776977386169364,0.73836726328136,0.703863818650215,0.399469200266548
-0.173856404724132,0.080095257399635,0.178005692461111,0.347331694880533,0.494795961509247,0.569207007022404,0.626695934793076,0.678342163058988,0.754994395820286,0.829490325495053,0.874821961062596,0.919081802296628,0.940197710753894,0.960698779465246,0.97823980571811,0.989465784382803,0.996785320815362,1,0.994590069303312,0.98649953393561,0.977918205038274,0.962820791882192,0.95089163867224,0.933480679427222,0.923470575149173,0.890757391972433,0.844683487190851,0.798129278349156,0.796172207519049,0.75638798704267,0.722661013421155,0.414388191401018
-0.222970830653968,0.0266448402342799,0.121870140049755,0.286550775914807,0.438072605918385,0.516367683620903,0.57497242037906,0.628979180401338,0.710063543519623,0.792140620437936,0.843140619107862,0.893035414111896,0.916907524632423,0.941819930387165,0.963422756915425,0.977085219108692,0.987316343885785,0.994590069303312,1,0.996044831682086,0.988669189275072,0.976390358352251,0.96812896320392,0.953325306533667,0.945360562489356,0.915216157767092,0.872678472136522,0.829871379727435,0.82904502857121,0.790187694924514,0.754702907946999,0.438497139656949
-0.259378932211646,-0.0183092288816944,0.0763412937377755,0.240403444870369,0.392946805792996,0.473309393369717,0.533365098038327,0.589276277669356,0.673369182038921,0.760619227168377,0.815231277852136,0.869204629678675,0.894944645998331,0.922280377642044,0.94658951356104,0.963537822167374,0.977194283853396,0.98649953393561,0.996044831682086,1,0.996225591806559,0.986090225731161,0.980360683663645,0.968137612310949,0.960687252887613,0.934576289159245,0.89695199792416,0.858004351934925,0.856766905063826,0.819300209093745,0.785741735145729,0.454792823431809
-0.286826545362227,-0.0550683494940173,0.0388204196986014,0.206015713779807,0.358261622896996,0.439001048799394,0.500803135046951,0.557523105605872,0.643394686016383,0.732656616662807,0.789269613694812,0.846453581070206,0.874045329471671,0.90381004143669,0.930651958651018,0.950509783572477,0.96743863196909,0.977918205038274,0.988669189275072,0.996225591806559,1,0.994010412182112,0.98923517018282,0.979501395490403,0.97279189311189,0.950400121686242,0.917105538387122,0.880979242786489,0.879818028454466,0.843206403531418,0.811745540984779,0.473681860088334
-0.315351865445104,-0.0926119393116385,-0.000925564714000815,0.164558308745747,0.315731488266124,0.396474339674294,0.458773309254971,0.514859004973337,0.60493757896365,0.695519012261395,0.753636680240174,0.814722203214917,0.844175711023917,0.875249484420887,0.906268206505544,0.929262241382186,0.951026296833128,0.962820791882192,0.976390358352251,0.986090225731161,0.994010412182112,1,0.995096362019355,0.99008061479673,0.983774700235512,0.967592591786412,0.938881355299463,0.907755421538489,0.905425571891208,0.867356400432324,0.841430568342111,0.487109134310294
-0.338811087901356,-0.119043369548679,-0.0265300815480753,0.133124226611065,0.283525232122247,0.36272390388477,0.424658516290565,0.481924140421936,0.573108202621799,0.669501289753264,0.729903323630164,0.793158028219736,0.823815385111375,0.857152080465842,0.889622412813095,0.914006058433162,0.936692612249705,0.95089163867224,0.96812896320392,0.980360683663645,0.98923517018282,0.995096362019355,1,0.996825423248584,0.993513133129587,0.980180573649707,0.956044186871393,0.926645532252281,0.927310191190733,0.894006618498404,0.866735614479625,0.506941943062689
-0.351572334223588,-0.137762767342145,-0.0458583368595209,0.108954805301629,0.255535538574022,0.334261613588699,0.394704436037173,0.450620622614587,0.542412026843264,0.639565066580929,0.700125288465788,0.765405094267526,0.797607512922074,0.831991035449548,0.866910366572526,0.89354628827303,0.918693736175282,0.933480679427222,0.953325306533667,0.968137612310949,0.979501395490403,0.99008061479673,0.996825423248584,1,0.996990230284238,0.989070367653928,0.970342652277934,0.945725878816766,0.944762785668824,0.912434174756722,0.887620625872976,0.518904020705894
-0.373311976836215,-0.162774555218161,-0.0744291386219068,0.0833759941654385,0.230079492211456,0.307789509958029,0.369145045729462,0.426399228497711,0.518951492079266,0.61948868632673,0.681638765350449,0.748082636527042,0.780785978076675,0.816238245554007,0.852894231635709,0.881128625507583,0.907399921786296,0.923470575149173,0.945360562489356,0.960687252887613,0.97279189311189,0.983774700235512,0.993513133129587,0.996990230284238,1,0.992595610448284,0.974462342081606,0.950353001609453,0.951732480755231,0.924403687597844,0.899260536836808,0.53759824738291
-0.380001671395485,-0.182554792283154,-0.0962682240627695,0.0508702013003003,0.190987974704956,0.265887574649482,0.325089020892639,0.380275489346302,0.473482757402283,0.575472203292182,0.63645810128471,0.703552447499849,0.737758383451833,0.773299500971514,0.812342561431307,0.843885366331966,0.874094177427928,0.890757391972433,0.915216157767092,0.934576289159245,0.950400121686242,0.967592591786412,0.980180573649707,0.989070367653928,0.992595610448284,1,0.99030925479429,0.97353512034264,0.97107158923616,0.945580262024729,0.928533622385656,0.551438934146023
-0.373554084253431,-0.198120721591051,-0.11957814582767,0.0164285515190352,0.150819644640431,0.223724810918931,0.279687827550922,0.333684651155752,0.42408507511215,0.523244982716619,0.582466479465203,0.649754317070051,0.683461346506867,0.720608465937617,0.761023121993101,0.794949662008823,0.827021383508907,0.844683487190851,0.872678472136522,0.89695199792416,0.917105538387122,0.938881355299463,0.956044186871393,0.970342652277934,0.974462342081606,0.99030925479429,1,0.993101838190431,0.990100919998915,0.970651302338809,0.955696630098906,0.55800206136304
-0.370179301500393,-0.214114227795372,-0.142407030662797,-0.0162120053502342,0.111152667182976,0.180752934195152,0.233792214524143,0.284923581603867,0.373063352668827,0.472183378017721,0.52997435416216,0.596433120596299,0.630785057400139,0.668103097132177,0.710833762777724,0.746747613014628,0.780984316188281,0.798129278349156,0.829871379727435,0.858004351934925,0.880979242786489,0.907755421538489,0.926645532252281,0.945725878816766,0.950353001609453,0.97353512034264,0.993101838190431,1,0.994388939552586,0.980233322584043,0.967921686969292,0.557379235839928
-0.402742707585629,-0.245643752226511,-0.175015280805885,-0.0398907111018563,0.0900795132500452,0.160623057784637,0.216075835045933,0.269183692906602,0.358849207928316,0.459066948317187,0.519968462312348,0.589580685024384,0.624709201232381,0.664997798749042,0.708335920491097,0.74359239101805,0.776977386169364,0.796172207519049,0.82904502857121,0.856766905063826,0.879818028454466,0.905425571891208,0.927310191190733,0.944762785668824,0.951732480755231,0.97107158923616,0.990100919998915,0.994388939552586,1,0.989052164568725,0.973844432647899,0.568159684739298
-0.404410491434621,-0.262022391078765,-0.198013042647005,-0.0574634874776704,0.0651529179518427,0.128969036460433,0.18324935771412,0.234862227205027,0.319678125366711,0.420334483240521,0.478784520872324,0.548832015944718,0.583849678722646,0.624835576844771,0.669484281811659,0.70540311279186,0.73836726328136,0.75638798704267,0.790187694924514,0.819300209093745,0.843206403531418,0.867356400432324,0.894006618498404,0.912434174756722,0.924403687597844,0.945580262024729,0.970651302338809,0.980233322584043,0.989052164568725,1,0.98097768401558,0.584292935148283
-0.417585426411633,-0.284693009554773,-0.222371993994307,-0.0838329376753568,0.0352317127050332,0.0988022038532628,0.151753479590914,0.202916565392465,0.286807702925178,0.383331093030216,0.438703859406205,0.508470830629531,0.542753595623637,0.582993681107593,0.627582485211183,0.667961384761749,0.703863818650215,0.722661013421155,0.754702907946999,0.785741735145729,0.811745540984779,0.841430568342111,0.866735614479625,0.887620625872976,0.899260536836808,0.928533622385656,0.955696630098906,0.967921686969292,0.973844432647899,0.98097768401558,1,0.613998130649752
-0.411682666533542,-0.336710486436327,-0.310081443205262,-0.213940392492874,-0.131335381154146,-0.0939800934261541,-0.0565442385356114,-0.0169415861879885,0.0425877902752528,0.11537396840792,0.162031654300514,0.219227626440395,0.257271325874545,0.300753109113412,0.339326662045885,0.37376355258953,0.399469200266548,0.414388191401018,0.438497139656949,0.454792823431809,0.473681860088334,0.487109134310294,0.506941943062689,0.518904020705894,0.53759824738291,0.551438934146023,0.55800206136304,0.557379235839928,0.568159684739298,0.584292935148283,0.613998130649752,1
