1,0.937763948218437,0.920735135859432,0.908974888256524,0.900168516765962,0.893975082690769,0.887848508672968,0.884429520791111,0.879081516201276,0.874424454167318,0.870324465096506,0.866350926371055,0.862635490809977,0.858594663498146,0.856906295885018,0.853440230718248,0.849158328100177,0.844587784493552,0.840221865247753,0.835319109096748,0.831125883146334,0.826028886494014,0.821704924678442,0.815810473470413,0.811296311961714,0.805027683601974,0.795867221873433,0.78733031604829,0.772524883810712,0.742921601977944,0.654378346363636,0.2863911617009
0.937763948218437,1,0.988307898360389,0.979914367774098,0.974012999708825,0.969078724262902,0.965027646312677,0.961687423886515,0.956608548315888,0.952415583975483,0.948936387866407,0.946408901651791,0.943276969169355,0.939380932002861,0.936536838578889,0.933271380124453,0.929423730889182,0.925023161377148,0.921002658289869,0.916417961231535,0.911723991093612,0.907610209888174,0.903851996385063,0.898632266020389,0.893362390589053,0.887448401406546,0.879353219317481,0.871072457241576,0.855772894361079,0.82354338086819,0.726356965184241,0.325707004856623
0.920735135859432,0.988307898360389,1,0.994030145205279,0.989391188221439,0.984565276999982,0.980876173685924,0.978069246184267,0.973522062356977,0.969426065133777,0.965239753089991,0.962781795550504,0.959438878337152,0.955554122585825,0.95288936635191,0.949929844822035,0.946446192921705,0.942397841968087,0.938591455371651,0.934330827894674,0.929890208907397,0.926019104916948,0.922439218180643,0.917213585398717,0.911808501016138,0.906416501549942,0.898218480664554,0.890331558999813,0.875309750747938,0.843230235071904,0.741223572433999,0.342746897002944
0.908974888256524,0.979914367774098,0.994030145205279,1,0.996194044555859,0.99214656838236,0.988668157315407,0.985801359753706,0.981887877309955,0.977781696073123,0.974028304262195,0.971442121929131,0.968416192668474,0.964970100376158,0.962424667827552,0.959932082933842,0.956834199786997,0.953054831651315,0.949772492672671,0.946013509998494,0.942016174485956,0.938679391144754,0.935258620487928,0.930304931146826,0.925636893852539,0.920629764486959,0.912453634196706,0.904775626330922,0.889878106486291,0.858357883469022,0.756742618619486,0.351766184520004
0.900168516765962,0.974012999708825,0.989391188221439,0.996194044555859,1,0.996997291587344,0.994267626070827,0.991681607620447,0.988443490274168,0.984877358304701,0.98150699535789,0.978861629660288,0.975739872529913,0.972363967417131,0.969446519432645,0.96700753177369,0.963882547124735,0.960179758980679,0.956900792724538,0.953350493866141,0.949714858422745,0.946658252105318,0.943427022185746,0.938845567714708,0.934170604558521,0.929752266509228,0.9223107296793,0.91542816098792,0.900881057382818,0.869992160868741,0.767197484291158,0.36143127810261
0.893975082690769,0.969078724262902,0.984565276999982,0.99214656838236,0.996997291587344,1,0.997969188518537,0.995968966314198,0.993136085468225,0.99006486630774,0.987045653559579,0.984445024812053,0.981430027970884,0.978406995061677,0.975608670233702,0.973298507168366,0.970466862177575,0.966913933375779,0.963689034891346,0.960291859829218,0.956815772628815,0.953896724489384,0.951210403694255,0.946745636882116,0.942115012803798,0.937952108505389,0.930939368075864,0.924307773638104,0.910412641862762,0.880576937868629,0.777347770429307,0.368592723270107
0.887848508672968,0.965027646312677,0.980876173685924,0.988668157315407,0.994267626070827,0.997969188518537,1,0.998280649245398,0.996128075269908,0.993515301807651,0.99080654815488,0.988470026637305,0.985642836141401,0.982774812827356,0.979952955685091,0.977562738858848,0.974968535132472,0.97160344277861,0.968510629542196,0.965228545748089,0.962055621380906,0.959138173653364,0.956637883005765,0.95247057624655,0.947787018074888,0.943794292376917,0.937063515710702,0.930923828332368,0.917236265419101,0.886739937303434,0.782641406845304,0.370773042269687
0.884429520791111,0.961687423886515,0.978069246184267,0.985801359753706,0.991681607620447,0.995968966314198,0.998280649245398,1,0.998326540103983,0.996056400082729,0.993714133644838,0.991566945604795,0.989134702015017,0.986568845244238,0.983959403709066,0.981678876528537,0.979160444408061,0.975863162741389,0.972844297234949,0.96966840854605,0.966602671686843,0.96386450545242,0.961687636878395,0.957703579062206,0.953169401869923,0.949379981156488,0.942882389693005,0.936916144690582,0.923563319196726,0.893948569575176,0.789755256325059,0.375302602243854
0.879081516201276,0.956608548315888,0.973522062356977,0.981887877309955,0.988443490274168,0.993136085468225,0.996128075269908,0.998326540103983,1,0.998475585948128,0.996522317234742,0.994596982440312,0.992461390622155,0.990243565675679,0.987926031996192,0.985825989531379,0.983453594649616,0.980350217438837,0.977592302705713,0.974609901134001,0.971762557841681,0.96919954176073,0.966987216202952,0.963254029017168,0.958776432296121,0.954954354422737,0.948621096458979,0.942732031450489,0.929360705450158,0.899612460875961,0.795537819416887,0.37846764079053
0.874424454167318,0.952415583975483,0.969426065133777,0.977781696073123,0.984877358304701,0.99006486630774,0.993515301807651,0.996056400082729,0.998475585948128,1,0.998819035229398,0.997333775310224,0.995411280751468,0.993373170600371,0.991445174181028,0.989562509042872,0.987493592002959,0.984610160482077,0.982134000963281,0.979492820861734,0.976915336816671,0.974611930381458,0.972534395246534,0.96907021200637,0.964855177272519,0.961227970788638,0.955058756061566,0.949307643749027,0.936275912006127,0.907241206336055,0.803513180480557,0.383093825785255
0.870324465096506,0.948936387866407,0.965239753089991,0.974028304262195,0.98150699535789,0.987045653559579,0.99080654815488,0.993714133644838,0.996522317234742,0.998819035229398,1,0.998988474666686,0.997319889543936,0.995706941845087,0.993977787250167,0.992278051851246,0.990379910963942,0.987663855078011,0.985443592561159,0.982955340705343,0.980469366988089,0.978209410589927,0.976330076214349,0.973050980406167,0.969068477082132,0.965621293020237,0.959802601949376,0.954006626774005,0.941311236581352,0.913096504472502,0.810326053512991,0.387699896449816
0.866350926371055,0.946408901651791,0.962781795550504,0.971442121929131,0.978861629660288,0.984445024812053,0.988470026637305,0.991566945604795,0.994596982440312,0.997333775310224,0.998988474666686,1,0.998886273478695,0.997462438151952,0.995929656268858,0.994369903217464,0.992631508076725,0.990197037329645,0.988280905788388,0.986059906928728,0.983612152781265,0.981490820831596,0.979680461064083,0.976578600052096,0.972799687501353,0.96943153766498,0.963735427994085,0.958249584212462,0.946017060055482,0.918435190266858,0.815592066576363,0.390718402882312
0.862635490809977,0.943276969169355,0.959438878337152,0.968416192668474,0.975739872529913,0.981430027970884,0.985642836141401,0.989134702015017,0.992461390622155,0.995411280751468,0.997319889543936,0.998886273478695,1,0.999034051715929,0.997796074360674,0.996461096393305,0.994904964988576,0.992764049621262,0.990947193426777,0.988854119798869,0.986455905892702,0.984368539612684,0.982713995249381,0.979838681401557,0.976151274393118,0.972938107302541,0.967590054326683,0.962198445366645,0.950150186329145,0.923107276587323,0.820445250554337,0.392266535976707
0.858594663498146,0.939380932002861,0.955554122585825,0.964970100376158,0.972363967417131,0.978406995061677,0.982774812827356,0.986568845244238,0.990243565675679,0.993373170600371,0.995706941845087,0.997462438151952,0.999034051715929,1,0.999120212147055,0.998007145969381,0.996576559229588,0.99475170424801,0.993075932765174,0.991161208517864,0.988968799829736,0.986951279856122,0.985387969189596,0.982628535257345,0.978966621417892,0.975866003553623,0.970941078787174,0.965468017795971,0.953675104106156,0.926752738509145,0.824134518859876,0.394104586238347
0.856906295885018,0.936536838578889,0.95288936635191,0.962424667827552,0.969446519432645,0.975608670233702,0.979952955685091,0.983959403709066,0.987926031996192,0.991445174181028,0.993977787250167,0.995929656268858,0.997796074360674,0.999120212147055,1,0.999120168858273,0.997853448053965,0.996235952036927,0.994781877948325,0.993110731794981,0.991069768330469,0.989055642834651,0.987632334384756,0.984956444086707,0.981443684585596,0.978447806502528,0.973580133426175,0.968135746595818,0.956619524350706,0.930215472488572,0.828394913136857,0.396331642426538
0.853440230718248,0.933271380124453,0.949929844822035,0.959932082933842,0.96700753177369,0.973298507168366,0.977562738858848,0.981678876528537,0.985825989531379,0.989562509042872,0.992278051851246,0.994369903217464,0.996461096393305,0.998007145969381,0.999120168858273,1,0.999107373590656,0.99784499778724,0.996490359332084,0.994876063805582,0.992954509763152,0.991115063337091,0.989653684254217,0.987111152497084,0.983890906665696,0.981121621913689,0.976559002863372,0.971112234719799,0.95997571152506,0.93452923057267,0.833158660703989,0.399983752815276
0.849158328100177,0.929423730889182,0.946446192921705,0.956834199786997,0.963882547124735,0.970466862177575,0.974968535132472,0.979160444408061,0.983453594649616,0.987493592002959,0.990379910963942,0.992631508076725,0.994904964988576,0.996576559229588,0.997853448053965,0.999107373590656,1,0.999147028251949,0.997920504498049,0.996420317379206,0.994708766819325,0.992926720717289,0.991333448906505,0.988939970673712,0.986017953147523,0.983207199065335,0.978672668308529,0.97324732343375,0.96230767744598,0.936871064939462,0.83448171167387,0.399470785874273
0.844587784493552,0.925023161377148,0.942397841968087,0.953054831651315,0.960179758980679,0.966913933375779,0.97160344277861,0.975863162741389,0.980350217438837,0.984610160482077,0.987663855078011,0.990197037329645,0.992764049621262,0.99475170424801,0.996235952036927,0.99784499778724,0.999147028251949,1,0.999102638820804,0.997836821030073,0.996399000071971,0.994730127451664,0.993203158210415,0.991077862100133,0.988449740736596,0.985805991790357,0.981486825144296,0.976183755221843,0.965525098289001,0.940609757423503,0.839028459604544,0.402772851158004
0.840221865247753,0.921002658289869,0.938591455371651,0.949772492672671,0.956900792724538,0.963689034891346,0.968510629542196,0.972844297234949,0.977592302705713,0.982134000963281,0.985443592561159,0.988280905788388,0.990947193426777,0.993075932765174,0.994781877948325,0.996490359332084,0.997920504498049,0.999102638820804,1,0.999118599297777,0.997902121281279,0.99641957248895,0.994917013420537,0.99291174649547,0.990446478392372,0.988053106732344,0.983914389770975,0.978918686168908,0.968871767277216,0.945125406305607,0.844788540128628,0.409752522696545
0.835319109096748,0.916417961231535,0.934330827894674,0.946013509998494,0.953350493866141,0.960291859829218,0.965228545748089,0.96966840854605,0.974609901134001,0.979492820861734,0.982955340705343,0.986059906928728,0.988854119798869,0.991161208517864,0.993110731794981,0.994876063805582,0.996420317379206,0.997836821030073,0.999118599297777,1,0.999100531319027,0.997815080117825,0.996485560435515,0.994627117105035,0.992351590913228,0.989991977550293,0.985937639723674,0.981064471829849,0.971278331633191,0.948162265082672,0.848129822596504,0.414323814851614
0.831125883146334,0.911723991093612,0.929890208907397,0.942016174485956,0.949714858422745,0.956815772628815,0.962055621380906,0.966602671686843,0.971762557841681,0.976915336816671,0.980469366988089,0.983612152781265,0.986455905892702,0.988968799829736,0.991069768330469,0.992954509763152,0.994708766819325,0.996399000071971,0.997902121281279,0.999100531319027,1,0.998950461686515,0.997717157843585,0.996002831589433,0.993968999626506,0.991770360812879,0.987878915597723,0.98297979768761,0.97358198685928,0.950906279157975,0.851833788990961,0.417873192284559
0.826028886494014,0.907610209888174,0.926019104916948,0.938679391144754,0.946658252105318,0.953896724489384,0.959138173653364,0.96386450545242,0.96919954176073,0.974611930381458,0.978209410589927,0.981490820831596,0.984368539612684,0.986951279856122,0.989055642834651,0.991115063337091,0.992926720717289,0.994730127451664,0.99641957248895,0.997815080117825,0.998950461686515,1,0.998962714847692,0.997497060416877,0.995655077325499,0.993470454166832,0.989841342615128,0.98503592441367,0.975978547988685,0.953852899175555,0.855913890430843,0.42196635739755
0.821704924678442,0.903851996385063,0.922439218180643,0.935258620487928,0.943427022185746,0.951210403694255,0.956637883005765,0.961687636878395,0.966987216202952,0.972534395246534,0.976330076214349,0.979680461064083,0.982713995249381,0.985387969189596,0.987632334384756,0.989653684254217,0.991333448906505,0.993203158210415,0.994917013420537,0.996485560435515,0.997717157843585,0.998962714847692,1,0.998681572489846,0.997000715059554,0.994974669213711,0.991527732898901,0.9871403529311,0.978494533479183,0.95703933142462,0.860358331292779,0.426799646655949
0.815810473470413,0.898632266020389,0.917213585398717,0.930304931146826,0.938845567714708,0.946745636882116,0.95247057624655,0.957703579062206,0.963254029017168,0.96907021200637,0.973050980406167,0.976578600052096,0.979838681401557,0.982628535257345,0.984956444086707,0.987111152497084,0.988939970673712,0.991077862100133,0.99291174649547,0.994627117105035,0.996002831589433,0.997497060416877,0.998681572489846,1,0.998630590545755,0.996653720888949,0.993637203646292,0.989463171859558,0.981363484975355,0.960354929265705,0.864711456448106,0.432185345447834
0.811296311961714,0.893362390589053,0.911808501016138,0.925636893852539,0.934170604558521,0.942115012803798,0.947787018074888,0.953169401869923,0.958776432296121,0.964855177272519,0.969068477082132,0.972799687501353,0.976151274393118,0.978966621417892,0.981443684585596,0.983890906665696,0.986017953147523,0.988449740736596,0.990446478392372,0.992351590913228,0.993968999626506,0.995655077325499,0.997000715059554,0.998630590545755,1,0.998298679657422,0.995600135441496,0.991727529126851,0.984644030445794,0.964493719512007,0.871533433501644,0.439324742803932
0.805027683601974,0.887448401406546,0.906416501549942,0.920629764486959,0.929752266509228,0.937952108505389,0.943794292376917,0.949379981156488,0.954954354422737,0.961227970788638,0.965621293020237,0.96943153766498,0.972938107302541,0.975866003553623,0.978447806502528,0.981121621913689,0.983207199065335,0.985805991790357,0.988053106732344,0.989991977550293,0.991770360812879,0.993470454166832,0.994974669213711,0.996653720888949,0.998298679657422,1,0.99773778413451,0.994450005831861,0.987980063023464,0.96886382122889,0.879560122767372,0.448892868481265
0.795867221873433,0.879353219317481,0.898218480664554,0.912453634196706,0.9223107296793,0.930939368075864,0.937063515710702,0.942882389693005,0.948621096458979,0.955058756061566,0.959802601949376,0.963735427994085,0.967590054326683,0.970941078787174,0.973580133426175,0.976559002863372,0.978672668308529,0.981486825144296,0.983914389770975,0.985937639723674,0.987878915597723,0.989841342615128,0.991527732898901,0.993637203646292,0.995600135441496,0.99773778413451,1,0.997256532516312,0.992057344123786,0.974340124127441,0.889240150086062,0.461546041419544
0.78733031604829,0.871072457241576,0.890331558999813,0.904775626330922,0.91542816098792,0.924307773638104,0.930923828332368,0.936916144690582,0.942732031450489,0.949307643749027,0.954006626774005,0.958249584212462,0.962198445366645,0.965468017795971,0.968135746595818,0.971112234719799,0.97324732343375,0.976183755221843,0.978918686168908,0.981064471829849,0.98297979768761,0.98503592441367,0.9871403529311,0.989463171859558,0.991727529126851,0.994450005831861,0.997256532516312,1,0.995326293228801,0.979928271320906,0.898681423070699,0.477326105414869
0.772524883810712,0.855772894361079,0.875309750747938,0.889878106486291,0.900881057382818,0.910412641862762,0.917236265419101,0.923563319196726,0.929360705450158,0.936275912006127,0.941311236581352,0.946017060055482,0.950150186329145,0.953675104106156,0.956619524350706,0.95997571152506,0.96230767744598,0.965525098289001,0.968871767277216,0.971278331633191,0.97358198685928,0.975978547988685,0.978494533479183,0.981363484975355,0.984644030445794,0.987980063023464,0.992057344123786,0.995326293228801,1,0.988620275743999,0.915583287497154,0.504935956806511
0.742921601977944,0.82354338086819,0.843230235071904,0.858357883469022,0.869992160868741,0.880576937868629,0.886739937303434,0.893948569575176,0.899612460875961,0.907241206336055,0.913096504472502,0.918435190266858,0.923107276587323,0.926752738509145,0.930215472488572,0.93452923057267,0.936871064939462,0.940609757423503,0.945125406305607,0.948162265082672,0.950906279157975,0.953852899175555,0.95703933142462,0.960354929265705,0.964493719512007,0.96886382122889,0.974340124127441,0.979928271320906,0.988620275743999,1,0.94358940636716,0.536140263076283
0.654378346363636,0.726356965184241,0.741223572433999,0.756742618619486,0.767197484291158,0.777347770429307,0.782641406845304,0.789755256325059,0.795537819416887,0.803513180480557,0.810326053512991,0.815592066576363,0.820445250554337,0.824134518859876,0.828394913136857,0.833158660703989,0.83448171167387,0.839028459604544,0.844788540128628,0.848129822596504,0.851833788990961,0.855913890430843,0.860358331292779,0.864711456448106,0.871533433501644,0.879560122767372,0.889240150086062,0.898681423070699,0.915583287497154,0.94358940636716,1,0.637888050075938
0.2863911617009,0.325707004856623,0.342746897002944,0.351766184520004,0.36143127810261,0.368592723270107,0.370773042269687,0.375302602243854,0.37846764079053,0.383093825785255,0.387699896449816,0.390718402882312,0.392266535976707,0.394104586238347,0.396331642426538,0.399983752815276,0.399470785874273,0.402772851158004,0.409752522696545,0.414323814851614,0.417873192284559,0.42196635739755,0.426799646655949,0.432185345447834,0.439324742803932,0.448892868481265,0.461546041419544,0.477326105414869,0.504935956806511,0.536140263076283,0.637888050075938,1
