1,0.916509938825774,0.884210638497427,0.861110101058889,0.83685037250954,0.820722973233911,0.80032191023574,0.775244828121571,0.755015793793783,0.743960684969838,0.723734600085917,0.69036243590245,0.660807981256249,0.628499154364465,0.594435349994201,0.564212658293983,0.528840875396467,0.493833483160947,0.441125660023816,0.383140949923815,0.330542657628551,0.282155285400184,0.230606109467477,0.17439816354241,0.12445833481438,0.0772803238807528,0.0266187856194651,-0.0636318966596392,-0.1260140756597,-0.176067545137374,-0.216796226971617,-0.125661850349641
0.916509938825774,1,0.974643927258361,0.954136670698171,0.93598590219109,0.922472208579395,0.90337000890317,0.880310638182952,0.863577660156682,0.851521703982241,0.830089986766742,0.799727196634186,0.771202482320435,0.74085593156644,0.707735656498127,0.675919638101144,0.640773345881925,0.606086491284595,0.555239433024112,0.494653443703342,0.442083948255438,0.391635617564318,0.336842075922162,0.279001161746173,0.226112796999791,0.180047739932554,0.124294339510478,0.0226757833706511,-0.0428314286859121,-0.111477457445229,-0.171414629450606,-0.0950256706319779
0.884210638497427,0.974643927258361,1,0.985827477481783,0.972191415589862,0.959893514851034,0.945759138994407,0.928261269475493,0.914069044402455,0.902860826166135,0.885407254730041,0.859425563065841,0.83552193263067,0.809443210039964,0.77916552144488,0.74962182970444,0.717407393919319,0.685358406114129,0.638546174463537,0.582823572645754,0.531568568453462,0.481874529722967,0.428130885565123,0.371839577016551,0.320555404154663,0.271622449330861,0.215813748075928,0.109366022103819,0.0373300074932698,-0.0343430838210731,-0.114661460167138,-0.0661574515927451
0.861110101058889,0.954136670698171,0.985827477481783,1,0.990073799343933,0.979962523012131,0.968137161586915,0.95189711186246,0.939104526354444,0.929601196278716,0.912341595975591,0.888129619789657,0.865158786021499,0.841756988877174,0.812235897740311,0.78379251546901,0.754230261129368,0.72328944103602,0.678632824630046,0.625748355631566,0.575831354085518,0.527954239241175,0.47490124602237,0.418115411693135,0.367834499150813,0.318217069527277,0.263405717736053,0.156165901435339,0.0779177516677868,0.00569570971115884,-0.0764724243999727,-0.0460031149226806
0.83685037250954,0.93598590219109,0.972191415589862,0.990073799343933,1,0.992154587876212,0.983959239663275,0.97152277835968,0.960836078783861,0.952801325365709,0.937725943442554,0.916195501390702,0.894961224978462,0.874506419708708,0.848734629311168,0.821417410175057,0.792987243027105,0.764179011627047,0.722579858984497,0.671995995863596,0.623934144599211,0.578252634010055,0.527005982576882,0.471276929139186,0.421427249062702,0.373733676865663,0.318633116354866,0.20915241857305,0.126869971507867,0.052129435248412,-0.0349996481962806,-0.0156017910328889
0.820722973233911,0.922472208579395,0.959893514851034,0.979962523012131,0.992154587876212,1,0.994027826978974,0.983306589218707,0.973478721517346,0.96557651056097,0.951683886911705,0.931648716089055,0.912273353949665,0.892982998333106,0.869486075379959,0.844089810319304,0.817788822965118,0.790074784586978,0.749735565361162,0.700795123632657,0.653845251547483,0.608716973559126,0.558398017165222,0.504051991432087,0.455135260221301,0.407403114947781,0.354108463947975,0.24209510325359,0.157744092897176,0.0818012999510434,-0.00842146647976963,0.0093510966590653
0.80032191023574,0.90337000890317,0.945759138994407,0.968137161586915,0.983959239663275,0.994027826978974,1,0.993142825793515,0.985689685336941,0.979280403404669,0.967064522411622,0.948648296347849,0.930847192244234,0.913177782945209,0.891826939257457,0.86806663284597,0.843951029940745,0.817940404081198,0.779118525765221,0.732879894257793,0.687965887300047,0.645033475910218,0.596502821892156,0.543373661233656,0.495814365265986,0.448482768212877,0.395506245383836,0.282374914829058,0.195188875010715,0.119019000546287,0.0239720015411481,0.0318334562805664
0.775244828121571,0.880310638182952,0.928261269475493,0.95189711186246,0.97152277835968,0.983306589218707,0.993142825793515,1,0.994977723363222,0.989697511082143,0.980818710371739,0.966653217984356,0.950745068668634,0.935314180063121,0.916364464979645,0.894632291140542,0.872368377221093,0.848639877464746,0.813101748895947,0.769213589157636,0.727121418767162,0.686586069972219,0.639667186097802,0.588072481297855,0.542178410181543,0.494978290982396,0.442827366995329,0.328022299532756,0.237498589864871,0.159683304722753,0.058954509328148,0.0589355683614514
0.755015793793783,0.863577660156682,0.914069044402455,0.939104526354444,0.960836078783861,0.973478721517346,0.985689685336941,0.994977723363222,1,0.996211432920189,0.989270341529416,0.977883488482836,0.963799725736069,0.950100636905008,0.932153488001415,0.911509391202335,0.890236719524662,0.868242801398566,0.834748968677233,0.792266238226199,0.751797966205407,0.713108811484034,0.667929275538624,0.617354053442691,0.572080170443626,0.525283340842872,0.47431329627278,0.357633651944916,0.264778062622506,0.184873597830511,0.0813976867943362,0.072254562918735
0.743960684969838,0.851521703982241,0.902860826166135,0.929601196278716,0.952801325365709,0.96557651056097,0.979280403404669,0.989697511082143,0.996211432920189,1,0.995033710292558,0.985021366961204,0.9729052067146,0.960369897246702,0.943466979922868,0.924039610761896,0.903490140411559,0.882458374911102,0.850686894005167,0.810060663669024,0.770780817761411,0.733381842690598,0.689890909341787,0.641063330452694,0.597236207330674,0.551923865225015,0.501867441528414,0.385676681423459,0.291879843366345,0.212734452805707,0.108484236485251,0.0888796862140409
0.723734600085917,0.830089986766742,0.885407254730041,0.912341595975591,0.937725943442554,0.951683886911705,0.967064522411622,0.980818710371739,0.989270341529416,0.995033710292558,1,0.993204913358994,0.983478065959595,0.972778797573778,0.958192655349662,0.940596291034671,0.921383285964338,0.901611651207325,0.871977880522493,0.834025072221082,0.796486099498728,0.761393698340928,0.719884258248511,0.673402625788956,0.63088262487046,0.587656246055109,0.538459223575365,0.421331307213597,0.325977559801168,0.247004153691697,0.138951458572959,0.109535420610619
0.69036243590245,0.799727196634186,0.859425563065841,0.888129619789657,0.916195501390702,0.931648716089055,0.948648296347849,0.966653217984356,0.977883488482836,0.985021366961204,0.993204913358994,1,0.994498826594347,0.98650399396711,0.974498184342819,0.96007710479731,0.943255761358157,0.92565424795433,0.900217502392356,0.867236343144844,0.832683178615971,0.801099056580422,0.762901912863292,0.720418030606211,0.680192530848255,0.638191507401972,0.590748765850518,0.475259184881284,0.380605959772525,0.299072108652729,0.187675970926854,0.143792895942912
0.660807981256249,0.771202482320435,0.83552193263067,0.865158786021499,0.894961224978462,0.912273353949665,0.930847192244234,0.950745068668634,0.963799725736069,0.9729052067146,0.983478065959595,0.994498826594347,1,0.995606139063468,0.986393473238207,0.975184435446398,0.960923993607269,0.945651464217065,0.923293302301857,0.893412781503819,0.861990406555863,0.832518432622961,0.796820129262765,0.757341601619556,0.719208252180406,0.678174098575331,0.633201467844398,0.518569662325182,0.423111274443933,0.340009853278229,0.223612636427118,0.168296573801506
0.628499154364465,0.74085593156644,0.809443210039964,0.841756988877174,0.874506419708708,0.892982998333106,0.913177782945209,0.935314180063121,0.950100636905008,0.960369897246702,0.972778797573778,0.98650399396711,0.995606139063468,1,0.994194187733175,0.985176997673335,0.972847837171632,0.95943907570709,0.939740021684454,0.912464081364203,0.88349732155068,0.856566495745574,0.822854535618433,0.786170289338671,0.749794081967704,0.710336241762875,0.66711497555223,0.553827081386451,0.456684471488709,0.37490485597584,0.257620703224804,0.191055587433241
0.594435349994201,0.707735656498127,0.77916552144488,0.812235897740311,0.848734629311168,0.869486075379959,0.891826939257457,0.916364464979645,0.932153488001415,0.943466979922868,0.958192655349662,0.974498184342819,0.986393473238207,0.994194187733175,1,0.994777713231032,0.985382607100124,0.974369566745988,0.957377914467075,0.933037545189865,0.907295230367936,0.883448160991338,0.852228302445123,0.817803526379178,0.782917851461588,0.745334444324572,0.703605268313957,0.590492398567665,0.491792648848006,0.410340767742391,0.290378859970428,0.217138877887584
0.564212658293983,0.675919638101144,0.74962182970444,0.78379251546901,0.821417410175057,0.844089810319304,0.86806663284597,0.894632291140542,0.911509391202335,0.924039610761896,0.940596291034671,0.96007710479731,0.975184435446398,0.985176997673335,0.994777713231032,1,0.99474323015532,0.986246072086336,0.972360294682636,0.951769747931497,0.92907601416572,0.907475451303056,0.879695838944311,0.848296247375295,0.815903487629829,0.779794393506798,0.740812525934076,0.631047308152729,0.532499898952751,0.450457502734981,0.324420835655649,0.233331418363834
0.528840875396467,0.640773345881925,0.717407393919319,0.754230261129368,0.792987243027105,0.817788822965118,0.843951029940745,0.872368377221093,0.890236719524662,0.903490140411559,0.921383285964338,0.943255761358157,0.960923993607269,0.972847837171632,0.985382607100124,0.99474323015532,1,0.995377336403874,0.984622960372958,0.967701640416232,0.947839935214631,0.928541226748897,0.902983004722574,0.874261790617549,0.8442653189096,0.81010711537865,0.77319209693226,0.66502925090945,0.566262943002681,0.484388745519804,0.354751244921986,0.253080121237953
0.493833483160947,0.606086491284595,0.685358406114129,0.72328944103602,0.764179011627047,0.790074784586978,0.817940404081198,0.848639877464746,0.868242801398566,0.882458374911102,0.901611651207325,0.92565424795433,0.945651464217065,0.95943907570709,0.974369566745988,0.986246072086336,0.995377336403874,1,0.993716045549845,0.980706748530051,0.963787203370274,0.946376112141058,0.923413293619034,0.895782479217093,0.867304254468555,0.834682582614271,0.799974378238156,0.693246092400196,0.5947147080068,0.51350574712738,0.380857277065939,0.271396983099101
0.441125660023816,0.555239433024112,0.638546174463537,0.678632824630046,0.722579858984497,0.749735565361162,0.779118525765221,0.813101748895947,0.834748968677233,0.850686894005167,0.871977880522493,0.900217502392356,0.923293302301857,0.939740021684454,0.957377914467075,0.972360294682636,0.984622960372958,0.993716045549845,1,0.992743817387976,0.980348125213088,0.966081893346516,0.946310920803401,0.921628412314803,0.89542333822289,0.86500935718626,0.832726911854089,0.729951378549199,0.63353857085987,0.552778229034551,0.417478980425685,0.299319474638192
0.383140949923815,0.494653443703342,0.582823572645754,0.625748355631566,0.671995995863596,0.700795123632657,0.732879894257793,0.769213589157636,0.792266238226199,0.810060663669024,0.834025072221082,0.867236343144844,0.893412781503819,0.912464081364203,0.933037545189865,0.951769747931497,0.967701640416232,0.980706748530051,0.992743817387976,1,0.993861684820067,0.983984072540665,0.969296365317885,0.949859305304633,0.927463985975298,0.900549318553176,0.871529233350949,0.77857636272695,0.688228568580342,0.608783963237366,0.469744466847571,0.329219481454144
0.330542657628551,0.442083948255438,0.531568568453462,0.575831354085518,0.623934144599211,0.653845251547483,0.687965887300047,0.727121418767162,0.751797966205407,0.770780817761411,0.796486099498728,0.832683178615971,0.861990406555863,0.88349732155068,0.907295230367936,0.92907601416572,0.947839935214631,0.963787203370274,0.980348125213088,0.993861684820067,1,0.994147949534474,0.983325232899227,0.96677951392063,0.946732983084382,0.922133838293803,0.89643818015538,0.81001626006918,0.7219330651867,0.643774370489773,0.505572444543103,0.359260551217696
0.282155285400184,0.391635617564318,0.481874529722967,0.527954239241175,0.578252634010055,0.608716973559126,0.645033475910218,0.686586069972219,0.713108811484034,0.733381842690598,0.761393698340928,0.801099056580422,0.832518432622961,0.856566495745574,0.883448160991338,0.907475451303056,0.928541226748897,0.946376112141058,0.966081893346516,0.983984072540665,0.994147949534474,1,0.993369558929652,0.980930203693539,0.964175741877288,0.943421146450856,0.920176065123642,0.838973709074499,0.754515211371757,0.679059829834022,0.544456791395719,0.386355633904485
0.230606109467477,0.336842075922162,0.428130885565123,0.47490124602237,0.527005982576882,0.558398017165222,0.596502821892156,0.639667186097802,0.667929275538624,0.689890909341787,0.719884258248511,0.762901912863292,0.796820129262765,0.822854535618433,0.852228302445123,0.879695838944311,0.902983004722574,0.923413293619034,0.946310920803401,0.969296365317885,0.983325232899227,0.993369558929652,1,0.992688592749057,0.980108339999354,0.964140864135581,0.945956919060974,0.876478906208429,0.798056366658415,0.728171242065379,0.597641748345793,0.416025476460733
0.17439816354241,0.279001161746173,0.371839577016551,0.418115411693135,0.471276929139186,0.504051991432087,0.543373661233656,0.588072481297855,0.617354053442691,0.641063330452694,0.673402625788956,0.720418030606211,0.757341601619556,0.786170289338671,0.817803526379178,0.848296247375295,0.874261790617549,0.895782479217093,0.921628412314803,0.949859305304633,0.96677951392063,0.980930203693539,0.992688592749057,1,0.993527487707161,0.981560664441283,0.967976109423901,0.908933090692062,0.838814631209399,0.773584840426098,0.644645759483825,0.441236734165507
0.12445833481438,0.226112796999791,0.320555404154663,0.367834499150813,0.421427249062702,0.455135260221301,0.495814365265986,0.542178410181543,0.572080170443626,0.597236207330674,0.63088262487046,0.680192530848255,0.719208252180406,0.749794081967704,0.782917851461588,0.815903487629829,0.8442653189096,0.867304254468555,0.89542333822289,0.927463985975298,0.946732983084382,0.964175741877288,0.980108339999354,0.993527487707161,1,0.992466705785964,0.982502121224088,0.934276342381592,0.870945047135396,0.811221764341387,0.685942940861988,0.461575505135988
0.0772803238807528,0.180047739932554,0.271622449330861,0.318217069527277,0.373733676865663,0.407403114947781,0.448482768212877,0.494978290982396,0.525283340842872,0.551923865225015,0.587656246055109,0.638191507401972,0.678174098575331,0.710336241762875,0.745334444324572,0.779794393506798,0.81010711537865,0.834682582614271,0.86500935718626,0.900549318553176,0.922133838293803,0.943421146450856,0.964140864135581,0.981560664441283,0.992466705785964,1,0.992836298963281,0.95718013045222,0.902902749348829,0.84715958012666,0.725863086317146,0.48557016397611
0.0266187856194651,0.124294339510478,0.215813748075928,0.263405717736053,0.318633116354866,0.354108463947975,0.395506245383836,0.442827366995329,0.47431329627278,0.501867441528414,0.538459223575365,0.590748765850518,0.633201467844398,0.66711497555223,0.703605268313957,0.740812525934076,0.77319209693226,0.799974378238156,0.832726911854089,0.871529233350949,0.89643818015538,0.920176065123642,0.945956919060974,0.967976109423901,0.982502121224088,0.992836298963281,1,0.9734905486359,0.923450082827807,0.874481927153201,0.758599452883353,0.508171265578452
-0.0636318966596392,0.0226757833706511,0.109366022103819,0.156165901435339,0.20915241857305,0.24209510325359,0.282374914829058,0.328022299532756,0.357633651944916,0.385676681423459,0.421331307213597,0.475259184881284,0.518569662325182,0.553827081386451,0.590492398567665,0.631047308152729,0.66502925090945,0.693246092400196,0.729951378549199,0.77857636272695,0.81001626006918,0.838973709074499,0.876478906208429,0.908933090692062,0.934276342381592,0.95718013045222,0.9734905486359,1,0.979943650347318,0.949251268946662,0.848121907620979,0.538474841801893
-0.1260140756597,-0.0428314286859121,0.0373300074932698,0.0779177516677868,0.126869971507867,0.157744092897176,0.195188875010715,0.237498589864871,0.264778062622506,0.291879843366345,0.325977559801168,0.380605959772525,0.423111274443933,0.456684471488709,0.491792648848006,0.532499898952751,0.566262943002681,0.5947147080068,0.63353857085987,0.688228568580342,0.7219330651867,0.754515211371757,0.798056366658415,0.838814631209399,0.870945047135396,0.902902749348829,0.923450082827807,0.979943650347318,1,0.97964856248449,0.889801865842502,0.547006925871215
-0.176067545137374,-0.111477457445229,-0.0343430838210731,0.00569570971115884,0.052129435248412,0.0818012999510434,0.119019000546287,0.159683304722753,0.184873597830511,0.212734452805707,0.247004153691697,0.299072108652729,0.340009853278229,0.37490485597584,0.410340767742391,0.450457502734981,0.484388745519804,0.51350574712738,0.552778229034551,0.608783963237366,0.643774370489773,0.679059829834022,0.728171242065379,0.773584840426098,0.811221764341387,0.84715958012666,0.874481927153201,0.949251268946662,0.97964856248449,1,0.939826722229338,0.57932084498661
-0.216796226971617,-0.171414629450606,-0.114661460167138,-0.0764724243999727,-0.0349996481962806,-0.00842146647976963,0.0239720015411481,0.058954509328148,0.0813976867943362,0.108484236485251,0.138951458572959,0.187675970926854,0.223612636427118,0.257620703224804,0.290378859970428,0.324420835655649,0.354751244921986,0.380857277065939,0.417478980425685,0.469744466847571,0.505572444543103,0.544456791395719,0.597641748345793,0.644645759483825,0.685942940861988,0.725863086317146,0.758599452883353,0.848121907620979,0.889801865842502,0.939826722229338,1,0.704232341789232
-0.125661850349641,-0.0950256706319779,-0.0661574515927451,-0.0460031149226806,-0.0156017910328889,0.0093510966590653,0.0318334562805664,0.0589355683614514,0.072254562918735,0.0888796862140409,0.109535420610619,0.143792895942912,0.168296573801506,0.191055587433241,0.217138877887584,0.233331418363834,0.253080121237953,0.271396983099101,0.299319474638192,0.329219481454144,0.359260551217696,0.386355633904485,0.416025476460733,0.441236734165507,0.461575505135988,0.48557016397611,0.508171265578452,0.538474841801893,0.547006925871215,0.57932084498661,0.704232341789232,1
