1,0.80703288957884,0.769020874486441,0.75903693967489,0.750567536782114,0.745131892501343,0.739545939446348,0.737647999833376,0.736447102818081,0.73136416239735,0.725675768429931,0.723276015773803,0.718149200091753,0.713841074753579,0.708345266177276,0.705633973469226,0.706375136337408,0.701577326022352,0.696948866942336,0.693326355650432,0.685189655566428,0.677307604941986,0.670477956565693,0.66623713929476,0.658922359927352,0.653455142717567,0.650537144446746,0.652271465816311,0.646381223833059,0.62360405169108,0.571105794224399,0.186044785536353
0.80703288957884,1,0.971079620960871,0.959025834644131,0.950287443533438,0.945847516027279,0.942470205266273,0.9419494846804,0.941283016215392,0.938251554248916,0.935913815369621,0.934409634414745,0.93190726498421,0.928379044503913,0.924042989203058,0.921485331906854,0.920498937648007,0.91686640037879,0.912538836989546,0.907964527974565,0.902022928257288,0.895098536794415,0.889058202123779,0.883616618502899,0.876225165342145,0.871284493869073,0.865057514428692,0.862566507236866,0.85554963883336,0.832228665883723,0.770864175749953,0.272498431084034
0.769020874486441,0.971079620960871,1,0.987090750614743,0.979270543126786,0.97413324587903,0.969769327682534,0.967863478031578,0.966053161136393,0.962853434296871,0.960150421324997,0.95826098152787,0.955433939029698,0.95196629485929,0.949220184107806,0.947341247400945,0.945323591388545,0.94194513709761,0.938010694287807,0.933613673574042,0.928556028095838,0.922185715983849,0.916123704797294,0.91131563907624,0.902561452044292,0.897450505659178,0.890279449045054,0.887298385457322,0.879637614663736,0.856057003238637,0.789359756468037,0.282662162797676
0.75903693967489,0.959025834644131,0.987090750614743,1,0.992104627008576,0.986944781399074,0.982922850844868,0.9801114231336,0.977953980293337,0.975308091411687,0.972656399104048,0.970574082342822,0.967973652263511,0.964946944738842,0.961778797931993,0.959083428142856,0.956617995451827,0.953030529077023,0.949015929554091,0.945106076408332,0.940281494007524,0.934310843473717,0.92900608729828,0.924128034777053,0.915195399141706,0.909905225319452,0.903089758791728,0.900420061875706,0.893076832139401,0.869299492328181,0.799756561750193,0.2853701566182
0.750567536782114,0.950287443533438,0.979270543126786,0.992104627008576,1,0.99483612556904,0.990086527189559,0.987716333450429,0.984688080969173,0.982098722503669,0.979857598131955,0.977672661979086,0.974502458662373,0.971399932071346,0.968010990603054,0.965039418967651,0.962260069139487,0.958705812500948,0.95481263400654,0.950523730815491,0.945349393140491,0.939540557908385,0.934296773665843,0.928314683449957,0.919969772696484,0.915046425866473,0.908262072347443,0.905789956312782,0.898331384304981,0.872876887384488,0.801119373749484,0.282354805482513
0.745131892501343,0.945847516027279,0.97413324587903,0.986944781399074,0.99483612556904,1,0.995435597997497,0.99231921395202,0.988797829111131,0.986000520713392,0.98339123822151,0.981446885300886,0.978600763705828,0.975843216554409,0.972714973863145,0.969537952173768,0.966804649700777,0.963500795534778,0.95936430782737,0.95496140244957,0.948909152140532,0.943424103169855,0.937946525740178,0.931754741819498,0.924155277439594,0.919774327758566,0.913258319794792,0.910521626158465,0.90312405228814,0.878581261400543,0.80868250286847,0.291772587827432
0.739545939446348,0.942470205266273,0.969769327682534,0.982922850844868,0.990086527189559,0.995435597997497,1,0.996693296423813,0.993012391830037,0.99022756522499,0.987838183812036,0.985907673744367,0.982884289163833,0.979897970226869,0.976658206777993,0.973886309564837,0.971056195491722,0.967781601328315,0.963271633670976,0.958642949120414,0.952787756590812,0.947172969752072,0.941258690128563,0.934874711839004,0.926904427687978,0.922318391866351,0.915923914871044,0.913009464855983,0.905790517386763,0.881487723076402,0.812455583877578,0.294053537845802
0.737647999833376,0.9419494846804,0.967863478031578,0.9801114231336,0.987716333450429,0.99231921395202,0.996693296423813,1,0.996870957574321,0.994197247440458,0.991663781181007,0.989408366457048,0.986527007516615,0.983519263960295,0.980533179699645,0.977610303736464,0.974718410049437,0.971252211998668,0.966812093268187,0.962223238927398,0.956707384489848,0.950958732040364,0.944653496495919,0.938233089925031,0.930181387176949,0.925736854380249,0.919536830694854,0.916637829554081,0.910001270587837,0.885918254091268,0.817708042921399,0.303527828079945
0.736447102818081,0.941283016215392,0.966053161136393,0.977953980293337,0.984688080969173,0.988797829111131,0.993012391830037,0.996870957574321,1,0.997555109126835,0.994984046514426,0.992383306135925,0.98950497569669,0.986344479729658,0.983088387628738,0.980089603560622,0.977174647197742,0.973621380369251,0.96913391591174,0.964570575319078,0.95913090730623,0.953127408526258,0.946901879738363,0.940902784159575,0.93265922854446,0.928931193826406,0.922602023694787,0.920103681264095,0.913710113323259,0.889746766412298,0.823213990252162,0.307462450509216
0.73136416239735,0.938251554248916,0.962853434296871,0.975308091411687,0.982098722503669,0.986000520713392,0.99022756522499,0.994197247440458,0.997555109126835,1,0.997573350230967,0.995041258017292,0.992311727508059,0.989244338998418,0.985669852058903,0.982445609911525,0.979604185057823,0.976234668300619,0.971540297348573,0.96724059124705,0.961673544553793,0.955900132511412,0.949817086116321,0.944113645514379,0.936382667679771,0.932577357528464,0.926603556204278,0.924209743176203,0.918027743085902,0.895203067453268,0.828321551941951,0.310810405236273
0.725675768429931,0.935913815369621,0.960150421324997,0.972656399104048,0.979857598131955,0.98339123822151,0.987838183812036,0.991663781181007,0.994984046514426,0.997573350230967,1,0.997834173093451,0.994816276864756,0.991832909091308,0.988425320487033,0.985249830967779,0.982295059961861,0.979058271360492,0.974361480099564,0.970018118474308,0.965030123259033,0.959304441364385,0.953395482514964,0.947523711541107,0.939318156776975,0.935371358014968,0.929556916591264,0.927262742315781,0.921200457929709,0.898766877473036,0.831864403815552,0.314170916888484
0.723276015773803,0.934409634414745,0.95826098152787,0.970574082342822,0.977672661979086,0.981446885300886,0.985907673744367,0.989408366457048,0.992383306135925,0.995041258017292,0.997834173093451,1,0.99775373036755,0.994886321379428,0.991421237439275,0.988230332321649,0.985158753339409,0.981593982524331,0.976783670144466,0.972706402524821,0.967772924372444,0.961912687221657,0.956129429423041,0.95019998216626,0.942216408256383,0.938311679614211,0.932791646044334,0.930041905169236,0.924108367016634,0.902215574125011,0.834937526942703,0.316808079196105
0.718149200091753,0.93190726498421,0.955433939029698,0.967973652263511,0.974502458662373,0.978600763705828,0.982884289163833,0.986527007516615,0.98950497569669,0.992311727508059,0.994816276864756,0.99775373036755,1,0.997657158156357,0.994652949298746,0.991688114717866,0.988551633837043,0.98523319804693,0.980625796964733,0.976734179526078,0.971658121951642,0.965839404887582,0.960624044866599,0.954917537347903,0.947315251398695,0.943431418342386,0.938321284789824,0.935312409619074,0.929021891111826,0.908518229153629,0.842097659834086,0.330060755600539
0.713841074753579,0.928379044503913,0.95196629485929,0.964946944738842,0.971399932071346,0.975843216554409,0.979897970226869,0.983519263960295,0.986344479729658,0.989244338998418,0.991832909091308,0.994886321379428,0.997657158156357,1,0.997701178869061,0.994976517026789,0.992002738410093,0.988908594874608,0.984293644057677,0.980332683426755,0.974909527437643,0.969121579634271,0.963928013033267,0.958075587987394,0.951007639023461,0.947274263801558,0.942373991170052,0.939275395628739,0.933766449604656,0.913907991441724,0.848297942144532,0.343791225057102
0.708345266177276,0.924042989203058,0.949220184107806,0.961778797931993,0.968010990603054,0.972714973863145,0.976658206777993,0.980533179699645,0.983088387628738,0.985669852058903,0.988425320487033,0.991421237439275,0.994652949298746,0.997701178869061,1,0.997678834189923,0.994997546687742,0.991779497359677,0.987067122493184,0.983098092474721,0.977191273440799,0.971375976194922,0.96629503588178,0.960668532321157,0.953627190136118,0.950059702537353,0.944845101639649,0.941746518618244,0.936140447312967,0.916322318945802,0.850847707722023,0.354692091015483
0.705633973469226,0.921485331906854,0.947341247400945,0.959083428142856,0.965039418967651,0.969537952173768,0.973886309564837,0.977610303736464,0.980089603560622,0.982445609911525,0.985249830967779,0.988230332321649,0.991688114717866,0.994976517026789,0.997678834189923,1,0.998109376197391,0.995472308141575,0.991079508193471,0.987334567499914,0.981737108384049,0.97614017354645,0.971347127435139,0.965686640453858,0.958774626016955,0.955224607324375,0.949604221378214,0.946660616635823,0.940968985858296,0.920965126477831,0.856430750833704,0.360093995172447
0.706375136337408,0.920498937648007,0.945323591388545,0.956617995451827,0.962260069139487,0.966804649700777,0.971056195491722,0.974718410049437,0.977174647197742,0.979604185057823,0.982295059961861,0.985158753339409,0.988551633837043,0.992002738410093,0.994997546687742,0.998109376197391,1,0.997822866881253,0.994022135065551,0.990225704818037,0.984746576210664,0.979180228610112,0.974287548443547,0.968447162414211,0.961714454163497,0.957903785969314,0.952609701687419,0.949797676256381,0.94395576594348,0.923977846667949,0.860860816134776,0.366695824334914
0.701577326022352,0.91686640037879,0.94194513709761,0.953030529077023,0.958705812500948,0.963500795534778,0.967781601328315,0.971252211998668,0.973621380369251,0.976234668300619,0.979058271360492,0.981593982524331,0.98523319804693,0.988908594874608,0.991779497359677,0.995472308141575,0.997822866881253,1,0.997071195943786,0.993639640345251,0.98876679962549,0.983233653511781,0.978450953367281,0.972520843405331,0.965742537220076,0.961899821288041,0.956780505652439,0.954157376056176,0.948517806794425,0.929352209981357,0.86669049648917,0.369586726076773
0.696948866942336,0.912538836989546,0.938010694287807,0.949015929554091,0.95481263400654,0.95936430782737,0.963271633670976,0.966812093268187,0.96913391591174,0.971540297348573,0.974361480099564,0.976783670144466,0.980625796964733,0.984293644057677,0.987067122493184,0.991079508193471,0.994022135065551,0.997071195943786,1,0.997649980004904,0.993766641493766,0.988942862163195,0.984552666012136,0.978647740237628,0.972178345425417,0.96816533035168,0.963242130737335,0.960590278392748,0.954756425017324,0.936935602159065,0.876694212820474,0.384667249825787
0.693326355650432,0.907964527974565,0.933613673574042,0.945106076408332,0.950523730815491,0.95496140244957,0.958642949120414,0.962223238927398,0.964570575319078,0.96724059124705,0.970018118474308,0.972706402524821,0.976734179526078,0.980332683426755,0.983098092474721,0.987334567499914,0.990225704818037,0.993639640345251,0.997649980004904,1,0.996912293738831,0.99265394119991,0.988590586446669,0.983152511819337,0.977324308635545,0.972758604279301,0.967957509932525,0.965342918258359,0.959637704250301,0.943003138975967,0.883011029295565,0.389400320451897
0.685189655566428,0.902022928257288,0.928556028095838,0.940281494007524,0.945349393140491,0.948909152140532,0.952787756590812,0.956707384489848,0.95913090730623,0.961673544553793,0.965030123259033,0.967772924372444,0.971658121951642,0.974909527437643,0.977191273440799,0.981737108384049,0.984746576210664,0.98876679962549,0.993766641493766,0.996912293738831,1,0.99732006273952,0.993537007534223,0.988492303790316,0.982426036657945,0.977821584996434,0.973158097035241,0.969857701940976,0.963830148736886,0.947119819066185,0.890737600577429,0.399809832418179
0.677307604941986,0.895098536794415,0.922185715983849,0.934310843473717,0.939540557908385,0.943424103169855,0.947172969752072,0.950958732040364,0.953127408526258,0.955900132511412,0.959304441364385,0.961912687221657,0.965839404887582,0.969121579634271,0.971375976194922,0.97614017354645,0.979180228610112,0.983233653511781,0.988942862163195,0.99265394119991,0.99732006273952,1,0.996939110527178,0.992401306558364,0.987117085776174,0.982565539473881,0.978048063586046,0.974042678049146,0.967196137874169,0.950432168456039,0.895910315866135,0.406601242316406
0.670477956565693,0.889058202123779,0.916123704797294,0.92900608729828,0.934296773665843,0.937946525740178,0.941258690128563,0.944653496495919,0.946901879738363,0.949817086116321,0.953395482514964,0.956129429423041,0.960624044866599,0.963928013033267,0.96629503588178,0.971347127435139,0.974287548443547,0.978450953367281,0.984552666012136,0.988590586446669,0.993537007534223,0.996939110527178,1,0.996657951789299,0.991850749310276,0.987742608935386,0.983498414882361,0.979383963637016,0.971808159066755,0.955377325003495,0.899729155794475,0.414327705460657
0.66623713929476,0.883616618502899,0.91131563907624,0.924128034777053,0.928314683449957,0.931754741819498,0.934874711839004,0.938233089925031,0.940902784159575,0.944113645514379,0.947523711541107,0.95019998216626,0.954917537347903,0.958075587987394,0.960668532321157,0.965686640453858,0.968447162414211,0.972520843405331,0.978647740237628,0.983152511819337,0.988492303790316,0.992401306558364,0.996657951789299,1,0.996449810584225,0.992293208824084,0.987885645989341,0.983272023605071,0.975318249721255,0.95901973116345,0.902532450917674,0.415062630325311
0.658922359927352,0.876225165342145,0.902561452044292,0.915195399141706,0.919969772696484,0.924155277439594,0.926904427687978,0.930181387176949,0.93265922854446,0.936382667679771,0.939318156776975,0.942216408256383,0.947315251398695,0.951007639023461,0.953627190136118,0.958774626016955,0.961714454163497,0.965742537220076,0.972178345425417,0.977324308635545,0.982426036657945,0.987117085776174,0.991850749310276,0.996449810584225,1,0.996483191003523,0.992287463955304,0.986839974753696,0.978611906507932,0.963414738844061,0.909035585502323,0.42782711857191
0.653455142717567,0.871284493869073,0.897450505659178,0.909905225319452,0.915046425866473,0.919774327758566,0.922318391866351,0.925736854380249,0.928931193826406,0.932577357528464,0.935371358014968,0.938311679614211,0.943431418342386,0.947274263801558,0.950059702537353,0.955224607324375,0.957903785969314,0.961899821288041,0.96816533035168,0.972758604279301,0.977821584996434,0.982565539473881,0.987742608935386,0.992293208824084,0.996483191003523,1,0.996142324316602,0.990735764877552,0.982200685580643,0.967090112302333,0.913848914558074,0.433778889007946
0.650537144446746,0.865057514428692,0.890279449045054,0.903089758791728,0.908262072347443,0.913258319794792,0.915923914871044,0.919536830694854,0.922602023694787,0.926603556204278,0.929556916591264,0.932791646044334,0.938321284789824,0.942373991170052,0.944845101639649,0.949604221378214,0.952609701687419,0.956780505652439,0.963242130737335,0.967957509932525,0.973158097035241,0.978048063586046,0.983498414882361,0.987885645989341,0.992287463955304,0.996142324316602,1,0.994853804644515,0.986016892339489,0.971025688972087,0.919777816825777,0.446208408185731
0.652271465816311,0.862566507236866,0.887298385457322,0.900420061875706,0.905789956312782,0.910521626158465,0.913009464855983,0.916637829554081,0.920103681264095,0.924209743176203,0.927262742315781,0.930041905169236,0.935312409619074,0.939275395628739,0.941746518618244,0.946660616635823,0.949797676256381,0.954157376056176,0.960590278392748,0.965342918258359,0.969857701940976,0.974042678049146,0.979383963637016,0.983272023605071,0.986839974753696,0.990735764877552,0.994853804644515,1,0.991497105836343,0.97758826126637,0.925583009774312,0.447142724267661
0.646381223833059,0.85554963883336,0.879637614663736,0.893076832139401,0.898331384304981,0.90312405228814,0.905790517386763,0.910001270587837,0.913710113323259,0.918027743085902,0.921200457929709,0.924108367016634,0.929021891111826,0.933766449604656,0.936140447312967,0.940968985858296,0.94395576594348,0.948517806794425,0.954756425017324,0.959637704250301,0.963830148736886,0.967196137874169,0.971808159066755,0.975318249721255,0.978611906507932,0.982200685580643,0.986016892339489,0.991497105836343,1,0.985940266806377,0.935134652590648,0.456143811707172
0.62360405169108,0.832228665883723,0.856057003238637,0.869299492328181,0.872876887384488,0.878581261400543,0.881487723076402,0.885918254091268,0.889746766412298,0.895203067453268,0.898766877473036,0.902215574125011,0.908518229153629,0.913907991441724,0.916322318945802,0.920965126477831,0.923977846667949,0.929352209981357,0.936935602159065,0.943003138975967,0.947119819066185,0.950432168456039,0.955377325003495,0.95901973116345,0.963414738844061,0.967090112302333,0.971025688972087,0.97758826126637,0.985940266806377,1,0.957610477824479,0.481165630082863
0.571105794224399,0.770864175749953,0.789359756468037,0.799756561750193,0.801119373749484,0.80868250286847,0.812455583877578,0.817708042921399,0.823213990252162,0.828321551941951,0.831864403815552,0.834937526942703,0.842097659834086,0.848297942144532,0.850847707722023,0.856430750833704,0.860860816134776,0.86669049648917,0.876694212820474,0.883011029295565,0.890737600577429,0.895910315866135,0.899729155794475,0.902532450917674,0.909035585502323,0.913848914558074,0.919777816825777,0.925583009774312,0.935134652590648,0.957610477824479,1,0.569380641168255
0.186044785536353,0.272498431084034,0.282662162797676,0.2853701566182,0.282354805482513,0.291772587827432,0.294053537845802,0.303527828079945,0.307462450509216,0.310810405236273,0.314170916888484,0.316808079196105,0.330060755600539,0.343791225057102,0.354692091015483,0.360093995172447,0.366695824334914,0.369586726076773,0.384667249825787,0.389400320451897,0.399809832418179,0.406601242316406,0.414327705460657,0.415062630325311,0.42782711857191,0.433778889007946,0.446208408185731,0.447142724267661,0.456143811707172,0.481165630082863,0.569380641168255,1
