1,0.903492520782296,0.876543030505698,0.862881532042954,0.848414663081165,0.843054270574927,0.838748119406281,0.833049541711895,0.829688268019831,0.826236598068901,0.818309320423399,0.811011417543605,0.805802227644387,0.79777693674019,0.792170711744969,0.788118110297645,0.7798993060054,0.773355431734333,0.76694158681758,0.763732454986803,0.756392718989855,0.752982982209044,0.745075701742883,0.737858707503261,0.730661648103393,0.725937382471467,0.715703728705086,0.703607513638398,0.685225439625172,0.646486554364028,0.553150497947439,0.212697129877167
0.903492520782296,1,0.972307366679764,0.956141346212366,0.944629000964906,0.938503992035326,0.931526083260415,0.92671293440983,0.922774076633986,0.919633602399265,0.913212399940043,0.907009167534992,0.90197117073955,0.893980384899309,0.888467811681118,0.885582511182451,0.877237550987757,0.872496015124363,0.867764847986717,0.861570907454514,0.852738009284318,0.849519458114404,0.841435869880309,0.835439163285535,0.829238591212714,0.824350478762402,0.814352880534362,0.803874482741813,0.784212117008288,0.74929643018516,0.654572231450567,0.271205458340339
0.876543030505698,0.972307366679764,1,0.988339792286202,0.979405648018706,0.972307247433374,0.96661644257328,0.961991766879051,0.958129524945247,0.955033432504382,0.950260439877318,0.945250857218033,0.940829164643073,0.934125817704316,0.929213803811546,0.925367034372752,0.917990547637487,0.913331303705113,0.908528291209189,0.902875445305574,0.895446846190084,0.891985077820955,0.88433188501516,0.878218190877403,0.873047801148434,0.867901016321077,0.85768326934522,0.847800984281215,0.829363650316128,0.792662371875654,0.695035670813135,0.294387725490497
0.862881532042954,0.956141346212366,0.988339792286202,1,0.992575486205812,0.986558626901308,0.981698351617818,0.977149647060983,0.973068318880493,0.969660139660019,0.964734423670022,0.960503031821375,0.95686882055429,0.951126818283859,0.946633568127037,0.943248451571234,0.936160631713923,0.931404743548097,0.925889685043828,0.920502390121101,0.912923822980659,0.909070592996943,0.901102882675133,0.895003409964838,0.889550956295942,0.885399867828355,0.874810885899049,0.865991003405598,0.847527467240637,0.810958767531826,0.714448575641476,0.30497884081764
0.848414663081165,0.944629000964906,0.979405648018706,0.992575486205812,1,0.994470312313725,0.989080006803543,0.984920056000355,0.980079542738781,0.976966052807198,0.972544363578089,0.968009649237092,0.96473484288426,0.9596112736831,0.955153903297982,0.951702439327924,0.94507767838227,0.939899459015055,0.934584703181134,0.928882561475134,0.921535448282398,0.917168005842648,0.908740291499088,0.902336985894017,0.896646976650421,0.892279846293353,0.882151579799309,0.874614795766777,0.854692002187167,0.819370855689194,0.725403532712407,0.308846728351294
0.843054270574927,0.938503992035326,0.972307247433374,0.986558626901308,0.994470312313725,1,0.995017368403443,0.990421218087428,0.9858727566214,0.982413636084093,0.977982169132022,0.973412854798551,0.970196159200165,0.965414203009368,0.961225405851671,0.957546292160408,0.951351783056412,0.94632892551552,0.940595739010573,0.9346195946237,0.927075681566993,0.922494537943711,0.91415648358388,0.907705705713884,0.90202130725198,0.897106853600552,0.887257672026195,0.879271348400853,0.859310473798695,0.825494398320077,0.730925876631259,0.3113681963463
0.838748119406281,0.931526083260415,0.96661644257328,0.981698351617818,0.989080006803543,0.995017368403443,1,0.995933019007621,0.992006731582544,0.988952995705103,0.985212558419008,0.981012513243835,0.977501239905293,0.972922155872556,0.96808043197982,0.964211585760368,0.958505367340747,0.953396918196964,0.948126610943784,0.942710371739284,0.935543263825001,0.931145315699782,0.92338274374438,0.916832191468749,0.911598299165458,0.906238741260567,0.896637621579714,0.888906686100425,0.869639026704558,0.836827158154755,0.74243077148095,0.319243247247762
0.833049541711895,0.92671293440983,0.961991766879051,0.977149647060983,0.984920056000355,0.990421218087428,0.995933019007621,1,0.996677911727248,0.993612786706825,0.989757777245865,0.985828183280636,0.982202735110446,0.977962486605503,0.97379580120591,0.969803446904811,0.964331440140834,0.959072970982206,0.953978853231679,0.948104962778864,0.940675025146033,0.936357560098522,0.928856592867945,0.922604811668478,0.91748708965266,0.911939842727253,0.902214168328851,0.894419154053693,0.875717598369831,0.842988605619516,0.75062858785948,0.324715013890347
0.829688268019831,0.922774076633986,0.958129524945247,0.973068318880493,0.980079542738781,0.9858727566214,0.992006731582544,0.996677911727248,1,0.997349490638191,0.99374989648671,0.99023299366274,0.986209074721607,0.981865371130493,0.977469686170921,0.972873213073611,0.967665332157499,0.962416300926623,0.956909275404851,0.950715444537539,0.943511946809371,0.938901528372071,0.93140125909672,0.924954761276842,0.920073522736053,0.914748104849886,0.905204575927882,0.897361906195367,0.879582234420356,0.846384439696682,0.753819924836546,0.326302915904113
0.826236598068901,0.919633602399265,0.955033432504382,0.969660139660019,0.976966052807198,0.982413636084093,0.988952995705103,0.993612786706825,0.997349490638191,1,0.996887254279891,0.993525998528327,0.989396914973485,0.985207606382765,0.980678631145618,0.97603268306499,0.970778734881683,0.965289215972307,0.959975954821285,0.954002532833599,0.946907642874999,0.942152202234119,0.934868517183485,0.928306521258038,0.923286070873411,0.918206621873637,0.909076356456469,0.901594846018055,0.88459801666019,0.851827621073468,0.759582508694955,0.332765252322263
0.818309320423399,0.913212399940043,0.950260439877318,0.964734423670022,0.972544363578089,0.977982169132022,0.985212558419008,0.989757777245865,0.99374989648671,0.996887254279891,1,0.997102883262683,0.993439569871764,0.989340806325846,0.98489092003274,0.980091090262321,0.974634071201491,0.96899135785274,0.963694568161855,0.957805527655621,0.951217546387124,0.946394041985487,0.939410951626431,0.933014699395922,0.928162080647098,0.92300188619166,0.914491143987112,0.907656484720348,0.891606221326581,0.859699481805574,0.766682022587855,0.338611926341239
0.811011417543605,0.907009167534992,0.945250857218033,0.960503031821375,0.968009649237092,0.973412854798551,0.981012513243835,0.985828183280636,0.99023299366274,0.993525998528327,0.997102883262683,1,0.99716605010823,0.993720695357658,0.989601051754743,0.9849807816681,0.979983819442571,0.974709631542062,0.969543296548111,0.963693227757934,0.957059205712296,0.952342171894769,0.945441403892061,0.939218207298293,0.934746551090272,0.929361562942455,0.920937416958776,0.914336397564014,0.899154075241949,0.86678460916635,0.77532971732375,0.345023156265674
0.805802227644387,0.90197117073955,0.940829164643073,0.95686882055429,0.96473484288426,0.970196159200165,0.977501239905293,0.982202735110446,0.986209074721607,0.989396914973485,0.993439569871764,0.99716605010823,1,0.997214764477782,0.993706644301683,0.989549901050074,0.985037605364999,0.979839966173617,0.974824718499532,0.969072088760761,0.962438222762109,0.957619637583146,0.950925874093754,0.945287788103221,0.941042957048197,0.93629095611953,0.92877193107016,0.922397169677371,0.906755182438996,0.875690032838605,0.786117347493886,0.354391618614479
0.79777693674019,0.893980384899309,0.934125817704316,0.951126818283859,0.9596112736831,0.965414203009368,0.972922155872556,0.977962486605503,0.981865371130493,0.985207606382765,0.989340806325846,0.993720695357658,0.997214764477782,1,0.997234607962969,0.99334045800777,0.989000849294227,0.984027460012178,0.978635768544526,0.972780840814843,0.966178218870491,0.961045608411842,0.954929985441935,0.949318837173523,0.945073337665424,0.940194027133873,0.933124942196121,0.927340835112482,0.913156002925117,0.88220504081995,0.79372061160912,0.360350461657847
0.792170711744969,0.888467811681118,0.929213803811546,0.946633568127037,0.955153903297982,0.961225405851671,0.96808043197982,0.97379580120591,0.977469686170921,0.980678631145618,0.98489092003274,0.989601051754743,0.993706644301683,0.997234607962969,1,0.997082317031315,0.993219490454446,0.988507198224954,0.983115856558785,0.977231853445689,0.970808620072963,0.965278749295294,0.959163942239493,0.953802110338953,0.950257904973864,0.945495986457451,0.938145279940112,0.932078179487467,0.918688479399578,0.888741894023097,0.801293678679912,0.370508436516381
0.788118110297645,0.885582511182451,0.925367034372752,0.943248451571234,0.951702439327924,0.957546292160408,0.964211585760368,0.969803446904811,0.972873213073611,0.97603268306499,0.980091090262321,0.9849807816681,0.989549901050074,0.99334045800777,0.997082317031315,1,0.997175364961876,0.993353624526465,0.988385993309996,0.983005186032838,0.976495126096905,0.970869741371124,0.965143864646937,0.959739950212424,0.955619969110149,0.950577455002609,0.943041706624222,0.936809512473072,0.923942116556093,0.895094323578149,0.80747786339898,0.375923361974455
0.7798993060054,0.877237550987757,0.917990547637487,0.936160631713923,0.94507767838227,0.951351783056412,0.958505367340747,0.964331440140834,0.967665332157499,0.970778734881683,0.974634071201491,0.979983819442571,0.985037605364999,0.989000849294227,0.993219490454446,0.997175364961876,1,0.997152085999005,0.993268001589662,0.988528573363213,0.982485896320694,0.977138572350497,0.97137061906245,0.966036572675951,0.96187095362403,0.956972300661982,0.949809978672839,0.943446761870444,0.931069751917427,0.904166712387606,0.818725729408842,0.389448891642201
0.773355431734333,0.872496015124363,0.913331303705113,0.931404743548097,0.939899459015055,0.94632892551552,0.953396918196964,0.959072970982206,0.962416300926623,0.965289215972307,0.96899135785274,0.974709631542062,0.979839966173617,0.984027460012178,0.988507198224954,0.993353624526465,0.997152085999005,1,0.997277334415632,0.993232341112967,0.986978745458954,0.981805204709715,0.976282563867368,0.971062595925605,0.967121108494778,0.961973341094477,0.955430573887476,0.948964590419658,0.93745113532782,0.911372417257353,0.826987107825976,0.395949894456291
0.76694158681758,0.867764847986717,0.908528291209189,0.925889685043828,0.934584703181134,0.940595739010573,0.948126610943784,0.953978853231679,0.956909275404851,0.959975954821285,0.963694568161855,0.969543296548111,0.974824718499532,0.978635768544526,0.983115856558785,0.988385993309996,0.993268001589662,0.997277334415632,1,0.997081195757213,0.991946467598467,0.987149124002302,0.981715982840296,0.976434705837914,0.972117733054235,0.96642701016957,0.960402957645614,0.954104654163019,0.943011082247031,0.918930427919948,0.836790333088326,0.409446562697076
0.763732454986803,0.861570907454514,0.902875445305574,0.920502390121101,0.928882561475134,0.9346195946237,0.942710371739284,0.948104962778864,0.950715444537539,0.954002532833599,0.957805527655621,0.963693227757934,0.969072088760761,0.972780840814843,0.977231853445689,0.983005186032838,0.988528573363213,0.993232341112967,0.997081195757213,1,0.996836592337854,0.992734194795452,0.987556663684952,0.982211294648085,0.977643662440503,0.972142207277675,0.965960294119963,0.959269798637155,0.948802791524618,0.925244223806567,0.844708490953761,0.420082196335908
0.756392718989855,0.852738009284318,0.895446846190084,0.912923822980659,0.921535448282398,0.927075681566993,0.935543263825001,0.940675025146033,0.943511946809371,0.946907642874999,0.951217546387124,0.957059205712296,0.962438222762109,0.966178218870491,0.970808620072963,0.976495126096905,0.982485896320694,0.986978745458954,0.991946467598467,0.996836592337854,1,0.997132309431157,0.992602173820373,0.987351686065432,0.982674903495466,0.977159993030554,0.971138144769675,0.964203207549607,0.954030248024276,0.932744243494021,0.855347204318519,0.438016401597345
0.752982982209044,0.849519458114404,0.891985077820955,0.909070592996943,0.917168005842648,0.922494537943711,0.931145315699782,0.936357560098522,0.938901528372071,0.942152202234119,0.946394041985487,0.952342171894769,0.957619637583146,0.961045608411842,0.965278749295294,0.970869741371124,0.977138572350497,0.981805204709715,0.987149124002302,0.992734194795452,0.997132309431157,1,0.996712405955086,0.99203353303767,0.987508305866797,0.981890959978802,0.975908830934339,0.968661194491701,0.958548544977759,0.938354242055908,0.86099667890555,0.4461986935053
0.745075701742883,0.841435869880309,0.88433188501516,0.901102882675133,0.908740291499088,0.91415648358388,0.92338274374438,0.928856592867945,0.93140125909672,0.934868517183485,0.939410951626431,0.945441403892061,0.950925874093754,0.954929985441935,0.959163942239493,0.965143864646937,0.97137061906245,0.976282563867368,0.981715982840296,0.987556663684952,0.992602173820373,0.996712405955086,1,0.996747418972187,0.99251532388982,0.986742977130095,0.981395531484421,0.97430091422175,0.964178426628517,0.944838728768912,0.868636888125784,0.454788267987764
0.737858707503261,0.835439163285535,0.878218190877403,0.895003409964838,0.902336985894017,0.907705705713884,0.916832191468749,0.922604811668478,0.924954761276842,0.928306521258038,0.933014699395922,0.939218207298293,0.945287788103221,0.949318837173523,0.953802110338953,0.959739950212424,0.966036572675951,0.971062595925605,0.976434705837914,0.982211294648085,0.987351686065432,0.99203353303767,0.996747418972187,1,0.996105416610882,0.990710147324261,0.985620003201899,0.97838010450929,0.96815269549835,0.949494904935297,0.875849107996213,0.464947987856122
0.730661648103393,0.829238591212714,0.873047801148434,0.889550956295942,0.896646976650421,0.90202130725198,0.911598299165458,0.91748708965266,0.920073522736053,0.923286070873411,0.928162080647098,0.934746551090272,0.941042957048197,0.945073337665424,0.950257904973864,0.955619969110149,0.96187095362403,0.967121108494778,0.972117733054235,0.977643662440503,0.982674903495466,0.987508305866797,0.99251532388982,0.996105416610882,1,0.99571484611897,0.99013607194621,0.982371163770542,0.972607764572213,0.953347344342279,0.879469342204989,0.472695406652466
0.725937382471467,0.824350478762402,0.867901016321077,0.885399867828355,0.892279846293353,0.897106853600552,0.906238741260567,0.911939842727253,0.914748104849886,0.918206621873637,0.92300188619166,0.929361562942455,0.93629095611953,0.940194027133873,0.945495986457451,0.950577455002609,0.956972300661982,0.961973341094477,0.96642701016957,0.972142207277675,0.977159993030554,0.981890959978802,0.986742977130095,0.990710147324261,0.99571484611897,1,0.995358324435177,0.987595892840782,0.977512479463901,0.957837312511628,0.886630120476845,0.488024716229597
0.715703728705086,0.814352880534362,0.85768326934522,0.874810885899049,0.882151579799309,0.887257672026195,0.896637621579714,0.902214168328851,0.905204575927882,0.909076356456469,0.914491143987112,0.920937416958776,0.92877193107016,0.933124942196121,0.938145279940112,0.943041706624222,0.949809978672839,0.955430573887476,0.960402957645614,0.965960294119963,0.971138144769675,0.975908830934339,0.981395531484421,0.985620003201899,0.99013607194621,0.995358324435177,1,0.993804658371506,0.983894300015532,0.966727803065166,0.90150025740539,0.50614197490426
0.703607513638398,0.803874482741813,0.847800984281215,0.865991003405598,0.874614795766777,0.879271348400853,0.888906686100425,0.894419154053693,0.897361906195367,0.901594846018055,0.907656484720348,0.914336397564014,0.922397169677371,0.927340835112482,0.932078179487467,0.936809512473072,0.943446761870444,0.948964590419658,0.954104654163019,0.959269798637155,0.964203207549607,0.968661194491701,0.97430091422175,0.97838010450929,0.982371163770542,0.987595892840782,0.993804658371506,1,0.990721265624739,0.975075368748694,0.912541707745364,0.513714609169019
0.685225439625172,0.784212117008288,0.829363650316128,0.847527467240637,0.854692002187167,0.859310473798695,0.869639026704558,0.875717598369831,0.879582234420356,0.88459801666019,0.891606221326581,0.899154075241949,0.906755182438996,0.913156002925117,0.918688479399578,0.923942116556093,0.931069751917427,0.93745113532782,0.943011082247031,0.948802791524618,0.954030248024276,0.958548544977759,0.964178426628517,0.96815269549835,0.972607764572213,0.977512479463901,0.983894300015532,0.990721265624739,1,0.986637471398906,0.925399325433221,0.53595460932339
0.646486554364028,0.74929643018516,0.792662371875654,0.810958767531826,0.819370855689194,0.825494398320077,0.836827158154755,0.842988605619516,0.846384439696682,0.851827621073468,0.859699481805574,0.86678460916635,0.875690032838605,0.88220504081995,0.888741894023097,0.895094323578149,0.904166712387606,0.911372417257353,0.918930427919948,0.925244223806567,0.932744243494021,0.938354242055908,0.944838728768912,0.949494904935297,0.953347344342279,0.957837312511628,0.966727803065166,0.975075368748694,0.986637471398906,1,0.949607468276907,0.589972678652993
0.553150497947439,0.654572231450567,0.695035670813135,0.714448575641476,0.725403532712407,0.730925876631259,0.74243077148095,0.75062858785948,0.753819924836546,0.759582508694955,0.766682022587855,0.77532971732375,0.786117347493886,0.79372061160912,0.801293678679912,0.80747786339898,0.818725729408842,0.826987107825976,0.836790333088326,0.844708490953761,0.855347204318519,0.86099667890555,0.868636888125784,0.875849107996213,0.879469342204989,0.886630120476845,0.90150025740539,0.912541707745364,0.925399325433221,0.949607468276907,1,0.700424537362657
0.212697129877167,0.271205458340339,0.294387725490497,0.30497884081764,0.308846728351294,0.3113681963463,0.319243247247762,0.324715013890347,0.326302915904113,0.332765252322263,0.338611926341239,0.345023156265674,0.354391618614479,0.360350461657847,0.370508436516381,0.375923361974455,0.389448891642201,0.395949894456291,0.409446562697076,0.420082196335908,0.438016401597345,0.4461986935053,0.454788267987764,0.464947987856122,0.472695406652466,0.488024716229597,0.50614197490426,0.513714609169019,0.53595460932339,0.589972678652993,0.700424537362657,1
