1,0.841075575974354,0.777966487224657,0.75418344610143,0.71552365038706,0.68549080335287,0.649968510183551,0.61850391360467,0.584681086978067,0.553462877000007,0.514304031900919,0.478035974269619,0.44792357797049,0.40889249819669,0.359580057886679,0.312696237028666,0.256617814625823,0.210717701323006,0.154552961164712,0.103802903215913,0.0605230383721474,0.0128190880471327,-0.0307968199655432,-0.0537823196165648,-0.0808893405750789,-0.108687178225796,-0.127955282770197,-0.120656784150439,-0.0560124816081219,-0.0045050009416577,0.041294775072119,0.0735774337584277
0.841075575974354,1,0.963891105638249,0.94269662734042,0.917441045551023,0.893319865340284,0.866906454361795,0.84151012021662,0.81043176593256,0.780003271414864,0.736060798353416,0.695144500369728,0.656116595226201,0.609564288355284,0.551777345517654,0.494421006190302,0.421294368794531,0.358706737803393,0.289384719037675,0.226264826261884,0.156855930725619,0.0857374596463827,0.0142399993150694,-0.0204896029221307,-0.0600165895509046,-0.100950957229036,-0.14073796184222,-0.133313068202949,-0.061188373265833,0.0260368960875188,0.0774437253737941,0.0462169238142343
0.777966487224657,0.963891105638249,1,0.978912845382137,0.958629744945802,0.942091757851827,0.921930277273375,0.899253892465656,0.871336179593261,0.840966732996227,0.798527387070463,0.757169801361547,0.719997364485011,0.676187044923482,0.619178311128796,0.562265398821562,0.490478494121087,0.425469147027176,0.354521347384216,0.288482026011886,0.214263209103857,0.13947836547149,0.064403318530599,0.028605458916878,-0.011737968385239,-0.0528875760075332,-0.0954527073440077,-0.0858461116595778,-0.0149801656669196,0.072087416682939,0.115646940744148,0.0547291670305801
0.75418344610143,0.94269662734042,0.978912845382137,1,0.984017722177863,0.96942121493031,0.952114931133509,0.934800964513869,0.911694337883309,0.884797324299667,0.846767299951665,0.807430211559777,0.771071100406446,0.728289350959867,0.673426684075431,0.618268918569814,0.550010817136772,0.486520114959603,0.416121604672286,0.3502582650119,0.276439250950375,0.199665321665846,0.119947305643668,0.0833230465570342,0.0437342650151063,-0.000753262275833106,-0.0466358386093409,-0.0412403577682511,0.0255976377404496,0.104233913418721,0.144996229179369,0.0683738970710539
0.71552365038706,0.917441045551023,0.958629744945802,0.984017722177863,1,0.989271249222736,0.975274658724533,0.960433977695428,0.941487814397179,0.918844204375117,0.884925703362877,0.848632447430814,0.815738459170362,0.775487126940844,0.72280097686871,0.670573986729011,0.604002084324441,0.540855701166208,0.469706333563977,0.405009049628973,0.329691023871416,0.25184580831917,0.167573379443007,0.128098670173941,0.0866189339772325,0.0381527787358647,-0.0117621111473313,-0.0102837820573062,0.0464846635362832,0.121729872991341,0.162701800947489,0.0712398633032367
0.68549080335287,0.893319865340284,0.942091757851827,0.96942121493031,0.989271249222736,1,0.988971136849184,0.97656328377669,0.962332323593899,0.942511708542748,0.911580057760375,0.877875958601751,0.848484024975371,0.811588447663726,0.760476293149831,0.710711826839305,0.646822261385405,0.584080470357737,0.512647827622919,0.447786970393265,0.373082486239539,0.295092060173611,0.208854344409641,0.168589061819242,0.12649280314294,0.0787536557742693,0.0261620228434453,0.0216238823578618,0.0692623821973498,0.133029860411497,0.171170360908625,0.0732426507375988
0.649968510183551,0.866906454361795,0.921930277273375,0.952114931133509,0.975274658724533,0.988971136849184,1,0.991786024792268,0.978865274994197,0.961467268636542,0.934346859713924,0.903118716738713,0.875957673320493,0.841814329192552,0.794771935682529,0.748076277213703,0.686692473641227,0.62545974237769,0.556020720286279,0.492953270505915,0.418897234470662,0.341236766634133,0.257062897840048,0.215933140971735,0.173016200149459,0.123745424840519,0.070752883058423,0.0629086807406884,0.099591479613436,0.157415366803441,0.189791591649965,0.0837760045015284
0.61850391360467,0.84151012021662,0.899253892465656,0.934800964513869,0.960433977695428,0.97656328377669,0.991786024792268,1,0.991013932217188,0.976905595126117,0.954523627413158,0.92665505251434,0.902007090583286,0.871615639936038,0.827399669312686,0.78382956632934,0.726764723641058,0.668455224314808,0.600647425829013,0.538973604463667,0.466862075605065,0.389432849275033,0.305699180553763,0.264610955671081,0.222618746350195,0.174194569611345,0.118645724589164,0.106502653094682,0.13667940853925,0.183074618589251,0.208460766344674,0.0858174978795302
0.584681086978067,0.81043176593256,0.871336179593261,0.911694337883309,0.941487814397179,0.962332323593899,0.978865274994197,0.991013932217188,1,0.991189224220838,0.974029101098075,0.951361096413893,0.930208580604222,0.903618241147766,0.862831570795496,0.821367807018376,0.769265479522609,0.71411492894741,0.649399157121217,0.589312614540809,0.519420982467134,0.441179306575244,0.35732200997868,0.315297960264,0.27417623820807,0.225873297495057,0.167665626213914,0.149270486493058,0.173107703872257,0.211335148808774,0.225951525782854,0.0964790620684637
0.553462877000007,0.780003271414864,0.840966732996227,0.884797324299667,0.918844204375117,0.942511708542748,0.961467268636542,0.976905595126117,0.991189224220838,1,0.990109277853766,0.971917693421289,0.954402600426312,0.931475442368465,0.894685712020044,0.855645851221417,0.806833987924708,0.754842541527669,0.692898547826097,0.633915552059288,0.564931066516464,0.486929939015032,0.401692852564927,0.358604016449705,0.317903693740869,0.270392553187745,0.210573158845072,0.187894180745758,0.202643369140677,0.233625258974291,0.234626358981948,0.097236337710262
0.514304031900919,0.736060798353416,0.798527387070463,0.846767299951665,0.884925703362877,0.911580057760375,0.934346859713924,0.954523627413158,0.974029101098075,0.990109277853766,1,0.99030565582314,0.976451082949616,0.956306008738668,0.925939896706853,0.891681644681775,0.847894124106385,0.799235271317233,0.74197782158893,0.685692545632981,0.619572817130279,0.543964351546644,0.459664195483923,0.416723082729759,0.376534256141731,0.331161970339445,0.271319412972143,0.239538183512779,0.242363860078594,0.258539554358013,0.248340675628435,0.10312513312938
0.478035974269619,0.695144500369728,0.757169801361547,0.807430211559777,0.848632447430814,0.877875958601751,0.903118716738713,0.92665505251434,0.951361096413893,0.971917693421289,0.99030565582314,1,0.991487880769827,0.974958975324345,0.950397990599911,0.919577427207601,0.878944644436572,0.832984199144307,0.779648819299649,0.726564001630211,0.662611086777021,0.589114092439078,0.505234840658149,0.463213607071036,0.424295472812937,0.380092009392842,0.318633530109434,0.280970023231216,0.27602465843036,0.27776956605338,0.258137919835875,0.101840808222776
0.44792357797049,0.656116595226201,0.719997364485011,0.771071100406446,0.815738459170362,0.848484024975371,0.875957673320493,0.902007090583286,0.930208580604222,0.954402600426312,0.976451082949616,0.991487880769827,1,0.989894546888671,0.971223696554697,0.946761896773082,0.910240888001055,0.868976573200497,0.819543560495463,0.770853557830394,0.709822995219533,0.639594356583014,0.557607057642629,0.515960646521352,0.478392354489943,0.434803929801443,0.371502396212368,0.329396967009098,0.313604418638071,0.299661051698794,0.279510283097981,0.109578234939975
0.40889249819669,0.609564288355284,0.676187044923482,0.728289350959867,0.775487126940844,0.811588447663726,0.841814329192552,0.871615639936038,0.903618241147766,0.931475442368465,0.956306008738668,0.974958975324345,0.989894546888671,1,0.987525064013894,0.967170303364868,0.934851468694785,0.897422985236173,0.852341089265976,0.80607016774029,0.748387042158826,0.680633441456626,0.600425349295644,0.561121127549604,0.524585455886848,0.481945383303524,0.418595805453801,0.373881326596533,0.345154570681378,0.314503477071047,0.293800722834106,0.112339202641776
0.359580057886679,0.551777345517654,0.619178311128796,0.673426684075431,0.72280097686871,0.760476293149831,0.794771935682529,0.827399669312686,0.862831570795496,0.894685712020044,0.925939896706853,0.950397990599911,0.971223696554697,0.987525064013894,1,0.989033262383401,0.964021381294952,0.933894756746663,0.894757855367999,0.854734402325034,0.803710394846076,0.742379055453279,0.667093454909405,0.628156703609244,0.591448776859141,0.550774366252351,0.487369776183726,0.433339920530428,0.390173384748743,0.339996574646888,0.310844382532543,0.118300319788535
0.312696237028666,0.494421006190302,0.562265398821562,0.618268918569814,0.670573986729011,0.710711826839305,0.748076277213703,0.78382956632934,0.821367807018376,0.855645851221417,0.891681644681775,0.919577427207601,0.946761896773082,0.967170303364868,0.989033262383401,1,0.98572028837921,0.963918074652495,0.933734401620995,0.900102707835552,0.856386231448039,0.801993911333243,0.732239776022551,0.697308416600465,0.662550306438673,0.623640883337238,0.560024495836104,0.504708320766573,0.443690387283376,0.370012250942293,0.330514144139682,0.132717668288612
0.256617814625823,0.421294368794531,0.490478494121087,0.550010817136772,0.604002084324441,0.646822261385405,0.686692473641227,0.726764723641058,0.769265479522609,0.806833987924708,0.847894124106385,0.878944644436572,0.910240888001055,0.934851468694785,0.964021381294952,0.98572028837921,1,0.988901477295364,0.96784640861169,0.941713820750449,0.908586699176075,0.865429504910257,0.807052516104725,0.776527519918548,0.745226090034087,0.709012396353031,0.649254432314717,0.589342622176122,0.507738350447541,0.407845647096572,0.351704957505734,0.152052711334355
0.210717701323006,0.358706737803393,0.425469147027176,0.486520114959603,0.540855701166208,0.584080470357737,0.62545974237769,0.668455224314808,0.71411492894741,0.754842541527669,0.799235271317233,0.832984199144307,0.868976573200497,0.897422985236173,0.933894756746663,0.963918074652495,0.988901477295364,1,0.988093842855352,0.968245747735557,0.943337905101327,0.907613816426347,0.855134083818422,0.826322218743531,0.797207239825103,0.763837038448278,0.707196304954897,0.643055457580257,0.544998855714585,0.429584947886836,0.367132903915631,0.166534950345243
0.154552961164712,0.289384719037675,0.354521347384216,0.416121604672286,0.469706333563977,0.512647827622919,0.556020720286279,0.600647425829013,0.649399157121217,0.692898547826097,0.74197782158893,0.779648819299649,0.819543560495463,0.852341089265976,0.894757855367999,0.933734401620995,0.96784640861169,0.988093842855352,1,0.989520002968063,0.972366994689055,0.944457272636278,0.898745080260355,0.874737703987923,0.849293936189013,0.818253491237001,0.764191618203412,0.699224517013762,0.583334638780081,0.450039225425425,0.379258460800287,0.179849522518909
0.103802903215913,0.226264826261884,0.288482026011886,0.3502582650119,0.405009049628973,0.447786970393265,0.492953270505915,0.538973604463667,0.589312614540809,0.633915552059288,0.685692545632981,0.726564001630211,0.770853557830394,0.80607016774029,0.854734402325034,0.900102707835552,0.941713820750449,0.968245747735557,0.989520002968063,1,0.991088869286338,0.969718667166862,0.931206410585907,0.910846026326736,0.888174904982561,0.859251763677919,0.807381691285367,0.73975384976187,0.608207999866646,0.465046458489447,0.387849975187402,0.193119348615377
0.0605230383721474,0.156855930725619,0.214263209103857,0.276439250950375,0.329691023871416,0.373082486239539,0.418897234470662,0.466862075605065,0.519420982467134,0.564931066516464,0.619572817130279,0.662611086777021,0.709822995219533,0.748387042158826,0.803710394846076,0.856386231448039,0.908586699176075,0.943337905101327,0.972366994689055,0.991088869286338,1,0.988210475420837,0.959593531655885,0.942681100758825,0.922630233501589,0.897755701399279,0.850202086585708,0.777893053866068,0.631607234591759,0.471701601280349,0.382078517443694,0.197402378828001
0.0128190880471327,0.0857374596463827,0.13947836547149,0.199665321665846,0.25184580831917,0.295092060173611,0.341236766634133,0.389432849275033,0.441179306575244,0.486929939015032,0.543964351546644,0.589114092439078,0.639594356583014,0.680633441456626,0.742379055453279,0.801993911333243,0.865429504910257,0.907613816426347,0.944457272636278,0.969718667166862,0.988210475420837,1,0.985181122718251,0.972185169171918,0.955341189982806,0.933743786095981,0.895099548454523,0.822856754283768,0.662107981399047,0.485873759889183,0.386251885359802,0.204152831735899
-0.0307968199655432,0.0142399993150694,0.064403318530599,0.119947305643668,0.167573379443007,0.208854344409641,0.257062897840048,0.305699180553763,0.35732200997868,0.401692852564927,0.459664195483923,0.505234840658149,0.557607057642629,0.600425349295644,0.667093454909405,0.732239776022551,0.807052516104725,0.855134083818422,0.898745080260355,0.931206410585907,0.959593531655885,0.985181122718251,1,0.992361007943583,0.979126551895388,0.963213209075669,0.935539603253858,0.864066665988489,0.699448450084677,0.510871971034717,0.394004687104722,0.216161071842216
-0.0537823196165648,-0.0204896029221307,0.028605458916878,0.0833230465570342,0.128098670173941,0.168589061819242,0.215933140971735,0.264610955671081,0.315297960264,0.358604016449705,0.416723082729759,0.463213607071036,0.515960646521352,0.561121127549604,0.628156703609244,0.697308416600465,0.776527519918548,0.826322218743531,0.874737703987923,0.910846026326736,0.942681100758825,0.972185169171918,0.992361007943583,1,0.991873288106496,0.978329304300477,0.955068112617122,0.89010579187149,0.725194855231861,0.533455545335896,0.407734638011731,0.226091203470535
-0.0808893405750789,-0.0600165895509046,-0.011737968385239,0.0437342650151063,0.0866189339772325,0.12649280314294,0.173016200149459,0.222618746350195,0.27417623820807,0.317903693740869,0.376534256141731,0.424295472812937,0.478392354489943,0.524585455886848,0.591448776859141,0.662550306438673,0.745226090034087,0.797207239825103,0.849293936189013,0.888174904982561,0.922630233501589,0.955341189982806,0.979126551895388,0.991873288106496,1,0.989970352044525,0.969148657716691,0.9063969855432,0.741388915939883,0.542718532375434,0.417834065685808,0.231899174293268
-0.108687178225796,-0.100950957229036,-0.0528875760075332,-0.000753262275833106,0.0381527787358647,0.0787536557742693,0.123745424840519,0.174194569611345,0.225873297495057,0.270392553187745,0.331161970339445,0.380092009392842,0.434803929801443,0.481945383303524,0.550774366252351,0.623640883337238,0.709012396353031,0.763837038448278,0.818253491237001,0.859251763677919,0.897755701399279,0.933743786095981,0.963213209075669,0.978329304300477,0.989970352044525,1,0.984598623353338,0.923271904461194,0.761182646838167,0.557305951417282,0.435209966249339,0.243171869136573
-0.127955282770197,-0.14073796184222,-0.0954527073440077,-0.0466358386093409,-0.0117621111473313,0.0261620228434453,0.070752883058423,0.118645724589164,0.167665626213914,0.210573158845072,0.271319412972143,0.318633530109434,0.371502396212368,0.418595805453801,0.487369776183726,0.560024495836104,0.649254432314717,0.707196304954897,0.764191618203412,0.807381691285367,0.850202086585708,0.895099548454523,0.935539603253858,0.955068112617122,0.969148657716691,0.984598623353338,1,0.947294785095313,0.793836352170284,0.59641920989097,0.459450585603662,0.266991285913305
-0.120656784150439,-0.133313068202949,-0.0858461116595778,-0.0412403577682511,-0.0102837820573062,0.0216238823578618,0.0629086807406884,0.106502653094682,0.149270486493058,0.187894180745758,0.239538183512779,0.280970023231216,0.329396967009098,0.373881326596533,0.433339920530428,0.504708320766573,0.589342622176122,0.643055457580257,0.699224517013762,0.73975384976187,0.777893053866068,0.822856754283768,0.864066665988489,0.89010579187149,0.9063969855432,0.923271904461194,0.947294785095313,1,0.90168798056197,0.704431238342917,0.513896838757647,0.306657495804186
-0.0560124816081219,-0.061188373265833,-0.0149801656669196,0.0255976377404496,0.0464846635362832,0.0692623821973498,0.099591479613436,0.13667940853925,0.173107703872257,0.202643369140677,0.242363860078594,0.27602465843036,0.313604418638071,0.345154570681378,0.390173384748743,0.443690387283376,0.507738350447541,0.544998855714585,0.583334638780081,0.608207999866646,0.631607234591759,0.662107981399047,0.699448450084677,0.725194855231861,0.741388915939883,0.761182646838167,0.793836352170284,0.90168798056197,1,0.829046908242609,0.598074565617774,0.31830416401935
-0.0045050009416577,0.0260368960875188,0.072087416682939,0.104233913418721,0.121729872991341,0.133029860411497,0.157415366803441,0.183074618589251,0.211335148808774,0.233625258974291,0.258539554358013,0.27776956605338,0.299661051698794,0.314503477071047,0.339996574646888,0.370012250942293,0.407845647096572,0.429584947886836,0.450039225425425,0.465046458489447,0.471701601280349,0.485873759889183,0.510871971034717,0.533455545335896,0.542718532375434,0.557305951417282,0.59641920989097,0.704431238342917,0.829046908242609,1,0.730140363370315,0.382339463368285
0.041294775072119,0.0774437253737941,0.115646940744148,0.144996229179369,0.162701800947489,0.171170360908625,0.189791591649965,0.208460766344674,0.225951525782854,0.234626358981948,0.248340675628435,0.258137919835875,0.279510283097981,0.293800722834106,0.310844382532543,0.330514144139682,0.351704957505734,0.367132903915631,0.379258460800287,0.387849975187402,0.382078517443694,0.386251885359802,0.394004687104722,0.407734638011731,0.417834065685808,0.435209966249339,0.459450585603662,0.513896838757647,0.598074565617774,0.730140363370315,1,0.566954072098983
0.0735774337584277,0.0462169238142343,0.0547291670305801,0.0683738970710539,0.0712398633032367,0.0732426507375988,0.0837760045015284,0.0858174978795302,0.0964790620684637,0.097236337710262,0.10312513312938,0.101840808222776,0.109578234939975,0.112339202641776,0.118300319788535,0.132717668288612,0.152052711334355,0.166534950345243,0.179849522518909,0.193119348615377,0.197402378828001,0.204152831735899,0.216161071842216,0.226091203470535,0.231899174293268,0.243171869136573,0.266991285913305,0.306657495804186,0.31830416401935,0.382339463368285,0.566954072098983,1
