1,0.802883956536505,0.73467192952782,0.686192936167881,0.651251500113519,0.627655351803986,0.597915915536397,0.579494688603538,0.562384658554937,0.547148649286173,0.540896657114105,0.524577892128924,0.511890122784922,0.49269860589927,0.473271020604066,0.462423853736134,0.449299265542151,0.440158764712626,0.431216015226673,0.419577566112269,0.406044793869663,0.394169375055203,0.373554283750225,0.341753336869344,0.206147807006911,0.18384440259696,0.155092601595218,0.0766406158398355,-0.00288896089285773,-0.0553946558534962,-0.111083116025546,-0.168104139890804
0.802883956536505,1,0.938536023909953,0.895123305496453,0.853608119636713,0.82870222659481,0.802734002750244,0.781201629254753,0.765223436955653,0.746152081975303,0.734523229847303,0.720956707173039,0.704838397411035,0.688174421078174,0.669168313241508,0.656860714998269,0.640738430091743,0.631171066868938,0.620445187833915,0.608179565859505,0.59090966813229,0.57593972089706,0.552859554573238,0.511688404428618,0.339310662118578,0.309854676824555,0.257641177022948,0.160661288011314,0.0659891839577666,-0.0127630305173931,-0.0839045639884765,-0.128862425472002
0.73467192952782,0.938536023909953,1,0.97263755590003,0.937429020340209,0.91923047131865,0.895560502377524,0.875652678865635,0.857283639311793,0.839924548777404,0.830206639624358,0.816480937040316,0.800308401490787,0.784331751881913,0.769254596873772,0.758844297697101,0.744791788376275,0.734147671162182,0.724092425012042,0.71299469567106,0.695756904362111,0.67875561337048,0.655415557243703,0.611317949057227,0.408971048718739,0.375700361453611,0.310214818808133,0.205152508982262,0.101061419782815,0.0255764578594199,-0.0516336090827696,-0.0926021400140405
0.686192936167881,0.895123305496453,0.97263755590003,1,0.972196711346169,0.953270761256597,0.932201006151713,0.914394010935899,0.896708195488253,0.881577452512981,0.872643000634009,0.860712493548812,0.845345962347905,0.830603884739829,0.816600218079814,0.806120581391971,0.792875480054559,0.782724836358528,0.773472980432286,0.761502464939946,0.744835454572695,0.728575726130915,0.704846629874625,0.66305504939669,0.447708294005263,0.413961095837529,0.346108566151226,0.239007279388867,0.130690660952104,0.0579198498114627,-0.0178235570247219,-0.0607504954981303
0.651251500113519,0.853608119636713,0.937429020340209,0.972196711346169,1,0.986503091285293,0.97111759070935,0.95462536903013,0.941675523879543,0.928005291243584,0.919637839055456,0.908870663046916,0.897173587542094,0.883408404218975,0.868865491684971,0.858126524259096,0.845249975859099,0.835391331651733,0.82590808659616,0.813662065455819,0.7994930435955,0.785600560274086,0.762570194342721,0.721677122633544,0.490428500873136,0.456932143912866,0.380609735941851,0.26736812976896,0.158753949497929,0.0894685342956356,0.0200877488895511,-0.0141948797684974
0.627655351803986,0.82870222659481,0.91923047131865,0.953270761256597,0.986503091285293,1,0.987415002487153,0.972131058912373,0.961188553295107,0.948167408545625,0.939503850891901,0.929086194207875,0.917944613318914,0.90464151978911,0.890736717527411,0.879179411641266,0.865801491794345,0.855680748249662,0.845116072420005,0.832295995794841,0.819030806391679,0.805810212926646,0.784083904128893,0.744127069162712,0.510549506038116,0.475104162046703,0.392930713630882,0.277729306400923,0.168382364639887,0.0934646210207215,0.0275388152813253,-0.00680254528096814
0.597915915536397,0.802734002750244,0.895560502377524,0.932201006151713,0.97111759070935,0.987415002487153,1,0.986532042744031,0.976142197612047,0.964050039914665,0.955272076441769,0.945588523589903,0.935299556109563,0.923765996232815,0.910398010061502,0.899870754735517,0.886856393375752,0.877336377392322,0.867351056634976,0.853843066399275,0.841617118670488,0.829540081668385,0.809631106743207,0.769682928751531,0.527295831104454,0.491558236825743,0.405400259283953,0.287676022937053,0.177895830026759,0.101461505097692,0.0359083116502684,0.00467135520379461
0.579494688603538,0.781201629254753,0.875652678865635,0.914394010935899,0.95462536903013,0.972131058912373,0.986532042744031,1,0.991501255836169,0.979841155694057,0.97075936221591,0.961044856141964,0.950238356776704,0.939557804045395,0.926447695480593,0.916126491448431,0.902937762657122,0.892654758521722,0.884395408321825,0.870970800827566,0.85904706752128,0.848328329835657,0.830194824211184,0.791129797445225,0.5464532640754,0.511077940621623,0.422414227120756,0.303438468127928,0.194687116417458,0.117625623461968,0.0507728744220833,0.0205770715768826
0.562384658554937,0.765223436955653,0.857283639311793,0.896708195488253,0.941675523879543,0.961188553295107,0.976142197612047,0.991501255836169,1,0.991268046125935,0.982674983848468,0.973362338118202,0.962792010542045,0.951942019929958,0.93947783691794,0.929322124703528,0.916708770768439,0.907000117705979,0.898327303500069,0.885453470298465,0.874309980737184,0.863885530744926,0.84672451962585,0.80823109171737,0.562243001897841,0.526926601667387,0.435633987874288,0.316044744365847,0.209031954777232,0.134285747546789,0.0696992485208952,0.038399244290391
0.547148649286173,0.746152081975303,0.839924548777404,0.881577452512981,0.928005291243584,0.948167408545625,0.964050039914665,0.979841155694057,0.991268046125935,1,0.993794177892295,0.985274326227243,0.976270858570404,0.966446334840733,0.954532467905365,0.945301186131804,0.933159377448862,0.924937221972987,0.916770281539649,0.904925219893946,0.895006706525928,0.884834119887134,0.86834173476852,0.831472251243987,0.580775442285607,0.546306771255609,0.454664446732769,0.333195280513703,0.22416632708197,0.152488516703377,0.0920185002741555,0.0567642265291062
0.540896657114105,0.734523229847303,0.830206639624358,0.872643000634009,0.919637839055456,0.939503850891901,0.955272076441769,0.97075936221591,0.982674983848468,0.993794177892295,1,0.994137973877126,0.985398070462197,0.976298199964044,0.965480020495176,0.956556373831424,0.944088791495049,0.936136632644064,0.927541627215111,0.915890246587599,0.906430183244229,0.896240189872392,0.881386193255669,0.846475353113973,0.592668822806462,0.56134106253457,0.475073413268048,0.351312366646397,0.238403303748922,0.166927330837969,0.107235307678885,0.0632358129678734
0.524577892128924,0.720956707173039,0.816480937040316,0.860712493548812,0.908870663046916,0.929086194207875,0.945588523589903,0.961044856141964,0.973362338118202,0.985274326227243,0.994137973877126,1,0.993556526455774,0.985501864500273,0.975705105519982,0.967453467046296,0.955621200276009,0.947874324769225,0.93893509210048,0.927632796751264,0.918588035260396,0.908910306566816,0.895191722964068,0.863817936154973,0.615722614776064,0.586705826493682,0.502425000486237,0.379584444794434,0.262569293441705,0.187996249908979,0.12752813808153,0.0769568692756044
0.511890122784922,0.704838397411035,0.800308401490787,0.845345962347905,0.897173587542094,0.917944613318914,0.935299556109563,0.950238356776704,0.962792010542045,0.976270858570404,0.985398070462197,0.993556526455774,1,0.994353190681582,0.985445834250432,0.978283960384318,0.967821788302432,0.960645083553153,0.95218099657735,0.941607533812813,0.932652925936745,0.923569469834339,0.909569802264574,0.879327442330374,0.629831184705681,0.60136808651339,0.515203378849272,0.391879046688418,0.276932807916273,0.203100114954162,0.144626115048316,0.090106089384152
0.49269860589927,0.688174421078174,0.784331751881913,0.830603884739829,0.883408404218975,0.90464151978911,0.923765996232815,0.939557804045395,0.951942019929958,0.966446334840733,0.976298199964044,0.985501864500273,0.994353190681582,1,0.994195568706554,0.987844037204915,0.978335189623019,0.971328218036029,0.963456825915072,0.953567720764338,0.944827740108233,0.935874300743279,0.923350464007732,0.894187978627024,0.64015762524538,0.614028662841901,0.531688773108123,0.410643437431858,0.293750383017603,0.218947606318954,0.161531428141573,0.107260894225604
0.473271020604066,0.669168313241508,0.769254596873772,0.816600218079814,0.868865491684971,0.890736717527411,0.910398010061502,0.926447695480593,0.93947783691794,0.954532467905365,0.965480020495176,0.975705105519982,0.985445834250432,0.994195568706554,1,0.995858785400945,0.987718808150134,0.981325864966593,0.974018898236475,0.964282185124591,0.956053594506027,0.94701443819156,0.934351004074977,0.905782264208625,0.650596109542539,0.624373204490096,0.541323605620912,0.427912554461569,0.313169178230523,0.238182734597506,0.183263460247896,0.122760234703498
0.462423853736134,0.656860714998269,0.758844297697101,0.806120581391971,0.858126524259096,0.879179411641266,0.899870754735517,0.916126491448431,0.929322124703528,0.945301186131804,0.956556373831424,0.967453467046296,0.978283960384318,0.987844037204915,0.995858785400945,1,0.994981434340116,0.988924912334963,0.981893652398753,0.972400172303502,0.965073612868969,0.955898870052746,0.942578699456146,0.914178459957619,0.657478536438366,0.631219004015386,0.54609924766808,0.431499075961768,0.318472752479156,0.24092782341187,0.1900789026263,0.129343485981282
0.449299265542151,0.640738430091743,0.744791788376275,0.792875480054559,0.845249975859099,0.865801491794345,0.886856393375752,0.902937762657122,0.916708770768439,0.933159377448862,0.944088791495049,0.955621200276009,0.967821788302432,0.978335189623019,0.987718808150134,0.994981434340116,1,0.995719207818535,0.988767102731888,0.980030602453628,0.973607574562831,0.964822617592791,0.952382523683393,0.925836204198649,0.675421994375769,0.648572451601578,0.561553994267699,0.447978252036693,0.335617245282352,0.257182608077455,0.205747604899414,0.143200873200884
0.440158764712626,0.631171066868938,0.734147671162182,0.782724836358528,0.835391331651733,0.855680748249662,0.877336377392322,0.892654758521722,0.907000117705979,0.924937221972987,0.936136632644064,0.947874324769225,0.960645083553153,0.971328218036029,0.981325864966593,0.988924912334963,0.995719207818535,1,0.995157886106433,0.98792756447705,0.981965427420967,0.973876464430894,0.961933004970502,0.937058187322203,0.6827599074121,0.656811784725817,0.573022185824442,0.462661466666718,0.349744413412148,0.272604547406671,0.221885280843926,0.159762274171974
0.431216015226673,0.620445187833915,0.724092425012042,0.773472980432286,0.82590808659616,0.845116072420005,0.867351056634976,0.884395408321825,0.898327303500069,0.916770281539649,0.927541627215111,0.93893509210048,0.95218099657735,0.963456825915072,0.974018898236475,0.981893652398753,0.988767102731888,0.995157886106433,1,0.995241302008138,0.989719154324216,0.982156187493091,0.971360302897897,0.946194905841639,0.689920768694367,0.664303792522586,0.581646831869575,0.474165851528879,0.363901157314845,0.291223873938479,0.237680283910609,0.176755353912325
0.419577566112269,0.608179565859505,0.71299469567106,0.761502464939946,0.813662065455819,0.832295995794841,0.853843066399275,0.870970800827566,0.885453470298465,0.904925219893946,0.915890246587599,0.927632796751264,0.941607533812813,0.953567720764338,0.964282185124591,0.972400172303502,0.980030602453628,0.98792756447705,0.995241302008138,1,0.995952626883369,0.989470375139049,0.979413517859286,0.955552678417375,0.697797215041198,0.67301814900502,0.593761819833313,0.487132707307763,0.380962072465759,0.310065248312518,0.255222526872432,0.194369151423835
0.406044793869663,0.59090966813229,0.695756904362111,0.744835454572695,0.7994930435955,0.819030806391679,0.841617118670488,0.85904706752128,0.874309980737184,0.895006706525928,0.906430183244229,0.918588035260396,0.932652925936745,0.944827740108233,0.956053594506027,0.965073612868969,0.973607574562831,0.981965427420967,0.989719154324216,0.995952626883369,1,0.994520219883596,0.985296837074028,0.963004761234332,0.707426639897527,0.683460524695128,0.605531893029063,0.498929704075264,0.393384837546727,0.32079626016467,0.268610946903813,0.208875523343181
0.394169375055203,0.57593972089706,0.67875561337048,0.728575726130915,0.785600560274086,0.805810212926646,0.829540081668385,0.848328329835657,0.863885530744926,0.884834119887134,0.896240189872392,0.908910306566816,0.923569469834339,0.935874300743279,0.94701443819156,0.955898870052746,0.964822617592791,0.973876464430894,0.982156187493091,0.989470375139049,0.994520219883596,1,0.992696496485766,0.971059909584812,0.715160174951495,0.691717928391939,0.614657905873299,0.51008630930492,0.408592701140173,0.339255346018863,0.288276795760297,0.22565305209274
0.373554283750225,0.552859554573238,0.655415557243703,0.704846629874625,0.762570194342721,0.784083904128893,0.809631106743207,0.830194824211184,0.84672451962585,0.86834173476852,0.881386193255669,0.895191722964068,0.909569802264574,0.923350464007732,0.934351004074977,0.942578699456146,0.952382523683393,0.961933004970502,0.971360302897897,0.979413517859286,0.985296837074028,0.992696496485766,1,0.981618453904263,0.723602111018398,0.706256173555477,0.638703725420864,0.533113303932027,0.426330329193584,0.364419992400904,0.313931289769557,0.248265762039775
0.341753336869344,0.511688404428618,0.611317949057227,0.66305504939669,0.721677122633544,0.744127069162712,0.769682928751531,0.791129797445225,0.80823109171737,0.831472251243987,0.846475353113973,0.863817936154973,0.879327442330374,0.894187978627024,0.905782264208625,0.914178459957619,0.925836204198649,0.937058187322203,0.946194905841639,0.955552678417375,0.963004761234332,0.971059909584812,0.981618453904263,1,0.808901639784758,0.800622173237763,0.748777691635313,0.653264449021335,0.545740968198622,0.454525028929525,0.380243557859069,0.286681701033634
0.206147807006911,0.339310662118578,0.408971048718739,0.447708294005263,0.490428500873136,0.510549506038116,0.527295831104454,0.5464532640754,0.562243001897841,0.580775442285607,0.592668822806462,0.615722614776064,0.629831184705681,0.64015762524538,0.650596109542539,0.657478536438366,0.675421994375769,0.6827599074121,0.689920768694367,0.697797215041198,0.707426639897527,0.715160174951495,0.723602111018398,0.808901639784758,1,0.985393726169347,0.886784170820056,0.840545464908993,0.781957375876362,0.586891928401984,0.420507840414592,0.285093960861114
0.18384440259696,0.309854676824555,0.375700361453611,0.413961095837529,0.456932143912866,0.475104162046703,0.491558236825743,0.511077940621623,0.526926601667387,0.546306771255609,0.56134106253457,0.586705826493682,0.60136808651339,0.614028662841901,0.624373204490096,0.631219004015386,0.648572451601578,0.656811784725817,0.664303792522586,0.67301814900502,0.683460524695128,0.691717928391939,0.706256173555477,0.800622173237763,0.985393726169347,1,0.937221930738292,0.892692498268722,0.828957732358954,0.644467019123852,0.481228970262102,0.33369030299165
0.155092601595218,0.257641177022948,0.310214818808133,0.346108566151226,0.380609735941851,0.392930713630882,0.405400259283953,0.422414227120756,0.435633987874288,0.454664446732769,0.475073413268048,0.502425000486237,0.515203378849272,0.531688773108123,0.541323605620912,0.54609924766808,0.561553994267699,0.573022185824442,0.581646831869575,0.593761819833313,0.605531893029063,0.614657905873299,0.638703725420864,0.748777691635313,0.886784170820056,0.937221930738292,1,0.967533718424231,0.884599954687423,0.735866966751453,0.581920541035167,0.397484742206446
0.0766406158398355,0.160661288011314,0.205152508982262,0.239007279388867,0.26736812976896,0.277729306400923,0.287676022937053,0.303438468127928,0.316044744365847,0.333195280513703,0.351312366646397,0.379584444794434,0.391879046688418,0.410643437431858,0.427912554461569,0.431499075961768,0.447978252036693,0.462661466666718,0.474165851528879,0.487132707307763,0.498929704075264,0.51008630930492,0.533113303932027,0.653264449021335,0.840545464908993,0.892692498268722,0.967533718424231,1,0.94682605641525,0.8011294267518,0.634678393822171,0.43973200635062
-0.00288896089285773,0.0659891839577666,0.101061419782815,0.130690660952104,0.158753949497929,0.168382364639887,0.177895830026759,0.194687116417458,0.209031954777232,0.22416632708197,0.238403303748922,0.262569293441705,0.276932807916273,0.293750383017603,0.313169178230523,0.318472752479156,0.335617245282352,0.349744413412148,0.363901157314845,0.380962072465759,0.393384837546727,0.408592701140173,0.426330329193584,0.545740968198622,0.781957375876362,0.828957732358954,0.884599954687423,0.94682605641525,1,0.861063253665665,0.697268661231784,0.529368549866124
-0.0553946558534962,-0.0127630305173931,0.0255764578594199,0.0579198498114627,0.0894685342956356,0.0934646210207215,0.101461505097692,0.117625623461968,0.134285747546789,0.152488516703377,0.166927330837969,0.187996249908979,0.203100114954162,0.218947606318954,0.238182734597506,0.24092782341187,0.257182608077455,0.272604547406671,0.291223873938479,0.310065248312518,0.32079626016467,0.339255346018863,0.364419992400904,0.454525028929525,0.586891928401984,0.644467019123852,0.735866966751453,0.8011294267518,0.861063253665665,1,0.863050999109774,0.694727549848464
-0.111083116025546,-0.0839045639884765,-0.0516336090827696,-0.0178235570247219,0.0200877488895511,0.0275388152813253,0.0359083116502684,0.0507728744220833,0.0696992485208952,0.0920185002741555,0.107235307678885,0.12752813808153,0.144626115048316,0.161531428141573,0.183263460247896,0.1900789026263,0.205747604899414,0.221885280843926,0.237680283910609,0.255222526872432,0.268610946903813,0.288276795760297,0.313931289769557,0.380243557859069,0.420507840414592,0.481228970262102,0.581920541035167,0.634678393822171,0.697268661231784,0.863050999109774,1,0.808148113434607
-0.168104139890804,-0.128862425472002,-0.0926021400140405,-0.0607504954981303,-0.0141948797684974,-0.00680254528096814,0.00467135520379461,0.0205770715768826,0.038399244290391,0.0567642265291062,0.0632358129678734,0.0769568692756044,0.090106089384152,0.107260894225604,0.122760234703498,0.129343485981282,0.143200873200884,0.159762274171974,0.176755353912325,0.194369151423835,0.208875523343181,0.22565305209274,0.248265762039775,0.286681701033634,0.285093960861114,0.33369030299165,0.397484742206446,0.43973200635062,0.529368549866124,0.694727549848464,0.808148113434607,1
