1,0.904191381536625,0.866461435934005,0.85259359037759,0.830526078144468,0.814640551759179,0.7995253558577,0.783246226322773,0.765738317604866,0.750799178816913,0.731318147107073,0.706616795137839,0.691261599444628,0.664800296806999,0.645905989078263,0.623644677633241,0.602404193603088,0.578665812923161,0.565161916602136,0.552512617590122,0.538291951988872,0.519593848597023,0.498687429335893,0.478094972262806,0.456868067698577,0.434567185109994,0.410623874963168,0.381300818966325,0.329366582229407,0.264460326915518,0.134151293638797,-0.0964669560671529
0.904191381536625,1,0.977145177526472,0.966883170611307,0.951606289296088,0.940915560204903,0.931548346750575,0.920576858192925,0.906126439156756,0.895181011563922,0.879982024077525,0.860574390148309,0.846815251424488,0.824504616929356,0.806164781186925,0.786123404323771,0.766924139919085,0.743081875596147,0.728594741920829,0.715708682613309,0.702585529438603,0.686911894805363,0.668910157739546,0.649164545800931,0.629072584841933,0.606564803853897,0.579902131278328,0.548188349204878,0.497457024328368,0.426998870339235,0.273386832679489,-0.0422927899022644
0.866461435934005,0.977145177526472,1,0.991078023110446,0.980827536989018,0.973720668260741,0.966779478718429,0.959026805744698,0.948425508169789,0.939264280919951,0.926767626794521,0.910525838599751,0.898768890763547,0.879056601042189,0.863633820586167,0.846456025113141,0.829598937534175,0.807451963230223,0.794039428715793,0.781484972368651,0.768934177931537,0.754840678648911,0.739145111172567,0.721222837478209,0.703092433386639,0.682728784404206,0.657757276957399,0.627739020728364,0.579653686587632,0.512654042966787,0.354649168821483,-0.000978358081223409
0.85259359037759,0.966883170611307,0.991078023110446,1,0.993162725483774,0.986705989553817,0.980558434635167,0.973755464287658,0.964794997047518,0.956397914641275,0.945132074531078,0.929638036648379,0.918771412885965,0.900482872426342,0.886419597417445,0.869388823365201,0.853182872804591,0.832345830562995,0.819465206031579,0.807616079060977,0.796183312998118,0.782891897829159,0.767708789239677,0.750600479249631,0.733123705223412,0.714007589120679,0.689643142356654,0.660649676270553,0.61348756634355,0.548459664455723,0.392055808812498,0.0255687650477942
0.830526078144468,0.951606289296088,0.980827536989018,0.993162725483774,1,0.995584202228485,0.990668259665789,0.984703767004106,0.977591970161122,0.970338787648915,0.961092985545937,0.947935599246784,0.93842934487998,0.922157242621472,0.909298310840162,0.893757096676682,0.878613136195247,0.859559463987779,0.847708679509331,0.836648998478488,0.826613302027254,0.814002649346029,0.800200404420022,0.784252403253447,0.767361656415766,0.749137741845823,0.725333452501444,0.697851094199502,0.651896381680392,0.588390058096242,0.430657123953978,0.0482578793572864
0.814640551759179,0.940915560204903,0.973720668260741,0.986705989553817,0.995584202228485,1,0.996827295092726,0.992005740815796,0.986200935789075,0.979499122876702,0.971031489164476,0.959062569670327,0.950495317353499,0.935841128513099,0.923989769002253,0.909875518869083,0.895718071161246,0.878088160667281,0.86721766993568,0.856809645913935,0.847321107218901,0.835455339866342,0.822080078560213,0.806967474120715,0.790763275201616,0.773356991551714,0.750619138390749,0.723792609249246,0.679640668343773,0.616909999105256,0.458161239264636,0.0648900295280657
0.7995253558577,0.931548346750575,0.966779478718429,0.980558434635167,0.990668259665789,0.996827295092726,1,0.996611219156621,0.991579346375017,0.985228595044957,0.977822566624189,0.966636706055841,0.958075684071026,0.943791954886825,0.93228191128142,0.919099480168124,0.905419351217639,0.888500746127525,0.877915411176449,0.867850085329104,0.858829057983739,0.847579320044706,0.835250919402816,0.820833435404116,0.805094130639721,0.788426028611615,0.765860771363958,0.739401276545845,0.696365121370233,0.63437556102624,0.475686217613043,0.0797043645611674
0.783246226322773,0.920576858192925,0.959026805744698,0.973755464287658,0.984703767004106,0.992005740815796,0.996611219156621,1,0.996827311065534,0.991704555617831,0.98515575779628,0.975160729575112,0.96748341979673,0.954098989430686,0.943448868711121,0.93144594845508,0.918850732841113,0.903059658077875,0.893055632325518,0.883616888783537,0.874934932271936,0.864331649262419,0.853185332453448,0.83938334292206,0.824418227368076,0.808538876632687,0.786621653060838,0.760958843661187,0.71944168151095,0.660490231849017,0.501658439275462,0.100783126424861
0.765738317604866,0.906126439156756,0.948425508169789,0.964794997047518,0.977591970161122,0.986200935789075,0.991579346375017,0.996827311065534,1,0.996977744460249,0.991999137808198,0.983512328174753,0.976468407891678,0.964676171439932,0.955224900615349,0.944012898071111,0.932402737612363,0.917806287129959,0.908346277672794,0.899489602349571,0.891183468451172,0.881271259990678,0.871184314471709,0.858380324687742,0.844109164258607,0.829280952806268,0.808003059283183,0.783319066269735,0.742886254332461,0.685351007289464,0.526926099913469,0.113544210420276
0.750799178816913,0.895181011563922,0.939264280919951,0.956397914641275,0.970338787648915,0.979499122876702,0.985228595044957,0.991704555617831,0.996977744460249,1,0.996885411560646,0.990199969504814,0.983638497475738,0.973129790370834,0.964398783927239,0.954004933983422,0.943226263363454,0.929390299895346,0.92043329029236,0.912319783638069,0.904803926960034,0.895611886530802,0.886074496547057,0.87400547535351,0.860593897625212,0.846418490776302,0.82535353901416,0.801203284537256,0.761954179275636,0.705872535989362,0.546619044635308,0.122425200977211
0.731318147107073,0.879982024077525,0.926767626794521,0.945132074531078,0.961092985545937,0.971031489164476,0.977822566624189,0.98515575779628,0.991999137808198,0.996885411560646,1,0.99634583414616,0.991021083820731,0.982030311338294,0.973996349664971,0.964339284592265,0.95449927684531,0.941813811783636,0.933327598876407,0.925581262702697,0.918795282142912,0.910424595571065,0.901536424503573,0.890486273061284,0.877855034388997,0.865061843380837,0.844888889358955,0.822123282546298,0.78458725390429,0.730064514023503,0.570918339771102,0.140969492121343
0.706616795137839,0.860574390148309,0.910525838599751,0.929638036648379,0.947935599246784,0.959062569670327,0.966636706055841,0.975160729575112,0.983512328174753,0.990199969504814,0.99634583414616,1,0.997015139280089,0.990717607663802,0.984018332698571,0.975766187855629,0.9673237580339,0.956163543954689,0.948434816959276,0.941391659776789,0.935246362468331,0.927971952093404,0.919984538238258,0.910202356707472,0.898743661811271,0.887198812100926,0.868322911320585,0.84671654417996,0.811224536142541,0.758401047456531,0.598193725972447,0.155014953990621
0.691261599444628,0.846815251424488,0.898768890763547,0.918771412885965,0.93842934487998,0.950495317353499,0.958075684071026,0.96748341979673,0.976468407891678,0.983638497475738,0.991021083820731,0.997015139280089,1,0.996377640577764,0.990983446359086,0.983442714807148,0.976000535431163,0.965781854333019,0.958169110850851,0.951313398274209,0.945213007067916,0.938445328126743,0.930683109101308,0.921536875312252,0.911064516328277,0.900430707002898,0.882855311322771,0.862160648587699,0.828445576972169,0.777728876668497,0.622375586536437,0.175174633463406
0.664800296806999,0.824504616929356,0.879056601042189,0.900482872426342,0.922157242621472,0.935841128513099,0.943791954886825,0.954098989430686,0.964676171439932,0.973129790370834,0.982030311338294,0.990717607663802,0.996377640577764,1,0.997098818345909,0.991888834902824,0.985790969682745,0.977507470623175,0.970721281910561,0.964334863366523,0.958823374187118,0.9528742486462,0.945657467839722,0.937483218249687,0.927980969742182,0.918513527537214,0.90203762367496,0.882382320917032,0.851146654496019,0.802484465600855,0.648229431393339,0.198975125574299
0.645905989078263,0.806164781186925,0.863633820586167,0.886419597417445,0.909298310840162,0.923989769002253,0.93228191128142,0.943448868711121,0.955224900615349,0.964398783927239,0.973996349664971,0.984018332698571,0.990983446359086,0.997098818345909,1,0.997174807948763,0.992459058521191,0.985620129770316,0.979874305043028,0.974154271353296,0.968844809710993,0.963542743670711,0.956987435935281,0.94951503052062,0.940863285292612,0.932005768354098,0.917027518214355,0.898406250272498,0.868850045861313,0.822381558485315,0.670902085815354,0.216773673785472
0.623644677633241,0.786123404323771,0.846456025113141,0.869388823365201,0.893757096676682,0.909875518869083,0.919099480168124,0.93144594845508,0.944012898071111,0.954004933983422,0.964339284592265,0.975766187855629,0.983442714807148,0.991888834902824,0.997174807948763,1,0.997397146311627,0.992558779478309,0.987707277367113,0.982428576982212,0.977753805793861,0.972935478391152,0.967198356055994,0.960253969698183,0.952674798243734,0.944606629586796,0.930756316376601,0.913535791224872,0.886182179940273,0.841696253087935,0.690774345196233,0.234374599670478
0.602404193603088,0.766924139919085,0.829598937534175,0.853182872804591,0.878613136195247,0.895718071161246,0.905419351217639,0.918850732841113,0.932402737612363,0.943226263363454,0.95449927684531,0.9673237580339,0.976000535431163,0.985790969682745,0.992459058521191,0.997397146311627,1,0.997329144632563,0.993650569524398,0.989120126201479,0.984770064379555,0.98057431289915,0.975576803532533,0.969273350902912,0.962326876975548,0.955259296257146,0.942817620755785,0.926824518798694,0.901394906235333,0.859100123417292,0.712791605461845,0.25070393214884
0.578665812923161,0.743081875596147,0.807451963230223,0.832345830562995,0.859559463987779,0.878088160667281,0.888500746127525,0.903059658077875,0.917806287129959,0.929390299895346,0.941813811783636,0.956163543954689,0.965781854333019,0.977507470623175,0.985620129770316,0.992558779478309,0.997329144632563,1,0.998013218866719,0.994653343059354,0.990766536331226,0.987073350248886,0.982544259182506,0.977102178527845,0.970856435737194,0.964811014271244,0.953263944650676,0.938669875102628,0.915277058320151,0.875175280757421,0.731328643016233,0.26556668725724
0.565161916602136,0.728594741920829,0.794039428715793,0.819465206031579,0.847708679509331,0.86721766993568,0.877915411176449,0.893055632325518,0.908346277672794,0.92043329029236,0.933327598876407,0.948434816959276,0.958169110850851,0.970721281910561,0.979874305043028,0.987707277367113,0.993650569524398,0.998013218866719,1,0.997836070737087,0.994727145217831,0.991458982010152,0.987540893778529,0.982391332281748,0.976538289318872,0.970789734533825,0.960621049933529,0.946850649416937,0.924578243270847,0.886240159285541,0.743832810693261,0.27624208181184
0.552512617590122,0.715708682613309,0.781484972368651,0.807616079060977,0.836648998478488,0.856809645913935,0.867850085329104,0.883616888783537,0.899489602349571,0.912319783638069,0.925581262702697,0.941391659776789,0.951313398274209,0.964334863366523,0.974154271353296,0.982428576982212,0.989120126201479,0.994653343059354,0.997836070737087,1,0.99795455071447,0.99523216873144,0.991553694143589,0.986997939508014,0.981650778306015,0.976201788081903,0.966896246743715,0.954151780375073,0.932909153058734,0.895822571728223,0.755030770772948,0.282127530303434
0.538291951988872,0.702585529438603,0.768934177931537,0.796183312998118,0.826613302027254,0.847321107218901,0.858829057983739,0.874934932271936,0.891183468451172,0.904803926960034,0.918795282142912,0.935246362468331,0.945213007067916,0.958823374187118,0.968844809710993,0.977753805793861,0.984770064379555,0.990766536331226,0.994727145217831,0.99795455071447,1,0.998107285524024,0.994925688957035,0.991053921328178,0.986076023844999,0.98089481696082,0.972459703498725,0.960492780272584,0.940160510093659,0.903583184355557,0.764488160603584,0.28405649116672
0.519593848597023,0.686911894805363,0.754840678648911,0.782891897829159,0.814002649346029,0.835455339866342,0.847579320044706,0.864331649262419,0.881271259990678,0.895611886530802,0.910424595571065,0.927971952093404,0.938445328126743,0.9528742486462,0.963542743670711,0.972935478391152,0.98057431289915,0.987073350248886,0.991458982010152,0.99523216873144,0.998107285524024,1,0.997777240180688,0.994514306452372,0.990181303952422,0.985521499641523,0.977639236952691,0.966427916888681,0.94706074223669,0.912256658784969,0.776890744523561,0.295932780461659
0.498687429335893,0.668910157739546,0.739145111172567,0.767708789239677,0.800200404420022,0.822080078560213,0.835250919402816,0.853185332453448,0.871184314471709,0.886074496547057,0.901536424503573,0.919984538238258,0.930683109101308,0.945657467839722,0.956987435935281,0.967198356055994,0.975576803532533,0.982544259182506,0.987540893778529,0.991553694143589,0.994925688957035,0.997777240180688,1,0.997640744427013,0.994097210831076,0.990115843550238,0.982848355565222,0.972428605315183,0.954722398082052,0.921300611380831,0.788265397987407,0.308253602328845
0.478094972262806,0.649164545800931,0.721222837478209,0.750600479249631,0.784252403253447,0.806967474120715,0.820833435404116,0.83938334292206,0.858380324687742,0.87400547535351,0.890486273061284,0.910202356707472,0.921536875312252,0.937483218249687,0.94951503052062,0.960253969698183,0.969273350902912,0.977102178527845,0.982391332281748,0.986997939508014,0.991053921328178,0.994514306452372,0.997640744427013,1,0.997450139543721,0.993921488863152,0.987177330706672,0.977734273909539,0.961696679904984,0.930170259629688,0.801047687158474,0.318520876402234
0.456868067698577,0.629072584841933,0.703092433386639,0.733123705223412,0.767361656415766,0.790763275201616,0.805094130639721,0.824418227368076,0.844109164258607,0.860593897625212,0.877855034388997,0.898743661811271,0.911064516328277,0.927980969742182,0.940863285292612,0.952674798243734,0.962326876975548,0.970856435737194,0.976538289318872,0.981650778306015,0.986076023844999,0.990181303952422,0.994097210831076,0.997450139543721,1,0.997256596046793,0.991815348445284,0.983180257394783,0.969336442145102,0.940224501944336,0.814756709090809,0.334762411313834
0.434567185109994,0.606564803853897,0.682728784404206,0.714007589120679,0.749137741845823,0.773356991551714,0.788426028611615,0.808538876632687,0.829280952806268,0.846418490776302,0.865061843380837,0.887198812100926,0.900430707002898,0.918513527537214,0.932005768354098,0.944606629586796,0.955259296257146,0.964811014271244,0.970789734533825,0.976201788081903,0.98089481696082,0.985521499641523,0.990115843550238,0.993921488863152,0.997256596046793,1,0.995826404093453,0.988877433850364,0.976243839294623,0.949022075468521,0.826083489424912,0.347975857572274
0.410623874963168,0.579902131278328,0.657757276957399,0.689643142356654,0.725333452501444,0.750619138390749,0.765860771363958,0.786621653060838,0.808003059283183,0.82535353901416,0.844888889358955,0.868322911320585,0.882855311322771,0.90203762367496,0.917027518214355,0.930756316376601,0.942817620755785,0.953263944650676,0.960621049933529,0.966896246743715,0.972459703498725,0.977639236952691,0.982848355565222,0.987177330706672,0.991815348445284,0.995826404093453,1,0.994955669350979,0.984613231389887,0.960932048427121,0.847163584780791,0.371978258287521
0.381300818966325,0.548188349204878,0.627739020728364,0.660649676270553,0.697851094199502,0.723792609249246,0.739401276545845,0.760958843661187,0.783319066269735,0.801203284537256,0.822123282546298,0.84671654417996,0.862160648587699,0.882382320917032,0.898406250272498,0.913535791224872,0.926824518798694,0.938669875102628,0.946850649416937,0.954151780375073,0.960492780272584,0.966427916888681,0.972428605315183,0.977734273909539,0.983180257394783,0.988877433850364,0.994955669350979,1,0.992146478225337,0.971131224269941,0.865775125665861,0.391033420272754
0.329366582229407,0.497457024328368,0.579653686587632,0.61348756634355,0.651896381680392,0.679640668343773,0.696365121370233,0.71944168151095,0.742886254332461,0.761954179275636,0.78458725390429,0.811224536142541,0.828445576972169,0.851146654496019,0.868850045861313,0.886182179940273,0.901394906235333,0.915277058320151,0.924578243270847,0.932909153058734,0.940160510093659,0.94706074223669,0.954722398082052,0.961696679904984,0.969336442145102,0.976243839294623,0.984613231389887,0.992146478225337,1,0.985036934154313,0.892163485560074,0.425746608833171
0.264460326915518,0.426998870339235,0.512654042966787,0.548459664455723,0.588390058096242,0.616909999105256,0.63437556102624,0.660490231849017,0.685351007289464,0.705872535989362,0.730064514023503,0.758401047456531,0.777728876668497,0.802484465600855,0.822381558485315,0.841696253087935,0.859100123417292,0.875175280757421,0.886240159285541,0.895822571728223,0.903583184355557,0.912256658784969,0.921300611380831,0.930170259629688,0.940224501944336,0.949022075468521,0.960932048427121,0.971131224269941,0.985036934154313,1,0.927506681803247,0.49788493857652
0.134151293638797,0.273386832679489,0.354649168821483,0.392055808812498,0.430657123953978,0.458161239264636,0.475686217613043,0.501658439275462,0.526926099913469,0.546619044635308,0.570918339771102,0.598193725972447,0.622375586536437,0.648229431393339,0.670902085815354,0.690774345196233,0.712791605461845,0.731328643016233,0.743832810693261,0.755030770772948,0.764488160603584,0.776890744523561,0.788265397987407,0.801047687158474,0.814756709090809,0.826083489424912,0.847163584780791,0.865775125665861,0.892163485560074,0.927506681803247,1,0.635304976562846
-0.0964669560671529,-0.0422927899022644,-0.000978358081223409,0.0255687650477942,0.0482578793572864,0.0648900295280657,0.0797043645611674,0.100783126424861,0.113544210420276,0.122425200977211,0.140969492121343,0.155014953990621,0.175174633463406,0.198975125574299,0.216773673785472,0.234374599670478,0.25070393214884,0.26556668725724,0.27624208181184,0.282127530303434,0.28405649116672,0.295932780461659,0.308253602328845,0.318520876402234,0.334762411313834,0.347975857572274,0.371978258287521,0.391033420272754,0.425746608833171,0.49788493857652,0.635304976562846,1
