1,0.852760404691533,0.787811311524209,0.759327130726585,0.729924152797718,0.691835341481363,0.661033843499027,0.62687095115311,0.598749175244576,0.565841233655015,0.530749184771712,0.496091470608575,0.462600305926587,0.428860213027037,0.401102448516954,0.357232918743863,0.329728901671628,0.280881280461485,0.241280140582055,0.201714534806917,0.171353765718135,0.1332945980532,0.102719153764569,0.0727948541968791,0.0313757983250572,-0.0151477701182649,-0.0583478370023648,-0.0680029587306017,-0.062086248415755,-0.0619231216510635,-0.0772500810255919,-0.0628359802140045
0.852760404691533,1,0.959440040789498,0.928930029901839,0.910711107062158,0.889056272073913,0.867276521816999,0.838150636664176,0.810756903496429,0.781905657115495,0.745351327719638,0.715813419837284,0.683292586965336,0.653306582302889,0.624118258477979,0.579300169055992,0.548744345980133,0.495491830834184,0.454944734150826,0.415498953697328,0.383343170720638,0.342691169635793,0.308460629511883,0.27300221510489,0.227274747568341,0.166551195655314,0.0887147673174321,0.0372052810837569,0.00893719907731748,-0.0117136942122386,-0.0372924156551603,-0.0444742349808135
0.787811311524209,0.959440040789498,1,0.977789751411716,0.962287615637841,0.939975927186659,0.922333048950144,0.898689797723403,0.877739071732096,0.853409991754436,0.821413959321689,0.794825917070619,0.765435901555943,0.738970899005465,0.710662347471443,0.670738280155965,0.642452279490466,0.592538415332226,0.554249502573184,0.515722084369719,0.483465789625027,0.43928543641066,0.404296957856026,0.369274404177082,0.323114143329358,0.256493683686048,0.163603081509233,0.0959348540460277,0.0545420297911942,0.0314418377098053,-0.000960913469842314,-0.00916271381859702
0.759327130726585,0.928930029901839,0.977789751411716,1,0.986709167717401,0.965667250061793,0.949426777563164,0.930975109766248,0.913056198941704,0.892421172780466,0.865696588183642,0.842038662590501,0.815058417499774,0.789887046306016,0.763545022916941,0.727325072125396,0.699410198536578,0.652489162296429,0.615499260153344,0.577759208761511,0.544159072159371,0.501765655967212,0.466864975231469,0.433016593525074,0.387754646673547,0.317368022059059,0.214910975816548,0.135460087824334,0.084783464809716,0.070424945756025,0.0363753253305811,0.0237914725968929
0.729924152797718,0.910711107062158,0.962287615637841,0.986709167717401,1,0.98526102492719,0.968773557311045,0.953849068217328,0.93920659568583,0.920998891714602,0.89657015572556,0.875761916664575,0.85157483509678,0.828204933450864,0.803783379918829,0.769821642026525,0.743494697852158,0.698589049793714,0.662400809298479,0.626797337297236,0.594286951538047,0.553810319587981,0.520816062799671,0.486923871671534,0.443243730035239,0.374940850160185,0.268864890801923,0.179191870780576,0.121953526979172,0.100813445303024,0.0647744117481814,0.0492682910806843
0.691835341481363,0.889056272073913,0.939975927186659,0.965667250061793,0.98526102492719,1,0.988458964807291,0.976557613810746,0.962963809734916,0.948713949155505,0.927314674110249,0.909347295814927,0.888501393046675,0.867389791711503,0.847209632922122,0.815888453259993,0.791324074423759,0.749711117982394,0.716713182836297,0.6846031721809,0.655816949458187,0.618594008290609,0.587394032269236,0.553994571903575,0.512436440809085,0.445135478862004,0.329344006444795,0.222868394731729,0.153137066763839,0.12403482742473,0.0816234128186781,0.0535338464571096
0.661033843499027,0.867276521816999,0.922333048950144,0.949426777563164,0.968773557311045,0.988458964807291,1,0.990381781921806,0.978701181715913,0.966132824618243,0.947626992400842,0.931610183265586,0.912033966706769,0.891535026268728,0.873379179837441,0.844904372124902,0.82117588771139,0.781513653578268,0.750047195640217,0.72026818364835,0.693539759155864,0.6582761584618,0.62887587041358,0.596709043506316,0.555099301062807,0.484898509176012,0.360749948563174,0.241971485645334,0.164421774902144,0.137560599259345,0.0999131833292773,0.069291977096868
0.62687095115311,0.838150636664176,0.898689797723403,0.930975109766248,0.953849068217328,0.976557613810746,0.990381781921806,1,0.992235147630913,0.981535189620273,0.966757472352277,0.953042922272493,0.93577904329979,0.91736186508798,0.90038564606456,0.874612273760992,0.852844829052288,0.817376878081653,0.788889437260159,0.760388348529277,0.734547753011328,0.700704885943584,0.672934122079333,0.641658373911392,0.601795820032144,0.528989092467672,0.393778156170711,0.262495335737383,0.174747521689457,0.150318160753449,0.114506335263974,0.0869574513019589
0.598749175244576,0.810756903496429,0.877739071732096,0.913056198941704,0.93920659568583,0.962963809734916,0.978701181715913,0.992235147630913,1,0.993430225252874,0.982407117122737,0.96991439208946,0.954490245240371,0.93780510918108,0.921513323166913,0.8985961814412,0.878147320399881,0.84548654396123,0.818217195387295,0.790640467784637,0.764687893926095,0.73154847855517,0.704261702329667,0.674378038569049,0.635989049147949,0.561201148178698,0.41922350666355,0.280932633608022,0.185706796222476,0.155491650398922,0.119599621274733,0.0930140757407936
0.565841233655015,0.781905657115495,0.853409991754436,0.892421172780466,0.920998891714602,0.948713949155505,0.966132824618243,0.981535189620273,0.993430225252874,1,0.992186897923693,0.982296198718807,0.969211549907102,0.955714753442693,0.941509014319219,0.921018053159936,0.901834039034459,0.872573825038053,0.847863722403327,0.823115693477211,0.79789524682438,0.765641410547992,0.739297945597645,0.711067878703596,0.674930536879809,0.60067944405366,0.454541129615982,0.308529674458495,0.205406660402419,0.170272410629691,0.130477226508076,0.102634703953862
0.530749184771712,0.745351327719638,0.821413959321689,0.865696588183642,0.89657015572556,0.927314674110249,0.947626992400842,0.966757472352277,0.982407117122737,0.992186897923693,1,0.994234114830338,0.984667506379184,0.973112300275871,0.960725706154422,0.943800398403139,0.92596870270409,0.900820349761987,0.878541492072604,0.855220803340307,0.830989040238384,0.801259820459529,0.775832011563534,0.749332919173867,0.714219191816671,0.637324893924539,0.483505562497428,0.326611287895812,0.216499776583669,0.180704121955291,0.140388059943161,0.109476418457697
0.496091470608575,0.715813419837284,0.794825917070619,0.842038662590501,0.875761916664575,0.909347295814927,0.931610183265586,0.953042922272493,0.96991439208946,0.982296198718807,0.994234114830338,1,0.994533248891426,0.984867979908257,0.974691157782377,0.960521153164682,0.945251203475086,0.922172673121917,0.902430719685178,0.881581057386715,0.858957142683518,0.830966180522695,0.806494038000987,0.781188935449572,0.747814175185753,0.669441048037109,0.511321025285297,0.346199307644375,0.227281628874488,0.193471482464113,0.152344782584167,0.125379599848216
0.462600305926587,0.683292586965336,0.765435901555943,0.815058417499774,0.85157483509678,0.888501393046675,0.912033966706769,0.93577904329979,0.954490245240371,0.969211549907102,0.984667506379184,0.994533248891426,1,0.992841696840671,0.984592607226012,0.973232926576779,0.960184873258291,0.939401629418989,0.921679770034097,0.903504918243137,0.882781130658174,0.856388705010132,0.833040970269759,0.809521021037306,0.777764111766343,0.699856590577947,0.538334252808201,0.365549776929046,0.240739986370601,0.203509645294359,0.160593659010656,0.133220585453295
0.428860213027037,0.653306582302889,0.738970899005465,0.789887046306016,0.828204933450864,0.867389791711503,0.891535026268728,0.91736186508798,0.93780510918108,0.955714753442693,0.973112300275871,0.984867979908257,0.992841696840671,1,0.995495446438805,0.986231740012756,0.975171717784648,0.957193870206225,0.940909911738061,0.923524068277696,0.90367711978478,0.879314527271434,0.857247106600655,0.8350160683085,0.804498032686104,0.729200228471082,0.56917371103999,0.393072524995402,0.264872884067719,0.224405395650775,0.178225696220984,0.151283678338042
0.401102448516954,0.624118258477979,0.710662347471443,0.763545022916941,0.803783379918829,0.847209632922122,0.873379179837441,0.90038564606456,0.921513323166913,0.941509014319219,0.960725706154422,0.974691157782377,0.984592607226012,0.995495446438805,1,0.993921129997257,0.984888429722088,0.969939825443878,0.956146813807656,0.940572543768276,0.92275482476969,0.900669219348441,0.880344709583282,0.85913351150073,0.829760480926358,0.754365800811298,0.590745120100348,0.40906621539149,0.275074385466255,0.234457921027036,0.188538249364674,0.163744804959237
0.357232918743863,0.579300169055992,0.670738280155965,0.727325072125396,0.769821642026525,0.815888453259993,0.844904372124902,0.874612273760992,0.8985961814412,0.921018053159936,0.943800398403139,0.960521153164682,0.973232926576779,0.986231740012756,0.993921129997257,1,0.994622320046083,0.982576116941668,0.970756939159072,0.957508337802354,0.941551036256464,0.92295665181064,0.904117870706705,0.884053318282752,0.856416729671476,0.780937688563457,0.613450230474504,0.426242117948982,0.287114311210857,0.247928467763062,0.206562869170108,0.178526825482296
0.329728901671628,0.548744345980133,0.642452279490466,0.699410198536578,0.743494697852158,0.791324074423759,0.82117588771139,0.852844829052288,0.878147320399881,0.901834039034459,0.92596870270409,0.945251203475086,0.960184873258291,0.975171717784648,0.984888429722088,0.994622320046083,1,0.992256640795504,0.982237764142471,0.97028587279876,0.956237168002113,0.940034246352263,0.922611138281244,0.903386696990059,0.878146436928604,0.805922891793907,0.638635517392562,0.448248946548438,0.304060587531476,0.262934199743257,0.220685894830495,0.190712950262007
0.280881280461485,0.495491830834184,0.592538415332226,0.652489162296429,0.698589049793714,0.749711117982394,0.781513653578268,0.817376878081653,0.84548654396123,0.872573825038053,0.900820349761987,0.922172673121917,0.939401629418989,0.957193870206225,0.969939825443878,0.982576116941668,0.992256640795504,1,0.994523384965313,0.985176828594842,0.973350558500512,0.959047558728111,0.944395828375322,0.928108996278871,0.906674101151597,0.840485447216844,0.672617129441587,0.475785411528084,0.32719720316708,0.285960367986037,0.238200647672921,0.20365952661519
0.241280140582055,0.454944734150826,0.554249502573184,0.615499260153344,0.662400809298479,0.716713182836297,0.750047195640217,0.788889437260159,0.818217195387295,0.847863722403327,0.878541492072604,0.902430719685178,0.921679770034097,0.940909911738061,0.956146813807656,0.970756939159072,0.982237764142471,0.994523384965313,1,0.993966439999941,0.985080514221502,0.973006727879269,0.959997933313893,0.945084422874498,0.925753211295634,0.860590314655817,0.689813862781293,0.489132647627556,0.336623595078873,0.301666743226086,0.251592579897651,0.215222602323539
0.201714534806917,0.415498953697328,0.515722084369719,0.577759208761511,0.626797337297236,0.6846031721809,0.72026818364835,0.760388348529277,0.790640467784637,0.823115693477211,0.855220803340307,0.881581057386715,0.903504918243137,0.923524068277696,0.940572543768276,0.957508337802354,0.97028587279876,0.985176828594842,0.993966439999941,1,0.993804181132925,0.984108168105777,0.973220725110599,0.961653869845216,0.944584137895959,0.880460805288614,0.706585551032239,0.501737746236157,0.344573258102206,0.310974899678192,0.255210322384157,0.220761420134044
0.171353765718135,0.383343170720638,0.483465789625027,0.544159072159371,0.594286951538047,0.655816949458187,0.693539759155864,0.734547753011328,0.764687893926095,0.79789524682438,0.830989040238384,0.858957142683518,0.882781130658174,0.90367711978478,0.92275482476969,0.941551036256464,0.956237168002113,0.973350558500512,0.985080514221502,0.993804181132925,1,0.993947814862869,0.984976963409688,0.974958581931408,0.959584736923577,0.897405425259116,0.723165081010845,0.512933810456574,0.353014357006644,0.319634590490852,0.26393456869477,0.232600298413459
0.1332945980532,0.342691169635793,0.43928543641066,0.501765655967212,0.553810319587981,0.618594008290609,0.6582761584618,0.700704885943584,0.73154847855517,0.765641410547992,0.801259820459529,0.830966180522695,0.856388705010132,0.879314527271434,0.900669219348441,0.92295665181064,0.940034246352263,0.959047558728111,0.973006727879269,0.984108168105777,0.993947814862869,1,0.993945351019776,0.985408620529789,0.972780393917976,0.914148025156674,0.74044669042011,0.527897116650178,0.366489819939749,0.334405163249934,0.281394828898725,0.242052545429452
0.102719153764569,0.308460629511883,0.404296957856026,0.466864975231469,0.520816062799671,0.587394032269236,0.62887587041358,0.672934122079333,0.704261702329667,0.739297945597645,0.775832011563534,0.806494038000987,0.833040970269759,0.857247106600655,0.880344709583282,0.904117870706705,0.922611138281244,0.944395828375322,0.959997933313893,0.973220725110599,0.984976963409688,0.993945351019776,1,0.993551559802001,0.983786060794355,0.930115302299999,0.758918570056827,0.546668164814716,0.384673912438017,0.356378543233254,0.294374517213388,0.250761721616832
0.0727948541968791,0.27300221510489,0.369274404177082,0.433016593525074,0.486923871671534,0.553994571903575,0.596709043506316,0.641658373911392,0.674378038569049,0.711067878703596,0.749332919173867,0.781188935449572,0.809521021037306,0.8350160683085,0.85913351150073,0.884053318282752,0.903386696990059,0.928108996278871,0.945084422874498,0.961653869845216,0.974958581931408,0.985408620529789,0.993551559802001,1,0.993273865093103,0.938046595431899,0.765779382394274,0.55258758096966,0.388778459588169,0.363872769913755,0.306265996606335,0.26963071220749
0.0313757983250572,0.227274747568341,0.323114143329358,0.387754646673547,0.443243730035239,0.512436440809085,0.555099301062807,0.601795820032144,0.635989049147949,0.674930536879809,0.714219191816671,0.747814175185753,0.777764111766343,0.804498032686104,0.829760480926358,0.856416729671476,0.878146436928604,0.906674101151597,0.925753211295634,0.944584137895959,0.959584736923577,0.972780393917976,0.983786060794355,0.993273865093103,1,0.951909020648252,0.782934205836436,0.572480952704778,0.409989762080545,0.393276668655679,0.330647882605243,0.290150011722247
-0.0151477701182649,0.166551195655314,0.256493683686048,0.317368022059059,0.374940850160185,0.445135478862004,0.484898509176012,0.528989092467672,0.561201148178698,0.60067944405366,0.637324893924539,0.669441048037109,0.699856590577947,0.729200228471082,0.754365800811298,0.780937688563457,0.805922891793907,0.840485447216844,0.860590314655817,0.880460805288614,0.897405425259116,0.914148025156674,0.930115302299999,0.938046595431899,0.951909020648252,1,0.925842738280237,0.772274125628247,0.629354745554679,0.537138162295775,0.404815137759499,0.324356706481221
-0.0583478370023648,0.0887147673174321,0.163603081509233,0.214910975816548,0.268864890801923,0.329344006444795,0.360749948563174,0.393778156170711,0.41922350666355,0.454541129615982,0.483505562497428,0.511321025285297,0.538334252808201,0.56917371103999,0.590745120100348,0.613450230474504,0.638635517392562,0.672617129441587,0.689813862781293,0.706585551032239,0.723165081010845,0.74044669042011,0.758918570056827,0.765779382394274,0.782934205836436,0.925842738280237,1,0.940952029841258,0.838576059722357,0.671435376487787,0.462664829582231,0.335090261148289
-0.0680029587306017,0.0372052810837569,0.0959348540460277,0.135460087824334,0.179191870780576,0.222868394731729,0.241971485645334,0.262495335737383,0.280932633608022,0.308529674458495,0.326611287895812,0.346199307644375,0.365549776929046,0.393072524995402,0.40906621539149,0.426242117948982,0.448248946548438,0.475785411528084,0.489132647627556,0.501737746236157,0.512933810456574,0.527897116650178,0.546668164814716,0.55258758096966,0.572480952704778,0.772274125628247,0.940952029841258,1,0.944436240241172,0.754312408384675,0.499169475557879,0.342077169170589
-0.062086248415755,0.00893719907731748,0.0545420297911942,0.084783464809716,0.121953526979172,0.153137066763839,0.164421774902144,0.174747521689457,0.185706796222476,0.205406660402419,0.216499776583669,0.227281628874488,0.240739986370601,0.264872884067719,0.275074385466255,0.287114311210857,0.304060587531476,0.32719720316708,0.336623595078873,0.344573258102206,0.353014357006644,0.366489819939749,0.384673912438017,0.388778459588169,0.409989762080545,0.629354745554679,0.838576059722357,0.944436240241172,1,0.8231942886055,0.545288770797214,0.351737817786606
-0.0619231216510635,-0.0117136942122386,0.0314418377098053,0.070424945756025,0.100813445303024,0.12403482742473,0.137560599259345,0.150318160753449,0.155491650398922,0.170272410629691,0.180704121955291,0.193471482464113,0.203509645294359,0.224405395650775,0.234457921027036,0.247928467763062,0.262934199743257,0.285960367986037,0.301666743226086,0.310974899678192,0.319634590490852,0.334405163249934,0.356378543233254,0.363872769913755,0.393276668655679,0.537138162295775,0.671435376487787,0.754312408384675,0.8231942886055,1,0.755672757730995,0.509690915887345
-0.0772500810255919,-0.0372924156551603,-0.000960913469842314,0.0363753253305811,0.0647744117481814,0.0816234128186781,0.0999131833292773,0.114506335263974,0.119599621274733,0.130477226508076,0.140388059943161,0.152344782584167,0.160593659010656,0.178225696220984,0.188538249364674,0.206562869170108,0.220685894830495,0.238200647672921,0.251592579897651,0.255210322384157,0.26393456869477,0.281394828898725,0.294374517213388,0.306265996606335,0.330647882605243,0.404815137759499,0.462664829582231,0.499169475557879,0.545288770797214,0.755672757730995,1,0.708336958750589
-0.0628359802140045,-0.0444742349808135,-0.00916271381859702,0.0237914725968929,0.0492682910806843,0.0535338464571096,0.069291977096868,0.0869574513019589,0.0930140757407936,0.102634703953862,0.109476418457697,0.125379599848216,0.133220585453295,0.151283678338042,0.163744804959237,0.178526825482296,0.190712950262007,0.20365952661519,0.215222602323539,0.220761420134044,0.232600298413459,0.242052545429452,0.250761721616832,0.26963071220749,0.290150011722247,0.324356706481221,0.335090261148289,0.342077169170589,0.351737817786606,0.509690915887345,0.708336958750589,1
