1,0.802689169047384,0.735344611338155,0.685196408776076,0.655040433387463,0.61297318549959,0.578242412504805,0.537816109891336,0.519545609599474,0.489083819186288,0.452858121994002,0.390623312868774,0.337460781289247,0.294533707619059,0.261722794922858,0.197330085415182,0.144543193322655,0.0947633333254372,0.0652776646138614,0.0149359230750414,-0.0208564861052776,-0.0463409173582013,-0.0751642840686845,-0.100116966036974,-0.122079723489409,-0.141558900029958,-0.149597983548258,-0.132953173524614,-0.114501180477348,-0.10500897960114,-0.106161238118608,-0.135811276872458
0.802689169047384,1,0.944048278579986,0.894327349426936,0.859074308439968,0.822076917173656,0.785215637399418,0.750603316566984,0.731720942293078,0.697462070305936,0.645621191139109,0.569419599103206,0.509112013144957,0.458139711108413,0.416061632384262,0.332615617613914,0.272624940892187,0.213509225529554,0.180467622449528,0.131453309811791,0.0943768673950046,0.0627565928245369,0.0330935693975677,-0.000781769833244388,-0.0229495734555082,-0.0464266891337986,-0.0561339072026476,-0.0386764714253385,-0.0371980614130714,-0.0410408267438634,-0.0524894543397809,-0.105098274841349
0.735344611338155,0.944048278579986,1,0.9630380402172,0.924914781409843,0.888424630717521,0.851845754000719,0.817461630967481,0.797908648929163,0.760954349774144,0.711725984364787,0.636859007091161,0.573315556736173,0.519821238523819,0.479013226103462,0.394906687896849,0.333713935164886,0.272274116293077,0.235895220561124,0.187573566933013,0.147156848986822,0.110579223059184,0.0765443501368772,0.0396923431898221,0.0168308949293405,-0.00746381349223572,-0.0183976646277925,-0.00607261438319661,-0.00645359545324489,-0.009603589498693,-0.0301234108103038,-0.102284791230665
0.685196408776076,0.894327349426936,0.9630380402172,1,0.969701938027542,0.936777724025556,0.905715860133086,0.878204141203952,0.8573323731372,0.821757652004583,0.775527281579141,0.700863141031048,0.639931953562893,0.58457837207582,0.544497975162712,0.460594154945306,0.396988651528939,0.335605551682517,0.296558038090323,0.247159788695934,0.206553676529817,0.172641778220319,0.134922452344434,0.0944193725714054,0.0702001657729524,0.0439207557915854,0.0316117031159092,0.0376909279934732,0.0317052017212658,0.0222314576985592,-0.00537028852781535,-0.0782761267611288
0.655040433387463,0.859074308439968,0.924914781409843,0.969701938027542,1,0.978733283064747,0.949989381613375,0.926326648427763,0.909210293781101,0.876169516610423,0.833608724955092,0.768643064209513,0.713583843475687,0.659502696804861,0.618944019602216,0.537684740893062,0.473361894608887,0.410300973180845,0.370525602137727,0.31850041306022,0.274453947863889,0.24230143850978,0.204565374917812,0.160940493810047,0.138426314138967,0.111611113957489,0.0942512505170113,0.0934305140860178,0.083354579693759,0.0671629242330031,0.0255434565997631,-0.0424471851840248
0.61297318549959,0.822076917173656,0.888424630717521,0.936777724025556,0.978733283064747,1,0.980121990775076,0.958914639189141,0.942446087772047,0.914477594069891,0.876752114162517,0.817609768971741,0.765512737346409,0.711335456288122,0.670244504305867,0.592111932011182,0.531862623556029,0.472224387397955,0.431282532177096,0.376708973521509,0.332787453546847,0.301172618678137,0.261543960695811,0.215452774016241,0.194202248515456,0.167391539445382,0.1489794888429,0.145836461081171,0.128861721224332,0.107376207810515,0.0541110889206344,-0.0194002617157829
0.578242412504805,0.785215637399418,0.851845754000719,0.905715860133086,0.949989381613375,0.980121990775076,1,0.986771269675443,0.972091009552986,0.947053142531028,0.913321689971251,0.861350776339581,0.811712460202435,0.760708775813131,0.721878495524518,0.646582661338812,0.588860553562638,0.528751585082118,0.485855002479015,0.433067093688532,0.389922872705893,0.359707884830902,0.318209489386931,0.271128663707596,0.247015210943451,0.219425478881168,0.200923618298271,0.200950285091026,0.181875929613445,0.148777998385488,0.0891356979797311,0.002513554192766
0.537816109891336,0.750603316566984,0.817461630967481,0.878204141203952,0.926326648427763,0.958914639189141,0.986771269675443,1,0.989232723486945,0.966201508438697,0.936349445386636,0.888902942611519,0.844705825481665,0.798378751977271,0.762485749119138,0.689962554954798,0.634301827759355,0.575715422020122,0.532611968918071,0.480463899907913,0.438024452060275,0.408453947535685,0.366040901402039,0.316431030470781,0.289840759109579,0.260765995430177,0.242760016287876,0.242956229504265,0.224053752256323,0.179790174788143,0.118372840891253,0.0233234430326551
0.519545609599474,0.731720942293078,0.797908648929163,0.8573323731372,0.909210293781101,0.942446087772047,0.972091009552986,0.989232723486945,1,0.986034393611591,0.960270097152463,0.919458486692712,0.87776769034596,0.834608699843001,0.801296537718148,0.734365049563473,0.682805685367541,0.628110271566327,0.586756599091982,0.532669926320031,0.488987544139542,0.459406431871014,0.41711344347299,0.369299841744107,0.342371082084427,0.313823688289881,0.294541559963134,0.290727941731048,0.266773928636305,0.20978368993922,0.139640805051172,0.0410444154011588
0.489083819186288,0.697462070305936,0.760954349774144,0.821757652004583,0.876169516610423,0.914477594069891,0.947053142531028,0.966201508438697,0.986034393611591,1,0.983456195027358,0.948589768583794,0.911351735608914,0.872595959748121,0.841665164710114,0.78218974972662,0.734170896328281,0.681714171159855,0.643492608414039,0.59175762889329,0.550012696743071,0.522496811528746,0.482195418395798,0.436788666687818,0.408561118672894,0.380921718517321,0.361280369604951,0.348909048585546,0.316454049008416,0.250300876171338,0.177680629523947,0.0743856557506949
0.452858121994002,0.645621191139109,0.711725984364787,0.775527281579141,0.833608724955092,0.876752114162517,0.913321689971251,0.936349445386636,0.960270097152463,0.983456195027358,1,0.981138480187424,0.951638372624108,0.918643150782631,0.89076473008908,0.838194383187378,0.795262553202471,0.745429729744267,0.709400972225088,0.658887516753289,0.618915128860592,0.592121504831755,0.552216549476177,0.508298875313856,0.476612428126067,0.449398445976292,0.427749955611741,0.406955790379903,0.368048706711486,0.289121662887251,0.202308370294218,0.106537112018476
0.390623312868774,0.569419599103206,0.636859007091161,0.700863141031048,0.768643064209513,0.817609768971741,0.861350776339581,0.888902942611519,0.919458486692712,0.948589768583794,0.981138480187424,1,0.983390542575434,0.960258595912979,0.936955466362718,0.896547705813573,0.862483649638521,0.818592019912297,0.788342089767597,0.74268360873733,0.704958398733251,0.680260087264403,0.6417967323325,0.600046033761265,0.565235842201045,0.539522576555682,0.514871949641752,0.481319338844752,0.43474453531794,0.346106464286163,0.249575524726871,0.154510595758442
0.337460781289247,0.509112013144957,0.573315556736173,0.639931953562893,0.713583843475687,0.765512737346409,0.811712460202435,0.844705825481665,0.87776769034596,0.911351735608914,0.951638372624108,0.983390542575434,1,0.987259057735506,0.968356791844841,0.936968853187971,0.906872216300715,0.867446353560052,0.84083294100537,0.801801277391566,0.768058799608318,0.745770496021988,0.709715950709147,0.668764714894289,0.632526261819717,0.607827567412323,0.583583305637744,0.549225859951933,0.499107447249933,0.398620966871213,0.294888828984836,0.199612557082986
0.294533707619059,0.458139711108413,0.519821238523819,0.58457837207582,0.659502696804861,0.711335456288122,0.760708775813131,0.798378751977271,0.834608699843001,0.872595959748121,0.918643150782631,0.960258595912979,0.987259057735506,1,0.989230359921737,0.965206899619329,0.939381930656641,0.904629039779229,0.882078250561462,0.846351554308318,0.81411621383552,0.792303853076532,0.758337435123249,0.721512791373066,0.685411380886625,0.662201510550255,0.635296517146645,0.593711722704213,0.539371479433456,0.423051514588268,0.314390856635331,0.224307752476455
0.261722794922858,0.416061632384262,0.479013226103462,0.544497975162712,0.618944019602216,0.670244504305867,0.721878495524518,0.762485749119138,0.801296537718148,0.841665164710114,0.89076473008908,0.936955466362718,0.968356791844841,0.989230359921737,1,0.984782393055055,0.963137825629216,0.934767960846124,0.914051399924643,0.880359656617165,0.849718339302583,0.827045444438791,0.792988151972438,0.757825591578906,0.721956148613994,0.699353629493107,0.67123730728429,0.623178679501934,0.56789863752803,0.444365438332706,0.332823998424879,0.243754375991627
0.197330085415182,0.332615617613914,0.394906687896849,0.460594154945306,0.537684740893062,0.592111932011182,0.646582661338812,0.689962554954798,0.734365049563473,0.78218974972662,0.838194383187378,0.896547705813573,0.936968853187971,0.965206899619329,0.984782393055055,1,0.988769264794906,0.968971929783413,0.952432090113222,0.922762837992651,0.896072273740631,0.876269319869547,0.844701864008749,0.815086364791273,0.777762574726971,0.757090508951957,0.72730870942294,0.671157206580771,0.610354644992679,0.473006709484829,0.350343866260023,0.261165858043562
0.144543193322655,0.272624940892187,0.333713935164886,0.396988651528939,0.473361894608887,0.531862623556029,0.588860553562638,0.634301827759355,0.682805685367541,0.734170896328281,0.795262553202471,0.862483649638521,0.906872216300715,0.939381930656641,0.963137825629216,0.988769264794906,1,0.989400821831177,0.976692875064154,0.952296804779972,0.929178794033894,0.911084522593239,0.881909591686268,0.856849342904875,0.81973721200834,0.800793278131928,0.773679166590448,0.710448897009065,0.643682675595187,0.497115117896379,0.364882282754037,0.280690342886118
0.0947633333254372,0.213509225529554,0.272274116293077,0.335605551682517,0.410300973180845,0.472224387397955,0.528751585082118,0.575715422020122,0.628110271566327,0.681714171159855,0.745429729744267,0.818592019912297,0.867446353560052,0.904629039779229,0.934767960846124,0.968971929783413,0.989400821831177,1,0.99189478592569,0.970717102815916,0.949497253510333,0.933507901756702,0.908219480864208,0.88479277493449,0.850992384474313,0.833917900643007,0.806722458074253,0.738587333498379,0.665770006508133,0.51436528491084,0.376464765887038,0.299964070707438
0.0652776646138614,0.180467622449528,0.235895220561124,0.296558038090323,0.370525602137727,0.431282532177096,0.485855002479015,0.532611968918071,0.586756599091982,0.643492608414039,0.709400972225088,0.788342089767597,0.84083294100537,0.882078250561462,0.914051399924643,0.952432090113222,0.976692875064154,0.99189478592569,1,0.985576632301028,0.967464598073105,0.953591172819975,0.931430702792126,0.909222044447627,0.874764186406067,0.859236088744782,0.834417709140034,0.759325145832999,0.684116786889877,0.534433969922853,0.399186562898474,0.324812816222567
0.0149359230750414,0.131453309811791,0.187573566933013,0.247159788695934,0.31850041306022,0.376708973521509,0.433067093688532,0.480463899907913,0.532669926320031,0.59175762889329,0.658887516753289,0.74268360873733,0.801801277391566,0.846351554308318,0.880359656617165,0.922762837992651,0.952296804779972,0.970717102815916,0.985576632301028,1,0.992349864248049,0.982881753693973,0.965969439748944,0.947042911079917,0.912808331357363,0.899548467579214,0.880776985475167,0.800528590355623,0.726085461152629,0.592301817797455,0.461603101879983,0.370861163043018
-0.0208564861052776,0.0943768673950046,0.147156848986822,0.206553676529817,0.274453947863889,0.332787453546847,0.389922872705893,0.438024452060275,0.488987544139542,0.550012696743071,0.618915128860592,0.704958398733251,0.768058799608318,0.81411621383552,0.849718339302583,0.896072273740631,0.929178794033894,0.949497253510333,0.967464598073105,0.992349864248049,1,0.993531524243927,0.979447387249885,0.96165523375691,0.930069733141018,0.917844005918984,0.900680795413996,0.820928791302884,0.746334954370608,0.61451884819015,0.482662872891016,0.391696634019941
-0.0463409173582013,0.0627565928245369,0.110579223059184,0.172641778220319,0.24230143850978,0.301172618678137,0.359707884830902,0.408453947535685,0.459406431871014,0.522496811528746,0.592121504831755,0.680260087264403,0.745770496021988,0.792303853076532,0.827045444438791,0.876269319869547,0.911084522593239,0.933507901756702,0.953591172819975,0.982881753693973,0.993531524243927,1,0.989717381732994,0.971651292019606,0.940463020001714,0.929133399159345,0.912753308931551,0.829763291372215,0.753879766401519,0.620220289647687,0.490283030582687,0.399065579062259
-0.0751642840686845,0.0330935693975677,0.0765443501368772,0.134922452344434,0.204565374917812,0.261543960695811,0.318209489386931,0.366040901402039,0.41711344347299,0.482195418395798,0.552216549476177,0.6417967323325,0.709715950709147,0.758337435123249,0.792988151972438,0.844701864008749,0.881909591686268,0.908219480864208,0.931430702792126,0.965969439748944,0.979447387249885,0.989717381732994,1,0.988423205428835,0.9664635262421,0.957058952424059,0.939694508190606,0.862850365795936,0.787780749537802,0.649095859717977,0.518954842388227,0.439907773683962
-0.100116966036974,-0.000781769833244388,0.0396923431898221,0.0944193725714054,0.160940493810047,0.215452774016241,0.271128663707596,0.316431030470781,0.369299841744107,0.436788666687818,0.508298875313856,0.600046033761265,0.668764714894289,0.721512791373066,0.757825591578906,0.815086364791273,0.856849342904875,0.88479277493449,0.909222044447627,0.947042911079917,0.96165523375691,0.971651292019606,0.988423205428835,1,0.983916554296526,0.975404528734208,0.958510427259246,0.875992318050834,0.798374992809246,0.655330149778307,0.526540699461421,0.449811097834821
-0.122079723489409,-0.0229495734555082,0.0168308949293405,0.0702001657729524,0.138426314138967,0.194202248515456,0.247015210943451,0.289840759109579,0.342371082084427,0.408561118672894,0.476612428126067,0.565235842201045,0.632526261819717,0.685411380886625,0.721956148613994,0.777762574726971,0.81973721200834,0.850992384474313,0.874764186406067,0.912808331357363,0.930069733141018,0.940463020001714,0.9664635262421,0.983916554296526,1,0.993923466050507,0.976072505991164,0.901797667971916,0.81992302493334,0.662185386771196,0.527183668746136,0.48060589904757
-0.141558900029958,-0.0464266891337986,-0.00746381349223572,0.0439207557915854,0.111611113957489,0.167391539445382,0.219425478881168,0.260765995430177,0.313823688289881,0.380921718517321,0.449398445976292,0.539522576555682,0.607827567412323,0.662201510550255,0.699353629493107,0.757090508951957,0.800793278131928,0.833917900643007,0.859236088744782,0.899548467579214,0.917844005918984,0.929133399159345,0.957058952424059,0.975404528734208,0.993923466050507,1,0.984088307173693,0.907970944524889,0.829075929654411,0.674860162076677,0.539224087733765,0.501600443993719
-0.149597983548258,-0.0561339072026476,-0.0183976646277925,0.0316117031159092,0.0942512505170113,0.1489794888429,0.200923618298271,0.242760016287876,0.294541559963134,0.361280369604951,0.427749955611741,0.514871949641752,0.583583305637744,0.635296517146645,0.67123730728429,0.72730870942294,0.773679166590448,0.806722458074253,0.834417709140034,0.880776985475167,0.900680795413996,0.912753308931551,0.939694508190606,0.958510427259246,0.976072505991164,0.984088307173693,1,0.933012766490577,0.864802840143136,0.73510705004032,0.593282219974604,0.53859175513308
-0.132953173524614,-0.0386764714253385,-0.00607261438319661,0.0376909279934732,0.0934305140860178,0.145836461081171,0.200950285091026,0.242956229504265,0.290727941731048,0.348909048585546,0.406955790379903,0.481319338844752,0.549225859951933,0.593711722704213,0.623178679501934,0.671157206580771,0.710448897009065,0.738587333498379,0.759325145832999,0.800528590355623,0.820928791302884,0.829763291372215,0.862850365795936,0.875992318050834,0.901797667971916,0.907970944524889,0.933012766490577,1,0.967716795255595,0.798132057434152,0.603581892446226,0.537078678025518
-0.114501180477348,-0.0371980614130714,-0.00645359545324489,0.0317052017212658,0.083354579693759,0.128861721224332,0.181875929613445,0.224053752256323,0.266773928636305,0.316454049008416,0.368048706711486,0.43474453531794,0.499107447249933,0.539371479433456,0.56789863752803,0.610354644992679,0.643682675595187,0.665770006508133,0.684116786889877,0.726085461152629,0.746334954370608,0.753879766401519,0.787780749537802,0.798374992809246,0.81992302493334,0.829075929654411,0.864802840143136,0.967716795255595,1,0.871454948499906,0.653547722783362,0.564063994221674
-0.10500897960114,-0.0410408267438634,-0.009603589498693,0.0222314576985592,0.0671629242330031,0.107376207810515,0.148777998385488,0.179790174788143,0.20978368993922,0.250300876171338,0.289121662887251,0.346106464286163,0.398620966871213,0.423051514588268,0.444365438332706,0.473006709484829,0.497115117896379,0.51436528491084,0.534433969922853,0.592301817797455,0.61451884819015,0.620220289647687,0.649095859717977,0.655330149778307,0.662185386771196,0.674860162076677,0.73510705004032,0.798132057434152,0.871454948499906,1,0.8401025029061,0.668696477281636
-0.106161238118608,-0.0524894543397809,-0.0301234108103038,-0.00537028852781535,0.0255434565997631,0.0541110889206344,0.0891356979797311,0.118372840891253,0.139640805051172,0.177680629523947,0.202308370294218,0.249575524726871,0.294888828984836,0.314390856635331,0.332823998424879,0.350343866260023,0.364882282754037,0.376464765887038,0.399186562898474,0.461603101879983,0.482662872891016,0.490283030582687,0.518954842388227,0.526540699461421,0.527183668746136,0.539224087733765,0.593282219974604,0.603581892446226,0.653547722783362,0.8401025029061,1,0.741281330435236
-0.135811276872458,-0.105098274841349,-0.102284791230665,-0.0782761267611288,-0.0424471851840248,-0.0194002617157829,0.002513554192766,0.0233234430326551,0.0410444154011588,0.0743856557506949,0.106537112018476,0.154510595758442,0.199612557082986,0.224307752476455,0.243754375991627,0.261165858043562,0.280690342886118,0.299964070707438,0.324812816222567,0.370861163043018,0.391696634019941,0.399065579062259,0.439907773683962,0.449811097834821,0.48060589904757,0.501600443993719,0.53859175513308,0.537078678025518,0.564063994221674,0.668696477281636,0.741281330435236,1
