1,0.970434293778604,0.882442230346967,0.757672141795884,0.701845016811522,0.646904541300478,0.58780891194441,0.547524467358274,0.542486304206707,0.534382089897593,0.524210911167288,0.520830277578379,0.516369545999296,0.509503988249204,0.503549098439795,0.500634824561556,0.494319929888001,0.48613381914263,0.476157678407827,0.458747823559679,0.438426136823793,0.422196736140003,0.41380818491729,0.400756525041487,0.386816942970568,0.381715518164074,0.362982030442672,0.343255006120173,0.338520979496634,0.360211186908259,0.363828166439006,0.36158947553349
0.970434293778604,1,0.969895526800422,0.892794660847485,0.847552871912532,0.790375707995573,0.72598036581274,0.681361913418046,0.675829957410556,0.666412421925891,0.654351439733614,0.650172927865578,0.644496098322805,0.635832017657359,0.62775865335411,0.622075248961108,0.612454847908779,0.600771507475543,0.59181903931278,0.574426215820367,0.552498542786445,0.53445759520371,0.524170443918863,0.507899617820365,0.49044291093104,0.491200832577417,0.473679412062221,0.452247552411734,0.447126349943206,0.470286264737004,0.471653118688769,0.46651566660406
0.882442230346967,0.969895526800422,1,0.975615134154672,0.943764765663554,0.887757806127506,0.821874900424452,0.775557902040738,0.769859296227317,0.759681141743613,0.746436342023047,0.741703261074407,0.735139707695141,0.725180314583194,0.715453424213833,0.707316785412246,0.694937944054414,0.680426368246751,0.67304327598283,0.656710062115398,0.634476276734999,0.615688872041532,0.604102714798148,0.585559148118007,0.565600155506618,0.572224335292596,0.556975941983958,0.535108521800388,0.529903620654392,0.553158298093407,0.552173006384184,0.544418810080705
0.757672141795884,0.892794660847485,0.975615134154672,1,0.981860332056999,0.929793474702035,0.865963990363311,0.820502249801299,0.814947023498625,0.804607676960118,0.790978240517537,0.785989161283341,0.778964538064002,0.768350758064089,0.757634641094882,0.747706063367722,0.733478749122318,0.717165668347045,0.71157743505229,0.697040717991935,0.675676477994917,0.65718417971058,0.645024114754119,0.62538743762595,0.604201363592893,0.615771594478853,0.603357475370553,0.582224053086662,0.5772118613015,0.599353907077729,0.596299363279664,0.58658615220533
0.701845016811522,0.847552871912532,0.943764765663554,0.981860332056999,1,0.982333441967531,0.944200990224127,0.912729036069708,0.906863600571349,0.895646456763892,0.880739069168427,0.874677104206053,0.866211062467441,0.853839448668632,0.841233423114753,0.829075077645134,0.812310983115237,0.793380256357205,0.785862719447856,0.768543542722021,0.743956878322949,0.723983877530756,0.714569253962148,0.695950442699519,0.674882623078239,0.681202721042583,0.661016066004102,0.633762836747826,0.624012856673116,0.640648091392518,0.632808796260423,0.619407226951016
0.646904541300478,0.790375707995573,0.887757806127506,0.929793474702035,0.982333441967531,1,0.989158153768893,0.972906436749997,0.966865439722011,0.955099837095842,0.93938030051,0.932434955290159,0.92281341167684,0.909109825640994,0.895104770131351,0.881333046495989,0.862783771718305,0.842038985654006,0.832412379109944,0.812389245510515,0.785030048305634,0.764056731565076,0.757862497588537,0.741045324714771,0.720946194784976,0.720730998019671,0.692573336955122,0.659656646477041,0.645259888042453,0.655924563471377,0.643756673893822,0.627301949935987
0.58780891194441,0.72598036581274,0.821874900424452,0.865963990363311,0.944200990224127,0.989158153768893,1,0.996093611159829,0.990064090312381,0.978158767581639,0.962190267929224,0.954723292393535,0.944432692127458,0.930022415713351,0.915265495333658,0.900567936147883,0.881076038254349,0.859420207659399,0.848376373391871,0.826726034517717,0.797867058464534,0.776626914450685,0.773112857568569,0.758124964533193,0.739282554047595,0.733944211926805,0.700227084535087,0.663679308062841,0.645991746363164,0.651707651649021,0.636443583196505,0.617999468012521
0.547524467358274,0.681361913418046,0.775557902040738,0.820502249801299,0.912729036069708,0.972906436749997,0.996093611159829,1,0.996283965234162,0.98644713952426,0.972305544332415,0.96507463321155,0.954545262551805,0.939868913920995,0.924819926230333,0.909750424624324,0.889868770940557,0.867829355142432,0.856117492638569,0.833684350821177,0.804103015035212,0.782842571164633,0.781024643378147,0.767222004469334,0.749212606984363,0.740856952757154,0.703883889019284,0.665227888270718,0.645473219260252,0.647718924159288,0.630313788956248,0.610507747228917
0.542486304206707,0.675829957410556,0.769859296227317,0.814947023498625,0.906863600571349,0.966865439722011,0.990064090312381,0.996283965234162,1,0.996913513368319,0.988821995917427,0.983149395376575,0.972815934590296,0.958204160604855,0.94320996832517,0.92826230237447,0.908344617537127,0.886170788798392,0.874633233144425,0.852103279535671,0.822186776992263,0.800783318971447,0.799394764860971,0.785632364886207,0.767478999552479,0.758713817602374,0.720594354063335,0.680853400510908,0.660021683029804,0.66033909252193,0.641312084657605,0.620273497824239
0.534382089897593,0.666412421925891,0.759681141743613,0.804607676960118,0.895646456763892,0.955099837095842,0.978158767581639,0.98644713952426,0.996913513368319,1,0.9974755625504,0.99326009817651,0.98317210649431,0.968713784868525,0.953866606747297,0.939126761519529,0.919305174780159,0.897152373855066,0.885848390892916,0.863376044309841,0.833347704370129,0.811952446949265,0.810964259710896,0.797327631305636,0.779160557193137,0.770078830211079,0.731161186736241,0.690688559730917,0.669009961238501,0.667567658017788,0.647185474070246,0.625159608907413
0.524210911167288,0.654351439733614,0.746436342023047,0.790978240517537,0.880739069168427,0.93938030051,0.962190267929224,0.972305544332415,0.988821995917427,0.9974755625504,1,0.997124933490952,0.987312599561609,0.973069939504097,0.95843466679444,0.94396115624965,0.924331865924265,0.902315853085389,0.891283231936147,0.86898245830085,0.839012596928674,0.817738498069729,0.817117698255702,0.803667325721136,0.785584431408056,0.776264667810676,0.73683195944721,0.695912689608289,0.673583329942195,0.670557024423996,0.64905743163478,0.62625566128321
0.520830277578379,0.650172927865578,0.741703261074407,0.785989161283341,0.874677104206053,0.932434955290159,0.954723292393535,0.96507463321155,0.983149395376575,0.99326009817651,0.997124933490952,1,0.996438113398159,0.98757596583866,0.976975115716851,0.964315279189416,0.946091077629398,0.925158427232539,0.913682491392812,0.890207963063086,0.859003880719422,0.836963289867401,0.836590748298321,0.823023133354419,0.804665092963092,0.795074408416688,0.754608461187474,0.712651002213537,0.690042897036222,0.688052409075316,0.6667169975933,0.643798907747426
0.516369545999296,0.644496098322805,0.735139707695141,0.778964538064002,0.866211062467441,0.92281341167684,0.944432692127458,0.954545262551805,0.972815934590296,0.98317210649431,0.987312599561609,0.996438113398159,1,0.997309713738417,0.991347721048696,0.980777961929478,0.964226183436332,0.944626513643822,0.932643255884116,0.907918882982515,0.875469041321419,0.852649705209189,0.852473992570249,0.83880637150366,0.820220553220458,0.810434192354391,0.769148567309051,0.726357775650412,0.703723267870311,0.70332158267591,0.682574892301114,0.659849278515109
0.509503988249204,0.635832017657359,0.725180314583194,0.768350758064089,0.853839448668632,0.909109825640994,0.930022415713351,0.939868913920995,0.958204160604855,0.968713784868525,0.973069939504097,0.98757596583866,0.997309713738417,1,0.998104919538571,0.989413161192883,0.974410944764992,0.956083407060726,0.943728491683993,0.918060736300213,0.884715766938143,0.861351536636565,0.861347937967831,0.847672472715903,0.828996201520944,0.819096374374022,0.777337129348643,0.734069557642004,0.71154307399461,0.712524809489205,0.69240992706488,0.669983128943337
0.503549098439795,0.62775865335411,0.715453424213833,0.757634641094882,0.841233423114753,0.895104770131351,0.915265495333658,0.924819926230333,0.94320996832517,0.953866606747297,0.95843466679444,0.976975115716851,0.991347721048696,0.998104919538571,1,0.995243768250864,0.983582106828933,0.968068664658478,0.955918812239963,0.929529600532976,0.895448095521752,0.871633100405273,0.871791317396215,0.858075136422845,0.839268287544093,0.828953017484726,0.786399322661062,0.742435828847988,0.719924482737463,0.722395068169535,0.702961143357206,0.680857034471051
0.500634824561556,0.622075248961108,0.707316785412246,0.747706063367722,0.829075077645134,0.881333046495989,0.900567936147883,0.909750424624324,0.92826230237447,0.939126761519529,0.94396115624965,0.964315279189416,0.980777961929478,0.989413161192883,0.995243768250864,1,0.996483736443186,0.987885008018934,0.977272185902771,0.950416448735622,0.915670069298564,0.891428729380013,0.891758827528506,0.877858527743408,0.858720578083575,0.84715776330559,0.802717948958618,0.757217696263902,0.73441244562072,0.738934491006435,0.72035323164686,0.698599494870913
0.494319929888001,0.612454847908779,0.694937944054414,0.733478749122318,0.812310983115237,0.862783771718305,0.881076038254349,0.889868770940557,0.908344617537127,0.919305174780159,0.924331865924265,0.946091077629398,0.964226183436332,0.974410944764992,0.983582106828933,0.996483736443186,1,0.997413961641975,0.988203856871318,0.961151158637369,0.926097244620853,0.901673614776508,0.902149035188734,0.888196116893016,0.868918974017984,0.856371116917095,0.810647125248458,0.764171243785456,0.741286689416922,0.747538776427124,0.729832235082774,0.708545331831318
0.48613381914263,0.600771507475543,0.680426368246751,0.717165668347045,0.793380256357205,0.842038985654006,0.859420207659399,0.867829355142432,0.886170788798392,0.897152373855066,0.902315853085389,0.925158427232539,0.944626513643822,0.956083407060726,0.968068664658478,0.987885008018934,0.997413961641975,1,0.992044720827677,0.964974628063699,0.929853296004945,0.905410127646769,0.906007539750771,0.892087653637661,0.872799108097716,0.859476593504427,0.812907211569068,0.765854820102651,0.743030444872474,0.750731508200165,0.733874482111079,0.713107275360157
0.476157678407827,0.59181903931278,0.67304327598283,0.71157743505229,0.785862719447856,0.832412379109944,0.848376373391871,0.856117492638569,0.874633233144425,0.885848390892916,0.891283231936147,0.913682491392812,0.932643255884116,0.943728491683993,0.955918812239963,0.977272185902771,0.988203856871318,0.992044720827677,1,0.990240231818362,0.968584582314403,0.951180936548321,0.946523024562454,0.927898468495446,0.904619047778342,0.887744870397743,0.837549994724066,0.787693057839926,0.764528528142663,0.776759852108237,0.762091484818577,0.742434574771266
0.458747823559679,0.574426215820367,0.656710062115398,0.697040717991935,0.768543542722021,0.812389245510515,0.826726034517717,0.833684350821177,0.852103279535671,0.863376044309841,0.86898245830085,0.890207963063086,0.907918882982515,0.918060736300213,0.929529600532976,0.950416448735622,0.961151158637369,0.964974628063699,0.990240231818362,1,0.993790814964462,0.984565419388697,0.974085447620779,0.950523835120987,0.923198711093897,0.902856074927866,0.849716679532888,0.79775632315871,0.774604715873836,0.79130367988215,0.779117744453587,0.760912516614135
0.438426136823793,0.552498542786445,0.634476276734999,0.675676477994917,0.743956878322949,0.785030048305634,0.797867058464534,0.804103015035212,0.822186776992263,0.833347704370129,0.839012596928674,0.859003880719422,0.875469041321419,0.884715766938143,0.895448095521752,0.915670069298564,0.926097244620853,0.929853296004945,0.968584582314403,0.993790814964462,1,0.997432741506625,0.982451549146403,0.955278396908945,0.925106022541233,0.902279209940274,0.847533095323885,0.794620991174801,0.771803839907285,0.791835674767638,0.781802161060434,0.76501074705057
0.422196736140003,0.53445759520371,0.615688872041532,0.65718417971058,0.723983877530756,0.764056731565076,0.776626914450685,0.782842571164633,0.800783318971447,0.811952446949265,0.817738498069729,0.836963289867401,0.852649705209189,0.861351536636565,0.871633100405273,0.891428729380013,0.901673614776508,0.905410127646769,0.951180936548321,0.984565419388697,0.997432741506625,1,0.988402656719523,0.963750225253794,0.935452932902361,0.910825719312633,0.853628903674032,0.799055685335647,0.775280213374859,0.795136580283652,0.78489278640639,0.767920191275222
0.41380818491729,0.524170443918863,0.604102714798148,0.645024114754119,0.714569253962148,0.757862497588537,0.773112857568569,0.781024643378147,0.799394764860971,0.810964259710896,0.817117698255702,0.836590748298321,0.852473992570249,0.861347937967831,0.871791317396215,0.891758827528506,0.902149035188734,0.906007539750771,0.946523024562454,0.974085447620779,0.982451549146403,0.988402656719523,1,0.993089342870957,0.978277796528015,0.952596897220641,0.889534008160626,0.830511154613935,0.802144602628234,0.813625067692407,0.797394532143528,0.776233118539336
0.400756525041487,0.507899617820365,0.585559148118007,0.62538743762595,0.695950442699519,0.741045324714771,0.758124964533193,0.767222004469334,0.785632364886207,0.797327631305636,0.803667325721136,0.823023133354419,0.83880637150366,0.847672472715903,0.858075136422845,0.877858527743408,0.888196116893016,0.892087653637661,0.927898468495446,0.950523835120987,0.955278396908945,0.963750225253794,0.993089342870957,1,0.995845938999539,0.96975835346225,0.903162941359787,0.841638120156586,0.810173660225624,0.814998626689462,0.794398912829406,0.770336105146003
0.386816942970568,0.49044291093104,0.565600155506618,0.604201363592893,0.674882623078239,0.720946194784976,0.739282554047595,0.749212606984363,0.767478999552479,0.779160557193137,0.785584431408056,0.804665092963092,0.820220553220458,0.828996201520944,0.839268287544093,0.858720578083575,0.868918974017984,0.872799108097716,0.904619047778342,0.923198711093897,0.925106022541233,0.935452932902361,0.978277796528015,0.995845938999539,1,0.973845128796559,0.905142715100589,0.842262196944063,0.808693635839043,0.808309031308903,0.784515517672471,0.758430642009417
0.381715518164074,0.491200832577417,0.572224335292596,0.615771594478853,0.681202721042583,0.720730998019671,0.733944211926805,0.740856952757154,0.758713817602374,0.770078830211079,0.776264667810676,0.795074408416688,0.810434192354391,0.819096374374022,0.828953017484726,0.84715776330559,0.856371116917095,0.859476593504427,0.887744870397743,0.902856074927866,0.902279209940274,0.910825719312633,0.952596897220641,0.96975835346225,0.973845128796559,1,0.977947487514559,0.942491283014647,0.920020396159934,0.903293554804403,0.866103400767867,0.829956616698938
0.362982030442672,0.473679412062221,0.556975941983958,0.603357475370553,0.661016066004102,0.692573336955122,0.700227084535087,0.703883889019284,0.720594354063335,0.731161186736241,0.73683195944721,0.754608461187474,0.769148567309051,0.777337129348643,0.786399322661062,0.802717948958618,0.810647125248458,0.812907211569068,0.837549994724066,0.849716679532888,0.847533095323885,0.853628903674032,0.889534008160626,0.903162941359787,0.905142715100589,0.977947487514559,1,0.991511381761968,0.980667739723026,0.950924150803985,0.903879733564162,0.860617226593339
0.343255006120173,0.452247552411734,0.535108521800388,0.582224053086662,0.633762836747826,0.659656646477041,0.663679308062841,0.665227888270718,0.680853400510908,0.690688559730917,0.695912689608289,0.712651002213537,0.726357775650412,0.734069557642004,0.742435828847988,0.757217696263902,0.764171243785456,0.765854820102651,0.787693057839926,0.79775632315871,0.794620991174801,0.799055685335647,0.830511154613935,0.841638120156586,0.842262196944063,0.942491283014647,0.991511381761968,1,0.996635803986333,0.959449477789201,0.90731550365878,0.860584290930654
0.338520979496634,0.447126349943206,0.529903620654392,0.5772118613015,0.624012856673116,0.645259888042453,0.645991746363164,0.645473219260252,0.660021683029804,0.669009961238501,0.673583329942195,0.690042897036222,0.703723267870311,0.71154307399461,0.719924482737463,0.73441244562072,0.741286689416922,0.743030444872474,0.764528528142663,0.774604715873836,0.771803839907285,0.775280213374859,0.802144602628234,0.810173660225624,0.808693635839043,0.920020396159934,0.980667739723026,0.996635803986333,1,0.972784175545468,0.926747271972928,0.883869011041498
0.360211186908259,0.470286264737004,0.553158298093407,0.599353907077729,0.640648091392518,0.655924563471377,0.651707651649021,0.647718924159288,0.66033909252193,0.667567658017788,0.670557024423996,0.688052409075316,0.70332158267591,0.712524809489205,0.722395068169535,0.738934491006435,0.747538776427124,0.750731508200165,0.776759852108237,0.79130367988215,0.791835674767638,0.795136580283652,0.813625067692407,0.814998626689462,0.808309031308903,0.903293554804403,0.950924150803985,0.959449477789201,0.972784175545468,1,0.988576291121831,0.968193987332132
0.363828166439006,0.471653118688769,0.552173006384184,0.596299363279664,0.632808796260423,0.643756673893822,0.636443583196505,0.630313788956248,0.641312084657605,0.647185474070246,0.64905743163478,0.6667169975933,0.682574892301114,0.69240992706488,0.702961143357206,0.72035323164686,0.729832235082774,0.733874482111079,0.762091484818577,0.779117744453587,0.781802161060434,0.78489278640639,0.797394532143528,0.794398912829406,0.784515517672471,0.866103400767867,0.903879733564162,0.90731550365878,0.926747271972928,0.988576291121831,1,0.994844204924643
0.36158947553349,0.46651566660406,0.544418810080705,0.58658615220533,0.619407226951016,0.627301949935987,0.617999468012521,0.610507747228917,0.620273497824239,0.625159608907413,0.62625566128321,0.643798907747426,0.659849278515109,0.669983128943337,0.680857034471051,0.698599494870913,0.708545331831318,0.713107275360157,0.742434574771266,0.760912516614135,0.76501074705057,0.767920191275222,0.776233118539336,0.770336105146003,0.758430642009417,0.829956616698938,0.860617226593339,0.860584290930654,0.883869011041498,0.968193987332132,0.994844204924643,1
