1,0.995157131337943,0.979110275869892,0.950103460007094,0.907546150356893,0.852405418961913,0.787158730151445,0.715273636293493,0.669020298864452,0.635313950461632,0.58152170555662,0.526111087310766,0.476794531571904,0.435192406779861,0.400662587578838,0.372012621185858,0.361330406757415,0.346970252055867,0.327049520066595,0.309205276627029,0.294599478273923,0.282837410807779,0.273314180714856,0.265511381550683,0.268645108488779,0.274342184571716,0.275841197338825,0.274500059143795,0.271413506146938,0.267363823940405,0.262868221500985,0.258249862836518
0.995157131337943,1,0.994355280461424,0.976164478067248,0.944431045974894,0.899674965261486,0.843971293045435,0.780503919325056,0.738007568949466,0.69991683898435,0.639894869197553,0.578291764602587,0.523558120256633,0.477432547510965,0.439173343553355,0.407443700829329,0.397411699614507,0.384268161381136,0.364013547343849,0.345446236839324,0.330094146980131,0.317660789600753,0.30755745650978,0.299258457704751,0.30290307616634,0.309230044092143,0.310836823111024,0.30925436432127,0.305715668152902,0.3011010095062,0.295991797485556,0.290750859016053
0.979110275869892,0.994355280461424,1,0.993681778677093,0.97397665316527,0.940916361108737,0.896119040889461,0.842427781634061,0.80444874950569,0.762039643341197,0.695945872082035,0.628328351576754,0.568342570353529,0.517835868822158,0.47596712410746,0.441258245989331,0.432037154194458,0.420349730229795,0.399954934261799,0.380809010831771,0.364818283333309,0.351795512268263,0.341175860389969,0.332431491182438,0.336587941421513,0.34352602730171,0.345231660165206,0.343405924515532,0.339417657961496,0.334243334647034,0.328527340170172,0.322671368926749
0.950103460007094,0.976164478067248,0.993681778677093,1,0.993260557616919,0.972978336039416,0.940268260139145,0.897577981159006,0.864844092647595,0.818388189057105,0.746683915495071,0.673535320694065,0.608731014743088,0.5542106491426,0.509038271362109,0.471604507150543,0.463354513818011,0.453350994186806,0.433058549655466,0.413535858435052,0.397066094279981,0.38357988177621,0.37254457571913,0.363436555700869,0.368083341321352,0.375582603271352,0.377371842712304,0.375311206023201,0.370896397243561,0.365193649836943,0.358906046851874,0.352471460129685
0.907546150356893,0.944431045974894,0.97397665316527,0.993260557616919,1,0.99318255201236,0.973388687937158,0.942625229378284,0.915742120558776,0.865723341938297,0.789176274853419,0.711286068541625,0.64236531150016,0.584423255786385,0.53643843417329,0.496687244147529,0.489549520961708,0.481417635886665,0.461500051125101,0.441847229357583,0.425101228338187,0.411315309560844,0.3999971372277,0.390634390249642,0.395725902977874,0.403705212509444,0.405557058563932,0.403281175311251,0.398484440798073,0.392311639044405,0.385517143363881,0.378570377559072
0.852405418961913,0.899674965261486,0.940916361108737,0.972978336039416,0.99318255201236,1,0.993465738193214,0.975115939342584,0.954482750841499,0.901560645125642,0.821183641031537,0.739583522460244,0.667459663345667,0.606863999484539,0.556702944674833,0.515161444717595,0.509239430223159,0.503100501564079,0.483830724836671,0.464314217005796,0.44751806324826,0.433618143115783,0.422169355657585,0.412677709422082,0.418147284429077,0.426500918368475,0.428390554034062,0.425929128461579,0.420813486508229,0.414251850407041,0.407039922508399,0.39967247790781
0.787158730151445,0.843971293045435,0.896119040889461,0.940268260139145,0.973388687937158,0.993465738193214,1,0.994046551765571,0.979805081147359,0.924739438621022,0.841674326639927,0.757519770246928,0.683212508294731,0.620819163174747,0.569189983713306,0.526444352403719,0.521790838444857,0.517684263295957,0.499303278684227,0.480178028398852,0.463554632987452,0.449726701686453,0.438301259619312,0.428808786693845,0.434576266829726,0.443186050431821,0.445087724785656,0.44247715162026,0.437116846726738,0.43026118391139,0.422735819456478,0.415053813874188
0.715273636293493,0.780503919325056,0.842427781634061,0.897577981159006,0.942625229378284,0.975115939342584,0.994046551765571,1,0.992034078853675,0.935593415130289,0.850974755321962,0.765407542642218,0.689921784272691,0.626572928194171,0.574171621851565,0.530797584453447,0.527411791875077,0.525295490944064,0.507987092642757,0.489468525386341,0.473212719040234,0.459622095282291,0.448358232913277,0.438980697831865,0.444962262470912,0.45371161643791,0.455601599484036,0.452880467579042,0.447351942377008,0.440299164160407,0.432566319117726,0.424677669185505
0.669020298864452,0.738007568949466,0.80444874950569,0.864844092647595,0.915742120558776,0.954482750841499,0.979805081147359,0.992034078853675,1,0.970057228720011,0.905011600050306,0.832955735901265,0.766702441092816,0.709772360524538,0.661956130629282,0.621952546803135,0.617835157835678,0.608401034948272,0.583781625967883,0.559309852031584,0.538398259395939,0.521157100426312,0.506988968995714,0.495261198800757,0.500782729411193,0.509395006754179,0.510456323517457,0.506495394673912,0.499525119698364,0.490967003131821,0.481748704133731,0.472440477051344
0.635313950461632,0.69991683898435,0.762039643341197,0.818388189057105,0.865723341938297,0.901560645125642,0.924739438621022,0.935593415130289,0.970057228720011,1,0.981229504401381,0.94240790036078,0.89967256703551,0.859609542045285,0.824181575568999,0.793515171357089,0.786402192655537,0.759033721219365,0.718104400720575,0.680819993034249,0.650075725464413,0.62521428603787,0.605031438796151,0.588464120738964,0.592552574054421,0.600420835185003,0.599672108170768,0.593295522001474,0.583640685410859,0.572347080213402,0.560470174289326,0.548647526835585
0.58152170555662,0.639894869197553,0.695945872082035,0.746683915495071,0.789176274853419,0.821183641031537,0.841674326639927,0.850974755321962,0.905011600050306,0.981229504401381,1,0.989218024495699,0.96697409995756,0.942007979041315,0.917923562386005,0.895975570356266,0.886786718824668,0.84634278834403,0.794204756447147,0.748333398822244,0.711090014642633,0.681235812123144,0.657135967390847,0.637430911021627,0.640207559357654,0.647150317181637,0.644996272187589,0.636972948988986,0.625597338916135,0.61261224569023,0.599129712260192,0.585813612824003
0.526111087310766,0.578291764602587,0.628328351576754,0.673535320694065,0.711286068541625,0.739583522460244,0.757519770246928,0.765407542642218,0.832955735901265,0.94240790036078,0.989218024495699,1,0.993874687048329,0.980998608987147,0.966131767730019,0.951354265818437,0.940819002925479,0.8914578223771,0.832112978411218,0.780868943620154,0.739622419315321,0.706724038531629,0.680252908713693,0.658658325159034,0.660369237221515,0.66643532015339,0.663267971356348,0.654194952349473,0.641797351729986,0.62785280432708,0.613488475672902,0.599371602981799
0.476794531571904,0.523558120256633,0.568342570353529,0.608731014743088,0.64236531150016,0.667459663345667,0.683212508294731,0.689921784272691,0.766702441092816,0.89967256703551,0.96697409995756,0.993874687048329,1,0.996430824582086,0.988731683817312,0.979575856721992,0.968174826672988,0.912788562291616,0.848851730600955,0.794284235398737,0.75060513787116,0.715878769259196,0.687995761457231,0.665283292498719,0.66616558885451,0.671483612459082,0.667596785364385,0.657861050008612,0.644869053243424,0.63039936206635,0.615574478592188,0.601054661996862
0.435192406779861,0.477432547510965,0.517835868822158,0.5542106491426,0.584423255786385,0.606863999484539,0.620819163174747,0.626572928194171,0.709772360524538,0.859609542045285,0.942007979041315,0.980998608987147,0.996430824582086,1,0.997839281899804,0.993052987734165,0.98108469119275,0.921553092941233,0.854636096564896,0.797980101558752,0.752803186345283,0.716966960790553,0.688235490909576,0.664856474874248,0.66509857072351,0.669801340006679,0.665397010273784,0.655235370024123,0.641896510818478,0.627145042254695,0.612090646108051,0.597382805760269
0.400662587578838,0.439173343553355,0.47596712410746,0.509038271362109,0.53643843417329,0.556702944674833,0.569189983713306,0.574171621851565,0.661956130629282,0.824181575568999,0.917923562386005,0.966131767730019,0.988731683817312,0.997839281899804,1,0.99863831775038,0.986287604467931,0.923823546498363,0.854917460471696,0.79691571605071,0.750796109551099,0.714273026043386,0.685023063209198,0.661240711190286,0.660983318991283,0.665183986670766,0.660398616808409,0.649955664314179,0.636412706079254,0.62151477317316,0.60635608838025,0.591574540240308
0.372012621185858,0.407443700829329,0.441258245989331,0.471604507150543,0.496687244147529,0.515161444717595,0.526444352403719,0.530797584453447,0.621952546803135,0.793515171357089,0.895975570356266,0.951354265818437,0.979575856721992,0.993052987734165,0.99863831775038,1,0.98738365122477,0.922783414013255,0.852510017615809,0.793618224971665,0.746892037151223,0.709935974900191,0.680364335053829,0.656334916194477,0.655681717848141,0.659470785347849,0.654397592107068,0.64376341126759,0.630100072396343,0.615131691020151,0.599936848072908,0.58514226269791
0.361330406757415,0.397411699614507,0.432037154194458,0.463354513818011,0.489549520961708,0.509239430223159,0.521790838444857,0.527411791875077,0.617835157835678,0.786402192655537,0.886786718824668,0.940819002925479,0.968174826672988,0.98108469119275,0.986287604467931,0.98738365122477,1,0.971937771579269,0.924100682263276,0.87938163774404,0.842097776607245,0.811763246091892,0.787041471570359,0.766693758586684,0.765324801217352,0.764674022302419,0.754373138182299,0.738268950087727,0.719246398833973,0.699225017648487,0.679371579850874,0.660336341846678
0.346970252055867,0.384268161381136,0.420349730229795,0.453350994186806,0.481417635886665,0.503100501564079,0.517684263295957,0.525295490944064,0.608401034948272,0.759033721219365,0.84634278834403,0.8914578223771,0.912788562291616,0.921553092941233,0.923823546498363,0.922783414013255,0.971937771579269,1,0.988064387957702,0.966705225139361,0.945336403485785,0.926359281014377,0.910073745150095,0.896204545491566,0.894096822509712,0.887230596837082,0.869925917292973,0.846669004462141,0.820745653497703,0.794286581865633,0.768543956936241,0.744179645564041
0.327049520066595,0.364013547343849,0.399954934261799,0.433058549655466,0.461500051125101,0.483830724836671,0.499303278684227,0.507987092642757,0.583781625967883,0.718104400720575,0.794204756447147,0.832112978411218,0.848851730600955,0.854636096564896,0.854917460471696,0.852510017615809,0.924100682263276,0.988064387957702,1,0.994585066683736,0.984285646442329,0.973320946140171,0.963053370824431,0.95384690737967,0.951319305615661,0.940591133234251,0.919224677886588,0.89198888762764,0.862332451959731,0.832459792967592,0.803641041510091,0.776525605054106
0.309205276627029,0.345446236839324,0.380809010831771,0.413535858435052,0.441847229357583,0.464314217005796,0.480178028398852,0.489468525386341,0.559309852031584,0.680819993034249,0.748333398822244,0.780868943620154,0.794284235398737,0.797980101558752,0.79691571605071,0.793618224971665,0.87938163774404,0.966705225139361,0.994585066683736,1,0.997307373986298,0.9918960044477,0.985826786995919,0.979890074682886,0.977113237572126,0.963924043180676,0.940105019245154,0.910551633448305,0.878776028724965,0.847002664877112,0.816496686634865,0.78789034976625
0.294599478273923,0.330094146980131,0.364818283333309,0.397066094279981,0.425101228338187,0.44751806324826,0.463554632987452,0.473212719040234,0.538398259395939,0.650075725464413,0.711090014642633,0.739622419315321,0.75060513787116,0.752803186345283,0.750796109551099,0.746892037151223,0.842097776607245,0.945336403485785,0.984285646442329,0.997307373986298,1,0.998542570676394,0.995475445579989,0.991884693772361,0.988950071801709,0.974110173986742,0.948715650842607,0.917719360869971,0.884655345841588,0.85174771574704,0.820249856147669,0.790777801464682
0.282837410807779,0.317660789600753,0.351795512268263,0.38357988177621,0.411315309560844,0.433618143115783,0.449726701686453,0.459622095282291,0.521157100426312,0.62521428603787,0.681235812123144,0.706724038531629,0.715878769259196,0.716966960790553,0.714273026043386,0.709935974900191,0.811763246091892,0.926359281014377,0.973320946140171,0.9918960044477,0.998542570676394,1,0.999152770341759,0.997300843764046,0.994260194503708,0.978256519643734,0.951789862602548,0.919838284817189,0.885939790527446,0.852310583503672,0.820191084883039,0.790183272654963
0.273314180714856,0.30755745650978,0.341175860389969,0.37254457571913,0.3999971372277,0.422169355657585,0.438301259619312,0.448358232913277,0.506988968995714,0.605031438796151,0.657135967390847,0.680252908713693,0.687995761457231,0.688235490909576,0.685023063209198,0.680364335053829,0.787041471570359,0.910073745150095,0.963053370824431,0.985826786995919,0.995475445579989,0.999152770341759,1,0.999477656411266,0.996362110579584,0.979502332622183,0.952269948581927,0.919652488552629,0.885184048835102,0.851070463578766,0.818539838295562,0.788182253087786
0.265511381550683,0.299258457704751,0.332431491182438,0.363436555700869,0.390634390249642,0.412677709422082,0.428808786693845,0.438980697831865,0.495261198800757,0.588464120738964,0.637430911021627,0.658658325159034,0.665283292498719,0.664856474874248,0.661240711190286,0.656334916194477,0.766693758586684,0.896204545491566,0.95384690737967,0.979890074682886,0.991884693772361,0.997300843764046,0.999477656411266,1,0.996829341113276,0.979317323929581,0.951515988198059,0.918414375977962,0.883539317598682,0.849085884640066,0.816271053115219,0.785674859403504
0.268645108488779,0.30290307616634,0.336587941421513,0.368083341321352,0.395725902977874,0.418147284429077,0.434576266829726,0.444962262470912,0.500782729411193,0.592552574054421,0.640207559357654,0.660369237221515,0.66616558885451,0.66509857072351,0.660983318991283,0.655681717848141,0.765324801217352,0.894096822509712,0.951319305615661,0.977113237572126,0.988950071801709,0.994260194503708,0.996362110579584,0.996829341113276,1,0.992252104565791,0.972838706478203,0.946777318390557,0.91774198131627,0.888114537978699,0.859294229010712,0.83202022213544
0.274342184571716,0.309230044092143,0.34352602730171,0.375582603271352,0.403705212509444,0.426500918368475,0.443186050431821,0.45371161643791,0.509395006754179,0.600420835185003,0.647150317181637,0.66643532015339,0.671483612459082,0.669801340006679,0.665183986670766,0.659470785347849,0.764674022302419,0.887230596837082,0.940591133234251,0.963924043180676,0.974110173986742,0.978256519643734,0.979502332622183,0.979317323929581,0.992252104565791,1,0.994060999301049,0.97943354859224,0.959976989529098,0.938337320839416,0.916183358750107,0.8944957821761
0.275841197338825,0.310836823111024,0.345231660165206,0.377371842712304,0.405557058563932,0.428390554034062,0.445087724785656,0.455601599484036,0.510456323517457,0.599672108170768,0.644996272187589,0.663267971356348,0.667596785364385,0.665397010273784,0.660398616808409,0.654397592107068,0.754373138182299,0.869925917292973,0.919224677886588,0.940105019245154,0.948715650842607,0.951789862602548,0.952269948581927,0.951515988198059,0.972838706478203,0.994060999301049,1,0.995573846329064,0.984755075484591,0.970387392709605,0.954354502978501,0.937836148816737
0.274500059143795,0.30925436432127,0.343405924515532,0.375311206023201,0.403281175311251,0.425929128461579,0.44247715162026,0.452880467579042,0.506495394673912,0.593295522001474,0.636972948988986,0.654194952349473,0.657861050008612,0.655235370024123,0.649955664314179,0.64376341126759,0.738268950087727,0.846669004462141,0.89198888762764,0.910551633448305,0.917719360869971,0.919838284817189,0.919652488552629,0.918414375977962,0.946777318390557,0.97943354859224,0.995573846329064,1,0.996744346113978,0.988794160538363,0.978200730713459,0.96630444125689
0.271413506146938,0.305715668152902,0.339417657961496,0.370896397243561,0.398484440798073,0.420813486508229,0.437116846726738,0.447351942377008,0.499525119698364,0.583640685410859,0.625597338916135,0.641797351729986,0.644869053243424,0.641896510818478,0.636412706079254,0.630100072396343,0.719246398833973,0.820745653497703,0.862332451959731,0.878776028724965,0.884655345841588,0.885939790527446,0.885184048835102,0.883539317598682,0.91774198131627,0.959976989529098,0.984755075484591,0.996744346113978,1,0.997611412543764,0.991759171672351,0.983912022261291
0.267363823940405,0.3011010095062,0.334243334647034,0.365193649836943,0.392311639044405,0.414251850407041,0.43026118391139,0.440299164160407,0.490967003131821,0.572347080213402,0.61261224569023,0.62785280432708,0.63039936206635,0.627145042254695,0.62151477317316,0.615131691020151,0.699225017648487,0.794286581865633,0.832459792967592,0.847002664877112,0.85174771574704,0.852310583503672,0.851070463578766,0.849085884640066,0.888114537978699,0.938337320839416,0.970387392709605,0.988794160538363,0.997611412543764,1,0.998239996207588,0.993902511681656
0.262868221500985,0.295991797485556,0.328527340170172,0.358906046851874,0.385517143363881,0.407039922508399,0.422735819456478,0.432566319117726,0.481748704133731,0.560470174289326,0.599129712260192,0.613488475672902,0.615574478592188,0.612090646108051,0.60635608838025,0.599936848072908,0.679371579850874,0.768543956936241,0.803641041510091,0.816496686634865,0.820249856147669,0.820191084883039,0.818539838295562,0.816271053115219,0.859294229010712,0.916183358750107,0.954354502978501,0.978200730713459,0.991759171672351,0.998239996207588,1,0.998692190360275
0.258249862836518,0.290750859016053,0.322671368926749,0.352471460129685,0.378570377559072,0.39967247790781,0.415053813874188,0.424677669185505,0.472440477051344,0.548647526835585,0.585813612824003,0.599371602981799,0.601054661996862,0.597382805760269,0.591574540240308,0.58514226269791,0.660336341846678,0.744179645564041,0.776525605054106,0.78789034976625,0.790777801464682,0.790183272654963,0.788182253087786,0.785674859403504,0.83202022213544,0.8944957821761,0.937836148816737,0.96630444125689,0.983912022261291,0.993902511681656,0.998692190360275,1
