1,0.987950864419609,0.938716099415093,0.832616519543698,0.793353806823734,0.761603225629315,0.71119764589698,0.661505506364831,0.636105488973942,0.601898183480548,0.561643224053127,0.513732035865548,0.453585108628294,0.393323554897799,0.348793589659481,0.332145887741431,0.313862427302932,0.295421792980063,0.276306395803826,0.255714727224417,0.236696730947617,0.226269968883263,0.233017316333747,0.234822628134021,0.233876114789277,0.231901029329053,0.222177225884547,0.2113461445709,0.208015410839542,0.213596705915513,0.209455638899402,0.204235844477385
0.987950864419609,1,0.980752513908268,0.908302374960456,0.876019057481829,0.842783393365966,0.78887518190227,0.736408911300708,0.712668678752453,0.678892516924084,0.637993819790949,0.590181523630152,0.527805540573968,0.463799937390145,0.416139809957376,0.398615408149355,0.378816562443986,0.358518271905244,0.337789999274326,0.314861507979191,0.29329242015666,0.281600148281717,0.289967802277302,0.292191014956058,0.290994616197774,0.293735294807488,0.286535165287281,0.276116939398169,0.272891808884948,0.276503893489026,0.269049788854223,0.261018485301007
0.938716099415093,0.980752513908268,1,0.972497773582801,0.950131771526484,0.916167452457906,0.859697390053523,0.80553867130407,0.784710240995177,0.752641553241895,0.71233962271311,0.666299158356191,0.603259769912987,0.536735585077705,0.486768275764377,0.468741522452304,0.44771291194385,0.425770253111762,0.40372123966707,0.378634470988641,0.354589954801331,0.341703900119774,0.351827476782059,0.354501326097714,0.353030886482625,0.361626555755068,0.357858325652742,0.348319851728637,0.34533905156999,0.346342350663439,0.334965304925678,0.323663671854634
0.832616519543698,0.908302374960456,0.972497773582801,1,0.990592612109704,0.957473009659048,0.900796595341449,0.847351967324721,0.831047954587109,0.802634291320522,0.765077929312179,0.72347430050302,0.662824643130697,0.596653069915664,0.546455052923118,0.528738726449307,0.507304318519413,0.484507422203799,0.461995580927876,0.435600209813721,0.409816179999644,0.396156361300536,0.407863656707599,0.410940125892965,0.409216994503048,0.424363104465725,0.424878807253984,0.416871084399511,0.414332153131811,0.412172903773752,0.396690438452003,0.382058055661822
0.793353806823734,0.876019057481829,0.950131771526484,0.990592612109704,1,0.987138300583825,0.949663921242775,0.909116553902515,0.894076259927602,0.865918542558703,0.827740813799614,0.787763780229619,0.726968895821039,0.658992695471665,0.606814970256569,0.587888488583985,0.564730107547749,0.539959102170427,0.516100215353738,0.487809661419053,0.459901374038412,0.445229151410949,0.458469473347786,0.461992860907124,0.460107795542119,0.478590750998881,0.480526002933331,0.472368311041148,0.469230097733624,0.463981592585662,0.444920316640543,0.427454910923112
0.761603225629315,0.842783393365966,0.916167452457906,0.957473009659048,0.987138300583825,1,0.987531759513071,0.963757295475081,0.949290441645079,0.920842403086461,0.881645058747902,0.843069712074468,0.782269325539442,0.712833484646517,0.658916391806122,0.638624722572486,0.613701914558451,0.586993349300519,0.561874947325315,0.531920250534243,0.502169283689565,0.486622524063954,0.501197348286719,0.505130607323357,0.503134688158596,0.523812988934675,0.526352827726866,0.517696386989544,0.513717454056062,0.505477498418132,0.483250158184364,0.463333279479204
0.71119764589698,0.78887518190227,0.859697390053523,0.900796595341449,0.949663921242775,0.987531759513071,1,0.993339049217598,0.979800446608226,0.951781516470544,0.912565318448378,0.876339700623008,0.817061988464628,0.747933991027708,0.693659267465128,0.672533310601348,0.646499484842766,0.618554302152972,0.592826976321391,0.561986475984737,0.531168783317058,0.515151617773844,0.530674195460917,0.534912193587216,0.532857281889461,0.555177595263975,0.558248926794438,0.549318938366214,0.54461216545499,0.533633673932534,0.508847402634002,0.487017170021267
0.661505506364831,0.736408911300708,0.80553867130407,0.847351967324721,0.909116553902515,0.963757295475081,0.993339049217598,1,0.991935432285132,0.969009573665018,0.934332775706555,0.901719104594687,0.844522423145109,0.776343831358066,0.722552166292041,0.702003087446059,0.676140516377822,0.648092586393218,0.622244942429739,0.590782433219491,0.55911549637822,0.542655496438878,0.558707569168374,0.56293396512067,0.560583199364356,0.583889991758682,0.587002599108548,0.577534926594434,0.572098913868248,0.558997443017572,0.532105322215486,0.508672800052684
0.636105488973942,0.712668678752453,0.784710240995177,0.831047954587109,0.894076259927602,0.949290441645079,0.979800446608226,0.991935432285132,1,0.992503690101772,0.971969658914037,0.944876766597799,0.888983934293691,0.820682935181575,0.767296688813643,0.749870747047571,0.726195208909468,0.699612461021317,0.673784914763729,0.641068448763977,0.607790721418207,0.590291768708994,0.606543688329561,0.61017988299508,0.60687056904432,0.630584890783638,0.632713036279958,0.621692498250407,0.61527180652403,0.600860108589775,0.571763396325233,0.54645998404751
0.601898183480548,0.678892516924084,0.752641553241895,0.802634291320522,0.865918542558703,0.920842403086461,0.951781516470544,0.969009573665018,0.992503690101772,1,0.993416914156445,0.972061281092985,0.918279333951618,0.850903440561525,0.798723474549858,0.78457519654945,0.763370120307306,0.738606181665786,0.713192470406044,0.679766528952231,0.64544381683485,0.627210296900052,0.64340671115798,0.646418262617403,0.642235198895026,0.665980304829026,0.667126668478022,0.65477707389345,0.647504954486057,0.632049959132848,0.601271827002295,0.574550836654653
0.561643224053127,0.637993819790949,0.71233962271311,0.765077929312179,0.827740813799614,0.881645058747902,0.912565318448378,0.934332775706555,0.971969658914037,0.993416914156445,1,0.984312688085192,0.933241276858699,0.867649465667885,0.817310324021917,0.806426836266598,0.787825979247895,0.76510388367994,0.740423940237258,0.706787901918207,0.671952816113454,0.653278917839357,0.669202879275825,0.671587950726266,0.666642828638663,0.690093628723027,0.690304141561585,0.676876860858869,0.668905646871415,0.652683077931091,0.620747784976296,0.593061723531649
0.513732035865548,0.590181523630152,0.666299158356191,0.72347430050302,0.787763780229619,0.843069712074468,0.876339700623008,0.901719104594687,0.944876766597799,0.972061281092985,0.984312688085192,1,0.981812957033636,0.941364212466569,0.90560534222044,0.894883014215103,0.875424965149867,0.851222067690806,0.827259715232495,0.793219755655182,0.756949967082217,0.736045408446982,0.747436097854452,0.744916337635109,0.73526998430176,0.755159173870781,0.750789006264236,0.733127707146899,0.723425697681234,0.708479737258702,0.675357612053479,0.646244051526604
0.453585108628294,0.527805540573968,0.603259769912987,0.662824643130697,0.726968895821039,0.782269325539442,0.817061988464628,0.844522423145109,0.888983934293691,0.918279333951618,0.933241276858699,0.981812957033636,1,0.98829773059708,0.969415899931516,0.958435820699577,0.938035742338446,0.912490067602493,0.889927686462602,0.856601102017507,0.820048167620298,0.797460087701724,0.803522302936057,0.795801372029227,0.781444518005184,0.796809822514513,0.787732461280709,0.766215720036694,0.755080890459556,0.742221625669468,0.709143548538446,0.679630396394159
0.393323554897799,0.463799937390145,0.536735585077705,0.596653069915664,0.658992695471665,0.712833484646517,0.747933991027708,0.776343831358066,0.820682935181575,0.850903440561525,0.867649465667885,0.941364212466569,0.98829773059708,1,0.995175039569163,0.984276806560411,0.963656670888574,0.937704359870262,0.916860521970029,0.884984087185935,0.849165540109694,0.825819221767083,0.827440703869696,0.81574402363203,0.797980276187734,0.809306492473541,0.796685966104075,0.77263774640375,0.760644716350264,0.749800413616144,0.717628170302382,0.688570595662123
0.348793589659481,0.416139809957376,0.486768275764377,0.546455052923118,0.606814970256569,0.658916391806122,0.693659267465128,0.722552166292041,0.767296688813643,0.798723474549858,0.817310324021917,0.90560534222044,0.969415899931516,0.995175039569163,1,0.993099973177135,0.975871437988521,0.952744335878476,0.934096056957244,0.90354345319554,0.86849118220474,0.844846536689035,0.843650933829153,0.829415835593445,0.809467270699801,0.817051843479469,0.801044538329983,0.774659115028462,0.761617599001209,0.75181945590201,0.720183666731145,0.69142709952924
0.332145887741431,0.398615408149355,0.468741522452304,0.528738726449307,0.587888488583985,0.638624722572486,0.672533310601348,0.702003087446059,0.749870747047571,0.78457519654945,0.806426836266598,0.894883014215103,0.958435820699577,0.984276806560411,0.993099973177135,1,0.994743501014747,0.981794118311217,0.966631286713933,0.936672295977766,0.901640151326834,0.877827280253978,0.876200764802699,0.861104541892626,0.840138228056703,0.843418459024787,0.822545594924468,0.79250295250794,0.777182230580113,0.766427706979107,0.733733382655127,0.704147911968968
0.313862427302932,0.378816562443986,0.44771291194385,0.507304318519413,0.564730107547749,0.613701914558451,0.646499484842766,0.676140516377822,0.726195208909468,0.763370120307306,0.787825979247895,0.875424965149867,0.938035742338446,0.963656670888574,0.975871437988521,0.994743501014747,1,0.9960836473334,0.984135283940256,0.955032602473701,0.920413244638667,0.896722126446117,0.894737697808438,0.879059868431584,0.857441410613492,0.85692618702355,0.832040308564422,0.799143193665021,0.782005163163002,0.770536877361153,0.737287104331862,0.707311621508676
0.295421792980063,0.358518271905244,0.425770253111762,0.484507422203799,0.539959102170427,0.586993349300519,0.618554302152972,0.648092586393218,0.699612461021317,0.738606181665786,0.76510388367994,0.851222067690806,0.912490067602493,0.937704359870262,0.952744335878476,0.981794118311217,0.9960836473334,1,0.990928201646277,0.962810968329659,0.928840742074303,0.905455062239718,0.903178371094604,0.887130909624316,0.865132142466705,0.861344080473946,0.833203567136367,0.798119898941921,0.779557612424428,0.767569992263529,0.734121745485934,0.704062951112581
0.276306395803826,0.337789999274326,0.40372123966707,0.461995580927876,0.516100215353738,0.561874947325315,0.592826976321391,0.622244942429739,0.673784914763729,0.713192470406044,0.740423940237258,0.827259715232495,0.889927686462602,0.916860521970029,0.934096056957244,0.966631286713933,0.984135283940256,0.990928201646277,1,0.990272782555584,0.969951097165973,0.953733198815601,0.947097218794178,0.926825530472969,0.901017735587867,0.89099783045273,0.856678145982823,0.817025177933492,0.794880192302304,0.779180579905333,0.743180640828116,0.711421988099285
0.255714727224417,0.314861507979191,0.378634470988641,0.435600209813721,0.487809661419053,0.531920250534243,0.561986475984737,0.590782433219491,0.641068448763977,0.679766528952231,0.706787901918207,0.793219755655182,0.856601102017507,0.884984087185935,0.90354345319554,0.936672295977766,0.955032602473701,0.962810968329659,0.990272782555584,1,0.994368820008826,0.985972725221532,0.97489773843972,0.950590656002266,0.921288833285685,0.90564298225296,0.8661781288665,0.822917925167982,0.797714291963356,0.778479673854439,0.740455678808573,0.707473905584846
0.236696730947617,0.29329242015666,0.354589954801331,0.409816179999644,0.459901374038412,0.502169283689565,0.531168783317058,0.55911549637822,0.607790721418207,0.64544381683485,0.671952816113454,0.756949967082217,0.820048167620298,0.849165540109694,0.86849118220474,0.901640151326834,0.920413244638667,0.928840742074303,0.969951097165973,0.994368820008826,1,0.997670816110044,0.983359304200584,0.956295650232828,0.924714714862776,0.90498791743998,0.862118894700035,0.816675369574229,0.789470788536451,0.767794572358838,0.728724795250178,0.695241517551493
0.226269968883263,0.281600148281717,0.341703900119774,0.396156361300536,0.445229151410949,0.486622524063954,0.515151617773844,0.542655496438878,0.590291768708994,0.627210296900052,0.653278917839357,0.736045408446982,0.797460087701724,0.825819221767083,0.844846536689035,0.877827280253978,0.896722126446117,0.905455062239718,0.953733198815601,0.985972725221532,0.997670816110044,1,0.989277188132796,0.965029468759303,0.935627842024904,0.913696649232293,0.867842349392536,0.820301714751299,0.79140187770001,0.767958696971489,0.727859436640778,0.693747471441635
0.233017316333747,0.289967802277302,0.351827476782059,0.407863656707599,0.458469473347786,0.501197348286719,0.530674195460917,0.558707569168374,0.606543688329561,0.64340671115798,0.669202879275825,0.747436097854452,0.803522302936057,0.827440703869696,0.843650933829153,0.876200764802699,0.894737697808438,0.903178371094604,0.947097218794178,0.97489773843972,0.983359304200584,0.989277188132796,1,0.992967431984042,0.977149232211377,0.956224829204243,0.906564337982034,0.855732294816732,0.824808973007217,0.800155878763549,0.758243876945478,0.722621672591298
0.234822628134021,0.292191014956058,0.354501326097714,0.410940125892965,0.461992860907124,0.505130607323357,0.534912193587216,0.56293396512067,0.61017988299508,0.646418262617403,0.671587950726266,0.744916337635109,0.795801372029227,0.81574402363203,0.829415835593445,0.861104541892626,0.879059868431584,0.887130909624316,0.926825530472969,0.950590656002266,0.956295650232828,0.965029468759303,0.992967431984042,1,0.995441220000226,0.975661942637303,0.923697047349255,0.870996303649038,0.838919003035971,0.813672812654114,0.77095045086576,0.73466419047387
0.233876114789277,0.290994616197774,0.353030886482625,0.409216994503048,0.460107795542119,0.503134688158596,0.532857281889461,0.560583199364356,0.60687056904432,0.642235198895026,0.666642828638663,0.73526998430176,0.781444518005184,0.797980276187734,0.809467270699801,0.840138228056703,0.857441410613492,0.865132142466705,0.901017735587867,0.921288833285685,0.924714714862776,0.935627842024904,0.977149232211377,0.995441220000226,1,0.981345504587868,0.92805541966738,0.874388026686822,0.841709016304475,0.816243136894296,0.773304735478857,0.736854497046641
0.231901029329053,0.293735294807488,0.361626555755068,0.424363104465725,0.478590750998881,0.523812988934675,0.555177595263975,0.583889991758682,0.630584890783638,0.665980304829026,0.690093628723027,0.755159173870781,0.796809822514513,0.809306492473541,0.817051843479469,0.843418459024787,0.85692618702355,0.861344080473946,0.89099783045273,0.90564298225296,0.90498791743998,0.913696649232293,0.956224829204243,0.975661942637303,0.981345504587868,1,0.98220640496974,0.951072897623705,0.928413631770673,0.890326708674243,0.837517479666777,0.794122977649747
0.222177225884547,0.286535165287281,0.357858325652742,0.424878807253984,0.480526002933331,0.526352827726866,0.558248926794438,0.587002599108548,0.632713036279958,0.667126668478022,0.690304141561585,0.750789006264236,0.787732461280709,0.796685966104075,0.801044538329983,0.822545594924468,0.832040308564422,0.833203567136367,0.856678145982823,0.8661781288665,0.862118894700035,0.867842349392536,0.906564337982034,0.923697047349255,0.92805541966738,0.98220640496974,1,0.992175243783453,0.980227387560696,0.931193209751314,0.870629888167243,0.821999281352119
0.2113461445709,0.276116939398169,0.348319851728637,0.416871084399511,0.472368311041148,0.517696386989544,0.549318938366214,0.577534926594434,0.621692498250407,0.65477707389345,0.676876860858869,0.733127707146899,0.766215720036694,0.77263774640375,0.774659115028462,0.79250295250794,0.799143193665021,0.798119898941921,0.817025177933492,0.822917925167982,0.816675369574229,0.820301714751299,0.855732294816732,0.870996303649038,0.874388026686822,0.951072897623705,0.992175243783453,1,0.995407942731005,0.940059715725996,0.875531761982999,0.824375963073772
0.208015410839542,0.272891808884948,0.34533905156999,0.414332153131811,0.469230097733624,0.513717454056062,0.54461216545499,0.572098913868248,0.61527180652403,0.647504954486057,0.668905646871415,0.723425697681234,0.755080890459556,0.760644716350264,0.761617599001209,0.777182230580113,0.782005163163002,0.779557612424428,0.794880192302304,0.797714291963356,0.789470788536451,0.79140187770001,0.824808973007217,0.838919003035971,0.841709016304475,0.928413631770673,0.980227387560696,0.995407942731005,1,0.962093744834165,0.906911253411821,0.861165289809319
0.213596705915513,0.276503893489026,0.346342350663439,0.412172903773752,0.463981592585662,0.505477498418132,0.533633673932534,0.558997443017572,0.600860108589775,0.632049959132848,0.652683077931091,0.708479737258702,0.742221625669468,0.749800413616144,0.75181945590201,0.766427706979107,0.770536877361153,0.767569992263529,0.779180579905333,0.778479673854439,0.767794572358838,0.767958696971489,0.800155878763549,0.813672812654114,0.816243136894296,0.890326708674243,0.931193209751314,0.940059715725996,0.962093744834165,1,0.98743605716725,0.967151609477342
0.209455638899402,0.269049788854223,0.334965304925678,0.396690438452003,0.444920316640543,0.483250158184364,0.508847402634002,0.532105322215486,0.571763396325233,0.601271827002295,0.620747784976296,0.675357612053479,0.709143548538446,0.717628170302382,0.720183666731145,0.733733382655127,0.737287104331862,0.734121745485934,0.743180640828116,0.740455678808573,0.728724795250178,0.727859436640778,0.758243876945478,0.77095045086576,0.773304735478857,0.837517479666777,0.870629888167243,0.875531761982999,0.906911253411821,0.98743605716725,1,0.99516886341532
0.204235844477385,0.261018485301007,0.323663671854634,0.382058055661822,0.427454910923112,0.463333279479204,0.487017170021267,0.508672800052684,0.54645998404751,0.574550836654653,0.593061723531649,0.646244051526604,0.679630396394159,0.688570595662123,0.69142709952924,0.704147911968968,0.707311621508676,0.704062951112581,0.711421988099285,0.707473905584846,0.695241517551493,0.693747471441635,0.722621672591298,0.73466419047387,0.736854497046641,0.794122977649747,0.821999281352119,0.824375963073772,0.861165289809319,0.967151609477342,0.99516886341532,1
