1,0.991841057865343,0.961099107489016,0.8984410477305,0.799136813495361,0.674865513055254,0.669109254931031,0.654446176287633,0.632016083238652,0.603674811243114,0.571537495802172,0.549274230194481,0.525726600789722,0.499007249817162,0.471005644495535,0.443121629314837,0.415463710886852,0.381205951052624,0.345963414567372,0.31400500502513,0.286489913421226,0.267928555778547,0.247966805314043,0.22321890894783,0.203696798645207,0.189197275233008,0.178323189497632,0.160260477452178,0.142126144909592,0.128418694684731,0.118362751507337,0.110850834723771
0.991841057865343,1,0.98846818749139,0.94708672815762,0.869251592008269,0.76343021651852,0.757116446532746,0.740722537557564,0.715530685004115,0.683635028523375,0.647425495367269,0.624668586976657,0.600886651551268,0.573188811267875,0.543702647961088,0.514030836132039,0.484921428441901,0.448080432354498,0.409338296242052,0.373819535834722,0.343038081595316,0.322508193789939,0.299576006665344,0.270383551493877,0.247220638449714,0.229973132368088,0.217019709747416,0.199112585521696,0.179432813952789,0.1641311339941,0.15275643014513,0.144194154642752
0.961099107489016,0.98846818749139,1,0.984770338743565,0.934089333420834,0.852429710325363,0.845587696514035,0.827485745621647,0.799547978433835,0.764107160803716,0.723828910518901,0.700968605901468,0.677413083634461,0.64914078288371,0.618516976737954,0.587351258269216,0.557135492566966,0.518007876938124,0.475930962205638,0.436936848256303,0.40292871415853,0.380496211023877,0.354522272903094,0.320669886268882,0.293673820571797,0.273528158218777,0.258379699003595,0.241037441892857,0.219939583985176,0.203068943086024,0.190369151882936,0.180740922465481
0.8984410477305,0.94708672815762,0.984770338743565,1,0.981938417970826,0.930344522584444,0.923090804861501,0.903543152302527,0.873248090566145,0.834745946909941,0.79094297910545,0.768614788217965,0.74598983731736,0.717862883950445,0.686804763694196,0.654811121031574,0.624185343561474,0.583546336952062,0.538838571072679,0.496964440834294,0.460219851451775,0.436241540108534,0.407514738342597,0.369275899091144,0.338647435190436,0.315747845668423,0.298510465137391,0.28231047961625,0.260185120181994,0.241993406010867,0.228133797913127,0.217555824728897
0.799136813495361,0.869251592008269,0.934089333420834,0.981938417970826,1,0.98291164036528,0.975461124762145,0.955017242544436,0.923206160678792,0.882706097703481,0.836584525925478,0.815608737504279,0.794780082938917,0.767785479667831,0.737330422601262,0.705543904679622,0.675532662853951,0.634656440926274,0.588634145524421,0.545076192450771,0.506626346533442,0.481796322097033,0.451068711299543,0.409380783936616,0.37586023477997,0.350756853170651,0.33184325244826,0.317447413978918,0.294970203910915,0.275970922099816,0.261329188568623,0.250084039361571
0.674865513055254,0.76343021651852,0.852429710325363,0.930344522584444,0.98291164036528,1,0.993212703718787,0.973188324777178,0.941552495938546,0.901008995784623,0.85466747353896,0.835847867484444,0.817485670874393,0.792497192583707,0.76363392989734,0.733088339139748,0.704653095509121,0.664849986132271,0.61900108484939,0.575172862169444,0.536268183544177,0.511421817676617,0.47979800419555,0.436087579786135,0.400810402352746,0.374349849087645,0.354396345004728,0.342157310969348,0.319990278354969,0.300761236158349,0.285788367371242,0.274224785771071
0.669109254931031,0.757116446532746,0.845587696514035,0.923090804861501,0.975461124762145,0.993212703718787,1,0.993335944510482,0.974343555583393,0.945349854965072,0.909253065456469,0.893171007817141,0.874907609793774,0.849423590129379,0.819649525340672,0.787933072657471,0.758321377030406,0.716267120656291,0.667520025000696,0.620796153113059,0.579259407984061,0.553500018496384,0.521764010710202,0.475813046310282,0.438396757535481,0.410226426649894,0.388939752811894,0.374612823094285,0.349744492188184,0.328328436277817,0.311700315554476,0.298878018522758
0.654446176287633,0.740722537557564,0.827485745621647,0.903543152302527,0.955017242544436,0.973188324777178,0.993335944510482,1,0.993790426953785,0.976629756882111,0.9511679017657,0.938013842169001,0.920092885313868,0.894459050901183,0.86418112748108,0.831729128127525,0.801348164596526,0.757626315638308,0.70666007633906,0.657692492565611,0.61410376850793,0.587784563938858,0.556362315923633,0.508806445115312,0.469771480241747,0.440284104240885,0.41796140007799,0.401757385785553,0.374545289112674,0.351248852521424,0.333203170507575,0.319305285601766
0.632016083238652,0.715530685004115,0.799547978433835,0.873248090566145,0.923206160678792,0.941552495938546,0.974343555583393,0.993790426953785,1,0.994480001188064,0.97960711802396,0.969446080522419,0.952082295842676,0.926627920355387,0.896246374642715,0.8634945664955,0.832755055078851,0.787976078303105,0.735511830772801,0.684997251163003,0.639978626370528,0.613451728171525,0.582729661354546,0.534225654442089,0.494121529354213,0.463735479024381,0.440694810849751,0.422883512452447,0.393752770109593,0.368935537587352,0.349749483510157,0.334988929501243
0.603674811243114,0.683635028523375,0.764107160803716,0.834745946909941,0.882706097703481,0.901008995784623,0.945349854965072,0.976629756882111,0.994480001188064,1,0.995281752573063,0.988058736469613,0.971417891990428,0.946422307210031,0.916288655155494,0.883626699219768,0.85289875760317,0.807632294781236,0.754352234018494,0.702953466903161,0.657098555722064,0.630677562319656,0.600965253026581,0.552118914383286,0.511462777153729,0.480574934169168,0.457119325439581,0.437994966242546,0.407386313850261,0.381417276333888,0.361374100303205,0.34596795649478
0.571537495802172,0.647425495367269,0.723828910518901,0.79094297910545,0.836584525925478,0.85466747353896,0.909253065456469,0.9511679017657,0.97960711802396,0.995281752573063,1,0.995564767161688,0.979755894311409,0.955430083935437,0.925821656085401,0.893563615688738,0.86314820345636,0.817875592524962,0.76436448939051,0.712652973815773,0.666475153580493,0.640411616839257,0.611924900361047,0.563241804013103,0.522474564659605,0.491426107500751,0.467817193651413,0.447666479165281,0.415991839317641,0.389212795311288,0.368573902948531,0.352722101804519
0.549274230194481,0.624668586976657,0.700968605901468,0.768614788217965,0.815608737504279,0.835847867484444,0.893171007817141,0.938013842169001,0.969446080522419,0.988058736469613,0.995564767161688,1,0.994108448219419,0.978633127379804,0.956752013166311,0.931145438235566,0.905044540777819,0.861022196060272,0.807537121273214,0.755270277820426,0.708313516287608,0.682566588806358,0.654166175514172,0.603346658115567,0.560497329825074,0.527773271589677,0.502853380180819,0.487434657466463,0.45704701020055,0.430375935123407,0.409513359607167,0.39336205922817
0.525726600789722,0.600886651551268,0.677413083634461,0.74598983731736,0.794780082938917,0.817485670874393,0.874907609793774,0.920092885313868,0.952082295842676,0.971417891990428,0.979755894311409,0.994108448219419,1,0.995153984522541,0.982646428624929,0.965183746535615,0.944440361056959,0.902334031047876,0.849436779356698,0.797067502441162,0.74969234239372,0.724472647299508,0.696120738142785,0.643157108041049,0.598226551446562,0.563829786938969,0.537602037764636,0.528293015448767,0.50001494472749,0.473932247802301,0.453148912155668,0.436902756829908
0.499007249817162,0.573188811267875,0.64914078288371,0.717862883950445,0.767785479667831,0.792497192583707,0.849423590129379,0.894459050901183,0.926627920355387,0.946422307210031,0.955430083935437,0.978633127379804,0.995153984522541,1,0.996123368312247,0.986226584031902,0.970554792188128,0.930615716474652,0.878790782936321,0.826862259823299,0.779590324300224,0.755105927610823,0.727086945673685,0.672717964603176,0.626357241691039,0.590793565510093,0.563646638450576,0.55997505274498,0.533898911427812,0.508615777436972,0.488116122750199,0.471949476823201
0.471005644495535,0.543702647961088,0.618516976737954,0.686804763694196,0.737330422601262,0.76363392989734,0.819649525340672,0.86418112748108,0.896246374642715,0.916288655155494,0.925821656085401,0.956752013166311,0.982646428624929,0.996123368312247,1,0.996953118781694,0.985947190927252,0.948274971409852,0.89783494491469,0.846727167147279,0.799935775453308,0.776310259729469,0.748819213982698,0.693639450376865,0.646379980784576,0.61006440648561,0.582318091529749,0.583720040703598,0.559827934453402,0.535467733216986,0.515390209202747,0.499427454619621
0.443121629314837,0.514030836132039,0.587351258269216,0.654811121031574,0.705543904679622,0.733088339139748,0.787933072657471,0.831729128127525,0.8634945664955,0.883626699219768,0.893563615688738,0.931145438235566,0.965183746535615,0.986226584031902,0.996953118781694,1,0.993202794237159,0.957784942833832,0.908900026466267,0.8588514304583,0.812789564914649,0.790078840873639,0.763234194247783,0.707693294291636,0.65994332965549,0.623196510526845,0.59509861940424,0.600990326466928,0.579189792675449,0.555805943673463,0.536232925745124,0.520554476367167
0.415463710886852,0.484921428441901,0.557135492566966,0.624185343561474,0.675532662853951,0.704653095509121,0.758321377030406,0.801348164596526,0.832755055078851,0.85289875760317,0.86314820345636,0.905044540777819,0.944440361056959,0.970554792188128,0.985947190927252,0.993202794237159,1,0.984158556862488,0.950019254450375,0.910864367915893,0.872894094240965,0.853095398189547,0.815469164154889,0.750793014981109,0.696585220583043,0.655285683296827,0.623875923229414,0.629215595527909,0.605914686083566,0.581143643435303,0.560464328301155,0.543920714700586
0.381205951052624,0.448080432354498,0.518007876938124,0.583546336952062,0.634656440926274,0.664849986132271,0.716267120656291,0.757626315638308,0.787976078303105,0.807632294781236,0.817875592524962,0.861022196060272,0.902334031047876,0.930615716474652,0.948274971409852,0.957784942833832,0.984158556862488,1,0.990318144445487,0.969603800812752,0.945567969935487,0.930414362487557,0.874890319746249,0.796462863776344,0.732899902782199,0.68513794989227,0.64908601030895,0.649914643694594,0.622972085789452,0.59564257752998,0.57315435531421,0.555289196224453
0.345963414567372,0.409338296242052,0.475930962205638,0.538838571072679,0.588634145524421,0.61900108484939,0.667520025000696,0.70666007633906,0.735511830772801,0.754352234018494,0.76436448939051,0.807537121273214,0.849436779356698,0.878790782936321,0.89783494491469,0.908900026466267,0.950019254450375,0.990318144445487,1,0.994181863268907,0.981587374658681,0.970405490072725,0.902093958490646,0.814631507676864,0.745147385972922,0.693380287735413,0.654489803802623,0.651768047986972,0.622569163976401,0.593839994558535,0.570432084082315,0.551926732193458
0.31400500502513,0.373819535834722,0.436936848256303,0.496964440834294,0.545076192450771,0.575172862169444,0.620796153113059,0.657692492565611,0.684997251163003,0.702953466903161,0.712652973815773,0.755270277820426,0.797067502441162,0.826862259823299,0.846727167147279,0.8588514304583,0.910864367915893,0.969603800812752,0.994181863268907,1,0.996451316313542,0.98850035364064,0.91117701439897,0.817869800575219,0.744717430728413,0.690532635028554,0.649958022563104,0.644517625010456,0.613957188247161,0.584524933666994,0.56071543654783,0.541960017648475
0.286489913421226,0.343038081595316,0.40292871415853,0.460219851451775,0.506626346533442,0.536268183544177,0.579259407984061,0.61410376850793,0.639978626370528,0.657098555722064,0.666475153580493,0.708313516287608,0.74969234239372,0.779590324300224,0.799935775453308,0.812789564914649,0.872894094240965,0.945567969935487,0.981587374658681,0.996451316313542,1,0.994638132526791,0.910898662287526,0.813779524728603,0.738352863422672,0.682717445814348,0.641155266063632,0.633634487979154,0.602257487391827,0.57251408085181,0.548583514009468,0.529784513539561
0.267928555778547,0.322508193789939,0.380496211023877,0.436241540108534,0.481796322097033,0.511421817676617,0.553500018496384,0.587784563938858,0.613451728171525,0.630677562319656,0.640411616839257,0.682566588806358,0.724472647299508,0.755105927610823,0.776310259729469,0.790078840873639,0.853095398189547,0.930414362487557,0.970405490072725,0.98850035364064,0.994638132526791,1,0.945225862544521,0.863602588984972,0.796788954491797,0.746375086002031,0.708234381157966,0.694665184717729,0.656728577635657,0.621975109862584,0.594350976802588,0.572784911335894
0.247966805314043,0.299576006665344,0.354522272903094,0.407514738342597,0.451068711299543,0.47979800419555,0.521764010710202,0.556362315923633,0.582729661354546,0.600965253026581,0.611924900361047,0.654166175514172,0.696120738142785,0.727086945673685,0.748819213982698,0.763234194247783,0.815469164154889,0.874890319746249,0.902093958490646,0.91117701439897,0.910898662287526,0.945225862544521,1,0.980870198590344,0.950385520891036,0.922731892452487,0.899884484098847,0.871863709237141,0.816719559195877,0.768534244910096,0.73090753004218,0.701804352394452
0.22321890894783,0.270383551493877,0.320669886268882,0.369275899091144,0.409380783936616,0.436087579786135,0.475813046310282,0.508806445115312,0.534225654442089,0.552118914383286,0.563241804013103,0.603346658115567,0.643157108041049,0.672717964603176,0.693639450376865,0.707693294291636,0.750793014981109,0.796462863776344,0.814631507676864,0.817869800575219,0.813779524728603,0.863602588984972,0.980870198590344,1,0.992759511355666,0.980111561515681,0.967567886960109,0.932380067735057,0.869830175598527,0.816130370361525,0.774487366782242,0.742396737411973
0.203696798645207,0.247220638449714,0.293673820571797,0.338647435190436,0.37586023477997,0.400810402352746,0.438396757535481,0.469771480241747,0.494121529354213,0.511462777153729,0.522474564659605,0.560497329825074,0.598226551446562,0.626357241691039,0.646379980784576,0.65994332965549,0.696585220583043,0.732899902782199,0.745147385972922,0.744717430728413,0.738352863422672,0.796788954491797,0.950385520891036,0.992759511355666,1,0.996852347134809,0.990905596595624,0.951965416366939,0.886036975831312,0.829957091997101,0.786628873384923,0.753305961705061
0.189197275233008,0.229973132368088,0.273528158218777,0.315747845668423,0.350756853170651,0.374349849087645,0.410226426649894,0.440284104240885,0.463735479024381,0.480574934169168,0.491426107500751,0.527773271589677,0.563829786938969,0.590793565510093,0.61006440648561,0.623196510526845,0.655285683296827,0.68513794989227,0.693380287735413,0.690532635028554,0.682717445814348,0.746375086002031,0.922731892452487,0.980111561515681,0.996852347134809,1,0.998454467222311,0.957346324818626,0.889710567087291,0.832504308371069,0.788407260483284,0.754535155709404
0.178323189497632,0.217019709747416,0.258379699003595,0.298510465137391,0.33184325244826,0.354396345004728,0.388939752811894,0.41796140007799,0.440694810849751,0.457119325439581,0.467817193651413,0.502853380180819,0.537602037764636,0.563646638450576,0.582318091529749,0.59509861940424,0.623875923229414,0.64908601030895,0.654489803802623,0.649958022563104,0.641155266063632,0.708234381157966,0.899884484098847,0.967567886960109,0.990905596595624,0.998454467222311,1,0.957526349382567,0.888947529780206,0.831166319502267,0.786695774206804,0.752565773172591
0.160260477452178,0.199112585521696,0.241037441892857,0.28231047961625,0.317447413978918,0.342157310969348,0.374612823094285,0.401757385785553,0.422883512452447,0.437994966242546,0.447666479165281,0.487434657466463,0.528293015448767,0.55997505274498,0.583720040703598,0.600990326466928,0.629215595527909,0.649914643694594,0.651768047986972,0.644517625010456,0.633634487979154,0.694665184717729,0.871863709237141,0.932380067735057,0.951965416366939,0.957346324818626,0.957526349382567,1,0.983255125345109,0.956189652889557,0.931287983995134,0.910480265356254
0.142126144909592,0.179432813952789,0.219939583985176,0.260185120181994,0.294970203910915,0.319990278354969,0.349744492188184,0.374545289112674,0.393752770109593,0.407386313850261,0.415991839317641,0.45704701020055,0.50001494472749,0.533898911427812,0.559827934453402,0.579189792675449,0.605914686083566,0.622972085789452,0.622569163976401,0.613957188247161,0.602257487391827,0.656728577635657,0.816719559195877,0.869830175598527,0.886036975831312,0.889710567087291,0.888947529780206,0.983255125345109,1,0.993527104998324,0.982078706088086,0.970597862206258
0.128418694684731,0.1641311339941,0.203068943086024,0.241993406010867,0.275970922099816,0.300761236158349,0.328328436277817,0.351248852521424,0.368935537587352,0.381417276333888,0.389212795311288,0.430375935123407,0.473932247802301,0.508615777436972,0.535467733216986,0.555805943673463,0.581143643435303,0.59564257752998,0.593839994558535,0.584524933666994,0.57251408085181,0.621975109862584,0.768534244910096,0.816130370361525,0.829957091997101,0.832504308371069,0.831166319502267,0.956189652889557,0.993527104998324,1,0.997131262365927,0.991658450941514
0.118362751507337,0.15275643014513,0.190369151882936,0.228133797913127,0.261329188568623,0.285788367371242,0.311700315554476,0.333203170507575,0.349749483510157,0.361374100303205,0.368573902948531,0.409513359607167,0.453148912155668,0.488116122750199,0.515390209202747,0.536232925745124,0.560464328301155,0.57315435531421,0.570432084082315,0.56071543654783,0.548583514009468,0.594350976802588,0.73090753004218,0.774487366782242,0.786628873384923,0.788407260483284,0.786695774206804,0.931287983995134,0.982078706088086,0.997131262365927,1,0.998569816326568
0.110850834723771,0.144194154642752,0.180740922465481,0.217555824728897,0.250084039361571,0.274224785771071,0.298878018522758,0.319305285601766,0.334988929501243,0.34596795649478,0.352722101804519,0.39336205922817,0.436902756829908,0.471949476823201,0.499427454619621,0.520554476367167,0.543920714700586,0.555289196224453,0.551926732193458,0.541960017648475,0.529784513539561,0.572784911335894,0.701804352394452,0.742396737411973,0.753305961705061,0.754535155709404,0.752565773172591,0.910480265356254,0.970597862206258,0.991658450941514,0.998569816326568,1
