1,0.961859251775847,0.824137473782835,0.802012069449925,0.743369115776199,0.712498703270308,0.673217218962464,0.644991604053343,0.628698725631635,0.606877323793906,0.587110005107669,0.559183926624555,0.53657248433076,0.507810687366919,0.500404844218728,0.494342897219633,0.485887739900111,0.471185360978348,0.458037206610139,0.454841721089724,0.442476351731662,0.429203164356444,0.406996014072206,0.387196760056585,0.36072201052301,0.340261546396925,0.313752248991507,0.295549528610777,0.293006633526239,0.280362333815504,0.267896537608868,0.240712371305294
0.961859251775847,1,0.947610018576494,0.924560600390523,0.859578163296045,0.825598953366654,0.781551409954191,0.750491322122432,0.733369913410943,0.710364965885774,0.691340582670165,0.662457507050495,0.640671822865675,0.610882217644846,0.600792863363437,0.590876933285751,0.577854088623709,0.557385535729364,0.539967431075307,0.536492525959847,0.522145214324463,0.504861208345427,0.477542815148095,0.457147582337596,0.429203925285318,0.408397621648809,0.379797546717726,0.359733452778134,0.35728177874658,0.34228638137449,0.321318562502503,0.285811991939929
0.824137473782835,0.947610018576494,1,0.980204980453179,0.916263935870874,0.882449744526055,0.837074874781401,0.805617965446651,0.789057024202299,0.766752951842706,0.75036769295026,0.7230298659189,0.704237924642548,0.675994838889875,0.663697663363581,0.650180078644656,0.633110866401208,0.60794543842399,0.58719878181083,0.58359070629718,0.568122799666281,0.547621131383302,0.516734454595272,0.497712617835621,0.470821428544079,0.451579549601794,0.423084925511742,0.402647961688156,0.400573374739053,0.384199955421883,0.355073129799119,0.312963296305288
0.802012069449925,0.924560600390523,0.980204980453179,1,0.977434469477882,0.953718170139716,0.908741612267119,0.876167708358755,0.857551271267524,0.83304098536552,0.815763214731655,0.786547082050254,0.766747094822389,0.736573460266437,0.723512827386616,0.709024281732052,0.692678090991043,0.668905061156483,0.647948143453048,0.641744813188025,0.622928357317298,0.59889110359443,0.563980645440181,0.547151417018393,0.522001843037279,0.502343212834377,0.470305815885433,0.447638583848704,0.446235269093605,0.428586487018509,0.394957431635945,0.347512511364708
0.743369115776199,0.859578163296045,0.916263935870874,0.977434469477882,1,0.988093627392996,0.945506876081662,0.913164216542661,0.893167956216008,0.867374516765453,0.849899278864433,0.819955429368513,0.799944891294373,0.769029628621112,0.755724993536678,0.740833430727067,0.725972756186018,0.704723874973842,0.684458137822455,0.675756818065526,0.654189664031447,0.627430229416842,0.58975171685393,0.5759970702687,0.553804374597694,0.534559895370877,0.500142140563363,0.476085575004105,0.475459773439631,0.457221252177438,0.42025768679951,0.369193201730761
0.712498703270308,0.825598953366654,0.882449744526055,0.953718170139716,0.988093627392996,1,0.983747497942436,0.962790368650181,0.942033066300949,0.915441767418552,0.898350245461765,0.867992574216039,0.848158401300683,0.816587133848974,0.802998439762972,0.787490831070101,0.772570352883839,0.751226522122525,0.730282700876376,0.720389632622945,0.696899228117779,0.670199781816862,0.631304838926632,0.618756879990505,0.596845264192568,0.575719368321879,0.536830277805796,0.510004358952742,0.509341216534605,0.489807734633182,0.450747206891813,0.396259043429659
0.673217218962464,0.781551409954191,0.837074874781401,0.908741612267119,0.945506876081662,0.983747497942436,1,0.993611575867547,0.972722730392688,0.94605935396195,0.92987628924332,0.899866154277889,0.880746983064233,0.84925262251377,0.835675690106474,0.819850311931643,0.804808206898101,0.783176704585775,0.761679431565422,0.751162850117649,0.726506596796246,0.701172187441822,0.662338111698018,0.650784809198262,0.628955279269672,0.605854117227788,0.562878344305017,0.533560629906935,0.532667123637936,0.512108860146362,0.47216246907844,0.41555483806607
0.644991604053343,0.750491322122432,0.805617965446651,0.876167708358755,0.913164216542661,0.962790368650181,0.993611575867547,1,0.990145017943658,0.971103699846662,0.955665679455225,0.925942428300026,0.907450189372429,0.876054702534094,0.861961779165361,0.84525204619705,0.829641035847558,0.807470495380443,0.785393806124814,0.77456519527427,0.749153401047215,0.723168128243374,0.683218431047817,0.671285441346159,0.648727499333057,0.626329145814362,0.584102123492296,0.554535029369058,0.552207606760228,0.529982859914759,0.494234943679933,0.437918199712873
0.628698725631635,0.733369913410943,0.789057024202299,0.857551271267524,0.893167956216008,0.942033066300949,0.972722730392688,0.990145017943658,1,0.994515014379833,0.979616166120396,0.950016948004801,0.931998453621198,0.900604264040854,0.885532827278878,0.867444864959904,0.850863111228648,0.827885129881596,0.805143476466496,0.794222644117727,0.768313528125109,0.739977290893771,0.697849372652379,0.684396798678353,0.660395219814588,0.64075787237154,0.603002549068183,0.57489180586143,0.570189253258498,0.545743634067996,0.518053596144757,0.463758956362676
0.606877323793906,0.710364965885774,0.766752951842706,0.83304098536552,0.867374516765453,0.915441767418552,0.94605935396195,0.971103699846662,0.994515014379833,1,0.990853144905039,0.966382107690642,0.949697597674546,0.919171037361385,0.903693220002656,0.884728760793106,0.867598750596741,0.844192983001802,0.821052236737722,0.810037827327935,0.783712930174318,0.754319688527364,0.711011294016593,0.697480288554629,0.673289136941098,0.65628979407052,0.622009869952108,0.594981081267022,0.588442586381235,0.562116985537895,0.538779178217189,0.484962024473917
0.587110005107669,0.691340582670165,0.75036769295026,0.815763214731655,0.849899278864433,0.898350245461765,0.92987628924332,0.955665679455225,0.979616166120396,0.990853144905039,1,0.992236259428635,0.978564173545092,0.950183428346497,0.935203148314911,0.915969395682464,0.898783850829355,0.875176702545312,0.851602234585978,0.840180661370031,0.812878354498099,0.784617447512257,0.74122156910547,0.730657931601221,0.708576603768582,0.693640934290262,0.659769664823882,0.632264404329388,0.624860924907575,0.596606321730415,0.568479816015195,0.510019496373966
0.559183926624555,0.662457507050495,0.7230298659189,0.786547082050254,0.819955429368513,0.867992574216039,0.899866154277889,0.925942428300026,0.950016948004801,0.966382107690642,0.992236259428635,1,0.989724631143906,0.964122787718695,0.949931889485377,0.930769096426104,0.913796517243473,0.89034745317999,0.866725933909047,0.855115253443964,0.827338884704803,0.800567721635508,0.757763948714595,0.750170813749355,0.730442602374986,0.717632133309403,0.684597698524942,0.657029445983989,0.648892043533025,0.619258330415241,0.587162545747758,0.525324167329471
0.53657248433076,0.640671822865675,0.704237924642548,0.766747094822389,0.799944891294373,0.848158401300683,0.880746983064233,0.907450189372429,0.931998453621198,0.949697597674546,0.978564173545092,0.989724631143906,1,0.992172806587793,0.982680025874613,0.964143852662337,0.946723353166149,0.921685406556442,0.896903922417932,0.885452400224012,0.857152216772888,0.830454300317873,0.786812994153428,0.783135091813419,0.766668024821972,0.753545810799016,0.716728930584579,0.68606004791574,0.675069010400404,0.642595510378123,0.609484064468267,0.545430779807618
0.507810687366919,0.610882217644846,0.675994838889875,0.736573460266437,0.769029628621112,0.816587133848974,0.84925262251377,0.876054702534094,0.900604264040854,0.919171037361385,0.950183428346497,0.964122787718695,0.992172806587793,1,0.994769646392422,0.97709213342182,0.95957313697187,0.933568252494342,0.9081901023076,0.897069970697359,0.868787798295868,0.842602396580302,0.798962869785975,0.798765993953984,0.785423596502297,0.772249594832847,0.732747999464461,0.699886550248618,0.686588046642467,0.652180097672165,0.618737958675976,0.553826510025244
0.500404844218728,0.600792863363437,0.663697663363581,0.723512827386616,0.755724993536678,0.802998439762972,0.835675690106474,0.861961779165361,0.885532827278878,0.903693220002656,0.935203148314911,0.949931889485377,0.982680025874613,0.994769646392422,1,0.993496554054014,0.98147482807955,0.955983451099471,0.930687284746649,0.919193397762644,0.890133295546842,0.869619274860225,0.829232174410647,0.828496494268291,0.812998640340177,0.796698647433402,0.752985119538579,0.716822569331848,0.700203932204545,0.663123521566289,0.62772987872309,0.561216681598789
0.494342897219633,0.590876933285751,0.650180078644656,0.709024281732052,0.740833430727067,0.787490831070101,0.819850311931643,0.84525204619705,0.867444864959904,0.884728760793106,0.915969395682464,0.930769096426104,0.964143852662337,0.97709213342182,0.993496554054014,1,0.994596122707336,0.970203096016106,0.945399171665641,0.93348881631331,0.903784616644712,0.890016599983997,0.853846814139867,0.851582972645484,0.832884974304954,0.813070375548673,0.765505091872898,0.72636474296615,0.706589148560508,0.667213694632151,0.629943682961287,0.562399545726605
0.485887739900111,0.577854088623709,0.633110866401208,0.692678090991043,0.725972756186018,0.772570352883839,0.804808206898101,0.829641035847558,0.850863111228648,0.867598750596741,0.898783850829355,0.913796517243473,0.946723353166149,0.95957313697187,0.98147482807955,0.994596122707336,1,0.988939123651678,0.971614475357195,0.9566106273429,0.923908584970709,0.910634127925492,0.874235020349445,0.871089500479357,0.850973771048459,0.828455138771631,0.777180985261022,0.736009119325057,0.716343880897103,0.676674453522372,0.635965732365754,0.566289387783699
0.471185360978348,0.557385535729364,0.60794543842399,0.668905061156483,0.704723874973842,0.751226522122525,0.783176704585775,0.807470495380443,0.827885129881596,0.844192983001802,0.875176702545312,0.89034745317999,0.921685406556442,0.933568252494342,0.955983451099471,0.970203096016106,0.988939123651678,1,0.995294502162912,0.975461241996793,0.938450025616077,0.920908543624067,0.881203844025437,0.877766888450416,0.857912827218897,0.833718838342651,0.779599376611084,0.737676700319412,0.720855596982866,0.682868861081108,0.63813453163599,0.566308702641712
0.458037206610139,0.539967431075307,0.58719878181083,0.647948143453048,0.684458137822455,0.730282700876376,0.761679431565422,0.785393806124814,0.805143476466496,0.821052236737722,0.851602234585978,0.866725933909047,0.896903922417932,0.9081901023076,0.930687284746649,0.945399171665641,0.971614475357195,0.995294502162912,1,0.985269435866604,0.952171926078565,0.931388439182642,0.889005245813341,0.885056854509305,0.865077595438312,0.84048932286197,0.785613892265606,0.743734695652396,0.728837894117194,0.691804765079355,0.643068825677006,0.568899513240567
0.454841721089724,0.536492525959847,0.58359070629718,0.641744813188025,0.675756818065526,0.720389632622945,0.751162850117649,0.77456519527427,0.794222644117727,0.810037827327935,0.840180661370031,0.855115253443964,0.885452400224012,0.897069970697359,0.919193397762644,0.93348881631331,0.9566106273429,0.975461241996793,0.985269435866604,1,0.990399939084999,0.967229983730442,0.921782726879778,0.916556346461757,0.895052117778784,0.872348530765463,0.820056413946954,0.779111306712567,0.764279131290604,0.725958938506362,0.67086309015148,0.591432463229309
0.442476351731662,0.522145214324463,0.568122799666281,0.622928357317298,0.654189664031447,0.696899228117779,0.726506596796246,0.749153401047215,0.768313528125109,0.783712930174318,0.812878354498099,0.827338884704803,0.857152216772888,0.868787798295868,0.890133295546842,0.903784616644712,0.923908584970709,0.938450025616077,0.952171926078565,0.990399939084999,1,0.975399315473713,0.928452732457559,0.922305722115588,0.900031313003683,0.879339460955732,0.83026016620563,0.790950724072356,0.776489786205615,0.737953383188583,0.678901597810099,0.596926431547639
0.429203164356444,0.504861208345427,0.547621131383302,0.59889110359443,0.627430229416842,0.670199781816862,0.701172187441822,0.723168128243374,0.739977290893771,0.754319688527364,0.784617447512257,0.800567721635508,0.830454300317873,0.842602396580302,0.869619274860225,0.890016599983997,0.910634127925492,0.920908543624067,0.931388439182642,0.967229983730442,0.975399315473713,1,0.987495903799127,0.97644909463244,0.939715446739157,0.907231966057137,0.848509699081144,0.804372845841713,0.791362753090183,0.753213257491757,0.679384340236565,0.590244369142401
0.406996014072206,0.477542815148095,0.516734454595272,0.563980645440181,0.58975171685393,0.631304838926632,0.662338111698018,0.683218431047817,0.697849372652379,0.711011294016593,0.74122156910547,0.757763948714595,0.786812994153428,0.798962869785975,0.829232174410647,0.853846814139867,0.874235020349445,0.881203844025437,0.889005245813341,0.921782726879778,0.928452732457559,0.987495903799127,1,0.985793811631087,0.939837359301425,0.899876502039576,0.835984762330898,0.78970166310327,0.778114100268714,0.741387713131578,0.659259643221468,0.567702934825666
0.387196760056585,0.457147582337596,0.497712617835621,0.547151417018393,0.5759970702687,0.618756879990505,0.650784809198262,0.671285441346159,0.684396798678353,0.697480288554629,0.730657931601221,0.750170813749355,0.783135091813419,0.798765993953984,0.828496494268291,0.851582972645484,0.871089500479357,0.877766888450416,0.885056854509305,0.916556346461757,0.922305722115588,0.97644909463244,0.985793811631087,1,0.983549838906198,0.954009623551282,0.885456941023286,0.834937042493402,0.818712053515106,0.777443578387245,0.706322260449595,0.616397131419056
0.36072201052301,0.429203925285318,0.470821428544079,0.522001843037279,0.553804374597694,0.596845264192568,0.628955279269672,0.648727499333057,0.660395219814588,0.673289136941098,0.708576603768582,0.730442602374986,0.766668024821972,0.785423596502297,0.812998640340177,0.832884974304954,0.850973771048459,0.857912827218897,0.865077595438312,0.895052117778784,0.900031313003683,0.939715446739157,0.939837359301425,0.983549838906198,1,0.983728190168549,0.91354776111453,0.860624721312517,0.839778958487924,0.794711705983885,0.738850939219424,0.653754106450912
0.340261546396925,0.408397621648809,0.451579549601794,0.502343212834377,0.534559895370877,0.575719368321879,0.605854117227788,0.626329145814362,0.64075787237154,0.65628979407052,0.693640934290262,0.717632133309403,0.753545810799016,0.772249594832847,0.796698647433402,0.813070375548673,0.828455138771631,0.833718838342651,0.84048932286197,0.872348530765463,0.879339460955732,0.907231966057137,0.899876502039576,0.954009623551282,0.983728190168549,1,0.969458575349519,0.933169564584267,0.900234869122779,0.845028923599386,0.788097662040887,0.698762550613438
0.313752248991507,0.379797546717726,0.423084925511742,0.470305815885433,0.500142140563363,0.536830277805796,0.562878344305017,0.584102123492296,0.603002549068183,0.622009869952108,0.659769664823882,0.684597698524942,0.716728930584579,0.732747999464461,0.752985119538579,0.765505091872898,0.777180985261022,0.779599376611084,0.785613892265606,0.820056413946954,0.83026016620563,0.848509699081144,0.835984762330898,0.885456941023286,0.91354776111453,0.969458575349519,1,0.991259113927869,0.944389368935102,0.878454021403401,0.812595823269893,0.717233274507084
0.295549528610777,0.359733452778134,0.402647961688156,0.447638583848704,0.476085575004105,0.510004358952742,0.533560629906935,0.554535029369058,0.57489180586143,0.594981081267022,0.632264404329388,0.657029445983989,0.68606004791574,0.699886550248618,0.716822569331848,0.72636474296615,0.736009119325057,0.737676700319412,0.743734695652396,0.779111306712567,0.790950724072356,0.804372845841713,0.78970166310327,0.834937042493402,0.860624721312517,0.933169564584267,0.991259113927869,1,0.964975338601593,0.905980614705642,0.829710618446104,0.727810612644858
0.293006633526239,0.35728177874658,0.400573374739053,0.446235269093605,0.475459773439631,0.509341216534605,0.532667123637936,0.552207606760228,0.570189253258498,0.588442586381235,0.624860924907575,0.648892043533025,0.675069010400404,0.686588046642467,0.700203932204545,0.706589148560508,0.716343880897103,0.720855596982866,0.728837894117194,0.764279131290604,0.776489786205615,0.791362753090183,0.778114100268714,0.818712053515106,0.839778958487924,0.900234869122779,0.944389368935102,0.964975338601593,1,0.985302761801077,0.88403505870268,0.764775486435451
0.280362333815504,0.34228638137449,0.384199955421883,0.428586487018509,0.457221252177438,0.489807734633182,0.512108860146362,0.529982859914759,0.545743634067996,0.562116985537895,0.596606321730415,0.619258330415241,0.642595510378123,0.652180097672165,0.663123521566289,0.667213694632151,0.676674453522372,0.682868861081108,0.691804765079355,0.725958938506362,0.737953383188583,0.753213257491757,0.741387713131578,0.777443578387245,0.794711705983885,0.845028923599386,0.878454021403401,0.905980614705642,0.985302761801077,1,0.886253431130759,0.760163137058443
0.267896537608868,0.321318562502503,0.355073129799119,0.394957431635945,0.42025768679951,0.450747206891813,0.47216246907844,0.494234943679933,0.518053596144757,0.538779178217189,0.568479816015195,0.587162545747758,0.609484064468267,0.618737958675976,0.62772987872309,0.629943682961287,0.635965732365754,0.63813453163599,0.643068825677006,0.67086309015148,0.678901597810099,0.679384340236565,0.659259643221468,0.706322260449595,0.738850939219424,0.788097662040887,0.812595823269893,0.829710618446104,0.88403505870268,0.886253431130759,1,0.974648727046434
0.240712371305294,0.285811991939929,0.312963296305288,0.347512511364708,0.369193201730761,0.396259043429659,0.41555483806607,0.437918199712873,0.463758956362676,0.484962024473917,0.510019496373966,0.525324167329471,0.545430779807618,0.553826510025244,0.561216681598789,0.562399545726605,0.566289387783699,0.566308702641712,0.568899513240567,0.591432463229309,0.596926431547639,0.590244369142401,0.567702934825666,0.616397131419056,0.653754106450912,0.698762550613438,0.717233274507084,0.727810612644858,0.764775486435451,0.760163137058443,0.974648727046434,1
