1,0.991605799834446,0.96291153426339,0.910504659322209,0.835176360667751,0.790251985331313,0.729371194449507,0.6639640053941,0.605507811171194,0.568543210462526,0.549378718773378,0.517487597879668,0.484146112276721,0.453843538999841,0.458173187868311,0.461123487877209,0.456339237085557,0.447894458102865,0.444253340763164,0.452448986844101,0.452547443918078,0.448278678100768,0.44195147439276,0.446320361835407,0.442689900873092,0.432321386088455,0.419952602313173,0.419642731189087,0.440686545737368,0.438511011633697,0.429098771292115,0.418534006973291
0.991605799834446,1,0.989715463199423,0.956326213938071,0.899277250120257,0.858283244381888,0.794939803622017,0.725893186585851,0.663807233803742,0.624298819702695,0.602916718905412,0.567648384454475,0.530859185391216,0.49745756088052,0.501636181127202,0.504294444121446,0.498602772072507,0.489002417801062,0.484663494389534,0.493157949555603,0.492907330570423,0.487967431839981,0.48084120848609,0.485678475627582,0.481886597130973,0.470722944891217,0.457352478275884,0.456977308588218,0.479490843773908,0.476858792123979,0.466439236048323,0.454820874967159
0.96291153426339,0.989715463199423,1,0.988304572141781,0.952595671363663,0.916752385743805,0.851924096419559,0.780202310452632,0.715315655648831,0.673766108614866,0.650349014333525,0.612034521352262,0.572150931149061,0.53597436140599,0.53990410755801,0.542187246138496,0.535603034233558,0.524912091337228,0.519886062566116,0.52854485857006,0.527912940762578,0.52232720880647,0.514456453199302,0.519717244159181,0.515820992663829,0.503996121992547,0.489779114140046,0.48933904337757,0.513037994166576,0.509952383036512,0.498622299836326,0.486065670613679
0.910504659322209,0.956326213938071,0.988304572141781,1,0.987848962493387,0.958308568673823,0.893366349456628,0.820417937828936,0.754015961461503,0.711232009637784,0.686176194641691,0.645482625974996,0.603204097546166,0.564889125561392,0.568464525654633,0.57029604420111,0.562909565768217,0.551298288020079,0.545653681491265,0.554291468208417,0.553267400224271,0.547119769290397,0.538633676486374,0.544226744957763,0.540307515308567,0.528045716610654,0.513248427688492,0.512749143171251,0.537174768823431,0.533675574750605,0.521631586414195,0.508359271958377
0.835176360667751,0.899277250120257,0.952595671363663,0.987848962493387,1,0.977594416155669,0.914099288899978,0.841656652148558,0.775308641482774,0.73229645573638,0.706173608884863,0.664034869029063,0.620333153838213,0.580761044523026,0.58388924140796,0.585216394018299,0.577190063325305,0.564920295000692,0.558781119131682,0.567189575890661,0.565790488222156,0.559218161720179,0.550309198918188,0.556106287169334,0.552257977465289,0.539846022965439,0.524813507466087,0.524265891898515,0.548844183982625,0.545007704567673,0.532526029366274,0.518843780518512
0.790251985331313,0.858283244381888,0.916752385743805,0.958308568673823,0.977594416155669,1,0.978732757567001,0.935937948023184,0.890121420253266,0.857598093298474,0.826357373395588,0.776529831385109,0.725009332968228,0.678422091696371,0.678271379730976,0.675757634630352,0.663217534658699,0.646450717897157,0.635789092067854,0.638375369816021,0.631187966641912,0.619289552764113,0.605660076229024,0.610565037780206,0.605763594915365,0.591703412133857,0.574875517620787,0.571305194258036,0.587378243222446,0.576199956489352,0.558076441421452,0.540141623568103
0.729371194449507,0.794939803622017,0.851924096419559,0.893366349456628,0.914099288899978,0.978732757567001,1,0.988276050499548,0.96467784362258,0.943918168235362,0.909043023649128,0.853838390043606,0.796874318960504,0.745413421086125,0.742098731054257,0.735967517325766,0.719565946522453,0.69912569342368,0.684490270465234,0.681231807585186,0.668650299085115,0.652014167291441,0.634317315129574,0.638099805542718,0.632527013001199,0.617416124828491,0.59951811028422,0.593094052995772,0.600043228286927,0.582077142487524,0.559151549416633,0.537782758821312
0.6639640053941,0.725893186585851,0.780202310452632,0.820417937828936,0.841656652148558,0.935937948023184,0.988276050499548,1,0.993588242875155,0.98215579048552,0.945536572404992,0.887850989060714,0.82840496552581,0.774734656949603,0.769156464173032,0.760501833550353,0.74167821674302,0.719067139898536,0.701877409140326,0.694358703232082,0.678109214585825,0.658405341636438,0.638168884308842,0.641011744986167,0.635018409383775,0.619541861215908,0.601340528999276,0.592969542460141,0.592936694377415,0.570413712237169,0.544545766717033,0.521209959554436
0.605507811171194,0.663807233803742,0.715315655648831,0.754015961461503,0.775308641482774,0.890121420253266,0.96467784362258,0.993588242875155,1,0.995647005174812,0.95828899383944,0.899636917310972,0.839250229205479,0.784753900442113,0.77758375537627,0.767191137516151,0.746858084814587,0.7229807705559,0.704159001722464,0.693599026347108,0.674878622561729,0.653200456083664,0.631388833773031,0.633492980591384,0.627278688796758,0.611764960382624,0.593613739453522,0.583927379396424,0.578724768672682,0.553167308743198,0.525510958470436,0.50107077384389
0.568543210462526,0.624298819702695,0.673766108614866,0.711232009637784,0.73229645573638,0.857598093298474,0.943918168235362,0.98215579048552,0.995647005174812,1,0.977042861981916,0.928888896477505,0.87590356079286,0.82665339327645,0.818403307699006,0.804849716261082,0.78137498793149,0.754623089038208,0.732935739844829,0.718655808138528,0.696534591007609,0.671888304407547,0.64754005333457,0.646776948272752,0.637752009527458,0.619900216773578,0.599864820996382,0.588137931588959,0.579520859592277,0.551572823797908,0.522291317801189,0.496721159005364
0.549378718773378,0.602916718905412,0.650349014333525,0.686176194641691,0.706173608884863,0.826357373395588,0.909043023649128,0.945536572404992,0.95828899383944,0.977042861981916,1,0.986466487322543,0.95858554976461,0.927557433325945,0.918864468204829,0.898784459868081,0.868571550815025,0.835521702182174,0.808136929367558,0.787891528000525,0.759893459083087,0.729868820769562,0.700770774054425,0.692478961895793,0.675302844201126,0.65054752083734,0.624881666767275,0.609317213560141,0.599313648308872,0.569656069789612,0.538865753798051,0.51207085023509
0.517487597879668,0.567648384454475,0.612034521352262,0.645482625974996,0.664034869029063,0.776529831385109,0.853838390043606,0.887850989060714,0.899636917310972,0.928888896477505,0.986466487322543,1,0.992309964260859,0.976274123586225,0.967511544408255,0.943035178955371,0.90857909980061,0.871713411569126,0.840798217779279,0.816593338697638,0.784945892463571,0.751718767581199,0.719873075137221,0.706045704586094,0.683132165955841,0.653836128140468,0.624637757745782,0.606605461203956,0.595846946720625,0.565799034533908,0.534808217285978,0.507906771642501
0.484146112276721,0.530859185391216,0.572150931149061,0.603204097546166,0.620333153838213,0.725009332968228,0.796874318960504,0.82840496552581,0.839250229205479,0.87590356079286,0.95858554976461,0.992309964260859,1,0.995569167322003,0.986910944103434,0.959554002605478,0.922511693538193,0.883425520669745,0.850398754932047,0.823638244210233,0.789802536565933,0.754752800547252,0.721403125267174,0.703644493239521,0.676810007422781,0.644610720591377,0.613268453875895,0.593696049147592,0.582560262909331,0.55275574051728,0.522168504243335,0.495668343577872
0.453843538999841,0.49745756088052,0.53597436140599,0.564889125561392,0.580761044523026,0.678422091696371,0.745413421086125,0.774734656949603,0.784753900442113,0.82665339327645,0.927557433325945,0.976274123586225,0.995569167322003,1,0.991509998923648,0.96224576097005,0.923619261920752,0.883247746473004,0.848956130174887,0.820529051286062,0.785378543390186,0.749304257588169,0.715154625155164,0.694591905065396,0.665054401552622,0.630980338573295,0.598331360380658,0.577790022980257,0.566482025230404,0.537168579333027,0.5072021550485,0.48127907628213
0.458173187868311,0.501636181127202,0.53990410755801,0.568464525654633,0.58388924140796,0.678271379730976,0.742098731054257,0.769156464173032,0.77758375537627,0.818403307699006,0.918864468204829,0.967511544408255,0.986910944103434,0.991509998923648,1,0.989359857535285,0.965372141306637,0.936354221848438,0.909787771060841,0.883649197288546,0.849446980897759,0.813526652597739,0.779094147354853,0.756340607205621,0.723018973501774,0.685045971134772,0.64884478413868,0.627034040783595,0.618645601819848,0.589370943063699,0.558490054927133,0.531454353926287
0.461123487877209,0.504294444121446,0.542187246138496,0.57029604420111,0.585216394018299,0.675757634630352,0.735967517325766,0.760501833550353,0.767191137516151,0.804849716261082,0.898784459868081,0.943035178955371,0.959554002605478,0.96224576097005,0.989359857535285,1,0.993055148536708,0.977466188385913,0.960255070867652,0.93752770976581,0.905324632737752,0.870489813487196,0.836579424636816,0.812464627151356,0.776193457895619,0.735044550650321,0.695889537376999,0.67330557501223,0.668352141904508,0.639565828811316,0.608117699749663,0.580231885917116
0.456339237085557,0.498602772072507,0.535603034233558,0.562909565768217,0.577190063325305,0.663217534658699,0.719565946522453,0.74167821674302,0.746858084814587,0.78137498793149,0.868571550815025,0.90857909980061,0.922511693538193,0.923619261920752,0.965372141306637,0.993055148536708,1,0.995512764404466,0.986134455532723,0.96651896038395,0.936433213791625,0.903017838541424,0.870056932087166,0.84521631459611,0.807123983201922,0.764046704174253,0.723111899973188,0.700253831997214,0.698155138301726,0.670211324611728,0.638793483153157,0.61065382201708
0.447894458102865,0.489002417801062,0.524912091337228,0.551298288020079,0.564920295000692,0.646450717897157,0.69912569342368,0.719067139898536,0.7229807705559,0.754623089038208,0.835521702182174,0.871713411569126,0.883425520669745,0.883247746473004,0.936354221848438,0.977466188385913,0.995512764404466,1,0.997016196099969,0.98010120623787,0.952021513868942,0.920084412711789,0.8882192058201,0.863045022663813,0.823871612265518,0.77967723778702,0.737723262464289,0.714874978599416,0.715093531679878,0.688108832092366,0.657031825673764,0.628971444575099
0.444253340763164,0.484663494389534,0.519886062566116,0.545653681491265,0.558781119131682,0.635789092067854,0.684490270465234,0.701877409140326,0.704159001722464,0.732935739844829,0.808136929367558,0.840798217779279,0.850398754932047,0.848956130174887,0.909787771060841,0.960255070867652,0.986134455532723,0.997016196099969,1,0.990165415053035,0.967717453864437,0.940200107618817,0.911807338563347,0.887584385628444,0.847959511495921,0.803005934138262,0.760230624320345,0.737132882891345,0.737960989978833,0.71052991051172,0.678739787918173,0.649975969086972
0.452448986844101,0.493157949555603,0.52854485857006,0.554291468208417,0.567189575890661,0.638375369816021,0.681231807585186,0.694358703232082,0.693599026347108,0.718655808138528,0.787891528000525,0.816593338697638,0.823638244210233,0.820529051286062,0.883649197288546,0.93752770976581,0.96651896038395,0.98010120623787,0.990165415053035,1,0.993460805493076,0.978607268602157,0.960286237078263,0.940218308418788,0.901267337816022,0.855918572354612,0.812302826150018,0.78816460323127,0.785860474167313,0.754446475992384,0.719108901233851,0.687452942002158
0.452547443918078,0.492907330570423,0.527912940762578,0.553267400224271,0.565790488222156,0.631187966641912,0.668650299085115,0.678109214585825,0.674878622561729,0.696534591007609,0.759893459083087,0.784945892463571,0.789802536565933,0.785378543390186,0.849446980897759,0.905324632737752,0.936433213791625,0.952021513868942,0.967717453864437,0.993460805493076,1,0.99569774253106,0.985863105388049,0.969478385380016,0.931644716087272,0.886633951420072,0.842967597119385,0.818331815291333,0.813505028431634,0.779298121476551,0.741580169853969,0.708025010219734
0.448278678100768,0.487967431839981,0.52232720880647,0.547119769290397,0.559218161720179,0.619289552764113,0.652014167291441,0.658405341636438,0.653200456083664,0.671888304407547,0.729868820769562,0.751718767581199,0.754752800547252,0.749304257588169,0.813526652597739,0.870489813487196,0.903017838541424,0.920084412711789,0.940200107618817,0.978607268602157,0.99569774253106,1,0.997147227462753,0.983909159953906,0.947345822115494,0.903041893689224,0.85975407082089,0.834951214751249,0.828123479565368,0.791978617716698,0.752691251254088,0.717917186831653
0.44195147439276,0.48084120848609,0.514456453199302,0.538633676486374,0.550309198918188,0.605660076229024,0.634317315129574,0.638168884308842,0.631388833773031,0.64754005333457,0.700770774054425,0.719873075137221,0.721403125267174,0.715154625155164,0.779094147354853,0.836579424636816,0.870056932087166,0.8882192058201,0.911807338563347,0.960286237078263,0.985863105388049,0.997147227462753,1,0.989409346938197,0.954113264875346,0.910666780354795,0.867962505371668,0.843181232246048,0.834766936220201,0.797273207945366,0.756957164931614,0.721411255765072
0.446320361835407,0.485678475627582,0.519717244159181,0.544226744957763,0.556106287169334,0.610565037780206,0.638099805542718,0.641011744986167,0.633492980591384,0.646776948272752,0.692478961895793,0.706045704586094,0.703644493239521,0.694591905065396,0.756340607205621,0.812464627151356,0.84521631459611,0.863045022663813,0.887584385628444,0.940218308418788,0.969478385380016,0.983909159953906,0.989409346938197,1,0.987376468900937,0.960774185658399,0.93054307194797,0.911376370674642,0.891976084371047,0.844716978105787,0.796789318048059,0.755457970163548
0.442689900873092,0.481886597130973,0.515820992663829,0.540307515308567,0.552257977465289,0.605763594915365,0.632527013001199,0.635018409383775,0.627278688796758,0.637752009527458,0.675302844201126,0.683132165955841,0.676810007422781,0.665054401552622,0.723018973501774,0.776193457895619,0.807123983201922,0.823871612265518,0.847959511495921,0.901267337816022,0.931644716087272,0.947345822115494,0.954113264875346,0.987376468900937,1,0.992572694319391,0.976796337710092,0.964329669423153,0.933547355246132,0.876842509396343,0.821800586633406,0.775171539216263
0.432321386088455,0.470722944891217,0.503996121992547,0.528045716610654,0.539846022965439,0.591703412133857,0.617416124828491,0.619541861215908,0.611764960382624,0.619900216773578,0.65054752083734,0.653836128140468,0.644610720591377,0.630980338573295,0.685045971134772,0.735044550650321,0.764046704174253,0.77967723778702,0.803005934138262,0.855918572354612,0.886633951420072,0.903041893689224,0.910666780354795,0.960774185658399,0.992572694319391,1,0.99559582623372,0.988488615937322,0.949491361579774,0.886502619306421,0.826939028235773,0.777039480100407
0.419952602313173,0.457352478275884,0.489779114140046,0.513248427688492,0.524813507466087,0.574875517620787,0.59951811028422,0.601340528999276,0.593613739453522,0.599864820996382,0.624881666767275,0.624637757745782,0.613268453875895,0.598331360380658,0.64884478413868,0.695889537376999,0.723111899973188,0.737723262464289,0.760230624320345,0.812302826150018,0.842967597119385,0.85975407082089,0.867962505371668,0.93054307194797,0.976796337710092,0.99559582623372,1,0.997094928510045,0.952161956102926,0.884968598407908,0.822523727847554,0.770609210974933
0.419642731189087,0.456977308588218,0.48933904337757,0.512749143171251,0.524265891898515,0.571305194258036,0.593094052995772,0.592969542460141,0.583927379396424,0.588137931588959,0.609317213560141,0.606605461203956,0.593696049147592,0.577790022980257,0.627034040783595,0.67330557501223,0.700253831997214,0.714874978599416,0.737132882891345,0.78816460323127,0.818331815291333,0.834951214751249,0.843181232246048,0.911376370674642,0.964329669423153,0.988488615937322,0.997094928510045,1,0.967428234279254,0.908200683331003,0.850847998751341,0.802310344052615
0.440686545737368,0.479490843773908,0.513037994166576,0.537174768823431,0.548844183982625,0.587378243222446,0.600043228286927,0.592936694377415,0.578724768672682,0.579520859592277,0.599313648308872,0.595846946720625,0.582560262909331,0.566482025230404,0.618645601819848,0.668352141904508,0.698155138301726,0.715093531679878,0.737960989978833,0.785860474167313,0.813505028431634,0.828123479565368,0.834766936220201,0.891976084371047,0.933547355246132,0.949491361579774,0.952161956102926,0.967428234279254,1,0.984569200002414,0.956140005742225,0.92728199274898
0.438511011633697,0.476858792123979,0.509952383036512,0.533675574750605,0.545007704567673,0.576199956489352,0.582077142487524,0.570413712237169,0.553167308743198,0.551572823797908,0.569656069789612,0.565799034533908,0.55275574051728,0.537168579333027,0.589370943063699,0.639565828811316,0.670211324611728,0.688108832092366,0.71052991051172,0.754446475992384,0.779298121476551,0.791978617716698,0.797273207945366,0.844716978105787,0.876842509396343,0.886502619306421,0.884968598407908,0.908200683331003,0.984569200002414,1,0.992643993539683,0.978485305295669
0.429098771292115,0.466439236048323,0.498622299836326,0.521631586414195,0.532526029366274,0.558076441421452,0.559151549416633,0.544545766717033,0.525510958470436,0.522291317801189,0.538865753798051,0.534808217285978,0.522168504243335,0.5072021550485,0.558490054927133,0.608117699749663,0.638793483153157,0.657031825673764,0.678739787918173,0.719108901233851,0.741580169853969,0.752691251254088,0.756957164931614,0.796789318048059,0.821800586633406,0.826939028235773,0.822523727847554,0.850847998751341,0.956140005742225,0.992643993539683,1,0.996266265930908
0.418534006973291,0.454820874967159,0.486065670613679,0.508359271958377,0.518843780518512,0.540141623568103,0.537782758821312,0.521209959554436,0.50107077384389,0.496721159005364,0.51207085023509,0.507906771642501,0.495668343577872,0.48127907628213,0.531454353926287,0.580231885917116,0.61065382201708,0.628971444575099,0.649975969086972,0.687452942002158,0.708025010219734,0.717917186831653,0.721411255765072,0.755457970163548,0.775171539216263,0.777039480100407,0.770609210974933,0.802310344052615,0.92728199274898,0.978485305295669,0.996266265930908,1
