1,0.940692773745981,0.808221552062473,0.765275117407874,0.705219058741244,0.670680549562244,0.634685554359411,0.6160384659583,0.590191464522191,0.559860500369752,0.529871337578725,0.505911656852397,0.484525117583111,0.459877301963811,0.438594022967181,0.423574594074298,0.40831602261755,0.393089404319939,0.363846932743808,0.321220303881627,0.299242496462758,0.287334538033231,0.277965427570447,0.266679735348893,0.251577838877592,0.233310595148184,0.229303555386775,0.226705345083541,0.221408026716128,0.20431602710764,0.21009347040423,0.203687488192779
0.940692773745981,1,0.958272258817504,0.908857700131802,0.840436581115404,0.804616460328027,0.764365624302144,0.740598516593678,0.711155593304079,0.680206652061169,0.647013771076038,0.618218376165271,0.592496732698045,0.562683381463423,0.53660751732011,0.517884430248045,0.499224611495192,0.480875335266754,0.447116130178161,0.397570328127765,0.371963853304415,0.357971720977781,0.348839237678323,0.337882703549741,0.3201716470347,0.297390122210538,0.294906929181658,0.294601993624089,0.291445012080375,0.271804038880676,0.277299456772596,0.266391424420035
0.808221552062473,0.958272258817504,1,0.969004262465042,0.911999817040095,0.878387346644978,0.838061169525869,0.812657028195448,0.782809249893395,0.753580866750665,0.720575762989968,0.691095956858435,0.664993399189827,0.634011961485629,0.606389304981879,0.586413473426953,0.566614620933853,0.547191954067938,0.512048690748967,0.459311217613981,0.432789588646133,0.418907807067789,0.410631046582175,0.399893464814577,0.381731078461234,0.357344902892413,0.356003463878295,0.356508582782924,0.354879101281141,0.332886199951493,0.337478841652197,0.321986797224478
0.765275117407874,0.908857700131802,0.969004262465042,1,0.983771972019256,0.951997585808519,0.912971140362879,0.890019299921371,0.861264834868997,0.8318060686931,0.799870146183798,0.773911284884651,0.751705921812578,0.723351805813171,0.697099404718308,0.678333418377191,0.659343904702984,0.640298690423308,0.604562529285733,0.548102562559693,0.522061552707621,0.510587006598013,0.502256227829846,0.488841418810822,0.471825044892097,0.448682270391586,0.446437099548118,0.443563011556577,0.440504738627405,0.413184090982088,0.416963882791546,0.396201675220726
0.705219058741244,0.840436581115404,0.911999817040095,0.983771972019256,1,0.982631533366676,0.953007028424738,0.932120244037578,0.904666577319156,0.875729770131546,0.84529683208725,0.822535501996809,0.803097238107044,0.776093907300299,0.75085072882933,0.733333686634437,0.715093286231537,0.696329170634652,0.662144452481187,0.606029784171485,0.581203050745227,0.571229052862308,0.562356326477255,0.546513228517712,0.530674711049654,0.509183579163656,0.505468486895951,0.498981786628909,0.495791332306014,0.466212154270639,0.469147227905446,0.444400866053354
0.670680549562244,0.804616460328027,0.878387346644978,0.951997585808519,0.982631533366676,1,0.991560980461142,0.970295644061902,0.942422504622419,0.913281535565874,0.882814586415809,0.860659180659053,0.840190435384675,0.810097709686634,0.783282831570772,0.765695326811848,0.7467080579419,0.726679882889129,0.695402430889843,0.643130633592537,0.618968434605694,0.607932175825942,0.597047472266055,0.578395361997551,0.562529530764469,0.541723953053373,0.535399602770827,0.524831088872508,0.523696428486386,0.49570031150097,0.498039441893126,0.470396835262595
0.634685554359411,0.764365624302144,0.838061169525869,0.912971140362879,0.953007028424738,0.991560980461142,1,0.988075710401661,0.966084193482527,0.938149353518718,0.908922743977963,0.888384780649744,0.867982006893925,0.836034283518965,0.808278133518175,0.790703601252307,0.771428986198022,0.750871283498236,0.721958306089848,0.672536973420194,0.649111348005278,0.637647651365958,0.626022665014635,0.60611218485082,0.590022705417575,0.569053540805129,0.56044637690089,0.546617741312164,0.546829640371476,0.519759956591713,0.521274879988938,0.491073160608259
0.6160384659583,0.740598516593678,0.812657028195448,0.890019299921371,0.932120244037578,0.970295644061902,0.988075710401661,1,0.992909497417622,0.967567447077384,0.940715102476089,0.922732445565895,0.903559787193313,0.870928354150775,0.84251147495666,0.824593649897282,0.805240046892777,0.784774225871415,0.756431004910278,0.706757976869948,0.683491201232999,0.67231024189552,0.661675538904165,0.642477998603011,0.625420856586193,0.60237305518153,0.591890355187107,0.575902749945485,0.57626901253927,0.548283937332095,0.548702591345232,0.515782683670204
0.590191464522191,0.711155593304079,0.782809249893395,0.861264834868997,0.904666577319156,0.942422504622419,0.966084193482527,0.992909497417622,1,0.987320425570236,0.968020516869172,0.95224352197176,0.933694768468966,0.89965761565686,0.870707927452017,0.853217615325435,0.834336781686495,0.814329643444739,0.787426103815382,0.738607161342673,0.715618113593272,0.704337898249796,0.696843802906787,0.681584139300374,0.663544709026582,0.63697597265893,0.624492739368201,0.60671348054896,0.607231705015755,0.578137627927296,0.578444429269428,0.543539558539596
0.559860500369752,0.680206652061169,0.753580866750665,0.8318060686931,0.875729770131546,0.913281535565874,0.938149353518718,0.967567447077384,0.987320425570236,1,0.994651528400061,0.980417074870776,0.961539407732193,0.924975030991676,0.895492146072414,0.879314674190287,0.861490793101327,0.842274824036702,0.817721087455817,0.770857937569075,0.748138921592447,0.736183039194215,0.734490124653051,0.727165119076784,0.708046392465968,0.676022958833284,0.661377081683044,0.642251400909137,0.642915292399781,0.612310183719029,0.613814978265761,0.577749036015332
0.529871337578725,0.647013771076038,0.720575762989968,0.799870146183798,0.84529683208725,0.882814586415809,0.908922743977963,0.940715102476089,0.968020516869172,0.994651528400061,1,0.993044306075109,0.977853563425046,0.940986361920782,0.911906963251673,0.896871634292532,0.87997699346209,0.861471215703968,0.838966616183404,0.793946746563715,0.772233535296244,0.760784727729999,0.761708304123009,0.75739507035946,0.738586900572655,0.705205586427949,0.689170334134642,0.668287462877988,0.668608575075826,0.636700176348806,0.637701152783855,0.599764408030057
0.505911656852397,0.618218376165271,0.691095956858435,0.773911284884651,0.822535501996809,0.860659180659053,0.888384780649744,0.922732445565895,0.95224352197176,0.980417074870776,0.993044306075109,1,0.992985625387351,0.957911971686211,0.929969351523723,0.9157275645075,0.899435848354725,0.881343331772723,0.860321996777351,0.816522144457693,0.796419423508276,0.786704140113682,0.78667427032065,0.779763256889222,0.762636849931371,0.732151571430702,0.715388989345005,0.69199228058863,0.691408743452889,0.658026020330062,0.656579432952929,0.615468271877854
0.484525117583111,0.592496732698045,0.664993399189827,0.751705921812578,0.803097238107044,0.840190435384675,0.867982006893925,0.903559787193313,0.933694768468966,0.961539407732193,0.977853563425046,0.992985625387351,1,0.983372119952776,0.963590889413669,0.949607058106136,0.934565840229374,0.918394456408482,0.8970637439222,0.850654608711816,0.82892440565624,0.818021776526658,0.815605429101221,0.805509048360948,0.793487427663323,0.770418109010556,0.755941322540829,0.731769145284359,0.724320940301425,0.682548009681759,0.679762191735854,0.637548941559339
0.459877301963811,0.562683381463423,0.634011961485629,0.723351805813171,0.776093907300299,0.810097709686634,0.836034283518965,0.870928354150775,0.89965761565686,0.924975030991676,0.940986361920782,0.957911971686211,0.983372119952776,1,0.994793082672634,0.980746199082653,0.967709762243585,0.955005184725027,0.931992993622079,0.880209179936078,0.854199973324897,0.839563112449136,0.83360724067552,0.820164872022486,0.816321053514257,0.804782569164141,0.795529154501569,0.772682311196112,0.75329427408772,0.697781928329429,0.694869409470516,0.654277255130366
0.438594022967181,0.53660751732011,0.606389304981879,0.697099404718308,0.75085072882933,0.783282831570772,0.808278133518175,0.84251147495666,0.870707927452017,0.895492146072414,0.911906963251673,0.929969351523723,0.963590889413669,0.994793082672634,1,0.993266999248164,0.984343309274717,0.97312435919483,0.951462486054036,0.900145003141879,0.871879178836096,0.853572855857581,0.845252519763655,0.83017871945378,0.829963865013856,0.823551840215727,0.815963593757043,0.792836433760877,0.766986446086155,0.704435012280527,0.701626973537016,0.662082836525188
0.423574594074298,0.517884430248045,0.586413473426953,0.678333418377191,0.733333686634437,0.765695326811848,0.790703601252307,0.824593649897282,0.853217615325435,0.879314674190287,0.896871634292532,0.9157275645075,0.949607058106136,0.980746199082653,0.993266999248164,1,0.996932292118137,0.98551157871899,0.96751403390951,0.920980471374842,0.891797057644157,0.869615839059255,0.859757725172257,0.844276379790259,0.844056479889485,0.837598771295759,0.828736046083434,0.803795512930994,0.775568323572222,0.710710833589434,0.708173125906104,0.668870232261157
0.40831602261755,0.499224611495192,0.566614620933853,0.659343904702984,0.715093286231537,0.7467080579419,0.771428986198022,0.805240046892777,0.834336781686495,0.861490793101327,0.87997699346209,0.899435848354725,0.934565840229374,0.967709762243585,0.984343309274717,0.996932292118137,1,0.994673533752074,0.980457161835194,0.935308901600362,0.905180813797367,0.880839635415532,0.870096234889909,0.854314383520156,0.855329583484314,0.85040681593165,0.840707546482454,0.8139143781326,0.783360151124499,0.716302037686539,0.712607941122154,0.672431076505553
0.393089404319939,0.480875335266754,0.547191954067938,0.640298690423308,0.696329170634652,0.726679882889129,0.750871283498236,0.784774225871415,0.814329643444739,0.842274824036702,0.861471215703968,0.881343331772723,0.918394456408482,0.955005184725027,0.97312435919483,0.98551157871899,0.994673533752074,1,0.989513384902712,0.943146457167909,0.91212200582403,0.887042023340349,0.87595814050533,0.859985608598156,0.863130351166284,0.860890391819499,0.850732662828276,0.822159709529634,0.789442721588084,0.720421942478144,0.714534156081572,0.672708760559889
0.363846932743808,0.447116130178161,0.512048690748967,0.604562529285733,0.662144452481187,0.695402430889843,0.721958306089848,0.756431004910278,0.787426103815382,0.817721087455817,0.838966616183404,0.860321996777351,0.8970637439222,0.931992993622079,0.951462486054036,0.96751403390951,0.980457161835194,0.989513384902712,1,0.980532924358853,0.95908266357408,0.934490376591622,0.921680121526412,0.902345538125193,0.902691543943971,0.897718005324594,0.882997536991633,0.849170219581929,0.808127722297645,0.731368051154543,0.719064701648048,0.672904614674075
0.321220303881627,0.397570328127765,0.459311217613981,0.548102562559693,0.606029784171485,0.643130633592537,0.672536973420194,0.706757976869948,0.738607161342673,0.770857937569075,0.793946746563715,0.816522144457693,0.850654608711816,0.880209179936078,0.900145003141879,0.920980471374842,0.935308901600362,0.943146457167909,0.980532924358853,1,0.993095149781912,0.97032492076229,0.955665107672107,0.932292356921637,0.927474364407272,0.917260853689249,0.896843027933499,0.857668529317926,0.807409331858823,0.723170389052225,0.703512075080711,0.653572763549134
0.299242496462758,0.371963853304415,0.432789588646133,0.522061552707621,0.581203050745227,0.618968434605694,0.649111348005278,0.683491201232999,0.715618113593272,0.748138921592447,0.772233535296244,0.796419423508276,0.82892440565624,0.854199973324897,0.871879178836096,0.891797057644157,0.905180813797367,0.91212200582403,0.95908266357408,0.993095149781912,1,0.990497105306171,0.978534432133203,0.951857209076084,0.943157688449487,0.929165615751251,0.90629703789746,0.865329226419158,0.814924710869651,0.730623723604719,0.710433929804666,0.659551998431264
0.287334538033231,0.357971720977781,0.418907807067789,0.510587006598013,0.571229052862308,0.607932175825942,0.637647651365958,0.67231024189552,0.704337898249796,0.736183039194215,0.760784727729999,0.786704140113682,0.818021776526658,0.839563112449136,0.853572855857581,0.869615839059255,0.880839635415532,0.887042023340349,0.934490376591622,0.97032492076229,0.990497105306171,1,0.993061963721052,0.963557002767587,0.95169558624234,0.934748074511222,0.911173104882888,0.870351024373093,0.824569723320172,0.744211017987167,0.72703759981748,0.676800181368952
0.277965427570447,0.348839237678323,0.410631046582175,0.502256227829846,0.562356326477255,0.597047472266055,0.626022665014635,0.661675538904165,0.696843802906787,0.734490124653051,0.761708304123009,0.78667427032065,0.815605429101221,0.83360724067552,0.845252519763655,0.859757725172257,0.870096234889909,0.87595814050533,0.921680121526412,0.955665107672107,0.978534432133203,0.993061963721052,1,0.987342232745071,0.976605431110822,0.953495062520211,0.925872614289693,0.882077633408404,0.842796058444573,0.768616027247529,0.750098632168885,0.695788992571592
0.266679735348893,0.337882703549741,0.399893464814577,0.488841418810822,0.546513228517712,0.578395361997551,0.60611218485082,0.642477998603011,0.681584139300374,0.727165119076784,0.75739507035946,0.779763256889222,0.805509048360948,0.820164872022486,0.83017871945378,0.844276379790259,0.854314383520156,0.859985608598156,0.902345538125193,0.932292356921637,0.951857209076084,0.963557002767587,0.987342232745071,1,0.992614978668098,0.962691384565939,0.930152805793653,0.882761632665315,0.850854993523537,0.784469207801486,0.76280502430858,0.703257641839501
0.251577838877592,0.3201716470347,0.381731078461234,0.471825044892097,0.530674711049654,0.562529530764469,0.590022705417575,0.625420856586193,0.663544709026582,0.708046392465968,0.738586900572655,0.762636849931371,0.793487427663323,0.816321053514257,0.829963865013856,0.844056479889485,0.855329583484314,0.863130351166284,0.902691543943971,0.927474364407272,0.943157688449487,0.95169558624234,0.976605431110822,0.992614978668098,1,0.987389496801742,0.96276895071405,0.917992096307382,0.884292874663068,0.813498394260976,0.785908541611154,0.720453515472113
0.233310595148184,0.297390122210538,0.357344902892413,0.448682270391586,0.509183579163656,0.541723953053373,0.569053540805129,0.60237305518153,0.63697597265893,0.676022958833284,0.705205586427949,0.732151571430702,0.770418109010556,0.804782569164141,0.823551840215727,0.837598771295759,0.85040681593165,0.860890391819499,0.897718005324594,0.917260853689249,0.929165615751251,0.934748074511222,0.953495062520211,0.962691384565939,0.987389496801742,1,0.987971867863235,0.94875464158741,0.910116790144759,0.831426190567243,0.798036625250557,0.728275888587274
0.229303555386775,0.294906929181658,0.356003463878295,0.446437099548118,0.505468486895951,0.535399602770827,0.56044637690089,0.591890355187107,0.624492739368201,0.661377081683044,0.689170334134642,0.715388989345005,0.755941322540829,0.795529154501569,0.815963593757043,0.828736046083434,0.840707546482454,0.850732662828276,0.882997536991633,0.896843027933499,0.90629703789746,0.911173104882888,0.925872614289693,0.930152805793653,0.96276895071405,0.987971867863235,1,0.985566815770474,0.948651118154711,0.862411261319866,0.828476179228438,0.757617799823136
0.226705345083541,0.294601993624089,0.356508582782924,0.443563011556577,0.498981786628909,0.524831088872508,0.546617741312164,0.575902749945485,0.60671348054896,0.642251400909137,0.668287462877988,0.69199228058863,0.731769145284359,0.772682311196112,0.792836433760877,0.803795512930994,0.8139143781326,0.822159709529634,0.849170219581929,0.857668529317926,0.865329226419158,0.870351024373093,0.882077633408404,0.882761632665315,0.917992096307382,0.94875464158741,0.985566815770474,1,0.967813306858364,0.87691907603585,0.845172094244519,0.775984867210469
0.221408026716128,0.291445012080375,0.354879101281141,0.440504738627405,0.495791332306014,0.523696428486386,0.546829640371476,0.57626901253927,0.607231705015755,0.642915292399781,0.668608575075826,0.691408743452889,0.724320940301425,0.75329427408772,0.766986446086155,0.775568323572222,0.783360151124499,0.789442721588084,0.808127722297645,0.807409331858823,0.814924710869651,0.824569723320172,0.842796058444573,0.850854993523537,0.884292874663068,0.910116790144759,0.948651118154711,0.967813306858364,1,0.969058028960705,0.929690726299356,0.835612386113833
0.20431602710764,0.271804038880676,0.332886199951493,0.413184090982088,0.466212154270639,0.49570031150097,0.519759956591713,0.548283937332095,0.578137627927296,0.612310183719029,0.636700176348806,0.658026020330062,0.682548009681759,0.697781928329429,0.704435012280527,0.710710833589434,0.716302037686539,0.720421942478144,0.731368051154543,0.723170389052225,0.730623723604719,0.744211017987167,0.768616027247529,0.784469207801486,0.813498394260976,0.831426190567243,0.862411261319866,0.87691907603585,0.969058028960705,1,0.954784357335829,0.841188836728841
0.21009347040423,0.277299456772596,0.337478841652197,0.416963882791546,0.469147227905446,0.498039441893126,0.521274879988938,0.548702591345232,0.578444429269428,0.613814978265761,0.637701152783855,0.656579432952929,0.679762191735854,0.694869409470516,0.701626973537016,0.708173125906104,0.712607941122154,0.714534156081572,0.719064701648048,0.703512075080711,0.710433929804666,0.72703759981748,0.750098632168885,0.76280502430858,0.785908541611154,0.798036625250557,0.828476179228438,0.845172094244519,0.929690726299356,0.954784357335829,1,0.963218790073534
0.203687488192779,0.266391424420035,0.321986797224478,0.396201675220726,0.444400866053354,0.470396835262595,0.491073160608259,0.515782683670204,0.543539558539596,0.577749036015332,0.599764408030057,0.615468271877854,0.637548941559339,0.654277255130366,0.662082836525188,0.668870232261157,0.672431076505553,0.672708760559889,0.672904614674075,0.653572763549134,0.659551998431264,0.676800181368952,0.695788992571592,0.703257641839501,0.720453515472113,0.728275888587274,0.757617799823136,0.775984867210469,0.835612386113833,0.841188836728841,0.963218790073534,1
