1,0.995957069149506,0.955562650134418,0.674872575826418,0.686493631149214,0.675690037008205,0.625673300256863,0.612690444304838,0.582862850797808,0.531428646612792,0.48318212540284,0.431347438448667,0.376620802145713,0.339266008240751,0.308417371922458,0.276839279390539,0.242140375755298,0.208948387538944,0.181957563829858,0.162343742423448,0.149141906507383,0.137225126997816,0.12773574422963,0.119284639098994,0.111090792162863,0.104932743194432,0.1036540612955,0.10141412337445,0.0989588226506215,0.0970308267721299,0.0905514428960381,0.0837990781377935
0.995957069149506,1,0.978180334688128,0.738407026333952,0.747062529798163,0.730234055357787,0.670022134835552,0.656344975203113,0.624745794884695,0.570025812327024,0.520434883539367,0.467160462614227,0.410480424299455,0.371226333776801,0.338344013388597,0.304569044947932,0.26813754142466,0.233720845322494,0.205614022373763,0.185058401287559,0.170921561649335,0.158046157806182,0.147999774990776,0.139497686963031,0.130698829699551,0.123969514420192,0.122405920410782,0.119720033718827,0.116789466446383,0.117227278004306,0.111684988615067,0.104991513488678
0.955562650134418,0.978180334688128,1,0.86233167730093,0.863858736546323,0.833620618998616,0.751706349470635,0.736849739989609,0.702138227530998,0.641524606298255,0.590370118190595,0.535426484164672,0.475995387842377,0.433572205182655,0.397011376427188,0.359208297635652,0.319905253683813,0.283728855005011,0.253917068958132,0.231823997666057,0.215965351589923,0.201274193150424,0.190252741282598,0.18189775184779,0.171973903160718,0.164133131017356,0.16195933694433,0.158325790681016,0.154387385144525,0.160283128418333,0.157080880395784,0.150732239652058
0.674872575826418,0.738407026333952,0.86233167730093,1,0.987121166116394,0.933984195831721,0.819193812014618,0.804385434927945,0.768460300372397,0.704399741394812,0.659030389405089,0.610276765289088,0.555083391621146,0.51281411593679,0.474063345658959,0.43335682126464,0.394177062803559,0.360206381319793,0.331552185061697,0.309664280979349,0.292453886241845,0.275916929367171,0.264523002406151,0.258175900282154,0.247217092840536,0.237970964146196,0.234451374035035,0.22890813996297,0.22299068145777,0.241005224449598,0.243760665452363,0.23906468320749
0.686493631149214,0.747062529798163,0.863858736546323,0.987121166116394,1,0.979116706313505,0.900391544547644,0.886351270387277,0.848812660896872,0.780418074769521,0.733774444768151,0.683284001498223,0.625192211459749,0.581539238786984,0.541634623694443,0.499074717453378,0.457267324656518,0.420284912639831,0.388892231601838,0.365128979892455,0.346723539970646,0.328691213519231,0.316637851012747,0.310643815579122,0.298389915926456,0.287812491935996,0.282303324366415,0.2746626046629,0.266800034820958,0.283582293193419,0.28327011642351,0.275467395458443
0.675690037008205,0.730234055357787,0.833620618998616,0.933984195831721,0.979116706313505,1,0.970039831364201,0.957498679585574,0.91930794372124,0.847953278508551,0.801427743092319,0.750610880702062,0.690999638310862,0.647214306184298,0.607329806536669,0.563999938224016,0.520410615063919,0.480978424216947,0.447274993606925,0.422013689840805,0.402775162743267,0.383514191767426,0.371071791759993,0.365749719096951,0.352306445420337,0.340431191006858,0.332598840948468,0.322577206983818,0.312535627417995,0.327126732147153,0.322927787535394,0.311467605737502
0.625673300256863,0.670022134835552,0.751706349470635,0.819193812014618,0.900391544547644,0.970039831364201,1,0.989939037269517,0.953066284167945,0.882092789774119,0.8382633795094,0.789847103265571,0.731693703760914,0.690154718491204,0.652484557515208,0.610614077197248,0.56728906999848,0.527094810796191,0.492480853237801,0.466816602135464,0.447639025390235,0.427967539163373,0.415743520186005,0.411516722463078,0.397390377361094,0.384616334707708,0.374437861825631,0.362121341421967,0.350027250298162,0.361198600818346,0.35258548843256,0.337383923531823
0.612690444304838,0.656344975203113,0.736849739989609,0.804385434927945,0.886351270387277,0.957498679585574,0.989939037269517,1,0.986314421625606,0.939866583422851,0.905101528462062,0.860885834843395,0.805240068444674,0.765874817001036,0.729629335388351,0.688120842819651,0.645841755989869,0.606902452467275,0.5726916395396,0.546546422227497,0.525310302546905,0.503224536434972,0.489238181463978,0.482996609036041,0.465690087825404,0.450238613324822,0.43659137832941,0.420878250102379,0.405744640194842,0.417192098185603,0.40616697584546,0.387918997462185
0.582862850797808,0.624745794884695,0.702138227530998,0.768460300372397,0.848812660896872,0.91930794372124,0.953066284167945,0.986314421625606,1,0.983315770430639,0.959958474096795,0.921717495675682,0.870369624688501,0.834495624256663,0.800790081125496,0.760723230264215,0.720718031556666,0.68422599893161,0.651352542596871,0.625305279579594,0.602198339751634,0.577854075137641,0.562159094656746,0.553709597849994,0.533135187998262,0.514958589541229,0.497636543415461,0.478383774866932,0.460109455020391,0.471636281599727,0.458129737910931,0.436832414209079
0.531428646612792,0.570025812327024,0.641524606298255,0.704399741394812,0.780418074769521,0.847953278508551,0.882092789774119,0.939866583422851,0.983315770430639,1,0.989971255592054,0.959537610642219,0.914563621842128,0.883681719103743,0.853849769783822,0.816646947176751,0.780422034283278,0.747789919816801,0.717436802606027,0.692325486269283,0.667888891369075,0.641826572873727,0.624745308416998,0.614128364436037,0.590602421770843,0.569996911633713,0.549171003727844,0.526624872448034,0.505466231030024,0.516714261792061,0.500899252609368,0.47691449158829
0.48318212540284,0.520434883539367,0.590370118190595,0.659030389405089,0.733774444768151,0.801427743092319,0.8382633795094,0.905101528462062,0.959958474096795,0.989971255592054,1,0.989439276528767,0.961896224437306,0.93943841990503,0.913415041002736,0.878939437744171,0.846342576071038,0.817412313787413,0.789415360663391,0.764771989098609,0.738029947144177,0.709435940559257,0.690387217750138,0.677405603450762,0.650734778557624,0.627549958267796,0.602794376507309,0.576605717580005,0.552281236548721,0.563396780929086,0.545340028133827,0.518667558037502
0.431347438448667,0.467160462614227,0.535426484164672,0.610276765289088,0.683284001498223,0.750610880702062,0.789847103265571,0.860885834843395,0.921717495675682,0.959537610642219,0.989439276528767,1,0.991368828602431,0.977802916864317,0.955718355597981,0.924294767075611,0.895554733473041,0.870490848982202,0.845093005348448,0.821177705664238,0.792513832095073,0.761850134405189,0.741153398572478,0.726137447408657,0.696923687476644,0.671675614529095,0.643569426558901,0.614335513036166,0.587393479692635,0.598240398077179,0.578397886638721,0.549647229704614
0.376620802145713,0.410480424299455,0.475995387842377,0.555083391621146,0.625192211459749,0.690999638310862,0.731693703760914,0.805240068444674,0.870369624688501,0.914563621842128,0.961896224437306,0.991368828602431,1,0.994723290264472,0.976602873633116,0.948511147745275,0.923782118214995,0.902671031441117,0.880085840231721,0.857263921247071,0.827382989921123,0.795404861705907,0.773593863850438,0.75701093439894,0.72602834028696,0.699373187272296,0.668747504296151,0.637290785500439,0.60847112112248,0.618877842028619,0.597780948062071,0.567673391330106
0.339266008240751,0.371226333776801,0.433572205182655,0.51281411593679,0.581539238786984,0.647214306184298,0.690154718491204,0.765874817001036,0.834495624256663,0.883681719103743,0.93943841990503,0.977802916864317,0.994723290264472,1,0.9930244704273,0.974807413020296,0.956554082481143,0.938497874431171,0.918009291073913,0.896977047441141,0.868598322634999,0.837381534594638,0.815607886865962,0.796289721175118,0.762636006550796,0.733939426398498,0.70034244716798,0.666241056140787,0.635175617724449,0.644282914254983,0.621007827865137,0.58882371569041
0.308417371922458,0.338344013388597,0.397011376427188,0.474063345658959,0.541634623694443,0.607329806536669,0.652484557515208,0.729629335388351,0.800790081125496,0.853849769783822,0.913415041002736,0.955718355597981,0.976602873633116,0.9930244704273,1,0.994306883363818,0.983512339017013,0.968139836471183,0.949506013303836,0.930653363827437,0.905112313578146,0.875756203304294,0.854674096710064,0.832338523142003,0.795945675223289,0.765200614225631,0.728771160297104,0.692169335993,0.658990988863674,0.666404161645663,0.640784118382194,0.606504651361236
0.276839279390539,0.304569044947932,0.359208297635652,0.43335682126464,0.499074717453378,0.563999938224016,0.610614077197248,0.688120842819651,0.760723230264215,0.816646947176751,0.878939437744171,0.924294767075611,0.948511147745275,0.974807413020296,0.994306883363818,1,0.996075490756607,0.983312686006635,0.966578565405924,0.949921797442479,0.927251578762871,0.899929153314733,0.879724915644808,0.854930457295607,0.81649884653374,0.784271411861045,0.745719281264301,0.707296915314163,0.672607162760637,0.67840041409623,0.65096858615643,0.615206787265749
0.242140375755298,0.26813754142466,0.319905253683813,0.394177062803559,0.457267324656518,0.520410615063919,0.56728906999848,0.645841755989869,0.720718031556666,0.780422034283278,0.846342576071038,0.895554733473041,0.923782118214995,0.956554082481143,0.983512339017013,0.996075490756607,1,0.994822125031476,0.983838764680265,0.971555532052226,0.951979998456852,0.926841016709073,0.907614866771424,0.880303289540793,0.839720623025969,0.805918008079192,0.765487471810111,0.725395702367086,0.689289607018777,0.694161414457012,0.665285391422947,0.628175825046538
0.208948387538944,0.233720845322494,0.283728855005011,0.360206381319793,0.420284912639831,0.480978424216947,0.527094810796191,0.606902452467275,0.68422599893161,0.747789919816801,0.817412313787413,0.870490848982202,0.902671031441117,0.938497874431171,0.968139836471183,0.983312686006635,0.994822125031476,1,0.996942347238155,0.99013472878907,0.973474458622393,0.950410728541602,0.932156154340516,0.902659323648185,0.860199842950723,0.825023813141903,0.783220600300241,0.741868668634863,0.70467321254185,0.709250016260622,0.679448002552635,0.641340682336953
0.181957563829858,0.205614022373763,0.253917068958132,0.331552185061697,0.388892231601838,0.447274993606925,0.492480853237801,0.5726916395396,0.651352542596871,0.717436802606027,0.789415360663391,0.845093005348448,0.880085840231721,0.918009291073913,0.949506013303836,0.966578565405924,0.983838764680265,0.996942347238155,1,0.997450295830757,0.98314873106345,0.961842924617142,0.944463848086325,0.913494477010286,0.869890844072584,0.833906440909457,0.791342069304928,0.749312310554571,0.711541094011055,0.715858865394082,0.685554660002654,0.646948430863927
0.162343742423448,0.185058401287559,0.231823997666057,0.309664280979349,0.365128979892455,0.422013689840805,0.466816602135464,0.546546422227497,0.625305279579594,0.692325486269283,0.764771989098609,0.821177705664238,0.857263921247071,0.896977047441141,0.930653363827437,0.949921797442479,0.971555532052226,0.99013472878907,0.997450295830757,1,0.992731584234622,0.97686439544844,0.962400564315613,0.928103155784018,0.88219523737712,0.8446637401466,0.801301347857501,0.758543262873282,0.720144521873557,0.725851964285567,0.696235740287629,0.657802354541726
0.149141906507383,0.170921561649335,0.215965351589923,0.292453886241845,0.346723539970646,0.402775162743267,0.447639025390235,0.525310302546905,0.602198339751634,0.667888891369075,0.738029947144177,0.792513832095073,0.827382989921123,0.868598322634999,0.905112313578146,0.927251578762871,0.951979998456852,0.973474458622393,0.98314873106345,0.992731584234622,1,0.995502041236801,0.987245709594984,0.94669609684959,0.896711519655636,0.856522710940473,0.812348504024805,0.768838299947536,0.729786048610615,0.739329096846422,0.712242576830861,0.675068525884754
0.137225126997816,0.158046157806182,0.201274193150424,0.275916929367171,0.328691213519231,0.383514191767426,0.427967539163373,0.503224536434972,0.577854075137641,0.641826572873727,0.709435940559257,0.761850134405189,0.795404861705907,0.837381534594638,0.875756203304294,0.899929153314733,0.926841016709073,0.950410728541602,0.961842924617142,0.97686439544844,0.995502041236801,1,0.996714639429633,0.951657646503836,0.898974718696908,0.857104771069871,0.812742944901252,0.769085328457689,0.729917731359725,0.742382672242962,0.717564372124983,0.681761587883099
0.12773574422963,0.147999774990776,0.190252741282598,0.264523002406151,0.316637851012747,0.371071791759993,0.415743520186005,0.489238181463978,0.562159094656746,0.624745308416998,0.690387217750138,0.741153398572478,0.773593863850438,0.815607886865962,0.854674096710064,0.879724915644808,0.907614866771424,0.932156154340516,0.944463848086325,0.962400564315613,0.987245709594984,0.996714639429633,1,0.967815151651431,0.921973819199351,0.884114895639981,0.843345281789685,0.80204326040413,0.764453331114406,0.774157848657392,0.745194805129314,0.705884817496156
0.119284639098994,0.139497686963031,0.18189775184779,0.258175900282154,0.310643815579122,0.365749719096951,0.411516722463078,0.482996609036041,0.553709597849994,0.614128364436037,0.677405603450762,0.726137447408657,0.75701093439894,0.796289721175118,0.832338523142003,0.854930457295607,0.880303289540793,0.902659323648185,0.913494477010286,0.928103155784018,0.94669609684959,0.951657646503836,0.967815151651431,1,0.989756952001762,0.973253354026337,0.948193886398563,0.917548450568224,0.88733750222544,0.877913570485196,0.826802789662004,0.770522237518414
0.111090792162863,0.130698829699551,0.171973903160718,0.247217092840536,0.298389915926456,0.352306445420337,0.397390377361094,0.465690087825404,0.533135187998262,0.590602421770843,0.650734778557624,0.696923687476644,0.72602834028696,0.762636006550796,0.795945675223289,0.81649884653374,0.839720623025969,0.860199842950723,0.869890844072584,0.88219523737712,0.896711519655636,0.898974718696908,0.921973819199351,0.989756952001762,1,0.996081196939474,0.98064798176426,0.956921224128109,0.931757254334125,0.911750744242702,0.849532716394515,0.785229161634814
0.104932743194432,0.123969514420192,0.164133131017356,0.237970964146196,0.287812491935996,0.340431191006858,0.384616334707708,0.450238613324822,0.514958589541229,0.569996911633713,0.627549958267796,0.671675614529095,0.699373187272296,0.733939426398498,0.765200614225631,0.784271411861045,0.805918008079192,0.825023813141903,0.833906440909457,0.8446637401466,0.856522710940473,0.857104771069871,0.884114895639981,0.973253354026337,0.996081196939474,1,0.990845246666997,0.971765223261422,0.950074366778083,0.92372419909021,0.855240247437179,0.786601434180876
0.1036540612955,0.122405920410782,0.16195933694433,0.234451374035035,0.282303324366415,0.332598840948468,0.374437861825631,0.43659137832941,0.497636543415461,0.549171003727844,0.602794376507309,0.643569426558901,0.668747504296151,0.70034244716798,0.728771160297104,0.745719281264301,0.765487471810111,0.783220600300241,0.791342069304928,0.801301347857501,0.812348504024805,0.812742944901252,0.843345281789685,0.948193886398563,0.98064798176426,0.990845246666997,1,0.994722796803746,0.983500655606775,0.953011934450511,0.87839991918933,0.805049978589629
0.10141412337445,0.119720033718827,0.158325790681016,0.22890813996297,0.2746626046629,0.322577206983818,0.362121341421967,0.420878250102379,0.478383774866932,0.526624872448034,0.576605717580005,0.614335513036166,0.637290785500439,0.666241056140787,0.692169335993,0.707296915314163,0.725395702367086,0.741868668634863,0.749312310554571,0.758543262873282,0.768838299947536,0.769085328457689,0.80204326040413,0.917548450568224,0.956921224128109,0.971765223261422,0.994722796803746,1,0.996871152319032,0.963610238720597,0.885253878320287,0.80922099219145
0.0989588226506215,0.116789466446383,0.154387385144525,0.22299068145777,0.266800034820958,0.312535627417995,0.350027250298162,0.405744640194842,0.460109455020391,0.505466231030024,0.552281236548721,0.587393479692635,0.60847112112248,0.635175617724449,0.658990988863674,0.672607162760637,0.689289607018777,0.70467321254185,0.711541094011055,0.720144521873557,0.729786048610615,0.729917731359725,0.764453331114406,0.88733750222544,0.931757254334125,0.950074366778083,0.983500655606775,0.996871152319032,1,0.964842646018173,0.884165323580965,0.806612476128128
0.0970308267721299,0.117227278004306,0.160283128418333,0.241005224449598,0.283582293193419,0.327126732147153,0.361198600818346,0.417192098185603,0.471636281599727,0.516714261792061,0.563396780929086,0.598240398077179,0.618877842028619,0.644282914254983,0.666404161645663,0.67840041409623,0.694161414457012,0.709250016260622,0.715858865394082,0.725851964285567,0.739329096846422,0.742382672242962,0.774157848657392,0.877913570485196,0.911750744242702,0.92372419909021,0.953011934450511,0.963610238720597,0.964842646018173,1,0.975845970668621,0.933562135293448
0.0905514428960381,0.111684988615067,0.157080880395784,0.243760665452363,0.28327011642351,0.322927787535394,0.35258548843256,0.40616697584546,0.458129737910931,0.500899252609368,0.545340028133827,0.578397886638721,0.597780948062071,0.621007827865137,0.640784118382194,0.65096858615643,0.665285391422947,0.679448002552635,0.685554660002654,0.696235740287629,0.712242576830861,0.717564372124983,0.745194805129314,0.826802789662004,0.849532716394515,0.855240247437179,0.87839991918933,0.885253878320287,0.884165323580965,0.975845970668621,1,0.989312212524929
0.0837990781377935,0.104991513488678,0.150732239652058,0.23906468320749,0.275467395458443,0.311467605737502,0.337383923531823,0.387918997462185,0.436832414209079,0.47691449158829,0.518667558037502,0.549647229704614,0.567673391330106,0.58882371569041,0.606504651361236,0.615206787265749,0.628175825046538,0.641340682336953,0.646948430863927,0.657802354541726,0.675068525884754,0.681761587883099,0.705884817496156,0.770522237518414,0.785229161634814,0.786601434180876,0.805049978589629,0.80922099219145,0.806612476128128,0.933562135293448,0.989312212524929,1
