1,0.980274395406727,0.912800916448763,0.870816502572018,0.836000275660889,0.785580790252153,0.762002463979562,0.723649864934138,0.694514869709614,0.680402753581986,0.661117857650392,0.646396742439579,0.626346244975653,0.607221295066573,0.60220380490207,0.586782986209549,0.578775750977779,0.575956697371797,0.568839544532624,0.578732032942493,0.580891586130928,0.579328942386299,0.56792014595311,0.545243412276746,0.540953081275076,0.529365700294963,0.511030974292972,0.527724683169877,0.517349874322527,0.528284760930516,0.552017304295321,0.545471003228498
0.980274395406727,1,0.975513050728744,0.947984662511455,0.91264402406878,0.85998848725318,0.835140202382592,0.793960836447063,0.762487952750145,0.747066661514718,0.725954545768761,0.709860555366927,0.687904746015971,0.666577917516837,0.658700258042622,0.639957127732323,0.629835871050972,0.625750614483851,0.617173793565343,0.626320188355703,0.627241745882996,0.624727300579135,0.612743531078392,0.588499451650743,0.581727576005662,0.566615705070451,0.545188054740606,0.569059608960036,0.561179273306813,0.574272445420641,0.599431529055385,0.591894644852624
0.912800916448763,0.975513050728744,1,0.989837103258517,0.95555403962349,0.902855383844655,0.877747759178569,0.835334974423569,0.802721959445339,0.786559914190647,0.764394819702044,0.747520426771548,0.724463914986321,0.701677146503533,0.690982424799732,0.669412518882468,0.657408725551593,0.652104110397186,0.642301217073372,0.650192592976024,0.649693674330279,0.646236800563269,0.634169687857102,0.609307268587618,0.600088325563053,0.581756059340335,0.557881567170643,0.588632301809058,0.583893843522129,0.598780800247507,0.624359039765347,0.61606980288424
0.870816502572018,0.947984662511455,0.989837103258517,1,0.985985756734377,0.950519992617879,0.927568535411712,0.885829300033371,0.853365073495914,0.83720541715323,0.814496787090419,0.795906787396555,0.770491107267447,0.746079054491082,0.737635122400844,0.716942429350725,0.704644461523347,0.69819236962105,0.68705866478956,0.694552855499839,0.693187029786681,0.689022872180092,0.676390791522201,0.650036045932438,0.640468971598016,0.62116196214882,0.595847986262554,0.630373028227929,0.626182250595139,0.640393474093969,0.662502856062988,0.650185429260483
0.836000275660889,0.91264402406878,0.95555403962349,0.985985756734377,1,0.989009661122169,0.969399953219046,0.929543642094972,0.898102920605149,0.882433348619974,0.859652708006983,0.839185078851762,0.811199038397562,0.785404348262157,0.781505566746048,0.763544087944863,0.751821340019928,0.74438779634704,0.732059491136012,0.73951929097831,0.73761513828979,0.73293694048657,0.719661761259674,0.691733787660802,0.6829067584262,0.663908044989811,0.637941338215459,0.674237185486573,0.669380245332177,0.681682091677867,0.698542847954357,0.681039748534961
0.785580790252153,0.85998848725318,0.902855383844655,0.950519992617879,0.989009661122169,1,0.985169885996205,0.949051418168884,0.919831647605531,0.904965964531514,0.882623639264972,0.861044099325499,0.831479221772833,0.805054074249748,0.805152369145692,0.789877504203688,0.778884802172013,0.770772628291108,0.757664519767221,0.76484377866518,0.762394693632273,0.757215565804423,0.743396314484422,0.714474657858685,0.706515936587817,0.688283265164229,0.662337121151956,0.699401131519193,0.694015932837795,0.704248253233771,0.715839122006349,0.693921789281732
0.762002463979562,0.835140202382592,0.877747759178569,0.927568535411712,0.969399953219046,0.985169885996205,1,0.989045932815661,0.972879635078112,0.958490685764614,0.935975665564675,0.916088060865141,0.887657198237932,0.861387430601378,0.859703975367512,0.841990383438007,0.830199843052357,0.822457436031458,0.809224908551449,0.81464270831979,0.809775547619283,0.801345725346662,0.781696437073914,0.747787048751357,0.740260224916137,0.72350570106974,0.697836288586659,0.735412025186014,0.728938215336895,0.736713367860077,0.74238520601085,0.715211234586511
0.723649864934138,0.793960836447063,0.835334974423569,0.885829300033371,0.929543642094972,0.949051418168884,0.989045932815661,1,0.995446659842629,0.981809026408363,0.959679318762404,0.941718826168544,0.914937687382994,0.889424500908169,0.886248162759817,0.866856613019992,0.854659287928508,0.847418572036221,0.834392780550764,0.838166767687565,0.83133479927601,0.820308363503313,0.796109546099509,0.758713382502975,0.751736587460234,0.736650966901763,0.71182829610039,0.74895326032785,0.741696449385457,0.747173388297604,0.747618721054654,0.716566928629405
0.694514869709614,0.762487952750145,0.802721959445339,0.853365073495914,0.898102920605149,0.919831647605531,0.972879635078112,0.995446659842629,1,0.993113316142022,0.976581113281404,0.961625394570495,0.936576614108642,0.91185778750635,0.906815862950313,0.885567757971889,0.872816788161764,0.865953894378592,0.85308598069251,0.855842679972576,0.847746351660103,0.835654175418102,0.810606882668626,0.77225103024028,0.764421971364555,0.748322863687905,0.722591529434978,0.76000595924734,0.752508863739667,0.756753752339984,0.754090734355467,0.720591757197227
0.680402753581986,0.747066661514718,0.786559914190647,0.83720541715323,0.882433348619974,0.904965964531514,0.958490685764614,0.981809026408363,0.993113316142022,1,0.995062147848135,0.984338540536274,0.960980389735414,0.93692218329375,0.929462809502953,0.905885320810383,0.892278699210344,0.885612468141311,0.872743492045394,0.875164962236264,0.866464104221335,0.854876935744352,0.832896461051552,0.796052460760681,0.785682407359581,0.765358919194301,0.736474604017398,0.775350285437233,0.768148482043195,0.772341697460054,0.768788196540892,0.73404935373866
0.661117857650392,0.725954545768761,0.764394819702044,0.814496787090419,0.859652708006983,0.882623639264972,0.935975665564675,0.959679318762404,0.976581113281404,0.995062147848135,1,0.992977272868597,0.971303008121783,0.948063624379412,0.938636586890549,0.913339668193662,0.899154726843582,0.892726914119946,0.879995664120246,0.882107050242844,0.872987772857076,0.861953255708148,0.842807707184473,0.807641407217137,0.795230379088875,0.77154700324888,0.740302687961942,0.779997540432444,0.773123481582339,0.777227750644035,0.772958128273885,0.737543105873826
0.646396742439579,0.709860555366927,0.747520426771548,0.795906787396555,0.839185078851762,0.861044099325499,0.916088060865141,0.941718826168544,0.961625394570495,0.984338540536274,0.992977272868597,1,0.99251263059238,0.978661429288022,0.965859131536216,0.937393754366223,0.921880009264931,0.915435604069611,0.902501824697803,0.902818232682569,0.891676022802518,0.878471849979422,0.856384075017099,0.818851350766746,0.807578714492703,0.785821853549677,0.755573035500513,0.796596549376057,0.789812656180945,0.792381873970485,0.783727367871385,0.744791383464786
0.626346244975653,0.687904746015971,0.724463914986321,0.770491107267447,0.811199038397562,0.831479221772833,0.887657198237932,0.914937687382994,0.936576614108642,0.960980389735414,0.971303008121783,0.99251263059238,1,0.996240371232313,0.980412816727941,0.949295275247933,0.932684670882616,0.926254394720845,0.913242322535623,0.911693778110041,0.898615957554442,0.88313114216097,0.857545080634933,0.817591214533025,0.808140747995115,0.78948197999334,0.761221306219102,0.802953453354263,0.79628316855401,0.797188406106413,0.784092709274666,0.742032807023528
0.607221295066573,0.666577917516837,0.701677146503533,0.746079054491082,0.785404348262157,0.805054074249748,0.861387430601378,0.889424500908169,0.91185778750635,0.93692218329375,0.948063624379412,0.978661429288022,0.996240371232313,1,0.986375334817367,0.956873255818395,0.940737645455396,0.933962886860673,0.920602245829833,0.91739791161184,0.902666082057463,0.885306821992819,0.856991371711563,0.81518675404747,0.806894543639453,0.790368266229826,0.763508853624375,0.804990398371063,0.798074746835276,0.797521754036251,0.781016619470741,0.73669934237517
0.60220380490207,0.658700258042622,0.690982424799732,0.737635122400844,0.781505566746048,0.805152369145692,0.859703975367512,0.886248162759817,0.906815862950313,0.929462809502953,0.938636586890549,0.965859131536216,0.980412816727941,0.986375334817367,1,0.991627413963844,0.982831282744042,0.973506838267647,0.95771186864337,0.952295376162952,0.935195576239324,0.915520916835557,0.884512806902738,0.840146945991187,0.830599444675753,0.812877298710382,0.784770364706604,0.823186170432538,0.813894481963679,0.811587550768916,0.792843266001005,0.74646256387303
0.586782986209549,0.639957127732323,0.669412518882468,0.716942429350725,0.763544087944863,0.789877504203688,0.841990383438007,0.866856613019992,0.885567757971889,0.905885320810383,0.913339668193662,0.937393754366223,0.949295275247933,0.956873255818395,0.991627413963844,1,0.997132688024692,0.985984666787255,0.968580044705766,0.961530402924984,0.942897917719436,0.921780933925631,0.889250467737314,0.843720100710511,0.833369307037012,0.815046379891726,0.786496129057119,0.821773009625643,0.810793425034237,0.807153732100945,0.787009234804501,0.739893204858522
0.578775750977779,0.629835871050972,0.657408725551593,0.704644461523347,0.751821340019928,0.778884802172013,0.830199843052357,0.854659287928508,0.872816788161764,0.892278699210344,0.899154726843582,0.921880009264931,0.932684670882616,0.940737645455396,0.982831282744042,0.997132688024692,1,0.994482741024983,0.981657299222778,0.973920465849137,0.953895202208208,0.931118686827795,0.895995449581519,0.848516463462621,0.837894412664683,0.819860375796461,0.791405751094094,0.82606383006542,0.814574174467151,0.809771269578079,0.787180192842698,0.738344518806784
0.575956697371797,0.625750614483851,0.652104110397186,0.69819236962105,0.74438779634704,0.770772628291108,0.822457436031458,0.847418572036221,0.865953894378592,0.885612468141311,0.892726914119946,0.915435604069611,0.926254394720845,0.933962886860673,0.973506838267647,0.985984666787255,0.994482741024983,1,0.9962409076647,0.988494911378375,0.967172161100796,0.942573061797697,0.904075875150667,0.854079424368992,0.84356926112053,0.826469575609974,0.798504065318684,0.834347962028988,0.823194970820644,0.817344353539734,0.791541626938953,0.740275005742579
0.568839544532624,0.617173793565343,0.642301217073372,0.68705866478956,0.732059491136012,0.757664519767221,0.809224908551449,0.834392780550764,0.85308598069251,0.872743492045394,0.879995664120246,0.902501824697803,0.913242322535623,0.920602245829833,0.95771186864337,0.968580044705766,0.981657299222778,0.9962409076647,1,0.992310846597419,0.970093944117084,0.944194314514996,0.903231056421683,0.851571431957765,0.841241058822303,0.825055141433109,0.797726077320088,0.834251164531259,0.823468927802169,0.816801766149631,0.788561436861227,0.735713649250194
0.578732032942493,0.626320188355703,0.650192592976024,0.694552855499839,0.73951929097831,0.76484377866518,0.81464270831979,0.838166767687565,0.855842679972576,0.875164962236264,0.882107050242844,0.902818232682569,0.911693778110041,0.91739791161184,0.952295376162952,0.961530402924984,0.973920465849137,0.988494911378375,0.992310846597419,1,0.992650471950905,0.97689463818174,0.937256869868146,0.885611577848668,0.873407780539048,0.854067023491003,0.824056349148121,0.856704591558467,0.842961054528089,0.836340983513715,0.810865679764595,0.759017569541826
0.580891586130928,0.627241745882996,0.649693674330279,0.693187029786681,0.73761513828979,0.762394693632273,0.809775547619283,0.83133479927601,0.847746351660103,0.866464104221335,0.872987772857076,0.891676022802518,0.898615957554442,0.902666082057463,0.935195576239324,0.942897917719436,0.953895202208208,0.967172161100796,0.970093944117084,0.992650471950905,1,0.994509828362469,0.957027385176874,0.906337034284504,0.892461946366818,0.870216619815612,0.837949012520688,0.866268823783555,0.849793388702952,0.843411617605694,0.821287181543926,0.771347301494007
0.579328942386299,0.624727300579135,0.646236800563269,0.689022872180092,0.73293694048657,0.757215565804423,0.801345725346662,0.820308363503313,0.835654175418102,0.854876935744352,0.861953255708148,0.878471849979422,0.88313114216097,0.885306821992819,0.915520916835557,0.921780933925631,0.931118686827795,0.942573061797697,0.944194314514996,0.97689463818174,0.994509828362469,1,0.977168201317038,0.935962367383847,0.921399509635702,0.893913727183746,0.857683317301144,0.880087443691012,0.859867598805819,0.852145090044971,0.830449792256108,0.780425903099223
0.56792014595311,0.612743531078392,0.634169687857102,0.676390791522201,0.719661761259674,0.743396314484422,0.781696437073914,0.796109546099509,0.810606882668626,0.832896461051552,0.842807707184473,0.856384075017099,0.857545080634933,0.856991371711563,0.884512806902738,0.889250467737314,0.895995449581519,0.904075875150667,0.903231056421683,0.937256869868146,0.957027385176874,0.977168201317038,1,0.989402371344035,0.976271447520917,0.937339491683319,0.892620795264742,0.904367499049208,0.877452422946579,0.864587262362194,0.836849005848623,0.78232692042955
0.545243412276746,0.588499451650743,0.609307268587618,0.650036045932438,0.691733787660802,0.714474657858685,0.747787048751357,0.758713382502975,0.77225103024028,0.796052460760681,0.807641407217137,0.818851350766746,0.817591214533025,0.81518675404747,0.840146945991187,0.843720100710511,0.848516463462621,0.854079424368992,0.851571431957765,0.885611577848668,0.906337034284504,0.935962367383847,0.989402371344035,1,0.988191698358605,0.942457498760146,0.893109590402331,0.897265257921087,0.866479870788154,0.850437309491813,0.819296071772593,0.763128451688636
0.540953081275076,0.581727576005662,0.600088325563053,0.640468971598016,0.6829067584262,0.706515936587817,0.740260224916137,0.751736587460234,0.764421971364555,0.785682407359581,0.795230379088875,0.807578714492703,0.808140747995115,0.806894543639453,0.830599444675753,0.833369307037012,0.837894412664683,0.84356926112053,0.841241058822303,0.873407780539048,0.892461946366818,0.921399509635702,0.976271447520917,0.988191698358605,1,0.981854124756469,0.950073977088084,0.9362553094758,0.89361071748888,0.871034706811653,0.835704234878998,0.775916037183402
0.529365700294963,0.566615705070451,0.581756059340335,0.62116196214882,0.663908044989811,0.688283265164229,0.72350570106974,0.736650966901763,0.748322863687905,0.765358919194301,0.77154700324888,0.785821853549677,0.78948197999334,0.790368266229826,0.812877298710382,0.815046379891726,0.819860375796461,0.826469575609974,0.825055141433109,0.854067023491003,0.870216619815612,0.893913727183746,0.937339491683319,0.942457498760146,0.981854124756469,1,0.992005723983179,0.95982887738598,0.905571682314415,0.876970112028887,0.838875738084307,0.777019911336549
0.511030974292972,0.545188054740606,0.557881567170643,0.595847986262554,0.637941338215459,0.662337121151956,0.697836288586659,0.71182829610039,0.722591529434978,0.736474604017398,0.740302687961942,0.755573035500513,0.761221306219102,0.763508853624375,0.784770364706604,0.786496129057119,0.791405751094094,0.798504065318684,0.797726077320088,0.824056349148121,0.837949012520688,0.857683317301144,0.892620795264742,0.893109590402331,0.950073977088084,0.992005723983179,1,0.956252621064969,0.895356818740474,0.863319602884171,0.824150540488715,0.762160230109463
0.527724683169877,0.569059608960036,0.588632301809058,0.630373028227929,0.674237185486573,0.699401131519193,0.735412025186014,0.74895326032785,0.76000595924734,0.775350285437233,0.779997540432444,0.796596549376057,0.802953453354263,0.804990398371063,0.823186170432538,0.821773009625643,0.82606383006542,0.834347962028988,0.834251164531259,0.856704591558467,0.866268823783555,0.880087443691012,0.904367499049208,0.897265257921087,0.9362553094758,0.95982887738598,0.956252621064969,1,0.986468889753155,0.970031161721972,0.915863829072495,0.839528065032415
0.517349874322527,0.561179273306813,0.583893843522129,0.626182250595139,0.669380245332177,0.694015932837795,0.728938215336895,0.741696449385457,0.752508863739667,0.768148482043195,0.773123481582339,0.789812656180945,0.79628316855401,0.798074746835276,0.813894481963679,0.810793425034237,0.814574174467151,0.823194970820644,0.823468927802169,0.842961054528089,0.849793388702952,0.859867598805819,0.877452422946579,0.866479870788154,0.89361071748888,0.905571682314415,0.895356818740474,0.986468889753155,1,0.992955609089789,0.932504022277336,0.85107154696164
0.528284760930516,0.574272445420641,0.598780800247507,0.640393474093969,0.681682091677867,0.704248253233771,0.736713367860077,0.747173388297604,0.756753752339984,0.772341697460054,0.777227750644035,0.792381873970485,0.797188406106413,0.797521754036251,0.811587550768916,0.807153732100945,0.809771269578079,0.817344353539734,0.816801766149631,0.836340983513715,0.843411617605694,0.852145090044971,0.864587262362194,0.850437309491813,0.871034706811653,0.876970112028887,0.863319602884171,0.970031161721972,0.992955609089789,1,0.964609177847003,0.899371021489373
0.552017304295321,0.599431529055385,0.624359039765347,0.662502856062988,0.698542847954357,0.715839122006349,0.74238520601085,0.747618721054654,0.754090734355467,0.768788196540892,0.772958128273885,0.783727367871385,0.784092709274666,0.781016619470741,0.792843266001005,0.787009234804501,0.787180192842698,0.791541626938953,0.788561436861227,0.810865679764595,0.821287181543926,0.830449792256108,0.836849005848623,0.819296071772593,0.835704234878998,0.838875738084307,0.824150540488715,0.915863829072495,0.932504022277336,0.964609177847003,1,0.982820447546117
0.545471003228498,0.591894644852624,0.61606980288424,0.650185429260483,0.681039748534961,0.693921789281732,0.715211234586511,0.716566928629405,0.720591757197227,0.73404935373866,0.737543105873826,0.744791383464786,0.742032807023528,0.73669934237517,0.74646256387303,0.739893204858522,0.738344518806784,0.740275005742579,0.735713649250194,0.759017569541826,0.771347301494007,0.780425903099223,0.78232692042955,0.763128451688636,0.775916037183402,0.777019911336549,0.762160230109463,0.839528065032415,0.85107154696164,0.899371021489373,0.982820447546117,1
