1,0.904660678255752,0.879106172231388,0.856196431248333,0.832590347310466,0.810928359222932,0.793770528776129,0.774788135887407,0.758483701259351,0.737450802629595,0.719533368416955,0.702596085093033,0.686452275074706,0.667551877223322,0.651225352169919,0.632098959794467,0.616642929551151,0.599194561487823,0.586049217808556,0.566134419323936,0.546722556404557,0.531573181098579,0.515363787198113,0.494313992804857,0.475286468578877,0.45766693877748,0.427668530000922,0.397772407258058,0.356339584154748,0.261903251158575,0.159589649604377,0.043990996447144
0.904660678255752,1,0.977940202168184,0.964862198076218,0.948240283610932,0.932516513111596,0.919991170019181,0.905687259659412,0.892015089362932,0.872470779000303,0.858335446941547,0.843142187463488,0.828399229848707,0.812166681964649,0.797490102138099,0.780837953951536,0.765908455198613,0.748102567065901,0.73557484094004,0.71585886138225,0.698346764319664,0.682219021839131,0.665147841583823,0.645251446219373,0.626815822831946,0.609189944653252,0.579368989274204,0.545837257778147,0.503672206512518,0.398073596461316,0.274478557620934,0.14847533897237
0.879106172231388,0.977940202168184,1,0.990378676107424,0.978697180459109,0.967117143634016,0.95767878871212,0.946842354166813,0.9354344888559,0.919084918587527,0.906307075812828,0.893208180102321,0.880696330901334,0.866905053759678,0.853786963445723,0.83977656420235,0.826520707466013,0.810672306435771,0.798848356761455,0.781321831682748,0.765329012226902,0.750216922605801,0.734205787699266,0.715509319422841,0.698387468162691,0.680316854708527,0.651809119821758,0.619872534490344,0.577946123505496,0.465914585193805,0.329907080025064,0.184665925568189
0.856196431248333,0.964862198076218,0.990378676107424,1,0.991230037856943,0.981362334903381,0.972644672288916,0.963393048141496,0.953051636282519,0.938416405051231,0.926874808328843,0.91541395923959,0.903869350475234,0.891297740780692,0.878837710351308,0.865805284493369,0.853406470087253,0.838367971661228,0.827690266974144,0.811271697369363,0.797019129850961,0.78286528697784,0.768077879050384,0.750946270391474,0.734585106223533,0.717130772728729,0.689770621791433,0.659308965868641,0.618024387134426,0.506197717494697,0.366064336175908,0.217244635451062
0.832590347310466,0.948240283610932,0.978697180459109,0.991230037856943,1,0.994204304506528,0.987195583963489,0.979364629681256,0.971244298699247,0.958621728759826,0.948465283129502,0.938305545667613,0.928608442775612,0.917558335245127,0.906391321968577,0.894831458899267,0.883727532600771,0.870460360774545,0.860608385765014,0.846136880143383,0.83310210800986,0.819958750056537,0.80616327716332,0.790408211238893,0.774769247300771,0.759213503076518,0.733431599921507,0.704830479798863,0.664099272245535,0.551883280939239,0.409013968416509,0.253184880012341
0.810928359222932,0.932516513111596,0.967117143634016,0.981362334903381,0.994204304506528,1,0.99546483750907,0.989500310053403,0.982376942693513,0.972220151502898,0.963716361548936,0.955060501859774,0.946447230166791,0.936508779605403,0.926328304828382,0.915952453003636,0.905871966703236,0.893771514415128,0.884967720833226,0.872632761343646,0.860484933945347,0.848729999670124,0.835658241923913,0.820865477819903,0.806308212590556,0.792114716901023,0.767680657904358,0.740013994337771,0.699372914397708,0.583104639748134,0.434629204720394,0.271754747028751
0.793770528776129,0.919991170019181,0.95767878871212,0.972644672288916,0.987195583963489,0.99546483750907,1,0.996390347060369,0.990853308568402,0.98256111404453,0.975201309443378,0.967398405928653,0.959494256084116,0.950268324322965,0.941363181898103,0.931714037901427,0.922230753352871,0.911248395859005,0.903230423508246,0.891649172530369,0.880818339008706,0.869964351323482,0.857540257832917,0.843695921992534,0.830114331318061,0.81639907349866,0.792392226311788,0.764927649093471,0.725421752306822,0.607330884924976,0.454275633974902,0.290046069420279
0.774788135887407,0.905687259659412,0.946842354166813,0.963393048141496,0.979364629681256,0.989500310053403,0.996390347060369,1,0.9966751879477,0.990638681792396,0.984457968002973,0.97759916240009,0.970544602411632,0.962211546203249,0.954262282059209,0.945889059103743,0.937480081533924,0.927425068915766,0.919974896167408,0.909471335020467,0.89969725670956,0.889834229434288,0.87837773434589,0.865394123754803,0.852939020445975,0.840060360238258,0.817446337300859,0.791427701590468,0.753189325916102,0.63308887484544,0.477512147965555,0.309359952736562
0.758483701259351,0.892015089362932,0.9354344888559,0.953051636282519,0.971244298699247,0.982376942693513,0.990853308568402,0.9966751879477,1,0.996356330922307,0.991682400838105,0.986032849349485,0.980140356200292,0.972970133496342,0.966117839556424,0.958569688772037,0.950830632107469,0.9418086708282,0.934874275192899,0.925364042492928,0.916285754502727,0.9070985261741,0.896418650339653,0.884285958868895,0.872649288831898,0.860127061868209,0.838531605740883,0.813475995931173,0.775875002000995,0.654815074240549,0.494592260707242,0.323703176192826
0.737450802629595,0.872470779000303,0.919084918587527,0.938416405051231,0.958621728759826,0.972220151502898,0.98256111404453,0.990638681792396,0.996356330922307,1,0.997409072852661,0.993475940626132,0.988693931962712,0.982963051919217,0.977303078729689,0.970657079132224,0.963956685058928,0.956055959113344,0.949720739424567,0.941313932357956,0.933287099265896,0.925185089252862,0.915327048061079,0.904074845561903,0.893206325618909,0.881375625589406,0.861874020083328,0.837962070209269,0.800797236806933,0.678346086016617,0.516674612376801,0.341818010632628
0.719533368416955,0.858335446941547,0.906307075812828,0.926874808328843,0.948465283129502,0.963716361548936,0.975201309443378,0.984457968002973,0.991682400838105,0.997409072852661,1,0.997765464197206,0.99385147187819,0.988842083434623,0.983762999333576,0.977690800583184,0.971750511596524,0.964556186279712,0.958527740600691,0.950840655211403,0.943467346571377,0.935955220318105,0.926904073928932,0.916338857358029,0.906159430432624,0.89506125934371,0.876674857187941,0.854067265559512,0.817133623600769,0.693974031623227,0.529854352039966,0.354040086353151
0.702596085093033,0.843142187463488,0.893208180102321,0.91541395923959,0.938305545667613,0.955060501859774,0.967398405928653,0.97759916240009,0.986032849349485,0.993475940626132,0.997765464197206,1,0.997725035801379,0.993764027188312,0.989385513837952,0.984151148454028,0.979046165618144,0.972698186946249,0.967155262431379,0.960463535766317,0.953839947561705,0.947001605978714,0.938606358425557,0.928743314792669,0.919109168479069,0.908689945121847,0.891381750885571,0.869552818625652,0.8341148532213,0.711800486725501,0.547088879449339,0.368041601756893
0.686452275074706,0.828399229848707,0.880696330901334,0.903869350475234,0.928608442775612,0.946447230166791,0.959494256084116,0.970544602411632,0.980140356200292,0.988693931962712,0.99385147187819,0.997725035801379,1,0.997647215805089,0.994310092471745,0.990171177676964,0.985871547852683,0.98041493478941,0.975474556611166,0.9697249116346,0.963825115156778,0.957727191418879,0.950043871511755,0.941014905661745,0.931879949552385,0.92230691125039,0.906058741070202,0.885460745922679,0.852443173759427,0.732976014871951,0.568928562997771,0.387338034645042
0.667551877223322,0.812166681964649,0.866905053759678,0.891297740780692,0.917558335245127,0.936508779605403,0.950268324322965,0.962211546203249,0.972970133496342,0.982963051919217,0.988842083434623,0.993764027188312,0.997647215805089,1,0.998155054443382,0.995134582459165,0.991829302873972,0.987094192206979,0.982607742807117,0.977800489495242,0.972575784288735,0.966969672618626,0.959863988378305,0.95136212515089,0.942816052458089,0.933816260971336,0.918799239253295,0.899186923540763,0.866821983156456,0.748003470678385,0.582780975607811,0.395738334251753
0.651225352169919,0.797490102138099,0.853786963445723,0.878837710351308,0.906391321968577,0.926328304828382,0.941363181898103,0.954262282059209,0.966117839556424,0.977303078729689,0.983762999333576,0.989385513837952,0.994310092471745,0.998155054443382,1,0.998104033148022,0.995578085135699,0.991906279370019,0.988084877022776,0.98384766818844,0.979274912797208,0.974051202466293,0.967648532526018,0.959882755664379,0.951981557568616,0.943563945330114,0.92960904169072,0.911053361020356,0.879546257915457,0.761872362077355,0.59555232657783,0.405078567460842
0.632098959794467,0.780837953951536,0.83977656420235,0.865805284493369,0.894831458899267,0.915952453003636,0.931714037901427,0.945889059103743,0.958569688772037,0.970657079132224,0.977690800583184,0.984151148454028,0.990171177676964,0.995134582459165,0.998104033148022,1,0.998272151501563,0.995504339137897,0.992401386441485,0.988804673177074,0.984821674826975,0.980104546853329,0.974323411592851,0.967372626767743,0.960117805525527,0.952409873221438,0.939510759096137,0.921860807775357,0.892043030141873,0.777358850547451,0.611444124142907,0.416551750364901
0.616642929551151,0.765908455198613,0.826520707466013,0.853406470087253,0.883727532600771,0.905871966703236,0.922230753352871,0.937480081533924,0.950830632107469,0.963956685058928,0.971750511596524,0.979046165618144,0.985871547852683,0.991829302873972,0.995578085135699,0.998272151501563,1,0.998326217727604,0.995913010698704,0.992776858160897,0.989114332847787,0.984704678950571,0.979466803032765,0.973296438805938,0.966603567036868,0.959273596890702,0.94731411247062,0.93007111128522,0.901399865012376,0.788745544846203,0.621929298761207,0.424162815598866
0.599194561487823,0.748102567065901,0.810672306435771,0.838367971661228,0.870460360774545,0.893771514415128,0.911248395859005,0.927425068915766,0.9418086708282,0.956055959113344,0.964556186279712,0.972698186946249,0.98041493478941,0.987094192206979,0.991906279370019,0.995504339137897,0.998326217727604,1,0.998428708481439,0.995967999539502,0.993070809311395,0.989428528109053,0.984936222625245,0.979375547752815,0.973470810337075,0.96693520974523,0.955744833003371,0.939363619996503,0.91156031925793,0.799953686909957,0.631648177233889,0.430314431843119
0.586049217808556,0.73557484094004,0.798848356761455,0.827690266974144,0.860608385765014,0.884967720833226,0.903230423508246,0.919974896167408,0.934874275192899,0.949720739424567,0.958527740600691,0.967155262431379,0.975474556611166,0.982607742807117,0.988084877022776,0.992401386441485,0.995913010698704,0.998428708481439,1,0.998114166091735,0.99556456544263,0.992405220736856,0.988310259961786,0.983341273224536,0.977950976123548,0.971766444815968,0.961254285163494,0.945487238069521,0.918169286187596,0.807053740903186,0.636944533367036,0.438445961941054
0.566134419323936,0.71585886138225,0.781321831682748,0.811271697369363,0.846136880143383,0.872632761343646,0.891649172530369,0.909471335020467,0.925364042492928,0.941313932357956,0.950840655211403,0.960463535766317,0.9697249116346,0.977800489495242,0.98384766818844,0.988804673177074,0.992776858160897,0.995967999539502,0.998114166091735,1,0.998294545030783,0.995876931926256,0.992638755693988,0.988543232930457,0.983949277723755,0.978561035671663,0.968876485445047,0.953952880819455,0.928292166177777,0.818464117844562,0.649074699338194,0.448554227132869
0.546722556404557,0.698346764319664,0.765329012226902,0.797019129850961,0.83310210800986,0.860484933945347,0.880818339008706,0.89969725670956,0.916285754502727,0.933287099265896,0.943467346571377,0.953839947561705,0.963825115156778,0.972575784288735,0.979274912797208,0.984821674826975,0.989114332847787,0.993070809311395,0.99556456544263,0.998294545030783,1,0.998432373214103,0.996042201649784,0.992560157252136,0.988338988692172,0.983554352826591,0.974630311740832,0.960624035959555,0.936133853625892,0.827895839455122,0.658397618255142,0.454887611529608
0.531573181098579,0.682219021839131,0.750216922605801,0.78286528697784,0.819958750056537,0.848729999670124,0.869964351323482,0.889834229434288,0.9070985261741,0.925185089252862,0.935955220318105,0.947001605978714,0.957727191418879,0.966969672618626,0.974051202466293,0.980104546853329,0.984704678950571,0.989428528109053,0.992405220736856,0.995876931926256,0.998432373214103,1,0.998233858325638,0.995406967084551,0.991905076345327,0.987505351899766,0.979703128759132,0.966528232593581,0.942908921118568,0.83411503926997,0.663889187966092,0.459625025929711
0.515363787198113,0.665147841583823,0.734205787699266,0.768077879050384,0.80616327716332,0.835658241923913,0.857540257832917,0.87837773434589,0.896418650339653,0.915327048061079,0.926904073928932,0.938606358425557,0.950043871511755,0.959863988378305,0.967648532526018,0.974323411592851,0.979466803032765,0.984936222625245,0.988310259961786,0.992638755693988,0.996042201649784,0.998233858325638,1,0.997808547574438,0.994812403474994,0.9910853863854,0.984038569320003,0.972099677331029,0.949904327611388,0.843700637286526,0.673880609305597,0.468613226554834
0.494313992804857,0.645251446219373,0.715509319422841,0.750946270391474,0.790408211238893,0.820865477819903,0.843695921992534,0.865394123754803,0.884285958868895,0.904074845561903,0.916338857358029,0.928743314792669,0.941014905661745,0.95136212515089,0.959882755664379,0.967372626767743,0.973296438805938,0.979375547752815,0.983341273224536,0.988543232930457,0.992560157252136,0.995406967084551,0.997808547574438,1,0.997662227929528,0.994356370669004,0.988786103506778,0.978385749885555,0.958218425372959,0.856289251468986,0.687750884003906,0.481225438850169
0.475286468578877,0.626815822831946,0.698387468162691,0.734585106223533,0.774769247300771,0.806308212590556,0.830114331318061,0.852939020445975,0.872649288831898,0.893206325618909,0.906159430432624,0.919109168479069,0.931879949552385,0.942816052458089,0.951981557568616,0.960117805525527,0.966603567036868,0.973470810337075,0.977950976123548,0.983949277723755,0.988338988692172,0.991905076345327,0.994812403474994,0.997662227929528,1,0.997443024098783,0.992699210648787,0.983187831791114,0.964740613114481,0.864919994079694,0.696168465639803,0.491229408578026
0.45766693877748,0.609189944653252,0.680316854708527,0.717130772728729,0.759213503076518,0.792114716901023,0.81639907349866,0.840060360238258,0.860127061868209,0.881375625589406,0.89506125934371,0.908689945121847,0.92230691125039,0.933816260971336,0.943563945330114,0.952409873221438,0.959273596890702,0.96693520974523,0.971766444815968,0.978561035671663,0.983554352826591,0.987505351899766,0.9910853863854,0.994356370669004,0.997443024098783,1,0.996126207291728,0.987888177293206,0.970763010508796,0.872374306751553,0.708334960130106,0.504034619104413
0.427668530000922,0.579368989274204,0.651809119821758,0.689770621791433,0.733431599921507,0.767680657904358,0.792392226311788,0.817446337300859,0.838531605740883,0.861874020083328,0.876674857187941,0.891381750885571,0.906058741070202,0.918799239253295,0.92960904169072,0.939510759096137,0.94731411247062,0.955744833003371,0.961254285163494,0.968876485445047,0.974630311740832,0.979703128759132,0.984038569320003,0.988786103506778,0.992699210648787,0.996126207291728,1,0.994431717062755,0.979822741675127,0.886344077808153,0.726172992398084,0.521728324190491
0.397772407258058,0.545837257778147,0.619872534490344,0.659308965868641,0.704830479798863,0.740013994337771,0.764927649093471,0.791427701590468,0.813475995931173,0.837962070209269,0.854067265559512,0.869552818625652,0.885460745922679,0.899186923540763,0.911053361020356,0.921860807775357,0.93007111128522,0.939363619996503,0.945487238069521,0.953952880819455,0.960624035959555,0.966528232593581,0.972099677331029,0.978385749885555,0.983187831791114,0.987888177293206,0.994431717062755,1,0.990154775897224,0.909031210724976,0.756677484791637,0.549681167607099
0.356339584154748,0.503672206512518,0.577946123505496,0.618024387134426,0.664099272245535,0.699372914397708,0.725421752306822,0.753189325916102,0.775875002000995,0.800797236806933,0.817133623600769,0.8341148532213,0.852443173759427,0.866821983156456,0.879546257915457,0.892043030141873,0.901399865012376,0.91156031925793,0.918169286187596,0.928292166177777,0.936133853625892,0.942908921118568,0.949904327611388,0.958218425372959,0.964740613114481,0.970763010508796,0.979822741675127,0.990154775897224,1,0.94415455772022,0.806053572102025,0.600126448269115
0.261903251158575,0.398073596461316,0.465914585193805,0.506197717494697,0.551883280939239,0.583104639748134,0.607330884924976,0.63308887484544,0.654815074240549,0.678346086016617,0.693974031623227,0.711800486725501,0.732976014871951,0.748003470678385,0.761872362077355,0.777358850547451,0.788745544846203,0.799953686909957,0.807053740903186,0.818464117844562,0.827895839455122,0.83411503926997,0.843700637286526,0.856289251468986,0.864919994079694,0.872374306751553,0.886344077808153,0.909031210724976,0.94415455772022,1,0.924623114941107,0.702107555658283
0.159589649604377,0.274478557620934,0.329907080025064,0.366064336175908,0.409013968416509,0.434629204720394,0.454275633974902,0.477512147965555,0.494592260707242,0.516674612376801,0.529854352039966,0.547088879449339,0.568928562997771,0.582780975607811,0.59555232657783,0.611444124142907,0.621929298761207,0.631648177233889,0.636944533367036,0.649074699338194,0.658397618255142,0.663889187966092,0.673880609305597,0.687750884003906,0.696168465639803,0.708334960130106,0.726172992398084,0.756677484791637,0.806053572102025,0.924623114941107,1,0.802602629656656
0.043990996447144,0.14847533897237,0.184665925568189,0.217244635451062,0.253184880012341,0.271754747028751,0.290046069420279,0.309359952736562,0.323703176192826,0.341818010632628,0.354040086353151,0.368041601756893,0.387338034645042,0.395738334251753,0.405078567460842,0.416551750364901,0.424162815598866,0.430314431843119,0.438445961941054,0.448554227132869,0.454887611529608,0.459625025929711,0.468613226554834,0.481225438850169,0.491229408578026,0.504034619104413,0.521728324190491,0.549681167607099,0.600126448269115,0.702107555658283,0.802602629656656,1
