1,0.881381558256454,0.84543351995805,0.823804953234771,0.805834234320866,0.794036409926645,0.782877231399211,0.76776937507063,0.753192211915597,0.742509363912764,0.731072981398687,0.719316589746854,0.705167902581465,0.69221426722267,0.679689713099856,0.668697169890687,0.659850683746136,0.652676888280152,0.641575754156955,0.632660654798556,0.62070042676666,0.606012382324023,0.593122465985844,0.577632444293174,0.565293548322149,0.552608046814051,0.533950530368794,0.5097083010877,0.481418692072419,0.420524723730501,0.198910020978371,0.0135297790527967
0.881381558256454,1,0.979165431206272,0.965027629249531,0.951812317892935,0.942424758078926,0.934647893702129,0.926517071111973,0.917385461135748,0.907356372687686,0.897342479369359,0.888476977766868,0.877754060259941,0.867485385000581,0.857228428142716,0.847516937672897,0.840542575591026,0.833459440485558,0.824411284184268,0.814974115163602,0.804294012799945,0.791137850096907,0.779872025350912,0.766910459062804,0.754446275757879,0.74260277541021,0.724858731187637,0.703586024146541,0.671535167573756,0.601223493908752,0.298654667107036,0.0830713830409272
0.84543351995805,0.979165431206272,1,0.990595550471604,0.980348863006552,0.972212923795514,0.964637484622683,0.958102694204445,0.95034738170681,0.941745006464169,0.933622380170487,0.926196103089573,0.916808056130971,0.908208778046701,0.899250905280895,0.890982445380177,0.885232305350785,0.878789205480118,0.870369826298064,0.861904236707922,0.851590387420163,0.840113187912981,0.829932341227911,0.818378449159696,0.807406013179503,0.796791823701501,0.779541177006066,0.759929957955124,0.727617341754211,0.659453707912153,0.331811479389764,0.10333178886324
0.823804953234771,0.965027629249531,0.990595550471604,1,0.992633435429618,0.986121558731908,0.980161587801013,0.974847561680823,0.967964122456229,0.959844546484977,0.95251575737978,0.945689019284083,0.937073361589801,0.929086627083041,0.92082964617621,0.913252002855069,0.90788249661911,0.901548571872762,0.893886672680743,0.886027095230813,0.87677288576516,0.866262158192656,0.856877728995048,0.846148790600562,0.836288917526965,0.827202325604537,0.810803805140961,0.793037575290448,0.761337664878366,0.697072156677691,0.356322666300645,0.127107471973915
0.805834234320866,0.951812317892935,0.980348863006552,0.992633435429618,1,0.995463179504946,0.990301997845191,0.985913174558127,0.979882767322242,0.973398899200023,0.967050851405758,0.960961574454557,0.953275721776408,0.945770580489442,0.938319578726479,0.931498048120394,0.925998265727258,0.919968397982074,0.912793556770241,0.905434365219306,0.89730047421401,0.88757962516778,0.878715173222131,0.867996957699268,0.858278888437539,0.850011781984084,0.834831284670468,0.817943780836106,0.786496638417043,0.724541231133018,0.367768979926852,0.138486948390454
0.794036409926645,0.942424758078926,0.972212923795514,0.986121558731908,0.995463179504946,1,0.996536913036659,0.992660131668738,0.987354091567794,0.981648780343395,0.976168360008256,0.970574895889626,0.963676539617496,0.956918055486744,0.949909876149795,0.943754694561735,0.938596681684801,0.933162030465685,0.926612732470545,0.919847828092801,0.912087664504818,0.902958502074346,0.894810877108158,0.884865950170439,0.876111974638909,0.868231469199647,0.853368897118569,0.836400360936173,0.806031793057184,0.745118980321224,0.380092499124437,0.151944003298583
0.782877231399211,0.934647893702129,0.964637484622683,0.980161587801013,0.990301997845191,0.996536913036659,1,0.997090634937941,0.992720224622519,0.987584197102631,0.983037917719972,0.977785315731529,0.971362527101611,0.965139779619474,0.958363158178503,0.952696073406656,0.947599729404825,0.942856610155167,0.936888096525234,0.930308372687326,0.923488975176319,0.914863797636616,0.907169090722086,0.898063702888677,0.889910176508144,0.882455656948515,0.868466588413607,0.851687205884703,0.822454920409142,0.762406159792592,0.392876327355493,0.163881590663171
0.76776937507063,0.926517071111973,0.958102694204445,0.974847561680823,0.985913174558127,0.992660131668738,0.997090634937941,1,0.996706242361558,0.992629040058361,0.988774372364984,0.984270925863328,0.978526103346152,0.972924708070191,0.966648093152308,0.961593843672258,0.956711100244903,0.952353484733004,0.946568380865979,0.940513466569331,0.934139791473009,0.925742128821998,0.918168306612216,0.909654445836924,0.902191418563476,0.894990704913391,0.882190365639251,0.866443658578447,0.838324071351515,0.780384985484874,0.411194015857504,0.182093595036513
0.753192211915597,0.917385461135748,0.95034738170681,0.967964122456229,0.979882767322242,0.987354091567794,0.992720224622519,0.996706242361558,1,0.997376596506126,0.994285118296056,0.990496420444387,0.985901203707757,0.981089817699041,0.975481959964788,0.970800536996783,0.966066420734637,0.96180426350132,0.956736953928601,0.951177211004295,0.945351635019641,0.937699604782358,0.930789008977567,0.923000509652294,0.916229411498139,0.908859666339781,0.896779768901372,0.881934109124857,0.854921077943929,0.79805442410017,0.4235509270152,0.196975293789201
0.742509363912764,0.907356372687686,0.941745006464169,0.959844546484977,0.973398899200023,0.981648780343395,0.987584197102631,0.992629040058361,0.997376596506126,1,0.997772851675539,0.994643874582753,0.990710078247152,0.986505075181349,0.981580464117061,0.977344873776592,0.972859061484207,0.968660666620792,0.964016836266899,0.9588623833957,0.953344404482604,0.946229125247685,0.939763916054792,0.932573168882065,0.926438384733202,0.919455669735661,0.907707004043968,0.893212466845871,0.867283246150821,0.811779288251897,0.433849598823306,0.207010312720834
0.731072981398687,0.897342479369359,0.933622380170487,0.95251575737978,0.967050851405758,0.976168360008256,0.983037917719972,0.988774372364984,0.994285118296056,0.997772851675539,1,0.997911408712838,0.994620316716992,0.991114790658587,0.986806324020012,0.983040426174935,0.978683500039987,0.974811738396811,0.970554280196484,0.965680820395597,0.960635417799653,0.953919012586269,0.947780931996624,0.94087915952479,0.935011183494243,0.928458971463264,0.91680542895938,0.903088067435062,0.877967601263284,0.823515562205934,0.442696138936666,0.213817062930965
0.719316589746854,0.888476977766868,0.926196103089573,0.945689019284083,0.960961574454557,0.970574895889626,0.977785315731529,0.984270925863328,0.990496420444387,0.994643874582753,0.997911408712838,1,0.997755758481522,0.995020487249383,0.991550735659516,0.988151866742516,0.984080595396177,0.980475338699745,0.976447596311817,0.972028938512981,0.967343841894684,0.960870339836196,0.955166409119154,0.948641110915385,0.943095252217111,0.936724583325543,0.925886126691882,0.913082620367736,0.888580378826204,0.835048325286541,0.453544573145298,0.221821797158738
0.705167902581465,0.877754060259941,0.916808056130971,0.937073361589801,0.953275721776408,0.963676539617496,0.971362527101611,0.978526103346152,0.985901203707757,0.990710078247152,0.994620316716992,0.997755758481522,1,0.998186105053883,0.995572778426339,0.992629430707372,0.989106428567049,0.985936696186461,0.982294647582417,0.978384769038993,0.974203917864974,0.968169322859006,0.962773057834236,0.956698356476822,0.951410929811865,0.945494379302266,0.93540852325093,0.923404337035425,0.899718007317946,0.847125492166829,0.465852408380722,0.229389381637087
0.69221426722267,0.867485385000581,0.908208778046701,0.929086627083041,0.945770580489442,0.956918055486744,0.965139779619474,0.972924708070191,0.981089817699041,0.986505075181349,0.991114790658587,0.995020487249383,0.998186105053883,1,0.998256053948857,0.995871102753232,0.99276445357414,0.989990220934111,0.986700596213925,0.983115042257015,0.979411769671375,0.973827431702536,0.968955724606726,0.963501902118939,0.958530800734103,0.952756409725077,0.943122221082827,0.931554131116231,0.908997291730769,0.856660588925295,0.472656082328198,0.236561877462486
0.679689713099856,0.857228428142716,0.899250905280895,0.92082964617621,0.938319578726479,0.949909876149795,0.958363158178503,0.966648093152308,0.975481959964788,0.981580464117061,0.986806324020012,0.991550735659516,0.995572778426339,0.998256053948857,1,0.998544939981157,0.995988544647234,0.993524676694655,0.990689842501522,0.987689737682357,0.984476048852254,0.979345868693463,0.974966300867433,0.969992714982861,0.965215625912358,0.959595486432928,0.950385912580739,0.939491138850141,0.917649455250585,0.866414153011342,0.481412326374122,0.245485058925497
0.668697169890687,0.847516937672897,0.890982445380177,0.913252002855069,0.931498048120394,0.943754694561735,0.952696073406656,0.961593843672258,0.970800536996783,0.977344873776592,0.983040426174935,0.988151866742516,0.992629430707372,0.995871102753232,0.998544939981157,1,0.998332846246159,0.996242222338123,0.993761283752668,0.990966255086553,0.988112021425635,0.983546667643076,0.979239839992525,0.974661653560724,0.970199850098645,0.964994870710346,0.956376855086588,0.945806305907817,0.924211343710169,0.873723553964597,0.486414708673083,0.252047100112538
0.659850683746136,0.840542575591026,0.885232305350785,0.90788249661911,0.925998265727258,0.938596681684801,0.947599729404825,0.956711100244903,0.966066420734637,0.972859061484207,0.978683500039987,0.984080595396177,0.989106428567049,0.99276445357414,0.995988544647234,0.998332846246159,1,0.998489183132188,0.996491897782741,0.993830143420439,0.991153957191694,0.986832948691143,0.982845718471577,0.978658379203643,0.974146846137816,0.969227027356347,0.961256929892748,0.950986502270012,0.929877187148058,0.879909943998952,0.49525532245712,0.2603564835994
0.652676888280152,0.833459440485558,0.878789205480118,0.901548571872762,0.919968397982074,0.933162030465685,0.942856610155167,0.952353484733004,0.96180426350132,0.968660666620792,0.974811738396811,0.980475338699745,0.985936696186461,0.989990220934111,0.993524676694655,0.996242222338123,0.998489183132188,1,0.99849478298596,0.996247172159648,0.993728928190332,0.989767819156652,0.986064632366698,0.981978758568343,0.977391795290341,0.972647962680753,0.964988042670357,0.955022696727472,0.934507463851283,0.884564983120377,0.501169626415855,0.265310967970754
0.641575754156955,0.824411284184268,0.870369826298064,0.893886672680743,0.912793556770241,0.926612732470545,0.936888096525234,0.946568380865979,0.956736953928601,0.964016836266899,0.970554280196484,0.976447596311817,0.982294647582417,0.986700596213925,0.990689842501522,0.993761283752668,0.996491897782741,0.99849478298596,1,0.998487774370347,0.996385388525688,0.993041930306852,0.989690893680617,0.985910249698053,0.981168004451391,0.976493290818551,0.968956072342212,0.959606267646855,0.939320504995448,0.889723729461501,0.502646958003136,0.271459957085935
0.632660654798556,0.814974115163602,0.861904236707922,0.886027095230813,0.905434365219306,0.919847828092801,0.930308372687326,0.940513466569331,0.951177211004295,0.9588623833957,0.965680820395597,0.972028938512981,0.978384769038993,0.983115042257015,0.987689737682357,0.990966255086553,0.993830143420439,0.996247172159648,0.998487774370347,1,0.998321746905245,0.995463179703418,0.992295735487869,0.988782761255398,0.98444039844573,0.980157685364052,0.973135946139616,0.964112198836518,0.944325041651635,0.895613407781533,0.507662118494643,0.277830606670033
0.62070042676666,0.804294012799945,0.851590387420163,0.87677288576516,0.89730047421401,0.912087664504818,0.923488975176319,0.934139791473009,0.945351635019641,0.953344404482604,0.960635417799653,0.967343841894684,0.974203917864974,0.979411769671375,0.984476048852254,0.988112021425635,0.991153957191694,0.993728928190332,0.996385388525688,0.998321746905245,1,0.998003001769749,0.995303089774896,0.992389842173323,0.988329165791594,0.984173432511786,0.977606799661988,0.969182147971944,0.950924070566122,0.902970448587469,0.518843569686561,0.289025193690848
0.606012382324023,0.791137850096907,0.840113187912981,0.866262158192656,0.88757962516778,0.902958502074346,0.914863797636616,0.925742128821998,0.937699604782358,0.946229125247685,0.953919012586269,0.960870339836196,0.968169322859006,0.973827431702536,0.979345868693463,0.983546667643076,0.986832948691143,0.989767819156652,0.993041930306852,0.995463179703418,0.998003001769749,1,0.998026142015325,0.99530741460168,0.991339755665234,0.987554193281834,0.981484701074518,0.973500352941938,0.95549307294776,0.908462237377332,0.521206528996609,0.291622604273812
0.593122465985844,0.779872025350912,0.829932341227911,0.856877728995048,0.878715173222131,0.894810877108158,0.907169090722086,0.918168306612216,0.930789008977567,0.939763916054792,0.947780931996624,0.955166409119154,0.962773057834236,0.968955724606726,0.974966300867433,0.979239839992525,0.982845718471577,0.986064632366698,0.989690893680617,0.992295735487869,0.995303089774896,0.998026142015325,1,0.997794742728334,0.994140795100596,0.990911368699343,0.985295499027456,0.977751238078313,0.960845298359216,0.915891334057798,0.526915125472486,0.299688067466893
0.577632444293174,0.766910459062804,0.818378449159696,0.846148790600562,0.867996957699268,0.884865950170439,0.898063702888677,0.909654445836924,0.923000509652294,0.932573168882065,0.94087915952479,0.948641110915385,0.956698356476822,0.963501902118939,0.969992714982861,0.974661653560724,0.978658379203643,0.981978758568343,0.985910249698053,0.988782761255398,0.992389842173323,0.99530741460168,0.997794742728334,1,0.997188312780141,0.994129154856736,0.98909808680863,0.981808194083449,0.966207634311266,0.921495036423303,0.53563813238406,0.310240656679814
0.565293548322149,0.754446275757879,0.807406013179503,0.836288917526965,0.858278888437539,0.876111974638909,0.889910176508144,0.902191418563476,0.916229411498139,0.926438384733202,0.935011183494243,0.943095252217111,0.951410929811865,0.958530800734103,0.965215625912358,0.970199850098645,0.974146846137816,0.977391795290341,0.981168004451391,0.98444039844573,0.988329165791594,0.991339755665234,0.994140795100596,0.997188312780141,1,0.997494210065023,0.992623548871589,0.985602892905277,0.971164383270699,0.927413169756142,0.544087884443808,0.321139388237384
0.552608046814051,0.74260277541021,0.796791823701501,0.827202325604537,0.850011781984084,0.868231469199647,0.882455656948515,0.894990704913391,0.908859666339781,0.919455669735661,0.928458971463264,0.936724583325543,0.945494379302266,0.952756409725077,0.959595486432928,0.964994870710346,0.969227027356347,0.972647962680753,0.976493290818551,0.980157685364052,0.984173432511786,0.987554193281834,0.990911368699343,0.994129154856736,0.997494210065023,1,0.995607001120073,0.989050108246122,0.974974849263273,0.931952046963928,0.54910472905068,0.329850326717879
0.533950530368794,0.724858731187637,0.779541177006066,0.810803805140961,0.834831284670468,0.853368897118569,0.868466588413607,0.882190365639251,0.896779768901372,0.907707004043968,0.91680542895938,0.925886126691882,0.93540852325093,0.943122221082827,0.950385912580739,0.956376855086588,0.961256929892748,0.964988042670357,0.968956072342212,0.973135946139616,0.977606799661988,0.981484701074518,0.985295499027456,0.98909808680863,0.992623548871589,0.995607001120073,1,0.994659733314322,0.983190582794999,0.943254818302037,0.57461203736981,0.353009710324401
0.5097083010877,0.703586024146541,0.759929957955124,0.793037575290448,0.817943780836106,0.836400360936173,0.851687205884703,0.866443658578447,0.881934109124857,0.893212466845871,0.903088067435062,0.913082620367736,0.923404337035425,0.931554131116231,0.939491138850141,0.945806305907817,0.950986502270012,0.955022696727472,0.959606267646855,0.964112198836518,0.969182147971944,0.973500352941938,0.977751238078313,0.981808194083449,0.985602892905277,0.989050108246122,0.994659733314322,1,0.990815070818418,0.956923527878674,0.590901760703976,0.377987704366988
0.481418692072419,0.671535167573756,0.727617341754211,0.761337664878366,0.786496638417043,0.806031793057184,0.822454920409142,0.838324071351515,0.854921077943929,0.867283246150821,0.877967601263284,0.888580378826204,0.899718007317946,0.908997291730769,0.917649455250585,0.924211343710169,0.929877187148058,0.934507463851283,0.939320504995448,0.944325041651635,0.950924070566122,0.95549307294776,0.960845298359216,0.966207634311266,0.971164383270699,0.974974849263273,0.983190582794999,0.990815070818418,1,0.974008013806244,0.650460616564956,0.422951935744023
0.420524723730501,0.601223493908752,0.659453707912153,0.697072156677691,0.724541231133018,0.745118980321224,0.762406159792592,0.780384985484874,0.79805442410017,0.811779288251897,0.823515562205934,0.835048325286541,0.847125492166829,0.856660588925295,0.866414153011342,0.873723553964597,0.879909943998952,0.884564983120377,0.889723729461501,0.895613407781533,0.902970448587469,0.908462237377332,0.915891334057798,0.921495036423303,0.927413169756142,0.931952046963928,0.943254818302037,0.956923527878674,0.974008013806244,1,0.683296536623918,0.480641953514653
0.198910020978371,0.298654667107036,0.331811479389764,0.356322666300645,0.367768979926852,0.380092499124437,0.392876327355493,0.411194015857504,0.4235509270152,0.433849598823306,0.442696138936666,0.453544573145298,0.465852408380722,0.472656082328198,0.481412326374122,0.486414708673083,0.49525532245712,0.501169626415855,0.502646958003136,0.507662118494643,0.518843569686561,0.521206528996609,0.526915125472486,0.53563813238406,0.544087884443808,0.54910472905068,0.57461203736981,0.590901760703976,0.650460616564956,0.683296536623918,1,0.635739631829828
0.0135297790527967,0.0830713830409272,0.10333178886324,0.127107471973915,0.138486948390454,0.151944003298583,0.163881590663171,0.182093595036513,0.196975293789201,0.207010312720834,0.213817062930965,0.221821797158738,0.229389381637087,0.236561877462486,0.245485058925497,0.252047100112538,0.2603564835994,0.265310967970754,0.271459957085935,0.277830606670033,0.289025193690848,0.291622604273812,0.299688067466893,0.310240656679814,0.321139388237384,0.329850326717879,0.353009710324401,0.377987704366988,0.422951935744023,0.480641953514653,0.635739631829828,1
