1,0.851163483304648,0.728207615649335,0.665658051743458,0.645356009715566,0.630029550810331,0.624204162149356,0.615043365365206,0.602328540735195,0.59779272627855,0.592586446105009,0.581174847378187,0.56933696049409,0.556470201081839,0.538487585754505,0.533445147332795,0.524504549395983,0.5094537657809,0.503980230157332,0.496088948757214,0.493327184275203,0.486445123451801,0.474713233071731,0.474009775339957,0.4646360679754,0.443235739250349,0.430471465464353,0.411265248472887,0.379015097219707,0.354889939090609,0.315555730389337,0.219053316259877
0.851163483304648,1,0.962285980666521,0.870653385213533,0.840954846566235,0.811076791766859,0.787890881509144,0.779778762260638,0.762830206732214,0.749169268954603,0.742513739823783,0.729771582636943,0.71628861010639,0.701523755419951,0.680410205890534,0.676540468374629,0.665596941351701,0.644849669261496,0.63778003737801,0.625832375024117,0.616920434979118,0.607919646407775,0.593155288300141,0.587071791174999,0.578737102740415,0.560006526160571,0.545066059696922,0.521494716971887,0.480861037816747,0.437991136573117,0.356964908120779,0.225381115939791
0.728207615649335,0.962285980666521,1,0.961143818206113,0.925000669422495,0.887172560655274,0.855488054875219,0.846346493787552,0.827374582684514,0.811503465730603,0.803481549629987,0.788787603820857,0.772898678742838,0.758302626374997,0.737908804628022,0.732062403818173,0.720852344698545,0.701192130984777,0.691921602783509,0.676672491655875,0.664058710587974,0.654243075267193,0.63810235324173,0.627122247673953,0.616817831001502,0.597307570576369,0.585196533790787,0.559532422567985,0.512007406984191,0.461170086638908,0.371665085358882,0.23278423756715
0.665658051743458,0.870653385213533,0.961143818206113,1,0.968245594065166,0.930083995699338,0.894229636595761,0.882922634894868,0.862512281772894,0.847133063538963,0.837742557552589,0.820775095206475,0.802239999078343,0.787972021591855,0.768798909707734,0.759840257255272,0.748733365261417,0.732096987245605,0.720278212063181,0.702152730447458,0.687373796261861,0.677103924309309,0.660100393978725,0.645574330876492,0.6320190486566,0.60944743275652,0.601228039090527,0.574368840158506,0.52117264562028,0.468190609427935,0.383149127930323,0.245543695657574
0.645356009715566,0.840954846566235,0.925000669422495,0.968245594065166,1,0.988212011144532,0.945706209285307,0.933364976015885,0.910259509679974,0.890646894308386,0.880291641779486,0.862811236950716,0.844272874355178,0.827619392034492,0.804729421339648,0.795974645023212,0.783615960437754,0.764206650112462,0.750080683204978,0.729977223131197,0.714256535340585,0.702870933057077,0.685023402534528,0.672353079802934,0.658444767399802,0.633847260012686,0.62396164979418,0.597695481185228,0.54627895425618,0.495798459230537,0.396604011885309,0.244162281421691
0.630029550810331,0.811076791766859,0.887172560655274,0.930083995699338,0.988212011144532,1,0.978063903325687,0.964217214942228,0.938837103523722,0.916835556728296,0.905891142774121,0.887991349143192,0.869135628403626,0.851132491157967,0.826262303922115,0.817368164116278,0.804431398868021,0.783939798807963,0.76792926692166,0.746526265535109,0.730941811005934,0.719296141270042,0.70121039040989,0.689805653417145,0.675230453928603,0.648646402160821,0.638554743291077,0.613397420386457,0.563594684710994,0.512330485634308,0.403693580210009,0.242718329712498
0.624204162149356,0.787890881509144,0.855488054875219,0.894229636595761,0.945706209285307,0.978063903325687,1,0.984168772004973,0.956755838359415,0.933891611651556,0.92262328134561,0.904264103649996,0.884681580669254,0.866143973836862,0.840692425679114,0.831293423965213,0.818291640078123,0.798084867206653,0.780493099879812,0.758263735257773,0.74364645211158,0.732415474604657,0.7144971603528,0.703718621073387,0.688108548784953,0.659426928993775,0.650347407462555,0.626536628849909,0.577786582533226,0.522478649170921,0.407994247469776,0.243070058639279
0.615043365365206,0.779778762260638,0.846346493787552,0.882922634894868,0.933364976015885,0.964217214942228,0.984168772004973,1,0.991938997274472,0.968577222872512,0.957063433258374,0.938558935517742,0.920057204788044,0.90078446196198,0.873394556755358,0.863348010889389,0.849950335464687,0.829437939128529,0.811175865514289,0.788156266050651,0.773228194637258,0.761279428143577,0.742884901870325,0.734750976675971,0.721921231784829,0.695352749225514,0.687404968760806,0.664334281859311,0.614869607959592,0.553684346261047,0.430632494471444,0.255982668584086
0.602328540735195,0.762830206732214,0.827374582684514,0.862512281772894,0.910259509679974,0.938837103523722,0.956755838359415,0.991938997274472,1,0.986861106165337,0.976353762087075,0.956938508453615,0.93850540674752,0.918732472537918,0.890390591739662,0.879782937209076,0.865718887398683,0.844385043381147,0.825881886842332,0.802579622303143,0.787520915699111,0.775841199404834,0.757744319419556,0.750443537637461,0.739322593779502,0.714551077898224,0.706984297491375,0.684170029750931,0.634288949893548,0.568577931961769,0.440282724884041,0.261008411482492
0.59779272627855,0.749169268954603,0.811503465730603,0.847133063538963,0.890646894308386,0.916835556728296,0.933891611651556,0.968577222872512,0.986861106165337,1,0.992185034871606,0.970269788062087,0.949886192162217,0.92957255923088,0.90126441895067,0.890024613104548,0.874596839527082,0.851212360807405,0.832729901133826,0.80944086787264,0.794231192264615,0.784116933156983,0.767131378035667,0.757602528425679,0.746136901423386,0.721981903736306,0.713438812710684,0.68962562576059,0.638751727711525,0.569410636549914,0.438530364909819,0.258981695726693
0.592586446105009,0.742513739823783,0.803481549629987,0.837742557552589,0.880291641779486,0.905891142774121,0.92262328134561,0.957063433258374,0.976353762087075,0.992185034871606,1,0.992232250821125,0.97101009898775,0.950927544321289,0.923084125195921,0.910976029732868,0.894135546334413,0.868776049960898,0.850724799934536,0.827764580660943,0.812773093595116,0.802522855109757,0.785190081941251,0.775882468510995,0.764529758519024,0.740097590086214,0.729986550110634,0.705417611661526,0.654183066352572,0.58577599001628,0.454256762065365,0.270177140827769
0.581174847378187,0.729771582636943,0.788787603820857,0.820775095206475,0.862811236950716,0.887991349143192,0.904264103649996,0.938558935517742,0.956938508453615,0.970269788062087,0.992232250821125,1,0.985444069424695,0.96816956967762,0.9408377704805,0.928156949075007,0.910312265206256,0.883494261167553,0.866535264741905,0.844269040369623,0.829306967219887,0.818392708632595,0.800306423238524,0.791517337583166,0.780521190840096,0.756047768546406,0.744381872565854,0.719101095073859,0.66762407948996,0.600417135804134,0.467835464317522,0.279310231919295
0.56933696049409,0.71628861010639,0.772898678742838,0.802239999078343,0.844272874355178,0.869135628403626,0.884681580669254,0.920057204788044,0.93850540674752,0.949886192162217,0.97101009898775,0.985444069424695,1,0.99252337674653,0.964643908914754,0.95219499033954,0.934275727476884,0.90696684051379,0.892310974539703,0.870934586095211,0.854657425303784,0.842306757567014,0.822706861403907,0.813331512730307,0.80277880015129,0.778915173028101,0.765976269666496,0.739253201103273,0.685903063704442,0.615298072816392,0.474906650547628,0.279915550731706
0.556470201081839,0.701523755419951,0.758302626374997,0.787972021591855,0.827619392034492,0.851132491157967,0.866143973836862,0.90078446196198,0.918732472537918,0.92957255923088,0.950927544321289,0.96816956967762,0.99252337674653,1,0.98833128309405,0.975221409703422,0.956701834050482,0.928758041031354,0.91391643286574,0.891934197224043,0.874708161286797,0.861156109536709,0.840252528385219,0.83030453257684,0.81961899954346,0.795608350264406,0.783288968799538,0.757538116536794,0.704809192413544,0.629461351052721,0.489187569661489,0.292719762579874
0.538487585754505,0.680410205890534,0.737908804628022,0.768798909707734,0.804729421339648,0.826262303922115,0.840692425679114,0.873394556755358,0.890390591739662,0.90126441895067,0.923084125195921,0.9408377704805,0.964643908914754,0.98833128309405,1,0.987936751323228,0.969714702327215,0.941270952168215,0.925191511219113,0.902095208662776,0.884258051677206,0.869842792692038,0.848012076551629,0.837507347614353,0.826373820183019,0.801913468341977,0.791105226471925,0.767661331970497,0.717251219976875,0.637818563144285,0.502762237731726,0.308720674855889
0.533445147332795,0.676540468374629,0.732062403818173,0.759840257255272,0.795974645023212,0.817368164116278,0.831293423965213,0.863348010889389,0.879782937209076,0.890024613104548,0.910976029732868,0.928156949075007,0.95219499033954,0.975221409703422,0.987936751323228,1,0.993241800163902,0.963540997801116,0.947548573954717,0.92407966021371,0.905358548801494,0.891031307760577,0.868976615120313,0.856924190803887,0.844026061982585,0.817499898601017,0.805501634991036,0.781979883259998,0.732063805714566,0.655743762898928,0.520034248871874,0.32032268486279
0.524504549395983,0.665596941351701,0.720852344698545,0.748733365261417,0.783615960437754,0.804431398868021,0.818291640078123,0.849950335464687,0.865718887398683,0.874596839527082,0.894135546334413,0.910312265206256,0.934275727476884,0.956701834050482,0.969714702327215,0.993241800163902,1,0.985155648619557,0.969967548502632,0.945952565013509,0.9268974584008,0.912556196229506,0.89009235717949,0.876756235513928,0.862579416273055,0.834534625426832,0.820067696601818,0.794205435743193,0.742130507037893,0.670377202942983,0.533027743918908,0.327240298279565
0.5094537657809,0.644849669261496,0.701192130984777,0.732096987245605,0.764206650112462,0.783939798807963,0.798084867206653,0.829437939128529,0.844385043381147,0.851212360807405,0.868776049960898,0.883494261167553,0.90696684051379,0.928758041031354,0.941270952168215,0.963540997801116,0.985155648619557,1,0.986347093136354,0.961770892809856,0.943022505865609,0.928646135231649,0.905732680506767,0.891491235437323,0.876630377594105,0.847803863316877,0.829829871887483,0.79970311211653,0.743303144756287,0.677687536739327,0.538552319708924,0.327652184268
0.503980230157332,0.63778003737801,0.691921602783509,0.720278212063181,0.750080683204978,0.76792926692166,0.780493099879812,0.811175865514289,0.825881886842332,0.832729901133826,0.850724799934536,0.866535264741905,0.892310974539703,0.91391643286574,0.925191511219113,0.947548573954717,0.969967548502632,0.986347093136354,1,0.992712868984103,0.971667632136364,0.955394779047049,0.930844339550493,0.91679390149598,0.900222762532623,0.868312337872728,0.847123336594448,0.813915535231534,0.754694120786369,0.682823473491678,0.546114726554496,0.337487323304697
0.496088948757214,0.625832375024117,0.676672491655875,0.702152730447458,0.729977223131197,0.746526265535109,0.758263735257773,0.788156266050651,0.802579622303143,0.80944086787264,0.827764580660943,0.844269040369623,0.870934586095211,0.891934197224043,0.902095208662776,0.92407966021371,0.945952565013509,0.961770892809856,0.992712868984103,1,0.98697224005317,0.971698011298297,0.946168817648443,0.932387277546374,0.914489768786432,0.880201279655952,0.857874290411114,0.822904514829895,0.761456429145838,0.686655314480716,0.549002825812439,0.33996044366161
0.493327184275203,0.616920434979118,0.664058710587974,0.687373796261861,0.714256535340585,0.730941811005934,0.74364645211158,0.773228194637258,0.787520915699111,0.794231192264615,0.812773093595116,0.829306967219887,0.854657425303784,0.874708161286797,0.884258051677206,0.905358548801494,0.9268974584008,0.943022505865609,0.971667632136364,0.98697224005317,1,0.990649797470554,0.964841351333158,0.951006752371647,0.932145165139438,0.896177276312544,0.875687120894882,0.840200213335128,0.775881805363654,0.703891924239829,0.555835452575299,0.336062487240095
0.486445123451801,0.607919646407775,0.654243075267193,0.677103924309309,0.702870933057077,0.719296141270042,0.732415474604657,0.761279428143577,0.775841199404834,0.784116933156983,0.802522855109757,0.818392708632595,0.842306757567014,0.861156109536709,0.869842792692038,0.891031307760577,0.912556196229506,0.928646135231649,0.955394779047049,0.971698011298297,0.990649797470554,1,0.991124219602423,0.974803157668566,0.954136017489451,0.916510693532379,0.895979342764936,0.857480054412607,0.787699458118506,0.716859396733908,0.562481209183036,0.335648608330193
0.474713233071731,0.593155288300141,0.63810235324173,0.660100393978725,0.685023402534528,0.70121039040989,0.7144971603528,0.742884901870325,0.757744319419556,0.767131378035667,0.785190081941251,0.800306423238524,0.822706861403907,0.840252528385219,0.848012076551629,0.868976615120313,0.89009235717949,0.905732680506767,0.930844339550493,0.946168817648443,0.964841351333158,0.991124219602423,1,0.986402390684947,0.966338215041373,0.927869221626097,0.906545832553471,0.865259032967095,0.791276368332171,0.720583787239033,0.562788156149585,0.333028903513622
0.474009775339957,0.587071791174999,0.627122247673953,0.645574330876492,0.672353079802934,0.689805653417145,0.703718621073387,0.734750976675971,0.750443537637461,0.757602528425679,0.775882468510995,0.791517337583166,0.813331512730307,0.83030453257684,0.837507347614353,0.856924190803887,0.876756235513928,0.891491235437323,0.91679390149598,0.932387277546374,0.951006752371647,0.974803157668566,0.986402390684947,1,0.990594386013685,0.9522850556875,0.928004766021811,0.885169194167752,0.810560641232067,0.733760187119568,0.569859263557908,0.335993393452336
0.4646360679754,0.578737102740415,0.616817831001502,0.6320190486566,0.658444767399802,0.675230453928603,0.688108548784953,0.721921231784829,0.739322593779502,0.746136901423386,0.764529758519024,0.780521190840096,0.80277880015129,0.81961899954346,0.826373820183019,0.844026061982585,0.862579416273055,0.876630377594105,0.900222762532623,0.914489768786432,0.932145165139438,0.954136017489451,0.966338215041373,0.990594386013685,1,0.98358050120758,0.957826590538155,0.913623711497879,0.83721707186711,0.753092849978943,0.577338804370182,0.335265260058842
0.443235739250349,0.560006526160571,0.597307570576369,0.60944743275652,0.633847260012686,0.648646402160821,0.659426928993775,0.695352749225514,0.714551077898224,0.721981903736306,0.740097590086214,0.756047768546406,0.778915173028101,0.795608350264406,0.801913468341977,0.817499898601017,0.834534625426832,0.847803863316877,0.868312337872728,0.880201279655952,0.896177276312544,0.916510693532379,0.927869221626097,0.9522850556875,0.98358050120758,1,0.974698452481511,0.93033658478041,0.852840925455993,0.762513052486205,0.575322955384587,0.327201685208052
0.430471465464353,0.545066059696922,0.585196533790787,0.601228039090527,0.62396164979418,0.638554743291077,0.650347407462555,0.687404968760806,0.706984297491375,0.713438812710684,0.729986550110634,0.744381872565854,0.765976269666496,0.783288968799538,0.791105226471925,0.805501634991036,0.820067696601818,0.829829871887483,0.847123336594448,0.857874290411114,0.875687120894882,0.895979342764936,0.906545832553471,0.928004766021811,0.957826590538155,0.974698452481511,1,0.980804035816263,0.901437521327004,0.801580732227449,0.605981848739343,0.347675420361553
0.411265248472887,0.521494716971887,0.559532422567985,0.574368840158506,0.597695481185228,0.613397420386457,0.626536628849909,0.664334281859311,0.684170029750931,0.68962562576059,0.705417611661526,0.719101095073859,0.739253201103273,0.757538116536794,0.767661331970497,0.781979883259998,0.794205435743193,0.79970311211653,0.813915535231534,0.822904514829895,0.840200213335128,0.857480054412607,0.865259032967095,0.885169194167752,0.913623711497879,0.93033658478041,0.980804035816263,1,0.963153745504401,0.857173437350433,0.642527270617619,0.365181373240868
0.379015097219707,0.480861037816747,0.512007406984191,0.52117264562028,0.54627895425618,0.563594684710994,0.577786582533226,0.614869607959592,0.634288949893548,0.638751727711525,0.654183066352572,0.66762407948996,0.685903063704442,0.704809192413544,0.717251219976875,0.732063805714566,0.742130507037893,0.743303144756287,0.754694120786369,0.761456429145838,0.775881805363654,0.787699458118506,0.791276368332171,0.810560641232067,0.83721707186711,0.852840925455993,0.901437521327004,0.963153745504401,1,0.894605766049664,0.660851237477964,0.36756446650614
0.354889939090609,0.437991136573117,0.461170086638908,0.468190609427935,0.495798459230537,0.512330485634308,0.522478649170921,0.553684346261047,0.568577931961769,0.569410636549914,0.58577599001628,0.600417135804134,0.615298072816392,0.629461351052721,0.637818563144285,0.655743762898928,0.670377202942983,0.677687536739327,0.682823473491678,0.686655314480716,0.703891924239829,0.716859396733908,0.720583787239033,0.733760187119568,0.753092849978943,0.762513052486205,0.801580732227449,0.857173437350433,0.894605766049664,1,0.796281453025625,0.416586202470431
0.315555730389337,0.356964908120779,0.371665085358882,0.383149127930323,0.396604011885309,0.403693580210009,0.407994247469776,0.430632494471444,0.440282724884041,0.438530364909819,0.454256762065365,0.467835464317522,0.474906650547628,0.489187569661489,0.502762237731726,0.520034248871874,0.533027743918908,0.538552319708924,0.546114726554496,0.549002825812439,0.555835452575299,0.562481209183036,0.562788156149585,0.569859263557908,0.577338804370182,0.575322955384587,0.605981848739343,0.642527270617619,0.660851237477964,0.796281453025625,1,0.872813068466868
0.219053316259877,0.225381115939791,0.23278423756715,0.245543695657574,0.244162281421691,0.242718329712498,0.243070058639279,0.255982668584086,0.261008411482492,0.258981695726693,0.270177140827769,0.279310231919295,0.279915550731706,0.292719762579874,0.308720674855889,0.32032268486279,0.327240298279565,0.327652184268,0.337487323304697,0.33996044366161,0.336062487240095,0.335648608330193,0.333028903513622,0.335993393452336,0.335265260058842,0.327201685208052,0.347675420361553,0.365181373240868,0.36756446650614,0.416586202470431,0.872813068466868,1
