1,0.965491094591895,0.813820319876335,0.77791151216514,0.72701142924154,0.673668757215825,0.65329097300326,0.603759536184167,0.593376483845157,0.567026503977965,0.548133128609139,0.534883460614115,0.517054083124247,0.525206960990233,0.521728476028309,0.516694568135569,0.503078906660442,0.482980557932502,0.465776910785483,0.438000209545473,0.435009829700091,0.426023599453734,0.413056976223172,0.397152803473239,0.372211592549933,0.369610085370742,0.353568534227972,0.186303226593986,0.103314658377673,0.0831776863997811,0.0504085819612082,0.041788388530359
0.965491094591895,1,0.937079991077785,0.908295232641244,0.846189662864017,0.782941751684863,0.760724847053338,0.704728775055845,0.696053572519657,0.668960618878646,0.649720512990504,0.636420958587824,0.616663479824609,0.621518396499745,0.612484239866468,0.604020415711189,0.586435544542171,0.561843677920522,0.542022386856821,0.50989211143785,0.506821548337337,0.496784729258136,0.483868834433136,0.46980302894243,0.44462853620803,0.436266949420825,0.412618303638411,0.206134049534843,0.108614637076377,0.0893381372382637,0.064197636578385,0.0561447466598026
0.813820319876335,0.937079991077785,1,0.983907731798255,0.913561837100299,0.843941303847123,0.821684681382148,0.763136369078195,0.757697692176725,0.732566769231807,0.714962490596596,0.703048098400739,0.682863104713066,0.682767046212308,0.66727185019073,0.655134294727044,0.634148597841353,0.606218088308152,0.585051916926661,0.550593630827275,0.547750823702839,0.537401501670077,0.525963755622473,0.515897976326513,0.493159300637697,0.477989234836743,0.446725214335797,0.210211726192884,0.103860800733328,0.0878423575759794,0.0756728255783304,0.0692596146300251
0.77791151216514,0.908295232641244,0.983907731798255,1,0.970692987983544,0.923672545674721,0.896970496157223,0.830471927813636,0.824803030229872,0.797720238624589,0.779624833388214,0.768345420898719,0.747604271836541,0.746062374400237,0.72765636892534,0.714757561725642,0.692960657905531,0.663726085738279,0.642259009462199,0.606154022298812,0.602677479340538,0.59059256201875,0.577677630043736,0.566732233305719,0.541855317684195,0.524239649211788,0.489089282545586,0.227326807387634,0.110686122125891,0.0937407474155922,0.0827939684569698,0.0761947277641552
0.72701142924154,0.846189662864017,0.913561837100299,0.970692987983544,1,0.986751359366147,0.954992468842356,0.880603406003399,0.874249091813904,0.845166370774338,0.826785920819749,0.816547578582676,0.795904721640552,0.793341055013763,0.77282053040513,0.76003114715765,0.738560957907374,0.709248878556737,0.68842150186808,0.651847252302902,0.647595245201814,0.633652096662819,0.618939590486982,0.606482913815034,0.579183107719158,0.56012099105806,0.52236275919297,0.241402383807828,0.116697746427099,0.0985362079536603,0.0873283581819472,0.0804273666150893
0.673668757215825,0.782941751684863,0.843941303847123,0.923672545674721,0.986751359366147,1,0.981144936864941,0.91952902817892,0.912004769783551,0.880690801093911,0.86107618343221,0.850368543091776,0.828575378311505,0.824153074867041,0.801030706835648,0.788029780878154,0.766887734964166,0.737629962200399,0.717244407371105,0.680418462017535,0.67563182641549,0.66046428594296,0.644236259839368,0.630017888091977,0.600493076575732,0.58114466168964,0.54236327218191,0.255804993239839,0.126848446685325,0.105981223588169,0.088001878872375,0.0798690595124169
0.65329097300326,0.760724847053338,0.821684681382148,0.896970496157223,0.954992468842356,0.981144936864941,1,0.978150650432071,0.968524625096708,0.933488929099303,0.91046907239221,0.896579863300591,0.870903854180737,0.863379397807385,0.836189553074595,0.821932056125584,0.800130838111471,0.769805548075049,0.748593067029415,0.71021996499469,0.705112299551345,0.689145152168531,0.671280862260319,0.654493501879888,0.621982832762346,0.603269698322612,0.564244511430129,0.28047497845499,0.147752706028809,0.121310273673806,0.0867031140254466,0.0757119849280301
0.603759536184167,0.704728775055845,0.763136369078195,0.830471927813636,0.880603406003399,0.91952902817892,0.978150650432071,1,0.988863431307956,0.951667083287151,0.926097698134867,0.909342298547208,0.880530122184338,0.86995603967951,0.839488874224623,0.824460688424907,0.802849609472661,0.772624589804038,0.751388301725032,0.712925871966633,0.707661845243684,0.691471559583951,0.672584548895334,0.65375440893049,0.619400465409481,0.602192147873112,0.564557421598499,0.295497742477158,0.164185463141298,0.132841293756784,0.0817776434114948,0.0681629426934526
0.593376483845157,0.696053572519657,0.757697692176725,0.824803030229872,0.874249091813904,0.912004769783551,0.968524625096708,0.988863431307956,1,0.986777865007727,0.970767237432956,0.952420965653555,0.921370185990576,0.909100596353389,0.876011062179598,0.859902664590941,0.837274908712234,0.80550180900123,0.782694394776462,0.74196100245002,0.735075631205962,0.716771970986437,0.697138184350877,0.679429431597073,0.645423160356183,0.63046732140497,0.593731835851556,0.311292754113533,0.172917253104764,0.140866471821587,0.0890572678082183,0.0749005786273463
0.567026503977965,0.668960618878646,0.732566769231807,0.797720238624589,0.845166370774338,0.880690801093911,0.933488929099303,0.951667083287151,0.986777865007727,1,0.994805199968203,0.975191476349617,0.942489898532119,0.928684858196824,0.89357826991119,0.876701823484208,0.853540479660091,0.820886906296358,0.796946636380789,0.754772663185341,0.746296115843943,0.726154893083097,0.706205555473863,0.6901669718742,0.65740140521929,0.645277761455189,0.610452852010291,0.320602893961351,0.178043075412795,0.146035259535126,0.0947274953615381,0.0803394321237458
0.548133128609139,0.649720512990504,0.714962490596596,0.779624833388214,0.826785920819749,0.86107618343221,0.91046907239221,0.926097698134867,0.970767237432956,0.994805199968203,1,0.990498411972559,0.966369574683527,0.951956025231504,0.915700313896269,0.898306699582543,0.874545132066466,0.841099118301615,0.816685400945913,0.773583255000154,0.764208751974213,0.742778404376205,0.72218370580176,0.706401310621386,0.673442633504834,0.662978480220409,0.628941587982551,0.330721040635684,0.183671318463927,0.151589188428484,0.100532117368136,0.0858608929919197
0.534883460614115,0.636420958587824,0.703048098400739,0.768345420898719,0.816547578582676,0.850368543091776,0.896579863300591,0.909342298547208,0.952420965653555,0.975191476349617,0.990498411972559,1,0.99243043740249,0.978126385420595,0.94139287121311,0.923675794676088,0.899261256862878,0.865090041745906,0.84071470816107,0.797081364310283,0.787343444176326,0.765045113416036,0.743547403009799,0.726925813536776,0.692662439415295,0.682956594121136,0.648843057753049,0.341489735014629,0.189702590129361,0.157457546598075,0.106462302472305,0.0914675377391056
0.517054083124247,0.616663479824609,0.682863104713066,0.747604271836541,0.795904721640552,0.828575378311505,0.870903854180737,0.880530122184338,0.921370185990576,0.942489898532119,0.966369574683527,0.99243043740249,1,0.989153684304419,0.955719249997633,0.938688953224513,0.913689519360693,0.879151838748562,0.855514452059438,0.812249639450027,0.802150349593005,0.779032039140901,0.75676941107355,0.739518478805685,0.704350246102029,0.695274254921814,0.661257665894859,0.34760053514614,0.19277373354772,0.160268853564763,0.109286527996821,0.094134764889383
0.525206960990233,0.621518396499745,0.682767046212308,0.746062374400237,0.793341055013763,0.824153074867041,0.863379397807385,0.86995603967951,0.909100596353389,0.928684858196824,0.951956025231504,0.978126385420595,0.989153684304419,1,0.988578319522457,0.976523851214039,0.94912915095849,0.913203838815697,0.892085303711429,0.8504083852396,0.839095093782699,0.813463795382068,0.789352290132012,0.771260115281009,0.734490478696059,0.724251171043593,0.688127902965742,0.357070449672004,0.195521066402542,0.159159393569296,0.103061587179697,0.0873590066471123
0.521728476028309,0.612484239866468,0.66727185019073,0.72765636892534,0.77282053040513,0.801030706835648,0.836189553074595,0.839488874224623,0.876011062179598,0.89357826991119,0.915700313896269,0.94139287121311,0.955719249997633,0.988578319522457,1,0.993322725275966,0.964088164280996,0.927549225682938,0.909491344237199,0.870383485716575,0.85807970801651,0.830447997416518,0.804983207242263,0.78643587516993,0.74885231459049,0.737650306564328,0.700180109973713,0.358734824390955,0.193930850076145,0.154431951426733,0.0943505213640684,0.0784368830323162
0.516694568135569,0.604020415711189,0.655134294727044,0.714757561725642,0.76003114715765,0.788029780878154,0.821932056125584,0.824460688424907,0.859902664590941,0.876701823484208,0.898306699582543,0.923675794676088,0.938688953224513,0.976523851214039,0.993322725275966,1,0.98755043348112,0.962821204892285,0.944826885849505,0.904944823883739,0.891652256082631,0.862235497837198,0.835048053108981,0.815006456902703,0.775309387346525,0.762182834133604,0.722112560268404,0.365850790677489,0.195595411252737,0.154870469281064,0.0946579950369693,0.0787039126636325
0.503078906660442,0.586435544542171,0.634148597841353,0.692960657905531,0.738560957907374,0.766887734964166,0.800130838111471,0.802849609472661,0.837274908712234,0.853540479660091,0.874545132066466,0.899261256862878,0.913689519360693,0.94912915095849,0.964088164280996,0.98755043348112,1,0.99275570459291,0.973884156895978,0.932460165083271,0.918359155933398,0.887651239554514,0.858965508772844,0.837279133627825,0.795496847342357,0.780212072396325,0.737583674122486,0.369785034829858,0.195649227828953,0.155063726372472,0.0971928820647285,0.0815086807838701
0.482980557932502,0.561843677920522,0.606218088308152,0.663726085738279,0.709248878556737,0.737629962200399,0.769805548075049,0.772624589804038,0.80550180900123,0.820886906296358,0.841099118301615,0.865090041745906,0.879151838748562,0.913203838815697,0.927549225682938,0.962821204892285,0.99275570459291,1,0.987690288743324,0.952330512945456,0.938268770288072,0.906132345502223,0.876081826683368,0.853193457323366,0.809896833466003,0.793251588653939,0.748949518594282,0.372389124719463,0.19534652220884,0.15474797044426,0.0985177729169426,0.0830481057329468
0.465776910785483,0.542022386856821,0.585051916926661,0.642259009462199,0.68842150186808,0.717244407371105,0.748593067029415,0.751388301725032,0.782694394776462,0.796946636380789,0.816685400945913,0.84071470816107,0.855514452059438,0.892085303711429,0.909491344237199,0.944826885849505,0.973884156895978,0.987690288743324,1,0.988327024235726,0.975910158158844,0.940834167745896,0.908669470389198,0.884877876374417,0.839924834449291,0.823360400823534,0.778004037494879,0.385718007463301,0.201604815394345,0.159059981384066,0.100482667023647,0.0844883802149649
0.438000209545473,0.50989211143785,0.550593630827275,0.606154022298812,0.651847252302902,0.680418462017535,0.71021996499469,0.712925871966633,0.74196100245002,0.754772663185341,0.773583255000154,0.797081364310283,0.812249639450027,0.8504083852396,0.870383485716575,0.904944823883739,0.932460165083271,0.952330512945456,0.988327024235726,1,0.989478968568906,0.952369958391308,0.91890723950523,0.89479890733533,0.849296277393854,0.83320249760513,0.787892528761704,0.389572801098873,0.202929700915778,0.159495982793036,0.100018752444703,0.0838919696577967
0.435009829700091,0.506821548337337,0.547750823702839,0.602677479340538,0.647595245201814,0.67563182641549,0.705112299551345,0.707661845243684,0.735075631205962,0.746296115843943,0.764208751974213,0.787343444176326,0.802150349593005,0.839095093782699,0.85807970801651,0.891652256082631,0.918359155933398,0.938268770288072,0.975910158158844,0.989478968568906,1,0.986317726392833,0.964992127509263,0.93898705827904,0.890593422520297,0.872572119102742,0.824104342950207,0.405631149175813,0.210331823132959,0.166595115276064,0.108511062403068,0.0921509676337345
0.426023599453734,0.496784729258136,0.537401501670077,0.59059256201875,0.633652096662819,0.66046428594296,0.689145152168531,0.691471559583951,0.716771970986437,0.726154893083097,0.742778404376205,0.765045113416036,0.779032039140901,0.813463795382068,0.830447997416518,0.862235497837198,0.887651239554514,0.906132345502223,0.940834167745896,0.952369958391308,0.986317726392833,1,0.99322576820825,0.965720132935029,0.915255540174733,0.895380826898693,0.844440717381905,0.413796415595561,0.213623605153501,0.170713537827041,0.115727650234476,0.0995067862223939
0.413056976223172,0.483868834433136,0.525963755622473,0.577677630043736,0.618939590486982,0.644236259839368,0.671280862260319,0.672584548895334,0.697138184350877,0.706205555473863,0.72218370580176,0.743547403009799,0.75676941107355,0.789352290132012,0.804983207242263,0.835048053108981,0.858965508772844,0.876081826683368,0.908669470389198,0.91890723950523,0.964992127509263,0.99322576820825,1,0.984913262919982,0.945268312077964,0.923868070238527,0.870351519665616,0.42643864167848,0.220237273543128,0.181235845974408,0.134967895993606,0.119198962528431
0.397152803473239,0.46980302894243,0.515897976326513,0.566732233305719,0.606482913815034,0.630017888091977,0.654493501879888,0.65375440893049,0.679429431597073,0.6901669718742,0.706401310621386,0.726925813536776,0.739518478805685,0.771260115281009,0.78643587516993,0.815006456902703,0.837279133627825,0.853193457323366,0.884877876374417,0.89479890733533,0.93898705827904,0.965720132935029,0.984913262919982,1,0.987472072970142,0.964835421297431,0.908298327538815,0.447201744028289,0.232332177231284,0.200986657434057,0.170417339753365,0.155416923967639
0.372211592549933,0.44462853620803,0.493159300637697,0.541855317684195,0.579183107719158,0.600493076575732,0.621982832762346,0.619400465409481,0.645423160356183,0.65740140521929,0.673442633504834,0.692662439415295,0.704350246102029,0.734490478696059,0.74885231459049,0.775309387346525,0.795496847342357,0.809896833466003,0.839924834449291,0.849296277393854,0.890593422520297,0.915255540174733,0.945268312077964,0.987472072970142,1,0.976830930367617,0.919025626471758,0.454379934527791,0.237254086973629,0.213713487297946,0.198262417054605,0.184357053005558
0.369610085370742,0.436266949420825,0.477989234836743,0.524239649211788,0.56012099105806,0.58114466168964,0.603269698322612,0.602192147873112,0.63046732140497,0.645277761455189,0.662978480220409,0.682956594121136,0.695274254921814,0.724251171043593,0.737650306564328,0.762182834133604,0.780212072396325,0.793251588653939,0.823360400823534,0.83320249760513,0.872572119102742,0.895380826898693,0.923868070238527,0.964835421297431,0.976830930367617,1,0.982094635461581,0.482045990172624,0.244451726312096,0.215871844455776,0.198715889048628,0.18448437225076
0.353568534227972,0.412618303638411,0.446725214335797,0.489089282545586,0.52236275919297,0.54236327218191,0.564244511430129,0.564557421598499,0.593731835851556,0.610452852010291,0.628941587982551,0.648843057753049,0.661257665894859,0.688127902965742,0.700180109973713,0.722112560268404,0.737583674122486,0.748949518594282,0.778004037494879,0.787892528761704,0.824104342950207,0.844440717381905,0.870351519665616,0.908298327538815,0.919025626471758,0.982094635461581,1,0.487912986169583,0.241397348186043,0.209366163604088,0.191157564480118,0.177166723877651
0.186303226593986,0.206134049534843,0.210211726192884,0.227326807387634,0.241402383807828,0.255804993239839,0.28047497845499,0.295497742477158,0.311292754113533,0.320602893961351,0.330721040635684,0.341489735014629,0.34760053514614,0.357070449672004,0.358734824390955,0.365850790677489,0.369785034829858,0.372389124719463,0.385718007463301,0.389572801098873,0.405631149175813,0.413796415595561,0.42643864167848,0.447201744028289,0.454379934527791,0.482045990172624,0.487912986169583,1,0.964636244049539,0.917320931308166,0.497172573505764,0.395059898781436
0.103314658377673,0.108614637076377,0.103860800733328,0.110686122125891,0.116697746427099,0.126848446685325,0.147752706028809,0.164185463141298,0.172917253104764,0.178043075412795,0.183671318463927,0.189702590129361,0.19277373354772,0.195521066402542,0.193930850076145,0.195595411252737,0.195649227828953,0.19534652220884,0.201604815394345,0.202929700915778,0.210331823132959,0.213623605153501,0.220237273543128,0.232332177231284,0.237254086973629,0.244451726312096,0.241397348186043,0.964636244049539,1,0.957403284065397,0.496178899734436,0.386880384357597
0.0831776863997811,0.0893381372382637,0.0878423575759794,0.0937407474155922,0.0985362079536603,0.105981223588169,0.121310273673806,0.132841293756784,0.140866471821587,0.146035259535126,0.151589188428484,0.157457546598075,0.160268853564763,0.159159393569296,0.154431951426733,0.154870469281064,0.155063726372472,0.15474797044426,0.159059981384066,0.159495982793036,0.166595115276064,0.170713537827041,0.181235845974408,0.200986657434057,0.213713487297946,0.215871844455776,0.209366163604088,0.917320931308166,0.957403284065397,1,0.722423076927256,0.632743056508457
0.0504085819612082,0.064197636578385,0.0756728255783304,0.0827939684569698,0.0873283581819472,0.088001878872375,0.0867031140254466,0.0817776434114948,0.0890572678082183,0.0947274953615381,0.100532117368136,0.106462302472305,0.109286527996821,0.103061587179697,0.0943505213640684,0.0946579950369693,0.0971928820647285,0.0985177729169426,0.100482667023647,0.100018752444703,0.108511062403068,0.115727650234476,0.134967895993606,0.170417339753365,0.198262417054605,0.198715889048628,0.191157564480118,0.497172573505764,0.496178899734436,0.722423076927256,1,0.99254166986991
0.041788388530359,0.0561447466598026,0.0692596146300251,0.0761947277641552,0.0804273666150893,0.0798690595124169,0.0757119849280301,0.0681629426934526,0.0749005786273463,0.0803394321237458,0.0858608929919197,0.0914675377391056,0.094134764889383,0.0873590066471123,0.0784368830323162,0.0787039126636325,0.0815086807838701,0.0830481057329468,0.0844883802149649,0.0838919696577967,0.0921509676337345,0.0995067862223939,0.119198962528431,0.155416923967639,0.184357053005558,0.18448437225076,0.177166723877651,0.395059898781436,0.386880384357597,0.632743056508457,0.99254166986991,1
