1,0.863243734033084,0.831675797585265,0.810590310261475,0.798373024224908,0.790438525135154,0.783906581556013,0.776729678848456,0.771289914879165,0.768533615373431,0.766174836278319,0.764629627264999,0.758982017782112,0.753460464960492,0.748543121668091,0.744681589984084,0.740060131242444,0.73551813946588,0.729489215606544,0.721175047291283,0.713910673002993,0.707933072303594,0.701758538788995,0.694676578750892,0.684942757442684,0.672413757739878,0.649394224064682,0.625899668826508,0.561633337795529,0.447455662295512,0.224562909789832,0.0998378115164558
0.863243734033084,1,0.978644670330631,0.965172864968192,0.956608095750912,0.947350148419334,0.9406157270907,0.936287166517725,0.932431903862309,0.929280471064978,0.924526965371157,0.920994674698907,0.91629472795856,0.912081549906155,0.908705247284908,0.904794322004585,0.901094730611155,0.897298841018125,0.892979232101062,0.887008631338859,0.881416620856514,0.875655940504535,0.869934584075807,0.862913203974225,0.852757140594173,0.838957432570249,0.817396287880993,0.788764831671548,0.704975807070135,0.573513364389485,0.314993390855706,0.168788317378418
0.831675797585265,0.978644670330631,1,0.989272590704012,0.98025615255247,0.971812938173653,0.964256512041263,0.959441833442092,0.955348138103565,0.951461113549582,0.947246741370193,0.943637556643499,0.938694456937423,0.934752003038228,0.931677612349882,0.928180834381908,0.924735669393427,0.920970916783072,0.917331572059347,0.912300583082197,0.906767487162982,0.900685217947906,0.895960731760789,0.889119941960101,0.878590552595295,0.865650835838439,0.845222731554871,0.816431583758346,0.730876042829951,0.596994307411261,0.332938404651807,0.181490316839961
0.810590310261475,0.965172864968192,0.989272590704012,1,0.993529536620096,0.986695517808239,0.980330492748142,0.976018793942414,0.972744493745675,0.968944784067547,0.965239998732416,0.96189850365765,0.957585783674918,0.953648008719306,0.950345420525244,0.947149789071792,0.944068293326752,0.940792567142775,0.937802852145028,0.933336462956379,0.928610206506891,0.923533974420345,0.919486119003909,0.913248358957586,0.903674319342034,0.890990555605922,0.871536450545927,0.842772000774272,0.760161319129016,0.62957298319441,0.357438231524564,0.201297180278502
0.798373024224908,0.956608095750912,0.98025615255247,0.993529536620096,1,0.994628188091266,0.989684568734277,0.985229115515348,0.981874159989068,0.977726592954663,0.974338622504846,0.970774108188698,0.966239815844342,0.96239641373381,0.959036438458725,0.956340002273437,0.953363118837993,0.950523599792267,0.947968631405675,0.943607609568458,0.93942340170651,0.934487892772963,0.930280216416729,0.924342638932896,0.915183505152575,0.903141569617616,0.883596218000437,0.855285112331724,0.772250937024655,0.641141150205883,0.369410847833759,0.20803137641822
0.790438525135154,0.947350148419334,0.971812938173653,0.986695517808239,0.994628188091266,1,0.99592875753152,0.991761356305608,0.988260282755043,0.98405591640935,0.980527339465051,0.976673832370195,0.972007405041431,0.968387477267567,0.965111431515389,0.962384179525235,0.959402557703529,0.956345147329008,0.954130367854255,0.949809202971955,0.946080628921359,0.941506771993881,0.936938459976413,0.931019836579867,0.922103946716088,0.910100633000162,0.890786251268502,0.862978481516107,0.781112395192288,0.649702718448063,0.379217580333644,0.212621736081936
0.783906581556013,0.9406157270907,0.964256512041263,0.980330492748142,0.989684568734277,0.99592875753152,1,0.996984387162029,0.993771057095251,0.990083932325363,0.986817625422242,0.983033542594273,0.978471397097107,0.974878541006356,0.971525587111729,0.968854248691216,0.96607659456528,0.963145339123358,0.961094440059852,0.956758820661969,0.952976682229794,0.94844620443633,0.943658733243864,0.937570302200138,0.929024951022429,0.917006053598271,0.898319222217965,0.87046332293274,0.789624895223751,0.659631386055193,0.38972495788696,0.218627753104591
0.776729678848456,0.936287166517725,0.959441833442092,0.976018793942414,0.985229115515348,0.991761356305608,0.996984387162029,1,0.997319506239925,0.99405868562919,0.990816254872576,0.987099684720511,0.982557783231793,0.979175067076717,0.976119234576498,0.973510682900345,0.971048875350114,0.968129504965228,0.966232570106197,0.962036517883074,0.958608752025394,0.953954639190272,0.949209673767786,0.94339972935474,0.935109969300425,0.923254391777241,0.904495886970605,0.876878287070683,0.796676207506005,0.666349843981059,0.394991520197081,0.22069151497563
0.771289914879165,0.932431903862309,0.955348138103565,0.972744493745675,0.981874159989068,0.988260282755043,0.993771057095251,0.997319506239925,1,0.997741454938481,0.995034576825882,0.991696935953595,0.987463418492558,0.984300436387121,0.981362667925864,0.979082466346847,0.976777229291088,0.973949235979554,0.972334310465341,0.968499233888473,0.965329819779646,0.961312127439495,0.956856310258079,0.951374382279801,0.943448764455401,0.932142893055181,0.91399080405658,0.88653928513345,0.807742226027883,0.678775500544529,0.408915373282477,0.23124140699253
0.768533615373431,0.929280471064978,0.951461113549582,0.968944784067547,0.977726592954663,0.98405591640935,0.990083932325363,0.99405868562919,0.997741454938481,1,0.997643830862812,0.994834432312628,0.991241031243211,0.988477913834197,0.985698986701218,0.983535133400933,0.981198005361744,0.978539937375052,0.976925287996672,0.973121768527575,0.969872489642268,0.966043019215979,0.961635388687558,0.956464530678127,0.948871062491907,0.937515114637526,0.919516089554645,0.892359018248798,0.81484529852234,0.686458082801349,0.415000557504733,0.238299824812527
0.766174836278319,0.924526965371157,0.947246741370193,0.965239998732416,0.974338622504846,0.980527339465051,0.986817625422242,0.990816254872576,0.995034576825882,0.997643830862812,1,0.998059010622013,0.995102486541253,0.992526704242115,0.989950945756729,0.987839552729838,0.985579041677654,0.982994549480088,0.981285683658557,0.977671755284198,0.974435527205534,0.971065494681245,0.966752316095809,0.961682792261111,0.954581205259165,0.943988167368331,0.926331492640171,0.899517779122661,0.823639509771163,0.696149350535972,0.423801472780836,0.24542547167604
0.764629627264999,0.920994674698907,0.943637556643499,0.96189850365765,0.970774108188698,0.976673832370195,0.983033542594273,0.987099684720511,0.991696935953595,0.994834432312628,0.998059010622013,1,0.997941740302583,0.995746484505352,0.993576939176273,0.991442990682827,0.989150629129093,0.9864445235551,0.984482068635406,0.980892121079122,0.977606176309738,0.974420890818841,0.970157141561834,0.965288020444794,0.958520482399642,0.948089429566019,0.930698867788688,0.904489447699215,0.830038795814237,0.702905076001017,0.430486442238302,0.251001322944363
0.758982017782112,0.91629472795856,0.938694456937423,0.957585783674918,0.966239815844342,0.972007405041431,0.978471397097107,0.982557783231793,0.987463418492558,0.991241031243211,0.995102486541253,0.997941740302583,1,0.998283604528314,0.996537405312886,0.994595573659609,0.99232418170348,0.989787610067095,0.987793244910632,0.984588400573335,0.981443696756695,0.978307998614164,0.974262960546559,0.969422242129692,0.962907015310833,0.953022916656135,0.936309884277025,0.910635411521607,0.838113121618603,0.713263892708246,0.440659753759989,0.258643550530531
0.753460464960492,0.912081549906155,0.934752003038228,0.953648008719306,0.96239641373381,0.968387477267567,0.974878541006356,0.979175067076717,0.984300436387121,0.988477913834197,0.992526704242115,0.995746484505352,0.998283604528314,1,0.998514732265881,0.996596549740734,0.99444604096022,0.991973344236333,0.989806155578261,0.986735441621632,0.983567380303642,0.980694700868017,0.976931031405623,0.972350996820399,0.966289558409721,0.956300434500192,0.940053643734702,0.915712080847322,0.84410322468877,0.720070703629696,0.448533989800523,0.264413905463038
0.748543121668091,0.908705247284908,0.931677612349882,0.950345420525244,0.959036438458725,0.965111431515389,0.971525587111729,0.976119234576498,0.981362667925864,0.985698986701218,0.989950945756729,0.993576939176273,0.996537405312886,0.998514732265881,1,0.998567185750509,0.996732716544055,0.994461239248447,0.992323641513051,0.989355470940503,0.986269774868133,0.983245864647987,0.979484053315348,0.974862040002313,0.968926293996292,0.959303441159515,0.943687683968639,0.919631955420496,0.85033909349791,0.727062812217624,0.454664326046556,0.268261808668522
0.744681589984084,0.904794322004585,0.928180834381908,0.947149789071792,0.956340002273437,0.962384179525235,0.968854248691216,0.973510682900345,0.979082466346847,0.983535133400933,0.987839552729838,0.991442990682827,0.994595573659609,0.996596549740734,0.998567185750509,1,0.998608481907719,0.996643381950647,0.994754637263154,0.991985664388481,0.988899526062704,0.986145417170357,0.982609520249985,0.978153900128737,0.972511008471061,0.963600403105938,0.948918586240021,0.92542809126069,0.857489512538853,0.736189617205251,0.466853522096835,0.278585034468264
0.740060131242444,0.901094730611155,0.924735669393427,0.944068293326752,0.953363118837993,0.959402557703529,0.96607659456528,0.971048875350114,0.976777229291088,0.981198005361744,0.985579041677654,0.989150629129093,0.99232418170348,0.99444604096022,0.996732716544055,0.998608481907719,1,0.998387782599719,0.996675896371192,0.994323394159774,0.991350941549474,0.988668364817094,0.985296364968411,0.981236657578925,0.975905740650658,0.967863700463454,0.953888960346112,0.931390980878425,0.865455208809206,0.744224250662409,0.47557146885776,0.289373801275754
0.73551813946588,0.897298841018125,0.920970916783072,0.940792567142775,0.950523599792267,0.956345147329008,0.963145339123358,0.968129504965228,0.973949235979554,0.978539937375052,0.982994549480088,0.9864445235551,0.989787610067095,0.991973344236333,0.994461239248447,0.996643381950647,0.998387782599719,1,0.998572667751921,0.996494643839386,0.993915798659288,0.991343021483777,0.988188712713885,0.984606944068178,0.979621642838653,0.972078716184945,0.958895125190045,0.937592779707421,0.8723541558212,0.751815559692629,0.482510670718477,0.297866272075328
0.729489215606544,0.892979232101062,0.917331572059347,0.937802852145028,0.947968631405675,0.954130367854255,0.961094440059852,0.966232570106197,0.972334310465341,0.976925287996672,0.981285683658557,0.984482068635406,0.987793244910632,0.989806155578261,0.992323641513051,0.994754637263154,0.996675896371192,0.998572667751921,1,0.998309519259543,0.995890461173537,0.993283018187918,0.990276082040144,0.986695887416575,0.981667196039525,0.974353587614314,0.961367645059295,0.940048592183713,0.875541230978972,0.756625077412682,0.489934879084229,0.305793245081407
0.721175047291283,0.887008631338859,0.912300583082197,0.933336462956379,0.943607609568458,0.949809202971955,0.956758820661969,0.962036517883074,0.968499233888473,0.973121768527575,0.977671755284198,0.980892121079122,0.984588400573335,0.986735441621632,0.989355470940503,0.991985664388481,0.994323394159774,0.996494643839386,0.998309519259543,1,0.998035307538013,0.995682574732176,0.993208746443811,0.989592241505107,0.984906906338127,0.977761479815019,0.965293582436492,0.944448116085845,0.880780182176418,0.76311887423297,0.498569083782837,0.318225035530383
0.713910673002993,0.881416620856514,0.906767487162982,0.928610206506891,0.93942340170651,0.946080628921359,0.952976682229794,0.958608752025394,0.965329819779646,0.969872489642268,0.974435527205534,0.977606176309738,0.981443696756695,0.983567380303642,0.986269774868133,0.988899526062704,0.991350941549474,0.993915798659288,0.995890461173537,0.998035307538013,1,0.997906187454981,0.995532296458367,0.992301295073005,0.987943956599386,0.981207748308091,0.969326091860024,0.949711463814719,0.88546134615383,0.768117749092997,0.504818629360844,0.326899485237833
0.707933072303594,0.875655940504535,0.900685217947906,0.923533974420345,0.934487892772963,0.941506771993881,0.94844620443633,0.953954639190272,0.961312127439495,0.966043019215979,0.971065494681245,0.974420890818841,0.978307998614164,0.980694700868017,0.983245864647987,0.986145417170357,0.988668364817094,0.991343021483777,0.993283018187918,0.995682574732176,0.997906187454981,1,0.997989727837617,0.995290074640227,0.991511261719554,0.985188381395733,0.974298556133117,0.955993909558873,0.895444292786521,0.782381937624065,0.522570591963796,0.340681419703277
0.701758538788995,0.869934584075807,0.895960731760789,0.919486119003909,0.930280216416729,0.936938459976413,0.943658733243864,0.949209673767786,0.956856310258079,0.961635388687558,0.966752316095809,0.970157141561834,0.974262960546559,0.976931031405623,0.979484053315348,0.982609520249985,0.985296364968411,0.988188712713885,0.990276082040144,0.993208746443811,0.995532296458367,0.997989727837617,1,0.997714900556029,0.994216838526573,0.988211614243056,0.977770146038124,0.959794421901955,0.90067696180246,0.789335362573567,0.530808125704545,0.349912409628795
0.694676578750892,0.862913203974225,0.889119941960101,0.913248358957586,0.924342638932896,0.931019836579867,0.937570302200138,0.94339972935474,0.951374382279801,0.956464530678127,0.961682792261111,0.965288020444794,0.969422242129692,0.972350996820399,0.974862040002313,0.978153900128737,0.981236657578925,0.984606944068178,0.986695887416575,0.989592241505107,0.992301295073005,0.995290074640227,0.997714900556029,1,0.997475136037422,0.992346621736088,0.982484856085693,0.966805840436761,0.908761545693996,0.797742210773785,0.543656664823518,0.365938450881003
0.684942757442684,0.852757140594173,0.878590552595295,0.903674319342034,0.915183505152575,0.922103946716088,0.929024951022429,0.935109969300425,0.943448764455401,0.948871062491907,0.954581205259165,0.958520482399642,0.962907015310833,0.966289558409721,0.968926293996292,0.972511008471061,0.975905740650658,0.979621642838653,0.981667196039525,0.984906906338127,0.987943956599386,0.991511261719554,0.994216838526573,0.997475136037422,1,0.996098246473388,0.987685652823772,0.973827598522867,0.918866868183099,0.810807017474422,0.559799139340767,0.382608949152409
0.672413757739878,0.838957432570249,0.865650835838439,0.890990555605922,0.903141569617616,0.910100633000162,0.917006053598271,0.923254391777241,0.932142893055181,0.937515114637526,0.943988167368331,0.948089429566019,0.953022916656135,0.956300434500192,0.959303441159515,0.963600403105938,0.967863700463454,0.972078716184945,0.974353587614314,0.977761479815019,0.981207748308091,0.985188381395733,0.988211614243056,0.992346621736088,0.996098246473388,1,0.99355804756599,0.981521453972526,0.933214277048453,0.830054646284948,0.586262034177152,0.403560773443977
0.649394224064682,0.817396287880993,0.845222731554871,0.871536450545927,0.883596218000437,0.890786251268502,0.898319222217965,0.904495886970605,0.91399080405658,0.919516089554645,0.926331492640171,0.930698867788688,0.936309884277025,0.940053643734702,0.943687683968639,0.948918586240021,0.953888960346112,0.958895125190045,0.961367645059295,0.965293582436492,0.969326091860024,0.974298556133117,0.977770146038124,0.982484856085693,0.987685652823772,0.99355804756599,1,0.991154365187946,0.955394898791287,0.865235220846945,0.627326259512783,0.435140698748054
0.625899668826508,0.788764831671548,0.816431583758346,0.842772000774272,0.855285112331724,0.862978481516107,0.87046332293274,0.876878287070683,0.88653928513345,0.892359018248798,0.899517779122661,0.904489447699215,0.910635411521607,0.915712080847322,0.919631955420496,0.92542809126069,0.931390980878425,0.937592779707421,0.940048592183713,0.944448116085845,0.949711463814719,0.955993909558873,0.959794421901955,0.966805840436761,0.973827598522867,0.981521453972526,0.991154365187946,1,0.970386949972701,0.887028751677763,0.665705615536623,0.491786628593683
0.561633337795529,0.704975807070135,0.730876042829951,0.760161319129016,0.772250937024655,0.781112395192288,0.789624895223751,0.796676207506005,0.807742226027883,0.81484529852234,0.823639509771163,0.830038795814237,0.838113121618603,0.84410322468877,0.85033909349791,0.857489512538853,0.865455208809206,0.8723541558212,0.875541230978972,0.880780182176418,0.88546134615383,0.895444292786521,0.90067696180246,0.908761545693996,0.918866868183099,0.933214277048453,0.955394898791287,0.970386949972701,1,0.954898049250023,0.760024521111317,0.544128834475088
0.447455662295512,0.573513364389485,0.596994307411261,0.62957298319441,0.641141150205883,0.649702718448063,0.659631386055193,0.666349843981059,0.678775500544529,0.686458082801349,0.696149350535972,0.702905076001017,0.713263892708246,0.720070703629696,0.727062812217624,0.736189617205251,0.744224250662409,0.751815559692629,0.756625077412682,0.76311887423297,0.768117749092997,0.782381937624065,0.789335362573567,0.797742210773785,0.810807017474422,0.830054646284948,0.865235220846945,0.887028751677763,0.954898049250023,1,0.860250718854932,0.625814274468167
0.224562909789832,0.314993390855706,0.332938404651807,0.357438231524564,0.369410847833759,0.379217580333644,0.38972495788696,0.394991520197081,0.408915373282477,0.415000557504733,0.423801472780836,0.430486442238302,0.440659753759989,0.448533989800523,0.454664326046556,0.466853522096835,0.47557146885776,0.482510670718477,0.489934879084229,0.498569083782837,0.504818629360844,0.522570591963796,0.530808125704545,0.543656664823518,0.559799139340767,0.586262034177152,0.627326259512783,0.665705615536623,0.760024521111317,0.860250718854932,1,0.758040713503491
0.0998378115164558,0.168788317378418,0.181490316839961,0.201297180278502,0.20803137641822,0.212621736081936,0.218627753104591,0.22069151497563,0.23124140699253,0.238299824812527,0.24542547167604,0.251001322944363,0.258643550530531,0.264413905463038,0.268261808668522,0.278585034468264,0.289373801275754,0.297866272075328,0.305793245081407,0.318225035530383,0.326899485237833,0.340681419703277,0.349912409628795,0.365938450881003,0.382608949152409,0.403560773443977,0.435140698748054,0.491786628593683,0.544128834475088,0.625814274468167,0.758040713503491,1
