1,0.985845040259808,0.930872952086257,0.840531335059616,0.824434812481036,0.788867921843683,0.735685395686056,0.67111207248655,0.574574866974668,0.48608732104227,0.43825280688586,0.388218381871389,0.34557207725782,0.31009596617235,0.278067979342318,0.252598081667452,0.243261822065147,0.242529959336868,0.239662505617889,0.239169566218719,0.236157578317097,0.227370298471942,0.223126878636033,0.238986198742695,0.247596129338402,0.252428922532342,0.280656259240514,0.283462430556488,0.278345794755488,0.305959951431353,0.308288841581257,0.302948519897055
0.985845040259808,1,0.97894955178446,0.91939161751464,0.903337231547739,0.86600187590485,0.809306779363813,0.73894914419871,0.633206663087652,0.536141876376534,0.483352691125119,0.428080486462642,0.380988746202992,0.342822633085624,0.308518481105644,0.281093522407861,0.270432711627836,0.268585410537675,0.264595992615332,0.263916715587841,0.261355359903345,0.252187241017427,0.247736031956639,0.26482526168272,0.273987687112533,0.279069033493749,0.311652395943459,0.315594201177404,0.310434568379609,0.34097393739033,0.343360408296895,0.337290563739139
0.930872952086257,0.97894955178446,1,0.980197072560029,0.964808579627357,0.92674963537691,0.867948869940062,0.793243057915629,0.680342446475183,0.576551876125203,0.519751931214626,0.460219375739621,0.409518690772,0.369538944771997,0.333777106301472,0.305022011522311,0.293156857051687,0.290022378399996,0.284819843546873,0.28393972971987,0.282025012565977,0.272744249169817,0.26821048676637,0.286142752719824,0.295627008481768,0.300816409803518,0.337455285178658,0.342628671103105,0.337614217384086,0.370545524834888,0.372910733195991,0.366185159624849
0.840531335059616,0.91939161751464,0.980197072560029,1,0.989072596115294,0.955066363673918,0.899618380023023,0.824403098912035,0.708875591820213,0.602208882640344,0.543492999670212,0.481589624097847,0.428795807736351,0.388172052548576,0.351935758301875,0.322612948598591,0.310075772797205,0.306086580579065,0.300061212597652,0.299379737293143,0.298665430017895,0.289784254039096,0.285366338387108,0.303403676705986,0.312697719337104,0.317629071476489,0.357553029008853,0.363769863888009,0.358921713671566,0.393005850796888,0.394889131470564,0.387401619358008
0.824434812481036,0.903337231547739,0.964808579627357,0.989072596115294,1,0.988326839786532,0.954166867327599,0.884673514240835,0.769072258739908,0.660168386155835,0.600060590347614,0.534619093505969,0.478187248842252,0.434794504071595,0.395699988174717,0.363847213424579,0.351561272798972,0.349350584471964,0.344312331393067,0.346047938287224,0.348751974629382,0.340933037550273,0.336677190841016,0.354525419305004,0.362865593235684,0.366677463495065,0.411804814021275,0.418395391738969,0.412451511769936,0.447194478141041,0.446567353912466,0.436477998525245
0.788867921843683,0.86600187590485,0.92674963537691,0.955066363673918,0.988326839786532,1,0.98862283060032,0.926638251876887,0.813615589875968,0.704900904089333,0.644735138276022,0.577140341312445,0.518245047760904,0.472987444270787,0.431837150681022,0.398101499725868,0.386357325794831,0.386035252296247,0.382132754840151,0.386326234522914,0.392500573317221,0.385958881352267,0.381968247475533,0.399211168565834,0.406374113201099,0.408941608354765,0.458409612537493,0.465235049765436,0.458295381812768,0.492921281956598,0.489714391907975,0.477168083126047
0.735685395686056,0.809306779363813,0.867948869940062,0.899618380023023,0.954166867327599,0.98862283060032,1,0.946848523713351,0.838960215010648,0.732922125971966,0.674077056482578,0.605904348946737,0.545925692533082,0.499863388847279,0.4576258315185,0.422803812913546,0.411863500632357,0.413413458842831,0.410721684539123,0.41724581588675,0.426705026021363,0.421574195208264,0.417936804085532,0.434187195299449,0.440023797703219,0.441303902734257,0.493924566033171,0.500825565486163,0.493061676257081,0.526778984563817,0.521098501062652,0.506413746857041
0.67111207248655,0.73894914419871,0.793243057915629,0.824403098912035,0.884673514240835,0.926638251876887,0.946848523713351,1,0.969423664668601,0.912808180235012,0.862079033890792,0.786131252297286,0.716608158917287,0.671591955833913,0.629702334138509,0.592782253480536,0.58662787354604,0.596404568543617,0.59844082212596,0.608095061713267,0.614377140506774,0.601698077312854,0.591337703855754,0.60519947017881,0.606474528883486,0.602451999215418,0.631401816337121,0.614678446527755,0.588601602814737,0.611501906267648,0.595069860554975,0.572449420455993
0.574574866974668,0.633206663087652,0.680342446475183,0.708875591820213,0.769072258739908,0.813615589875968,0.838960215010648,0.969423664668601,1,0.985113576413389,0.94417182488425,0.867685026196388,0.795819882990882,0.754804519582126,0.716162927844204,0.680270731122899,0.678200802431434,0.693549457357833,0.699041323279059,0.71038186852282,0.71376733307973,0.696215239417755,0.681455310927593,0.69251699691761,0.690229326543564,0.682454130171101,0.691253774334339,0.657681972506174,0.61948247203367,0.632505984719799,0.60905161153623,0.581995326527741
0.48608732104227,0.536141876376534,0.576551876125203,0.602208882640344,0.660168386155835,0.704900904089333,0.732922125971966,0.912808180235012,0.985113576413389,1,0.967401025259573,0.893313560136151,0.82241688151075,0.785693322844718,0.750729989303647,0.716860956506132,0.717727451613241,0.736422172795824,0.744135404616703,0.756245524486022,0.757478916617028,0.737150374501364,0.719844308047928,0.72854285338223,0.723842447276256,0.713720688677444,0.708085090104537,0.66392934590261,0.618624454775046,0.624256166050334,0.596733989619923,0.567552576166697
0.43825280688586,0.483352691125119,0.519751931214626,0.543492999670212,0.600060590347614,0.644735138276022,0.674077056482578,0.862079033890792,0.94417182488425,0.967401025259573,1,0.977901586478618,0.939443744115228,0.912539412922607,0.876529255752355,0.840244861197844,0.83464742009673,0.843457121141485,0.84239858306869,0.846233891461501,0.837018253717052,0.806926098735862,0.784159721408511,0.798679384794424,0.797416531243792,0.789210620545629,0.775609954527986,0.722291556006399,0.669535263242364,0.664461863837926,0.627863545763497,0.592664694704018
0.388218381871389,0.428080486462642,0.460219375739621,0.481589624097847,0.534619093505969,0.577140341312445,0.605904348946737,0.786131252297286,0.867685026196388,0.893313560136151,0.977901586478618,1,0.99033101911852,0.972383907553483,0.936746504070206,0.899897950614759,0.888815266918977,0.888561022571018,0.879960776699144,0.876611721278901,0.859345588946841,0.822822178504568,0.796852350207277,0.815836902387046,0.817788540486633,0.811841335701563,0.793910282069636,0.736660814430528,0.680969614177427,0.668052792816314,0.626052426883265,0.587714765793461
0.34557207725782,0.380988746202992,0.409518690772,0.428795807736351,0.478187248842252,0.518245047760904,0.545925692533082,0.716608158917287,0.795819882990882,0.82241688151075,0.939443744115228,0.99033101911852,1,0.988433097001278,0.953910170918032,0.917583881595143,0.903131161581082,0.896868771555959,0.883473529652768,0.875438818521858,0.853250948068254,0.81334881005429,0.785885253879269,0.807370521774206,0.811407630676068,0.807103886957962,0.786735731137614,0.728270832965446,0.671987283675155,0.65418029753646,0.609617395904374,0.570129836453834
0.31009596617235,0.342822633085624,0.369538944771997,0.388172052548576,0.434794504071595,0.472987444270787,0.499863388847279,0.671591955833913,0.754804519582126,0.785693322844718,0.912539412922607,0.972383907553483,0.988433097001278,1,0.988050552947601,0.966554516736187,0.955525707520393,0.945188959431797,0.928138476676822,0.914304139503291,0.882074550520461,0.834123161616337,0.801137271666357,0.820709069945883,0.823042244985535,0.817210968208465,0.788472859964915,0.724328789106652,0.664411698382188,0.642960890649129,0.596807747829309,0.556663414865584
0.278067979342318,0.308518481105644,0.333777106301472,0.351935758301875,0.395699988174717,0.431837150681022,0.4576258315185,0.629702334138509,0.716162927844204,0.750729989303647,0.876529255752355,0.936746504070206,0.953910170918032,0.988050552947601,1,0.994533135069686,0.988289529035625,0.975490919802404,0.956221370415556,0.937797013759779,0.896902243385792,0.842286376113088,0.804502198768853,0.820963740872447,0.820865175248395,0.813073233035666,0.776689561979159,0.708120638508992,0.645695068645955,0.622150731034942,0.575930673881411,0.536201402157016
0.252598081667452,0.281093522407861,0.305022011522311,0.322612948598591,0.363847213424579,0.398101499725868,0.422803812913546,0.592782253480536,0.680270731122899,0.716860956506132,0.840244861197844,0.899897950614759,0.917583881595143,0.966554516736187,0.994533135069686,1,0.997082994798586,0.98279008288524,0.96227848341894,0.940994319536262,0.894783619577598,0.836393368946497,0.795870852409291,0.810001971102026,0.808257264968132,0.799242671769604,0.758172669689906,0.687535922531609,0.624257531607828,0.599614170415679,0.553975638267349,0.515066393483581
0.243261822065147,0.270432711627836,0.293156857051687,0.310075772797205,0.351561272798972,0.386357325794831,0.411863500632357,0.58662787354604,0.678200802431434,0.717727451613241,0.83464742009673,0.888815266918977,0.903131161581082,0.955525707520393,0.988289529035625,0.997082994798586,1,0.993249139491379,0.97855924121072,0.960318571615636,0.913301301811539,0.853810665127913,0.811928956752272,0.823431450980563,0.81942315960134,0.808506207683339,0.763519709339582,0.689966853592788,0.624713347631127,0.600359041767966,0.555045830713246,0.516304690050703
0.242529959336868,0.268585410537675,0.290022378399996,0.306086580579065,0.349350584471964,0.386035252296247,0.413413458842831,0.596404568543617,0.693549457357833,0.736422172795824,0.843457121141485,0.888561022571018,0.896868771555959,0.945188959431797,0.975490919802404,0.98279008288524,0.993249139491379,1,0.995845259517517,0.984582497153951,0.939892767607254,0.881335836751907,0.839193574473011,0.847750354981137,0.841059232176177,0.827830460864563,0.779600099850045,0.702967192140209,0.63537137527756,0.612342011345925,0.567469789461505,0.528717668420455
0.239662505617889,0.264595992615332,0.284819843546873,0.300061212597652,0.344312331393067,0.382132754840151,0.410721684539123,0.59844082212596,0.699041323279059,0.744135404616703,0.84239858306869,0.879960776699144,0.883473529652768,0.928138476676822,0.956221370415556,0.96227848341894,0.97855924121072,0.995845259517517,1,0.994321443277336,0.9518813624631,0.894611010521131,0.85266263360291,0.858826102476892,0.850092190396989,0.835173686297633,0.7848528426111,0.706526569475241,0.637731082329277,0.615959535606318,0.571857726871929,0.5334633576499
0.239169566218719,0.263916715587841,0.28393972971987,0.299379737293143,0.346047938287224,0.386326234522914,0.41724581588675,0.608095061713267,0.71038186852282,0.756245524486022,0.846233891461501,0.876611721278901,0.875438818521858,0.914304139503291,0.937797013759779,0.940994319536262,0.960318571615636,0.984582497153951,0.994321443277336,1,0.977381317940534,0.933691424166092,0.898809162032163,0.90025972483756,0.887193669586875,0.868571708579601,0.81696172886122,0.73594409803774,0.664658520250961,0.636327227287011,0.586729797113189,0.544778423348253
0.236157578317097,0.261355359903345,0.282025012565977,0.298665430017895,0.348751974629382,0.392500573317221,0.426705026021363,0.614377140506774,0.71376733307973,0.757478916617028,0.837018253717052,0.859345588946841,0.853250948068254,0.882074550520461,0.896902243385792,0.894783619577598,0.913301301811539,0.939892767607254,0.9518813624631,0.977381317940534,1,0.988300695926586,0.970975202820599,0.964211358207772,0.943724908365517,0.918859472347691,0.868114142414481,0.784754538967789,0.710732207875822,0.665630223025559,0.602962334385007,0.552967774975367
0.227370298471942,0.252187241017427,0.272744249169817,0.289784254039096,0.340933037550273,0.385958881352267,0.421574195208264,0.601698077312854,0.696215239417755,0.737150374501364,0.806926098735862,0.822822178504568,0.81334881005429,0.834123161616337,0.842286376113088,0.836393368946497,0.853810665127913,0.881335836751907,0.894611010521131,0.933691424166092,0.988300695926586,1,0.995821365305555,0.983322939344854,0.958058921598899,0.929387347117371,0.880687030369246,0.797973467198709,0.724050919456014,0.668117657750364,0.597779062812488,0.543384355731205
0.223126878636033,0.247736031956639,0.26821048676637,0.285366338387108,0.336677190841016,0.381968247475533,0.417936804085532,0.591337703855754,0.681455310927593,0.719844308047928,0.784159721408511,0.796852350207277,0.785885253879269,0.801137271666357,0.804502198768853,0.795870852409291,0.811928956752272,0.839193574473011,0.85266263360291,0.898809162032163,0.970975202820599,0.995821365305555,1,0.988641115228145,0.964182696640589,0.936094976500562,0.888480649154525,0.806046439372995,0.732109167552594,0.671070185273912,0.597020404791597,0.540458778178126
0.238986198742695,0.26482526168272,0.286142752719824,0.303403676705986,0.354525419305004,0.399211168565834,0.434187195299449,0.60519947017881,0.69251699691761,0.72854285338223,0.798679384794424,0.815836902387046,0.807370521774206,0.820709069945883,0.820963740872447,0.810001971102026,0.823431450980563,0.847750354981137,0.858826102476892,0.90025972483756,0.964211358207772,0.983322939344854,0.988641115228145,1,0.993094891746007,0.978324762885088,0.927696560853538,0.841015668466151,0.763430389291225,0.707696570559769,0.635570249647031,0.579301157033992
0.247596129338402,0.273987687112533,0.295627008481768,0.312697719337104,0.362865593235684,0.406374113201099,0.440023797703219,0.606474528883486,0.690229326543564,0.723842447276256,0.797416531243792,0.817788540486633,0.811407630676068,0.823042244985535,0.820865175248395,0.808257264968132,0.81942315960134,0.841059232176177,0.850092190396989,0.887193669586875,0.943724908365517,0.958058921598899,0.964182696640589,0.993094891746007,1,0.995857920356227,0.943675699534608,0.855047113789341,0.775837989891527,0.725124136714664,0.655636709072529,0.600483393918077
0.252428922532342,0.279069033493749,0.300816409803518,0.317629071476489,0.366677463495065,0.408941608354765,0.441303902734257,0.602451999215418,0.682454130171101,0.713720688677444,0.789210620545629,0.811841335701563,0.807103886957962,0.817210968208465,0.813073233035666,0.799242671769604,0.808506207683339,0.827830460864563,0.835173686297633,0.868571708579601,0.918859472347691,0.929387347117371,0.936094976500562,0.978324762885088,0.995857920356227,1,0.948349908114558,0.85980940188219,0.780541204031676,0.734118181932639,0.667107564060082,0.613161766207155
0.280656259240514,0.311652395943459,0.337455285178658,0.357553029008853,0.411804814021275,0.458409612537493,0.493924566033171,0.631401816337121,0.691253774334339,0.708085090104537,0.775609954527986,0.793910282069636,0.786735731137614,0.788472859964915,0.776689561979159,0.758172669689906,0.763519709339582,0.779600099850045,0.7848528426111,0.81696172886122,0.868114142414481,0.880687030369246,0.888480649154525,0.927696560853538,0.943675699534608,0.948349908114558,1,0.977380650662334,0.938525641671569,0.888008187314143,0.806053079919246,0.740290448783171
0.283462430556488,0.315594201177404,0.342628671103105,0.363769863888009,0.418395391738969,0.465235049765436,0.500825565486163,0.614678446527755,0.657681972506174,0.66392934590261,0.722291556006399,0.736660814430528,0.728270832965446,0.724328789106652,0.708120638508992,0.687535922531609,0.689966853592788,0.702967192140209,0.706526569475241,0.73594409803774,0.784754538967789,0.797973467198709,0.806046439372995,0.841015668466151,0.855047113789341,0.85980940188219,0.977380650662334,1,0.990304385370119,0.939939451963592,0.852696993201639,0.782808315776711
0.278345794755488,0.310434568379609,0.337614217384086,0.358921713671566,0.412451511769936,0.458295381812768,0.493061676257081,0.588601602814737,0.61948247203367,0.618624454775046,0.669535263242364,0.680969614177427,0.671987283675155,0.664411698382188,0.645695068645955,0.624257531607828,0.624713347631127,0.63537137527756,0.637731082329277,0.664658520250961,0.710732207875822,0.724050919456014,0.732109167552594,0.763430389291225,0.775837989891527,0.780541204031676,0.938525641671569,0.990304385370119,1,0.950971859183874,0.862398499405023,0.791515629858409
0.305959951431353,0.34097393739033,0.370545524834888,0.393005850796888,0.447194478141041,0.492921281956598,0.526778984563817,0.611501906267648,0.632505984719799,0.624256166050334,0.664461863837926,0.668052792816314,0.65418029753646,0.642960890649129,0.622150731034942,0.599614170415679,0.600359041767966,0.612342011345925,0.615959535606318,0.636327227287011,0.665630223025559,0.668117657750364,0.671070185273912,0.707696570559769,0.725124136714664,0.734118181932639,0.888008187314143,0.939939451963592,0.950971859183874,1,0.976640319603898,0.941638473468599
0.308288841581257,0.343360408296895,0.372910733195991,0.394889131470564,0.446567353912466,0.489714391907975,0.521098501062652,0.595069860554975,0.60905161153623,0.596733989619923,0.627863545763497,0.626052426883265,0.609617395904374,0.596807747829309,0.575930673881411,0.553975638267349,0.555045830713246,0.567469789461505,0.571857726871929,0.586729797113189,0.602962334385007,0.597779062812488,0.597020404791597,0.635570249647031,0.655636709072529,0.667107564060082,0.806053079919246,0.852696993201639,0.862398499405023,0.976640319603898,1,0.991976482313466
0.302948519897055,0.337290563739139,0.366185159624849,0.387401619358008,0.436477998525245,0.477168083126047,0.506413746857041,0.572449420455993,0.581995326527741,0.567552576166697,0.592664694704018,0.587714765793461,0.570129836453834,0.556663414865584,0.536201402157016,0.515066393483581,0.516304690050703,0.528717668420455,0.5334633576499,0.544778423348253,0.552967774975367,0.543384355731205,0.540458778178126,0.579301157033992,0.600483393918077,0.613161766207155,0.740290448783171,0.782808315776711,0.791515629858409,0.941638473468599,0.991976482313466,1
