1,0.975023519223561,0.896877527377202,0.863120005185252,0.814614531719472,0.777355589921351,0.76107571172129,0.736948469078993,0.71562780763715,0.686960661337759,0.67162466594397,0.659402797869139,0.643025698482616,0.628463973921092,0.60943078239323,0.600841681361485,0.591347259563924,0.584972171096446,0.590899044373119,0.593804752851764,0.593353304304268,0.58893929945005,0.586924003652123,0.587795102582034,0.585429587412995,0.571019737998683,0.54868565499149,0.540193253857732,0.52565132220714,0.518612882629424,0.542488589832603,0.528764943799227
0.975023519223561,1,0.972707569517342,0.947479227924051,0.899461789344404,0.862026858878152,0.845971874013087,0.821039710479936,0.801711483111562,0.773356276695238,0.759285673145484,0.748165045624707,0.732088761770573,0.718584775697033,0.699338344020636,0.690848004561626,0.680785268705555,0.67389152349634,0.680475298523103,0.683604110113465,0.6832198110756,0.678304092946823,0.675355766950139,0.674802422090433,0.670726544271387,0.651931329294632,0.62483081303897,0.613398292596195,0.595395295438094,0.586292319612511,0.611928470718836,0.595723963366225
0.896877527377202,0.972707569517342,1,0.985029118163465,0.940084994842979,0.904464702883233,0.889501778945071,0.865059723089554,0.848844890206528,0.822329342639508,0.810331893610548,0.800955441014675,0.78605167273644,0.774373651784749,0.755931931668436,0.747998035062933,0.737878777340325,0.730811208910826,0.737729782786568,0.7409246406409,0.740631010319829,0.735453571412008,0.731687887381223,0.729675935700988,0.724030798980924,0.701657496116451,0.671024168255344,0.657130376225272,0.636472634432135,0.625698762975285,0.651805479216034,0.633874254011169
0.863120005185252,0.947479227924051,0.985029118163465,1,0.984599045565147,0.963483873794785,0.94845300197392,0.923177974451144,0.904171953352558,0.874497056875444,0.859772874673785,0.847669820005665,0.830231487255114,0.817370928848008,0.797478040256883,0.791641651569901,0.784007188506799,0.778663284386353,0.787017286006114,0.791301341900415,0.792686451905301,0.788729142061019,0.785476248700779,0.783254313090861,0.777140157644071,0.754821098422437,0.723073778019536,0.706656852544198,0.682074770758674,0.668475546105615,0.692693888411327,0.67166701275492
0.814614531719472,0.899461789344404,0.940084994842979,0.984599045565147,1,0.994329277018436,0.97949269816709,0.953959068552317,0.932171366688527,0.899767857902537,0.882341994578311,0.867507966990833,0.847749015248417,0.83377563807986,0.812799896356199,0.809234791535782,0.804396785773478,0.801010327391489,0.810597763575406,0.815894866981814,0.818980658529845,0.816430388136345,0.813896613199062,0.811691542323278,0.805440809440809,0.784202075945332,0.752562243472577,0.734250052482117,0.70655278622993,0.690573250351531,0.712127592058781,0.68864206703444
0.777355589921351,0.862026858878152,0.904464702883233,0.963483873794785,0.994329277018436,1,0.992545331900734,0.973411009581374,0.952850105916663,0.921138898639497,0.90314345176634,0.886928618348035,0.865983192297922,0.851790398896731,0.830427431119631,0.827828686487228,0.824067755350631,0.821333866158728,0.8312268998678,0.83671424628399,0.840707228680878,0.838911028281773,0.836512015172061,0.833773379093629,0.826937912727159,0.805075794216686,0.772558179892301,0.754205725945812,0.726336905393362,0.71006833755754,0.731034968509638,0.706277543817231
0.76107571172129,0.845971874013087,0.889501778945071,0.94845300197392,0.97949269816709,0.992545331900734,1,0.994070536135225,0.978663022153642,0.950804723083191,0.934211883881576,0.917781908463538,0.896533910747644,0.88286247851122,0.861551296323917,0.858548516134007,0.854050629700118,0.850590777539453,0.859959003804192,0.864856048368186,0.869001538733678,0.86727281637423,0.864372803489813,0.860482008030176,0.852495516667239,0.827943334962199,0.793085165647811,0.776382811212451,0.751038810870475,0.736439051929879,0.759235562995373,0.734093787486055
0.736948469078993,0.821039710479936,0.865059723089554,0.923177974451144,0.953959068552317,0.973411009581374,0.994070536135225,1,0.989717143369861,0.965916434033018,0.950875349815688,0.93444585544294,0.913178876007278,0.900139998619037,0.879131668968467,0.875796983739142,0.87068547375497,0.86660991188651,0.875387788442494,0.879690208085488,0.883924835992037,0.882280550591106,0.878963725964323,0.874077753391204,0.865147485069527,0.838544134305767,0.802050683401098,0.787077248182897,0.764339931816396,0.751413667166857,0.7754560176786,0.750201225608378
0.71562780763715,0.801711483111562,0.848844890206528,0.904171953352558,0.932171366688527,0.952850105916663,0.978663022153642,0.989717143369861,1,0.993010122381375,0.983845443261499,0.966846988063192,0.944951939991039,0.932098866667635,0.910863518473413,0.906926585719965,0.900924444012298,0.89600783046365,0.904187522436002,0.907833332699979,0.912337249219181,0.910886390993237,0.907089866891501,0.900957906790559,0.890793540686931,0.865857855305283,0.829933611257386,0.818442493798776,0.79903739617998,0.787039775537561,0.805818106402457,0.776106163044359
0.686960661337759,0.773356276695238,0.822329342639508,0.874497056875444,0.899767857902537,0.921138898639497,0.950804723083191,0.965916434033018,0.993010122381375,1,0.995826104114472,0.978621215140207,0.956546734095781,0.944045877897584,0.922951817557938,0.918578859068172,0.911934687982259,0.906400158019463,0.913959673795299,0.917007259358832,0.92166368399958,0.920394885526559,0.916261284355919,0.909196079205804,0.898170679872426,0.874996957635366,0.840098321546068,0.831658488927071,0.815303288492743,0.80425760709513,0.818401699439598,0.785471691259139
0.67162466594397,0.759285673145484,0.810331893610548,0.859772874673785,0.882341994578311,0.90314345176634,0.934211883881576,0.950875349815688,0.983845443261499,0.995826104114472,1,0.992576810967164,0.977562981095506,0.965518366910215,0.944536837396455,0.940185089634225,0.933354918525354,0.927093041098819,0.932918051468202,0.934326922863464,0.93748166366225,0.934842340397039,0.930030181530863,0.923020793135576,0.911970693238785,0.888588186394909,0.853250181601666,0.846063225439984,0.831107306807511,0.820707654640269,0.834231470956455,0.800164923682869
0.659402797869139,0.748165045624707,0.800955441014675,0.847669820005665,0.867507966990833,0.886928618348035,0.917781908463538,0.93444585544294,0.966846988063192,0.978621215140207,0.992576810967164,1,0.995788365718608,0.984323041348841,0.963583813265855,0.959532464387987,0.952821613241275,0.945849378293514,0.949367072935796,0.948632086629869,0.949427401355007,0.944650926619256,0.939038351927954,0.932671042910986,0.922131815755777,0.897644226955251,0.861341622767172,0.85442532570785,0.840016217347762,0.830142404014561,0.845161397659851,0.811385174153454
0.643025698482616,0.732088761770573,0.78605167273644,0.830231487255114,0.847749015248417,0.865983192297922,0.896533910747644,0.913178876007278,0.944951939991039,0.956546734095781,0.977562981095506,0.995788365718608,1,0.991829700140318,0.973637630843358,0.969836992720789,0.962605405045299,0.954679514792685,0.956213087667075,0.953664528901199,0.952470282462074,0.945934549299897,0.939532733128624,0.933405409962745,0.923072416284648,0.898491549045537,0.862103988539635,0.85564674944201,0.841819263130392,0.832365630089497,0.847914008138002,0.814296324203665
0.628463973921092,0.718584775697033,0.774373651784749,0.817370928848008,0.83377563807986,0.851790398896731,0.88286247851122,0.900139998619037,0.932098866667635,0.944045877897584,0.965518366910215,0.984323041348841,0.991829700140318,1,0.994781247919621,0.990992678267492,0.979901334235271,0.969091105931763,0.968953985597718,0.964849679472914,0.962052389427293,0.954069903128586,0.946190975002415,0.938457593646929,0.926691378959165,0.905162524290163,0.870750100370744,0.865524337286543,0.852138199701989,0.842471664636553,0.855443312541586,0.820009746042555
0.60943078239323,0.699338344020636,0.755931931668436,0.797478040256883,0.812799896356199,0.830427431119631,0.861551296323917,0.879131668968467,0.910863518473413,0.922951817557938,0.944536837396455,0.963583813265855,0.973637630843358,0.994781247919621,1,0.996265611479909,0.982217563809813,0.969227475389581,0.96775573250241,0.962455366482944,0.958408826698645,0.949363036882504,0.940395306842721,0.931468280640115,0.918694057309994,0.899859265211547,0.867431035650018,0.863251637838375,0.850375827567072,0.840652626605869,0.851410923228808,0.814941464673411
0.600841681361485,0.690848004561626,0.747998035062933,0.791641651569901,0.809234791535782,0.827828686487228,0.858548516134007,0.875796983739142,0.906926585719965,0.918578859068172,0.940185089634225,0.959532464387987,0.969836992720789,0.990992678267492,0.996265611479909,1,0.99456408376717,0.98634097529884,0.983801761308764,0.97747488861242,0.973313430540974,0.964208435337969,0.955746307322221,0.947997750300388,0.936167473774698,0.918298704951634,0.886125646095829,0.879288895158811,0.862568624816491,0.849889725035817,0.856743480077998,0.817825603855346
0.591347259563924,0.680785268705555,0.737878777340325,0.784007188506799,0.804396785773478,0.824067755350631,0.854050629700118,0.87068547375497,0.900924444012298,0.911934687982259,0.933354918525354,0.952821613241275,0.962605405045299,0.979901334235271,0.982217563809813,0.99456408376717,1,0.997992634843059,0.994617426070434,0.987493833395235,0.983589720491792,0.974794482409524,0.967298842528875,0.961320815225347,0.950969983629823,0.933600602688022,0.901423428061714,0.891264193301986,0.870079735742964,0.854095248284317,0.856996980803459,0.81585757641351
0.584972171096446,0.67389152349634,0.730811208910826,0.778663284386353,0.801010327391489,0.821333866158728,0.850590777539453,0.86660991188651,0.89600783046365,0.906400158019463,0.927093041098819,0.945849378293514,0.954679514792685,0.969091105931763,0.969227475389581,0.98634097529884,0.997992634843059,1,0.997596603549636,0.991335272921672,0.987683142870696,0.978994361246079,0.972014368959569,0.967045699634939,0.957548236630171,0.939868498358263,0.907331866582764,0.89459923269266,0.870260335858895,0.85221878546921,0.853876791361966,0.812197925497027
0.590899044373119,0.680475298523103,0.737729782786568,0.787017286006114,0.810597763575406,0.8312268998678,0.859959003804192,0.875387788442494,0.904187522436002,0.913959673795299,0.932918051468202,0.949367072935796,0.956213087667075,0.968953985597718,0.96775573250241,0.983801761308764,0.994617426070434,0.997596603549636,1,0.998054269711323,0.994672030755823,0.985601400740326,0.978313879648019,0.97310367041681,0.963362463842654,0.943432188730548,0.90926840122607,0.894449175605266,0.868202145713729,0.849663137571531,0.855044805891292,0.815388903502443
0.593804752851764,0.683604110113465,0.7409246406409,0.791301341900415,0.815894866981814,0.83671424628399,0.864856048368186,0.879690208085488,0.907833332699979,0.917007259358832,0.934326922863464,0.948632086629869,0.953664528901199,0.964849679472914,0.962455366482944,0.97747488861242,0.987493833395235,0.991335272921672,0.998054269711323,1,0.996874522971387,0.987497546554926,0.979963230963259,0.974557073901232,0.964636551948437,0.94276297574659,0.90727532520724,0.890639328719847,0.862783067807351,0.843872580732068,0.85258293981813,0.814910360623439
0.593353304304268,0.6832198110756,0.740631010319829,0.792686451905301,0.818980658529845,0.840707228680878,0.869001538733678,0.883924835992037,0.912337249219181,0.92166368399958,0.93748166366225,0.949427401355007,0.952470282462074,0.962052389427293,0.958408826698645,0.973313430540974,0.983589720491792,0.987683142870696,0.994672030755823,0.996874522971387,1,0.996844955477896,0.992323216942237,0.986559540250287,0.976262080924455,0.953285298463962,0.91681187735284,0.899765363774101,0.871591910161506,0.852227847498116,0.859561572098611,0.820771349008918
0.58893929945005,0.678304092946823,0.735453571412008,0.788729142061019,0.816430388136345,0.838911028281773,0.86727281637423,0.882280550591106,0.910886390993237,0.920394885526559,0.934842340397039,0.944650926619256,0.945934549299897,0.954069903128586,0.949363036882504,0.964208435337969,0.974794482409524,0.978994361246079,0.985601400740326,0.987497546554926,0.996844955477896,1,0.998565374862832,0.992504911093203,0.981915930687282,0.958243945421607,0.921186270773796,0.904086739190834,0.875991152200679,0.856340053610152,0.861776224686698,0.821814910146573
0.586924003652123,0.675355766950139,0.731687887381223,0.785476248700779,0.813896613199062,0.836512015172061,0.864372803489813,0.878963725964323,0.907089866891501,0.916261284355919,0.930030181530863,0.939038351927954,0.939532733128624,0.946190975002415,0.940395306842721,0.955746307322221,0.967298842528875,0.972014368959569,0.978313879648019,0.979963230963259,0.992323216942237,0.998565374862832,1,0.996758989532488,0.988616201987321,0.965607253034889,0.92882074210345,0.911418836498966,0.882642799198005,0.86219225349003,0.865385269802531,0.823990123590584
0.587795102582034,0.674802422090433,0.729675935700988,0.783254313090861,0.811691542323278,0.833773379093629,0.860482008030176,0.874077753391204,0.900957906790559,0.909196079205804,0.923020793135576,0.932671042910986,0.933405409962745,0.938457593646929,0.931468280640115,0.947997750300388,0.961320815225347,0.967045699634939,0.97310367041681,0.974557073901232,0.986559540250287,0.992504911093203,0.996758989532488,1,0.99751589710398,0.976715673704303,0.941150831746019,0.923137914903722,0.892773102031797,0.870885972693734,0.871301909604893,0.828059367376076
0.585429587412995,0.670726544271387,0.724030798980924,0.777140157644071,0.805440809440809,0.826937912727159,0.852495516667239,0.865147485069527,0.890793540686931,0.898170679872426,0.911970693238785,0.922131815755777,0.923072416284648,0.926691378959165,0.918694057309994,0.936167473774698,0.950969983629823,0.957548236630171,0.963362463842654,0.964636551948437,0.976262080924455,0.981915930687282,0.988616201987321,0.99751589710398,1,0.981244530978914,0.946938712958145,0.928486634657655,0.896892225895738,0.873863647589045,0.871845641884214,0.827215580863742
0.571019737998683,0.651931329294632,0.701657496116451,0.754821098422437,0.784202075945332,0.805075794216686,0.827943334962199,0.838544134305767,0.865857855305283,0.874996957635366,0.888588186394909,0.897644226955251,0.898491549045537,0.905162524290163,0.899859265211547,0.918298704951634,0.933600602688022,0.939868498358263,0.943432188730548,0.94276297574659,0.953285298463962,0.958243945421607,0.965607253034889,0.976715673704303,0.981244530978914,1,0.991136361415455,0.977051344193542,0.938704343636638,0.908700316953518,0.889561119555065,0.834477675044221
0.54868565499149,0.62483081303897,0.671024168255344,0.723073778019536,0.752562243472577,0.772558179892301,0.793085165647811,0.802050683401098,0.829933611257386,0.840098321546068,0.853250181601666,0.861341622767172,0.862103988539635,0.870750100370744,0.867431035650018,0.886125646095829,0.901423428061714,0.907331866582764,0.90926840122607,0.90727532520724,0.91681187735284,0.921186270773796,0.92882074210345,0.941150831746019,0.946938712958145,0.991136361415455,1,0.989238043941277,0.947080842267039,0.912930498869546,0.882424714807674,0.82134429726399
0.540193253857732,0.613398292596195,0.657130376225272,0.706656852544198,0.734250052482117,0.754205725945812,0.776382811212451,0.787077248182897,0.818442493798776,0.831658488927071,0.846063225439984,0.85442532570785,0.85564674944201,0.865524337286543,0.863251637838375,0.879288895158811,0.891264193301986,0.89459923269266,0.894449175605266,0.890639328719847,0.899765363774101,0.904086739190834,0.911418836498966,0.923137914903722,0.928486634657655,0.977051344193542,0.989238043941277,1,0.983119291024293,0.960540798597493,0.911220352481459,0.83818716808452
0.52565132220714,0.595395295438094,0.636472634432135,0.682074770758674,0.70655278622993,0.726336905393362,0.751038810870475,0.764339931816396,0.79903739617998,0.815303288492743,0.831107306807511,0.840016217347762,0.841819263130392,0.852138199701989,0.850375827567072,0.862568624816491,0.870079735742964,0.870260335858895,0.868202145713729,0.862783067807351,0.871591910161506,0.875991152200679,0.882642799198005,0.892773102031797,0.896892225895738,0.938704343636638,0.947080842267039,0.983119291024293,1,0.994289898449869,0.927537712397498,0.843947333063444
0.518612882629424,0.586292319612511,0.625698762975285,0.668475546105615,0.690573250351531,0.71006833755754,0.736439051929879,0.751413667166857,0.787039775537561,0.80425760709513,0.820707654640269,0.830142404014561,0.832365630089497,0.842471664636553,0.840652626605869,0.849889725035817,0.854095248284317,0.85221878546921,0.849663137571531,0.843872580732068,0.852227847498116,0.856340053610152,0.86219225349003,0.870885972693734,0.873863647589045,0.908700316953518,0.912930498869546,0.960540798597493,0.994289898449869,1,0.94231682984758,0.863057911104848
0.542488589832603,0.611928470718836,0.651805479216034,0.692693888411327,0.712127592058781,0.731034968509638,0.759235562995373,0.7754560176786,0.805818106402457,0.818401699439598,0.834231470956455,0.845161397659851,0.847914008138002,0.855443312541586,0.851410923228808,0.856743480077998,0.856996980803459,0.853876791361966,0.855044805891292,0.85258293981813,0.859561572098611,0.861776224686698,0.865385269802531,0.871301909604893,0.871845641884214,0.889561119555065,0.882424714807674,0.911220352481459,0.927537712397498,0.94231682984758,1,0.982343876265747
0.528764943799227,0.595723963366225,0.633874254011169,0.67166701275492,0.68864206703444,0.706277543817231,0.734093787486055,0.750201225608378,0.776106163044359,0.785471691259139,0.800164923682869,0.811385174153454,0.814296324203665,0.820009746042555,0.814941464673411,0.817825603855346,0.81585757641351,0.812197925497027,0.815388903502443,0.814910360623439,0.820771349008918,0.821814910146573,0.823990123590584,0.828059367376076,0.827215580863742,0.834477675044221,0.82134429726399,0.83818716808452,0.843947333063444,0.863057911104848,0.982343876265747,1
