1,0.985597465731694,0.93193366527393,0.829262922936359,0.795077947129862,0.766415787258936,0.718550833873213,0.672693095656714,0.657557188071817,0.634280987416707,0.604647083293122,0.582190913591227,0.555846457596432,0.525339214340628,0.492233441236142,0.449504450754309,0.405401857116061,0.365159928576889,0.327923087392035,0.293620839872752,0.265180596444588,0.245714759082461,0.237097648347183,0.226405192962872,0.215571835835045,0.214090502136815,0.211220253886718,0.20623696761697,0.199711210823252,0.177065112463455,0.157126357646118,0.143421590270599
0.985597465731694,1,0.979835017652998,0.911827104053068,0.884058859023479,0.853194389133095,0.800946970760862,0.751065940156399,0.735839786545838,0.711458801361917,0.679859856928558,0.656680630710964,0.629020927516445,0.59638848341931,0.56114366808504,0.516083831072558,0.468625319137163,0.424869349535883,0.382637336795801,0.343123220756795,0.3103019377193,0.288397449417613,0.280620513634773,0.269905272428989,0.258611003766939,0.256532692393827,0.252323811163485,0.245800504674138,0.23965824658003,0.219217899272869,0.198496428175722,0.183758560860085
0.93193366527393,0.979835017652998,1,0.975476279038965,0.95632213994524,0.924003160434726,0.868520356547505,0.815740329768143,0.800973688012698,0.776193893371077,0.743448092268693,0.720276399456588,0.692091126564346,0.658161017493155,0.621699316612486,0.575560913244042,0.525901859739877,0.479620851743199,0.433057121968836,0.388854195561761,0.352076905671286,0.328105510163459,0.32161043772984,0.311266689874577,0.299847781075942,0.297141392897535,0.291507358758889,0.283407007627195,0.277946250876794,0.260872102316074,0.239996289618325,0.224585759185509
0.829262922936359,0.911827104053068,0.975476279038965,1,0.991230187384223,0.95881944408326,0.902365709483388,0.848858991631651,0.835288687682339,0.811227707226546,0.778748994759173,0.756668576994523,0.729221643846824,0.695447847193492,0.659349762771574,0.614179605845886,0.564417399169966,0.517517899236281,0.468358691761935,0.421056584149914,0.381640301762226,0.356512396718148,0.351732958578277,0.342281876205408,0.331259352475966,0.327987576626546,0.32104694199414,0.311587937979857,0.307133128457448,0.294565109139046,0.274494950725079,0.259063671318215
0.795077947129862,0.884058859023479,0.95632213994524,0.991230187384223,1,0.9872585887845,0.949644567928408,0.908662765387875,0.89566830887665,0.871383527489637,0.837978517781562,0.816767652680187,0.789796650595,0.755637911287271,0.719129543398632,0.673570551962073,0.622157738612253,0.573157960964475,0.521162494506361,0.470535201176798,0.428104791141228,0.401677437744117,0.398998948384964,0.390475108591445,0.379701715967063,0.375623815347601,0.366832858966664,0.355395814389109,0.349428019149833,0.333526140674492,0.309929196660508,0.291966328338776
0.766415787258936,0.853194389133095,0.924003160434726,0.95881944408326,0.9872585887845,1,0.987402984394562,0.963310924850149,0.950933773036744,0.926531983325545,0.892361521478145,0.872294694615771,0.846140311732046,0.811951955499653,0.775361637004628,0.729723127400805,0.676978614756984,0.626169382513693,0.571983904669967,0.518650828201036,0.473671636008884,0.446270926024296,0.445879505287992,0.438438149558334,0.428040062287331,0.423135806524124,0.412441990639138,0.39899091299303,0.390902854028499,0.369766850692315,0.341776379289349,0.320832690546929
0.718550833873213,0.800946970760862,0.868520356547505,0.902365709483388,0.949644567928408,0.987402984394562,1,0.993311038624614,0.981860433054962,0.957958843115378,0.92389061859955,0.905468388415537,0.88078684304966,0.847432856662638,0.811685558968826,0.767121104842675,0.714385080589754,0.663060381308861,0.608066334271953,0.553390291930762,0.507013175077111,0.479336924066043,0.481229548045664,0.475052581120679,0.465290403175353,0.459688371507905,0.44737263557152,0.432258758350256,0.422266764352612,0.396460222663657,0.364808252324547,0.341429747469963
0.672693095656714,0.751065940156399,0.815740329768143,0.848858991631651,0.908662765387875,0.963310924850149,0.993311038624614,1,0.993237295409582,0.973751389311763,0.94368993817471,0.927560109869668,0.904251238871841,0.871791873648545,0.837081184869254,0.794085091790468,0.741985990099259,0.690775480799419,0.636011584154921,0.581040777425743,0.534111757754603,0.506539461384469,0.510214690521871,0.505002214143202,0.495704558941594,0.490106187360054,0.477079918616983,0.461040847073928,0.449866754688551,0.420484707910426,0.385865037745037,0.36047947576976
0.657557188071817,0.735839786545838,0.800973688012698,0.835288687682339,0.89566830887665,0.950933773036744,0.981860433054962,0.993237295409582,1,0.99359266274339,0.975718209844892,0.9628452077955,0.939762632910987,0.907031300245518,0.872419344735616,0.830445436549662,0.778337053072877,0.726611873575576,0.67227645219821,0.617200545996029,0.569752869940928,0.542043735968249,0.546541997639624,0.541408032779389,0.531802471954507,0.527638328913209,0.515490707970657,0.499569316536421,0.488409597837639,0.45667437101037,0.419166747203986,0.391647880842154
0.634280987416707,0.711458801361917,0.776193893371077,0.811227707226546,0.871383527489637,0.926531983325545,0.957958843115378,0.973751389311763,0.99359266274339,1,0.994221279035154,0.984685888455825,0.962123458652453,0.92955257498331,0.895486360426177,0.855052770515214,0.803612268028401,0.752058017012877,0.698845545246264,0.64438279526767,0.597046600197765,0.569564217358221,0.57480523189331,0.569814387725487,0.5600338751481,0.557319988094633,0.546185498276762,0.530585491094364,0.519584735431783,0.485971044224252,0.446139362911264,0.416901299099353
0.604647083293122,0.679859856928558,0.743448092268693,0.778748994759173,0.837978517781562,0.892361521478145,0.92389061859955,0.94368993817471,0.975718209844892,0.994221279035154,1,0.993747903917109,0.971947217255757,0.939915173147228,0.906771501211151,0.868280678875706,0.818084870114669,0.767304642387829,0.715790125525781,0.662555947839354,0.61588726555367,0.588946324969669,0.594830645358209,0.59003495576286,0.58020431073917,0.578900118388717,0.568860036361966,0.55375037713667,0.543031128746654,0.508032030071203,0.466465477862586,0.4359413679118
0.582190913591227,0.656680630710964,0.720276399456588,0.756668576994523,0.816767652680187,0.872294694615771,0.905468388415537,0.927560109869668,0.9628452077955,0.984685888455825,0.993747903917109,1,0.991961719858062,0.971752283159287,0.947339094736838,0.912097511869992,0.863493359922415,0.813327422204795,0.759926943746717,0.703873654309162,0.654657293880547,0.626908812540797,0.63568204295406,0.632547287955431,0.623608836980722,0.620820500188618,0.608149121149274,0.590579236542627,0.580460781687633,0.550424029183822,0.509502135870336,0.478744377427199
0.555846457596432,0.629020927516445,0.692091126564346,0.729221643846824,0.789796650595,0.846140311732046,0.88078684304966,0.904251238871841,0.939762632910987,0.962123458652453,0.971947217255757,0.991961719858062,1,0.993804511691339,0.979728697731806,0.948263685003155,0.901842985129773,0.85285392523734,0.797497265361892,0.738547070222971,0.68680799510152,0.65833343513892,0.670220324334762,0.669027446730386,0.661266683688282,0.656408042726443,0.640528879021368,0.620171706971184,0.610818574296095,0.587360343266368,0.548176668437607,0.517877058171894
0.525339214340628,0.59638848341931,0.658161017493155,0.695447847193492,0.755637911287271,0.811951955499653,0.847432856662638,0.871791873648545,0.907031300245518,0.92955257498331,0.939915173147228,0.971752283159287,0.993804511691339,1,0.995190382386647,0.967459530998585,0.923571960089319,0.876265971780196,0.81992493537988,0.759211733694611,0.705942725943195,0.677207881743308,0.691672016811381,0.692200558019491,0.685577066551434,0.678964423226537,0.660478260749245,0.637942783949071,0.629385838274716,0.612016666603959,0.574879127253962,0.545383565339214
0.492233441236142,0.56114366808504,0.621699316612486,0.659349762771574,0.719129543398632,0.775361637004628,0.811685558968826,0.837081184869254,0.872419344735616,0.895486360426177,0.906771501211151,0.947339094736838,0.979728697731806,0.995190382386647,1,0.98413416185265,0.949296603123957,0.908728163802483,0.856500819801244,0.797764754778411,0.7454560721884,0.71742356107954,0.732577085682076,0.733003911709421,0.725883995952002,0.71835338149999,0.698255637621675,0.674026036191917,0.665148307637966,0.648193316987267,0.609612386803249,0.578796186473202
0.449504450754309,0.516083831072558,0.575560913244042,0.614179605845886,0.673570551962073,0.729723127400805,0.767121104842675,0.794085091790468,0.830445436549662,0.855052770515214,0.868280678875706,0.912097511869992,0.948263685003155,0.967459530998585,0.98413416185265,1,0.990014704157545,0.968365954272271,0.932109398911303,0.883844927580539,0.838067898328374,0.81292292147858,0.824698329956817,0.820946671345921,0.80959864014647,0.802857201861197,0.783076418051405,0.757919974672681,0.746163513560292,0.717000202374583,0.668892834716358,0.63175081490083
0.405401857116061,0.468625319137163,0.525901859739877,0.564417399169966,0.622157738612253,0.676978614756984,0.714385080589754,0.741985990099259,0.778337053072877,0.803612268028401,0.818084870114669,0.863493359922415,0.901842985129773,0.923571960089319,0.949296603123957,0.990014704157545,1,0.993871922203468,0.971123149382577,0.932268639992284,0.892715113873203,0.870432311793207,0.879257807355418,0.872271112773652,0.85782022103567,0.851858073253854,0.832775973380855,0.807451458083508,0.793673442104216,0.75546948979195,0.700880184030703,0.659551389341337
0.365159928576889,0.424869349535883,0.479620851743199,0.517517899236281,0.573157960964475,0.626169382513693,0.663060381308861,0.690775480799419,0.726611873575576,0.752058017012877,0.767304642387829,0.813327422204795,0.85285392523734,0.876265971780196,0.908728163802483,0.968365954272271,0.993871922203468,1,0.988160957859197,0.957227656393559,0.923106416176821,0.903379029595787,0.909768147768822,0.900342203165445,0.883659893511755,0.87839205087323,0.860124177692728,0.835021350048895,0.819850435797004,0.775090470328357,0.71618028070478,0.672145275294168
0.327923087392035,0.382637336795801,0.433057121968836,0.468358691761935,0.521162494506361,0.571983904669967,0.608066334271953,0.636011584154921,0.67227645219821,0.698845545246264,0.715790125525781,0.759926943746717,0.797497265361892,0.81992493537988,0.856500819801244,0.932109398911303,0.971123149382577,0.988160957859197,1,0.990192299017908,0.970969989809576,0.95800244690061,0.956589868467932,0.940166358190425,0.91749698055517,0.911200074898878,0.892784493441634,0.867127583589821,0.846239611783855,0.782122202705884,0.712789039312898,0.662792815178197
0.293620839872752,0.343123220756795,0.388854195561761,0.421056584149914,0.470535201176798,0.518650828201036,0.553390291930762,0.581040777425743,0.617200545996029,0.64438279526767,0.662555947839354,0.703873654309162,0.738547070222971,0.759211733694611,0.797764754778411,0.883844927580539,0.932268639992284,0.957227656393559,0.990192299017908,1,0.99486610488168,0.988346549343225,0.979671583975298,0.957061996996856,0.929286213716232,0.921915294240866,0.903500451350013,0.877697714007295,0.851756216165736,0.770818181443777,0.693226818482341,0.638744823118162
0.265180596444588,0.3103019377193,0.352076905671286,0.381640301762226,0.428104791141228,0.473671636008884,0.507013175077111,0.534111757754603,0.569752869940928,0.597046600197765,0.61588726555367,0.654657293880547,0.68680799510152,0.705942725943195,0.7454560721884,0.838067898328374,0.892715113873203,0.923106416176821,0.970969989809576,0.99486610488168,1,0.998230839559941,0.984401520022086,0.957587739105403,0.92645304752692,0.918394370915645,0.900205425990745,0.874612835209842,0.84532828428632,0.753196736608725,0.670573108175798,0.613508595581335
0.245714759082461,0.288397449417613,0.328105510163459,0.356512396718148,0.401677437744117,0.446270926024296,0.479336924066043,0.506539461384469,0.542043735968249,0.569564217358221,0.588946324969669,0.626908812540797,0.65833343513892,0.677207881743308,0.71742356107954,0.81292292147858,0.870432311793207,0.903379029595787,0.95800244690061,0.988346549343225,0.998230839559941,1,0.988908528830551,0.964215685362592,0.934705342911239,0.926140071932956,0.906831024805577,0.880329096939858,0.848875688070811,0.751200654923448,0.665776086892532,0.607164282264417
0.237097648347183,0.280620513634773,0.32161043772984,0.351732958578277,0.398998948384964,0.445879505287992,0.481229548045664,0.510214690521871,0.546541997639624,0.57480523189331,0.594830645358209,0.63568204295406,0.670220324334762,0.691672016811381,0.732577085682076,0.824698329956817,0.879257807355418,0.909768147768822,0.956589868467932,0.979671583975298,0.984401520022086,0.988908528830551,1,0.992898141727667,0.977127667235295,0.968149086634518,0.943944304480587,0.913356476090955,0.881066207650664,0.78720809497639,0.702123394593182,0.643196311106915
0.226405192962872,0.269905272428989,0.311266689874577,0.342281876205408,0.390475108591445,0.438438149558334,0.475052581120679,0.505002214143202,0.541408032779389,0.569814387725487,0.59003495576286,0.632547287955431,0.669027446730386,0.692200558019491,0.733003911709421,0.820946671345921,0.872271112773652,0.900342203165445,0.940166358190425,0.957061996996856,0.957587739105403,0.964215685362592,0.992898141727667,1,0.995487115927518,0.98632101048695,0.958581736042684,0.925210123326226,0.892765731941712,0.803465346963192,0.720013041286161,0.661775431545355
0.215571835835045,0.258611003766939,0.299847781075942,0.331259352475966,0.379701715967063,0.428040062287331,0.465290403175353,0.495704558941594,0.531802471954507,0.5600338751481,0.58020431073917,0.623608836980722,0.661266683688282,0.685577066551434,0.725883995952002,0.80959864014647,0.85782022103567,0.883659893511755,0.91749698055517,0.929286213716232,0.92645304752692,0.934705342911239,0.977127667235295,0.995487115927518,1,0.990777602680487,0.96050129678572,0.925248794409894,0.893011677024913,0.808255735785014,0.726954904166583,0.669859998531237
0.214090502136815,0.256532692393827,0.297141392897535,0.327987576626546,0.375623815347601,0.423135806524124,0.459688371507905,0.490106187360054,0.527638328913209,0.557319988094633,0.578900118388717,0.620820500188618,0.656408042726443,0.678964423226537,0.71835338149999,0.802857201861197,0.851858073253854,0.87839205087323,0.911200074898878,0.921915294240866,0.918394370915645,0.926140071932956,0.968149086634518,0.98632101048695,0.990777602680487,1,0.98919487836741,0.967784664044496,0.944009185633688,0.856074664963539,0.770921738668635,0.710987692703034
0.211220253886718,0.252323811163485,0.291507358758889,0.32104694199414,0.366832858966664,0.412441990639138,0.44737263557152,0.477079918616983,0.515490707970657,0.546185498276762,0.568860036361966,0.608149121149274,0.640528879021368,0.660478260749245,0.698255637621675,0.783076418051405,0.832775973380855,0.860124177692728,0.892784493441634,0.903500451350013,0.900205425990745,0.906831024805577,0.943944304480587,0.958581736042684,0.96050129678572,0.98919487836741,1,0.994240146157769,0.979879947376768,0.889067727266788,0.800899796529108,0.738805946766566
0.20623696761697,0.245800504674138,0.283407007627195,0.311587937979857,0.355395814389109,0.39899091299303,0.432258758350256,0.461040847073928,0.499569316536421,0.530585491094364,0.55375037713667,0.590579236542627,0.620171706971184,0.637942783949071,0.674026036191917,0.757919974672681,0.807451458083508,0.835021350048895,0.867127583589821,0.877697714007295,0.874612835209842,0.880329096939858,0.913356476090955,0.925210123326226,0.925248794409894,0.967784664044496,0.994240146157769,1,0.992718887886791,0.901043343619084,0.811875595425098,0.749050972476224
0.199711210823252,0.23965824658003,0.277946250876794,0.307133128457448,0.349428019149833,0.390902854028499,0.422266764352612,0.449866754688551,0.488409597837639,0.519584735431783,0.543031128746654,0.580460781687633,0.610818574296095,0.629385838274716,0.665148307637966,0.746163513560292,0.793673442104216,0.819850435797004,0.846239611783855,0.851756216165736,0.84532828428632,0.848875688070811,0.881066207650664,0.892765731941712,0.893011677024913,0.944009185633688,0.979879947376768,0.992718887886791,1,0.94180022612143,0.868230003742756,0.813604851764976
0.177065112463455,0.219217899272869,0.260872102316074,0.294565109139046,0.333526140674492,0.369766850692315,0.396460222663657,0.420484707910426,0.45667437101037,0.485971044224252,0.508032030071203,0.550424029183822,0.587360343266368,0.612016666603959,0.648193316987267,0.717000202374583,0.75546948979195,0.775090470328357,0.782122202705884,0.770818181443777,0.753196736608725,0.751200654923448,0.78720809497639,0.803465346963192,0.808255735785014,0.856074664963539,0.889067727266788,0.901043343619084,0.94180022612143,1,0.984495493814662,0.961710381880649
0.157126357646118,0.198496428175722,0.239996289618325,0.274494950725079,0.309929196660508,0.341776379289349,0.364808252324547,0.385865037745037,0.419166747203986,0.446139362911264,0.466465477862586,0.509502135870336,0.548176668437607,0.574879127253962,0.609612386803249,0.668892834716358,0.700880184030703,0.71618028070478,0.712789039312898,0.693226818482341,0.670573108175798,0.665776086892532,0.702123394593182,0.720013041286161,0.726954904166583,0.770921738668635,0.800899796529108,0.811875595425098,0.868230003742756,0.984495493814662,1,0.994873728977882
0.143421590270599,0.183758560860085,0.224585759185509,0.259063671318215,0.291966328338776,0.320832690546929,0.341429747469963,0.36047947576976,0.391647880842154,0.416901299099353,0.4359413679118,0.478744377427199,0.517877058171894,0.545383565339214,0.578796186473202,0.63175081490083,0.659551389341337,0.672145275294168,0.662792815178197,0.638744823118162,0.613508595581335,0.607164282264417,0.643196311106915,0.661775431545355,0.669859998531237,0.710987692703034,0.738805946766566,0.749050972476224,0.813604851764976,0.961710381880649,0.994873728977882,1
