1,0.755170051798447,0.690160534704017,0.659604239053714,0.617229382960742,0.598083013419794,0.579510411138057,0.571157246334943,0.556610503591706,0.54588915197031,0.53834831283434,0.530111156763179,0.524092748848665,0.515239587505787,0.501154950140739,0.478453558664472,0.45848926635107,0.446317280419258,0.43158087902627,0.413864614252323,0.393919534782864,0.374294594429289,0.350425852090685,0.325931762661851,0.285357240018019,0.254267811811872,0.212106721739721,0.175352185579193,0.116365138211083,0.0410268975734675,-0.119196750917151,-0.121308318251241
0.755170051798447,1,0.925263539696045,0.891860486565923,0.855690820424848,0.842760178049892,0.818661018273742,0.807117272375414,0.799867508769131,0.791340712407202,0.777567500212384,0.766938179545765,0.764519863165626,0.752618656159476,0.735771619671093,0.713305302142563,0.701681318362251,0.69068021747653,0.679178402390241,0.66193237217925,0.643562035523253,0.622577521757535,0.59682875558044,0.567299892637809,0.527246225085054,0.498541126678092,0.456885313375336,0.40597825795062,0.329489002693386,0.186035783977411,-0.0614303865954864,-0.142886234768285
0.690160534704017,0.925263539696045,1,0.955103139845948,0.913360804727414,0.896496152292223,0.873129509201215,0.865571441929129,0.855157232145433,0.848312733437295,0.832250455426745,0.819625477038383,0.814373476528657,0.804273588122776,0.788110682982311,0.767575213592342,0.756566964038026,0.748345433810242,0.739269818055681,0.722684467140049,0.705660585880365,0.684823365132615,0.653826252777834,0.623536399958412,0.588400296577329,0.559951136519833,0.518839875544753,0.46789284016069,0.390427291491026,0.239913248392901,-0.0219856847546058,-0.145409894499232
0.659604239053714,0.891860486565923,0.955103139845948,1,0.9680691312805,0.946400441964474,0.921827965590377,0.913180018708572,0.900508277453607,0.892436600200639,0.877732626741828,0.867119437563226,0.862237854885086,0.854097190829083,0.838483686858848,0.820999406825376,0.808005931750779,0.798852867240039,0.788486186331425,0.771453517083334,0.753570218412837,0.733644227468249,0.703662271952096,0.674625566636552,0.637910593598835,0.608169581985194,0.567979534435382,0.516851729375135,0.432367652358306,0.272068686558687,-0.016479594442826,-0.147904012406284
0.617229382960742,0.855690820424848,0.913360804727414,0.9680691312805,1,0.981230871797708,0.958145228881746,0.946032496653585,0.935012540208369,0.926293683285731,0.913804406329293,0.904802834171824,0.898451184107051,0.893110062684416,0.878521035843155,0.862781216456897,0.851296497672422,0.841103082226837,0.830591361819794,0.814486002857325,0.797177075331104,0.77675157930505,0.748975191382652,0.723065553639335,0.690095938735613,0.659131359378951,0.622332769782042,0.577347243254355,0.493457202395192,0.335605355499107,0.0227099766999248,-0.13585744536513
0.598083013419794,0.842760178049892,0.896496152292223,0.946400441964474,0.981230871797708,1,0.979568671269649,0.966774260191976,0.95493216714101,0.946150756964578,0.933073858303757,0.924628072376485,0.919826676685193,0.913063561553653,0.898934320890578,0.884836542116485,0.874369921021354,0.861959773019188,0.851369278502995,0.836720383866295,0.818423748227782,0.800108011803346,0.774287867615352,0.748815967527611,0.716902983330833,0.686233312187176,0.648621094054298,0.603821081290773,0.520908479677724,0.35722160446802,0.0371163849340601,-0.122295310036543
0.579510411138057,0.818661018273742,0.873129509201215,0.921827965590377,0.958145228881746,0.979568671269649,1,0.98620349688463,0.972745198171413,0.963844138791729,0.949924907094398,0.938966655293471,0.932941987984378,0.924834786204675,0.909674115793703,0.895834975185338,0.886120375955811,0.87470054659618,0.864639205469856,0.850881354791542,0.835311308899201,0.818925526268715,0.796445855727244,0.772877976816002,0.742158142178906,0.709714370720987,0.671946490576716,0.627723580228149,0.543800421490574,0.381902905956092,0.0585417108420082,-0.113030198459799
0.571157246334943,0.807117272375414,0.865571441929129,0.913180018708572,0.946032496653585,0.966774260191976,0.98620349688463,1,0.989083171764353,0.978399717542932,0.964256818957885,0.952234749160394,0.944768030919779,0.936434375993059,0.92035891304031,0.906940971616906,0.897981346552345,0.887128283992718,0.876665597865787,0.861876673536863,0.844769962409941,0.828545588362044,0.80579942367291,0.781919200658489,0.751584518558704,0.720884032497689,0.684144942856848,0.640418502747587,0.555266041999258,0.393380490882252,0.0658583169928322,-0.10877646577781
0.556610503591706,0.799867508769131,0.855157232145433,0.900508277453607,0.935012540208369,0.95493216714101,0.972745198171413,0.989083171764353,1,0.991226597384984,0.978230086205134,0.966497095245415,0.959112679517964,0.950971823503533,0.93732710546113,0.924806305552836,0.916073764254783,0.906365226554719,0.896281444739923,0.879952085253902,0.863471498767696,0.848068783758485,0.826955260873557,0.803903871761093,0.774417601551942,0.745963473696003,0.711727047126581,0.668709647136614,0.583843705572477,0.424106944453989,0.0834146447138893,-0.0993838780743596
0.54588915197031,0.791340712407202,0.848312733437295,0.892436600200639,0.926293683285731,0.946150756964578,0.963844138791729,0.978399717542932,0.991226597384984,1,0.990533702092973,0.978864339990452,0.971979819818451,0.962777115044148,0.949032306125861,0.934793192669689,0.924388090813428,0.914679374271808,0.904298312508512,0.887512011044523,0.870678481098403,0.856540312502744,0.835993887274484,0.814270229820772,0.785237693184851,0.758377196210376,0.724057699401975,0.681838683870026,0.599360276820096,0.441325282445342,0.099471362352128,-0.091080269600342
0.53834831283434,0.777567500212384,0.832250455426745,0.877732626741828,0.913804406329293,0.933073858303757,0.949924907094398,0.964256818957885,0.978230086205134,0.990533702092973,1,0.990414467632879,0.982604184022644,0.971841249514637,0.958180467103165,0.944035321551357,0.934134315962958,0.923690113832544,0.913286912888595,0.897027941105182,0.879353704061528,0.865565262640852,0.845990427395991,0.825831238730496,0.798419734840405,0.771707189055775,0.734514339717007,0.691999832563922,0.611548488672221,0.454354565231992,0.10834327218343,-0.0854388728634056
0.530111156763179,0.766938179545765,0.819625477038383,0.867119437563226,0.904802834171824,0.924628072376485,0.938966655293471,0.952234749160394,0.966497095245415,0.978864339990452,0.990414467632879,1,0.991901504243563,0.981921844772688,0.969686110462215,0.954310724921627,0.944027818840465,0.93182430824942,0.92151352322311,0.905917246578474,0.887970557605218,0.871655321473323,0.850284908265905,0.830489126395352,0.803374666547143,0.776757670418185,0.739975083776761,0.699173918024046,0.618244376146826,0.4652725981448,0.125200874800966,-0.0803173737295861
0.524092748848665,0.764519863165626,0.814373476528657,0.862237854885086,0.898451184107051,0.919826676685193,0.932941987984378,0.944768030919779,0.959112679517964,0.971979819818451,0.982604184022644,0.991901504243563,1,0.991131988416263,0.979543616952878,0.965097935873601,0.953804195097697,0.941735871668604,0.930488806338367,0.913367419548936,0.895610568081695,0.878746183453944,0.858954426956144,0.838554022216891,0.812089243591297,0.785043239383962,0.747264198271238,0.706376319222771,0.626731325497851,0.475381933807219,0.134711092447027,-0.0762428462769601
0.515239587505787,0.752618656159476,0.804273588122776,0.854097190829083,0.893110062684416,0.913063561553653,0.924834786204675,0.936434375993059,0.950971823503533,0.962777115044148,0.971841249514637,0.981921844772688,0.991131988416263,1,0.991506641051934,0.978644883215893,0.965877654692962,0.95349717343205,0.940545885630898,0.923085527600934,0.904667417129226,0.888038250383314,0.867307554257462,0.846630091451513,0.820304557158568,0.792375164676487,0.755641686566081,0.713629539424806,0.632880391552646,0.481958754893001,0.138525921239154,-0.0759363527650462
0.501154950140739,0.735771619671093,0.788110682982311,0.838483686858848,0.878521035843155,0.898934320890578,0.909674115793703,0.92035891304031,0.93732710546113,0.949032306125861,0.958180467103165,0.969686110462215,0.979543616952878,0.991506641051934,1,0.990656063366971,0.978272795966401,0.965725034154547,0.951742971910049,0.934185769359943,0.913824206153026,0.895821851133485,0.874846448135581,0.855193508517116,0.830663174754909,0.804030906291506,0.769371748325791,0.730520098146186,0.652199940629534,0.501067108095694,0.161936889363449,-0.0583541755385743
0.478453558664472,0.713305302142563,0.767575213592342,0.820999406825376,0.862781216456897,0.884836542116485,0.895834975185338,0.906940971616906,0.924806305552836,0.934793192669689,0.944035321551357,0.954310724921627,0.965097935873601,0.978644883215893,0.990656063366971,1,0.989043289080251,0.977800351347047,0.964436650631574,0.947744635163844,0.926608902528608,0.909069183433474,0.889084761285491,0.870864437718564,0.84606374792003,0.820391426160813,0.789125793153538,0.750617968490208,0.673790560790907,0.523500228057984,0.179530388142142,-0.0542071675802788
0.45848926635107,0.701681318362251,0.756566964038026,0.808005931750779,0.851296497672422,0.874369921021354,0.886120375955811,0.897981346552345,0.916073764254783,0.924388090813428,0.934134315962958,0.944027818840465,0.953804195097697,0.965877654692962,0.978272795966401,0.989043289080251,1,0.992030044983998,0.980641446428505,0.965556375908429,0.944937538176089,0.926916338605697,0.906474902258495,0.888392070017829,0.864512170749788,0.838644470099239,0.807136357313208,0.767351352162093,0.690501133077312,0.539812296626001,0.188168286925644,-0.0393729119002364
0.446317280419258,0.69068021747653,0.748345433810242,0.798852867240039,0.841103082226837,0.861959773019188,0.87470054659618,0.887128283992718,0.906365226554719,0.914679374271808,0.923690113832544,0.93182430824942,0.941735871668604,0.95349717343205,0.965725034154547,0.977800351347047,0.992030044983998,1,0.992045957634384,0.977782291155393,0.957227331221828,0.940353167512835,0.921193097682221,0.903033816669503,0.878655354870493,0.853046290160014,0.8210497267399,0.781353242203305,0.705524128897595,0.554108905435438,0.195719414662199,-0.0311414465878701
0.43158087902627,0.679178402390241,0.739269818055681,0.788486186331425,0.830591361819794,0.851369278502995,0.864639205469856,0.876665597865787,0.896281444739923,0.904298312508512,0.913286912888595,0.92151352322311,0.930488806338367,0.940545885630898,0.951742971910049,0.964436650631574,0.980641446428505,0.992045957634384,1,0.990003437507123,0.971807574869123,0.954796369214627,0.93569805838209,0.916484098513924,0.891677163487733,0.865254520541061,0.831903079180331,0.79281725616629,0.71808771411908,0.568674419945349,0.202687448414117,-0.0278214581533077
0.413864614252323,0.66193237217925,0.722684467140049,0.771453517083334,0.814486002857325,0.836720383866295,0.850881354791542,0.861876673536863,0.879952085253902,0.887512011044523,0.897027941105182,0.905917246578474,0.913367419548936,0.923085527600934,0.934185769359943,0.947744635163844,0.965556375908429,0.977782291155393,0.990003437507123,1,0.986499633107435,0.969932735691263,0.951305191455358,0.931656792025006,0.905812863824003,0.878424057142873,0.846871615680229,0.808442953151088,0.736216251928212,0.591458707849698,0.219249549626309,-0.0108561979158803
0.393919534782864,0.643562035523253,0.705660585880365,0.753570218412837,0.797177075331104,0.818423748227782,0.835311308899201,0.844769962409941,0.863471498767696,0.870678481098403,0.879353704061528,0.887970557605218,0.895610568081695,0.904667417129226,0.913824206153026,0.926608902528608,0.944937538176089,0.957227331221828,0.971807574869123,0.986499633107435,1,0.986899975102011,0.969317967174996,0.950598490500246,0.923971806098668,0.897450975704805,0.868354484826424,0.831312651771414,0.761405552649164,0.613585921781903,0.232176698598557,0.00435840568228356
0.374294594429289,0.622577521757535,0.684823365132615,0.733644227468249,0.77675157930505,0.800108011803346,0.818925526268715,0.828545588362044,0.848068783758485,0.856540312502744,0.865565262640852,0.871655321473323,0.878746183453944,0.888038250383314,0.895821851133485,0.909069183433474,0.926916338605697,0.940353167512835,0.954796369214627,0.969932735691263,0.986899975102011,1,0.986474085031868,0.970522927412922,0.945902526747453,0.919163573962981,0.891362503559053,0.855157659913902,0.782349673490847,0.63123130375739,0.244425835931383,0.0221692875441939
0.350425852090685,0.59682875558044,0.653826252777834,0.703662271952096,0.748975191382652,0.774287867615352,0.796445855727244,0.80579942367291,0.826955260873557,0.835993887274484,0.845990427395991,0.850284908265905,0.858954426956144,0.867307554257462,0.874846448135581,0.889084761285491,0.906474902258495,0.921193097682221,0.93569805838209,0.951305191455358,0.969317967174996,0.986474085031868,1,0.989547034071286,0.969127101400887,0.942792974276692,0.91584327445068,0.88050914361088,0.807007218881444,0.658874164745234,0.266944656992164,0.0360708465209106
0.325931762661851,0.567299892637809,0.623536399958412,0.674625566636552,0.723065553639335,0.748815967527611,0.772877976816002,0.781919200658489,0.803903871761093,0.814270229820772,0.825831238730496,0.830489126395352,0.838554022216891,0.846630091451513,0.855193508517116,0.870864437718564,0.888392070017829,0.903033816669503,0.916484098513924,0.931656792025006,0.950598490500246,0.970522927412922,0.989547034071286,1,0.984928090242431,0.959812121124731,0.933799451770577,0.899510239700596,0.827347182929594,0.678026534040348,0.282363002408717,0.0460375843163787
0.285357240018019,0.527246225085054,0.588400296577329,0.637910593598835,0.690095938735613,0.716902983330833,0.742158142178906,0.751584518558704,0.774417601551942,0.785237693184851,0.798419734840405,0.803374666547143,0.812089243591297,0.820304557158568,0.830663174754909,0.84606374792003,0.864512170749788,0.878655354870493,0.891677163487733,0.905812863824003,0.923971806098668,0.945902526747453,0.969127101400887,0.984928090242431,1,0.978479130155661,0.953579245857457,0.920540507599643,0.848431228528585,0.699934983742563,0.304456579993886,0.0639895921367224
0.254267811811872,0.498541126678092,0.559951136519833,0.608169581985194,0.659131359378951,0.686233312187176,0.709714370720987,0.720884032497689,0.745963473696003,0.758377196210376,0.771707189055775,0.776757670418185,0.785043239383962,0.792375164676487,0.804030906291506,0.820391426160813,0.838644470099239,0.853046290160014,0.865254520541061,0.878424057142873,0.897450975704805,0.919163573962981,0.942792974276692,0.959812121124731,0.978479130155661,1,0.976123051848641,0.945167141015015,0.876543155251043,0.733458404236853,0.326532767337295,0.0858779009936618
0.212106721739721,0.456885313375336,0.518839875544753,0.567979534435382,0.622332769782042,0.648621094054298,0.671946490576716,0.684144942856848,0.711727047126581,0.724057699401975,0.734514339717007,0.739975083776761,0.747264198271238,0.755641686566081,0.769371748325791,0.789125793153538,0.807136357313208,0.8210497267399,0.831903079180331,0.846871615680229,0.868354484826424,0.891362503559053,0.91584327445068,0.933799451770577,0.953579245857457,0.976123051848641,1,0.974417192531895,0.906673738081575,0.759668301336414,0.35059023896881,0.103018891330645
0.175352185579193,0.40597825795062,0.46789284016069,0.516851729375135,0.577347243254355,0.603821081290773,0.627723580228149,0.640418502747587,0.668709647136614,0.681838683870026,0.691999832563922,0.699173918024046,0.706376319222771,0.713629539424806,0.730520098146186,0.750617968490208,0.767351352162093,0.781353242203305,0.79281725616629,0.808442953151088,0.831312651771414,0.855157659913902,0.88050914361088,0.899510239700596,0.920540507599643,0.945167141015015,0.974417192531895,1,0.947498664016377,0.813738286042034,0.426465457393861,0.134834508523244
0.116365138211083,0.329489002693386,0.390427291491026,0.432367652358306,0.493457202395192,0.520908479677724,0.543800421490574,0.555266041999258,0.583843705572477,0.599360276820096,0.611548488672221,0.618244376146826,0.626731325497851,0.632880391552646,0.652199940629534,0.673790560790907,0.690501133077312,0.705524128897595,0.71808771411908,0.736216251928212,0.761405552649164,0.782349673490847,0.807007218881444,0.827347182929594,0.848431228528585,0.876543155251043,0.906673738081575,0.947498664016377,1,0.906131678988092,0.536936537878331,0.203341435991586
0.0410268975734675,0.186035783977411,0.239913248392901,0.272068686558687,0.335605355499107,0.35722160446802,0.381902905956092,0.393380490882252,0.424106944453989,0.441325282445342,0.454354565231992,0.4652725981448,0.475381933807219,0.481958754893001,0.501067108095694,0.523500228057984,0.539812296626001,0.554108905435438,0.568674419945349,0.591458707849698,0.613585921781903,0.63123130375739,0.658874164745234,0.678026534040348,0.699934983742563,0.733458404236853,0.759668301336414,0.813738286042034,0.906131678988092,1,0.695703884594092,0.302157209069063
-0.119196750917151,-0.0614303865954864,-0.0219856847546058,-0.016479594442826,0.0227099766999248,0.0371163849340601,0.0585417108420082,0.0658583169928322,0.0834146447138893,0.099471362352128,0.10834327218343,0.125200874800966,0.134711092447027,0.138525921239154,0.161936889363449,0.179530388142142,0.188168286925644,0.195719414662199,0.202687448414117,0.219249549626309,0.232176698598557,0.244425835931383,0.266944656992164,0.282363002408717,0.304456579993886,0.326532767337295,0.35059023896881,0.426465457393861,0.536936537878331,0.695703884594092,1,0.361300056098364
-0.121308318251241,-0.142886234768285,-0.145409894499232,-0.147904012406284,-0.13585744536513,-0.122295310036543,-0.113030198459799,-0.10877646577781,-0.0993838780743596,-0.091080269600342,-0.0854388728634056,-0.0803173737295861,-0.0762428462769601,-0.0759363527650462,-0.0583541755385743,-0.0542071675802788,-0.0393729119002364,-0.0311414465878701,-0.0278214581533077,-0.0108561979158803,0.00435840568228356,0.0221692875441939,0.0360708465209106,0.0460375843163787,0.0639895921367224,0.0858779009936618,0.103018891330645,0.134834508523244,0.203341435991586,0.302157209069063,0.361300056098364,1
