1,0.79280205188435,0.682597844796782,0.623126256271698,0.602000190068923,0.559049250747485,0.539275612341864,0.511517194700533,0.490985942733634,0.469672031737489,0.446055629002259,0.413426821966655,0.389584599799239,0.364850000620652,0.332112158991828,0.303299091319342,0.277592057047378,0.256909561794568,0.237080656802917,0.228477979850094,0.212340456056547,0.18643747311611,0.173771044741637,0.155394692867072,0.132091840265624,0.124638487088569,0.0938099572740993,0.0578621993747421,-0.00508984332054589,-0.000570861500146001,-0.0676933837928107,-0.134349712634149
0.79280205188435,1,0.892240205217085,0.80369060437251,0.770527888418485,0.729261510505812,0.70425512840292,0.679995358911475,0.653919845784438,0.628901124533016,0.604827625602635,0.573959784417893,0.549088107112665,0.530011913034351,0.50220990426939,0.459497341412909,0.434292183436769,0.404823131725333,0.383977811436873,0.372912421670201,0.348764219515371,0.318304236277013,0.303631098779617,0.282338816593494,0.260846800633648,0.251413806552524,0.21386820488905,0.173483300265969,0.0928698943682822,0.032531658807122,-0.0766583643903432,-0.150806001680415
0.682597844796782,0.892240205217085,1,0.943941233525117,0.894837894351409,0.853660633770379,0.831742333683535,0.806796302097877,0.779721684355347,0.753855726783597,0.729524825806373,0.693982426928434,0.66425501239622,0.639271853692092,0.605059124583591,0.554732829063116,0.524507566742888,0.49281098304396,0.47053901727004,0.459725780826223,0.436658987212827,0.408710833038796,0.391539689302676,0.366068324114788,0.350186291519923,0.338480773540665,0.297069735706892,0.246279763496409,0.159383471902481,0.045991556494538,-0.0701988755537104,-0.117239398106734
0.623126256271698,0.80369060437251,0.943941233525117,1,0.953195195456811,0.909951412027067,0.888173173580256,0.857350602744015,0.834881266026676,0.804863519192857,0.777073066000819,0.741198124505349,0.712630587701146,0.687782053554928,0.652849178850805,0.60284413876362,0.569196141081293,0.540733502084168,0.519199867447419,0.506383998209542,0.484432380726558,0.455362785468822,0.436202361497976,0.41084852488518,0.394692676154859,0.381103185295829,0.34302958523457,0.29048636817783,0.197846009154518,0.0576126023069137,-0.0612336762062635,-0.0856228922734918
0.602000190068923,0.770527888418485,0.894837894351409,0.953195195456811,1,0.969964282352893,0.943565949880689,0.917332397848092,0.900660735704268,0.874883806449838,0.846613322762477,0.812570145272797,0.787281515326798,0.764265214748232,0.731105409444044,0.685129757358627,0.651685909338267,0.62642204464762,0.604949909496056,0.5929292027765,0.570903280200346,0.540436704792868,0.52091607293238,0.491881071308647,0.473538922443405,0.457169973372139,0.411324192182276,0.354494175741101,0.242613882250784,0.0657734368261845,-0.0550028006002556,-0.0872969349413771
0.559049250747485,0.729261510505812,0.853660633770379,0.909951412027067,0.969964282352893,1,0.977158541816498,0.950343150369624,0.930209376822237,0.902754129201036,0.875244179435435,0.844534328167214,0.818068455549269,0.794144970800792,0.760830154236544,0.71472092066734,0.684573031298108,0.661167610425016,0.639456413067753,0.629062388595181,0.607598012764903,0.577322475568058,0.558082094339341,0.529589642640066,0.513267796301942,0.495301178438362,0.445606540030443,0.386171919799203,0.266477662331728,0.0770008328245477,-0.0334460719638659,-0.0797921610611421
0.539275612341864,0.70425512840292,0.831742333683535,0.888173173580256,0.943565949880689,0.977158541816498,1,0.980884192699918,0.9557159848846,0.925902480810994,0.89877953433464,0.866835461714547,0.841977999599309,0.820169548040621,0.790696448255532,0.746666318520422,0.717977558708514,0.69559856319581,0.675487484140982,0.663732220955167,0.641724370683326,0.612406710655747,0.593436606088967,0.564791595684268,0.547719815771241,0.531303195350971,0.482713742317777,0.427149112069749,0.30429073303987,0.10044227693905,-0.0255725172181111,-0.0689012182466624
0.511517194700533,0.679995358911475,0.806796302097877,0.857350602744015,0.917332397848092,0.950343150369624,0.980884192699918,1,0.980955951851615,0.95539931107359,0.931412934054387,0.901926483112501,0.88085859360224,0.859794842801208,0.831923432009406,0.791675245833023,0.761462652707617,0.739024746169798,0.71957947169941,0.708634269610932,0.688540817559298,0.662114781481295,0.642939825519995,0.616239346840347,0.600622752847407,0.586053458590223,0.540888536151168,0.485028005881371,0.355971623487958,0.121366243845321,0.00266169726511653,-0.0483309441516004
0.490985942733634,0.653919845784438,0.779721684355347,0.834881266026676,0.900660735704268,0.930209376822237,0.9557159848846,0.980955951851615,1,0.982903815152737,0.959409870553771,0.930711346215651,0.911083529164904,0.889978338407506,0.863633600085094,0.828400559968875,0.798126802489823,0.775808136220051,0.758035159716638,0.747150048007795,0.72716521317853,0.701180362820663,0.681327020695534,0.655648249353386,0.639122946929333,0.624345497174817,0.577946444217002,0.514985696287462,0.371674407570838,0.132341062820412,0.0199633612123998,-0.0428978351622288
0.469672031737489,0.628901124533016,0.753855726783597,0.804863519192857,0.874883806449838,0.902754129201036,0.925902480810994,0.95539931107359,0.982903815152737,1,0.983949506659345,0.958372272572499,0.938051665948196,0.91659548090442,0.893748858235468,0.861594830414254,0.832079428167666,0.812544290856723,0.794404790546219,0.781694837200849,0.76146164621436,0.73558659022468,0.716889510262145,0.693180626998639,0.67829142634965,0.665254777919862,0.61943160440582,0.551179297666224,0.398542658477812,0.144265538425614,0.0217001389439387,-0.0409737513141952
0.446055629002259,0.604827625602635,0.729524825806373,0.777073066000819,0.846613322762477,0.875244179435435,0.89877953433464,0.931412934054387,0.959409870553771,0.983949506659345,1,0.983739172945306,0.965496700953796,0.944474981742632,0.923986651802741,0.895265662720884,0.870206669596464,0.852241910782951,0.834383789774611,0.821835472442902,0.80082787048008,0.777555683320819,0.761877889828789,0.738455888299588,0.722724276793207,0.710804223040491,0.668576003932815,0.602368273905844,0.444310985408201,0.16769552478559,0.0366909544604853,-0.022969312118988
0.413426821966655,0.573959784417893,0.693982426928434,0.741198124505349,0.812570145272797,0.844534328167214,0.866835461714547,0.901926483112501,0.930711346215651,0.958372272572499,0.983739172945306,1,0.987910449635766,0.968169156730141,0.948408100377675,0.921140768388271,0.896531525514539,0.87865248938692,0.861701136892617,0.849951355938359,0.829326253932515,0.807781317638033,0.793660384456541,0.772128648365125,0.757379161887543,0.745008742788707,0.706424738233807,0.64339646971622,0.485118424615246,0.19011924651967,0.0485032873944305,-0.0127247516948614
0.389584599799239,0.549088107112665,0.66425501239622,0.712630587701146,0.787281515326798,0.818068455549269,0.841977999599309,0.88085859360224,0.911083529164904,0.938051665948196,0.965496700953796,0.987910449635766,1,0.987422172179526,0.969128264327538,0.945735914451981,0.920055368345594,0.904594017319382,0.887736120793903,0.874804897266691,0.854539676500053,0.833700279620163,0.819090403560977,0.796533985969901,0.783815519079381,0.770461395313446,0.734416385261999,0.678499746165062,0.517079902682428,0.217244882520915,0.0683307819064498,0.00376869149147153
0.364850000620652,0.530011913034351,0.639271853692092,0.687782053554928,0.764265214748232,0.794144970800792,0.820169548040621,0.859794842801208,0.889978338407506,0.91659548090442,0.944474981742632,0.968169156730141,0.987422172179526,1,0.986881260170229,0.966508401075069,0.941820878479631,0.926898912409193,0.909800887864156,0.897862327355684,0.878974705934328,0.85834972282415,0.843683771408051,0.821050306168956,0.808497548449299,0.795849247557684,0.758026423628268,0.702001502241471,0.533751043489213,0.22747127105585,0.079534297803819,0.00688025873114889
0.332112158991828,0.50220990426939,0.605059124583591,0.652849178850805,0.731105409444044,0.760830154236544,0.790696448255532,0.831923432009406,0.863633600085094,0.893748858235468,0.923986651802741,0.948408100377675,0.969128264327538,0.986881260170229,1,0.987182162074869,0.964997165634842,0.949355612643449,0.932504191063792,0.920241601872489,0.900153607119544,0.87888922788257,0.863708861093432,0.844227090094771,0.830955303318035,0.818265180237528,0.781879276092249,0.725699779135566,0.550452134912356,0.241069694290293,0.105127090060945,0.016504616312409
0.303299091319342,0.459497341412909,0.554732829063116,0.60284413876362,0.685129757358627,0.71472092066734,0.746666318520422,0.791675245833023,0.828400559968875,0.861594830414254,0.895265662720884,0.921140768388271,0.945735914451981,0.966508401075069,0.987182162074869,1,0.98423573265799,0.969766626817576,0.954465425388226,0.942065680641536,0.923610014187615,0.903928981710341,0.88905117045205,0.871890521767865,0.85876306317386,0.842886464899043,0.805951948464535,0.750071837522954,0.564522417611685,0.256282967357795,0.113850545685567,0.0294804267000961
0.277592057047378,0.434292183436769,0.524507566742888,0.569196141081293,0.651685909338267,0.684573031298108,0.717977558708514,0.761462652707617,0.798126802489823,0.832079428167666,0.870206669596464,0.896531525514539,0.920055368345594,0.941820878479631,0.964997165634842,0.98423573265799,1,0.989125667954854,0.974012087594035,0.959400156882858,0.941481223587633,0.92069887320959,0.906109203314821,0.889570713403355,0.874534144095448,0.858044808988196,0.819222254999583,0.760704857030223,0.569622634565055,0.251856284354718,0.115756607559154,0.0409401492212871
0.256909561794568,0.404823131725333,0.49281098304396,0.540733502084168,0.62642204464762,0.661167610425016,0.69559856319581,0.739024746169798,0.775808136220051,0.812544290856723,0.852241910782951,0.87865248938692,0.904594017319382,0.926898912409193,0.949355612643449,0.969766626817576,0.989125667954854,1,0.990076924583645,0.976146588995497,0.957713183922806,0.939862254696337,0.924801102954327,0.906981461036125,0.891130816723795,0.873822138923187,0.833982624794515,0.769415452080746,0.570889907809648,0.247312315915532,0.109611330352755,0.0342206210958679
0.237080656802917,0.383977811436873,0.47053901727004,0.519199867447419,0.604949909496056,0.639456413067753,0.675487484140982,0.71957947169941,0.758035159716638,0.794404790546219,0.834383789774611,0.861701136892617,0.887736120793903,0.909800887864156,0.932504191063792,0.954465425388226,0.974012087594035,0.990076924583645,1,0.988798139963486,0.970680287780859,0.954276242669106,0.939071200958799,0.923231011942983,0.907899620540307,0.890160772804795,0.851991373118846,0.784826274222485,0.581279397129276,0.251702194285726,0.114580253684741,0.0280267453043341
0.228477979850094,0.372912421670201,0.459725780826223,0.506383998209542,0.5929292027765,0.629062388595181,0.663732220955167,0.708634269610932,0.747150048007795,0.781694837200849,0.821835472442902,0.849951355938359,0.874804897266691,0.897862327355684,0.920241601872489,0.942065680641536,0.959400156882858,0.976146588995497,0.988798139963486,1,0.989557142127922,0.974371812500565,0.959490854540122,0.94339363732484,0.927949711079239,0.909303606723804,0.871917060240215,0.802955498731369,0.593920126724798,0.27100032763659,0.126266293246877,0.0338983625530629
0.212340456056547,0.348764219515371,0.436658987212827,0.484432380726558,0.570903280200346,0.607598012764903,0.641724370683326,0.688540817559298,0.72716521317853,0.76146164621436,0.80082787048008,0.829326253932515,0.854539676500053,0.878974705934328,0.900153607119544,0.923610014187615,0.941481223587633,0.957713183922806,0.970680287780859,0.989557142127922,1,0.989122949303302,0.975566481110174,0.960336558983167,0.942641217723726,0.923368600262692,0.887328392488544,0.815535213340534,0.603589689860449,0.277820044348549,0.128332436658765,0.0420231207342396
0.18643747311611,0.318304236277013,0.408710833038796,0.455362785468822,0.540436704792868,0.577322475568058,0.612406710655747,0.662114781481295,0.701180362820663,0.73558659022468,0.777555683320819,0.807781317638033,0.833700279620163,0.85834972282415,0.87888922788257,0.903928981710341,0.92069887320959,0.939862254696337,0.954276242669106,0.974371812500565,0.989122949303302,1,0.989916521908774,0.974083674516574,0.954323076886779,0.93553667163089,0.899958899759473,0.830037879381042,0.622464348234518,0.294232910081392,0.136237074563066,0.0594909196551805
0.173771044741637,0.303631098779617,0.391539689302676,0.436202361497976,0.52091607293238,0.558082094339341,0.593436606088967,0.642939825519995,0.681327020695534,0.716889510262145,0.761877889828789,0.793660384456541,0.819090403560977,0.843683771408051,0.863708861093432,0.88905117045205,0.906109203314821,0.924801102954327,0.939071200958799,0.959490854540122,0.975566481110174,0.989916521908774,1,0.987688890742471,0.967580961278192,0.949851587861121,0.913427192021257,0.843130040211687,0.634721100364454,0.314200852040998,0.154698217048309,0.0790532849725778
0.155394692867072,0.282338816593494,0.366068324114788,0.41084852488518,0.491881071308647,0.529589642640066,0.564791595684268,0.616239346840347,0.655648249353386,0.693180626998639,0.738455888299588,0.772128648365125,0.796533985969901,0.821050306168956,0.844227090094771,0.871890521767865,0.889570713403355,0.906981461036125,0.923231011942983,0.94339363732484,0.960336558983167,0.974083674516574,0.987688890742471,1,0.984364389623255,0.967641512840408,0.934177299428267,0.86103604319518,0.65052928002091,0.331691996550541,0.166105989228512,0.0948474387127127
0.132091840265624,0.260846800633648,0.350186291519923,0.394692676154859,0.473538922443405,0.513267796301942,0.547719815771241,0.600622752847407,0.639122946929333,0.67829142634965,0.722724276793207,0.757379161887543,0.783815519079381,0.808497548449299,0.830955303318035,0.85876306317386,0.874534144095448,0.891130816723795,0.907899620540307,0.927949711079239,0.942641217723726,0.954323076886779,0.967580961278192,0.984364389623255,1,0.985998319458747,0.952004879494818,0.878685875117244,0.668488701010037,0.361553806439076,0.191001697199044,0.10899489756936
0.124638487088569,0.251413806552524,0.338480773540665,0.381103185295829,0.457169973372139,0.495301178438362,0.531303195350971,0.586053458590223,0.624345497174817,0.665254777919862,0.710804223040491,0.745008742788707,0.770461395313446,0.795849247557684,0.818265180237528,0.842886464899043,0.858044808988196,0.873822138923187,0.890160772804795,0.909303606723804,0.923368600262692,0.93553667163089,0.949851587861121,0.967641512840408,0.985998319458747,1,0.97458945613576,0.902880983272143,0.700441215615659,0.402872210879188,0.210110034830244,0.134850391868969
0.0938099572740993,0.21386820488905,0.297069735706892,0.34302958523457,0.411324192182276,0.445606540030443,0.482713742317777,0.540888536151168,0.577946444217002,0.61943160440582,0.668576003932815,0.706424738233807,0.734416385261999,0.758026423628268,0.781879276092249,0.805951948464535,0.819222254999583,0.833982624794515,0.851991373118846,0.871917060240215,0.887328392488544,0.899958899759473,0.913427192021257,0.934177299428267,0.952004879494818,0.97458945613576,1,0.937469697440622,0.750089919428229,0.448923555434057,0.236662153487296,0.168543690732467
0.0578621993747421,0.173483300265969,0.246279763496409,0.29048636817783,0.354494175741101,0.386171919799203,0.427149112069749,0.485028005881371,0.514985696287462,0.551179297666224,0.602368273905844,0.64339646971622,0.678499746165062,0.702001502241471,0.725699779135566,0.750071837522954,0.760704857030223,0.769415452080746,0.784826274222485,0.802955498731369,0.815535213340534,0.830037879381042,0.843130040211687,0.86103604319518,0.878685875117244,0.902880983272143,0.937469697440622,1,0.887099993569539,0.535558248331993,0.27090780589434,0.229596841953443
-0.00508984332054589,0.0928698943682822,0.159383471902481,0.197846009154518,0.242613882250784,0.266477662331728,0.30429073303987,0.355971623487958,0.371674407570838,0.398542658477812,0.444310985408201,0.485118424615246,0.517079902682428,0.533751043489213,0.550452134912356,0.564522417611685,0.569622634565055,0.570889907809648,0.581279397129276,0.593920126724798,0.603589689860449,0.622464348234518,0.634721100364454,0.65052928002091,0.668488701010037,0.700441215615659,0.750089919428229,0.887099993569539,1,0.633206264606586,0.306301823755831,0.293327908631193
-0.000570861500146001,0.032531658807122,0.045991556494538,0.0576126023069137,0.0657734368261845,0.0770008328245477,0.10044227693905,0.121366243845321,0.132341062820412,0.144265538425614,0.16769552478559,0.19011924651967,0.217244882520915,0.22747127105585,0.241069694290293,0.256282967357795,0.251856284354718,0.247312315915532,0.251702194285726,0.27100032763659,0.277820044348549,0.294232910081392,0.314200852040998,0.331691996550541,0.361553806439076,0.402872210879188,0.448923555434057,0.535558248331993,0.633206264606586,1,0.559249566080826,0.408401644981796
-0.0676933837928107,-0.0766583643903432,-0.0701988755537104,-0.0612336762062635,-0.0550028006002556,-0.0334460719638659,-0.0255725172181111,0.00266169726511653,0.0199633612123998,0.0217001389439387,0.0366909544604853,0.0485032873944305,0.0683307819064498,0.079534297803819,0.105127090060945,0.113850545685567,0.115756607559154,0.109611330352755,0.114580253684741,0.126266293246877,0.128332436658765,0.136237074563066,0.154698217048309,0.166105989228512,0.191001697199044,0.210110034830244,0.236662153487296,0.27090780589434,0.306301823755831,0.559249566080826,1,0.571132869770837
-0.134349712634149,-0.150806001680415,-0.117239398106734,-0.0856228922734918,-0.0872969349413771,-0.0797921610611421,-0.0689012182466624,-0.0483309441516004,-0.0428978351622288,-0.0409737513141952,-0.022969312118988,-0.0127247516948614,0.00376869149147153,0.00688025873114889,0.016504616312409,0.0294804267000961,0.0409401492212871,0.0342206210958679,0.0280267453043341,0.0338983625530629,0.0420231207342396,0.0594909196551805,0.0790532849725778,0.0948474387127127,0.10899489756936,0.134850391868969,0.168543690732467,0.229596841953443,0.293327908631193,0.408401644981796,0.571132869770837,1
