1,0.976706130445311,0.802425157571796,0.651257369827718,0.590633541735495,0.479845955289844,0.462177450934163,0.432967077778969,0.405093002754524,0.385939746391277,0.358084584378498,0.330730258704404,0.302398162551326,0.276551622350012,0.267742903898396,0.258062667243949,0.249658506583261,0.242144811125656,0.233935138086514,0.221216504661362,0.208540877203843,0.199798569137598,0.195496724177748,0.187532770480841,0.185451449707923,0.184716320095561,0.182022375629479,0.175371871335505,0.160493205339012,0.142306008204201,0.111491949745093,0.0980037674555936
0.976706130445311,1,0.911785556041331,0.796867656324845,0.734061174063465,0.611151674760291,0.59026663984756,0.554777270135176,0.520165666267209,0.495394489197776,0.459453519834114,0.424251780871893,0.387832597097774,0.354602820984656,0.343172543703945,0.330632389129095,0.319644754258131,0.309731883441968,0.29895766584729,0.282786583809915,0.266696964486655,0.25532481294752,0.248842520738408,0.237958380033421,0.234009403594914,0.231644544799617,0.227146204616036,0.220679700712788,0.203169969983153,0.181551911648233,0.143333428503231,0.126442262923872
0.802425157571796,0.911785556041331,1,0.969717746436032,0.911074437211578,0.781287654666703,0.757020223952166,0.714226870549386,0.671317179502529,0.639083873175383,0.592441007434251,0.546895446092456,0.499835419928598,0.45688830063732,0.441958748659502,0.425610532133443,0.411137728665506,0.397949678618338,0.383698179474843,0.363067214272852,0.342580492689635,0.327685492494677,0.317891062412139,0.30286360721186,0.295864704795326,0.29069490290617,0.283340656320453,0.278085008406203,0.257865127641054,0.232551827934781,0.185237922576719,0.164077163817697
0.651257369827718,0.796867656324845,0.969717746436032,1,0.974202521544584,0.878955305746021,0.856710063344132,0.813922502623342,0.770239575668684,0.73730606206514,0.687747801359495,0.639083969748637,0.588075793619409,0.541078011390592,0.525213307088549,0.507566525341307,0.49117760045182,0.475419364181104,0.45839092682797,0.435819317055917,0.413244801327491,0.396435931632187,0.383915272683195,0.365253146827536,0.35552566611879,0.347778596035186,0.337767764382503,0.331538745808374,0.307485254889141,0.273557641935919,0.213142492736961,0.186871817782207
0.590633541735495,0.734061174063465,0.911074437211578,0.974202521544584,1,0.963898311740773,0.946512042155959,0.90701342135913,0.866075680930309,0.836074537839718,0.787220668442232,0.738657710324209,0.686393666778027,0.637442835176614,0.621865262819849,0.604013392367934,0.586151902899381,0.567643281823047,0.547588738864663,0.523904263960412,0.499904887507821,0.481629472616769,0.466360204124916,0.44364602907111,0.4311416400143,0.420811728833204,0.407956643814036,0.398498157844307,0.368377361150935,0.32019450332982,0.240517782987027,0.207171909502852
0.479845955289844,0.611151674760291,0.781287654666703,0.878955305746021,0.963898311740773,1,0.990282914520029,0.958118178004381,0.923648867302151,0.899114521703935,0.854304953564257,0.809149999571059,0.758932389563667,0.710951409356836,0.69676555738958,0.679864063093452,0.661438524834928,0.640879686615425,0.618543160898337,0.595045555253051,0.570879345964348,0.552011637318954,0.53440548328635,0.508296261137273,0.493299268745656,0.480586977296837,0.465195632933425,0.452433133545537,0.4169929698852,0.355025977316717,0.257675792542955,0.218093166365885
0.462177450934163,0.59026663984756,0.757020223952166,0.856710063344132,0.946512042155959,0.990282914520029,1,0.988633233014458,0.967324353377944,0.943976044495469,0.899340563943085,0.85655098628301,0.808455827485635,0.761655171017458,0.748206972661115,0.731751194648789,0.713165018284896,0.691804349620447,0.668445154910094,0.643494340837914,0.617691190080109,0.597175342638971,0.576959669774209,0.547875209124878,0.531676542414477,0.518357218622498,0.502060536672302,0.486205344081258,0.446779465932498,0.380147748067601,0.276358922678366,0.234105762634824
0.432967077778969,0.554777270135176,0.714226870549386,0.813922502623342,0.90701342135913,0.958118178004381,0.988633233014458,1,0.993385079275378,0.971829682715912,0.928358678249957,0.88906223007615,0.844313615435337,0.799812645091917,0.78745607162351,0.771842083592417,0.753488756739704,0.73172842104897,0.707774520060064,0.681798350590426,0.654789850890599,0.632940904958392,0.610346209359548,0.578681320595991,0.561537807730692,0.547853534902284,0.530934523577327,0.512082570478146,0.469210014876207,0.398992579914784,0.290512938455698,0.246296795948813
0.405093002754524,0.520165666267209,0.671317179502529,0.770239575668684,0.866075680930309,0.923648867302151,0.967324353377944,0.993385079275378,1,0.988720925881645,0.955143951448035,0.922898583302833,0.883325576336798,0.842450215911387,0.831026196093878,0.816081727919087,0.798549602206785,0.777627866309495,0.754164138357501,0.729096419594662,0.702463710237551,0.680339638460545,0.655496383424376,0.621060783017142,0.60235541978713,0.587456260950017,0.569139050447289,0.547234928392791,0.500328882542298,0.424284294434189,0.30799845846233,0.260710115997346
0.385939746391277,0.495394489197776,0.639083873175383,0.73730606206514,0.836074537839718,0.899114521703935,0.943976044495469,0.971829682715912,0.988720925881645,1,0.988723865388,0.968177290384156,0.935792521351897,0.89985848686702,0.888925909070156,0.874161651668219,0.858088843698222,0.839599243301205,0.817972851061303,0.796420150234365,0.772240331618683,0.751209015736776,0.724143895569258,0.686383911955743,0.665030272817861,0.647498444660611,0.626447639908093,0.60131662759039,0.54913504544004,0.463225565224169,0.333373030422497,0.280906078072931
0.358084584378498,0.459453519834114,0.592441007434251,0.687747801359495,0.787220668442232,0.854304953564257,0.899340563943085,0.928358678249957,0.955143951448035,0.988723865388,1,0.991614104495861,0.967147039857833,0.936964138159018,0.92676950929902,0.912518428647949,0.898267251373511,0.882626481100192,0.863324942678775,0.84577289848675,0.82459099828982,0.80512663168845,0.776450354171958,0.73621804724275,0.712698079933246,0.69292933201108,0.669620061750181,0.641829375800765,0.585549831154552,0.491714317799292,0.351225503352097,0.294763938529795
0.330730258704404,0.424251780871893,0.546895446092456,0.639083969748637,0.738657710324209,0.809149999571059,0.85655098628301,0.88906223007615,0.922898583302833,0.968177290384156,0.991614104495861,1,0.991659092765999,0.973715511347723,0.965795011755059,0.953508750422085,0.941670989931541,0.928679229704329,0.911504164939959,0.896811263269086,0.87758158824495,0.858891081578398,0.82811600548762,0.785065113045282,0.76018611612533,0.73944894432274,0.714853259631635,0.682407095750912,0.620757628028401,0.517693579018192,0.366005774269959,0.305466984688108
0.302398162551326,0.387832597097774,0.499835419928598,0.588075793619409,0.686393666778027,0.758932389563667,0.808455827485635,0.844313615435337,0.883325576336798,0.935792521351897,0.967147039857833,0.991659092765999,1,0.994923258901722,0.989534155440915,0.97953232305733,0.970152268592483,0.959637496066317,0.944521538819785,0.932269644343201,0.914747402208053,0.896767604587777,0.864352841322477,0.819200651977003,0.793610763113752,0.772583021437683,0.747380921148715,0.710632347641599,0.644577150489303,0.534136598993381,0.374079640791702,0.310589118466644
0.276551622350012,0.354602820984656,0.45688830063732,0.541078011390592,0.637442835176614,0.710951409356836,0.761655171017458,0.799812645091917,0.842450215911387,0.89985848686702,0.936964138159018,0.973715511347723,0.994923258901722,1,0.997327735889956,0.989865054780921,0.982824186388382,0.974371193332854,0.961033661920245,0.950740952276055,0.93465984913754,0.91738876000227,0.884077882916801,0.837779229612616,0.811864603279177,0.790764926061707,0.765297986157934,0.725452390824486,0.656560105390198,0.541505887629517,0.376609770056483,0.311481040831223
0.267742903898396,0.343172543703945,0.441958748659502,0.525213307088549,0.621865262819849,0.69676555738958,0.748206972661115,0.78745607162351,0.831026196093878,0.888925909070156,0.92676950929902,0.965795011755059,0.989534155440915,0.997327735889956,1,0.997594844439456,0.993292715511048,0.985404316364922,0.972512893441071,0.962113499506545,0.945783445727006,0.928375215982115,0.895051023491624,0.84847467461145,0.822133893680542,0.800491910375215,0.774492235586948,0.732949047687761,0.662549615932078,0.545959676779394,0.379508089255348,0.313785965508715
0.258062667243949,0.330632389129095,0.425610532133443,0.507566525341307,0.604013392367934,0.679864063093452,0.731751194648789,0.771842083592417,0.816081727919087,0.874161651668219,0.912518428647949,0.953508750422085,0.97953232305733,0.989865054780921,0.997594844439456,1,0.998317559604524,0.99100380299934,0.978599324743142,0.968150090365571,0.951664518641319,0.934212179702148,0.90103999277866,0.854430286033852,0.827815319557297,0.805765735157956,0.779389069405915,0.73644050157637,0.664958944405454,0.547487973771922,0.380382960374275,0.314422543156037
0.249658506583261,0.319644754258131,0.411137728665506,0.49117760045182,0.586151902899381,0.661438524834928,0.713165018284896,0.753488756739704,0.798549602206785,0.858088843698222,0.898267251373511,0.941670989931541,0.970152268592483,0.982824186388382,0.993292715511048,0.998317559604524,1,0.996606573314614,0.987714603967561,0.97837669676274,0.962414023743956,0.945356709135567,0.912335768847244,0.865562621569223,0.838775738519831,0.816475562129815,0.789781282694842,0.744723345091062,0.671424278598001,0.550669834407064,0.380263739957382,0.313244935468027
0.242144811125656,0.309731883441968,0.397949678618338,0.475419364181104,0.567643281823047,0.640879686615425,0.691804349620447,0.73172842104897,0.777627866309495,0.839599243301205,0.882626481100192,0.928679229704329,0.959637496066317,0.974371193332854,0.985404316364922,0.99100380299934,0.996606573314614,1,0.997225713119576,0.990018484286671,0.97519970186457,0.958951347064196,0.926143726351366,0.879191892832321,0.85238438581511,0.83002699999323,0.80313253925318,0.755495839038331,0.679930462580778,0.554100616426165,0.378484954614526,0.309846842008918
0.233935138086514,0.29895766584729,0.383698179474843,0.45839092682797,0.547588738864663,0.618543160898337,0.668445154910094,0.707774520060064,0.754164138357501,0.817972851061303,0.863324942678775,0.911504164939959,0.944521538819785,0.961033661920245,0.972512893441071,0.978599324743142,0.987714603967561,0.997225713119576,1,0.994761705645049,0.981063957040347,0.965642103355119,0.933219088837198,0.886380006705913,0.859710486343336,0.837431999838979,0.810513655923822,0.760823263548028,0.683649941603739,0.553965519710811,0.374664853865953,0.304963418398817
0.221216504661362,0.282786583809915,0.363067214272852,0.435819317055917,0.523904263960412,0.595045555253051,0.643494340837914,0.681798350590426,0.729096419594662,0.796420150234365,0.84577289848675,0.896811263269086,0.932269644343201,0.950740952276055,0.962113499506545,0.968150090365571,0.97837669676274,0.990018484286671,0.994761705645049,1,0.995704297487172,0.986570415502493,0.955290457333018,0.90876101202538,0.883401127564251,0.862589267291868,0.836520083039841,0.78166757774335,0.699971674074458,0.560651056634595,0.371554723442067,0.2988009493927
0.208540877203843,0.266696964486655,0.342580492689635,0.413244801327491,0.499904887507821,0.570879345964348,0.617691190080109,0.654789850890599,0.702463710237551,0.772240331618683,0.82459099828982,0.87758158824495,0.914747402208053,0.93465984913754,0.945783445727006,0.951664518641319,0.962414023743956,0.97519970186457,0.981063957040347,0.995704297487172,1,0.996656524795257,0.966655348049409,0.920797572975928,0.896848859201476,0.87756123690834,0.852503011269366,0.793594426043546,0.708610685921155,0.562037598923542,0.365948111532581,0.291123784082705
0.199798569137598,0.25532481294752,0.327685492494677,0.396435931632187,0.481629472616769,0.552011637318954,0.597175342638971,0.632940904958392,0.680339638460545,0.751209015736776,0.80512663168845,0.858891081578398,0.896767604587777,0.91738876000227,0.928375215982115,0.934212179702148,0.945356709135567,0.958951347064196,0.965642103355119,0.986570415502493,0.996656524795257,1,0.981088718130579,0.94310902056607,0.922353582336521,0.903659008185367,0.878761087297422,0.813764296219911,0.72373872561226,0.569334789651049,0.365781061505347,0.288560275638776
0.195496724177748,0.248842520738408,0.317891062412139,0.383915272683195,0.466360204124916,0.53440548328635,0.576959669774209,0.610346209359548,0.655496383424376,0.724143895569258,0.776450354171958,0.82811600548762,0.864352841322477,0.884077882916801,0.895051023491624,0.90103999277866,0.912335768847244,0.926143726351366,0.933219088837198,0.955290457333018,0.966655348049409,0.981088718130579,1,0.989628685378638,0.977473805041329,0.957575951375742,0.931124294404425,0.853706876640663,0.753515183371143,0.588395388208296,0.375255435397013,0.294646410919452
0.187532770480841,0.237958380033421,0.30286360721186,0.365253146827536,0.44364602907111,0.508296261137273,0.547875209124878,0.578681320595991,0.621060783017142,0.686383911955743,0.73621804724275,0.785065113045282,0.819200651977003,0.837779229612616,0.84847467461145,0.854430286033852,0.865562621569223,0.879191892832321,0.886380006705913,0.90876101202538,0.920797572975928,0.94310902056607,0.989628685378638,1,0.994524661272341,0.974219428867317,0.947260256521691,0.862514367904207,0.757223214671756,0.588180627354669,0.373128231875626,0.291971999832572
0.185451449707923,0.234009403594914,0.295864704795326,0.35552566611879,0.4311416400143,0.493299268745656,0.531676542414477,0.561537807730692,0.60235541978713,0.665030272817861,0.712698079933246,0.76018611612533,0.793610763113752,0.811864603279177,0.822133893680542,0.827815319557297,0.838775738519831,0.85238438581511,0.859710486343336,0.883401127564251,0.896848859201476,0.922353582336521,0.977473805041329,0.994524661272341,1,0.991655603768907,0.973779619641102,0.893432761231191,0.788761147745872,0.618958291748891,0.398961340731848,0.31538620097204
0.184716320095561,0.231644544799617,0.29069490290617,0.347778596035186,0.420811728833204,0.480586977296837,0.518357218622498,0.547853534902284,0.587456260950017,0.647498444660611,0.69292933201108,0.73944894432274,0.772583021437683,0.790764926061707,0.800491910375215,0.805765735157956,0.816475562129815,0.83002699999323,0.837431999838979,0.862589267291868,0.87756123690834,0.903659008185367,0.957575951375742,0.974219428867317,0.991655603768907,1,0.994981405959489,0.924668242705397,0.824018668230448,0.6563335757543,0.43219567959189,0.34622302842932
0.182022375629479,0.227146204616036,0.283340656320453,0.337767764382503,0.407956643814036,0.465195632933425,0.502060536672302,0.530934523577327,0.569139050447289,0.626447639908093,0.669620061750181,0.714853259631635,0.747380921148715,0.765297986157934,0.774492235586948,0.779389069405915,0.789781282694842,0.80313253925318,0.810513655923822,0.836520083039841,0.852503011269366,0.878761087297422,0.931124294404425,0.947260256521691,0.973779619641102,0.994981405959489,1,0.938282939812532,0.84191213633223,0.677798366665399,0.453022921363754,0.366177675026706
0.175371871335505,0.220679700712788,0.278085008406203,0.331538745808374,0.398498157844307,0.452433133545537,0.486205344081258,0.512082570478146,0.547234928392791,0.60131662759039,0.641829375800765,0.682407095750912,0.710632347641599,0.725452390824486,0.732949047687761,0.73644050157637,0.744723345091062,0.755495839038331,0.760823263548028,0.78166757774335,0.793594426043546,0.813764296219911,0.853706876640663,0.862514367904207,0.893432761231191,0.924668242705397,0.938282939812532,1,0.976585826407489,0.868239934370204,0.647760399752183,0.556056752377216
0.160493205339012,0.203169969983153,0.257865127641054,0.307485254889141,0.368377361150935,0.4169929698852,0.446779465932498,0.469210014876207,0.500328882542298,0.54913504544004,0.585549831154552,0.620757628028401,0.644577150489303,0.656560105390198,0.662549615932078,0.664958944405454,0.671424278598001,0.679930462580778,0.683649941603739,0.699971674074458,0.708610685921155,0.72373872561226,0.753515183371143,0.757223214671756,0.788761147745872,0.824018668230448,0.84191213633223,0.976585826407489,1,0.933010922140197,0.728799666271806,0.639733704379972
0.142306008204201,0.181551911648233,0.232551827934781,0.273557641935919,0.32019450332982,0.355025977316717,0.380147748067601,0.398992579914784,0.424284294434189,0.463225565224169,0.491714317799292,0.517693579018192,0.534136598993381,0.541505887629517,0.545959676779394,0.547487973771922,0.550669834407064,0.554100616426165,0.553965519710811,0.560651056634595,0.562037598923542,0.569334789651049,0.588395388208296,0.588180627354669,0.618958291748891,0.6563335757543,0.677798366665399,0.868239934370204,0.933010922140197,1,0.924016691000764,0.869955286929396
0.111491949745093,0.143333428503231,0.185237922576719,0.213142492736961,0.240517782987027,0.257675792542955,0.276358922678366,0.290512938455698,0.30799845846233,0.333373030422497,0.351225503352097,0.366005774269959,0.374079640791702,0.376609770056483,0.379508089255348,0.380382960374275,0.380263739957382,0.378484954614526,0.374664853865953,0.371554723442067,0.365948111532581,0.365781061505347,0.375255435397013,0.373128231875626,0.398961340731848,0.43219567959189,0.453022921363754,0.647760399752183,0.728799666271806,0.924016691000764,1,0.992402746951953
0.0980037674555936,0.126442262923872,0.164077163817697,0.186871817782207,0.207171909502852,0.218093166365885,0.234105762634824,0.246296795948813,0.260710115997346,0.280906078072931,0.294763938529795,0.305466984688108,0.310589118466644,0.311481040831223,0.313785965508715,0.314422543156037,0.313244935468027,0.309846842008918,0.304963418398817,0.2988009493927,0.291123784082705,0.288560275638776,0.294646410919452,0.291971999832572,0.31538620097204,0.34622302842932,0.366177675026706,0.556056752377216,0.639733704379972,0.869955286929396,0.992402746951953,1
