1,0.970718276253774,0.839183414460103,0.761039446412207,0.729085887842247,0.667841973872189,0.653643223733957,0.612982299251253,0.574110547372315,0.555906446529076,0.52815294210987,0.498135471075544,0.46416017672635,0.429243562551505,0.400421973923047,0.36900116001466,0.348398492983996,0.336250465238601,0.322898645979381,0.287122420234736,0.25402865793947,0.226833424414013,0.202608357604709,0.183794691293723,0.165783447119929,0.148273925810655,0.134190007065861,0.10516153532704,0.0824805328093167,0.0516602406016718,0.00573564072622903,-0.0189534839796374
0.970718276253774,1,0.945254395393171,0.892390728377228,0.856842776160539,0.787003585524473,0.770209756212787,0.722233733109376,0.67647632871041,0.655232114688359,0.622736250117587,0.589527197599472,0.552002111197757,0.512843058314158,0.479235365993133,0.442345359316705,0.419574521952602,0.407990057887605,0.394649240264037,0.354632376993762,0.316993506937611,0.286165791844977,0.259045628280039,0.237532292294777,0.214852787162533,0.191862860869332,0.173401613863318,0.145914145964263,0.123210628958769,0.0940475267471964,0.0475358571949311,0.019933375115723
0.839183414460103,0.945254395393171,1,0.986475929579482,0.949405216737636,0.874491031809496,0.855759269949265,0.802380747493496,0.751594523281437,0.728228477144744,0.692361870052128,0.657956185401991,0.619155815532658,0.577934984029435,0.541002219170181,0.500169437234316,0.476605584689222,0.466881720430873,0.454816877696686,0.412821766468464,0.372566254907835,0.33971786123873,0.31122828613708,0.288081041178291,0.261203572547698,0.232941746201332,0.210279033772359,0.187483213391685,0.16689514158199,0.142739910997535,0.0998271968305912,0.0708760873351245
0.761039446412207,0.892390728377228,0.986475929579482,1,0.9831408322067,0.928535547785015,0.908651989421831,0.85198031329579,0.798270224346359,0.773991611826251,0.736437284586597,0.70299110802105,0.665302944774686,0.624331639060004,0.585791524840192,0.542748024455969,0.518206236325256,0.508572695977977,0.496299289451868,0.454416560267544,0.413725499390188,0.379634065271341,0.348011534658241,0.322282999364776,0.295108141428711,0.267044610436876,0.244149622835041,0.227549738474111,0.210053570040814,0.188324715669139,0.142959114739827,0.110023183123238
0.729085887842247,0.856842776160539,0.949405216737636,0.9831408322067,1,0.980745404950433,0.959792754521813,0.899982211625451,0.843563696165499,0.818637122907513,0.779683147493861,0.747906165431307,0.712104428073085,0.672030374680915,0.632175029597339,0.587123892737373,0.560999725107863,0.550177604973462,0.53653719352489,0.495257915328875,0.454690924961187,0.419159167986869,0.38264566472166,0.353206538610348,0.32762029532121,0.30260465503083,0.28148932391094,0.27181408466981,0.257736163402932,0.236464393636486,0.183982914386247,0.144722829425781
0.667841973872189,0.787003585524473,0.874491031809496,0.928535547785015,0.980745404950433,1,0.980355697531337,0.921046820896209,0.864769460621206,0.840198339427329,0.801249304578269,0.772577955040846,0.740227491365298,0.702641597053652,0.66283033568507,0.617189025619479,0.590275819338702,0.578568943989599,0.563928923414709,0.524718697462,0.485646192845366,0.449930185495044,0.40996171767091,0.377861522475505,0.354758257613286,0.333576577511888,0.314850536475813,0.312901109072123,0.302869800252802,0.28274806774155,0.224129586204397,0.179118588304938
0.653643223733957,0.770209756212787,0.855759269949265,0.908651989421831,0.959792754521813,0.980355697531337,1,0.979768084375942,0.946350455833718,0.925063819549298,0.888054937820608,0.863284587335891,0.834074420901629,0.798184579155649,0.758363700785493,0.710764622249414,0.682711558252686,0.670797815530383,0.655327843096548,0.614342455214822,0.572640436540433,0.538368347973895,0.508657275444162,0.481939563839126,0.455488006555312,0.426612996721192,0.401393424141776,0.398951356990345,0.386225761537997,0.363508578729841,0.294516772180499,0.239627695198842
0.612982299251253,0.722233733109376,0.802380747493496,0.85198031329579,0.899982211625451,0.921046820896209,0.979768084375942,1,0.991120255232082,0.974021346818178,0.940467587924884,0.920650462505723,0.895799965168035,0.863072612380389,0.824841377353675,0.777167572186329,0.749084648203181,0.737439512385745,0.72174874142085,0.680608278716276,0.637913061323595,0.606482645791874,0.588373048907529,0.568190033700209,0.539403403207545,0.503881767885718,0.473086179420466,0.470242318298045,0.455293964488424,0.430855623238851,0.354109099128179,0.291401393676019
0.574110547372315,0.67647632871041,0.751594523281437,0.798270224346359,0.843563696165499,0.864769460621206,0.946350455833718,0.991120255232082,1,0.991945616366508,0.967308754239872,0.95234802803733,0.930531031660236,0.90035633240441,0.865093511325214,0.818992406073791,0.791780503578861,0.780685904423695,0.765192814639315,0.725106071355348,0.682700446936369,0.653626476758879,0.64291351457302,0.626844705909819,0.597246855816478,0.558307360725698,0.524483583941583,0.520125987433636,0.502752351538685,0.47687625747739,0.395206352980924,0.327331563625809
0.555906446529076,0.655232114688359,0.728228477144744,0.773991611826251,0.818637122907513,0.840198339427329,0.925063819549298,0.974021346818178,0.991945616366508,1,0.991639997525341,0.98107997445841,0.959766818241283,0.930338249925642,0.898935872193053,0.855257812166632,0.829313806528586,0.818816824624998,0.803599718798807,0.764972155486717,0.72325761815225,0.694942327069676,0.685518226952049,0.669702753497334,0.640435721581156,0.601243935638602,0.566770508745911,0.559091881232376,0.538309185052379,0.510458040633771,0.424935142983617,0.353168143335952
0.52815294210987,0.622736250117587,0.692361870052128,0.736437284586597,0.779683147493861,0.801249304578269,0.888054937820608,0.940467587924884,0.967308754239872,0.991639997525341,1,0.994097978129738,0.973651148142638,0.945470164857588,0.918520672860559,0.87803454451431,0.853811933650097,0.844097638854863,0.829413756230583,0.792912556082396,0.752593048481926,0.725519683856724,0.71756468153632,0.702269270653395,0.673824061551847,0.635024480076889,0.60046030056495,0.589525678511519,0.565614381607443,0.53621257720254,0.448181267401365,0.373638035998774
0.498135471075544,0.589527197599472,0.657956185401991,0.70299110802105,0.747906165431307,0.772577955040846,0.863284587335891,0.920650462505723,0.95234802803733,0.98107997445841,0.994097978129738,1,0.992379165555728,0.974618911547144,0.950906177731431,0.912369767851547,0.888327185647359,0.877549113837173,0.861668129531736,0.828380343876523,0.79048000812977,0.764612564728362,0.75601723720562,0.739761027351531,0.710084724812165,0.669630503024502,0.633509916020461,0.624654082763185,0.601182461410348,0.573334699884451,0.484536760193099,0.407324002246672
0.46416017672635,0.552002111197757,0.619155815532658,0.665302944774686,0.712104428073085,0.740227491365298,0.834074420901629,0.895799965168035,0.930531031660236,0.959766818241283,0.973651148142638,0.992379165555728,1,0.994603084983797,0.973819758389658,0.9371784973487,0.913148345916632,0.900999200167249,0.883712288498401,0.854069742486334,0.819113057237332,0.794640989085849,0.784970514798878,0.767599777597717,0.736551376454771,0.694454427309807,0.656893014126505,0.651522594021469,0.629697002146541,0.604449336605074,0.516407414847957,0.437611076661236
0.429243562551505,0.512843058314158,0.577934984029435,0.624331639060004,0.672030374680915,0.702641597053652,0.798184579155649,0.863072612380389,0.90035633240441,0.930338249925642,0.945470164857588,0.974618911547144,0.994603084983797,1,0.985976957743605,0.95454038489582,0.932307565178713,0.919474892547465,0.90143981339807,0.876417259892243,0.845213684667322,0.822645199863966,0.811983145488696,0.793580170314063,0.762463380185055,0.720346509091921,0.682487427894501,0.677974946542414,0.655971548209067,0.631720430799215,0.543321764055043,0.462660834457328
0.400421973923047,0.479235365993133,0.541002219170181,0.585791524840192,0.632175029597339,0.66283033568507,0.758363700785493,0.824841377353675,0.865093511325214,0.898935872193053,0.918520672860559,0.950906177731431,0.973819758389658,0.985976957743605,1,0.990899136363658,0.979069013499923,0.968161049478653,0.951531137801931,0.936398783711781,0.912736142975528,0.894132396750042,0.881991808847871,0.861633314911991,0.835455502892187,0.799392599798381,0.764976294184641,0.747870150608512,0.715070035171873,0.682615738861764,0.58326957636643,0.494321389526419
0.36900116001466,0.442345359316705,0.500169437234316,0.542748024455969,0.587123892737373,0.617189025619479,0.710764622249414,0.777167572186329,0.818992406073791,0.855257812166632,0.87803454451431,0.912369767851547,0.9371784973487,0.95454038489582,0.990899136363658,1,0.996802157114593,0.987669312814125,0.972512254926665,0.965666205469199,0.948569073310745,0.933543018095836,0.920457658141037,0.898937398865824,0.877277699132387,0.846834030976687,0.815897164888997,0.788982153070487,0.748142926411009,0.709734405537371,0.603585840920903,0.509768756049532
0.348398492983996,0.419574521952602,0.476605584689222,0.518206236325256,0.560999725107863,0.590275819338702,0.682711558252686,0.749084648203181,0.791780503578861,0.829313806528586,0.853811933650097,0.888327185647359,0.913148345916632,0.932307565178713,0.979069013499923,0.996802157114593,1,0.995967116424374,0.985374231243534,0.980939001560432,0.965205943521494,0.950865147756646,0.937420847682015,0.915426308941684,0.896287317964863,0.868966933343927,0.840010389226008,0.809640088549958,0.765768582979735,0.724614582507671,0.614418666245894,0.517782781318202
0.336250465238601,0.407990057887605,0.466881720430873,0.508572695977977,0.550177604973462,0.578568943989599,0.670797815530383,0.737439512385745,0.780685904423695,0.818816824624998,0.844097638854863,0.877549113837173,0.900999200167249,0.919474892547465,0.968161049478653,0.987669312814125,0.995967116424374,1,0.996688838640785,0.990187951464374,0.971754201274412,0.955810769230991,0.942389962647641,0.920341327579397,0.902251522035117,0.876200117296295,0.848067434438218,0.81888184393902,0.775532898069428,0.733802585680239,0.621002681651125,0.522577242111535
0.322898645979381,0.394649240264037,0.454816877696686,0.496299289451868,0.53653719352489,0.563928923414709,0.655327843096548,0.72174874142085,0.765192814639315,0.803599718798807,0.829413756230583,0.861668129531736,0.883712288498401,0.90143981339807,0.951531137801931,0.972512254926665,0.985374231243534,0.996688838640785,1,0.991672341116485,0.970919427237547,0.953634626272708,0.940328601571453,0.918384532593495,0.901371594254841,0.876651712376043,0.849461650052415,0.821553043696583,0.778979653318615,0.737017739118058,0.622643673561734,0.52328204079608
0.287122420234736,0.354632376993762,0.412821766468464,0.454416560267544,0.495257915328875,0.524718697462,0.614342455214822,0.680608278716276,0.725106071355348,0.764972155486717,0.792912556082396,0.828380343876523,0.854069742486334,0.876417259892243,0.936398783711781,0.965666205469199,0.980939001560432,0.990187951464374,0.991672341116485,1,0.993645289780662,0.983921504883959,0.967415601090951,0.942981897583812,0.929525663124439,0.909915789062969,0.885998006795022,0.857583382332818,0.813521873497382,0.772028557280719,0.656790499660864,0.554845258005734
0.25402865793947,0.316993506937611,0.372566254907835,0.413725499390188,0.454690924961187,0.485646192845366,0.572640436540433,0.637913061323595,0.682700446936369,0.72325761815225,0.752593048481926,0.79048000812977,0.819113057237332,0.845213684667322,0.912736142975528,0.948569073310745,0.965205943521494,0.971754201274412,0.970919427237547,0.993645289780662,1,0.997049234760482,0.978002054397456,0.951744141619289,0.941404197354076,0.926299045567435,0.905407624936921,0.876796719429791,0.831959330130659,0.791447830773163,0.677178943021397,0.574477890646674
0.226833424414013,0.286165791844977,0.33971786123873,0.379634065271341,0.419159167986869,0.449930185495044,0.538368347973895,0.606482645791874,0.653626476758879,0.694942327069676,0.725519683856724,0.764612564728362,0.794640989085849,0.822645199863966,0.894132396750042,0.933543018095836,0.950865147756646,0.955810769230991,0.953634626272708,0.983921504883959,0.997049234760482,1,0.987185174056221,0.96490884260549,0.956887063122263,0.9429317679651,0.922676520765742,0.891900571667797,0.845115412990565,0.803112717229191,0.686608112753701,0.582135497526236
0.202608357604709,0.259045628280039,0.31122828613708,0.348011534658241,0.38264566472166,0.40996171767091,0.508657275444162,0.588373048907529,0.64291351457302,0.685518226952049,0.71756468153632,0.75601723720562,0.784970514798878,0.811983145488696,0.881991808847871,0.920457658141037,0.937420847682015,0.942389962647641,0.940328601571453,0.967415601090951,0.978002054397456,0.987185174056221,1,0.994446747923684,0.987945034655602,0.968881073924494,0.944706178301071,0.907037840367567,0.855170384134125,0.806151682067731,0.679944014138425,0.57074534350424
0.183794691293723,0.237532292294777,0.288081041178291,0.322282999364776,0.353206538610348,0.377861522475505,0.481939563839126,0.568190033700209,0.626844705909819,0.669702753497334,0.702269270653395,0.739761027351531,0.767599777597717,0.793580170314063,0.861633314911991,0.898937398865824,0.915426308941684,0.920341327579397,0.918384532593495,0.942981897583812,0.951744141619289,0.96490884260549,0.994446747923684,1,0.994591811319209,0.972425709306307,0.946004395658917,0.904318111059638,0.849825300393152,0.796866083408154,0.666026803206224,0.555240613309437
0.165783447119929,0.214852787162533,0.261203572547698,0.295108141428711,0.32762029532121,0.354758257613286,0.455488006555312,0.539403403207545,0.597246855816478,0.640435721581156,0.673824061551847,0.710084724812165,0.736551376454771,0.762463380185055,0.835455502892187,0.877277699132387,0.896287317964863,0.902251522035117,0.901371594254841,0.929525663124439,0.941404197354076,0.956887063122263,0.987945034655602,0.994591811319209,1,0.991002910707455,0.973749793586651,0.935902720327961,0.882888488727308,0.828958497087281,0.691538760122107,0.575677801799465
0.148273925810655,0.191862860869332,0.232941746201332,0.267044610436876,0.30260465503083,0.333576577511888,0.426612996721192,0.503881767885718,0.558307360725698,0.601243935638602,0.635024480076889,0.669630503024502,0.694454427309807,0.720346509091921,0.799392599798381,0.846834030976687,0.868966933343927,0.876200117296295,0.876651712376043,0.909915789062969,0.926299045567435,0.9429317679651,0.968881073924494,0.972425709306307,0.991002910707455,1,0.995453752814233,0.964550206827861,0.915144312931586,0.862259081457034,0.720168593127639,0.600050571576414
0.134190007065861,0.173401613863318,0.210279033772359,0.244149622835041,0.28148932391094,0.314850536475813,0.401393424141776,0.473086179420466,0.524483583941583,0.566770508745911,0.60046030056495,0.633509916020461,0.656893014126505,0.682487427894501,0.764976294184641,0.815897164888997,0.840010389226008,0.848067434438218,0.849461650052415,0.885998006795022,0.905407624936921,0.922676520765742,0.944706178301071,0.946004395658917,0.973749793586651,0.995453752814233,1,0.974376107202855,0.928078992991946,0.876516291751508,0.732657649322392,0.610825295582901
0.10516153532704,0.145914145964263,0.187483213391685,0.227549738474111,0.27181408466981,0.312901109072123,0.398951356990345,0.470242318298045,0.520125987433636,0.559091881232376,0.589525678511519,0.624654082763185,0.651522594021469,0.677974946542414,0.747870150608512,0.788982153070487,0.809640088549958,0.81888184393902,0.821553043696583,0.857583382332818,0.876796719429791,0.891900571667797,0.907037840367567,0.904318111059638,0.935902720327961,0.964550206827861,0.974376107202855,1,0.988054591085102,0.954106107545322,0.804577300276747,0.675263318901594
0.0824805328093167,0.123210628958769,0.16689514158199,0.210053570040814,0.257736163402932,0.302869800252802,0.386225761537997,0.455293964488424,0.502752351538685,0.538309185052379,0.565614381607443,0.601182461410348,0.629697002146541,0.655971548209067,0.715070035171873,0.748142926411009,0.765768582979735,0.775532898069428,0.778979653318615,0.813521873497382,0.831959330130659,0.845115412990565,0.855170384134125,0.849825300393152,0.882888488727308,0.915144312931586,0.928078992991946,0.988054591085102,1,0.979124336707217,0.830125114942635,0.699501218011516
0.0516602406016718,0.0940475267471964,0.142739910997535,0.188324715669139,0.236464393636486,0.28274806774155,0.363508578729841,0.430855623238851,0.47687625747739,0.510458040633771,0.53621257720254,0.573334699884451,0.604449336605074,0.631720430799215,0.682615738861764,0.709734405537371,0.724614582507671,0.733802585680239,0.737017739118058,0.772028557280719,0.791447830773163,0.803112717229191,0.806151682067731,0.796866083408154,0.828958497087281,0.862259081457034,0.876516291751508,0.954106107545322,0.979124336707217,1,0.922426167583787,0.823899008106453
0.00573564072622903,0.0475358571949311,0.0998271968305912,0.142959114739827,0.183982914386247,0.224129586204397,0.294516772180499,0.354109099128179,0.395206352980924,0.424935142983617,0.448181267401365,0.484536760193099,0.516407414847957,0.543321764055043,0.58326957636643,0.603585840920903,0.614418666245894,0.621002681651125,0.622643673561734,0.656790499660864,0.677178943021397,0.686608112753701,0.679944014138425,0.666026803206224,0.691538760122107,0.720168593127639,0.732657649322392,0.804577300276747,0.830125114942635,0.922426167583787,1,0.97884467323441
-0.0189534839796374,0.019933375115723,0.0708760873351245,0.110023183123238,0.144722829425781,0.179118588304938,0.239627695198842,0.291401393676019,0.327331563625809,0.353168143335952,0.373638035998774,0.407324002246672,0.437611076661236,0.462660834457328,0.494321389526419,0.509768756049532,0.517782781318202,0.522577242111535,0.52328204079608,0.554845258005734,0.574477890646674,0.582135497526236,0.57074534350424,0.555240613309437,0.575677801799465,0.600050571576414,0.610825295582901,0.675263318901594,0.699501218011516,0.823899008106453,0.97884467323441,1
