1,0.955198593862803,0.815972382182059,0.798724641421124,0.752183240120481,0.726541050295377,0.695330698351314,0.671651482745998,0.654327339824154,0.63488732540542,0.618068061592852,0.598100695844067,0.586893635704639,0.57364750031462,0.561475976149964,0.541913932176829,0.525996818172677,0.514969775804251,0.505486609221388,0.502581082700264,0.496828234700038,0.505342843787483,0.506774140928868,0.491319327708395,0.466317687733186,0.453561019965456,0.437717230439729,0.416979006685098,0.387068452600928,0.353066131757707,0.333574789550341,0.306572118912566
0.955198593862803,1,0.95048178159487,0.930772180390001,0.876925725088574,0.849629605598631,0.815911723240836,0.790522813658901,0.772287887919136,0.750865679314907,0.731220389972556,0.707829129920978,0.695295959708985,0.680267282259006,0.664058413476346,0.638736735757758,0.622650203035307,0.616044457215624,0.609342866910852,0.607197367396393,0.601452925706597,0.611010738121584,0.612106606192673,0.59142217514879,0.559195680175838,0.543017123220166,0.524229752322589,0.500791268643014,0.469568952513189,0.431359365081303,0.412639533913205,0.382250192857096
0.815972382182059,0.95048178159487,1,0.981634722431508,0.927265434714257,0.901233698679312,0.868034813829583,0.84321870659005,0.825726978467998,0.80423891970987,0.783542449525223,0.75879736968845,0.746162047764156,0.730761248704749,0.711934937254112,0.682991052548207,0.668230646229852,0.666849681725391,0.663667268450212,0.662526898276223,0.657319832811318,0.667058454344268,0.667656855762578,0.643433654295991,0.606632397008867,0.588370375387682,0.568182097159888,0.544113815717833,0.514676498994108,0.475668880752623,0.459508649269758,0.428281884199858
0.798724641421124,0.930772180390001,0.981634722431508,1,0.981661192824871,0.962721003084644,0.928331970519635,0.902522497178169,0.884292871209646,0.862283679822288,0.842334302642655,0.817757574478826,0.80681099925536,0.792582821188673,0.775118171695866,0.746358143626752,0.731026505577172,0.728744110790774,0.7247980222759,0.723691870468739,0.718127339235502,0.727822288864279,0.727694820210417,0.703107693627254,0.665186849547891,0.646320753815755,0.624291730466721,0.599663354688499,0.573486049750327,0.533998033194008,0.517152682675763,0.482671584571903
0.752183240120481,0.876925725088574,0.927265434714257,0.981661192824871,1,0.98884122530155,0.95452466195505,0.928669506566877,0.910371372406487,0.88864895913133,0.870178103292279,0.846671350486758,0.837813956211034,0.825279607209478,0.809816441991836,0.782295372490681,0.766955443343121,0.763856005393852,0.759291572899089,0.758260200798126,0.752542627150221,0.761838218987228,0.760990075662036,0.736941409354369,0.699293130599368,0.680515607518609,0.657455419976714,0.633170988841111,0.611211837866096,0.572692619645415,0.555780711643788,0.519312749757592
0.726541050295377,0.849629605598631,0.901233698679312,0.962721003084644,0.98884122530155,1,0.987903078258653,0.972124889649868,0.955725052417085,0.935919607198801,0.92030690137156,0.898825557109422,0.890276666268846,0.87772797809633,0.864485823364435,0.838546285174318,0.824279504016629,0.822071910950655,0.817622945252373,0.815461151933219,0.808382215342491,0.820077896205451,0.820591974738508,0.795875407321749,0.756216862414997,0.734493306221657,0.70642496236971,0.677181938201299,0.6492599268189,0.605583528863374,0.588790798897136,0.550877660002029
0.695330698351314,0.815911723240836,0.868034813829583,0.928331970519635,0.95452466195505,0.987903078258653,1,0.99540189682484,0.98137014729922,0.963940175261467,0.951386271555162,0.93226109244351,0.923757147840969,0.911063674549989,0.900036754904808,0.876020840745143,0.86317898629562,0.862149756628687,0.858040205438816,0.854682313284173,0.846297950432297,0.860452744623266,0.862581820037092,0.837487826574228,0.796336982394188,0.771817537948239,0.739084523320427,0.704958101872974,0.670215744671185,0.621575822376598,0.605237595135783,0.566892860677213
0.671651482745998,0.790522813658901,0.84321870659005,0.902522497178169,0.928669506566877,0.972124889649868,0.99540189682484,1,0.99396689542155,0.982337216808418,0.971690845066749,0.95404495868586,0.94646092002123,0.934463275178157,0.923844085774091,0.899716223361668,0.886551245108991,0.885129983183419,0.880732870814464,0.877516452487968,0.869112353374629,0.884006119077942,0.886484409534314,0.861027623676811,0.819020473378069,0.794136464781075,0.760788693544481,0.725101906656867,0.686616630193342,0.63504965610909,0.620549008051981,0.5825758405466
0.654327339824154,0.772287887919136,0.825726978467998,0.884292871209646,0.910371372406487,0.955725052417085,0.98137014729922,0.99396689542155,1,0.996644214372541,0.987114000141193,0.970323095486135,0.96426948548877,0.953539731261478,0.94205040409976,0.916332409789911,0.901588047910659,0.898668291418295,0.893530499971589,0.89138405384548,0.883837433317723,0.898318610370276,0.900275388020564,0.874400191767269,0.831866916023211,0.808250153954426,0.77702437007607,0.741983307730911,0.701741606305549,0.64849314658408,0.636796676080481,0.599674717264956
0.63488732540542,0.750865679314907,0.80423891970987,0.862283679822288,0.88864895913133,0.935919607198801,0.963940175261467,0.982337216808418,0.996644214372541,1,0.994551009884583,0.981220827283847,0.976425899596329,0.966752658635083,0.955046984275354,0.928608232730966,0.912592689749773,0.908039962520558,0.901988026264032,0.900533326908843,0.893539909426906,0.906950709712868,0.907905165536087,0.881783588276278,0.839136435537985,0.816187784862714,0.785944885670107,0.751394285505958,0.711057166337077,0.657365283119154,0.649317510786674,0.613688413200999
0.618068061592852,0.731220389972556,0.783542449525223,0.842334302642655,0.870178103292279,0.92030690137156,0.951386271555162,0.971690845066749,0.987114000141193,0.994551009884583,1,0.995982220033919,0.991919314305832,0.982813995967484,0.972120610586712,0.946388584413745,0.929401004879307,0.922679744572809,0.915148587842041,0.913615078866591,0.906469108885203,0.917458659684892,0.916269772637162,0.889866376407928,0.847364674402445,0.823514342210978,0.791435400710367,0.756582642025693,0.719164858821009,0.66688965852013,0.664604524744734,0.63150328419968
0.598100695844067,0.707829129920978,0.75879736968845,0.817757574478826,0.846671350486758,0.898825557109422,0.93226109244351,0.95404495868586,0.970323095486135,0.981220827283847,0.995982220033919,1,0.996730859626479,0.98830757849456,0.978597877777057,0.953687166772917,0.935993017842445,0.927441804710283,0.918692577456874,0.917121828051117,0.909920726250376,0.918705709093498,0.91565916527657,0.88925597708613,0.847267291117188,0.822883692725476,0.789543065721272,0.754744545865114,0.720128065698041,0.669494825067443,0.672141315790537,0.641468772195377
0.586893635704639,0.695295959708985,0.746162047764156,0.80681099925536,0.837813956211034,0.890276666268846,0.923757147840969,0.94646092002123,0.96426948548877,0.976425899596329,0.991919314305832,0.996730859626479,1,0.997395523576194,0.988864118736376,0.963644501639323,0.944986755069416,0.935020565622953,0.925547014468755,0.924830769413424,0.918335805649667,0.925433820985004,0.920888642859551,0.895211605343311,0.854340801753894,0.831681469499167,0.800161107741858,0.766025594682382,0.730210241512681,0.678439292962365,0.67962429320275,0.647764483212829
0.57364750031462,0.680267282259006,0.730761248704749,0.792582821188673,0.825279607209478,0.87772797809633,0.911063674549989,0.934463275178157,0.953539731261478,0.966752658635083,0.982813995967484,0.98830757849456,0.997395523576194,1,0.992567602665023,0.967211504226659,0.947796578893237,0.936622252850913,0.926554404148957,0.926604948739624,0.920776240235483,0.926329062747231,0.920471125048249,0.895584149288153,0.855937028282109,0.834942129812869,0.80522084088888,0.771865735094801,0.735177927782462,0.682677249696433,0.682551002194337,0.649807253428614
0.561475976149964,0.664058413476346,0.711934937254112,0.775118171695866,0.809816441991836,0.864485823364435,0.900036754904808,0.923844085774091,0.94205040409976,0.955046984275354,0.972120610586712,0.978597877777057,0.988864118736376,0.992567602665023,1,0.990853005727856,0.978851425546599,0.968477409034338,0.958395833805388,0.956745640084872,0.949223185801011,0.950734977349363,0.941242701829926,0.926391709958094,0.898355131011137,0.878421969661604,0.840606454491134,0.800470318028144,0.757467108544044,0.70025080253264,0.694394515731691,0.657873702187732
0.541913932176829,0.638736735757758,0.682991052548207,0.746358143626752,0.782295372490681,0.838546285174318,0.876020840745143,0.899716223361668,0.916332409789911,0.928608232730966,0.946388584413745,0.953687166772917,0.963644501639323,0.967211504226659,0.990853005727856,1,0.996668290640989,0.987662025634264,0.977880374038463,0.974165572045971,0.964708504410438,0.962067253315396,0.948999974278031,0.945408868171443,0.930500662582102,0.911666660889941,0.864983130283182,0.817739250171297,0.76860935469111,0.707252771576154,0.695419718671033,0.655503790790376
0.525996818172677,0.622650203035307,0.668230646229852,0.731026505577172,0.766955443343121,0.824279504016629,0.86317898629562,0.886551245108991,0.901588047910659,0.912592689749773,0.929401004879307,0.935993017842445,0.944986755069416,0.947796578893237,0.978851425546599,0.996668290640989,1,0.996082552744627,0.989287192893896,0.984378803626854,0.973802398162336,0.969217586988815,0.954459326520115,0.956058408650813,0.947184494252719,0.928273248809999,0.876494914644914,0.825005117453934,0.771713595479597,0.707729724820962,0.692494794876781,0.650828009799629
0.514969775804251,0.616044457215624,0.666849681725391,0.728744110790774,0.763856005393852,0.822071910950655,0.862149756628687,0.885129983183419,0.898668291418295,0.908039962520558,0.922679744572809,0.927441804710283,0.935020565622953,0.936622252850913,0.968477409034338,0.987662025634264,0.996082552744627,1,0.998165778297427,0.992716625669308,0.981609575850844,0.976755268787883,0.96169327912297,0.963844143162761,0.955543445559362,0.935595410928586,0.88143535399304,0.82771570157171,0.771592834204132,0.705914046779345,0.689203065105987,0.64689135228912
0.505486609221388,0.609342866910852,0.663667268450212,0.7247980222759,0.759291572899089,0.817622945252373,0.858040205438816,0.880732870814464,0.893530499971589,0.901988026264032,0.915148587842041,0.918692577456874,0.925547014468755,0.926554404148957,0.958395833805388,0.977880374038463,0.989287192893896,0.998165778297427,1,0.996190518939183,0.986510190037018,0.981194164777725,0.965673977437783,0.967682267475183,0.959289312017855,0.93891174600413,0.884002230504465,0.829253302190208,0.77109443133507,0.704213899000092,0.687434121887809,0.645201169225213
0.502581082700264,0.607197367396393,0.662526898276223,0.723691870468739,0.758260200798126,0.815461151933219,0.854682313284173,0.877516452487968,0.89138405384548,0.900533326908843,0.913615078866591,0.917121828051117,0.924830769413424,0.926604948739624,0.956745640084872,0.974165572045971,0.984378803626854,0.992716625669308,0.996190518939183,1,0.997027298693692,0.990553609742088,0.973858296864441,0.973953454434077,0.963667454192319,0.944013444651125,0.891585095919226,0.837861603209529,0.77833283047483,0.710329781695417,0.696806482422156,0.656014048166537
0.496828234700038,0.601452925706597,0.657319832811318,0.718127339235502,0.752542627150221,0.808382215342491,0.846297950432297,0.869112353374629,0.883837433317723,0.893539909426906,0.906469108885203,0.909920726250376,0.918335805649667,0.920776240235483,0.949223185801011,0.964708504410438,0.973802398162336,0.981609575850844,0.986510190037018,0.997027298693692,1,0.992544485212826,0.974916708661213,0.973320904743339,0.961427493480269,0.942537364770232,0.892633585801752,0.840156653262123,0.779794824859983,0.71123101407279,0.70067071166765,0.661409621532205
0.505342843787483,0.611010738121584,0.667058454344268,0.727822288864279,0.761838218987228,0.820077896205451,0.860452744623266,0.884006119077942,0.898318610370276,0.906950709712868,0.917458659684892,0.918705709093498,0.925433820985004,0.926329062747231,0.950734977349363,0.962067253315396,0.969217586988815,0.976755268787883,0.981194164777725,0.990553609742088,0.992544485212826,1,0.994775329440953,0.990481435569862,0.971980440632752,0.950846506146756,0.901843355399936,0.850787356935514,0.793833660370549,0.726734153284744,0.713225085748613,0.67160026418945
0.506774140928868,0.612106606192673,0.667656855762578,0.727694820210417,0.760990075662036,0.820591974738508,0.862581820037092,0.886484409534314,0.900275388020564,0.907905165536087,0.916269772637162,0.91565916527657,0.920888642859551,0.920471125048249,0.941242701829926,0.948999974278031,0.954459326520115,0.96169327912297,0.965673977437783,0.973858296864441,0.974916708661213,0.994775329440953,1,0.993523252185237,0.969730109674171,0.946949380134268,0.899222325960516,0.849920145550818,0.796480977294605,0.731381838632054,0.71551639474001,0.672367299501565
0.491319327708395,0.59142217514879,0.643433654295991,0.703107693627254,0.736941409354369,0.795875407321749,0.837487826574228,0.861027623676811,0.874400191767269,0.881783588276278,0.889866376407928,0.88925597708613,0.895211605343311,0.895584149288153,0.926391709958094,0.945408868171443,0.956058408650813,0.963844143162761,0.967682267475183,0.973953454434077,0.973320904743339,0.990481435569862,0.993523252185237,1,0.99102273169454,0.974070630439661,0.924359100438098,0.872405018882197,0.814290899572361,0.745646717578863,0.722982526977495,0.6756281904983
0.466317687733186,0.559195680175838,0.606632397008867,0.665186849547891,0.699293130599368,0.756216862414997,0.796336982394188,0.819020473378069,0.831866916023211,0.839136435537985,0.847364674402445,0.847267291117188,0.854340801753894,0.855937028282109,0.898355131011137,0.930500662582102,0.947184494252719,0.955543445559362,0.959289312017855,0.963667454192319,0.961427493480269,0.971980440632752,0.969730109674171,0.99102273169454,1,0.990198888251667,0.938708482742642,0.884142389597216,0.820796419327148,0.748741408641257,0.719545105067899,0.668679073337763
0.453561019965456,0.543017123220166,0.588370375387682,0.646320753815755,0.680515607518609,0.734493306221657,0.771817537948239,0.794136464781075,0.808250153954426,0.816187784862714,0.823514342210978,0.822883692725476,0.831681469499167,0.834942129812869,0.878421969661604,0.911666660889941,0.928273248809999,0.935595410928586,0.93891174600413,0.944013444651125,0.942537364770232,0.950846506146756,0.946949380134268,0.974070630439661,0.990198888251667,1,0.975917424342017,0.936170550515604,0.86901259979084,0.792670311302919,0.757105529052036,0.70080232020532
0.437717230439729,0.524229752322589,0.568182097159888,0.624291730466721,0.657455419976714,0.70642496236971,0.739084523320427,0.760788693544481,0.77702437007607,0.785944885670107,0.791435400710367,0.789543065721272,0.800161107741858,0.80522084088888,0.840606454491134,0.864983130283182,0.876494914644914,0.88143535399304,0.884002230504465,0.891585095919226,0.892633585801752,0.901843355399936,0.899222325960516,0.924359100438098,0.938708482742642,0.975917424342017,1,0.988287542034381,0.920523176293551,0.841681657218779,0.801269845496604,0.740033256807688
0.416979006685098,0.500791268643014,0.544113815717833,0.599663354688499,0.633170988841111,0.677181938201299,0.704958101872974,0.725101906656867,0.741983307730911,0.751394285505958,0.756582642025693,0.754744545865114,0.766025594682382,0.771865735094801,0.800470318028144,0.817739250171297,0.825005117453934,0.82771570157171,0.829253302190208,0.837861603209529,0.840156653262123,0.850787356935514,0.849920145550818,0.872405018882197,0.884142389597216,0.936170550515604,0.988287542034381,1,0.956632090876912,0.890941319486784,0.845776887637339,0.779249119599276
0.387068452600928,0.469568952513189,0.514676498994108,0.573486049750327,0.611211837866096,0.6492599268189,0.670215744671185,0.686616630193342,0.701741606305549,0.711057166337077,0.719164858821009,0.720128065698041,0.730210241512681,0.735177927782462,0.757467108544044,0.76860935469111,0.771713595479597,0.771592834204132,0.77109443133507,0.77833283047483,0.779794824859983,0.793833660370549,0.796480977294605,0.814290899572361,0.820796419327148,0.86901259979084,0.920523176293551,0.956632090876912,1,0.984587256797941,0.931645834275051,0.855084093432683
0.353066131757707,0.431359365081303,0.475668880752623,0.533998033194008,0.572692619645415,0.605583528863374,0.621575822376598,0.63504965610909,0.64849314658408,0.657365283119154,0.66688965852013,0.669494825067443,0.678439292962365,0.682677249696433,0.70025080253264,0.707252771576154,0.707729724820962,0.705914046779345,0.704213899000092,0.710329781695417,0.71123101407279,0.726734153284744,0.731381838632054,0.745646717578863,0.748741408641257,0.792670311302919,0.841681657218779,0.890941319486784,0.984587256797941,1,0.944583772144108,0.865171223402717
0.333574789550341,0.412639533913205,0.459508649269758,0.517152682675763,0.555780711643788,0.588790798897136,0.605237595135783,0.620549008051981,0.636796676080481,0.649317510786674,0.664604524744734,0.672141315790537,0.67962429320275,0.682551002194337,0.694394515731691,0.695419718671033,0.692494794876781,0.689203065105987,0.687434121887809,0.696806482422156,0.70067071166765,0.713225085748613,0.71551639474001,0.722982526977495,0.719545105067899,0.757105529052036,0.801269845496604,0.845776887637339,0.931645834275051,0.944583772144108,1,0.981840265898579
0.306572118912566,0.382250192857096,0.428281884199858,0.482671584571903,0.519312749757592,0.550877660002029,0.566892860677213,0.5825758405466,0.599674717264956,0.613688413200999,0.63150328419968,0.641468772195377,0.647764483212829,0.649807253428614,0.657873702187732,0.655503790790376,0.650828009799629,0.64689135228912,0.645201169225213,0.656014048166537,0.661409621532205,0.67160026418945,0.672367299501565,0.6756281904983,0.668679073337763,0.70080232020532,0.740033256807688,0.779249119599276,0.855084093432683,0.865171223402717,0.981840265898579,1
