1,0.657916811783513,0.50853602284682,0.422214783810614,0.36937299738627,0.3496021042027,0.333963964091092,0.333089019934302,0.316936941617495,0.29933588028299,0.287536996730482,0.272017122622292,0.256332875941041,0.246998881414143,0.235642372651478,0.222860879478142,0.217899723412556,0.213699239097356,0.206586598900432,0.201561967331081,0.193174976951381,0.186315860541228,0.178706180740322,0.175568495060659,0.18119516448764,0.173613210112121,0.171868134433591,0.174482284651729,0.174260008395885,0.142561841427388,0.108441547505182,0.040671600501856
0.657916811783513,1,0.889683613681115,0.817762698692917,0.769832060680258,0.748997712899664,0.731794064093367,0.723365444542229,0.711256728632025,0.699164244316494,0.687295918516816,0.675417661676991,0.661006419669458,0.657052104538406,0.644004729427403,0.633180223701259,0.624897789284368,0.614421048202539,0.607323405511352,0.597048979537066,0.589010494781962,0.583331920141527,0.578865072859661,0.570413735302595,0.570677074346179,0.563984498687902,0.555991104163017,0.547521996319518,0.530403997085554,0.450218592780416,0.295862780146314,0.213347824160378
0.50853602284682,0.889683613681115,1,0.958253375431922,0.913973910351086,0.895397922483468,0.876303969839969,0.862641507542185,0.850600845136323,0.84047411361202,0.830311141375615,0.818830431367098,0.807934404579608,0.804165477959385,0.794211549312141,0.783821543526681,0.775429437997938,0.765064353429235,0.758046907707095,0.747481214469791,0.742322721160258,0.7340669796667,0.726436642160152,0.718630934934256,0.713318342960483,0.704384751667739,0.693429479738639,0.682349768765354,0.656504453097919,0.547475915223873,0.337629391326361,0.244023505527203
0.422214783810614,0.817762698692917,0.958253375431922,1,0.970890787135406,0.953373002366538,0.933151067393291,0.920619377898237,0.909554432675526,0.899945933201647,0.890605661707569,0.877878185828981,0.866427786785759,0.861807447567073,0.855006549356549,0.847092364291844,0.84052992523692,0.831097652869901,0.823470243584243,0.812596167893251,0.804531019705008,0.796681233583346,0.787100631006369,0.778268186859975,0.770903393108993,0.76222425157351,0.749243979131647,0.740109660907616,0.709852887546083,0.595373832354108,0.357992900227684,0.259399607418772
0.36937299738627,0.769832060680258,0.913973910351086,0.970890787135406,1,0.984205861658207,0.962951636518154,0.950001681764542,0.936838079171752,0.92554632543544,0.918171301188523,0.906683364224386,0.896615514472534,0.892611191784497,0.885956839402765,0.878708688166647,0.872991711974551,0.863068077308499,0.85572421909432,0.845507514744743,0.837182247894998,0.829105240192506,0.819158002356207,0.811885774143709,0.804140518573252,0.794785135748144,0.779784594915846,0.770908921792131,0.738618722302761,0.619487869385487,0.368707351281991,0.273235727085974
0.3496021042027,0.748997712899664,0.895397922483468,0.953373002366538,0.984205861658207,1,0.985195846218318,0.973232664790077,0.960821573768435,0.948612438579271,0.94051575138672,0.9296603767474,0.919695745425081,0.913957572751733,0.905406062645163,0.897748596069432,0.891677068915072,0.882123102521339,0.874121391971935,0.86435750648993,0.856108908941668,0.849190527419677,0.840056593653563,0.83283660397345,0.824912731636737,0.815568760060623,0.800631446782921,0.789594934532279,0.753750606524462,0.631630953486172,0.372407551336275,0.277322041980755
0.333963964091092,0.731794064093367,0.876303969839969,0.933151067393291,0.962951636518154,0.985195846218318,1,0.989653223018452,0.976769307250771,0.963328462981973,0.955257955556203,0.944479824983851,0.934993222899999,0.92950530011106,0.920580467157105,0.912012447994924,0.904775727841333,0.89513790131223,0.886234220396543,0.877514070459937,0.869054642148488,0.86375604503112,0.85496685309888,0.847378355341375,0.839153483601161,0.831104997424488,0.817623147305772,0.808826872004944,0.773547117837814,0.64740794256761,0.379521129517031,0.283127645756811
0.333089019934302,0.723365444542229,0.862641507542185,0.920619377898237,0.950001681764542,0.973232664790077,0.989653223018452,1,0.989898475510031,0.976337252030049,0.967160646529139,0.957006694096015,0.947388205723034,0.941793104358507,0.932733783808896,0.924089353056289,0.915980907293972,0.907143872541163,0.898760239073865,0.889914984211552,0.880917058670282,0.875691103702029,0.86783301620793,0.860776227568798,0.853944132760824,0.846948213733267,0.834894306504683,0.826127072896046,0.791206780479598,0.662061590064031,0.394404640009881,0.292155727229612
0.316936941617495,0.711256728632025,0.850600845136323,0.909554432675526,0.936838079171752,0.960821573768435,0.976769307250771,0.989898475510031,1,0.990034622335637,0.979741328109925,0.968774449795713,0.958916220805388,0.952687362514531,0.943127610495068,0.935506477919293,0.927494633696234,0.918979212968813,0.911342066210798,0.903028662618633,0.893566206177976,0.888947150788969,0.881109219603991,0.873292912606153,0.865924617505911,0.858915819822377,0.84612513509152,0.835443816085159,0.802030262891642,0.67228265981724,0.401307724818489,0.300180032939589
0.29933588028299,0.699164244316494,0.84047411361202,0.899945933201647,0.92554632543544,0.948612438579271,0.963328462981973,0.976337252030049,0.990034622335637,1,0.991771203795593,0.980674863263723,0.970778992386403,0.964138131674244,0.953568466764728,0.944991527253894,0.936534443150929,0.928179476301801,0.921175993435647,0.912419324259451,0.902644762727244,0.898361032620081,0.890389974810422,0.882434346762285,0.874489939135681,0.867658980978532,0.854941084016516,0.843501322076332,0.810811685408528,0.684581560795754,0.415200011375644,0.308212252381172
0.287536996730482,0.687295918516816,0.830311141375615,0.890605661707569,0.918171301188523,0.94051575138672,0.955257955556203,0.967160646529139,0.979741328109925,0.991771203795593,1,0.992109336383095,0.982331596121749,0.976213421620854,0.966493174819453,0.958212425484919,0.949412697809699,0.94108417928187,0.933575125599361,0.924383156753919,0.91419245326219,0.908661029323845,0.900711150282679,0.893832796880212,0.885589186518286,0.879130432579968,0.864516836758798,0.852888708474875,0.820873574860101,0.694311100400198,0.419649681468298,0.308745677688313
0.272017122622292,0.675417661676991,0.818830431367098,0.877878185828981,0.906683364224386,0.9296603767474,0.944479824983851,0.957006694096015,0.968774449795713,0.980674863263723,0.992109336383095,1,0.992680371102356,0.98656070811329,0.977333472998791,0.969379656238079,0.960263796212056,0.951652353036734,0.943747119099188,0.93434812744513,0.924658277588013,0.918270007424027,0.909692220587877,0.903174234525068,0.893942057180611,0.888075461917321,0.874589598960278,0.862673192815849,0.830773103221074,0.705302643659015,0.430421317250919,0.318203809214894
0.256332875941041,0.661006419669458,0.807934404579608,0.866427786785759,0.896615514472534,0.919695745425081,0.934993222899999,0.947388205723034,0.958916220805388,0.970778992386403,0.982331596121749,0.992680371102356,1,0.995557360025889,0.986262857782,0.978020328236626,0.968750921901988,0.960029652141968,0.951628980222629,0.942792468562024,0.932952327947354,0.925094572708285,0.91677923694778,0.910001748610707,0.901033757096622,0.895143324733589,0.882327850284153,0.870636188056676,0.838635642576183,0.713409740610988,0.435487504908041,0.32860370060836
0.246998881414143,0.657052104538406,0.804165477959385,0.861807447567073,0.892611191784497,0.913957572751733,0.92950530011106,0.941793104358507,0.952687362514531,0.964138131674244,0.976213421620854,0.98656070811329,0.995557360025889,1,0.993513599061762,0.985523262839641,0.976360785258052,0.967352779432279,0.959200595841333,0.950694270218762,0.940557773533006,0.931801492807026,0.923966587361062,0.916708946817082,0.907621842481999,0.901539320982915,0.888960221875029,0.879026038051358,0.847707429304787,0.721320221511711,0.44098578715204,0.334935984316695
0.235642372651478,0.644004729427403,0.794211549312141,0.855006549356549,0.885956839402765,0.905406062645163,0.920580467157105,0.932733783808896,0.943127610495068,0.953568466764728,0.966493174819453,0.977333472998791,0.986262857782,0.993513599061762,1,0.994074279035216,0.985790826449697,0.977762132127538,0.970142639777509,0.961604955704459,0.952197589034562,0.943140681185567,0.935680260389645,0.929160783833713,0.919754524278836,0.913094873114906,0.901142147929997,0.890226186482829,0.860546612995205,0.730013273834291,0.446134266381775,0.336268336151309
0.222860879478142,0.633180223701259,0.783821543526681,0.847092364291844,0.878708688166647,0.897748596069432,0.912012447994924,0.924089353056289,0.935506477919293,0.944991527253894,0.958212425484919,0.969379656238079,0.978020328236626,0.985523262839641,0.994074279035216,1,0.994829519539839,0.986765863349742,0.978353528963466,0.969175924044128,0.959768369956472,0.951237788467049,0.943358379431112,0.937814266850012,0.928421528227849,0.921306937706549,0.909876833776128,0.899256211331925,0.871847721773278,0.740946237411968,0.452377498683304,0.340446710797512
0.217899723412556,0.624897789284368,0.775429437997938,0.84052992523692,0.872991711974551,0.891677068915072,0.904775727841333,0.915980907293972,0.927494633696234,0.936534443150929,0.949412697809699,0.960263796212056,0.968750921901988,0.976360785258052,0.985790826449697,0.994829519539839,1,0.994437834759722,0.986356253316406,0.976968103855195,0.967677320236229,0.958974570130072,0.950131897057046,0.945199503281158,0.935678865739582,0.928705035316635,0.916777775389048,0.904695386140955,0.876119968812746,0.744221565834504,0.454614144061118,0.344661592646027
0.213699239097356,0.614421048202539,0.765064353429235,0.831097652869901,0.863068077308499,0.882123102521339,0.89513790131223,0.907143872541163,0.918979212968813,0.928179476301801,0.94108417928187,0.951652353036734,0.960029652141968,0.967352779432279,0.977762132127538,0.986765863349742,0.994437834759722,1,0.99349232253725,0.984676862039751,0.976115382551475,0.968020472867326,0.95993077510169,0.954817020923901,0.94502056039063,0.937552144983778,0.925987491658027,0.912817875569814,0.883420130575898,0.750990977508208,0.459240582914599,0.34952457767675
0.206586598900432,0.607323405511352,0.758046907707095,0.823470243584243,0.85572421909432,0.874121391971935,0.886234220396543,0.898760239073865,0.911342066210798,0.921175993435647,0.933575125599361,0.943747119099188,0.951628980222629,0.959200595841333,0.970142639777509,0.978353528963466,0.986356253316406,0.99349232253725,1,0.994522499105514,0.986734668593348,0.978430419064726,0.970122121202464,0.963837055538753,0.953428589721903,0.945888561693349,0.933820161578326,0.919724833299613,0.888592587566179,0.751731618604689,0.461074090751608,0.355216104017508
0.201561967331081,0.597048979537066,0.747481214469791,0.812596167893251,0.845507514744743,0.86435750648993,0.877514070459937,0.889914984211552,0.903028662618633,0.912419324259451,0.924383156753919,0.93434812744513,0.942792468562024,0.950694270218762,0.961604955704459,0.969175924044128,0.976968103855195,0.984676862039751,0.994522499105514,1,0.994005108668279,0.986035247853505,0.977623133335579,0.969934562108824,0.958814154084916,0.950252948709224,0.936545573276727,0.921852560391364,0.890500678694653,0.754228178187839,0.46952749566049,0.359942125620917
0.193174976951381,0.589010494781962,0.742322721160258,0.804531019705008,0.837182247894998,0.856108908941668,0.869054642148488,0.880917058670282,0.893566206177976,0.902644762727244,0.91419245326219,0.924658277588013,0.932952327947354,0.940557773533006,0.952197589034562,0.959768369956472,0.967677320236229,0.976115382551475,0.986734668593348,0.994005108668279,1,0.994347149464599,0.985881431737893,0.977585970921913,0.966113909281479,0.957044166723099,0.942485025084196,0.92671905060545,0.893178136014502,0.755357455275441,0.474902658337896,0.365440691564739
0.186315860541228,0.583331920141527,0.7340669796667,0.796681233583346,0.829105240192506,0.849190527419677,0.86375604503112,0.875691103702029,0.888947150788969,0.898361032620081,0.908661029323845,0.918270007424027,0.925094572708285,0.931801492807026,0.943140681185567,0.951237788467049,0.958974570130072,0.968020472867326,0.978430419064726,0.986035247853505,0.994347149464599,1,0.993802501239252,0.985917095549446,0.974932345082771,0.965223237724354,0.951229418177969,0.936246303731331,0.904038940866867,0.763787218171932,0.478338461953559,0.365149615323852
0.178706180740322,0.578865072859661,0.726436642160152,0.787100631006369,0.819158002356207,0.840056593653563,0.85496685309888,0.86783301620793,0.881109219603991,0.890389974810422,0.900711150282679,0.909692220587877,0.91677923694778,0.923966587361062,0.935680260389645,0.943358379431112,0.950131897057046,0.95993077510169,0.970122121202464,0.977623133335579,0.985881431737893,0.993802501239252,1,0.992177298057381,0.981040445820921,0.970889581777764,0.956927980676483,0.941273491929689,0.909433800405721,0.764418707111808,0.474229790062935,0.361369540682021
0.175568495060659,0.570413735302595,0.718630934934256,0.778268186859975,0.811885774143709,0.83283660397345,0.847378355341375,0.860776227568798,0.873292912606153,0.882434346762285,0.893832796880212,0.903174234525068,0.910001748610707,0.916708946817082,0.929160783833713,0.937814266850012,0.945199503281158,0.954817020923901,0.963837055538753,0.969934562108824,0.977585970921913,0.985917095549446,0.992177298057381,1,0.992516710652937,0.982194688497473,0.970287981205587,0.953446787711723,0.923830326968794,0.776137032409757,0.482136903389674,0.371320516082995
0.18119516448764,0.570677074346179,0.713318342960483,0.770903393108993,0.804140518573252,0.824912731636737,0.839153483601161,0.853944132760824,0.865924617505911,0.874489939135681,0.885589186518286,0.893942057180611,0.901033757096622,0.907621842481999,0.919754524278836,0.928421528227849,0.935678865739582,0.94502056039063,0.953428589721903,0.958814154084916,0.966113909281479,0.974932345082771,0.981040445820921,0.992516710652937,1,0.991549886384722,0.980650872121079,0.962905960475218,0.934759407395748,0.785544911391832,0.496258026020978,0.381728396260366
0.173613210112121,0.563984498687902,0.704384751667739,0.76222425157351,0.794785135748144,0.815568760060623,0.831104997424488,0.846948213733267,0.858915819822377,0.867658980978532,0.879130432579968,0.888075461917321,0.895143324733589,0.901539320982915,0.913094873114906,0.921306937706549,0.928705035316635,0.937552144983778,0.945888561693349,0.950252948709224,0.957044166723099,0.965223237724354,0.970889581777764,0.982194688497473,0.991549886384722,1,0.990380187760629,0.972143854990106,0.94258839536504,0.796091379103604,0.505797909921908,0.390839958069133
0.171868134433591,0.555991104163017,0.693429479738639,0.749243979131647,0.779784594915846,0.800631446782921,0.817623147305772,0.834894306504683,0.84612513509152,0.854941084016516,0.864516836758798,0.874589598960278,0.882327850284153,0.888960221875029,0.901142147929997,0.909876833776128,0.916777775389048,0.925987491658027,0.933820161578326,0.936545573276727,0.942485025084196,0.951229418177969,0.956927980676483,0.970287981205587,0.980650872121079,0.990380187760629,1,0.985980582651916,0.959000288890642,0.816534433747961,0.522967852799433,0.406616545491291
0.174482284651729,0.547521996319518,0.682349768765354,0.740109660907616,0.770908921792131,0.789594934532279,0.808826872004944,0.826127072896046,0.835443816085159,0.843501322076332,0.852888708474875,0.862673192815849,0.870636188056676,0.879026038051358,0.890226186482829,0.899256211331925,0.904695386140955,0.912817875569814,0.919724833299613,0.921852560391364,0.92671905060545,0.936246303731331,0.941273491929689,0.953446787711723,0.962905960475218,0.972143854990106,0.985980582651916,1,0.975723302570683,0.838164193487031,0.548629896937278,0.432889862809313
0.174260008395885,0.530403997085554,0.656504453097919,0.709852887546083,0.738618722302761,0.753750606524462,0.773547117837814,0.791206780479598,0.802030262891642,0.810811685408528,0.820873574860101,0.830773103221074,0.838635642576183,0.847707429304787,0.860546612995205,0.871847721773278,0.876119968812746,0.883420130575898,0.888592587566179,0.890500678694653,0.893178136014502,0.904038940866867,0.909433800405721,0.923830326968794,0.934759407395748,0.94258839536504,0.959000288890642,0.975723302570683,1,0.889849162810561,0.601329391752359,0.47287827993446
0.142561841427388,0.450218592780416,0.547475915223873,0.595373832354108,0.619487869385487,0.631630953486172,0.64740794256761,0.662061590064031,0.67228265981724,0.684581560795754,0.694311100400198,0.705302643659015,0.713409740610988,0.721320221511711,0.730013273834291,0.740946237411968,0.744221565834504,0.750990977508208,0.751731618604689,0.754228178187839,0.755357455275441,0.763787218171932,0.764418707111808,0.776137032409757,0.785544911391832,0.796091379103604,0.816534433747961,0.838164193487031,0.889849162810561,1,0.804037993536846,0.581478438896078
0.108441547505182,0.295862780146314,0.337629391326361,0.357992900227684,0.368707351281991,0.372407551336275,0.379521129517031,0.394404640009881,0.401307724818489,0.415200011375644,0.419649681468298,0.430421317250919,0.435487504908041,0.44098578715204,0.446134266381775,0.452377498683304,0.454614144061118,0.459240582914599,0.461074090751608,0.46952749566049,0.474902658337896,0.478338461953559,0.474229790062935,0.482136903389674,0.496258026020978,0.505797909921908,0.522967852799433,0.548629896937278,0.601329391752359,0.804037993536846,1,0.628730023051023
0.040671600501856,0.213347824160378,0.244023505527203,0.259399607418772,0.273235727085974,0.277322041980755,0.283127645756811,0.292155727229612,0.300180032939589,0.308212252381172,0.308745677688313,0.318203809214894,0.32860370060836,0.334935984316695,0.336268336151309,0.340446710797512,0.344661592646027,0.34952457767675,0.355216104017508,0.359942125620917,0.365440691564739,0.365149615323852,0.361369540682021,0.371320516082995,0.381728396260366,0.390839958069133,0.406616545491291,0.432889862809313,0.47287827993446,0.581478438896078,0.628730023051023,1
