1,0.92356144590208,0.857209730328717,0.788094034071069,0.771515310560647,0.755353568529228,0.739315563242076,0.725210856087544,0.700380119890016,0.669411092320836,0.645999915881745,0.612508503303679,0.573599395098073,0.532528522564378,0.484298645135858,0.431877334056404,0.37673962970072,0.321385213760401,0.267679158507128,0.220496006918246,0.188769861430897,0.155474770079362,0.123758628914926,0.105145535546181,0.0745305284919367,0.0373869521386134,-0.00155572632015627,-0.0363273536559123,-0.0432026225803499,-0.0285909186173401,-0.00191312854519081,0.0286569510843474
0.92356144590208,1,0.975332651639708,0.894848504149848,0.876772911913195,0.854443284530735,0.828208291018974,0.815273599252444,0.792816271737338,0.767218153886039,0.745747441311109,0.712750410927896,0.676365937105605,0.634890590945342,0.583323195087214,0.525992805570122,0.462554307940357,0.396173350366322,0.344028844132253,0.295105679837597,0.256138548018639,0.219144337050372,0.183702331770278,0.161351503723313,0.126248990420624,0.0834404744138802,0.0405632457756089,-0.0016121688510684,-0.0198091487972517,0.0181440806120815,0.038602612005299,0.0536066066491807
0.857209730328717,0.975332651639708,1,0.966300687704676,0.945018179288824,0.918659409109949,0.88769947675604,0.87513655760763,0.853248150162093,0.829291897118545,0.808200580498379,0.775034699728995,0.740351001790601,0.698044751595963,0.643814563351869,0.586455610812732,0.522809787150472,0.456170376506926,0.403167687701204,0.352201113184104,0.310735563376263,0.272398160567338,0.235202898714342,0.21207558884605,0.176531231038532,0.132451277556572,0.0852615914024904,0.0329893710050074,0.00144114644745155,0.0396907175040047,0.0606423706729262,0.0736634195735323
0.788094034071069,0.894848504149848,0.966300687704676,1,0.980856408880785,0.954628428266337,0.922030888332638,0.909700492135155,0.887850961811646,0.864063374349762,0.842859131625901,0.809628206106468,0.776764076856001,0.734382281950902,0.678993890176356,0.62424655374863,0.564456418682955,0.502779023321685,0.448822333985483,0.396595758605839,0.355368201826476,0.317268269619338,0.279676467397341,0.257273729031178,0.223471423966775,0.180602664009991,0.129334457614968,0.0678318105447779,0.0235041398108602,0.0491990732073359,0.0728287977929184,0.0895067377395066
0.771515310560647,0.876772911913195,0.945018179288824,0.980856408880785,1,0.991272373224391,0.957845719594503,0.946000369555171,0.924151963659434,0.900031615257463,0.878310523173673,0.84456422024465,0.81295350857817,0.772599541734679,0.718812481394766,0.662733663555385,0.601344344332965,0.537933863766795,0.484933937630967,0.432898257581425,0.391148602112682,0.352615476850576,0.313972426985937,0.290602955562273,0.256485481352122,0.212979230993342,0.157010136019609,0.0975226146264028,0.0507950606092744,0.0585249307925563,0.0798658557867626,0.0955980796005576
0.755353568529228,0.854443284530735,0.918659409109949,0.954628428266337,0.991272373224391,1,0.98373059734429,0.971888893620059,0.949662102584408,0.925225565147314,0.90455766473159,0.871946053737937,0.841646383389024,0.803679166346327,0.752198274336003,0.696724250877268,0.63565360178387,0.572350271497657,0.519685198819012,0.467059401480958,0.42401240395695,0.384567030878534,0.344755278978174,0.321105624751257,0.286878593590904,0.242719617181236,0.183071432338839,0.122039451751448,0.0706453538003561,0.0668341161554878,0.0869250666866273,0.102010079812714
0.739315563242076,0.828208291018974,0.88769947675604,0.922030888332638,0.957845719594503,0.98373059734429,1,0.987751228941952,0.964835874873507,0.940117431722797,0.921863892785237,0.891823940728113,0.86288529833183,0.827605669481387,0.779041828824262,0.725880132847533,0.666827346377953,0.605267418516688,0.55242521386396,0.498572541280556,0.453600721676902,0.412865003200371,0.371824438540045,0.348509717833065,0.314374717966732,0.269586910076348,0.207237779114139,0.141630623183416,0.0837013993583808,0.0740979025840077,0.0938466184278544,0.10854360901118
0.725210856087544,0.815273599252444,0.87513655760763,0.909700492135155,0.946000369555171,0.971888893620059,0.987751228941952,1,0.992778171433749,0.967034050185844,0.94841935166864,0.91821290298993,0.890430516532406,0.856306311385677,0.808458713147936,0.755627632310408,0.696085827670041,0.633349009183592,0.58335200630184,0.531708745650515,0.488235270513858,0.449402389821656,0.409397035165363,0.386456983905184,0.352144016965376,0.306132942405788,0.243976775621795,0.170237927249669,0.100061050053743,0.0875068941335336,0.103968037095871,0.113854900382976
0.700380119890016,0.792816271737338,0.853248150162093,0.887850961811646,0.924151963659434,0.949662102584408,0.964835874873507,0.992778171433749,1,0.985018071942789,0.968709955875096,0.939083253461413,0.913322483304408,0.881289694059058,0.835201767478602,0.784304092559884,0.726294649680955,0.664730127407877,0.617795547787792,0.568424757244953,0.526657847509992,0.489352007332422,0.449858153900516,0.427024560483782,0.392886455695065,0.346278934893154,0.285040117252332,0.202780241462303,0.11900708094134,0.0980560237876822,0.111460112974984,0.11789272024604
0.669411092320836,0.767218153886039,0.829291897118545,0.864063374349762,0.900031615257463,0.925225565147314,0.940117431722797,0.967034050185844,0.985018071942789,1,0.990216372627374,0.962027294988181,0.939229457116311,0.910278609448223,0.866965160998005,0.819893397661534,0.765975917323672,0.708699233611421,0.664184572063242,0.61620626417248,0.575679550221356,0.538509695356893,0.497958731102163,0.474425311117635,0.440565201798083,0.393833625364317,0.333737595806825,0.241932897236381,0.142362470231908,0.104004806948547,0.115279562796051,0.121094559085794
0.645999915881745,0.745747441311109,0.808200580498379,0.842859131625901,0.878310523173673,0.90455766473159,0.921863892785237,0.94841935166864,0.968709955875096,0.990216372627374,1,0.990139025751146,0.968955890202932,0.942876112427742,0.902566999496352,0.858516908699856,0.80690702581292,0.751286233158232,0.708711517210045,0.661644332879222,0.621484115356962,0.584200879518943,0.542863903226009,0.520057802396676,0.485946384480298,0.437519958382389,0.376542140821095,0.271607293442479,0.155911378135848,0.112967927723569,0.124270922313072,0.129649710997513
0.612508503303679,0.712750410927896,0.775034699728995,0.809628206106468,0.84456422024465,0.871946053737937,0.891823940728113,0.91821290298993,0.939083253461413,0.962027294988181,0.990139025751146,1,0.986564285703832,0.965787755084995,0.929143484223598,0.889268919550319,0.840367776256119,0.786086286551266,0.746080015441136,0.700491334103929,0.6608622131516,0.624146495732992,0.582865336949819,0.561396256851915,0.527973899885963,0.478972440534145,0.416560984081466,0.299839480480744,0.169594793201999,0.121568432047841,0.133068221174848,0.138326927465205
0.573599395098073,0.676365937105605,0.740351001790601,0.776764076856001,0.81295350857817,0.841646383389024,0.86288529833183,0.890430516532406,0.913322483304408,0.939229457116311,0.968955890202932,0.986564285703832,1,0.990715772460432,0.957376994811166,0.92348826496287,0.877274163320462,0.822631112612773,0.785355392794246,0.741198751985367,0.701476513518954,0.666064132244808,0.625627781439644,0.605221772519341,0.57441378368564,0.527743714623694,0.461203386974864,0.337352433201132,0.195536967715201,0.130096867448154,0.141176937090756,0.147481467241787
0.532528522564378,0.634890590945342,0.698044751595963,0.734382281950902,0.772599541734679,0.803679166346327,0.827605669481387,0.856306311385677,0.881289694059058,0.910278609448223,0.942876112427742,0.965787755084995,0.990715772460432,1,0.986762663199849,0.957681680668597,0.915208461995353,0.863282683866841,0.829393922665153,0.787111067216237,0.747876495944177,0.712182889841545,0.67109086735247,0.653196361583702,0.623688118312707,0.576533884897899,0.507238026790134,0.374707250654182,0.219584341530871,0.139293901976849,0.150377379250103,0.157730684667512
0.484298645135858,0.583323195087214,0.643814563351869,0.678993890176356,0.718812481394766,0.752198274336003,0.779041828824262,0.808458713147936,0.835201767478602,0.866965160998005,0.902566999496352,0.929143484223598,0.957376994811166,0.986762663199849,1,0.97856587710741,0.94243884975881,0.895525252831556,0.865678852214158,0.826028273057164,0.788287511226208,0.752327643381914,0.710580838659006,0.695843409213127,0.667522991202883,0.619480381672439,0.548931114792044,0.407620130733982,0.239418022064052,0.148016747846146,0.15964370388381,0.168150502584444
0.431877334056404,0.525992805570122,0.586455610812732,0.62424655374863,0.662733663555385,0.696724250877268,0.725880132847533,0.755627632310408,0.784304092559884,0.819893397661534,0.858516908699856,0.889268919550319,0.92348826496287,0.957681680668597,0.97856587710741,1,0.988195450796536,0.947907621539641,0.921927751681694,0.885389898329476,0.851568493734032,0.819168795256552,0.779084218609614,0.764803881933946,0.739979331242247,0.695420172101025,0.621788028003402,0.457629918438671,0.26225522731777,0.170514838280421,0.18785252593354,0.200028127309945
0.37673962970072,0.462554307940357,0.522809787150472,0.564456418682955,0.601344344332965,0.63565360178387,0.666827346377953,0.696085827670041,0.726294649680955,0.765975917323672,0.80690702581292,0.840367776256119,0.877274163320462,0.915208461995353,0.94243884975881,0.988195450796536,1,0.981995523339691,0.960711178116062,0.927336110579436,0.897841788552139,0.867500695584944,0.827971120444753,0.815117482151976,0.79330237074172,0.751363772067506,0.677034476836792,0.502998435069292,0.291025221899196,0.19115869455797,0.209716861299004,0.222022689255551
0.321385213760401,0.396173350366322,0.456170376506926,0.502779023321685,0.537933863766795,0.572350271497657,0.605267418516688,0.633349009183592,0.664730127407877,0.708699233611421,0.751286233158232,0.786086286551266,0.822631112612773,0.863282683866841,0.895525252831556,0.947907621539641,0.981995523339691,1,0.983998881254003,0.953680751904179,0.928709683751927,0.89893112583402,0.85885097374509,0.848251724342065,0.828871564631246,0.788608120781905,0.715665177079909,0.543665168838101,0.324932157760831,0.209833057287839,0.225476836832201,0.234674562797092
0.267679158507128,0.344028844132253,0.403167687701204,0.448822333985483,0.484933937630967,0.519685198819012,0.55242521386396,0.58335200630184,0.617795547787792,0.664184572063242,0.708711517210045,0.746080015441136,0.785355392794246,0.829393922665153,0.865678852214158,0.921927751681694,0.960711178116062,0.983998881254003,1,0.990999217479306,0.966862171548151,0.941242845205062,0.904141323940698,0.892017765680684,0.872110814848233,0.831132852005063,0.764219414361453,0.582532419627322,0.346141098384069,0.221861077887105,0.235815986905504,0.242993618880262
0.220496006918246,0.295105679837597,0.352201113184104,0.396595758605839,0.432898257581425,0.467059401480958,0.498572541280556,0.531708745650515,0.568424757244953,0.61620626417248,0.661644332879222,0.700491334103929,0.741198751985367,0.787111067216237,0.826028273057164,0.885389898329476,0.927336110579436,0.953680751904179,0.990999217479306,1,0.986322528831028,0.966454471541875,0.932111409925879,0.919093305638592,0.898927261684478,0.857605383125956,0.796690452169562,0.608757481608383,0.359976237191517,0.230143669746197,0.242234616496699,0.24712615042187
0.188769861430897,0.256138548018639,0.310735563376263,0.355368201826476,0.391148602112682,0.42401240395695,0.453600721676902,0.488235270513858,0.526657847509992,0.575679550221356,0.621484115356962,0.6608622131516,0.701476513518954,0.747876495944177,0.788287511226208,0.851568493734032,0.897841788552139,0.928709683751927,0.966862171548151,0.986322528831028,1,0.987709044291758,0.9543904124437,0.941724125262288,0.921634710037254,0.879824084919108,0.822712607902394,0.630857494875216,0.373187676342404,0.23945020418218,0.249471970832847,0.251530579863363
0.155474770079362,0.219144337050372,0.272398160567338,0.317268269619338,0.352615476850576,0.384567030878534,0.412865003200371,0.449402389821656,0.489352007332422,0.538509695356893,0.584200879518943,0.624146495732992,0.666064132244808,0.712182889841545,0.752327643381914,0.819168795256552,0.867500695584944,0.89893112583402,0.941242845205062,0.966454471541875,0.987709044291758,1,0.988807172101938,0.974399523562234,0.954059164541454,0.912259570222922,0.859283139494556,0.667319503779374,0.40094960274049,0.26461762995874,0.271315812130094,0.267224070226298
0.123758628914926,0.183702331770278,0.235202898714342,0.279676467397341,0.313972426985937,0.344755278978174,0.371824438540045,0.409397035165363,0.449858153900516,0.497958731102163,0.542863903226009,0.582865336949819,0.625627781439644,0.67109086735247,0.710580838659006,0.779084218609614,0.827971120444753,0.85885097374509,0.904141323940698,0.932111409925879,0.9543904124437,0.988807172101938,1,0.988341203756165,0.96972325250706,0.928679918425436,0.879370807435717,0.691186362807664,0.421899979486193,0.282195264344184,0.285766860441849,0.276745553449689
0.105145535546181,0.161351503723313,0.21207558884605,0.257273729031178,0.290602955562273,0.321105624751257,0.348509717833065,0.386456983905184,0.427024560483782,0.474425311117635,0.520057802396676,0.561396256851915,0.605221772519341,0.653196361583702,0.695843409213127,0.764803881933946,0.815117482151976,0.848251724342065,0.892017765680684,0.919093305638592,0.941724125262288,0.974399523562234,0.988341203756165,1,0.990359974875624,0.949159063759665,0.897649376872362,0.709187532061124,0.436987144441791,0.276518366667043,0.279033523486188,0.272481344505888
0.0745305284919367,0.126248990420624,0.176531231038532,0.223471423966775,0.256485481352122,0.286878593590904,0.314374717966732,0.352144016965376,0.392886455695065,0.440565201798083,0.485946384480298,0.527973899885963,0.57441378368564,0.623688118312707,0.667522991202883,0.739979331242247,0.79330237074172,0.828871564631246,0.872110814848233,0.898927261684478,0.921634710037254,0.954059164541454,0.96972325250706,0.990359974875624,1,0.982277371614701,0.927287010107186,0.731322811888443,0.449998698784205,0.283718845274284,0.287685036232878,0.282722488549342
0.0373869521386134,0.0834404744138802,0.132451277556572,0.180602664009991,0.212979230993342,0.242719617181236,0.269586910076348,0.306132942405788,0.346278934893154,0.393833625364317,0.437519958382389,0.478972440534145,0.527743714623694,0.576533884897899,0.619480381672439,0.695420172101025,0.751363772067506,0.788608120781905,0.831132852005063,0.857605383125956,0.879824084919108,0.912259570222922,0.928679918425436,0.949159063759665,0.982277371614701,1,0.943493511431365,0.740894446011151,0.452870642449685,0.292339127476267,0.298919462287338,0.295009547691526
-0.00155572632015627,0.0405632457756089,0.0852615914024904,0.129334457614968,0.157010136019609,0.183071432338839,0.207237779114139,0.243976775621795,0.285040117252332,0.333737595806825,0.376542140821095,0.416560984081466,0.461203386974864,0.507238026790134,0.548931114792044,0.621788028003402,0.677034476836792,0.715665177079909,0.764219414361453,0.796690452169562,0.822712607902394,0.859283139494556,0.879370807435717,0.897649376872362,0.927287010107186,0.943493511431365,1,0.840387735999012,0.526347041745071,0.318799741999147,0.319854614680819,0.313561897924023
-0.0363273536559123,-0.0016121688510684,0.0329893710050074,0.0678318105447779,0.0975226146264028,0.122039451751448,0.141630623183416,0.170237927249669,0.202780241462303,0.241932897236381,0.271607293442479,0.299839480480744,0.337352433201132,0.374707250654182,0.407620130733982,0.457629918438671,0.502998435069292,0.543665168838101,0.582532419627322,0.608757481608383,0.630857494875216,0.667319503779374,0.691186362807664,0.709187532061124,0.731322811888443,0.740894446011151,0.840387735999012,1,0.898793931684472,0.396316037655039,0.364153342783698,0.3579895436561
-0.0432026225803499,-0.0198091487972517,0.00144114644745155,0.0235041398108602,0.0507950606092744,0.0706453538003561,0.0837013993583808,0.100061050053743,0.11900708094134,0.142362470231908,0.155911378135848,0.169594793201999,0.195536967715201,0.219584341530871,0.239418022064052,0.26225522731777,0.291025221899196,0.324932157760831,0.346141098384069,0.359976237191517,0.373187676342404,0.40094960274049,0.421899979486193,0.436987144441791,0.449998698784205,0.452870642449685,0.526347041745071,0.898793931684472,1,0.372586921143339,0.321688667581524,0.317706061316195
-0.0285909186173401,0.0181440806120815,0.0396907175040047,0.0491990732073359,0.0585249307925563,0.0668341161554878,0.0740979025840077,0.0875068941335336,0.0980560237876822,0.104004806948547,0.112967927723569,0.121568432047841,0.130096867448154,0.139293901976849,0.148016747846146,0.170514838280421,0.19115869455797,0.209833057287839,0.221861077887105,0.230143669746197,0.23945020418218,0.26461762995874,0.282195264344184,0.276518366667043,0.283718845274284,0.292339127476267,0.318799741999147,0.396316037655039,0.372586921143339,1,0.934920958189366,0.660860051618676
-0.00191312854519081,0.038602612005299,0.0606423706729262,0.0728287977929184,0.0798658557867626,0.0869250666866273,0.0938466184278544,0.103968037095871,0.111460112974984,0.115279562796051,0.124270922313072,0.133068221174848,0.141176937090756,0.150377379250103,0.15964370388381,0.18785252593354,0.209716861299004,0.225476836832201,0.235815986905504,0.242234616496699,0.249471970832847,0.271315812130094,0.285766860441849,0.279033523486188,0.287685036232878,0.298919462287338,0.319854614680819,0.364153342783698,0.321688667581524,0.934920958189366,1,0.879682830465266
0.0286569510843474,0.0536066066491807,0.0736634195735323,0.0895067377395066,0.0955980796005576,0.102010079812714,0.10854360901118,0.113854900382976,0.11789272024604,0.121094559085794,0.129649710997513,0.138326927465205,0.147481467241787,0.157730684667512,0.168150502584444,0.200028127309945,0.222022689255551,0.234674562797092,0.242993618880262,0.24712615042187,0.251530579863363,0.267224070226298,0.276745553449689,0.272481344505888,0.282722488549342,0.295009547691526,0.313561897924023,0.3579895436561,0.317706061316195,0.660860051618676,0.879682830465266,1
