1,0.812548683587772,0.72563962165975,0.65583544562168,0.594672731627275,0.562260087006183,0.525804824733836,0.488493666870439,0.44381371507272,0.419634867037356,0.400517645309626,0.380715309225687,0.36595356762432,0.344426754558947,0.315607953879993,0.302581014872057,0.28427390429285,0.262497778868033,0.257943400278727,0.228323121460633,0.190727693847688,0.179336419979651,0.160436545483094,0.142551751732283,0.131711632318853,0.106288312451203,0.0672735142526224,0.0196686156221644,0.0149596357840343,0.0342503376853745,0.0397951315298383,0.0178513145028012
0.812548683587772,1,0.952396854922008,0.853599720716062,0.775480789736102,0.741145497473349,0.697489460262842,0.651047697673929,0.612061010427612,0.580769945302247,0.549614781142932,0.52843999548,0.508486029168096,0.480587840115568,0.447165783124755,0.427579942053827,0.406451085091465,0.385776606498759,0.382003742830234,0.353583805726282,0.314629486325827,0.300863540875966,0.276846897099506,0.254448267841293,0.2425391105875,0.216006834020807,0.167551840027573,0.100819711890293,0.0622069091596495,0.068233774258173,0.0757010785598754,0.0728438042936417
0.72563962165975,0.952396854922008,1,0.965234645992108,0.872058095658618,0.834024017779199,0.784922100809459,0.732853305937637,0.694350874401502,0.661456258607534,0.627018487106605,0.603486542288937,0.582981312026449,0.554575022184861,0.521110174560607,0.502407580392812,0.480851374802449,0.458649672417745,0.4528738901906,0.424456760945385,0.385392869207437,0.372395666701047,0.347747836151301,0.323523484082817,0.308890020125533,0.277572880334084,0.229850569471026,0.166589914121911,0.115167645926668,0.109872343240381,0.110278488488077,0.104661914306626
0.65583544562168,0.853599720716062,0.965234645992108,1,0.942983291641278,0.902253907102248,0.848955709726657,0.792394191482828,0.754068430089454,0.721227929276061,0.685725661447392,0.659913555280273,0.639557428452795,0.612219679849901,0.581204606480042,0.563254325698406,0.540758045122562,0.516362108880752,0.508819882236019,0.479770069919521,0.440116022197443,0.428388145932808,0.405628354294538,0.381330201103494,0.363115731047296,0.327846883175029,0.280961762275691,0.220841114800306,0.159992702493117,0.147182874578545,0.140424518960801,0.125479336669411
0.594672731627275,0.775480789736102,0.872058095658618,0.942983291641278,1,0.95906461946665,0.903199465720441,0.842869124163929,0.805669697301013,0.773347764308411,0.737153246504193,0.709615165373688,0.688709909724738,0.66255763714816,0.635847567925472,0.615528758627344,0.590330229102492,0.563663638752238,0.55590149160684,0.525411741293418,0.483647185869249,0.472615043519115,0.453824242651742,0.431169941419586,0.408890906049336,0.372567670343709,0.322539042526382,0.256019421726774,0.184638587650265,0.170837410831872,0.160849180524474,0.134612554708356
0.562260087006183,0.741145497473349,0.834024017779199,0.902253907102248,0.95906461946665,1,0.980178726285562,0.912146664300073,0.874964200087079,0.840722203815533,0.801305631502692,0.771959217473516,0.750258004632587,0.723857607928825,0.698321287096695,0.675752299066634,0.651014420037375,0.627286983753754,0.617041142150044,0.584862393492333,0.541464630928214,0.531333555724122,0.513115785691721,0.490668618365345,0.468550143598911,0.430383352576829,0.377248330365651,0.305173862494907,0.231252672440483,0.21504970405831,0.195868797591106,0.147249856721303
0.525804824733836,0.697489460262842,0.784922100809459,0.848955709726657,0.903199465720441,0.980178726285562,1,0.967453958338262,0.931190956923122,0.895324981975853,0.852958523178201,0.822493555001011,0.798492139911543,0.770622930816193,0.7462108306886,0.721674623147274,0.696258662660131,0.673140931308421,0.660282818601402,0.627970730092784,0.585140154724165,0.576545921947637,0.558531281666093,0.53510368481351,0.510910497017813,0.471746276087317,0.418115974518567,0.344495240467073,0.266724241779555,0.248361590439837,0.224111212030716,0.164108158104872
0.488493666870439,0.651047697673929,0.732853305937637,0.792394191482828,0.842869124163929,0.912146664300073,0.967453958338262,1,0.971889159745141,0.937200840607525,0.89259251712098,0.861600168470915,0.834469329038552,0.804350586846447,0.78076123943806,0.754613030659901,0.727482845993303,0.702761592039125,0.687343540866661,0.656446222386664,0.61619255029182,0.609363679585242,0.591210294553046,0.565909647923253,0.537957654369599,0.498227852175989,0.446227839607482,0.374639122649457,0.291479665462383,0.270673719891897,0.245165976958189,0.184776126414546
0.44381371507272,0.612061010427612,0.694350874401502,0.754068430089454,0.805669697301013,0.874964200087079,0.931190956923122,0.971889159745141,1,0.98483114737128,0.940549242643822,0.9086472422332,0.881749027262478,0.851677412425023,0.828063476379593,0.800401970604137,0.771792849571213,0.745785436966507,0.727930850292983,0.699754911157895,0.662948954536084,0.656202929961405,0.638345731899754,0.612597978527177,0.583063102393526,0.540375035529001,0.488576268266385,0.418569549839841,0.327015862273287,0.299243914511341,0.270233443197784,0.210582412626518
0.419634867037356,0.580769945302247,0.661456258607534,0.721227929276061,0.773347764308411,0.840722203815533,0.895324981975853,0.937200840607525,0.98483114737128,1,0.982952291705402,0.95060417723875,0.925012271193573,0.895694864893807,0.871832554177281,0.843530600157719,0.814365615335135,0.788025452079297,0.769839518373407,0.745122476089711,0.711143985907801,0.701673251621389,0.683857642146588,0.659014257292554,0.630759800526134,0.589367757223624,0.54000696776227,0.471405443687787,0.374118381155051,0.336705500902134,0.301287914953852,0.240336985032712
0.400517645309626,0.549614781142932,0.627018487106605,0.685725661447392,0.737153246504193,0.801305631502692,0.852958523178201,0.89259251712098,0.940549242643822,0.982952291705402,1,0.978492331225,0.956711600056702,0.928575364615836,0.904628357511728,0.877535047365102,0.849048382966564,0.822909827540871,0.805238249568934,0.783656812985321,0.751704333400053,0.738553050856669,0.720758999500617,0.697680536286876,0.672599702558245,0.63416843909935,0.588191487084408,0.52137048833022,0.421196893201945,0.377074120958913,0.336032942827814,0.271664954174636
0.380715309225687,0.52843999548,0.603486542288937,0.659913555280273,0.709615165373688,0.771959217473516,0.822493555001011,0.861600168470915,0.9086472422332,0.95060417723875,0.978492331225,1,0.98697281488709,0.959197561551096,0.935236429082436,0.912687329358811,0.886255159241773,0.8596210929053,0.841202319359135,0.819585450805895,0.786877615064639,0.771373361530562,0.753343623529798,0.731659599547448,0.710025048174348,0.67157390505909,0.626589754127293,0.560592805709539,0.459236526555933,0.420803716072281,0.380263410266751,0.307341297328657
0.36595356762432,0.508486029168096,0.582981312026449,0.639557428452795,0.688709909724738,0.750258004632587,0.798492139911543,0.834469329038552,0.881749027262478,0.925012271193573,0.956711600056702,0.98697281488709,1,0.990791537832374,0.9657500887632,0.94524289511032,0.919806586625163,0.893023356896724,0.873736332774149,0.850295872164054,0.815547413224079,0.800785907849353,0.783747498940791,0.763754507323676,0.745193392572239,0.707116242294354,0.661052384051796,0.591943358716704,0.490829851181866,0.447940965816583,0.39973556320407,0.313606652106133
0.344426754558947,0.480587840115568,0.554575022184861,0.612219679849901,0.66255763714816,0.723857607928825,0.770622930816193,0.804350586846447,0.851677412425023,0.895694864893807,0.928575364615836,0.959197561551096,0.990791537832374,1,0.985347884829326,0.966957199893015,0.942222516293552,0.915377301132221,0.896038077284006,0.871146574300064,0.834568510667611,0.820407546887834,0.803847191287605,0.784632433674106,0.767623257973757,0.730284957317927,0.683784833770511,0.61257974253389,0.510543283932697,0.462477612384304,0.407484558489729,0.311253236633702
0.315607953879993,0.447165783124755,0.521110174560607,0.581204606480042,0.635847567925472,0.698321287096695,0.7462108306886,0.78076123943806,0.828063476379593,0.871832554177281,0.904628357511728,0.935236429082436,0.9657500887632,0.985347884829326,1,0.984453454477138,0.959947243995059,0.932667612243539,0.914412729610407,0.889094781475461,0.851095965596698,0.835867461580849,0.818189721218044,0.797796259516943,0.77961722848447,0.742902732174549,0.697194853913056,0.626188552576375,0.519297240685599,0.468322776163675,0.410695964363435,0.310447002066719
0.302581014872057,0.427579942053827,0.502407580392812,0.563254325698406,0.615528758627344,0.675752299066634,0.721674623147274,0.754613030659901,0.800401970604137,0.843530600157719,0.877535047365102,0.912687329358811,0.94524289511032,0.966957199893015,0.984453454477138,1,0.99178012569043,0.965081784986616,0.947516464502601,0.92146697978669,0.881617088488803,0.865201216368313,0.847627181755944,0.826664015291753,0.806173108155007,0.770341865628532,0.724849650435201,0.65215772038614,0.538882705849092,0.480399524496326,0.42146495760205,0.329867373023924
0.28427390429285,0.406451085091465,0.480851374802449,0.540758045122562,0.590330229102492,0.651014420037375,0.696258662660131,0.727482845993303,0.771792849571213,0.814365615335135,0.849048382966564,0.886255159241773,0.919806586625163,0.942222516293552,0.959947243995059,0.99178012569043,1,0.987564362315993,0.970484313084345,0.944042092353484,0.903106295244428,0.886229415464964,0.868673107986898,0.847162837843392,0.824973705340608,0.788041995701344,0.742922462656104,0.671140567953512,0.552138537187808,0.487049143284681,0.426794291474901,0.342097702189137
0.262497778868033,0.385776606498759,0.458649672417745,0.516362108880752,0.563663638752238,0.627286983753754,0.673140931308421,0.702761592039125,0.745785436966507,0.788025452079297,0.822909827540871,0.8596210929053,0.893023356896724,0.915377301132221,0.932667612243539,0.965081784986616,0.987564362315993,1,0.985077323899781,0.959306786791883,0.918026812436139,0.901226353752905,0.883436789192406,0.861290735471221,0.838004955146062,0.798310605419581,0.753503062684843,0.684458756829059,0.560709013010357,0.490066905910577,0.428187531593323,0.347667155175334
0.257943400278727,0.382003742830234,0.4528738901906,0.508819882236019,0.55590149160684,0.617041142150044,0.660282818601402,0.687343540866661,0.727930850292983,0.769839518373407,0.805238249568934,0.841202319359135,0.873736332774149,0.896038077284006,0.914412729610407,0.947516464502601,0.970484313084345,0.985077323899781,1,0.986458033362276,0.946073162083451,0.927749247772825,0.908951391224348,0.885692846219134,0.860992192722095,0.822162665273373,0.775944759538847,0.702648742575829,0.580479297506794,0.503337905372629,0.438447452070603,0.362825630930441
0.228323121460633,0.353583805726282,0.424456760945385,0.479770069919521,0.525411741293418,0.584862393492333,0.627970730092784,0.656446222386664,0.699754911157895,0.745122476089711,0.783656812985321,0.819585450805895,0.850295872164054,0.871146574300064,0.889094781475461,0.92146697978669,0.944042092353484,0.959306786791883,0.986458033362276,1,0.985051106584268,0.966132081073475,0.946194608139324,0.92208350505197,0.89762483475781,0.860669131339186,0.814657633545856,0.738601860261286,0.618704049151587,0.545673036633709,0.48115306081637,0.401093179961653
0.190727693847688,0.314629486325827,0.385392869207437,0.440116022197443,0.483647185869249,0.541464630928214,0.585140154724165,0.61619255029182,0.662948954536084,0.711143985907801,0.751704333400053,0.786877615064639,0.815547413224079,0.834568510667611,0.851095965596698,0.881617088488803,0.903106295244428,0.918026812436139,0.946073162083451,0.985051106584268,1,0.986651762678369,0.967897167328852,0.943975348255905,0.920504115770461,0.885828011722465,0.841634425104666,0.765751083312418,0.648807655028203,0.582052758480786,0.518999356196723,0.433594915688395
0.179336419979651,0.300863540875966,0.372395666701047,0.428388145932808,0.472615043519115,0.531333555724122,0.576545921947637,0.609363679585242,0.656202929961405,0.701673251621389,0.738553050856669,0.771373361530562,0.800785907849353,0.820407546887834,0.835867461580849,0.865201216368313,0.886229415464964,0.901226353752905,0.927749247772825,0.966132081073475,0.986651762678369,1,0.990046027665473,0.967775287986425,0.943067877809441,0.908071411342393,0.865352040131042,0.791419430496467,0.67035003467031,0.592583674658971,0.523580886305234,0.440614840995774
0.160436545483094,0.276846897099506,0.347747836151301,0.405628354294538,0.453824242651742,0.513115785691721,0.558531281666093,0.591210294553046,0.638345731899754,0.683857642146588,0.720758999500617,0.753343623529798,0.783747498940791,0.803847191287605,0.818189721218044,0.847627181755944,0.868673107986898,0.883436789192406,0.908951391224348,0.946194608139324,0.967897167328852,0.990046027665473,1,0.992239749748471,0.966193156149685,0.933182342631969,0.891920206884167,0.817566018524966,0.701970810553597,0.614768176767278,0.538058453651068,0.453577142592649
0.142551751732283,0.254448267841293,0.323523484082817,0.381330201103494,0.431169941419586,0.490668618365345,0.53510368481351,0.565909647923253,0.612597978527177,0.659014257292554,0.697680536286876,0.731659599547448,0.763754507323676,0.784632433674106,0.797796259516943,0.826664015291753,0.847162837843392,0.861290735471221,0.885692846219134,0.92208350505197,0.943975348255905,0.967775287986425,0.992239749748471,1,0.984240343963122,0.956043696044715,0.916682336683854,0.841298691792015,0.73155918826113,0.640719636737706,0.558684300240206,0.468737320366956
0.131711632318853,0.2425391105875,0.308890020125533,0.363115731047296,0.408890906049336,0.468550143598911,0.510910497017813,0.537957654369599,0.583063102393526,0.630759800526134,0.672599702558245,0.710025048174348,0.745193392572239,0.767623257973757,0.77961722848447,0.806173108155007,0.824973705340608,0.838004955146062,0.860992192722095,0.89762483475781,0.920504115770461,0.943067877809441,0.966193156149685,0.984240343963122,1,0.980308152153331,0.943384289643433,0.866627116926759,0.757285033010658,0.671850179090305,0.589203720772058,0.488097661923546
0.106288312451203,0.216006834020807,0.277572880334084,0.327846883175029,0.372567670343709,0.430383352576829,0.471746276087317,0.498227852175989,0.540375035529001,0.589367757223624,0.63416843909935,0.67157390505909,0.707116242294354,0.730284957317927,0.742902732174549,0.770341865628532,0.788041995701344,0.798310605419581,0.822162665273373,0.860669131339186,0.885828011722465,0.908071411342393,0.933182342631969,0.956043696044715,0.980308152153331,1,0.982700448801899,0.901952457215201,0.796938990313149,0.698596848666997,0.605683657994618,0.501881956859214
0.0672735142526224,0.167551840027573,0.229850569471026,0.280961762275691,0.322539042526382,0.377248330365651,0.418115974518567,0.446227839607482,0.488576268266385,0.54000696776227,0.588191487084408,0.626589754127293,0.661052384051796,0.683784833770511,0.697194853913056,0.724849650435201,0.742922462656104,0.753503062684843,0.775944759538847,0.814657633545856,0.841634425104666,0.865352040131042,0.891920206884167,0.916682336683854,0.943384289643433,0.982700448801899,1,0.960847600271026,0.841231160061711,0.726768730990549,0.625032374234006,0.521323331032303
0.0196686156221644,0.100819711890293,0.166589914121911,0.220841114800306,0.256019421726774,0.305173862494907,0.344495240467073,0.374639122649457,0.418569549839841,0.471405443687787,0.52137048833022,0.560592805709539,0.591943358716704,0.61257974253389,0.626188552576375,0.65215772038614,0.671140567953512,0.684458756829059,0.702648742575829,0.738601860261286,0.765751083312418,0.791419430496467,0.817566018524966,0.841298691792015,0.866627116926759,0.901952457215201,0.960847600271026,1,0.854650920824311,0.728848286944204,0.624958819244646,0.526365673046993
0.0149596357840343,0.0622069091596495,0.115167645926668,0.159992702493117,0.184638587650265,0.231252672440483,0.266724241779555,0.291479665462383,0.327015862273287,0.374118381155051,0.421196893201945,0.459236526555933,0.490829851181866,0.510543283932697,0.519297240685599,0.538882705849092,0.552138537187808,0.560709013010357,0.580479297506794,0.618704049151587,0.648807655028203,0.67035003467031,0.701970810553597,0.73155918826113,0.757285033010658,0.796938990313149,0.841231160061711,0.854650920824311,1,0.889363423416108,0.73181599729642,0.569028164889652
0.0342503376853745,0.068233774258173,0.109872343240381,0.147182874578545,0.170837410831872,0.21504970405831,0.248361590439837,0.270673719891897,0.299243914511341,0.336705500902134,0.377074120958913,0.420803716072281,0.447940965816583,0.462477612384304,0.468322776163675,0.480399524496326,0.487049143284681,0.490066905910577,0.503337905372629,0.545673036633709,0.582052758480786,0.592583674658971,0.614768176767278,0.640719636737706,0.671850179090305,0.698596848666997,0.726768730990549,0.728848286944204,0.889363423416108,1,0.949050023717681,0.68200746214731
0.0397951315298383,0.0757010785598754,0.110278488488077,0.140424518960801,0.160849180524474,0.195868797591106,0.224111212030716,0.245165976958189,0.270233443197784,0.301287914953852,0.336032942827814,0.380263410266751,0.39973556320407,0.407484558489729,0.410695964363435,0.42146495760205,0.426794291474901,0.428187531593323,0.438447452070603,0.48115306081637,0.518999356196723,0.523580886305234,0.538058453651068,0.558684300240206,0.589203720772058,0.605683657994618,0.625032374234006,0.624958819244646,0.73181599729642,0.949050023717681,1,0.805797433695236
0.0178513145028012,0.0728438042936417,0.104661914306626,0.125479336669411,0.134612554708356,0.147249856721303,0.164108158104872,0.184776126414546,0.210582412626518,0.240336985032712,0.271664954174636,0.307341297328657,0.313606652106133,0.311253236633702,0.310447002066719,0.329867373023924,0.342097702189137,0.347667155175334,0.362825630930441,0.401093179961653,0.433594915688395,0.440614840995774,0.453577142592649,0.468737320366956,0.488097661923546,0.501881956859214,0.521323331032303,0.526365673046993,0.569028164889652,0.68200746214731,0.805797433695236,1
