1,0.825213799181118,0.777867388006807,0.760259477269756,0.738714193188661,0.729068267137806,0.720474250983655,0.713351517783906,0.700410433554413,0.694434075724248,0.687623493755507,0.677271916248845,0.667873506722956,0.658754084791374,0.64592913851679,0.639847048914606,0.626763435913522,0.620173367368093,0.613856413926026,0.60418988707152,0.594811428666628,0.585348695720354,0.573830126431176,0.562696238883968,0.555486430604993,0.545728554887415,0.540405105189112,0.515432012582592,0.48651532366286,0.340228518696224,0.255313042070693,0.133917284326242
0.825213799181118,1,0.954652773473526,0.934138425363103,0.916715489420473,0.905540785160639,0.893531357815669,0.884116292288592,0.876168109711968,0.870775966831442,0.864341641211,0.854880197700322,0.846654922639332,0.83883526932671,0.830177711408679,0.822213611763873,0.812548204028241,0.805119441232323,0.79746020486966,0.789479242618643,0.780172860317369,0.771736227462249,0.757853770376808,0.745856072997975,0.735684329454894,0.721972157740388,0.711077620622571,0.681693760783611,0.638331952354904,0.443252790005127,0.369520878018174,0.215695087901053
0.777867388006807,0.954652773473526,1,0.979630393405326,0.965089110727651,0.951734440187067,0.941505803812233,0.931508168789079,0.924971366493846,0.919969046938607,0.914201337895601,0.906971492843257,0.899135850625941,0.890957878805315,0.882156747460784,0.874017335587613,0.864813530253559,0.855711630344828,0.846029628288024,0.838164550124896,0.828440370396617,0.819853473830438,0.807177436173524,0.794810953206584,0.782616571076704,0.768613723928423,0.756137926183505,0.72417847115825,0.681169411734044,0.471545698041589,0.390224493753111,0.231228834289358
0.760259477269756,0.934138425363103,0.979630393405326,1,0.986689423439087,0.973369743301509,0.963898710929611,0.955981978288821,0.950010385641831,0.945279567539277,0.938740034054293,0.931868737689438,0.923975729669942,0.917200403134433,0.907859898849409,0.899532146379936,0.891353557462888,0.882774202770292,0.87384416785053,0.866306758994729,0.856671162501146,0.848633014003847,0.836817933957866,0.823968189709377,0.811213775543685,0.797012129022017,0.78264943448068,0.751792991300747,0.707064440807336,0.488025034192582,0.413636859278852,0.251617944807649
0.738714193188661,0.916715489420473,0.965089110727651,0.986689423439087,1,0.988998626268291,0.979247249568703,0.971787725537208,0.965602263755188,0.95936872976096,0.953111583165941,0.946569390967051,0.938398446350025,0.932402329106083,0.923633188743969,0.915506305442778,0.908105834496403,0.899979610678128,0.891648593713783,0.883996117198602,0.876051955290097,0.868186507284415,0.857680037746301,0.845616034396922,0.832909147719833,0.819552924201125,0.8046796984072,0.772641277894201,0.727304989379496,0.499177296510895,0.431731900104951,0.272081345667986
0.729068267137806,0.905540785160639,0.951734440187067,0.973369743301509,0.988998626268291,1,0.991673003837205,0.984820782146212,0.978459950081578,0.972131378754567,0.965599225494783,0.958702788499368,0.950743752195479,0.944883233976918,0.936278323533842,0.928842185449505,0.922115208247395,0.913729685665994,0.905842919638716,0.898292289121277,0.890783192990959,0.882756758838338,0.873064110262464,0.861792568099742,0.849649504192712,0.836059159429757,0.819692054362223,0.786312385625179,0.741477447073361,0.507757066557149,0.447688374022632,0.289630130046559
0.720474250983655,0.893531357815669,0.941505803812233,0.963898710929611,0.979247249568703,0.991673003837205,1,0.9944918440284,0.988201627543623,0.98169061131432,0.975212078904471,0.967786319952393,0.960271993980257,0.953463662116257,0.945844369154854,0.938156510757391,0.931042086090554,0.922526275467608,0.914653091162498,0.906783333910656,0.899375730519505,0.890766127299537,0.881715815249517,0.871544914533976,0.859425552125347,0.846205846005584,0.829383308987484,0.796072487412847,0.751105403073851,0.51437740555544,0.455448518360406,0.300639761364129
0.713351517783906,0.884116292288592,0.931508168789079,0.955981978288821,0.971787725537208,0.984820782146212,0.9944918440284,1,0.994565048948284,0.988699766834159,0.982277404885775,0.9749077947028,0.966341532905954,0.959301007485981,0.952029918546611,0.94444873580106,0.937261000245681,0.929106963653602,0.921882201493485,0.914202607931215,0.907160109277348,0.898955260078087,0.890344876828569,0.880179429479396,0.868780707952079,0.854943152629229,0.837634191160801,0.804801954331927,0.759846699351402,0.523738484957447,0.466565316909753,0.307917076553922
0.700410433554413,0.876168109711968,0.924971366493846,0.950010385641831,0.965602263755188,0.978459950081578,0.988201627543623,0.994565048948284,1,0.995802296208471,0.99029701848333,0.983504815641219,0.976251104997389,0.969648845817693,0.962225478125822,0.954471259544609,0.947680984165168,0.940020248300867,0.93340870766577,0.926486564598992,0.919718181621107,0.912513631556101,0.904319478915991,0.894858119108323,0.884551060375898,0.870979753832665,0.85373760521096,0.822148151447584,0.779467645788977,0.547468419931833,0.493695796894214,0.331659306663134
0.694434075724248,0.870775966831442,0.919969046938607,0.945279567539277,0.95936872976096,0.972131378754567,0.98169061131432,0.988699766834159,0.995802296208471,1,0.995721494463557,0.989049549242576,0.981836356418235,0.974939114096257,0.967609794815245,0.960427722906255,0.953867252446514,0.94615024469042,0.939588152889438,0.932814012343323,0.926743887512585,0.919982730086795,0.912381000895884,0.903153548146701,0.892929340844768,0.880426330061576,0.864179924448092,0.83338763074414,0.790134543548016,0.555413745943867,0.500544003123242,0.340126990993442
0.687623493755507,0.864341641211,0.914201337895601,0.938740034054293,0.953111583165941,0.965599225494783,0.975212078904471,0.982277404885775,0.99029701848333,0.995721494463557,1,0.995182755897808,0.988887801972864,0.982434975081939,0.975548437023341,0.968029579017833,0.961295547506713,0.95379567878307,0.947186998843681,0.940615601606197,0.934922153291302,0.92865884029356,0.920969734930913,0.912057797687951,0.901915305323315,0.890004544817367,0.874259856238038,0.844418737818302,0.802316896454089,0.568418661882881,0.513936914964064,0.352234370401631
0.677271916248845,0.854880197700322,0.906971492843257,0.931868737689438,0.946569390967051,0.958702788499368,0.967786319952393,0.9749077947028,0.983504815641219,0.989049549242576,0.995182755897808,1,0.995796199907108,0.990155085812497,0.983590623160525,0.976252311255151,0.969296675164836,0.961842791835508,0.955264758311551,0.948846890635493,0.943149023509581,0.937020028690876,0.93028772264677,0.922428125632243,0.91312985721034,0.90104990692505,0.885855746979553,0.856629438965285,0.816508185849981,0.578908234571946,0.528582147148675,0.365098786518714
0.667873506722956,0.846654922639332,0.899135850625941,0.923975729669942,0.938398446350025,0.950743752195479,0.960271993980257,0.966341532905954,0.976251104997389,0.981836356418235,0.988887801972864,0.995796199907108,1,0.996269727169162,0.990797440679498,0.984072895997841,0.977501548586034,0.970868425890149,0.964398170588995,0.957881330615134,0.951942656596129,0.94560091488966,0.938860674413857,0.931265436108574,0.922620208317436,0.911122265559042,0.896873916734675,0.868925599982492,0.831497786417085,0.602319033255466,0.547926874060417,0.38324533734904
0.658754084791374,0.83883526932671,0.890957878805315,0.917200403134433,0.932402329106083,0.944883233976918,0.953463662116257,0.959301007485981,0.969648845817693,0.974939114096257,0.982434975081939,0.990155085812497,0.996269727169162,1,0.996362725645386,0.990533382664826,0.984341080567796,0.978528818084944,0.971721843116527,0.965616010223903,0.959909440198744,0.953942857771277,0.947001661478163,0.939527285297754,0.931936415520642,0.921488605632553,0.907996578422816,0.880696121321102,0.844355363935713,0.619138452075226,0.565153331642254,0.399245576411998
0.64592913851679,0.830177711408679,0.882156747460784,0.907859898849409,0.923633188743969,0.936278323533842,0.945844369154854,0.952029918546611,0.962225478125822,0.967609794815245,0.975548437023341,0.983590623160525,0.990797440679498,0.996362725645386,1,0.99629381413209,0.990875283228947,0.984844596096623,0.978470357107323,0.972518751368595,0.966439246024826,0.960287079042989,0.953640949630034,0.946326784565114,0.939185593817118,0.929449649305008,0.916604899741476,0.8891262506634,0.854549834794887,0.629032942466801,0.578589723135574,0.411620838342663
0.639847048914606,0.822213611763873,0.874017335587613,0.899532146379936,0.915506305442778,0.928842185449505,0.938156510757391,0.94444873580106,0.954471259544609,0.960427722906255,0.968029579017833,0.976252311255151,0.984072895997841,0.990533382664826,0.99629381413209,1,0.996298050297529,0.991194513940068,0.985418125291178,0.980030625651063,0.973988846667426,0.968095394525144,0.961746523394665,0.954420177201877,0.947258194114193,0.937619258126852,0.92513694457689,0.896606901985694,0.863430095750661,0.637073436186837,0.587063665359397,0.42316187103518
0.626763435913522,0.812548204028241,0.864813530253559,0.891353557462888,0.908105834496403,0.922115208247395,0.931042086090554,0.937261000245681,0.947680984165168,0.953867252446514,0.961295547506713,0.969296675164836,0.977501548586034,0.984341080567796,0.990875283228947,0.996298050297529,1,0.996289048558249,0.991252952485408,0.986287482049592,0.980884803743376,0.975518343041322,0.969325730711612,0.96219475800986,0.954963481158922,0.945324740755426,0.933082750089282,0.905483850670005,0.872705892275718,0.64597748441506,0.59827961097554,0.434839812311652
0.620173367368093,0.805119441232323,0.855711630344828,0.882774202770292,0.899979610678128,0.913729685665994,0.922526275467608,0.929106963653602,0.940020248300867,0.94615024469042,0.95379567878307,0.961842791835508,0.970868425890149,0.978528818084944,0.984844596096623,0.991194513940068,0.996289048558249,1,0.996408780274216,0.991691648237435,0.986421147536777,0.98124208350434,0.97523278977158,0.968571168977652,0.96174055712018,0.952783482697034,0.941635765910207,0.9153403560378,0.883747476389865,0.659127276727498,0.61110351224963,0.44225238859905
0.613856413926026,0.79746020486966,0.846029628288024,0.87384416785053,0.891648593713783,0.905842919638716,0.914653091162498,0.921882201493485,0.93340870766577,0.939588152889438,0.947186998843681,0.955264758311551,0.964398170588995,0.971721843116527,0.978470357107323,0.985418125291178,0.991252952485408,0.996408780274216,1,0.99662510294764,0.991640769951818,0.986800489597892,0.981197872432271,0.974712124190828,0.967822464663639,0.959070794651512,0.948563338221493,0.922110874876418,0.891282884913221,0.66647785948373,0.622660452538137,0.453494281100661
0.60418988707152,0.789479242618643,0.838164550124896,0.866306758994729,0.883996117198602,0.898292289121277,0.906783333910656,0.914202607931215,0.926486564598992,0.932814012343323,0.940615601606197,0.948846890635493,0.957881330615134,0.965616010223903,0.972518751368595,0.980030625651063,0.986287482049592,0.991691648237435,0.99662510294764,1,0.996634830357328,0.992352702274649,0.986593208231076,0.980506155690975,0.97346292619975,0.964380415049797,0.954019080342045,0.92795018906648,0.895849911922744,0.673305878626389,0.63312122052095,0.464929540366736
0.594811428666628,0.780172860317369,0.828440370396617,0.856671162501146,0.876051955290097,0.890783192990959,0.899375730519505,0.907160109277348,0.919718181621107,0.926743887512585,0.934922153291302,0.943149023509581,0.951942656596129,0.959909440198744,0.966439246024826,0.973988846667426,0.980884803743376,0.986421147536777,0.991640769951818,0.996634830357328,1,0.996749749607356,0.991502294179199,0.985645453514537,0.979158156564428,0.970296269909476,0.959546525225361,0.93308818256448,0.900347871526453,0.67373410679847,0.636573892029604,0.470743398957393
0.585348695720354,0.771736227462249,0.819853473830438,0.848633014003847,0.868186507284415,0.882756758838338,0.890766127299537,0.898955260078087,0.912513631556101,0.919982730086795,0.92865884029356,0.937020028690876,0.94560091488966,0.953942857771277,0.960287079042989,0.968095394525144,0.975518343041322,0.98124208350434,0.986800489597892,0.992352702274649,0.996749749607356,1,0.996244140258182,0.990412481538962,0.984146871044993,0.976324712379614,0.965996455728503,0.94073910292965,0.908565036441397,0.676673758243101,0.641372573351056,0.476599800682723
0.573830126431176,0.757853770376808,0.807177436173524,0.836817933957866,0.857680037746301,0.873064110262464,0.881715815249517,0.890344876828569,0.904319478915991,0.912381000895884,0.920969734930913,0.93028772264677,0.938860674413857,0.947001661478163,0.953640949630034,0.961746523394665,0.969325730711612,0.97523278977158,0.981197872432271,0.986593208231076,0.991502294179199,0.996244140258182,1,0.996221823361663,0.990054278492831,0.98364406512476,0.973501073159922,0.948833507946335,0.919597791759835,0.679496463337282,0.64648573083026,0.482893958245663
0.562696238883968,0.745856072997975,0.794810953206584,0.823968189709377,0.845616034396922,0.861792568099742,0.871544914533976,0.880179429479396,0.894858119108323,0.903153548146701,0.912057797687951,0.922428125632243,0.931265436108574,0.939527285297754,0.946326784565114,0.954420177201877,0.96219475800986,0.968571168977652,0.974712124190828,0.980506155690975,0.985645453514537,0.990412481538962,0.996221823361663,1,0.995192794119797,0.989123781994488,0.979310139000088,0.954694636405268,0.928784922702839,0.688430686853881,0.660504953774388,0.496392660582643
0.555486430604993,0.735684329454894,0.782616571076704,0.811213775543685,0.832909147719833,0.849649504192712,0.859425552125347,0.868780707952079,0.884551060375898,0.892929340844768,0.901915305323315,0.91312985721034,0.922620208317436,0.931936415520642,0.939185593817118,0.947258194114193,0.954963481158922,0.96174055712018,0.967822464663639,0.97346292619975,0.979158156564428,0.984146871044993,0.990054278492831,0.995192794119797,1,0.994204897643885,0.983443369877122,0.958506642500224,0.935943754936081,0.697268902666102,0.676619469312629,0.518140930815781
0.545728554887415,0.721972157740388,0.768613723928423,0.797012129022017,0.819552924201125,0.836059159429757,0.846205846005584,0.854943152629229,0.870979753832665,0.880426330061576,0.890004544817367,0.90104990692505,0.911122265559042,0.921488605632553,0.929449649305008,0.937619258126852,0.945324740755426,0.952783482697034,0.959070794651512,0.964380415049797,0.970296269909476,0.976324712379614,0.98364406512476,0.989123781994488,0.994204897643885,1,0.99209717615303,0.969483887303137,0.950002014568386,0.702551776798632,0.682352281669998,0.524516986701394
0.540405105189112,0.711077620622571,0.756137926183505,0.78264943448068,0.8046796984072,0.819692054362223,0.829383308987484,0.837634191160801,0.85373760521096,0.864179924448092,0.874259856238038,0.885855746979553,0.896873916734675,0.907996578422816,0.916604899741476,0.92513694457689,0.933082750089282,0.941635765910207,0.948563338221493,0.954019080342045,0.959546525225361,0.965996455728503,0.973501073159922,0.979310139000088,0.983443369877122,0.99209717615303,1,0.984146609873257,0.963361132263678,0.717197764770731,0.690642656585504,0.526969733855241
0.515432012582592,0.681693760783611,0.72417847115825,0.751792991300747,0.772641277894201,0.786312385625179,0.796072487412847,0.804801954331927,0.822148151447584,0.83338763074414,0.844418737818302,0.856629438965285,0.868925599982492,0.880696121321102,0.8891262506634,0.896606901985694,0.905483850670005,0.9153403560378,0.922110874876418,0.92795018906648,0.93308818256448,0.94073910292965,0.948833507946335,0.954694636405268,0.958506642500224,0.969483887303137,0.984146609873257,1,0.975822168159706,0.754048883540457,0.722692541397411,0.544814467070335
0.48651532366286,0.638331952354904,0.681169411734044,0.707064440807336,0.727304989379496,0.741477447073361,0.751105403073851,0.759846699351402,0.779467645788977,0.790134543548016,0.802316896454089,0.816508185849981,0.831497786417085,0.844355363935713,0.854549834794887,0.863430095750661,0.872705892275718,0.883747476389865,0.891282884913221,0.895849911922744,0.900347871526453,0.908565036441397,0.919597791759835,0.928784922702839,0.935943754936081,0.950002014568386,0.963361132263678,0.975822168159706,1,0.78464624294599,0.766014453663256,0.600406245904309
0.340228518696224,0.443252790005127,0.471545698041589,0.488025034192582,0.499177296510895,0.507757066557149,0.51437740555544,0.523738484957447,0.547468419931833,0.555413745943867,0.568418661882881,0.578908234571946,0.602319033255466,0.619138452075226,0.629032942466801,0.637073436186837,0.64597748441506,0.659127276727498,0.66647785948373,0.673305878626389,0.67373410679847,0.676673758243101,0.679496463337282,0.688430686853881,0.697268902666102,0.702551776798632,0.717197764770731,0.754048883540457,0.78464624294599,1,0.895323515724442,0.68909224274164
0.255313042070693,0.369520878018174,0.390224493753111,0.413636859278852,0.431731900104951,0.447688374022632,0.455448518360406,0.466565316909753,0.493695796894214,0.500544003123242,0.513936914964064,0.528582147148675,0.547926874060417,0.565153331642254,0.578589723135574,0.587063665359397,0.59827961097554,0.61110351224963,0.622660452538137,0.63312122052095,0.636573892029604,0.641372573351056,0.64648573083026,0.660504953774388,0.676619469312629,0.682352281669998,0.690642656585504,0.722692541397411,0.766014453663256,0.895323515724442,1,0.79330350581635
0.133917284326242,0.215695087901053,0.231228834289358,0.251617944807649,0.272081345667986,0.289630130046559,0.300639761364129,0.307917076553922,0.331659306663134,0.340126990993442,0.352234370401631,0.365098786518714,0.38324533734904,0.399245576411998,0.411620838342663,0.42316187103518,0.434839812311652,0.44225238859905,0.453494281100661,0.464929540366736,0.470743398957393,0.476599800682723,0.482893958245663,0.496392660582643,0.518140930815781,0.524516986701394,0.526969733855241,0.544814467070335,0.600406245904309,0.68909224274164,0.79330350581635,1
