1,0.847894891607285,0.804425014217982,0.78024092511295,0.762836690268952,0.751971814382557,0.742277321291232,0.733307315620725,0.726013655612907,0.716539599979394,0.706702565051933,0.700908637162082,0.688520814588869,0.673867969796119,0.65409898330871,0.642464824599137,0.625146285425127,0.61088433141264,0.597834713692857,0.584004682240478,0.572566467635881,0.563616895359993,0.550742259961616,0.537885118584684,0.523552475120924,0.503650038109451,0.480127186415248,0.45369497009012,0.396890894633593,0.273653906742182,0.0781533603691411,0.012888242596747
0.847894891607285,1,0.960635384386471,0.93734189427436,0.924976287856494,0.909345239586099,0.899318271698087,0.891142873099803,0.88183126274751,0.87275327283963,0.862068646893185,0.854134914670616,0.843786850598286,0.829889680768314,0.810818565451215,0.796838750027292,0.78106253638325,0.76557577520505,0.754237407180976,0.742969729155508,0.731346425503714,0.719596779515958,0.70520164360876,0.691336308123651,0.673440830389012,0.653240295561625,0.627027757899216,0.595996510216907,0.531649038317364,0.378075988161572,0.15379953929793,0.0815102653043749
0.804425014217982,0.960635384386471,1,0.981003334327411,0.968675910463926,0.954819931310143,0.945171864815311,0.936742262688228,0.928336408503251,0.918235594502506,0.909350585074601,0.901892651693251,0.893055182441751,0.880098823699858,0.864303464433702,0.852238947744428,0.838395927763466,0.824060651548857,0.813804712617122,0.802850249358415,0.790121245710628,0.779619863148218,0.766541676448097,0.754017478776932,0.735991378204693,0.715785279781506,0.689797238763838,0.657644166960444,0.591370319056572,0.429264670654916,0.180462789800554,0.103897129625972
0.78024092511295,0.93734189427436,0.981003334327411,1,0.988634871591814,0.976059942903576,0.966795634680077,0.958335336867823,0.951054931970409,0.940925614204875,0.933382048769607,0.925571308139915,0.916541408949551,0.903501193418364,0.888871308116496,0.876958194942003,0.864495468166107,0.851349602150424,0.842001600454715,0.832203270856776,0.820000524633444,0.810113354687108,0.798337536360967,0.786632511899239,0.768717182520525,0.748924720318891,0.723181886866152,0.690918622630197,0.624350603203737,0.457523148877313,0.195114293279961,0.117097968436365
0.762836690268952,0.924976287856494,0.968675910463926,0.988634871591814,1,0.991459897162007,0.983166510047121,0.975661080988836,0.968801237589665,0.959415349844186,0.95260990974665,0.944417955449068,0.936029396806321,0.923944365326369,0.911333275387042,0.900405807353523,0.889225921588728,0.87616229326082,0.867317427801143,0.857910188228294,0.846901909849587,0.83816242910449,0.826632784190007,0.816144544873095,0.798306889113726,0.778922400356579,0.753581229974761,0.722580275822831,0.658444661709983,0.491078860768805,0.223560707878739,0.146233280408705
0.751971814382557,0.909345239586099,0.954819931310143,0.976059942903576,0.991459897162007,1,0.99287287981649,0.985239154955218,0.978599997167902,0.969761711946186,0.964169433493606,0.956293718771899,0.948823973104184,0.937126083688683,0.925620948555532,0.915564087673147,0.904503616444649,0.891680907979698,0.882915787976549,0.873831847129095,0.863971840715786,0.854738774122816,0.843839764138436,0.834406875214242,0.818151943227101,0.799801853877413,0.77658149470327,0.745683404287674,0.682512577195832,0.515461715658689,0.246073035551745,0.169064741740587
0.742277321291232,0.899318271698087,0.945171864815311,0.966795634680077,0.983166510047121,0.99287287981649,1,0.9939549050895,0.987082391419152,0.978644651639851,0.972995694760794,0.965779977388167,0.958248268657394,0.947057331012906,0.93551693841306,0.925982721499654,0.915097237670928,0.902746052627759,0.893939849458037,0.884479859004808,0.87406820184768,0.866232988276964,0.856149865549756,0.847192829167056,0.831842403058584,0.813513880218481,0.790976340806826,0.76055008987311,0.699192117613798,0.534009737782111,0.26458482207406,0.187700257935674
0.733307315620725,0.891142873099803,0.936742262688228,0.958335336867823,0.975661080988836,0.985239154955218,0.9939549050895,1,0.995044538168362,0.988126210975687,0.981926066424264,0.975252302697866,0.968259207205372,0.957657641468365,0.946364278337424,0.937123307084726,0.926468764662635,0.914449649274231,0.905984162430205,0.89686508182252,0.887298863216073,0.879511580570707,0.869654489771671,0.861409612858026,0.846485508683696,0.828803933402483,0.807188875395832,0.778029441068526,0.718180892875677,0.55181610572281,0.277355884817715,0.200506371493753
0.726013655612907,0.88183126274751,0.928336408503251,0.951054931970409,0.968801237589665,0.978599997167902,0.987082391419152,0.995044538168362,1,0.995125023844763,0.989269839607605,0.983246522708767,0.97669966464319,0.967463378946549,0.956321673485427,0.947553970217966,0.936955073568158,0.925322511539524,0.917221766417151,0.908857082184647,0.899824313914593,0.8918420251628,0.882487365662672,0.874603461719438,0.860370529566909,0.843631270750057,0.82271241079697,0.793553069343572,0.734907630650432,0.56975169788645,0.286285886343891,0.209242804365665
0.716539599979394,0.87275327283963,0.918235594502506,0.940925614204875,0.959415349844186,0.969761711946186,0.978644651639851,0.988126210975687,0.995125023844763,1,0.9951870944501,0.990763289902038,0.98472991083339,0.976477412260981,0.965512016876801,0.956802383833421,0.945683630357891,0.934388864528077,0.926103720888405,0.918281500479723,0.910209607586396,0.902182845342102,0.893971315237792,0.886102454794007,0.872351324398027,0.85674200694878,0.837493547421389,0.809841120345961,0.752277239316114,0.586683957794897,0.299435237526254,0.22461034745571
0.706702565051933,0.862068646893185,0.909350585074601,0.933382048769607,0.95260990974665,0.964169433493606,0.972995694760794,0.981926066424264,0.989269839607605,0.9951870944501,1,0.996470494662822,0.99144929623057,0.98397638040878,0.97395620027954,0.965515275420482,0.955480631886529,0.944914033624538,0.935915011716464,0.928060305009674,0.920153784806879,0.912675411577933,0.904814266342344,0.897745909266923,0.884911148182222,0.870278164228788,0.851582148887637,0.825617392331645,0.769738018202813,0.604311313356102,0.31404126476126,0.243466871727466
0.700908637162082,0.854134914670616,0.901892651693251,0.925571308139915,0.944417955449068,0.956293718771899,0.965779977388167,0.975252302697866,0.983246522708767,0.990763289902038,0.996470494662822,1,0.996246177061455,0.99007288674872,0.981205565705636,0.972874509978014,0.962809240053857,0.952645005969522,0.943818963590965,0.936320666460675,0.928613334287532,0.921632686954302,0.914283973219738,0.907081528218927,0.894029597708132,0.87987501787793,0.862210061006935,0.837009280484871,0.782110543292385,0.618212324533457,0.322983404473219,0.252120917678663
0.688520814588869,0.843786850598286,0.893055182441751,0.916541408949551,0.936029396806321,0.948823973104184,0.958248268657394,0.968259207205372,0.97669966464319,0.98472991083339,0.99144929623057,0.996246177061455,1,0.99556946604366,0.988425967460246,0.981285283042756,0.972389986892984,0.962923229588145,0.954287071118321,0.946864824646578,0.939635395888415,0.932610844259358,0.925593899633573,0.918713732714943,0.906135725148874,0.893045524415141,0.875676268514296,0.851414808395252,0.797395316037561,0.633709832707387,0.339438146782719,0.265550707686213
0.673867969796119,0.829889680768314,0.880098823699858,0.903501193418364,0.923944365326369,0.937126083688683,0.947057331012906,0.957657641468365,0.967463378946549,0.976477412260981,0.98397638040878,0.99007288674872,0.99556946604366,1,0.995511372270908,0.989859670242453,0.982204556062956,0.974168624218515,0.966603680377904,0.95992092604133,0.952768499168922,0.945894487351701,0.939672547201656,0.932633090197841,0.92061906275663,0.908286987172157,0.891565229186663,0.868140469021697,0.818161752836075,0.661161863434296,0.362766753816933,0.2843796319434
0.65409898330871,0.810818565451215,0.864303464433702,0.888871308116496,0.911333275387042,0.925620948555532,0.93551693841306,0.946364278337424,0.956321673485427,0.965512016876801,0.97395620027954,0.981205565705636,0.988425967460246,0.995511372270908,1,0.996558423152273,0.990984171737052,0.984621084213997,0.978680594807739,0.972568884202426,0.965945296722796,0.959857522909067,0.953726182638583,0.946898515261498,0.936079212812322,0.924526386195767,0.908895665048954,0.887022566773899,0.839983939718847,0.687657153897508,0.388043024744652,0.305922168140551
0.642464824599137,0.796838750027292,0.852238947744428,0.876958194942003,0.900405807353523,0.915564087673147,0.925982721499654,0.937123307084726,0.947553970217966,0.956802383833421,0.965515275420482,0.972874509978014,0.981285283042756,0.989859670242453,0.996558423152273,1,0.996265996163664,0.991511008610015,0.986324259450883,0.980445097658348,0.973958570176811,0.968679502554816,0.962908103880667,0.956293202776677,0.946224204842161,0.934616576808787,0.919596182833314,0.898404583849615,0.852749892784839,0.70363583983364,0.402204860121174,0.318163151407375
0.625146285425127,0.78106253638325,0.838395927763466,0.864495468166107,0.889225921588728,0.904503616444649,0.915097237670928,0.926468764662635,0.936955073568158,0.945683630357891,0.955480631886529,0.962809240053857,0.972389986892984,0.982204556062956,0.990984171737052,0.996265996163664,1,0.996798164572382,0.992617416964001,0.987271266468074,0.981583561369115,0.976608580700558,0.970470644103851,0.964249265905603,0.955265649216772,0.944272927212403,0.9297585932002,0.909776128476837,0.865620546560489,0.717884624037152,0.419453828988829,0.334570279480734
0.61088433141264,0.76557577520505,0.824060651548857,0.851349602150424,0.87616229326082,0.891680907979698,0.902746052627759,0.914449649274231,0.925322511539524,0.934388864528077,0.944914033624538,0.952645005969522,0.962923229588145,0.974168624218515,0.984621084213997,0.991511008610015,0.996798164572382,1,0.996840990577825,0.992284114654947,0.986894725757253,0.982716254740756,0.976944882209492,0.970886362800899,0.963179108450794,0.951989264679827,0.938138663006978,0.918150631522174,0.876162501674557,0.733022350652504,0.432333201659601,0.344387237424648
0.597834713692857,0.754237407180976,0.813804712617122,0.842001600454715,0.867317427801143,0.882915787976549,0.893939849458037,0.905984162430205,0.917221766417151,0.926103720888405,0.935915011716464,0.943818963590965,0.954287071118321,0.966603680377904,0.978680594807739,0.986324259450883,0.992617416964001,0.996840990577825,1,0.996609374717977,0.991957428519933,0.988006429054653,0.982413985100183,0.977052646392975,0.969660700640326,0.958842563080959,0.946100569368131,0.926674592174957,0.886334968244825,0.746418671030993,0.448764036800641,0.358802928131828
0.584004682240478,0.742969729155508,0.802850249358415,0.832203270856776,0.857910188228294,0.873831847129095,0.884479859004808,0.89686508182252,0.908857082184647,0.918281500479723,0.928060305009674,0.936320666460675,0.946864824646578,0.95992092604133,0.972568884202426,0.980445097658348,0.987271266468074,0.992284114654947,0.996609374717977,1,0.996604302917019,0.992739155454911,0.986819633536722,0.981849744436353,0.975134258995338,0.964700040242907,0.952573961375878,0.93342510736769,0.895834895447863,0.759077839868606,0.457769220221181,0.368359153431261
0.572566467635881,0.731346425503714,0.790121245710628,0.820000524633444,0.846901909849587,0.863971840715786,0.87406820184768,0.887298863216073,0.899824313914593,0.910209607586396,0.920153784806879,0.928613334287532,0.939635395888415,0.952768499168922,0.965945296722796,0.973958570176811,0.981583561369115,0.986894725757253,0.991957428519933,0.996604302917019,1,0.996703668570005,0.991215374115034,0.986429390778591,0.980183348070389,0.970945351780992,0.959589630131935,0.941716593873406,0.90520693948522,0.769716670683308,0.467700959699391,0.384415304400188
0.563616895359993,0.719596779515958,0.779619863148218,0.810113354687108,0.83816242910449,0.854738774122816,0.866232988276964,0.879511580570707,0.8918420251628,0.902182845342102,0.912675411577933,0.921632686954302,0.932610844259358,0.945894487351701,0.959857522909067,0.968679502554816,0.976608580700558,0.982716254740756,0.988006429054653,0.992739155454911,0.996703668570005,1,0.995925316041181,0.991489671462984,0.985909675803377,0.976853655587795,0.965979534594945,0.949552449182375,0.915169950437824,0.784550703360983,0.485622128415815,0.404285507132104
0.550742259961616,0.70520164360876,0.766541676448097,0.798337536360967,0.826632784190007,0.843839764138436,0.856149865549756,0.869654489771671,0.882487365662672,0.893971315237792,0.904814266342344,0.914283973219738,0.925593899633573,0.939672547201656,0.953726182638583,0.962908103880667,0.970470644103851,0.976944882209492,0.982413985100183,0.986819633536722,0.991215374115034,0.995925316041181,1,0.995993375110463,0.99072496017576,0.98269664565183,0.973395204407206,0.957506046260351,0.924571629441012,0.792267007294122,0.488214226250613,0.412602620322393
0.537885118584684,0.691336308123651,0.754017478776932,0.786632511899239,0.816144544873095,0.834406875214242,0.847192829167056,0.861409612858026,0.874603461719438,0.886102454794007,0.897745909266923,0.907081528218927,0.918713732714943,0.932633090197841,0.946898515261498,0.956293202776677,0.964249265905603,0.970886362800899,0.977052646392975,0.981849744436353,0.986429390778591,0.991489671462984,0.995993375110463,1,0.995278828151717,0.988070171219112,0.979597694043672,0.96502885308493,0.932329831886656,0.80093904965911,0.498781149274089,0.427178541167746
0.523552475120924,0.673440830389012,0.735991378204693,0.768717182520525,0.798306889113726,0.818151943227101,0.831842403058584,0.846485508683696,0.860370529566909,0.872351324398027,0.884911148182222,0.894029597708132,0.906135725148874,0.92061906275663,0.936079212812322,0.946224204842161,0.955265649216772,0.963179108450794,0.969660700640326,0.975134258995338,0.980183348070389,0.985909675803377,0.99072496017576,0.995278828151717,1,0.994862851409259,0.987899741947354,0.975294820843539,0.9449729063689,0.821177122089815,0.527142998895067,0.451462052716472
0.503650038109451,0.653240295561625,0.715785279781506,0.748924720318891,0.778922400356579,0.799801853877413,0.813513880218481,0.828803933402483,0.843631270750057,0.85674200694878,0.870278164228788,0.87987501787793,0.893045524415141,0.908286987172157,0.924526386195767,0.934616576808787,0.944272927212403,0.951989264679827,0.958842563080959,0.964700040242907,0.970945351780992,0.976853655587795,0.98269664565183,0.988070171219112,0.994862851409259,1,0.994294094175192,0.983915162343098,0.956828179615267,0.840930541020263,0.548662420361249,0.472013196072608
0.480127186415248,0.627027757899216,0.689797238763838,0.723181886866152,0.753581229974761,0.77658149470327,0.790976340806826,0.807188875395832,0.82271241079697,0.837493547421389,0.851582148887637,0.862210061006935,0.875676268514296,0.891565229186663,0.908895665048954,0.919596182833314,0.9297585932002,0.938138663006978,0.946100569368131,0.952573961375878,0.959589630131935,0.965979534594945,0.973395204407206,0.979597694043672,0.987899741947354,0.994294094175192,1,0.991470289684166,0.968699124181689,0.856935908543169,0.562773675385766,0.494806143647096
0.45369497009012,0.595996510216907,0.657644166960444,0.690918622630197,0.722580275822831,0.745683404287674,0.76055008987311,0.778029441068526,0.793553069343572,0.809841120345961,0.825617392331645,0.837009280484871,0.851414808395252,0.868140469021697,0.887022566773899,0.898404583849615,0.909776128476837,0.918150631522174,0.926674592174957,0.93342510736769,0.941716593873406,0.949552449182375,0.957506046260351,0.96502885308493,0.975294820843539,0.983915162343098,0.991470289684166,1,0.983486164969119,0.883175815033174,0.605705895844315,0.539281808431091
0.396890894633593,0.531649038317364,0.591370319056572,0.624350603203737,0.658444661709983,0.682512577195832,0.699192117613798,0.718180892875677,0.734907630650432,0.752277239316114,0.769738018202813,0.782110543292385,0.797395316037561,0.818161752836075,0.839983939718847,0.852749892784839,0.865620546560489,0.876162501674557,0.886334968244825,0.895834895447863,0.90520693948522,0.915169950437824,0.924571629441012,0.932329831886656,0.9449729063689,0.956828179615267,0.968699124181689,0.983486164969119,1,0.926335299995173,0.662202447846407,0.602171022739174
0.273653906742182,0.378075988161572,0.429264670654916,0.457523148877313,0.491078860768805,0.515461715658689,0.534009737782111,0.55181610572281,0.56975169788645,0.586683957794897,0.604311313356102,0.618212324533457,0.633709832707387,0.661161863434296,0.687657153897508,0.70363583983364,0.717884624037152,0.733022350652504,0.746418671030993,0.759077839868606,0.769716670683308,0.784550703360983,0.792267007294122,0.80093904965911,0.821177122089815,0.840930541020263,0.856935908543169,0.883175815033174,0.926335299995173,1,0.781030143333732,0.678224957571323
0.0781533603691411,0.15379953929793,0.180462789800554,0.195114293279961,0.223560707878739,0.246073035551745,0.26458482207406,0.277355884817715,0.286285886343891,0.299435237526254,0.31404126476126,0.322983404473219,0.339438146782719,0.362766753816933,0.388043024744652,0.402204860121174,0.419453828988829,0.432333201659601,0.448764036800641,0.457769220221181,0.467700959699391,0.485622128415815,0.488214226250613,0.498781149274089,0.527142998895067,0.548662420361249,0.562773675385766,0.605705895844315,0.662202447846407,0.781030143333732,1,0.826186679913345
0.012888242596747,0.0815102653043749,0.103897129625972,0.117097968436365,0.146233280408705,0.169064741740587,0.187700257935674,0.200506371493753,0.209242804365665,0.22461034745571,0.243466871727466,0.252120917678663,0.265550707686213,0.2843796319434,0.305922168140551,0.318163151407375,0.334570279480734,0.344387237424648,0.358802928131828,0.368359153431261,0.384415304400188,0.404285507132104,0.412602620322393,0.427178541167746,0.451462052716472,0.472013196072608,0.494806143647096,0.539281808431091,0.602171022739174,0.678224957571323,0.826186679913345,1
