1,0.807894692585778,0.768823543676849,0.748066314041567,0.73236191943848,0.720120375162734,0.705583690275781,0.695668977718207,0.683727165587765,0.673063487741957,0.661713154179232,0.655765135134244,0.649623191777828,0.642298504183813,0.63859096272899,0.632902082573533,0.628451086514692,0.623517576560545,0.617207438386841,0.605001130694138,0.602362112972052,0.595091248090035,0.587090771310339,0.579891250731033,0.570576867085527,0.56501275386012,0.556134512929584,0.545373555759369,0.518269111828023,0.458226191099944,0.364409045172273,0.291093162417901
0.807894692585778,1,0.955416027792139,0.931136463045856,0.917148806324676,0.901660833895218,0.886005982763451,0.871620052743428,0.860294694637665,0.84950285249071,0.840599287048166,0.829330953927233,0.82187522829975,0.814862413178739,0.808151721536944,0.800524385341325,0.792801086863708,0.785650876629066,0.78165580375208,0.776166307693778,0.773434123540293,0.765486065218985,0.752173847837089,0.742890957094434,0.732690448563177,0.722886977437393,0.711887669814905,0.697428429237163,0.663778518107412,0.587226631800327,0.457838993598399,0.326795949351023
0.768823543676849,0.955416027792139,1,0.979092125629422,0.962280987892817,0.94888444491077,0.936137285002362,0.923392659650712,0.914160093827071,0.903780422784189,0.89618780608002,0.886209448991821,0.878780417415221,0.872451552269648,0.865633534309268,0.858667885912616,0.852683101768827,0.845703449467834,0.842692567309791,0.837141549951815,0.834709447692529,0.826332968460967,0.813905523619559,0.802956520813099,0.793492124343666,0.783724260682691,0.769069670862083,0.753409394812538,0.718830460704695,0.637079539789291,0.490485586186288,0.338608052767136
0.748066314041567,0.931136463045856,0.979092125629422,1,0.985029321437186,0.972246082412553,0.959661862822594,0.947814945104609,0.937770520125453,0.927895621881856,0.918668632924937,0.908164437131238,0.900578507483684,0.894498783643848,0.888602819708348,0.882237412109834,0.877091463863181,0.870399165632706,0.867542705679515,0.862125179687893,0.85996317898708,0.85159957579943,0.839527812821827,0.828909686871021,0.819176184745292,0.808300356303778,0.791922250841538,0.775986660493933,0.738104145393084,0.651383257091287,0.499828228141909,0.338013104993698
0.73236191943848,0.917148806324676,0.962280987892817,0.985029321437186,1,0.990349439410577,0.9792506593299,0.968468467781292,0.95894741754956,0.949614608638114,0.939152168790461,0.929540000112029,0.922584298427336,0.916359722135967,0.911279886344817,0.905227320526267,0.900895747209643,0.895304948351044,0.893055035515234,0.888022514086514,0.886122274923865,0.878137987202588,0.867972308929549,0.857799019730465,0.847774277661852,0.836992978292001,0.821633837902051,0.80647513154624,0.766666102696523,0.677221746499556,0.523714002228562,0.35408550789232
0.720120375162734,0.901660833895218,0.94888444491077,0.972246082412553,0.990349439410577,1,0.99155364301406,0.98137584342033,0.972577196664679,0.963998981737187,0.953909144317903,0.945525735984466,0.938592483105325,0.932666956704946,0.928222972624254,0.92235503689478,0.918696004397429,0.91375254905022,0.911170806653948,0.906394026221541,0.904060204027581,0.895946042914884,0.886648800634681,0.877171836393065,0.867262524212426,0.856541783858829,0.841734375311541,0.825796672211337,0.785106131517354,0.697091154769797,0.53647946034179,0.359013083966686
0.705583690275781,0.886005982763451,0.936137285002362,0.959661862822594,0.9792506593299,0.99155364301406,1,0.992369282349631,0.98396711003666,0.976262352163135,0.966788097140383,0.958145399704992,0.951428711068736,0.946192990144232,0.941416240872057,0.936104697569244,0.932430211358176,0.927963060117406,0.925534762318113,0.920962115496419,0.918265171802222,0.910652418454296,0.901748524041387,0.892503467702814,0.883842446231991,0.874645412973006,0.859899290461587,0.844496619396373,0.804492559961485,0.712501430296848,0.541025860150399,0.368615062694351
0.695668977718207,0.871620052743428,0.923392659650712,0.947814945104609,0.968468467781292,0.98137584342033,0.992369282349631,1,0.994274332289105,0.986794349074386,0.978087030273498,0.969971810286012,0.963414087905765,0.95862381302128,0.953542154684605,0.947824642640369,0.943981773558839,0.939599315821556,0.937111657406132,0.932726197039856,0.929904573447259,0.922435889610252,0.914650809864642,0.905183779732819,0.897421826963779,0.888012271805321,0.873814557137221,0.85977109844006,0.821240106861124,0.730564084577881,0.559036570383893,0.381079493211574
0.683727165587765,0.860294694637665,0.914160093827071,0.937770520125453,0.95894741754956,0.972577196664679,0.98396711003666,0.994274332289105,1,0.994643372378842,0.987441856280769,0.979185343760956,0.97261433229753,0.96787764738876,0.962850049470682,0.957199892380211,0.953363507765597,0.949040658682781,0.946533665115222,0.942658502221161,0.939911555016285,0.932533033541959,0.925488190280267,0.915652054163826,0.907724552410945,0.898255143035826,0.883578311419955,0.869317019462264,0.829695822926884,0.737437089526061,0.563449544503461,0.384835113731519
0.673063487741957,0.84950285249071,0.903780422784189,0.927895621881856,0.949614608638114,0.963998981737187,0.976262352163135,0.986794349074386,0.994643372378842,1,0.994578544279585,0.987243967170324,0.981090053122077,0.976260085066834,0.971351250204433,0.966166265821395,0.962268048554983,0.95781241925603,0.954649958887312,0.95092699104338,0.947667745290481,0.940976819396403,0.934494392678103,0.925128395160625,0.917247338333901,0.908735812799466,0.895177423222127,0.882078561054102,0.844105583278915,0.755289248024498,0.577054876747801,0.390217233622106
0.661713154179232,0.840599287048166,0.89618780608002,0.918668632924937,0.939152168790461,0.953909144317903,0.966788097140383,0.978087030273498,0.987441856280769,0.994578544279585,1,0.994387166104081,0.988817775984661,0.984103520328413,0.978912415992489,0.973756429944632,0.969367780978589,0.964442852647691,0.961292244318662,0.957048268221233,0.953837792311783,0.947508936450365,0.941048558033293,0.931650337678092,0.923901671398405,0.916994789053563,0.90339255758903,0.88982816826289,0.852832512793625,0.76528883220958,0.58954582101976,0.400105825208966
0.655765135134244,0.829330953927233,0.886209448991821,0.908164437131238,0.929540000112029,0.945525735984466,0.958145399704992,0.969971810286012,0.979185343760956,0.987243967170324,0.994387166104081,1,0.995716948440287,0.99126410211599,0.986201832656885,0.981173478732964,0.976690555265217,0.971761610418956,0.968985572007427,0.96467150537917,0.961213091384594,0.955111399362303,0.94899067149224,0.940129963504422,0.932798601119074,0.925581732062442,0.91193756260948,0.89822963849422,0.861135004657464,0.77062094979334,0.595625078736119,0.401603520646859
0.649623191777828,0.82187522829975,0.878780417415221,0.900578507483684,0.922584298427336,0.938592483105325,0.951428711068736,0.963414087905765,0.97261433229753,0.981090053122077,0.988817775984661,0.995716948440287,1,0.996670967157253,0.992411646882504,0.987719377848912,0.983180047981033,0.978367667928518,0.975372734208645,0.970953843156028,0.966901333791201,0.960997237147461,0.955525634474028,0.948188751388186,0.940570375245069,0.93398737966371,0.921050398887145,0.907682796433021,0.872396279934113,0.782666700485085,0.608510837365925,0.406341564412142
0.642298504183813,0.814862413178739,0.872451552269648,0.894498783643848,0.916359722135967,0.932666956704946,0.946192990144232,0.95862381302128,0.96787764738876,0.976260085066834,0.984103520328413,0.99126410211599,0.996670967157253,1,0.995939627004067,0.991433104624393,0.986831858870814,0.982345270108478,0.979339242858003,0.97490170848532,0.97051495857676,0.964936740007018,0.95964796739169,0.952328217407208,0.944970243090195,0.938628152363276,0.925718479254145,0.91301115456326,0.87814162278904,0.790597676183561,0.611311003127281,0.411395495556105
0.63859096272899,0.808151721536944,0.865633534309268,0.888602819708348,0.911279886344817,0.928222972624254,0.941416240872057,0.953542154684605,0.962850049470682,0.971351250204433,0.978912415992489,0.986201832656885,0.992411646882504,0.995939627004067,1,0.996743898207535,0.992450945211999,0.988159429680668,0.985216949909911,0.980725326175574,0.976136739801366,0.970718591001205,0.965625414834949,0.960609949935585,0.953317773663084,0.947454245796396,0.935407564148627,0.922503801695664,0.89002335074553,0.801132816054264,0.618696257495656,0.409425859639194
0.632902082573533,0.800524385341325,0.858667885912616,0.882237412109834,0.905227320526267,0.92235503689478,0.936104697569244,0.947824642640369,0.957199892380211,0.966166265821395,0.973756429944632,0.981173478732964,0.987719377848912,0.991433104624393,0.996743898207535,1,0.996978797569403,0.993473315073949,0.990476716531097,0.985978589327251,0.981437707763548,0.976597030987326,0.972125577223005,0.966662128966691,0.959922534631633,0.954346450592783,0.942706192841845,0.930254530081541,0.895901384710259,0.804533484308393,0.618964218239393,0.414368483212293
0.628451086514692,0.792801086863708,0.852683101768827,0.877091463863181,0.900895747209643,0.918696004397429,0.932430211358176,0.943981773558839,0.953363507765597,0.962268048554983,0.969367780978589,0.976690555265217,0.983180047981033,0.986831858870814,0.992450945211999,0.996978797569403,1,0.997332773462923,0.994387348594559,0.990411821169681,0.986030541696951,0.981057448765815,0.976617407033045,0.97134441937112,0.964865571581098,0.95964465044811,0.947922879127791,0.935545249938958,0.89991607482834,0.807909238214848,0.622306418099442,0.415425738236456
0.623517576560545,0.785650876629066,0.845703449467834,0.870399165632706,0.895304948351044,0.91375254905022,0.927963060117406,0.939599315821556,0.949040658682781,0.95781241925603,0.964442852647691,0.971761610418956,0.978367667928518,0.982345270108478,0.988159429680668,0.993473315073949,0.997332773462923,1,0.997463910182591,0.993475278700601,0.989410314795423,0.984753432410819,0.979983836409883,0.974087268784228,0.967723206433277,0.962136355634119,0.950289396990307,0.937888033271166,0.901740105150371,0.809594646658025,0.624577842852641,0.416814099554268
0.617207438386841,0.78165580375208,0.842692567309791,0.867542705679515,0.893055035515234,0.911170806653948,0.925534762318113,0.937111657406132,0.946533665115222,0.954649958887312,0.961292244318662,0.968985572007427,0.975372734208645,0.979339242858003,0.985216949909911,0.990476716531097,0.994387348594559,0.997463910182591,1,0.996754951066018,0.992962168653355,0.987815144880962,0.982870722092637,0.976597759012591,0.970457041494435,0.964345492484731,0.952396820213927,0.940231074491836,0.902177254872824,0.807841458847655,0.625419044796854,0.413440327435269
0.605001130694138,0.776166307693778,0.837141549951815,0.862125179687893,0.888022514086514,0.906394026221541,0.920962115496419,0.932726197039856,0.942658502221161,0.95092699104338,0.957048268221233,0.96467150537917,0.970953843156028,0.97490170848532,0.980725326175574,0.985978589327251,0.990411821169681,0.993475278700601,0.996754951066018,1,0.996697268131629,0.991869597674964,0.987483567672922,0.98147584806496,0.975838815234116,0.969712720697299,0.957414583211281,0.94556313039282,0.907103267648564,0.812136487627895,0.628265139303952,0.410397418301051
0.602362112972052,0.773434123540293,0.834709447692529,0.85996317898708,0.886122274923865,0.904060204027581,0.918265171802222,0.929904573447259,0.939911555016285,0.947667745290481,0.953837792311783,0.961213091384594,0.966901333791201,0.97051495857676,0.976136739801366,0.981437707763548,0.986030541696951,0.989410314795423,0.992962168653355,0.996697268131629,1,0.995850718052066,0.991492960606841,0.984794660513865,0.978775268271339,0.972140680713072,0.960034155618962,0.948146227956889,0.909021805594756,0.815149691652888,0.631103363911598,0.414835055391065
0.595091248090035,0.765486065218985,0.826332968460967,0.85159957579943,0.878137987202588,0.895946042914884,0.910652418454296,0.922435889610252,0.932533033541959,0.940976819396403,0.947508936450365,0.955111399362303,0.960997237147461,0.964936740007018,0.970718591001205,0.976597030987326,0.981057448765815,0.984753432410819,0.987815144880962,0.991869597674964,0.995850718052066,1,0.99600870087183,0.989209806310405,0.984063962757279,0.977709789433442,0.965269806402864,0.953224952509537,0.911848715605182,0.819236096581829,0.633878032483824,0.413929156564527
0.587090771310339,0.752173847837089,0.813905523619559,0.839527812821827,0.867972308929549,0.886648800634681,0.901748524041387,0.914650809864642,0.925488190280267,0.934494392678103,0.941048558033293,0.94899067149224,0.955525634474028,0.95964796739169,0.965625414834949,0.972125577223005,0.976617407033045,0.979983836409883,0.982870722092637,0.987483567672922,0.991492960606841,0.99600870087183,1,0.994016437597404,0.98902894124649,0.982783567313931,0.971510088887414,0.95924281557326,0.92078172433593,0.82857481881266,0.636322412467737,0.415480606094212
0.579891250731033,0.742890957094434,0.802956520813099,0.828909686871021,0.857799019730465,0.877171836393065,0.892503467702814,0.905183779732819,0.915652054163826,0.925128395160625,0.931650337678092,0.940129963504422,0.948188751388186,0.952328217407208,0.960609949935585,0.966662128966691,0.97134441937112,0.974087268784228,0.976597759012591,0.98147584806496,0.984794660513865,0.989209806310405,0.994016437597404,1,0.995679457164313,0.989287213075312,0.979053849129672,0.967397810918971,0.932730272404054,0.843888478961951,0.643455116722384,0.414764285385864
0.570576867085527,0.732690448563177,0.793492124343666,0.819176184745292,0.847774277661852,0.867262524212426,0.883842446231991,0.897421826963779,0.907724552410945,0.917247338333901,0.923901671398405,0.932798601119074,0.940570375245069,0.944970243090195,0.953317773663084,0.959922534631633,0.964865571581098,0.967723206433277,0.970457041494435,0.975838815234116,0.978775268271339,0.984063962757279,0.98902894124649,0.995679457164313,1,0.99455843119151,0.984809028401834,0.973400184665154,0.938598602732522,0.846540568780974,0.641916152183303,0.416546970677196
0.56501275386012,0.722886977437393,0.783724260682691,0.808300356303778,0.836992978292001,0.856541783858829,0.874645412973006,0.888012271805321,0.898255143035826,0.908735812799466,0.916994789053563,0.925581732062442,0.93398737966371,0.938628152363276,0.947454245796396,0.954346450592783,0.95964465044811,0.962136355634119,0.964345492484731,0.969712720697299,0.972140680713072,0.977709789433442,0.982783567313931,0.989287213075312,0.99455843119151,1,0.992279973278336,0.979684095344089,0.946586174884038,0.856386746129472,0.646277288099269,0.421605111208593
0.556134512929584,0.711887669814905,0.769069670862083,0.791922250841538,0.821633837902051,0.841734375311541,0.859899290461587,0.873814557137221,0.883578311419955,0.895177423222127,0.90339255758903,0.91193756260948,0.921050398887145,0.925718479254145,0.935407564148627,0.942706192841845,0.947922879127791,0.950289396990307,0.952396820213927,0.957414583211281,0.960034155618962,0.965269806402864,0.971510088887414,0.979053849129672,0.984809028401834,0.992279973278336,1,0.989149567748962,0.958666779411483,0.864862968028513,0.653683857896688,0.425439022908006
0.545373555759369,0.697428429237163,0.753409394812538,0.775986660493933,0.80647513154624,0.825796672211337,0.844496619396373,0.85977109844006,0.869317019462264,0.882078561054102,0.88982816826289,0.89822963849422,0.907682796433021,0.91301115456326,0.922503801695664,0.930254530081541,0.935545249938958,0.937888033271166,0.940231074491836,0.94556313039282,0.948146227956889,0.953224952509537,0.95924281557326,0.967397810918971,0.973400184665154,0.979684095344089,0.989149567748962,1,0.974013211589315,0.875770317140428,0.662943199970303,0.419732424771999
0.518269111828023,0.663778518107412,0.718830460704695,0.738104145393084,0.766666102696523,0.785106131517354,0.804492559961485,0.821240106861124,0.829695822926884,0.844105583278915,0.852832512793625,0.861135004657464,0.872396279934113,0.87814162278904,0.89002335074553,0.895901384710259,0.89991607482834,0.901740105150371,0.902177254872824,0.907103267648564,0.909021805594756,0.911848715605182,0.92078172433593,0.932730272404054,0.938598602732522,0.946586174884038,0.958666779411483,0.974013211589315,1,0.925032976202722,0.694805396952116,0.444472679324897
0.458226191099944,0.587226631800327,0.637079539789291,0.651383257091287,0.677221746499556,0.697091154769797,0.712501430296848,0.730564084577881,0.737437089526061,0.755289248024498,0.76528883220958,0.77062094979334,0.782666700485085,0.790597676183561,0.801132816054264,0.804533484308393,0.807909238214848,0.809594646658025,0.807841458847655,0.812136487627895,0.815149691652888,0.819236096581829,0.82857481881266,0.843888478961951,0.846540568780974,0.856386746129472,0.864862968028513,0.875770317140428,0.925032976202722,1,0.775979866505918,0.499496492626781
0.364409045172273,0.457838993598399,0.490485586186288,0.499828228141909,0.523714002228562,0.53647946034179,0.541025860150399,0.559036570383893,0.563449544503461,0.577054876747801,0.58954582101976,0.595625078736119,0.608510837365925,0.611311003127281,0.618696257495656,0.618964218239393,0.622306418099442,0.624577842852641,0.625419044796854,0.628265139303952,0.631103363911598,0.633878032483824,0.636322412467737,0.643455116722384,0.641916152183303,0.646277288099269,0.653683857896688,0.662943199970303,0.694805396952116,0.775979866505918,1,0.561303777687511
0.291093162417901,0.326795949351023,0.338608052767136,0.338013104993698,0.35408550789232,0.359013083966686,0.368615062694351,0.381079493211574,0.384835113731519,0.390217233622106,0.400105825208966,0.401603520646859,0.406341564412142,0.411395495556105,0.409425859639194,0.414368483212293,0.415425738236456,0.416814099554268,0.413440327435269,0.410397418301051,0.414835055391065,0.413929156564527,0.415480606094212,0.414764285385864,0.416546970677196,0.421605111208593,0.425439022908006,0.419732424771999,0.444472679324897,0.499496492626781,0.561303777687511,1
