1,0.831738131369161,0.783963637595021,0.752034116292372,0.730423746077263,0.715575681270223,0.703162194152735,0.690477696670054,0.673635143600819,0.65190284369213,0.636734801934849,0.623857309741992,0.606404227727998,0.581293990325183,0.565600444362878,0.541626426697075,0.520305334392516,0.496597215894267,0.486450659477415,0.47142694939901,0.456991886523731,0.436219797341105,0.424329621524876,0.420350604173453,0.401281403918656,0.388944898670468,0.378083964735639,0.375652688411229,0.352891330426509,0.352690720892884,0.301626018385437,0.130994598924245
0.831738131369161,1,0.948979803917378,0.919663256860184,0.901025105400585,0.886738596457592,0.873986554575017,0.863383673440908,0.847998737622153,0.831086061611549,0.816456786025241,0.801791890885663,0.78662379464255,0.763326280744769,0.743584645225504,0.717163861220672,0.693290460309391,0.672355499800499,0.658989878894013,0.642426338551757,0.623801792005634,0.60271471440333,0.584554243368969,0.579251758465765,0.555212524913809,0.539312408303933,0.520520435081067,0.51640465638458,0.485177116467439,0.478013078037741,0.390906645752968,0.206243114904688
0.783963637595021,0.948979803917378,1,0.975268546191605,0.961133901237736,0.948869266701474,0.935657355010136,0.925513523641335,0.910816446248192,0.893767792160326,0.878450286049965,0.866808969184599,0.850344936627414,0.827633184744374,0.80773336940953,0.782811643031609,0.760459497404319,0.736931605786869,0.723669083458915,0.708178262723405,0.690706036080451,0.670015831187821,0.650886598892863,0.64483191797301,0.620826579853379,0.604317963965529,0.584287772343226,0.578386932557757,0.546551789887597,0.533863536148806,0.427198607508711,0.222314159184002
0.752034116292372,0.919663256860184,0.975268546191605,1,0.986012706260955,0.973435026018359,0.961665638087968,0.952356471041419,0.940949552193151,0.925296104512884,0.912283861070152,0.901167567354244,0.886494747310767,0.865732482677959,0.846577495454645,0.823800851187276,0.802554509649887,0.780216803730486,0.766947172979807,0.751252987797418,0.733348763550184,0.713631337675056,0.695469197061097,0.69006250574088,0.665310563768428,0.647270339811411,0.628892084397191,0.622948506251679,0.588733740901367,0.56926700469351,0.455435225169627,0.247933287623861
0.730423746077263,0.901025105400585,0.961133901237736,0.986012706260955,1,0.990109471928306,0.977566100645961,0.967815884022392,0.95712315936114,0.942292747399889,0.929816719677735,0.919874585216761,0.906430847962985,0.886560094744691,0.868809044009884,0.846286605405371,0.82602737364789,0.804015653205872,0.791201478963547,0.775778222566422,0.758010154650346,0.739353096203512,0.722166866432637,0.71702786572922,0.693469733508893,0.675648509579865,0.657538560910888,0.651604997098534,0.617074401517656,0.593795312552206,0.474449645479048,0.250155485301869
0.715575681270223,0.886738596457592,0.948869266701474,0.973435026018359,0.990109471928306,1,0.989452477420683,0.979869696810409,0.97034101038525,0.956508301212908,0.944104120615266,0.93379177728882,0.92060849765655,0.901182912612087,0.884463261939434,0.862071533349512,0.842499908165948,0.820274338343207,0.80756711412874,0.793120017788051,0.775736088566346,0.757659350095071,0.740985653364884,0.735626001606466,0.713293910890605,0.696523511477654,0.677924354682795,0.670320057092844,0.635891837723569,0.608424780040833,0.483031232615587,0.257814734487368
0.703162194152735,0.873986554575017,0.935657355010136,0.961665638087968,0.977566100645961,0.989452477420683,1,0.991160355959872,0.982570413963534,0.969617201072723,0.958840984222988,0.949699971845565,0.937525655510031,0.918764358748881,0.902618399890047,0.881786923863702,0.86409145575019,0.84302143671616,0.831433479266596,0.817886077372743,0.800782593003924,0.783931214846931,0.767364171346809,0.762846536359888,0.742589941711025,0.726215634049835,0.706776350095442,0.697710547786421,0.664848545524723,0.629940297847311,0.4930067286041,0.262068882222167
0.690477696670054,0.863383673440908,0.925513523641335,0.952356471041419,0.967815884022392,0.979869696810409,0.991160355959872,1,0.992010407067077,0.980247100958545,0.971109829415944,0.963058424638588,0.95166686695334,0.934801985521832,0.920528140127323,0.901313561526224,0.884944601873441,0.864796985502506,0.854065164395497,0.840979191772778,0.825431916651055,0.809452227453557,0.793674799044422,0.789194965526059,0.769792702092357,0.754129421487458,0.735420690224352,0.726363465316127,0.693655507543361,0.653711274689896,0.509751123110337,0.275688968720855
0.673635143600819,0.847998737622153,0.910816446248192,0.940949552193151,0.95712315936114,0.97034101038525,0.982570413963534,0.992010407067077,1,0.991026017707318,0.9819452925716,0.974322286649858,0.96355475868424,0.947687318250791,0.934381409694257,0.916882906533585,0.901932561212201,0.882714193526395,0.872708977040402,0.860866187156291,0.846188373803005,0.83033811466335,0.815363059334984,0.810701047378012,0.791990214264001,0.777444684075758,0.759454522495079,0.750503528115169,0.719773384068867,0.677132326679992,0.522339056198975,0.300906809257195
0.65190284369213,0.831086061611549,0.893767792160326,0.925296104512884,0.942292747399889,0.956508301212908,0.969617201072723,0.980247100958545,0.991026017707318,1,0.992887059600296,0.985265140954206,0.975062944918918,0.96033064336799,0.948140951817181,0.932729318573723,0.918157998202212,0.900611257612268,0.890537357948009,0.880062950118753,0.867373201609988,0.851871905434794,0.838322408512309,0.832942274136899,0.814209050646304,0.800469801678672,0.78347771800139,0.773820965131584,0.741902526913127,0.694631487403211,0.536447594251794,0.318935999638515
0.636734801934849,0.816456786025241,0.878450286049965,0.912283861070152,0.929816719677735,0.944104120615266,0.958840984222988,0.971109829415944,0.9819452925716,0.992887059600296,1,0.992811846020892,0.98372910594055,0.971007388249068,0.960102124629802,0.945218106608186,0.931057570906733,0.912448238931425,0.902759137457889,0.892450494826806,0.880430401928002,0.865366027980231,0.852675040818851,0.847536513859629,0.829803151883017,0.816100779866597,0.799728013560625,0.79017562182266,0.757895417760268,0.708082951552762,0.549518732590952,0.323376347147085
0.623857309741992,0.801791890885663,0.866808969184599,0.901167567354244,0.919874585216761,0.93379177728882,0.949699971845565,0.963058424638588,0.974322286649858,0.985265140954206,0.992811846020892,1,0.993404822483461,0.983160532730226,0.974154519378511,0.960527223150221,0.947108674617321,0.93023700454534,0.920042576441085,0.91036293641289,0.898661584432393,0.88437777977629,0.872320541540736,0.86715781821755,0.851019630851498,0.83877165845889,0.823829281965788,0.812996956143146,0.781923284291104,0.730838667910314,0.567549252172125,0.335260330109826
0.606404227727998,0.78662379464255,0.850344936627414,0.886494747310767,0.906430847962985,0.92060849765655,0.937525655510031,0.95166686695334,0.96355475868424,0.975062944918918,0.98372910594055,0.993404822483461,1,0.993696333610059,0.985996266877575,0.974036878099542,0.962192808729371,0.946833932471239,0.936725096292156,0.927329180064805,0.91641916989531,0.902527114905219,0.890690676183263,0.885344815351208,0.870386203648824,0.858555618602031,0.845359528505535,0.834495212003996,0.80508535888468,0.753377059899584,0.590754206738234,0.35592017514046
0.581293990325183,0.763326280744769,0.827633184744374,0.865732482677959,0.886560094744691,0.901182912612087,0.918764358748881,0.934801985521832,0.947687318250791,0.96033064336799,0.971007388249068,0.983160532730226,0.993696333610059,1,0.994508775403311,0.985079445915766,0.974377618607561,0.960195381592902,0.950267321421905,0.940875285505332,0.930369873709801,0.917556550290937,0.906690532131176,0.900872951348526,0.888097368770967,0.877555846490217,0.865678649161683,0.855654060565971,0.826812562448221,0.775708077093734,0.608102336323697,0.372010122442235
0.565600444362878,0.743584645225504,0.80773336940953,0.846577495454645,0.868809044009884,0.884463261939434,0.902618399890047,0.920528140127323,0.934381409694257,0.948140951817181,0.960102124629802,0.974154519378511,0.985996266877575,0.994508775403311,1,0.993990963808731,0.985081444490662,0.972068866710603,0.962866606749817,0.954716118183199,0.945135398856221,0.933430760706315,0.924193210043921,0.919168370602598,0.907019124810816,0.897278564358824,0.886139998783777,0.876062538692277,0.849139815311145,0.79401807282519,0.62016550729588,0.378976352550688
0.541626426697075,0.717163861220672,0.782811643031609,0.823800851187276,0.846286605405371,0.862071533349512,0.881786923863702,0.901313561526224,0.916882906533585,0.932729318573723,0.945218106608186,0.960527223150221,0.974036878099542,0.985079445915766,0.993990963808731,1,0.993494834268946,0.983546943554817,0.975155188596666,0.968214895309748,0.959764085179349,0.949781007817464,0.941547008090116,0.937241798162094,0.92527393550698,0.916025056038754,0.906341323481017,0.896641446501435,0.870596524876849,0.813303330012982,0.63217411871208,0.399013406045343
0.520305334392516,0.693290460309391,0.760459497404319,0.802554509649887,0.82602737364789,0.842499908165948,0.86409145575019,0.884944601873441,0.901932561212201,0.918157998202212,0.931057570906733,0.947108674617321,0.962192808729371,0.974377618607561,0.985081444490662,0.993494834268946,1,0.993316947944256,0.98630301972907,0.980654069441834,0.973567991185659,0.965193747527158,0.957351389275514,0.953102772743147,0.942423312813963,0.933484936618949,0.924630731667779,0.914480015360351,0.889528369785159,0.829982659368962,0.640493999601893,0.410852907133
0.496597215894267,0.672355499800499,0.736931605786869,0.780216803730486,0.804015653205872,0.820274338343207,0.84302143671616,0.864796985502506,0.882714193526395,0.900611257612268,0.912448238931425,0.93023700454534,0.946833932471239,0.960195381592902,0.972068866710603,0.983546943554817,0.993316947944256,1,0.994898975393029,0.990152458758005,0.983872438392381,0.977368651100598,0.96976821193028,0.9655793421317,0.955287878007757,0.946215519948815,0.937504806808943,0.926513245408828,0.902856980754458,0.842503850816862,0.652900490122292,0.418250949551715
0.486450659477415,0.658989878894013,0.723669083458915,0.766947172979807,0.791201478963547,0.80756711412874,0.831433479266596,0.854065164395497,0.872708977040402,0.890537357948009,0.902759137457889,0.920042576441085,0.936725096292156,0.950267321421905,0.962866606749817,0.975155188596666,0.98630301972907,0.994898975393029,1,0.995670934565848,0.989801584059695,0.984581542396663,0.977757900983643,0.972849655014795,0.963384752377692,0.954095473594451,0.945234086580049,0.934236918091685,0.909805936739477,0.849866507137549,0.657132343215,0.429352740608573
0.47142694939901,0.642426338551757,0.708178262723405,0.751252987797418,0.775778222566422,0.793120017788051,0.817886077372743,0.840979191772778,0.860866187156291,0.880062950118753,0.892450494826806,0.91036293641289,0.927329180064805,0.940875285505332,0.954716118183199,0.968214895309748,0.980654069441834,0.990152458758005,0.995670934565848,1,0.995508219302608,0.99023480452725,0.983709869772964,0.978900718255335,0.970226949780494,0.960853810627948,0.952279216384222,0.941448079436024,0.91895279703108,0.859620508230081,0.663714717265033,0.434184826234824
0.456991886523731,0.623801792005634,0.690706036080451,0.733348763550184,0.758010154650346,0.775736088566346,0.800782593003924,0.825431916651055,0.846188373803005,0.867373201609988,0.880430401928002,0.898661584432393,0.91641916989531,0.930369873709801,0.945135398856221,0.959764085179349,0.973567991185659,0.983872438392381,0.989801584059695,0.995508219302608,1,0.995287466607409,0.988989833289557,0.983941557985946,0.975381275709583,0.96657592376003,0.958356211191117,0.947460084052106,0.924922249786946,0.863623455625266,0.664372500488764,0.435848853652041
0.436219797341105,0.60271471440333,0.670015831187821,0.713631337675056,0.739353096203512,0.757659350095071,0.783931214846931,0.809452227453557,0.83033811466335,0.851871905434794,0.865366027980231,0.88437777977629,0.902527114905219,0.917556550290937,0.933430760706315,0.949781007817464,0.965193747527158,0.977368651100598,0.984581542396663,0.99023480452725,0.995287466607409,1,0.995202546848062,0.990355666665455,0.982847645459781,0.973549666850845,0.965485587969288,0.955319745157865,0.933464069904183,0.871443067424934,0.668839461131765,0.445937427968925
0.424329621524876,0.584554243368969,0.650886598892863,0.695469197061097,0.722166866432637,0.740985653364884,0.767364171346809,0.793674799044422,0.815363059334984,0.838322408512309,0.852675040818851,0.872320541540736,0.890690676183263,0.906690532131176,0.924193210043921,0.941547008090116,0.957351389275514,0.96976821193028,0.977757900983643,0.983709869772964,0.988989833289557,0.995202546848062,1,0.99569807994449,0.989395185788529,0.98118131471852,0.974337746217921,0.965066722726641,0.942902534108048,0.881096342727402,0.67536721997641,0.452742385425246
0.420350604173453,0.579251758465765,0.64483191797301,0.69006250574088,0.71702786572922,0.735626001606466,0.762846536359888,0.789194965526059,0.810701047378012,0.832942274136899,0.847536513859629,0.86715781821755,0.885344815351208,0.900872951348526,0.919168370602598,0.937241798162094,0.953102772743147,0.9655793421317,0.972849655014795,0.978900718255335,0.983941557985946,0.990355666665455,0.99569807994449,1,0.99365479971369,0.985923696775239,0.978542752510884,0.969275987331889,0.947647772612778,0.88737761648593,0.683975441036496,0.455566368812707
0.401281403918656,0.555212524913809,0.620826579853379,0.665310563768428,0.693469733508893,0.713293910890605,0.742589941711025,0.769792702092357,0.791990214264001,0.814209050646304,0.829803151883017,0.851019630851498,0.870386203648824,0.888097368770967,0.907019124810816,0.92527393550698,0.942423312813963,0.955287878007757,0.963384752377692,0.970226949780494,0.975381275709583,0.982847645459781,0.989395185788529,0.99365479971369,1,0.994322268586156,0.987997965127401,0.979420215782612,0.959743136817082,0.89762907893481,0.693377196845259,0.458599656354315
0.388944898670468,0.539312408303933,0.604317963965529,0.647270339811411,0.675648509579865,0.696523511477654,0.726215634049835,0.754129421487458,0.777444684075758,0.800469801678672,0.816100779866597,0.83877165845889,0.858555618602031,0.877555846490217,0.897278564358824,0.916025056038754,0.933484936618949,0.946215519948815,0.954095473594451,0.960853810627948,0.96657592376003,0.973549666850845,0.98118131471852,0.985923696775239,0.994322268586156,1,0.994385384743398,0.984902124945721,0.966604861103448,0.904521699539326,0.702531107168809,0.467009575666611
0.378083964735639,0.520520435081067,0.584287772343226,0.628892084397191,0.657538560910888,0.677924354682795,0.706776350095442,0.735420690224352,0.759454522495079,0.78347771800139,0.799728013560625,0.823829281965788,0.845359528505535,0.865678649161683,0.886139998783777,0.906341323481017,0.924630731667779,0.937504806808943,0.945234086580049,0.952279216384222,0.958356211191117,0.965485587969288,0.974337746217921,0.978542752510884,0.987997965127401,0.994385384743398,1,0.991871020958901,0.975440441388839,0.915503923163704,0.71365120298784,0.489515061388863
0.375652688411229,0.51640465638458,0.578386932557757,0.622948506251679,0.651604997098534,0.670320057092844,0.697710547786421,0.726363465316127,0.750503528115169,0.773820965131584,0.79017562182266,0.812996956143146,0.834495212003996,0.855654060565971,0.876062538692277,0.896641446501435,0.914480015360351,0.926513245408828,0.934236918091685,0.941448079436024,0.947460084052106,0.955319745157865,0.965066722726641,0.969275987331889,0.979420215782612,0.984902124945721,0.991871020958901,1,0.984974756220422,0.929376816682579,0.723961533609506,0.498519318783648
0.352891330426509,0.485177116467439,0.546551789887597,0.588733740901367,0.617074401517656,0.635891837723569,0.664848545524723,0.693655507543361,0.719773384068867,0.741902526913127,0.757895417760268,0.781923284291104,0.80508535888468,0.826812562448221,0.849139815311145,0.870596524876849,0.889528369785159,0.902856980754458,0.909805936739477,0.91895279703108,0.924922249786946,0.933464069904183,0.942902534108048,0.947647772612778,0.959743136817082,0.966604861103448,0.975440441388839,0.984974756220422,1,0.951456567133987,0.749330016772014,0.505928732415112
0.352690720892884,0.478013078037741,0.533863536148806,0.56926700469351,0.593795312552206,0.608424780040833,0.629940297847311,0.653711274689896,0.677132326679992,0.694631487403211,0.708082951552762,0.730838667910314,0.753377059899584,0.775708077093734,0.79401807282519,0.813303330012982,0.829982659368962,0.842503850816862,0.849866507137549,0.859620508230081,0.863623455625266,0.871443067424934,0.881096342727402,0.88737761648593,0.89762907893481,0.904521699539326,0.915503923163704,0.929376816682579,0.951456567133987,1,0.834903425410287,0.545610380160796
0.301626018385437,0.390906645752968,0.427198607508711,0.455435225169627,0.474449645479048,0.483031232615587,0.4930067286041,0.509751123110337,0.522339056198975,0.536447594251794,0.549518732590952,0.567549252172125,0.590754206738234,0.608102336323697,0.62016550729588,0.63217411871208,0.640493999601893,0.652900490122292,0.657132343215,0.663714717265033,0.664372500488764,0.668839461131765,0.67536721997641,0.683975441036496,0.693377196845259,0.702531107168809,0.71365120298784,0.723961533609506,0.749330016772014,0.834903425410287,1,0.599684568569099
0.130994598924245,0.206243114904688,0.222314159184002,0.247933287623861,0.250155485301869,0.257814734487368,0.262068882222167,0.275688968720855,0.300906809257195,0.318935999638515,0.323376347147085,0.335260330109826,0.35592017514046,0.372010122442235,0.378976352550688,0.399013406045343,0.410852907133,0.418250949551715,0.429352740608573,0.434184826234824,0.435848853652041,0.445937427968925,0.452742385425246,0.455566368812707,0.458599656354315,0.467009575666611,0.489515061388863,0.498519318783648,0.505928732415112,0.545610380160796,0.599684568569099,1
