1,0.82216003629251,0.783490191434106,0.757236008927656,0.739952660182877,0.727435015840356,0.715246269714632,0.705603325881288,0.697475680103391,0.690582408469119,0.677839761956729,0.665985643852943,0.656323004171629,0.647412731554809,0.634854297979985,0.621201249299118,0.610950778034778,0.595596202815554,0.579732134234264,0.566093714215116,0.548070327429453,0.533309691129201,0.523532682650811,0.509603663858066,0.498980210186261,0.489251134355229,0.474226862486302,0.457385577335293,0.43500845868682,0.382762170875832,0.230607612101945,0.0565823276643541
0.82216003629251,1,0.970167822370104,0.953341763179517,0.942349694098878,0.932341023265193,0.925078578578017,0.916738769777781,0.909291767675667,0.902389082259635,0.893026704413647,0.883297254225817,0.874918375409102,0.865696654718294,0.853392319081211,0.841767088829085,0.83065644923104,0.816757944846257,0.802934022250126,0.789473884274348,0.77333248936413,0.759146676217857,0.747801286309931,0.735970743331014,0.724452576727917,0.713571081610596,0.7006968745421,0.683588691997049,0.656477236929297,0.601487039231922,0.410802603968207,0.149022875895008
0.783490191434106,0.970167822370104,1,0.987956338809097,0.978683033033119,0.970289343994195,0.963600885974427,0.957047498569135,0.950928520391878,0.944842849191713,0.938194415085904,0.931518475773871,0.923604095684198,0.914725708699414,0.903955648553032,0.893171578318571,0.882656894924418,0.870385621344683,0.857938541557058,0.846285147359465,0.832630554866398,0.818158494399132,0.806216500155478,0.795938857432012,0.785626576319694,0.775036536552828,0.76238008160912,0.745945956820709,0.719242874442098,0.664846178350237,0.472799506457466,0.191288889902744
0.757236008927656,0.953341763179517,0.987956338809097,1,0.990293437358875,0.982454770336901,0.976779888445885,0.970573689167961,0.964912952360018,0.958739093861513,0.952688336767804,0.946465859911473,0.93916112287648,0.931331083678544,0.922100378568402,0.912323135452396,0.902150501099127,0.890400100349562,0.878844916263995,0.868245130093828,0.855184556496439,0.841461531227543,0.829669255100066,0.820326761118786,0.810313387607761,0.799659694448584,0.788027733124406,0.771933573078501,0.743988558152787,0.691758404392303,0.497291716413874,0.21412310592811
0.739952660182877,0.942349694098878,0.978683033033119,0.990293437358875,1,0.994187642442004,0.989184214288065,0.984013219787714,0.97875498801847,0.973535160315672,0.96796912528395,0.9618695252974,0.955537529729649,0.948432474714935,0.940173928189873,0.931072763636863,0.921251819592733,0.909866221387941,0.898901673208422,0.888984264772043,0.877163435962813,0.864954725913026,0.854466171276544,0.845595250303583,0.835923041558803,0.825723631301522,0.814741209253067,0.7996296692227,0.77249215468878,0.721480627332789,0.52359074948738,0.235587330665194
0.727435015840356,0.932341023265193,0.970289343994195,0.982454770336901,0.994187642442004,1,0.995285119188419,0.990832266566597,0.986455151959403,0.981925219516793,0.976778364451996,0.971133983390814,0.964822801370502,0.957957054429802,0.949881068955538,0.941069737295153,0.931412390340765,0.920834161482714,0.910584787806054,0.901407198947961,0.889314541929633,0.877771999498645,0.86839817261225,0.860844448813734,0.851816369922194,0.842277538777909,0.83230591102155,0.816882722709774,0.791278165497514,0.741452538448232,0.539506600609712,0.247534115547077
0.715246269714632,0.925078578578017,0.963600885974427,0.976779888445885,0.989184214288065,0.995285119188419,1,0.996076513579996,0.9916277381191,0.987293907893918,0.982082669145016,0.976674214533349,0.971517809676848,0.965040564800211,0.95786491199832,0.949432283257953,0.940005786076657,0.929574896245397,0.91968290543779,0.910578317306776,0.899766069275984,0.88925832835008,0.880992127073064,0.874265223104045,0.865652314399237,0.856573267214599,0.847148991085927,0.832069134970041,0.806887464746827,0.757599901178093,0.552333031639803,0.259667714682046
0.705603325881288,0.916738769777781,0.957047498569135,0.970573689167961,0.984013219787714,0.990832266566597,0.996076513579996,1,0.996594819520547,0.992530436197118,0.987864118042053,0.982932587723686,0.978497235883775,0.972291576289902,0.965672491167551,0.957759932537034,0.948572367964088,0.938695688848693,0.929418615024345,0.920697425457749,0.910258587959335,0.900174130631995,0.892708815215366,0.886616467451233,0.878576524122028,0.870268606062356,0.860645676097479,0.845647028742562,0.821564393998347,0.773163922193631,0.563020222137544,0.266294576571224
0.697475680103391,0.909291767675667,0.950928520391878,0.964912952360018,0.97875498801847,0.986455151959403,0.9916277381191,0.996594819520547,1,0.996935103326311,0.993014682390006,0.988524288466919,0.984450272485506,0.978958556337875,0.972644726579347,0.964934473273095,0.956261172161765,0.946980327565539,0.93823455124606,0.929836105002428,0.919945731586697,0.910358324024285,0.903110578593489,0.897158705534721,0.889563485494338,0.882160783034785,0.873099228025418,0.859473067537695,0.836457838627352,0.789011782491562,0.578355470042803,0.282646205848516
0.690582408469119,0.902389082259635,0.944842849191713,0.958739093861513,0.973535160315672,0.981925219516793,0.987293907893918,0.992530436197118,0.996935103326311,1,0.997043756365758,0.993139239646361,0.98889120716444,0.983407142460644,0.976873670639536,0.969281998055875,0.961103942179708,0.952536103479105,0.944148160334439,0.935837635451778,0.926523621168081,0.916977009820994,0.91000885505495,0.904209712395241,0.897207356323369,0.890328392443025,0.881418824887404,0.86836216882182,0.845809037040466,0.799184928107381,0.588497111884864,0.293130261545859
0.677839761956729,0.893026704413647,0.938194415085904,0.952688336767804,0.96796912528395,0.976778364451996,0.982082669145016,0.987864118042053,0.993014682390006,0.997043756365758,1,0.997131050753007,0.993493615394057,0.988598168063781,0.982572471247543,0.97538077345103,0.967170368244974,0.959014016377019,0.951266828686892,0.943374843862991,0.934625138393819,0.925352732309079,0.918536861729848,0.913266863581624,0.906467471468253,0.900424374146138,0.892338993744659,0.879370034563155,0.858352262914568,0.813659042007933,0.602561747693053,0.304879497568181
0.665985643852943,0.883297254225817,0.931518475773871,0.946465859911473,0.9618695252974,0.971133983390814,0.976674214533349,0.982932587723686,0.988524288466919,0.993139239646361,0.997131050753007,1,0.997533409658746,0.993543503811144,0.988515160306787,0.982180261750095,0.974662513820448,0.966875234968797,0.959514955573634,0.952361060692211,0.944377120972485,0.935693964280536,0.929179688617012,0.924212016802561,0.917809516958801,0.911847961514834,0.903880582964457,0.891459466940673,0.871406869584357,0.828641262001723,0.621788326554055,0.322593492494242
0.656323004171629,0.874918375409102,0.923604095684198,0.93916112287648,0.955537529729649,0.964822801370502,0.971517809676848,0.978497235883775,0.984450272485506,0.98889120716444,0.993493615394057,0.997533409658746,1,0.997356275847387,0.993175042197608,0.987667337823308,0.980612014345474,0.972995912438909,0.965606476119932,0.958650334896015,0.95084649339922,0.94269765369948,0.936439446210895,0.931628246276643,0.925863797305545,0.920479885009837,0.912787349456789,0.900687956707939,0.881192378432246,0.839717180483823,0.631722622794121,0.332490384302243
0.647412731554809,0.865696654718294,0.914725708699414,0.931331083678544,0.948432474714935,0.957957054429802,0.965040564800211,0.972291576289902,0.978958556337875,0.983407142460644,0.988598168063781,0.993543503811144,0.997356275847387,1,0.99714750530064,0.992351524914311,0.986352144584703,0.97913332595936,0.972084981942988,0.965204267553812,0.95790021041425,0.950214762105721,0.944042502266128,0.939373635070631,0.933983921086125,0.929113356721047,0.921678355184001,0.910162315780917,0.89145658511082,0.850870988282264,0.643827550323359,0.344502605943993
0.634854297979985,0.853392319081211,0.903955648553032,0.922100378568402,0.940173928189873,0.949881068955538,0.95786491199832,0.965672491167551,0.972644726579347,0.976873670639536,0.982572471247543,0.988515160306787,0.993175042197608,0.99714750530064,1,0.997154600806043,0.992187997599669,0.985867597088794,0.979028243263543,0.972561955539384,0.966078681557329,0.959107011470579,0.953436984994688,0.948787964414698,0.943837050765902,0.939308888452906,0.932145984872066,0.921294529620563,0.903156325321891,0.864731015853194,0.661390612566535,0.363514458182286
0.621201249299118,0.841767088829085,0.893171578318571,0.912323135452396,0.931072763636863,0.941069737295153,0.949432283257953,0.957759932537034,0.964934473273095,0.969281998055875,0.97538077345103,0.982180261750095,0.987667337823308,0.992351524914311,0.997154600806043,1,0.997119009549949,0.992102180176081,0.986159530098123,0.980608516084178,0.974563121672679,0.968452202535657,0.96318655366848,0.958367180167882,0.953813141833683,0.949734543105654,0.942878452084516,0.932497380976961,0.915660823473219,0.879576833255462,0.678739349064347,0.383137702003538
0.610950778034778,0.83065644923104,0.882656894924418,0.902150501099127,0.921251819592733,0.931412390340765,0.940005786076657,0.948572367964088,0.956261172161765,0.961103942179708,0.967170368244974,0.974662513820448,0.980612014345474,0.986352144584703,0.992187997599669,0.997119009549949,1,0.996996025040875,0.991977820338757,0.98692083776713,0.981345281157499,0.975191109664968,0.970147688745091,0.965375190072066,0.961073525726765,0.957225809451069,0.950386586437678,0.940052586410194,0.923547442607493,0.888766272200369,0.68960637295137,0.395992157858129
0.595596202815554,0.816757944846257,0.870385621344683,0.890400100349562,0.909866221387941,0.920834161482714,0.929574896245397,0.938695688848693,0.946980327565539,0.952536103479105,0.959014016377019,0.966875234968797,0.972995912438909,0.97913332595936,0.985867597088794,0.992102180176081,0.996996025040875,1,0.997017797124454,0.992685435549223,0.98781229293216,0.982044830688999,0.977288067469579,0.972624421111153,0.968712114217826,0.964904422576238,0.958281313542268,0.948673485030879,0.932303862298806,0.89820322797096,0.697489779504422,0.404616307439564
0.579732134234264,0.802934022250126,0.857938541557058,0.878844916263995,0.898901673208422,0.910584787806054,0.91968290543779,0.929418615024345,0.93823455124606,0.944148160334439,0.951266828686892,0.959514955573634,0.965606476119932,0.972084981942988,0.979028243263543,0.986159530098123,0.991977820338757,0.997017797124454,1,0.997443850457015,0.993359674102764,0.988030664267658,0.983317710177435,0.978980553182918,0.974916463718346,0.970960772183184,0.964553606217061,0.955466121542759,0.940501620593953,0.908276051964411,0.706678051467683,0.416118978773473
0.566093714215116,0.789473884274348,0.846285147359465,0.868245130093828,0.888984264772043,0.901407198947961,0.910578317306776,0.920697425457749,0.929836105002428,0.935837635451778,0.943374843862991,0.952361060692211,0.958650334896015,0.965204267553812,0.972561955539384,0.980608516084178,0.98692083776713,0.992685435549223,0.997443850457015,1,0.997259068142315,0.993000477837822,0.988673142064632,0.984365432914683,0.980366830572584,0.976529910151223,0.970557273708905,0.961949449314146,0.948254413175298,0.918114718992255,0.717086153760034,0.427025004973365
0.548070327429453,0.77333248936413,0.832630554866398,0.855184556496439,0.877163435962813,0.889314541929633,0.899766069275984,0.910258587959335,0.919945731586697,0.926523621168081,0.934625138393819,0.944377120972485,0.95084649339922,0.95790021041425,0.966078681557329,0.974563121672679,0.981345281157499,0.98781229293216,0.993359674102764,0.997259068142315,1,0.997120951743328,0.993396565534091,0.989204015266559,0.985268881238477,0.981740998636426,0.975514482003501,0.967677361573856,0.954447214372248,0.925956827827326,0.730226908247327,0.439899974340767
0.533309691129201,0.759146676217857,0.818158494399132,0.841461531227543,0.864954725913026,0.877771999498645,0.88925832835008,0.900174130631995,0.910358324024285,0.916977009820994,0.925352732309079,0.935693964280536,0.94269765369948,0.950214762105721,0.959107011470579,0.968452202535657,0.975191109664968,0.982044830688999,0.988030664267658,0.993000477837822,0.997120951743328,1,0.997275143253347,0.99376770062095,0.990187733638969,0.986782017479419,0.980918021844444,0.973780903251302,0.960872317741578,0.933212623855886,0.73847610992867,0.447500719712762
0.523532682650811,0.747801286309931,0.806216500155478,0.829669255100066,0.854466171276544,0.86839817261225,0.880992127073064,0.892708815215366,0.903110578593489,0.91000885505495,0.918536861729848,0.929179688617012,0.936439446210895,0.944042502266128,0.953436984994688,0.96318655366848,0.970147688745091,0.977288067469579,0.983317710177435,0.988673142064632,0.993396565534091,0.997275143253347,1,0.99728761243649,0.994114543821545,0.990587364496843,0.985031117662488,0.978236800274433,0.966335901661482,0.939640288591987,0.743532536772429,0.453698975187396
0.509603663858066,0.735970743331014,0.795938857432012,0.820326761118786,0.845595250303583,0.860844448813734,0.874265223104045,0.886616467451233,0.897158705534721,0.904209712395241,0.913266863581624,0.924212016802561,0.931628246276643,0.939373635070631,0.948787964414698,0.958367180167882,0.965375190072066,0.972624421111153,0.978980553182918,0.984365432914683,0.989204015266559,0.99376770062095,0.99728761243649,1,0.996970539401027,0.993321597459827,0.988256152895117,0.981747086278373,0.970805416940124,0.945660599209061,0.746352853948485,0.455307810952542
0.498980210186261,0.724452576727917,0.785626576319694,0.810313387607761,0.835923041558803,0.851816369922194,0.865652314399237,0.878576524122028,0.889563485494338,0.897207356323369,0.906467471468253,0.917809516958801,0.925863797305545,0.933983921086125,0.943837050765902,0.953813141833683,0.961073525726765,0.968712114217826,0.974916463718346,0.980366830572584,0.985268881238477,0.990187733638969,0.994114543821545,0.996970539401027,1,0.996913119010768,0.991908209212585,0.986076455041011,0.975146561428276,0.950843086236228,0.749603361764596,0.462086779550274
0.489251134355229,0.713571081610596,0.775036536552828,0.799659694448584,0.825723631301522,0.842277538777909,0.856573267214599,0.870268606062356,0.882160783034785,0.890328392443025,0.900424374146138,0.911847961514834,0.920479885009837,0.929113356721047,0.939308888452906,0.949734543105654,0.957225809451069,0.964904422576238,0.970960772183184,0.976529910151223,0.981740998636426,0.986782017479419,0.990587364496843,0.993321597459827,0.996913119010768,1,0.996020313184267,0.990831505575469,0.980684799365951,0.957939445251388,0.759312425819831,0.47241156516621
0.474226862486302,0.7006968745421,0.76238008160912,0.788027733124406,0.814741209253067,0.83230591102155,0.847148991085927,0.860645676097479,0.873099228025418,0.881418824887404,0.892338993744659,0.903880582964457,0.912787349456789,0.921678355184001,0.932145984872066,0.942878452084516,0.950386586437678,0.958281313542268,0.964553606217061,0.970557273708905,0.975514482003501,0.980918021844444,0.985031117662488,0.988256152895117,0.991908209212585,0.996020313184267,1,0.994895903065727,0.985689168652517,0.964127470882517,0.766952336619727,0.481402363580004
0.457385577335293,0.683588691997049,0.745945956820709,0.771933573078501,0.7996296692227,0.816882722709774,0.832069134970041,0.845647028742562,0.859473067537695,0.86836216882182,0.879370034563155,0.891459466940673,0.900687956707939,0.910162315780917,0.921294529620563,0.932497380976961,0.940052586410194,0.948673485030879,0.955466121542759,0.961949449314146,0.967677361573856,0.973780903251302,0.978236800274433,0.981747086278373,0.986076455041011,0.990831505575469,0.994895903065727,1,0.99227827883674,0.972418534113549,0.777907572666988,0.499631612238949
0.43500845868682,0.656477236929297,0.719242874442098,0.743988558152787,0.77249215468878,0.791278165497514,0.806887464746827,0.821564393998347,0.836457838627352,0.845809037040466,0.858352262914568,0.871406869584357,0.881192378432246,0.89145658511082,0.903156325321891,0.915660823473219,0.923547442607493,0.932303862298806,0.940501620593953,0.948254413175298,0.954447214372248,0.960872317741578,0.966335901661482,0.970805416940124,0.975146561428276,0.980684799365951,0.985689168652517,0.99227827883674,1,0.985540384177757,0.803950836384209,0.537520990426409
0.382762170875832,0.601487039231922,0.664846178350237,0.691758404392303,0.721480627332789,0.741452538448232,0.757599901178093,0.773163922193631,0.789011782491562,0.799184928107381,0.813659042007933,0.828641262001723,0.839717180483823,0.850870988282264,0.864731015853194,0.879576833255462,0.888766272200369,0.89820322797096,0.908276051964411,0.918114718992255,0.925956827827326,0.933212623855886,0.939640288591987,0.945660599209061,0.950843086236228,0.957939445251388,0.964127470882517,0.972418534113549,0.985540384177757,1,0.84370548651127,0.594145438509491
0.230607612101945,0.410802603968207,0.472799506457466,0.497291716413874,0.52359074948738,0.539506600609712,0.552333031639803,0.563020222137544,0.578355470042803,0.588497111884864,0.602561747693053,0.621788326554055,0.631722622794121,0.643827550323359,0.661390612566535,0.678739349064347,0.68960637295137,0.697489779504422,0.706678051467683,0.717086153760034,0.730226908247327,0.73847610992867,0.743532536772429,0.746352853948485,0.749603361764596,0.759312425819831,0.766952336619727,0.777907572666988,0.803950836384209,0.84370548651127,1,0.798474597680044
0.0565823276643541,0.149022875895008,0.191288889902744,0.21412310592811,0.235587330665194,0.247534115547077,0.259667714682046,0.266294576571224,0.282646205848516,0.293130261545859,0.304879497568181,0.322593492494242,0.332490384302243,0.344502605943993,0.363514458182286,0.383137702003538,0.395992157858129,0.404616307439564,0.416118978773473,0.427025004973365,0.439899974340767,0.447500719712762,0.453698975187396,0.455307810952542,0.462086779550274,0.47241156516621,0.481402363580004,0.499631612238949,0.537520990426409,0.594145438509491,0.798474597680044,1
