1,0.80637819324715,0.733110557869896,0.690809293062502,0.675644360895904,0.656725221446897,0.637184897910529,0.637339181347432,0.627131950978823,0.616046791702078,0.612474457536207,0.589174298588429,0.584144869798884,0.570790588718448,0.558123069178618,0.547327699169128,0.539855470482807,0.534141532406449,0.523861607252789,0.519270309104873,0.507500503786462,0.493751893175205,0.468497635978625,0.452144795253932,0.434031742591674,0.423802831770181,0.41457375964908,0.417502819547648,0.38116414504466,0.276957782905064,0.0572027903480977,-0.000777844889157222
0.80637819324715,1,0.927800635111764,0.881340591243818,0.852376196512114,0.831505545282726,0.809707893837599,0.803633825047536,0.787488299707884,0.777120068732433,0.771359785982702,0.751047432808859,0.737683586131052,0.72315921944383,0.705344706605087,0.68704795683201,0.675570586029574,0.671501489865963,0.660302025814467,0.651019967887906,0.63597404840887,0.61661804129811,0.592857215228561,0.576954307190988,0.562129009530248,0.542418031350303,0.525096861239959,0.51696905235529,0.479028644845554,0.367915762753429,0.0831573813327973,0.0069599143917009
0.733110557869896,0.927800635111764,1,0.958808041726671,0.919627553598989,0.891540096137969,0.866715071509148,0.855538936282822,0.837794492529817,0.828028565060995,0.820316223085252,0.802472055198984,0.789862424929117,0.773805911108323,0.749518139796146,0.733744205959406,0.720613542028436,0.714561809913444,0.703477782720514,0.695742428992551,0.683072462180809,0.662707709194586,0.641544030693062,0.626901659623732,0.612484984801451,0.594228002566676,0.573205723422319,0.561816703310036,0.52248007939307,0.40280834952812,0.0814328401631266,0.0259136344480763
0.690809293062502,0.881340591243818,0.958808041726671,1,0.969690211123987,0.939642868601266,0.912457808597647,0.897721696136601,0.877651259573077,0.864840883896994,0.855829784867451,0.838079180032425,0.822782339144785,0.808657231791203,0.783615339520261,0.768390426544069,0.757266133966332,0.749371782039003,0.738053542215216,0.727730224262579,0.712617840560848,0.693535773199818,0.673081235981689,0.656477747691586,0.645238617465982,0.625813578926589,0.605211674936145,0.589436289384201,0.553362334616193,0.433654069012395,0.0912244285404226,0.040846319474699
0.675644360895904,0.852376196512114,0.919627553598989,0.969690211123987,1,0.97293509539541,0.944636978235715,0.92771506981793,0.90422342811301,0.887083623268263,0.877564871525073,0.858915545017386,0.843937556868385,0.831378061147392,0.807141927950342,0.791227707204592,0.778693816662641,0.768580322597822,0.756722066592082,0.747508734000168,0.733389438026348,0.714432610720214,0.693637988301678,0.676902128037334,0.664497243091695,0.64354437526574,0.620890038315938,0.606100478034562,0.568907950854371,0.446810921703097,0.0963700966255862,0.058782175265199
0.656725221446897,0.831505545282726,0.891540096137969,0.939642868601266,0.97293509539541,1,0.981037054574079,0.963115986054209,0.939262441423533,0.920385597561036,0.908008556717276,0.890585659442616,0.877447987089295,0.864067161033536,0.841537001170297,0.825782002552957,0.811079327731742,0.798854108173279,0.787000388246383,0.778773604239656,0.767297998200843,0.74993276289898,0.730460417291669,0.710842495804792,0.697643736741459,0.678185971915644,0.655734682156895,0.639861714197713,0.600528191073099,0.472613770440532,0.102009017668264,0.0715032554826396
0.637184897910529,0.809707893837599,0.866715071509148,0.912457808597647,0.944636978235715,0.981037054574079,1,0.979212974381385,0.955309161146771,0.935411652755605,0.922683721256769,0.905606506257524,0.89077398049927,0.875633616808031,0.853078913319392,0.836575549728211,0.819943838999745,0.805561927292677,0.793756451092667,0.78630544277127,0.774028763544667,0.757692112384332,0.738766172791178,0.719720160845851,0.70756611953022,0.685482359266087,0.663451420161989,0.645626732486292,0.609457409006687,0.479970849286734,0.111501636611911,0.0839862767519666
0.637339181347432,0.803633825047536,0.855538936282822,0.897721696136601,0.92771506981793,0.963115986054209,0.979212974381385,1,0.985273696561895,0.965542570511941,0.952472249403882,0.93297243938377,0.916925023998747,0.899566888268969,0.875730439936337,0.857647139819936,0.842189736063051,0.828828430703881,0.815798375080162,0.808024991638705,0.796007011254574,0.780983743653088,0.764169348226384,0.74685285367871,0.732939631365481,0.708344093555713,0.684784815367916,0.66746647601482,0.630176559398473,0.499346146139534,0.121482126580978,0.0849875953984012
0.627131950978823,0.787488299707884,0.837794492529817,0.877651259573077,0.90422342811301,0.939262441423533,0.955309161146771,0.985273696561895,1,0.985161208535281,0.971239194115613,0.952183683165922,0.934552798519333,0.915253021020652,0.891317770388775,0.872046708528081,0.855737832681094,0.841700774338213,0.828862510264693,0.820350433851385,0.809624659684767,0.796464355285943,0.781105290147075,0.763282386967516,0.747521820514424,0.722635252526564,0.70006683972515,0.684463986215829,0.649523255708178,0.520513990187582,0.134217188226223,0.100349456368213
0.616046791702078,0.777120068732433,0.828028565060995,0.864840883896994,0.887083623268263,0.920385597561036,0.935411652755605,0.965542570511941,0.985161208535281,1,0.989370539416592,0.969239587973934,0.950387040168086,0.93008803628609,0.906098793640407,0.885886834228887,0.867559475144026,0.853664723608096,0.840381615137256,0.830908617144057,0.818734033020559,0.805695867208319,0.791997610624551,0.775681753600309,0.759612480707351,0.736697982991634,0.712870213617992,0.697834098217547,0.664104863438288,0.53701524740714,0.151607607183255,0.111296888444523
0.612474457536207,0.771359785982702,0.820316223085252,0.855829784867451,0.877564871525073,0.908008556717276,0.922683721256769,0.952472249403882,0.971239194115613,0.989370539416592,1,0.985293416343822,0.96570067147901,0.94602072290435,0.92342557317129,0.903943826440365,0.884977404909165,0.869088474736204,0.855267815020393,0.844401758021895,0.830430490960946,0.81613475735185,0.802210098067396,0.786100694223868,0.77052889942055,0.749394107188517,0.724556720724413,0.706092064219209,0.673672879803724,0.547533181671208,0.153002434707086,0.111270382388134
0.589174298588429,0.751047432808859,0.802472055198984,0.838079180032425,0.858915545017386,0.890585659442616,0.905606506257524,0.93297243938377,0.952183683165922,0.969239587973934,0.985293416343822,1,0.984707235647387,0.965197768859579,0.946063044402253,0.927482271302137,0.90841752182091,0.892143887856505,0.876705237954049,0.864897263372651,0.854278237442483,0.838470041559125,0.824159599669831,0.80637199203921,0.791254480825888,0.768399027208692,0.746205441734902,0.724937825113437,0.694256461045968,0.569888386339734,0.155315261398732,0.107818004399732
0.584144869798884,0.737683586131052,0.789862424929117,0.822782339144785,0.843937556868385,0.877447987089295,0.89077398049927,0.916925023998747,0.934552798519333,0.950387040168086,0.96570067147901,0.984707235647387,1,0.985767184245512,0.967654485227104,0.948945616383854,0.930549035653311,0.915024051340493,0.897560630492215,0.886147606424231,0.877603100936441,0.860091280970797,0.843581660943102,0.825929387939783,0.809455241267999,0.789202263504901,0.768255418440036,0.746969944715362,0.716700625648126,0.590657641909149,0.159174100325285,0.105065153557898
0.570790588718448,0.72315921944383,0.773805911108323,0.808657231791203,0.831378061147392,0.864067161033536,0.875633616808031,0.899566888268969,0.915253021020652,0.93008803628609,0.94602072290435,0.965197768859579,0.985767184245512,1,0.985264314328853,0.966918590518411,0.95175653133593,0.936224454470095,0.920025610691536,0.907839936836676,0.898728978062968,0.880905214149474,0.862856581463632,0.844131893854295,0.826069565330758,0.806799580825041,0.785894584739478,0.766491411661867,0.738431332652877,0.613667841673107,0.182411110934106,0.111369556731236
0.558123069178618,0.705344706605087,0.749518139796146,0.783615339520261,0.807141927950342,0.841537001170297,0.853078913319392,0.875730439936337,0.891317770388775,0.906098793640407,0.92342557317129,0.946063044402253,0.967654485227104,0.985264314328853,1,0.989135761731556,0.974530041078403,0.958624191957089,0.94134633513436,0.929892511777569,0.919139430740915,0.901203455183687,0.882477104176724,0.865656013310253,0.847436255921687,0.827267555329614,0.808493960013321,0.789942192838392,0.760323493932963,0.631616245384243,0.185960287555592,0.113005187577293
0.547327699169128,0.68704795683201,0.733744205959406,0.768390426544069,0.791227707204592,0.825782002552957,0.836575549728211,0.857647139819936,0.872046708528081,0.885886834228887,0.903943826440365,0.927482271302137,0.948945616383854,0.966918590518411,0.989135761731556,1,0.988608012106451,0.973210962572265,0.955633094267607,0.94541402405951,0.933725858478087,0.91657180201343,0.898845533967661,0.881896195436743,0.86411153501585,0.844717124035657,0.825265172192633,0.805898200185786,0.774847610897855,0.642160417172145,0.188826051804737,0.119559543949294
0.539855470482807,0.675570586029574,0.720613542028436,0.757266133966332,0.778693816662641,0.811079327731742,0.819943838999745,0.842189736063051,0.855737832681094,0.867559475144026,0.884977404909165,0.90841752182091,0.930549035653311,0.95175653133593,0.974530041078403,0.988608012106451,1,0.988206788928476,0.96994429486079,0.95786953648865,0.944343766898669,0.925482947900681,0.905663235444235,0.890508120665675,0.873800400516903,0.853181377772299,0.835598945611073,0.816914646843867,0.786973419213647,0.651440981704474,0.191807133215072,0.115366276398146
0.534141532406449,0.671501489865963,0.714561809913444,0.749371782039003,0.768580322597822,0.798854108173279,0.805561927292677,0.828828430703881,0.841700774338213,0.853664723608096,0.869088474736204,0.892143887856505,0.915024051340493,0.936224454470095,0.958624191957089,0.973210962572265,0.988206788928476,1,0.987867213431256,0.97541511675628,0.960724218280835,0.940666026730577,0.920248367367195,0.905207637637671,0.889445823203173,0.86975864662412,0.851802961155483,0.831934048827573,0.802347050244416,0.67051778095928,0.20497225436159,0.128663581373116
0.523861607252789,0.660302025814467,0.703477782720514,0.738053542215216,0.756722066592082,0.787000388246383,0.793756451092667,0.815798375080162,0.828862510264693,0.840381615137256,0.855267815020393,0.876705237954049,0.897560630492215,0.920025610691536,0.94134633513436,0.955633094267607,0.96994429486079,0.987867213431256,1,0.988547444646488,0.973506165146863,0.954807617827938,0.933990191958522,0.917412017360936,0.89977237879954,0.879706902886949,0.861551472827138,0.83992239691478,0.8104488410343,0.681320040665996,0.21533082528615,0.142605445737981
0.519270309104873,0.651019967887906,0.695742428992551,0.727730224262579,0.747508734000168,0.778773604239656,0.78630544277127,0.808024991638705,0.820350433851385,0.830908617144057,0.844401758021895,0.864897263372651,0.886147606424231,0.907839936836676,0.929892511777569,0.94541402405951,0.95786953648865,0.97541511675628,0.988547444646488,1,0.989374885760607,0.972102449571307,0.952597668035773,0.936451420797859,0.918924097630537,0.898383855769586,0.878004717951784,0.858589968964382,0.828841581245767,0.700573856057873,0.229197019946689,0.159849019146273
0.507500503786462,0.63597404840887,0.683072462180809,0.712617840560848,0.733389438026348,0.767297998200843,0.774028763544667,0.796007011254574,0.809624659684767,0.818734033020559,0.830430490960946,0.854278237442483,0.877603100936441,0.898728978062968,0.919139430740915,0.933725858478087,0.944343766898669,0.960724218280835,0.973506165146863,0.989374885760607,1,0.98395523665487,0.963654986856332,0.946117823577122,0.928765852544457,0.906703007209522,0.88432558917718,0.864615964862934,0.835818374565969,0.709236241415725,0.231959711134902,0.167737636098504
0.493751893175205,0.61661804129811,0.662707709194586,0.693535773199818,0.714432610720214,0.74993276289898,0.757692112384332,0.780983743653088,0.796464355285943,0.805695867208319,0.81613475735185,0.838470041559125,0.860091280970797,0.880905214149474,0.901203455183687,0.91657180201343,0.925482947900681,0.940666026730577,0.954807617827938,0.972102449571307,0.98395523665487,1,0.986453345938734,0.965987589944734,0.946939304739125,0.922861356790271,0.900358927866318,0.8789505034435,0.847901583500183,0.719216085546204,0.233412594358081,0.181060469495365
0.468497635978625,0.592857215228561,0.641544030693062,0.673081235981689,0.693637988301678,0.730460417291669,0.738766172791178,0.764169348226384,0.781105290147075,0.791997610624551,0.802210098067396,0.824159599669831,0.843581660943102,0.862856581463632,0.882477104176724,0.898845533967661,0.905663235444235,0.920248367367195,0.933990191958522,0.952597668035773,0.963654986856332,0.986453345938734,1,0.98551638383763,0.967907187605502,0.941719616423483,0.916127941455632,0.891460362941438,0.85772415677451,0.726028708760395,0.233511448064794,0.191769219833729
0.452144795253932,0.576954307190988,0.626901659623732,0.656477747691586,0.676902128037334,0.710842495804792,0.719720160845851,0.74685285367871,0.763282386967516,0.775681753600309,0.786100694223868,0.80637199203921,0.825929387939783,0.844131893854295,0.865656013310253,0.881896195436743,0.890508120665675,0.905207637637671,0.917412017360936,0.936451420797859,0.946117823577122,0.965987589944734,0.98551638383763,1,0.98609333250233,0.958002316810513,0.932192547862576,0.904509117926559,0.864276732757666,0.729696386272517,0.231647852742324,0.200443365996613
0.434031742591674,0.562129009530248,0.612484984801451,0.645238617465982,0.664497243091695,0.697643736741459,0.70756611953022,0.732939631365481,0.747521820514424,0.759612480707351,0.77052889942055,0.791254480825888,0.809455241267999,0.826069565330758,0.847436255921687,0.86411153501585,0.873800400516903,0.889445823203173,0.89977237879954,0.918924097630537,0.928765852544457,0.946939304739125,0.967907187605502,0.98609333250233,1,0.978270990000232,0.952525846578168,0.923701504251145,0.884082706636901,0.751786099162044,0.241096858621867,0.211346197323468
0.423802831770181,0.542418031350303,0.594228002566676,0.625813578926589,0.64354437526574,0.678185971915644,0.685482359266087,0.708344093555713,0.722635252526564,0.736697982991634,0.749394107188517,0.768399027208692,0.789202263504901,0.806799580825041,0.827267555329614,0.844717124035657,0.853181377772299,0.86975864662412,0.879706902886949,0.898383855769586,0.906703007209522,0.922861356790271,0.941719616423483,0.958002316810513,0.978270990000232,1,0.976634171408795,0.947077564681439,0.90747020170297,0.774418700305534,0.271393274197719,0.245245299996793
0.41457375964908,0.525096861239959,0.573205723422319,0.605211674936145,0.620890038315938,0.655734682156895,0.663451420161989,0.684784815367916,0.70006683972515,0.712870213617992,0.724556720724413,0.746205441734902,0.768255418440036,0.785894584739478,0.808493960013321,0.825265172192633,0.835598945611073,0.851802961155483,0.861551472827138,0.878004717951784,0.88432558917718,0.900358927866318,0.916127941455632,0.932192547862576,0.952525846578168,0.976634171408795,1,0.975640550309868,0.93183922096934,0.791646630736606,0.280539519312845,0.266657488880941
0.417502819547648,0.51696905235529,0.561816703310036,0.589436289384201,0.606100478034562,0.639861714197713,0.645626732486292,0.66746647601482,0.684463986215829,0.697834098217547,0.706092064219209,0.724937825113437,0.746969944715362,0.766491411661867,0.789942192838392,0.805898200185786,0.816914646843867,0.831934048827573,0.83992239691478,0.858589968964382,0.864615964862934,0.8789505034435,0.891460362941438,0.904509117926559,0.923701504251145,0.947077564681439,0.975640550309868,1,0.963139262261807,0.820289504227532,0.310066917371965,0.295183030676405
0.38116414504466,0.479028644845554,0.52248007939307,0.553362334616193,0.568907950854371,0.600528191073099,0.609457409006687,0.630176559398473,0.649523255708178,0.664104863438288,0.673672879803724,0.694256461045968,0.716700625648126,0.738431332652877,0.760323493932963,0.774847610897855,0.786973419213647,0.802347050244416,0.8104488410343,0.828841581245767,0.835818374565969,0.847901583500183,0.85772415677451,0.864276732757666,0.884082706636901,0.90747020170297,0.93183922096934,0.963139262261807,1,0.897892320418258,0.41012241854616,0.343604897291987
0.276957782905064,0.367915762753429,0.40280834952812,0.433654069012395,0.446810921703097,0.472613770440532,0.479970849286734,0.499346146139534,0.520513990187582,0.53701524740714,0.547533181671208,0.569888386339734,0.590657641909149,0.613667841673107,0.631616245384243,0.642160417172145,0.651440981704474,0.67051778095928,0.681320040665996,0.700573856057873,0.709236241415725,0.719216085546204,0.726028708760395,0.729696386272517,0.751786099162044,0.774418700305534,0.791646630736606,0.820289504227532,0.897892320418258,1,0.626837201202361,0.430782715790339
0.0572027903480977,0.0831573813327973,0.0814328401631266,0.0912244285404226,0.0963700966255862,0.102009017668264,0.111501636611911,0.121482126580978,0.134217188226223,0.151607607183255,0.153002434707086,0.155315261398732,0.159174100325285,0.182411110934106,0.185960287555592,0.188826051804737,0.191807133215072,0.20497225436159,0.21533082528615,0.229197019946689,0.231959711134902,0.233412594358081,0.233511448064794,0.231647852742324,0.241096858621867,0.271393274197719,0.280539519312845,0.310066917371965,0.41012241854616,0.626837201202361,1,0.508761264634505
-0.000777844889157222,0.0069599143917009,0.0259136344480763,0.040846319474699,0.058782175265199,0.0715032554826396,0.0839862767519666,0.0849875953984012,0.100349456368213,0.111296888444523,0.111270382388134,0.107818004399732,0.105065153557898,0.111369556731236,0.113005187577293,0.119559543949294,0.115366276398146,0.128663581373116,0.142605445737981,0.159849019146273,0.167737636098504,0.181060469495365,0.191769219833729,0.200443365996613,0.211346197323468,0.245245299996793,0.266657488880941,0.295183030676405,0.343604897291987,0.430782715790339,0.508761264634505,1
