1,0.887792022731295,0.859638151703057,0.847048695537852,0.842995142980486,0.832211616982812,0.823381230297447,0.817765977400315,0.806543248526574,0.797906259023184,0.789460215967801,0.784847667962392,0.779279797565383,0.773726849601119,0.767943469969674,0.762148289327774,0.755940003674069,0.750408981130819,0.74586742434248,0.740659399274608,0.735843019965737,0.728629688959837,0.724298189853328,0.71954418255134,0.716006989101043,0.714965545058481,0.706266474403808,0.699625906779854,0.682236350557316,0.652980095797687,0.518460518779321,0.0446007686669967
0.887792022731295,1,0.973322895748378,0.958021896205728,0.950993500060626,0.941270486958777,0.93614679356156,0.93023737552413,0.924932208534503,0.919415147116506,0.912495921236701,0.907809322157024,0.903357121797474,0.898192334719511,0.891837085201081,0.885216593605887,0.879707994152031,0.874462764430499,0.869937438075212,0.864332867023096,0.860892550543318,0.853577524186469,0.848772770304764,0.843932549896813,0.840168997108092,0.840247193525928,0.829307032811146,0.820763290769131,0.798561681746362,0.764528859513983,0.622827839205093,0.0615367855005177
0.859638151703057,0.973322895748378,1,0.985918759758666,0.977763405784411,0.970005245314939,0.965370927423613,0.96036792966577,0.954083328795368,0.949151767808556,0.942906948395332,0.938418026426657,0.933832485652178,0.929678110683761,0.923730181697581,0.917375371749886,0.912118298138415,0.907932894160019,0.904093728161659,0.899643588771014,0.896435798285825,0.890667596199466,0.886824923460623,0.882497737984858,0.879730514059464,0.878842080224806,0.869293734188945,0.861874410500524,0.841959661922946,0.808591411104198,0.666807118833353,0.0751846621814821
0.847048695537852,0.958021896205728,0.985918759758666,1,0.992534688887369,0.985581179928228,0.981153968332901,0.977096760546384,0.971000058931687,0.965142228074687,0.957637743413965,0.952663861457476,0.947595230812494,0.943868885100037,0.938582092515912,0.932994686195679,0.928634066352955,0.924808782668196,0.921260393102853,0.91768332226348,0.914506646716666,0.908628535692743,0.905196013565977,0.901606632828047,0.898954509474391,0.899104217036945,0.891239662122027,0.883211494593091,0.863548457799654,0.827669138264578,0.683842693740336,0.0781272939865662
0.842995142980486,0.950993500060626,0.977763405784411,0.992534688887369,1,0.993890073964949,0.989040061366626,0.984421803718146,0.979223363936609,0.973360613521427,0.965982986440453,0.961255576014995,0.956214986661302,0.952272629612007,0.946356169099054,0.94051550456068,0.935891723987885,0.932216020571355,0.928749055327411,0.925827970209874,0.923112613603223,0.917807978620569,0.914942782984359,0.91133791602385,0.909011441271921,0.908815355289654,0.901285469236851,0.893070020634001,0.87348228831689,0.838651672886623,0.692290515468024,0.0809402088509054
0.832211616982812,0.941270486958777,0.970005245314939,0.985581179928228,0.993890073964949,1,0.99531105890373,0.990661779955181,0.985524879797115,0.979558964104146,0.972510805133872,0.96690178132232,0.961727096224036,0.957862298970577,0.95251162020584,0.94734270160243,0.943085409032344,0.939894564993399,0.937071321580403,0.935011083987319,0.93293181007225,0.928362805859779,0.925467393246144,0.922176322760025,0.920086280472585,0.919991367689485,0.912780224231632,0.904928680696995,0.886374018266938,0.853313258950316,0.706292736380288,0.0865849493060103
0.823381230297447,0.93614679356156,0.965370927423613,0.981153968332901,0.989040061366626,0.99531105890373,1,0.995995251349592,0.990572279761445,0.984724138955735,0.977922502730523,0.972234541919859,0.967391380623365,0.963590617257518,0.958002163311241,0.95302107298273,0.948615766293634,0.945484770855761,0.943022324140568,0.940568457935191,0.938355296943878,0.934264195374271,0.93168314760005,0.929401167482135,0.927179510279523,0.927066612761787,0.920530740421101,0.912852434305933,0.894619146232465,0.86307822277641,0.717153364092621,0.0910934682314129
0.817765977400315,0.93023737552413,0.96036792966577,0.977096760546384,0.984421803718146,0.990661779955181,0.995995251349592,1,0.995910646018262,0.990132675946843,0.983334480957901,0.977840578851369,0.972696931735565,0.968644377237401,0.962810671407498,0.9572703635337,0.953027352729244,0.949704473341543,0.947004237050092,0.944550460075034,0.942449339237918,0.938856039641677,0.936286647428363,0.934567077930533,0.932187852216431,0.93221057344722,0.92636544408909,0.91887167665796,0.902111229658129,0.871630270299149,0.726163641759187,0.0974042146427875
0.806543248526574,0.924932208534503,0.954083328795368,0.971000058931687,0.979223363936609,0.985524879797115,0.990572279761445,0.995910646018262,1,0.996252835604183,0.990036500205276,0.984171016258637,0.978853620911433,0.974358037624327,0.968178658404028,0.962003522185347,0.957757922179083,0.953725617342984,0.950994991828516,0.948887836500805,0.946873106253599,0.943416983725839,0.940838985848044,0.938973875485697,0.936715451749775,0.936511374441229,0.931212997127777,0.923841746173585,0.906852492257401,0.876107848499885,0.733531354300613,0.0998098358081846
0.797906259023184,0.919415147116506,0.949151767808556,0.965142228074687,0.973360613521427,0.979558964104146,0.984724138955735,0.990132675946843,0.996252835604183,1,0.995663256621316,0.989897314593368,0.984401828403746,0.979403923618304,0.973552286679057,0.967226944409282,0.962893837668729,0.959303130040333,0.956332837449608,0.954666236605355,0.952895164839584,0.94938989261161,0.947214075477226,0.945387143614574,0.942919100006641,0.942188267797539,0.937637395489981,0.930771519807019,0.913648727186437,0.883544943116473,0.742687995343337,0.106872286061965
0.789460215967801,0.912495921236701,0.942906948395332,0.957637743413965,0.965982986440453,0.972510805133872,0.977922502730523,0.983334480957901,0.990036500205276,0.995663256621316,1,0.996684491121044,0.991769338963731,0.986388880403272,0.980748053829782,0.974118113047491,0.969097090813873,0.965655395181198,0.962480568166388,0.960899602380872,0.959392200931803,0.956165679296758,0.953797653913482,0.952605261866983,0.949968397758492,0.948580839256307,0.943777378236276,0.937263651398104,0.919327973278536,0.889844502847888,0.749877158780073,0.104963547415024
0.784847667962392,0.907809322157024,0.938418026426657,0.952663861457476,0.961255576014995,0.96690178132232,0.972234541919859,0.977840578851369,0.984171016258637,0.989897314593368,0.996684491121044,1,0.996624682542389,0.99165754745373,0.985782269026488,0.978924447895118,0.973474415515006,0.970099842554703,0.967084545217932,0.965130303367529,0.963312077951196,0.959709639900978,0.95727329542118,0.956132666354532,0.952911656872347,0.951141281213149,0.946252889652232,0.939964113031618,0.921883270220954,0.892524710392868,0.754522427687714,0.108507106841364
0.779279797565383,0.903357121797474,0.933832485652178,0.947595230812494,0.956214986661302,0.961727096224036,0.967391380623365,0.972696931735565,0.978853620911433,0.984401828403746,0.991769338963731,0.996624682542389,1,0.996908777318249,0.991342374250714,0.98458784679917,0.978554973575393,0.97445564756246,0.971341096753676,0.969104418458342,0.967220686812804,0.963541030137193,0.961057170128627,0.959659922646538,0.956820898974992,0.954816753046894,0.949811866771112,0.943699184930796,0.925635988774843,0.895265759712733,0.757263479144833,0.109627754383571
0.773726849601119,0.898192334719511,0.929678110683761,0.943868885100037,0.952272629612007,0.957862298970577,0.963590617257518,0.968644377237401,0.974358037624327,0.979403923618304,0.986388880403272,0.99165754745373,0.996908777318249,1,0.996792204941133,0.991148826254728,0.98513668715602,0.98083193096923,0.977535059669373,0.975087526566869,0.972911509286869,0.969545454949131,0.967159101522778,0.964990372291471,0.962441444910806,0.960281051361185,0.954928602486417,0.948586715815566,0.931440551867382,0.901061158307659,0.764846875375783,0.109053788160102
0.767943469969674,0.891837085201081,0.923730181697581,0.938582092515912,0.946356169099054,0.95251162020584,0.958002163311241,0.962810671407498,0.968178658404028,0.973552286679057,0.980748053829782,0.985782269026488,0.991342374250714,0.996792204941133,1,0.99679021034966,0.991930768234609,0.987624614582508,0.983880327401912,0.980742226405817,0.977673333822325,0.974069023524353,0.971290236589128,0.968548608507646,0.965723670990078,0.963710395141355,0.95814789688658,0.951592578766998,0.934462241522545,0.903826992429807,0.771465465969096,0.108014566879232
0.762148289327774,0.885216593605887,0.917375371749886,0.932994686195679,0.94051550456068,0.94734270160243,0.95302107298273,0.9572703635337,0.962003522185347,0.967226944409282,0.974118113047491,0.978924447895118,0.98458784679917,0.991148826254728,0.99679021034966,1,0.997006968723724,0.993230550453545,0.989214420681718,0.985531321781456,0.981854633314056,0.978313620419305,0.975155153474286,0.971635405460419,0.968511047377094,0.965977514732382,0.960515874082837,0.953393759593759,0.936014178039901,0.904877081281446,0.773653053348134,0.109147122600426
0.755940003674069,0.879707994152031,0.912118298138415,0.928634066352955,0.935891723987885,0.943085409032344,0.948615766293634,0.953027352729244,0.957757922179083,0.962893837668729,0.969097090813873,0.973474415515006,0.978554973575393,0.98513668715602,0.991930768234609,0.997006968723724,1,0.997306786658943,0.993539711381975,0.989885512526177,0.985581022834835,0.981781922627016,0.978353563523959,0.974605155581021,0.971428337868456,0.968809627392105,0.963603220060178,0.955806643394499,0.938487965817061,0.90734692847682,0.775715567386173,0.109484781141782
0.750408981130819,0.874462764430499,0.907932894160019,0.924808782668196,0.932216020571355,0.939894564993399,0.945484770855761,0.949704473341543,0.953725617342984,0.959303130040333,0.965655395181198,0.970099842554703,0.97445564756246,0.98083193096923,0.987624614582508,0.993230550453545,0.997306786658943,1,0.997466638113563,0.993926255114133,0.989686066730219,0.985913413051515,0.982277855165578,0.978516287502116,0.975622096215343,0.973431674092587,0.968531807196825,0.961083797028839,0.94426506899798,0.912891509949343,0.781596574692435,0.117824527508985
0.74586742434248,0.869937438075212,0.904093728161659,0.921260393102853,0.928749055327411,0.937071321580403,0.943022324140568,0.947004237050092,0.950994991828516,0.956332837449608,0.962480568166388,0.967084545217932,0.971341096753676,0.977535059669373,0.983880327401912,0.989214420681718,0.993539711381975,0.997466638113563,1,0.997464943632484,0.993767073622109,0.989937590097537,0.986482577239962,0.982434898369306,0.979586629564264,0.977427082731483,0.972062066238609,0.964376885226037,0.947090190154872,0.916112520401541,0.785734445739326,0.118548133752059
0.740659399274608,0.864332867023096,0.899643588771014,0.91768332226348,0.925827970209874,0.935011083987319,0.940568457935191,0.944550460075034,0.948887836500805,0.954666236605355,0.960899602380872,0.965130303367529,0.969104418458342,0.975087526566869,0.980742226405817,0.985531321781456,0.989885512526177,0.993926255114133,0.997464943632484,1,0.9973499754137,0.993886231687894,0.990336110001293,0.986066524375142,0.983231945815162,0.980991277284125,0.975685113829956,0.967531393311442,0.950687919386349,0.919802897004012,0.787954242761302,0.119244078319196
0.735843019965737,0.860892550543318,0.896435798285825,0.914506646716666,0.923112613603223,0.93293181007225,0.938355296943878,0.942449339237918,0.946873106253599,0.952895164839584,0.959392200931803,0.963312077951196,0.967220686812804,0.972911509286869,0.977673333822325,0.981854633314056,0.985581022834835,0.989686066730219,0.993767073622109,0.9973499754137,1,0.997387421467213,0.994203322631554,0.990478862786431,0.987461792557221,0.98500414772292,0.979192605095697,0.971113686162252,0.954636699513494,0.92289893135733,0.790169456709483,0.121584505314249
0.728629688959837,0.853577524186469,0.890667596199466,0.908628535692743,0.917807978620569,0.928362805859779,0.934264195374271,0.938856039641677,0.943416983725839,0.94938989261161,0.956165679296758,0.959709639900978,0.963541030137193,0.969545454949131,0.974069023524353,0.978313620419305,0.981781922627016,0.985913413051515,0.989937590097537,0.993886231687894,0.997387421467213,1,0.997459673241856,0.993977984812304,0.990741467487419,0.98751124650288,0.981919172711865,0.973863452969708,0.958296230418181,0.927371941331956,0.79760219144602,0.127566566438383
0.724298189853328,0.848772770304764,0.886824923460623,0.905196013565977,0.914942782984359,0.925467393246144,0.93168314760005,0.936286647428363,0.940838985848044,0.947214075477226,0.953797653913482,0.95727329542118,0.961057170128627,0.967159101522778,0.971290236589128,0.975155153474286,0.978353563523959,0.982277855165578,0.986482577239962,0.990336110001293,0.994203322631554,0.997459673241856,1,0.997272187768845,0.993891548708628,0.990546642846143,0.985417926536157,0.97756489121355,0.961774359270453,0.931497249954766,0.802056257968662,0.131317403663384
0.71954418255134,0.843932549896813,0.882497737984858,0.901606632828047,0.91133791602385,0.922176322760025,0.929401167482135,0.934567077930533,0.938973875485697,0.945387143614574,0.952605261866983,0.956132666354532,0.959659922646538,0.964990372291471,0.968548608507646,0.971635405460419,0.974605155581021,0.978516287502116,0.982434898369306,0.986066524375142,0.990478862786431,0.993977984812304,0.997272187768845,1,0.996844218071614,0.993203443717366,0.987980372348893,0.980198851123597,0.964868526268893,0.9355892618406,0.805595814167203,0.13306324642597
0.716006989101043,0.840168997108092,0.879730514059464,0.898954509474391,0.909011441271921,0.920086280472585,0.927179510279523,0.932187852216431,0.936715451749775,0.942919100006641,0.949968397758492,0.952911656872347,0.956820898974992,0.962441444910806,0.965723670990078,0.968511047377094,0.971428337868456,0.975622096215343,0.979586629564264,0.983231945815162,0.987461792557221,0.990741467487419,0.993891548708628,0.996844218071614,1,0.996609401254229,0.991263163044194,0.983706069750303,0.969123837682633,0.940267501068773,0.810155561028593,0.138528629937455
0.714965545058481,0.840247193525928,0.878842080224806,0.899104217036945,0.908815355289654,0.919991367689485,0.927066612761787,0.93221057344722,0.936511374441229,0.942188267797539,0.948580839256307,0.951141281213149,0.954816753046894,0.960281051361185,0.963710395141355,0.965977514732382,0.968809627392105,0.973431674092587,0.977427082731483,0.980991277284125,0.98500414772292,0.98751124650288,0.990546642846143,0.993203443717366,0.996609401254229,1,0.994982226081991,0.987740943242652,0.973961704915041,0.944879086839881,0.814489174437751,0.141515943098317
0.706266474403808,0.829307032811146,0.869293734188945,0.891239662122027,0.901285469236851,0.912780224231632,0.920530740421101,0.92636544408909,0.931212997127777,0.937637395489981,0.943777378236276,0.946252889652232,0.949811866771112,0.954928602486417,0.95814789688658,0.960515874082837,0.963603220060178,0.968531807196825,0.972062066238609,0.975685113829956,0.979192605095697,0.981919172711865,0.985417926536157,0.987980372348893,0.991263163044194,0.994982226081991,1,0.994461371239684,0.981035721680551,0.95288112580496,0.827724458556682,0.158841824729564
0.699625906779854,0.820763290769131,0.861874410500524,0.883211494593091,0.893070020634001,0.904928680696995,0.912852434305933,0.91887167665796,0.923841746173585,0.930771519807019,0.937263651398104,0.939964113031618,0.943699184930796,0.948586715815566,0.951592578766998,0.953393759593759,0.955806643394499,0.961083797028839,0.964376885226037,0.967531393311442,0.971113686162252,0.973863452969708,0.97756489121355,0.980198851123597,0.983706069750303,0.987740943242652,0.994461371239684,1,0.988444801126281,0.962051408927325,0.842569951949367,0.177791905520097
0.682236350557316,0.798561681746362,0.841959661922946,0.863548457799654,0.87348228831689,0.886374018266938,0.894619146232465,0.902111229658129,0.906852492257401,0.913648727186437,0.919327973278536,0.921883270220954,0.925635988774843,0.931440551867382,0.934462241522545,0.936014178039901,0.938487965817061,0.94426506899798,0.947090190154872,0.950687919386349,0.954636699513494,0.958296230418181,0.961774359270453,0.964868526268893,0.969123837682633,0.973961704915041,0.981035721680551,0.988444801126281,1,0.979581509885211,0.873362799567208,0.21594095810099
0.652980095797687,0.764528859513983,0.808591411104198,0.827669138264578,0.838651672886623,0.853313258950316,0.86307822277641,0.871630270299149,0.876107848499885,0.883544943116473,0.889844502847888,0.892524710392868,0.895265759712733,0.901061158307659,0.903826992429807,0.904877081281446,0.90734692847682,0.912891509949343,0.916112520401541,0.919802897004012,0.92289893135733,0.927371941331956,0.931497249954766,0.9355892618406,0.940267501068773,0.944879086839881,0.95288112580496,0.962051408927325,0.979581509885211,1,0.912155312572209,0.272225090855103
0.518460518779321,0.622827839205093,0.666807118833353,0.683842693740336,0.692290515468024,0.706292736380288,0.717153364092621,0.726163641759187,0.733531354300613,0.742687995343337,0.749877158780073,0.754522427687714,0.757263479144833,0.764846875375783,0.771465465969096,0.773653053348134,0.775715567386173,0.781596574692435,0.785734445739326,0.787954242761302,0.790169456709483,0.79760219144602,0.802056257968662,0.805595814167203,0.810155561028593,0.814489174437751,0.827724458556682,0.842569951949367,0.873362799567208,0.912155312572209,1,0.458286564293425
0.0446007686669967,0.0615367855005177,0.0751846621814821,0.0781272939865662,0.0809402088509054,0.0865849493060103,0.0910934682314129,0.0974042146427875,0.0998098358081846,0.106872286061965,0.104963547415024,0.108507106841364,0.109627754383571,0.109053788160102,0.108014566879232,0.109147122600426,0.109484781141782,0.117824527508985,0.118548133752059,0.119244078319196,0.121584505314249,0.127566566438383,0.131317403663384,0.13306324642597,0.138528629937455,0.141515943098317,0.158841824729564,0.177791905520097,0.21594095810099,0.272225090855103,0.458286564293425,1
