1,0.897699350765046,0.858267693995875,0.845872930511411,0.833618881483616,0.825236876592121,0.817001487082871,0.809447149198074,0.7959209925659,0.786455966076615,0.780055101859855,0.770811729921553,0.757386317187902,0.747257385398919,0.738165941001959,0.729907800230016,0.716479293992909,0.705169301324409,0.69925507136477,0.692317723029213,0.684111853976177,0.675774955695248,0.66755692681593,0.662276654564949,0.654950671314301,0.64348047634418,0.635112161967706,0.607104272891466,0.554545259098871,0.376087662082307,0.063031762670939,-0.0412971840335033
0.897699350765046,1,0.972592831843037,0.957142464341114,0.94459280482063,0.938511141041742,0.931243562242687,0.925893861642471,0.91792340220572,0.909793211913694,0.904143531821358,0.897667950266935,0.888376404906599,0.880142971298477,0.870716744365569,0.863342167588543,0.851826789347888,0.843749220413321,0.836009153812327,0.828315689214435,0.821266689464365,0.813235091380809,0.805951787172996,0.800402436626382,0.792905272914629,0.780334898276544,0.771680469290138,0.742703155705546,0.684474191947482,0.4942299839993,0.131706098213212,0.0120732920434983
0.858267693995875,0.972592831843037,1,0.986595121360976,0.976668369589077,0.970299504027138,0.963851759819905,0.959300864205614,0.954178144566239,0.947481711160861,0.942553983366063,0.93681857900184,0.929073213365839,0.921982532197001,0.913721839604515,0.907191005372106,0.89675878599023,0.889872287178349,0.883864805237053,0.877445375114297,0.871329090796531,0.864685972812841,0.858105512579372,0.852434153617653,0.845612025192379,0.834176111807301,0.826372356172855,0.796352152853468,0.735687986298477,0.532279673294389,0.156180980078088,0.0347314789971525
0.845872930511411,0.957142464341114,0.986595121360976,1,0.991658456919113,0.984395695331916,0.977620860318361,0.972610845761835,0.967406680855795,0.960847807077866,0.955604432768483,0.949621335662461,0.942609888810998,0.936123797914597,0.928086144418006,0.922032664624846,0.912161478072831,0.904920202804106,0.898850415177032,0.892828134847283,0.885817526790846,0.879085580836106,0.872558710716722,0.867057050670409,0.8602412065987,0.849422333153227,0.841945098320283,0.813083325526579,0.752521164973461,0.544925607867528,0.165098196442905,0.0441279562581471
0.833618881483616,0.94459280482063,0.976668369589077,0.991658456919113,1,0.992900085772697,0.986754540806993,0.981620937136896,0.976914842030237,0.970387199612572,0.965511063822814,0.960002254330219,0.952733235901515,0.946226105370956,0.939176466911895,0.93291105014346,0.923591420866219,0.916098492072731,0.910315717802367,0.904573200736445,0.898234534896289,0.892359425979494,0.885940403935485,0.88097410444619,0.874728406155532,0.864158909484382,0.856350610687123,0.828035700154847,0.767300857741274,0.559018856474552,0.173455368476887,0.0570038710835479
0.825236876592121,0.938511141041742,0.970299504027138,0.984395695331916,0.992900085772697,1,0.994340811803446,0.988704569938045,0.983569717821254,0.977653148111765,0.972902639571084,0.966843885270008,0.958892478584423,0.952181239745775,0.944788843302506,0.938770039531341,0.929754806623152,0.922146904815012,0.916576481868627,0.911397447157897,0.90571638896263,0.899691211304149,0.893253887683235,0.888312678699455,0.882132355483252,0.872617657925833,0.864810296294369,0.837247407931673,0.7760035287168,0.567023135983858,0.18422215986691,0.0693144273096711
0.817001487082871,0.931243562242687,0.963851759819905,0.977620860318361,0.986754540806993,0.994340811803446,1,0.995623405264309,0.990425789089615,0.984922051231022,0.980137928496732,0.973708242661598,0.965980786980572,0.959704831267523,0.95273117171573,0.946622331658437,0.938414242612146,0.931374493500063,0.925697535678192,0.921032000275365,0.916026351571022,0.910386901169968,0.903356356046833,0.898073541728163,0.892210114979364,0.883540950638565,0.875715785326884,0.84837299817484,0.786988761777304,0.579627737836602,0.198699875678617,0.0829071841406555
0.809447149198074,0.925893861642471,0.959300864205614,0.972610845761835,0.981620937136896,0.988704569938045,0.995623405264309,1,0.995686134136693,0.99035396268225,0.985256173000294,0.978904784908455,0.971183189458189,0.964955287215669,0.957583498744529,0.950656511903993,0.942639999496906,0.93565652201432,0.929750872838506,0.924910060708261,0.919707628621115,0.914531045591651,0.907816902333956,0.90216011438759,0.89642890989162,0.88785798666478,0.880010159867721,0.853652917703665,0.79148069864642,0.583183757210333,0.203561640239774,0.0865509090835302
0.7959209925659,0.91792340220572,0.954178144566239,0.967406680855795,0.976914842030237,0.983569717821254,0.990425789089615,0.995686134136693,1,0.995791004037945,0.991035619642153,0.984995303812219,0.978010792447869,0.971762722063601,0.964271200555851,0.957660999254522,0.949960188048022,0.943664648075172,0.938217787090696,0.933805858442796,0.928726376358189,0.924034399694793,0.917677305590297,0.912402975068923,0.906509606157188,0.897456611278626,0.889938724366487,0.864296756337293,0.801057357531467,0.591145910241829,0.204031820395339,0.0888982702508801
0.786455966076615,0.909793211913694,0.947481711160861,0.960847807077866,0.970387199612572,0.977653148111765,0.984922051231022,0.99035396268225,0.995791004037945,1,0.996277619487032,0.990475973840266,0.98356104197922,0.977016738529412,0.969693627355473,0.963482800695918,0.956296188272327,0.950196006002518,0.945301256040281,0.940707372133539,0.935923910422399,0.931733423145524,0.926250502737633,0.921696859396049,0.916005323124376,0.907421445073918,0.899848458053629,0.874191751004698,0.810177182768987,0.598494427769257,0.208377070351547,0.0931153074207123
0.780055101859855,0.904143531821358,0.942553983366063,0.955604432768483,0.965511063822814,0.972902639571084,0.980137928496732,0.985256173000294,0.991035619642153,0.996277619487032,1,0.996043804860882,0.990161387279677,0.983855210638288,0.976933639860402,0.971232619214712,0.964377616094986,0.958453767549217,0.953382987498582,0.948730587247658,0.943969921004048,0.939845680504702,0.934766560348163,0.930498614258355,0.925064326481909,0.916520719238719,0.908832486775169,0.883787695979699,0.820902918296823,0.60910761400781,0.216213631619573,0.103664157199982
0.770811729921553,0.897667950266935,0.93681857900184,0.949621335662461,0.960002254330219,0.966843885270008,0.973708242661598,0.978904784908455,0.984995303812219,0.990475973840266,0.996043804860882,1,0.996058859575685,0.990549226254322,0.983884686108493,0.978516821810457,0.971916066593251,0.966151457333149,0.960569292693124,0.956041438878436,0.951539180612334,0.947130444319552,0.942201262844217,0.938306740374717,0.933256686942688,0.925306102735714,0.917730007443924,0.893814134138852,0.831990353215186,0.620357974462341,0.227705799825922,0.118513135748404
0.757386317187902,0.888376404906599,0.929073213365839,0.942609888810998,0.952733235901515,0.958892478584423,0.965980786980572,0.971183189458189,0.978010792447869,0.98356104197922,0.990161387279677,0.996058859575685,1,0.996057709693877,0.990209273795787,0.9849843664427,0.978516976908874,0.972891024553612,0.967415060082007,0.963006922758669,0.95891321332012,0.954902306384248,0.950115398785536,0.945916334172121,0.941201017159073,0.933611313669882,0.92608503099327,0.903440630158102,0.843976646285921,0.633669784928518,0.238309304735078,0.131030521964259
0.747257385398919,0.880142971298477,0.921982532197001,0.936123797914597,0.946226105370956,0.952181239745775,0.959704831267523,0.964955287215669,0.971762722063601,0.977016738529412,0.983855210638288,0.990549226254322,0.996057709693877,1,0.995823910016648,0.99039259666745,0.983940157031415,0.978470234107597,0.973183043014953,0.969252059993368,0.965128531248712,0.961428398814384,0.956895004051641,0.952727888069176,0.948678026224063,0.941216742294283,0.93367510710541,0.912614918643114,0.854667489838384,0.642983059804582,0.250448976382714,0.146305627378002
0.738165941001959,0.870716744365569,0.913721839604515,0.928086144418006,0.939176466911895,0.944788843302506,0.95273117171573,0.957583498744529,0.964271200555851,0.969693627355473,0.976933639860402,0.983884686108493,0.990209273795787,0.995823910016648,1,0.996497868052351,0.991044701805195,0.985831944087991,0.981261576881104,0.977347507480862,0.973035401383634,0.96900497738269,0.964302823350227,0.960299665574574,0.956455285187178,0.949201120711888,0.941983764991328,0.922331029971933,0.865347994230361,0.654963167196911,0.263031719059952,0.158264839315197
0.729907800230016,0.863342167588543,0.907191005372106,0.922032664624846,0.93291105014346,0.938770039531341,0.946622331658437,0.950656511903993,0.957660999254522,0.963482800695918,0.971232619214712,0.978516821810457,0.9849843664427,0.99039259666745,0.996497868052351,1,0.996138669218428,0.99203299039802,0.987795739193502,0.984180971302033,0.979929342045176,0.975881205230419,0.971425636260608,0.9672157610572,0.963423794799002,0.956029392713828,0.948828763595563,0.929783916923756,0.874703011924044,0.664667307476002,0.276351525476947,0.169843241162865
0.716479293992909,0.851826789347888,0.89675878599023,0.912161478072831,0.923591420866219,0.929754806623152,0.938414242612146,0.942639999496906,0.949960188048022,0.956296188272327,0.964377616094986,0.971916066593251,0.978516976908874,0.983940157031415,0.991044701805195,0.996138669218428,1,0.996968517041535,0.992929652315719,0.988990990312612,0.984880071593635,0.980973698853193,0.976239217004262,0.971892685701151,0.96818769016805,0.96128122740008,0.954279815747523,0.936705238336259,0.881083820817134,0.673719044509803,0.28962957350917,0.1842802680127
0.705169301324409,0.843749220413321,0.889872287178349,0.904920202804106,0.916098492072731,0.922146904815012,0.931374493500063,0.93565652201432,0.943664648075172,0.950196006002518,0.958453767549217,0.966151457333149,0.972891024553612,0.978470234107597,0.985831944087991,0.99203299039802,0.996968517041535,1,0.99700622992776,0.993221365043962,0.98961501554242,0.985536668236377,0.980874712880898,0.976514340031137,0.97268577663538,0.96590060955315,0.958349000167859,0.941794495012776,0.887600152143442,0.680935454226956,0.296711136965984,0.196101534744812
0.69925507136477,0.836009153812327,0.883864805237053,0.898850415177032,0.910315717802367,0.916576481868627,0.925697535678192,0.929750872838506,0.938217787090696,0.945301256040281,0.953382987498582,0.960569292693124,0.967415060082007,0.973183043014953,0.981261576881104,0.987795739193502,0.992929652315719,0.99700622992776,1,0.997173721332313,0.993575835062679,0.989869816692693,0.985316106661216,0.98078034059192,0.976729511150078,0.969921614198181,0.962626218990905,0.946719451865346,0.894057631255688,0.691690842717185,0.30616618418881,0.203518776171644
0.692317723029213,0.828315689214435,0.877445375114297,0.892828134847283,0.904573200736445,0.911397447157897,0.921032000275365,0.924910060708261,0.933805858442796,0.940707372133539,0.948730587247658,0.956041438878436,0.963006922758669,0.969252059993368,0.977347507480862,0.984180971302033,0.988990990312612,0.993221365043962,0.997173721332313,1,0.997024973924214,0.993611970293871,0.989431998392284,0.984926904203895,0.981136807015781,0.974562515751325,0.967545064532526,0.95212798696651,0.901506572471781,0.705340297793886,0.320693621861597,0.213494872992103
0.684111853976177,0.821266689464365,0.871329090796531,0.885817526790846,0.898234534896289,0.90571638896263,0.916026351571022,0.919707628621115,0.928726376358189,0.935923910422399,0.943969921004048,0.951539180612334,0.95891321332012,0.965128531248712,0.973035401383634,0.979929342045176,0.984880071593635,0.98961501554242,0.993575835062679,0.997024973924214,1,0.997150536660781,0.993126992723698,0.988777305608361,0.985226014879503,0.979340484636125,0.972237576981929,0.957301786615645,0.907139220943986,0.714080373553173,0.330869959400544,0.226011504762364
0.675774955695248,0.813235091380809,0.864685972812841,0.879085580836106,0.892359425979494,0.899691211304149,0.910386901169968,0.914531045591651,0.924034399694793,0.931733423145524,0.939845680504702,0.947130444319552,0.954902306384248,0.961428398814384,0.96900497738269,0.975881205230419,0.980973698853193,0.985536668236377,0.989869816692693,0.993611970293871,0.997150536660781,1,0.996919877420086,0.992692060846625,0.989135106066545,0.983724976995677,0.977135011455566,0.962399551758612,0.914726081525289,0.723294839423192,0.337011924853056,0.236734783574351
0.66755692681593,0.805951787172996,0.858105512579372,0.872558710716722,0.885940403935485,0.893253887683235,0.903356356046833,0.907816902333956,0.917677305590297,0.926250502737633,0.934766560348163,0.942201262844217,0.950115398785536,0.956895004051641,0.964302823350227,0.971425636260608,0.976239217004262,0.980874712880898,0.985316106661216,0.989431998392284,0.993126992723698,0.996919877420086,1,0.996741676849866,0.993106957431539,0.988111762997182,0.981851661205799,0.967420363301202,0.922859204936787,0.733684808585952,0.347926783513547,0.254276201009725
0.662276654564949,0.800402436626382,0.852434153617653,0.867057050670409,0.88097410444619,0.888312678699455,0.898073541728163,0.90216011438759,0.912402975068923,0.921696859396049,0.930498614258355,0.938306740374717,0.945916334172121,0.952727888069176,0.960299665574574,0.9672157610572,0.971892685701151,0.976514340031137,0.98078034059192,0.984926904203895,0.988777305608361,0.992692060846625,0.996741676849866,1,0.996532156384573,0.991585972434788,0.985589946684974,0.972131582203793,0.930644069630943,0.742665443059197,0.355505756787396,0.263440611126517
0.654950671314301,0.792905272914629,0.845612025192379,0.8602412065987,0.874728406155532,0.882132355483252,0.892210114979364,0.89642890989162,0.906509606157188,0.916005323124376,0.925064326481909,0.933256686942688,0.941201017159073,0.948678026224063,0.956455285187178,0.963423794799002,0.96818769016805,0.97268577663538,0.976729511150078,0.981136807015781,0.985226014879503,0.989135106066545,0.993106957431539,0.996532156384573,1,0.996017450857855,0.990072488153208,0.977404417717791,0.936451244162325,0.751500867721101,0.370030965746356,0.281294632565852
0.64348047634418,0.780334898276544,0.834176111807301,0.849422333153227,0.864158909484382,0.872617657925833,0.883540950638565,0.88785798666478,0.897456611278626,0.907421445073918,0.916520719238719,0.925306102735714,0.933611313669882,0.941216742294283,0.949201120711888,0.956029392713828,0.96128122740008,0.96590060955315,0.969921614198181,0.974562515751325,0.979340484636125,0.983724976995677,0.988111762997182,0.991585972434788,0.996017450857855,1,0.994921394823562,0.983704196452485,0.946523777431552,0.767299814333199,0.390782149081432,0.306947829319199
0.635112161967706,0.771680469290138,0.826372356172855,0.841945098320283,0.856350610687123,0.864810296294369,0.875715785326884,0.880010159867721,0.889938724366487,0.899848458053629,0.908832486775169,0.917730007443924,0.92608503099327,0.93367510710541,0.941983764991328,0.948828763595563,0.954279815747523,0.958349000167859,0.962626218990905,0.967545064532526,0.972237576981929,0.977135011455566,0.981851661205799,0.985589946684974,0.990072488153208,0.994921394823562,1,0.990794560671998,0.957699453206721,0.788256368860872,0.418411086796829,0.332275814427546
0.607104272891466,0.742703155705546,0.796352152853468,0.813083325526579,0.828035700154847,0.837247407931673,0.84837299817484,0.853652917703665,0.864296756337293,0.874191751004698,0.883787695979699,0.893814134138852,0.903440630158102,0.912614918643114,0.922331029971933,0.929783916923756,0.936705238336259,0.941794495012776,0.946719451865346,0.95212798696651,0.957301786615645,0.962399551758612,0.967420363301202,0.972131582203793,0.977404417717791,0.983704196452485,0.990794560671998,1,0.972846701408505,0.817954222241037,0.458970807754669,0.380224646342376
0.554545259098871,0.684474191947482,0.735687986298477,0.752521164973461,0.767300857741274,0.7760035287168,0.786988761777304,0.79148069864642,0.801057357531467,0.810177182768987,0.820902918296823,0.831990353215186,0.843976646285921,0.854667489838384,0.865347994230361,0.874703011924044,0.881083820817134,0.887600152143442,0.894057631255688,0.901506572471781,0.907139220943986,0.914726081525289,0.922859204936787,0.930644069630943,0.936451244162325,0.946523777431552,0.957699453206721,0.972846701408505,1,0.880891866626536,0.544985709882029,0.46496192885515
0.376087662082307,0.4942299839993,0.532279673294389,0.544925607867528,0.559018856474552,0.567023135983858,0.579627737836602,0.583183757210333,0.591145910241829,0.598494427769257,0.60910761400781,0.620357974462341,0.633669784928518,0.642983059804582,0.654963167196911,0.664667307476002,0.673719044509803,0.680935454226956,0.691690842717185,0.705340297793886,0.714080373553173,0.723294839423192,0.733684808585952,0.742665443059197,0.751500867721101,0.767299814333199,0.788256368860872,0.817954222241037,0.880891866626536,1,0.748561816745375,0.66700978115417
0.063031762670939,0.131706098213212,0.156180980078088,0.165098196442905,0.173455368476887,0.18422215986691,0.198699875678617,0.203561640239774,0.204031820395339,0.208377070351547,0.216213631619573,0.227705799825922,0.238309304735078,0.250448976382714,0.263031719059952,0.276351525476947,0.28962957350917,0.296711136965984,0.30616618418881,0.320693621861597,0.330869959400544,0.337011924853056,0.347926783513547,0.355505756787396,0.370030965746356,0.390782149081432,0.418411086796829,0.458970807754669,0.544985709882029,0.748561816745375,1,0.833207262294664
-0.0412971840335033,0.0120732920434983,0.0347314789971525,0.0441279562581471,0.0570038710835479,0.0693144273096711,0.0829071841406555,0.0865509090835302,0.0888982702508801,0.0931153074207123,0.103664157199982,0.118513135748404,0.131030521964259,0.146305627378002,0.158264839315197,0.169843241162865,0.1842802680127,0.196101534744812,0.203518776171644,0.213494872992103,0.226011504762364,0.236734783574351,0.254276201009725,0.263440611126517,0.281294632565852,0.306947829319199,0.332275814427546,0.380224646342376,0.46496192885515,0.66700978115417,0.833207262294664,1
