1,0.805749417215109,0.742059507542613,0.691691989854571,0.650707742744109,0.624608832611259,0.609279199176038,0.586867847045811,0.557435104236014,0.530437392877566,0.505400552456083,0.483178384538713,0.461398690410642,0.44324274550789,0.410121133561895,0.373704572539344,0.354947203921242,0.342902841636198,0.324177769558101,0.289302947725747,0.182774229636868,0.135873448456245,0.105923109118563,0.0831128152875638,0.0587288832551469,0.0242796989919494,-0.00969043895738054,-0.0282313854462479,-0.0598651000771558,-0.0754094356588357,-0.0749188647073533,-0.0777557779562977
0.805749417215109,1,0.954420826466892,0.883351734228334,0.823852480849627,0.796609632863817,0.775755302611485,0.74570348380035,0.709335191015758,0.679061706188103,0.656267394167054,0.636975720810562,0.612618879181455,0.592017071243764,0.555222870920609,0.514511907708908,0.489472426782622,0.46760044685853,0.435484738811228,0.383795310843112,0.254643547178019,0.207407449190367,0.177898716422218,0.148436509182885,0.119793695512386,0.0725883806436645,0.0211427922034529,-0.0134621155776678,-0.0408858310904284,-0.0370570065151015,-0.0264253783864914,-0.0536878042209275
0.742059507542613,0.954420826466892,1,0.97536276694668,0.910398763485058,0.88196399368865,0.858281399687002,0.823303764668071,0.7808954066757,0.748789126213351,0.721296135478724,0.696815668388761,0.668704083404263,0.641273353224225,0.598819812322541,0.554220150431604,0.526243003378321,0.503329160596233,0.468232568064032,0.410357371044937,0.269312408319728,0.221582097205959,0.193371935579096,0.163777570135582,0.136092518413226,0.0871210439010352,0.0320019658992213,-0.0068223164433755,-0.0351785516483992,-0.0280238682594663,-0.0139774469876318,-0.0346779492871934
0.691691989854571,0.883351734228334,0.97536276694668,1,0.970070572936623,0.937608831380219,0.909811174968617,0.870846530811678,0.825256573433902,0.789145772759331,0.756528280873196,0.728056594746077,0.699492964237188,0.66873525645963,0.623717640242361,0.577944906865094,0.550554045354854,0.526878895648676,0.490798675177331,0.431474722820322,0.283338679104488,0.234033813942686,0.205678918358625,0.176218297370633,0.149569887506111,0.100102989775861,0.045814788088811,0.0125301720911506,-0.0185006798838944,-0.0108691667756328,0.00471110104529935,-0.00898738219527846
0.650707742744109,0.823852480849627,0.910398763485058,0.970070572936623,1,0.971826619931934,0.941335481886351,0.89930151926625,0.852765646938086,0.811846920459811,0.77542252178405,0.745375991491122,0.719164593501923,0.688139129469047,0.643441104164449,0.599001462503159,0.574568709912177,0.549944490181372,0.514139089368482,0.457005219945155,0.306350634441203,0.254723945851517,0.224778693253256,0.194964349877673,0.168348404079218,0.117559483592667,0.0655002518993864,0.0436547046402789,0.0117011278457501,0.0185354143399667,0.0331392811131831,0.0235537173466599
0.624608832611259,0.796609632863817,0.88196399368865,0.937608831380219,0.971826619931934,1,0.98021643231263,0.936060501262598,0.886367617842893,0.847260847439355,0.811514282777817,0.781717326232576,0.75570147003039,0.720445083715153,0.674682346136668,0.631586069115998,0.607123087273941,0.583520971653335,0.549734893041741,0.49550184669103,0.347498485817282,0.295510975576317,0.264722825421777,0.234502839168087,0.205883545510008,0.149665261524977,0.0929068046091499,0.0723607925104576,0.0534981618517412,0.0595851377645678,0.0671716046225802,0.0617291146214421
0.609279199176038,0.775755302611485,0.858281399687002,0.909811174968617,0.941335481886351,0.98021643231263,1,0.983986639723759,0.93510946740392,0.897903926612766,0.861083486672459,0.830123418964933,0.805540447023783,0.768577461530295,0.721793599812414,0.67824064470673,0.651928268678299,0.628137429675863,0.593675036166217,0.537607604781667,0.385262018538115,0.331408896488754,0.298559261365171,0.265180171529941,0.235823989546537,0.176364119129615,0.116146615076856,0.0951551977255877,0.0836288738831318,0.0982768129754531,0.107371116412211,0.0901077191642536
0.586867847045811,0.74570348380035,0.823303764668071,0.870846530811678,0.89930151926625,0.936060501262598,0.983986639723759,1,0.974880995260047,0.939415373152592,0.902481784099285,0.870825146376023,0.845863013628846,0.808145745964559,0.761555384725572,0.71859697291822,0.691017878489516,0.667062918036225,0.63253260168023,0.576320212311472,0.424044057187514,0.369023254560866,0.334363662701811,0.298734494091434,0.270516992327226,0.209764693181094,0.147485142629284,0.126153870027822,0.1179127207112,0.137557910433259,0.146282746593474,0.115968036927335
0.557435104236014,0.709335191015758,0.7808954066757,0.825256573433902,0.852765646938086,0.886367617842893,0.93510946740392,0.974880995260047,1,0.969399452362653,0.93527005291661,0.903907384702175,0.875403019096417,0.837447645564141,0.792537482222784,0.75195101527353,0.724413291214365,0.700636548595396,0.667467940719547,0.614356738055335,0.468745167389548,0.413526226544381,0.37763061384968,0.341773030026119,0.316725218461188,0.255887370869137,0.192059874148336,0.170384430057341,0.161694440129658,0.179017200275373,0.182651626723609,0.143985484376075
0.530437392877566,0.679061706188103,0.748789126213351,0.789145772759331,0.811846920459811,0.847260847439355,0.897903926612766,0.939415373152592,0.969399452362653,1,0.98758431185816,0.957857506282935,0.926603242833665,0.894181574452884,0.854442391089478,0.817487866392462,0.790464979125062,0.768240178172485,0.735400209055409,0.680839853194386,0.531642406965332,0.474841502854687,0.437994226792434,0.401575996609386,0.382034358903851,0.317306052537645,0.244045172432602,0.213258618672353,0.206714069708259,0.238023183573734,0.249480145265128,0.207893814642668
0.505400552456083,0.656267394167054,0.721296135478724,0.756528280873196,0.77542252178405,0.811514282777817,0.861083486672459,0.902481784099285,0.93527005291661,0.98758431185816,1,0.988880955662199,0.958440885696255,0.931292277075301,0.895874540946984,0.861997781278128,0.837239219911726,0.815272694459629,0.782942806141759,0.730405537302843,0.589308411341201,0.538475618507024,0.505576333079001,0.470433835695644,0.453691571672205,0.390327611687224,0.314536961520733,0.275183854256429,0.272182154900154,0.304775938731795,0.310891513633624,0.258041021286358
0.483178384538713,0.636975720810562,0.696815668388761,0.728056594746077,0.745375991491122,0.781717326232576,0.830123418964933,0.870825146376023,0.903907384702175,0.957857506282935,0.988880955662199,1,0.982062641404912,0.959706163546563,0.927531429693495,0.896052513903809,0.87369275952532,0.851408295933525,0.819909824152683,0.771053802608676,0.641157529009674,0.596518428325157,0.567518840289999,0.534237752389015,0.518399203688684,0.458030375743392,0.38309279949181,0.337833177187956,0.337541834494964,0.365780945290261,0.362354006349763,0.299075269925675
0.461398690410642,0.612618879181455,0.668704083404263,0.699492964237188,0.719164593501923,0.75570147003039,0.805540447023783,0.845863013628846,0.875403019096417,0.926603242833665,0.958440885696255,0.982062641404912,1,0.981817557620021,0.951585756695896,0.921795141333396,0.900462271533225,0.878089370948507,0.848221422637997,0.803558920466137,0.6805888507706,0.634967338192199,0.604760823398539,0.572997819977154,0.556723390849894,0.49797278773716,0.424881918852898,0.379574729913707,0.378599159478179,0.402838903311948,0.394244461046163,0.331823192646677
0.44324274550789,0.592017071243764,0.641273353224225,0.66873525645963,0.688139129469047,0.720445083715153,0.768577461530295,0.808145745964559,0.837447645564141,0.894181574452884,0.931292277075301,0.959706163546563,0.981817557620021,1,0.989678663707503,0.964192736905608,0.944177585303541,0.92390056545495,0.895513570843659,0.851085252485638,0.724537931451522,0.678277104730698,0.647875216426033,0.615588365867999,0.597426104426324,0.535546139654009,0.460932635855184,0.419283324636989,0.419947109207088,0.444014221222912,0.432192571602531,0.365895774884668
0.410121133561895,0.555222870920609,0.598819812322541,0.623717640242361,0.643441104164449,0.674682346136668,0.721793599812414,0.761555384725572,0.792537482222784,0.854442391089478,0.895874540946984,0.927531429693495,0.951585756695896,0.989678663707503,1,0.990177667079382,0.972077885275447,0.955121182002657,0.930850508635221,0.891425273842188,0.772960133403134,0.729910290993578,0.700678938950443,0.668043311089783,0.646133346739299,0.580302294859016,0.504194475803388,0.466791757634398,0.472354366065059,0.497229248557393,0.480728455187913,0.406011094938879
0.373704572539344,0.514511907708908,0.554220150431604,0.577944906865094,0.599001462503159,0.631586069115998,0.67824064470673,0.71859697291822,0.75195101527353,0.817487866392462,0.861997781278128,0.896052513903809,0.921795141333396,0.964192736905608,0.990177667079382,1,0.988237611296896,0.975214717930265,0.95561768166592,0.92295065961746,0.817435232948862,0.779223337271915,0.751860280348865,0.719232534553276,0.694396382922303,0.626332731244511,0.549884836742859,0.515572695535863,0.525343616127368,0.550378314147154,0.528884334848542,0.446227584310654
0.354947203921242,0.489472426782622,0.526243003378321,0.550554045354854,0.574568709912177,0.607123087273941,0.651928268678299,0.691017878489516,0.724413291214365,0.790464979125062,0.837239219911726,0.87369275952532,0.900462271533225,0.944177585303541,0.972077885275447,0.988237611296896,1,0.991293886331846,0.972085382022796,0.940023646250075,0.833868247708212,0.7970721284811,0.771263465600439,0.739566569442934,0.719875579020044,0.658129445168535,0.586078889952447,0.550766961903439,0.553699929747052,0.573877826960727,0.549932951211214,0.473064788160295
0.342902841636198,0.46760044685853,0.503329160596233,0.526878895648676,0.549944490181372,0.583520971653335,0.628137429675863,0.667062918036225,0.700636548595396,0.768240178172485,0.815272694459629,0.851408295933525,0.878089370948507,0.92390056545495,0.955121182002657,0.975214717930265,0.991293886331846,1,0.992425305821907,0.960887136622161,0.845171543879072,0.806305318069929,0.781893266667678,0.75436434066484,0.73233054071778,0.670988981335699,0.59998772917927,0.563534958830545,0.563681283939248,0.591897410055658,0.574920199262176,0.496487177148194
0.324177769558101,0.435484738811228,0.468232568064032,0.490798675177331,0.514139089368482,0.549734893041741,0.593675036166217,0.63253260168023,0.667467940719547,0.735400209055409,0.782942806141759,0.819909824152683,0.848221422637997,0.895513570843659,0.930850508635221,0.95561768166592,0.972085382022796,0.992425305821907,1,0.983722947400027,0.875001096728312,0.833232534684447,0.807410069819678,0.784754006794184,0.759130544367157,0.697479984801997,0.629787289158379,0.600060891651802,0.596971770759615,0.620307840614285,0.598902481830178,0.520193883671814
0.289302947725747,0.383795310843112,0.410357371044937,0.431474722820322,0.457005219945155,0.49550184669103,0.537607604781667,0.576320212311472,0.614356738055335,0.680839853194386,0.730405537302843,0.771053802608676,0.803558920466137,0.851085252485638,0.891425273842188,0.92295065961746,0.940023646250075,0.960887136622161,0.983722947400027,1,0.929976318101583,0.88805875428796,0.858242694275003,0.840248620397709,0.812670848465301,0.751378683865982,0.689358282382932,0.673611836729603,0.667429860060881,0.66562839431835,0.621455526539713,0.545148760854621
0.182774229636868,0.254643547178019,0.269312408319728,0.283338679104488,0.306350634441203,0.347498485817282,0.385262018538115,0.424044057187514,0.468745167389548,0.531642406965332,0.589308411341201,0.641157529009674,0.6805888507706,0.724537931451522,0.772960133403134,0.817435232948862,0.833868247708212,0.845171543879072,0.875001096728312,0.929976318101583,1,0.984751731591032,0.956691584262589,0.942461207283261,0.923936848619342,0.8639355956561,0.799148191982669,0.782023129630757,0.788053611669411,0.739111409514789,0.644401954643054,0.565666770733479
0.135873448456245,0.207407449190367,0.221582097205959,0.234033813942686,0.254723945851517,0.295510975576317,0.331408896488754,0.369023254560866,0.413526226544381,0.474841502854687,0.538475618507024,0.596518428325157,0.634967338192199,0.678277104730698,0.729910290993578,0.779223337271915,0.7970721284811,0.806305318069929,0.833232534684447,0.88805875428796,0.984751731591032,1,0.991384379986187,0.975938855809018,0.953757959634701,0.897937290142683,0.834280857585535,0.802629064248378,0.825581102827602,0.792079160072926,0.698662152700953,0.595029213480571
0.105923109118563,0.177898716422218,0.193371935579096,0.205678918358625,0.224778693253256,0.264722825421777,0.298559261365171,0.334363662701811,0.37763061384968,0.437994226792434,0.505576333079001,0.567518840289999,0.604760823398539,0.647875216426033,0.700678938950443,0.751860280348865,0.771263465600439,0.781893266667678,0.807410069819678,0.858242694275003,0.956691584262589,0.991384379986187,1,0.9904629893008,0.966837218353006,0.918443813377165,0.858834212903174,0.813019947020268,0.843319588837012,0.82728313768463,0.742167967124287,0.620435640456805
0.0831128152875638,0.148436509182885,0.163777570135582,0.176218297370633,0.194964349877673,0.234502839168087,0.265180171529941,0.298734494091434,0.341773030026119,0.401575996609386,0.470433835695644,0.534237752389015,0.572997819977154,0.615588365867999,0.668043311089783,0.719232534553276,0.739566569442934,0.75436434066484,0.784754006794184,0.840248620397709,0.942461207283261,0.975938855809018,0.9904629893008,1,0.983405780911608,0.946165905135899,0.893600639395007,0.839988274753134,0.859785342414195,0.839851865338705,0.754369750471524,0.635106686262822
0.0587288832551469,0.119793695512386,0.136092518413226,0.149569887506111,0.168348404079218,0.205883545510008,0.235823989546537,0.270516992327226,0.316725218461188,0.382034358903851,0.453691571672205,0.518399203688684,0.556723390849894,0.597426104426324,0.646133346739299,0.694396382922303,0.719875579020044,0.73233054071778,0.759130544367157,0.812670848465301,0.923936848619342,0.953757959634701,0.966837218353006,0.983405780911608,1,0.980940788037339,0.930216172181347,0.862020082654472,0.856446043836997,0.805438381945443,0.707702492071532,0.630843846782018
0.0242796989919494,0.0725883806436645,0.0871210439010352,0.100102989775861,0.117559483592667,0.149665261524977,0.176364119129615,0.209764693181094,0.255887370869137,0.317306052537645,0.390327611687224,0.458030375743392,0.49797278773716,0.535546139654009,0.580302294859016,0.626332731244511,0.658129445168535,0.670988981335699,0.697479984801997,0.751378683865982,0.8639355956561,0.897937290142683,0.918443813377165,0.946165905135899,0.980940788037339,1,0.979566834837478,0.899883775706009,0.874987170726815,0.796658624053561,0.684521816445742,0.632455687040649
-0.00969043895738054,0.0211427922034529,0.0320019658992213,0.045814788088811,0.0655002518993864,0.0929068046091499,0.116146615076856,0.147485142629284,0.192059874148336,0.244045172432602,0.314536961520733,0.38309279949181,0.424881918852898,0.460932635855184,0.504194475803388,0.549884836742859,0.586078889952447,0.59998772917927,0.629787289158379,0.689358282382932,0.799148191982669,0.834280857585535,0.858834212903174,0.893600639395007,0.930216172181347,0.979566834837478,1,0.947629472588497,0.907364416010154,0.801229250230531,0.672038234510921,0.630489865778704
-0.0282313854462479,-0.0134621155776678,-0.0068223164433755,0.0125301720911506,0.0436547046402789,0.0723607925104576,0.0951551977255877,0.126153870027822,0.170384430057341,0.213258618672353,0.275183854256429,0.337833177187956,0.379574729913707,0.419283324636989,0.466791757634398,0.515572695535863,0.550766961903439,0.563534958830545,0.600060891651802,0.673611836729603,0.782023129630757,0.802629064248378,0.813019947020268,0.839988274753134,0.862020082654472,0.899883775706009,0.947629472588497,1,0.94612389216396,0.806822587716208,0.657205623972486,0.616874417617433
-0.0598651000771558,-0.0408858310904284,-0.0351785516483992,-0.0185006798838944,0.0117011278457501,0.0534981618517412,0.0836288738831318,0.1179127207112,0.161694440129658,0.206714069708259,0.272182154900154,0.337541834494964,0.378599159478179,0.419947109207088,0.472354366065059,0.525343616127368,0.553699929747052,0.563681283939248,0.596971770759615,0.667429860060881,0.788053611669411,0.825581102827602,0.843319588837012,0.859785342414195,0.856446043836997,0.874987170726815,0.907364416010154,0.94612389216396,1,0.921493123205767,0.775071291446335,0.689387116019425
-0.0754094356588357,-0.0370570065151015,-0.0280238682594663,-0.0108691667756328,0.0185354143399667,0.0595851377645678,0.0982768129754531,0.137557910433259,0.179017200275373,0.238023183573734,0.304775938731795,0.365780945290261,0.402838903311948,0.444014221222912,0.497229248557393,0.550378314147154,0.573877826960727,0.591897410055658,0.620307840614285,0.66562839431835,0.739111409514789,0.792079160072926,0.82728313768463,0.839851865338705,0.805438381945443,0.796658624053561,0.801229250230531,0.806822587716208,0.921493123205767,1,0.955223691562393,0.780551063944614
-0.0749188647073533,-0.0264253783864914,-0.0139774469876318,0.00471110104529935,0.0331392811131831,0.0671716046225802,0.107371116412211,0.146282746593474,0.182651626723609,0.249480145265128,0.310891513633624,0.362354006349763,0.394244461046163,0.432192571602531,0.480728455187913,0.528884334848542,0.549932951211214,0.574920199262176,0.598902481830178,0.621455526539713,0.644401954643054,0.698662152700953,0.742167967124287,0.754369750471524,0.707702492071532,0.684521816445742,0.672038234510921,0.657205623972486,0.775071291446335,0.955223691562393,1,0.815340942645269
-0.0777557779562977,-0.0536878042209275,-0.0346779492871934,-0.00898738219527846,0.0235537173466599,0.0617291146214421,0.0901077191642536,0.115968036927335,0.143985484376075,0.207893814642668,0.258041021286358,0.299075269925675,0.331823192646677,0.365895774884668,0.406011094938879,0.446227584310654,0.473064788160295,0.496487177148194,0.520193883671814,0.545148760854621,0.565666770733479,0.595029213480571,0.620435640456805,0.635106686262822,0.630843846782018,0.632455687040649,0.630489865778704,0.616874417617433,0.689387116019425,0.780551063944614,0.815340942645269,1
