1,0.924119277926286,0.661484362084093,0.602959133447724,0.526206641114079,0.490271894872162,0.444611879371017,0.413908166556515,0.386641072092428,0.371701536931181,0.352476327637763,0.330535114998627,0.305300517252679,0.280329592346259,0.266028948598267,0.258780254177202,0.253086741866467,0.248288684571415,0.243669462834458,0.239698256578617,0.237176094318144,0.23421672653779,0.227477223341924,0.217547249153776,0.210144929371699,0.204434542920541,0.20194088290831,0.200673155804066,0.186339246731283,0.167083405648484,0.160388212989657,0.155731103434363
0.924119277926286,1,0.89598831692791,0.82728476758756,0.730389923536554,0.681289823858804,0.620704808964231,0.58400272610411,0.550623657854453,0.532788429494172,0.509135878602919,0.48164666293087,0.446685178782892,0.409650240341649,0.387932200064808,0.376187983129035,0.368127330759428,0.362623564613159,0.357601146595548,0.35366758327601,0.352945815113988,0.352213755740538,0.346899862401212,0.337132358674718,0.330186509838214,0.324480979164638,0.320202365107511,0.316586221250712,0.306559655833857,0.289079899839611,0.281212295417712,0.272977291001302
0.661484362084093,0.89598831692791,1,0.957081004682692,0.871373756073546,0.814831313689723,0.746236513615853,0.70878511078441,0.67349303327527,0.654741121644328,0.629635773180252,0.600425331310172,0.559782300179033,0.514305956406639,0.487250845412759,0.472170938533748,0.462610875366791,0.457079243881003,0.452437732181217,0.449365061716756,0.451294549327123,0.453742135414213,0.451090563717359,0.44290434656431,0.437594827723861,0.432793666934609,0.427135107563936,0.421344390441476,0.41685848328046,0.402626643536829,0.395110621843275,0.38424609963631
0.602959133447724,0.82728476758756,0.957081004682692,1,0.973669772827158,0.914880562367438,0.842363055360747,0.80453811604368,0.767321159998262,0.746473573286295,0.720049759395023,0.690740649617521,0.648575860944384,0.600163815793931,0.571412521612177,0.555774787559226,0.545710008352075,0.539661016798396,0.534977948519358,0.532391973977568,0.535841547791331,0.539927082851485,0.537657844399584,0.528562224735062,0.52300419109331,0.517952645952108,0.512106314936243,0.506017346855483,0.497776119312244,0.477616092428721,0.471291450100141,0.460699503498449
0.526206641114079,0.730389923536554,0.871373756073546,0.973669772827158,1,0.966158050226323,0.90852960221156,0.873518150789623,0.837412690476315,0.816873420646653,0.791768319970476,0.76500856346918,0.725644171749554,0.679172551121234,0.651144886297022,0.635955727855397,0.62593833469907,0.619566143501941,0.614791319091298,0.612433817611161,0.61637996098934,0.620592627653267,0.617165603892222,0.605741941836419,0.600805969407852,0.597317400968984,0.592219993317608,0.586290233151561,0.575701116959383,0.550991241038908,0.545076050105705,0.534030963441833
0.490271894872162,0.681289823858804,0.814831313689723,0.914880562367438,0.966158050226323,1,0.984180614125743,0.953936108871075,0.921034980257538,0.903446177773886,0.881986210280144,0.859562695076589,0.826782994633304,0.786708477486054,0.761198837241397,0.746805340464062,0.736922021075406,0.730082934443844,0.724670626104507,0.721719210741349,0.724357073619838,0.726067372927302,0.718448066872225,0.701484591788126,0.698212181651165,0.699046122806746,0.695813843563656,0.690312461646659,0.679879657303996,0.652369734597929,0.644586483935399,0.630689818777926
0.444611879371017,0.620704808964231,0.746236513615853,0.842363055360747,0.90852960221156,0.984180614125743,1,0.985132797923337,0.961737289361231,0.946691148803351,0.928143214396389,0.908911152757748,0.880761548482367,0.845188088797667,0.821456177206118,0.807529107258292,0.797729578417942,0.790628138064758,0.785044124374841,0.78209504416446,0.784544356225067,0.785528615013509,0.776194058366222,0.756687341487514,0.755679625869236,0.760368198780053,0.758432734674373,0.752937961637081,0.743957415990852,0.716175684485916,0.707374569959943,0.691537433968052
0.413908166556515,0.58400272610411,0.70878511078441,0.80453811604368,0.873518150789623,0.953936108871075,0.985132797923337,1,0.993725094147825,0.979539607069139,0.96149251955363,0.942357536742733,0.91388711686787,0.877506142139247,0.852876389425155,0.838037778491476,0.827641811989844,0.82016942439832,0.814789863191966,0.812568928953387,0.816691864291969,0.819750732867397,0.811991081983932,0.793445375239877,0.795427654187356,0.803330636464555,0.801637298213124,0.795171783164199,0.788982882195376,0.763088735302488,0.754080865698498,0.736828424121116
0.386641072092428,0.550623657854453,0.67349303327527,0.767321159998262,0.837412690476315,0.921034980257538,0.961737289361231,0.993725094147825,1,0.992547414167105,0.978718663944718,0.960483353524779,0.932918065964065,0.897144210160409,0.872544696134307,0.85744650480748,0.846783502919579,0.839013804096144,0.833717174614041,0.831925479381444,0.836757127481797,0.840562799873827,0.83317324146047,0.81462053724362,0.818477150691126,0.828688929786352,0.827536411247222,0.820818281455768,0.815668732426611,0.790175971268179,0.781202151872792,0.763352029127947
0.371701536931181,0.532788429494172,0.654741121644328,0.746473573286295,0.816873420646653,0.903446177773886,0.946691148803351,0.979539607069139,0.992547414167105,1,0.995364185308616,0.978771426531066,0.953238194728973,0.919272675194055,0.895455913237666,0.88066568520716,0.869952494997411,0.861809998434877,0.856315616255763,0.854513250568314,0.858843477285644,0.861662170380611,0.852825096600565,0.832522255076347,0.836848140049552,0.848405416624588,0.84819857826612,0.842068989232856,0.835451707996274,0.807761317620171,0.798961382421186,0.781240694049387
0.352476327637763,0.509135878602919,0.629635773180252,0.720049759395023,0.791768319970476,0.881986210280144,0.928143214396389,0.96149251955363,0.978718663944718,0.995364185308616,1,0.991978091461716,0.973032235604356,0.942692232468886,0.92056037584589,0.906477279202647,0.895933820899795,0.887496180487522,0.881827751895358,0.879997030428169,0.883700473456693,0.885314953188985,0.875265969200708,0.853698445701663,0.858282328376913,0.870673681602293,0.871383289809646,0.865989200616936,0.857928329089805,0.827949197521896,0.817881045320329,0.7992824713315
0.330535114998627,0.48164666293087,0.600425331310172,0.690740649617521,0.76500856346918,0.859562695076589,0.908911152757748,0.942357536742733,0.960483353524779,0.978771426531066,0.991978091461716,1,0.992444905273026,0.967514202413878,0.947948557869081,0.934957223207161,0.924808857043436,0.9161769297904,0.910366293029351,0.908484973894548,0.911474465267337,0.911734246498121,0.900838098022176,0.87864888232384,0.883226601987388,0.89579703559405,0.897310352035442,0.892751763968769,0.883384877784202,0.851146756794428,0.838186574823032,0.817551887210656
0.305300517252679,0.446685178782892,0.559782300179033,0.648575860944384,0.725644171749554,0.826782994633304,0.880761548482367,0.91388711686787,0.932918065964065,0.953238194728973,0.973032235604356,0.992444905273026,1,0.990119802426067,0.977738480923696,0.967584854607483,0.95868818831945,0.949999542327033,0.944132585823865,0.942249027514536,0.942597007610574,0.938193398467276,0.922972338076345,0.896823666595847,0.901828994037731,0.916727174780981,0.92087433508944,0.918539603910641,0.90599626395307,0.869278390066846,0.852470835282752,0.829636357411511
0.280329592346259,0.409650240341649,0.514305956406639,0.600163815793931,0.679172551121234,0.786708477486054,0.845188088797667,0.877506142139247,0.897144210160409,0.919272675194055,0.942692232468886,0.967514202413878,0.990119802426067,1,0.997114916318809,0.990686074678908,0.983529683858024,0.974961155205187,0.969155284838636,0.967320404873225,0.964024963106333,0.953296570084477,0.931963432180425,0.900180111006978,0.905836848927967,0.924196896051195,0.931874910044063,0.93243741652321,0.915950121278519,0.874124114880135,0.85357728733339,0.828993003440676
0.266028948598267,0.387932200064808,0.487250845412759,0.571412521612177,0.651144886297022,0.761198837241397,0.821456177206118,0.852876389425155,0.872544696134307,0.895455913237666,0.92056037584589,0.947948557869081,0.977738480923696,0.997114916318809,1,0.997583941417076,0.992824632520187,0.985403670820838,0.980160497397424,0.978399718066954,0.973587499235295,0.960182475876486,0.936696861688239,0.903198984909041,0.908365626071582,0.926891389958925,0.935867703180326,0.93789949500228,0.918420207955918,0.873067076220427,0.850334139995895,0.824897616049115
0.258780254177202,0.376187983129035,0.472170938533748,0.555774787559226,0.635955727855397,0.746805340464062,0.807529107258292,0.838037778491476,0.85744650480748,0.88066568520716,0.906477279202647,0.934957223207161,0.967584854607483,0.990686074678908,0.997583941417076,1,0.998455254722085,0.993054098573919,0.988789963813612,0.987122397263332,0.982054785255826,0.968093911897628,0.944820821563758,0.911952423216796,0.915763806617151,0.932226163559885,0.941154542064065,0.943871803795352,0.921498058206479,0.872925892319745,0.848642402007736,0.822710206059983
0.253086741866467,0.368127330759428,0.462610875366791,0.545710008352075,0.62593833469907,0.736922021075406,0.797729578417942,0.827641811989844,0.846783502919579,0.869952494997411,0.895933820899795,0.924808857043436,0.95868818831945,0.983529683858024,0.992824632520187,0.998455254722085,1,0.997787722846927,0.995023635890562,0.993408992971981,0.988554734296822,0.974871209083708,0.952596166025568,0.921064246256464,0.923597627174265,0.937762037045111,0.946012653533863,0.948755868366094,0.924399674059702,0.873728834008968,0.849000960254991,0.823108243231278
0.248288684571415,0.362623564613159,0.457079243881003,0.539661016798396,0.619566143501941,0.730082934443844,0.790628138064758,0.82016942439832,0.839013804096144,0.861809998434877,0.887496180487522,0.9161769297904,0.949999542327033,0.974961155205187,0.985403670820838,0.993054098573919,0.997787722846927,1,0.999292517637102,0.997699728861183,0.993483428687734,0.980826609075505,0.960308700109908,0.930829526560064,0.932065094234409,0.943567430579969,0.950542806302564,0.95273783738892,0.927067655489857,0.875148277981751,0.850917896028372,0.825541693215465
0.243669462834458,0.357601146595548,0.452437732181217,0.534977948519358,0.614791319091298,0.724670626104507,0.785044124374841,0.814789863191966,0.833717174614041,0.856315616255763,0.881827751895358,0.910366293029351,0.944132585823865,0.969155284838636,0.980160497397424,0.988789963813612,0.995023635890562,0.999292517637102,1,0.999247720811213,0.995995958192726,0.984336026445685,0.965010484364281,0.936741102935003,0.937330251379166,0.947414347988256,0.953609509162367,0.95539180323678,0.929124581478938,0.876662025235029,0.852758219403732,0.827662493290112
0.239698256578617,0.35366758327601,0.449365061716756,0.532391973977568,0.612433817611161,0.721719210741349,0.78209504416446,0.812568928953387,0.831925479381444,0.854513250568314,0.879997030428169,0.908484973894548,0.942249027514536,0.967320404873225,0.978399718066954,0.987122397263332,0.993408992971981,0.997699728861183,0.999247720811213,1,0.997956670291051,0.98722450399868,0.968556201349878,0.940713676022276,0.941220977755377,0.950983557343133,0.956843997045935,0.958340788248663,0.932053257327816,0.879572564693148,0.855806332638483,0.830746777350518
0.237176094318144,0.352945815113988,0.451294549327123,0.535841547791331,0.61637996098934,0.724357073619838,0.784544356225067,0.816691864291969,0.836757127481797,0.858843477285644,0.883700473456693,0.911474465267337,0.942597007610574,0.964024963106333,0.973587499235295,0.982054785255826,0.988554734296822,0.993483428687734,0.995995958192726,0.997956670291051,1,0.995265077443218,0.981811571891359,0.958285763417878,0.958554136710374,0.965912301302502,0.96980161319103,0.969815509004636,0.944748102306787,0.893587227998503,0.87064311632356,0.845627303144806
0.23421672653779,0.352213755740538,0.453742135414213,0.539927082851485,0.620592627653267,0.726067372927302,0.785528615013509,0.819750732867397,0.840562799873827,0.861662170380611,0.885314953188985,0.911734246498121,0.938193398467276,0.953296570084477,0.960182475876486,0.968093911897628,0.974871209083708,0.980826609075505,0.984336026445685,0.98722450399868,0.995265077443218,1,0.994952855787893,0.978554779366784,0.978478065261056,0.981965938809163,0.982748744803926,0.980469815343615,0.957644193045954,0.909067819767595,0.887564807775138,0.862765283706243
0.227477223341924,0.346899862401212,0.451090563717359,0.537657844399584,0.617165603892222,0.718448066872225,0.776194058366222,0.811991081983932,0.83317324146047,0.852825096600565,0.875265969200708,0.900838098022176,0.922972338076345,0.931963432180425,0.936696861688239,0.944820821563758,0.952596166025568,0.960308700109908,0.965010484364281,0.968556201349878,0.981811571891359,0.994952855787893,1,0.994060246371499,0.993292417002711,0.990925231280948,0.987738723797214,0.982884753664534,0.963137762006078,0.9182780200154,0.896335557927349,0.870424558375087
0.217547249153776,0.337132358674718,0.44290434656431,0.528562224735062,0.605741941836419,0.701484591788126,0.756687341487514,0.793445375239877,0.81462053724362,0.832522255076347,0.853698445701663,0.87864888232384,0.896823666595847,0.900180111006978,0.903198984909041,0.911952423216796,0.921064246256464,0.930829526560064,0.936741102935003,0.940713676022276,0.958285763417878,0.978554779366784,0.994060246371499,1,0.998375579378236,0.989315277099843,0.981899620497219,0.97448987997938,0.958252329715489,0.917823436218972,0.894427436818772,0.866799659081338
0.210144929371699,0.330186509838214,0.437594827723861,0.52300419109331,0.600805969407852,0.698212181651165,0.755679625869236,0.795427654187356,0.818477150691126,0.836848140049552,0.858282328376913,0.883226601987388,0.901828994037731,0.905836848927967,0.908365626071582,0.915763806617151,0.923597627174265,0.932065094234409,0.937330251379166,0.941220977755377,0.958554136710374,0.978478065261056,0.993292417002711,0.998375579378236,1,0.995498738915861,0.989437132257536,0.981953231396459,0.968873192013006,0.931381528327959,0.909701178193933,0.882453909517583
0.204434542920541,0.324480979164638,0.432793666934609,0.517952645952108,0.597317400968984,0.699046122806746,0.760368198780053,0.803330636464555,0.828688929786352,0.848405416624588,0.870673681602293,0.89579703559405,0.916727174780981,0.924196896051195,0.926891389958925,0.932226163559885,0.937762037045111,0.943567430579969,0.947414347988256,0.950983557343133,0.965912301302502,0.981965938809163,0.990925231280948,0.989315277099843,0.995498738915861,1,0.99768361976633,0.991335265481376,0.980710385473505,0.945061710511463,0.926353281389231,0.900513608058415
0.20194088290831,0.320202365107511,0.427135107563936,0.512106314936243,0.592219993317608,0.695813843563656,0.758432734674373,0.801637298213124,0.827536411247222,0.84819857826612,0.871383289809646,0.897310352035442,0.92087433508944,0.931874910044063,0.935867703180326,0.941154542064065,0.946012653533863,0.950542806302564,0.953609509162367,0.956843997045935,0.96980161319103,0.982748744803926,0.987738723797214,0.981899620497219,0.989437132257536,0.99768361976633,1,0.997767612915596,0.986437245077116,0.948731769939079,0.930186823356752,0.904729749846388
0.200673155804066,0.316586221250712,0.421344390441476,0.506017346855483,0.586290233151561,0.690312461646659,0.752937961637081,0.795171783164199,0.820818281455768,0.842068989232856,0.865989200616936,0.892751763968769,0.918539603910641,0.93243741652321,0.93789949500228,0.943871803795352,0.948755868366094,0.95273783738892,0.95539180323678,0.958340788248663,0.969815509004636,0.980469815343615,0.982884753664534,0.97448987997938,0.981953231396459,0.991335265481376,0.997767612915596,1,0.986960874087784,0.946221461273962,0.926822590563985,0.901355295945259
0.186339246731283,0.306559655833857,0.41685848328046,0.497776119312244,0.575701116959383,0.679879657303996,0.743957415990852,0.788982882195376,0.815668732426611,0.835451707996274,0.857928329089805,0.883384877784202,0.90599626395307,0.915950121278519,0.918420207955918,0.921498058206479,0.924399674059702,0.927067655489857,0.929124581478938,0.932053257327816,0.944748102306787,0.957644193045954,0.963137762006078,0.958252329715489,0.968873192013006,0.980710385473505,0.986437245077116,0.986960874087784,1,0.985867622622316,0.966168847185884,0.935194637785271
0.167083405648484,0.289079899839611,0.402626643536829,0.477616092428721,0.550991241038908,0.652369734597929,0.716175684485916,0.763088735302488,0.790175971268179,0.807761317620171,0.827949197521896,0.851146756794428,0.869278390066846,0.874124114880135,0.873067076220427,0.872925892319745,0.873728834008968,0.875148277981751,0.876662025235029,0.879572564693148,0.893587227998503,0.909067819767595,0.9182780200154,0.917823436218972,0.931381528327959,0.945061710511463,0.948731769939079,0.946221461273962,0.985867622622316,1,0.980778765055299,0.94506086762676
0.160388212989657,0.281212295417712,0.395110621843275,0.471291450100141,0.545076050105705,0.644586483935399,0.707374569959943,0.754080865698498,0.781202151872792,0.798961382421186,0.817881045320329,0.838186574823032,0.852470835282752,0.85357728733339,0.850334139995895,0.848642402007736,0.849000960254991,0.850917896028372,0.852758219403732,0.855806332638483,0.87064311632356,0.887564807775138,0.896335557927349,0.894427436818772,0.909701178193933,0.926353281389231,0.930186823356752,0.926822590563985,0.966168847185884,0.980778765055299,1,0.990440758690787
0.155731103434363,0.272977291001302,0.38424609963631,0.460699503498449,0.534030963441833,0.630689818777926,0.691537433968052,0.736828424121116,0.763352029127947,0.781240694049387,0.7992824713315,0.817551887210656,0.829636357411511,0.828993003440676,0.824897616049115,0.822710206059983,0.823108243231278,0.825541693215465,0.827662493290112,0.830746777350518,0.845627303144806,0.862765283706243,0.870424558375087,0.866799659081338,0.882453909517583,0.900513608058415,0.904729749846388,0.901355295945259,0.935194637785271,0.94506086762676,0.990440758690787,1
