1,0.92894396176898,0.913833608965975,0.909247627946564,0.902779681797169,0.901063003049242,0.898072299998711,0.892836835283983,0.888359134459687,0.886894340242455,0.883244197861026,0.881736020414424,0.879384209369088,0.877209967372374,0.873475033298283,0.871331014315508,0.868321026824739,0.862525125540911,0.859563437307238,0.856294670828619,0.853378213133041,0.847692390409723,0.842284963769309,0.83853194913389,0.835997186473401,0.831585706746103,0.826564084636081,0.818472557202693,0.813904209069263,0.794261091306366,0.729200157152503,0.298792260982466
0.92894396176898,1,0.985591081579964,0.978798380917757,0.973971397856064,0.970901851464606,0.967677902334401,0.963581804243408,0.96011547655138,0.957768763683319,0.955482312698689,0.953975923331685,0.950931197436806,0.948821929492936,0.946528597468436,0.943972591643119,0.941191061097251,0.937445798739927,0.934446622104572,0.931548356589023,0.927522301617438,0.923248696992252,0.919250498536087,0.917627598007609,0.915442121616954,0.910655420587614,0.905515928082568,0.898054491767849,0.890744728446645,0.869406705804729,0.806067400923306,0.346864103619474
0.913833608965975,0.985591081579964,1,0.993532745721046,0.9888026043359,0.985697307256581,0.983172906782327,0.979653773367363,0.976502844211159,0.974254596988661,0.971720661313081,0.969880745656454,0.966769479013697,0.964279788178742,0.962094254301115,0.959502519945126,0.957090688215152,0.954183787428083,0.951046660539039,0.947924724224083,0.944400595397421,0.940395581490231,0.936830703131843,0.9350316147031,0.933125075021482,0.929068421164879,0.92467033987154,0.918551558049054,0.912187282143301,0.891567229497036,0.830709983108494,0.367195683047041
0.909247627946564,0.978798380917757,0.993532745721046,1,0.996089882769321,0.992780672494316,0.98984833747294,0.986606800562039,0.983600317953983,0.981096938182542,0.978022835632524,0.976180389030576,0.973117232919353,0.970633454191579,0.968527768700742,0.965875902674555,0.963234880568429,0.96056479780781,0.958152407227216,0.955430692516018,0.952270200915191,0.948531501012994,0.94531895105483,0.943437484599112,0.941687558403413,0.93818044144089,0.934510835591611,0.929185416596362,0.923172981847667,0.90307032944472,0.842873480081954,0.378573148499903
0.902779681797169,0.973971397856064,0.9888026043359,0.996089882769321,1,0.996838249289172,0.993485986087926,0.989872482318259,0.986872278155163,0.98420561590068,0.981036654078282,0.978940026189401,0.976011438781981,0.973276262816564,0.971100188601536,0.968319395178893,0.965678991550012,0.962974274332125,0.960499631710699,0.957832555910871,0.954997667359913,0.951640887788602,0.948268144293883,0.946341804193244,0.944711637920161,0.941090362441684,0.937898947719182,0.932942361325323,0.927154882658399,0.907981041122903,0.848353111779866,0.382169727150281
0.901063003049242,0.970901851464606,0.985697307256581,0.992780672494316,0.996838249289172,1,0.99750266923265,0.993973952916835,0.990896589923073,0.987888351965844,0.984488205530329,0.982277078697725,0.979285606578394,0.976632638070765,0.974212227461759,0.971240510861331,0.968331722177327,0.965336966630687,0.962775091871735,0.960207240378644,0.957209639739168,0.953795039587091,0.95071353713273,0.948716324765971,0.947006614628135,0.943172975789599,0.939926751154395,0.934884209490498,0.928791224676113,0.910350963451891,0.850462031963313,0.38601368755116
0.898072299998711,0.967677902334401,0.983172906782327,0.98984833747294,0.993485986087926,0.99750266923265,1,0.997584516104212,0.994661161067846,0.991497365681058,0.988184199922726,0.985740377070165,0.982663971019784,0.980168333481812,0.977556816540696,0.974604732009662,0.971736418574395,0.9686294390834,0.966014580120547,0.963541526564544,0.960766384159976,0.9574829720327,0.95450460194622,0.952438777572474,0.951051442129933,0.947141977186381,0.943717020165122,0.938887092011231,0.933196168890941,0.914817417067566,0.855902258377466,0.395130019761797
0.892836835283983,0.963581804243408,0.979653773367363,0.986606800562039,0.989872482318259,0.993973952916835,0.997584516104212,1,0.997850278280981,0.995094976592332,0.991570475069778,0.989000274573949,0.985861454262492,0.983518598278817,0.980706044804675,0.977857704248384,0.975053056825196,0.971963796894382,0.969273114287264,0.966699225526549,0.963996331709741,0.960636066463042,0.957665827257347,0.955595154667574,0.954361999390058,0.950594590375553,0.947172637439747,0.942604935463711,0.937405732982106,0.919374069697874,0.861855403663637,0.401241720254016
0.888359134459687,0.96011547655138,0.976502844211159,0.983600317953983,0.986872278155163,0.990896589923073,0.994661161067846,0.997850278280981,1,0.998031013142964,0.99511135080718,0.99250522432106,0.989531926056224,0.9873770889692,0.984746652299913,0.982031257128804,0.979322329557913,0.976214950308738,0.973467574526344,0.970917807585134,0.968469709074401,0.965204753926743,0.962393161461302,0.960534711273344,0.959434561832824,0.955783332435633,0.952240277597595,0.947790556155906,0.942731609366277,0.925567609211713,0.868956663846066,0.411433958030013
0.886894340242455,0.957768763683319,0.974254596988661,0.981096938182542,0.98420561590068,0.987888351965844,0.991497365681058,0.995094976592332,0.998031013142964,1,0.998127934329925,0.995707447900128,0.992979544079659,0.990759053771762,0.98830608364466,0.985737251886294,0.983014542397878,0.979947946341302,0.977251004987211,0.97446597066186,0.972044143777569,0.968763029030276,0.965859975144365,0.964008368412977,0.96283906288683,0.959377684176812,0.956127793778029,0.951631390195671,0.946658445404193,0.929591924822111,0.874198097348274,0.414926513399057
0.883244197861026,0.955482312698689,0.971720661313081,0.978022835632524,0.981036654078282,0.984488205530329,0.988184199922726,0.991570475069778,0.99511135080718,0.998127934329925,1,0.998483066365382,0.996169586080502,0.99394154269284,0.991555230075368,0.988959542108644,0.986323587136335,0.983356814396331,0.98071513867591,0.977697961803968,0.975120990085565,0.972033202833737,0.969000370607411,0.967418592102931,0.96605829452829,0.962467598200902,0.959207535428979,0.954737735492501,0.949572816674375,0.932814707670423,0.878947939999708,0.420742038235983
0.881736020414424,0.953975923331685,0.969880745656454,0.976180389030576,0.978940026189401,0.982277078697725,0.985740377070165,0.989000274573949,0.99250522432106,0.995707447900128,0.998483066365382,1,0.998572228321669,0.996593387804008,0.994278882758559,0.991811577805394,0.989230021211172,0.986293203064702,0.983741780493045,0.980841733882485,0.978380103523105,0.975333480167439,0.972416955395508,0.970712345811911,0.969294271851148,0.965711838407864,0.9625898473331,0.958106869479007,0.953000941047193,0.936704164628506,0.883232049694225,0.422517914494441
0.879384209369088,0.950931197436806,0.966769479013697,0.973117232919353,0.976011438781981,0.979285606578394,0.982663971019784,0.985861454262492,0.989531926056224,0.992979544079659,0.996169586080502,0.998572228321669,1,0.998656954390303,0.996698452401218,0.994474072351538,0.992137705706628,0.989382796879171,0.987011952194382,0.984098600293388,0.981714788168134,0.978727010333746,0.975949832308681,0.974171384803011,0.972872651925471,0.969569414029168,0.966424546662494,0.961901815627804,0.956961136627825,0.941120221172967,0.888229037316713,0.428942636858001
0.877209967372374,0.948821929492936,0.964279788178742,0.970633454191579,0.973276262816564,0.976632638070765,0.980168333481812,0.983518598278817,0.9873770889692,0.990759053771762,0.99394154269284,0.996593387804008,0.998656954390303,1,0.998631532325091,0.996655812504213,0.994462217798621,0.991755379276471,0.989446184882064,0.98668682924304,0.984409289081339,0.98156700854918,0.978897360688429,0.977212354682701,0.975874328260536,0.972662903305373,0.969644388159555,0.965253265035625,0.960594821264952,0.945675233670766,0.8937396776131,0.437664214990663
0.873475033298283,0.946528597468436,0.962094254301115,0.968527768700742,0.971100188601536,0.974212227461759,0.977556816540696,0.980706044804675,0.984746652299913,0.98830608364466,0.991555230075368,0.994278882758559,0.996698452401218,0.998631532325091,1,0.998707439463429,0.996869140202869,0.994443690934806,0.992237774553554,0.989668741590485,0.987532713346983,0.9848252916289,0.982260753764548,0.980650653899306,0.9793636099778,0.976182279739926,0.973173800032952,0.968750353011492,0.96384857091426,0.948842268864235,0.897539238708078,0.442408103397525
0.871331014315508,0.943972591643119,0.959502519945126,0.965875902674555,0.968319395178893,0.971240510861331,0.974604732009662,0.977857704248384,0.982031257128804,0.985737251886294,0.988959542108644,0.991811577805394,0.994474072351538,0.996655812504213,0.998707439463429,1,0.998725106338672,0.996705313931622,0.994616925411908,0.992132732928837,0.990036158114847,0.987417797632197,0.985068989669666,0.983464705589981,0.982070775820561,0.978969820348768,0.975948512311588,0.971344063252545,0.966339789647187,0.951399348089027,0.899926585660291,0.446809257403053
0.868321026824739,0.941191061097251,0.957090688215152,0.963234880568429,0.965678991550012,0.968331722177327,0.971736418574395,0.975053056825196,0.979322329557913,0.983014542397878,0.986323587136335,0.989230021211172,0.992137705706628,0.994462217798621,0.996869140202869,0.998725106338672,1,0.998770782215146,0.996900845031556,0.994619548182437,0.992592244587224,0.990150225743253,0.988047580887147,0.986390427265591,0.985042989253474,0.981850707806519,0.978984134421711,0.974263374544782,0.969328221359739,0.954344793078039,0.903279313557231,0.45122587060659
0.862525125540911,0.937445798739927,0.954183787428083,0.96056479780781,0.962974274332125,0.965336966630687,0.9686294390834,0.971963796894382,0.976214950308738,0.979947946341302,0.983356814396331,0.986293203064702,0.989382796879171,0.991755379276471,0.994443690934806,0.996705313931622,0.998770782215146,1,0.998725579416743,0.996834837032186,0.994819649799512,0.992556853436762,0.990606180878511,0.989010885846977,0.987643538181431,0.984539383869522,0.981870444450658,0.977300218520216,0.972245843004746,0.957413840941791,0.908663580006127,0.459566034187953
0.859563437307238,0.934446622104572,0.951046660539039,0.958152407227216,0.960499631710699,0.962775091871735,0.966014580120547,0.969273114287264,0.973467574526344,0.977251004987211,0.98071513867591,0.983741780493045,0.987011952194382,0.989446184882064,0.992237774553554,0.994616925411908,0.996900845031556,0.998725579416743,1,0.998716263834375,0.996939624136835,0.994717016154052,0.992833547963564,0.990987195039383,0.98952485221959,0.986467040452885,0.98375557570591,0.979220327102133,0.973896427806434,0.958948255115692,0.910359211552731,0.461805194668677
0.856294670828619,0.931548356589023,0.947924724224083,0.955430692516018,0.957832555910871,0.960207240378644,0.963541526564544,0.966699225526549,0.970917807585134,0.97446597066186,0.977697961803968,0.980841733882485,0.984098600293388,0.98668682924304,0.989668741590485,0.992132732928837,0.994619548182437,0.996834837032186,0.998716263834375,1,0.998696863912106,0.996670689378682,0.994838514393808,0.992813845854969,0.991334055708613,0.988307331918456,0.985498206371477,0.981043847401661,0.975394121057026,0.960715787295612,0.912278750273574,0.463956626148368
0.853378213133041,0.927522301617438,0.944400595397421,0.952270200915191,0.954997667359913,0.957209639739168,0.960766384159976,0.963996331709741,0.968469709074401,0.972044143777569,0.975120990085565,0.978380103523105,0.981714788168134,0.984409289081339,0.987532713346983,0.990036158114847,0.992592244587224,0.994819649799512,0.996939624136835,0.998696863912106,1,0.998536655265356,0.996913880013981,0.994801958152825,0.993133955117744,0.99036426710472,0.987541596123121,0.983023625148477,0.977228614082389,0.963010216857676,0.915235656451955,0.470214054994227
0.847692390409723,0.923248696992252,0.940395581490231,0.948531501012994,0.951640887788602,0.953795039587091,0.9574829720327,0.960636066463042,0.965204753926743,0.968763029030276,0.972033202833737,0.975333480167439,0.978727010333746,0.98156700854918,0.9848252916289,0.987417797632197,0.990150225743253,0.992556853436762,0.994717016154052,0.996670689378682,0.998536655265356,1,0.998771806551712,0.996703164395539,0.994980787420342,0.99253230923122,0.98977910858417,0.98553893285309,0.979851578392184,0.966550406648651,0.920500729043166,0.476101852126775
0.842284963769309,0.919250498536087,0.936830703131843,0.94531895105483,0.948268144293883,0.95071353713273,0.95450460194622,0.957665827257347,0.962393161461302,0.965859975144365,0.969000370607411,0.972416955395508,0.975949832308681,0.978897360688429,0.982260753764548,0.985068989669666,0.988047580887147,0.990606180878511,0.992833547963564,0.994838514393808,0.996913880013981,0.998771806551712,1,0.998357093314174,0.996619583470591,0.994475987485226,0.991796060052212,0.987748140485924,0.982084077882121,0.969179066129617,0.923092171539754,0.480836558979131
0.83853194913389,0.917627598007609,0.9350316147031,0.943437484599112,0.946341804193244,0.948716324765971,0.952438777572474,0.955595154667574,0.960534711273344,0.964008368412977,0.967418592102931,0.970712345811911,0.974171384803011,0.977212354682701,0.980650653899306,0.983464705589981,0.986390427265591,0.989010885846977,0.990987195039383,0.992813845854969,0.994801958152825,0.996703164395539,0.998357093314174,1,0.99841545810458,0.996325277712167,0.993732384911381,0.990022858508991,0.984664162876184,0.972003538522324,0.927256865770073,0.483249273857349
0.835997186473401,0.915442121616954,0.933125075021482,0.941687558403413,0.944711637920161,0.947006614628135,0.951051442129933,0.954361999390058,0.959434561832824,0.96283906288683,0.96605829452829,0.969294271851148,0.972872651925471,0.975874328260536,0.9793636099778,0.982070775820561,0.985042989253474,0.987643538181431,0.98952485221959,0.991334055708613,0.993133955117744,0.994980787420342,0.996619583470591,0.99841545810458,1,0.998233274871937,0.995775996207763,0.992494251554202,0.987421313880702,0.974695818118187,0.929656637604255,0.488191513671772
0.831585706746103,0.910655420587614,0.929068421164879,0.93818044144089,0.941090362441684,0.943172975789599,0.947141977186381,0.950594590375553,0.955783332435633,0.959377684176812,0.962467598200902,0.965711838407864,0.969569414029168,0.972662903305373,0.976182279739926,0.978969820348768,0.981850707806519,0.984539383869522,0.986467040452885,0.988307331918456,0.99036426710472,0.99253230923122,0.994475987485226,0.996325277712167,0.998233274871937,1,0.997554688029226,0.994017820905718,0.989055079315709,0.977232591433469,0.933509445288542,0.492809877138087
0.826564084636081,0.905515928082568,0.92467033987154,0.934510835591611,0.937898947719182,0.939926751154395,0.943717020165122,0.947172637439747,0.952240277597595,0.956127793778029,0.959207535428979,0.9625898473331,0.966424546662494,0.969644388159555,0.973173800032952,0.975948512311588,0.978984134421711,0.981870444450658,0.98375557570591,0.985498206371477,0.987541596123121,0.98977910858417,0.991796060052212,0.993732384911381,0.995775996207763,0.997554688029226,1,0.996959044671087,0.992044189187982,0.980531985576965,0.936584685061592,0.495019846936012
0.818472557202693,0.898054491767849,0.918551558049054,0.929185416596362,0.932942361325323,0.934884209490498,0.938887092011231,0.942604935463711,0.947790556155906,0.951631390195671,0.954737735492501,0.958106869479007,0.961901815627804,0.965253265035625,0.968750353011492,0.971344063252545,0.974263374544782,0.977300218520216,0.979220327102133,0.981043847401661,0.983023625148477,0.98553893285309,0.987748140485924,0.990022858508991,0.992494251554202,0.994017820905718,0.996959044671087,1,0.995927748334037,0.984391269349996,0.940348538122509,0.504879166846436
0.813904209069263,0.890744728446645,0.912187282143301,0.923172981847667,0.927154882658399,0.928791224676113,0.933196168890941,0.937405732982106,0.942731609366277,0.946658445404193,0.949572816674375,0.953000941047193,0.956961136627825,0.960594821264952,0.96384857091426,0.966339789647187,0.969328221359739,0.972245843004746,0.973896427806434,0.975394121057026,0.977228614082389,0.979851578392184,0.982084077882121,0.984664162876184,0.987421313880702,0.989055079315709,0.992044189187982,0.995927748334037,1,0.989988347730611,0.947422295412565,0.513864279110953
0.794261091306366,0.869406705804729,0.891567229497036,0.90307032944472,0.907981041122903,0.910350963451891,0.914817417067566,0.919374069697874,0.925567609211713,0.929591924822111,0.932814707670423,0.936704164628506,0.941120221172967,0.945675233670766,0.948842268864235,0.951399348089027,0.954344793078039,0.957413840941791,0.958948255115692,0.960715787295612,0.963010216857676,0.966550406648651,0.969179066129617,0.972003538522324,0.974695818118187,0.977232591433469,0.980531985576965,0.984391269349996,0.989988347730611,1,0.967966611257493,0.557926439373127
0.729200157152503,0.806067400923306,0.830709983108494,0.842873480081954,0.848353111779866,0.850462031963313,0.855902258377466,0.861855403663637,0.868956663846066,0.874198097348274,0.878947939999708,0.883232049694225,0.888229037316713,0.8937396776131,0.897539238708078,0.899926585660291,0.903279313557231,0.908663580006127,0.910359211552731,0.912278750273574,0.915235656451955,0.920500729043166,0.923092171539754,0.927256865770073,0.929656637604255,0.933509445288542,0.936584685061592,0.940348538122509,0.947422295412565,0.967966611257493,1,0.611036470870199
0.298792260982466,0.346864103619474,0.367195683047041,0.378573148499903,0.382169727150281,0.38601368755116,0.395130019761797,0.401241720254016,0.411433958030013,0.414926513399057,0.420742038235983,0.422517914494441,0.428942636858001,0.437664214990663,0.442408103397525,0.446809257403053,0.45122587060659,0.459566034187953,0.461805194668677,0.463956626148368,0.470214054994227,0.476101852126775,0.480836558979131,0.483249273857349,0.488191513671772,0.492809877138087,0.495019846936012,0.504879166846436,0.513864279110953,0.557926439373127,0.611036470870199,1
