1,0.898507866555761,0.858879439434862,0.838263070624123,0.825880884460519,0.81659086292569,0.804511273232312,0.796103301357563,0.787123192575781,0.779390734816992,0.770878288596808,0.764297799092281,0.757820934794104,0.748371089989608,0.738813966960583,0.728627795327952,0.721716153252892,0.706942015737582,0.697466816934154,0.687662648845529,0.680757101390623,0.66842545792255,0.658263826923679,0.652216754116497,0.642599994247453,0.635436320320673,0.619933245089805,0.606239706280002,0.57901757747938,0.536156893483768,0.419723464191777,0.135795325118267
0.898507866555761,1,0.973279741055283,0.95942973832091,0.951439131773609,0.943556129539367,0.935445042242054,0.930524489273746,0.923873629110857,0.917190524870078,0.909806726429376,0.903633151564933,0.898980518620247,0.890638851929324,0.882508875151804,0.875416831894217,0.869250670174096,0.857152262888785,0.849165654815459,0.839915867771804,0.83387849580579,0.823382108077536,0.814639897382906,0.807105332216914,0.798387555210892,0.789463410268032,0.776511405431729,0.76186301497812,0.733427443016627,0.69145291548016,0.568064362926403,0.249659991681235
0.858879439434862,0.973279741055283,1,0.990398334772391,0.984530643156633,0.978495301803089,0.972563256574327,0.968040242474771,0.962568448118219,0.95716006811298,0.950612987356238,0.945373323326877,0.940874553156778,0.934443116304952,0.927378271951363,0.921318915553267,0.915633750667132,0.90414480363867,0.896423372904521,0.888136627822099,0.882611867879849,0.873217044183319,0.864776237940098,0.858669155694156,0.850130038636287,0.841497516596386,0.829687527996907,0.817118176318529,0.790909119763935,0.751595303828812,0.629166282171459,0.298159863879955
0.838263070624123,0.95942973832091,0.990398334772391,1,0.994747320399606,0.989314429835215,0.984516024029583,0.980426845414575,0.975720910864129,0.971172030198384,0.965285162759746,0.960573203175908,0.95626604649084,0.95046189893226,0.943953333162985,0.938048506834251,0.932744516216699,0.921589552450701,0.914313423807327,0.906407040357998,0.901264308057722,0.892534800335347,0.884838917169576,0.87953331074572,0.871115622139036,0.862994181663107,0.852086175257235,0.840268300196963,0.815627765675194,0.776842557481326,0.656366649009577,0.328125355427038
0.825880884460519,0.951439131773609,0.984530643156633,0.994747320399606,1,0.995827780947795,0.991824246316626,0.988129576169542,0.984041724280752,0.980130170415183,0.975283327747351,0.971149107772579,0.967314617955398,0.962146353075926,0.95636320359718,0.951103203803607,0.946261137113426,0.936357774096601,0.929724840623132,0.922475087574315,0.917690891168779,0.909508053610647,0.902178027853764,0.896955390993206,0.888991498209231,0.881235384422812,0.870536184240235,0.859591686407902,0.836143376219562,0.798877989898927,0.679117369492983,0.345687355133233
0.81659086292569,0.943556129539367,0.978495301803089,0.989314429835215,0.995827780947795,1,0.996653194694949,0.993423966831637,0.989641111266631,0.986246142998787,0.981950129780403,0.977881467877284,0.974480594554175,0.969417688116755,0.96345933361483,0.958266616210339,0.953460181150196,0.944113146568689,0.937838559991707,0.930883366144489,0.926021786995057,0.918318037561878,0.911494217900241,0.906559294428251,0.898890932992246,0.891762420959179,0.88155451356784,0.871128380550713,0.848612494746761,0.811502976184664,0.69157328289018,0.357800926602655
0.804511273232312,0.935445042242054,0.972563256574327,0.984516024029583,0.991824246316626,0.996653194694949,1,0.997360115722303,0.994498246848608,0.991524328857876,0.987451280712485,0.983552883573782,0.980322051364008,0.975769124073685,0.970121450719021,0.965008973137352,0.960295558877218,0.951584803415098,0.945320236983383,0.939007940467821,0.934497624044042,0.92713878615148,0.920740801422933,0.916391891843582,0.908963278174033,0.902241273845903,0.892674295723862,0.882678229857498,0.861270007400686,0.824967140973733,0.706269118045315,0.369981901818012
0.796103301357563,0.930524489273746,0.968040242474771,0.980426845414575,0.988129576169542,0.993423966831637,0.997360115722303,1,0.997573124665971,0.99465949846399,0.990852369639208,0.987044433411281,0.983832417783934,0.9793408847489,0.973870548239598,0.968619151860524,0.963943856689161,0.955366781448522,0.949557877349768,0.943374788460932,0.938873093909086,0.931373760219132,0.924990643330016,0.920535402764857,0.913396326845111,0.906978216097835,0.898044637466867,0.888161639104741,0.866794619107248,0.830858846562196,0.711281665766814,0.374528282111018
0.787123192575781,0.923873629110857,0.962568448118219,0.975720910864129,0.984041724280752,0.989641111266631,0.994498246848608,0.997573124665971,1,0.997919289398793,0.994852148961757,0.991393876900206,0.988174139495541,0.983867989503306,0.978740530405986,0.973472938829086,0.969029905171034,0.960610407397821,0.955212629031863,0.949330075021122,0.944740830070109,0.937931380277437,0.931567203803504,0.927427655382537,0.920455197278332,0.91410477002806,0.905474742653698,0.895732085535151,0.874620569530919,0.839099002499287,0.720417715675184,0.38150742715588
0.779390734816992,0.917190524870078,0.95716006811298,0.971172030198384,0.980130170415183,0.986246142998787,0.991524328857876,0.99465949846399,0.997919289398793,1,0.997831719978374,0.994698747372795,0.99158416577914,0.987443753118808,0.982715500280604,0.97776758631426,0.973780495686905,0.965678874881285,0.96040669269514,0.954830212567142,0.950456055067115,0.94386807567687,0.937898400952136,0.93440081979583,0.9278138945184,0.921806035931046,0.913605223455946,0.904372236326535,0.883779691609321,0.849097386117288,0.731471868170187,0.395696083104333
0.770878288596808,0.909806726429376,0.950612987356238,0.965285162759746,0.975283327747351,0.981950129780403,0.987451280712485,0.990852369639208,0.994852148961757,0.997831719978374,1,0.998045597219929,0.995210440691011,0.991543827409606,0.987530643180727,0.982893772488564,0.979460305402152,0.972153052622594,0.967474132608807,0.962334955331309,0.958062234996957,0.952044770840993,0.946313079061359,0.942852200946055,0.936992798642871,0.931595527384707,0.923703748939352,0.914914960576764,0.895401760479809,0.862283669549555,0.74716939374178,0.410340889727554
0.764297799092281,0.903633151564933,0.945373323326877,0.960573203175908,0.971149107772579,0.977881467877284,0.983552883573782,0.987044433411281,0.991393876900206,0.994698747372795,0.998045597219929,1,0.997977247320901,0.994947259732713,0.991587496053176,0.987280566705606,0.98379488103962,0.977264642432257,0.972625120795752,0.967704051287664,0.963532967996373,0.957839450832661,0.952381312786785,0.948954684882386,0.943548978929112,0.938577656659958,0.930971271446347,0.92291219860842,0.904224068972079,0.872506293679866,0.760864217266227,0.424192038153762
0.757820934794104,0.898980518620247,0.940874553156778,0.95626604649084,0.967314617955398,0.974480594554175,0.980322051364008,0.983832417783934,0.988174139495541,0.99158416577914,0.995210440691011,0.997977247320901,1,0.997983816346004,0.994987132931429,0.990944630205222,0.987584235930266,0.981575218179348,0.977141308927924,0.972586820983492,0.968577335918346,0.963044192875706,0.957770726752962,0.954483854781056,0.949085927783344,0.944520086471992,0.937235767801907,0.929297704820883,0.910938959449733,0.88038414316746,0.769448468689869,0.433160477065282
0.748371089989608,0.890638851929324,0.934443116304952,0.95046189893226,0.962146353075926,0.969417688116755,0.975769124073685,0.9793408847489,0.983867989503306,0.987443753118808,0.991543827409606,0.994947259732713,0.997983816346004,1,0.998144446853664,0.994806660601511,0.991600295619454,0.986317668863363,0.982342166847231,0.97820926993455,0.974356236178162,0.969256445771286,0.964383165250649,0.961362136382125,0.956335653982141,0.952003203614367,0.945407244186076,0.937790734445545,0.920592310987475,0.891466252863066,0.784690571152561,0.448204486091547
0.738813966960583,0.882508875151804,0.927378271951363,0.943953333162985,0.95636320359718,0.96345933361483,0.970121450719021,0.973870548239598,0.978740530405986,0.982715500280604,0.987530643180727,0.991587496053176,0.994987132931429,0.998144446853664,1,0.998016247746817,0.995321955059806,0.99100985632962,0.987401951493322,0.983622239568185,0.979959735904763,0.975272651310476,0.970826348782497,0.968043448934373,0.963497190202793,0.959307803049862,0.953136583946651,0.946032511440153,0.930159371805273,0.902457766191197,0.799743426762349,0.463930485797155
0.728627795327952,0.875416831894217,0.921318915553267,0.938048506834251,0.951103203803607,0.958266616210339,0.965008973137352,0.968619151860524,0.973472938829086,0.97776758631426,0.982893772488564,0.987280566705606,0.990944630205222,0.994806660601511,0.998016247746817,1,0.998269507642446,0.995000855823297,0.992004610902089,0.988559830909398,0.985298742584956,0.98113511316348,0.977086510468289,0.974349180878559,0.970179582136912,0.965886517192548,0.959914762560932,0.953019434430237,0.937849326368628,0.911677065546882,0.811117398383862,0.475616486423191
0.721716153252892,0.869250670174096,0.915633750667132,0.932744516216699,0.946261137113426,0.953460181150196,0.960295558877218,0.963943856689161,0.969029905171034,0.973780495686905,0.979460305402152,0.98379488103962,0.987584235930266,0.991600295619454,0.995321955059806,0.998269507642446,1,0.997800801345747,0.995290742618276,0.992077810450065,0.989001607662476,0.985287962949589,0.981190992396192,0.978552295951918,0.974461359722955,0.970429778648804,0.96467516561274,0.958129886146137,0.943154245365088,0.917403574488798,0.818124143160113,0.486561574177769
0.706942015737582,0.857152262888785,0.90414480363867,0.921589552450701,0.936357774096601,0.944113146568689,0.951584803415098,0.955366781448522,0.960610407397821,0.965678874881285,0.972153052622594,0.977264642432257,0.981575218179348,0.986317668863363,0.99100985632962,0.995000855823297,0.997800801345747,1,0.998391654114854,0.995846843408134,0.993204911681375,0.989971653084506,0.986425456037638,0.983869241200197,0.980692663423978,0.977079685543385,0.971801497164439,0.96627521872672,0.952444238046798,0.928668840460879,0.834481989891936,0.504016195263176
0.697466816934154,0.849165654815459,0.896423372904521,0.914313423807327,0.929724840623132,0.937838559991707,0.945320236983383,0.949557877349768,0.955212629031863,0.96040669269514,0.967474132608807,0.972625120795752,0.977141308927924,0.982342166847231,0.987401951493322,0.992004610902089,0.995290742618276,0.998391654114854,1,0.998275554225656,0.996064229445607,0.99329889329655,0.989959493038807,0.987313805209205,0.984429605124929,0.980938408434958,0.975869414714967,0.970397180971957,0.95703246320036,0.934043884302981,0.841550807495896,0.51213815674288
0.687662648845529,0.839915867771804,0.888136627822099,0.906407040357998,0.922475087574315,0.930883366144489,0.939007940467821,0.943374788460932,0.949330075021122,0.954830212567142,0.962334955331309,0.967704051287664,0.972586820983492,0.97820926993455,0.983622239568185,0.988559830909398,0.992077810450065,0.995846843408134,0.998275554225656,1,0.998442083428025,0.996223113797477,0.993225117068281,0.990573053993147,0.987739081408232,0.984286719778677,0.97922206243538,0.973936237958215,0.96109384862056,0.938961898372821,0.847493464446404,0.520261397523004
0.680757101390623,0.83387849580579,0.882611867879849,0.901264308057722,0.917690891168779,0.926021786995057,0.934497624044042,0.938873093909086,0.944740830070109,0.950456055067115,0.958062234996957,0.963532967996373,0.968577335918346,0.974356236178162,0.979959735904763,0.985298742584956,0.989001607662476,0.993204911681375,0.996064229445607,0.998442083428025,1,0.998416826606111,0.995720209483468,0.993064527649091,0.990177840114269,0.986550618474652,0.981673005462108,0.977048433998938,0.964571268782189,0.942329423384658,0.851925166389545,0.524562522026499
0.66842545792255,0.823382108077536,0.873217044183319,0.892534800335347,0.909508053610647,0.918318037561878,0.92713878615148,0.931373760219132,0.937931380277437,0.94386807567687,0.952044770840993,0.957839450832661,0.963044192875706,0.969256445771286,0.975272651310476,0.98113511316348,0.985287962949589,0.989971653084506,0.99329889329655,0.996223113797477,0.998416826606111,1,0.998255722489478,0.995940409301866,0.993332419193564,0.98989898195877,0.985556991662405,0.981345648447467,0.969819537465831,0.948622769384054,0.861992024850872,0.536542686626123
0.658263826923679,0.814639897382906,0.864776237940098,0.884838917169576,0.902178027853764,0.911494217900241,0.920740801422933,0.924990643330016,0.931567203803504,0.937898400952136,0.946313079061359,0.952381312786785,0.957770726752962,0.964383165250649,0.970826348782497,0.977086510468289,0.981190992396192,0.986425456037638,0.989959493038807,0.993225117068281,0.995720209483468,0.998255722489478,1,0.998370578208475,0.995808563444156,0.992378760837891,0.988435701624295,0.984445981551706,0.973664967251343,0.953640315768573,0.870694760742452,0.546546601064977
0.652216754116497,0.807105332216914,0.858669155694156,0.87953331074572,0.896955390993206,0.906559294428251,0.916391891843582,0.920535402764857,0.927427655382537,0.93440081979583,0.942852200946055,0.948954684882386,0.954483854781056,0.961362136382125,0.968043448934373,0.974349180878559,0.978552295951918,0.983869241200197,0.987313805209205,0.990573053993147,0.993064527649091,0.995940409301866,0.998370578208475,1,0.997659858829554,0.994552681254386,0.990754389459782,0.986656801567498,0.976309706356406,0.957456963725491,0.876353009539748,0.555304074495421
0.642599994247453,0.798387555210892,0.850130038636287,0.871115622139036,0.888991498209231,0.898890932992246,0.908963278174033,0.913396326845111,0.920455197278332,0.9278138945184,0.936992798642871,0.943548978929112,0.949085927783344,0.956335653982141,0.963497190202793,0.970179582136912,0.974461359722955,0.980692663423978,0.984429605124929,0.987739081408232,0.990177840114269,0.993332419193564,0.995808563444156,0.997659858829554,1,0.997721074197216,0.994174011633287,0.990157517398481,0.981181007070737,0.963590162354461,0.884531682905949,0.563416220142314
0.635436320320673,0.789463410268032,0.841497516596386,0.862994181663107,0.881235384422812,0.891762420959179,0.902241273845903,0.906978216097835,0.91410477002806,0.921806035931046,0.931595527384707,0.938577656659958,0.944520086471992,0.952003203614367,0.959307803049862,0.965886517192548,0.970429778648804,0.977079685543385,0.980938408434958,0.984286719778677,0.986550618474652,0.98989898195877,0.992378760837891,0.994552681254386,0.997721074197216,1,0.997382528072524,0.993887502970002,0.98599500182907,0.969278183605765,0.891453738638303,0.570696118740013
0.619933245089805,0.776511405431729,0.829687527996907,0.852086175257235,0.870536184240235,0.88155451356784,0.892674295723862,0.898044637466867,0.905474742653698,0.913605223455946,0.923703748939352,0.930971271446347,0.937235767801907,0.945407244186076,0.953136583946651,0.959914762560932,0.96467516561274,0.971801497164439,0.975869414714967,0.97922206243538,0.981673005462108,0.985556991662405,0.988435701624295,0.990754389459782,0.994174011633287,0.997382528072524,1,0.996667073014957,0.990058771870205,0.974643338769232,0.900455301456444,0.586992735304007
0.606239706280002,0.76186301497812,0.817118176318529,0.840268300196963,0.859591686407902,0.871128380550713,0.882678229857498,0.888161639104741,0.895732085535151,0.904372236326535,0.914914960576764,0.92291219860842,0.929297704820883,0.937790734445545,0.946032511440153,0.953019434430237,0.958129886146137,0.96627521872672,0.970397180971957,0.973936237958215,0.977048433998938,0.981345648447467,0.984445981551706,0.986656801567498,0.990157517398481,0.993887502970002,0.996667073014957,1,0.994891497604726,0.980507575437664,0.909582171314931,0.601689959012965
0.57901757747938,0.733427443016627,0.790909119763935,0.815627765675194,0.836143376219562,0.848612494746761,0.861270007400686,0.866794619107248,0.874620569530919,0.883779691609321,0.895401760479809,0.904224068972079,0.910938959449733,0.920592310987475,0.930159371805273,0.937849326368628,0.943154245365088,0.952444238046798,0.95703246320036,0.96109384862056,0.964571268782189,0.969819537465831,0.973664967251343,0.976309706356406,0.981181007070737,0.98599500182907,0.990058771870205,0.994891497604726,1,0.989906903315144,0.927425152882648,0.619044576558839
0.536156893483768,0.69145291548016,0.751595303828812,0.776842557481326,0.798877989898927,0.811502976184664,0.824967140973733,0.830858846562196,0.839099002499287,0.849097386117288,0.862283669549555,0.872506293679866,0.88038414316746,0.891466252863066,0.902457766191197,0.911677065546882,0.917403574488798,0.928668840460879,0.934043884302981,0.938961898372821,0.942329423384658,0.948622769384054,0.953640315768573,0.957456963725491,0.963590162354461,0.969278183605765,0.974643338769232,0.980507575437664,0.989906903315144,1,0.952433492709487,0.656977176403702
0.419723464191777,0.568064362926403,0.629166282171459,0.656366649009577,0.679117369492983,0.69157328289018,0.706269118045315,0.711281665766814,0.720417715675184,0.731471868170187,0.74716939374178,0.760864217266227,0.769448468689869,0.784690571152561,0.799743426762349,0.811117398383862,0.818124143160113,0.834481989891936,0.841550807495896,0.847493464446404,0.851925166389545,0.861992024850872,0.870694760742452,0.876353009539748,0.884531682905949,0.891453738638303,0.900455301456444,0.909582171314931,0.927425152882648,0.952433492709487,1,0.755151797959106
0.135795325118267,0.249659991681235,0.298159863879955,0.328125355427038,0.345687355133233,0.357800926602655,0.369981901818012,0.374528282111018,0.38150742715588,0.395696083104333,0.410340889727554,0.424192038153762,0.433160477065282,0.448204486091547,0.463930485797155,0.475616486423191,0.486561574177769,0.504016195263176,0.51213815674288,0.520261397523004,0.524562522026499,0.536542686626123,0.546546601064977,0.555304074495421,0.563416220142314,0.570696118740013,0.586992735304007,0.601689959012965,0.619044576558839,0.656977176403702,0.755151797959106,1
