1,0.958078949138441,0.886837467388005,0.82216325545999,0.77000162651738,0.728791259487608,0.696018182325163,0.669581716627726,0.64792173568808,0.629909445473819,0.614726649614383,0.616371381133804,0.620987229984534,0.624167854020622,0.626213558233613,0.627367563389848,0.627825109830477,0.627741968946622,0.627241911461542,0.626423012122623,0.625362841892581,0.620241683792285,0.602179333000159,0.585053070715284,0.569201236377766,0.554712368779677,0.541550085895262,0.529621212782829,0.518811727739193,0.509005018393578,0.500090602447914,0.491967800155205
0.958078949138441,1,0.982048654313092,0.950790401848022,0.92052411841967,0.894419369543058,0.872557393820279,0.85430990887076,0.838992499830185,0.826021886797477,0.814934147497523,0.815907035716396,0.818389197142309,0.819301419717046,0.819011783422905,0.817813285508081,0.815936942637901,0.813563608861609,0.810834085709248,0.807857488745594,0.804718022697601,0.80001243149456,0.789178444862105,0.77749138350843,0.765785150594978,0.754497849131505,0.743839992303796,0.733894090194035,0.724672464544189,0.71615045964373,0.708285360672814,0.701027049947806
0.886837467388005,0.982048654313092,1,0.992165888699715,0.977693656778912,0.962723197971775,0.949040676698393,0.937015820885572,0.926571939891694,0.917511476726569,0.909624887152083,0.910111133150372,0.911075458991153,0.91045266597603,0.90863868908352,0.905945950866311,0.902618499205355,0.898845463871381,0.894772445404197,0.890510858042081,0.886145438402512,0.881927792061512,0.876346293270397,0.868772634868593,0.860329002364397,0.851663687604895,0.843140164714809,0.834952852277617,0.827196692351167,0.819908694448349,0.813092705991804,0.806734181104641
0.82216325545999,0.950790401848022,0.992165888699715,1,0.996273539901708,0.98897253942827,0.980977099198467,0.97331063288646,0.966300455596595,0.960008369435341,0.954397436538576,0.954551791137685,0.954491841343222,0.95286469752904,0.950076933809719,0.946447676058329,0.942224789266496,0.937599153933619,0.932716677253038,0.927688098418156,0.922596835037097,0.918785538025337,0.916792824603647,0.912092832292381,0.905976541666866,0.899218665347658,0.892276813959991,0.885415688051632,0.878783076200955,0.872456098588841,0.866469364728973,0.860832174691722
0.77000162651738,0.92052411841967,0.977693656778912,0.996273539901708,1,0.998060687453661,0.994064646102359,0.989477245100756,0.984901734965739,0.980578414696878,0.976589851264855,0.976513658065798,0.975747096247067,0.973441413030392,0.97000681368064,0.965764136785837,0.960961618391354,0.955789603981327,0.95039287958162,0.944880706718008,0.939334830324247,0.935838893489213,0.936342080391301,0.933669001552304,0.929215380350859,0.923836133182144,0.918049682158638,0.912166832407198,0.90637050766465,0.900764816005447,0.895405288921799,0.890317604763484
0.728791259487608,0.894419369543058,0.962723197971775,0.98897253942827,0.998060687453661,1,0.998908909834224,0.996564972256583,0.99376779414297,0.990885387346368,0.988086185928223,0.987843953979674,0.98657096292408,0.983786235356748,0.979900698473465,0.975234941874861,0.97003632037369,0.964493912254213,0.958751024188192,0.952915345488407,0.947067035503234,0.943814882989614,0.946117087065423,0.944919249483474,0.941686228316014,0.93732686757066,0.932401078689128,0.927251502841071,0.922085574868228,0.917026398709639,0.912144348667775,0.907476804798463
0.696018182325163,0.872557393820279,0.949040676698393,0.980977099198467,0.994064646102359,0.998908909834224,1,0.999345159835481,0.997889274230409,0.99609523299756,0.994195462043261,0.993829278382837,0.992179586365151,0.98904255192883,0.984828597654245,0.97985731011023,0.974374753202172,0.96856857311403,0.962580601787385,0.95651707482167,0.95045675791169,0.947395781551913,0.951041813703383,0.950953806694159,0.948644756434647,0.945061651483976,0.940794104567265,0.936207769060802,0.931527940812223,0.926891661737521,0.922380262591842,0.918039807315012
0.669581716627726,0.85430990887076,0.937015820885572,0.97331063288646,0.989477245100756,0.996564972256583,0.999345159835481,1,0.999585520253801,0.998637426594119,0.997437376563129,0.996975705549612,0.995036623794399,0.991631331272929,0.987169243875002,0.981968691583066,0.976274368971879,0.970272531138412,0.96410365463886,0.957872689372817,0.951657203079598,0.948748940434296,0.95343068904564,0.954202701106186,0.952612999495684,0.949636706159691,0.945885561577153,0.941742500225343,0.937446318512897,0.933144651787417,0.928927197754955,0.924846679447413
0.64792173568808,0.838992499830185,0.926571939891694,0.966300455596595,0.984901734965739,0.99376779414297,0.997889274230409,0.999585520253801,1,0.999725852920729,0.999083643142876,0.998546431597438,0.996378917228592,0.992763376653649,0.988108041807064,0.982729945101674,0.976872462725254,0.970720568747304,0.964413529927067,0.958055175045764,0.951722046151907,0.948938007474731,0.954439421467399,0.955894966646342,0.954879086173582,0.952388373491274,0.949051602264332,0.945265098068366,0.941278175346125,0.937246759765693,0.933267122103053,0.929397234228979
0.629909445473819,0.826021886797477,0.917511476726569,0.960008369435341,0.980578414696878,0.990885387346368,0.99609523299756,0.998637426594119,0.999725852920729,1,0.999811879077039,0.999213558132145,0.996861582428266,0.993077255280196,0.988267596170698,0.98274838840289,0.976761787146023,0.970491611534018,0.964076059261392,0.95761798382905,0.951193046296198,0.948511741782887,0.954676434001463,0.956687012883987,0.956138447062992,0.95404418376986,0.951046465571035,0.947552266885468,0.943819304171369,0.940010150377125,0.936226363368154,0.93253014850618
0.614726649614383,0.814934147497523,0.909624887152083,0.954397436538576,0.976589851264855,0.988086185928223,0.994195462043261,0.997437376563129,0.999083643142876,0.999811879077039,1,0.99935130493222,0.996847499462084,0.992924922144832,0.987989419073968,0.982355607679413,0.976264531099796,0.969898975403442,0.963396195297064,0.956858193659752,0.950359870329754,0.947764783349279,0.954476370459102,0.956945900178924,0.956784682017561,0.955019703950608,0.952304099406097,0.949053495238505,0.945532461061771,0.941909008876526,0.938289034163551,0.934738223447033
0.616371381133804,0.815907035716396,0.910111133150372,0.954551791137685,0.976513658065798,0.987843953979674,0.993829278382837,0.996975705549612,0.998546431597438,0.999213558132145,0.99935130493222,1,0.999053172321187,0.996544921323768,0.992894004931433,0.988427686476305,0.983398948921389,0.978001585265601,0.97238283622256,0.966653667462516,0.960896965752853,0.958591680767138,0.96432694744254,0.965945777953012,0.965044305792811,0.962633885775985,0.95935336248097,0.955605986261442,0.951645882784216,0.947632358816469,0.943664088757459,0.939800772366464
0.620987229984534,0.818389197142309,0.911075458991153,0.954491841343222,0.975747096247067,0.98657096292408,0.992179586365151,0.995036623794399,0.996378917228592,0.996861582428266,0.996847499462084,0.999053172321187,1,0.999214765999462,0.997131191884825,0.994091340231922,0.990362264118568,0.986150795723221,0.981616055103584,0.976879706821124,0.972034199403777,0.970057108516163,0.974486325910517,0.974977128821962,0.973100900067927,0.969845366719114,0.965828620441836,0.961436379294026,0.956908228642462,0.952391510670845,0.947975073857985,0.943710536883836
0.624167854020622,0.819301419717046,0.91045266597603,0.95286469752904,0.973441413030392,0.983786235356748,0.98904255192883,0.991631331272929,0.992763376653649,0.993077255280196,0.992924922144832,0.996544921323768,0.999214765999462,1,0.999347257910394,0.997611516617194,0.99507220306145,0.991947683613793,0.98840763485344,0.984583264518135,0.98057557684627,0.978900633955227,0.98213311780379,0.981595802490175,0.978834941175409,0.974815115530078,0.970134498949739,0.965162207120124,0.960124188642672,0.955156646647506,0.950339334638193,0.945716426706196
0.626213558233613,0.819011783422905,0.90863868908352,0.950076933809719,0.97000681368064,0.979900698473465,0.984828597654245,0.987169243875002,0.988108041807064,0.988267596170698,0.987989419073968,0.992894004931433,0.997131191884825,0.999347257910394,1,0.999455684075569,0.9980046367542,0.995875442068391,0.993247169489222,0.990259548359897,0.987021245521216,0.985624084819307,0.987760997751402,0.986287009744107,0.982723345123334,0.978012162042515,0.972732654283523,0.967238294767937,0.961742289238742,0.956370498142334,0.951194273291712,0.946250940559506
0.627367563389848,0.817813285508081,0.905945950866311,0.946447676058329,0.965764136785837,0.975234941874861,0.97985731011023,0.981968691583066,0.982729945101674,0.98274838840289,0.982355607679413,0.988427686476305,0.994091340231922,0.997611516617194,0.999455684075569,1,0.999544413516434,0.998326578761328,0.996533938595182,0.994313844954321,0.991781838253725,0.990639941911402,0.991773941199339,0.989446263474486,0.985153541894339,0.979816382990999,0.973995987826748,0.968031141230923,0.962123169012511,0.956388343135066,0.950890261607775,0.945659953934961
0.627825109830477,0.815936942637901,0.902618499205355,0.942224789266496,0.960961618391354,0.97003632037369,0.974374753202172,0.976274368971879,0.976872462725254,0.976761787146023,0.976264531099796,0.983398948921389,0.990362264118568,0.99507220306145,0.9980046367542,0.999544413516434,1,0.999617121879813,0.99859070401701,0.997074931681252,0.995191523684607,0.994284255387607,0.994499616281733,0.991393124819445,0.986437488756355,0.980532719363493,0.974223021171148,0.967833417942577,0.961554174658124,0.955492679986927,0.949705377404409,0.944217506332857
0.627741968946622,0.813563608861609,0.898845463871381,0.937599153933619,0.955789603981327,0.964493912254213,0.96856857311403,0.970272531138412,0.970720568747304,0.970491611534018,0.969898975403442,0.978001585265601,0.986150795723221,0.991947683613793,0.995875442068391,0.998326578761328,0.999617121879813,1,0.999676841091194,0.998807971476591,0.997520676597109,0.99682923077361,0.996202253954563,0.992384268846517,0.986824870540473,0.980404469028102,0.973651251546267,0.966877366153422,0.960262785457879,0.953906668365391,0.947858854219628,0.942139254157591
0.627241911461542,0.810834085709248,0.894772445404197,0.932716677253038,0.95039287958162,0.958751024188192,0.962580601787385,0.96410365463886,0.964413529927067,0.964076059261392,0.963396195297064,0.97238283622256,0.981616055103584,0.98840763485344,0.993247169489222,0.996533938595182,0.99859070401701,0.999676841091194,1,0.999726040782644,0.998987277159142,0.998494578932516,0.997094150796072,0.992625077406073,0.986514741374974,0.979624950357013,0.972468819660891,0.965346457473203,0.958428259103459,0.951805755665847,0.945522685503209,0.93959405109944
0.626423012122623,0.807857488745594,0.890510858042081,0.927688098418156,0.944880706718008,0.952915345488407,0.95651707482167,0.957872689372817,0.958055175045764,0.95761798382905,0.956858193659752,0.966653667462516,0.976879706821124,0.984583264518135,0.990259548359897,0.994313844954321,0.997074931681252,0.998807971476591,0.999726040782644,1,0.999766717002556,0.999457296577012,0.997345515942463,0.992279509183427,0.985665391084238,0.978347348726924,0.970824326741174,0.963385176125819,0.956191376540743,0.949327383524544,0.942831292946104,0.936713579088489
0.625362841892581,0.804718022697601,0.886145438402512,0.922596835037097,0.939334830324247,0.947067035503234,0.95045675791169,0.951657203079598,0.951722046151907,0.951193046296198,0.950359870329754,0.960896965752853,0.972034199403777,0.98057557684627,0.987021245521216,0.991781838253725,0.995191523684607,0.997520676597109,0.998987277159142,0.999766717002556,1,0.999859856950324,0.997092673674273,0.991478285151073,0.984402496922224,0.976692825626534,0.968834896797177,0.961107033002208,0.953662408133245,0.946578907403661,0.93988940134431,0.933600180567192
0.620241683792285,0.80001243149456,0.881927792061512,0.918785538025337,0.935838893489213,0.943814882989614,0.947395781551913,0.948748940434296,0.948938007474731,0.948511741782887,0.947764783349279,0.958591680767138,0.970057108516163,0.978900633955227,0.985624084819307,0.990639941911402,0.994284255387607,0.99682923077361,0.998494578932516,0.999457296577012,0.999859856950324,1,0.997853775210432,0.992757224905355,0.986116165432471,0.978774376933129,0.971230387189272,0.963772662539146,0.956562344497639,0.949683598495634,0.943174274491303,0.937044639414716
0.602179333000159,0.789178444862105,0.876346293270397,0.916792824603647,0.936342080391301,0.946117087065423,0.951041813703383,0.95343068904564,0.954439421467399,0.954676434001463,0.954476370459102,0.96432694744254,0.974486325910517,0.98213311780379,0.987760997751402,0.991773941199339,0.994499616281733,0.996202253954563,0.997094150796072,0.997345515942463,0.997092673674273,0.997853775210432,1,0.998493363569828,0.994873417042578,0.990093561860533,0.984739823143571,0.979169779960579,0.973599063522123,0.968154922382549,0.962909455956046,0.957900343190019
0.585053070715284,0.77749138350843,0.868772634868593,0.912092832292381,0.933669001552304,0.944919249483474,0.950953806694159,0.954202701106186,0.955894966646342,0.956687012883987,0.956945900178924,0.965945777953012,0.974977128821962,0.981595802490175,0.986287009744107,0.989446263474486,0.991393124819445,0.992384268846517,0.992625077406073,0.992279509183427,0.991478285151073,0.992757224905355,0.998493363569828,1,0.998923664593283,0.996306468649142,0.99280582183044,0.988836036774031,0.984657693535163,0.980433723095935,0.976264687094996,0.972211110799069
0.569201236377766,0.765785150594978,0.860329002364397,0.905976541666866,0.929215380350859,0.941686228316014,0.948644756434647,0.952612999495684,0.954879086173582,0.956138447062992,0.956784682017561,0.965044305792811,0.973100900067927,0.978834941175409,0.982723345123334,0.985153541894339,0.986437488756355,0.986824870540473,0.986514741374974,0.985665391084238,0.984402496922224,0.986116165432471,0.994873417042578,0.998923664593283,1,0.999217073078514,0.997291090750422,0.994683349542795,0.991691812907146,0.988509191687747,0.985259870633237,0.982023545017933
0.554712368779677,0.754497849131505,0.851663687604895,0.899218665347658,0.923836133182144,0.93732686757066,0.945061651483976,0.949636706159691,0.952388373491274,0.95404418376986,0.955019703950608,0.962633885775985,0.969845366719114,0.974815115530078,0.978012162042515,0.979816382990999,0.980532719363493,0.980404469028102,0.979624950357013,0.978347348726924,0.976692825626534,0.978774376933129,0.990093561860533,0.996306468649142,0.999217073078514,1,0.999420388639538,0.997978825326288,0.996004652490744,0.993715653627214,0.991256321601054,0.988722567000173
0.541550085895262,0.743839992303796,0.843140164714809,0.892276813959991,0.918049682158638,0.932401078689128,0.940794104567265,0.945885561577153,0.949051602264332,0.951046465571035,0.952304099406097,0.95935336248097,0.965828620441836,0.970134498949739,0.972732654283523,0.973995987826748,0.974223021171148,0.973651251546267,0.972468819660891,0.970824326741174,0.968834896797177,0.971230387189272,0.984739823143571,0.99280582183044,0.997291090750422,0.999420388639538,1,0.999563691025344,0.998467391693535,0.996950186527615,0.995173689501165,0.993247643602462
0.529621212782829,0.733894090194035,0.834952852277617,0.885415688051632,0.912166832407198,0.927251502841071,0.936207769060802,0.941742500225343,0.945265098068366,0.947552266885468,0.949053495238505,0.955605986261442,0.961436379294026,0.965162207120124,0.967238294767937,0.968031141230923,0.967833417942577,0.966877366153422,0.965346457473203,0.963385176125819,0.961107033002208,0.963772662539146,0.979169779960579,0.988836036774031,0.994683349542795,0.997978825326288,0.999563691025344,1,0.99966641660121,0.998820282623264,0.997637915367117,0.996240956421201
0.518811727739193,0.724672464544189,0.827196692351167,0.878783076200955,0.90637050766465,0.922085574868228,0.931527940812223,0.937446318512897,0.941278175346125,0.943819304171369,0.945532461061771,0.951645882784216,0.956908228642462,0.960124188642672,0.961742289238742,0.962123169012511,0.961554174658124,0.960262785457879,0.958428259103459,0.956191376540743,0.953662408133245,0.956562344497639,0.973599063522123,0.984657693535163,0.991691812907146,0.996004652490744,0.998467391693535,0.99966641660121,1,0.999741264043729,0.999079256720773,0.998145936917244
0.509005018393578,0.71615045964373,0.819908694448349,0.872456098588841,0.900764816005447,0.917026398709639,0.926891661737521,0.933144651787417,0.937246759765693,0.940010150377125,0.941909008876526,0.947632358816469,0.952391510670845,0.955156646647506,0.956370498142334,0.956388343135066,0.955492679986927,0.953906668365391,0.951805755665847,0.949327383524544,0.946578907403661,0.949683598495634,0.968154922382549,0.980433723095935,0.988509191687747,0.993715653627214,0.996950186527615,0.998820282623264,0.999741264043729,1,0.999796646105621,0.999272174911925
0.500090602447914,0.708285360672814,0.813092705991804,0.866469364728973,0.895405288921799,0.912144348667775,0.922380262591842,0.928927197754955,0.933267122103053,0.936226363368154,0.938289034163551,0.943664088757459,0.947975073857985,0.950339334638193,0.951194273291712,0.950890261607775,0.949705377404409,0.947858854219628,0.945522685503209,0.942831292946104,0.93988940134431,0.943174274491303,0.962909455956046,0.976264687094996,0.985259870633237,0.991256321601054,0.995173689501165,0.997637915367117,0.999079256720773,0.999796646105621,1,0.999838221027819
0.491967800155205,0.701027049947806,0.806734181104641,0.860832174691722,0.890317604763484,0.907476804798463,0.918039807315012,0.924846679447413,0.929397234228979,0.93253014850618,0.934738223447033,0.939800772366464,0.943710536883836,0.945716426706196,0.946250940559506,0.945659953934961,0.944217506332857,0.942139254157591,0.93959405109944,0.936713579088489,0.933600180567192,0.937044639414716,0.957900343190019,0.972211110799069,0.982023545017933,0.988722567000173,0.993247643602462,0.996240956421201,0.998145936917244,0.999272174911925,0.999838221027819,1
