1,0.910821398767973,0.893535737678497,0.880098507384983,0.867908074097412,0.856990110541911,0.847037002430007,0.838075484171175,0.828875786297451,0.820433262885072,0.811374419986872,0.802264444711033,0.789485444089362,0.779216136966485,0.766314260598215,0.750199988989708,0.731098836698569,0.715724070217027,0.697752378139076,0.68176149496369,0.666233498562049,0.651132645822393,0.639692710368518,0.627380194483601,0.617572078609034,0.601122526942309,0.587746839608063,0.569361358814893,0.547828822165398,0.502297184558213,0.340908801016327,-0.0209166904438431
0.910821398767973,1,0.981273378074198,0.970041434548942,0.961065764545031,0.951033554932723,0.942908328883954,0.935878611867031,0.929597453711555,0.923416253469788,0.915760970642911,0.907632503902441,0.896762123491856,0.887430270375847,0.877728251113467,0.864206712330618,0.847472371858949,0.833142504780274,0.815748324115374,0.800637550116994,0.786241524423519,0.772797610198562,0.76227712987787,0.749864811393075,0.738723838292496,0.721677831846809,0.705459401189897,0.687225758598681,0.661899950240679,0.614056073260908,0.449642969984508,0.024124871248732
0.893535737678497,0.981273378074198,1,0.990531859040382,0.98255657434623,0.974942082617189,0.968869387375615,0.962974601453059,0.95791039291877,0.952649034082783,0.946495396947669,0.939679359244724,0.929815551946151,0.922431316494604,0.913260318681496,0.901348721130932,0.886900719944262,0.874730630188431,0.859850440628806,0.845438679135282,0.832082296853513,0.819358652388561,0.809187447991146,0.797371979472371,0.786563307807771,0.771315992622842,0.756093755694779,0.737240290986179,0.712416008429987,0.666692572975927,0.505765802079171,0.0410751864005893
0.880098507384983,0.970041434548942,0.990531859040382,1,0.994035753482013,0.988033088792368,0.983139789419945,0.978057267344141,0.973505463137904,0.968772249638924,0.963031664561924,0.956581759344965,0.947059121903518,0.93993370189104,0.931104684214906,0.92019468642915,0.907374291758066,0.895622583325449,0.881558956538059,0.868040286250241,0.855342030408235,0.84367475491572,0.833838302493401,0.822871250171171,0.812534818744394,0.7978973903353,0.783367586201489,0.765238038590893,0.740541896168694,0.695556619064921,0.533698739934606,0.0583904975245643
0.867908074097412,0.961065764545031,0.98255657434623,0.994035753482013,1,0.994970261422563,0.990575754057108,0.985659376720968,0.981185021081262,0.976827744800757,0.971755479147122,0.965739466743698,0.956925024663644,0.949992554978889,0.942345047225977,0.932651133720785,0.920542965850137,0.909464424660817,0.896097785405674,0.883650608408471,0.871946095323322,0.860707337655931,0.850904378807306,0.840537793358549,0.83080829043145,0.816733969753587,0.802724719957952,0.78495894885829,0.760731369540501,0.716627774586412,0.553884097115342,0.064656424962291
0.856990110541911,0.951033554932723,0.974942082617189,0.988033088792368,0.994970261422563,1,0.996829872831266,0.992613121628476,0.988583058364599,0.984936236622949,0.980805533079447,0.975121065993581,0.96717257285054,0.960631656278376,0.953853144608079,0.944958737666466,0.934096417216034,0.923634378271261,0.911101265760289,0.899666812012295,0.888341570668027,0.877710974868862,0.868210757142338,0.858740351659379,0.849701488803527,0.836070881628966,0.822908420727769,0.805845911024574,0.781796083926236,0.738722585245085,0.577579581415185,0.0799151725453232
0.847037002430007,0.942908328883954,0.968869387375615,0.983139789419945,0.990575754057108,0.996829872831266,1,0.996784839805631,0.993332550868808,0.989779442493422,0.98583893296101,0.980642893014419,0.973056015818744,0.966679151949006,0.960222919075372,0.951289106084886,0.94136078837006,0.931616824682307,0.920040779983313,0.909257895044046,0.898723430145322,0.888562385814785,0.87962005385798,0.870619873672435,0.862248443616581,0.849041980268206,0.836176069346264,0.819077141524802,0.794903653528944,0.752585598463592,0.591000322220082,0.0910994708487428
0.838075484171175,0.935878611867031,0.962974601453059,0.978057267344141,0.985659376720968,0.992613121628476,0.996784839805631,1,0.99736260829335,0.994161422324978,0.990315647764071,0.985452780071206,0.978236421809924,0.972225617875567,0.965707751166892,0.956711971710769,0.947450170721058,0.938642770143572,0.927731767489489,0.917164639394922,0.907047272455446,0.897693007194493,0.889514709462142,0.881106185449453,0.873075977691716,0.860550391309125,0.848655299484859,0.831843163608963,0.807699802410266,0.766261754869575,0.608102383406525,0.0987550441653166
0.828875786297451,0.929597453711555,0.95791039291877,0.973505463137904,0.981185021081262,0.988583058364599,0.993332550868808,0.99736260829335,1,0.997502941575344,0.99423428837255,0.990003983762361,0.983832390237336,0.978271419822741,0.97194823532107,0.963334493213591,0.954738996700028,0.946401512192637,0.936230581896722,0.926083457742569,0.916398636028883,0.907611378435633,0.899656121393261,0.892029720012414,0.884872200921963,0.873102375104496,0.861596747758474,0.845539289950594,0.822170814725572,0.781586111646676,0.625333788790541,0.112080871969332
0.820433262885072,0.923416253469788,0.952649034082783,0.968772249638924,0.976827744800757,0.984936236622949,0.989779442493422,0.994161422324978,0.997502941575344,1,0.997766075536212,0.994076643940563,0.988574220474205,0.983249881476491,0.9774739122354,0.969639037485084,0.961327232168843,0.953037264454004,0.9432193557414,0.933494590755849,0.924549710248767,0.916062552077928,0.908607091341019,0.901230298036161,0.89467775860834,0.883314697506863,0.872788955237449,0.857574502556567,0.835374370902794,0.795167747217171,0.639547990525567,0.120677075461648
0.811374419986872,0.915760970642911,0.946495396947669,0.963031664561924,0.971755479147122,0.980805533079447,0.98583893296101,0.990315647764071,0.99423428837255,0.997766075536212,1,0.997598205752866,0.993251951200897,0.988482856393695,0.983105777572206,0.975775100777265,0.96769273468388,0.959693410967642,0.950078607795859,0.940800060852322,0.932483296933276,0.924544181518178,0.917261639039608,0.910460374195516,0.904434321295053,0.893772467221643,0.88357207818881,0.869030946523598,0.847290090442452,0.807696443186659,0.655163200359352,0.128197316563462
0.802264444711033,0.907632503902441,0.939679359244724,0.956581759344965,0.965739466743698,0.975121065993581,0.980642893014419,0.985452780071206,0.990003983762361,0.994076643940563,0.997598205752866,1,0.997220073029829,0.993199926177097,0.988082993914526,0.981136837345014,0.973541864030095,0.966131231747056,0.957158156758057,0.948340746922558,0.940525193730758,0.932756552103894,0.926013235616908,0.919715806752644,0.914258613092723,0.904275603768332,0.894415558508133,0.880614611080304,0.859676737167444,0.822006598572665,0.67075270204899,0.1401966303826
0.789485444089362,0.896762123491856,0.929815551946151,0.947059121903518,0.956925024663644,0.96717257285054,0.973056015818744,0.978236421809924,0.983832390237336,0.988574220474205,0.993251951200897,0.997220073029829,1,0.997504233193579,0.993397027924512,0.987518193104945,0.980738952899057,0.974037289100538,0.965607275172667,0.957473487770293,0.950097386637924,0.943023373816423,0.936665181556145,0.930826089513812,0.925851969179396,0.916968539477699,0.9077044391234,0.894946456592118,0.875700954794585,0.840490804084996,0.693558941514214,0.153831994437647
0.779216136966485,0.887430270375847,0.922431316494604,0.93993370189104,0.949992554978889,0.960631656278376,0.966679151949006,0.972225617875567,0.978271419822741,0.983249881476491,0.988482856393695,0.993199926177097,0.997504233193579,1,0.997326706104296,0.992796786746105,0.987006377654274,0.98068726982214,0.973029352939312,0.965231418254064,0.957978803991823,0.951165876692714,0.944936866493574,0.939468702331979,0.934585284233003,0.926053872617773,0.917386421871413,0.905140986709861,0.887168208193721,0.853856767145889,0.710826089624697,0.163838982452298
0.766314260598215,0.877728251113467,0.913260318681496,0.931104684214906,0.942345047225977,0.953853144608079,0.960222919075372,0.965707751166892,0.97194823532107,0.9774739122354,0.983105777572206,0.988082993914526,0.993397027924512,0.997326706104296,1,0.997610188895907,0.993264010551719,0.987833654828361,0.980859127020822,0.973917675292297,0.967237727929281,0.960683531905793,0.954654584828745,0.949695288359121,0.945279875673547,0.937508341607345,0.929452259196194,0.91756174431611,0.900926757214837,0.868239740680855,0.72933312973011,0.175597275212906
0.750199988989708,0.864206712330618,0.901348721130932,0.92019468642915,0.932651133720785,0.944958737666466,0.951289106084886,0.956711971710769,0.963334493213591,0.969639037485084,0.975775100777265,0.981136837345014,0.987518193104945,0.992796786746105,0.997610188895907,1,0.997186401900961,0.992854806152743,0.986727530198833,0.980561442217773,0.974605348396648,0.968504919497988,0.962565871171576,0.958014299757147,0.953570152472883,0.946552505520834,0.938986753585625,0.927933140967156,0.912748141927362,0.88225366935349,0.746597784814451,0.188216784666759
0.731098836698569,0.847472371858949,0.886900719944262,0.907374291758066,0.920542965850137,0.934096417216034,0.94136078837006,0.947450170721058,0.954738996700028,0.961327232168843,0.96769273468388,0.973541864030095,0.980738952899057,0.987006377654274,0.993264010551719,0.997186401900961,1,0.997638348039599,0.993126219469351,0.987738537717549,0.982724994329063,0.977201367946655,0.971730220123865,0.96743649814909,0.963450978583423,0.957100466675746,0.950146612899226,0.939364494196687,0.924984464881249,0.895814611432898,0.763142054183232,0.202964874020648
0.715724070217027,0.833142504780274,0.874730630188431,0.895622583325449,0.909464424660817,0.923634378271261,0.931616824682307,0.938642770143572,0.946401512192637,0.953037264454004,0.959693410967642,0.966131231747056,0.974037289100538,0.98068726982214,0.987833654828361,0.992854806152743,0.997638348039599,1,0.997518430997173,0.993270554917609,0.989022710790889,0.984034488807098,0.978868758108215,0.974717872001505,0.970804534084221,0.964825147058059,0.958489833093913,0.948256548625507,0.933978333052335,0.905381762785556,0.774539472072718,0.213635859938425
0.697752378139076,0.815748324115374,0.859850440628806,0.881558956538059,0.896097785405674,0.911101265760289,0.920040779983313,0.927731767489489,0.936230581896722,0.9432193557414,0.950078607795859,0.957158156758057,0.965607275172667,0.973029352939312,0.980859127020822,0.986727530198833,0.993126219469351,0.997518430997173,1,0.997545767361106,0.994206952607377,0.990034583965918,0.985328150390083,0.981797780684408,0.977878733898456,0.972340921854635,0.966410344332982,0.956568943170627,0.942515569029428,0.915303835010265,0.787212717999767,0.228556995258743
0.68176149496369,0.800637550116994,0.845438679135282,0.868040286250241,0.883650608408471,0.899666812012295,0.909257895044046,0.917164639394922,0.926083457742569,0.933494590755849,0.940800060852322,0.948340746922558,0.957473487770293,0.965231418254064,0.973917675292297,0.980561442217773,0.987738537717549,0.993270554917609,0.997545767361106,1,0.997878740904078,0.994485155302131,0.990344941541068,0.987083218765611,0.983594310753998,0.978586499973656,0.972982881591304,0.963914833938713,0.950291782474885,0.924233957038472,0.799649922293423,0.2413684662725
0.666233498562049,0.786241524423519,0.832082296853513,0.855342030408235,0.871946095323322,0.888341570668027,0.898723430145322,0.907047272455446,0.916398636028883,0.924549710248767,0.932483296933276,0.940525193730758,0.950097386637924,0.957978803991823,0.967237727929281,0.974605348396648,0.982724994329063,0.989022710790889,0.994206952607377,0.997878740904078,1,0.997841184598712,0.994488772547023,0.991557169705778,0.988415198801786,0.983772729374,0.978512660801196,0.970230206851906,0.95719462859228,0.932153971855147,0.811654385059386,0.254938396338733
0.651132645822393,0.772797610198562,0.819358652388561,0.84367475491572,0.860707337655931,0.877710974868862,0.888562385814785,0.897693007194493,0.907611378435633,0.916062552077928,0.924544181518178,0.932756552103894,0.943023373816423,0.951165876692714,0.960683531905793,0.968504919497988,0.977201367946655,0.984034488807098,0.990034583965918,0.994485155302131,0.997841184598712,1,0.997749222771763,0.995182334912892,0.991830161545429,0.987740757185739,0.982871068109314,0.97532815333813,0.962950835767816,0.939115313731752,0.822906893299291,0.266297678631991
0.639692710368518,0.76227712987787,0.809187447991146,0.833838302493401,0.850904378807306,0.868210757142338,0.87962005385798,0.889514709462142,0.899656121393261,0.908607091341019,0.917261639039608,0.926013235616908,0.936665181556145,0.944936866493574,0.954654584828745,0.962565871171576,0.971730220123865,0.978868758108215,0.985328150390083,0.990344941541068,0.994488772547023,0.997749222771763,1,0.998008114027488,0.994383643747373,0.990421389775451,0.985857556671617,0.978673122591896,0.967041591344837,0.943526469217588,0.827451857486917,0.271222217105281
0.627380194483601,0.749864811393075,0.797371979472371,0.822871250171171,0.840537793358549,0.858740351659379,0.870619873672435,0.881106185449453,0.892029720012414,0.901230298036161,0.910460374195516,0.919715806752644,0.930826089513812,0.939468702331979,0.949695288359121,0.958014299757147,0.96743649814909,0.974717872001505,0.981797780684408,0.987083218765611,0.991557169705778,0.995182334912892,0.998008114027488,1,0.997264668699467,0.993885952555381,0.989719089345927,0.98291780818899,0.971712234890685,0.9491750972319,0.836317581940922,0.2816390568075
0.617572078609034,0.738723838292496,0.786563307807771,0.812534818744394,0.83080829043145,0.849701488803527,0.862248443616581,0.873075977691716,0.884872200921963,0.89467775860834,0.904434321295053,0.914258613092723,0.925851969179396,0.934585284233003,0.945279875673547,0.953570152472883,0.963450978583423,0.970804534084221,0.977878733898456,0.983594310753998,0.988415198801786,0.991830161545429,0.994383643747373,0.997264668699467,1,0.997018727412925,0.993504492203352,0.987519710939484,0.976540105318948,0.95511767909681,0.844673205993336,0.298616123851914
0.601122526942309,0.721677831846809,0.771315992622842,0.7978973903353,0.816733969753587,0.836070881628966,0.849041980268206,0.860550391309125,0.873102375104496,0.883314697506863,0.893772467221643,0.904275603768332,0.916968539477699,0.926053872617773,0.937508341607345,0.946552505520834,0.957100466675746,0.964825147058059,0.972340921854635,0.978586499973656,0.983772729374,0.987740757185739,0.990421389775451,0.993885952555381,0.997018727412925,1,0.997053448409905,0.99215342765669,0.98295021720737,0.963985200020458,0.861073232308097,0.31738284947925
0.587746839608063,0.705459401189897,0.756093755694779,0.783367586201489,0.802724719957952,0.822908420727769,0.836176069346264,0.848655299484859,0.861596747758474,0.872788955237449,0.88357207818881,0.894415558508133,0.9077044391234,0.917386421871413,0.929452259196194,0.938986753585625,0.950146612899226,0.958489833093913,0.966410344332982,0.972982881591304,0.978512660801196,0.982871068109314,0.985857556671617,0.989719089345927,0.993504492203352,0.997053448409905,1,0.995813915723904,0.987586743928045,0.969700234117412,0.869557291832868,0.326067048615663
0.569361358814893,0.687225758598681,0.737240290986179,0.765238038590893,0.78495894885829,0.805845911024574,0.819077141524802,0.831843163608963,0.845539289950594,0.857574502556567,0.869030946523598,0.880614611080304,0.894946456592118,0.905140986709861,0.91756174431611,0.927933140967156,0.939364494196687,0.948256548625507,0.956568943170627,0.963914833938713,0.970230206851906,0.97532815333813,0.978673122591896,0.98291780818899,0.987519710939484,0.99215342765669,0.995813915723904,1,0.994118786858565,0.978671377517362,0.886950630507304,0.350519869946088
0.547828822165398,0.661899950240679,0.712416008429987,0.740541896168694,0.760731369540501,0.781796083926236,0.794903653528944,0.807699802410266,0.822170814725572,0.835374370902794,0.847290090442452,0.859676737167444,0.875700954794585,0.887168208193721,0.900926757214837,0.912748141927362,0.924984464881249,0.933978333052335,0.942515569029428,0.950291782474885,0.95719462859228,0.962950835767816,0.967041591344837,0.971712234890685,0.976540105318948,0.98295021720737,0.987586743928045,0.994118786858565,1,0.989865972046091,0.907215113776132,0.380492579706391
0.502297184558213,0.614056073260908,0.666692572975927,0.695556619064921,0.716627774586412,0.738722585245085,0.752585598463592,0.766261754869575,0.781586111646676,0.795167747217171,0.807696443186659,0.822006598572665,0.840490804084996,0.853856767145889,0.868239740680855,0.88225366935349,0.895814611432898,0.905381762785556,0.915303835010265,0.924233957038472,0.932153971855147,0.939115313731752,0.943526469217588,0.9491750972319,0.95511767909681,0.963985200020458,0.969700234117412,0.978671377517362,0.989865972046091,1,0.933674273274871,0.42337378026948
0.340908801016327,0.449642969984508,0.505765802079171,0.533698739934606,0.553884097115342,0.577579581415185,0.591000322220082,0.608102383406525,0.625333788790541,0.639547990525567,0.655163200359352,0.67075270204899,0.693558941514214,0.710826089624697,0.72933312973011,0.746597784814451,0.763142054183232,0.774539472072718,0.787212717999767,0.799649922293423,0.811654385059386,0.822906893299291,0.827451857486917,0.836317581940922,0.844673205993336,0.861073232308097,0.869557291832868,0.886950630507304,0.907215113776132,0.933674273274871,1,0.582435092598582
-0.0209166904438431,0.024124871248732,0.0410751864005893,0.0583904975245643,0.064656424962291,0.0799151725453232,0.0910994708487428,0.0987550441653166,0.112080871969332,0.120677075461648,0.128197316563462,0.1401966303826,0.153831994437647,0.163838982452298,0.175597275212906,0.188216784666759,0.202964874020648,0.213635859938425,0.228556995258743,0.2413684662725,0.254938396338733,0.266297678631991,0.271222217105281,0.2816390568075,0.298616123851914,0.31738284947925,0.326067048615663,0.350519869946088,0.380492579706391,0.42337378026948,0.582435092598582,1
