1,0.887228870419727,0.864968328194824,0.854376721049028,0.845674814042365,0.840867175027474,0.833420091273216,0.82740042328138,0.820939423103206,0.815132298373353,0.809002069229817,0.804019698008518,0.799195968396996,0.796805215597651,0.79226773520748,0.788569927700109,0.786921568386788,0.785114638955452,0.779046717059036,0.775100675096107,0.774875811340592,0.77409370044897,0.77102827464558,0.767619650522324,0.762819065789558,0.755421526487298,0.750219050805244,0.737270297430349,0.718210404841199,0.667607674686087,0.541311847329987,0.268780830602846
0.887228870419727,1,0.986022350738544,0.979329805790777,0.972180378222061,0.966646858588667,0.961147125560569,0.956404944403294,0.951881879279184,0.947131678852478,0.943033880813318,0.940554101301413,0.937218531561808,0.93523786613275,0.932126374258685,0.929013254911775,0.927028521380941,0.925217821294914,0.920980708856681,0.918216121554719,0.916396334887,0.915296080272157,0.912474336172458,0.909715869845637,0.90593551074124,0.899271878686642,0.894237440083248,0.882590961510644,0.863745347917979,0.816141441828844,0.683954753013963,0.360319798990259
0.864968328194824,0.986022350738544,1,0.993047093570306,0.987602880356829,0.982622367994383,0.977388894958825,0.973253813857493,0.969042610090423,0.964425147389221,0.960555911794412,0.958130623341724,0.955230748664117,0.953399068795306,0.950778056315345,0.948271290158526,0.946324817259751,0.944609532900389,0.941003524434044,0.939065594431215,0.937476304287073,0.936207298432707,0.933751550366409,0.931431840506517,0.927639236727721,0.921597319570815,0.916914045547054,0.906266858884297,0.888082643754962,0.842760315240434,0.712053866011146,0.385310880222004
0.854376721049028,0.979329805790777,0.993047093570306,1,0.995731719861888,0.990826201212107,0.986665057766627,0.983119253953969,0.97970386134228,0.975535797964164,0.971644186873729,0.968991668034923,0.966415095827181,0.964449599648926,0.961815260783249,0.959629457834842,0.95763957004322,0.956153136812742,0.953115274239037,0.951351058724055,0.950090246565438,0.949354190717004,0.946875797190191,0.944639361306003,0.941026126499195,0.935911982384607,0.931367611023549,0.921031791821269,0.903127085763459,0.859698356434042,0.729539523764127,0.392559271761609
0.845674814042365,0.972180378222061,0.987602880356829,0.995731719861888,1,0.996409241131303,0.992755599661882,0.989618835975197,0.98646675634835,0.982429233161121,0.978490545127217,0.976096251858469,0.973543511683314,0.971487602764034,0.968931354503547,0.966669987729039,0.964531550835032,0.962876566587895,0.959963984899765,0.958288926890672,0.956920767888309,0.956267281962849,0.95368374083118,0.951645103034445,0.948275109804658,0.94342662268492,0.939242977817363,0.929237215554123,0.912301805262084,0.869949804082289,0.739858664429494,0.400739064967321
0.840867175027474,0.966646858588667,0.982622367994383,0.990826201212107,0.996409241131303,1,0.997402209504515,0.994629264899308,0.991600709859111,0.988047873523295,0.984518366584385,0.982362747108747,0.979925221892338,0.978117827710164,0.975650773883198,0.973372626207449,0.971391665917094,0.969486149611559,0.966714063760315,0.965051452362807,0.96397365899597,0.963288381349411,0.961039357234199,0.959231458254843,0.955916645102453,0.951219284652137,0.947315366504284,0.937721123783393,0.921216795284336,0.879511560377549,0.750370361936607,0.40947267270033
0.833420091273216,0.961147125560569,0.977388894958825,0.986665057766627,0.992755599661882,0.997402209504515,1,0.998069368071612,0.995407335554665,0.992145772958134,0.989152183641676,0.987108753709286,0.984611656473138,0.982985955662018,0.980567255037995,0.978420651508957,0.976338837013225,0.974607496246664,0.972210858405794,0.970598011683301,0.969692114702112,0.969134944801356,0.96709776531179,0.965488175851672,0.962417865196746,0.958096817048836,0.954382593170067,0.945402045902084,0.929394532300389,0.889546708255026,0.763216429823327,0.422957903667913
0.82740042328138,0.956404944403294,0.973253813857493,0.983119253953969,0.989618835975197,0.994629264899308,0.998069368071612,1,0.998386862097866,0.995721772212853,0.992988531698209,0.991032115195536,0.988753798050547,0.987167772978575,0.985111680595855,0.983070964023658,0.981094577583222,0.979507918453234,0.977277156359126,0.975724176986006,0.974982854312481,0.974473144707581,0.972417009041059,0.970836719946231,0.968168546758174,0.964014863489754,0.960261926449748,0.951760763159166,0.936684955848735,0.897898294462392,0.774303401204116,0.433855931362181
0.820939423103206,0.951881879279184,0.969042610090423,0.97970386134228,0.98646675634835,0.991600709859111,0.995407335554665,0.998386862097866,1,0.998363743303571,0.996150264768247,0.994238027953719,0.992367619394426,0.990917214473649,0.989026349212954,0.98724874057647,0.985349828840396,0.983862893354593,0.981759792357757,0.98014372336001,0.979434270253059,0.978925110371448,0.976684031732174,0.974996729537129,0.972525673315749,0.968663850561953,0.965212244784947,0.956858570540704,0.942277610921628,0.904043354013711,0.781321408605578,0.44015076685754
0.815132298373353,0.947131678852478,0.964425147389221,0.975535797964164,0.982429233161121,0.988047873523295,0.992145772958134,0.995721772212853,0.998363743303571,1,0.998512535752629,0.996885399564861,0.995223867653096,0.99361910356409,0.991817174620486,0.989933488464564,0.988189296337383,0.986745915789836,0.984802937050539,0.98341360887224,0.982691121509805,0.982108169066934,0.979901538622262,0.978301651176175,0.975922745713177,0.972287353305981,0.968992841330886,0.960881217255933,0.946349649543861,0.908841606064059,0.786997406862562,0.444874125334237
0.809002069229817,0.943033880813318,0.960555911794412,0.971644186873729,0.978490545127217,0.984518366584385,0.989152183641676,0.992988531698209,0.996150264768247,0.998512535752629,1,0.99884564881843,0.99744352899999,0.995944745492006,0.994264873419229,0.992577127691923,0.990951588552511,0.989612673271455,0.987881672397909,0.98659874529721,0.985697991544186,0.984934036681417,0.982838615085908,0.981259545408596,0.978946486744509,0.975532639498517,0.972181379934076,0.96420234371423,0.949790740924657,0.912707482789137,0.791607840604989,0.448253180737155
0.804019698008518,0.940554101301413,0.958130623341724,0.968991668034923,0.976096251858469,0.982362747108747,0.987108753709286,0.991032115195536,0.994238027953719,0.996885399564861,0.99884564881843,1,0.998962414196945,0.99765435253006,0.996007703921231,0.994399821259705,0.992839369021731,0.99155068900288,0.989814527359517,0.988600936672227,0.987610453119279,0.98679770845258,0.984891207209899,0.983334642179533,0.981038485553323,0.977531004013938,0.974270723159151,0.966325544284672,0.952570658528392,0.915946117330834,0.79511967343531,0.452524680731719
0.799195968396996,0.937218531561808,0.955230748664117,0.966415095827181,0.973543511683314,0.979925221892338,0.984611656473138,0.988753798050547,0.992367619394426,0.995223867653096,0.99744352899999,0.998962414196945,1,0.999099391978408,0.997683707894784,0.996226893331689,0.994712198206434,0.993479100751899,0.991819700348828,0.990642696591049,0.989527663915875,0.988724999138296,0.986715505077731,0.985063416103987,0.982693814530896,0.97928522845921,0.975990339536905,0.968063693612384,0.954723504167915,0.918114652661242,0.797783018129653,0.455602172065265
0.796805215597651,0.93523786613275,0.953399068795306,0.964449599648926,0.971487602764034,0.978117827710164,0.982985955662018,0.987167772978575,0.990917214473649,0.99361910356409,0.995944745492006,0.99765435253006,0.999099391978408,1,0.998968337508791,0.997711786723243,0.996274098169788,0.995177558267261,0.993580151949898,0.992367259604927,0.991223525120659,0.990377234781108,0.988482070351525,0.986793035429934,0.984263740163444,0.980777818452852,0.977459243204214,0.969579168178492,0.956428940646318,0.920165449673352,0.800387629626665,0.458924408011636
0.79226773520748,0.932126374258685,0.950778056315345,0.961815260783249,0.968931354503547,0.975650773883198,0.980567255037995,0.985111680595855,0.989026349212954,0.991817174620486,0.994264873419229,0.996007703921231,0.997683707894784,0.998968337508791,1,0.999045312318014,0.997826257103323,0.996745095075811,0.99531478789375,0.994005644448344,0.992991842594466,0.992002180894979,0.990225123109376,0.988484891017172,0.986143817234098,0.982748022356358,0.979411916731924,0.971511955547543,0.958506086892559,0.922621461737357,0.804700584445432,0.465110222433349
0.788569927700109,0.929013254911775,0.948271290158526,0.959629457834842,0.966669987729039,0.973372626207449,0.978420651508957,0.983070964023658,0.98724874057647,0.989933488464564,0.992577127691923,0.994399821259705,0.996226893331689,0.997711786723243,0.999045312318014,1,0.999138075076937,0.998159177055558,0.996891825256604,0.995637565534789,0.994657426452909,0.993626698368814,0.991929663004953,0.990265634243385,0.988003917722355,0.984696585440804,0.981519142900139,0.973678464676433,0.961047278541623,0.92557380641824,0.808669574187849,0.468745471267439
0.786921568386788,0.927028521380941,0.946324817259751,0.95763957004322,0.964531550835032,0.971391665917094,0.976338837013225,0.981094577583222,0.985349828840396,0.988189296337383,0.990951588552511,0.992839369021731,0.994712198206434,0.996274098169788,0.997826257103323,0.999138075076937,1,0.999112216045604,0.997986228961953,0.996731440289841,0.995908925733936,0.994838313301569,0.993366964967496,0.99173118537233,0.989578076010967,0.986359157299305,0.983239868775664,0.975519617614583,0.962845730096522,0.927830019989471,0.81188405916544,0.47200810576926
0.785114638955452,0.925217821294914,0.944609532900389,0.956153136812742,0.962876566587895,0.969486149611559,0.974607496246664,0.979507918453234,0.983862893354593,0.986745915789836,0.989612673271455,0.99155068900288,0.993479100751899,0.995177558267261,0.996745095075811,0.998159177055558,0.999112216045604,1,0.999087086247296,0.997895766078865,0.997088574541364,0.996030318956024,0.994525369580502,0.992877461408027,0.990812851962125,0.98780857154958,0.984616989776104,0.977285915329795,0.965225662464066,0.93115404361644,0.816806777039161,0.475709677727672
0.779046717059036,0.920980708856681,0.941003524434044,0.953115274239037,0.959963984899765,0.966714063760315,0.972210858405794,0.977277156359126,0.981759792357757,0.984802937050539,0.987881672397909,0.989814527359517,0.991819700348828,0.993580151949898,0.99531478789375,0.996891825256604,0.997986228961953,0.999087086247296,1,0.999107516788319,0.998242027002497,0.997174060208276,0.995694508691818,0.99403926483202,0.992200486935017,0.989505123522722,0.98630568388457,0.97934210798071,0.967461971655431,0.934492034560618,0.822341149719969,0.48118176386711
0.775100675096107,0.918216121554719,0.939065594431215,0.951351058724055,0.958288926890672,0.965051452362807,0.970598011683301,0.975724176986006,0.98014372336001,0.98341360887224,0.98659874529721,0.988600936672227,0.990642696591049,0.992367259604927,0.994005644448344,0.995637565534789,0.996731440289841,0.997895766078865,0.999107516788319,1,0.999130878262492,0.998156739577533,0.996806270734855,0.995151235632004,0.993321513106476,0.990728883453942,0.98771359945821,0.981375108873635,0.969989591172331,0.937819562131471,0.826673950663735,0.485035414210824
0.774875811340592,0.916396334887,0.937476304287073,0.950090246565438,0.956920767888309,0.96397365899597,0.969692114702112,0.974982854312481,0.979434270253059,0.982691121509805,0.985697991544186,0.987610453119279,0.989527663915875,0.991223525120659,0.992991842594466,0.994657426452909,0.995908925733936,0.997088574541364,0.998242027002497,0.999130878262492,1,0.999179095974287,0.9980659795554,0.996564880153543,0.994735165202497,0.99219487887558,0.989202920810809,0.983123892045123,0.971765213905402,0.940231393203505,0.831207272141739,0.492316185314359
0.77409370044897,0.915296080272157,0.936207298432707,0.949354190717004,0.956267281962849,0.963288381349411,0.969134944801356,0.974473144707581,0.978925110371448,0.982108169066934,0.984934036681417,0.98679770845258,0.988724999138296,0.990377234781108,0.992002180894979,0.993626698368814,0.994838313301569,0.996030318956024,0.997174060208276,0.998156739577533,0.999179095974287,1,0.998959299503999,0.997597384166415,0.995816853990613,0.993457497834288,0.990563354180557,0.984660999237697,0.973530239147746,0.942485590449149,0.834361206249184,0.495958729882024
0.77102827464558,0.912474336172458,0.933751550366409,0.946875797190191,0.95368374083118,0.961039357234199,0.96709776531179,0.972417009041059,0.976684031732174,0.979901538622262,0.982838615085908,0.984891207209899,0.986715505077731,0.988482070351525,0.990225123109376,0.991929663004953,0.993366964967496,0.994525369580502,0.995694508691818,0.996806270734855,0.9980659795554,0.998959299503999,1,0.998769762949689,0.996979948587703,0.994698418619496,0.991959572832837,0.986514941171194,0.975487683870581,0.945390841146005,0.839460643061047,0.502500510963421
0.767619650522324,0.909715869845637,0.931431840506517,0.944639361306003,0.951645103034445,0.959231458254843,0.965488175851672,0.970836719946231,0.974996729537129,0.978301651176175,0.981259545408596,0.983334642179533,0.985063416103987,0.986793035429934,0.988484891017172,0.990265634243385,0.99173118537233,0.992877461408027,0.99403926483202,0.995151235632004,0.996564880153543,0.997597384166415,0.998769762949689,1,0.998720091430893,0.996740951058458,0.994303050469553,0.989506601259042,0.979391120736964,0.951041993324809,0.848805352436083,0.515717805388872
0.762819065789558,0.90593551074124,0.927639236727721,0.941026126499195,0.948275109804658,0.955916645102453,0.962417865196746,0.968168546758174,0.972525673315749,0.975922745713177,0.978946486744509,0.981038485553323,0.982693814530896,0.984263740163444,0.986143817234098,0.988003917722355,0.989578076010967,0.990812851962125,0.992200486935017,0.993321513106476,0.994735165202497,0.995816853990613,0.996979948587703,0.998720091430893,1,0.998439908709877,0.996208302097086,0.991971486638984,0.982398693258618,0.955562802716857,0.855831596529205,0.524649848556459
0.755421526487298,0.899271878686642,0.921597319570815,0.935911982384607,0.94342662268492,0.951219284652137,0.958096817048836,0.964014863489754,0.968663850561953,0.972287353305981,0.975532639498517,0.977531004013938,0.97928522845921,0.980777818452852,0.982748022356358,0.984696585440804,0.986359157299305,0.98780857154958,0.989505123522722,0.990728883453942,0.99219487887558,0.993457497834288,0.994698418619496,0.996740951058458,0.998439908709877,1,0.998310698122097,0.994695682092224,0.986302229262521,0.961976076259692,0.866214027635593,0.534875688591339
0.750219050805244,0.894237440083248,0.916914045547054,0.931367611023549,0.939242977817363,0.947315366504284,0.954382593170067,0.960261926449748,0.965212244784947,0.968992841330886,0.972181379934076,0.974270723159151,0.975990339536905,0.977459243204214,0.979411916731924,0.981519142900139,0.983239868775664,0.984616989776104,0.98630568388457,0.98771359945821,0.989202920810809,0.990563354180557,0.991959572832837,0.994303050469553,0.996208302097086,0.998310698122097,1,0.996874894113755,0.989318909707075,0.966363643131965,0.872441942288033,0.545528771902582
0.737270297430349,0.882590961510644,0.906266858884297,0.921031791821269,0.929237215554123,0.937721123783393,0.945402045902084,0.951760763159166,0.956858570540704,0.960881217255933,0.96420234371423,0.966325544284672,0.968063693612384,0.969579168178492,0.971511955547543,0.973678464676433,0.975519617614583,0.977285915329795,0.97934210798071,0.981375108873635,0.983123892045123,0.984660999237697,0.986514941171194,0.989506601259042,0.991971486638984,0.994695682092224,0.996874894113755,1,0.994935004260661,0.976683933673518,0.891181323360898,0.565641800381411
0.718210404841199,0.863745347917979,0.888082643754962,0.903127085763459,0.912301805262084,0.921216795284336,0.929394532300389,0.936684955848735,0.942277610921628,0.946349649543861,0.949790740924657,0.952570658528392,0.954723504167915,0.956428940646318,0.958506086892559,0.961047278541623,0.962845730096522,0.965225662464066,0.967461971655431,0.969989591172331,0.971765213905402,0.973530239147746,0.975487683870581,0.979391120736964,0.982398693258618,0.986302229262521,0.989318909707075,0.994935004260661,1,0.987045625746776,0.912033990723442,0.585871698659995
0.667607674686087,0.816141441828844,0.842760315240434,0.859698356434042,0.869949804082289,0.879511560377549,0.889546708255026,0.897898294462392,0.904043354013711,0.908841606064059,0.912707482789137,0.915946117330834,0.918114652661242,0.920165449673352,0.922621461737357,0.92557380641824,0.927830019989471,0.93115404361644,0.934492034560618,0.937819562131471,0.940231393203505,0.942485590449149,0.945390841146005,0.951041993324809,0.955562802716857,0.961976076259692,0.966363643131965,0.976683933673518,0.987045625746776,1,0.953531495413771,0.634638754046466
0.541311847329987,0.683954753013963,0.712053866011146,0.729539523764127,0.739858664429494,0.750370361936607,0.763216429823327,0.774303401204116,0.781321408605578,0.786997406862562,0.791607840604989,0.79511967343531,0.797783018129653,0.800387629626665,0.804700584445432,0.808669574187849,0.81188405916544,0.816806777039161,0.822341149719969,0.826673950663735,0.831207272141739,0.834361206249184,0.839460643061047,0.848805352436083,0.855831596529205,0.866214027635593,0.872441942288033,0.891181323360898,0.912033990723442,0.953531495413771,1,0.733596236989528
0.268780830602846,0.360319798990259,0.385310880222004,0.392559271761609,0.400739064967321,0.40947267270033,0.422957903667913,0.433855931362181,0.44015076685754,0.444874125334237,0.448253180737155,0.452524680731719,0.455602172065265,0.458924408011636,0.465110222433349,0.468745471267439,0.47200810576926,0.475709677727672,0.48118176386711,0.485035414210824,0.492316185314359,0.495958729882024,0.502500510963421,0.515717805388872,0.524649848556459,0.534875688591339,0.545528771902582,0.565641800381411,0.585871698659995,0.634638754046466,0.733596236989528,1
