1,0.918148604057675,0.901989215817549,0.89084664183952,0.888362419919718,0.884086552044228,0.878170671497467,0.873652928035899,0.869529604272039,0.866840982446232,0.863142966213509,0.86007247735318,0.859779301033161,0.858667618031918,0.857715741046221,0.855536981914975,0.852998014215426,0.851308390610562,0.8461988069415,0.841249378474054,0.836206007192389,0.833400558360545,0.83113466040139,0.83006948966513,0.827120354198294,0.823732510471172,0.821281227355784,0.813879612892134,0.80145961341292,0.783008403504841,0.748328939057299,0.471716962545304
0.918148604057675,1,0.983245044291638,0.972963040068923,0.969295226104298,0.965142651102154,0.960237092713871,0.957288725568468,0.954842124988732,0.953114587795442,0.950004649610935,0.94656113979022,0.944247600078448,0.94137539954491,0.939708308345813,0.93739153589573,0.935883455944541,0.934836292678016,0.931681465868418,0.927453853898475,0.923985520949994,0.921248822943699,0.91850873161797,0.916723246308154,0.913892125325339,0.909108914299921,0.907805492646622,0.902519196851394,0.891100169114678,0.874958252890602,0.838189502871925,0.514263320931829
0.901989215817549,0.983245044291638,1,0.990696128601982,0.986447861235818,0.98228627583214,0.97796600655962,0.974164185936465,0.971999266564692,0.96991480586018,0.967391949355876,0.964530953461962,0.961849086321005,0.958784402698806,0.956724508283591,0.954088317005772,0.952273594721706,0.950537978106522,0.947404504653992,0.942374905827788,0.938542805360681,0.934957462910002,0.932106973845564,0.930139525229951,0.927737637772574,0.922645716815853,0.920333255145406,0.915507777629214,0.904181106246363,0.889366221003571,0.855064956992313,0.529606686482877
0.89084664183952,0.972963040068923,0.990696128601982,1,0.994360802219839,0.98948493661004,0.985471843114961,0.981360031153871,0.979410591749973,0.977395410093297,0.974653893368781,0.97192862293431,0.969335465717467,0.966774020606354,0.965127890247689,0.962876893314601,0.961163907110352,0.958805515609598,0.955625149585694,0.950724509461673,0.947255187636718,0.942973716871637,0.940192600723693,0.937823129362216,0.935644693077557,0.93079334102168,0.928307612211274,0.923420975131123,0.912607860435484,0.89932020111839,0.86614005843783,0.542717588233911
0.888362419919718,0.969295226104298,0.986447861235818,0.994360802219839,1,0.995630023925628,0.991540260757306,0.987718198006448,0.985693699472994,0.983174299912823,0.980615928494753,0.978452900949607,0.976144715617704,0.973285051115636,0.971533697868592,0.969168079449349,0.967059171896771,0.963957945532226,0.960578888281125,0.955972603161592,0.952589440715116,0.948420925843091,0.945339744161053,0.943241850741808,0.941386456510114,0.937059859012392,0.934769008468425,0.929662309204449,0.919201686826421,0.905660036534959,0.873441892351044,0.54841863655946
0.884086552044228,0.965142651102154,0.98228627583214,0.98948493661004,0.995630023925628,1,0.996809991732643,0.99301293719267,0.990825084990684,0.988018273421399,0.985838087735277,0.983800317776885,0.981187193068992,0.977701635698869,0.975917009932175,0.973127140665937,0.970774596618668,0.967720286426296,0.964240277653029,0.959522309680923,0.956185395254013,0.952330793281619,0.949476426781042,0.947609133013242,0.945973608831565,0.941511584664914,0.939153098165518,0.934350548648238,0.924658303473981,0.911061116126379,0.879429339362268,0.55591959218851
0.878170671497467,0.960237092713871,0.97796600655962,0.985471843114961,0.991540260757306,0.996809991732643,1,0.997119670844732,0.994562713898225,0.991695242722744,0.989257197028497,0.986773417584605,0.98363895919375,0.980217229633154,0.978087652535962,0.97511197533745,0.972504048279285,0.969275469046247,0.965638617630107,0.961019953772685,0.957516907317311,0.9530446662048,0.949998117103144,0.948524442173822,0.947271528094259,0.94327827894708,0.940757446375897,0.936018008463722,0.92636779906679,0.91238598742536,0.880630420345921,0.555715816296701
0.873652928035899,0.957288725568468,0.974164185936465,0.981360031153871,0.987718198006448,0.99301293719267,0.997119670844732,1,0.997552654096792,0.994848006350432,0.992226446942655,0.989511978029218,0.986277586599956,0.982592833053148,0.980031352964841,0.976924978117906,0.973926036852033,0.970255842728772,0.966473404143315,0.961871798135392,0.958294803395935,0.953540891808199,0.950174434358406,0.948752773759096,0.9474433265921,0.943925699814696,0.942030576671898,0.937392459596162,0.927571874580559,0.913908893908245,0.88214815963384,0.556669058667785
0.869529604272039,0.954842124988732,0.971999266564692,0.979410591749973,0.985693699472994,0.990825084990684,0.994562713898225,0.997552654096792,1,0.997803125582983,0.995070563676395,0.992182653298439,0.988790854425937,0.984893049244038,0.981853551462261,0.97863301737261,0.975460595423776,0.971836669247383,0.967989912633907,0.963350634803774,0.959428407251394,0.954850813508125,0.951559897324258,0.950362975147368,0.949181687753782,0.945902365836876,0.944100779125076,0.939930614547942,0.930568551557,0.917520700718987,0.885296759940912,0.557033370131149
0.866840982446232,0.953114587795442,0.96991480586018,0.977395410093297,0.983174299912823,0.988018273421399,0.991695242722744,0.994848006350432,0.997803125582983,1,0.997799837840108,0.994811697748995,0.991230122135442,0.986958050438853,0.983633822559029,0.98007400516368,0.976752744427003,0.973087755837072,0.969083695360104,0.964324579017343,0.960423356829153,0.956127542350582,0.952851078911967,0.951985888817919,0.951038072519139,0.948141593839527,0.946334263324607,0.942443975781256,0.933273324551639,0.920176905529149,0.88726601177897,0.55613498597143
0.863142966213509,0.950004649610935,0.967391949355876,0.974653893368781,0.980615928494753,0.985838087735277,0.989257197028497,0.992226446942655,0.995070563676395,0.997799837840108,1,0.99783755193521,0.994662688262834,0.99020150109654,0.986867915215309,0.983349788703778,0.979985170126409,0.976306898573715,0.972356768045797,0.967601993936911,0.963682269203755,0.959200098151766,0.955579355202738,0.954375847588698,0.953257187455767,0.950594804436838,0.948944806536069,0.945335440291744,0.936238779045377,0.923545701105515,0.890403787982965,0.556903632224511
0.86007247735318,0.94656113979022,0.964530953461962,0.97192862293431,0.978452900949607,0.983800317776885,0.986773417584605,0.989511978029218,0.992182653298439,0.994811697748995,0.99783755193521,1,0.997923759310732,0.994153016074152,0.990933658651852,0.98739260438691,0.983898694604055,0.979899127321435,0.975457025193505,0.970649184239435,0.966736606446768,0.962382976871992,0.959007746774573,0.957862512423405,0.956419171883958,0.953897152732434,0.95211906512377,0.948499252320955,0.939613648686271,0.9272755854631,0.894893811149926,0.560164803461568
0.859779301033161,0.944247600078448,0.961849086321005,0.969335465717467,0.976144715617704,0.981187193068992,0.98363895919375,0.986277586599956,0.988790854425937,0.991230122135442,0.994662688262834,0.997923759310732,1,0.997599750215298,0.994672065930982,0.991074702055542,0.987387431612437,0.983307050459285,0.978634455456471,0.973718914201491,0.969673161498177,0.96553803217946,0.962185112763337,0.961049242931836,0.959753834906348,0.957143662544268,0.9558152349419,0.952583831333771,0.943647355881719,0.931600091132021,0.899246781518072,0.563965145037662
0.858667618031918,0.94137539954491,0.958784402698806,0.966774020606354,0.973285051115636,0.977701635698869,0.980217229633154,0.982592833053148,0.984893049244038,0.986958050438853,0.99020150109654,0.994153016074152,0.997599750215298,1,0.99829506706292,0.995193543533653,0.991731001132176,0.987332003307679,0.982186138579565,0.977442539984235,0.973175687593679,0.968905208476368,0.965126746460427,0.96364252913907,0.962208502699961,0.959578851470871,0.957678827516515,0.954377000053107,0.945651372815978,0.934110524137393,0.901313276900711,0.569526733261824
0.857715741046221,0.939708308345813,0.956724508283591,0.965127890247689,0.971533697868592,0.975917009932175,0.978087652535962,0.980031352964841,0.981853551462261,0.983633822559029,0.986867915215309,0.990933658651852,0.994672065930982,0.99829506706292,1,0.998091770626662,0.995073359667426,0.9906322904867,0.985407511549358,0.9807353310526,0.976510758133687,0.972136695999162,0.968014857770631,0.965990806229387,0.964487113656858,0.961695024957211,0.959799856962799,0.956637902701714,0.948082733039449,0.937096252509676,0.905283840058071,0.578317722677116
0.855536981914975,0.93739153589573,0.954088317005772,0.962876893314601,0.969168079449349,0.973127140665937,0.97511197533745,0.976924978117906,0.97863301737261,0.98007400516368,0.983349788703778,0.98739260438691,0.991074702055542,0.995193543533653,0.998091770626662,1,0.99799167518738,0.994070911829371,0.988992666498544,0.984583736588573,0.980401360058391,0.976060584735747,0.971987765844033,0.969395667401505,0.967507264333198,0.964526392042397,0.962747680190953,0.95994217716337,0.951356722414373,0.941055419158584,0.909919056121861,0.583844030680296
0.852998014215426,0.935883455944541,0.952273594721706,0.961163907110352,0.967059171896771,0.970774596618668,0.972504048279285,0.973926036852033,0.975460595423776,0.976752744427003,0.979985170126409,0.983898694604055,0.987387431612437,0.991731001132176,0.995073359667426,0.99799167518738,1,0.997677907954803,0.993369449920917,0.98926969276089,0.984872253119056,0.980608025608283,0.976318987719263,0.973614736107889,0.971262979348881,0.968068446394787,0.965926156549403,0.963026800352171,0.954301973065171,0.944306817228931,0.913450813003274,0.589852102884738
0.851308390610562,0.934836292678016,0.950537978106522,0.958805515609598,0.963957945532226,0.967720286426296,0.969275469046247,0.970255842728772,0.971836669247383,0.973087755837072,0.976306898573715,0.979899127321435,0.983307050459285,0.987332003307679,0.9906322904867,0.994070911829371,0.997677907954803,1,0.997538047393916,0.994161629212008,0.989797304989982,0.985283893024471,0.980709301733777,0.977836334880773,0.9750485983332,0.971569576803839,0.969277822321596,0.966294253236721,0.957937403631999,0.948215501852041,0.918280603622565,0.596324133856322
0.8461988069415,0.931681465868418,0.947404504653992,0.955625149585694,0.960578888281125,0.964240277653029,0.965638617630107,0.966473404143315,0.967989912633907,0.969083695360104,0.972356768045797,0.975457025193505,0.978634455456471,0.982186138579565,0.985407511549358,0.988992666498544,0.993369449920917,0.997538047393916,1,0.997934604878982,0.993949553893653,0.989410654574399,0.984583707139773,0.98157681871083,0.97831861515711,0.974542704132142,0.971933427474658,0.96893527874311,0.960753688703848,0.951509802001475,0.922849524851017,0.600711120211999
0.841249378474054,0.927453853898475,0.942374905827788,0.950724509461673,0.955972603161592,0.959522309680923,0.961019953772685,0.961871798135392,0.963350634803774,0.964324579017343,0.967601993936911,0.970649184239435,0.973718914201491,0.977442539984235,0.9807353310526,0.984583736588573,0.98926969276089,0.994161629212008,0.997934604878982,1,0.997453966411548,0.993539163003947,0.988967979044019,0.985568875109477,0.981984882620894,0.977977004642307,0.975474866976676,0.972291618122105,0.964392922032056,0.955654378348438,0.928125645697745,0.608232027631569
0.836206007192389,0.923985520949994,0.938542805360681,0.947255187636718,0.952589440715116,0.956185395254013,0.957516907317311,0.958294803395935,0.959428407251394,0.960423356829153,0.963682269203755,0.966736606446768,0.969673161498177,0.973175687593679,0.976510758133687,0.980401360058391,0.984872253119056,0.989797304989982,0.993949553893653,0.997453966411548,1,0.997678184345308,0.993718228391547,0.990167663514449,0.986243136346876,0.982337472365423,0.979630893491932,0.976147039509458,0.968785473231549,0.959997864291452,0.933643056443277,0.615509465408407
0.833400558360545,0.921248822943699,0.934957462910002,0.942973716871637,0.948420925843091,0.952330793281619,0.9530446662048,0.953540891808199,0.954850813508125,0.956127542350582,0.959200098151766,0.962382976871992,0.96553803217946,0.968905208476368,0.972136695999162,0.976060584735747,0.980608025608283,0.985283893024471,0.989410654574399,0.993539163003947,0.997678184345308,1,0.9976417949021,0.994295501572873,0.990111703928202,0.986081169825888,0.983250395951907,0.979463445971543,0.972323132662722,0.963823814410124,0.938119529320128,0.621604626009381
0.83113466040139,0.91850873161797,0.932106973845564,0.940192600723693,0.945339744161053,0.949476426781042,0.949998117103144,0.950174434358406,0.951559897324258,0.952851078911967,0.955579355202738,0.959007746774573,0.962185112763337,0.965126746460427,0.968014857770631,0.971987765844033,0.976318987719263,0.980709301733777,0.984583707139773,0.988967979044019,0.993718228391547,0.9976417949021,1,0.997533692936659,0.993805107378332,0.989558817098641,0.98667541746355,0.982726572992723,0.975410797474011,0.967438656916412,0.943016640044408,0.62538636880867
0.83006948966513,0.916723246308154,0.930139525229951,0.937823129362216,0.943241850741808,0.947609133013242,0.948524442173822,0.948752773759096,0.950362975147368,0.951985888817919,0.954375847588698,0.957862512423405,0.961049242931836,0.96364252913907,0.965990806229387,0.969395667401505,0.973614736107889,0.977836334880773,0.98157681871083,0.985568875109477,0.990167663514449,0.994295501572873,0.997533692936659,1,0.997400975300462,0.993384467499776,0.990221638548885,0.985829899838461,0.978750652920976,0.970665301673991,0.946533994387159,0.629037828827734
0.827120354198294,0.913892125325339,0.927737637772574,0.935644693077557,0.941386456510114,0.945973608831565,0.947271528094259,0.9474433265921,0.949181687753782,0.951038072519139,0.953257187455767,0.956419171883958,0.959753834906348,0.962208502699961,0.964487113656858,0.967507264333198,0.971262979348881,0.9750485983332,0.97831861515711,0.981984882620894,0.986243136346876,0.990111703928202,0.993805107378332,0.997400975300462,1,0.996934723062222,0.993520983261757,0.988813931617768,0.981860102507112,0.97298702220126,0.948794353725491,0.634666402388786
0.823732510471172,0.909108914299921,0.922645716815853,0.93079334102168,0.937059859012392,0.941511584664914,0.94327827894708,0.943925699814696,0.945902365836876,0.948141593839527,0.950594804436838,0.953897152732434,0.957143662544268,0.959578851470871,0.961695024957211,0.964526392042397,0.968068446394787,0.971569576803839,0.974542704132142,0.977977004642307,0.982337472365423,0.986081169825888,0.989558817098641,0.993384467499776,0.996934723062222,1,0.997052542675275,0.992403397659778,0.985913061271909,0.977160099362824,0.95322625258202,0.643189028827126
0.821281227355784,0.907805492646622,0.920333255145406,0.928307612211274,0.934769008468425,0.939153098165518,0.940757446375897,0.942030576671898,0.944100779125076,0.946334263324607,0.948944806536069,0.95211906512377,0.9558152349419,0.957678827516515,0.959799856962799,0.962747680190953,0.965926156549403,0.969277822321596,0.971933427474658,0.975474866976676,0.979630893491932,0.983250395951907,0.98667541746355,0.990221638548885,0.993520983261757,0.997052542675275,1,0.996128951946017,0.989952968683287,0.98117488916997,0.958017247256133,0.645052982876683
0.813879612892134,0.902519196851394,0.915507777629214,0.923420975131123,0.929662309204449,0.934350548648238,0.936018008463722,0.937392459596162,0.939930614547942,0.942443975781256,0.945335440291744,0.948499252320955,0.952583831333771,0.954377000053107,0.956637902701714,0.95994217716337,0.963026800352171,0.966294253236721,0.96893527874311,0.972291618122105,0.976147039509458,0.979463445971543,0.982726572992723,0.985829899838461,0.988813931617768,0.992403397659778,0.996128951946017,1,0.99459293085716,0.986384466722828,0.964457752250598,0.651164862533668
0.80145961341292,0.891100169114678,0.904181106246363,0.912607860435484,0.919201686826421,0.924658303473981,0.92636779906679,0.927571874580559,0.930568551557,0.933273324551639,0.936238779045377,0.939613648686271,0.943647355881719,0.945651372815978,0.948082733039449,0.951356722414373,0.954301973065171,0.957937403631999,0.960753688703848,0.964392922032056,0.968785473231549,0.972323132662722,0.975410797474011,0.978750652920976,0.981860102507112,0.985913061271909,0.989952968683287,0.99459293085716,1,0.992209715584442,0.971618519195709,0.66440252598707
0.783008403504841,0.874958252890602,0.889366221003571,0.89932020111839,0.905660036534959,0.911061116126379,0.91238598742536,0.913908893908245,0.917520700718987,0.920176905529149,0.923545701105515,0.9272755854631,0.931600091132021,0.934110524137393,0.937096252509676,0.941055419158584,0.944306817228931,0.948215501852041,0.951509802001475,0.955654378348438,0.959997864291452,0.963823814410124,0.967438656916412,0.970665301673991,0.97298702220126,0.977160099362824,0.98117488916997,0.986384466722828,0.992209715584442,1,0.981571511176651,0.676314473058913
0.748328939057299,0.838189502871925,0.855064956992313,0.86614005843783,0.873441892351044,0.879429339362268,0.880630420345921,0.88214815963384,0.885296759940912,0.88726601177897,0.890403787982965,0.894893811149926,0.899246781518072,0.901313276900711,0.905283840058071,0.909919056121861,0.913450813003274,0.918280603622565,0.922849524851017,0.928125645697745,0.933643056443277,0.938119529320128,0.943016640044408,0.946533994387159,0.948794353725491,0.95322625258202,0.958017247256133,0.964457752250598,0.971618519195709,0.981571511176651,1,0.722199656314742
0.471716962545304,0.514263320931829,0.529606686482877,0.542717588233911,0.54841863655946,0.55591959218851,0.555715816296701,0.556669058667785,0.557033370131149,0.55613498597143,0.556903632224511,0.560164803461568,0.563965145037662,0.569526733261824,0.578317722677116,0.583844030680296,0.589852102884738,0.596324133856322,0.600711120211999,0.608232027631569,0.615509465408407,0.621604626009381,0.62538636880867,0.629037828827734,0.634666402388786,0.643189028827126,0.645052982876683,0.651164862533668,0.66440252598707,0.676314473058913,0.722199656314742,1
