1,0.951452967034125,0.939043541790187,0.933272726309855,0.928725823424841,0.924704584749685,0.921390177166159,0.918387959129599,0.915677529025403,0.912135727053129,0.908874618003753,0.905211555906031,0.902543649151765,0.897917670958548,0.894462673575196,0.891026367206513,0.888278031573488,0.884302981956304,0.880785769270572,0.877016898139641,0.87356695780461,0.86882312750578,0.865720586113795,0.861340273344451,0.857115151717995,0.852239101432484,0.845920660325488,0.838966695737142,0.827903276801511,0.80456932152307,0.622067340426456,0.33523161554539
0.951452967034125,1,0.990877384134049,0.985356502930089,0.981142952853748,0.978449125119008,0.976041459124888,0.973458133835698,0.971180192533532,0.968298349601295,0.965712855156993,0.962906039052101,0.960585657281267,0.95754731750454,0.954785984891933,0.952291792367693,0.94958215960105,0.946646613482649,0.944035033463235,0.940845462190311,0.93817883781796,0.933897194041024,0.931058069089403,0.927617404850588,0.923242941998662,0.917912263778662,0.913097116232635,0.907058331968242,0.896433359550392,0.873365345602505,0.690967230854766,0.38401685460283
0.939043541790187,0.990877384134049,1,0.9952501374194,0.991728029580927,0.989002212293189,0.986675104796236,0.984213361533491,0.981681787371301,0.979211173114171,0.976475179118538,0.973773042279067,0.971344777059807,0.968249290579571,0.965380028149544,0.963263975041825,0.96075661580696,0.958254226938957,0.955690595696107,0.95310395490051,0.950217206956376,0.946399014297612,0.94368700888957,0.94038789987326,0.936492688806778,0.931788089010557,0.927385012445641,0.921482603665641,0.911247352735261,0.889328893841416,0.705526708950185,0.399984346906182
0.933272726309855,0.985356502930089,0.9952501374194,1,0.996987039831191,0.994179745430372,0.992052216324638,0.989995792205862,0.98758531423505,0.985363217309015,0.982575654960471,0.979923187383106,0.977565943188487,0.974518078733945,0.971798912563087,0.97007931117928,0.967594126544127,0.965216853227411,0.962749748094795,0.960211043648614,0.957745932467198,0.954295281566948,0.95168431197144,0.948796458645923,0.945283452665982,0.940788650185811,0.936638087821035,0.931376442646337,0.921011362091894,0.899687907878481,0.716366636369014,0.406509972273143
0.928725823424841,0.981142952853748,0.991728029580927,0.996987039831191,1,0.998008001399486,0.996068605251844,0.993953400131106,0.991564311702498,0.989497112668168,0.986955406583454,0.984245763081366,0.981975032721194,0.978832789520068,0.976158097960845,0.974410322966741,0.971940653520684,0.969439507683979,0.96678233502664,0.964454961457601,0.962273439032596,0.959141458929725,0.956785106923478,0.953999304267002,0.950653323039594,0.946545217975008,0.942327932932418,0.937396668173338,0.927145060240175,0.905985319276768,0.723257417267376,0.410707874480499
0.924704584749685,0.978449125119008,0.989002212293189,0.994179745430372,0.998008001399486,1,0.998278291058741,0.9962870334155,0.994255191266605,0.992247987100505,0.98988166395865,0.98737580472008,0.985046823805613,0.982072943141473,0.979583313755117,0.977752941968974,0.975311522432367,0.97300972840599,0.970499002548649,0.968398959281979,0.966292502999638,0.963362154373269,0.961037208078911,0.958289485741384,0.954985925795165,0.951026577988504,0.947060368314714,0.942404290509562,0.93242897752474,0.911445517565402,0.728795111342756,0.415957879516314
0.921390177166159,0.976041459124888,0.986675104796236,0.992052216324638,0.996068605251844,0.998278291058741,1,0.998569478119233,0.996737708172501,0.994907862643788,0.992695102533745,0.990273144867489,0.987955701122937,0.985126711272484,0.982821288900321,0.981031452429537,0.978757674492005,0.976677544224168,0.974324548875056,0.972314821575268,0.970362855680786,0.967454973692568,0.965224338170827,0.962553592945934,0.959378919690754,0.955618610689769,0.951560810138576,0.947162927252765,0.937780681734083,0.917138307812941,0.734087086749425,0.419840956285425
0.918387959129599,0.973458133835698,0.984213361533491,0.989995792205862,0.993953400131106,0.9962870334155,0.998569478119233,1,0.998742920356629,0.997274107866064,0.995355482918441,0.993253342541912,0.990977036958956,0.988266061016827,0.986017015790099,0.984267139391075,0.982016910312619,0.980034394413433,0.977806746467055,0.975698701532794,0.973900371205234,0.971005678556957,0.968865037514494,0.966307577463123,0.963280110368433,0.959725155736237,0.955564529335142,0.951303840841913,0.942236172038429,0.922190722493007,0.739393044363862,0.423934156541022
0.915677529025403,0.971180192533532,0.981681787371301,0.98758531423505,0.991564311702498,0.994255191266605,0.996737708172501,0.998742920356629,1,0.998900533249757,0.997204950617574,0.995215519225791,0.993158092012762,0.990656366757806,0.988559021007866,0.986793739311369,0.984743015141154,0.982890807306758,0.980837972924028,0.978760198075599,0.976982257851786,0.974124944105979,0.972064363240368,0.969631305675318,0.966738783429896,0.963242190703608,0.95918447344804,0.955138917547003,0.946402026956843,0.92706764828911,0.746010456133143,0.431400832342887
0.912135727053129,0.968298349601295,0.979211173114171,0.985363217309015,0.989497112668168,0.992247987100505,0.994907862643788,0.997274107866064,0.998900533249757,1,0.998897423746228,0.997149779807412,0.995335148845933,0.993161856285832,0.991235590820278,0.989488699152632,0.987519997663131,0.985770260318549,0.983872518233343,0.981899791072236,0.980245142760094,0.977518775551802,0.975429892646392,0.973083291383026,0.970296512739158,0.967135656720542,0.963171756907522,0.959196987388338,0.950639382790477,0.931763284842796,0.751541913157937,0.437046344431957
0.908874618003753,0.965712855156993,0.976475179118538,0.982575654960471,0.986955406583454,0.98988166395865,0.992695102533745,0.995355482918441,0.997204950617574,0.998897423746228,1,0.998932442239238,0.997562084100263,0.995694462539228,0.993869152272003,0.992211732859213,0.990364862984853,0.988662766897692,0.987008408446,0.985110118874063,0.983593346507124,0.981031986256036,0.979094858218043,0.976955934593651,0.974349732234405,0.971474562512379,0.967671521254859,0.963920394221697,0.955923257953574,0.937538049134023,0.760033571256765,0.44346536754548
0.905211555906031,0.962906039052101,0.973773042279067,0.979923187383106,0.984245763081366,0.98737580472008,0.990273144867489,0.993253342541912,0.995215519225791,0.997149779807412,0.998932442239238,1,0.999069606184561,0.99756614205185,0.995847602603021,0.994262978406925,0.992553882892714,0.990951942574818,0.989428758452143,0.987633510237917,0.986184476343222,0.983719969528574,0.981954139864119,0.979840083986281,0.977300968443475,0.974550583579002,0.970851521805837,0.967128122206993,0.959441433199191,0.942146450775631,0.766246082342661,0.446324129032634
0.902543649151765,0.960585657281267,0.971344777059807,0.977565943188487,0.981975032721194,0.985046823805613,0.987955701122937,0.990977036958956,0.993158092012762,0.995335148845933,0.997562084100263,0.999069606184561,1,0.999108515022229,0.997673893522725,0.996209121876252,0.994723860052485,0.993164857815824,0.991667956636804,0.98991803154587,0.988437322751409,0.98605821311259,0.984386378156628,0.982449587326588,0.979993890837992,0.977260399603135,0.973716189810761,0.970031262155068,0.962801961392002,0.945830947497858,0.77348150774542,0.451813900882713
0.897917670958548,0.95754731750454,0.968249290579571,0.974518078733945,0.978832789520068,0.982072943141473,0.985126711272484,0.988266061016827,0.990656366757806,0.993161856285832,0.995694462539228,0.99756614205185,0.999108515022229,1,0.99911049929344,0.997911268843279,0.996598238751171,0.995158886649491,0.993755352101844,0.992146025429792,0.990788922953485,0.988546536187912,0.987020780747142,0.98516325038751,0.982806342388684,0.980184383398682,0.976757389633537,0.973104402029106,0.966032605897251,0.949438716960712,0.77884708982592,0.457057430843899
0.894462673575196,0.954785984891933,0.965380028149544,0.971798912563087,0.976158097960845,0.979583313755117,0.982821288900321,0.986017015790099,0.988559021007866,0.991235590820278,0.993869152272003,0.995847602603021,0.997673893522725,0.99911049929344,1,0.999185483606227,0.998082276318808,0.996769965233211,0.995376221048767,0.993863765962325,0.992452557630337,0.990385578506881,0.988907010488143,0.987193883961546,0.984767107199168,0.982265860851777,0.979136833837781,0.975722666923365,0.96884350261826,0.952705913001059,0.783155784309991,0.462064656728948
0.891026367206513,0.952291792367693,0.963263975041825,0.97007931117928,0.974410322966741,0.977752941968974,0.981031452429537,0.984267139391075,0.986793739311369,0.989488699152632,0.992211732859213,0.994262978406925,0.996209121876252,0.997911268843279,0.999185483606227,1,0.999214041587903,0.998108418785432,0.99690471822489,0.995553015115208,0.994238476460159,0.992287592514369,0.990835662397165,0.989185665670689,0.986826655215257,0.984367684835964,0.981299675091806,0.977989966319111,0.971165715735668,0.95532134449129,0.78682206634766,0.469610726621716
0.888278031573488,0.94958215960105,0.96075661580696,0.967594126544127,0.971940653520684,0.975311522432367,0.978757674492005,0.982016910312619,0.984743015141154,0.987519997663131,0.990364862984853,0.992553882892714,0.994723860052485,0.996598238751171,0.998082276318808,0.999214041587903,1,0.999233311077228,0.998154644987523,0.996895194026722,0.995678310925723,0.99396877269376,0.992559917040882,0.990859811129416,0.988616287976016,0.9862372897443,0.983325716717478,0.979851225556271,0.973094746383614,0.956882991970865,0.787621084251031,0.471596199500532
0.884302981956304,0.946646613482649,0.958254226938957,0.965216853227411,0.969439507683979,0.97300972840599,0.976677544224168,0.980034394413433,0.982890807306758,0.985770260318549,0.988662766897692,0.990951942574818,0.993164857815824,0.995158886649491,0.996769965233211,0.998108418785432,0.999233311077228,1,0.999258565743741,0.99823812733529,0.997197619893771,0.995716899219442,0.994409014550958,0.992734867371776,0.990541876127159,0.98841816085553,0.985642209952185,0.982141150056372,0.975808829627209,0.960350333430378,0.791900791174771,0.478761758305236
0.880785769270572,0.944035033463235,0.955690595696107,0.962749748094795,0.96678233502664,0.970499002548649,0.974324548875056,0.977806746467055,0.980837972924028,0.983872518233343,0.987008408446,0.989428758452143,0.991667956636804,0.993755352101844,0.995376221048767,0.99690471822489,0.998154644987523,0.999258565743741,1,0.999271773529082,0.998375936000017,0.997037716264707,0.995787509323533,0.994260282230213,0.99215613476339,0.990119860761473,0.98739428240676,0.984012164771175,0.977837974824488,0.962859831172531,0.797088425540176,0.486409565964357
0.877016898139641,0.940845462190311,0.95310395490051,0.960211043648614,0.964454961457601,0.968398959281979,0.972314821575268,0.975698701532794,0.978760198075599,0.981899791072236,0.985110118874063,0.987633510237917,0.98991803154587,0.992146025429792,0.993863765962325,0.995553015115208,0.996895194026722,0.99823812733529,0.999271773529082,1,0.999250121009509,0.99817329402355,0.996989966042526,0.995574105333475,0.993446376989495,0.991476496128889,0.98884436519773,0.985549524287957,0.979356231868256,0.964926177406457,0.800815718296093,0.492186541603364
0.87356695780461,0.93817883781796,0.950217206956376,0.957745932467198,0.962273439032596,0.966292502999638,0.970362855680786,0.973900371205234,0.976982257851786,0.980245142760094,0.983593346507124,0.986184476343222,0.988437322751409,0.990788922953485,0.992452557630337,0.994238476460159,0.995678310925723,0.997197619893771,0.998375936000017,0.999250121009509,1,0.999145325910105,0.998112513782054,0.996815242714458,0.994783677085129,0.992843591623027,0.990199610697737,0.987003107046169,0.980866086713255,0.966466756221898,0.801646899447623,0.493747249438548
0.86882312750578,0.933897194041024,0.946399014297612,0.954295281566948,0.959141458929725,0.963362154373269,0.967454973692568,0.971005678556957,0.974124944105979,0.977518775551802,0.981031986256036,0.983719969528574,0.98605821311259,0.988546536187912,0.990385578506881,0.992287592514369,0.99396877269376,0.995716899219442,0.997037716264707,0.99817329402355,0.999145325910105,1,0.999170261915503,0.997955506615981,0.996130542574802,0.994330349482705,0.991949138422726,0.988879047033172,0.982818147467946,0.96879625559992,0.803783637679012,0.496865598650479
0.865720586113795,0.931058069089403,0.94368700888957,0.95168431197144,0.956785106923478,0.961037208078911,0.965224338170827,0.968865037514494,0.972064363240368,0.975429892646392,0.979094858218043,0.981954139864119,0.984386378156628,0.987020780747142,0.988907010488143,0.990835662397165,0.992559917040882,0.994409014550958,0.995787509323533,0.996989966042526,0.998112513782054,0.999170261915503,1,0.998962842699756,0.997419931929876,0.995835769535014,0.993546020830923,0.990663756046495,0.984739038332249,0.970965945903498,0.806808281200908,0.500200237046948
0.861340273344451,0.927617404850588,0.94038789987326,0.948796458645923,0.953999304267002,0.958289485741384,0.962553592945934,0.966307577463123,0.969631305675318,0.973083291383026,0.976955934593651,0.979840083986281,0.982449587326588,0.98516325038751,0.987193883961546,0.989185665670689,0.990859811129416,0.992734867371776,0.994260282230213,0.995574105333475,0.996815242714458,0.997955506615981,0.998962842699756,1,0.998708442417018,0.99710381294319,0.995101071069282,0.9927571503976,0.987167269418439,0.974217693067095,0.812461051809515,0.508326692305585
0.857115151717995,0.923242941998662,0.936492688806778,0.945283452665982,0.950653323039594,0.954985925795165,0.959378919690754,0.963280110368433,0.966738783429896,0.970296512739158,0.974349732234405,0.977300968443475,0.979993890837992,0.982806342388684,0.984767107199168,0.986826655215257,0.988616287976016,0.990541876127159,0.99215613476339,0.993446376989495,0.994783677085129,0.996130542574802,0.997419931929876,0.998708442417018,1,0.998703150876802,0.996978422053699,0.994598521354439,0.989542889928657,0.976843521450692,0.815659472375074,0.514933906732483
0.852239101432484,0.917912263778662,0.931788089010557,0.940788650185811,0.946545217975008,0.951026577988504,0.955618610689769,0.959725155736237,0.963242190703608,0.967135656720542,0.971474562512379,0.974550583579002,0.977260399603135,0.980184383398682,0.982265860851777,0.984367684835964,0.9862372897443,0.98841816085553,0.990119860761473,0.991476496128889,0.992843591623027,0.994330349482705,0.995835769535014,0.99710381294319,0.998703150876802,1,0.998484101359306,0.996426405605721,0.991596064673743,0.980078786881333,0.821039063976254,0.523233951001564
0.845920660325488,0.913097116232635,0.927385012445641,0.936638087821035,0.942327932932418,0.947060368314714,0.951560810138576,0.955564529335142,0.95918447344804,0.963171756907522,0.967671521254859,0.970851521805837,0.973716189810761,0.976757389633537,0.979136833837781,0.981299675091806,0.983325716717478,0.985642209952185,0.98739428240676,0.98884436519773,0.990199610697737,0.991949138422726,0.993546020830923,0.995101071069282,0.996978422053699,0.998484101359306,1,0.998068076147891,0.99340535436621,0.982846292581328,0.827769699039417,0.534113013237932
0.838966695737142,0.907058331968242,0.921482603665641,0.931376442646337,0.937396668173338,0.942404290509562,0.947162927252765,0.951303840841913,0.955138917547003,0.959196987388338,0.963920394221697,0.967128122206993,0.970031262155068,0.973104402029106,0.975722666923365,0.977989966319111,0.979851225556271,0.982141150056372,0.984012164771175,0.985549524287957,0.987003107046169,0.988879047033172,0.990663756046495,0.9927571503976,0.994598521354439,0.996426405605721,0.998068076147891,1,0.995950254439229,0.986590000934397,0.837298083993811,0.544760809609865
0.827903276801511,0.896433359550392,0.911247352735261,0.921011362091894,0.927145060240175,0.93242897752474,0.937780681734083,0.942236172038429,0.946402026956843,0.950639382790477,0.955923257953574,0.959441433199191,0.962801961392002,0.966032605897251,0.96884350261826,0.971165715735668,0.973094746383614,0.975808829627209,0.977837974824488,0.979356231868256,0.980866086713255,0.982818147467946,0.984739038332249,0.987167269418439,0.989542889928657,0.991596064673743,0.99340535436621,0.995950254439229,1,0.992349236036031,0.860366772634427,0.571785131341069
0.80456932152307,0.873365345602505,0.889328893841416,0.899687907878481,0.905985319276768,0.911445517565402,0.917138307812941,0.922190722493007,0.92706764828911,0.931763284842796,0.937538049134023,0.942146450775631,0.945830947497858,0.949438716960712,0.952705913001059,0.95532134449129,0.956882991970865,0.960350333430378,0.962859831172531,0.964926177406457,0.966466756221898,0.96879625559992,0.970965945903498,0.974217693067095,0.976843521450692,0.980078786881333,0.982846292581328,0.986590000934397,0.992349236036031,1,0.887036878992312,0.61259778494439
0.622067340426456,0.690967230854766,0.705526708950185,0.716366636369014,0.723257417267376,0.728795111342756,0.734087086749425,0.739393044363862,0.746010456133143,0.751541913157937,0.760033571256765,0.766246082342661,0.77348150774542,0.77884708982592,0.783155784309991,0.78682206634766,0.787621084251031,0.791900791174771,0.797088425540176,0.800815718296093,0.801646899447623,0.803783637679012,0.806808281200908,0.812461051809515,0.815659472375074,0.821039063976254,0.827769699039417,0.837298083993811,0.860366772634427,0.887036878992312,1,0.772328770623234
0.33523161554539,0.38401685460283,0.399984346906182,0.406509972273143,0.410707874480499,0.415957879516314,0.419840956285425,0.423934156541022,0.431400832342887,0.437046344431957,0.44346536754548,0.446324129032634,0.451813900882713,0.457057430843899,0.462064656728948,0.469610726621716,0.471596199500532,0.478761758305236,0.486409565964357,0.492186541603364,0.493747249438548,0.496865598650479,0.500200237046948,0.508326692305585,0.514933906732483,0.523233951001564,0.534113013237932,0.544760809609865,0.571785131341069,0.61259778494439,0.772328770623234,1
