1,0.915334591870627,0.892470067065271,0.879552326767232,0.873051538782364,0.863351901773907,0.858597563341526,0.852121089301353,0.844822083717947,0.841032041577971,0.835627587804687,0.828333813116158,0.820380147087985,0.812950194294189,0.805945153122331,0.798981026014204,0.790744404551527,0.785024239961858,0.779231514263494,0.771526543341953,0.766294411480646,0.75971804616029,0.753559134332129,0.747443761041178,0.73949632048669,0.733520970477779,0.722077556148071,0.712424215071951,0.678745541578198,0.629494311653282,0.330638286728194,0.0529595591286236
0.915334591870627,1,0.979031877370565,0.966988877143146,0.960248038198821,0.95322220590598,0.948320488790872,0.943475031939052,0.939109569854435,0.935361376152958,0.931270292854836,0.927074422505631,0.919188010594652,0.911964229337056,0.903518056337772,0.896213476064303,0.88897823000386,0.883627024872318,0.877959309027689,0.871001914492657,0.865968624282568,0.86116783643964,0.856142443394961,0.851579786852797,0.842524428307366,0.835576302481144,0.826378661896327,0.818023393888107,0.785252834096167,0.73496556119817,0.412642322419938,0.110744981927037
0.892470067065271,0.979031877370565,1,0.990420592076791,0.984225915154111,0.977787363581851,0.973944159979036,0.970129746439738,0.965982527540598,0.962548720174561,0.958693820224294,0.95438950404708,0.948764802915093,0.942294002906216,0.935094738256239,0.928825395926581,0.922676934948413,0.917276078420975,0.912188329139179,0.906417081329638,0.901858621781077,0.897535386836661,0.892902439667909,0.889133000711153,0.881929124572926,0.875923890560643,0.868457920940448,0.860524315180156,0.82875568341087,0.779947403856458,0.446622685130708,0.127834272290829
0.879552326767232,0.966988877143146,0.990420592076791,1,0.994203778588561,0.988486233992889,0.983752118947753,0.980705667287327,0.977641475338235,0.974466818915598,0.970834445435854,0.966382049483616,0.960714448267835,0.954641419243322,0.947699361997715,0.942121620960958,0.936504160544837,0.931369936252197,0.926726384695233,0.921614037649477,0.917170983088049,0.913280090421967,0.908903357314236,0.905066248871417,0.898821401853075,0.892398974584581,0.885641737642533,0.87809313663591,0.84804708019188,0.799924146465829,0.470417040010848,0.144844003532919
0.873051538782364,0.960248038198821,0.984225915154111,0.994203778588561,1,0.994729561943607,0.989833438843095,0.986729360020538,0.983024948148277,0.979619046428276,0.975616618323059,0.971100369156653,0.965371301470257,0.959714362110492,0.953301446068368,0.947943247047203,0.942869922104385,0.937897969505163,0.933048971626483,0.928358169213022,0.923966293543417,0.920624434672613,0.916284302502147,0.91276303459326,0.906869659910626,0.900931499121181,0.894725621891442,0.887336100428847,0.858492227870221,0.811572034046441,0.480774481126158,0.149128984476602
0.863351901773907,0.95322220590598,0.977787363581851,0.988486233992889,0.994729561943607,1,0.995720736656207,0.992630029735683,0.989455395087279,0.985820147450028,0.981663166366457,0.976967656413206,0.971135912156259,0.965695778835013,0.959669665633306,0.954531860479721,0.94986061988331,0.945381431495126,0.940952590333323,0.936554772235597,0.932323808406129,0.929215857194745,0.925041554017683,0.921551135039055,0.916303975464541,0.910167147683877,0.903801161715635,0.896784442748973,0.867653651333841,0.820189736269533,0.487586384893792,0.162453146467444
0.858597563341526,0.948320488790872,0.973944159979036,0.983752118947753,0.989833438843095,0.995720736656207,1,0.99705940888458,0.99330335774598,0.989319595997272,0.984541618208134,0.979608451345165,0.973817131802864,0.968388046688688,0.962346910154778,0.957077340610228,0.95232970852555,0.947839380925678,0.943551124035649,0.938994057475167,0.934989239316833,0.93226576484034,0.928292208163062,0.924844985059247,0.919647565255988,0.913483794061839,0.907470498625627,0.900686178865411,0.872122668470032,0.82426473624845,0.487380688801766,0.163039972607631
0.852121089301353,0.943475031939052,0.970129746439738,0.980705667287327,0.986729360020538,0.992630029735683,0.99705940888458,1,0.996914415512536,0.993191285291729,0.988601980590266,0.983456453263216,0.977424613390906,0.971844682753867,0.965933024978846,0.960990798308481,0.956048488894948,0.951551611169462,0.947018543341471,0.942592568520977,0.938601674644749,0.935678677496405,0.931777494245328,0.928813348104659,0.924035740899769,0.918044432949051,0.912244225735615,0.906171505832873,0.878206427174444,0.831147147167497,0.496520771110302,0.167396625208272
0.844822083717947,0.939109569854435,0.965982527540598,0.977641475338235,0.983024948148277,0.989455395087279,0.99330335774598,0.996914415512536,1,0.997195354651935,0.993425851400903,0.988639159433298,0.983214056919822,0.97787320947884,0.97244041959216,0.967774593118105,0.963283204424211,0.958978108966448,0.954339953515763,0.950132142815753,0.946318467056657,0.943279786545686,0.939612570934528,0.936546257743412,0.932029796695122,0.926445473151611,0.921392674761661,0.915516168695712,0.888539561223886,0.842215430913373,0.509926806611229,0.182943205875186
0.841032041577971,0.935361376152958,0.962548720174561,0.974466818915598,0.979619046428276,0.985820147450028,0.989319595997272,0.993191285291729,0.997195354651935,1,0.997094123295225,0.993132280119322,0.988238286537838,0.983254552726518,0.97783648468375,0.973445140291636,0.969101310834733,0.964648526354336,0.960111470880423,0.955767654872801,0.952361952520246,0.949239954864218,0.945431094482564,0.942436603449998,0.937921127950225,0.932252377288855,0.927515331674234,0.922087746701673,0.896105984732173,0.850794810223189,0.519528231984861,0.191146493271563
0.835627587804687,0.931270292854836,0.958693820224294,0.970834445435854,0.975616618323059,0.981663166366457,0.984541618208134,0.988601980590266,0.993425851400903,0.997094123295225,1,0.997433711647998,0.993313908296713,0.988632594725359,0.983799824698359,0.979857095756125,0.975782118791924,0.971669995610316,0.967550543990213,0.963184274312658,0.960137863009001,0.957208023623693,0.953803010463937,0.950691674985163,0.946256438458893,0.940713078732441,0.936055085349995,0.9306559305758,0.905479056616528,0.861105841496637,0.531914230671508,0.202534642969224
0.828333813116158,0.927074422505631,0.95438950404708,0.966382049483616,0.971100369156653,0.976967656413206,0.979608451345165,0.983456453263216,0.988639159433298,0.993132280119322,0.997433711647998,1,0.997293159650207,0.993166740037448,0.988627229670844,0.984750045754782,0.980953676336072,0.977293780775957,0.973615710050817,0.969167245057519,0.966264158924457,0.963675717747053,0.960809842880804,0.957586070417476,0.953112110023145,0.947585078731895,0.943067796047963,0.937271823977835,0.912780716721692,0.868682105265609,0.543400774104922,0.21371080592146
0.820380147087985,0.919188010594652,0.948764802915093,0.960714448267835,0.965371301470257,0.971135912156259,0.973817131802864,0.977424613390906,0.983214056919822,0.988238286537838,0.993313908296713,0.997293159650207,1,0.997255743513124,0.993645499024075,0.990049572099828,0.98687291628659,0.983488805274663,0.980258001853371,0.976184740919741,0.973533372984821,0.970929395084086,0.968506948806224,0.965436155051445,0.960990536025781,0.955944704236724,0.951887381018791,0.945542213707685,0.921323135114777,0.878178970118041,0.553739891758644,0.222455459620168
0.812950194294189,0.911964229337056,0.942294002906216,0.954641419243322,0.959714362110492,0.965695778835013,0.968388046688688,0.971844682753867,0.97787320947884,0.983254552726518,0.988632594725359,0.993166740037448,0.997255743513124,1,0.99769323253664,0.994850779407205,0.991883263157245,0.988571270720955,0.985241761001061,0.981571548821791,0.979039181742477,0.976365511594499,0.973882562793428,0.970941382831637,0.966694382753183,0.962063905410815,0.958378389997961,0.951694073388768,0.927658398830612,0.884331312223733,0.560424033109596,0.23155063513749
0.805945153122331,0.903518056337772,0.935094738256239,0.947699361997715,0.953301446068368,0.959669665633306,0.962346910154778,0.965933024978846,0.97244041959216,0.97783648468375,0.983799824698359,0.988627229670844,0.993645499024075,0.99769323253664,1,0.998120823560926,0.995576285013289,0.992319679329536,0.989003062625387,0.985488645205145,0.983063625339427,0.980458551269691,0.977896312280104,0.975054441668757,0.970862348936799,0.966389936301159,0.962780827612449,0.955871679951649,0.932647081025515,0.890213428902919,0.567644014191267,0.233943237014023
0.798981026014204,0.896213476064303,0.928825395926581,0.942121620960958,0.947943247047203,0.954531860479721,0.957077340610228,0.960990798308481,0.967774593118105,0.973445140291636,0.979857095756125,0.984750045754782,0.990049572099828,0.994850779407205,0.998120823560926,1,0.998285686247218,0.995710721169383,0.992691484278743,0.989764588598067,0.987525874972226,0.984988444250825,0.982371521989008,0.979652963894056,0.975538898334992,0.971139483533783,0.9675887376804,0.96070919348731,0.937617701754814,0.895394602477628,0.573901271492283,0.241748688808617
0.790744404551527,0.88897823000386,0.922676934948413,0.936504160544837,0.942869922104385,0.94986061988331,0.95232970852555,0.956048488894948,0.963283204424211,0.969101310834733,0.975782118791924,0.980953676336072,0.98687291628659,0.991883263157245,0.995576285013289,0.998285686247218,1,0.99837051347148,0.996009687945446,0.993532831635224,0.991298334087902,0.988872872963424,0.986302201547753,0.983614996292095,0.979548384367355,0.975244652816293,0.971929866847922,0.965346319557902,0.942696823886164,0.901080745728511,0.581011767635236,0.246940239363231
0.785024239961858,0.883627024872318,0.917276078420975,0.931369936252197,0.937897969505163,0.945381431495126,0.947839380925678,0.951551611169462,0.958978108966448,0.964648526354336,0.971669995610316,0.977293780775957,0.983488805274663,0.988571270720955,0.992319679329536,0.995710721169383,0.99837051347148,1,0.998297626006659,0.995983782527834,0.993665666945272,0.991410971384873,0.988944662157001,0.986123548428284,0.982363994960352,0.977811100487575,0.974556826350009,0.968363373173978,0.946076859012853,0.904932766142035,0.585769697587307,0.256012147420287
0.779231514263494,0.877959309027689,0.912188329139179,0.926726384695233,0.933048971626483,0.940952590333323,0.943551124035649,0.947018543341471,0.954339953515763,0.960111470880423,0.967550543990213,0.973615710050817,0.980258001853371,0.985241761001061,0.989003062625387,0.992691484278743,0.996009687945446,0.998297626006659,1,0.998177327391231,0.996070136969751,0.993855977610773,0.991333566253583,0.988652298519829,0.984932232736424,0.980093704591717,0.976729162709118,0.970795531342956,0.948617978630849,0.907949557957339,0.589879004843734,0.262179415612346
0.771526543341953,0.871001914492657,0.906417081329638,0.921614037649477,0.928358169213022,0.936554772235597,0.938994057475167,0.942592568520977,0.950132142815753,0.955767654872801,0.963184274312658,0.969167245057519,0.976184740919741,0.981571548821791,0.985488645205145,0.989764588598067,0.993532831635224,0.995983782527834,0.998177327391231,1,0.998491910824914,0.99648838452868,0.994144405400319,0.991477193689513,0.987828881975778,0.98322520980879,0.979720506410917,0.973777965513921,0.951373942413209,0.911268821735402,0.592258756088224,0.264316762078543
0.766294411480646,0.865968624282568,0.901858621781077,0.917170983088049,0.923966293543417,0.932323808406129,0.934989239316833,0.938601674644749,0.946318467056657,0.952361952520246,0.960137863009001,0.966264158924457,0.973533372984821,0.979039181742477,0.983063625339427,0.987525874972226,0.991298334087902,0.993665666945272,0.996070136969751,0.998491910824914,1,0.998434061270717,0.996318071363801,0.993700446415946,0.990237129827215,0.985940389409049,0.982686173761759,0.976839052724322,0.954654888141221,0.915252656663512,0.597547683136922,0.271082647548182
0.75971804616029,0.86116783643964,0.897535386836661,0.913280090421967,0.920624434672613,0.929215857194745,0.93226576484034,0.935678677496405,0.943279786545686,0.949239954864218,0.957208023623693,0.963675717747053,0.970929395084086,0.976365511594499,0.980458551269691,0.984988444250825,0.988872872963424,0.991410971384873,0.993855977610773,0.99648838452868,0.998434061270717,1,0.998252717437432,0.995766097430742,0.992684124291203,0.988327908046511,0.985322264720519,0.979591816096892,0.957755923551109,0.918835359581833,0.600467632711252,0.272506544741985
0.753559134332129,0.856142443394961,0.892902439667909,0.908903357314236,0.916284302502147,0.925041554017683,0.928292208163062,0.931777494245328,0.939612570934528,0.945431094482564,0.953803010463937,0.960809842880804,0.968506948806224,0.973882562793428,0.977896312280104,0.982371521989008,0.986302201547753,0.988944662157001,0.991333566253583,0.994144405400319,0.996318071363801,0.998252717437432,1,0.997906690274876,0.995306503514297,0.991296386839855,0.98842294306527,0.982675624776891,0.961461199712339,0.9232156657811,0.608099645655369,0.278211152532775
0.747443761041178,0.851579786852797,0.889133000711153,0.905066248871417,0.91276303459326,0.921551135039055,0.924844985059247,0.928813348104659,0.936546257743412,0.942436603449998,0.950691674985163,0.957586070417476,0.965436155051445,0.970941382831637,0.975054441668757,0.979652963894056,0.983614996292095,0.986123548428284,0.988652298519829,0.991477193689513,0.993700446415946,0.995766097430742,0.997906690274876,1,0.997757525764138,0.99410343939883,0.990804174194629,0.985331746459702,0.965455322203427,0.928851168275898,0.617285451654701,0.287549933596578
0.73949632048669,0.842524428307366,0.881929124572926,0.898821401853075,0.906869659910626,0.916303975464541,0.919647565255988,0.924035740899769,0.932029796695122,0.937921127950225,0.946256438458893,0.953112110023145,0.960990536025781,0.966694382753183,0.970862348936799,0.975538898334992,0.979548384367355,0.982363994960352,0.984932232736424,0.987828881975778,0.990237129827215,0.992684124291203,0.995306503514297,0.997757525764138,1,0.99717708549867,0.9939681024635,0.989273051193491,0.970828811438145,0.935934206957049,0.626797614761052,0.301090158092836
0.733520970477779,0.835576302481144,0.875923890560643,0.892398974584581,0.900931499121181,0.910167147683877,0.913483794061839,0.918044432949051,0.926445473151611,0.932252377288855,0.940713078732441,0.947585078731895,0.955944704236724,0.962063905410815,0.966389936301159,0.971139483533783,0.975244652816293,0.977811100487575,0.980093704591717,0.98322520980879,0.985940389409049,0.988327908046511,0.991296386839855,0.99410343939883,0.99717708549867,1,0.997066508594591,0.991977036502439,0.974535319701527,0.940304448663688,0.633782072064523,0.313332981317155
0.722077556148071,0.826378661896327,0.868457920940448,0.885641737642533,0.894725621891442,0.903801161715635,0.907470498625627,0.912244225735615,0.921392674761661,0.927515331674234,0.936055085349995,0.943067796047963,0.951887381018791,0.958378389997961,0.962780827612449,0.9675887376804,0.971929866847922,0.974556826350009,0.976729162709118,0.979720506410917,0.982686173761759,0.985322264720519,0.98842294306527,0.990804174194629,0.9939681024635,0.997066508594591,1,0.995225646688685,0.979175774587436,0.944840839378958,0.640099717732226,0.325526078856076
0.712424215071951,0.818023393888107,0.860524315180156,0.87809313663591,0.887336100428847,0.896784442748973,0.900686178865411,0.906171505832873,0.915516168695712,0.922087746701673,0.9306559305758,0.937271823977835,0.945542213707685,0.951694073388768,0.955871679951649,0.96070919348731,0.965346319557902,0.968363373173978,0.970795531342956,0.973777965513921,0.976839052724322,0.979591816096892,0.982675624776891,0.985331746459702,0.989273051193491,0.991977036502439,0.995225646688685,1,0.988030777697967,0.958183644597791,0.666696251517872,0.354281205789805
0.678745541578198,0.785252834096167,0.82875568341087,0.84804708019188,0.858492227870221,0.867653651333841,0.872122668470032,0.878206427174444,0.888539561223886,0.896105984732173,0.905479056616528,0.912780716721692,0.921323135114777,0.927658398830612,0.932647081025515,0.937617701754814,0.942696823886164,0.946076859012853,0.948617978630849,0.951373942413209,0.954654888141221,0.957755923551109,0.961461199712339,0.965455322203427,0.970828811438145,0.974535319701527,0.979175774587436,0.988030777697967,1,0.983959120396152,0.746049448734797,0.426768850971832
0.629494311653282,0.73496556119817,0.779947403856458,0.799924146465829,0.811572034046441,0.820189736269533,0.82426473624845,0.831147147167497,0.842215430913373,0.850794810223189,0.861105841496637,0.868682105265609,0.878178970118041,0.884331312223733,0.890213428902919,0.895394602477628,0.901080745728511,0.904932766142035,0.907949557957339,0.911268821735402,0.915252656663512,0.918835359581833,0.9232156657811,0.928851168275898,0.935934206957049,0.940304448663688,0.944840839378958,0.958183644597791,0.983959120396152,1,0.821003394168207,0.499329669551322
0.330638286728194,0.412642322419938,0.446622685130708,0.470417040010848,0.480774481126158,0.487586384893792,0.487380688801766,0.496520771110302,0.509926806611229,0.519528231984861,0.531914230671508,0.543400774104922,0.553739891758644,0.560424033109596,0.567644014191267,0.573901271492283,0.581011767635236,0.585769697587307,0.589879004843734,0.592258756088224,0.597547683136922,0.600467632711252,0.608099645655369,0.617285451654701,0.626797614761052,0.633782072064523,0.640099717732226,0.666696251517872,0.746049448734797,0.821003394168207,1,0.745768857122647
0.0529595591286236,0.110744981927037,0.127834272290829,0.144844003532919,0.149128984476602,0.162453146467444,0.163039972607631,0.167396625208272,0.182943205875186,0.191146493271563,0.202534642969224,0.21371080592146,0.222455459620168,0.23155063513749,0.233943237014023,0.241748688808617,0.246940239363231,0.256012147420287,0.262179415612346,0.264316762078543,0.271082647548182,0.272506544741985,0.278211152532775,0.287549933596578,0.301090158092836,0.313332981317155,0.325526078856076,0.354281205789805,0.426768850971832,0.499329669551322,0.745768857122647,1
