1,0.99131994614832,0.939226050461475,0.750159695193226,0.495596774936597,0.485785656106972,0.465387583091542,0.432133390178974,0.40539887569599,0.393400984450706,0.369531187943543,0.338681087451025,0.314737176454011,0.299657669926862,0.282691354002103,0.264778191703508,0.241071192125692,0.205116571686066,0.178229509536645,0.159923333278582,0.157293391378339,0.161581631305533,0.163255590330286,0.16310031026386,0.158614862886213,0.149829162832967,0.141438920988069,0.13433006761298,0.155411689919619,0.158392258591966,0.152868141771984,0.14762084198323
0.99131994614832,1,0.976207606716483,0.830584702486847,0.605357354941699,0.594403415683828,0.570637857965908,0.531230156831997,0.499054362458577,0.483746578970081,0.453872970706673,0.415487235063502,0.386084915353699,0.36808052185256,0.347724022084075,0.326161333027442,0.294732131451486,0.247524805057454,0.212976909146605,0.189643181546363,0.185542533071879,0.189890366275447,0.191248788445991,0.190544558814441,0.184144849141612,0.172701997120411,0.162118180279893,0.153276454168946,0.17351890605391,0.174051656411647,0.166562468622549,0.159999929985633
0.939226050461475,0.976207606716483,1,0.931578508281476,0.763317846323329,0.750896474751552,0.722482544526593,0.67442753961706,0.634503532975603,0.614320051690315,0.57568270595435,0.526331158208785,0.489046682346179,0.466904349886556,0.441732125366729,0.414971939500909,0.372004114984118,0.30803653365814,0.262170079238696,0.231433549858395,0.225063512639002,0.22934394436837,0.230130179381884,0.228547396142672,0.219234348465594,0.203845086111969,0.190046706833346,0.178683872917291,0.19677085819556,0.193246082680479,0.182801275794198,0.174319582700895
0.750159695193226,0.830584702486847,0.931578508281476,1,0.945471392454226,0.931935161117066,0.898805523515197,0.841457732070474,0.792867638842483,0.766695881897842,0.717550509346622,0.655159504061864,0.608698488304128,0.582016935963785,0.551497317919123,0.5189216708889,0.461262616086059,0.376123963408694,0.316249180815973,0.276430561655032,0.266945718621754,0.270649531770387,0.270391307444113,0.267507015476139,0.254318306853091,0.233979502738737,0.216286253329758,0.201927366654129,0.214441585725438,0.204495926761122,0.190227154078814,0.179446556160338
0.495596774936597,0.605357354941699,0.763317846323329,0.945471392454226,1,0.992147663842538,0.96432529110028,0.911272363148144,0.864021480505977,0.834961280463738,0.780914636938838,0.71251467573636,0.662034027983741,0.633679784385219,0.601100523130944,0.56622482111322,0.500413173779973,0.403709170885245,0.336514476158934,0.292043997522931,0.280511331234203,0.283233255280026,0.281947224016563,0.278058296696341,0.262719005010055,0.239991784582151,0.220549785118642,0.204903680094965,0.210896931912261,0.195703561187583,0.179111934152071,0.167146639046456
0.485785656106972,0.594403415683828,0.750896474751552,0.931935161117066,0.992147663842538,1,0.989862165885593,0.955621931326747,0.91946910978336,0.888994027763744,0.831888269017608,0.75944053814809,0.705886628050102,0.675724820462149,0.641052757777491,0.603925744792467,0.533611162673191,0.430284401276593,0.358525013194161,0.311043531734344,0.298509315286693,0.301054197031529,0.299380681599907,0.294984338885892,0.279138337341742,0.255673964232666,0.235480309113888,0.219179920088038,0.224634793175227,0.207495712397732,0.189371325344161,0.176385862696315
0.465387583091542,0.570637857965908,0.722482544526593,0.898805523515197,0.96432529110028,0.989862165885593,1,0.987775831014736,0.964914813078171,0.933413696773909,0.873922164239709,0.798258287467869,0.742234857984726,0.710595118542572,0.674207152018461,0.635231011258381,0.561142752543563,0.452264095371392,0.376688428560241,0.326692419764534,0.313259685332221,0.315555026026529,0.313473373790895,0.308584584089581,0.292465109051857,0.268610739915609,0.247948295991879,0.231215507168849,0.235955057333684,0.216933019606182,0.197413394969684,0.183516870968316
0.432133390178974,0.531230156831997,0.67442753961706,0.841457732070474,0.911272363148144,0.955621931326747,0.987775831014736,1,0.992260714028002,0.960369081584655,0.899648294455323,0.822221453063515,0.764795875023598,0.732272893353685,0.694851381265767,0.654755915398142,0.578256003852652,0.465826452335176,0.387827108157571,0.336238810366318,0.322133603563217,0.324101472454165,0.321620492921301,0.316305392725297,0.300262176070574,0.276536794573873,0.255842329015056,0.239025696268272,0.242869499754638,0.222225069436451,0.201629949014838,0.187058015892451
0.40539887569599,0.499054362458577,0.634503532975603,0.792867638842483,0.864021480505977,0.91946910978336,0.964914813078171,0.992260714028002,1,0.982501773507066,0.934623494090395,0.867711157475566,0.81604395376959,0.785337074324525,0.749099189044138,0.709646244853505,0.637178259225345,0.525298394012888,0.445543388653152,0.392218460172739,0.377447749877977,0.378749691474458,0.374972203071398,0.368008308267549,0.351599653060984,0.327114042947077,0.30511706055043,0.28698617495004,0.28711108596559,0.258153873677887,0.231654960044364,0.213282235589639
0.393400984450706,0.483746578970081,0.614320051690315,0.766695881897842,0.834961280463738,0.888994027763744,0.933413696773909,0.960369081584655,0.982501773507066,1,0.984508106797555,0.945108411420918,0.909089177284262,0.88390751468386,0.851876888662682,0.815446964215719,0.755901674934155,0.650111488537193,0.569388566725434,0.514025191849686,0.498595794162739,0.498800820675083,0.492497299570817,0.482187402675274,0.464704746700975,0.43807853276119,0.4128960222299,0.39164908100887,0.384208517946833,0.337620339794313,0.298454209401527,0.271894264123179
0.369531187943543,0.453872970706673,0.57568270595435,0.717550509346622,0.780914636938838,0.831888269017608,0.873922164239709,0.899648294455323,0.934623494090395,0.984508106797555,1,0.987760147202048,0.967623280576605,0.948447990829556,0.921401935840237,0.888982360064603,0.843505866508517,0.74683006957232,0.667776237756437,0.612263542837551,0.596707252696994,0.595873088104412,0.587393046549515,0.574262771604115,0.556327878436596,0.528537597146029,0.501161178355196,0.477659930914903,0.463335055092717,0.401638239023825,0.35179910757218,0.318380682490262
0.338681087451025,0.415487235063502,0.526331158208785,0.655159504061864,0.71251467573636,0.75944053814809,0.798258287467869,0.822221453063515,0.867711157475566,0.945108411420918,0.987760147202048,1,0.994515965905473,0.981182870566213,0.959274829955173,0.931266433256089,0.899488802195638,0.81343673634544,0.737924801615168,0.683723786990605,0.668459409620852,0.666722493876986,0.656526896760957,0.641229300258849,0.623358789853426,0.595256102480697,0.566640368996575,0.541745240127513,0.521668879618203,0.448136957105721,0.390100078339867,0.351449989012095
0.314737176454011,0.386084915353699,0.489046682346179,0.608698488304128,0.662034027983741,0.705886628050102,0.742234857984726,0.764795875023598,0.81604395376959,0.909089177284262,0.967623280576605,0.994515965905473,1,0.994656443632061,0.980076698306369,0.958632564132804,0.933574004537201,0.849703606872969,0.774137285178982,0.719478088772103,0.704774825533618,0.703897888452373,0.693975970847652,0.678547135960447,0.661350654278164,0.633361373078353,0.604240237366681,0.578692640041977,0.555353585319382,0.475000104708984,0.412235412323863,0.370567483752235
0.299657669926862,0.36808052185256,0.466904349886556,0.582016935963785,0.633679784385219,0.675724820462149,0.710595118542572,0.732272893353685,0.785337074324525,0.88390751468386,0.948447990829556,0.981182870566213,0.994656443632061,1,0.995345129117356,0.982897042321751,0.957569508770517,0.866442461098422,0.78630298508719,0.728743331092053,0.714757472347923,0.716602554621039,0.708911327346444,0.695269167706602,0.679233863854007,0.651501017880008,0.622279708415715,0.596521145744339,0.572002828253974,0.488647275754288,0.423720518315951,0.380654045016116
0.282691354002103,0.347724022084075,0.441732125366729,0.551497317919123,0.601100523130944,0.641052757777491,0.674207152018461,0.694851381265767,0.749099189044138,0.851876888662682,0.921401935840237,0.959274829955173,0.980076698306369,0.995345129117356,1,0.996069746925681,0.970735361850671,0.873712987641525,0.790077270105435,0.73036509546667,0.717183799323536,0.72155209007344,0.716017375734878,0.704174626928206,0.689377910326671,0.662151876065699,0.633118837761169,0.60741173095518,0.582029005453599,0.496674827235011,0.430355878921046,0.386399159455305
0.264778191703508,0.326161333027442,0.414971939500909,0.5189216708889,0.56622482111322,0.603925744792467,0.635231011258381,0.654755915398142,0.709646244853505,0.815446964215719,0.888982360064603,0.931266433256089,0.958632564132804,0.982897042321751,0.996069746925681,1,0.974867269666441,0.873223229972082,0.787060825100365,0.725860527834553,0.713526854075111,0.720178222851563,0.716670864576813,0.706579058137546,0.693042110545583,0.666505336206159,0.63788363811242,0.612434832380106,0.586466028121559,0.499975639745788,0.432921573881448,0.388507489748342
0.241071192125692,0.294732131451486,0.372004114984118,0.461262616086059,0.500413173779973,0.533611162673191,0.561142752543563,0.578256003852652,0.637178259225345,0.755901674934155,0.843505866508517,0.899488802195638,0.933574004537201,0.957569508770517,0.970735361850671,0.974867269666441,1,0.959233356795872,0.903599564474493,0.859438611022961,0.849751469973161,0.850126146711002,0.839405021246907,0.821852492354014,0.808139005417165,0.782421366209844,0.752591108765787,0.725390853628521,0.688009469496548,0.579441677569154,0.497419882264171,0.443527272377518
0.205116571686066,0.247524805057454,0.30803653365814,0.376123963408694,0.403709170885245,0.430284401276593,0.452264095371392,0.465826452335176,0.525298394012888,0.650111488537193,0.74683006957232,0.81343673634544,0.849703606872969,0.866442461098422,0.873712987641525,0.873223229972082,0.959233356795872,1,0.987829027985376,0.968886099062603,0.962683727255828,0.953865147643441,0.933703875667938,0.907040515714531,0.893328031646749,0.870024165677943,0.840525356211243,0.812884728889613,0.764205244554278,0.63631095344332,0.541752803669999,0.480052665241972
0.178229509536645,0.212976909146605,0.262170079238696,0.316249180815973,0.336514476158934,0.358525013194161,0.376688428560241,0.387827108157571,0.445543388653152,0.569388566725434,0.667776237756437,0.737924801615168,0.774137285178982,0.78630298508719,0.790077270105435,0.787060825100365,0.903599564474493,0.987829027985376,1,0.995591947014538,0.991522146223001,0.977949044425697,0.953289914429602,0.922534965553027,0.909297592399932,0.888128696047508,0.859833195395623,0.832906780829019,0.779693824890686,0.645588904093504,0.547403541708931,0.483541661962083
0.159923333278582,0.189643181546363,0.231433549858395,0.276430561655032,0.292043997522931,0.311043531734344,0.326692419764534,0.336238810366318,0.392218460172739,0.514025191849686,0.612263542837551,0.683723786990605,0.719478088772103,0.728743331092053,0.73036509546667,0.725860527834553,0.859438611022961,0.968886099062603,0.995591947014538,1,0.997263917233455,0.980983348700262,0.953901744148731,0.921040902682306,0.908245513811132,0.888612644488866,0.861375108633968,0.83519565823311,0.77987417438984,0.64359965912994,0.544380520023357,0.479965324861014
0.157293391378339,0.185542533071879,0.225063512639002,0.266945718621754,0.280511331234203,0.298509315286693,0.313259685332221,0.322133603563217,0.377447749877977,0.498595794162739,0.596707252696994,0.668459409620852,0.704774825533618,0.714757472347923,0.717183799323536,0.713526854075111,0.849751469973161,0.962683727255828,0.991522146223001,0.997263917233455,1,0.992141641518719,0.972327966137746,0.945585880000329,0.933631276182137,0.911717128750325,0.882543171960746,0.854811530293154,0.801706751030974,0.665313896849206,0.56506481086891,0.499777220147784
0.161581631305533,0.189890366275447,0.22934394436837,0.270649531770387,0.283233255280026,0.301054197031529,0.315555026026529,0.324101472454165,0.378749691474458,0.498800820675083,0.595873088104412,0.666722493876986,0.703897888452373,0.716602554621039,0.72155209007344,0.720178222851563,0.850126146711002,0.953865147643441,0.977949044425697,0.980983348700262,0.992141641518719,1,0.993917556841329,0.97886568310283,0.968188200880288,0.941794169026676,0.909051974099639,0.878556489192604,0.830836019193553,0.696712465078893,0.596236727836551,0.530396400727128
0.163255590330286,0.191248788445991,0.230130179381884,0.270391307444113,0.281947224016563,0.299380681599907,0.313473373790895,0.321620492921301,0.374972203071398,0.492497299570817,0.587393046549515,0.656526896760957,0.693975970847652,0.708911327346444,0.716017375734878,0.716670864576813,0.839405021246907,0.933703875667938,0.953289914429602,0.953901744148731,0.972327966137746,0.993917556841329,1,0.995433162830561,0.986018562864968,0.956024570352806,0.920567339183821,0.888035617072353,0.845674579850285,0.715291885979667,0.61592275476994,0.550451792941127
0.16310031026386,0.190544558814441,0.228547396142672,0.267507015476139,0.278058296696341,0.294984338885892,0.308584584089581,0.316305392725297,0.368008308267549,0.482187402675274,0.574262771604115,0.641229300258849,0.678547135960447,0.695269167706602,0.704174626928206,0.706579058137546,0.821852492354014,0.907040515714531,0.922534965553027,0.921040902682306,0.945585880000329,0.97886568310283,0.995433162830561,1,0.991772736618522,0.958953310940385,0.921491479603731,0.887514775516755,0.850216255272396,0.724359121441097,0.626926949679501,0.562420351657639
0.158614862886213,0.184144849141612,0.219234348465594,0.254318306853091,0.262719005010055,0.279138337341742,0.292465109051857,0.300262176070574,0.351599653060984,0.464704746700975,0.556327878436596,0.623358789853426,0.661350654278164,0.679233863854007,0.689377910326671,0.693042110545583,0.808139005417165,0.893328031646749,0.909297592399932,0.908245513811132,0.933631276182137,0.968188200880288,0.986018562864968,0.991772736618522,1,0.986933379010329,0.962743152503181,0.937967761369817,0.89326740865783,0.752986104869069,0.646813933687444,0.577013495512542
0.149829162832967,0.172701997120411,0.203845086111969,0.233979502738737,0.239991784582151,0.255673964232666,0.268610739915609,0.276536794573873,0.327114042947077,0.43807853276119,0.528537597146029,0.595256102480697,0.633361373078353,0.651501017880008,0.662151876065699,0.666505336206159,0.782421366209844,0.870024165677943,0.888128696047508,0.888612644488866,0.911717128750325,0.941794169026676,0.956024570352806,0.958953310940385,0.986933379010329,1,0.993735412057483,0.981578685741765,0.92627670325989,0.76888023610596,0.653143819313539,0.577759435558562
0.141438920988069,0.162118180279893,0.190046706833346,0.216286253329758,0.220549785118642,0.235480309113888,0.247948295991879,0.255842329015056,0.30511706055043,0.4128960222299,0.501161178355196,0.566640368996575,0.604240237366681,0.622279708415715,0.633118837761169,0.63788363811242,0.752591108765787,0.840525356211243,0.859833195395623,0.861375108633968,0.882543171960746,0.909051974099639,0.920567339183821,0.921491479603731,0.962743152503181,0.993735412057483,1,0.996781864674491,0.934974275603169,0.768119297586722,0.64752311155767,0.569421181938479
0.13433006761298,0.153276454168946,0.178683872917291,0.201927366654129,0.204903680094965,0.219179920088038,0.231215507168849,0.239025696268272,0.28698617495004,0.39164908100887,0.477659930914903,0.541745240127513,0.578692640041977,0.596521145744339,0.60741173095518,0.612434832380106,0.725390853628521,0.812884728889613,0.832906780829019,0.83519565823311,0.854811530293154,0.878556489192604,0.888035617072353,0.887514775516755,0.937967761369817,0.981578685741765,0.996781864674491,1,0.934002717656983,0.761650075359678,0.638498072117883,0.559049196652646
0.155411689919619,0.17351890605391,0.19677085819556,0.214441585725438,0.210896931912261,0.224634793175227,0.235955057333684,0.242869499754638,0.28711108596559,0.384208517946833,0.463335055092717,0.521668879618203,0.555353585319382,0.572002828253974,0.582029005453599,0.586466028121559,0.688009469496548,0.764205244554278,0.779693824890686,0.77987417438984,0.801706751030974,0.830836019193553,0.845674579850285,0.850216255272396,0.89326740865783,0.92627670325989,0.934974275603169,0.934002717656983,1,0.942759432459057,0.871085305256352,0.81807730302514
0.158392258591966,0.174051656411647,0.193246082680479,0.204495926761122,0.195703561187583,0.207495712397732,0.216933019606182,0.222225069436451,0.258153873677887,0.337620339794313,0.401638239023825,0.448136957105721,0.475000104708984,0.488647275754288,0.496674827235011,0.499975639745788,0.579441677569154,0.63631095344332,0.645588904093504,0.64359965912994,0.665313896849206,0.696712465078893,0.715291885979667,0.724359121441097,0.752986104869069,0.76888023610596,0.768119297586722,0.761650075359678,0.942759432459057,1,0.985003366907951,0.963033529420432
0.152868141771984,0.166562468622549,0.182801275794198,0.190227154078814,0.179111934152071,0.189371325344161,0.197413394969684,0.201629949014838,0.231654960044364,0.298454209401527,0.35179910757218,0.390100078339867,0.412235412323863,0.423720518315951,0.430355878921046,0.432921573881448,0.497419882264171,0.541752803669999,0.547403541708931,0.544380520023357,0.56506481086891,0.596236727836551,0.61592275476994,0.626926949679501,0.646813933687444,0.653143819313539,0.64752311155767,0.638498072117883,0.871085305256352,0.985003366907951,1,0.995069047179988
0.14762084198323,0.159999929985633,0.174319582700895,0.179446556160338,0.167146639046456,0.176385862696315,0.183516870968316,0.187058015892451,0.213282235589639,0.271894264123179,0.318380682490262,0.351449989012095,0.370567483752235,0.380654045016116,0.386399159455305,0.388507489748342,0.443527272377518,0.480052665241972,0.483541661962083,0.479965324861014,0.499777220147784,0.530396400727128,0.550451792941127,0.562420351657639,0.577013495512542,0.577759435558562,0.569421181938479,0.559049196652646,0.81807730302514,0.963033529420432,0.995069047179988,1
