1,0.822853082665955,0.768172033527577,0.747195753637912,0.732042714120272,0.721239162468301,0.706677834200112,0.699793529622529,0.691979868254576,0.682666908869817,0.675125764479357,0.667690900784792,0.657690541755824,0.65021959462806,0.644540630929792,0.637259890255326,0.6287389105134,0.614398689817514,0.604960767396018,0.593261560942376,0.582878661196408,0.574651164064464,0.566870482638248,0.557226525356974,0.551874316875114,0.541653254896257,0.532303168410143,0.512980466255933,0.49475167150754,0.462606136977963,0.31450674329185,-0.0885769257450515
0.822853082665955,1,0.95718183739351,0.939817158055051,0.926668464160463,0.91535418951824,0.903511023101113,0.898490892153647,0.892958006743905,0.887753391019568,0.883284532619563,0.879676900055415,0.871860589461932,0.866715643504651,0.860517391186113,0.854169415137871,0.846689936985112,0.835154680027182,0.824773096773596,0.81445225306908,0.804454637318874,0.799434561530195,0.791083269155782,0.783357128137168,0.778245296560763,0.769511604331776,0.759735019171073,0.745172373682795,0.726418691720359,0.69311197307821,0.535341690808558,-0.0416371938741346
0.768172033527577,0.95718183739351,1,0.981269567183378,0.96825258587877,0.959485470269696,0.949782545480637,0.944598319869569,0.938730406546012,0.935066729809279,0.930672440879111,0.925679628879192,0.91949192716255,0.914906470352996,0.909098857411729,0.903401091934969,0.897220307597097,0.888220726690848,0.878654993568734,0.869004686686023,0.861040815064923,0.856381330294185,0.848681049132247,0.841428158752596,0.837778403233854,0.829480893637661,0.821205853660558,0.809694884216929,0.791278662751433,0.755811964843754,0.592207366511665,-0.0466211772831331
0.747195753637912,0.939817158055051,0.981269567183378,1,0.988199846283992,0.978923853626932,0.971129144716305,0.966073985709758,0.960001747715155,0.955587151283546,0.951449562331408,0.947196223079917,0.941311114744355,0.9367261920711,0.930775512732519,0.925618827966727,0.920022486379828,0.912093275711062,0.903065358034647,0.895850587495365,0.889079325445519,0.885001717393912,0.877737057229521,0.870253678727162,0.866159311477388,0.858576436656469,0.850303289366529,0.839331562868045,0.821292563146873,0.786381734659547,0.618943936958135,-0.0438417275846771
0.732042714120272,0.926668464160463,0.96825258587877,0.988199846283992,1,0.991686876300137,0.984149771675055,0.978813452057148,0.973266865121041,0.968744928175439,0.964846786400039,0.96097969578738,0.955868666175639,0.951725328688379,0.945891700368845,0.940485389003798,0.935136222211822,0.927217760833969,0.919345220919396,0.913709941563567,0.907173153705309,0.90277047285847,0.896133956694117,0.888984256288133,0.883921559812343,0.876653520498558,0.868142907435099,0.857848594643326,0.840299618523518,0.804699647334743,0.635878820436724,-0.0391460606006196
0.721239162468301,0.91535418951824,0.959485470269696,0.978923853626932,0.991686876300137,1,0.993485036666368,0.987695169861152,0.98263835007731,0.9765736496057,0.971877025852155,0.967974337207617,0.963320859847377,0.958884855263054,0.953093025344365,0.947758806131813,0.942694675926652,0.93545437934486,0.927949354747203,0.921887319315684,0.915405197898092,0.911027473514236,0.905174246095187,0.898188107755921,0.893392538982441,0.887209288590854,0.878718326027556,0.86851971993203,0.851151149444316,0.815756070308592,0.648521695764301,-0.0288003927185241
0.706677834200112,0.903511023101113,0.949782545480637,0.971129144716305,0.984149771675055,0.993485036666368,1,0.995171654747208,0.990266823974013,0.984794520260112,0.979650230846667,0.975454377204642,0.970767736537554,0.966711054124323,0.96075647933506,0.955726600813785,0.951294281135836,0.944275103923574,0.93714932917626,0.931386945849956,0.924928970885123,0.920970671209051,0.915308283197886,0.908613428883031,0.905471752218288,0.899579276297885,0.892091928856134,0.8836381469728,0.867377644550738,0.833055567882269,0.663027575398645,-0.0248255733108076
0.699793529622529,0.898490892153647,0.944598319869569,0.966073985709758,0.978813452057148,0.987695169861152,0.995171654747208,1,0.995554729475933,0.990591064422278,0.985984170981984,0.981670936393879,0.976952310657826,0.972452755321471,0.966273760260758,0.961009634142345,0.956714807314576,0.949452069747199,0.942413271152863,0.936702128757839,0.930237055245208,0.92635833631613,0.920533538514196,0.914282120120349,0.911456156386507,0.905689590626053,0.898435232712543,0.890053058496949,0.874053755108705,0.839395017304054,0.669058005460888,-0.0247428929142156
0.691979868254576,0.892958006743905,0.938730406546012,0.960001747715155,0.973266865121041,0.98263835007731,0.990266823974013,0.995554729475933,1,0.995801504435287,0.990912205152008,0.986675006878279,0.981833876814582,0.977182500039813,0.970577120942644,0.965163469648319,0.960379960099451,0.953018889753649,0.945765902435892,0.939990678997586,0.934011156339478,0.929867580014702,0.92424598810974,0.918048593715206,0.915246051046156,0.909623967869664,0.902842576933854,0.89468119164003,0.878428786762266,0.843498222777142,0.673432490669187,-0.0250563580376051
0.682666908869817,0.887753391019568,0.935066729809279,0.955587151283546,0.968744928175439,0.9765736496057,0.984794520260112,0.990591064422278,0.995801504435287,1,0.996206534787816,0.992117405122933,0.987625794533762,0.982755256617583,0.97548174753266,0.969838029489981,0.96532542650584,0.958067836867595,0.951003499052417,0.94467036538214,0.939225437241033,0.935538619665799,0.929934646801579,0.924423844458841,0.921369863568573,0.915526188741368,0.909363579068055,0.901565855176504,0.885215174294742,0.851246379762455,0.680575227070293,-0.0233386532770396
0.675125764479357,0.883284532619563,0.930672440879111,0.951449562331408,0.964846786400039,0.971877025852155,0.979650230846667,0.985984170981984,0.990912205152008,0.996206534787816,1,0.996319949510835,0.992144344836678,0.987417002249047,0.980087883160745,0.974478580173846,0.969674309904338,0.962489591937562,0.955757412246261,0.949235726154485,0.943547454366738,0.939622670845247,0.93384906691203,0.928668568535521,0.92560532258485,0.919466403403922,0.913171724863113,0.904996467207738,0.887403800222264,0.85394230062599,0.684111886056527,-0.0243565001018924
0.667690900784792,0.879676900055415,0.925679628879192,0.947196223079917,0.96097969578738,0.967974337207617,0.975454377204642,0.981670936393879,0.986675006878279,0.992117405122933,0.996319949510835,1,0.996516249882579,0.991885024983816,0.985193249063448,0.979518626831961,0.974655906875085,0.967926849384247,0.961813024643694,0.955577395420109,0.950133147131804,0.94657484486991,0.941122273555546,0.936481155903584,0.933133300000002,0.927209821925834,0.921001158786937,0.912664053767355,0.895161895647596,0.861681487926123,0.693044812975727,-0.0268750628917278
0.657690541755824,0.871860589461932,0.91949192716255,0.941311114744355,0.955868666175639,0.963320859847377,0.970767736537554,0.976952310657826,0.981833876814582,0.987625794533762,0.992144344836678,0.996516249882579,1,0.99654396808615,0.990800438266523,0.985167493174662,0.980078612792291,0.973424007938638,0.967632460474933,0.961128721327634,0.955824010629912,0.951724935638382,0.946812121146126,0.942544855046104,0.939108213541669,0.933522774739993,0.927739800069456,0.919607073928715,0.903145631405248,0.871867272325083,0.704875486139516,-0.0286122088701338
0.65021959462806,0.866715643504651,0.914906470352996,0.9367261920711,0.951725328688379,0.958884855263054,0.966711054124323,0.972452755321471,0.977182500039813,0.982755256617583,0.987417002249047,0.991885024983816,0.99654396808615,1,0.996304367466904,0.991661888738602,0.986893849223724,0.980526382057766,0.975628077858511,0.969532472873404,0.964129419870284,0.959674816080235,0.955282969677147,0.950794091635749,0.947055946961693,0.941653451691781,0.935667100038402,0.927874739244413,0.911285482040573,0.880884839815674,0.715152939943782,-0.0264260043097961
0.644540630929792,0.860517391186113,0.909098857411729,0.930775512732519,0.945891700368845,0.953093025344365,0.96075647933506,0.966273760260758,0.970577120942644,0.97548174753266,0.980087883160745,0.985193249063448,0.990800438266523,0.996304367466904,1,0.997083056432714,0.992360964615578,0.986406687307504,0.981117702227683,0.97489577260442,0.969655024448422,0.96489687082611,0.9606742875696,0.956441169523651,0.952576774537238,0.94751385583439,0.941624189941024,0.933755812861294,0.917078653903547,0.886048981645324,0.719794938829087,-0.0276555209932363
0.637259890255326,0.854169415137871,0.903401091934969,0.925618827966727,0.940485389003798,0.947758806131813,0.955726600813785,0.961009634142345,0.965163469648319,0.969838029489981,0.974478580173846,0.979518626831961,0.985167493174662,0.991661888738602,0.997083056432714,1,0.996586429160947,0.991379519685939,0.98633343488786,0.98044804784983,0.975314174972515,0.970474028750042,0.966236423506223,0.961882299236802,0.957942853681356,0.952498023219142,0.946573833408127,0.938807444927709,0.922183792722886,0.890946445475409,0.725140115602395,-0.0185588433413024
0.6287389105134,0.846689936985112,0.897220307597097,0.920022486379828,0.935136222211822,0.942694675926652,0.951294281135836,0.956714807314576,0.960379960099451,0.96532542650584,0.969674309904338,0.974655906875085,0.980078612792291,0.986893849223724,0.992360964615578,0.996586429160947,1,0.996524570898067,0.992398323286359,0.987200822650125,0.982297257117519,0.977552317438083,0.973252838684496,0.968808822663094,0.964674896637818,0.958772774756399,0.95258557551195,0.945649686088305,0.929164836403057,0.89679283813222,0.731116082501402,-0.0166490676756595
0.614398689817514,0.835154680027182,0.888220726690848,0.912093275711062,0.927217760833969,0.93545437934486,0.944275103923574,0.949452069747199,0.953018889753649,0.958067836867595,0.962489591937562,0.967926849384247,0.973424007938638,0.980526382057766,0.986406687307504,0.991379519685939,0.996524570898067,1,0.996803943187165,0.991938252623961,0.987664208838576,0.983150800353349,0.978940053385321,0.974663762267958,0.970534314322205,0.964767709878608,0.959047558899904,0.952728421159621,0.936466228716363,0.90353545865559,0.737273492350044,-0.00796973187887416
0.604960767396018,0.824773096773596,0.878654993568734,0.903065358034647,0.919345220919396,0.927949354747203,0.93714932917626,0.942413271152863,0.945765902435892,0.951003499052417,0.955757412246261,0.961813024643694,0.967632460474933,0.975628077858511,0.981117702227683,0.98633343488786,0.992398323286359,0.996803943187165,1,0.996198528260791,0.991982690015137,0.987688798127479,0.983373134873058,0.979418095496935,0.975323165021468,0.969423268748037,0.963574623040341,0.957094471059263,0.940938730631169,0.907344698591439,0.743677703106891,-0.00569741716519522
0.593261560942376,0.81445225306908,0.869004686686023,0.895850587495365,0.913709941563567,0.921887319315684,0.931386945849956,0.936702128757839,0.939990678997586,0.94467036538214,0.949235726154485,0.955577395420109,0.961128721327634,0.969532472873404,0.97489577260442,0.98044804784983,0.987200822650125,0.991938252623961,0.996198528260791,1,0.996738796531771,0.992493963235085,0.988695024636522,0.984609093852612,0.981107462084286,0.975304763668906,0.969725855047832,0.963494619705076,0.947815315502197,0.914392209207027,0.752002344814818,0.00113503748883119
0.582878661196408,0.804454637318874,0.861040815064923,0.889079325445519,0.907173153705309,0.915405197898092,0.924928970885123,0.930237055245208,0.934011156339478,0.939225437241033,0.943547454366738,0.950133147131804,0.955824010629912,0.964129419870284,0.969655024448422,0.975314174972515,0.982297257117519,0.987664208838576,0.991982690015137,0.996738796531771,1,0.996826912231964,0.993093295079959,0.989278194861198,0.985480925189442,0.980006142098241,0.974847480503424,0.968398970443674,0.952514601404505,0.919031231317891,0.754974480068754,0.000379003895699511
0.574651164064464,0.799434561530195,0.856381330294185,0.885001717393912,0.90277047285847,0.911027473514236,0.920970671209051,0.92635833631613,0.929867580014702,0.935538619665799,0.939622670845247,0.94657484486991,0.951724935638382,0.959674816080235,0.96489687082611,0.970474028750042,0.977552317438083,0.983150800353349,0.987688798127479,0.992493963235085,0.996826912231964,1,0.996551905065194,0.992551559182254,0.988402750449824,0.982891258313112,0.977565311686563,0.970949481364929,0.955211310891068,0.922902277113345,0.761278052283909,0.000411103930327339
0.566870482638248,0.791083269155782,0.848681049132247,0.877737057229521,0.896133956694117,0.905174246095187,0.915308283197886,0.920533538514196,0.92424598810974,0.929934646801579,0.93384906691203,0.941122273555546,0.946812121146126,0.955282969677147,0.9606742875696,0.966236423506223,0.973252838684496,0.978940053385321,0.983373134873058,0.988695024636522,0.993093295079959,0.996551905065194,1,0.996423330689872,0.99199187152069,0.986960774018882,0.981020371998435,0.974486186693197,0.958955224118961,0.92817176207168,0.76987583246579,0.00342368756285931
0.557226525356974,0.783357128137168,0.841428158752596,0.870253678727162,0.888984256288133,0.898188107755921,0.908613428883031,0.914282120120349,0.918048593715206,0.924423844458841,0.928668568535521,0.936481155903584,0.942544855046104,0.950794091635749,0.956441169523651,0.961882299236802,0.968808822663094,0.974663762267958,0.979418095496935,0.984609093852612,0.989278194861198,0.992551559182254,0.996423330689872,1,0.996140205484751,0.991023520172582,0.984323103903774,0.976912843292055,0.961979516854274,0.931156103574877,0.772600367984325,0.00143343586532938
0.551874316875114,0.778245296560763,0.837778403233854,0.866159311477388,0.883921559812343,0.893392538982441,0.905471752218288,0.911456156386507,0.915246051046156,0.921369863568573,0.92560532258485,0.933133300000002,0.939108213541669,0.947055946961693,0.952576774537238,0.957942853681356,0.964674896637818,0.970534314322205,0.975323165021468,0.981107462084286,0.985480925189442,0.988402750449824,0.99199187152069,0.996140205484751,1,0.995692866889593,0.989177537258118,0.98159034459651,0.966937236288304,0.936354291075089,0.780246879438069,0.00524663413120904
0.541653254896257,0.769511604331776,0.829480893637661,0.858576436656469,0.876653520498558,0.887209288590854,0.899579276297885,0.905689590626053,0.909623967869664,0.915526188741368,0.919466403403922,0.927209821925834,0.933522774739993,0.941653451691781,0.94751385583439,0.952498023219142,0.958772774756399,0.964767709878608,0.969423268748037,0.975304763668906,0.980006142098241,0.982891258313112,0.986960774018882,0.991023520172582,0.995692866889593,1,0.994379298038927,0.986837156643883,0.973802477943492,0.945989210153534,0.797416025639986,0.0193673355122682
0.532303168410143,0.759735019171073,0.821205853660558,0.850303289366529,0.868142907435099,0.878718326027556,0.892091928856134,0.898435232712543,0.902842576933854,0.909363579068055,0.913171724863113,0.921001158786937,0.927739800069456,0.935667100038402,0.941624189941024,0.946573833408127,0.95258557551195,0.959047558899904,0.963574623040341,0.969725855047832,0.974847480503424,0.977565311686563,0.981020371998435,0.984323103903774,0.989177537258118,0.994379298038927,1,0.993058989464928,0.98164293352215,0.954909208725137,0.810282505706188,0.029034109162614
0.512980466255933,0.745172373682795,0.809694884216929,0.839331562868045,0.857848594643326,0.86851971993203,0.8836381469728,0.890053058496949,0.89468119164003,0.901565855176504,0.904996467207738,0.912664053767355,0.919607073928715,0.927874739244413,0.933755812861294,0.938807444927709,0.945649686088305,0.952728421159621,0.957094471059263,0.963494619705076,0.968398970443674,0.970949481364929,0.974486186693197,0.976912843292055,0.98159034459651,0.986837156643883,0.993058989464928,1,0.990059091357163,0.962565481617318,0.821836289442883,0.0417956243449715
0.49475167150754,0.726418691720359,0.791278662751433,0.821292563146873,0.840299618523518,0.851151149444316,0.867377644550738,0.874053755108705,0.878428786762266,0.885215174294742,0.887403800222264,0.895161895647596,0.903145631405248,0.911285482040573,0.917078653903547,0.922183792722886,0.929164836403057,0.936466228716363,0.940938730631169,0.947815315502197,0.952514601404505,0.955211310891068,0.958955224118961,0.961979516854274,0.966937236288304,0.973802477943492,0.98164293352215,0.990059091357163,1,0.975443158542785,0.843544871895485,0.0655690625354258
0.462606136977963,0.69311197307821,0.755811964843754,0.786381734659547,0.804699647334743,0.815756070308592,0.833055567882269,0.839395017304054,0.843498222777142,0.851246379762455,0.85394230062599,0.861681487926123,0.871867272325083,0.880884839815674,0.886048981645324,0.890946445475409,0.89679283813222,0.90353545865559,0.907344698591439,0.914392209207027,0.919031231317891,0.922902277113345,0.92817176207168,0.931156103574877,0.936354291075089,0.945989210153534,0.954909208725137,0.962565481617318,0.975443158542785,1,0.893865236831923,0.119995476433199
0.31450674329185,0.535341690808558,0.592207366511665,0.618943936958135,0.635878820436724,0.648521695764301,0.663027575398645,0.669058005460888,0.673432490669187,0.680575227070293,0.684111886056527,0.693044812975727,0.704875486139516,0.715152939943782,0.719794938829087,0.725140115602395,0.731116082501402,0.737273492350044,0.743677703106891,0.752002344814818,0.754974480068754,0.761278052283909,0.76987583246579,0.772600367984325,0.780246879438069,0.797416025639986,0.810282505706188,0.821836289442883,0.843544871895485,0.893865236831923,1,0.274648012742038
-0.0885769257450515,-0.0416371938741346,-0.0466211772831331,-0.0438417275846771,-0.0391460606006196,-0.0288003927185241,-0.0248255733108076,-0.0247428929142156,-0.0250563580376051,-0.0233386532770396,-0.0243565001018924,-0.0268750628917278,-0.0286122088701338,-0.0264260043097961,-0.0276555209932363,-0.0185588433413024,-0.0166490676756595,-0.00796973187887416,-0.00569741716519522,0.00113503748883119,0.000379003895699511,0.000411103930327339,0.00342368756285931,0.00143343586532938,0.00524663413120904,0.0193673355122682,0.029034109162614,0.0417956243449715,0.0655690625354258,0.119995476433199,0.274648012742038,1
