1,0.99754111440222,0.989253860968659,0.973737523199951,0.94969065085229,0.916148017377016,0.872741575137308,0.819903437393077,0.758919502453705,0.691785239549372,0.620897190184247,0.583523142824529,0.544293536815502,0.495171811444992,0.441270860029406,0.387146059530215,0.335889163121468,0.289111063231512,0.247346896249202,0.210497756125729,0.17815554028658,0.132830013562426,0.0612035304593836,0.0262940487900548,0.00734000682009686,-0.00430039027086811,-0.0121120652971473,-0.0176969048269376,-0.0218804916981367,-0.0251279737539232,-0.0277202584278457,-0.0298365850972761
0.99754111440222,1,0.997068201205902,0.987299417464808,0.969304949843538,0.941987673873237,0.904809238833992,0.85801043592398,0.802690822236838,0.740691890515588,0.674308527702437,0.638389924259277,0.598658762416961,0.54786371982542,0.491459984112357,0.434384304464019,0.380040727978177,0.330247658529493,0.285655252929445,0.246215023036899,0.211530268110794,0.165977329670935,0.0947400210512193,0.0584889510085513,0.0384560120312168,0.026034728819377,0.0176487216546312,0.0116284194290332,0.0071049809860105,0.00358558830472911,0.000771143584202325,-0.00152993163928527
0.989253860968659,0.997068201205902,1,0.996561310780063,0.985275975276991,0.964909023664658,0.934739190465071,0.894797027420065,0.845972467097771,0.789928546773646,0.728836276992014,0.694708474074082,0.65465285660483,0.602316158770798,0.543496649380756,0.483519736177201,0.426111312847983,0.3733061331057,0.325876282485493,0.283828591880879,0.246781037212839,0.201235653654332,0.130823348518211,0.0933111224151176,0.0722127480481979,0.0590086499496401,0.0500426814587817,0.0435807499374843,0.0387116642121293,0.0349151636029267,0.0318739697718104,0.0293841083219469
0.973737523199951,0.987299417464808,0.996561310780063,1,0.996054382685152,0.983348388504007,0.96096745005456,0.928714256107738,0.887245858691874,0.83802105354541,0.78306235198599,0.751099445898123,0.710957391898947,0.657297414924861,0.596250947887805,0.53352904400544,0.473181472386512,0.417463807676692,0.367275061606672,0.322681922932941,0.283320786907964,0.238084795521303,0.16903152459438,0.130401721435765,0.108289157172158,0.0943247007354303,0.0847900083203533,0.0778925874933433,0.0726814138356308,0.0686099506845919,0.0653433309358847,0.062665506042939
0.94969065085229,0.969304949843538,0.985275975276991,0.996054382685152,1,0.99559613002018,0.981728148024757,0.957956197531142,0.924682893705656,0.883137152779236,0.835167008475067,0.805766626465958,0.765838222821895,0.711170310455528,0.648204380308451,0.583020960206041,0.519985808897248,0.461573802320796,0.408813037103643,0.361833803453837,0.320294998265536,0.275735465360632,0.208664554325036,0.169132471956194,0.146102357025992,0.13143005519613,0.121358972733233,0.114047742854607,0.108509933102225,0.104175033478334,0.100691893163031,0.0978331798532359
0.916148017377016,0.941987673873237,0.964909023664658,0.983348388504007,0.99559613002018,1,0.99524359655469,0.980634619683117,0.956303457738142,0.923225658499518,0.883049104351143,0.856607672997543,0.817247219975997,0.761983174730522,0.697529344115627,0.6303044309899,0.564970568751679,0.504213079116979,0.449187605509978,0.400090507024968,0.356607374160711,0.313144378883383,0.248742464993047,0.208596118231044,0.184794154559002,0.169499885349129,0.158948512294483,0.151262823854126,0.145427439653427,0.140851415663378,0.137169409688789,0.134144118430343
0.872741575137308,0.904809238833992,0.934739190465071,0.96096745005456,0.981728148024757,0.99524359655469,1,0.995049189417346,0.98023744820764,0.956267928458124,0.924565143395488,0.901445315582424,0.863042396899702,0.807674637459241,0.742276166542735,0.67355720193607,0.606444348157672,0.543816553001899,0.486951216500693,0.436111521530886,0.391013731904301,0.349095847070888,0.288068503140742,0.247658510990754,0.223276608159901,0.207478750853849,0.196526750769547,0.188523667346951,0.182433514887331,0.177649630198186,0.173795333574927,0.170625174917117
0.819903437393077,0.85801043592398,0.894797027420065,0.928714256107738,0.957956197531142,0.980634619683117,0.995049189417346,1,0.995045002991429,0.980602564152217,0.957855354717826,0.938350815502029,0.901301227899572,0.846370442752373,0.780649381605373,0.71107987886531,0.642810051197688,0.578888157312228,0.52070328852187,0.468584220086733,0.422281289705104,0.382350628457682,0.325364223767533,0.285081412887503,0.260346887427723,0.244190148290577,0.23293680045632,0.224688372277226,0.218398012856958,0.21344896984076,0.209456689870495,0.206169817824239
0.758919502453705,0.802690822236838,0.845972467097771,0.887245858691874,0.924682893705656,0.956303457738142,0.98023744820764,0.995045002991429,1,0.995231753459306,0.981669272855128,0.965974795600114,0.930646193157552,0.876696815020125,0.811304185002234,0.741573072828094,0.672822193713555,0.608238986848137,0.549310518950759,0.496427927851903,0.449378113131936,0.411831142214839,0.359451996003081,0.319695537887817,0.294853308196382,0.278497615178509,0.267054289517677,0.258642137690935,0.252213811111824,0.247148574726777,0.24305780831844,0.239686739653667
0.691785239549372,0.740691890515588,0.789928546773646,0.83802105354541,0.883137152779236,0.923225658499518,0.956267928458124,0.980602564152217,0.995231753459306,1,0.995578520326111,0.983772916308163,0.950472821326061,0.898005712651719,0.833564958875571,0.764346759328424,0.695785974893771,0.631175891145914,0.572085371401062,0.518962966090952,0.471633494729526,0.43678651958593,0.389431556527941,0.3505742839885,0.325865605036955,0.309472226453523,0.29795271875523,0.28946095299648,0.282959177474693,0.277828727209433,0.273680734413452,0.270259527850791
0.620897190184247,0.674308527702437,0.728836276992014,0.78306235198599,0.835167008475067,0.883049104351143,0.924565143395488,0.957855354717826,0.981669272855128,0.995578520326111,1,0.992045927595414,0.960999506268365,0.910432786071858,0.847489557467406,0.779389207001273,0.71162946098155,0.647575854857713,0.588861884054284,0.535987346368489,0.48881515853242,0.45688246674269,0.414792801870752,0.377151715608028,0.352794361652603,0.336512451755225,0.325023408796132,0.316531512281818,0.310017606390724,0.304870596013736,0.300704879992947,0.297266225805815
0.583523142824529,0.638389924259277,0.694708474074082,0.751099445898123,0.805766626465958,0.856607672997543,0.901445315582424,0.938350815502029,0.965974795600114,0.983772916308163,0.992045927595414,1,0.988023174891305,0.954904849335009,0.907006847705782,0.851321821643115,0.793522423974937,0.737340889118952,0.684816009799719,0.636813571184122,0.593497099272054,0.563089203444656,0.508397270463457,0.460868930401536,0.430286104168368,0.409891573496255,0.395519615433485,0.384905838317121,0.376769058578086,0.370342484688951,0.365142868947526,0.360851882169942
0.544293536815502,0.598658762416961,0.65465285660483,0.710957391898947,0.765838222821895,0.817247219975997,0.863042396899702,0.901301227899572,0.930646193157552,0.950472821326061,0.960999506268365,0.988023174891305,1,0.989283291593319,0.961124305917709,0.922081150238226,0.87791980630274,0.832746508728768,0.789059021300368,0.74815890265682,0.710579577852375,0.681896578503387,0.61070332373108,0.551144618901489,0.513117153030399,0.48784250908353,0.470064610731431,0.456951083665535,0.446906205419656,0.438977379500347,0.432565294143865,0.427275655682131
0.495171811444992,0.54786371982542,0.602316158770798,0.657297414924861,0.711170310455528,0.761983174730522,0.807674637459241,0.846370442752373,0.876696815020125,0.898005712651719,0.910432786071858,0.954904849335009,0.989283291593319,1,0.991139588256949,0.968704380636926,0.938421532307591,0.904660628033514,0.870298649930917,0.837020800476917,0.805698753114055,0.77928035280779,0.694042805713874,0.624413832703512,0.580180502375032,0.550845435766761,0.530236723888307,0.515047001905424,0.503418105683296,0.494242628529934,0.486824649758499,0.480706689706625
0.441270860029406,0.491459984112357,0.543496649380756,0.596250947887805,0.648204380308451,0.697529344115627,0.742276166542735,0.780649381605373,0.811304185002234,0.833564958875571,0.847489557467406,0.907006847705782,0.961124305917709,0.991139588256949,1,0.993090569208242,0.975996551456952,0.953245786048683,0.928006691529382,0.902282111015191,0.877235201590512,0.853368540777914,0.756941104556965,0.679446950636235,0.630391294168931,0.59790836449334,0.575107974135427,0.558312206919552,0.545458734549263,0.535319927495003,0.527124930490481,0.520367296925395
0.387146059530215,0.434384304464019,0.483519736177201,0.53352904400544,0.583020960206041,0.6303044309899,0.67355720193607,0.71107987886531,0.741573072828094,0.764346759328424,0.779389207001273,0.851321821643115,0.922081150238226,0.968704380636926,0.993090569208242,1,0.994810246895382,0.982122237646526,0.965315180142497,0.946643036073032,0.927509346338668,0.90624888642624,0.801356286421298,0.718055319081289,0.665462097720056,0.630676749891323,0.606276033547129,0.588308853874356,0.574562897207793,0.563722409394232,0.554961690985906,0.547738496857364
0.335889163121468,0.380040727978177,0.426111312847983,0.473181472386512,0.519985808897248,0.564970568751679,0.606444348157672,0.642810051197688,0.672822193713555,0.695785974893771,0.71162946098155,0.793522423974937,0.87791980630274,0.938421532307591,0.975996551456952,0.994810246895382,1,0.996178668461522,0.986870441840879,0.974521811411876,0.960729048326255,0.941965973506975,0.830906484710103,0.743502121091655,0.688429706024509,0.652036985877464,0.626521534222934,0.607739574505604,0.593373484436124,0.582045813028352,0.572892540437943,0.565346445346853
0.289111063231512,0.330247658529493,0.3733061331057,0.417463807676692,0.461573802320796,0.504213079116979,0.543816553001899,0.578888157312228,0.608238986848137,0.631175891145914,0.647575854857713,0.737340889118952,0.832746508728768,0.904660628033514,0.953245786048683,0.982122237646526,0.996178668461522,1,0.997205705437519,0.990387293340712,0.981293260949969,0.964829193932442,0.849395275080558,0.759191982425159,0.702447248091108,0.664975972576899,0.638714816691166,0.619388902956008,0.604609394552451,0.592957280746197,0.58354279873299,0.575781982372604
0.247346896249202,0.285655252929445,0.325876282485493,0.367275061606672,0.408813037103643,0.449187605509978,0.486951216500693,0.52070328852187,0.549310518950759,0.572085371401062,0.588861884054284,0.684816009799719,0.789059021300368,0.870298649930917,0.928006691529382,0.965315180142497,0.986870441840879,0.997205705437519,1,0.997953161742169,0.992933292593112,0.978535485438104,0.860059785328914,0.768009336194119,0.710178229389786,0.672011601356124,0.645271829706031,0.625597818591824,0.610554301474587,0.598695323012039,0.589114495826857,0.581217071704356
0.210497756125729,0.246215023036899,0.283828591880879,0.322681922932941,0.361833803453837,0.400090507024968,0.436111521530886,0.468584220086733,0.496427927851903,0.518962966090952,0.535987346368489,0.636813571184122,0.74815890265682,0.837020800476917,0.902282111015191,0.946643036073032,0.974521811411876,0.990387293340712,0.997953161742169,1,0.998490002577679,0.985924876825902,0.865371226194438,0.772148159215243,0.713643791672652,0.675051338902789,0.648020552962655,0.628135890993435,0.612933151138361,0.600949731117351,0.591269035784031,0.583289727172708
0.17815554028658,0.211530268110794,0.246781037212839,0.283320786907964,0.320294998265536,0.356607374160711,0.391013731904301,0.422281289705104,0.449378113131936,0.471633494729526,0.48881515853242,0.593497099272054,0.710579577852375,0.805698753114055,0.877235201590512,0.927509346338668,0.960729048326255,0.981293260949969,0.992933292593112,0.998490002577679,1,0.989050255639611,0.867105601039408,0.773179907533253,0.714288402225926,0.675456287177569,0.648263857460051,0.628263230213969,0.61297340118247,0.60092224817776,0.591187403035211,0.583163832382631
0.132830013562426,0.165977329670935,0.201235653654332,0.238084795521303,0.275735465360632,0.313144378883383,0.349095847070888,0.382350628457682,0.411831142214839,0.43678651958593,0.45688246674269,0.563089203444656,0.681896578503387,0.77928035280779,0.853368540777914,0.90624888642624,0.941965973506975,0.964829193932442,0.978535485438104,0.985924876825902,0.989050255639611,1,0.929840169729181,0.856316602523649,0.807395305293138,0.774312611159554,0.750819659673422,0.733385415693093,0.719974947019082,0.709357039729899,0.700750137401225,0.693636741615678
0.0612035304593836,0.0947400210512193,0.130823348518211,0.16903152459438,0.208664554325036,0.248742464993047,0.288068503140742,0.325364223767533,0.359451996003081,0.389431556527941,0.414792801870752,0.508397270463457,0.61070332373108,0.694042805713874,0.756941104556965,0.801356286421298,0.830906484710103,0.849395275080558,0.860059785328914,0.865371226194438,0.867105601039408,0.929840169729181,1,0.986272863581784,0.967851148039559,0.952835580722768,0.941184951414013,0.932077734083526,0.924828430503905,0.918947616138854,0.914093402985192,0.910024723617988
0.0262940487900548,0.0584889510085513,0.0933111224151176,0.130401721435765,0.169132471956194,0.208596118231044,0.247658510990754,0.285081412887503,0.319695537887817,0.3505742839885,0.377151715608028,0.460868930401536,0.551144618901489,0.624413832703512,0.679446950636235,0.718055319081289,0.743502121091655,0.759191982425159,0.768009336194119,0.772148159215243,0.773179907533253,0.856316602523649,0.986272863581784,1,0.99609784361037,0.989868774308748,0.984059128294899,0.979100414153875,0.974943684506809,0.971454520378722,0.968503792207441,0.965985379971799
0.00734000682009686,0.0384560120312168,0.0722127480481979,0.108289157172158,0.146102357025992,0.184794154559002,0.223276608159901,0.260346887427723,0.294853308196382,0.325865605036955,0.352794361652603,0.430286104168368,0.513117153030399,0.580180502375032,0.630391294168931,0.665462097720056,0.688429706024509,0.702447248091108,0.710178229389786,0.713643791672652,0.714288402225926,0.807395305293138,0.967851148039559,0.99609784361037,1,0.998537172661159,0.995914727417183,0.993229048675532,0.990771964726977,0.988600311745128,0.986700127214277,0.985038610884559
-0.00430039027086811,0.026034728819377,0.0590086499496401,0.0943247007354303,0.13143005519613,0.169499885349129,0.207478750853849,0.244190148290577,0.278497615178509,0.309472226453523,0.336512451755225,0.409891573496255,0.48784250908353,0.550845435766761,0.59790836449334,0.630676749891323,0.652036985877464,0.664975972576899,0.672011601356124,0.675051338902789,0.675456287177569,0.774312611159554,0.952835580722768,0.989868774308748,0.998537172661159,1,0.999340285160084,0.998057520992474,0.996651185991546,0.995295068962101,0.994045817790191,0.992915677664431
-0.0121120652971473,0.0176487216546312,0.0500426814587817,0.0847900083203533,0.121358972733233,0.158948512294483,0.196526750769547,0.23293680045632,0.267054289517677,0.29795271875523,0.325023408796132,0.395519615433485,0.470064610731431,0.530236723888307,0.575107974135427,0.606276033547129,0.626521534222934,0.638714816691166,0.645271829706031,0.648020552962655,0.648263857460051,0.750819659673422,0.941184951414013,0.984059128294899,0.995914727417183,0.999340285160084,1,0.999661666080237,0.99896341816119,0.998157315541918,0.997347341372342,0.996575977298335
-0.0176969048269376,0.0116284194290332,0.0435807499374843,0.0778925874933433,0.114047742854607,0.151262823854126,0.188523667346951,0.224688372277226,0.258642137690935,0.28946095299648,0.316531512281818,0.384905838317121,0.456951083665535,0.515047001905424,0.558312206919552,0.588308853874356,0.607739574505604,0.619388902956008,0.625597818591824,0.628135890993435,0.628263230213969,0.733385415693093,0.932077734083526,0.979100414153875,0.993229048675532,0.998057520992474,0.999661666080237,1,0.999809444628753,0.999397911603876,0.998903200907595,0.998389414853747
-0.0218804916981367,0.0071049809860105,0.0387116642121293,0.0726814138356308,0.108509933102225,0.145427439653427,0.182433514887331,0.218398012856958,0.252213811111824,0.282959177474693,0.310017606390724,0.376769058578086,0.446906205419656,0.503418105683296,0.545458734549263,0.574562897207793,0.593373484436124,0.604609394552451,0.610554301474587,0.612933151138361,0.61297340118247,0.719974947019082,0.924828430503905,0.974943684506809,0.990771964726977,0.996651185991546,0.99896341816119,0.999809444628753,1,0.999884776539338,0.999626892698432,0.999306648729167
-0.0251279737539232,0.00358558830472911,0.0349151636029267,0.0686099506845919,0.104175033478334,0.140851415663378,0.177649630198186,0.21344896984076,0.247148574726777,0.277828727209433,0.304870596013736,0.370342484688951,0.438977379500347,0.494242628529934,0.535319927495003,0.563722409394232,0.582045813028352,0.592957280746197,0.598695323012039,0.600949731117351,0.60092224817776,0.709357039729899,0.918947616138854,0.971454520378722,0.988600311745128,0.995295068962101,0.998157315541918,0.999397911603876,0.999884776539338,1,0.999926345647798,0.999756688441759
-0.0277202584278457,0.000771143584202325,0.0318739697718104,0.0653433309358847,0.100691893163031,0.137169409688789,0.173795333574927,0.209456689870495,0.24305780831844,0.273680734413452,0.300704879992947,0.365142868947526,0.432565294143865,0.486824649758499,0.527124930490481,0.554961690985906,0.572892540437943,0.58354279873299,0.589114495826857,0.591269035784031,0.591187403035211,0.700750137401225,0.914093402985192,0.968503792207441,0.986700127214277,0.994045817790191,0.997347341372342,0.998903200907595,0.999626892698432,0.999926345647798,1,0.999950769138241
-0.0298365850972761,-0.00152993163928527,0.0293841083219469,0.062665506042939,0.0978331798532359,0.134144118430343,0.170625174917117,0.206169817824239,0.239686739653667,0.270259527850791,0.297266225805815,0.360851882169942,0.427275655682131,0.480706689706625,0.520367296925395,0.547738496857364,0.565346445346853,0.575781982372604,0.581217071704356,0.583289727172708,0.583163832382631,0.693636741615678,0.910024723617988,0.965985379971799,0.985038610884559,0.992915677664431,0.996575977298335,0.998389414853747,0.999306648729167,0.999756688441759,0.999950769138241,1
