1,0.975049948522652,0.879683713902123,0.791981227495572,0.775119507478078,0.726144066446781,0.690531173399871,0.67543296494468,0.649519757311004,0.631849847996544,0.608595402763728,0.573878276770631,0.552213115231304,0.529304399425496,0.502446209483497,0.487753729673811,0.469425837639867,0.447939712152123,0.413721013986474,0.375242734672748,0.338583002964231,0.306100074239142,0.279411250801508,0.259724409516293,0.245632391709309,0.232170664220403,0.214867150446432,0.18036972224893,0.151192982736835,0.140064628053776,0.135832561914324,0.131049737550471
0.975049948522652,1,0.963302847480592,0.906794533042237,0.884261363533779,0.824752904253886,0.78415666102535,0.769945902207858,0.743485247210182,0.724018168493379,0.69704489571211,0.656964458571556,0.632981980755532,0.607768489820078,0.577934656303187,0.561964623342204,0.541720527047544,0.517947532884893,0.482135189175963,0.440566882552704,0.400208446984665,0.363458927166779,0.333108919762104,0.310993318660948,0.295747210260886,0.280933035063849,0.261524053022428,0.220974783763294,0.186243170000636,0.175810337070433,0.174407290394996,0.171088171479572
0.879683713902123,0.963302847480592,1,0.984989019311172,0.95710483894471,0.888839320856548,0.844931894130864,0.83274442153826,0.80739112721336,0.787052659363504,0.757386306377925,0.71350076095789,0.688319877322755,0.662005457601344,0.630568448709105,0.614121494749307,0.592914032641295,0.567965441489642,0.532620742274659,0.490095587107198,0.447963414410463,0.40851217568179,0.375764576813332,0.352190986129029,0.3365688373335,0.321109893957168,0.300452854331901,0.255297280336136,0.216171273557338,0.207277040425399,0.209388557029937,0.208061233169055
0.791981227495572,0.906794533042237,0.984989019311172,1,0.983122769754605,0.925978750735236,0.887257607934419,0.875848415159384,0.850628761568433,0.830646215145613,0.800750959064837,0.755729515947973,0.731031095127233,0.705128801981302,0.673603830676581,0.658051559251697,0.63722726324688,0.612483035198274,0.580301662158758,0.539064182568281,0.497013129247935,0.456519202775123,0.422568458274133,0.398040861153979,0.381641673854911,0.365177718860537,0.344285805511475,0.296041871569385,0.253106133320424,0.245238529411663,0.249881561185435,0.249783960735381
0.775119507478078,0.884261363533779,0.95710483894471,0.983122769754605,1,0.979427137420128,0.955801877780015,0.942472260113504,0.914254131186574,0.895154542081025,0.866836855346679,0.821889033964483,0.798569316567396,0.773648563819366,0.74228496128152,0.72861543045412,0.708824845623392,0.684746086604818,0.657443074862156,0.61809606328639,0.576189455981648,0.534617995419264,0.499165410497159,0.472931171483174,0.454144968572635,0.435143303836107,0.414210722443229,0.36230129030011,0.313972241624193,0.305753330801717,0.311521313140252,0.311385373871852
0.726144066446781,0.824752904253886,0.888839320856548,0.925978750735236,0.979427137420128,1,0.993951975122353,0.979026425969229,0.948606699494269,0.931229545214755,0.905761728338257,0.862656581357562,0.841771510377559,0.818910060068976,0.788953566631003,0.777896473449656,0.760021690690402,0.737620597357591,0.716768600745647,0.681048828937701,0.640943835561289,0.599812960411267,0.564093140044319,0.537004502048094,0.516321537761784,0.495265333578928,0.475108223581508,0.421189882055501,0.368805763765194,0.360521439013467,0.367304245889565,0.367131344668358
0.690531173399871,0.78415666102535,0.844931894130864,0.887257607934419,0.955801877780015,0.993951975122353,1,0.992580529346755,0.969654024149439,0.955295146144511,0.930407141646007,0.887321477626954,0.867252229041654,0.845105611566333,0.815523818190806,0.805573173810071,0.788445651964105,0.766635457612643,0.74831687438544,0.713803678685103,0.67411248014688,0.632871832810326,0.596771240537825,0.569218913269855,0.547861248580478,0.525995700570074,0.505909022957464,0.450279100400662,0.395466701396635,0.386990006805032,0.394241921381079,0.394036502329955
0.67543296494468,0.769945902207858,0.83274442153826,0.875848415159384,0.942472260113504,0.979026425969229,0.992580529346755,1,0.992185941135616,0.981691917023086,0.955175338893681,0.910037706666652,0.88917426438639,0.866333009888112,0.835880650276153,0.825648984429756,0.808070038782572,0.785660002973787,0.766368854359757,0.730595817706546,0.689646489000887,0.647301698440673,0.610257390975422,0.582208060496323,0.560912822795347,0.538989083454064,0.518126120506771,0.460320437231126,0.403732841130466,0.394849956085096,0.402209858163468,0.401973278480343
0.649519757311004,0.743485247210182,0.80739112721336,0.850628761568433,0.914254131186574,0.948606699494269,0.969654024149439,0.992185941135616,1,0.993633774363595,0.96585512788962,0.919308239523344,0.897951710140441,0.874750040879277,0.843874157994538,0.833511972451925,0.815740999809881,0.793061170632791,0.773069643054959,0.736555715516365,0.694947108758046,0.652122581635705,0.614681386805727,0.586554790241993,0.565652144281906,0.544006920974366,0.522669240109781,0.46352270812322,0.405986507744878,0.396823853095993,0.404181021053015,0.40391611586927
0.631849847996544,0.724018168493379,0.787052659363504,0.830646215145613,0.895154542081025,0.931229545214755,0.955295146144511,0.981691917023086,0.993633774363595,1,0.988284729244606,0.95630959299931,0.938939942460137,0.917001939387726,0.886832446336,0.876831319582127,0.858882610197098,0.835794855053095,0.816854741789174,0.780030958927265,0.738150512287274,0.697100384651905,0.660557247278927,0.634241551688701,0.617091425588539,0.598057190574519,0.575221164799426,0.507458354737528,0.442689072651232,0.431068230672831,0.437779198757067,0.436611718630532
0.608595402763728,0.69704489571211,0.757386306377925,0.800750959064837,0.866836855346679,0.905761728338257,0.930407141646007,0.955175338893681,0.96585512788962,0.988284729244606,1,0.989725933467284,0.978474312032321,0.958819239482433,0.930300347826709,0.921021278786106,0.903183316499246,0.879994803361586,0.863141821547522,0.826776019794172,0.785449197154602,0.74775111961419,0.713215906815518,0.689898559135552,0.678140465296332,0.662965185077662,0.638574736315579,0.560278477439356,0.486710119380259,0.471919713355457,0.477615494405246,0.47520353192933
0.573878276770631,0.656964458571556,0.71350076095789,0.755729515947973,0.821889033964483,0.862656581357562,0.887321477626954,0.910037706666652,0.919308239523344,0.95630959299931,0.989725933467284,1,0.994718907068525,0.97762016285159,0.951253574045286,0.942848108802104,0.925492935828008,0.902702765765557,0.888163143573906,0.852999123430624,0.813069098876638,0.779312310614495,0.74739198647696,0.727378998540995,0.720922072846255,0.709684367710215,0.684355991484568,0.597855595952196,0.517607418723334,0.500162010006326,0.504785721784512,0.501259165490155
0.552213115231304,0.632981980755532,0.688319877322755,0.731031095127233,0.798569316567396,0.841771510377559,0.867252229041654,0.88917426438639,0.897951710140441,0.938939942460137,0.978474312032321,0.994718907068525,1,0.993874034083818,0.977445159067222,0.96981556904805,0.952338647843952,0.929275677374203,0.915252644578213,0.879789098583405,0.839564877792249,0.806656466904589,0.775112538410685,0.755815127566813,0.750820652975325,0.740518423781682,0.713844253975538,0.6221073657767,0.537582616135024,0.518064109926534,0.521508896106943,0.51693291592971
0.529304399425496,0.607768489820078,0.662005457601344,0.705128801981302,0.773648563819366,0.818910060068976,0.845105611566333,0.866333009888112,0.874750040879277,0.917001939387726,0.958819239482433,0.97762016285159,0.993874034083818,1,0.99479776122042,0.987956285565165,0.970394766687429,0.947139190186015,0.933364826669811,0.897623137100476,0.857129313433436,0.824688121177502,0.793324508259683,0.774349894042306,0.7700064892919,0.760071766895064,0.73226760805458,0.636962243993441,0.54960457350834,0.528401790796672,0.530669208845519,0.52514622902066
0.502446209483497,0.577934656303187,0.630568448709105,0.673603830676581,0.74228496128152,0.788953566631003,0.815523818190806,0.835880650276153,0.843874157994538,0.886832446336,0.930300347826709,0.951253574045286,0.977445159067222,0.99479776122042,1,0.993959182580286,0.97651020781337,0.95332939341559,0.939933673448631,0.904323361784436,0.864020343214487,0.832361752625925,0.801504600927406,0.783033372808987,0.779337205838889,0.769849008836217,0.741304935298054,0.643744311880091,0.554723149683305,0.532197926427034,0.533355518450783,0.527019568808715
0.487753729673811,0.561964623342204,0.614121494749307,0.658051559251697,0.72861543045412,0.777896473449656,0.805573173810071,0.825648984429756,0.833511972451925,0.876831319582127,0.921021278786106,0.942848108802104,0.96981556904805,0.987956285565165,0.993959182580286,1,0.994250510426287,0.980657229063909,0.964497527058379,0.926013014815639,0.882756716992747,0.847418014333557,0.813715239178633,0.794142333665172,0.791706385211827,0.783135923281905,0.757317416378084,0.662153572608452,0.573652928432722,0.554210357874026,0.559013990427065,0.554886796533532
0.469425837639867,0.541720527047544,0.592914032641295,0.63722726324688,0.708824845623392,0.760021690690402,0.788445651964105,0.808070038782572,0.815740999809881,0.858882610197098,0.903183316499246,0.925492935828008,0.952338647843952,0.970394766687429,0.97651020781337,0.994250510426287,1,0.995931394153248,0.977229723534063,0.936362253175723,0.890696191856769,0.852113174424831,0.815979588849116,0.795521594542092,0.794308033008506,0.786706054432847,0.763887601417716,0.672274277352171,0.585379807054833,0.569248098787323,0.577626997544788,0.575753412453874
0.447939712152123,0.517947532884893,0.567965441489642,0.612483035198274,0.684746086604818,0.737620597357591,0.766635457612643,0.785660002973787,0.793061170632791,0.835794855053095,0.879994803361586,0.902702765765557,0.929275677374203,0.947139190186015,0.95332939341559,0.980657229063909,0.995931394153248,1,0.981802289265043,0.941219820192421,0.895324249939378,0.855129873811665,0.817782760779079,0.796886747223316,0.796295027810984,0.789180198726481,0.768716123247763,0.680126726952053,0.594637570135548,0.581334725522489,0.592762661753131,0.592820871355732
0.413721013986474,0.482135189175963,0.532620742274659,0.580301662158758,0.657443074862156,0.716768600745647,0.74831687438544,0.766368854359757,0.773069643054959,0.816854741789174,0.863141821547522,0.888163143573906,0.915252644578213,0.933364826669811,0.939933673448631,0.964497527058379,0.977229723534063,0.981802289265043,1,0.988240990476274,0.963520825170718,0.935522801141118,0.906424216584346,0.887779057253763,0.881061652651708,0.868278511082089,0.842569851099528,0.744060314663832,0.649593508798796,0.634841162155745,0.647476302548224,0.647646560247168
0.375242734672748,0.440566882552704,0.490095587107198,0.539064182568281,0.61809606328639,0.681048828937701,0.713803678685103,0.730595817706546,0.736555715516365,0.780030958927265,0.826776019794172,0.852999123430624,0.879789098583405,0.897623137100476,0.904323361784436,0.926013014815639,0.936362253175723,0.941219820192421,0.988240990476274,1,0.99298227588114,0.975543704686787,0.953855016478152,0.937514589616308,0.926042451687476,0.909033036757109,0.879780648075543,0.775885567494,0.676685299367212,0.66115549891335,0.674428922586324,0.674684900069393
0.338583002964231,0.400208446984665,0.447963414410463,0.497013129247935,0.576189455981648,0.640943835561289,0.67411248014688,0.689646489000887,0.694947108758046,0.738150512287274,0.785449197154602,0.813069098876638,0.839564877792249,0.857129313433436,0.864020343214487,0.882756716992747,0.890696191856769,0.895324249939378,0.963520825170718,0.99298227588114,1,0.992895127986392,0.978655850212099,0.965436478190086,0.951400222672409,0.93210250451965,0.900703856258066,0.793465201108062,0.691432292188907,0.674728112049572,0.687466465826477,0.687173158633869
0.306100074239142,0.363458927166779,0.40851217568179,0.456519202775123,0.534617995419264,0.599812960411267,0.632871832810326,0.647301698440673,0.652122581635705,0.697100384651905,0.74775111961419,0.779312310614495,0.806656466904589,0.824688121177502,0.832361752625925,0.847418014333557,0.852113174424831,0.855129873811665,0.935522801141118,0.975543704686787,0.992895127986392,1,0.996156344458457,0.98926935012456,0.977153868891528,0.959197419217663,0.927200686649348,0.815851535823031,0.710298549422606,0.689915233551912,0.699066007649898,0.696105656830897
0.279411250801508,0.333108919762104,0.375764576813332,0.422568458274133,0.499165410497159,0.564093140044319,0.596771240537825,0.610257390975422,0.614681386805727,0.660557247278927,0.713215906815518,0.74739198647696,0.775112538410685,0.793324508259683,0.801504600927406,0.813715239178633,0.815979588849116,0.817782760779079,0.906424216584346,0.953855016478152,0.978655850212099,0.996156344458457,1,0.997836891819398,0.987245264948729,0.970439082493463,0.938292416325696,0.824927792513259,0.717741359646627,0.694834707132455,0.701261557427758,0.696364801362279
0.259724409516293,0.310993318660948,0.352190986129029,0.398040861153979,0.472931171483174,0.537004502048094,0.569218913269855,0.582208060496323,0.586554790241993,0.634241551688701,0.689898559135552,0.727378998540995,0.755815127566813,0.774349894042306,0.783033372808987,0.794142333665172,0.795521594542092,0.796886747223316,0.887779057253763,0.937514589616308,0.965436478190086,0.98926935012456,0.997836891819398,1,0.99431396472098,0.981422526269566,0.951028021902386,0.836433338811254,0.727959487695606,0.703035017199919,0.707232619981232,0.700695188138597
0.245632391709309,0.295747210260886,0.3365688373335,0.381641673854911,0.454144968572635,0.516321537761784,0.547861248580478,0.560912822795347,0.565652144281906,0.617091425588539,0.678140465296332,0.720922072846255,0.750820652975325,0.7700064892919,0.779337205838889,0.791706385211827,0.794308033008506,0.796295027810984,0.881061652651708,0.926042451687476,0.951400222672409,0.977153868891528,0.987245264948729,0.99431396472098,1,0.996272831127623,0.970957875168094,0.855842806240575,0.74611621403527,0.719358928481734,0.721475578786895,0.713290456655095
0.232170664220403,0.280933035063849,0.321109893957168,0.365177718860537,0.435143303836107,0.495265333578928,0.525995700570074,0.538989083454064,0.544006920974366,0.598057190574519,0.662965185077662,0.709684367710215,0.740518423781682,0.760071766895064,0.769849008836217,0.783135923281905,0.786706054432847,0.789180198726481,0.868278511082089,0.909033036757109,0.93210250451965,0.959197419217663,0.970439082493463,0.981422526269566,0.996272831127623,1,0.979010550084076,0.864433209322653,0.754606217727655,0.726587276110285,0.727000666712286,0.71754908230591
0.214867150446432,0.261524053022428,0.300452854331901,0.344285805511475,0.414210722443229,0.475108223581508,0.505909022957464,0.518126120506771,0.522669240109781,0.575221164799426,0.638574736315579,0.684355991484568,0.713844253975538,0.73226760805458,0.741304935298054,0.757317416378084,0.763887601417716,0.768716123247763,0.842569851099528,0.879780648075543,0.900703856258066,0.927200686649348,0.938292416325696,0.951028021902386,0.970957875168094,0.979010550084076,1,0.94790163448169,0.870946357106887,0.847452355791483,0.839190917325137,0.822162962436685
0.18036972224893,0.220974783763294,0.255297280336136,0.296041871569385,0.36230129030011,0.421189882055501,0.450279100400662,0.460320437231126,0.46352270812322,0.507458354737528,0.560278477439356,0.597855595952196,0.6221073657767,0.636962243993441,0.643744311880091,0.662153572608452,0.672274277352171,0.680126726952053,0.744060314663832,0.775885567494,0.793465201108062,0.815851535823031,0.824927792513259,0.836433338811254,0.855842806240575,0.864433209322653,0.94790163448169,1,0.982106441067739,0.968736557035214,0.948503624423941,0.921629898075409
0.151192982736835,0.186243170000636,0.216171273557338,0.253106133320424,0.313972241624193,0.368805763765194,0.395466701396635,0.403732841130466,0.405986507744878,0.442689072651232,0.486710119380259,0.517607418723334,0.537582616135024,0.54960457350834,0.554723149683305,0.573652928432722,0.585379807054833,0.594637570135548,0.649593508798796,0.676685299367212,0.691432292188907,0.710298549422606,0.717741359646627,0.727959487695606,0.74611621403527,0.754606217727655,0.870946357106887,0.982106441067739,1,0.993266261617425,0.966941275881408,0.935555530199534
0.140064628053776,0.175810337070433,0.207277040425399,0.245238529411663,0.305753330801717,0.360521439013467,0.386990006805032,0.394849956085096,0.396823853095993,0.431068230672831,0.471919713355457,0.500162010006326,0.518064109926534,0.528401790796672,0.532197926427034,0.554210357874026,0.569248098787323,0.581334725522489,0.634841162155745,0.66115549891335,0.674728112049572,0.689915233551912,0.694834707132455,0.703035017199919,0.719358928481734,0.726587276110285,0.847452355791483,0.968736557035214,0.993266261617425,1,0.988729033153691,0.967590499286914
0.135832561914324,0.174407290394996,0.209388557029937,0.249881561185435,0.311521313140252,0.367304245889565,0.394241921381079,0.402209858163468,0.404181021053015,0.437779198757067,0.477615494405246,0.504785721784512,0.521508896106943,0.530669208845519,0.533355518450783,0.559013990427065,0.577626997544788,0.592762661753131,0.647476302548224,0.674428922586324,0.687466465826477,0.699066007649898,0.701261557427758,0.707232619981232,0.721475578786895,0.727000666712286,0.839190917325137,0.948503624423941,0.966941275881408,0.988729033153691,1,0.994491793127709
0.131049737550471,0.171088171479572,0.208061233169055,0.249783960735381,0.311385373871852,0.367131344668358,0.394036502329955,0.401973278480343,0.40391611586927,0.436611718630532,0.47520353192933,0.501259165490155,0.51693291592971,0.52514622902066,0.527019568808715,0.554886796533532,0.575753412453874,0.592820871355732,0.647646560247168,0.674684900069393,0.687173158633869,0.696105656830897,0.696364801362279,0.700695188138597,0.713290456655095,0.71754908230591,0.822162962436685,0.921629898075409,0.935555530199534,0.967590499286914,0.994491793127709,1
