1,0.990576129798103,0.953650974395073,0.875831375070299,0.751053804450462,0.696398787908776,0.646892880836398,0.583022992709033,0.51361114939245,0.460157213658295,0.443790476084791,0.42450174009787,0.402656435683679,0.378755116719054,0.339575666556631,0.301508409650793,0.269688891032377,0.243246312251235,0.223401447366502,0.212529475279139,0.20253352976196,0.19337578022176,0.184999026716753,0.175972201106367,0.165167794900173,0.153297464216233,0.140911636511398,0.114535951820798,0.054045989872788,0.0254896384539465,0.0105452385753351,0.0015750264854089
0.990576129798103,1,0.985878182775802,0.933678478499097,0.834404722646294,0.78621169590566,0.736203955250328,0.669385728308303,0.595447707806583,0.538089983052694,0.520833048618431,0.500159186530804,0.476460093614649,0.450288118153926,0.409215723532397,0.369141967000807,0.33530111213003,0.306976569352322,0.285678414442303,0.27414810974513,0.263456443419348,0.253593169908563,0.244518895930921,0.236197627978325,0.226038037376144,0.214179687281123,0.201279797386746,0.173562096234595,0.103809360606223,0.0685581071403944,0.0496471293322275,0.0381502288433834
0.953650974395073,0.985878182775802,1,0.980464197083398,0.914919594077273,0.875863476752267,0.826524562048542,0.757814928872215,0.680238871916306,0.61957891016037,0.601676080301494,0.579838800885415,0.554480840227072,0.526203710691266,0.483870099119333,0.442370673094347,0.406926169556418,0.377026925566107,0.354498019315413,0.342458462542836,0.331190323528132,0.32071734749642,0.311022923464551,0.303777729434863,0.294667086385688,0.283127484209785,0.269929862806043,0.241282088662574,0.161992582737564,0.119459511482183,0.0961835843811265,0.0818921489825188
0.875831375070299,0.933678478499097,0.980464197083398,1,0.976440178625247,0.949526784000614,0.90275571013147,0.834306480201881,0.755259573675434,0.692912124116273,0.674897347844,0.652482381615789,0.626091971699316,0.596363648612799,0.554077863272446,0.512402969935651,0.476355229911195,0.445686439762512,0.422525741945428,0.410322937512067,0.398784729989688,0.387973931285448,0.377901289771875,0.372181732697756,0.364632250151292,0.353883881435495,0.340813289851644,0.312107921520806,0.22448100665608,0.174931371843474,0.147369314387871,0.130311759323569
0.751053804450462,0.834404722646294,0.914919594077273,0.976440178625247,1,0.987618728308462,0.945769028520788,0.880685121771418,0.803581064888237,0.742187464017223,0.724860391454305,0.702820157714174,0.676484442439883,0.646501606499191,0.606170798001419,0.56617843097703,0.531090755508577,0.500957570905154,0.478145801365578,0.466312929897252,0.454997565578307,0.444302552630934,0.434268170579073,0.430479654838544,0.42498251637105,0.415585762118815,0.403242597290538,0.375765547858801,0.282934513154509,0.227916638492532,0.19689252047984,0.177567826065658
0.696398787908776,0.78621169590566,0.875863476752267,0.949526784000614,0.987618728308462,1,0.984422416117591,0.942613555265701,0.884702336405133,0.835277321036722,0.820100749163139,0.799619732566904,0.774222484483931,0.744562905588118,0.709115907261566,0.673315318980169,0.640798013986327,0.612252431675786,0.590508646640908,0.57959334663657,0.568878198609708,0.558549655666678,0.548710077701709,0.544596064529567,0.537560228370425,0.525596049686022,0.509910950454393,0.475961989087732,0.360858286165886,0.292078181304275,0.253204418616168,0.228964155746206
0.646892880836398,0.736203955250328,0.826524562048542,0.90275571013147,0.945769028520788,0.984422416117591,1,0.98663354644822,0.952880207552917,0.918864958140576,0.906457469484241,0.888214583287083,0.864482187963429,0.835904469393844,0.806666303335173,0.776306368091003,0.747365120775594,0.721220430797206,0.701147936760649,0.691487743412729,0.681673480236006,0.671979578027013,0.662574527108805,0.657656417182581,0.648365201101217,0.633171549310495,0.613548480582218,0.572094341972811,0.433533027274221,0.350784350603544,0.304023342975166,0.274867108969751
0.583022992709033,0.669385728308303,0.757814928872215,0.834306480201881,0.880685121771418,0.942613555265701,0.98663354644822,1,0.989575383118322,0.970788127443276,0.96129208744007,0.945630795807283,0.924101295907229,0.897320858578067,0.874650166038557,0.85017692302515,0.825354760370458,0.802162221002874,0.784196828845039,0.775968499550005,0.767262080983147,0.758425913929405,0.749685095605082,0.744158469256057,0.733035235437956,0.715270860183582,0.692543569083504,0.645286010420101,0.488836077226676,0.395441677839528,0.342670691873968,0.309768856896679
0.51361114939245,0.595447707806583,0.680238871916306,0.755259573675434,0.803581064888237,0.884702336405133,0.952880207552917,0.989575383118322,1,0.995088696236041,0.98837690011508,0.975345434900233,0.956241570232432,0.9316450634028,0.915282702335677,0.896556215541525,0.875926395250273,0.855858648497066,0.840154974136445,0.833375073308212,0.82584135345301,0.817959729128427,0.810000319866374,0.80405879887289,0.791563821753847,0.771922534225772,0.74695719948275,0.695621599377566,0.52684116613269,0.42611517636133,0.369206202624987,0.333725745001191
0.460157213658295,0.538089983052694,0.61957891016037,0.692912124116273,0.742187464017223,0.835277321036722,0.918864958140576,0.970788127443276,0.995088696236041,1,0.996854390236672,0.987357812998694,0.971690618825142,0.95037234212558,0.938637409737296,0.923763086897543,0.905969297524159,0.888032789394645,0.873859120704829,0.867992645155509,0.861201406622285,0.853926656256215,0.84646621459909,0.840221289353541,0.826817613052011,0.805967622690208,0.779582052169053,0.72599513573223,0.550500626421998,0.445616542613323,0.386334447933539,0.349367488081495
0.443790476084791,0.520833048618431,0.601676080301494,0.674897347844,0.724860391454305,0.820100749163139,0.906457469484241,0.96129208744007,0.98837690011508,0.996854390236672,1,0.996814432564311,0.987358557788492,0.972040184544351,0.962018237524697,0.947255255644377,0.929392412568977,0.91130326904419,0.896932342642333,0.890813731009233,0.883757480932274,0.876214931398012,0.868490383143732,0.861890707355601,0.84790612805888,0.826297711411147,0.799029888727983,0.744849499019761,0.56742319194133,0.46077656859393,0.400402514045109,0.362726714002191
0.42450174009787,0.500159186530804,0.579838800885415,0.652482381615789,0.702820157714174,0.799619732566904,0.888214583287083,0.945630795807283,0.975345434900233,0.987357812998694,0.996814432564311,1,0.996854762631571,0.987671507531274,0.979437024052205,0.964879847546109,0.947060962276133,0.928933103772563,0.914454943382356,0.908121461533337,0.900843339391031,0.893079201063422,0.885137935813451,0.878223181969103,0.863742844577234,0.841508443836818,0.813525971687986,0.759092460205433,0.580848989379227,0.473106004322092,0.412016526698797,0.373866687040436
0.402656435683679,0.476460093614649,0.554480840227072,0.626091971699316,0.676484442439883,0.774222484483931,0.864482187963429,0.924101295907229,0.956241570232432,0.971690618825142,0.987358557788492,0.996854762631571,1,0.996970916769322,0.990564528455465,0.976303717093045,0.958640958916062,0.940589028696338,0.926095680195867,0.919588658580254,0.912136000469536,0.90420067470689,0.896094180709595,0.888909982780695,0.874028410250566,0.85131230689031,0.822796302731996,0.768454782856938,0.590524153891452,0.482371682023806,0.420956829004314,0.382576703925416
0.378755116719054,0.450288118153926,0.526203710691266,0.596363648612799,0.646501606499191,0.744562905588118,0.835904469393844,0.897320858578067,0.9316450634028,0.95037234212558,0.972040184544351,0.987671507531274,0.996970916769322,1,0.995426865661645,0.981544120099722,0.964142605118788,0.946275591898627,0.931855976174178,0.925218439967241,0.917640072914293,0.909585276318302,0.90136620611121,0.893961515541792,0.878777187484279,0.855727272956008,0.826862063755299,0.772943164660519,0.596407741314139,0.488514840762993,0.427156267820239,0.388784867657239
0.339575666556631,0.409215723532397,0.483870099119333,0.554077863272446,0.606170798001419,0.709115907261566,0.806666303335173,0.874650166038557,0.915282702335677,0.938637409737296,0.962018237524697,0.979437024052205,0.990564528455465,0.995426865661645,1,0.995235475773138,0.98488423645743,0.972540395417403,0.961863112273296,0.95640155542539,0.949803918018299,0.942571892186793,0.935047457123977,0.928282255841847,0.913404318204162,0.890303929020098,0.861093385329444,0.80571509637856,0.62217559119768,0.509884183336588,0.446006038894201,0.406053732490902
0.301508409650793,0.369141967000807,0.442370673094347,0.512402969935651,0.56617843097703,0.673315318980169,0.776306368091003,0.85017692302515,0.896556215541525,0.923763086897543,0.947255255644377,0.964879847546109,0.976303717093045,0.981544120099722,0.995235475773138,1,0.997080169696245,0.990598398337941,0.983925251341227,0.979777808843998,0.974297378736596,0.968020295120905,0.961316859122198,0.955335213963267,0.940979047309517,0.91810183585157,0.888859486021619,0.832305157363009,0.642591490795795,0.526551419413933,0.460545231609295,0.419263231295618
0.269688891032377,0.33530111213003,0.406926169556418,0.476355229911195,0.531090755508577,0.640798013986327,0.747365120775594,0.825354760370458,0.875926395250273,0.905969297524159,0.929392412568977,0.947060962276133,0.958640958916062,0.964142605118788,0.98488423645743,0.997080169696245,1,0.998152482921338,0.994659739530719,0.991569090566019,0.987000103651541,0.981512676930141,0.97549683009901,0.970168648091768,0.95631661799775,0.933766363168641,0.904693604925797,0.847594372610112,0.654306993652504,0.536102815720114,0.468868988007082,0.426820160826936
0.243246312251235,0.306976569352322,0.377026925566107,0.445686439762512,0.500957570905154,0.612252431675786,0.721220430797206,0.802162221002874,0.855858648497066,0.888032789394645,0.91130326904419,0.928933103772563,0.940589028696338,0.946275591898627,0.972540395417403,0.990598398337941,0.998152482921338,1,0.999052369850862,0.996815468142201,0.992990743597025,0.988154508329987,0.982710844810384,0.977924825063339,0.9645316935079,0.942335638758789,0.913519073861102,0.856224424705895,0.660899706599802,0.541466616034093,0.47353640866559,0.431052816186971
0.223401447366502,0.285678414442303,0.354498019315413,0.422525741945428,0.478145801365578,0.590508646640908,0.701147936760649,0.784196828845039,0.840154974136445,0.873859120704829,0.896932342642333,0.914454943382356,0.926095680195867,0.931855976174178,0.961863112273296,0.983925251341227,0.994659739530719,0.999052369850862,1,0.998884513816041,0.996046339618086,0.992080394372838,0.987407128289209,0.98307130561381,0.969968226229068,0.947993644146611,0.919334683933416,0.861931092732847,0.665339945569936,0.54512380107775,0.47674687782894,0.433983521640763
0.212529475279139,0.27414810974513,0.342458462542836,0.410322937512067,0.466312929897252,0.57959334663657,0.691487743412729,0.775968499550005,0.833375073308212,0.867992645155509,0.890813731009233,0.908121461533337,0.919588658580254,0.925218439967241,0.95640155542539,0.979777808843998,0.991569090566019,0.996815468142201,0.998884513816041,1,0.999130060599979,0.996904786563302,0.99377588121653,0.989830566026262,0.976653488378859,0.95454291728575,0.925700712855544,0.868014681772778,0.670337688292259,0.549383505336659,0.480575402929343,0.437539082622549
0.20253352976196,0.263456443419348,0.331190323528132,0.398784729989688,0.454997565578307,0.568878198609708,0.681673480236006,0.767262080983147,0.82584135345301,0.861201406622285,0.883757480932274,0.900843339391031,0.912136000469536,0.917640072914293,0.949803918018299,0.974297378736596,0.987000103651541,0.992990743597025,0.996046339618086,0.999130060599979,1,0.999316144119323,0.997556959816879,0.993963843887469,0.98074585866609,0.958556204737162,0.92960567138891,0.871777213744593,0.673507953829155,0.552126346369413,0.483065089376164,0.439867534563709
0.19337578022176,0.253593169908563,0.32071734749642,0.387973931285448,0.444302552630934,0.558549655666678,0.671979578027013,0.758425913929405,0.817959729128427,0.853926656256215,0.876214931398012,0.893079201063422,0.90420067470689,0.909585276318302,0.942571892186793,0.968020295120905,0.981512676930141,0.988154508329987,0.992080394372838,0.996904786563302,0.999316144119323,1,0.999457855002398,0.996182249402756,0.982947227782375,0.960719744461288,0.931715288754312,0.873844698768422,0.675338819838196,0.553754865656385,0.484569643957106,0.441291989657814
0.184999026716753,0.244518895930921,0.311022923464551,0.377901289771875,0.434268170579073,0.548710077701709,0.662574527108805,0.749685095605082,0.810000319866374,0.84646621459909,0.868490383143732,0.885137935813451,0.896094180709595,0.90136620611121,0.935047457123977,0.961316859122198,0.97549683009901,0.982710844810384,0.987407128289209,0.99377588121653,0.997556959816879,0.999457855002398,1,0.997010879704334,0.983775922956645,0.961540341032299,0.932521258047262,0.874679765353133,0.676191689925017,0.554567514078969,0.485351548982131,0.442052388268083
0.175972201106367,0.236197627978325,0.303777729434863,0.372181732697756,0.430479654838544,0.544596064529567,0.657656417182581,0.744158469256057,0.80405879887289,0.840221289353541,0.861890707355601,0.878223181969103,0.888909982780695,0.893961515541792,0.928282255841847,0.955335213963267,0.970168648091768,0.977924825063339,0.98307130561381,0.989830566026262,0.993963843887469,0.996182249402756,0.997010879704334,1,0.994668177589699,0.979818503838525,0.957525519926062,0.907690668067049,0.71385636068051,0.592088293241005,0.522330349923068,0.478558900854454
0.165167794900173,0.226038037376144,0.294667086385688,0.364632250151292,0.42498251637105,0.537560228370425,0.648365201101217,0.733035235437956,0.791563821753847,0.826817613052011,0.84790612805888,0.863742844577234,0.874028410250566,0.878777187484279,0.913404318204162,0.940979047309517,0.95631661799775,0.9645316935079,0.969968226229068,0.976653488378859,0.98074585866609,0.982947227782375,0.983775922956645,0.994668177589699,1,0.995208298160225,0.982156737088036,0.943517587497216,0.757683799865833,0.636839486073507,0.56699616246077,0.522994327789592
0.153297464216233,0.214179687281123,0.283127484209785,0.353883881435495,0.415585762118815,0.525596049686022,0.633171549310495,0.715270860183582,0.771922534225772,0.805967622690208,0.826297711411147,0.841508443836818,0.85131230689031,0.855727272956008,0.890303929020098,0.91810183585157,0.933766363168641,0.942335638758789,0.947993644146611,0.95454291728575,0.958556204737162,0.960719744461288,0.961540341032299,0.979818503838525,0.995208298160225,1,0.995838985904399,0.968195244954538,0.791776848408842,0.672998315614766,0.603761783701024,0.559974797930954
0.140911636511398,0.201279797386746,0.269929862806043,0.340813289851644,0.403242597290538,0.509910950454393,0.613548480582218,0.692543569083504,0.74695719948275,0.779582052169053,0.799029888727983,0.813525971687986,0.822796302731996,0.826862063755299,0.861093385329444,0.888859486021619,0.904693604925797,0.913519073861102,0.919334683933416,0.925700712855544,0.92960567138891,0.931715288754312,0.932521258047262,0.957525519926062,0.982156737088036,0.995838985904399,1,0.98284263628087,0.816721487933334,0.700892993146967,0.632819301303747,0.589610306550387
0.114535951820798,0.173562096234595,0.241282088662574,0.312107921520806,0.375765547858801,0.475961989087732,0.572094341972811,0.645286010420101,0.695621599377566,0.72599513573223,0.744849499019761,0.759092460205433,0.768454782856938,0.772943164660519,0.80571509637856,0.832305157363009,0.847594372610112,0.856224424705895,0.861931092732847,0.868014681772778,0.871777213744593,0.873844698768422,0.874679765353133,0.907690668067049,0.943517587497216,0.968195244954538,0.98284263628087,1,0.905645526985017,0.815130817559557,0.758596846094998,0.721776614646552
0.054045989872788,0.103809360606223,0.161992582737564,0.22448100665608,0.282934513154509,0.360858286165886,0.433533027274221,0.488836077226676,0.52684116613269,0.550500626421998,0.56742319194133,0.580848989379227,0.590524153891452,0.596407741314139,0.62217559119768,0.642591490795795,0.654306993652504,0.660899706599802,0.665339945569936,0.670337688292259,0.673507953829155,0.675338819838196,0.676191689925017,0.71385636068051,0.757683799865833,0.791776848408842,0.816721487933334,0.905645526985017,1,0.983853607998502,0.963304595223738,0.947159853912288
0.0254896384539465,0.0685581071403944,0.119459511482183,0.174931371843474,0.227916638492532,0.292078181304275,0.350784350603544,0.395441677839528,0.42611517636133,0.445616542613323,0.46077656859393,0.473106004322092,0.482371682023806,0.488514840762993,0.509884183336588,0.526551419413933,0.536102815720114,0.541466616034093,0.54512380107775,0.549383505336659,0.552126346369413,0.553754865656385,0.554567514078969,0.592088293241005,0.636839486073507,0.672998315614766,0.700892993146967,0.815130817559557,0.983853607998502,1,0.995789511505849,0.989275029317573
0.0105452385753351,0.0496471293322275,0.0961835843811265,0.147369314387871,0.19689252047984,0.253204418616168,0.304023342975166,0.342670691873968,0.369206202624987,0.386334447933539,0.400402514045109,0.412016526698797,0.420956829004314,0.427156267820239,0.446006038894201,0.460545231609295,0.468868988007082,0.47353640866559,0.47674687782894,0.480575402929343,0.483065089376164,0.484569643957106,0.485351548982131,0.522330349923068,0.56699616246077,0.603761783701024,0.632819301303747,0.758596846094998,0.963304595223738,0.995789511505849,1,0.998499343809443
0.0015750264854089,0.0381502288433834,0.0818921489825188,0.130311759323569,0.177567826065658,0.228964155746206,0.274867108969751,0.309768856896679,0.333725745001191,0.349367488081495,0.362726714002191,0.373866687040436,0.382576703925416,0.388784867657239,0.406053732490902,0.419263231295618,0.426820160826936,0.431052816186971,0.433983521640763,0.437539082622549,0.439867534563709,0.441291989657814,0.442052388268083,0.478558900854454,0.522994327789592,0.559974797930954,0.589610306550387,0.721776614646552,0.947159853912288,0.989275029317573,0.998499343809443,1
