1,0.95116462421666,0.901080180805619,0.865443271997244,0.831630160631243,0.799120243552543,0.762493744043161,0.732286795703808,0.697032530887033,0.670203102400233,0.658349368863926,0.650313862358019,0.631299290420193,0.613950950360447,0.596771763792734,0.564041892299939,0.528847589985876,0.48809185193697,0.439077477350329,0.404223306589297,0.365676935102562,0.307760488820457,0.244677074266055,0.189459856159679,0.106192373185678,0.00632001429332556,-0.115586246074007,-0.303641461609959,-0.503447941123376,-0.487001887157667,-0.272187949776839,-0.14346584234075
0.95116462421666,1,0.973101031623788,0.935916742885686,0.899290414942879,0.866745229588072,0.83379347859243,0.807496449665639,0.776211133175558,0.751693848530533,0.740338080747444,0.73227178787167,0.713295358659009,0.694151469377164,0.673236806362848,0.641087296408139,0.605574138924949,0.563774820634905,0.513552844347142,0.475211600701511,0.434150125657253,0.374280377876114,0.305123713339584,0.242745333618711,0.149193328664329,0.0411268407645006,-0.0892963434871266,-0.289732902014998,-0.493046852758832,-0.497755972274708,-0.280844777402448,-0.143638234955835
0.901080180805619,0.973101031623788,1,0.980106549960855,0.943453200430084,0.913799989437249,0.884454903230109,0.861890605146046,0.835900542209705,0.812560839369786,0.800642609211964,0.79174536988684,0.774413533277429,0.755864289351809,0.735488257339044,0.704661947352017,0.670586999955291,0.629610991148,0.582996040782818,0.545806669307887,0.50540614768463,0.446511322932852,0.375754856243658,0.307152499449434,0.212204207549803,0.100362215243822,-0.0380344659854447,-0.252057660563892,-0.46084057973683,-0.48167069321739,-0.271712031624597,-0.105577876767496
0.865443271997244,0.935916742885686,0.980106549960855,1,0.980914096985554,0.952829112454636,0.923566153779148,0.902320867954629,0.875857741877873,0.849931340567359,0.836048536432891,0.826789330008532,0.808499972689507,0.788887948927636,0.769161739918217,0.739240267290471,0.707101089452692,0.669989559091373,0.624660380467859,0.587324033393414,0.552018773372282,0.494310978861284,0.426071863360304,0.355443453513614,0.255793487092265,0.14338789682181,0.00325393516389303,-0.218396038282892,-0.42485570896268,-0.45281101855835,-0.246127265125204,-0.0785385528395535
0.831630160631243,0.899290414942879,0.943453200430084,0.980914096985554,1,0.984774691806412,0.955134543769312,0.935670137429708,0.909665029969459,0.882947595630952,0.865477116844334,0.854817589965301,0.835803254942352,0.814822919821277,0.796737196521646,0.769343697369408,0.737339287934922,0.703522694538759,0.659325188990979,0.621177763707555,0.589011038919132,0.532653639287281,0.464365225922633,0.393642252222158,0.29161637183895,0.187713263560137,0.0507546811620989,-0.177283533315217,-0.383091029927564,-0.418609487726334,-0.214889978220821,-0.0757292294955971
0.799120243552543,0.866745229588072,0.913799989437249,0.952829112454636,0.984774691806412,1,0.98405495901144,0.96556848677262,0.94158097646528,0.917683867999933,0.899877068516409,0.888872586544823,0.871995544651775,0.852363569496107,0.833539631277839,0.807596908748266,0.777150150130165,0.744456664602004,0.704445987918068,0.667451517159384,0.635190381986669,0.578211101623704,0.511533060222504,0.441830592851191,0.341668980951406,0.24108530858836,0.106803527035534,-0.122284243983782,-0.3307927226631,-0.377976763262477,-0.188804750624403,-0.0593215921020172
0.762493744043161,0.83379347859243,0.884454903230109,0.923566153779148,0.955134543769312,0.98405495901144,1,0.989200665211832,0.965901311777439,0.945005469054096,0.927377604515667,0.916089599759739,0.901423453652388,0.883697289125886,0.864476353876723,0.841128162593486,0.813245441779557,0.782307974536173,0.744655928198975,0.707858868781406,0.675637227819982,0.623072056435874,0.55894947476486,0.49158779028674,0.391683954315983,0.287734175244819,0.154814095485159,-0.0688141564653417,-0.277974483953683,-0.335171993026377,-0.165060252475822,-0.0436061408219842
0.732286795703808,0.807496449665639,0.861890605146046,0.902320867954629,0.935670137429708,0.96556848677262,0.989200665211832,1,0.98225623804958,0.96228871309435,0.945302638160854,0.935938151386693,0.922996606162921,0.906027143407917,0.885609408929978,0.863885770171306,0.837317464368337,0.806992273206596,0.7694980664021,0.732523378813154,0.700514540993651,0.64943458511801,0.587705199189739,0.521347702648908,0.424214801664585,0.319664320051068,0.18638458945784,-0.0358361192726075,-0.24495859163935,-0.308117423906276,-0.151138877211505,-0.0421085334749294
0.697032530887033,0.776211133175558,0.835900542209705,0.875857741877873,0.909665029969459,0.94158097646528,0.965901311777439,0.98225623804958,1,0.984268554746175,0.969487720029298,0.959971810035034,0.946060683659054,0.929245410373913,0.909350425730447,0.888044361708315,0.861287463843104,0.831790023398265,0.798255623265612,0.76473960589973,0.735349031029105,0.685352966534663,0.626065882599605,0.562356326682011,0.463549295641558,0.360916298075631,0.228438694616672,0.00539656969496595,-0.212214941669208,-0.289283491174559,-0.139808152317761,-0.0340732485882971
0.670203102400233,0.751693848530533,0.812560839369786,0.849931340567359,0.882947595630952,0.917683867999933,0.945005469054096,0.96228871309435,0.984268554746175,1,0.986830568304152,0.977274509845511,0.962176793990605,0.947113698502302,0.928448045829513,0.908581481106685,0.884314278202639,0.857612428322484,0.827040982308001,0.793197570637494,0.764122951060757,0.71549792665457,0.655261626566859,0.594381272860926,0.497193201389636,0.393379246387348,0.25994140700619,0.0369664626471275,-0.1807959895476,-0.259827386188764,-0.125465533500735,-0.0136964858182331
0.658349368863926,0.740338080747444,0.800642609211964,0.836048536432891,0.865477116844334,0.899877068516409,0.927377604515667,0.945302638160854,0.969487720029298,0.986830568304152,1,0.991386449246316,0.975900287354919,0.961772724538716,0.943085006684648,0.923354957871881,0.899941750773759,0.873605575924795,0.842739702181367,0.808796806336774,0.777240744686958,0.731766575102422,0.674614788390451,0.615221526457911,0.523803029166418,0.422427071931488,0.290769872464036,0.066648666409587,-0.15255909590551,-0.24149033325356,-0.117249265518044,-0.00987858672338458
0.650313862358019,0.73227178787167,0.79174536988684,0.826789330008532,0.854817589965301,0.888872586544823,0.916089599759739,0.935938151386693,0.959971810035034,0.977274509845511,0.991386449246316,1,0.989181112326338,0.975062842568584,0.956399497397977,0.93704082516549,0.914667432764553,0.888831903619025,0.85793308976877,0.825229446273065,0.793478199609574,0.748802384206906,0.693446239775185,0.633633194316251,0.545065068286267,0.445310028879814,0.311356040588925,0.0847010221040867,-0.135904843761941,-0.226362876309774,-0.107597664699073,-0.00525943704367606
0.631299290420193,0.713295358659009,0.774413533277429,0.808499972689507,0.835803254942352,0.871995544651775,0.901423453652388,0.922996606162921,0.946060683659054,0.962176793990605,0.975900287354919,0.989181112326338,1,0.991331075858621,0.974030519686575,0.955598519344681,0.935302299658267,0.911412898591011,0.882003240933665,0.851383367986353,0.819537155341855,0.776691310622673,0.724328112353967,0.664848510530321,0.578255305481616,0.478594997741973,0.345979257694363,0.120523883423188,-0.1028661993769,-0.207225640584663,-0.0983057983269489,0.00623810828674021
0.613950950360447,0.694151469377164,0.755864289351809,0.788887948927636,0.814822919821277,0.852363569496107,0.883697289125886,0.906027143407917,0.929245410373913,0.947113698502302,0.961772724538716,0.975062842568584,0.991331075858621,1,0.989362720163815,0.971498335305267,0.951725277467499,0.929391417289335,0.902170898308254,0.87207032236129,0.841371124437985,0.800628830127773,0.749982984763341,0.691900482548185,0.60752524801032,0.509762605578658,0.380278974249783,0.158930309056754,-0.0664378246914337,-0.175112322391149,-0.0815399124234219,0.0174535096138955
0.596771763792734,0.673236806362848,0.735488257339044,0.769161739918217,0.796737196521646,0.833539631277839,0.864476353876723,0.885609408929978,0.909350425730447,0.928448045829513,0.943085006684648,0.956399497397977,0.974030519686575,0.989362720163815,1,0.99053574036816,0.97218498492277,0.951584815064197,0.925402854908721,0.897102005159132,0.868758311556631,0.828601833687683,0.779785139566112,0.725268000874797,0.644450636906664,0.549924234902655,0.420227576844897,0.197970086786798,-0.026949735406568,-0.142728695031299,-0.0611076767337568,0.0301607076998681
0.564041892299939,0.641087296408139,0.704661947352017,0.739240267290471,0.769343697369408,0.807596908748266,0.841128162593486,0.863885770171306,0.888044361708315,0.908581481106685,0.923354957871881,0.93704082516549,0.955598519344681,0.971498335305267,0.99053574036816,1,0.991060248364198,0.971994564887263,0.947398617931785,0.920249709965371,0.892716949465673,0.854007479462007,0.806493135464834,0.75470437597648,0.676364021914072,0.584806723486398,0.457368618230917,0.238955865684135,0.0195066226091853,-0.107701150193748,-0.044433759764719,0.0338774815913848
0.528847589985876,0.605574138924949,0.670586999955291,0.707101089452692,0.737339287934922,0.777150150130165,0.813245441779557,0.837317464368337,0.861287463843104,0.884314278202639,0.899941750773759,0.914667432764553,0.935302299658267,0.951725277467499,0.97218498492277,0.991060248364198,1,0.989654334719917,0.968170191392494,0.943274385046999,0.916379385834304,0.880057238478245,0.834419805008128,0.784004830201089,0.709731736251623,0.619578074915159,0.494531672771456,0.279879905380745,0.0648172463729307,-0.0735533697191202,-0.0198366944085779,0.0550339056843051
0.48809185193697,0.563774820634905,0.629610991148,0.669989559091373,0.703522694538759,0.744456664602004,0.782307974536173,0.806992273206596,0.831790023398265,0.857612428322484,0.873605575924795,0.888831903619025,0.911412898591011,0.929391417289335,0.951584815064197,0.971994564887263,0.989654334719917,1,0.988546711294994,0.965460606083711,0.939615576801208,0.905442531789357,0.862802528143236,0.813863138285224,0.743280647284487,0.656932377395351,0.53751160941539,0.328712581972256,0.115313455872399,-0.0347058917292189,0.0134158388523573,0.0823447702771347
0.439077477350329,0.513552844347142,0.582996040782818,0.624660380467859,0.659325188990979,0.704445987918068,0.744655928198975,0.7694980664021,0.798255623265612,0.827040982308001,0.842739702181367,0.85793308976877,0.882003240933665,0.902170898308254,0.925402854908721,0.947398617931785,0.968170191392494,0.988546711294994,1,0.987406083687124,0.964428179759361,0.931966209952116,0.890728642135862,0.844349629109398,0.77781459885018,0.698296097923128,0.585661533526221,0.382689317013931,0.168447326545596,0.00374863451612567,0.0463212393391254,0.0979278935838158
0.404223306589297,0.475211600701511,0.545806669307887,0.587324033393414,0.621177763707555,0.667451517159384,0.707858868781406,0.732523378813154,0.76473960589973,0.793197570637494,0.808796806336774,0.825229446273065,0.851383367986353,0.87207032236129,0.897102005159132,0.920249709965371,0.943274385046999,0.965460606083711,0.987406083687124,1,0.984412843936361,0.954584262200896,0.915081667895641,0.872170310024191,0.811605152193397,0.738087067346062,0.630150190750638,0.43475358067007,0.218426233148736,0.0359068558361642,0.0702901310776695,0.118537721294001
0.365676935102562,0.434150125657253,0.50540614768463,0.552018773372282,0.589011038919132,0.635190381986669,0.675637227819982,0.700514540993651,0.735349031029105,0.764122951060757,0.777240744686958,0.793478199609574,0.819537155341855,0.841371124437985,0.868758311556631,0.892716949465673,0.916379385834304,0.939615576801208,0.964428179759361,0.984412843936361,1,0.979650042234923,0.943898201812818,0.903411970437789,0.846632036513931,0.774501104999167,0.668635604671187,0.477222715243239,0.262138157054287,0.0651753404155885,0.0959965565013065,0.127995497972663
0.307760488820457,0.374280377876114,0.446511322932852,0.494310978861284,0.532653639287281,0.578211101623704,0.623072056435874,0.64943458511801,0.685352966534663,0.71549792665457,0.731766575102422,0.748802384206906,0.776691310622673,0.800628830127773,0.828601833687683,0.854007479462007,0.880057238478245,0.905442531789357,0.931966209952116,0.954584262200896,0.979650042234923,1,0.972928628132728,0.937062640294392,0.884351507282036,0.816475993931612,0.720683146089579,0.543756787273126,0.338634785122805,0.132295003374214,0.134559187200185,0.149605880152708
0.244677074266055,0.305123713339584,0.375754856243658,0.426071863360304,0.464365225922633,0.511533060222504,0.55894947476486,0.587705199189739,0.626065882599605,0.655261626566859,0.674614788390451,0.693446239775185,0.724328112353967,0.749982984763341,0.779785139566112,0.806493135464834,0.834419805008128,0.862802528143236,0.890728642135862,0.915081667895641,0.943898201812818,0.972928628132728,1,0.971705588899251,0.926095588764459,0.860812012190142,0.77447989219567,0.611441252825153,0.407083587072636,0.184667585723116,0.167907013559275,0.197453461667976
0.189459856159679,0.242745333618711,0.307152499449434,0.355443453513614,0.393642252222158,0.441830592851191,0.49158779028674,0.521347702648908,0.562356326682011,0.594381272860926,0.615221526457911,0.633633194316251,0.664848510530321,0.691900482548185,0.725268000874797,0.75470437597648,0.784004830201089,0.813863138285224,0.844349629109398,0.872170310024191,0.903411970437789,0.937062640294392,0.971705588899251,1,0.962137726989535,0.899946509184275,0.818325990690079,0.659601330009148,0.467959389172035,0.256610585130286,0.218350996209598,0.210891391982375
0.106192373185678,0.149193328664329,0.212204207549803,0.255793487092265,0.29161637183895,0.341668980951406,0.391683954315983,0.424214801664585,0.463549295641558,0.497193201389636,0.523803029166418,0.545065068286267,0.578255305481616,0.60752524801032,0.644450636906664,0.676364021914072,0.709731736251623,0.743280647284487,0.77781459885018,0.811605152193397,0.846632036513931,0.884351507282036,0.926095588764459,0.962137726989535,1,0.961134395175523,0.893016079988787,0.754812529081712,0.57071051506554,0.3255586733997,0.249283855372225,0.239208403933368
0.00632001429332556,0.0411268407645006,0.100362215243822,0.14338789682181,0.187713263560137,0.24108530858836,0.287734175244819,0.319664320051068,0.360916298075631,0.393379246387348,0.422427071931488,0.445310028879814,0.478594997741973,0.509762605578658,0.549924234902655,0.584806723486398,0.619578074915159,0.656932377395351,0.698296097923128,0.738087067346062,0.774501104999167,0.816475993931612,0.860812012190142,0.899946509184275,0.961134395175523,1,0.95621849176265,0.829742026180743,0.6611575998144,0.395138058678873,0.297072880885362,0.252129957964174
-0.115586246074007,-0.0892963434871266,-0.0380344659854447,0.00325393516389303,0.0507546811620989,0.106803527035534,0.154814095485159,0.18638458945784,0.228438694616672,0.25994140700619,0.290769872464036,0.311356040588925,0.345979257694363,0.380278974249783,0.420227576844897,0.457368618230917,0.494531672771456,0.53751160941539,0.585661533526221,0.630150190750638,0.668635604671187,0.720683146089579,0.77447989219567,0.818325990690079,0.893016079988787,0.95621849176265,1,0.929882974948497,0.777058805956172,0.496401583551045,0.371189893367403,0.268308766515962
-0.303641461609959,-0.289732902014998,-0.252057660563892,-0.218396038282892,-0.177283533315217,-0.122284243983782,-0.0688141564653417,-0.0358361192726075,0.00539656969496595,0.0369664626471275,0.066648666409587,0.0847010221040867,0.120523883423188,0.158930309056754,0.197970086786798,0.238955865684135,0.279879905380745,0.328712581972256,0.382689317013931,0.43475358067007,0.477222715243239,0.543756787273126,0.611441252825153,0.659601330009148,0.754812529081712,0.829742026180743,0.929882974948497,1,0.920002140460926,0.620753494915873,0.426453041072725,0.276252080710551
-0.503447941123376,-0.493046852758832,-0.46084057973683,-0.42485570896268,-0.383091029927564,-0.3307927226631,-0.277974483953683,-0.24495859163935,-0.212214941669208,-0.1807959895476,-0.15255909590551,-0.135904843761941,-0.1028661993769,-0.0664378246914337,-0.026949735406568,0.0195066226091853,0.0648172463729307,0.115313455872399,0.168447326545596,0.218426233148736,0.262138157054287,0.338634785122805,0.407083587072636,0.467959389172035,0.57071051506554,0.6611575998144,0.777058805956172,0.920002140460926,1,0.750736124382977,0.498212030557377,0.295956736842878
-0.487001887157667,-0.497755972274708,-0.48167069321739,-0.45281101855835,-0.418609487726334,-0.377976763262477,-0.335171993026377,-0.308117423906276,-0.289283491174559,-0.259827386188764,-0.24149033325356,-0.226362876309774,-0.207225640584663,-0.175112322391149,-0.142728695031299,-0.107701150193748,-0.0735533697191202,-0.0347058917292189,0.00374863451612567,0.0359068558361642,0.0651753404155885,0.132295003374214,0.184667585723116,0.256610585130286,0.3255586733997,0.395138058678873,0.496401583551045,0.620753494915873,0.750736124382977,1,0.774801432620411,0.296905695907334
-0.272187949776839,-0.280844777402448,-0.271712031624597,-0.246127265125204,-0.214889978220821,-0.188804750624403,-0.165060252475822,-0.151138877211505,-0.139808152317761,-0.125465533500735,-0.117249265518044,-0.107597664699073,-0.0983057983269489,-0.0815399124234219,-0.0611076767337568,-0.044433759764719,-0.0198366944085779,0.0134158388523573,0.0463212393391254,0.0702901310776695,0.0959965565013065,0.134559187200185,0.167907013559275,0.218350996209598,0.249283855372225,0.297072880885362,0.371189893367403,0.426453041072725,0.498212030557377,0.774801432620411,1,0.435205862167429
-0.14346584234075,-0.143638234955835,-0.105577876767496,-0.0785385528395535,-0.0757292294955971,-0.0593215921020172,-0.0436061408219842,-0.0421085334749294,-0.0340732485882971,-0.0136964858182331,-0.00987858672338458,-0.00525943704367606,0.00623810828674021,0.0174535096138955,0.0301607076998681,0.0338774815913848,0.0550339056843051,0.0823447702771347,0.0979278935838158,0.118537721294001,0.127995497972663,0.149605880152708,0.197453461667976,0.210891391982375,0.239208403933368,0.252129957964174,0.268308766515962,0.276252080710551,0.295956736842878,0.296905695907334,0.435205862167429,1
