1,0.937392953430783,0.916612331373928,0.906036133668499,0.899411349576881,0.896771767174561,0.893402751952057,0.890647744581063,0.8891151158236,0.887639953922037,0.8860469254236,0.884111922601073,0.881680974405,0.877389447096189,0.874390842221841,0.872051308941287,0.868931414565552,0.864787429217886,0.859733220925432,0.856000839391693,0.853136666809352,0.849517728403924,0.844356217288875,0.839786184215114,0.83270750550547,0.828864734529806,0.822423392987967,0.814979370520922,0.809663286584124,0.798796367150447,0.759684853807578,0.288152922582329
0.937392953430783,1,0.987695242749647,0.979855888250018,0.974331348657118,0.970692951456278,0.967684996529372,0.965817817158382,0.964670035414651,0.962946347917779,0.961038771398424,0.959134415601796,0.956809775903015,0.953766786952094,0.950678946793076,0.948447759394913,0.945205516675797,0.941835616458369,0.937964232866565,0.934700896125626,0.931871830109636,0.929402223424381,0.925391696880121,0.921482092793066,0.914946143593966,0.909819942758607,0.904627414049316,0.900578744454887,0.895995655686266,0.883719971353412,0.843966637783076,0.31732868595404
0.916612331373928,0.987695242749647,1,0.993789182684774,0.988786767501827,0.985477336469114,0.982896420579038,0.981423974983449,0.979909030114189,0.978638921697149,0.977165092119521,0.975092491963929,0.9728093557229,0.97014873244589,0.967632455036023,0.965386426900835,0.962293127069244,0.959385750479843,0.955907533248121,0.953410119465015,0.950691442788565,0.948139615716871,0.944526088353552,0.94067107927592,0.934158373449137,0.929968588777523,0.925825281057915,0.921478974515339,0.916932126513491,0.905211610214572,0.86703878411254,0.322101578804278
0.906036133668499,0.979855888250018,0.993789182684774,1,0.996262302231448,0.993330620645536,0.990800678838266,0.989047496532933,0.987102852738439,0.985794766421312,0.984308679837936,0.982345303340571,0.98029396692253,0.977660474249725,0.975198158691272,0.97306381849434,0.969865018024382,0.967013747002505,0.963971370257897,0.961821471390947,0.959079592117172,0.956705995525024,0.953216701802773,0.949719513389877,0.943165005624476,0.938774823631096,0.93523623350015,0.931196198275959,0.926915692500071,0.914712790465079,0.877641602238053,0.325249966247581
0.899411349576881,0.974331348657118,0.988786767501827,0.996262302231448,1,0.997194063181907,0.994719943599322,0.992786071989654,0.990731435933182,0.98923601852788,0.987682398764763,0.985574641325082,0.983495523555706,0.980847268210815,0.978239154360102,0.976074435898921,0.97315081865562,0.970531282292879,0.967584627181442,0.965636069943773,0.962900615357501,0.960216255137744,0.956959533980301,0.953333067710394,0.947160783517617,0.942993290388468,0.939829135113634,0.935602633590074,0.931805390175121,0.919261874989733,0.881991772913266,0.32142443838199
0.896771767174561,0.970692951456278,0.985477336469114,0.993330620645536,0.997194063181907,1,0.998016954809069,0.996005966724419,0.993972268438531,0.992311187101648,0.990876098320197,0.988909164922635,0.986903472068712,0.984265023934414,0.981861598233049,0.979569313003944,0.976614570629435,0.974131439814085,0.971325146548201,0.969406023392733,0.966707992237352,0.964052583536481,0.960802612006638,0.957197886759483,0.951561961568926,0.947368175990366,0.944073246664805,0.939610412224977,0.935559530908265,0.923228026845224,0.884762866559103,0.32169981948477
0.893402751952057,0.967684996529372,0.982896420579038,0.990800678838266,0.994719943599322,0.998016954809069,1,0.998375096510762,0.996465283020531,0.994832685368726,0.993384148625202,0.991465134957753,0.989490497775384,0.986986134926438,0.984620673126782,0.982168655441255,0.979143063285527,0.976771398594728,0.974028323920409,0.971975714724717,0.969399337948252,0.966734681872233,0.963550789873484,0.959797903731152,0.954127914341912,0.949892171435384,0.946620287356121,0.942555405786139,0.938567165314546,0.92650425650532,0.888191901283282,0.325017379541792
0.890647744581063,0.965817817158382,0.981423974983449,0.989047496532933,0.992786071989654,0.996005966724419,0.998375096510762,1,0.998486793487266,0.996966415694114,0.995420346984432,0.993466821195658,0.991431859463571,0.988958453995184,0.986748582956222,0.984173578061445,0.981141842999252,0.978690038561234,0.975905200517273,0.973689091587547,0.971315128027533,0.968624331769972,0.96540307549733,0.961587741427286,0.956212195038554,0.952281056269272,0.949056989790861,0.945634191533239,0.941580516906724,0.929278906512303,0.891211899535401,0.324410252348076
0.8891151158236,0.964670035414651,0.979909030114189,0.987102852738439,0.990731435933182,0.993972268438531,0.996465283020531,0.998486793487266,1,0.998673219830235,0.997049165007729,0.995190191314231,0.993254211403346,0.990877107223106,0.988713266732566,0.986252802488266,0.983331295090905,0.980980715756402,0.978138553594546,0.975822599242631,0.973659781655319,0.970942047197193,0.967851707015578,0.963980918955759,0.958554769360788,0.954596562968842,0.951357841954783,0.948149946047801,0.943958585743868,0.932289432602745,0.89418087400045,0.325300168559491
0.887639953922037,0.962946347917779,0.978638921697149,0.985794766421312,0.98923601852788,0.992311187101648,0.994832685368726,0.996966415694114,0.998673219830235,1,0.99870941310375,0.997026912790964,0.995133407050857,0.992970285842455,0.990958505646348,0.988588738757942,0.985666472708462,0.983288701759553,0.980429026360837,0.977983912513706,0.975802652793236,0.973100625575626,0.970189738016933,0.96621479648386,0.960686626449336,0.957041284076127,0.95375816634762,0.95043032512767,0.946094367850315,0.934655984584974,0.896188346492299,0.326527780130845
0.8860469254236,0.961038771398424,0.977165092119521,0.984308679837936,0.987682398764763,0.990876098320197,0.993384148625202,0.995420346984432,0.997049165007729,0.99870941310375,1,0.998770514074284,0.997069749034484,0.99501560690932,0.993078566908517,0.990669238425865,0.98798464047221,0.98548991791199,0.982481731965988,0.979958416893481,0.977786428173203,0.975060252992375,0.972288857909966,0.968485929985238,0.963050761780449,0.959450419634815,0.956077112843826,0.95287578122806,0.948526709935014,0.937480849874023,0.899495370187501,0.332534456160531
0.884111922601073,0.959134415601796,0.975092491963929,0.982345303340571,0.985574641325082,0.988909164922635,0.991465134957753,0.993466821195658,0.995190191314231,0.997026912790964,0.998770514074284,1,0.99887525336176,0.997043477823836,0.995198493559466,0.992884226506965,0.990402366088964,0.987848842594527,0.984881402716955,0.982204920207683,0.980076669069447,0.977297365611294,0.974468680985537,0.970755412944535,0.965378854843556,0.961684880540051,0.958331462682408,0.955249906999511,0.950796786328367,0.940050994124733,0.902763796538906,0.332313300204689
0.881680974405,0.956809775903015,0.9728093557229,0.98029396692253,0.983495523555706,0.986903472068712,0.989490497775384,0.991431859463571,0.993254211403346,0.995133407050857,0.997069749034484,0.99887525336176,1,0.998670657025745,0.996969976971159,0.994947028715451,0.992623219532187,0.990127544212568,0.987250371133693,0.984681221550467,0.98262035628741,0.979666910331804,0.976776635998358,0.973074136186198,0.968083913334927,0.964416351754253,0.961037956256127,0.957871999892033,0.953549529390863,0.942885229469998,0.906528270655415,0.333785361866469
0.877389447096189,0.953766786952094,0.97014873244589,0.977660474249725,0.980847268210815,0.984265023934414,0.986986134926438,0.988958453995184,0.990877107223106,0.992970285842455,0.99501560690932,0.997043477823836,0.998670657025745,1,0.998761373339307,0.997060542668218,0.995156405948912,0.992970131530728,0.990204929693199,0.987854288190239,0.986006470137066,0.983226315653731,0.980392213125108,0.976762069661673,0.972046630045854,0.968732694695474,0.965264109505685,0.961842492120617,0.958027737918416,0.947444004681996,0.910564583084518,0.337097647257025
0.874390842221841,0.950678946793076,0.967632455036023,0.975198158691272,0.978239154360102,0.981861598233049,0.984620673126782,0.986748582956222,0.988713266732566,0.990958505646348,0.993078566908517,0.995198493559466,0.996969976971159,0.998761373339307,1,0.998791815821769,0.997253310999898,0.995255187964995,0.992760764481558,0.990408641888627,0.988657907349908,0.985924134221691,0.983208857785816,0.979803080260207,0.975613856855824,0.972422898195827,0.968988284790011,0.965577068060885,0.961841304521602,0.951623846620569,0.915068952581297,0.335888501274246
0.872051308941287,0.948447759394913,0.965386426900835,0.97306381849434,0.976074435898921,0.979569313003944,0.982168655441255,0.984173578061445,0.986252802488266,0.988588738757942,0.990669238425865,0.992884226506965,0.994947028715451,0.997060542668218,0.998791815821769,1,0.998973967004334,0.997287981893809,0.994939971432197,0.992497721663206,0.990680432313739,0.988097874268565,0.985537143046345,0.982319911214741,0.978319216530038,0.975153094705925,0.971736157337821,0.968239278139852,0.964298133354882,0.954145167171214,0.91770764494236,0.337086559580946
0.868931414565552,0.945205516675797,0.962293127069244,0.969865018024382,0.97315081865562,0.976614570629435,0.979143063285527,0.981141842999252,0.983331295090905,0.985666472708462,0.98798464047221,0.990402366088964,0.992623219532187,0.995156405948912,0.997253310999898,0.998973967004334,1,0.998827093710812,0.996771545363901,0.994479046918119,0.992749589116867,0.990277729093677,0.987779790928627,0.984761774067879,0.980884992061741,0.977687504249176,0.974275499731657,0.970790723349779,0.967100962914799,0.95704040810454,0.92035067732751,0.339791773175678
0.864787429217886,0.941835616458369,0.959385750479843,0.967013747002505,0.970531282292879,0.974131439814085,0.976771398594728,0.978690038561234,0.980980715756402,0.983288701759553,0.98548991791199,0.987848842594527,0.990127544212568,0.992970131530728,0.995255187964995,0.997287981893809,0.998827093710812,1,0.998557337985721,0.996527636708151,0.994723442885323,0.992453955098489,0.989941481666821,0.987181169243029,0.983494933398303,0.980456799539416,0.976964659557683,0.97345571998041,0.969826957243364,0.959825256105962,0.923458876767197,0.340023340874985
0.859733220925432,0.937964232866565,0.955907533248121,0.963971370257897,0.967584627181442,0.971325146548201,0.974028323920409,0.975905200517273,0.978138553594546,0.980429026360837,0.982481731965988,0.984881402716955,0.987250371133693,0.990204929693199,0.992760764481558,0.994939971432197,0.996771545363901,0.998557337985721,1,0.99878520791724,0.997145119627343,0.994978433734309,0.992441444258991,0.989850278232989,0.986298069075206,0.983151918487582,0.979687206076764,0.976153129093034,0.972512615349998,0.962849799204928,0.927010344586637,0.342835487833271
0.856000839391693,0.934700896125626,0.953410119465015,0.961821471390947,0.965636069943773,0.969406023392733,0.971975714724717,0.973689091587547,0.975822599242631,0.977983912513706,0.979958416893481,0.982204920207683,0.984681221550467,0.987854288190239,0.990408641888627,0.992497721663206,0.994479046918119,0.996527636708151,0.99878520791724,1,0.998865142309414,0.996839795694192,0.994376847793048,0.991901528646774,0.988466386015044,0.985534084109385,0.982036020160358,0.978215796738668,0.974472729219119,0.964900759296086,0.929316554180265,0.345826469842058
0.853136666809352,0.931871830109636,0.950691442788565,0.959079592117172,0.962900615357501,0.966707992237352,0.969399337948252,0.971315128027533,0.973659781655319,0.975802652793236,0.977786428173203,0.980076669069447,0.98262035628741,0.986006470137066,0.988657907349908,0.990680432313739,0.992749589116867,0.994723442885323,0.997145119627343,0.998865142309414,1,0.998692546690544,0.996566728049366,0.994171804710487,0.991066280748584,0.988169840874134,0.984614747197739,0.980746114062756,0.97667635001828,0.966973911780155,0.931418164378879,0.345861478519728
0.849517728403924,0.929402223424381,0.948139615716871,0.956705995525024,0.960216255137744,0.964052583536481,0.966734681872233,0.968624331769972,0.970942047197193,0.973100625575626,0.975060252992375,0.977297365611294,0.979666910331804,0.983226315653731,0.985924134221691,0.988097874268565,0.990277729093677,0.992453955098489,0.994978433734309,0.996839795694192,0.998692546690544,1,0.998562237277386,0.996461555628701,0.993708665965055,0.990962396838542,0.987600565642328,0.983869688829362,0.97971967739992,0.970354255920905,0.934574537591673,0.349415277334332
0.844356217288875,0.925391696880121,0.944526088353552,0.953216701802773,0.956959533980301,0.960802612006638,0.963550789873484,0.96540307549733,0.967851707015578,0.970189738016933,0.972288857909966,0.974468680985537,0.976776635998358,0.980392213125108,0.983208857785816,0.985537143046345,0.987779790928627,0.989941481666821,0.992441444258991,0.994376847793048,0.996566728049366,0.998562237277386,1,0.998489353410235,0.995958381391976,0.993120881681312,0.989970750379617,0.986242944108041,0.982002319876686,0.972821004899766,0.937417229757374,0.350591177604712
0.839786184215114,0.921482092793066,0.94067107927592,0.949719513389877,0.953333067710394,0.957197886759483,0.959797903731152,0.961587741427286,0.963980918955759,0.96621479648386,0.968485929985238,0.970755412944535,0.973074136186198,0.976762069661673,0.979803080260207,0.982319911214741,0.984761774067879,0.987181169243029,0.989850278232989,0.991901528646774,0.994171804710487,0.996461555628701,0.998489353410235,1,0.997988090245292,0.9952464035653,0.992263837260476,0.988320802568858,0.983693943216924,0.974116447806857,0.939897336084659,0.354575046772071
0.83270750550547,0.914946143593966,0.934158373449137,0.943165005624476,0.947160783517617,0.951561961568926,0.954127914341912,0.956212195038554,0.958554769360788,0.960686626449336,0.963050761780449,0.965378854843556,0.968083913334927,0.972046630045854,0.975613856855824,0.978319216530038,0.980884992061741,0.983494933398303,0.986298069075206,0.988466386015044,0.991066280748584,0.993708665965055,0.995958381391976,0.997988090245292,1,0.998008190647526,0.995376112053289,0.991406579412808,0.986470357156764,0.977097551527304,0.943828253457686,0.356512118411459
0.828864734529806,0.909819942758607,0.929968588777523,0.938774823631096,0.942993290388468,0.947368175990366,0.949892171435384,0.952281056269272,0.954596562968842,0.957041284076127,0.959450419634815,0.961684880540051,0.964416351754253,0.968732694695474,0.972422898195827,0.975153094705925,0.977687504249176,0.980456799539416,0.983151918487582,0.985534084109385,0.988169840874134,0.990962396838542,0.993120881681312,0.9952464035653,0.998008190647526,1,0.997918661766655,0.994110816247572,0.989009150910571,0.979984148794853,0.947093036340213,0.365373053677823
0.822423392987967,0.904627414049316,0.925825281057915,0.93523623350015,0.939829135113634,0.944073246664805,0.946620287356121,0.949056989790861,0.951357841954783,0.95375816634762,0.956077112843826,0.958331462682408,0.961037956256127,0.965264109505685,0.968988284790011,0.971736157337821,0.974275499731657,0.976964659557683,0.979687206076764,0.982036020160358,0.984614747197739,0.987600565642328,0.989970750379617,0.992263837260476,0.995376112053289,0.997918661766655,1,0.996838800950399,0.991889263715537,0.983519744118642,0.951072275191225,0.367365094005702
0.814979370520922,0.900578744454887,0.921478974515339,0.931196198275959,0.935602633590074,0.939610412224977,0.942555405786139,0.945634191533239,0.948149946047801,0.95043032512767,0.95287578122806,0.955249906999511,0.957871999892033,0.961842492120617,0.965577068060885,0.968239278139852,0.970790723349779,0.97345571998041,0.976153129093034,0.978215796738668,0.980746114062756,0.983869688829362,0.986242944108041,0.988320802568858,0.991406579412808,0.994110816247572,0.996838800950399,1,0.995374035963532,0.986990481187431,0.956350747875756,0.369947685428944
0.809663286584124,0.895995655686266,0.916932126513491,0.926915692500071,0.931805390175121,0.935559530908265,0.938567165314546,0.941580516906724,0.943958585743868,0.946094367850315,0.948526709935014,0.950796786328367,0.953549529390863,0.958027737918416,0.961841304521602,0.964298133354882,0.967100962914799,0.969826957243364,0.972512615349998,0.974472729219119,0.97667635001828,0.97971967739992,0.982002319876686,0.983693943216924,0.986470357156764,0.989009150910571,0.991889263715537,0.995374035963532,1,0.992806001731759,0.964576777436969,0.380019308580169
0.798796367150447,0.883719971353412,0.905211610214572,0.914712790465079,0.919261874989733,0.923228026845224,0.92650425650532,0.929278906512303,0.932289432602745,0.934655984584974,0.937480849874023,0.940050994124733,0.942885229469998,0.947444004681996,0.951623846620569,0.954145167171214,0.95704040810454,0.959825256105962,0.962849799204928,0.964900759296086,0.966973911780155,0.970354255920905,0.972821004899766,0.974116447806857,0.977097551527304,0.979984148794853,0.983519744118642,0.986990481187431,0.992806001731759,1,0.976314190737218,0.396192563312908
0.759684853807578,0.843966637783076,0.86703878411254,0.877641602238053,0.881991772913266,0.884762866559103,0.888191901283282,0.891211899535401,0.89418087400045,0.896188346492299,0.899495370187501,0.902763796538906,0.906528270655415,0.910564583084518,0.915068952581297,0.91770764494236,0.92035067732751,0.923458876767197,0.927010344586637,0.929316554180265,0.931418164378879,0.934574537591673,0.937417229757374,0.939897336084659,0.943828253457686,0.947093036340213,0.951072275191225,0.956350747875756,0.964576777436969,0.976314190737218,1,0.439404794724233
0.288152922582329,0.31732868595404,0.322101578804278,0.325249966247581,0.32142443838199,0.32169981948477,0.325017379541792,0.324410252348076,0.325300168559491,0.326527780130845,0.332534456160531,0.332313300204689,0.333785361866469,0.337097647257025,0.335888501274246,0.337086559580946,0.339791773175678,0.340023340874985,0.342835487833271,0.345826469842058,0.345861478519728,0.349415277334332,0.350591177604712,0.354575046772071,0.356512118411459,0.365373053677823,0.367365094005702,0.369947685428944,0.380019308580169,0.396192563312908,0.439404794724233,1
