1,0.867557109129356,0.834060320600893,0.813908144936838,0.81238565593925,0.808784661976024,0.798865200339125,0.798356693306643,0.795202093078665,0.793181899120002,0.789316933754226,0.781908174944214,0.773379047837739,0.771069823967049,0.768349511798213,0.765225563277641,0.765365963316771,0.76391487350091,0.759410428619709,0.757626066867772,0.755863931530861,0.750877909440158,0.74706306657493,0.746551448769924,0.739031139617501,0.732958781545753,0.725099689232305,0.716561726195185,0.699961473267014,0.670897165220525,0.570794625980263,0.115517828554671
0.867557109129356,1,0.965906810903519,0.941582710741689,0.927331851561351,0.920273915683385,0.912309981794305,0.908184269048164,0.903771404341698,0.900156147418937,0.8950241064682,0.887055387620364,0.876975036509206,0.871761121359213,0.868782733886903,0.865856360635286,0.863824235926182,0.861719678946034,0.85979255210422,0.858658113253623,0.857762019301307,0.854688592331124,0.85329511382219,0.854469435972824,0.847773165058395,0.840765816808433,0.832163507842966,0.818769851731634,0.802217273453843,0.771217318558819,0.671763511079096,0.147411453970216
0.834060320600893,0.965906810903519,1,0.976581462166051,0.962425013783932,0.953834594949748,0.946980944156027,0.941479697429911,0.935929917849842,0.931718558998977,0.926562259081015,0.918851514552784,0.910361015091981,0.904848565338578,0.901459423257157,0.897097835645601,0.894851820986816,0.89379478069967,0.892097766739079,0.890401335343089,0.889294790430555,0.885382570046265,0.882470973242074,0.883157525918054,0.875451713970784,0.866097254143846,0.857252624832541,0.8438469278605,0.826917144332464,0.793355384188149,0.692973317321247,0.148339797893342
0.813908144936838,0.941582710741689,0.976581462166051,1,0.98832920961769,0.978602405659903,0.968737515649586,0.962359878662602,0.956500993596038,0.951924568958089,0.94610205800963,0.939492579390677,0.931472664225162,0.926981319991376,0.923494036401287,0.919525407080689,0.91696764603625,0.915703472481982,0.914602179982563,0.912433200628528,0.91121898160593,0.907719066216491,0.904998394507157,0.906083101990565,0.899512937124757,0.892575350614259,0.882803876239455,0.869580084323541,0.853073301272037,0.821016571947431,0.718927226075814,0.160184549526943
0.81238565593925,0.927331851561351,0.962425013783932,0.98832920961769,1,0.991269809985471,0.981030979343205,0.973611291661794,0.967397213009532,0.962350408832762,0.956027760171387,0.949047082409124,0.940889958634392,0.935843307655162,0.932541978505064,0.928286459783191,0.9259908964114,0.92460463154054,0.923958106631771,0.921439186972527,0.920128721346771,0.917141881256279,0.914692423437381,0.9147012807252,0.907747256631259,0.901371519125068,0.891409682393552,0.878665645488398,0.861904664266583,0.830794895912813,0.726334662461458,0.165427568370888
0.808784661976024,0.920273915683385,0.953834594949748,0.978602405659903,0.991269809985471,1,0.992102302193881,0.984750866624324,0.978756255068136,0.973242241930169,0.967355770967289,0.960655511320923,0.952417825026775,0.946867562629043,0.942848966417187,0.938191133680696,0.936049933292997,0.934186910854546,0.933463205106728,0.930518248781771,0.928952168272571,0.925587195425228,0.923528876260352,0.923183281416695,0.917043328370569,0.909620626523686,0.899086433431487,0.886532334119905,0.869383484075857,0.83869734762206,0.734807279797813,0.180616186381364
0.798865200339125,0.912309981794305,0.946980944156027,0.968737515649586,0.981030979343205,0.992102302193881,1,0.993594490055945,0.987202303342244,0.981157410690361,0.974930563185262,0.967886217371623,0.960044882359909,0.954134833677435,0.949482323594806,0.944791783821871,0.94240224119766,0.93998050540458,0.93947298011122,0.936699234191871,0.935036461224606,0.931583441079542,0.928903085338898,0.928413354780962,0.922414313604934,0.915826157393906,0.905664185807446,0.893667769677216,0.877140862572349,0.847615859613329,0.745772156071697,0.189564786121223
0.798356693306643,0.908184269048164,0.941479697429911,0.962359878662602,0.973611291661794,0.984750866624324,0.993594490055945,1,0.994720790558267,0.987981499189325,0.981142223134431,0.974233561065701,0.966276710146474,0.960413049383912,0.955606833589468,0.950716621030547,0.948148046462887,0.945418816442351,0.943944360888696,0.941432813970845,0.939525004906065,0.936784950991127,0.933791043768391,0.932658634377636,0.926835463941448,0.919996564338122,0.910786912719431,0.899462919676298,0.883188105029828,0.852381169834927,0.750838437101906,0.190010218472466
0.795202093078665,0.903771404341698,0.935929917849842,0.956500993596038,0.967397213009532,0.978756255068136,0.987202303342244,0.994720790558267,1,0.994783256921445,0.989137048283169,0.982721212430451,0.975067211546013,0.969091798791844,0.96431380421003,0.959871299158992,0.957210935471706,0.954728076095837,0.953031786914609,0.950473653959913,0.948727438200284,0.946274014487124,0.943579157692326,0.942565370573814,0.936915805525189,0.930928400953504,0.922457836811888,0.912067059949685,0.89693797879907,0.865952691539958,0.762390649684634,0.199490617584993
0.793181899120002,0.900156147418937,0.931718558998977,0.951924568958089,0.962350408832762,0.973242241930169,0.981157410690361,0.987981499189325,0.994783256921445,1,0.995402533004011,0.989945157642504,0.982978527540605,0.977021521324114,0.971891661418192,0.967508419489754,0.964610539290189,0.961604507731966,0.959428910153695,0.956697558728162,0.954496306172991,0.952076481003254,0.949141509188076,0.947865784048055,0.942259397122418,0.936563521750846,0.928771725339538,0.918369289846419,0.903489896792558,0.873887485159961,0.771181133189736,0.203009374151036
0.789316933754226,0.8950241064682,0.926562259081015,0.94610205800963,0.956027760171387,0.967355770967289,0.974930563185262,0.981142223134431,0.989137048283169,0.995402533004011,1,0.996169430206409,0.990271502595696,0.984772478677311,0.979870082897776,0.975242861194756,0.971925592104533,0.968354647670175,0.965697502456874,0.962665675387217,0.960042609007887,0.957479182490214,0.95463253472136,0.953422225154681,0.948035479904858,0.942467267975287,0.935410111270006,0.924658139430716,0.909693595466402,0.880660394576199,0.780199107591385,0.208574080787568
0.781908174944214,0.887055387620364,0.918851514552784,0.939492579390677,0.949047082409124,0.960655511320923,0.967886217371623,0.974233561065701,0.982721212430451,0.989945157642504,0.996169430206409,1,0.996281365383015,0.991775792774609,0.987169083462118,0.983189574454458,0.979790499134029,0.976092826916008,0.973313541866128,0.970038167268832,0.967576760168381,0.965105177087992,0.962377479116365,0.961338500195395,0.95640691627057,0.95101564409696,0.944910294494544,0.934468707280468,0.919619316012227,0.892938373335657,0.792045510010361,0.214353362044017
0.773379047837739,0.876975036509206,0.910361015091981,0.931472664225162,0.940889958634392,0.952417825026775,0.960044882359909,0.966276710146474,0.975067211546013,0.982978527540605,0.990271502595696,0.996281365383015,1,0.996288750096102,0.991606777966185,0.988030287179393,0.984614739803641,0.981180578615514,0.978633893480014,0.975086847727001,0.972571484113365,0.969792274565845,0.967020073350031,0.965549931296939,0.961030851637634,0.955124279178581,0.948840836148022,0.938256509356159,0.923707432097101,0.8983099234184,0.79884840047864,0.222842620033724
0.771069823967049,0.871761121359213,0.904848565338578,0.926981319991376,0.935843307655162,0.946867562629043,0.954134833677435,0.960413049383912,0.969091798791844,0.977021521324114,0.984772478677311,0.991775792774609,0.996288750096102,1,0.996448046220626,0.992736822391271,0.98887285339949,0.98483964440462,0.981889417893058,0.977855361601869,0.974972293379007,0.972283524883931,0.969511878749171,0.967912183104781,0.963792904393398,0.957888604992315,0.952120695595866,0.941727398150686,0.927722788545685,0.903561849525432,0.80381018657447,0.227469603306216
0.768349511798213,0.868782733886903,0.901459423257157,0.923494036401287,0.932541978505064,0.942848966417187,0.949482323594806,0.955606833589468,0.96431380421003,0.971891661418192,0.979870082897776,0.987169083462118,0.991606777966185,0.996448046220626,1,0.996932705843358,0.993197757342028,0.989301252096551,0.986142013938312,0.982425192508216,0.980004046560026,0.976986044074422,0.97412860092045,0.971995125355875,0.967710135113531,0.96147502946618,0.956454899249422,0.946175811488731,0.932099173625538,0.908502969568957,0.808867769089048,0.230274164194051
0.765225563277641,0.865856360635286,0.897097835645601,0.919525407080689,0.928286459783191,0.938191133680696,0.944791783821871,0.950716621030547,0.959871299158992,0.967508419489754,0.975242861194756,0.983189574454458,0.988030287179393,0.992736822391271,0.996932705843358,1,0.996810571319555,0.993030292666179,0.989890063037595,0.986435556308481,0.983872151836565,0.980880201785735,0.977579073620098,0.975032691791047,0.970543259402425,0.964657313759158,0.959917302562678,0.94980372671341,0.93616814139954,0.912328021759447,0.812648161227872,0.234913917381165
0.765365963316771,0.863824235926182,0.894851820986816,0.91696764603625,0.9259908964114,0.936049933292997,0.94240224119766,0.948148046462887,0.957210935471706,0.964610539290189,0.971925592104533,0.979790499134029,0.984614739803641,0.98887285339949,0.993197757342028,0.996810571319555,1,0.997001737881818,0.993889219968828,0.990386435403945,0.987574320237389,0.984529388969837,0.981020298397542,0.978197369758518,0.973912366356227,0.967417129347704,0.962458078531023,0.952558294299747,0.938378311417462,0.912463457210999,0.812723838430885,0.237584787784885
0.76391487350091,0.861719678946034,0.89379478069967,0.915703472481982,0.92460463154054,0.934186910854546,0.93998050540458,0.945418816442351,0.954728076095837,0.961604507731966,0.968354647670175,0.976092826916008,0.981180578615514,0.98483964440462,0.989301252096551,0.993030292666179,0.997001737881818,1,0.997247497853788,0.993770322424385,0.990967545383235,0.987354104387117,0.983593014113321,0.980417949114593,0.976590049930595,0.970463317724916,0.964987508175251,0.955110531025395,0.941340458120773,0.91295055499954,0.813226240116887,0.23389785834901
0.759410428619709,0.85979255210422,0.892097766739079,0.914602179982563,0.923958106631771,0.933463205106728,0.93947298011122,0.943944360888696,0.953031786914609,0.959428910153695,0.965697502456874,0.973313541866128,0.978633893480014,0.981889417893058,0.986142013938312,0.989890063037595,0.993889219968828,0.997247497853788,1,0.996578837543625,0.993714882322332,0.990036022034618,0.985993416740557,0.982735221698022,0.978845167980144,0.97332386565868,0.967576822954486,0.957854886266532,0.94509897214775,0.916959612399311,0.818319103841518,0.239825542214846
0.757626066867772,0.858658113253623,0.890401335343089,0.912433200628528,0.921439186972527,0.930518248781771,0.936699234191871,0.941432813970845,0.950473653959913,0.956697558728162,0.962665675387217,0.970038167268832,0.975086847727001,0.977855361601869,0.982425192508216,0.986435556308481,0.990386435403945,0.993770322424385,0.996578837543625,1,0.997548964489004,0.993791246276829,0.989192349887653,0.985499445701247,0.981380707100665,0.975531630611058,0.969518704776469,0.960021172595434,0.946922431401035,0.920489998510991,0.823394284265858,0.240246134802411
0.755863931530861,0.857762019301307,0.889294790430555,0.91121898160593,0.920128721346771,0.928952168272571,0.935036461224606,0.939525004906065,0.948727438200284,0.954496306172991,0.960042609007887,0.967576760168381,0.972571484113365,0.974972293379007,0.980004046560026,0.983872151836565,0.987574320237389,0.990967545383235,0.993714882322332,0.997548964489004,1,0.996855265150077,0.991929719653273,0.987905097952007,0.983902712794669,0.977972776076546,0.971663859548074,0.96242690594049,0.949629087803769,0.921992177825205,0.824332982650806,0.235648909843327
0.750877909440158,0.854688592331124,0.885382570046265,0.907719066216491,0.917141881256279,0.925587195425228,0.931583441079542,0.936784950991127,0.946274014487124,0.952076481003254,0.957479182490214,0.965105177087992,0.969792274565845,0.972283524883931,0.976986044074422,0.980880201785735,0.984529388969837,0.987354104387117,0.990036022034618,0.993791246276829,0.996855265150077,1,0.995970799819139,0.991675771555014,0.987438152328445,0.981093166504116,0.975014578843735,0.965817336057317,0.952470605698412,0.925026191569462,0.827710209838853,0.245302319383489
0.74706306657493,0.85329511382219,0.882470973242074,0.904998394507157,0.914692423437381,0.923528876260352,0.928903085338898,0.933791043768391,0.943579157692326,0.949141509188076,0.95463253472136,0.962377479116365,0.967020073350031,0.969511878749171,0.97412860092045,0.977579073620098,0.981020298397542,0.983593014113321,0.985993416740557,0.989192349887653,0.991929719653273,0.995970799819139,1,0.996270043061989,0.991709889185897,0.984680605174636,0.978329159017232,0.96954413347977,0.955677059026084,0.927944523661058,0.831211388598585,0.243292033672751
0.746551448769924,0.854469435972824,0.883157525918054,0.906083101990565,0.9147012807252,0.923183281416695,0.928413354780962,0.932658634377636,0.942565370573814,0.947865784048055,0.953422225154681,0.961338500195395,0.965549931296939,0.967912183104781,0.971995125355875,0.975032691791047,0.978197369758518,0.980417949114593,0.982735221698022,0.985499445701247,0.987905097952007,0.991675771555014,0.996270043061989,1,0.995829563673362,0.988843348973419,0.981902186542679,0.973094548700573,0.958532199419116,0.929038644477429,0.830996844356631,0.240819874661403
0.739031139617501,0.847773165058395,0.875451713970784,0.899512937124757,0.907747256631259,0.917043328370569,0.922414313604934,0.926835463941448,0.936915805525189,0.942259397122418,0.948035479904858,0.95640691627057,0.961030851637634,0.963792904393398,0.967710135113531,0.970543259402425,0.973912366356227,0.976590049930595,0.978845167980144,0.981380707100665,0.983902712794669,0.987438152328445,0.991709889185897,0.995829563673362,1,0.994119855938725,0.986768234728343,0.978267932948184,0.964290983572474,0.933229239879029,0.834398058482567,0.240853610136917
0.732958781545753,0.840765816808433,0.866097254143846,0.892575350614259,0.901371519125068,0.909620626523686,0.915826157393906,0.919996564338122,0.930928400953504,0.936563521750846,0.942467267975287,0.95101564409696,0.955124279178581,0.957888604992315,0.96147502946618,0.964657313759158,0.967417129347704,0.970463317724916,0.97332386565868,0.975531630611058,0.977972776076546,0.981093166504116,0.984680605174636,0.988843348973419,0.994119855938725,1,0.993491473508257,0.98514806305957,0.973029979578633,0.941249831833701,0.843765080247617,0.245319852736047
0.725099689232305,0.832163507842966,0.857252624832541,0.882803876239455,0.891409682393552,0.899086433431487,0.905664185807446,0.910786912719431,0.922457836811888,0.928771725339538,0.935410111270006,0.944910294494544,0.948840836148022,0.952120695595866,0.956454899249422,0.959917302562678,0.962458078531023,0.964987508175251,0.967576822954486,0.969518704776469,0.971663859548074,0.975014578843735,0.978329159017232,0.981902186542679,0.986768234728343,0.993491473508257,1,0.992155102203763,0.980175158126558,0.946528554293769,0.848597810076726,0.250854046099418
0.716561726195185,0.818769851731634,0.8438469278605,0.869580084323541,0.878665645488398,0.886532334119905,0.893667769677216,0.899462919676298,0.912067059949685,0.918369289846419,0.924658139430716,0.934468707280468,0.938256509356159,0.941727398150686,0.946175811488731,0.94980372671341,0.952558294299747,0.955110531025395,0.957854886266532,0.960021172595434,0.96242690594049,0.965817336057317,0.96954413347977,0.973094548700573,0.978267932948184,0.98514806305957,0.992155102203763,1,0.989679650757418,0.957118226304857,0.861348366604085,0.259645891493864
0.699961473267014,0.802217273453843,0.826917144332464,0.853073301272037,0.861904664266583,0.869383484075857,0.877140862572349,0.883188105029828,0.89693797879907,0.903489896792558,0.909693595466402,0.919619316012227,0.923707432097101,0.927722788545685,0.932099173625538,0.93616814139954,0.938378311417462,0.941340458120773,0.94509897214775,0.946922431401035,0.949629087803769,0.952470605698412,0.955677059026084,0.958532199419116,0.964290983572474,0.973029979578633,0.980175158126558,0.989679650757418,1,0.970080033064193,0.87511253603007,0.266976043569878
0.670897165220525,0.771217318558819,0.793355384188149,0.821016571947431,0.830794895912813,0.83869734762206,0.847615859613329,0.852381169834927,0.865952691539958,0.873887485159961,0.880660394576199,0.892938373335657,0.8983099234184,0.903561849525432,0.908502969568957,0.912328021759447,0.912463457210999,0.91295055499954,0.916959612399311,0.920489998510991,0.921992177825205,0.925026191569462,0.927944523661058,0.929038644477429,0.933229239879029,0.941249831833701,0.946528554293769,0.957118226304857,0.970080033064193,1,0.924874712869415,0.317073428210518
0.570794625980263,0.671763511079096,0.692973317321247,0.718927226075814,0.726334662461458,0.734807279797813,0.745772156071697,0.750838437101906,0.762390649684634,0.771181133189736,0.780199107591385,0.792045510010361,0.79884840047864,0.80381018657447,0.808867769089048,0.812648161227872,0.812723838430885,0.813226240116887,0.818319103841518,0.823394284265858,0.824332982650806,0.827710209838853,0.831211388598585,0.830996844356631,0.834398058482567,0.843765080247617,0.848597810076726,0.861348366604085,0.87511253603007,0.924874712869415,1,0.39289712476747
0.115517828554671,0.147411453970216,0.148339797893342,0.160184549526943,0.165427568370888,0.180616186381364,0.189564786121223,0.190010218472466,0.199490617584993,0.203009374151036,0.208574080787568,0.214353362044017,0.222842620033724,0.227469603306216,0.230274164194051,0.234913917381165,0.237584787784885,0.23389785834901,0.239825542214846,0.240246134802411,0.235648909843327,0.245302319383489,0.243292033672751,0.240819874661403,0.240853610136917,0.245319852736047,0.250854046099418,0.259645891493864,0.266976043569878,0.317073428210518,0.39289712476747,1
