1,0.958404479671436,0.796593518024805,0.770767036053121,0.718867540649596,0.706662227782503,0.67727532777559,0.670586024601516,0.652509751275688,0.623073207151602,0.580629453732727,0.550425338548387,0.520336610779268,0.49432665387576,0.465560641324692,0.436492983964384,0.404626260348645,0.375653398495565,0.351603415568923,0.334037487258408,0.322810055905213,0.311918222760477,0.29982113917086,0.289624978728079,0.283440192592174,0.273126836867887,0.256669137441339,0.240481096609826,0.203137247749086,0.162638797274272,0.171752650774684,0.169264970298254
0.958404479671436,1,0.935702892849868,0.909519756452147,0.852574841728888,0.83870668661891,0.804497618783382,0.797666303306819,0.777359788350458,0.74783633100403,0.702651578963115,0.669253023922288,0.635080920766842,0.607818584519442,0.577467039595428,0.545545669219216,0.508722483675762,0.474564034084546,0.44589585674893,0.425020751248861,0.411982288066454,0.399649086374534,0.387037144247191,0.376076971669283,0.368162197308671,0.354914630345816,0.338012279970706,0.320170513802919,0.273006605852298,0.220799187282648,0.226223677208981,0.219583923344616
0.796593518024805,0.935702892849868,1,0.98285331561673,0.932419949466578,0.918207934485713,0.881807279918667,0.875532483728962,0.854539015817319,0.828726933077719,0.785518339274892,0.752231792513164,0.717069623444395,0.69126745034004,0.662034308635057,0.630112696883817,0.591204145662445,0.554501828549488,0.523551599058858,0.501029512842313,0.487274383382599,0.474523401058066,0.462532530415284,0.451652229613873,0.441960219520238,0.42596386668039,0.41058392422191,0.392665160579549,0.338066743386777,0.276262881072702,0.276482704663349,0.265016625725028
0.770767036053121,0.909519756452147,0.98285331561673,1,0.983021304296212,0.969683992004321,0.933052542778586,0.9266582776767,0.904681684533984,0.881786146406053,0.840432412531671,0.808966494194416,0.775126689965501,0.749271091785068,0.718560177799833,0.686544272716876,0.647314696830318,0.610900520844438,0.58112814853184,0.559197457929124,0.545800193679122,0.533004548242542,0.520292944430822,0.508416341836037,0.495985253068673,0.476827651671601,0.462506154709458,0.444509874524232,0.386898097648538,0.320004972515474,0.319834830135186,0.305975187975285
0.718867540649596,0.852574841728888,0.932419949466578,0.983021304296212,1,0.989858315768815,0.956225502688815,0.949858073013627,0.927487138774186,0.90830941395367,0.870178693507049,0.841527215634746,0.810052369493818,0.784955581466878,0.753722456763319,0.722663846702298,0.684391216260562,0.649464010253291,0.62187728897315,0.601275941449214,0.588697763680278,0.576276930329765,0.563219680470203,0.550709918074639,0.536008432280379,0.514323258343177,0.50136682990996,0.483729978610663,0.424815312315431,0.354794956471205,0.354165160120515,0.338259620979494
0.706662227782503,0.83870668661891,0.918207934485713,0.969683992004321,0.989858315768815,1,0.988098352995056,0.981045065774308,0.957173036596548,0.938886017715846,0.901133701170486,0.872310511348039,0.840299069810202,0.814840222052165,0.782919661742831,0.751900397911448,0.713539837368737,0.678731520453701,0.651643709008297,0.631331655015504,0.619041367424981,0.606626820851876,0.59305397885595,0.580162164252003,0.565818964177731,0.543856024949039,0.529286846344556,0.510018419932837,0.448907788712605,0.375902049872037,0.374422546469369,0.357117811250577
0.67727532777559,0.804497618783382,0.881807279918667,0.933052542778586,0.956225502688815,0.988098352995056,1,0.992365454637648,0.967414279578385,0.950510201819553,0.914031525016951,0.885681970789857,0.853822019300008,0.828553707577109,0.796619224832266,0.766352388004097,0.72877442994004,0.694891376561232,0.668963652393967,0.649429657442891,0.637732345089174,0.625608691355457,0.611788146756895,0.598777645148899,0.585150623370805,0.563389498088638,0.547407391443806,0.526813187109849,0.464723131646279,0.390155369663573,0.387789642179201,0.36936581807845
0.670586024601516,0.797666303306819,0.875532483728962,0.9266582776767,0.949858073013627,0.981045065774308,0.992365454637648,1,0.991255315692363,0.976540242018226,0.939669012863078,0.912514181619545,0.882012517675607,0.858380068814717,0.827588596712414,0.797284045486887,0.758496180484719,0.723952848130891,0.697995659151668,0.678397841277637,0.666769648164157,0.654759594973591,0.641376106490277,0.628690371221094,0.615504052637225,0.593538808271924,0.577421845112665,0.556238726740561,0.494354480492385,0.418409662645031,0.415561625426333,0.395331457111032
0.652509751275688,0.777359788350458,0.854539015817319,0.904681684533984,0.927487138774186,0.957173036596548,0.967414279578385,0.991255315692363,1,0.987857141279077,0.951170568729495,0.925743693066145,0.897204679604207,0.875715993321639,0.846663687327259,0.816818901546241,0.777379335423362,0.742699215965572,0.717133076088146,0.697787141653622,0.686421333167942,0.674731035146103,0.662042293845357,0.64991806841396,0.637416252064788,0.615599071913988,0.599624249858837,0.578181761710801,0.517567117154844,0.441441763252327,0.438135723166729,0.416326004782889
0.623073207151602,0.74783633100403,0.828726933077719,0.881786146406053,0.90830941395367,0.938886017715846,0.950510201819553,0.976540242018226,0.987857141279077,1,0.987509725508593,0.971748167117864,0.948455676987586,0.929556275345805,0.900908551104607,0.873288820311521,0.835682534976494,0.805869597603768,0.787941670384013,0.773338547973574,0.764605153070273,0.754890140493447,0.743712814046141,0.732285907234047,0.717847427740918,0.693005545198655,0.676267142970132,0.653015370094494,0.589702658760328,0.507618209540374,0.514738764632935,0.493967012043992
0.580629453732727,0.702651578963115,0.785518339274892,0.840432412531671,0.870178693507049,0.901133701170486,0.914031525016951,0.939669012863078,0.951170568729495,0.987509725508593,1,0.994264139681133,0.976632339937815,0.960554250825346,0.932776000237584,0.90801995595192,0.873250088177615,0.849124822282901,0.839369674932546,0.829921676813115,0.824049039290743,0.816539610353101,0.807081818199723,0.796565499569599,0.78040309558015,0.753037196135753,0.735894370263606,0.711373175814832,0.646633852768088,0.560413771707071,0.578072166226781,0.559044767960759
0.550425338548387,0.669253023922288,0.752231792513164,0.808966494194416,0.841527215634746,0.872310511348039,0.885681970789857,0.912514181619545,0.925743693066145,0.971748167117864,0.994264139681133,1,0.993754487109642,0.982129830111658,0.955089564939249,0.930870422789353,0.896035995674819,0.874325892892182,0.869040589160491,0.862572582218485,0.858689542467195,0.852699315156936,0.844341035969606,0.834482973253419,0.817742626524,0.789239487398474,0.772618170685485,0.747876659080155,0.685313246042435,0.598827490292586,0.619454272995619,0.599417250790976
0.520336610779268,0.635080920766842,0.717069623444395,0.775126689965501,0.810052369493818,0.840299069810202,0.853822019300008,0.882012517675607,0.897204679604207,0.948455676987586,0.976632339937815,0.993754487109642,1,0.993173710604677,0.967013130701128,0.942895734363625,0.907515312931586,0.88745622978138,0.885569473023039,0.881464525888245,0.879304963300824,0.874647902862969,0.867252938850038,0.858038343183734,0.841159860369709,0.812129082593912,0.796372132270193,0.771872152469481,0.712797581747255,0.627694392884297,0.649087145706337,0.627520273038968
0.49432665387576,0.607818584519442,0.69126745034004,0.749271091785068,0.784955581466878,0.814840222052165,0.828553707577109,0.858380068814717,0.875715993321639,0.929556275345805,0.960554250825346,0.982129830111658,0.993173710604677,1,0.98968321971672,0.971784713644939,0.935854800454062,0.914748245215403,0.911647858599011,0.906705143414785,0.904160657025479,0.899646772216641,0.893911970213065,0.886012497729289,0.870264969860058,0.841636916930929,0.828481623903106,0.805352501926603,0.74697436057666,0.660520143686255,0.676827438034221,0.651167590940836
0.465560641324692,0.577467039595428,0.662034308635057,0.718560177799833,0.753722456763319,0.782919661742831,0.796619224832266,0.827588596712414,0.846663687327259,0.900908551104607,0.932776000237584,0.955089564939249,0.967013130701128,0.98968321971672,1,0.990505989456208,0.954609326048207,0.931735880439021,0.925648422091311,0.918677560103592,0.914935931047129,0.910113639352639,0.906241167723166,0.899916621441539,0.885946530519986,0.858490419504867,0.848587081056535,0.827498900606257,0.769418803252883,0.681868088080686,0.690919633913058,0.660894118878254
0.436492983964384,0.545545669219216,0.630112696883817,0.686544272716876,0.722663846702298,0.751900397911448,0.766352388004097,0.797284045486887,0.816818901546241,0.873288820311521,0.90801995595192,0.930870422789353,0.942895734363625,0.971784713644939,0.990505989456208,1,0.985356810643838,0.969989729823848,0.96147846428102,0.952009081704041,0.94525810879354,0.937749798877543,0.931204076429909,0.922669451480517,0.907099830534661,0.878120156164101,0.879877024638151,0.866773805960015,0.806357944700586,0.714359927286984,0.711726435363317,0.675008846956349
0.404626260348645,0.508722483675762,0.591204145662445,0.647314696830318,0.684391216260562,0.713539837368737,0.72877442994004,0.758496180484719,0.777379335423362,0.835682534976494,0.873250088177615,0.896035995674819,0.907515312931586,0.935854800454062,0.954609326048207,0.985356810643838,1,0.996114052455463,0.986049847517462,0.974425165143693,0.964325032159141,0.953443538672255,0.942354783392147,0.930099974316994,0.911658717489859,0.880472713717127,0.896381702888993,0.893320928032464,0.8306107829609,0.734737969631193,0.720092569722035,0.677226114143874
0.375653398495565,0.474564034084546,0.554501828549488,0.610900520844438,0.649464010253291,0.678731520453701,0.694891376561232,0.723952848130891,0.742699215965572,0.805869597603768,0.849124822282901,0.874325892892182,0.88745622978138,0.914748245215403,0.931735880439021,0.969989729823848,0.996114052455463,1,0.995003936940413,0.986188599243525,0.97670780808718,0.965996561006555,0.954091485309558,0.940947005365904,0.920466843114885,0.887542750404554,0.907688371876526,0.907529879396055,0.84328370287328,0.745269408412073,0.733372679390803,0.691246313740972
0.351603415568923,0.44589585674893,0.523551599058858,0.58112814853184,0.62187728897315,0.651643709008297,0.668963652393967,0.697995659151668,0.717133076088146,0.787941670384013,0.839369674932546,0.869040589160491,0.885569473023039,0.911647858599011,0.925648422091311,0.96147846428102,0.986049847517462,0.995003936940413,1,0.997642794516268,0.991672176007765,0.983693411747708,0.973657509479849,0.961630303389094,0.939566085311992,0.904992362802068,0.922149764582631,0.919577440450856,0.853859972701732,0.754234014651752,0.756019936395585,0.719452920536808
0.334037487258408,0.425020751248861,0.501029512842313,0.559197457929124,0.601275941449214,0.631331655015504,0.649429657442891,0.678397841277637,0.697787141653622,0.773338547973574,0.829921676813115,0.862572582218485,0.881464525888245,0.906705143414785,0.918677560103592,0.952009081704041,0.974425165143693,0.986188599243525,0.997642794516268,1,0.997656026213745,0.992492880632226,0.984303222571961,0.973532390197475,0.950929253687583,0.915682950910114,0.929951488662907,0.925146596491344,0.859249157484139,0.759339490685891,0.769517287351856,0.736324780930143
0.322810055905213,0.411982288066454,0.487274383382599,0.545800193679122,0.588697763680278,0.619041367424981,0.637732345089174,0.666769648164157,0.686421333167942,0.764605153070273,0.824049039290743,0.858689542467195,0.879304963300824,0.904160657025479,0.914935931047129,0.94525810879354,0.964325032159141,0.97670780808718,0.991672176007765,0.997656026213745,1,0.998444349156826,0.992485600123408,0.983402375239247,0.961352064739793,0.926316025437774,0.937187432786129,0.929788862198968,0.864928996087249,0.765746696470689,0.779531152831125,0.747462753685923
0.311918222760477,0.399649086374534,0.474523401058066,0.533004548242542,0.576276930329765,0.606626820851876,0.625608691355457,0.654759594973591,0.674731035146103,0.754890140493447,0.816539610353101,0.852699315156936,0.874647902862969,0.899646772216641,0.910113639352639,0.937749798877543,0.953443538672255,0.965996561006555,0.983693411747708,0.992492880632226,0.998444349156826,1,0.997031920291826,0.990268997031344,0.969306774622285,0.934954828260233,0.942540290052113,0.932659841202437,0.869585546816992,0.77179326671658,0.787413615608586,0.755663446887901
0.29982113917086,0.387037144247191,0.462532530415284,0.520292944430822,0.563219680470203,0.59305397885595,0.611788146756895,0.641376106490277,0.662042293845357,0.743712814046141,0.807081818199723,0.844341035969606,0.867252938850038,0.893911970213065,0.906241167723166,0.931204076429909,0.942354783392147,0.954091485309558,0.973657509479849,0.984303222571961,0.992485600123408,0.997031920291826,1,0.997924276884125,0.97965080634162,0.947207266595063,0.95065779749312,0.937631645089773,0.878475028915529,0.783646054824453,0.79742767619948,0.763909872881035
0.289624978728079,0.376076971669283,0.451652229613873,0.508416341836037,0.550709918074639,0.580162164252003,0.598777645148899,0.628690371221094,0.64991806841396,0.732285907234047,0.796565499569599,0.834482973253419,0.858038343183734,0.886012497729289,0.899916621441539,0.922669451480517,0.930099974316994,0.940947005365904,0.961630303389094,0.973532390197475,0.983402375239247,0.990268997031344,0.997924276884125,1,0.987157570099312,0.958865818538002,0.958331602695431,0.942276434872541,0.88677622207311,0.794719062679867,0.805463269339954,0.769718285830398
0.283440192592174,0.368162197308671,0.441960219520238,0.495985253068673,0.536008432280379,0.565818964177731,0.585150623370805,0.615504052637225,0.637416252064788,0.717847427740918,0.78040309558015,0.817742626524,0.841159860369709,0.870264969860058,0.885946530519986,0.907099830534661,0.911658717489859,0.920466843114885,0.939566085311992,0.950929253687583,0.961352064739793,0.969306774622285,0.97965080634162,0.987157570099312,1,0.991897153203716,0.984182970413857,0.962473371714168,0.91213518841036,0.823355247521373,0.821610571762084,0.77841034252363
0.273126836867887,0.354914630345816,0.42596386668039,0.476827651671601,0.514323258343177,0.543856024949039,0.563389498088638,0.593538808271924,0.615599071913988,0.693005545198655,0.753037196135753,0.789239487398474,0.812129082593912,0.841636916930929,0.858490419504867,0.878120156164101,0.880472713717127,0.887542750404554,0.904992362802068,0.915682950910114,0.926316025437774,0.934954828260233,0.947207266595063,0.958865818538002,0.991897153203716,1,0.987005564645776,0.961402255397786,0.916162125140345,0.831628445983322,0.819888019365475,0.771472080538339
0.256669137441339,0.338012279970706,0.41058392422191,0.462506154709458,0.50136682990996,0.529286846344556,0.547407391443806,0.577421845112665,0.599624249858837,0.676267142970132,0.735894370263606,0.772618170685485,0.796372132270193,0.828481623903106,0.848587081056535,0.879877024638151,0.896381702888993,0.907688371876526,0.922149764582631,0.929951488662907,0.937187432786129,0.942540290052113,0.95065779749312,0.958331602695431,0.984182970413857,0.987005564645776,1,0.993121618841527,0.952599962153952,0.868714721813909,0.852388868947597,0.799672764736601
0.240481096609826,0.320170513802919,0.392665160579549,0.444509874524232,0.483729978610663,0.510018419932837,0.526813187109849,0.556238726740561,0.578181761710801,0.653015370094494,0.711373175814832,0.747876659080155,0.771872152469481,0.805352501926603,0.827498900606257,0.866773805960015,0.893320928032464,0.907529879396055,0.919577440450856,0.925146596491344,0.929788862198968,0.932659841202437,0.937631645089773,0.942276434872541,0.962473371714168,0.961402255397786,0.993121618841527,1,0.963578970199493,0.881537505417331,0.862137262850722,0.807149503856795
0.203137247749086,0.273006605852298,0.338066743386777,0.386898097648538,0.424815312315431,0.448907788712605,0.464723131646279,0.494354480492385,0.517567117154844,0.589702658760328,0.646633852768088,0.685313246042435,0.712797581747255,0.74697436057666,0.769418803252883,0.806357944700586,0.8306107829609,0.84328370287328,0.853859972701732,0.859249157484139,0.864928996087249,0.869585546816992,0.878475028915529,0.88677622207311,0.91213518841036,0.916162125140345,0.952599962153952,0.963578970199493,1,0.975667711311791,0.921071414461787,0.840205668936081
0.162638797274272,0.220799187282648,0.276262881072702,0.320004972515474,0.354794956471205,0.375902049872037,0.390155369663573,0.418409662645031,0.441441763252327,0.507618209540374,0.560413771707071,0.598827490292586,0.627694392884297,0.660520143686255,0.681868088080686,0.714359927286984,0.734737969631193,0.745269408412073,0.754234014651752,0.759339490685891,0.765746696470689,0.77179326671658,0.783646054824453,0.794719062679867,0.823355247521373,0.831628445983322,0.868714721813909,0.881537505417331,0.975667711311791,1,0.919575765758638,0.821901495814398
0.171752650774684,0.226223677208981,0.276482704663349,0.319834830135186,0.354165160120515,0.374422546469369,0.387789642179201,0.415561625426333,0.438135723166729,0.514738764632935,0.578072166226781,0.619454272995619,0.649087145706337,0.676827438034221,0.690919633913058,0.711726435363317,0.720092569722035,0.733372679390803,0.756019936395585,0.769517287351856,0.779531152831125,0.787413615608586,0.79742767619948,0.805463269339954,0.821610571762084,0.819888019365475,0.852388868947597,0.862137262850722,0.921071414461787,0.919575765758638,1,0.979508323015851
0.169264970298254,0.219583923344616,0.265016625725028,0.305975187975285,0.338259620979494,0.357117811250577,0.36936581807845,0.395331457111032,0.416326004782889,0.493967012043992,0.559044767960759,0.599417250790976,0.627520273038968,0.651167590940836,0.660894118878254,0.675008846956349,0.677226114143874,0.691246313740972,0.719452920536808,0.736324780930143,0.747462753685923,0.755663446887901,0.763909872881035,0.769718285830398,0.77841034252363,0.771472080538339,0.799672764736601,0.807149503856795,0.840205668936081,0.821901495814398,0.979508323015851,1
