1,0.846682513548386,0.806740143086659,0.784694665187029,0.762433272175794,0.754154693103665,0.745306654716765,0.737058071902313,0.73246771517387,0.72289133579581,0.71647753503338,0.710036936510583,0.699709685960308,0.698859152850162,0.693051642932821,0.68011045438322,0.671706061213726,0.665376770222955,0.661002328442561,0.651940941940497,0.642363431797588,0.63432867098004,0.620747570370956,0.610564481132269,0.600822400102539,0.590917728162283,0.571927952626772,0.542415581442013,0.508346157139716,0.423814573594879,0.26139108849685,0.0450503351575391
0.846682513548386,1,0.968751780554686,0.950796360007577,0.938135837995492,0.927277436460727,0.918685880814391,0.911027074913094,0.904048755336951,0.894654620641094,0.88847073262428,0.881582697866535,0.873975135065975,0.872173482374773,0.865158740201821,0.854048634990591,0.845034270989867,0.838322722104671,0.831924941699722,0.823274769018868,0.814377919583865,0.807813990872317,0.796422010151759,0.785841816477788,0.776257368760097,0.76461460034562,0.746004228689509,0.715803114888027,0.672553782884166,0.560071030951658,0.360116238946498,0.107161139480809
0.806740143086659,0.968751780554686,1,0.984288425102401,0.972493994992495,0.961666067839126,0.952245272418376,0.944038303482753,0.935520746369633,0.928469530234531,0.921918968712184,0.914859745009798,0.908955250307772,0.905761218237013,0.89791679321304,0.887518911374337,0.879870191654737,0.873530692674656,0.868043644992386,0.859568959664612,0.852135922592396,0.845547432833719,0.83473618578698,0.823701663785325,0.815326924027682,0.804848003907179,0.787438103702475,0.755982665668229,0.713320920070606,0.589441334730688,0.378313418413214,0.136290436337322
0.784694665187029,0.950796360007577,0.984288425102401,1,0.989390605997826,0.979487077509903,0.969456024017234,0.961027624996876,0.952253506291431,0.946464159413351,0.939769640650168,0.933271309887016,0.927834041366281,0.924011358718328,0.915840442133347,0.905803530690086,0.898638994769255,0.892007946233477,0.887079107263037,0.879517699066053,0.872477347427646,0.865791737993468,0.856290729373662,0.846080057307418,0.839189540905109,0.829128268573847,0.811722852625006,0.782235576347952,0.740461962373467,0.615710551391326,0.400590210048239,0.144080600030736
0.762433272175794,0.938135837995492,0.972493994992495,0.989390605997826,1,0.991979487313784,0.983226403146086,0.975720010086823,0.96702380333769,0.961400288844068,0.954244772712766,0.948056236822433,0.942776451676409,0.938355367754218,0.931195637221718,0.922781839123261,0.916561194429703,0.910718379856726,0.906653215629757,0.899507996107326,0.893306519274856,0.886699267791909,0.877394372964209,0.867742827733894,0.861163209989158,0.851599757235034,0.833659502666395,0.802611894029626,0.761141039825431,0.631548865128774,0.415638857273045,0.166902603258453
0.754154693103665,0.927277436460727,0.961666067839126,0.979487077509903,0.991979487313784,1,0.99371926328886,0.987003509716395,0.979057952938792,0.97349098545064,0.967658102021526,0.961531996475948,0.955864247582147,0.951597563789314,0.944920031861129,0.936950322406388,0.930981120649119,0.924576106299291,0.920632905889674,0.914145715848279,0.908176886799247,0.901883241956174,0.892710939282859,0.883587052067875,0.876232473372819,0.865804667065963,0.847324132643514,0.817052808638818,0.775569281380011,0.646944578957601,0.432054036756241,0.173464917763219
0.745306654716765,0.918685880814391,0.952245272418376,0.969456024017234,0.983226403146086,0.99371926328886,1,0.994839104928022,0.987860411853411,0.982343357858267,0.977667946998698,0.972042425740424,0.966817069630643,0.9623213348529,0.955647587851448,0.948027151945179,0.942549446916992,0.936102231476949,0.932255354529178,0.926332187670754,0.920626522659634,0.914948037541938,0.906119736764676,0.897090325195609,0.890747356796692,0.880342133465393,0.86301062696078,0.833867240542457,0.791855413452876,0.663609213198436,0.445839264647602,0.186893295716813
0.737058071902313,0.911027074913094,0.944038303482753,0.961027624996876,0.975720010086823,0.987003509716395,0.994839104928022,1,0.995167280218828,0.990134521103592,0.985327544010734,0.979763841484236,0.97472503939971,0.970003152683778,0.963733554328208,0.95710955814934,0.951989285674125,0.946106571394432,0.942439639818527,0.936969380858754,0.931239593304211,0.925976516426786,0.917895037030621,0.908489798343766,0.902726257915205,0.89242230749485,0.874951280530255,0.845934114969154,0.804887555312068,0.675493368261181,0.457030117728428,0.195828991426995
0.73246771517387,0.904048755336951,0.935520746369633,0.952253506291431,0.96702380333769,0.979057952938792,0.987860411853411,0.995167280218828,1,0.996135988998327,0.991574879500236,0.98682216903033,0.982582652677351,0.978662957929677,0.97341668245926,0.967427479420878,0.96257393769197,0.956758643433865,0.953213252442239,0.947903122303227,0.942368751852761,0.937733742021941,0.929808515799424,0.921412504419398,0.915755122809035,0.906168666378771,0.889301035898948,0.860545005679823,0.822523791949572,0.690831162861392,0.472875183026757,0.213387673938469
0.72289133579581,0.894654620641094,0.928469530234531,0.946464159413351,0.961400288844068,0.97349098545064,0.982343357858267,0.990134521103592,0.996135988998327,1,0.996393495976647,0.992177035563605,0.98813656265592,0.984172616233831,0.979129723781748,0.973690265228825,0.969276147969328,0.963645595230888,0.960325325186925,0.955072982891095,0.949688877090907,0.944807680397811,0.937560803792086,0.929571469508972,0.924428863305444,0.915307735130153,0.899502077297076,0.871242705874949,0.835298199948832,0.704821316142438,0.488387987711415,0.225030789215719
0.71647753503338,0.88847073262428,0.921918968712184,0.939769640650168,0.954244772712766,0.967658102021526,0.977667946998698,0.985327544010734,0.991574879500236,0.996393495976647,1,0.996991814537726,0.993121212834509,0.989152542206897,0.983943409109319,0.978585163118324,0.973988908436614,0.968604507748948,0.965450115200343,0.960077861820442,0.954977462584628,0.950745765021422,0.943864249920124,0.936247949128034,0.930892159885592,0.921357307393775,0.905543954203473,0.87914744193499,0.844217451793105,0.716486591075147,0.498273078788437,0.2269519258097
0.710036936510583,0.881582697866535,0.914859745009798,0.933271309887016,0.948056236822433,0.961531996475948,0.972042425740424,0.979763841484236,0.98682216903033,0.992177035563605,0.996991814537726,1,0.997393317296933,0.993783968003377,0.989374141723822,0.984433225904922,0.979895327224436,0.974751091340245,0.971794003838048,0.96662891873435,0.962327413857052,0.958425160199362,0.952095366627125,0.944689953215059,0.939480655391571,0.930079686300212,0.914723263873611,0.889668581931069,0.854159178892959,0.728580691290859,0.510047251406934,0.236231574568839
0.699709685960308,0.873975135065975,0.908955250307772,0.927834041366281,0.942776451676409,0.955864247582147,0.966817069630643,0.97472503939971,0.982582652677351,0.98813656265592,0.993121212834509,0.997393317296933,1,0.997085984241811,0.993262191615343,0.989073706146767,0.98483160831275,0.979792800902121,0.977166740511349,0.971985314571953,0.967801195751261,0.96406438223627,0.958115833010631,0.951243162970563,0.945994334372929,0.936828063696525,0.922532127086162,0.897989240135256,0.863561886589927,0.735547286649417,0.517893997025706,0.244331778443001
0.698859152850162,0.872173482374773,0.905761218237013,0.924011358718328,0.938355367754218,0.951597563789314,0.9623213348529,0.970003152683778,0.978662957929677,0.984172616233831,0.989152542206897,0.993783968003377,0.997085984241811,1,0.996755866464954,0.992970154771661,0.989018673165756,0.984301400082805,0.981325549283119,0.976471206149228,0.972563385435059,0.96854738757778,0.962326002261139,0.955710755278489,0.950385385985472,0.94123577776112,0.927102026102881,0.902215157886639,0.868118806549843,0.738556778147381,0.523210079517116,0.250514633459945
0.693051642932821,0.865158740201821,0.89791679321304,0.915840442133347,0.931195637221718,0.944920031861129,0.955647587851448,0.963733554328208,0.97341668245926,0.979129723781748,0.983943409109319,0.989374141723822,0.993262191615343,0.996755866464954,1,0.997230255384155,0.993828112581494,0.989354363561186,0.98633032948089,0.98185182862803,0.97780728385928,0.973784956741241,0.967529867519393,0.961215426653533,0.955744907843505,0.946876049583144,0.933367581967759,0.909235210457922,0.875931336921051,0.746656356036045,0.536709028507078,0.258101248752308
0.68011045438322,0.854048634990591,0.887518911374337,0.905803530690086,0.922781839123261,0.936950322406388,0.948027151945179,0.95710955814934,0.967427479420878,0.973690265228825,0.978585163118324,0.984433225904922,0.989073706146767,0.992970154771661,0.997230255384155,1,0.997561097346103,0.993556000484239,0.990242745315304,0.986239755139324,0.982348294118853,0.978423494931651,0.972770226572291,0.966802143848238,0.961620931903499,0.952737626944293,0.939386842835076,0.916451694321478,0.883255902253239,0.755132937588858,0.544128994711604,0.261562730200886
0.671706061213726,0.845034270989867,0.879870191654737,0.898638994769255,0.916561194429703,0.930981120649119,0.942549446916992,0.951989285674125,0.96257393769197,0.969276147969328,0.973988908436614,0.979895327224436,0.98483160831275,0.989018673165756,0.993828112581494,0.997561097346103,1,0.996866660306241,0.993803513781986,0.990314216634407,0.987058224209018,0.983256047942554,0.977649404015121,0.971639135169353,0.966219809814636,0.957460095615745,0.944479014806886,0.922279660396862,0.889871545763224,0.761769159265295,0.550044771532345,0.269923369689422
0.665376770222955,0.838322722104671,0.873530692674656,0.892007946233477,0.910718379856726,0.924576106299291,0.936102231476949,0.946106571394432,0.956758643433865,0.963645595230888,0.968604507748948,0.974751091340245,0.979792800902121,0.984301400082805,0.989354363561186,0.993556000484239,0.996866660306241,1,0.997204344668686,0.993695561210218,0.990867257192822,0.987417653738002,0.981999776499554,0.976053195405291,0.970748831697469,0.96208518219657,0.949246344651311,0.92831602709553,0.895572093551928,0.767861666928995,0.554073885073577,0.277794943183782
0.661002328442561,0.831924941699722,0.868043644992386,0.887079107263037,0.906653215629757,0.920632905889674,0.932255354529178,0.942439639818527,0.953213252442239,0.960325325186925,0.965450115200343,0.971794003838048,0.977166740511349,0.981325549283119,0.98633032948089,0.990242745315304,0.993803513781986,0.997204344668686,1,0.996778946909003,0.993995074673181,0.990717106489342,0.985435386654247,0.979556496105351,0.974427380261211,0.966053259384292,0.95323506082278,0.931672591730818,0.899939691650397,0.772969312084467,0.563326075134859,0.286808252173846
0.651940941940497,0.823274769018868,0.859568959664612,0.879517699066053,0.899507996107326,0.914145715848279,0.926332187670754,0.936969380858754,0.947903122303227,0.955072982891095,0.960077861820442,0.96662891873435,0.971985314571953,0.976471206149228,0.98185182862803,0.986239755139324,0.990314216634407,0.993695561210218,0.996778946909003,1,0.997494016996395,0.993981888767156,0.988558350719665,0.982939558077126,0.978397432797853,0.970557696763213,0.958992815802367,0.939098480845247,0.906469126483491,0.782557695392157,0.576148295573406,0.295187770786909
0.642363431797588,0.814377919583865,0.852135922592396,0.872477347427646,0.893306519274856,0.908176886799247,0.920626522659634,0.931239593304211,0.942368751852761,0.949688877090907,0.954977462584628,0.962327413857052,0.967801195751261,0.972563385435059,0.97780728385928,0.982348294118853,0.987058224209018,0.990867257192822,0.993995074673181,0.997494016996395,1,0.997081658769931,0.992073931269857,0.986675756488648,0.981759363222715,0.974508066612702,0.963515100803935,0.943766367945733,0.91316597749969,0.789930881859224,0.583271997017074,0.303044945870129
0.63432867098004,0.807813990872317,0.845547432833719,0.865791737993468,0.886699267791909,0.901883241956174,0.914948037541938,0.925976516426786,0.937733742021941,0.944807680397811,0.950745765021422,0.958425160199362,0.96406438223627,0.96854738757778,0.973784956741241,0.978423494931651,0.983256047942554,0.987417653738002,0.990717106489342,0.993981888767156,0.997081658769931,1,0.995705433565276,0.990910495110826,0.985959724430404,0.978856401748294,0.96792985572392,0.949319468664438,0.919715516682331,0.799926442506094,0.592758728507662,0.309809254951406
0.620747570370956,0.796422010151759,0.83473618578698,0.856290729373662,0.877394372964209,0.892710939282859,0.906119736764676,0.917895037030621,0.929808515799424,0.937560803792086,0.943864249920124,0.952095366627125,0.958115833010631,0.962326002261139,0.967529867519393,0.972770226572291,0.977649404015121,0.981999776499554,0.985435386654247,0.988558350719665,0.992073931269857,0.995705433565276,1,0.995750941240924,0.990654257035512,0.983785178632985,0.973670150183113,0.956663144874841,0.928784086436589,0.809266412250103,0.601332216581628,0.315308922097753
0.610564481132269,0.785841816477788,0.823701663785325,0.846080057307418,0.867742827733894,0.883587052067875,0.897090325195609,0.908489798343766,0.921412504419398,0.929571469508972,0.936247949128034,0.944689953215059,0.951243162970563,0.955710755278489,0.961215426653533,0.966802143848238,0.971639135169353,0.976053195405291,0.979556496105351,0.982939558077126,0.986675756488648,0.990910495110826,0.995750941240924,1,0.995039993235481,0.988422425095259,0.979913301371108,0.963743287323412,0.935654036721961,0.816271269000854,0.611152353155343,0.321450143111596
0.600822400102539,0.776257368760097,0.815326924027682,0.839189540905109,0.861163209989158,0.876232473372819,0.890747356796692,0.902726257915205,0.915755122809035,0.924428863305444,0.930892159885592,0.939480655391571,0.945994334372929,0.950385385985472,0.955744907843505,0.961620931903499,0.966219809814636,0.970748831697469,0.974427380261211,0.978397432797853,0.981759363222715,0.985959724430404,0.990654257035512,0.995039993235481,1,0.994984755735908,0.986499951197527,0.97065555405231,0.942161516383233,0.825397883837142,0.617453174988963,0.326599785873628
0.590917728162283,0.76461460034562,0.804848003907179,0.829128268573847,0.851599757235034,0.865804667065963,0.880342133465393,0.89242230749485,0.906168666378771,0.915307735130153,0.921357307393775,0.930079686300212,0.936828063696525,0.94123577776112,0.946876049583144,0.952737626944293,0.957460095615745,0.96208518219657,0.966053259384292,0.970557696763213,0.974508066612702,0.978856401748294,0.983785178632985,0.988422425095259,0.994984755735908,1,0.992810114230045,0.976950070401154,0.951630791088577,0.835392798135288,0.629610237080202,0.342792390540213
0.571927952626772,0.746004228689509,0.787438103702475,0.811722852625006,0.833659502666395,0.847324132643514,0.86301062696078,0.874951280530255,0.889301035898948,0.899502077297076,0.905543954203473,0.914723263873611,0.922532127086162,0.927102026102881,0.933367581967759,0.939386842835076,0.944479014806886,0.949246344651311,0.95323506082278,0.958992815802367,0.963515100803935,0.96792985572392,0.973670150183113,0.979913301371108,0.986499951197527,0.992810114230045,1,0.986351749587961,0.958604955126461,0.840891123822405,0.633656043682852,0.352606333459803
0.542415581442013,0.715803114888027,0.755982665668229,0.782235576347952,0.802611894029626,0.817052808638818,0.833867240542457,0.845934114969154,0.860545005679823,0.871242705874949,0.87914744193499,0.889668581931069,0.897989240135256,0.902215157886639,0.909235210457922,0.916451694321478,0.922279660396862,0.92831602709553,0.931672591730818,0.939098480845247,0.943766367945733,0.949319468664438,0.956663144874841,0.963743287323412,0.97065555405231,0.976950070401154,0.986351749587961,1,0.973796395328082,0.869563151025455,0.656655926638886,0.365594119120565
0.508346157139716,0.672553782884166,0.713320920070606,0.740461962373467,0.761141039825431,0.775569281380011,0.791855413452876,0.804887555312068,0.822523791949572,0.835298199948832,0.844217451793105,0.854159178892959,0.863561886589927,0.868118806549843,0.875931336921051,0.883255902253239,0.889871545763224,0.895572093551928,0.899939691650397,0.906469126483491,0.91316597749969,0.919715516682331,0.928784086436589,0.935654036721961,0.942161516383233,0.951630791088577,0.958604955126461,0.973796395328082,1,0.919762766815359,0.724226764725302,0.409153029452465
0.423814573594879,0.560071030951658,0.589441334730688,0.615710551391326,0.631548865128774,0.646944578957601,0.663609213198436,0.675493368261181,0.690831162861392,0.704821316142438,0.716486591075147,0.728580691290859,0.735547286649417,0.738556778147381,0.746656356036045,0.755132937588858,0.761769159265295,0.767861666928995,0.772969312084467,0.782557695392157,0.789930881859224,0.799926442506094,0.809266412250103,0.816271269000854,0.825397883837142,0.835392798135288,0.840891123822405,0.869563151025455,0.919762766815359,1,0.849658609666537,0.448010116544458
0.26139108849685,0.360116238946498,0.378313418413214,0.400590210048239,0.415638857273045,0.432054036756241,0.445839264647602,0.457030117728428,0.472875183026757,0.488387987711415,0.498273078788437,0.510047251406934,0.517893997025706,0.523210079517116,0.536709028507078,0.544128994711604,0.550044771532345,0.554073885073577,0.563326075134859,0.576148295573406,0.583271997017074,0.592758728507662,0.601332216581628,0.611152353155343,0.617453174988963,0.629610237080202,0.633656043682852,0.656655926638886,0.724226764725302,0.849658609666537,1,0.575308341376281
0.0450503351575391,0.107161139480809,0.136290436337322,0.144080600030736,0.166902603258453,0.173464917763219,0.186893295716813,0.195828991426995,0.213387673938469,0.225030789215719,0.2269519258097,0.236231574568839,0.244331778443001,0.250514633459945,0.258101248752308,0.261562730200886,0.269923369689422,0.277794943183782,0.286808252173846,0.295187770786909,0.303044945870129,0.309809254951406,0.315308922097753,0.321450143111596,0.326599785873628,0.342792390540213,0.352606333459803,0.365594119120565,0.409153029452465,0.448010116544458,0.575308341376281,1
