1,0.801995557767373,0.746890391123053,0.717100574106986,0.693095888506101,0.679867906789541,0.664792669677951,0.658075015589046,0.654042197069654,0.647370199154805,0.642613710168979,0.63590746807803,0.626889189446826,0.619500091406353,0.613424879986194,0.60914132142334,0.602798881950237,0.597534798832839,0.587781793627755,0.581902939664137,0.57476216473395,0.563592496403185,0.559440763939456,0.554245451740293,0.542675593634464,0.531464705029081,0.519594675165505,0.504287023683418,0.482558386994592,0.416741095903019,0.28922642978282,0.144143626980056
0.801995557767373,1,0.958983251570166,0.938093854979914,0.921487698348774,0.912143391928752,0.899385522471676,0.892157122675326,0.884575665379655,0.879825533827242,0.871848269973652,0.865279367942965,0.85774159477286,0.851120082683157,0.846369866023452,0.840805684854092,0.833877119082041,0.82893347475929,0.821431257603192,0.816032091325941,0.810621643253293,0.800969806160913,0.797814574312222,0.793665579593155,0.783803217518942,0.772669220675378,0.759704821510024,0.742622679474368,0.712860814680846,0.633743330184875,0.465648020672069,0.247902536912263
0.746890391123053,0.958983251570166,1,0.982498964078471,0.970739396050071,0.961298175504951,0.951380379087379,0.944162715166532,0.938472163614649,0.934583755192086,0.928634863711303,0.92268855941252,0.916512803426457,0.911014650647057,0.906478785612787,0.901480180976575,0.895250449711977,0.890572474239899,0.884884700057463,0.880358280153808,0.875601674178887,0.867970529522296,0.86441885226262,0.859655720285636,0.851123071336382,0.842817646405543,0.830418585847777,0.814341776220621,0.782694152988694,0.702468705810813,0.520748152961743,0.304470457483415
0.717100574106986,0.938093854979914,0.982498964078471,1,0.990918910754875,0.982843549111751,0.974172660585198,0.967103431596749,0.961089152714938,0.956366076724153,0.95088779014761,0.946454142869985,0.940887505579383,0.935428522941549,0.931090986577449,0.92746986603038,0.922248435171112,0.917683405496202,0.911883640676258,0.908080152638085,0.90344103604113,0.896324816648353,0.892809492659692,0.888555947887615,0.880237186381494,0.872732615006824,0.861830443260409,0.845791244536575,0.814125569640696,0.735931672731793,0.55347177405497,0.321669707176778
0.693095888506101,0.921487698348774,0.970739396050071,0.990918910754875,1,0.994320165714363,0.987316734215589,0.981557246025303,0.976018793200426,0.97132651357247,0.965992253944028,0.962202879435669,0.956836263049787,0.951447965891744,0.947132258495787,0.943144352330144,0.938141664382423,0.933502788035257,0.928151863963102,0.924487531998551,0.920423310242943,0.913669090326372,0.910343092538067,0.906691962996317,0.899673630412006,0.893033489012577,0.882695891804083,0.866071223277251,0.83386901359366,0.755734001217526,0.573386115156217,0.340839309101337
0.679867906789541,0.912143391928752,0.961298175504951,0.982843549111751,0.994320165714363,1,0.995062989950211,0.990333786920709,0.985410279399104,0.980701802500839,0.975664166013557,0.971930918105146,0.966557260474281,0.961463397986056,0.957461675882844,0.95340887671786,0.948389302572252,0.943576734196144,0.938367248055319,0.934513915219008,0.930513919814625,0.923639450723055,0.92019856679564,0.916746273354971,0.910248763830221,0.903936410573294,0.893889654996637,0.877388504779327,0.845945370108798,0.76974602799137,0.588985298263836,0.357743395482107
0.664792669677951,0.899385522471676,0.951380379087379,0.974172660585198,0.987316734215589,0.995062989950211,1,0.996286679692491,0.991813867032763,0.987018459048625,0.982397810713601,0.978738551340133,0.973881456717137,0.969318449396691,0.965525457190371,0.961988626181465,0.956976341151919,0.95215303151251,0.947045919592671,0.943223870946821,0.939118453803787,0.932623907164792,0.92917821973793,0.925899665411699,0.919631236808053,0.913797911676439,0.90422697874348,0.88845097560262,0.858305756853261,0.783595225740861,0.605730023719903,0.377098256289339
0.658075015589046,0.892157122675326,0.944162715166532,0.967103431596749,0.981557246025303,0.990333786920709,0.996286679692491,1,0.996742200434208,0.992361920239899,0.987951572865526,0.984472560561064,0.979771674485185,0.975190106973892,0.97188597753584,0.968416482168995,0.963628580369008,0.958981546025635,0.954122492365418,0.950458372838637,0.9466577780531,0.940539931585271,0.937402861467653,0.934541295124222,0.928461626058924,0.923266610931127,0.914107742327428,0.899107075281979,0.869673935426898,0.796941050103046,0.618137351506749,0.390123696289959
0.654042197069654,0.884575665379655,0.938472163614649,0.961089152714938,0.976018793200426,0.985410279399104,0.991813867032763,0.996742200434208,1,0.996955879275419,0.993062612021324,0.989748043831438,0.98502535826269,0.980705295010776,0.977256036432476,0.973874755303962,0.969025466306541,0.964318662586982,0.959473096400252,0.955632736685555,0.952283483712229,0.947153215279456,0.944344549490629,0.941766207705358,0.936257455775833,0.931146437376544,0.922277015110261,0.907668298863753,0.879422131768765,0.808357389657948,0.629500262390097,0.404060029366216
0.647370199154805,0.879825533827242,0.934583755192086,0.956366076724153,0.97132651357247,0.980701802500839,0.987018459048625,0.992361920239899,0.996955879275419,1,0.997118625180762,0.99419505636435,0.989962773599705,0.985738552539137,0.982689281813044,0.979482658420481,0.974853268094718,0.970727932524557,0.966384329552101,0.962447595651936,0.95923017979485,0.954071291306377,0.951327388554136,0.948711823499739,0.94333128651056,0.938497325932911,0.929698318240829,0.915879046049542,0.88884789496527,0.819332332090951,0.642469217521471,0.415404352079224
0.642613710168979,0.871848269973652,0.928634863711303,0.95088779014761,0.965992253944028,0.975664166013557,0.982397810713601,0.987951572865526,0.993062612021324,0.997118625180762,1,0.9974683652975,0.993866008337652,0.990100426528513,0.987225301469153,0.984105410889491,0.979461311751339,0.97557411747793,0.971542508978032,0.967664937067714,0.964488444356976,0.95979320011168,0.957399115907703,0.954644843445975,0.949620351256744,0.945210797374656,0.93702486438163,0.923660482644033,0.896883996720581,0.828674376121625,0.653073797846164,0.424540840241497
0.63590746807803,0.865279367942965,0.92268855941252,0.946454142869985,0.962202879435669,0.971930918105146,0.978738551340133,0.984472560561064,0.989748043831438,0.99419505636435,0.9974683652975,1,0.997541945113517,0.994493509441799,0.991693814330043,0.988734078093643,0.984590606999335,0.98074189986201,0.976825737254392,0.97308762090528,0.969837365411926,0.965278654407674,0.96295358543499,0.960367229544329,0.955356853880684,0.950770751509668,0.942668920123605,0.929525801593211,0.903255122449854,0.836655420140062,0.661789947656954,0.429462381933831
0.626889189446826,0.85774159477286,0.916512803426457,0.940887505579383,0.956836263049787,0.966557260474281,0.973881456717137,0.979771674485185,0.98502535826269,0.989962773599705,0.993866008337652,0.997541945113517,1,0.99758737048397,0.994850906112522,0.99212990579486,0.988591900088372,0.98488987609677,0.981469690794346,0.977815766890386,0.974705437084255,0.970313621773935,0.968030838845164,0.965426331144226,0.960219404024334,0.955649251108087,0.947958515574438,0.935107997742679,0.909822101855554,0.84404782454973,0.669797069401152,0.438730801368253
0.619500091406353,0.851120082683157,0.911014650647057,0.935428522941549,0.951447965891744,0.961463397986056,0.969318449396691,0.975190106973892,0.980705295010776,0.985738552539137,0.990100426528513,0.994493509441799,0.99758737048397,1,0.998009482568013,0.995696044244941,0.992586806885392,0.989216323024783,0.985930365431769,0.982637936971408,0.979601208327669,0.975688695777562,0.973331061855099,0.970915111542103,0.965744041959341,0.961349981155986,0.954255189054529,0.941611285988658,0.917135566887321,0.851997763522707,0.680028838036128,0.446541846966244
0.613424879986194,0.846369866023452,0.906478785612787,0.931090986577449,0.947132258495787,0.957461675882844,0.965525457190371,0.97188597753584,0.977256036432476,0.982689281813044,0.987225301469153,0.991693814330043,0.994850906112522,0.998009482568013,1,0.998082226072288,0.995217655815555,0.992118847336143,0.989110804279719,0.986071153571102,0.983278669514041,0.979442925500558,0.977264089479644,0.975095314997146,0.970447016291999,0.966181762832206,0.959146222188771,0.94748794943776,0.92401430358726,0.859968552560556,0.689773459990558,0.457840020244805
0.60914132142334,0.840805684854092,0.901480180976575,0.92746986603038,0.943144352330144,0.95340887671786,0.961988626181465,0.968416482168995,0.973874755303962,0.979482658420481,0.984105410889491,0.988734078093643,0.99212990579486,0.995696044244941,0.998082226072288,1,0.997955288681149,0.995200964162536,0.992311914269391,0.989556881471385,0.986575895729504,0.983032809783687,0.980798493953767,0.978757241427894,0.974149828410847,0.970237491094136,0.963239405568077,0.951477077175492,0.928203331360902,0.864774992440014,0.694125434152704,0.460806518900959
0.602798881950237,0.833877119082041,0.895250449711977,0.922248435171112,0.938141664382423,0.948389302572252,0.956976341151919,0.963628580369008,0.969025466306541,0.974853268094718,0.979461311751339,0.984590606999335,0.988591900088372,0.992586806885392,0.995217655815555,0.997955288681149,1,0.998002953074449,0.995471220688335,0.992792324438126,0.98966982043536,0.986472986879862,0.98433897798104,0.982314884234893,0.977735254641273,0.97356542768851,0.96670114634127,0.955180119263321,0.932406832867977,0.86979049936992,0.69942508193543,0.463782697958638
0.597534798832839,0.82893347475929,0.890572474239899,0.917683405496202,0.933502788035257,0.943576734196144,0.95215303151251,0.958981546025635,0.964318662586982,0.970727932524557,0.97557411747793,0.98074189986201,0.98488987609677,0.989216323024783,0.992118847336143,0.995200964162536,0.998002953074449,1,0.998109074637231,0.995536048136235,0.99262024972204,0.989628145945531,0.987547172201286,0.98534415823192,0.98070876092319,0.976605742549684,0.970323192811419,0.959687607411223,0.937705195083508,0.87685301728685,0.709506900530839,0.470691293412081
0.587781793627755,0.821431257603192,0.884884700057463,0.911883640676258,0.928151863963102,0.938367248055319,0.947045919592671,0.954122492365418,0.959473096400252,0.966384329552101,0.971542508978032,0.976825737254392,0.981469690794346,0.985930365431769,0.989110804279719,0.992311914269391,0.995471220688335,0.998109074637231,1,0.998012766598312,0.99544148505344,0.992704350613281,0.990740783297394,0.988492408368199,0.984127894975958,0.979607418633355,0.973509856381141,0.963398614980462,0.941831124051189,0.881771824010996,0.714302725496196,0.476194397253749
0.581902939664137,0.816032091325941,0.880358280153808,0.908080152638085,0.924487531998551,0.934513915219008,0.943223870946821,0.950458372838637,0.955632736685555,0.962447595651936,0.967664937067714,0.97308762090528,0.977815766890386,0.982637936971408,0.986071153571102,0.989556881471385,0.992792324438126,0.995536048136235,0.998012766598312,1,0.998150613688954,0.995666267361056,0.993367232019317,0.990837420637601,0.986717641415273,0.982399548916815,0.976196999830332,0.965979810181297,0.944898271825778,0.884914521545979,0.718505452815578,0.477683696649347
0.57476216473395,0.810621643253293,0.875601674178887,0.90344103604113,0.920423310242943,0.930513919814625,0.939118453803787,0.9466577780531,0.952283483712229,0.95923017979485,0.964488444356976,0.969837365411926,0.974705437084255,0.979601208327669,0.983278669514041,0.986575895729504,0.98966982043536,0.99262024972204,0.99544148505344,0.998150613688954,1,0.997737478987539,0.995507379493172,0.993142916494869,0.989506623168149,0.985231907271952,0.979433072120015,0.969530479548229,0.948459141160169,0.889292003224932,0.72279308530415,0.485042897927312
0.563592496403185,0.800969806160913,0.867970529522296,0.896324816648353,0.913669090326372,0.923639450723055,0.932623907164792,0.940539931585271,0.947153215279456,0.954071291306377,0.95979320011168,0.965278654407674,0.970313621773935,0.975688695777562,0.979442925500558,0.983032809783687,0.986472986879862,0.989628145945531,0.992704350613281,0.995666267361056,0.997737478987539,1,0.997987818055425,0.995316908773735,0.991697354260777,0.987911969554617,0.982490229353078,0.972445982413016,0.951592721949565,0.894015342423133,0.728585232692989,0.491468018155514
0.559440763939456,0.797814574312222,0.86441885226262,0.892809492659692,0.910343092538067,0.92019856679564,0.92917821973793,0.937402861467653,0.944344549490629,0.951327388554136,0.957399115907703,0.96295358543499,0.968030838845164,0.973331061855099,0.977264089479644,0.980798493953767,0.98433897798104,0.987547172201286,0.990740783297394,0.993367232019317,0.995507379493172,0.997987818055425,1,0.997890378726394,0.994243727891486,0.990260040807823,0.984565603973824,0.974576274386832,0.954070074611446,0.897883225639499,0.732185532444705,0.494118348318435
0.554245451740293,0.793665579593155,0.859655720285636,0.888555947887615,0.906691962996317,0.916746273354971,0.925899665411699,0.934541295124222,0.941766207705358,0.948711823499739,0.954644843445975,0.960367229544329,0.965426331144226,0.970915111542103,0.975095314997146,0.978757241427894,0.982314884234893,0.98534415823192,0.988492408368199,0.990837420637601,0.993142916494869,0.995316908773735,0.997890378726394,1,0.997055179724483,0.993028912513838,0.987605525154952,0.977978315767064,0.958280604143965,0.902499710205361,0.73838595935971,0.500570462555007
0.542675593634464,0.783803217518942,0.851123071336382,0.880237186381494,0.899673630412006,0.910248763830221,0.919631236808053,0.928461626058924,0.936257455775833,0.94333128651056,0.949620351256744,0.955356853880684,0.960219404024334,0.965744041959341,0.970447016291999,0.974149828410847,0.977735254641273,0.98070876092319,0.984127894975958,0.986717641415273,0.989506623168149,0.991697354260777,0.994243727891486,0.997055179724483,1,0.996706481882467,0.991874350321354,0.982460858964713,0.963651831072675,0.90865103738769,0.744512626821522,0.51459550842844
0.531464705029081,0.772669220675378,0.842817646405543,0.872732615006824,0.893033489012577,0.903936410573294,0.913797911676439,0.923266610931127,0.931146437376544,0.938497325932911,0.945210797374656,0.950770751509668,0.955649251108087,0.961349981155986,0.966181762832206,0.970237491094136,0.97356542768851,0.976605742549684,0.979607418633355,0.982399548916815,0.985231907271952,0.987911969554617,0.990260040807823,0.993028912513838,0.996706481882467,1,0.996216856490294,0.988067189234037,0.96987596790648,0.917750004293292,0.755887595331625,0.529569390047717
0.519594675165505,0.759704821510024,0.830418585847777,0.861830443260409,0.882695891804083,0.893889654996637,0.90422697874348,0.914107742327428,0.922277015110261,0.929698318240829,0.93702486438163,0.942668920123605,0.947958515574438,0.954255189054529,0.959146222188771,0.963239405568077,0.96670114634127,0.970323192811419,0.973509856381141,0.976196999830332,0.979433072120015,0.982490229353078,0.984565603973824,0.987605525154952,0.991874350321354,0.996216856490294,1,0.993087150785385,0.975520402041536,0.927841345346757,0.766402412427062,0.540525267507124
0.504287023683418,0.742622679474368,0.814341776220621,0.845791244536575,0.866071223277251,0.877388504779327,0.88845097560262,0.899107075281979,0.907668298863753,0.915879046049542,0.923660482644033,0.929525801593211,0.935107997742679,0.941611285988658,0.94748794943776,0.951477077175492,0.955180119263321,0.959687607411223,0.963398614980462,0.965979810181297,0.969530479548229,0.972445982413016,0.974576274386832,0.977978315767064,0.982460858964713,0.988067189234037,0.993087150785385,1,0.988366455972642,0.947465364269092,0.789889970322392,0.565412538182986
0.482558386994592,0.712860814680846,0.782694152988694,0.814125569640696,0.83386901359366,0.845945370108798,0.858305756853261,0.869673935426898,0.879422131768765,0.88884789496527,0.896883996720581,0.903255122449854,0.909822101855554,0.917135566887321,0.92401430358726,0.928203331360902,0.932406832867977,0.937705195083508,0.941831124051189,0.944898271825778,0.948459141160169,0.951592721949565,0.954070074611446,0.958280604143965,0.963651831072675,0.96987596790648,0.975520402041536,0.988366455972642,1,0.971037721294485,0.837849933309652,0.602792259570259
0.416741095903019,0.633743330184875,0.702468705810813,0.735931672731793,0.755734001217526,0.76974602799137,0.783595225740861,0.796941050103046,0.808357389657948,0.819332332090951,0.828674376121625,0.836655420140062,0.84404782454973,0.851997763522707,0.859968552560556,0.864774992440014,0.86979049936992,0.87685301728685,0.881771824010996,0.884914521545979,0.889292003224932,0.894015342423133,0.897883225639499,0.902499710205361,0.90865103738769,0.917750004293292,0.927841345346757,0.947465364269092,0.971037721294485,1,0.900079498876853,0.659999995313529
0.28922642978282,0.465648020672069,0.520748152961743,0.55347177405497,0.573386115156217,0.588985298263836,0.605730023719903,0.618137351506749,0.629500262390097,0.642469217521471,0.653073797846164,0.661789947656954,0.669797069401152,0.680028838036128,0.689773459990558,0.694125434152704,0.69942508193543,0.709506900530839,0.714302725496196,0.718505452815578,0.72279308530415,0.728585232692989,0.732185532444705,0.73838595935971,0.744512626821522,0.755887595331625,0.766402412427062,0.789889970322392,0.837849933309652,0.900079498876853,1,0.695598602299791
0.144143626980056,0.247902536912263,0.304470457483415,0.321669707176778,0.340839309101337,0.357743395482107,0.377098256289339,0.390123696289959,0.404060029366216,0.415404352079224,0.424540840241497,0.429462381933831,0.438730801368253,0.446541846966244,0.457840020244805,0.460806518900959,0.463782697958638,0.470691293412081,0.476194397253749,0.477683696649347,0.485042897927312,0.491468018155514,0.494118348318435,0.500570462555007,0.51459550842844,0.529569390047717,0.540525267507124,0.565412538182986,0.602792259570259,0.659999995313529,0.695598602299791,1
