1,0.945121047070685,0.666462523025264,0.637438949363757,0.553191278909971,0.517225131080749,0.476986113621862,0.442445246092962,0.41979311819884,0.395031076532378,0.395288506906235,0.385700293033453,0.378786054696678,0.361633338961678,0.354693940984965,0.345466793631401,0.342061865614132,0.343245930005545,0.340696477012117,0.342069824715053,0.336202601223438,0.344729791898838,0.34508679823811,0.350245459477052,0.345556386858438,0.339907375074513,0.33204002999281,0.32040412579441,0.314350610685639,0.28594636510517,0.265349820824167,0.225412353321846
0.945121047070685,1,0.873441496372014,0.841242911649593,0.737579925074189,0.694853678590068,0.645590719314916,0.602946737507957,0.57542120459151,0.543343295376401,0.540644413515026,0.524542122718321,0.515884049950624,0.49325415026313,0.484161735383839,0.471821188647037,0.466192203340472,0.465700251461263,0.46003768616706,0.459021680529881,0.448458927835372,0.455311162503121,0.451509399680166,0.452954578198601,0.441525514398139,0.428431730546222,0.412046632581196,0.39151877022419,0.378372369878827,0.339763366651061,0.307852472240269,0.256809795689856
0.666462523025264,0.873441496372014,1,0.972448187642362,0.864528882956086,0.821114773235772,0.768192630905952,0.722006854782536,0.692802494043453,0.656225111276982,0.649429355113508,0.626605214097962,0.617080333445764,0.590812615850752,0.580226647064931,0.565583010685177,0.557650676241199,0.554662327813435,0.545429833681609,0.541063567522524,0.525631930005076,0.528594263762144,0.519342618740501,0.514928594419172,0.495714139064316,0.474144974993394,0.448373394678585,0.418721105746141,0.397602280914193,0.351521878772076,0.308927984474815,0.251493751989407
0.637438949363757,0.841242911649593,0.972448187642362,1,0.95787128234136,0.925676789469487,0.864771917517449,0.812899683829305,0.781548573113103,0.74037005555358,0.728547840964813,0.698809733689059,0.688116758593813,0.658756169906624,0.644843253654275,0.625868166843701,0.61485651445907,0.60984635561475,0.598581150943882,0.594239361769822,0.577717828046597,0.581158208997387,0.571158504299451,0.566236345309531,0.544956605275777,0.521652915679992,0.494303269704372,0.46232872522471,0.438818530077913,0.387808871093678,0.336789590965125,0.271412176046866
0.553191278909971,0.737579925074189,0.864528882956086,0.95787128234136,1,0.984076937863271,0.917970664448423,0.863038857618172,0.831427936842906,0.787713448920497,0.770598082348216,0.7346043503782,0.72328574317208,0.692348320158588,0.675395057508133,0.652527187050383,0.638559557777584,0.631439703646882,0.618527208635726,0.614545863055235,0.597938425752134,0.601706034238311,0.591545432989699,0.58637170110439,0.564166365523412,0.540498534541095,0.513285286322118,0.480882138444562,0.456214292217172,0.403012297711115,0.34549425651246,0.27530439659878
0.517225131080749,0.694853678590068,0.821114773235772,0.925676789469487,0.984076937863271,1,0.972299778536388,0.935083181899494,0.902343825061786,0.855770716833201,0.835986957052076,0.795786603395619,0.7858589012901,0.754528799535896,0.737010402101821,0.712594260392094,0.696263001770086,0.685916596444345,0.669988013133227,0.665489260715415,0.647328862182264,0.649929937359415,0.637519399282454,0.630001948866053,0.604097121993892,0.57744080114615,0.547812026772382,0.512786362026044,0.486373036669303,0.429567476202961,0.368709006012798,0.294122361202669
0.476986113621862,0.645590719314916,0.768192630905952,0.864771917517449,0.917970664448423,0.972299778536388,1,0.989316199460854,0.956141713084292,0.907884857825002,0.886671331170579,0.843864575717073,0.836360626792116,0.805967392327265,0.78915681997148,0.764573541573178,0.746407981478988,0.73258899227903,0.713513869290621,0.708334798559984,0.688637658037067,0.689448326502332,0.674380698355683,0.663949127836861,0.634052280984507,0.604235972323158,0.572178225600413,0.534782657656221,0.507157364777136,0.447861532876728,0.386321345076298,0.309517741961232
0.442445246092962,0.602946737507957,0.722006854782536,0.812899683829305,0.863038857618172,0.935083181899494,0.989316199460854,1,0.983479792310819,0.947443439744193,0.926070284670566,0.882134282268299,0.874404834237884,0.842740698764655,0.826093823799118,0.801532046129907,0.782099781706638,0.765753675648099,0.744156171098717,0.737503867673974,0.715810273061541,0.71470409338321,0.697199020620631,0.685352648196171,0.653761377462858,0.622946785932425,0.590524888339613,0.552138826013725,0.522451479309176,0.460440551640787,0.395242853501334,0.315345294493023
0.41979311819884,0.57542120459151,0.692802494043453,0.781548573113103,0.831427936842906,0.902343825061786,0.956141713084292,0.983479792310819,1,0.98917247557232,0.968549858704058,0.924253927699061,0.913619563822908,0.878070271795114,0.860814104635233,0.836091285889962,0.815645137729891,0.797428826302395,0.773576934013229,0.764576708743682,0.740107652405262,0.73693461270801,0.716930061955824,0.704935073788416,0.673392707676311,0.643207312440402,0.611934826457064,0.573316345595045,0.540291013887584,0.474409603278949,0.401684517640805,0.316638479335017
0.395031076532378,0.543343295376401,0.656225111276982,0.74037005555358,0.787713448920497,0.855770716833201,0.907884857825002,0.947443439744193,0.98917247557232,1,0.987277373615666,0.950253085610487,0.937235347206861,0.898735451116265,0.880925802370684,0.856060028067898,0.834689435801269,0.814792451533654,0.78904014347197,0.777949564128152,0.751234086522859,0.746073109290689,0.72394489836861,0.712093843063479,0.681254665519738,0.652024389672144,0.621936644638411,0.583432848906947,0.54778562167446,0.479358327758022,0.401370179984754,0.313232522355489
0.395288506906235,0.540644413515026,0.649429355113508,0.728547840964813,0.770598082348216,0.835986957052076,0.886671331170579,0.926070284670566,0.968549858704058,0.987277373615666,1,0.987688160437343,0.973394619289976,0.932663970470965,0.9134105310201,0.886860030065972,0.863613803240022,0.841618869563916,0.813673121190538,0.800925258552991,0.772169799852976,0.76531920332303,0.741118402614404,0.729427387793665,0.698965256092828,0.669496948043172,0.638483287664391,0.598530380448865,0.560486996273727,0.489289230428397,0.40838707527843,0.317811540082155
0.385700293033453,0.524542122718321,0.626605214097962,0.698809733689059,0.7346043503782,0.795786603395619,0.843864575717073,0.882134282268299,0.924253927699061,0.950253085610487,0.987688160437343,1,0.985359085436569,0.94396236422364,0.923877499493206,0.896299683647505,0.871766328062991,0.848241233193926,0.818813500548722,0.804764165887181,0.774703978477822,0.766349076617731,0.740672628029537,0.729375543074766,0.699950659143783,0.670923818086395,0.63974438497395,0.599324636744444,0.559852258992493,0.487624824084261,0.405817673952754,0.314995207414787
0.378786054696678,0.515884049950624,0.617080333445764,0.688116758593813,0.72328574317208,0.7858589012901,0.836360626792116,0.874404834237884,0.913619563822908,0.937235347206861,0.973394619289976,0.985359085436569,1,0.986413258865679,0.972471321770377,0.943790298484049,0.918641730715744,0.89484599179347,0.864937709060433,0.851774858941398,0.821564754996342,0.812723387594668,0.785482170727395,0.771516602672273,0.73777333230962,0.706221255169399,0.674196273225238,0.632636762193674,0.592920765923239,0.518001869212038,0.434952671313637,0.340352330191868
0.361633338961678,0.49325415026313,0.590812615850752,0.658756169906624,0.692348320158588,0.754528799535896,0.805967392327265,0.842740698764655,0.878070271795114,0.898735451116265,0.932663970470965,0.94396236422364,0.986413258865679,1,0.992363393797193,0.963413645004823,0.938368745850984,0.914971229422429,0.885428191087331,0.873484079909942,0.843966171780845,0.834900911751977,0.806906342850137,0.790756240666318,0.75378635145031,0.720674819474196,0.688721996454136,0.647215198675328,0.608364369272814,0.532926866531332,0.450980856681317,0.355360128516983
0.354693940984965,0.484161735383839,0.580226647064931,0.644843253654275,0.675395057508133,0.737010402101821,0.78915681997148,0.826093823799118,0.860814104635233,0.880925802370684,0.9134105310201,0.923877499493206,0.972471321770377,0.992363393797193,1,0.98862349138466,0.971902459927277,0.948093995125233,0.917526621926518,0.9040748291099,0.872498303879232,0.863691664479037,0.835310251638119,0.817757532348729,0.778207759689795,0.74399093511572,0.712339951066829,0.670239000133073,0.62926983864674,0.550649261715499,0.465837069180276,0.366985146960157
0.345466793631401,0.471821188647037,0.565583010685177,0.625868166843701,0.652527187050383,0.712594260392094,0.764573541573178,0.801532046129907,0.836091285889962,0.856060028067898,0.886860030065972,0.896299683647505,0.943790298484049,0.963413645004823,0.98862349138466,1,0.994161053463788,0.970072190334301,0.938552035219269,0.923014791467293,0.889079942954064,0.880805131434664,0.852584648859067,0.83415031365305,0.792855761340638,0.75820755789378,0.7274049938546,0.68517060574066,0.641858924424008,0.560516846106852,0.473003697680134,0.371826022189521
0.342061865614132,0.466192203340472,0.557650676241199,0.61485651445907,0.638559557777584,0.696263001770086,0.746407981478988,0.782099781706638,0.815645137729891,0.834689435801269,0.863613803240022,0.871766328062991,0.918641730715744,0.938368745850984,0.971902459927277,0.994161053463788,1,0.988157093476034,0.964859128151551,0.948118681433691,0.912526494938397,0.903594822544008,0.874224017602758,0.855480514597135,0.813493593319011,0.778752421237982,0.748391408082736,0.70592704828258,0.661481337556771,0.577795884410874,0.488344547687276,0.384423896305845
0.343245930005545,0.465700251461263,0.554662327813435,0.60984635561475,0.631439703646882,0.685916596444345,0.73258899227903,0.765753675648099,0.797428826302395,0.814792451533654,0.841618869563916,0.848241233193926,0.89484599179347,0.914971229422429,0.948093995125233,0.970072190334301,0.988157093476034,1,0.99334881670826,0.97627670156416,0.939783168902187,0.929126950955884,0.897481203750143,0.879007071457585,0.837411363015631,0.802975736467407,0.772748661441934,0.73007168293248,0.685731477722819,0.600286617444217,0.509845126232167,0.403085318715477
0.340696477012117,0.46003768616706,0.545429833681609,0.598581150943882,0.618527208635726,0.669988013133227,0.713513869290621,0.744156171098717,0.773576934013229,0.78904014347197,0.813673121190538,0.818813500548722,0.864937709060433,0.885428191087331,0.917526621926518,0.938552035219269,0.964859128151551,0.99334881670826,1,0.988533389311675,0.957056816000728,0.945211096578032,0.911931636846039,0.89356898541267,0.85222212476361,0.818012112328638,0.787934719479375,0.745146339270553,0.700756227919065,0.614134340499401,0.523357391757698,0.414989624782704
0.342069824715053,0.459021680529881,0.541063567522524,0.594239361769822,0.614545863055235,0.665489260715415,0.708334798559984,0.737503867673974,0.764576708743682,0.777949564128152,0.800925258552991,0.804764165887181,0.851774858941398,0.873484079909942,0.9040748291099,0.923014791467293,0.948118681433691,0.97627670156416,0.988533389311675,1,0.989858289469545,0.977696465390599,0.942963021108927,0.923460869095871,0.880160874113941,0.844466292650098,0.813277142710864,0.768769775966072,0.721918699744737,0.631835821377398,0.538570106806307,0.427170537746077
0.336202601223438,0.448458927835372,0.525631930005076,0.577717828046597,0.597938425752134,0.647328862182264,0.688637658037067,0.715810273061541,0.740107652405262,0.751234086522859,0.772169799852976,0.774703978477822,0.821564754996342,0.843966171780845,0.872498303879232,0.889079942954064,0.912526494938397,0.939783168902187,0.957056816000728,0.989858289469545,1,0.987795331121067,0.952420965127523,0.932254970197982,0.888023759678576,0.851679599362464,0.820097305461856,0.774904271264739,0.726718549664192,0.63526503725143,0.54160994127203,0.429689645366048
0.344729791898838,0.455311162503121,0.528594263762144,0.581158208997387,0.601706034238311,0.649929937359415,0.689448326502332,0.71470409338321,0.73693461270801,0.746073109290689,0.76531920332303,0.766349076617731,0.812723387594668,0.834900911751977,0.863691664479037,0.880805131434664,0.903594822544008,0.929126950955884,0.945211096578032,0.977696465390599,0.987795331121067,1,0.988267984774371,0.971748055917521,0.922721777724829,0.882436458125419,0.847647685522108,0.799277834989511,0.749008629202061,0.654293325828113,0.559824811681015,0.445565572781511
0.34508679823811,0.451509399680166,0.519342618740501,0.571158504299451,0.591545432989699,0.637519399282454,0.674380698355683,0.697199020620631,0.716930061955824,0.72394489836861,0.741118402614404,0.740672628029537,0.785482170727395,0.806906342850137,0.835310251638119,0.852584648859067,0.874224017602758,0.897481203750143,0.911931636846039,0.942963021108927,0.952420965127523,0.988267984774371,1,0.987454645761664,0.934897251654965,0.89170733278824,0.854600343769734,0.804265945023908,0.753160220155485,0.657499149395864,0.564461731424145,0.450605855315239
0.350245459477052,0.452954578198601,0.514928594419172,0.566236345309531,0.58637170110439,0.630001948866053,0.663949127836861,0.685352648196171,0.704935073788416,0.712093843063479,0.729427387793665,0.729375543074766,0.771516602672273,0.790756240666318,0.817757532348729,0.83415031365305,0.855480514597135,0.879007071457585,0.89356898541267,0.923460869095871,0.932254970197982,0.971748055917521,0.987454645761664,1,0.978586332289007,0.948747655992435,0.906806701239183,0.850707857412678,0.792868258211946,0.689117015259472,0.592606498454172,0.473877479841061
0.345556386858438,0.441525514398139,0.495714139064316,0.544956605275777,0.564166365523412,0.604097121993892,0.634052280984507,0.653761377462858,0.673392707676311,0.681254665519738,0.698965256092828,0.699950659143783,0.73777333230962,0.75378635145031,0.778207759689795,0.792855761340638,0.813493593319011,0.837411363015631,0.85222212476361,0.880160874113941,0.888023759678576,0.922721777724829,0.934897251654965,0.978586332289007,1,0.989678534896032,0.943562121384723,0.882400097839621,0.817884525000118,0.707200915701381,0.608751334942721,0.48732508918701
0.339907375074513,0.428431730546222,0.474144974993394,0.521652915679992,0.540498534541095,0.57744080114615,0.604235972323158,0.622946785932425,0.643207312440402,0.652024389672144,0.669496948043172,0.670923818086395,0.706221255169399,0.720674819474196,0.74399093511572,0.75820755789378,0.778752421237982,0.802975736467407,0.818012112328638,0.844466292650098,0.851679599362464,0.882436458125419,0.89170733278824,0.948747655992435,0.989678534896032,1,0.975748639585047,0.928261095878743,0.856400116610212,0.73725552124001,0.63489549676424,0.508553897018762
0.33204002999281,0.412046632581196,0.448373394678585,0.494303269704372,0.513285286322118,0.547812026772382,0.572178225600413,0.590524888339613,0.611934826457064,0.621936644638411,0.638483287664391,0.63974438497395,0.674196273225238,0.688721996454136,0.712339951066829,0.7274049938546,0.748391408082736,0.772748661441934,0.787934719479375,0.813277142710864,0.820097305461856,0.847647685522108,0.854600343769734,0.906806701239183,0.943562121384723,0.975748639585047,1,0.985449793263611,0.905778858766154,0.776999100710913,0.669070925376242,0.535985705440442
0.32040412579441,0.39151877022419,0.418721105746141,0.46232872522471,0.480882138444562,0.512786362026044,0.534782657656221,0.552138826013725,0.573316345595045,0.583432848906947,0.598530380448865,0.599324636744444,0.632636762193674,0.647215198675328,0.670239000133073,0.68517060574066,0.70592704828258,0.73007168293248,0.745146339270553,0.768769775966072,0.774904271264739,0.799277834989511,0.804265945023908,0.850707857412678,0.882400097839621,0.928261095878743,0.985449793263611,1,0.942367189074914,0.827434821667514,0.715804852208815,0.575099077386787
0.314350610685639,0.378372369878827,0.397602280914193,0.438818530077913,0.456214292217172,0.486373036669303,0.507157364777136,0.522451479309176,0.540291013887584,0.54778562167446,0.560486996273727,0.559852258992493,0.592920765923239,0.608364369272814,0.62926983864674,0.641858924424008,0.661481337556771,0.685731477722819,0.700756227919065,0.721918699744737,0.726718549664192,0.749008629202061,0.753160220155485,0.792868258211946,0.817884525000118,0.856400116610212,0.905778858766154,0.942367189074914,1,0.967635017949541,0.851000285686628,0.690494151527134
0.28594636510517,0.339763366651061,0.351521878772076,0.387808871093678,0.403012297711115,0.429567476202961,0.447861532876728,0.460440551640787,0.474409603278949,0.479358327758022,0.489289230428397,0.487624824084261,0.518001869212038,0.532926866531332,0.550649261715499,0.560516846106852,0.577795884410874,0.600286617444217,0.614134340499401,0.631835821377398,0.63526503725143,0.654293325828113,0.657499149395864,0.689117015259472,0.707200915701381,0.73725552124001,0.776999100710913,0.827434821667514,0.967635017949541,1,0.888435347774601,0.725166808425706
0.265349820824167,0.307852472240269,0.308927984474815,0.336789590965125,0.34549425651246,0.368709006012798,0.386321345076298,0.395242853501334,0.401684517640805,0.401370179984754,0.40838707527843,0.405817673952754,0.434952671313637,0.450980856681317,0.465837069180276,0.473003697680134,0.488344547687276,0.509845126232167,0.523357391757698,0.538570106806307,0.54160994127203,0.559824811681015,0.564461731424145,0.592606498454172,0.608751334942721,0.63489549676424,0.669070925376242,0.715804852208815,0.851000285686628,0.888435347774601,1,0.96030274445211
0.225412353321846,0.256809795689856,0.251493751989407,0.271412176046866,0.27530439659878,0.294122361202669,0.309517741961232,0.315345294493023,0.316638479335017,0.313232522355489,0.317811540082155,0.314995207414787,0.340352330191868,0.355360128516983,0.366985146960157,0.371826022189521,0.384423896305845,0.403085318715477,0.414989624782704,0.427170537746077,0.429689645366048,0.445565572781511,0.450605855315239,0.473877479841061,0.48732508918701,0.508553897018762,0.535985705440442,0.575099077386787,0.690494151527134,0.725166808425706,0.96030274445211,1
