1,0.896341241208508,0.882001791967418,0.872449341169601,0.862430214108372,0.854525514498624,0.849103510952108,0.843089773141045,0.841258917089972,0.838429538800835,0.833812163192206,0.832097970250759,0.831418441056031,0.824917475390166,0.822957780231509,0.819507674122101,0.815699334318457,0.814632375286383,0.81153841855605,0.807519548203494,0.804112267891274,0.799103121640274,0.794079946437893,0.792472876987735,0.793050726591091,0.788761757944538,0.78015413563921,0.771325814364224,0.754698266328791,0.736263440835336,0.477860880024955,0.28991328213629
0.896341241208508,1,0.975694425832818,0.959332400638039,0.945404093554466,0.940078518581286,0.933689741415714,0.927215555972055,0.924829822151664,0.922770542923483,0.917941231380461,0.915139023525594,0.913376462880036,0.908544238785065,0.906702584622655,0.902636415650739,0.898555267704069,0.895097455139871,0.889960624526267,0.886555872889164,0.883386177984207,0.879770040889542,0.874092613229477,0.873358616971879,0.875378655752321,0.872109244649977,0.867050199690656,0.85941627245109,0.845861659702549,0.825497279583916,0.55765158268969,0.343682502526596
0.882001791967418,0.975694425832818,1,0.984872402147559,0.972020452553826,0.963768384683088,0.955588378787901,0.949618530791576,0.946565260597047,0.943712653484932,0.939083219251518,0.936364848926924,0.934073711779952,0.930017854629355,0.927913453034168,0.923715959930358,0.920513871711316,0.91696391716364,0.912410006506963,0.908833502265588,0.905719256719197,0.901459715681943,0.896349472969133,0.894770700155139,0.896404444195798,0.893437173178907,0.888660202180556,0.879487991154139,0.864645835895059,0.843580362108823,0.564707127928454,0.356125557073389
0.872449341169601,0.959332400638039,0.984872402147559,1,0.987264857093382,0.979288348505089,0.972443279917659,0.966278391471755,0.963481029238427,0.959340207309033,0.954396999997463,0.951849581446843,0.949720047489231,0.945287751362304,0.942445327554007,0.937690390154651,0.93397245535361,0.930029377741464,0.925590686029476,0.921776833382264,0.918407229212154,0.913932661151986,0.907924678095931,0.904722750414734,0.905583912654532,0.902055679003864,0.897672463007825,0.889322731557848,0.874940824814805,0.852994776477055,0.577876510874816,0.360676354230074
0.862430214108372,0.945404093554466,0.972020452553826,0.987264857093382,1,0.992528547520072,0.985237299394406,0.979036728263336,0.974606331520899,0.970323388005161,0.963679108305987,0.960550675888216,0.957354990855055,0.952018174805806,0.949734589931558,0.944859854081253,0.940870545802472,0.937262046305567,0.933114959575268,0.929196940745978,0.926369011833767,0.922446991485129,0.916363658276985,0.913176852737358,0.914247549399221,0.911066208030974,0.907524430268835,0.900587711849153,0.88633954797092,0.864402922012777,0.587205411722491,0.368846652360178
0.854525514498624,0.940078518581286,0.963768384683088,0.979288348505089,0.992528547520072,1,0.993807018669629,0.986877488050182,0.982164548166988,0.977885914762552,0.971704403486435,0.968412833613911,0.965291403295839,0.959546842889432,0.956680069184805,0.951800112135158,0.948073890076013,0.944034370245475,0.940271536547079,0.93742525284799,0.93487442008808,0.931817181895403,0.92543918792175,0.922655076579318,0.923870611579197,0.921320326804349,0.917396572996032,0.910582306074984,0.897281114708049,0.87589579445658,0.60250653726263,0.377867659957703
0.849103510952108,0.933689741415714,0.955588378787901,0.972443279917659,0.985237299394406,0.993807018669629,1,0.994376577775735,0.989499424618086,0.984345613285246,0.978145094949129,0.974242863758204,0.970688062766629,0.964223785446954,0.96070207371668,0.955822480868987,0.951926420881264,0.947607494993684,0.943243879826312,0.940320933217838,0.937508864319201,0.934473721325634,0.92888014684967,0.926600796843994,0.92748192508504,0.925489381872473,0.921005024467359,0.914269286917786,0.901307633725204,0.880384697652823,0.612078782274286,0.387551421546349
0.843089773141045,0.927215555972055,0.949618530791576,0.966278391471755,0.979036728263336,0.986877488050182,0.994376577775735,1,0.995807655323318,0.990518876105249,0.98486704839616,0.981222051758491,0.977578273471514,0.97133316239711,0.967488588001699,0.962797887358644,0.95859383023333,0.954502927227588,0.949877975431911,0.946593117630576,0.944367504651535,0.941821094390905,0.936254392746783,0.933813489479843,0.934832404241567,0.933288242000684,0.929458603211979,0.922621910802028,0.910371244888108,0.890519273180423,0.61945235788736,0.395126697997659
0.841258917089972,0.924829822151664,0.946565260597047,0.963481029238427,0.974606331520899,0.982164548166988,0.989499424618086,0.995807655323318,1,0.995756914853727,0.990577736949786,0.986738845908372,0.98272353335031,0.977252526537569,0.972607639058906,0.968061457044834,0.963343436671262,0.958553716661309,0.953726064142554,0.950248868925099,0.947622343579108,0.94563309744984,0.94008556257001,0.937586091453459,0.938386589960897,0.936967022542461,0.933169346155737,0.926298960222481,0.914012814444754,0.894310384283779,0.620252455848186,0.396690265348087
0.838429538800835,0.922770542923483,0.943712653484932,0.959340207309033,0.970323388005161,0.977885914762552,0.984345613285246,0.990518876105249,0.995756914853727,1,0.996266432271333,0.992286222351559,0.988104282982402,0.982642692174038,0.977728605970899,0.973389148754096,0.968955193308836,0.964175703324609,0.959366039415338,0.955818390283051,0.953029782853892,0.951446690734185,0.945699030528015,0.943600985117622,0.943809749333308,0.942197859340683,0.938283061384753,0.931456176323727,0.917796792754189,0.897455187749205,0.625847683596499,0.407800950244952
0.833812163192206,0.917941231380461,0.939083219251518,0.954396999997463,0.963679108305987,0.971704403486435,0.978145094949129,0.98486704839616,0.990577736949786,0.996266432271333,1,0.996672555123183,0.992289056308799,0.986958915286572,0.981441972286822,0.976879010715826,0.972256853493342,0.966898301004405,0.962330207935103,0.958992181957053,0.956376476539319,0.954492557878679,0.948517075121155,0.946359471707896,0.946078010681479,0.944407264298769,0.940596040115697,0.933805037521421,0.919874300160148,0.899995500119501,0.628453251062367,0.416900096373101
0.832097970250759,0.915139023525594,0.936364848926924,0.951849581446843,0.960550675888216,0.968412833613911,0.974242863758204,0.981222051758491,0.986738845908372,0.992286222351559,0.996672555123183,1,0.99684670944493,0.991823767734316,0.986223777142544,0.981213727088603,0.976072620106358,0.97055941857171,0.966018210296221,0.962791575664673,0.960070617068966,0.958020139400541,0.952243421340401,0.949764692043888,0.94937289370138,0.948253584580856,0.94493455886842,0.938708268455087,0.924841588684295,0.904674399902681,0.63782704552546,0.429789126682207
0.831418441056031,0.913376462880036,0.934073711779952,0.949720047489231,0.957354990855055,0.965291403295839,0.970688062766629,0.977578273471514,0.98272353335031,0.988104282982402,0.992289056308799,0.99684670944493,1,0.996144238720173,0.991212339085561,0.986331886541092,0.981473729827063,0.975909796057839,0.971142009402246,0.967623205256284,0.964905771008553,0.962427401696101,0.956931997301407,0.954297214352159,0.95378335453652,0.952742023942565,0.949454408513974,0.942957020117611,0.92942373003663,0.90988247325939,0.645485906524486,0.436983275046834
0.824917475390166,0.908544238785065,0.930017854629355,0.945287751362304,0.952018174805806,0.959546842889432,0.964223785446954,0.97133316239711,0.977252526537569,0.982642692174038,0.986958915286572,0.991823767734316,0.996144238720173,1,0.996614888023549,0.992274263471332,0.987288417408021,0.981581537318097,0.976721466403121,0.972942088733141,0.969870116913562,0.96678357921442,0.960983526712378,0.958502427902997,0.957882411749234,0.956478699458636,0.953195276140574,0.945487815681358,0.931965644911688,0.911454240831481,0.646305777752689,0.440049782734074
0.822957780231509,0.906702584622655,0.927913453034168,0.942445327554007,0.949734589931558,0.956680069184805,0.96070207371668,0.967488588001699,0.972607639058906,0.977728605970899,0.981441972286822,0.986223777142544,0.991212339085561,0.996614888023549,1,0.996900031782686,0.992436337735877,0.986934429208044,0.982447693249046,0.978359972219688,0.975241693094468,0.971968174895433,0.966363579169714,0.963651899235297,0.962448938233818,0.960278279804711,0.957624067946142,0.949842557164079,0.936545057210414,0.915165612655162,0.652444291821391,0.448401919994278
0.819507674122101,0.902636415650739,0.923715959930358,0.937690390154651,0.944859854081253,0.951800112135158,0.955822480868987,0.962797887358644,0.968061457044834,0.973389148754096,0.976879010715826,0.981213727088603,0.986331886541092,0.992274263471332,0.996900031782686,1,0.997106809569748,0.992336647698827,0.98773485445988,0.983359277351116,0.979635280633207,0.976298985766928,0.970939483682935,0.967863409622773,0.96574054605772,0.962926666660111,0.959862525679591,0.952710407631735,0.940735059546852,0.919387066452112,0.65893563195654,0.454713343913671
0.815699334318457,0.898555267704069,0.920513871711316,0.93397245535361,0.940870545802472,0.948073890076013,0.951926420881264,0.95859383023333,0.963343436671262,0.968955193308836,0.972256853493342,0.976072620106358,0.981473729827063,0.987288417408021,0.992436337735877,0.997106809569748,1,0.996830238880191,0.992196600974174,0.988202486551739,0.9843878848251,0.980761443659073,0.975345336700276,0.971903624700257,0.96906331023394,0.965660428729976,0.962009066890521,0.954782675645085,0.942430725714515,0.920672204273348,0.658807351141798,0.456276919412183
0.814632375286383,0.895097455139871,0.91696391716364,0.930029377741464,0.937262046305567,0.944034370245475,0.947607494993684,0.954502927227588,0.958553716661309,0.964175703324609,0.966898301004405,0.97055941857171,0.975909796057839,0.981581537318097,0.986934429208044,0.992336647698827,0.996830238880191,1,0.99668944735584,0.993050636195949,0.989246676276439,0.985362161535244,0.980107164970331,0.976456833739752,0.972804340754175,0.969047984621039,0.965664356470818,0.958090584349035,0.945306338075863,0.922480276770972,0.663170775192072,0.464240545091521
0.81153841855605,0.889960624526267,0.912410006506963,0.925590686029476,0.933114959575268,0.940271536547079,0.943243879826312,0.949877975431911,0.953726064142554,0.959366039415338,0.962330207935103,0.966018210296221,0.971142009402246,0.976721466403121,0.982447693249046,0.98773485445988,0.992196600974174,0.99668944735584,1,0.997463083708235,0.993794937682255,0.989612392755782,0.984124094822788,0.980406452448817,0.976556409577755,0.972663620230153,0.969567683911471,0.962922050870903,0.950355609835062,0.926679466584317,0.672688986523542,0.47528361265685
0.807519548203494,0.886555872889164,0.908833502265588,0.921776833382264,0.929196940745978,0.93742525284799,0.940320933217838,0.946593117630576,0.950248868925099,0.955818390283051,0.958992181957053,0.962791575664673,0.967623205256284,0.972942088733141,0.978359972219688,0.983359277351116,0.988202486551739,0.993050636195949,0.997463083708235,1,0.997067718754989,0.993420126656796,0.988176428734653,0.984548518958527,0.980319859528905,0.976193070853792,0.97271669992995,0.965948733907493,0.953899673514788,0.930016795669872,0.682307680660806,0.481536659241066
0.804112267891274,0.883386177984207,0.905719256719197,0.918407229212154,0.926369011833767,0.93487442008808,0.937508864319201,0.944367504651535,0.947622343579108,0.953029782853892,0.956376476539319,0.960070617068966,0.964905771008553,0.969870116913562,0.975241693094468,0.979635280633207,0.9843878848251,0.989246676276439,0.993794937682255,0.997067718754989,1,0.997010599614512,0.992687051008098,0.988962159775771,0.984610471552875,0.98001575257453,0.976362394104818,0.968693362834833,0.956875687660467,0.933030093079088,0.684453583088361,0.484148343157409
0.799103121640274,0.879770040889542,0.901459715681943,0.913932661151986,0.922446991485129,0.931817181895403,0.934473721325634,0.941821094390905,0.94563309744984,0.951446690734185,0.954492557878679,0.958020139400541,0.962427401696101,0.96678357921442,0.971968174895433,0.976298985766928,0.980761443659073,0.985362161535244,0.989612392755782,0.993420126656796,0.997010599614512,1,0.996564033655814,0.992770476295339,0.988058895734167,0.983118773808903,0.979138343964871,0.971491366701939,0.959425435738207,0.937220888763818,0.687650477684064,0.485577511480429
0.794079946437893,0.874092613229477,0.896349472969133,0.907924678095931,0.916363658276985,0.92543918792175,0.92888014684967,0.936254392746783,0.94008556257001,0.945699030528015,0.948517075121155,0.952243421340401,0.956931997301407,0.960983526712378,0.966363579169714,0.970939483682935,0.975345336700276,0.980107164970331,0.984124094822788,0.988176428734653,0.992687051008098,0.996564033655814,1,0.996692663633672,0.99158572090442,0.98595701918303,0.981841314389725,0.973703114629787,0.961751108378453,0.940329582442227,0.69449982824431,0.495611040939585
0.792472876987735,0.873358616971879,0.894770700155139,0.904722750414734,0.913176852737358,0.922655076579318,0.926600796843994,0.933813489479843,0.937586091453459,0.943600985117622,0.946359471707896,0.949764692043888,0.954297214352159,0.958502427902997,0.963651899235297,0.967863409622773,0.971903624700257,0.976456833739752,0.980406452448817,0.984548518958527,0.988962159775771,0.992770476295339,0.996692663633672,1,0.995934670688534,0.990293589087282,0.985498556594926,0.977243206403903,0.964608346455594,0.943261954967108,0.695043910993003,0.495490799156468
0.793050726591091,0.875378655752321,0.896404444195798,0.905583912654532,0.914247549399221,0.923870611579197,0.92748192508504,0.934832404241567,0.938386589960897,0.943809749333308,0.946078010681479,0.94937289370138,0.95378335453652,0.957882411749234,0.962448938233818,0.96574054605772,0.96906331023394,0.972804340754175,0.976556409577755,0.980319859528905,0.984610471552875,0.988058895734167,0.99158572090442,0.995934670688534,1,0.994741455516915,0.989342943220231,0.980316730945676,0.967107769971664,0.946477049483564,0.691296637614363,0.493979925441866
0.788761757944538,0.872109244649977,0.893437173178907,0.902055679003864,0.911066208030974,0.921320326804349,0.925489381872473,0.933288242000684,0.936967022542461,0.942197859340683,0.944407264298769,0.948253584580856,0.952742023942565,0.956478699458636,0.960278279804711,0.962926666660111,0.965660428729976,0.969047984621039,0.972663620230153,0.976193070853792,0.98001575257453,0.983118773808903,0.98595701918303,0.990293589087282,0.994741455516915,1,0.994524057832536,0.985583504300231,0.97148036836786,0.951755083685267,0.695210781508292,0.498666828464631
0.78015413563921,0.867050199690656,0.888660202180556,0.897672463007825,0.907524430268835,0.917396572996032,0.921005024467359,0.929458603211979,0.933169346155737,0.938283061384753,0.940596040115697,0.94493455886842,0.949454408513974,0.953195276140574,0.957624067946142,0.959862525679591,0.962009066890521,0.965664356470818,0.969567683911471,0.97271669992995,0.976362394104818,0.979138343964871,0.981841314389725,0.985498556594926,0.989342943220231,0.994524057832536,1,0.992738137837981,0.978708038941441,0.959134712768714,0.708931637590546,0.516129538500054
0.771325814364224,0.85941627245109,0.879487991154139,0.889322731557848,0.900587711849153,0.910582306074984,0.914269286917786,0.922621910802028,0.926298960222481,0.931456176323727,0.933805037521421,0.938708268455087,0.942957020117611,0.945487815681358,0.949842557164079,0.952710407631735,0.954782675645085,0.958090584349035,0.962922050870903,0.965948733907493,0.968693362834833,0.971491366701939,0.973703114629787,0.977243206403903,0.980316730945676,0.985583504300231,0.992738137837981,1,0.988124010039294,0.96938666473581,0.720669366146565,0.536950259768686
0.754698266328791,0.845861659702549,0.864645835895059,0.874940824814805,0.88633954797092,0.897281114708049,0.901307633725204,0.910371244888108,0.914012814444754,0.917796792754189,0.919874300160148,0.924841588684295,0.92942373003663,0.931965644911688,0.936545057210414,0.940735059546852,0.942430725714515,0.945306338075863,0.950355609835062,0.953899673514788,0.956875687660467,0.959425435738207,0.961751108378453,0.964608346455594,0.967107769971664,0.97148036836786,0.978708038941441,0.988124010039294,1,0.983672859833951,0.753992340766862,0.567553170540905
0.736263440835336,0.825497279583916,0.843580362108823,0.852994776477055,0.864402922012777,0.87589579445658,0.880384697652823,0.890519273180423,0.894310384283779,0.897455187749205,0.899995500119501,0.904674399902681,0.90988247325939,0.911454240831481,0.915165612655162,0.919387066452112,0.920672204273348,0.922480276770972,0.926679466584317,0.930016795669872,0.933030093079088,0.937220888763818,0.940329582442227,0.943261954967108,0.946477049483564,0.951755083685267,0.959134712768714,0.96938666473581,0.983672859833951,1,0.775334782660186,0.593587752413231
0.477860880024955,0.55765158268969,0.564707127928454,0.577876510874816,0.587205411722491,0.60250653726263,0.612078782274286,0.61945235788736,0.620252455848186,0.625847683596499,0.628453251062367,0.63782704552546,0.645485906524486,0.646305777752689,0.652444291821391,0.65893563195654,0.658807351141798,0.663170775192072,0.672688986523542,0.682307680660806,0.684453583088361,0.687650477684064,0.69449982824431,0.695043910993003,0.691296637614363,0.695210781508292,0.708931637590546,0.720669366146565,0.753992340766862,0.775334782660186,1,0.788099327863189
0.28991328213629,0.343682502526596,0.356125557073389,0.360676354230074,0.368846652360178,0.377867659957703,0.387551421546349,0.395126697997659,0.396690265348087,0.407800950244952,0.416900096373101,0.429789126682207,0.436983275046834,0.440049782734074,0.448401919994278,0.454713343913671,0.456276919412183,0.464240545091521,0.47528361265685,0.481536659241066,0.484148343157409,0.485577511480429,0.495611040939585,0.495490799156468,0.493979925441866,0.498666828464631,0.516129538500054,0.536950259768686,0.567553170540905,0.593587752413231,0.788099327863189,1
