1,0.992035713637776,0.961895119724671,0.900052486592556,0.880134530481659,0.865226616714607,0.836492294904363,0.80236812720146,0.776882736710992,0.740101723206458,0.695475249578106,0.668911398390569,0.64367164470698,0.615490097462735,0.589046220257741,0.561005056778423,0.525779593592534,0.489867254227263,0.461098075446535,0.434480116177764,0.409999105079902,0.391834434400296,0.376870840257747,0.355002033252551,0.333054426204115,0.332794547971982,0.321849848559125,0.305550980584115,0.300060898893655,0.313145357299983,0.308154248486216,0.298601365663913
0.992035713637776,1,0.988673284212917,0.947773902302514,0.93190358274754,0.916081210176129,0.885617497454374,0.849760248940226,0.823813011675848,0.785844100893587,0.739470935923052,0.711879956702972,0.685530186390485,0.655984916953123,0.628611818343745,0.600403189075345,0.564185296039796,0.526925151478946,0.496937816279261,0.46900732403397,0.443215726922583,0.424549601920453,0.410384120110145,0.388179373327709,0.365458729601577,0.365996981458365,0.354448146124445,0.336835666570542,0.330375736130355,0.342345343207188,0.335308120627595,0.323827762526274
0.961895119724671,0.988673284212917,1,0.984906901864972,0.974189902904516,0.957607275507057,0.925717059001249,0.888541184812406,0.862583766657519,0.823989800349023,0.776500697189608,0.748260194073435,0.721136296394972,0.690581116369941,0.662670618838826,0.634849652281779,0.598203162495232,0.560112670299988,0.529298075477594,0.500385052990289,0.473568721121676,0.454693653280941,0.4417740374813,0.41963122836482,0.396462439338638,0.397940497366822,0.385912211677146,0.367101131254001,0.359620052442454,0.370012094163298,0.360683318467042,0.347145261510932
0.900052486592556,0.947773902302514,0.984906901864972,1,0.995527841099175,0.97853534102855,0.945897892373809,0.908248018432558,0.883009708278791,0.844781533200545,0.797342556891183,0.769148117762129,0.74189514562648,0.711035582980861,0.683291166647236,0.656700592928972,0.62059162898599,0.58261599809708,0.551714967894453,0.522482903233629,0.495239822817489,0.476655231160146,0.465536178004988,0.444088245042316,0.421054963344554,0.423575242289085,0.411332692576021,0.391668958124857,0.383220869281747,0.391500979859195,0.379792116019157,0.36426217988376
0.880134530481659,0.93190358274754,0.974189902904516,0.995527841099175,1,0.993145946509174,0.971030562446651,0.941649723575219,0.918789281684802,0.882274735963844,0.83590839382246,0.808297580552485,0.78113678887466,0.749998533035775,0.722417892998763,0.696949841869517,0.660890564045169,0.622381057004673,0.5912506448656,0.561552448959023,0.533632327530114,0.514296834882783,0.501481051905421,0.47774363303906,0.45246780807188,0.454616840044516,0.441051443242898,0.419673967164064,0.410053582788296,0.417358392850365,0.403845715035043,0.38661424268826
0.865226616714607,0.916081210176129,0.957607275507057,0.97853534102855,0.993145946509174,1,0.992304364136761,0.974304286973567,0.954569748376695,0.920486520488696,0.875851585872659,0.84919354851421,0.822375875235994,0.791162068681675,0.763938851996234,0.739791324237999,0.703888282782988,0.664892437916204,0.633690143553841,0.603660449351002,0.575145781410264,0.554854623894413,0.539344904957155,0.512510616076219,0.484370542578487,0.485711854461626,0.470531713821074,0.447252005754294,0.436406095769659,0.442960966364415,0.427808309537402,0.408987861186247
0.836492294904363,0.885617497454374,0.925717059001249,0.945897892373809,0.971030562446651,0.992304364136761,1,0.994325836871552,0.97819802098517,0.947200287339748,0.90506718681228,0.879817230956013,0.853764160356947,0.822937173596291,0.796499779763976,0.774112373219083,0.738911840800247,0.699984025169416,0.669172264787789,0.639240530995137,0.610522492321175,0.589522400942567,0.571390722307634,0.541676987459306,0.510923435714575,0.511388993482566,0.494725251517856,0.469778522746302,0.457796520145953,0.463458870986564,0.446795467819243,0.426573163623865
0.80236812720146,0.849760248940226,0.888541184812406,0.908248018432558,0.941649723575219,0.974304286973567,0.994325836871552,1,0.991557155930204,0.967720765088441,0.93197443825042,0.909640253242185,0.885138619183366,0.855393012052613,0.829878028157524,0.808123605621982,0.772705612970123,0.733121009620036,0.703332617023457,0.674378144411537,0.64615564579744,0.624832930139186,0.603856138949416,0.571082558624931,0.537576760856555,0.536563811456949,0.517867754456097,0.49091649731448,0.477510562191756,0.481917331811561,0.463587592915623,0.441902287716706
0.776882736710992,0.823813011675848,0.862583766657519,0.883009708278791,0.918789281684802,0.954569748376695,0.97819802098517,0.991557155930204,1,0.992230605654308,0.971114546197995,0.954651760096748,0.932948351653004,0.90523370171205,0.880297597936815,0.855763265545635,0.817026186989345,0.77413213199294,0.746166736786665,0.71963541466076,0.692972098077178,0.671854157733831,0.64732435988547,0.610647647519275,0.573598774971134,0.569736084525128,0.547435271262702,0.51724893783815,0.50155415429506,0.504036162756327,0.483425186122932,0.45980019974179
0.740101723206458,0.785844100893587,0.823989800349023,0.844781533200545,0.882274735963844,0.920486520488696,0.947200287339748,0.967720765088441,0.992230605654308,1,0.993256068691651,0.982687862283333,0.964013643680061,0.938687425153042,0.914702461377284,0.887890299891525,0.846583475425509,0.801194888856566,0.775422377210435,0.751636997310794,0.726892782645009,0.706306453406132,0.678757006315806,0.63891748685142,0.599057170497644,0.592521594777025,0.567116107353999,0.534304931749595,0.516663185663128,0.517259091701238,0.494786474022976,0.469675385227181
0.695475249578106,0.739470935923052,0.776500697189608,0.797342556891183,0.83590839382246,0.875851585872659,0.90506718681228,0.93197443825042,0.971114546197995,0.993256068691651,1,0.995072810124782,0.979482675006382,0.956736433433748,0.933973261496315,0.905413314445976,0.862289361750078,0.81521082073493,0.791842293830552,0.770948511787189,0.748338761533207,0.728535732683944,0.698557499646757,0.656327652072587,0.614404737976921,0.605469664975801,0.577526174077129,0.542727719513866,0.523518284223174,0.522348176143112,0.498454937812432,0.472310094405024
0.668911398390569,0.711879956702972,0.748260194073435,0.769148117762129,0.808297580552485,0.84919354851421,0.879817230956013,0.909640253242185,0.954651760096748,0.982687862283333,0.995072810124782,1,0.994476158599452,0.980476520024122,0.963814834309117,0.936195018296194,0.893176195240658,0.845742570391659,0.823725877522385,0.804113594621606,0.78225556889163,0.76289358717253,0.732322673115638,0.688698772988787,0.645223629796628,0.63659735339748,0.60784467417025,0.571659143908309,0.551171134310606,0.547837772762286,0.521352768808604,0.492996992925929
0.64367164470698,0.685530186390485,0.721136296394972,0.74189514562648,0.78113678887466,0.822375875235994,0.853764160356947,0.885138619183366,0.932948351653004,0.964013643680061,0.979482675006382,0.994476158599452,1,0.995699990793791,0.986007320495575,0.960156279875546,0.918071837421785,0.871037590876379,0.850173620838835,0.831488524300089,0.810147709057983,0.791261362873339,0.760861470072456,0.716567115446006,0.672152062273942,0.664565811282366,0.635743552957659,0.598732932169908,0.577312520679122,0.571921495654081,0.542978383666994,0.51252752559884
0.615490097462735,0.655984916953123,0.690581116369941,0.711035582980861,0.749998533035775,0.791162068681675,0.822937173596291,0.855393012052613,0.90523370171205,0.938687425153042,0.956736433433748,0.980476520024122,0.995699990793791,1,0.996546879065874,0.972494087400785,0.931620429394396,0.885370207615488,0.865715022164281,0.848019667821081,0.827331130578796,0.809037849586446,0.779067818398577,0.734588151297163,0.689751080777519,0.683152326171251,0.654533108661179,0.617133869407514,0.595087087322047,0.58792950158743,0.557082504339795,0.525061989176402
0.589046220257741,0.628611818343745,0.662670618838826,0.683291166647236,0.722417892998763,0.763938851996234,0.796499779763976,0.829878028157524,0.880297597936815,0.914702461377284,0.933973261496315,0.963814834309117,0.986007320495575,0.996546879065874,1,0.985502904496217,0.952203361185241,0.911771611251379,0.894271447017236,0.87724995364109,0.856863632867638,0.838438039037527,0.806868407709075,0.760400872689638,0.71367028850203,0.707267280844243,0.678143767294467,0.639748481747077,0.616844143664576,0.608360691591002,0.575712532206141,0.542101032039109
0.561005056778423,0.600403189075345,0.634849652281779,0.656700592928972,0.696949841869517,0.739791324237999,0.774112373219083,0.808123605621982,0.855763265545635,0.887890299891525,0.905413314445976,0.936195018296194,0.960156279875546,0.972494087400785,0.985502904496217,1,0.990223898780985,0.968231934537947,0.955453359319455,0.938525793004553,0.917730086532214,0.897521858840719,0.859491485998468,0.806666844601672,0.754451331894146,0.74646785086888,0.715194333150066,0.674327706699501,0.649944800604012,0.640952849502992,0.606519043325744,0.571082869952633
0.525779593592534,0.564185296039796,0.598203162495232,0.62059162898599,0.660890564045169,0.703888282782988,0.738911840800247,0.772705612970123,0.817026186989345,0.846583475425509,0.862289361750078,0.893176195240658,0.918071837421785,0.931620429394396,0.952203361185241,0.990223898780985,1,0.993645666952937,0.985026240824696,0.968543142792797,0.947862018969228,0.926626594381963,0.884109509410938,0.827204323725074,0.771612124197486,0.762502438343175,0.730139747723067,0.68812788038608,0.663058339137295,0.653843399932535,0.618688544802992,0.582520982831827
0.489867254227263,0.526925151478946,0.560112670299988,0.58261599809708,0.622381057004673,0.664892437916204,0.699984025169416,0.733121009620036,0.77413213199294,0.801194888856566,0.81521082073493,0.845742570391659,0.871037590876379,0.885370207615488,0.911771611251379,0.968231934537947,0.993645666952937,1,0.994859397833496,0.978969710696855,0.958675601220628,0.936913772293136,0.891381874895687,0.831994544102727,0.774469448622764,0.764580763841504,0.73180014288412,0.689462534370995,0.664195999931272,0.654932375611227,0.619696401234174,0.583453800599354
0.461098075446535,0.496937816279261,0.529298075477594,0.551714967894453,0.5912506448656,0.633690143553841,0.669172264787789,0.703332617023457,0.746166736786665,0.775422377210435,0.791842293830552,0.823725877522385,0.850173620838835,0.865715022164281,0.894271447017236,0.955453359319455,0.985026240824696,0.994859397833496,1,0.994424459427393,0.982165575835615,0.96638200701634,0.923718948035528,0.865593531573355,0.808484568646181,0.796401184324997,0.759786477093645,0.714104601305004,0.686063611239566,0.67319474473566,0.634710437130925,0.595971226714198
0.434480116177764,0.46900732403397,0.500385052990289,0.522482903233629,0.561552448959023,0.603660449351002,0.639240530995137,0.674378144411537,0.71963541466076,0.751636997310794,0.770948511787189,0.804113594621606,0.831488524300089,0.848019667821081,0.87724995364109,0.938525793004553,0.968543142792797,0.978969710696855,0.994424459427393,1,0.996516233964235,0.987519394127746,0.949097757788108,0.893466529748344,0.837785932129737,0.823606100419904,0.783233910305619,0.734385647016673,0.703613356879912,0.686937788657574,0.645268633409435,0.604165075751089
0.409999105079902,0.443215726922583,0.473568721121676,0.495239822817489,0.533632327530114,0.575145781410264,0.610522492321175,0.64615564579744,0.692972098077178,0.726892782645009,0.748338761533207,0.78225556889163,0.810147709057983,0.827331130578796,0.856863632867638,0.917730086532214,0.947862018969228,0.958675601220628,0.982165575835615,0.996516233964235,1,0.996441639107276,0.961677718561413,0.908458200951183,0.854346769083819,0.838620832653899,0.795595608932264,0.744628699875382,0.711939184744919,0.69238461165173,0.648525543877743,0.605876523665736
0.391834434400296,0.424549601920453,0.454693653280941,0.476655231160146,0.514296834882783,0.554854623894413,0.589522400942567,0.624832930139186,0.671854157733831,0.706306453406132,0.728535732683944,0.76289358717253,0.791261362873339,0.809037849586446,0.838438039037527,0.897521858840719,0.926626594381963,0.936913772293136,0.96638200701634,0.987519394127746,0.996441639107276,1,0.978839207848166,0.935418995245858,0.888217257736885,0.870542440595808,0.822362491698631,0.767202442274395,0.731651119569389,0.710118240026263,0.664135623210461,0.619738277188816
0.376870840257747,0.410384120110145,0.4417740374813,0.465536178004988,0.501481051905421,0.539344904957155,0.571390722307634,0.603856138949416,0.64732435988547,0.678757006315806,0.698557499646757,0.732322673115638,0.760861470072456,0.779067818398577,0.806868407709075,0.859491485998468,0.884109509410938,0.891381874895687,0.923718948035528,0.949097757788108,0.961677718561413,0.978839207848166,1,0.9879702199919,0.963434154746787,0.942390808881449,0.881920305893387,0.816881408961046,0.775675406795095,0.753870693982162,0.7057690784992,0.65910463562903
0.355002033252551,0.388179373327709,0.41963122836482,0.444088245042316,0.47774363303906,0.512510616076219,0.541676987459306,0.571082558624931,0.610647647519275,0.63891748685142,0.656327652072587,0.688698772988787,0.716567115446006,0.734588151297163,0.760400872689638,0.806666844601672,0.827204323725074,0.831994544102727,0.865593531573355,0.893466529748344,0.908458200951183,0.935418995245858,0.9879702199919,1,0.993280438399853,0.970281083917832,0.902216800770191,0.831534718635853,0.787209998816516,0.765810855590856,0.717455742548283,0.670385609239821
0.333054426204115,0.365458729601577,0.396462439338638,0.421054963344554,0.45246780807188,0.484370542578487,0.510923435714575,0.537576760856555,0.573598774971134,0.599057170497644,0.614404737976921,0.645223629796628,0.672152062273942,0.689751080777519,0.71367028850203,0.754451331894146,0.771612124197486,0.774469448622764,0.808484568646181,0.837785932129737,0.854346769083819,0.888217257736885,0.963434154746787,0.993280438399853,1,0.975898416737977,0.903221249797512,0.829427223856071,0.783465415169549,0.76270623671717,0.714921669280455,0.668287980865095
0.332794547971982,0.365996981458365,0.397940497366822,0.423575242289085,0.454616840044516,0.485711854461626,0.511388993482566,0.536563811456949,0.569736084525128,0.592521594777025,0.605469664975801,0.63659735339748,0.664565811282366,0.683152326171251,0.707267280844243,0.74646785086888,0.762502438343175,0.764580763841504,0.796401184324997,0.823606100419904,0.838620832653899,0.870542440595808,0.942390808881449,0.970281083917832,0.975898416737977,1,0.974911852096005,0.930932477692808,0.898856560517334,0.86408039237133,0.802323304495941,0.744492989638047
0.321849848559125,0.354448146124445,0.385912211677146,0.411332692576021,0.441051443242898,0.470531713821074,0.494725251517856,0.517867754456097,0.547435271262702,0.567116107353999,0.577526174077129,0.60784467417025,0.635743552957659,0.654533108661179,0.678143767294467,0.715194333150066,0.730139747723067,0.73180014288412,0.759786477093645,0.783233910305619,0.795595608932264,0.822362491698631,0.881920305893387,0.902216800770191,0.903221249797512,0.974911852096005,1,0.988865518226797,0.972688169253527,0.925328890640022,0.85234456418984,0.785922734668082
0.305550980584115,0.336835666570542,0.367101131254001,0.391668958124857,0.419673967164064,0.447252005754294,0.469778522746302,0.49091649731448,0.51724893783815,0.534304931749595,0.542727719513866,0.571659143908309,0.598732932169908,0.617133869407514,0.639748481747077,0.674327706699501,0.68812788038608,0.689462534370995,0.714104601305004,0.734385647016673,0.744628699875382,0.767202442274395,0.816881408961046,0.831534718635853,0.829427223856071,0.930932477692808,0.988865518226797,1,0.994902993825005,0.9404530159199,0.861999567371571,0.791687571797401
0.300060898893655,0.330375736130355,0.359620052442454,0.383220869281747,0.410053582788296,0.436406095769659,0.457796520145953,0.477510562191756,0.50155415429506,0.516663185663128,0.523518284223174,0.551171134310606,0.577312520679122,0.595087087322047,0.616844143664576,0.649944800604012,0.663058339137295,0.664195999931272,0.686063611239566,0.703613356879912,0.711939184744919,0.731651119569389,0.775675406795095,0.787209998816516,0.783465415169549,0.898856560517334,0.972688169253527,0.994902993825005,1,0.960873943220584,0.891891333098318,0.827381213989721
0.313145357299983,0.342345343207188,0.370012094163298,0.391500979859195,0.417358392850365,0.442960966364415,0.463458870986564,0.481917331811561,0.504036162756327,0.517259091701238,0.522348176143112,0.547837772762286,0.571921495654081,0.58792950158743,0.608360691591002,0.640952849502992,0.653843399932535,0.654932375611227,0.67319474473566,0.686937788657574,0.69238461165173,0.710118240026263,0.753870693982162,0.765810855590856,0.76270623671717,0.86408039237133,0.925328890640022,0.9404530159199,0.960873943220584,1,0.982262012746812,0.95057569443473
0.308154248486216,0.335308120627595,0.360683318467042,0.379792116019157,0.403845715035043,0.427808309537402,0.446795467819243,0.463587592915623,0.483425186122932,0.494786474022976,0.498454937812432,0.521352768808604,0.542978383666994,0.557082504339795,0.575712532206141,0.606519043325744,0.618688544802992,0.619696401234174,0.634710437130925,0.645268633409435,0.648525543877743,0.664135623210461,0.7057690784992,0.717455742548283,0.714921669280455,0.802323304495941,0.85234456418984,0.861999567371571,0.891891333098318,0.982262012746812,1,0.991936028985296
0.298601365663913,0.323827762526274,0.347145261510932,0.36426217988376,0.38661424268826,0.408987861186247,0.426573163623865,0.441902287716706,0.45980019974179,0.469675385227181,0.472310094405024,0.492996992925929,0.51252752559884,0.525061989176402,0.542101032039109,0.571082869952633,0.582520982831827,0.583453800599354,0.595971226714198,0.604165075751089,0.605876523665736,0.619738277188816,0.65910463562903,0.670385609239821,0.668287980865095,0.744492989638047,0.785922734668082,0.791687571797401,0.827381213989721,0.95057569443473,0.991936028985296,1
