1,0.963702826029482,0.893026862119683,0.821880933172914,0.760691678215303,0.71039787474956,0.669386604886153,0.635757199634684,0.607895705592874,0.584545811948215,0.564754358338442,0.547800581042729,0.533136244259814,0.520340278089871,0.509085665018102,0.499115519835639,0.498859196180772,0.502213091688827,0.500924133095483,0.497023214022012,0.491787812033784,0.485983779790661,0.480054039808255,0.474245220987107,0.468687123280693,0.463441031973691,0.458528667487177,0.453949416765118,0.44969054917983,0.44573324416014,0.44205611641318,0.438637243476417
0.963702826029482,1,0.980753179488912,0.944135066325208,0.906379236706497,0.872511122238432,0.843430979974572,0.818757855275978,0.797815269878603,0.779943317560542,0.764580782430193,0.751272540331849,0.73965552535127,0.729441042985761,0.720398864344402,0.712344308249562,0.71160479140025,0.710824152707556,0.704397696424832,0.695064853095778,0.684492097206689,0.67363788817657,0.663025665788589,0.652921991891842,0.643445688473343,0.634632647411039,0.626473689340124,0.618936446021458,0.61197787617524,0.605551314659976,0.599610338482051,0.594110785104766
0.893026862119683,0.980753179488912,1,0.990310354915463,0.971421300854256,0.951116883466445,0.932094124679365,0.915100945317286,0.9001774594654,0.887130155231896,0.875710161552261,0.865677468840628,0.856821059340836,0.848962270241639,0.841952200964906,0.835667433163963,0.834608401235523,0.830839752269516,0.820950312481104,0.808072249809144,0.794080216476713,0.780029643059417,0.766478885387259,0.753696876584607,0.741788968841674,0.730770839199485,0.72061113033424,0.71125573233569,0.702641407443592,0.694703263530232,0.687378692308242,0.680609288456512
0.821880933172914,0.944135066325208,0.990310354915463,1,0.994971463649066,0.984788861764286,0.973364104265854,0.962230534264504,0.951937001254751,0.942626238397279,0.934277346867151,0.926808927543858,0.920123039626035,0.914123456803935,0.908722604038936,0.903843521290477,0.902581994597057,0.896776242885761,0.884654974813537,0.869556464578201,0.853459602685647,0.837464115262799,0.822140138303278,0.807752004139999,0.794393021613569,0.782064123537657,0.770718911708969,0.76028907757525,0.750698497143244,0.741870831523755,0.73373342441935,0.726219105839701
0.760691678215303,0.906379236706497,0.971421300854256,0.994971463649066,1,0.997239936766935,0.991432390116012,0.984658748398148,0.977828181677304,0.971324218477207,0.965290631919528,0.959761395953265,0.954721301417124,0.950134734172243,0.945959401493501,0.942152775373269,0.940760362822816,0.933555155850977,0.919969883945795,0.903451355579072,0.886029860852348,0.86882385782224,0.852405127376687,0.837031507126227,0.822786498572216,0.809660389314579,0.797596490758915,0.786517074707239,0.776337637989805,0.766974503315833,0.758348640556393,0.750387365546727
0.71039787474956,0.872511122238432,0.951116883466445,0.984788861764286,0.997239936766935,1,0.998394087508108,0.994896342316227,0.990677136524151,0.986296008566254,0.982017867739009,0.977961991962198,0.974174598510019,0.970665235217912,0.967425450862591,0.964438517309215,0.962958114450126,0.95476225642746,0.940179876143192,0.922715875283843,0.904425473925217,0.886433759673542,0.869310023242051,0.853305615039176,0.838496224800013,0.824864311992661,0.812345927680595,0.800856865292083,0.790306958521981,0.780607633097429,0.771675646780093,0.763434699376754
0.669386604886153,0.843430979974572,0.932094124679365,0.973364104265854,0.991432390116012,0.998394087508108,1,0.999014760388925,0.996803694749889,0.99405856087619,0.991135712157758,0.988219071051522,0.985401551901892,0.982727125875542,0.9802131943234,0.977862776611605,0.976320731822977,0.96739942480295,0.952110374379122,0.93398979792232,0.915104308507988,0.896579875957131,0.878981777846583,0.862555481847472,0.847370436336137,0.833403192991887,0.82058450057641,0.808825522054603,0.798032104809797,0.788112266926346,0.778979861292055,0.770556111884208
0.635757199634684,0.818757855275978,0.915100945317286,0.962230534264504,0.984658748398148,0.994896342316227,0.999014760388925,1,0.999367049181747,0.997909693092742,0.996055122007477,0.994037487605116,0.991986077763437,0.989971731865249,0.988032064845402,0.986185559270232,0.984598684136135,0.975129081519101,0.959320731365907,0.940726450633535,0.921417141527121,0.902516939103982,0.884586709010744,0.867866759791219,0.852421494617336,0.838222889673574,0.825197695308,0.813253646319358,0.802293678470657,0.792223346679086,0.782954421439722,0.774406363910194
0.607895705592874,0.797815269878603,0.9001774594654,0.951937001254751,0.977828181677304,0.990677136524151,0.996803694749889,0.999367049181747,1,0.999576987158281,0.998581375305149,0.997287246234602,0.995852860547665,0.994370494137913,0.992893911432755,0.991453963850566,0.989833410819455,0.979937772399306,0.96373564743557,0.944788104323297,0.925166537099912,0.905992010777266,0.887821056493999,0.870889505399671,0.855257624853599,0.840893763238888,0.827721570027994,0.815646163302334,0.804568282993224,0.794391643935448,0.785026472923716,0.776390932640317
0.584545811948215,0.779943317560542,0.887130155231896,0.942626238397279,0.971324218477207,0.986296008566254,0.99405856087619,0.997909693092742,0.999576987158281,1,0.999707567058717,0.999006157245083,0.99807756898347,0.997031516813901,0.995934917625148,0.994828705981649,0.993182143669846,0.982947506133218,0.966438688181611,0.947220155056363,0.927361754783614,0.907980988116401,0.88963031910658,0.872541696612792,0.856771950078274,0.842286491743057,0.829006507763468,0.816835066157093,0.805671205004247,0.795417225333885,0.785982176317792,0.777283236035611
0.564754358338442,0.764580782430193,0.875710161552261,0.934277346867151,0.965290631919528,0.982017867739009,0.991135712157758,0.996055122007477,0.998581375305149,0.999707567058717,1,0.999791874786863,0.999284443909364,0.998601851077736,0.997821906052581,0.996993900940007,0.995326773141429,0.984816858165468,0.968063666164125,0.94863219069923,0.928589661012686,0.909049894408425,0.890561617372277,0.873353401313113,0.857479180516804,0.842901948166209,0.829540892994106,0.817297440875513,0.806069279875266,0.795757598408086,0.786270525065445,0.777524472602405
0.547800581042729,0.751272540331849,0.865677468840628,0.926808927543858,0.959761395953265,0.977961991962198,0.988219071051522,0.994037487605116,0.997287246234602,0.999006157245083,0.999791874786863,1,0.999848106111144,0.999472453424353,0.998960005997342,0.998367084292321,0.996683364845241,0.985945994439094,0.968994258069574,0.94939197353169,0.929203220503962,0.909538202174779,0.890942242281635,0.873640958911792,0.857685819342706,0.843037792770191,0.829614419571707,0.817315785076176,0.806038484953192,0.795682813911896,0.786156165689493,0.777374345399162
0.533136244259814,0.73965552535127,0.856821059340836,0.920123039626035,0.954721301417124,0.974174598510019,0.985401551901892,0.991986077763437,0.995852860547665,0.99807756898347,0.999284443909364,0.999848106111144,1,0.999886692244992,0.999602938811167,0.999211045965102,0.997513707275135,0.986585560203479,0.969469794943803,0.949728049846485,0.929421033376101,0.909655495126918,0.89097367205365,0.873598584815025,0.857579576137622,0.842875898979508,0.829403712703503,0.817061990342298,0.805746428416773,0.795356591009743,0.785799274599322,0.776989792944823
0.520340278089871,0.729441042985761,0.848962270241639,0.914123456803935,0.950134734172243,0.970665235217912,0.982727125875542,0.989971731865249,0.994370494137913,0.997031516813901,0.998601851077736,0.999472453424353,0.999886692244992,1,0.999913839371586,0.999695671342904,0.997986984684735,0.986896735370339,0.969643482836494,0.949786112226921,0.929381916441709,0.909534391600506,0.890782976021709,0.873348392431902,0.857278136514875,0.842529988873557,0.829018936584784,0.816643016689893,0.805297174615419,0.794880367957312,0.785298900128054,0.776467681209386
0.509085665018102,0.720398864344402,0.841952200964906,0.908722604038936,0.945959401493501,0.967425450862591,0.9802131943234,0.988032064845402,0.992893911432755,0.995934917625148,0.997821906052581,0.998960005997342,0.999602938811167,0.999913839371586,1,0.999933364228947,0.998215097941693,0.986985543202993,0.969615590000128,0.949661064341269,0.929175900145979,0.909260552320768,0.890451918932373,0.872968678032918,0.856856705858652,0.842072506895302,0.82853006168489,0.816126609923313,0.804756461497817,0.794318063823888,0.784717307680631,0.775868766872843
0.499115519835639,0.712344308249562,0.835667433163963,0.903843521290477,0.942152775373269,0.964438517309215,0.977862776611605,0.986185559270232,0.991453963850566,0.994828705981649,0.996993900940007,0.998367084292321,0.999211045965102,0.999695671342904,0.999933364228947,1,0.998273553791981,0.986923088826669,0.969452979145074,0.949415854080803,0.928862401067611,0.908890243763528,0.890033969802513,0.872510427946591,0.856364063707694,0.841550265509579,0.827982140966955,0.815556243199906,0.80416633823432,0.793710439279445,0.78409408763402,0.775231573536096
0.498859196180772,0.71160479140025,0.834608401235523,0.902581994597057,0.940760362822816,0.962958114450126,0.976320731822977,0.984598684136135,0.989833410819455,0.993182143669846,0.995326773141429,0.996683364845241,0.997513707275135,0.997986984684735,0.998215097941693,0.998273553791981,1,0.994671565290296,0.98215213897514,0.966171561620506,0.948953218173174,0.931742114156694,0.915191420755536,0.899610911239635,0.88511712455578,0.871721316521772,0.859380048486554,0.848023886859997,0.837573427343596,0.827948023113641,0.819070333608336,0.810868496290022
0.502213091688827,0.710824152707556,0.830839752269516,0.896776242885761,0.933555155850977,0.95476225642746,0.96739942480295,0.975129081519101,0.979937772399306,0.982947506133218,0.984816858165468,0.985945994439094,0.986585560203479,0.986896735370339,0.986985543202993,0.986923088826669,0.994671565290296,1,0.996309666873865,0.987611473367934,0.976414527371146,0.964213134954324,0.951863972446193,0.939837975387458,0.928377753169265,0.9175929191758,0.907516974306812,0.898141005788676,0.88943355434647,0.881352254394036,0.873850579055164,0.86688166948272
0.500924133095483,0.704397696424832,0.820950312481104,0.884654974813537,0.919969883945795,0.940179876143192,0.952110374379122,0.959320731365907,0.96373564743557,0.966438688181611,0.968063666164125,0.968994258069574,0.969469794943803,0.969643482836494,0.969615590000128,0.969452979145074,0.98215213897514,0.996309666873865,1,0.997435453767983,0.991342624849377,0.983411231388405,0.974660416463614,0.965691464468037,0.956849973384431,0.948326553580718,0.940218489865285,0.932567328603804,0.925381782887571,0.918651702525502,0.91235659273015,0.906470792319581
0.497023214022012,0.695064853095778,0.808072249809144,0.869556464578201,0.903451355579072,0.922715875283843,0.93398979792232,0.940726450633535,0.944788104323297,0.947220155056363,0.94863219069923,0.94939197353169,0.949728049846485,0.949786112226921,0.949661064341269,0.949415854080803,0.966171561620506,0.987611473367934,0.997435453767983,1,0.998197681809052,0.993871631293887,0.988170716825562,0.981801523617727,0.97519357828068,0.968603956219376,0.962182580448488,0.956012838966775,0.950136893973339,0.944571515780525,0.939318032433536,0.934368603481967
0.491787812033784,0.684492097206689,0.794080216476713,0.853459602685647,0.886029860852348,0.904425473925217,0.915104308507988,0.921417141527121,0.925166537099912,0.927361754783614,0.928589661012686,0.929203220503962,0.929421033376101,0.929381916441709,0.929175900145979,0.928862401067611,0.948953218173174,0.976414527371146,0.991342624849377,0.998197681809052,1,0.998714060992163,0.995592964306613,0.991428795034153,0.986719754594177,0.981777631946768,0.976795893659506,0.971892681549799,0.967138037611791,0.962571238206052,0.958211904162795,0.954067168369968
0.485983779790661,0.67363788817657,0.780029643059417,0.837464115262799,0.86882385782224,0.886433759673542,0.896579875957131,0.902516939103982,0.905992010777266,0.907980988116401,0.909049894408425,0.909538202174779,0.909655495126918,0.909534391600506,0.909260552320768,0.908890243763528,0.931742114156694,0.964213134954324,0.983411231388405,0.993871631293887,0.998714060992163,1,0.999067082273702,0.99677739805271,0.993685765576873,0.990149319794388,0.986397769227214,0.982578283688325,0.978784261126592,0.975073880557041,0.971482161330043,0.968028865679475
0.480054039808255,0.663025665788589,0.766478885387259,0.822140138303278,0.852405127376687,0.869310023242051,0.878981777846583,0.884586709010744,0.887821056493999,0.88963031910658,0.890561617372277,0.890942242281635,0.89097367205365,0.890782976021709,0.890451918932373,0.890033969802513,0.915191420755536,0.951863972446193,0.974660416463614,0.988170716825562,0.995592964306613,0.999067082273702,1,0.999311691198512,0.997604076327572,0.995272192752397,0.992576154838634,0.989687560634374,0.986719513809559,0.983746177107503,0.98081561567642,0.97795830964533
0.474245220987107,0.652921991891842,0.753696876584607,0.807752004139999,0.837031507126227,0.853305615039176,0.862555481847472,0.867866759791219,0.870889505399671,0.872541696612792,0.873353401313113,0.873640958911792,0.873598584815025,0.873348392431902,0.872968678032918,0.872510427946591,0.899610911239635,0.939837975387458,0.965691464468037,0.981801523617727,0.991428795034153,0.99677739805271,0.999311691198512,1,0.999483809361655,0.998190126595593,0.996404797401166,0.994320148216281,0.992066041568002,0.989730259849937,0.987372003035988,0.985030912593063
0.468687123280693,0.643445688473343,0.741788968841674,0.794393021613569,0.822786498572216,0.838496224800013,0.847370436336137,0.852421494617336,0.855257624853599,0.856771950078274,0.857479180516804,0.857685819342706,0.857579576137622,0.857278136514875,0.856856705858652,0.856364063707694,0.88511712455578,0.928377753169265,0.956849973384431,0.97519357828068,0.986719754594177,0.993685765576873,0.997604076327572,0.999483809361655,1,0.999606867480028,0.998612223622722,0.997226132316659,0.995592825289549,0.993811782298763,0.991951780545296,0.990060351381479
0.463441031973691,0.634632647411039,0.730770839199485,0.782064123537657,0.809660389314579,0.824864311992661,0.833403192991887,0.838222889673574,0.840893763238888,0.842286491743057,0.842901948166209,0.843037792770191,0.842875898979508,0.842529988873557,0.842072506895302,0.841550265509579,0.871721316521772,0.9175929191758,0.948326553580718,0.968603956219376,0.981777631946768,0.990149319794388,0.995272192752397,0.998190126595593,0.999606867480028,1,0.999696246698468,0.998920974178609,0.997830832861911,0.996535427172586,0.995111834582078,0.993614432050186
0.458528667487177,0.626473689340124,0.72061113033424,0.770718911708969,0.797596490758915,0.812345927680595,0.82058450057641,0.825197695308,0.827721570027994,0.829006507763468,0.829540892994106,0.829614419571707,0.829403712703503,0.829018936584784,0.82853006168489,0.827982140966955,0.859380048486554,0.907516974306812,0.940218489865285,0.962182580448488,0.976795893659506,0.986397769227214,0.992576154838634,0.996404797401166,0.998612223622722,0.999696246698468,1,0.99976215524719,0.999150177473967,0.998282499760489,0.997243445666567,0.996093374296755
0.453949416765118,0.618936446021458,0.71125573233569,0.76028907757525,0.786517074707239,0.800856865292083,0.808825522054603,0.813253646319358,0.815646163302334,0.816835066157093,0.817297440875513,0.817315785076176,0.817061990342298,0.816643016689893,0.816126609923313,0.815556243199906,0.848023886859997,0.898141005788676,0.932567328603804,0.956012838966775,0.971892681549799,0.982578283688325,0.989687560634374,0.994320148216281,0.997226132316659,0.998920974178609,0.99976215524719,1,0.99981145846115,0.999322716172461,0.998624466024887,0.997782330133611
0.44969054917983,0.61197787617524,0.702641407443592,0.750698497143244,0.776337637989805,0.790306958521981,0.798032104809797,0.802293678470657,0.804568282993224,0.805671205004247,0.806069279875266,0.806038484953192,0.805746428416773,0.805297174615419,0.804756461497817,0.80416633823432,0.837573427343596,0.88943355434647,0.925381782887571,0.950136893973339,0.967138037611791,0.978784261126592,0.986719513809559,0.992066041568002,0.995592825289549,0.997830832861911,0.999150177473967,0.99981145846115,1,0.999848839544684,0.999454304632438,0.998886677045271
0.44573324416014,0.605551314659976,0.694703263530232,0.741870831523755,0.766974503315833,0.780607633097429,0.788112266926346,0.792223346679086,0.794391643935448,0.795417225333885,0.795757598408086,0.795682813911896,0.795356591009743,0.794880367957312,0.794318063823888,0.793710439279445,0.827948023113641,0.881352254394036,0.918651702525502,0.944571515780525,0.962571238206052,0.975073880557041,0.983746177107503,0.989730259849937,0.993811782298763,0.996535427172586,0.998282499760489,0.999322716172461,0.999848839544684,1,0.999877539544417,0.999555889761152
0.44205611641318,0.599610338482051,0.687378692308242,0.73373342441935,0.758348640556393,0.771675646780093,0.778979861292055,0.782954421439722,0.785026472923716,0.785982176317792,0.786270525065445,0.786156165689493,0.785799274599322,0.785298900128054,0.784717307680631,0.78409408763402,0.819070333608336,0.873850579055164,0.91235659273015,0.939318032433536,0.958211904162795,0.971482161330043,0.98081561567642,0.987372003035988,0.991951780545296,0.995111834582078,0.997243445666567,0.998624466024887,0.999454304632438,0.999877539544417,1,0.999899833500892
0.438637243476417,0.594110785104766,0.680609288456512,0.726219105839701,0.750387365546727,0.763434699376754,0.770556111884208,0.774406363910194,0.776390932640317,0.777283236035611,0.777524472602405,0.777374345399162,0.776989792944823,0.776467681209386,0.775868766872843,0.775231573536096,0.810868496290022,0.86688166948272,0.906470792319581,0.934368603481967,0.954067168369968,0.968028865679475,0.97795830964533,0.985030912593063,0.990060351381479,0.993614432050186,0.996093374296755,0.997782330133611,0.998886677045271,0.999555889761152,0.999899833500892,1
