1,0.951846875556491,0.866212729377455,0.846731688124812,0.823297494808868,0.797348953059541,0.7826735417697,0.764302822493949,0.75880166133503,0.747942420732542,0.738188173353773,0.722044968836836,0.711663864914997,0.697302541897206,0.684496157997723,0.665145946238284,0.633429444145413,0.611552280116907,0.599171429294713,0.580597716691487,0.5546811705894,0.511901375652375,0.464945409907233,0.45651300075568,0.441196160202336,0.398042190892489,0.366496073436746,0.347842206102296,0.322560881889615,0.296085573437526,0.278207442988391,0.25276830010268
0.951846875556491,1,0.976062554753402,0.95040453454534,0.923112284579341,0.895214389757341,0.879710086224184,0.859967507787463,0.852515796727835,0.838700830320601,0.826185673863683,0.806750257636041,0.795041097798873,0.778506185223647,0.762837417826755,0.740038520854301,0.703681576673237,0.678227072537921,0.663331091997736,0.641329653419277,0.611322383987338,0.564679106832318,0.513532795352102,0.504478509788597,0.489276820615881,0.451314448293697,0.420804165613973,0.397931789691284,0.370187655304165,0.3429690959711,0.326403325158793,0.300923547857872
0.866212729377455,0.976062554753402,1,0.984322374519405,0.961957884825511,0.934975044694706,0.919791033483924,0.899743438270755,0.890933020747589,0.875224656277577,0.861530661771281,0.840645478703432,0.827956857080431,0.810178273045529,0.79315637894081,0.769201156752467,0.731714004664206,0.70503658651748,0.689007106892891,0.665452480140137,0.633634746923346,0.585354369206964,0.532482554017999,0.523320069202882,0.508807252783364,0.476316269629129,0.448617565836001,0.425716974959411,0.39851654241196,0.372467175100722,0.357982083242856,0.333424545863156
0.846731688124812,0.95040453454534,0.984322374519405,1,0.99282387310241,0.968156056027952,0.953384272743487,0.932674003790191,0.923002963806944,0.906106106583049,0.892762167523525,0.871684428965876,0.857537866608612,0.838530167138627,0.821255649782766,0.797696562284559,0.761130519343233,0.734606003318308,0.718361762958866,0.694304257458369,0.661571015991523,0.610555925080565,0.554776167448277,0.545373806706721,0.5306263372243,0.498424840418945,0.472352916909139,0.45382726306108,0.428918755640602,0.403869971890686,0.390355136914791,0.365233640908413
0.823297494808868,0.923112284579341,0.961957884825511,0.99282387310241,1,0.988878902239338,0.977634296639182,0.956342307337917,0.946432688486305,0.929136475538396,0.916510850612404,0.895828447644082,0.881611114007686,0.862637097504351,0.845996832124972,0.823343657470143,0.787782059737259,0.761779620890932,0.745851609227928,0.722313977927361,0.689727561664847,0.636728467456234,0.578551142440233,0.570437770836529,0.556371680654154,0.523087844981253,0.497133771827253,0.480855103013783,0.456101772268487,0.429950511586171,0.416878297123235,0.391655046859992
0.797348953059541,0.895214389757341,0.934975044694706,0.968156056027952,0.988878902239338,1,0.99469305410908,0.972880060486743,0.963219827524947,0.946142292420134,0.934511965879343,0.914674725679939,0.901473330836479,0.883518666512272,0.868197082186477,0.846831960239958,0.812314675177619,0.787108352057172,0.771904463346401,0.749676352672378,0.718057605024196,0.66366361720469,0.603490748168411,0.59785299044815,0.585176270212998,0.549727224021082,0.522690754615382,0.506953329552006,0.480660800377914,0.45175178760202,0.438696580610726,0.413725721716869
0.7826735417697,0.879710086224184,0.919791033483924,0.953384272743487,0.977634296639182,0.99469305410908,1,0.990857856761803,0.983263775135903,0.966507765559063,0.956608606865215,0.938252943406552,0.926380571381434,0.909602216934402,0.895471166475018,0.874600437977108,0.839543415466244,0.814159023396529,0.799128340523011,0.777722599072614,0.746658816518512,0.692282847834316,0.631366375747359,0.625675949928279,0.612801632448468,0.577295969736009,0.550852197085398,0.537189012197041,0.511590483473072,0.482636104909836,0.471669249952181,0.448101701489069
0.764302822493949,0.859967507787463,0.899743438270755,0.932674003790191,0.956342307337917,0.972880060486743,0.990857856761803,1,0.995316103397017,0.979096790315749,0.971360720058187,0.954957162790726,0.944688457075477,0.929344401449473,0.916523357153789,0.896053478568803,0.860166495711297,0.834467392527814,0.819546161174682,0.799003712711869,0.768654582807407,0.715395445644995,0.654816738680155,0.648130813239702,0.634555491135206,0.600177204010802,0.575265026441934,0.564468629081236,0.540717437278084,0.513075194416988,0.505175308325165,0.483734582382722
0.75880166133503,0.852515796727835,0.890933020747589,0.923002963806944,0.946432688486305,0.963219827524947,0.983263775135903,0.995316103397017,1,0.994083893937971,0.987167140956938,0.97147340295689,0.962188239041831,0.947519328841104,0.934920943125959,0.915048244829215,0.880034312240994,0.854808832141353,0.840180388056894,0.820451218739689,0.790694956474185,0.738081138759183,0.677450104155357,0.670858393158195,0.657052068534743,0.621556733959184,0.595946716681822,0.585133803191086,0.561279585224888,0.533648794539422,0.526982705225435,0.5062495418346
0.747942420732542,0.838700830320601,0.875224656277577,0.906106106583049,0.929136475538396,0.946142292420134,0.966507765559063,0.979096790315749,0.994083893937971,1,0.993920900081929,0.9790300378354,0.970730794849103,0.956771822238652,0.944371384034697,0.925322849745584,0.891764394043584,0.86736370467995,0.85318870740942,0.834446939344414,0.805538687165495,0.753978235208316,0.693787971006812,0.687537153740865,0.67371619969568,0.637107911557717,0.610720311946337,0.599591219475444,0.575565935051505,0.54799200999649,0.542374701081205,0.52236383031468
0.738188173353773,0.826185673863683,0.861530661771281,0.892762167523525,0.916510850612404,0.934511965879343,0.956608606865215,0.971360720058187,0.987167140956938,0.993920900081929,1,0.9954368073521,0.987652603292515,0.97442006997116,0.963482222495578,0.945235676580792,0.911541016761699,0.886803425006948,0.872256012723255,0.853121362320177,0.823615908643527,0.770632268756381,0.708857360955665,0.704377629472957,0.691872450405814,0.655652830669429,0.630188251115691,0.621279322239834,0.597077792139621,0.567817140312497,0.564126142179852,0.546521691591484
0.722044968836836,0.806750257636041,0.840645478703432,0.871684428965876,0.895828447644082,0.914674725679939,0.938252943406552,0.954957162790726,0.97147340295689,0.9790300378354,0.9954368073521,1,0.994423826771102,0.983135301679951,0.973623697012357,0.956441442707029,0.923282069627763,0.898761075103549,0.884272171540095,0.86531912222553,0.835849792097927,0.782174211278498,0.719506455145933,0.716820607448517,0.70562728939482,0.669542225458401,0.644656625228059,0.637331106528107,0.612755050721812,0.581877059445942,0.579839336730452,0.564507699311799
0.711663864914997,0.795041097798873,0.827956857080431,0.857537866608612,0.881611114007686,0.901473330836479,0.926380571381434,0.944688457075477,0.962188239041831,0.970730794849103,0.987652603292515,0.994423826771102,1,0.996662222190242,0.987764523202116,0.972081869118752,0.941299637328505,0.91868290122563,0.905829161695862,0.889173974062056,0.861605112270206,0.80833647030273,0.745166318440769,0.744149363970272,0.733548013333141,0.694170585341285,0.666537872022772,0.65676977322753,0.629371956150279,0.595631546322664,0.593527105357147,0.578744719179316
0.697302541897206,0.778506185223647,0.810178273045529,0.838530167138627,0.862637097504351,0.883518666512272,0.909602216934402,0.929344401449473,0.947519328841104,0.956771822238652,0.97442006997116,0.983135301679951,0.996662222190242,1,0.994753019164474,0.98241764950425,0.954482144257145,0.933691559681172,0.922026751414369,0.907128601330402,0.881036705403517,0.828132574005085,0.764627434914691,0.765281094952281,0.755417450451457,0.713454395564663,0.68423828939619,0.674152431271745,0.64556033156289,0.610178338554101,0.607668923589563,0.592414955420392
0.684496157997723,0.762837417826755,0.79315637894081,0.821255649782766,0.845996832124972,0.868197082186477,0.895471166475018,0.916523357153789,0.934920943125959,0.944371384034697,0.963482222495578,0.973623697012357,0.987764523202116,0.994753019164474,1,0.995015693860595,0.970532574083721,0.951039760238678,0.939336941372315,0.924690945511506,0.898679729497431,0.845243514923415,0.78084600297262,0.783149777830096,0.774196942026691,0.730701813909143,0.702178852385292,0.696526286690882,0.670086260796515,0.635379770368762,0.631656832150251,0.613360856287053
0.665145946238284,0.740038520854301,0.769201156752467,0.797696562284559,0.823343657470143,0.846831960239958,0.874600437977108,0.896053478568803,0.915048244829215,0.925322849745584,0.945235676580792,0.956441442707029,0.972081869118752,0.98241764950425,0.995015693860595,1,0.988286276397892,0.974260641177538,0.963316139231086,0.949554103138642,0.924023311951014,0.871148232374194,0.806559751427882,0.810149562857487,0.801698381562573,0.756175312115472,0.728289831620501,0.727756631379964,0.704685943457019,0.672294643883281,0.666878688473368,0.643657000857293
0.633429444145413,0.703681576673237,0.731714004664206,0.761130519343233,0.787782059737259,0.812314675177619,0.839543415466244,0.860166495711297,0.880034312240994,0.891764394043584,0.911541016761699,0.923282069627763,0.941299637328505,0.954482144257145,0.970532574083721,0.988286276397892,1,0.99628415865267,0.987092734362885,0.975037535439643,0.950639785926722,0.89999454125945,0.836534538745563,0.840933437250843,0.83256380526223,0.784830526237582,0.75772103158826,0.763004729228177,0.744828294860189,0.716861559450593,0.709271726041292,0.679215341855444
0.611552280116907,0.678227072537921,0.70503658651748,0.734606003318308,0.761779620890932,0.787108352057172,0.814159023396529,0.834467392527814,0.854808832141353,0.86736370467995,0.886803425006948,0.898761075103549,0.91868290122563,0.933691559681172,0.951039760238678,0.974260641177538,0.99628415865267,1,0.996214909908351,0.986825482780029,0.963700671959441,0.914396252699462,0.851615514375791,0.856589444936567,0.848670307023788,0.801632838536499,0.774764232104304,0.779885112073358,0.762457061052636,0.736008212044229,0.728241021867791,0.696421142017621
0.599171429294713,0.663331091997736,0.689007106892891,0.718361762958866,0.745851609227928,0.771904463346401,0.799128340523011,0.819546161174682,0.840180388056894,0.85318870740942,0.872256012723255,0.884272171540095,0.905829161695862,0.922026751414369,0.939336941372315,0.963316139231086,0.987092734362885,0.996214909908351,1,0.993773891833345,0.971877074076387,0.923098525410515,0.860423243730511,0.865828294139546,0.858548586732486,0.813839701473266,0.786749148165124,0.787920234545848,0.768501392048299,0.741561619392039,0.73486198533705,0.70442535823846
0.580597716691487,0.641329653419277,0.665452480140137,0.694304257458369,0.722313977927361,0.749676352672378,0.777722599072614,0.799003712711869,0.820451218739689,0.834446939344414,0.853121362320177,0.86531912222553,0.889173974062056,0.907128601330402,0.924690945511506,0.949554103138642,0.975037535439643,0.986825482780029,0.993773891833345,1,0.991893564861199,0.95722666042327,0.904498201956559,0.908979480889972,0.900876274723157,0.85739854995556,0.827910384032326,0.821085220267872,0.795330511186329,0.76365378669672,0.753624671719825,0.719852552722826
0.5546811705894,0.611322383987338,0.633634746923346,0.661571015991523,0.689727561664847,0.718057605024196,0.746658816518512,0.768654582807407,0.790694956474185,0.805538687165495,0.823615908643527,0.835849792097927,0.861605112270206,0.881036705403517,0.898679729497431,0.924023311951014,0.950639785926722,0.963700671959441,0.971877074076387,0.991893564861199,1,0.982512276692342,0.942355381442247,0.945531044583008,0.93634169734296,0.89415709412887,0.862263674048268,0.847245388102678,0.814898401383093,0.778133282083958,0.763904895720854,0.726139150671124
0.511901375652375,0.564679106832318,0.585354369206964,0.610555925080565,0.636728467456234,0.66366361720469,0.692282847834316,0.715395445644995,0.738081138759183,0.753978235208316,0.770632268756381,0.782174211278498,0.80833647030273,0.828132574005085,0.845243514923415,0.871148232374194,0.89999454125945,0.914396252699462,0.923098525410515,0.95722666042327,0.982512276692342,1,0.988150366650842,0.985635930015636,0.972693891040686,0.936799132389226,0.902506665529312,0.87191771202006,0.830442739995129,0.789526805474839,0.770124743481594,0.726798680327086
0.464945409907233,0.513532795352102,0.532482554017999,0.554776167448277,0.578551142440233,0.603490748168411,0.631366375747359,0.654816738680155,0.677450104155357,0.693787971006812,0.708857360955665,0.719506455145933,0.745166318440769,0.764627434914691,0.78084600297262,0.806559751427882,0.836534538745563,0.851615514375791,0.860423243730511,0.904498201956559,0.942355381442247,0.988150366650842,1,0.992694549854713,0.976892959101903,0.947248890784809,0.911962784009348,0.869389183995374,0.821672267150586,0.778701666906277,0.755717504967694,0.70902401758332
0.45651300075568,0.504478509788597,0.523320069202882,0.545373806706721,0.570437770836529,0.59785299044815,0.625675949928279,0.648130813239702,0.670858393158195,0.687537153740865,0.704377629472957,0.716820607448517,0.744149363970272,0.765281094952281,0.783149777830096,0.810149562857487,0.840933437250843,0.856589444936567,0.865828294139546,0.908979480889972,0.945531044583008,0.985635930015636,0.992694549854713,1,0.995241297309859,0.965767327281523,0.930690173596078,0.888671188914091,0.839301774501241,0.793315867906685,0.771432805412739,0.726867745646771
0.441196160202336,0.489276820615881,0.508807252783364,0.5306263372243,0.556371680654154,0.585176270212998,0.612801632448468,0.634555491135206,0.657052068534743,0.67371619969568,0.691872450405814,0.70562728939482,0.733548013333141,0.755417450451457,0.774196942026691,0.801698381562573,0.83256380526223,0.848670307023788,0.858548586732486,0.900876274723157,0.93634169734296,0.972693891040686,0.976892959101903,0.995241297309859,1,0.977768627503284,0.946525940753981,0.904526666135464,0.854317349605951,0.807035274725963,0.786896878653456,0.744600299497128
0.398042190892489,0.451314448293697,0.476316269629129,0.498424840418945,0.523087844981253,0.549727224021082,0.577295969736009,0.600177204010802,0.621556733959184,0.637107911557717,0.655652830669429,0.669542225458401,0.694170585341285,0.713454395564663,0.730701813909143,0.756175312115472,0.784830526237582,0.801632838536499,0.813839701473266,0.85739854995556,0.89415709412887,0.936799132389226,0.947248890784809,0.965767327281523,0.977768627503284,1,0.99081817668739,0.944186231036137,0.894490217242595,0.851685303213664,0.836396014688298,0.796563667707356
0.366496073436746,0.420804165613973,0.448617565836001,0.472352916909139,0.497133771827253,0.522690754615382,0.550852197085398,0.575265026441934,0.595946716681822,0.610720311946337,0.630188251115691,0.644656625228059,0.666537872022772,0.68423828939619,0.702178852385292,0.728289831620501,0.75772103158826,0.774764232104304,0.786749148165124,0.827910384032326,0.862263674048268,0.902506665529312,0.911962784009348,0.930690173596078,0.946525940753981,0.99081817668739,1,0.971514322975651,0.932322097373142,0.894599121375759,0.879061597466081,0.834737359257738
0.347842206102296,0.397931789691284,0.425716974959411,0.45382726306108,0.480855103013783,0.506953329552006,0.537189012197041,0.564468629081236,0.585133803191086,0.599591219475444,0.621279322239834,0.637331106528107,0.65676977322753,0.674152431271745,0.696526286690882,0.727756631379964,0.763004729228177,0.779885112073358,0.787920234545848,0.821085220267872,0.847245388102678,0.87191771202006,0.869389183995374,0.888671188914091,0.904526666135464,0.944186231036137,0.971514322975651,1,0.988733950669206,0.957974158078301,0.934311602613584,0.873289272031912
0.322560881889615,0.370187655304165,0.39851654241196,0.428918755640602,0.456101772268487,0.480660800377914,0.511590483473072,0.540717437278084,0.561279585224888,0.575565935051505,0.597077792139621,0.612755050721812,0.629371956150279,0.64556033156289,0.670086260796515,0.704685943457019,0.744828294860189,0.762457061052636,0.768501392048299,0.795330511186329,0.814898401383093,0.830442739995129,0.821672267150586,0.839301774501241,0.854317349605951,0.894490217242595,0.932322097373142,0.988733950669206,1,0.987342569558356,0.964199041279057,0.894596476655206
0.296085573437526,0.3429690959711,0.372467175100722,0.403869971890686,0.429950511586171,0.45175178760202,0.482636104909836,0.513075194416988,0.533648794539422,0.54799200999649,0.567817140312497,0.581877059445942,0.595631546322664,0.610178338554101,0.635379770368762,0.672294643883281,0.716861559450593,0.736008212044229,0.741561619392039,0.76365378669672,0.778133282083958,0.789526805474839,0.778701666906277,0.793315867906685,0.807035274725963,0.851685303213664,0.894599121375759,0.957974158078301,0.987342569558356,1,0.983284381006859,0.91053319659559
0.278207442988391,0.326403325158793,0.357982083242856,0.390355136914791,0.416878297123235,0.438696580610726,0.471669249952181,0.505175308325165,0.526982705225435,0.542374701081205,0.564126142179852,0.579839336730452,0.593527105357147,0.607668923589563,0.631656832150251,0.666878688473368,0.709271726041292,0.728241021867791,0.73486198533705,0.753624671719825,0.763904895720854,0.770124743481594,0.755717504967694,0.771432805412739,0.786896878653456,0.836396014688298,0.879061597466081,0.934311602613584,0.964199041279057,0.983284381006859,1,0.969571814231918
0.25276830010268,0.300923547857872,0.333424545863156,0.365233640908413,0.391655046859992,0.413725721716869,0.448101701489069,0.483734582382722,0.5062495418346,0.52236383031468,0.546521691591484,0.564507699311799,0.578744719179316,0.592414955420392,0.613360856287053,0.643657000857293,0.679215341855444,0.696421142017621,0.70442535823846,0.719852552722826,0.726139150671124,0.726798680327086,0.70902401758332,0.726867745646771,0.744600299497128,0.796563667707356,0.834737359257738,0.873289272031912,0.894596476655206,0.91053319659559,0.969571814231918,1
