1,0.967286113236372,0.878291369767771,0.869685227711374,0.842854214803641,0.838739984654932,0.820274503891996,0.812593944136403,0.793588566608129,0.786828151749785,0.775503523240873,0.76476730105254,0.750758493549962,0.74108572556872,0.728787969055705,0.712587498415981,0.690884076923764,0.658461620318854,0.613736271012991,0.571425086656055,0.538239989972833,0.510007238194692,0.491502987898974,0.468392716778515,0.418821581016543,0.371514324927671,0.328750426638897,0.279968089012819,0.226157940244715,0.185112375022952,0.175370456970885,0.165675303500127
0.967286113236372,1,0.970642421675025,0.958388851282592,0.925810609766006,0.91851724089487,0.895363514954947,0.886547265636782,0.865397236084946,0.857066842422226,0.84369514787271,0.832431830093015,0.818019761652258,0.807055660361878,0.792627907849665,0.774020776451383,0.749516547314222,0.715845929883732,0.671350376624205,0.628438460504438,0.594166377026903,0.565010579748838,0.546540535262315,0.523242286778385,0.473806278060113,0.425181625130642,0.366713781440222,0.306977863077736,0.249903461095829,0.206186515679091,0.202724190835318,0.197378704993635
0.878291369767771,0.970642421675025,1,0.989171257388659,0.95712916833732,0.947270440774788,0.920934082180559,0.911570646129791,0.889545164461315,0.880281549638268,0.865785654834742,0.854724852497013,0.840785911648741,0.829411981140417,0.814008831581321,0.794396059094067,0.768808012661565,0.736004346151601,0.694321339964504,0.653226662751907,0.619729681149624,0.591197085305938,0.573644824819397,0.551305724038097,0.504551217821995,0.457132545790596,0.387502464717578,0.320501875732796,0.262917690559271,0.218540816372891,0.221594852844292,0.220875796491188
0.869685227711374,0.958388851282592,0.989171257388659,1,0.989241482059812,0.979564914829379,0.952875743711804,0.943620435376523,0.921262090233213,0.912393190411648,0.89813626006112,0.887331314837065,0.873491982206595,0.863057801996859,0.848754849868009,0.8301909010336,0.805413948570254,0.77311600572696,0.731475422535551,0.689837110705112,0.655395346388653,0.62586338665572,0.607337168881882,0.5838799143751,0.535469006714958,0.486152852930931,0.418487867148113,0.349852460167533,0.288534064771811,0.24074441706156,0.245565509009154,0.245767463110621
0.842854214803641,0.925810609766006,0.95712916833732,0.989241482059812,1,0.992189255244808,0.967249527151078,0.958381986604162,0.936195923751966,0.927882230666218,0.914109566802515,0.903818415645238,0.890412164975487,0.881187168498589,0.868320220429218,0.851215812158238,0.827767643841357,0.796640339610691,0.75588359535224,0.714552895497111,0.679916360178774,0.650005670419411,0.63087066106018,0.606744368808374,0.557590816371608,0.507289785828627,0.443560761444586,0.374761779983463,0.311081619328816,0.260782457055807,0.267203508266825,0.268174682939459
0.838739984654932,0.91851724089487,0.947270440774788,0.979564914829379,0.992189255244808,1,0.991357440042223,0.983435886371639,0.961695201939022,0.953181913892925,0.938922643567233,0.929026063991423,0.916139137754541,0.907565696127982,0.895224049810179,0.878506257905805,0.855205482319321,0.82412095522985,0.783203067438095,0.741767170731199,0.707485604612121,0.677627681710595,0.658243258287478,0.633671330869342,0.583513311776778,0.531980121027697,0.474489743502211,0.406172644227784,0.343347423606931,0.291924325169066,0.297776313931884,0.297270677780119
0.820274503891996,0.895363514954947,0.920934082180559,0.952875743711804,0.967249527151078,0.991357440042223,1,0.993206856803637,0.972301050889969,0.963721360788061,0.949190703570305,0.939875914093953,0.92775238644394,0.920008695396318,0.908427542130764,0.892398158990402,0.869645174265498,0.839129626261857,0.798732018660118,0.757883972305187,0.724553604339732,0.695254489687265,0.67593452484873,0.651308139519189,0.600939253852603,0.548978916640222,0.49901872342297,0.432360030553384,0.371492977954108,0.319754694466391,0.32490956386267,0.322859316380699
0.812593944136403,0.886547265636782,0.911570646129791,0.943620435376523,0.958381986604162,0.983435886371639,0.993206856803637,1,0.992893141940908,0.986586635957224,0.972591355158222,0.964052788761897,0.952643445719069,0.944802424951377,0.932569663462168,0.917520165277573,0.896792807688415,0.869017983763881,0.831912147494028,0.793846431231782,0.763202844621696,0.735734653511506,0.717450269587881,0.693291885560521,0.6418281861795,0.588090717434914,0.533944845974052,0.462280247165163,0.404426878541126,0.353022190903363,0.357413706133849,0.353488716178292
0.793588566608129,0.865397236084946,0.889545164461315,0.921262090233213,0.936195923751966,0.961695201939022,0.972301050889969,0.992893141940908,1,0.996108846757569,0.982859731627162,0.97522862001173,0.964701368691936,0.956861339674663,0.944124285210843,0.930280425153814,0.911909770726205,0.887321689647131,0.854097340521483,0.819404369382836,0.791928288520218,0.766711476076476,0.74974151272453,0.726399864689565,0.674536071529987,0.619734178691372,0.561979834623197,0.48617414246162,0.432191903570786,0.3818494034351,0.385405736857781,0.379633115536376
0.786828151749785,0.857066842422226,0.880281549638268,0.912393190411648,0.927882230666218,0.953181913892925,0.963721360788061,0.986586635957224,0.996108846757569,1,0.995224280741623,0.989987679837282,0.979989002529483,0.972554103350618,0.960049189533707,0.946906128839285,0.929478884776222,0.905743489889388,0.873184223878377,0.839273907454489,0.81308351960236,0.788795778530883,0.772577432261405,0.749743604078731,0.698081091562706,0.642886558572186,0.582692803254798,0.503939559337702,0.450769826421643,0.400097377559044,0.404288167855769,0.398356892802584
0.775503523240873,0.84369514787271,0.865785654834742,0.89813626006112,0.914109566802515,0.938922643567233,0.949190703570305,0.972591355158222,0.982859731627162,0.995224280741623,1,0.99739922739374,0.987960241666268,0.981043667739461,0.968969098910787,0.95656231812035,0.940025083068594,0.917014549082538,0.884943226141804,0.851733628459372,0.826781422126389,0.803435874572658,0.788021091659813,0.765833694389431,0.714861988717933,0.659801984102472,0.597803387762145,0.516887366612463,0.464537179110252,0.413747504631767,0.418737827866442,0.412922893427828
0.76476730105254,0.832431830093015,0.854724852497013,0.887331314837065,0.903818415645238,0.929026063991423,0.939875914093953,0.964052788761897,0.97522862001173,0.989987679837282,0.99739922739374,1,0.996382834543998,0.99132118400075,0.979078378770179,0.967322252149371,0.951963203750037,0.930249384234374,0.899508186023815,0.867591136211523,0.84417503568922,0.82180061886146,0.806596987080761,0.784444551684804,0.73312132381448,0.67733516779207,0.610950540537552,0.526761268390142,0.475660255077481,0.425182618114039,0.432277226145781,0.427616015284252
0.750758493549962,0.818019761652258,0.840785911648741,0.873491982206595,0.890412164975487,0.916139137754541,0.92775238644394,0.952643445719069,0.964701368691936,0.979989002529483,0.987960241666268,0.996382834543998,1,0.997164298342487,0.984643159891389,0.973556208806982,0.959507917609102,0.939332923432783,0.910284161018214,0.879956396176592,0.858243104792332,0.83693560218097,0.821841322341215,0.799653354558393,0.747931576818275,0.691453336763012,0.620346613116313,0.533033484630582,0.483524392531811,0.433717317442869,0.443214920975346,0.440004660569341
0.74108572556872,0.807055660361878,0.829411981140417,0.863057801996859,0.881187168498589,0.907565696127982,0.920008695396318,0.944802424951377,0.956861339674663,0.972554103350618,0.981043667739461,0.99132118400075,0.997164298342487,1,0.994667202154893,0.986899969158361,0.973157468706638,0.95356538975492,0.925321199557282,0.895415727987001,0.873791349297169,0.852532122909523,0.8376587837528,0.815599023422672,0.764063014007359,0.707472702369829,0.642944079912812,0.556981291196657,0.506734121927656,0.455281155283325,0.466180392451508,0.463429553376536
0.728787969055705,0.792627907849665,0.814008831581321,0.848754849868009,0.868320220429218,0.895224049810179,0.908427542130764,0.932569663462168,0.944124285210843,0.960049189533707,0.968969098910787,0.979078378770179,0.984643159891389,0.994667202154893,1,0.996808858331395,0.982972035901187,0.963619185125913,0.935921350075455,0.906064872029977,0.88389284196902,0.862330934899682,0.847826426321134,0.826117806020716,0.775388246963549,0.719344729638965,0.667128137754604,0.585215914547467,0.533457554380739,0.479620335606492,0.491334469956648,0.488572856908786
0.712587498415981,0.774020776451383,0.794396059094067,0.8301909010336,0.851215812158238,0.878506257905805,0.892398158990402,0.917520165277573,0.930280425153814,0.946906128839285,0.95656231812035,0.967322252149371,0.973556208806982,0.986899969158361,0.996808858331395,1,0.993623450480493,0.979584626514713,0.954708491873354,0.926863858386655,0.905896504898198,0.885002798876208,0.870427991150357,0.848485043517097,0.797140541962429,0.740200013133354,0.690754221976626,0.608224291648581,0.556820988174678,0.502052844942843,0.513032068342083,0.508970637800183
0.690884076923764,0.749516547314222,0.768808012661565,0.805413948570254,0.827767643841357,0.855205482319321,0.869645174265498,0.896792807688415,0.911909770726205,0.929478884776222,0.940025083068594,0.951963203750037,0.959507917609102,0.973157468706638,0.982972035901187,0.993623450480493,1,0.994863942584718,0.974486917258396,0.950145351973296,0.931717683393585,0.912273858578944,0.897375704526335,0.874877514140145,0.822131877489629,0.763527276317251,0.709987857743583,0.623817290946457,0.57435611299262,0.520003363291269,0.529089304181568,0.522849247048143
0.658461620318854,0.715845929883732,0.736004346151601,0.77311600572696,0.796640339610691,0.82412095522985,0.839129626261857,0.869017983763881,0.887321689647131,0.905743489889388,0.917014549082538,0.930249384234374,0.939332923432783,0.95356538975492,0.963619185125913,0.979584626514713,0.994863942584718,1,0.990947387097421,0.974319465042156,0.958968527753617,0.941317837514244,0.926108175151688,0.903351226606745,0.851344154323572,0.792565713939796,0.732058496047524,0.64058830071873,0.595825692147359,0.543382788653936,0.550684881894681,0.541973689188999
0.613736271012991,0.671350376624205,0.694321339964504,0.731475422535551,0.75588359535224,0.783203067438095,0.798732018660118,0.831912147494028,0.854097340521483,0.873184223878377,0.884943226141804,0.899508186023815,0.910284161018214,0.925321199557282,0.935921350075455,0.954708491873354,0.974486917258396,0.990947387097421,1,0.99528023830744,0.983511218630031,0.968009181333502,0.952562839578096,0.929943881089968,0.881067130211322,0.823881260834951,0.753846153117286,0.655834952410154,0.618643687221311,0.569785936450186,0.575457699521823,0.564086140557637
0.571425086656055,0.628438460504438,0.653226662751907,0.689837110705112,0.714552895497111,0.741767170731199,0.757883972305187,0.793846431231782,0.819404369382836,0.839273907454489,0.851733628459372,0.867591136211523,0.879956396176592,0.895415727987001,0.906064872029977,0.926863858386655,0.950145351973296,0.974319465042156,0.99528023830744,1,0.994584098923212,0.983486222674978,0.96945984897406,0.948294228812001,0.902575594590414,0.847190967486721,0.768294838133444,0.664689419498755,0.632213104619866,0.585680449069485,0.589929929698065,0.576598354000543
0.538239989972833,0.594166377026903,0.619729681149624,0.655395346388653,0.679916360178774,0.707485604612121,0.724553604339732,0.763202844621696,0.791928288520218,0.81308351960236,0.826781422126389,0.84417503568922,0.858243104792332,0.873791349297169,0.88389284196902,0.905896504898198,0.931717683393585,0.958968527753617,0.983511218630031,0.994584098923212,1,0.996811634668924,0.986588612703213,0.968647375938403,0.925675885490583,0.87173691068282,0.783345215102489,0.673781387818695,0.641544077465805,0.594924398875877,0.598039418298612,0.583498031664088
0.510007238194692,0.565010579748838,0.591197085305938,0.62586338665572,0.650005670419411,0.677627681710595,0.695254489687265,0.735734653511506,0.766711476076476,0.788795778530883,0.803435874572658,0.82180061886146,0.83693560218097,0.852532122909523,0.862330934899682,0.885002798876208,0.912273858578944,0.941317837514244,0.968009181333502,0.983486222674978,0.996811634668924,1,0.994844487950388,0.98134083503322,0.942608878094801,0.891434084331011,0.797142373226742,0.683502428702874,0.651180591215341,0.604193012891966,0.606763095849341,0.591497064983492
0.491502987898974,0.546540535262315,0.573644824819397,0.607337168881882,0.63087066106018,0.658243258287478,0.67593452484873,0.717450269587881,0.74974151272453,0.772577432261405,0.788021091659813,0.806596987080761,0.821841322341215,0.8376587837528,0.847826426321134,0.870427991150357,0.897375704526335,0.926108175151688,0.952562839578096,0.96945984897406,0.986588612703213,0.994844487950388,1,0.995651222096914,0.966099257516496,0.921373425617708,0.826505960052144,0.710111928743538,0.676300935975496,0.627293031244713,0.630661383110396,0.615376191146458
0.468392716778515,0.523242286778385,0.551305724038097,0.5838799143751,0.606744368808374,0.633671330869342,0.651308139519189,0.693291885560521,0.726399864689565,0.749743604078731,0.765833694389431,0.784444551684804,0.799653354558393,0.815599023422672,0.826117806020716,0.848485043517097,0.874877514140145,0.903351226606745,0.929943881089968,0.948294228812001,0.968647375938403,0.98134083503322,0.995651222096914,1,0.982453891607399,0.946455484411219,0.849622699949804,0.730313246169029,0.694304854802308,0.64322042987528,0.647965216907476,0.633381466685343
0.418821581016543,0.473806278060113,0.504551217821995,0.535469006714958,0.557590816371608,0.583513311776778,0.600939253852603,0.6418281861795,0.674536071529987,0.698081091562706,0.714861988717933,0.73312132381448,0.747931576818275,0.764063014007359,0.775388246963549,0.797140541962429,0.822131877489629,0.851344154323572,0.881067130211322,0.902575594590414,0.925675885490583,0.942608878094801,0.966099257516496,0.982453891607399,1,0.990046032040106,0.879249109928214,0.750547033119849,0.70584880905489,0.649441537778488,0.659831724765618,0.649974030353905
0.371514324927671,0.425181625130642,0.457132545790596,0.486152852930931,0.507289785828627,0.531980121027697,0.548978916640222,0.588090717434914,0.619734178691372,0.642886558572186,0.659801984102472,0.67733516779207,0.691453336763012,0.707472702369829,0.719344729638965,0.740200013133354,0.763527276317251,0.792565713939796,0.823881260834951,0.847190967486721,0.87173691068282,0.891434084331011,0.921373425617708,0.946455484411219,0.990046032040106,1,0.884386324745435,0.752871793930158,0.702458073810203,0.642963393940874,0.657095917669674,0.650718071600122
0.328750426638897,0.366713781440222,0.387502464717578,0.418487867148113,0.443560761444586,0.474489743502211,0.49901872342297,0.533944845974052,0.561979834623197,0.582692803254798,0.597803387762145,0.610950540537552,0.620346613116313,0.642944079912812,0.667128137754604,0.690754221976626,0.709987857743583,0.732058496047524,0.753846153117286,0.768294838133444,0.783345215102489,0.797142373226742,0.826505960052144,0.849622699949804,0.879249109928214,0.884386324745435,1,0.973032771855377,0.916520665650338,0.838595856425608,0.831079221052018,0.802832856162979
0.279968089012819,0.306977863077736,0.320501875732796,0.349852460167533,0.374761779983463,0.406172644227784,0.432360030553384,0.462280247165163,0.48617414246162,0.503939559337702,0.516887366612463,0.526761268390142,0.533033484630582,0.556981291196657,0.585215914547467,0.608224291648581,0.623817290946457,0.64058830071873,0.655834952410154,0.664689419498755,0.673781387818695,0.683502428702874,0.710111928743538,0.730313246169029,0.750547033119849,0.752871793930158,0.973032771855377,1,0.945226934208075,0.86474777992814,0.847164471337405,0.810486451225072
0.226157940244715,0.249903461095829,0.262917690559271,0.288534064771811,0.311081619328816,0.343347423606931,0.371492977954108,0.404426878541126,0.432191903570786,0.450769826421643,0.464537179110252,0.475660255077481,0.483524392531811,0.506734121927656,0.533457554380739,0.556820988174678,0.57435611299262,0.595825692147359,0.618643687221311,0.632213104619866,0.641544077465805,0.651180591215341,0.676300935975496,0.694304854802308,0.70584880905489,0.702458073810203,0.916520665650338,0.945226934208075,1,0.981282670980228,0.956921840942402,0.903508243310548
0.185112375022952,0.206186515679091,0.218540816372891,0.24074441706156,0.260782457055807,0.291924325169066,0.319754694466391,0.353022190903363,0.3818494034351,0.400097377559044,0.413747504631767,0.425182618114039,0.433717317442869,0.455281155283325,0.479620335606492,0.502052844942843,0.520003363291269,0.543382788653936,0.569785936450186,0.585680449069485,0.594924398875877,0.604193012891966,0.627293031244713,0.64322042987528,0.649441537778488,0.642963393940874,0.838595856425608,0.86474777992814,0.981282670980228,1,0.973260233782334,0.912982151771554
0.175370456970885,0.202724190835318,0.221594852844292,0.245565509009154,0.267203508266825,0.297776313931884,0.32490956386267,0.357413706133849,0.385405736857781,0.404288167855769,0.418737827866442,0.432277226145781,0.443214920975346,0.466180392451508,0.491334469956648,0.513032068342083,0.529089304181568,0.550684881894681,0.575457699521823,0.589929929698065,0.598039418298612,0.606763095849341,0.630661383110396,0.647965216907476,0.659831724765618,0.657095917669674,0.831079221052018,0.847164471337405,0.956921840942402,0.973260233782334,1,0.98214924756326
0.165675303500127,0.197378704993635,0.220875796491188,0.245767463110621,0.268174682939459,0.297270677780119,0.322859316380699,0.353488716178292,0.379633115536376,0.398356892802584,0.412922893427828,0.427616015284252,0.440004660569341,0.463429553376536,0.488572856908786,0.508970637800183,0.522849247048143,0.541973689188999,0.564086140557637,0.576598354000543,0.583498031664088,0.591497064983492,0.615376191146458,0.633381466685343,0.649974030353905,0.650718071600122,0.802832856162979,0.810486451225072,0.903508243310548,0.912982151771554,0.98214924756326,1
