1,0.988847076037245,0.951310388991538,0.885113270394883,0.82248115400257,0.793928769618218,0.756323390029081,0.713897024868256,0.683714054356842,0.667133448750847,0.644830917714078,0.619902663564905,0.599334242117725,0.580046297576083,0.556927150245894,0.532412379235413,0.49722093135987,0.451059135956576,0.410537428590481,0.377115782805205,0.354280053541303,0.333779899448481,0.312530751380942,0.292294883819775,0.276568775538504,0.259899669393906,0.24240629972668,0.226035148634545,0.198875468881827,0.168630572140115,0.146030280030774,0.129553081380416
0.988847076037245,1,0.986607230640232,0.944552120429893,0.897722445522013,0.871906450057695,0.835665328028815,0.793527466188333,0.762910893968856,0.745003589460221,0.720630031223522,0.693247145136591,0.672533108632941,0.655064773196239,0.632726196943151,0.608271477107056,0.573636282783162,0.527005791963976,0.484946699387631,0.449757640408712,0.425900785463928,0.404047166330253,0.380781067095784,0.35828968611016,0.340918630786277,0.321991572625337,0.301693340689848,0.282488666660544,0.253125555763855,0.219605958953976,0.193917373326788,0.1749491776362
0.951310388991538,0.986607230640232,1,0.98546230911586,0.957138767889264,0.934980768014579,0.901161835685683,0.860418991105989,0.830111550062453,0.811209797678765,0.785192182919689,0.755822175236141,0.735479095392994,0.720450929116882,0.699539275329241,0.67577654886145,0.642637488908816,0.596687771260493,0.554021953310462,0.51779831616953,0.493434032499383,0.470657706394582,0.445778415790224,0.421392729807322,0.402664947063223,0.381749639647437,0.358899290996416,0.337083107577612,0.306058700565185,0.269810983948936,0.241397899403194,0.22018727539158
0.885113270394883,0.944552120429893,0.98546230911586,1,0.991758699806014,0.974041967052039,0.943709313703466,0.905580121484162,0.876458034334525,0.85705895483366,0.830070112551908,0.799467052140503,0.780089865227283,0.768031409161785,0.749201704816876,0.726836668642568,0.696199971085334,0.652268301541543,0.610185966328827,0.573916655005228,0.54971791945109,0.526629364816385,0.500778567198889,0.475114514045681,0.455507109754569,0.433116724666694,0.408259116265833,0.38434435119795,0.352473389765808,0.31441674732059,0.283975321914842,0.26103328835839
0.82248115400257,0.897722445522013,0.957138767889264,0.991758699806014,1,0.99167145106262,0.969652351240843,0.938640298935984,0.913543225933693,0.894584524663757,0.867541758794942,0.83656310629564,0.818047276329993,0.807936111465136,0.790377608347228,0.768777912423975,0.740800234359436,0.699724517665177,0.658960198872816,0.623250603432844,0.599122796212189,0.575287034967861,0.548197142659083,0.521099811457659,0.501480071789149,0.479041951773258,0.453402829240466,0.428406155354496,0.395936504980035,0.356100570604249,0.323706982871453,0.29910925201483
0.793928769618218,0.871906450057695,0.934980768014579,0.974041967052039,0.99167145106262,1,0.993064971601383,0.975243319292132,0.957881997556513,0.940360248758886,0.914038451224899,0.883274371132275,0.864856097045798,0.854546096640693,0.836310678994736,0.813752804436563,0.787696326555995,0.749491594269306,0.710019711167943,0.674831534576766,0.649932949688122,0.624014048679536,0.594576360143343,0.565140402619268,0.546405061951854,0.525674091187854,0.500640723474439,0.475642649405287,0.442123237277078,0.399580267528194,0.364607455996403,0.337921566091165
0.756323390029081,0.835665328028815,0.901161835685683,0.943709313703466,0.969652351240843,0.993064971601383,1,0.994478064138155,0.984430583405335,0.968475256460428,0.943194238445895,0.913073263099263,0.895011798788932,0.8846701774314,0.866081949125136,0.842977354910485,0.819053410672473,0.784024812902553,0.746306534298679,0.712105877767684,0.686865667325435,0.659422006289361,0.628269125308479,0.597126320766588,0.579470655627705,0.560599405646104,0.536482916072839,0.511846975938807,0.477856598539302,0.433461030371329,0.396642239090198,0.368438157568933
0.713897024868256,0.793527466188333,0.860418991105989,0.905580121484162,0.938640298935984,0.975243319292132,0.994478064138155,1,0.996598813207827,0.982228609505549,0.958172732604998,0.928978606234669,0.911447187176678,0.901198465028189,0.88251301735029,0.859191010705425,0.837450854399672,0.805667664774055,0.769956492336922,0.737037905929666,0.711788371091413,0.683305082360389,0.650986030331069,0.618684386168082,0.602199270969544,0.585209106532223,0.56219351953953,0.538169380142251,0.504156710292842,0.458627420999277,0.420592074375082,0.391363134727983
0.683714054356842,0.762910893968856,0.830111550062453,0.876458034334525,0.913543225933693,0.957881997556513,0.984430583405335,0.996598813207827,1,0.992859542222543,0.975000999953094,0.951012812857406,0.935869090391272,0.925226503395364,0.905937443930527,0.881903301390226,0.861243546283058,0.831239656735773,0.79641263970915,0.763922683910555,0.739310667450437,0.711296610000815,0.679010297900859,0.64649253298351,0.631523536869663,0.616318087352864,0.594221377121496,0.570599923663769,0.535560615646746,0.487726394879792,0.447650228096072,0.416814491139485
0.667133448750847,0.745003589460221,0.811209797678765,0.85705895483366,0.894584524663757,0.940360248758886,0.968475256460428,0.982228609505549,0.992859542222543,1,0.994545178184164,0.981100598210991,0.970666784243388,0.95903157430184,0.938510044686448,0.913145637504782,0.892278230324974,0.862354552260581,0.827094681341033,0.794024498019754,0.770853838253828,0.745145053644359,0.714339447422281,0.68273635121896,0.669754557491226,0.656282354672816,0.634920143825693,0.611466350428552,0.574158835561409,0.522533527932457,0.479356551497537,0.446160074806632
0.644830917714078,0.720630031223522,0.785192182919689,0.830070112551908,0.867541758794942,0.914038451224899,0.943194238445895,0.958172732604998,0.975000999953094,0.994545178184164,1,0.99593204570669,0.989738641813618,0.977371594867175,0.956012461662414,0.929781593402761,0.908976731238938,0.879473250805661,0.844247377603652,0.811056712343032,0.789417437668585,0.766025139770612,0.736874642647273,0.706441041242476,0.695348726928722,0.683549681337641,0.663079622505983,0.640046804289278,0.60119240617861,0.546856102829794,0.501472877678268,0.466600514092147
0.619902663564905,0.693247145136591,0.755822175236141,0.799467052140503,0.83656310629564,0.883274371132275,0.913073263099263,0.928978606234669,0.951012812857406,0.981100598210991,0.99593204570669,1,0.997524141036522,0.984633466954821,0.962738290419123,0.935989224571281,0.915421064356832,0.886539627178698,0.851652414323339,0.818649089416347,0.798522730741719,0.777336966956082,0.749872217506023,0.720716121797408,0.711353466060894,0.701103409926073,0.681583786479568,0.65911686941851,0.61926731432644,0.563066145921789,0.51617548185551,0.480161555711606
0.599334242117725,0.672533108632941,0.735479095392994,0.780089865227283,0.818047276329993,0.864856097045798,0.895011798788932,0.911447187176678,0.935869090391272,0.970666784243388,0.989738641813618,0.997524141036522,1,0.993407170293069,0.976921663769848,0.954736310558824,0.936490779666691,0.907685072476089,0.872519050630173,0.839132621391667,0.820191518963711,0.800891647912047,0.77469088766125,0.746361913402507,0.737311524459033,0.72665669336078,0.706400774879168,0.683095509548096,0.644413571000891,0.588856490519621,0.541871206356107,0.505573291584915
0.580046297576083,0.655064773196239,0.720450929116882,0.768031409161785,0.807936111465136,0.854546096640693,0.8846701774314,0.901198465028189,0.925226503395364,0.95903157430184,0.977371594867175,0.984633466954821,0.993407170293069,1,0.994967722536228,0.982541788563663,0.96880110612349,0.939652759370835,0.903734429633792,0.869527237789134,0.851561257151894,0.83396645848764,0.808758538987099,0.780952826734237,0.770873334313134,0.757932492818745,0.735348219573779,0.709897846544692,0.674686949002171,0.622466938817012,0.576951758086326,0.54134355001622
0.556927150245894,0.632726196943151,0.699539275329241,0.749201704816876,0.790377608347228,0.836310678994736,0.866081949125136,0.88251301735029,0.905937443930527,0.938510044686448,0.956012461662414,0.962738290419123,0.976921663769848,0.994967722536228,1,0.996238025258098,0.986582947846163,0.957449771869653,0.92126163719782,0.886706339493103,0.869786558161062,0.853871936043005,0.82980387531993,0.80275564724169,0.79188551115296,0.777086363821236,0.75271087113168,0.725660376426683,0.693863285801242,0.645123595266771,0.601384611787473,0.566763586028831
0.532412379235413,0.608271477107056,0.67577654886145,0.726836668642568,0.768777912423975,0.813752804436563,0.842977354910485,0.859191010705425,0.881903301390226,0.913145637504782,0.929781593402761,0.935989224571281,0.954736310558824,0.982541788563663,0.996238025258098,1,0.993956890795095,0.96507323336704,0.928945389453625,0.894369410907278,0.878491776525322,0.864159469483237,0.841272565203093,0.815098961498974,0.803633205207951,0.787346902421709,0.761619983049738,0.733405047311786,0.704818557929517,0.659484473778929,0.617636630494204,0.5841503425943
0.49722093135987,0.573636282783162,0.642637488908816,0.696199971085334,0.740800234359436,0.787696326555995,0.819053410672473,0.837450854399672,0.861243546283058,0.892278230324974,0.908976731238938,0.915421064356832,0.936490779666691,0.96880110612349,0.986582947846163,0.993956890795095,1,0.98733533020611,0.962593256332782,0.936143300205647,0.923160728422393,0.908169078458157,0.884175116092522,0.856716305540647,0.844408442815366,0.82690325978373,0.799564480012838,0.769681637295583,0.739354274094847,0.691532569432024,0.647469552087272,0.612235223603121
0.451059135956576,0.527005791963976,0.596687771260493,0.652268301541543,0.699724517665177,0.749491594269306,0.784024812902553,0.805667664774055,0.831239656735773,0.862354552260581,0.879473250805661,0.886539627178698,0.907685072476089,0.939652759370835,0.957449771869653,0.96507323336704,0.98733533020611,1,0.99338789318115,0.980070692118675,0.971093838155382,0.954222319212003,0.928083162955556,0.898474254106364,0.885477979778793,0.867407899362567,0.838963158290012,0.807799387025155,0.773027698618726,0.719757310500808,0.671665030852983,0.633508852792206
0.410537428590481,0.484946699387631,0.554021953310462,0.610185966328827,0.658960198872816,0.710019711167943,0.746306534298679,0.769956492336922,0.79641263970915,0.827094681341033,0.844247377603652,0.851652414323339,0.872519050630173,0.903734429633792,0.92126163719782,0.928945389453625,0.962593256332782,0.99338789318115,1,0.996396526725299,0.990460070019151,0.972494350858294,0.945215205380394,0.914517500468351,0.901228093787047,0.883034312476548,0.854238006289824,0.822638951602799,0.785199684784676,0.728826760345084,0.678577424756085,0.638908816926451
0.377115782805205,0.449757640408712,0.51779831616953,0.573916655005228,0.623250603432844,0.674831534576766,0.712105877767684,0.737037905929666,0.763922683910555,0.794024498019754,0.811056712343032,0.818649089416347,0.839132621391667,0.869527237789134,0.886706339493103,0.894369410907278,0.936143300205647,0.980070692118675,0.996396526725299,1,0.996360134966602,0.977738537038409,0.949848740642857,0.918607223664543,0.905214060926894,0.887083327318367,0.858271724583687,0.826619314348618,0.78752707942563,0.729340562856821,0.67792416262595,0.637474917010823
0.354280053541303,0.425900785463928,0.493434032499383,0.54971791945109,0.599122796212189,0.649932949688122,0.686865667325435,0.711788371091413,0.739310667450437,0.770853838253828,0.789417437668585,0.798522730741719,0.820191518963711,0.851561257151894,0.869786558161062,0.878491776525322,0.923160728422393,0.971093838155382,0.990460070019151,0.996360134966602,1,0.991601988450922,0.97201357160405,0.947426055451423,0.935415514643662,0.91537007888472,0.884574457569207,0.851077460743976,0.810773778407741,0.751108588667797,0.698322180430285,0.656775141004769
0.333779899448481,0.404047166330253,0.470657706394582,0.526629364816385,0.575287034967861,0.624014048679536,0.659422006289361,0.683305082360389,0.711296610000815,0.745145053644359,0.766025139770612,0.777336966956082,0.800891647912047,0.83396645848764,0.853871936043005,0.864159469483237,0.908169078458157,0.954222319212003,0.972494350858294,0.977738537038409,0.991601988450922,1,0.994232719025514,0.980850969971478,0.971237389277835,0.94831345640063,0.914690248857966,0.878639672110451,0.837811135001428,0.777497051058683,0.723779432123272,0.681386847310764
0.312530751380942,0.380781067095784,0.445778415790224,0.500778567198889,0.548197142659083,0.594576360143343,0.628269125308479,0.650986030331069,0.679010297900859,0.714339447422281,0.736874642647273,0.749872217506023,0.77469088766125,0.808758538987099,0.82980387531993,0.841272565203093,0.884175116092522,0.928083162955556,0.945215205380394,0.949848740642857,0.97201357160405,0.994232719025514,1,0.996080968045298,0.988577453043175,0.963558386406003,0.928018478570895,0.890309324050556,0.849565353311002,0.789481052892721,0.735675125719273,0.693121087885212
0.292294883819775,0.35828968611016,0.421392729807322,0.475114514045681,0.521099811457659,0.565140402619268,0.597126320766588,0.618684386168082,0.64649253298351,0.68273635121896,0.706441041242476,0.720716121797408,0.746361913402507,0.780952826734237,0.80275564724169,0.815098961498974,0.856716305540647,0.898474254106364,0.914517500468351,0.918607223664543,0.947426055451423,0.980850969971478,0.996080968045298,1,0.994301788328149,0.967771879621029,0.930959559431977,0.892209689714876,0.851888932846817,0.792515394609114,0.739103426451919,0.696785409157083
0.276568775538504,0.340918630786277,0.402664947063223,0.455507109754569,0.501480071789149,0.546405061951854,0.579470655627705,0.602199270969544,0.631523536869663,0.669754557491226,0.695348726928722,0.711353466060894,0.737311524459033,0.770873334313134,0.79188551115296,0.803633205207951,0.844408442815366,0.885477979778793,0.901228093787047,0.905214060926894,0.935415514643662,0.971237389277835,0.988577453043175,0.994301788328149,1,0.988687118318436,0.963664788030388,0.93394555941431,0.898224106558675,0.839146767021109,0.785009732351838,0.741809772703005
0.259899669393906,0.321991572625337,0.381749639647437,0.433116724666694,0.479041951773258,0.525674091187854,0.560599405646104,0.585209106532223,0.616318087352864,0.656282354672816,0.683549681337641,0.701103409926073,0.72665669336078,0.757932492818745,0.777086363821236,0.787346902421709,0.82690325978373,0.867407899362567,0.883034312476548,0.887083327318367,0.91537007888472,0.94831345640063,0.963558386406003,0.967771879621029,0.988687118318436,1,0.992828168122361,0.976989595362662,0.948192624272607,0.89015123560651,0.835675346678352,0.791812837928957
0.24240629972668,0.301693340689848,0.358899290996416,0.408259116265833,0.453402829240466,0.500640723474439,0.536482916072839,0.56219351953953,0.594221377121496,0.634920143825693,0.663079622505983,0.681583786479568,0.706400774879168,0.735348219573779,0.75271087113168,0.761619983049738,0.799564480012838,0.838963158290012,0.854238006289824,0.858271724583687,0.884574457569207,0.914690248857966,0.928018478570895,0.930959559431977,0.963664788030388,0.992828168122361,1,0.995481270483437,0.972669572545593,0.91639348997277,0.862529411808331,0.818848899772012
0.226035148634545,0.282488666660544,0.337083107577612,0.38434435119795,0.428406155354496,0.475642649405287,0.511846975938807,0.538169380142251,0.570599923663769,0.611466350428552,0.640046804289278,0.65911686941851,0.683095509548096,0.709897846544692,0.725660376426683,0.733405047311786,0.769681637295583,0.807799387025155,0.822638951602799,0.826619314348618,0.851077460743976,0.878639672110451,0.890309324050556,0.892209689714876,0.93394555941431,0.976989595362662,0.995481270483437,1,0.982175404674038,0.927876372604843,0.875048489652982,0.831958745521597
0.198875468881827,0.253125555763855,0.306058700565185,0.352473389765808,0.395936504980035,0.442123237277078,0.477856598539302,0.504156710292842,0.535560615646746,0.574158835561409,0.60119240617861,0.61926731432644,0.644413571000891,0.674686949002171,0.693863285801242,0.704818557929517,0.739354274094847,0.773027698618726,0.785199684784676,0.78752707942563,0.810773778407741,0.837811135001428,0.849565353311002,0.851888932846817,0.898224106558675,0.948192624272607,0.972669572545593,0.982175404674038,1,0.98120081923267,0.949975089144465,0.920796235007865
0.168630572140115,0.219605958953976,0.269810983948936,0.31441674732059,0.356100570604249,0.399580267528194,0.433461030371329,0.458627420999277,0.487726394879792,0.522533527932457,0.546856102829794,0.563066145921789,0.588856490519621,0.622466938817012,0.645123595266771,0.659484473778929,0.691532569432024,0.719757310500808,0.728826760345084,0.729340562856821,0.751108588667797,0.777497051058683,0.789481052892721,0.792515394609114,0.839146767021109,0.89015123560651,0.91639348997277,0.927876372604843,0.98120081923267,1,0.992391916650845,0.978760414944685
0.146030280030774,0.193917373326788,0.241397899403194,0.283975321914842,0.323706982871453,0.364607455996403,0.396642239090198,0.420592074375082,0.447650228096072,0.479356551497537,0.501472877678268,0.51617548185551,0.541871206356107,0.576951758086326,0.601384611787473,0.617636630494204,0.647469552087272,0.671665030852983,0.678577424756085,0.67792416262595,0.698322180430285,0.723779432123272,0.735675125719273,0.739103426451919,0.785009732351838,0.835675346678352,0.862529411808331,0.875048489652982,0.949975089144465,0.992391916650845,1,0.996554231379749
0.129553081380416,0.1749491776362,0.22018727539158,0.26103328835839,0.29910925201483,0.337921566091165,0.368438157568933,0.391363134727983,0.416814491139485,0.446160074806632,0.466600514092147,0.480161555711606,0.505573291584915,0.54134355001622,0.566763586028831,0.5841503425943,0.612235223603121,0.633508852792206,0.638908816926451,0.637474917010823,0.656775141004769,0.681386847310764,0.693121087885212,0.696785409157083,0.741809772703005,0.791812837928957,0.818848899772012,0.831958745521597,0.920796235007865,0.978760414944685,0.996554231379749,1
