1,0.989487264060927,0.954655016997309,0.90312850470435,0.881888632124824,0.847954553024571,0.807584240361682,0.797564237304913,0.781142763748268,0.759930537583206,0.741589403033265,0.717910423380246,0.690519848452754,0.660212544907558,0.624750594401124,0.590052323623846,0.563916519355701,0.53964009477884,0.513207081456218,0.497521621533918,0.497709677112285,0.493121230282867,0.486197310018463,0.477096844050413,0.465395876583341,0.452539034796048,0.436419445319285,0.416129828649134,0.394928479488395,0.375713775932217,0.352689410371443,0.329818909342276
0.989487264060927,1,0.987674431673192,0.95564068412792,0.936534501883698,0.90355295785797,0.863284879740153,0.852850609533311,0.835528429712573,0.813061597957162,0.794789828732407,0.770859983151541,0.74275334580289,0.71211514897684,0.675821304214897,0.63988362240761,0.612702064451799,0.587169993777974,0.559142614751731,0.542730110244185,0.54356123993976,0.539072122574105,0.53202341214629,0.522878243383245,0.510771917434192,0.497300826666303,0.480608947049244,0.459149685108717,0.436522219744559,0.418190982401797,0.39532007850222,0.371967715734418
0.954655016997309,0.987674431673192,1,0.989822582981356,0.973478577133387,0.942309739877269,0.903106804674768,0.892471501892511,0.874585084041685,0.851292935296715,0.833529345079509,0.809895208457869,0.781679802513982,0.751409712463436,0.715075799803946,0.678648552400633,0.650979473383432,0.624693616476687,0.595605002547019,0.578794651547005,0.580302079650155,0.576026874361824,0.569010182666904,0.560033404596861,0.547775321500193,0.533958741111823,0.517043127900509,0.494826618588274,0.471192017883783,0.454251470510834,0.432088778678064,0.408768429747445
0.90312850470435,0.95564068412792,0.989822582981356,1,0.989725549541573,0.96365345802414,0.928583152206776,0.918264004015577,0.90039973889874,0.876924038959073,0.860195602620404,0.837436654644832,0.809725732438509,0.780804619734259,0.74552608160403,0.709558511246088,0.681829594891191,0.654898144167903,0.624923003195917,0.6078375243955,0.610056162287092,0.60609060854809,0.599224850648454,0.590543713506022,0.578297275147622,0.564310992185211,0.547068381655457,0.524108772820346,0.499547229535212,0.484174305610759,0.463001156199001,0.440014084456936
0.881888632124824,0.936534501883698,0.973478577133387,0.989725549541573,1,0.991950381254291,0.972105912007302,0.963614426914574,0.946913317123525,0.924135904200504,0.909026046931922,0.887387406583261,0.860184238425654,0.834155847441296,0.801483999157382,0.766876711616446,0.738292583745402,0.708499306140258,0.675524072725428,0.657000459006272,0.660111810291865,0.656413768050385,0.649512410442796,0.640728741251023,0.627991603013273,0.613269525182553,0.593320030315422,0.567376580731715,0.53988922194033,0.524741488022644,0.503333485378089,0.479595119813486
0.847954553024571,0.90355295785797,0.942309739877269,0.96365345802414,0.991950381254291,1,0.993980260051274,0.987253023481052,0.971868442418474,0.95010006036903,0.93668277924165,0.916407394007371,0.890120412583469,0.867100254753098,0.837297250308587,0.804488145199102,0.77563680648212,0.743819940217108,0.708753233590002,0.689273628825573,0.693122235098816,0.689724525911492,0.682909991286977,0.674186147638774,0.661232860750114,0.646111611076922,0.624106938337173,0.595965820754645,0.566358659133245,0.551670127425971,0.53042125716793,0.506424613359042
0.807584240361682,0.863284879740153,0.903106804674768,0.928583152206776,0.972105912007302,0.993980260051274,1,0.994886560765342,0.980840814752424,0.960228106610819,0.948449477011807,0.929616859025057,0.904463892813716,0.884345395587736,0.857411521433833,0.826584230154455,0.797876313779067,0.764721736728462,0.728300781918255,0.708246972808314,0.712683489010002,0.709589748585561,0.702938816620312,0.694380008294825,0.681407897260996,0.666137619256072,0.642640499280355,0.612963328173603,0.581906518532,0.567806015190387,0.546970731203461,0.523062203200831
0.797564237304913,0.852850609533311,0.892471501892511,0.918264004015577,0.963614426914574,0.987253023481052,0.994886560765342,1,0.99550074946109,0.983517948472843,0.974026688710762,0.955870023906105,0.931059909578854,0.912206355127363,0.886306570713555,0.855940680652354,0.8285987892739,0.797290511755595,0.762027480712422,0.742951138018419,0.74835174337592,0.74572223507527,0.739305477966453,0.731039873177245,0.718028046258024,0.702508058334943,0.67859636323177,0.648010124337576,0.615827651525615,0.600390665162958,0.577777640140525,0.552052834632466
0.781142763748268,0.835528429712573,0.874585084041685,0.90039973889874,0.946913317123525,0.971868442418474,0.980840814752424,0.99550074946109,1,0.996225315241825,0.988956133345127,0.971589406063434,0.947320471696065,0.929803697320418,0.905089173529405,0.875419628492509,0.849612347265589,0.820339664235978,0.78650217738208,0.768525428037363,0.774776691110388,0.772604911951183,0.766465970346335,0.758550700256101,0.745621899055658,0.73001196916924,0.705944863386229,0.674800673417778,0.641870736131726,0.62531549119249,0.601237472856987,0.574043095898267
0.759930537583206,0.813061597957162,0.851292935296715,0.876924038959073,0.924135904200504,0.95010006036903,0.960228106610819,0.983517948472843,0.996225315241825,1,0.994823893860495,0.978317975165383,0.954736462652707,0.938582651330369,0.915149118717949,0.886351790242041,0.862154172835456,0.834977476503223,0.80271314728976,0.785885703329865,0.79286690192501,0.791131603891677,0.785295648901262,0.777763827999423,0.765013180116335,0.74944411714178,0.725424683671843,0.694015277738607,0.660660609948463,0.643211642301913,0.617981656662749,0.589655726656464
0.741589403033265,0.794789828732407,0.833529345079509,0.860195602620404,0.909026046931922,0.93668277924165,0.948449477011807,0.974026688710762,0.988956133345127,0.994823893860495,1,0.994244425405419,0.979887534787556,0.967029624456858,0.943782976992486,0.914795516283796,0.892599955174833,0.868856230759097,0.839053858856373,0.823434587364374,0.830046007814199,0.827647738582631,0.821141306834815,0.813299467423837,0.799995781508218,0.783774380880394,0.761708425982304,0.731361611390428,0.698483620396793,0.682853555174823,0.658471187457003,0.630233164421038
0.717910423380246,0.770859983151541,0.809895208457869,0.837436654644832,0.887387406583261,0.916407394007371,0.929616859025057,0.955870023906105,0.971589406063434,0.978317975165383,0.994244425405419,1,0.995626672870694,0.986217405306982,0.963184946054986,0.93413630408755,0.914045226744155,0.8938803349354,0.866763728073656,0.852405827285399,0.858420596621237,0.855254029381242,0.848037185078589,0.839873525455837,0.826078353337909,0.809312672222352,0.789574286538499,0.760734150685327,0.728784726578201,0.715437513820631,0.692425495303149,0.664773859763571
0.690519848452754,0.74275334580289,0.781679802513982,0.809725732438509,0.860184238425654,0.890120412583469,0.904463892813716,0.931059909578854,0.947320471696065,0.954736462652707,0.979887534787556,0.995626672870694,1,0.993686291667765,0.971056926672203,0.942227764024396,0.924160476136001,0.907305686252978,0.882785725733985,0.869662580459609,0.875100583742484,0.871293808245504,0.863525272050078,0.855157662252362,0.841063484650514,0.823980661328257,0.806457281115876,0.779201826363256,0.748362177779564,0.737130951107156,0.715529997055273,0.68864939420589
0.660212544907558,0.71211514897684,0.751409712463436,0.780804619734259,0.834155847441296,0.867100254753098,0.884345395587736,0.912206355127363,0.929803697320418,0.938582651330369,0.967029624456858,0.986217405306982,0.993686291667765,1,0.991463483115016,0.973284623099518,0.960171380649772,0.944000671719869,0.919624553896853,0.905705433329915,0.908971794438796,0.903030354878468,0.893502594781425,0.884414156000922,0.869461510395884,0.851470565740166,0.832945178307649,0.804438529680668,0.772296013719533,0.761733507423286,0.74043109759204,0.713431417936624
0.624750594401124,0.675821304214897,0.715075799803946,0.74552608160403,0.801483999157382,0.837297250308587,0.857411521433833,0.886306570713555,0.905089173529405,0.915149118717949,0.943782976992486,0.963184946054986,0.971056926672203,0.991463483115016,1,0.994912732810598,0.987236566445231,0.970881683026525,0.946041160507013,0.930883115595937,0.931683916678657,0.923469002360065,0.912138743821982,0.902373107651093,0.886690253243671,0.867956350531448,0.847638997235911,0.817406386313745,0.783700689452314,0.773304414814449,0.752125301285875,0.725056557422667
0.590052323623846,0.63988362240761,0.678648552400633,0.709558511246088,0.766876711616446,0.804488145199102,0.826584230154455,0.855940680652354,0.875419628492509,0.886351790242041,0.914795516283796,0.93413630408755,0.942227764024396,0.973284623099518,0.994912732810598,1,0.996614421158085,0.980308309942479,0.955399179425589,0.939460981249735,0.938347434087496,0.92847191442635,0.915881342462542,0.905706567121221,0.88964274520045,0.870553669561402,0.849089136334048,0.817876181791267,0.783356488692017,0.773210110376216,0.752373694702501,0.725567831229466
0.563916519355701,0.612702064451799,0.650979473383432,0.681829594891191,0.738292583745402,0.77563680648212,0.797876313779067,0.8285987892739,0.849612347265589,0.862154172835456,0.892599955174833,0.914045226744155,0.924160476136001,0.960171380649772,0.987236566445231,0.996614421158085,1,0.99239112857227,0.974573204555327,0.961637731026032,0.957886636684546,0.945624411167374,0.931148489650047,0.920207120495228,0.903363379394327,0.88352419020039,0.861622032797828,0.829847522442074,0.794736173811536,0.785062406041505,0.764507056027709,0.737748571613352
0.53964009477884,0.587169993777974,0.624693616476687,0.654898144167903,0.708499306140258,0.743819940217108,0.764721736728462,0.797290511755595,0.820339664235978,0.834977476503223,0.868856230759097,0.8938803349354,0.907305686252978,0.944000671719869,0.970881683026525,0.980308309942479,0.99239112857227,1,0.994746414679385,0.987712819153642,0.980766736046915,0.965620897603987,0.948861906271089,0.936951170787554,0.919133963650382,0.898374797596665,0.876687809509396,0.844857019893967,0.809538408194468,0.800574253017195,0.780399421285386,0.753712614651208
0.513207081456218,0.559142614751731,0.595605002547019,0.624923003195917,0.675524072725428,0.708753233590002,0.728300781918255,0.762027480712422,0.78650217738208,0.80271314728976,0.839053858856373,0.866763728073656,0.882785725733985,0.919624553896853,0.946041160507013,0.955399179425589,0.974573204555327,0.994746414679385,1,0.997954835097808,0.988432785190697,0.971064817947028,0.952601685797155,0.940022916658376,0.921602663072309,0.90031899025848,0.879062031016469,0.847553043757868,0.812471090657806,0.804200730022469,0.784575892310803,0.758257708677042
0.497521621533918,0.542730110244185,0.578794651547005,0.6078375243955,0.657000459006272,0.689273628825573,0.708246972808314,0.742951138018419,0.768525428037363,0.785885703329865,0.823434587364374,0.852405827285399,0.869662580459609,0.905705433329915,0.930883115595937,0.939460981249735,0.961637731026032,0.987712819153642,0.997954835097808,1,0.99376677291054,0.979091698232422,0.96256526072766,0.950428370507443,0.932307402373693,0.911226948296873,0.890808596107116,0.859815731718081,0.825028283102108,0.816219857732161,0.795805118002721,0.768714587188247
0.497709677112285,0.54356123993976,0.580302079650155,0.610056162287092,0.660111810291865,0.693122235098816,0.712683489010002,0.74835174337592,0.774776691110388,0.79286690192501,0.830046007814199,0.858420596621237,0.875100583742484,0.908971794438796,0.931683916678657,0.938347434087496,0.957886636684546,0.980766736046915,0.988432785190697,0.99376677291054,1,0.995665817699088,0.986712794407403,0.976690386658448,0.960190008872697,0.940349403584732,0.921414397990723,0.891180574535312,0.856683408131098,0.845391587220216,0.822004049418181,0.79223328785361
0.493121230282867,0.539072122574105,0.576026874361824,0.60609060854809,0.656413768050385,0.689724525911492,0.709589748585561,0.74572223507527,0.772604911951183,0.791131603891677,0.827647738582631,0.855254029381242,0.871293808245504,0.903030354878468,0.923469002360065,0.92847191442635,0.945624411167374,0.965620897603987,0.971064817947028,0.979091698232422,0.995665817699088,1,0.997450569708039,0.989287757026845,0.974296700757207,0.955679624635456,0.93816265552329,0.908850332744799,0.874924246359269,0.861668276419889,0.836023623072683,0.804300684386592
0.486197310018463,0.53202341214629,0.569010182666904,0.599224850648454,0.649512410442796,0.682909991286977,0.702938816620312,0.739305477966453,0.766465970346335,0.785295648901262,0.821141306834815,0.848037185078589,0.863525272050078,0.893502594781425,0.912138743821982,0.915881342462542,0.931148489650047,0.948861906271089,0.952601685797155,0.96256526072766,0.986712794407403,0.997450569708039,1,0.995041641531622,0.982779218524607,0.966459858115887,0.950392510509527,0.922098803170716,0.888871307031472,0.874439704158573,0.847336392666395,0.814320096724689
0.477096844050413,0.522878243383245,0.560033404596861,0.590543713506022,0.640728741251023,0.674186147638774,0.694380008294825,0.731039873177245,0.758550700256101,0.777763827999423,0.813299467423837,0.839873525455837,0.855157662252362,0.884414156000922,0.902373107651093,0.905706567121221,0.920207120495228,0.936951170787554,0.940022916658376,0.950428370507443,0.976690386658448,0.989287757026845,0.995041641531622,1,0.996284682859274,0.987210212749117,0.973189035730083,0.946246477247954,0.913875190351921,0.900219601765147,0.873213286647762,0.839907488402301
0.465395876583341,0.510771917434192,0.547775321500193,0.578297275147622,0.627991603013273,0.661232860750114,0.681407897260996,0.718028046258024,0.745621899055658,0.765013180116335,0.799995781508218,0.826078353337909,0.841063484650514,0.869461510395884,0.886690253243671,0.88964274520045,0.903363379394327,0.919133963650382,0.921602663072309,0.932307402373693,0.960190008872697,0.974296700757207,0.982779218524607,0.996284682859274,1,0.99727150478121,0.985134384348374,0.959577551778315,0.928206903230468,0.915332623854601,0.888626583376097,0.85533684408965
0.452539034796048,0.497300826666303,0.533958741111823,0.564310992185211,0.613269525182553,0.646111611076922,0.666137619256072,0.702508058334943,0.73001196916924,0.74944411714178,0.783774380880394,0.809312672222352,0.823980661328257,0.851470565740166,0.867956350531448,0.870553669561402,0.88352419020039,0.898374797596665,0.90031899025848,0.911226948296873,0.940349403584732,0.955679624635456,0.966459858115887,0.987210212749117,0.99727150478121,1,0.989769717740584,0.96573208753886,0.93554911431766,0.923417354192043,0.897093790702026,0.863981956353478
0.436419445319285,0.480608947049244,0.517043127900509,0.547068381655457,0.593320030315422,0.624106938337173,0.642640499280355,0.67859636323177,0.705944863386229,0.725424683671843,0.761708425982304,0.789574286538499,0.806457281115876,0.832945178307649,0.847638997235911,0.849089136334048,0.861622032797828,0.876687809509396,0.879062031016469,0.890808596107116,0.921414397990723,0.93816265552329,0.950392510509527,0.973189035730083,0.985134384348374,0.989769717740584,1,0.992882161895318,0.976370201865932,0.964325530983846,0.935486872105152,0.899878630897895
0.416129828649134,0.459149685108717,0.494826618588274,0.524108772820346,0.567376580731715,0.595965820754645,0.612963328173603,0.648010124337576,0.674800673417778,0.694015277738607,0.731361611390428,0.760734150685327,0.779201826363256,0.804438529680668,0.817406386313745,0.817876181791267,0.829847522442074,0.844857019893967,0.847553043757868,0.859815731718081,0.891180574535312,0.908850332744799,0.922098803170716,0.946246477247954,0.959577551778315,0.96573208753886,0.992882161895318,1,0.995158806974287,0.983375429413564,0.952888781464541,0.915754148855338
0.394928479488395,0.436522219744559,0.471192017883783,0.499547229535212,0.53988922194033,0.566358659133245,0.581906518532,0.615827651525615,0.641870736131726,0.660660609948463,0.698483620396793,0.728784726578201,0.748362177779564,0.772296013719533,0.783700689452314,0.783356488692017,0.794736173811536,0.809538408194468,0.812471090657806,0.825028283102108,0.856683408131098,0.874924246359269,0.888871307031472,0.913875190351921,0.928206903230468,0.93554911431766,0.976370201865932,0.995158806974287,1,0.988558492611644,0.957038608297017,0.919042310827738
0.375713775932217,0.418190982401797,0.454251470510834,0.484174305610759,0.524741488022644,0.551670127425971,0.567806015190387,0.600390665162958,0.62531549119249,0.643211642301913,0.682853555174823,0.715437513820631,0.737130951107156,0.761733507423286,0.773304414814449,0.773210110376216,0.785062406041505,0.800574253017195,0.804200730022469,0.816219857732161,0.845391587220216,0.861668276419889,0.874439704158573,0.900219601765147,0.915332623854601,0.923417354192043,0.964325530983846,0.983375429413564,0.988558492611644,1,0.989783834629877,0.967885416805225
0.352689410371443,0.39532007850222,0.432088778678064,0.463001156199001,0.503333485378089,0.53042125716793,0.546970731203461,0.577777640140525,0.601237472856987,0.617981656662749,0.658471187457003,0.692425495303149,0.715529997055273,0.74043109759204,0.752125301285875,0.752373694702501,0.764507056027709,0.780399421285386,0.784575892310803,0.795805118002721,0.822004049418181,0.836023623072683,0.847336392666395,0.873213286647762,0.888626583376097,0.897093790702026,0.935486872105152,0.952888781464541,0.957038608297017,0.989783834629877,1,0.993839811345237
0.329818909342276,0.371967715734418,0.408768429747445,0.440014084456936,0.479595119813486,0.506424613359042,0.523062203200831,0.552052834632466,0.574043095898267,0.589655726656464,0.630233164421038,0.664773859763571,0.68864939420589,0.713431417936624,0.725056557422667,0.725567831229466,0.737748571613352,0.753712614651208,0.758257708677042,0.768714587188247,0.79223328785361,0.804300684386592,0.814320096724689,0.839907488402301,0.85533684408965,0.863981956353478,0.899878630897895,0.915754148855338,0.919042310827738,0.967885416805225,0.993839811345237,1
