1,0.970831321440201,0.862387777526046,0.777255242257134,0.712595954235054,0.641299449663191,0.625738610516612,0.602033224809473,0.581177388902169,0.569310441894772,0.554386693733051,0.540805465306018,0.525499059476963,0.510013615406578,0.501452784376131,0.490216340974619,0.470406070183782,0.444469678105946,0.421543120721785,0.416599010812685,0.411827952519895,0.407250372749386,0.403352669775037,0.393363504739802,0.391775206076246,0.391324400772396,0.385696791272093,0.366830820920934,0.332692550504004,0.306839631906399,0.272326162784388,0.239377178601519
0.970831321440201,1,0.958612935072726,0.902693357449656,0.846151302745495,0.778598121710717,0.763167181582467,0.737687355895761,0.714696603609188,0.701432273523367,0.684332840541053,0.66921703933971,0.651915117402853,0.634155621112347,0.624482504474253,0.611370489469612,0.59216079701731,0.56797547891845,0.545506435968234,0.539045101437851,0.531909942387551,0.524130030339284,0.514373586938385,0.497554505581212,0.491434699695432,0.487046325035288,0.476818932915121,0.442438560691048,0.393886139967465,0.356798234699958,0.310136150593827,0.268299993426748
0.862387777526046,0.958612935072726,1,0.983021236436341,0.940416728980065,0.882444308706304,0.868340742873074,0.842690898643223,0.818912842565537,0.804997566959915,0.786614536745509,0.770825637409964,0.752469457645307,0.733359736248296,0.723101200818332,0.708758825015031,0.691722701664973,0.671455401757209,0.651237832548159,0.6434660525979,0.634066032982919,0.623074900332624,0.607103088962039,0.583452325528204,0.572416732481874,0.563686225034145,0.548774246007877,0.498584685671821,0.436607011924983,0.388997443585247,0.331456656011036,0.282247781097043
0.777255242257134,0.902693357449656,0.983021236436341,1,0.984855566353686,0.948981091780366,0.936920814144762,0.912299486090537,0.888938803472261,0.875282177735586,0.85669287584751,0.841895225532935,0.824346876486362,0.805348119722074,0.793702677421231,0.777616319274235,0.764298312596396,0.750948575344175,0.735439209647119,0.726199285944972,0.714186731215659,0.699764277701777,0.67763136800797,0.647562100844042,0.63160942127762,0.61850536841928,0.599174980833904,0.539905334395668,0.469713240275321,0.41491254980862,0.348827730689342,0.293799152200928
0.712595954235054,0.846151302745495,0.940416728980065,0.984855566353686,1,0.989272911588528,0.979343597575347,0.956197258800255,0.933777525941649,0.920778062829111,0.902520103017068,0.88936920335074,0.873400213339639,0.855187413772057,0.841969620578326,0.824134284007109,0.81479669842818,0.808899443192113,0.798659022974541,0.788068717566123,0.7736181905878,0.756100955307031,0.728613916325184,0.69313718517834,0.672889345937422,0.655950006156364,0.632887517217494,0.568804031021609,0.493870443493713,0.434347559290557,0.361908439816776,0.302544129026008
0.641299449663191,0.778598121710717,0.882444308706304,0.948981091780366,0.989272911588528,1,0.992734923469566,0.971980865705997,0.951256263656792,0.939202564501792,0.921723904013638,0.910262509734491,0.895962296521328,0.878830647057471,0.86478968036076,0.846056289202998,0.840299355983663,0.840706141410367,0.835044975998901,0.823568046924096,0.807407066187912,0.787779680410739,0.756763309839166,0.717812279184965,0.694463655068738,0.674597030306951,0.648819216779714,0.581877647967,0.504388653145427,0.442106724877213,0.365882270914755,0.304113430068753
0.625738610516612,0.763167181582467,0.868340742873074,0.936920814144762,0.979343597575347,0.992734923469566,1,0.993202226202311,0.98122621857664,0.971319377117283,0.95567209573221,0.94435133638591,0.92954284220979,0.912488374015407,0.902737246483762,0.887557344953841,0.882428498333931,0.881018201473106,0.873685668663714,0.862262547427208,0.846144233384844,0.828364490989766,0.804711595799592,0.771246206910276,0.748698434023876,0.726585378064335,0.698218497965612,0.62469313300295,0.54045533241931,0.474433051577925,0.395487665773956,0.33074128952266
0.602033224809473,0.737687355895761,0.842690898643223,0.912299486090537,0.956197258800255,0.971980865705997,0.993202226202311,1,0.996653122239566,0.988960162979655,0.975300932242827,0.964272748065985,0.949177278036355,0.932433273853828,0.926967034492823,0.915434722308987,0.910984410134746,0.907835734083528,0.89898767095591,0.887774542062623,0.87192035861147,0.856173884925228,0.839971576756165,0.812275793714863,0.790814527400168,0.766833971617645,0.736354586307112,0.65747651026974,0.567874476970961,0.499146544925063,0.418660390559476,0.351928685343959
0.581177388902169,0.714696603609188,0.818912842565537,0.888938803472261,0.933777525941649,0.951256263656792,0.98122621857664,0.996653122239566,1,0.99652555231692,0.986821955483143,0.977354982739626,0.962998492242971,0.947093963308212,0.943869892139098,0.934215931196666,0.929629727872772,0.924784786074368,0.914523385259237,0.903984838637839,0.888926917562091,0.874893220060083,0.863331594956463,0.839206373696502,0.818323918091644,0.793035760617335,0.761103774427695,0.679251157238596,0.586460464761722,0.515795226038905,0.433598375459078,0.365166280291574
0.569310441894772,0.701432273523367,0.804997566959915,0.875282177735586,0.920778062829111,0.939202564501792,0.971319377117283,0.988960162979655,0.99652555231692,1,0.996870047735278,0.990607340942764,0.978247778088822,0.963758297847127,0.960028288641044,0.94980704976354,0.943942881681109,0.93738751112917,0.925732847463633,0.916405659730276,0.902731089086624,0.889872191635603,0.879127310833373,0.855437393509222,0.834262314693946,0.808163449316186,0.775345840372455,0.692908015926616,0.598939117132171,0.526678307223365,0.441743751796401,0.37132644055062
0.554386693733051,0.684332840541053,0.786614536745509,0.85669287584751,0.902520103017068,0.921723904013638,0.95567209573221,0.975300932242827,0.986821955483143,0.996870047735278,1,0.99681907870821,0.986434471013637,0.973381310161889,0.969195034543787,0.958501029901684,0.951461496266134,0.943324702954322,0.930422452315251,0.922305056156138,0.910031478326853,0.898370371968989,0.888469822503472,0.865345378500703,0.84402865025002,0.817328012798263,0.783880709359729,0.701417304388156,0.606934064035688,0.533623206310809,0.446635941649914,0.37478687689728
0.540805465306018,0.66921703933971,0.770825637409964,0.841895225532935,0.88936920335074,0.910262509734491,0.94435133638591,0.964272748065985,0.977354982739626,0.990607340942764,0.99681907870821,1,0.996301754512426,0.988339808787586,0.983641554226805,0.972387177888876,0.964290462541584,0.95480106415031,0.940786296876697,0.934076351662503,0.923362413201533,0.912439956133267,0.901109468917427,0.876556978805687,0.854981897920445,0.82856969843628,0.795214547504849,0.716345824493303,0.623266818417992,0.549470531323385,0.459406322092794,0.385157198436035
0.525499059476963,0.651915117402853,0.752469457645307,0.824346876486362,0.873400213339639,0.895962296521328,0.92954284220979,0.949177278036355,0.962998492242971,0.978247778088822,0.986434471013637,0.996301754512426,1,0.997717537630242,0.992561155629222,0.980834128605949,0.971842567322642,0.961223318824545,0.946301724251794,0.940977328269331,0.931802235235473,0.921504114122061,0.90833396640757,0.882093596235079,0.860376485233252,0.834614871496093,0.801726550051193,0.727565283097357,0.636819642336419,0.563154053704178,0.470518690912574,0.394243429082887
0.510013615406578,0.634155621112347,0.733359736248296,0.805348119722074,0.855187413772057,0.878830647057471,0.912488374015407,0.932433273853828,0.947093963308212,0.963758297847127,0.973381310161889,0.988339808787586,0.997717537630242,1,0.995742925921749,0.984795121726483,0.975635790023046,0.964152849402603,0.94855211026608,0.944460810003908,0.936654595006726,0.927095774037336,0.913019662663556,0.885929434717187,0.864600357015113,0.839835886493255,0.807717305320546,0.737038915480827,0.647937801933388,0.574495523760869,0.480267843378328,0.402603895909282
0.501452784376131,0.624482504474253,0.723101200818332,0.793702677421231,0.841969620578326,0.86478968036076,0.902737246483762,0.926967034492823,0.943869892139098,0.960028288641044,0.969195034543787,0.983641554226805,0.992561155629222,0.995742925921749,1,0.996615205003903,0.990835765871099,0.979143044667324,0.963275933293789,0.960083222250653,0.953171117632174,0.945044165497063,0.934205770393345,0.909525869543395,0.890977001980743,0.868811648392109,0.838493362771208,0.76428094094363,0.671217292992175,0.59636782942804,0.502151142714217,0.423471721480596
0.490216340974619,0.611370489469612,0.708758825015031,0.777616319274235,0.824134284007109,0.846056289202998,0.887557344953841,0.915434722308987,0.934215931196666,0.94980704976354,0.958501029901684,0.972387177888876,0.980834128605949,0.984795121726483,0.996615205003903,1,0.997276518355829,0.985480670738598,0.96948993884007,0.967121588513936,0.961056561177471,0.954265025811721,0.946392115603519,0.924039173379335,0.908103124462655,0.888415048571715,0.85992014038462,0.783088755925754,0.687159355148469,0.611592391689652,0.518062135213258,0.439042078251714
0.470406070183782,0.59216079701731,0.691722701664973,0.764298312596396,0.81479669842818,0.840299355983663,0.882428498333931,0.910984410134746,0.929629727872772,0.943942881681109,0.951461496266134,0.964290462541584,0.971842567322642,0.975635790023046,0.990835765871099,0.997276518355829,1,0.994709762940989,0.983612290240644,0.981411503236506,0.974833855433155,0.967473184574915,0.958804025728169,0.935567080940424,0.919659541277952,0.900387717401327,0.872082799061393,0.791928973878689,0.693326584368197,0.616640869922207,0.523128555781142,0.443882422123401
0.444469678105946,0.56797547891845,0.671455401757209,0.750948575344175,0.808899443192113,0.840706141410367,0.881018201473106,0.907835734083528,0.924784786074368,0.93738751112917,0.943324702954322,0.95480106415031,0.961223318824545,0.964152849402603,0.979143044667324,0.985480670738598,0.994709762940989,1,0.996929770171542,0.994401630993523,0.986405887614475,0.977179733126075,0.965083330794593,0.938820562109395,0.921109981864231,0.900776192705881,0.871571715760567,0.788393238472268,0.688085162882326,0.61050451982584,0.516975398444221,0.438006755899573
0.421543120721785,0.545506435968234,0.651237832548159,0.735439209647119,0.798659022974541,0.835044975998901,0.873685668663714,0.89898767095591,0.914523385259237,0.925732847463633,0.930422452315251,0.940786296876697,0.946301724251794,0.94855211026608,0.963275933293789,0.96948993884007,0.983612290240644,0.996929770171542,1,0.997240297692639,0.988220421791132,0.977637858696583,0.963015004619124,0.934632379200072,0.915673248492783,0.894674414797301,0.864991690807955,0.780098501675694,0.67920274288129,0.601490980353252,0.508613351435401,0.430417108314572
0.416599010812685,0.539045101437851,0.6434660525979,0.726199285944972,0.788068717566123,0.823568046924096,0.862262547427208,0.887774542062623,0.903984838637839,0.916405659730276,0.922305056156138,0.934076351662503,0.940977328269331,0.944460810003908,0.960083222250653,0.967121588513936,0.981411503236506,0.994401630993523,0.997240297692639,1,0.996831986174939,0.990226304924861,0.974972412657185,0.945854153522563,0.928095932874866,0.90916803734863,0.881035012298717,0.79482298065528,0.692150314665358,0.613077215907389,0.51854082109567,0.43890861327722
0.411827952519895,0.531909942387551,0.634066032982919,0.714186731215659,0.7736181905878,0.807407066187912,0.846144233384844,0.87192035861147,0.888926917562091,0.902731089086624,0.910031478326853,0.923362413201533,0.931802235235473,0.936654595006726,0.953171117632174,0.961056561177471,0.974833855433155,0.986405887614475,0.988220421791132,0.996831986174939,1,0.99780782084434,0.982287722121601,0.952821600416035,0.936590768329552,0.920044868415562,0.893772007585847,0.806872229545384,0.702981612842754,0.622938129594477,0.527108150535347,0.446317563572637
0.407250372749386,0.524130030339284,0.623074900332624,0.699764277701777,0.756100955307031,0.787779680410739,0.828364490989766,0.856173884925228,0.874893220060083,0.889872191635603,0.898370371968989,0.912439956133267,0.921504114122061,0.927095774037336,0.945044165497063,0.954265025811721,0.967473184574915,0.977179733126075,0.977637858696583,0.990226304924861,0.99780782084434,1,0.989530021415373,0.964249914654596,0.950355531132795,0.934904278585472,0.909354014305072,0.823172092541689,0.718738859854212,0.638830075293586,0.543210568206725,0.461791400151869
0.403352669775037,0.514373586938385,0.607103088962039,0.67763136800797,0.728613916325184,0.756763309839166,0.804711595799592,0.839971576756165,0.863331594956463,0.879127310833373,0.888469822503472,0.901109468917427,0.90833396640757,0.913019662663556,0.934205770393345,0.946392115603519,0.958804025728169,0.965083330794593,0.963015004619124,0.974972412657185,0.982287722121601,0.989530021415373,1,0.992400153924658,0.983498823936055,0.965647351610223,0.937663420838429,0.856109850378232,0.752721811265718,0.675922197402817,0.584595420800953,0.503760033113395
0.393363504739802,0.497554505581212,0.583452325528204,0.647562100844042,0.69313718517834,0.717812279184965,0.771246206910276,0.812275793714863,0.839206373696502,0.855437393509222,0.865345378500703,0.876556978805687,0.882093596235079,0.885929434717187,0.909525869543395,0.924039173379335,0.935567080940424,0.938820562109395,0.934632379200072,0.945854153522563,0.952821600416035,0.964249914654596,0.992400153924658,1,0.995502827848741,0.97589996351798,0.946303578254973,0.870043909211902,0.769255638058167,0.696376114327334,0.610218607489908,0.531216873166327
0.391775206076246,0.491434699695432,0.572416732481874,0.63160942127762,0.672889345937422,0.694463655068738,0.748698434023876,0.790814527400168,0.818323918091644,0.834262314693946,0.84402865025002,0.854981897920445,0.860376485233252,0.864600357015113,0.890977001980743,0.908103124462655,0.919659541277952,0.921109981864231,0.915673248492783,0.928095932874866,0.936590768329552,0.950355531132795,0.983498823936055,0.995502827848741,1,0.991350724373841,0.970771849992187,0.900245221904809,0.801080763637507,0.728963437585669,0.641577467766569,0.560391196968253
0.391324400772396,0.487046325035288,0.563686225034145,0.61850536841928,0.655950006156364,0.674597030306951,0.726585378064335,0.766833971617645,0.793035760617335,0.808163449316186,0.817328012798263,0.82856969843628,0.834614871496093,0.839835886493255,0.868811648392109,0.888415048571715,0.900387717401327,0.900776192705881,0.894674414797301,0.90916803734863,0.920044868415562,0.934904278585472,0.965647351610223,0.97589996351798,0.991350724373841,1,0.993873348186356,0.929639295908119,0.832366203633281,0.759908608306922,0.668686293708798,0.583985220095272
0.385696791272093,0.476818932915121,0.548774246007877,0.599174980833904,0.632887517217494,0.648819216779714,0.698218497965612,0.736354586307112,0.761103774427695,0.775345840372455,0.783880709359729,0.795214547504849,0.801726550051193,0.807717305320546,0.838493362771208,0.85992014038462,0.872082799061393,0.871571715760567,0.864991690807955,0.881035012298717,0.893772007585847,0.909354014305072,0.937663420838429,0.946303578254973,0.970771849992187,0.993873348186356,1,0.941926755546756,0.84755100956457,0.775778563133238,0.682548777882133,0.596023569863611
0.366830820920934,0.442438560691048,0.498584685671821,0.539905334395668,0.568804031021609,0.581877647967,0.62469313300295,0.65747651026974,0.679251157238596,0.692908015926616,0.701417304388156,0.716345824493303,0.727565283097357,0.737038915480827,0.76428094094363,0.783088755925754,0.791928973878689,0.788393238472268,0.780098501675694,0.79482298065528,0.806872229545384,0.823172092541689,0.856109850378232,0.870043909211902,0.900245221904809,0.929639295908119,0.941926755546756,1,0.976551963624032,0.93726509716751,0.838086851431015,0.740811262249728
0.332692550504004,0.393886139967465,0.436607011924983,0.469713240275321,0.493870443493713,0.504388653145427,0.54045533241931,0.567874476970961,0.586460464761722,0.598939117132171,0.606934064035688,0.623266818417992,0.636819642336419,0.647937801933388,0.671217292992175,0.687159355148469,0.693326584368197,0.688085162882326,0.67920274288129,0.692150314665358,0.702981612842754,0.718738859854212,0.752721811265718,0.769255638058167,0.801080763637507,0.832366203633281,0.84755100956457,0.976551963624032,1,0.983933669587392,0.886980069447872,0.788725322347058
0.306839631906399,0.356798234699958,0.388997443585247,0.41491254980862,0.434347559290557,0.442106724877213,0.474433051577925,0.499146544925063,0.515795226038905,0.526678307223365,0.533623206310809,0.549470531323385,0.563154053704178,0.574495523760869,0.59636782942804,0.611592391689652,0.616640869922207,0.61050451982584,0.601490980353252,0.613077215907389,0.622938129594477,0.638830075293586,0.675922197402817,0.696376114327334,0.728963437585669,0.759908608306922,0.775778563133238,0.93726509716751,0.983933669587392,1,0.949461994123461,0.87549819023314
0.272326162784388,0.310136150593827,0.331456656011036,0.348827730689342,0.361908439816776,0.365882270914755,0.395487665773956,0.418660390559476,0.433598375459078,0.441743751796401,0.446635941649914,0.459406322092794,0.470518690912574,0.480267843378328,0.502151142714217,0.518062135213258,0.523128555781142,0.516975398444221,0.508613351435401,0.51854082109567,0.527108150535347,0.543210568206725,0.584595420800953,0.610218607489908,0.641577467766569,0.668686293708798,0.682548777882133,0.838086851431015,0.886980069447872,0.949461994123461,1,0.982926765282966
0.239377178601519,0.268299993426748,0.282247781097043,0.293799152200928,0.302544129026008,0.304113430068753,0.33074128952266,0.351928685343959,0.365166280291574,0.37132644055062,0.37478687689728,0.385157198436035,0.394243429082887,0.402603895909282,0.423471721480596,0.439042078251714,0.443882422123401,0.438006755899573,0.430417108314572,0.43890861327722,0.446317563572637,0.461791400151869,0.503760033113395,0.531216873166327,0.560391196968253,0.583985220095272,0.596023569863611,0.740811262249728,0.788725322347058,0.87549819023314,0.982926765282966,1
