1,0.749775834287919,0.677099520151097,0.629532194528362,0.598649188158527,0.579281450196432,0.555633437459802,0.536601882005769,0.514289434702255,0.494839899952398,0.478586432076596,0.467985186782201,0.450137612953049,0.437949131933331,0.420351661312934,0.40942933390648,0.397811383273399,0.385768553226862,0.37620362123552,0.359482702002349,0.345511013426103,0.325189676540514,0.303455214884755,0.289692227293754,0.277725127903682,0.260049985966153,0.227745597476152,0.186080491838677,0.14129727799592,0.121415684912005,0.0902426846082831,0.0487392028313369
0.749775834287919,1,0.940651296812437,0.891843180369295,0.855187425931138,0.836145596487682,0.809548116610549,0.790799784851582,0.761919193558291,0.741915009489125,0.726443079903281,0.710030192752967,0.694545701482498,0.684598197784809,0.67189631368177,0.658701682531674,0.642242560558372,0.630164444396607,0.619148096675819,0.599405106608394,0.583964832680419,0.566264439559442,0.545824160158874,0.535989886026132,0.517859751667838,0.488677508975515,0.451035521674624,0.404288045539021,0.31941088022043,0.265652625570876,0.273172771506095,0.257172803452831
0.677099520151097,0.940651296812437,1,0.96394170410238,0.936297369413089,0.917960930528682,0.895887160519616,0.879250511331067,0.856920161253862,0.838590044422217,0.82421613889264,0.80914210786473,0.792886835607492,0.782770007585269,0.77013838102584,0.755975961220998,0.741139163082048,0.730661123871268,0.720274862204152,0.70198337347385,0.687793440856886,0.672374138730358,0.652114183171703,0.639147303176577,0.616862886084539,0.585748449243299,0.548859214468803,0.495353817858606,0.394133218942771,0.334342731944902,0.340671959954159,0.327690087604373
0.629532194528362,0.891843180369295,0.96394170410238,1,0.981058278281797,0.961275373311943,0.942327096172591,0.924645659696068,0.903188134916277,0.884150372830313,0.868501487066729,0.853453589769961,0.836933896038171,0.8271800661752,0.817666274296436,0.802975943496505,0.789829410715365,0.780097325150375,0.769646521676807,0.752965723949076,0.738789910491653,0.725586037605512,0.706541271884457,0.6929867968497,0.674978773305833,0.640454348077896,0.604928564991985,0.552603177406781,0.439383683042715,0.367077624165527,0.378784043085007,0.362202877644456
0.598649188158527,0.855187425931138,0.936297369413089,0.981058278281797,1,0.985050456673814,0.966846539935999,0.950836605003046,0.933881001410726,0.915932123457449,0.900402155053407,0.885987663731633,0.870915202300505,0.861838620474834,0.853796330946631,0.840702005516389,0.828801680812129,0.820260357692255,0.811505735281868,0.796854909767804,0.783697579277839,0.771403264650628,0.753777211062329,0.73898284456059,0.721361126656512,0.687583026090358,0.654354916678586,0.602575516692588,0.48439219714404,0.40767145114787,0.418737478518825,0.401381049756324
0.579281450196432,0.836145596487682,0.917960930528682,0.961275373311943,0.985050456673814,1,0.986535304809515,0.973875202963972,0.95848377639007,0.94269972808881,0.928480684998651,0.915162904984266,0.901691508491128,0.892905528531541,0.884657181194622,0.872479640825871,0.861024466518933,0.853595130417263,0.845437203812457,0.833183995215624,0.821660317427582,0.809254349891016,0.791788076039607,0.776285123834399,0.75871345583599,0.723603986636378,0.688435784101459,0.633976077917737,0.509270746920752,0.428841527551372,0.444260564307655,0.433301033095531
0.555633437459802,0.809548116610549,0.895887160519616,0.942327096172591,0.966846539935999,0.986535304809515,1,0.990110214046388,0.976614680057708,0.962422299406278,0.950195838714728,0.938506202863738,0.92660438052298,0.917887490013958,0.90945311942,0.898082449691139,0.887168960464113,0.879882249680701,0.87145428101222,0.860663828020578,0.849372683805818,0.83701119180563,0.820603796323976,0.805570055576202,0.788092765245579,0.755445363063347,0.721136124457489,0.664078139313051,0.529777140131661,0.450227512505136,0.4732521064243,0.460973424305798
0.536601882005769,0.790799784851582,0.879250511331067,0.924645659696068,0.950836605003046,0.973875202963972,0.990110214046388,1,0.990901184394992,0.979398487826367,0.969845351114692,0.958248483258547,0.947232531517481,0.938941938877277,0.931026388038727,0.920892334883227,0.910192093237118,0.903298556749134,0.895375757544206,0.885199821821608,0.874544760026335,0.862318176935436,0.846390168902395,0.83233324944961,0.815513077462808,0.783605783013743,0.747936194864073,0.687728239289254,0.551956945330527,0.471054117494439,0.492687904981042,0.487640350959672
0.514289434702255,0.761919193558291,0.856920161253862,0.903188134916277,0.933881001410726,0.95848377639007,0.976614680057708,0.990901184394992,1,0.992176207620858,0.98292770118472,0.973001648766234,0.96278782045226,0.955187400283981,0.947842864724659,0.93935524563087,0.930671084865096,0.923923937322387,0.916712105287329,0.906855796544031,0.896656349375529,0.885158188399504,0.871008172741435,0.856997230920953,0.840611381895153,0.807600511521487,0.770482408845448,0.705699069370203,0.56814747925142,0.483725276596583,0.503633545460659,0.507805739410912
0.494839899952398,0.741915009489125,0.838590044422217,0.884150372830313,0.915932123457449,0.94269972808881,0.962422299406278,0.979398487826367,0.992176207620858,1,0.993339029352055,0.984880988093628,0.975118539358739,0.96806270845232,0.961478259875354,0.953498689530804,0.945752194480199,0.939574095941374,0.932727498082756,0.92393715589658,0.913640145976362,0.902034859257672,0.889946544679456,0.875852448016185,0.86093818771537,0.827482250524676,0.789451312597156,0.723415684495273,0.58003313423066,0.503111020795871,0.519996272745793,0.529677266497927
0.478586432076596,0.726443079903281,0.82421613889264,0.868501487066729,0.900402155053407,0.928480684998651,0.950195838714728,0.969845351114692,0.98292770118472,0.993339029352055,1,0.99471564970766,0.986647823010993,0.979538666734534,0.972897587028464,0.965009360894142,0.957452151256663,0.950920236454975,0.944348130558865,0.935839218139289,0.926386833703314,0.914159865636102,0.902245443611337,0.889389308619326,0.874966881501017,0.841497508753234,0.805194861626615,0.737800882055386,0.59489995462511,0.517765941297356,0.52988614072562,0.540494336288732
0.467985186782201,0.710030192752967,0.80914210786473,0.853453589769961,0.885987663731633,0.915162904984266,0.938506202863738,0.958248483258547,0.973001648766234,0.984880988093628,0.99471564970766,1,0.994725257878325,0.988407047250301,0.98238424842423,0.975323376291515,0.968272107290283,0.961720217104062,0.95563415146802,0.948105420028838,0.938829420802015,0.927667211179603,0.916570238623684,0.903996472455909,0.890138652341572,0.857303960926762,0.821197168043838,0.751959432903987,0.606750689289832,0.526311422783974,0.542769739096612,0.556841005639454
0.450137612953049,0.694545701482498,0.792886835607492,0.836933896038171,0.870915202300505,0.901691508491128,0.92660438052298,0.947232531517481,0.96278782045226,0.975118539358739,0.986647823010993,0.994725257878325,1,0.995061469531054,0.988973393546996,0.982173201720099,0.975570992477906,0.969652596833614,0.963943796149776,0.957611182925163,0.949102438747485,0.938114002658255,0.927456202139856,0.91504547137865,0.901878537962634,0.8683189832211,0.833324516551374,0.762798411176601,0.619456258429802,0.534424898366673,0.553327794306317,0.564198132930719
0.437949131933331,0.684598197784809,0.782770007585269,0.8271800661752,0.861838620474834,0.892905528531541,0.917887490013958,0.938941938877277,0.955187400283981,0.96806270845232,0.979538666734534,0.988407047250301,0.995061469531054,1,0.995484284967656,0.989946726872379,0.983708290357747,0.977768857384211,0.971234946147106,0.965209925628386,0.956970201703462,0.945639189498662,0.935628771323638,0.923368796103397,0.911321644270493,0.878328696542759,0.844537459917219,0.775569872026975,0.632684744208663,0.548449936327036,0.570275301137106,0.580995527625996
0.420351661312934,0.67189631368177,0.77013838102584,0.817666274296436,0.853796330946631,0.884657181194622,0.90945311942,0.931026388038727,0.947842864724659,0.961478259875354,0.972897587028464,0.98238424842423,0.988973393546996,0.995484284967656,1,0.995448185251932,0.989712648475753,0.984366183163378,0.978325693821003,0.972463833600995,0.964728329821342,0.953739146931198,0.943750623246651,0.931026037950902,0.919610092064416,0.886884825129272,0.854374661837926,0.785021473018727,0.640095667246139,0.554333665540639,0.576811235075103,0.587497475691154
0.40942933390648,0.658701682531674,0.755975961220998,0.802975943496505,0.840702005516389,0.872479640825871,0.898082449691139,0.920892334883227,0.93935524563087,0.953498689530804,0.965009360894142,0.975323376291515,0.982173201720099,0.989946726872379,0.995448185251932,1,0.99592155383108,0.991280997368264,0.985657519997411,0.98038224576493,0.973375684814197,0.963584688254147,0.954988325292668,0.94326843973094,0.931203712398528,0.900235511335787,0.868196244323658,0.800962363744282,0.655916313813599,0.569114298178868,0.592681863539801,0.60648582698279
0.397811383273399,0.642242560558372,0.741139163082048,0.789829410715365,0.828801680812129,0.861024466518933,0.887168960464113,0.910192093237118,0.930671084865096,0.945752194480199,0.957452151256663,0.968272107290283,0.975570992477906,0.983708290357747,0.989712648475753,0.99592155383108,1,0.99639740395753,0.991206541306651,0.986065889657692,0.978906652052202,0.969388876837732,0.961539636822042,0.950688610069927,0.938637348464435,0.906882801802185,0.8755652643221,0.806443341405514,0.660993454454555,0.574006889698236,0.601679754927123,0.621906989155894
0.385768553226862,0.630164444396607,0.730661123871268,0.780097325150375,0.820260357692255,0.853595130417263,0.879882249680701,0.903298556749134,0.923923937322387,0.939574095941374,0.950920236454975,0.961720217104062,0.969652596833614,0.977768857384211,0.984366183163378,0.991280997368264,0.99639740395753,1,0.996239511732919,0.991131868873573,0.984397097738155,0.975898242133756,0.968271891951395,0.957786276344475,0.945375131109126,0.914476100296999,0.883165737773949,0.814695159640257,0.668627904651451,0.579905165727158,0.610081745559753,0.63128127249826
0.37620362123552,0.619148096675819,0.720274862204152,0.769646521676807,0.811505735281868,0.845437203812457,0.87145428101222,0.895375757544206,0.916712105287329,0.932727498082756,0.944348130558865,0.95563415146802,0.963943796149776,0.971234946147106,0.978325693821003,0.985657519997411,0.991206541306651,0.996239511732919,1,0.995894504023928,0.989817748958187,0.982903243799345,0.97586973492801,0.966534271525653,0.95453341426235,0.926278593869871,0.895843079117889,0.827710222577631,0.686426134220371,0.595029324458462,0.630766229148706,0.644454102280126
0.359482702002349,0.599405106608394,0.70198337347385,0.752965723949076,0.796854909767804,0.833183995215624,0.860663828020578,0.885199821821608,0.906855796544031,0.92393715589658,0.935839218139289,0.948105420028838,0.957611182925163,0.965209925628386,0.972463833600995,0.98038224576493,0.986065889657692,0.991131868873573,0.995894504023928,1,0.995324209900711,0.989428284481017,0.981983766717439,0.972508044527196,0.961154026845234,0.931417385824252,0.90088428570956,0.833658758812712,0.694456171189829,0.600455744260901,0.639977997543282,0.649936558438077
0.345511013426103,0.583964832680419,0.687793440856886,0.738789910491653,0.783697579277839,0.821660317427582,0.849372683805818,0.874544760026335,0.896656349375529,0.913640145976362,0.926386833703314,0.938829420802015,0.949102438747485,0.956970201703462,0.964728329821342,0.973375684814197,0.978906652052202,0.984397097738155,0.989817748958187,0.995324209900711,1,0.995302292274978,0.988476778778398,0.97907135169377,0.966857753082406,0.938001329506724,0.907787443953521,0.842272156030409,0.704100717359704,0.609939162092009,0.649184357103534,0.657778384646617
0.325189676540514,0.566264439559442,0.672374138730358,0.725586037605512,0.771403264650628,0.809254349891016,0.83701119180563,0.862318176935436,0.885158188399504,0.902034859257672,0.914159865636102,0.927667211179603,0.938114002658255,0.945639189498662,0.953739146931198,0.963584688254147,0.969388876837732,0.975898242133756,0.982903243799345,0.989428284481017,0.995302292274978,1,0.99462471272067,0.986053887969066,0.974342585240254,0.946890300356923,0.916509281435781,0.850292079197423,0.714293058282041,0.617296297884567,0.661432848745664,0.66571215949383
0.303455214884755,0.545824160158874,0.652114183171703,0.706541271884457,0.753777211062329,0.791788076039607,0.820603796323976,0.846390168902395,0.871008172741435,0.889946544679456,0.902245443611337,0.916570238623684,0.927456202139856,0.935628771323638,0.943750623246651,0.954988325292668,0.961539636822042,0.968271891951395,0.97586973492801,0.981983766717439,0.988476778778398,0.99462471272067,1,0.992624151258969,0.981956435092061,0.956187315430533,0.928514053414067,0.861103493834626,0.723696270543938,0.624945416158839,0.670035765336699,0.676391134215796
0.289692227293754,0.535989886026132,0.639147303176577,0.6929867968497,0.73898284456059,0.776285123834399,0.805570055576202,0.83233324944961,0.856997230920953,0.875852448016185,0.889389308619326,0.903996472455909,0.91504547137865,0.923368796103397,0.931026037950902,0.94326843973094,0.950688610069927,0.957786276344475,0.966534271525653,0.972508044527196,0.97907135169377,0.986053887969066,0.992624151258969,1,0.991332765712263,0.967553684548772,0.941959377166056,0.874829721351419,0.741803252224022,0.642567891669389,0.694856080570027,0.699001254256316
0.277725127903682,0.517859751667838,0.616862886084539,0.674978773305833,0.721361126656512,0.75871345583599,0.788092765245579,0.815513077462808,0.840611381895153,0.86093818771537,0.874966881501017,0.890138652341572,0.901878537962634,0.911321644270493,0.919610092064416,0.931203712398528,0.938637348464435,0.945375131109126,0.95453341426235,0.961154026845234,0.966857753082406,0.974342585240254,0.981956435092061,0.991332765712263,1,0.980302550722277,0.956807579436507,0.895872865059114,0.764891634178583,0.648047048854981,0.701454266914831,0.705977015905427
0.260049985966153,0.488677508975515,0.585748449243299,0.640454348077896,0.687583026090358,0.723603986636378,0.755445363063347,0.783605783013743,0.807600511521487,0.827482250524676,0.841497508753234,0.857303960926762,0.8683189832211,0.878328696542759,0.886884825129272,0.900235511335787,0.906882801802185,0.914476100296999,0.926278593869871,0.931417385824252,0.938001329506724,0.946890300356923,0.956187315430533,0.967553684548772,0.980302550722277,1,0.98175026444934,0.927881821837852,0.800151125150146,0.690701044713142,0.748533897765657,0.731122272146423
0.227745597476152,0.451035521674624,0.548859214468803,0.604928564991985,0.654354916678586,0.688435784101459,0.721136124457489,0.747936194864073,0.770482408845448,0.789451312597156,0.805194861626615,0.821197168043838,0.833324516551374,0.844537459917219,0.854374661837926,0.868196244323658,0.8755652643221,0.883165737773949,0.895843079117889,0.90088428570956,0.907787443953521,0.916509281435781,0.928514053414067,0.941959377166056,0.956807579436507,0.98175026444934,1,0.957006869362992,0.833302667018251,0.724143652298279,0.774508056826865,0.736958512898833
0.186080491838677,0.404288045539021,0.495353817858606,0.552603177406781,0.602575516692588,0.633976077917737,0.664078139313051,0.687728239289254,0.705699069370203,0.723415684495273,0.737800882055386,0.751959432903987,0.762798411176601,0.775569872026975,0.785021473018727,0.800962363744282,0.806443341405514,0.814695159640257,0.827710222577631,0.833658758812712,0.842272156030409,0.850292079197423,0.861103493834626,0.874829721351419,0.895872865059114,0.927881821837852,0.957006869362992,1,0.901564395381738,0.786507399281347,0.812441861491118,0.750252991977091
0.14129727799592,0.31941088022043,0.394133218942771,0.439383683042715,0.48439219714404,0.509270746920752,0.529777140131661,0.551956945330527,0.56814747925142,0.58003313423066,0.59489995462511,0.606750689289832,0.619456258429802,0.632684744208663,0.640095667246139,0.655916313813599,0.660993454454555,0.668627904651451,0.686426134220371,0.694456171189829,0.704100717359704,0.714293058282041,0.723696270543938,0.741803252224022,0.764891634178583,0.800151125150146,0.833302667018251,0.901564395381738,1,0.876045361288456,0.840891447303439,0.7385070028526
0.121415684912005,0.265652625570876,0.334342731944902,0.367077624165527,0.40767145114787,0.428841527551372,0.450227512505136,0.471054117494439,0.483725276596583,0.503111020795871,0.517765941297356,0.526311422783974,0.534424898366673,0.548449936327036,0.554333665540639,0.569114298178868,0.574006889698236,0.579905165727158,0.595029324458462,0.600455744260901,0.609939162092009,0.617296297884567,0.624945416158839,0.642567891669389,0.648047048854981,0.690701044713142,0.724143652298279,0.786507399281347,0.876045361288456,1,0.883867464989036,0.711649030454503
0.0902426846082831,0.273172771506095,0.340671959954159,0.378784043085007,0.418737478518825,0.444260564307655,0.4732521064243,0.492687904981042,0.503633545460659,0.519996272745793,0.52988614072562,0.542769739096612,0.553327794306317,0.570275301137106,0.576811235075103,0.592681863539801,0.601679754927123,0.610081745559753,0.630766229148706,0.639977997543282,0.649184357103534,0.661432848745664,0.670035765336699,0.694856080570027,0.701454266914831,0.748533897765657,0.774508056826865,0.812441861491118,0.840891447303439,0.883867464989036,1,0.831823906776685
0.0487392028313369,0.257172803452831,0.327690087604373,0.362202877644456,0.401381049756324,0.433301033095531,0.460973424305798,0.487640350959672,0.507805739410912,0.529677266497927,0.540494336288732,0.556841005639454,0.564198132930719,0.580995527625996,0.587497475691154,0.60648582698279,0.621906989155894,0.63128127249826,0.644454102280126,0.649936558438077,0.657778384646617,0.66571215949383,0.676391134215796,0.699001254256316,0.705977015905427,0.731122272146423,0.736958512898833,0.750252991977091,0.7385070028526,0.711649030454503,0.831823906776685,1
