1,0.941132873877192,0.914208052081901,0.888573337504566,0.859093021365641,0.829753416726699,0.815864073975931,0.80396689651279,0.789348375081017,0.769193324777463,0.753656343395724,0.740018526394055,0.72777334142583,0.70382171060258,0.68400231422699,0.668460903262379,0.654515766476194,0.626699000087795,0.600816346396099,0.58022596397291,0.57170706622073,0.565519935625814,0.552929784868081,0.527605388638937,0.506282030333264,0.480399756768349,0.448020796065897,0.404548559296681,0.373406080633292,0.325508446740691,0.266058087097907,0.205583642501258
0.941132873877192,1,0.986017393812341,0.963010501132681,0.93396560285872,0.906994140945381,0.895114556069743,0.884646978586278,0.870804154141401,0.852797992318765,0.83940317569031,0.827351845043024,0.815488377049815,0.792518964386981,0.774094468959816,0.760243511587793,0.747685439292791,0.721652530045614,0.696613585834059,0.67584458339864,0.666932579983837,0.660575440690595,0.648124815398005,0.623223855563706,0.602182236804429,0.579103491805482,0.549347421444272,0.504264108363701,0.469555896806187,0.416104122226912,0.348401609964148,0.271865906374351
0.914208052081901,0.986017393812341,1,0.991489091448717,0.964923236934092,0.940369623164536,0.929398980111691,0.919499442124075,0.906204703704847,0.889349072087893,0.87663354486568,0.864930792610117,0.853150185735752,0.830815566963721,0.812724141067133,0.799138274026852,0.787399221245625,0.762134339941614,0.737286783467526,0.716212694705225,0.708045083506983,0.701770907916172,0.689340879564585,0.664813706270783,0.643331755612061,0.620347608435649,0.590006487261529,0.541311892893322,0.505769583349827,0.451115612710274,0.381074055396031,0.301052399077118
0.888573337504566,0.963010501132681,0.991489091448717,1,0.988875645216217,0.969647847912325,0.960234853664543,0.951425289146402,0.93967665463784,0.925228183888271,0.913752452115001,0.902578337824191,0.890868931076699,0.869254032503083,0.851856985665657,0.839105707631883,0.828797513529743,0.805895382096728,0.782438864976634,0.761668142636934,0.75488551463785,0.748812370688055,0.736726845446748,0.713640884330607,0.691307475350969,0.667209808280025,0.634802172940588,0.581427178934336,0.547412539712639,0.49275433976835,0.42028761138485,0.338272847179623
0.859093021365641,0.93396560285872,0.964923236934092,0.988875645216217,1,0.990575027086862,0.983693084638976,0.976468015084616,0.967123348368865,0.955996114043839,0.94620718811376,0.935781938022259,0.924286251039052,0.903642390436121,0.887393336141919,0.876054287646507,0.867680839903999,0.848591163532549,0.827578240242274,0.807567412970871,0.802605060181842,0.796833594187977,0.78542411774526,0.764758773462691,0.741575341727055,0.715789745813214,0.680557698058131,0.622133415349742,0.59152891471523,0.537454033216427,0.462048566895703,0.378925287130293
0.829753416726699,0.906994140945381,0.940369623164536,0.969647847912325,0.990575027086862,1,0.997256999537996,0.991700759242143,0.984924198227668,0.976534069130496,0.96802834257147,0.958243528088494,0.947319451293171,0.928018167886579,0.913124159773378,0.903245342088652,0.896712713018906,0.881789269458134,0.863213018803908,0.843499676737525,0.840337937148189,0.83487026285932,0.824240213835403,0.80626803576664,0.782943304727236,0.755899111737445,0.718060263401464,0.654722526872193,0.627752904751615,0.572844034292712,0.492569911779452,0.408406819543735
0.815864073975931,0.895114556069743,0.929398980111691,0.960234853664543,0.983693084638976,0.997256999537996,1,0.998142620267305,0.992353007745366,0.985244104495866,0.97783683645999,0.968992120661264,0.95878719569579,0.941117215004697,0.927526039756903,0.918600989493292,0.912600230353199,0.898984572846364,0.881568829275151,0.862695794412823,0.859820778091913,0.85456156618966,0.844306001626564,0.827009493138821,0.803330595010135,0.775939961510322,0.738014307577648,0.675500885602303,0.649081306349112,0.595012218048044,0.514951638376615,0.427735769512057
0.80396689651279,0.884646978586278,0.919499442124075,0.951425289146402,0.976468015084616,0.991700759242143,0.998142620267305,1,0.997184144272069,0.99138647525864,0.984997386903989,0.977066677101335,0.967771597824035,0.951776293623162,0.939423126031672,0.931294452135374,0.925589837878027,0.912838462597108,0.896350772327746,0.878324630421386,0.875456000140308,0.870238546215932,0.860252900782704,0.843572628402126,0.819654897974132,0.791966810080192,0.754248914792481,0.693812957728377,0.667859071036088,0.61470671184284,0.535159251720518,0.444480516349882
0.789348375081017,0.870804154141401,0.906204703704847,0.93967665463784,0.967123348368865,0.984924198227668,0.992353007745366,0.997184144272069,1,0.996309879430914,0.991024750965769,0.983925232344923,0.975749566980123,0.961483485155903,0.950321332952393,0.942915416426883,0.937601496257928,0.925993768562701,0.910543599106155,0.89326824172542,0.89047399350758,0.88512488289346,0.875409535608285,0.859859342896424,0.835953839585511,0.807855719979782,0.770087872540762,0.711699503136169,0.687106008845498,0.6345975919419,0.554564856676025,0.460488995486076
0.769193324777463,0.852797992318765,0.889349072087893,0.925228183888271,0.955996114043839,0.976534069130496,0.985244104495866,0.99138647525864,0.996309879430914,1,0.997944988627194,0.992301757954835,0.985487201791047,0.974326707658759,0.964836305023051,0.958076029104935,0.95359851756513,0.943916905717425,0.930258787330086,0.914370980450605,0.911678781958844,0.906308723294259,0.897095723028128,0.883032388847515,0.85935882594646,0.831462725097582,0.794098000673406,0.737033360339742,0.715613502420046,0.664568891285356,0.583485463625898,0.484102070664689
0.753656343395724,0.83940317569031,0.87663354486568,0.913752452115001,0.94620718811376,0.96802834257147,0.97783683645999,0.984997386903989,0.991024750965769,0.997944988627194,1,0.997974520260992,0.992694591740741,0.984097751452877,0.975843761451962,0.969394309193196,0.965418304795002,0.956688105205635,0.94409991705642,0.929259592879745,0.926320057204288,0.920854218321504,0.911875065774754,0.898496441460937,0.875061997032016,0.847428657626212,0.810688995202509,0.755624009635371,0.73537963432325,0.6863765636209,0.606813032845981,0.504015330215077
0.740018526394055,0.827351845043024,0.864930792610117,0.902578337824191,0.935781938022259,0.958243528088494,0.968992120661264,0.977066677101335,0.983925232344923,0.992301757954835,0.997974520260992,1,0.997474925838772,0.991291782094809,0.984170686827431,0.977972230173546,0.974235883966501,0.96598909478856,0.954092455162611,0.940054966356918,0.936743898120197,0.931126088100311,0.922219699434127,0.909141404175297,0.886106766641114,0.85888207909074,0.822960813815236,0.770325390546039,0.750349704213246,0.703090659352505,0.625552291988701,0.520920520664219
0.72777334142583,0.815488377049815,0.853150185735752,0.890868931076699,0.924286251039052,0.947319451293171,0.95878719569579,0.967771597824035,0.975749566980123,0.985487201791047,0.992694591740741,0.997474925838772,1,0.996250276058545,0.990361918563235,0.984571299517516,0.980799769465605,0.972885068158946,0.961473761400493,0.947961649441019,0.944351730081575,0.938533643591361,0.929586553125534,0.916685757706081,0.894343815541767,0.867735217144357,0.83276072073432,0.782661361017182,0.762798909044726,0.715962090692605,0.638982223819814,0.534195879291331
0.70382171060258,0.792518964386981,0.830815566963721,0.869254032503083,0.903642390436121,0.928018167886579,0.941117215004697,0.951776293623162,0.961483485155903,0.974326707658759,0.984097751452877,0.991291782094809,0.996250276058545,1,0.99814164465125,0.993556420417419,0.99029716346618,0.983850010923235,0.974449870768353,0.963193801000918,0.959137230010052,0.953419241218946,0.944944442073443,0.932706469759354,0.911357981985034,0.884516730863595,0.850266671298202,0.806972414085854,0.787632002329221,0.742769839714776,0.667513014119754,0.553033422104035
0.68400231422699,0.774094468959816,0.812724141067133,0.851856985665657,0.887393336141919,0.913124159773378,0.927526039756903,0.939423126031672,0.950321332952393,0.964836305023051,0.975843761451962,0.984170686827431,0.990361918563235,0.99814164465125,1,0.998270367846386,0.995556181143281,0.990310317088939,0.982386250444584,0.972703094637989,0.968775332841431,0.96351424918109,0.955653969890396,0.94397794414754,0.923175096123771,0.896593555839201,0.863516870452811,0.825312251036347,0.80640164157777,0.763046354827851,0.689181681918774,0.568420099455038
0.668460903262379,0.760243511587793,0.799138274026852,0.839105707631883,0.876054287646507,0.903245342088652,0.918600989493292,0.931294452135374,0.942915416426883,0.958076029104935,0.969394309193196,0.977972230173546,0.984571299517516,0.993556420417419,0.998270367846386,1,0.998361747076123,0.994219980642028,0.987290055806785,0.978496915106668,0.975114970304967,0.970470500287575,0.963288514038068,0.952255065321056,0.931680809116381,0.905697868022588,0.873887175957865,0.838604331230613,0.820250180332014,0.777901154408753,0.704795840607488,0.580775144357382
0.654515766476194,0.747685439292791,0.787399221245625,0.828797513529743,0.867680839903999,0.896712713018906,0.912600230353199,0.925589837878027,0.937601496257928,0.95359851756513,0.965418304795002,0.974235883966501,0.980799769465605,0.99029716346618,0.995556181143281,0.998361747076123,1,0.997527910863686,0.991427566660889,0.983005051740884,0.980172248990282,0.975801914285083,0.969238131080706,0.959593470264428,0.939372501140988,0.913861690725324,0.88239388581891,0.846825401861607,0.829959928018337,0.788315713147705,0.7147607248741,0.588871226506853
0.626699000087795,0.721652530045614,0.762134339941614,0.805895382096728,0.848591163532549,0.881789269458134,0.898984572846364,0.912838462597108,0.925993768562701,0.943916905717425,0.956688105205635,0.96598909478856,0.972885068158946,0.983850010923235,0.990310317088939,0.994219980642028,0.997527910863686,1,0.997865901952916,0.991670123127634,0.989441611592788,0.985467469993674,0.979786942259555,0.971971651663474,0.952872823437989,0.927033626610924,0.894692028273084,0.859511593355778,0.843905506089579,0.803799786607749,0.730943062809264,0.601659132160582
0.600816346396099,0.696613585834059,0.737286783467526,0.782438864976634,0.827578240242274,0.863213018803908,0.881568829275151,0.896350772327746,0.910543599106155,0.930258787330086,0.94409991705642,0.954092455162611,0.961473761400493,0.974449870768353,0.982386250444584,0.987290055806785,0.991427566660889,0.997865901952916,1,0.997589782661255,0.995694957638429,0.992319883433876,0.987426110541543,0.980431136221715,0.963130687662468,0.937369373087075,0.904786584847962,0.872238215451357,0.856747060031905,0.818778492577331,0.748251464378719,0.613093680188208
0.58022596397291,0.67584458339864,0.716212694705225,0.761668142636934,0.807567412970871,0.843499676737525,0.862695794412823,0.878324630421386,0.89326824172542,0.914370980450605,0.929259592879745,0.940054966356918,0.947961649441019,0.963193801000918,0.972703094637989,0.978496915106668,0.983005051740884,0.991670123127634,0.997589782661255,1,0.998363979489318,0.995818882160893,0.991582142199143,0.984386669363325,0.969381623466872,0.944369785064267,0.91249944551361,0.884411365361878,0.867939427378304,0.83240569414348,0.765413525852736,0.622437951332049
0.57170706622073,0.666932579983837,0.708045083506983,0.75488551463785,0.802605060181842,0.840337937148189,0.859820778091913,0.875456000140308,0.89047399350758,0.911678781958844,0.926320057204288,0.936743898120197,0.944351730081575,0.959137230010052,0.968775332841431,0.975114970304967,0.980172248990282,0.989441611592788,0.995694957638429,0.998363979489318,1,0.998632971740584,0.995105690816163,0.989284272529237,0.975166543252219,0.951856980847028,0.921121732254821,0.890875255716741,0.874165084118866,0.838092451619677,0.770264927575054,0.627903947553782
0.565519935625814,0.660575440690595,0.701770907916172,0.748812370688055,0.796833594187977,0.83487026285932,0.85456156618966,0.870238546215932,0.88512488289346,0.906308723294259,0.920854218321504,0.931126088100311,0.938533643591361,0.953419241218946,0.96351424918109,0.970470500287575,0.975801914285083,0.985467469993674,0.992319883433876,0.995818882160893,0.998632971740584,1,0.998649884524031,0.992467925745205,0.981555647697482,0.960482064687647,0.930803368213199,0.900708753995763,0.882903033180677,0.847462690491541,0.781065989687326,0.637979557717856
0.552929784868081,0.648124815398005,0.689340879564585,0.736726845446748,0.78542411774526,0.824240213835403,0.844306001626564,0.860252900782704,0.875409535608285,0.897095723028128,0.911875065774754,0.922219699434127,0.929586553125534,0.944944442073443,0.955653969890396,0.963288514038068,0.969238131080706,0.979786942259555,0.987426110541543,0.991582142199143,0.995105690816163,0.998649884524031,1,0.995999438220925,0.988185042853254,0.969531062917909,0.94135331931938,0.911818746315984,0.894313660610521,0.859651875312205,0.793760270195945,0.648386464787137
0.527605388638937,0.623223855563706,0.664813706270783,0.713640884330607,0.764758773462691,0.80626803576664,0.827009493138821,0.843572628402126,0.859859342896424,0.883032388847515,0.898496441460937,0.909141404175297,0.916685757706081,0.932706469759354,0.94397794414754,0.952255065321056,0.959593470264428,0.971971651663474,0.980431136221715,0.984386669363325,0.989284272529237,0.992467925745205,0.995999438220925,1,0.992882842508888,0.976282680650398,0.950333009892329,0.920276492733421,0.906326099232517,0.871738438190187,0.802861333794524,0.653781446369963
0.506282030333264,0.602182236804429,0.643331755612061,0.691307475350969,0.741575341727055,0.782943304727236,0.803330595010135,0.819654897974132,0.835953839585511,0.85935882594646,0.875061997032016,0.886106766641114,0.894343815541767,0.911357981985034,0.923175096123771,0.931680809116381,0.939372501140988,0.952872823437989,0.963130687662468,0.969381623466872,0.975166543252219,0.981555647697482,0.988185042853254,0.992882842508888,1,0.992525881365759,0.970799792727207,0.943073769466445,0.925760979497027,0.892618510532656,0.828067970296137,0.679737187160814
0.480399756768349,0.579103491805482,0.620347608435649,0.667209808280025,0.715789745813214,0.755899111737445,0.775939961510322,0.791966810080192,0.807855719979782,0.831462725097582,0.847428657626212,0.85888207909074,0.867735217144357,0.884516730863595,0.896593555839201,0.905697868022588,0.913861690725324,0.927033626610924,0.937369373087075,0.944369785064267,0.951856980847028,0.960482064687647,0.969531062917909,0.976282680650398,0.992525881365759,1,0.991867973028374,0.964721146813825,0.947117576696044,0.913685658452341,0.848407856570027,0.697301036029192
0.448020796065897,0.549347421444272,0.590006487261529,0.634802172940588,0.680557698058131,0.718060263401464,0.738014307577648,0.754248914792481,0.770087872540762,0.794098000673406,0.810688995202509,0.822960813815236,0.83276072073432,0.850266671298202,0.863516870452811,0.873887175957865,0.88239388581891,0.894692028273084,0.904786584847962,0.91249944551361,0.921121732254821,0.930803368213199,0.94135331931938,0.950333009892329,0.970799792727207,0.991867973028374,1,0.981040197352885,0.964963124783447,0.932221910133105,0.8667761846374,0.708964262257574
0.404548559296681,0.504264108363701,0.541311892893322,0.581427178934336,0.622133415349742,0.654722526872193,0.675500885602303,0.693812957728377,0.711699503136169,0.737033360339742,0.755624009635371,0.770325390546039,0.782661361017182,0.806972414085854,0.825312251036347,0.838604331230613,0.846825401861607,0.859511593355778,0.872238215451357,0.884411365361878,0.890875255716741,0.900708753995763,0.911818746315984,0.920276492733421,0.943073769466445,0.964721146813825,0.981040197352885,1,0.983871006107362,0.958566621370426,0.905660182256007,0.733480568604637
0.373406080633292,0.469555896806187,0.505769583349827,0.547412539712639,0.59152891471523,0.627752904751615,0.649081306349112,0.667859071036088,0.687106008845498,0.715613502420046,0.73537963432325,0.750349704213246,0.762798909044726,0.787632002329221,0.80640164157777,0.820250180332014,0.829959928018337,0.843905506089579,0.856747060031905,0.867939427378304,0.874165084118866,0.882903033180677,0.894313660610521,0.906326099232517,0.925760979497027,0.947117576696044,0.964963124783447,0.983871006107362,1,0.984882885944931,0.922744688948547,0.748279217567272
0.325508446740691,0.416104122226912,0.451115612710274,0.49275433976835,0.537454033216427,0.572844034292712,0.595012218048044,0.61470671184284,0.6345975919419,0.664568891285356,0.6863765636209,0.703090659352505,0.715962090692605,0.742769839714776,0.763046354827851,0.777901154408753,0.788315713147705,0.803799786607749,0.818778492577331,0.83240569414348,0.838092451619677,0.847462690491541,0.859651875312205,0.871738438190187,0.892618510532656,0.913685658452341,0.932221910133105,0.958566621370426,0.984882885944931,1,0.971711799960171,0.787045068780352
0.266058087097907,0.348401609964148,0.381074055396031,0.42028761138485,0.462048566895703,0.492569911779452,0.514951638376615,0.535159251720518,0.554564856676025,0.583485463625898,0.606813032845981,0.625552291988701,0.638982223819814,0.667513014119754,0.689181681918774,0.704795840607488,0.7147607248741,0.730943062809264,0.748251464378719,0.765413525852736,0.770264927575054,0.781065989687326,0.793760270195945,0.802861333794524,0.828067970296137,0.848407856570027,0.8667761846374,0.905660182256007,0.922744688948547,0.971711799960171,1,0.835968890218363
0.205583642501258,0.271865906374351,0.301052399077118,0.338272847179623,0.378925287130293,0.408406819543735,0.427735769512057,0.444480516349882,0.460488995486076,0.484102070664689,0.504015330215077,0.520920520664219,0.534195879291331,0.553033422104035,0.568420099455038,0.580775144357382,0.588871226506853,0.601659132160582,0.613093680188208,0.622437951332049,0.627903947553782,0.637979557717856,0.648386464787137,0.653781446369963,0.679737187160814,0.697301036029192,0.708964262257574,0.733480568604637,0.748279217567272,0.787045068780352,0.835968890218363,1
