1,0.914055904735783,0.902628330144316,0.896555819402616,0.890291307377815,0.885852563918325,0.881919904343087,0.878351264532258,0.874452482430817,0.872526499931869,0.869506298672446,0.868411591320619,0.866567920922481,0.863544923387609,0.860576755139769,0.858437418861452,0.855746367252549,0.852842415862144,0.850468652108431,0.848135317389966,0.84750402292341,0.845950279360846,0.84582191367882,0.843901343988439,0.841536501057755,0.838154834026015,0.837277696398145,0.835396979524154,0.82991088230779,0.819147201296683,0.7775054968227,0.45282750336435
0.914055904735783,1,0.990357941660494,0.984537445668917,0.98076155205929,0.977951009751909,0.975025260297794,0.971587020429279,0.968308793566024,0.965082582649324,0.962204653458914,0.958966618487755,0.956078838384065,0.952271418771062,0.950135084377796,0.948121658468781,0.946482588672174,0.944123836301261,0.943144798317369,0.942097492778482,0.942234669561843,0.941169986360197,0.940603637256992,0.939106369187657,0.937388454747794,0.935321822151606,0.933217026200723,0.930779427694473,0.925159188542431,0.914186935594288,0.865970394382914,0.506722683740645
0.902628330144316,0.990357941660494,1,0.995173314393441,0.991063548102309,0.988571443856888,0.986130123476855,0.982570516560518,0.979220792253859,0.975813512823238,0.972907917164856,0.969490941082217,0.966772664294686,0.963174780426427,0.960777312769081,0.95860569778299,0.957018768331505,0.954771432340671,0.953469278055781,0.952535646126398,0.952481687568711,0.951572788124446,0.951301833128274,0.949936957898858,0.948201468484518,0.946519353720121,0.944253378387695,0.941481060257024,0.935713105793627,0.924788263969897,0.876078445293501,0.506546098127455
0.896555819402616,0.984537445668917,0.995173314393441,1,0.996683621618591,0.993835046535756,0.991625630125698,0.987982263884646,0.984742352336624,0.981226430440253,0.978249174859294,0.974840812599817,0.97196769904345,0.968667655440683,0.966210367046167,0.964179415818223,0.962731755306304,0.960344898101642,0.958948340344368,0.958190360955681,0.958291789888806,0.957389128396999,0.957125057706042,0.955838367711224,0.954410858237596,0.952839507348581,0.95066927643898,0.94758889085318,0.941922135680695,0.930523925185852,0.881775705922556,0.507519430864758
0.890291307377815,0.98076155205929,0.991063548102309,0.996683621618591,1,0.997719805484014,0.995794225319147,0.992853443392152,0.989939691320281,0.986884423388037,0.984309943418473,0.981293609790596,0.978460724399816,0.97556458130304,0.973080656582119,0.971161011052919,0.969775020058638,0.967522725432868,0.966195871936563,0.965590191639462,0.96573915461892,0.964960293792367,0.96472877853614,0.96352576583504,0.962444025088727,0.961312083877589,0.959237400669998,0.956230401770035,0.95121600267667,0.940407090443807,0.894403712754562,0.521479862631403
0.885852563918325,0.977951009751909,0.988571443856888,0.993835046535756,0.997719805484014,1,0.998397591350967,0.995908306325053,0.993277301686905,0.99052201361121,0.988025986755473,0.985058297406523,0.982169974263197,0.979278091420621,0.976806861036008,0.9747773948719,0.973450868730913,0.97133074686359,0.970042508624832,0.9695013722738,0.969623167178938,0.968783108554502,0.968549582773185,0.967531669843792,0.966550347015939,0.965590774032056,0.963637855797071,0.960819927843843,0.956010479359735,0.945773928062198,0.90090646568054,0.528513029866831
0.881919904343087,0.975025260297794,0.986130123476855,0.991625630125698,0.995794225319147,0.998397591350967,1,0.998285739559413,0.996073002149311,0.993719267083656,0.991332052303592,0.988471913862627,0.985722992106466,0.982827380574681,0.98040782859913,0.978414821549305,0.977131664148909,0.974996984237205,0.973648996035389,0.973148931298685,0.973284477857898,0.972492570102739,0.972194056412193,0.97131841968328,0.970455374637779,0.96955732977292,0.967650491246286,0.96493198562519,0.96026587916911,0.950243583949834,0.906486164571183,0.53322907615297
0.878351264532258,0.971587020429279,0.982570516560518,0.987982263884646,0.992853443392152,0.995908306325053,0.998285739559413,1,0.998666657576363,0.996885484179979,0.994845784413239,0.992287566050538,0.989704351585467,0.987163044660156,0.984992172546593,0.983151982745513,0.981714744726288,0.979654582225179,0.978442849821475,0.977904239231689,0.977953162089934,0.977310730817988,0.977078719453147,0.976371069534565,0.975571927056425,0.97488090445571,0.973129136851414,0.970621037679656,0.966080883699665,0.956725948532849,0.916065441828816,0.54344595161031
0.874452482430817,0.968308793566024,0.979220792253859,0.984742352336624,0.989939691320281,0.993277301686905,0.996073002149311,0.998666657576363,1,0.998856946388992,0.997278911819046,0.995088005171809,0.992744161546663,0.990434539790767,0.988448375519673,0.986737861011917,0.985378494871389,0.983553829738004,0.982435116447503,0.981765346423984,0.981647735444126,0.981049864890315,0.980773965065188,0.980050176394893,0.979277240402422,0.978534318144792,0.976931666006275,0.974403538092652,0.969846978995607,0.960898981401407,0.921737061225429,0.546968536660057
0.872526499931869,0.965082582649324,0.975813512823238,0.981226430440253,0.986884423388037,0.99052201361121,0.993719267083656,0.996885484179979,0.998856946388992,1,0.999034208805667,0.997348672630875,0.995373258473397,0.993329943685068,0.991406555711445,0.989744374982345,0.988360146839305,0.986545853169623,0.985393246673002,0.984635838715692,0.984406376318154,0.983799836969171,0.983502895594317,0.982849436102525,0.982169911381169,0.981456341680683,0.979917209549146,0.977531360997363,0.973038399983688,0.964156798210082,0.926651633041962,0.552820600347155
0.869506298672446,0.962204653458914,0.972907917164856,0.978249174859294,0.984309943418473,0.988025986755473,0.991332052303592,0.994845784413239,0.997278911819046,0.999034208805667,1,0.999004612893098,0.997452744385892,0.995792799487012,0.994028801288926,0.992402601161709,0.990919436540749,0.989101192889682,0.987952075852693,0.987049622856164,0.986709736466041,0.98601702044056,0.985595971280302,0.984966205812664,0.984352743494831,0.983611694861248,0.982098264092731,0.979829319325426,0.975427519194789,0.966918209829024,0.930945097277283,0.557781192656492
0.868411591320619,0.958966618487755,0.969490941082217,0.974840812599817,0.981293609790596,0.985058297406523,0.988471913862627,0.992287566050538,0.995088005171809,0.997348672630875,0.999004612893098,1,0.999045892030913,0.997676952390286,0.996130777100091,0.994577285792917,0.99297334596656,0.991164682100231,0.990085683364954,0.989125286313955,0.988727826926581,0.987928930158477,0.987377361634758,0.986618734542184,0.986055949858509,0.985281761607155,0.983835267385,0.981773107380514,0.977530600819509,0.969662862613291,0.934860518873431,0.564027258858007
0.866567920922481,0.956078838384065,0.966772664294686,0.97196769904345,0.978460724399816,0.982169974263197,0.985722992106466,0.989704351585467,0.992744161546663,0.995373258473397,0.997452744385892,0.999045892030913,1,0.99916234867927,0.997924660833423,0.996464241914506,0.994882870423777,0.993153588672582,0.992036276537296,0.991048701888037,0.990559101473354,0.989776303570127,0.989253051781943,0.988633417453706,0.988116773517061,0.987224350086117,0.985857874273863,0.983868956202467,0.979696579114413,0.971908485095565,0.938188768941789,0.570041624191448
0.863544923387609,0.952271418771062,0.963174780426427,0.968667655440683,0.97556458130304,0.979278091420621,0.982827380574681,0.987163044660156,0.990434539790767,0.993329943685068,0.995792799487012,0.997676952390286,0.99916234867927,1,0.999243250626254,0.997989561125517,0.996551066373403,0.994963235121836,0.993862941391697,0.992892330826608,0.992346820844438,0.991567191202778,0.99101845564097,0.990330264824425,0.989907243426036,0.989069585773054,0.987816879231601,0.985894298221318,0.982035308326438,0.974589617859912,0.942521369236339,0.574929915871643
0.860576755139769,0.950135084377796,0.960777312769081,0.966210367046167,0.973080656582119,0.976806861036008,0.98040782859913,0.984992172546593,0.988448375519673,0.991406555711445,0.994028801288926,0.996130777100091,0.997924660833423,0.999243250626254,1,0.999246238778571,0.998012058216232,0.996625605036636,0.995589880612935,0.994635228640473,0.99400254166763,0.993187272370035,0.992590928373089,0.991934630448438,0.991485217143557,0.99064423450138,0.989420336669442,0.987524097237508,0.983736638752764,0.976562019491336,0.945463372736462,0.580290458213276
0.858437418861452,0.948121658468781,0.95860569778299,0.964179415818223,0.971161011052919,0.9747773948719,0.978414821549305,0.983151982745513,0.986737861011917,0.989744374982345,0.992402601161709,0.994577285792917,0.996464241914506,0.997989561125517,0.999246238778571,1,0.999238279730557,0.998114709633372,0.997160690629952,0.996252414961717,0.995568450006446,0.994710950649568,0.99403113732686,0.993353750105347,0.992828638559673,0.991918450479789,0.990791566054487,0.988892562980225,0.98522521643601,0.978231144511018,0.94786025188481,0.583746197059495
0.855746367252549,0.946482588672174,0.957018768331505,0.962731755306304,0.969775020058638,0.973450868730913,0.977131664148909,0.981714744726288,0.985378494871389,0.988360146839305,0.990919436540749,0.99297334596656,0.994882870423777,0.996551066373403,0.998012058216232,0.999238279730557,1,0.999323650558805,0.998463804252319,0.997653743729409,0.996884092171017,0.996039148344827,0.995320482585208,0.994588525082558,0.993994614195252,0.993077578855046,0.992056533480214,0.990055918840945,0.986570989206466,0.979447360349357,0.949671652912282,0.585277340111286
0.852842415862144,0.944123836301261,0.954771432340671,0.960344898101642,0.967522725432868,0.97133074686359,0.974996984237205,0.979654582225179,0.983553829738004,0.986545853169623,0.989101192889682,0.991164682100231,0.993153588672582,0.994963235121836,0.996625605036636,0.998114709633372,0.999323650558805,1,0.999386771542154,0.99870063893501,0.997917145861631,0.997040600985746,0.99628367730701,0.995524849452095,0.994834311199629,0.993910732156386,0.992959116938557,0.991068447706583,0.98772699355454,0.98076517364009,0.951528640547819,0.58731810319993
0.850468652108431,0.943144798317369,0.953469278055781,0.958948340344368,0.966195871936563,0.970042508624832,0.973648996035389,0.978442849821475,0.982435116447503,0.985393246673002,0.987952075852693,0.990085683364954,0.992036276537296,0.993862941391697,0.995589880612935,0.997160690629952,0.998463804252319,0.999386771542154,1,0.999465079348358,0.998771219423139,0.997930440301828,0.997101769450429,0.996328420417314,0.995573347549609,0.994644174329226,0.993557266004525,0.991620078693046,0.988348490025282,0.981733448418642,0.952798121753554,0.591755342505412
0.848135317389966,0.942097492778482,0.952535646126398,0.958190360955681,0.965590191639462,0.9695013722738,0.973148931298685,0.977904239231689,0.981765346423984,0.984635838715692,0.987049622856164,0.989125286313955,0.991048701888037,0.992892330826608,0.994635228640473,0.996252414961717,0.997653743729409,0.99870063893501,0.999465079348358,1,0.999462476958664,0.99870961868603,0.997821139205996,0.996988228941235,0.996248967671427,0.995313064238045,0.994271973988417,0.992334466034894,0.988991112746217,0.982396791361515,0.953324323035814,0.592305957452357
0.84750402292341,0.942234669561843,0.952481687568711,0.958291789888806,0.96573915461892,0.969623167178938,0.973284477857898,0.977953162089934,0.981647735444126,0.984406376318154,0.986709736466041,0.988727826926581,0.990559101473354,0.992346820844438,0.99400254166763,0.995568450006446,0.996884092171017,0.997917145861631,0.998771219423139,0.999462476958664,1,0.999427928468616,0.998701956798265,0.997889369210975,0.997153627868491,0.996160774514229,0.995105418690882,0.993275576647537,0.990051970738013,0.983751624371211,0.954663916060589,0.595947626547041
0.845950279360846,0.941169986360197,0.951572788124446,0.957389128396999,0.964960293792367,0.968783108554502,0.972492570102739,0.977310730817988,0.981049864890315,0.983799836969171,0.98601702044056,0.987928930158477,0.989776303570127,0.991567191202778,0.993187272370035,0.994710950649568,0.996039148344827,0.997040600985746,0.997930440301828,0.99870961868603,0.999427928468616,1,0.999369723720754,0.998614500857814,0.997810932704717,0.996838718789613,0.995779154872421,0.993892676500154,0.990893175499449,0.984414781826158,0.956041528711384,0.596858864045068
0.84582191367882,0.940603637256992,0.951301833128274,0.957125057706042,0.96472877853614,0.968549582773185,0.972194056412193,0.977078719453147,0.980773965065188,0.983502895594317,0.985595971280302,0.987377361634758,0.989253051781943,0.99101845564097,0.992590928373089,0.99403113732686,0.995320482585208,0.99628367730701,0.997101769450429,0.997821139205996,0.998701956798265,0.999369723720754,1,0.999352487905665,0.998545094838173,0.997491038012365,0.996392340804015,0.994512214400693,0.991568626607645,0.984832497041893,0.95656066213928,0.596638099210211
0.843901343988439,0.939106369187657,0.949936957898858,0.955838367711224,0.96352576583504,0.967531669843792,0.97131841968328,0.976371069534565,0.980050176394893,0.982849436102525,0.984966205812664,0.986618734542184,0.988633417453706,0.990330264824425,0.991934630448438,0.993353750105347,0.994588525082558,0.995524849452095,0.996328420417314,0.996988228941235,0.997889369210975,0.998614500857814,0.999352487905665,1,0.99928461043839,0.998281357779162,0.997240664500885,0.9954216494728,0.99255081256222,0.98578413124009,0.958335797900558,0.59983965604802
0.841536501057755,0.937388454747794,0.948201468484518,0.954410858237596,0.962444025088727,0.966550347015939,0.970455374637779,0.975571927056425,0.979277240402422,0.982169911381169,0.984352743494831,0.986055949858509,0.988116773517061,0.989907243426036,0.991485217143557,0.992828638559673,0.993994614195252,0.994834311199629,0.995573347549609,0.996248967671427,0.997153627868491,0.997810932704717,0.998545094838173,0.99928461043839,1,0.99922424308549,0.998216379739752,0.996367776609931,0.99365103056135,0.987144463198118,0.960584639286702,0.603170216553402
0.838154834026015,0.935321822151606,0.946519353720121,0.952839507348581,0.961312083877589,0.965590774032056,0.96955732977292,0.97488090445571,0.978534318144792,0.981456341680683,0.983611694861248,0.985281761607155,0.987224350086117,0.989069585773054,0.99064423450138,0.991918450479789,0.993077578855046,0.993910732156386,0.994644174329226,0.995313064238045,0.996160774514229,0.996838718789613,0.997491038012365,0.998281357779162,0.99922424308549,1,0.998984834199882,0.997275572122421,0.994607899686374,0.988591374361484,0.96315548472082,0.609206686798803
0.837277696398145,0.933217026200723,0.944253378387695,0.95066927643898,0.959237400669998,0.963637855797071,0.967650491246286,0.973129136851414,0.976931666006275,0.979917209549146,0.982098264092731,0.983835267385,0.985857874273863,0.987816879231601,0.989420336669442,0.990791566054487,0.992056533480214,0.992959116938557,0.993557266004525,0.994271973988417,0.995105418690882,0.995779154872421,0.996392340804015,0.997240664500885,0.998216379739752,0.998984834199882,1,0.998660494627476,0.99622289673073,0.990097966795388,0.966549193589226,0.612813794416413
0.835396979524154,0.930779427694473,0.941481060257024,0.94758889085318,0.956230401770035,0.960819927843843,0.96493198562519,0.970621037679656,0.974403538092652,0.977531360997363,0.979829319325426,0.981773107380514,0.983868956202467,0.985894298221318,0.987524097237508,0.988892562980225,0.990055918840945,0.991068447706583,0.991620078693046,0.992334466034894,0.993275576647537,0.993892676500154,0.994512214400693,0.9954216494728,0.996367776609931,0.997275572122421,0.998660494627476,1,0.998046891542633,0.992484958324752,0.970698306723307,0.624054282266145
0.82991088230779,0.925159188542431,0.935713105793627,0.941922135680695,0.95121600267667,0.956010479359735,0.96026587916911,0.966080883699665,0.969846978995607,0.973038399983688,0.975427519194789,0.977530600819509,0.979696579114413,0.982035308326438,0.983736638752764,0.98522521643601,0.986570989206466,0.98772699355454,0.988348490025282,0.988991112746217,0.990051970738013,0.990893175499449,0.991568626607645,0.99255081256222,0.99365103056135,0.994607899686374,0.99622289673073,0.998046891542633,1,0.9951999792078,0.975465071345051,0.639645945206019
0.819147201296683,0.914186935594288,0.924788263969897,0.930523925185852,0.940407090443807,0.945773928062198,0.950243583949834,0.956725948532849,0.960898981401407,0.964156798210082,0.966918209829024,0.969662862613291,0.971908485095565,0.974589617859912,0.976562019491336,0.978231144511018,0.979447360349357,0.98076517364009,0.981733448418642,0.982396791361515,0.983751624371211,0.984414781826158,0.984832497041893,0.98578413124009,0.987144463198118,0.988591374361484,0.990097966795388,0.992484958324752,0.9951999792078,1,0.981881394381427,0.661098474667
0.7775054968227,0.865970394382914,0.876078445293501,0.881775705922556,0.894403712754562,0.90090646568054,0.906486164571183,0.916065441828816,0.921737061225429,0.926651633041962,0.930945097277283,0.934860518873431,0.938188768941789,0.942521369236339,0.945463372736462,0.94786025188481,0.949671652912282,0.951528640547819,0.952798121753554,0.953324323035814,0.954663916060589,0.956041528711384,0.95656066213928,0.958335797900558,0.960584639286702,0.96315548472082,0.966549193589226,0.970698306723307,0.975465071345051,0.981881394381427,1,0.717386190023074
0.45282750336435,0.506722683740645,0.506546098127455,0.507519430864758,0.521479862631403,0.528513029866831,0.53322907615297,0.54344595161031,0.546968536660057,0.552820600347155,0.557781192656492,0.564027258858007,0.570041624191448,0.574929915871643,0.580290458213276,0.583746197059495,0.585277340111286,0.58731810319993,0.591755342505412,0.592305957452357,0.595947626547041,0.596858864045068,0.596638099210211,0.59983965604802,0.603170216553402,0.609206686798803,0.612813794416413,0.624054282266145,0.639645945206019,0.661098474667,0.717386190023074,1
