1,0.960031452839684,0.951257190257479,0.946778115326927,0.943466206693481,0.93903497879734,0.935493141253432,0.932318719919131,0.929511452875455,0.927095700546486,0.92413187541567,0.921350111799889,0.917080962195247,0.913337986536444,0.909053217165889,0.905576568027143,0.900473282963372,0.894303514378548,0.888582173214999,0.883227492441661,0.877361114543806,0.86961452470361,0.860099464740499,0.852808099888027,0.840037379812828,0.818509367425452,0.79461186016207,0.755445734263841,0.713196857165131,0.62438386262152,0.514349342974519,0.309885466222473
0.960031452839684,1,0.99414313073471,0.990227402725258,0.987409163559139,0.984793434482448,0.982279325969561,0.980238336920481,0.978001867860122,0.976018100676421,0.972969645205628,0.970185003276706,0.966624679073757,0.963615397607047,0.960067805418141,0.957360632181371,0.953216646610267,0.948516157768766,0.943642748166213,0.93903076307843,0.934297672921452,0.927075400307715,0.917797033208751,0.910866108501502,0.898964536739162,0.87786606479719,0.854190919959052,0.814851297601614,0.771989158813265,0.68330192697607,0.575950471889858,0.369408943506115
0.951257190257479,0.99414313073471,1,0.997222088484975,0.994845615709917,0.992823555388085,0.991011065427327,0.989359117741664,0.987500906187362,0.985784740392914,0.983150988817871,0.9807649451648,0.977642508939702,0.974981060365091,0.97185322958967,0.969302982310604,0.965498519546733,0.961242730297822,0.956791620046076,0.952417946755247,0.94801402415644,0.941343948063116,0.932945326211188,0.926546407815561,0.915521386558309,0.895720932661819,0.872986383593421,0.834755041158218,0.79219428462027,0.704895173778393,0.596217868925692,0.384487863867506
0.946778115326927,0.990227402725258,0.997222088484975,1,0.998417780617909,0.996796672575629,0.995242244879216,0.993740458721126,0.992109243859541,0.990557120441201,0.98837397729801,0.98628391838652,0.983728622443206,0.981422799218437,0.97848214821257,0.976024367422266,0.972476758457976,0.968524236103948,0.964398666840654,0.960219740371582,0.955987913300671,0.94961693924928,0.94151167247733,0.935489049336093,0.925055125542579,0.906014359477625,0.884057672032734,0.846591877204684,0.804766544518294,0.717735052189863,0.608652355617543,0.395172995730011
0.943466206693481,0.987409163559139,0.994845615709917,0.998417780617909,1,0.998806151963425,0.997483589545171,0.99614038611806,0.994546525528064,0.993107350224514,0.991121970253736,0.989249359038432,0.986924287892914,0.984822559672822,0.982162689666534,0.979783500287256,0.976406544803452,0.972675542745209,0.96869099954709,0.96463200643922,0.960556007274967,0.954349266507293,0.946487929859324,0.940606458196513,0.930374870253559,0.911687912898657,0.890281279381703,0.853268265180862,0.811858701887031,0.725564733142426,0.616575973071565,0.400074311503178
0.93903497879734,0.984793434482448,0.992823555388085,0.996796672575629,0.998806151963425,1,0.999062404749506,0.997946359876659,0.996611197750645,0.995356393530643,0.993640999357357,0.991956266181507,0.989861937646833,0.987966174152341,0.985470248730297,0.983167063909656,0.979965963212541,0.976430918190657,0.972671250261622,0.968800522170146,0.964877469410483,0.958955505536823,0.951392345438934,0.945764991276781,0.935748810209381,0.917595427770442,0.896596106598807,0.859894676703789,0.818633681015974,0.733062536713414,0.623687109211342,0.407589929357111
0.935493141253432,0.982279325969561,0.991011065427327,0.995242244879216,0.997483589545171,0.999062404749506,1,0.999212387142796,0.998088594317838,0.996999409358176,0.99554219515697,0.993991541983498,0.992087511525062,0.990469000324023,0.98820785348288,0.986111538002012,0.983175723535831,0.979862363841248,0.976381587564629,0.972760936071119,0.969003106269227,0.963316625699853,0.956091230255575,0.950777255386376,0.941106351162271,0.923528956529723,0.903190078897144,0.867442988508949,0.826968067609673,0.742392537154716,0.632517607103924,0.413415472140674
0.932318719919131,0.980238336920481,0.989359117741664,0.993740458721126,0.99614038611806,0.997946359876659,0.999212387142796,1,0.999253677979158,0.998342907608809,0.997140979511937,0.995783727983443,0.994114265046959,0.992629856974984,0.990595099962557,0.988660241770522,0.985915973045431,0.982832220714447,0.979528603084981,0.97619592149119,0.97262657163266,0.967188577188623,0.960262096509139,0.955115512330476,0.945807165246297,0.928751959702241,0.909164352650377,0.874075101740744,0.834337602459599,0.75046450735524,0.639953476787652,0.417899811532785
0.929511452875455,0.978001867860122,0.987500906187362,0.992109243859541,0.994546525528064,0.996611197750645,0.998088594317838,0.999253677979158,1,0.999445875974271,0.998589010753246,0.997558196985712,0.996207112856294,0.994953085921779,0.993199509943522,0.991417734959949,0.988984146562225,0.986265605061463,0.983184268005952,0.980160101321993,0.9768518664369,0.971881865944241,0.965372942190244,0.960466835562868,0.95163513414963,0.935265979638358,0.916112213611147,0.881691590050843,0.842610777834893,0.759623390316281,0.647656715229139,0.423520803791871
0.927095700546486,0.976018100676421,0.985784740392914,0.990557120441201,0.993107350224514,0.995356393530643,0.996999409358176,0.998342907608809,0.999445875974271,1,0.999438201276696,0.998624506611497,0.997470505220162,0.996409044840287,0.99480392259664,0.993165066797524,0.990913042622281,0.988437039429986,0.985544214738539,0.982722367002315,0.979598216060353,0.974838947629152,0.968594964526431,0.963968523247222,0.955444297888179,0.939395256508895,0.920661526730175,0.88686154123324,0.848341409084303,0.766361701638463,0.654677968185106,0.428833193034387
0.92413187541567,0.972969645205628,0.983150988817871,0.98837397729801,0.991121970253736,0.993640999357357,0.99554219515697,0.997140979511937,0.998589010753246,0.999438201276696,1,0.999518020394567,0.998688984304164,0.997817383287769,0.996509592890654,0.9951260831201,0.993132699938378,0.990916819949962,0.988281531503677,0.985658100171244,0.982740400142272,0.97823762184583,0.972296894839486,0.967913024946022,0.959706896118687,0.944196250456187,0.926078781310478,0.89298925470596,0.855016610540651,0.773984207457518,0.662436183770643,0.434186047432792
0.921350111799889,0.970185003276706,0.9807649451648,0.98628391838652,0.989249359038432,0.991956266181507,0.993991541983498,0.995783727983443,0.997558196985712,0.998624506611497,0.999518020394567,1,0.999479414186883,0.998801179946802,0.997780446440953,0.996579110162892,0.99484652852711,0.992866460137522,0.990464716857137,0.987983941611418,0.985246035905539,0.981037868983152,0.975415538553849,0.971289026646387,0.963423696998242,0.948432520054403,0.930602063237453,0.897819777402408,0.859993315773711,0.779327512364781,0.667349920179949,0.437101746960508
0.917080962195247,0.966624679073757,0.977642508939702,0.983728622443206,0.986924287892914,0.989861937646833,0.992087511525062,0.994114265046959,0.996207112856294,0.997470505220162,0.998688984304164,0.999479414186883,1,0.999573117742921,0.998818604849958,0.997840139930633,0.996413039550254,0.994716716895319,0.992582635120869,0.99033518258098,0.987853118036326,0.984038026932734,0.978809390937397,0.974917649018118,0.967406827530956,0.953117786444013,0.935669724275216,0.903559821749035,0.866451129820647,0.786803820812021,0.674815492649828,0.442111544064882
0.913337986536444,0.963615397607047,0.974981060365091,0.981422799218437,0.984822559672822,0.987966174152341,0.990469000324023,0.992629856974984,0.994953085921779,0.996409044840287,0.997817383287769,0.998801179946802,0.999573117742921,1,0.999533617423071,0.998747144649776,0.997559277054133,0.996038778587454,0.994153876920474,0.992125346603055,0.989888106841444,0.986360312022727,0.981463926258948,0.977812219129234,0.970673604611498,0.956882628377102,0.939926966752088,0.908475812586214,0.871924060638099,0.792925845021825,0.681294515747857,0.445665655056549
0.909053217165889,0.960067805418141,0.97185322958967,0.97848214821257,0.982162689666534,0.985470248730297,0.98820785348288,0.990595099962557,0.993199509943522,0.99480392259664,0.996509592890654,0.997780446440953,0.998818604849958,0.999533617423071,1,0.999529367777939,0.998697478436432,0.997573088745304,0.996049914996004,0.994245494231667,0.992276012960008,0.98917575757692,0.984742595779931,0.981302990214325,0.974572688764485,0.961586394511471,0.945153763383069,0.914240547221117,0.878412785645373,0.80064039956939,0.689279426777638,0.450304608186727
0.905576568027143,0.957360632181371,0.969302982310604,0.976024367422266,0.979783500287256,0.983167063909656,0.986111538002012,0.988660241770522,0.991417734959949,0.993165066797524,0.9951260831201,0.996579110162892,0.997840139930633,0.998747144649776,0.999529367777939,1,0.999529071266062,0.99864565427183,0.997343246196951,0.995777967864826,0.994011494572775,0.991195046697496,0.987109462981038,0.983929859314009,0.977605886658633,0.965218651153289,0.94938880555706,0.919120924182887,0.883846849180158,0.806815474783829,0.695112103931667,0.452408180601203
0.900473282963372,0.953216646610267,0.965498519546733,0.972476758457976,0.976406544803452,0.979965963212541,0.983175723535831,0.985915973045431,0.988984146562225,0.990913042622281,0.993132699938378,0.99484652852711,0.996413039550254,0.997559277054133,0.998697478436432,0.999529071266062,1,0.999470018027553,0.998523643510693,0.997281054225248,0.995826343401149,0.993372936310648,0.989737614085629,0.986833528949863,0.981024878557874,0.969371467327125,0.954271776733542,0.924828971876392,0.890431994787042,0.81475581833581,0.703609451082659,0.456125505600686
0.894303514378548,0.948516157768766,0.961242730297822,0.968524236103948,0.972675542745209,0.976430918190657,0.979862363841248,0.982832220714447,0.986265605061463,0.988437039429986,0.990916819949962,0.992866460137522,0.994716716895319,0.996038778587454,0.997573088745304,0.99864565427183,0.999470018027553,1,0.999442758475041,0.998532180495584,0.997359901537637,0.995344151039058,0.992183596711546,0.989641374361413,0.984415912745947,0.973606378385193,0.959206101922234,0.930903828621712,0.897631379968105,0.82352264865496,0.71290811944745,0.460630739095905
0.888582173214999,0.943642748166213,0.956791620046076,0.964398666840654,0.96869099954709,0.972671250261622,0.976381587564629,0.979528603084981,0.983184268005952,0.985544214738539,0.988281531503677,0.990464716857137,0.992582635120869,0.994153876920474,0.996049914996004,0.997343246196951,0.998523643510693,0.999442758475041,1,0.999491075262141,0.998561462550876,0.997019470668304,0.994373050960812,0.992097390192748,0.987358552256272,0.977515383205081,0.96368165252201,0.936325008340688,0.903863401342975,0.831476830705181,0.721079671130015,0.465013114081732
0.883227492441661,0.93903076307843,0.952417946755247,0.960219740371582,0.96463200643922,0.968800522170146,0.972760936071119,0.97619592149119,0.980160101321993,0.982722367002315,0.985658100171244,0.987983941611418,0.99033518258098,0.992125346603055,0.994245494231667,0.995777967864826,0.997281054225248,0.998532180495584,0.999491075262141,1,0.999486363930508,0.998363372894007,0.996150584203511,0.994210792926548,0.990041556887697,0.980908791623021,0.967930032392829,0.941788004888704,0.910345354837408,0.838970212732946,0.728239595298301,0.469478687636944
0.877361114543806,0.934297672921452,0.94801402415644,0.955987913300671,0.960556007274967,0.964877469410483,0.969003106269227,0.97262657163266,0.9768518664369,0.979598216060353,0.982740400142272,0.985246035905539,0.987853118036326,0.989888106841444,0.992276012960008,0.994011494572775,0.995826343401149,0.997359901537637,0.998561462550876,0.999486363930508,1,0.999260503969682,0.997464248030224,0.995860249934569,0.992167953885615,0.983663868201659,0.97148105873702,0.946344917244967,0.916043840685916,0.846078186289568,0.736457617549413,0.47477492676834
0.86961452470361,0.927075400307715,0.941343948063116,0.94961693924928,0.954349266507293,0.958955505536823,0.963316625699853,0.967188577188623,0.971881865944241,0.974838947629152,0.97823762184583,0.981037868983152,0.984038026932734,0.986360312022727,0.98917575757692,0.991195046697496,0.993372936310648,0.995344151039058,0.997019470668304,0.998363372894007,0.999260503969682,1,0.999073633268075,0.997815117391707,0.994910855657742,0.987656842989711,0.976249922617588,0.952051003320741,0.92327563669688,0.855745153612284,0.746398330964877,0.480718261131004
0.860099464740499,0.917797033208751,0.932945326211188,0.94151167247733,0.946487929859324,0.951392345438934,0.956091230255575,0.960262096509139,0.965372942190244,0.968594964526431,0.972296894839486,0.975415538553849,0.978809390937397,0.981463926258948,0.984742595779931,0.987109462981038,0.989737614085629,0.992183596711546,0.994373050960812,0.996150584203511,0.997464248030224,0.999073633268075,1,0.999205525507235,0.997322600022894,0.991872853097185,0.981809430829739,0.959443532941629,0.932489401396116,0.867671012382116,0.759673208186367,0.488326850760254
0.852808099888027,0.910866108501502,0.926546407815561,0.935489049336093,0.940606458196513,0.945764991276781,0.950777255386376,0.955115512330476,0.960466835562868,0.963968523247222,0.967913024946022,0.971289026646387,0.974917649018118,0.977812219129234,0.981302990214325,0.983929859314009,0.986833528949863,0.989641374361413,0.992097390192748,0.994210792926548,0.995860249934569,0.997815117391707,0.999205525507235,1,0.998673840808961,0.994240786457513,0.985343973501632,0.965071822459535,0.939058968132837,0.876050018311819,0.769154021556288,0.496723730883974
0.840037379812828,0.898964536739162,0.915521386558309,0.925055125542579,0.930374870253559,0.935748810209381,0.941106351162271,0.945807165246297,0.95163513414963,0.955444297888179,0.959706896118687,0.963423696998242,0.967406827530956,0.970673604611498,0.974572688764485,0.977605886658633,0.981024878557874,0.984415912745947,0.987358552256272,0.990041556887697,0.992167953885615,0.994910855657742,0.997322600022894,0.998673840808961,1,0.99729772457009,0.990542364860726,0.972655174215174,0.949468552288143,0.890410141438544,0.785392190098859,0.507573536635397
0.818509367425452,0.87786606479719,0.895720932661819,0.906014359477625,0.911687912898657,0.917595427770442,0.923528956529723,0.928751959702241,0.935265979638358,0.939395256508895,0.944196250456187,0.948432520054403,0.953117786444013,0.956882628377102,0.961586394511471,0.965218651153289,0.969371467327125,0.973606378385193,0.977515383205081,0.980908791623021,0.983663868201659,0.987656842989711,0.991872853097185,0.994240786457513,0.99729772457009,1,0.99613004827098,0.982204203490348,0.962032324816979,0.908766337598567,0.805964824997976,0.518590717172958
0.79461186016207,0.854190919959052,0.872986383593421,0.884057672032734,0.890281279381703,0.896596106598807,0.903190078897144,0.909164352650377,0.916112213611147,0.920661526730175,0.926078781310478,0.930602063237453,0.935669724275216,0.939926966752088,0.945153763383069,0.94938880555706,0.954271776733542,0.959206101922234,0.96368165252201,0.967930032392829,0.97148105873702,0.976249922617588,0.981809430829739,0.985343973501632,0.990542364860726,0.99613004827098,1,0.992220564701962,0.976449028366401,0.928240228453557,0.828072956664537,0.537565610533951
0.755445734263841,0.814851297601614,0.834755041158218,0.846591877204684,0.853268265180862,0.859894676703789,0.867442988508949,0.874075101740744,0.881691590050843,0.88686154123324,0.89298925470596,0.897819777402408,0.903559821749035,0.908475812586214,0.914240547221117,0.919120924182887,0.924828971876392,0.930903828621712,0.936325008340688,0.941788004888704,0.946344917244967,0.952051003320741,0.959443532941629,0.965071822459535,0.972655174215174,0.982204203490348,0.992220564701962,1,0.990982692902059,0.950009184089675,0.8529810928668,0.551309241356933
0.713196857165131,0.771989158813265,0.79219428462027,0.804766544518294,0.811858701887031,0.818633681015974,0.826968067609673,0.834337602459599,0.842610777834893,0.848341409084303,0.855016610540651,0.859993315773711,0.866451129820647,0.871924060638099,0.878412785645373,0.883846849180158,0.890431994787042,0.897631379968105,0.903863401342975,0.910345354837408,0.916043840685916,0.92327563669688,0.932489401396116,0.939058968132837,0.949468552288143,0.962032324816979,0.976449028366401,0.990982692902059,1,0.969276900361111,0.878974105746239,0.564310464423142
0.62438386262152,0.68330192697607,0.704895173778393,0.717735052189863,0.725564733142426,0.733062536713414,0.742392537154716,0.75046450735524,0.759623390316281,0.766361701638463,0.773984207457518,0.779327512364781,0.786803820812021,0.792925845021825,0.80064039956939,0.806815474783829,0.81475581833581,0.82352264865496,0.831476830705181,0.838970212732946,0.846078186289568,0.855745153612284,0.867671012382116,0.876050018311819,0.890410141438544,0.908766337598567,0.928240228453557,0.950009184089675,0.969276900361111,1,0.940189614079261,0.610098696171317
0.514349342974519,0.575950471889858,0.596217868925692,0.608652355617543,0.616575973071565,0.623687109211342,0.632517607103924,0.639953476787652,0.647656715229139,0.654677968185106,0.662436183770643,0.667349920179949,0.674815492649828,0.681294515747857,0.689279426777638,0.695112103931667,0.703609451082659,0.71290811944745,0.721079671130015,0.728239595298301,0.736457617549413,0.746398330964877,0.759673208186367,0.769154021556288,0.785392190098859,0.805964824997976,0.828072956664537,0.8529810928668,0.878974105746239,0.940189614079261,1,0.692128776846362
0.309885466222473,0.369408943506115,0.384487863867506,0.395172995730011,0.400074311503178,0.407589929357111,0.413415472140674,0.417899811532785,0.423520803791871,0.428833193034387,0.434186047432792,0.437101746960508,0.442111544064882,0.445665655056549,0.450304608186727,0.452408180601203,0.456125505600686,0.460630739095905,0.465013114081732,0.469478687636944,0.47477492676834,0.480718261131004,0.488326850760254,0.496723730883974,0.507573536635397,0.518590717172958,0.537565610533951,0.551309241356933,0.564310464423142,0.610098696171317,0.692128776846362,1
