1,0.826257044876632,0.778922230814705,0.753267944493793,0.736548293923686,0.723713437736032,0.71574052662199,0.706654634496641,0.693026780531793,0.675838402598991,0.670416147194864,0.653918332261385,0.639928467567507,0.626704243179999,0.619742382372718,0.606221637704938,0.596825433135013,0.587644366229982,0.575917178917172,0.571544277694438,0.559655679950134,0.547628761123657,0.535681138182334,0.522263392184354,0.508414834273661,0.489181171407498,0.469007864207437,0.446564246511555,0.408142952228572,0.34178297868109,0.126691785705445,0.0727802663785791
0.826257044876632,1,0.952389266033891,0.924774499479628,0.904535275576473,0.891842148819113,0.879598422046388,0.869322581939813,0.862039392118725,0.849829737454073,0.839113773779815,0.827409740662068,0.816504788556021,0.80464236545233,0.795732421490829,0.77985290186519,0.765435310089124,0.757159840228409,0.744112354557466,0.741274305800547,0.728317908127161,0.717688276149625,0.707371810908713,0.699961617469949,0.683206327073968,0.661313919809368,0.639475258319175,0.608136562627791,0.557052315861978,0.480536964446283,0.141870558037052,0.0861677161257185
0.778922230814705,0.952389266033891,1,0.971239878716228,0.950667955658974,0.937374136776648,0.92615339483046,0.915965840193418,0.907790863010413,0.895021929752063,0.885590002885293,0.876113758863381,0.865471956219586,0.852165178629706,0.843804759113116,0.8289380173459,0.814919848649171,0.807125969188709,0.796867377359097,0.792942186735192,0.779894047826595,0.770189568096974,0.759185217820486,0.753537975050797,0.741506198258687,0.720134887698015,0.699785848978821,0.672728036862069,0.622888053563572,0.54055046329467,0.173212131819644,0.114652057107034
0.753267944493793,0.924774499479628,0.971239878716228,1,0.983824728672956,0.971679309542412,0.959615111165534,0.949865467892625,0.942667250875864,0.931489482378162,0.923194013217666,0.914359932607856,0.90580974904957,0.89374961163214,0.884942489173899,0.871434432576008,0.858840658656183,0.850934061995899,0.843400309408826,0.840392608225052,0.827593881834696,0.819176937528072,0.808464151742596,0.801263486963385,0.788688205197083,0.768146134925208,0.748620841442508,0.722835889077362,0.675628038947328,0.601390299024545,0.219771456426923,0.133125674937375
0.736548293923686,0.904535275576473,0.950667955658974,0.983824728672956,1,0.988467290711962,0.976307831231691,0.965324946358566,0.957958322343638,0.946293216039626,0.939482982008183,0.930596585636435,0.923041177617558,0.91301623810475,0.903804950269787,0.891437735288422,0.881192454312776,0.87367212923917,0.866580608871584,0.86304812480306,0.850814208358706,0.842239642194761,0.832904436277869,0.824835277230684,0.812172842293408,0.792913415070111,0.772746889890385,0.746571113698304,0.701308238895007,0.623290933735789,0.227906513236828,0.146267788467027
0.723713437736032,0.891842148819113,0.937374136776648,0.971679309542412,0.988467290711962,1,0.990058230920841,0.979048574658414,0.970388856596149,0.95790714359918,0.949085831880315,0.938656540018982,0.930786261500316,0.920445575064818,0.910694720372392,0.899085545281124,0.889666338691384,0.88242233961466,0.87549604645736,0.872739414177001,0.862605096075855,0.854378985205855,0.844120763151394,0.835732305857388,0.823035690507446,0.804990108160628,0.785379740299673,0.759193578118043,0.715242534185206,0.635320908737596,0.230670947591161,0.1446443671029
0.71574052662199,0.879598422046388,0.92615339483046,0.959615111165534,0.976307831231691,0.990058230920841,1,0.990340871424403,0.980963215343726,0.968401617676099,0.958322886136512,0.947184982104289,0.938610641670299,0.927858634520706,0.917819899660056,0.905977520338168,0.896639922114984,0.889447376634736,0.882400907562044,0.880451607730593,0.872682378086536,0.865760524870435,0.854958092043106,0.846614684108906,0.833990020965457,0.816209542314781,0.797271092202545,0.77087403618014,0.728352884120059,0.643507636427911,0.228022149896351,0.145503828409473
0.706654634496641,0.869322581939813,0.915965840193418,0.949865467892625,0.965324946358566,0.979048574658414,0.990340871424403,1,0.992713996026045,0.981194732928565,0.969489854491798,0.957567151266749,0.947894661806553,0.936569301478199,0.926455779457909,0.915104824904905,0.906036161338343,0.898510008045511,0.891338276372846,0.889231272008664,0.882618351448706,0.876516223507974,0.867138040991113,0.859012081501879,0.847702010011773,0.83041212981175,0.811614984353732,0.785377663835485,0.742120632944036,0.658577989909194,0.236327033067159,0.157017170621323
0.693026780531793,0.862039392118725,0.907790863010413,0.942667250875864,0.957958322343638,0.970388856596149,0.980963215343726,0.992713996026045,1,0.991702487174453,0.979979436316524,0.967337378744728,0.956384143014197,0.946050614829717,0.934603522307868,0.923006381314448,0.913269032652928,0.906268762191345,0.899148317846639,0.896454456536523,0.890116802763321,0.883846489648998,0.875298904777268,0.867661963102769,0.856867544985313,0.839579784892674,0.820847397346614,0.794835935536936,0.751266328052316,0.668331076803193,0.249007457521751,0.163348987877387
0.675838402598991,0.849829737454073,0.895021929752063,0.931489482378162,0.946293216039626,0.95790714359918,0.968401617676099,0.981194732928565,0.991702487174453,1,0.991253844782314,0.978572826615967,0.96789347497944,0.957412969006376,0.944665576605193,0.933226979063803,0.922694083844445,0.915323830871964,0.908884191129906,0.906812463840169,0.901153952821019,0.894960064280787,0.888019632413106,0.880736206180318,0.870301107154605,0.854371989310852,0.835914083077122,0.811164952893307,0.767575554720061,0.683802468140596,0.255817026006871,0.165437135016467
0.670416147194864,0.839113773779815,0.885590002885293,0.923194013217666,0.939482982008183,0.949085831880315,0.958322886136512,0.969489854491798,0.979979436316524,0.991253844782314,1,0.99175091308237,0.982437139510117,0.97207915259242,0.95892446382937,0.947980251655296,0.936773499604471,0.928753301309374,0.922623790065068,0.920618457171603,0.913989081879567,0.908325449207322,0.901257676768201,0.893884336411919,0.884602681102104,0.870535516271543,0.852713452409856,0.829482511853274,0.785908400722651,0.704054456597852,0.268367239483409,0.169889359391106
0.653918332261385,0.827409740662068,0.876113758863381,0.914359932607856,0.930596585636435,0.938656540018982,0.947184982104289,0.957567151266749,0.967337378744728,0.978572826615967,0.99175091308237,1,0.994077991914354,0.985031650284544,0.973273492532677,0.961234212377185,0.950280567356823,0.942248610286409,0.935576600318297,0.932481327144498,0.924903076049398,0.920120966959678,0.91266089721894,0.905665334901341,0.897028764243857,0.884930698748317,0.868772826462926,0.846031408412331,0.802283979011602,0.721820553368697,0.279690669190532,0.174189480572
0.639928467567507,0.816504788556021,0.865471956219586,0.90580974904957,0.923041177617558,0.930786261500316,0.938610641670299,0.947894661806553,0.956384143014197,0.96789347497944,0.982437139510117,0.994077991914354,1,0.993464063806142,0.982764734354152,0.970238228650678,0.959266609395425,0.951093498537249,0.944981662038277,0.941704003314139,0.934010754638693,0.929371927775865,0.920835488768532,0.914073942489524,0.904866082172227,0.894159837295396,0.878762386265743,0.855639565958766,0.813224474249258,0.735145447265013,0.289230478464282,0.183802652981989
0.626704243179999,0.80464236545233,0.852165178629706,0.89374961163214,0.91301623810475,0.920445575064818,0.927858634520706,0.936569301478199,0.946050614829717,0.957412969006376,0.97207915259242,0.985031650284544,0.993464063806142,1,0.992629556211724,0.982335470840038,0.971675823751308,0.964277974672327,0.958478993706336,0.955311353703897,0.947507022542983,0.942639922261326,0.933752753479672,0.927224822495347,0.918296640760341,0.907273411776115,0.892739345643127,0.870108505121946,0.830414288924168,0.75357813389172,0.304637962250599,0.195631459532242
0.619742382372718,0.795732421490829,0.843804759113116,0.884942489173899,0.903804950269787,0.910694720372392,0.917819899660056,0.926455779457909,0.934603522307868,0.944665576605193,0.95892446382937,0.973273492532677,0.982764734354152,0.992629556211724,1,0.992935080819859,0.983841234657554,0.976782063652276,0.969971142689277,0.965460923536149,0.957201670402844,0.951818753546332,0.942754110311182,0.935655633904292,0.927053715954068,0.916380767157611,0.90248004796467,0.881511668169243,0.843490882624879,0.767542979708247,0.31269585681835,0.216320481395463
0.606221637704938,0.77985290186519,0.8289380173459,0.871434432576008,0.891437735288422,0.899085545281124,0.905977520338168,0.915104824904905,0.923006381314448,0.933226979063803,0.947980251655296,0.961234212377185,0.970238228650678,0.982335470840038,0.992935080819859,1,0.993699257072033,0.987079839861992,0.980050594067306,0.975187424746134,0.967030902429165,0.960893596555718,0.951559571079194,0.94464419117415,0.937389551022146,0.927089466412134,0.914420701365007,0.894646343891789,0.857932906423679,0.782321119781892,0.315626045187073,0.217420262628112
0.596825433135013,0.765435310089124,0.814919848649171,0.858840658656183,0.881192454312776,0.889666338691384,0.896639922114984,0.906036161338343,0.913269032652928,0.922694083844445,0.936773499604471,0.950280567356823,0.959266609395425,0.971675823751308,0.983841234657554,0.993699257072033,1,0.995083626173561,0.988513253035903,0.982804444691944,0.975611927623851,0.970392958066047,0.961749142736734,0.954718359099082,0.947180797109786,0.937075803220013,0.924756325484755,0.905818011788655,0.869952724128326,0.794167554840278,0.319398373197962,0.225735526350035
0.587644366229982,0.757159840228409,0.807125969188709,0.850934061995899,0.87367212923917,0.88242233961466,0.889447376634736,0.898510008045511,0.906268762191345,0.915323830871964,0.928753301309374,0.942248610286409,0.951093498537249,0.964277974672327,0.976782063652276,0.987079839861992,0.995083626173561,1,0.994460156580981,0.98799867469453,0.980628649491487,0.974979902033655,0.966198918098822,0.959749900195718,0.952521817176771,0.942713476173695,0.930346062227284,0.910643795923308,0.874545601408597,0.796775971104451,0.314764969404157,0.229833052076657
0.575917178917172,0.744112354557466,0.796867377359097,0.843400309408826,0.866580608871584,0.87549604645736,0.882400907562044,0.891338276372846,0.899148317846639,0.908884191129906,0.922623790065068,0.935576600318297,0.944981662038277,0.958478993706336,0.969971142689277,0.980050594067306,0.988513253035903,0.994460156580981,1,0.994679208245447,0.987314000206836,0.981793230146284,0.973456713627198,0.967755456711542,0.960516729170317,0.951206623957887,0.939176056222073,0.920222256672743,0.885644544438334,0.809973506588588,0.32849864757221,0.235664556914906
0.571544277694438,0.741274305800547,0.792942186735192,0.840392608225052,0.86304812480306,0.872739414177001,0.880451607730593,0.889231272008664,0.896454456536523,0.906812463840169,0.920618457171603,0.932481327144498,0.941704003314139,0.955311353703897,0.965460923536149,0.975187424746134,0.982804444691944,0.98799867469453,0.994679208245447,1,0.994004311326767,0.988382189297949,0.979962276749206,0.973849271747324,0.966550876602643,0.957044692813225,0.945118128657006,0.926372350427377,0.892172148375413,0.817974823189497,0.336933049482151,0.235819507793855
0.559655679950134,0.728317908127161,0.779894047826595,0.827593881834696,0.850814208358706,0.862605096075855,0.872682378086536,0.882618351448706,0.890116802763321,0.901153952821019,0.913989081879567,0.924903076049398,0.934010754638693,0.947507022542983,0.957201670402844,0.967030902429165,0.975611927623851,0.980628649491487,0.987314000206836,0.994004311326767,1,0.994795827344086,0.986707138733547,0.980897076149986,0.973284439520692,0.963657988104708,0.952152621273902,0.93395533371888,0.901107706901651,0.829634787421385,0.34337604879676,0.243917868223967
0.547628761123657,0.717688276149625,0.770189568096974,0.819176937528072,0.842239642194761,0.854378985205855,0.865760524870435,0.876516223507974,0.883846489648998,0.894960064280787,0.908325449207322,0.920120966959678,0.929371927775865,0.942639922261326,0.951818753546332,0.960893596555718,0.970392958066047,0.974979902033655,0.981793230146284,0.988382189297949,0.994795827344086,1,0.993781395848261,0.987517188104251,0.97958823568597,0.969811877796404,0.959105783890609,0.941517858586779,0.90975916698176,0.840345961140081,0.348355902202575,0.249108312235845
0.535681138182334,0.707371810908713,0.759185217820486,0.808464151742596,0.832904436277869,0.844120763151394,0.854958092043106,0.867138040991113,0.875298904777268,0.888019632413106,0.901257676768201,0.91266089721894,0.920835488768532,0.933752753479672,0.942754110311182,0.951559571079194,0.961749142736734,0.966198918098822,0.973456713627198,0.979962276749206,0.986707138733547,0.993781395848261,1,0.99407731868943,0.985978884187378,0.976359632463807,0.966190599652063,0.949401104608733,0.916874605104589,0.848891076413855,0.360189048353856,0.258572920850164
0.522263392184354,0.699961617469949,0.753537975050797,0.801263486963385,0.824835277230684,0.835732305857388,0.846614684108906,0.859012081501879,0.867661963102769,0.880736206180318,0.893884336411919,0.905665334901341,0.914073942489524,0.927224822495347,0.935655633904292,0.94464419117415,0.954718359099082,0.959749900195718,0.967755456711542,0.973849271747324,0.980897076149986,0.987517188104251,0.99407731868943,1,0.993028237790444,0.984270513497515,0.974741152100312,0.956987861464676,0.924220539026354,0.856745436362175,0.366179209804783,0.262514329781369
0.508414834273661,0.683206327073968,0.741506198258687,0.788688205197083,0.812172842293408,0.823035690507446,0.833990020965457,0.847702010011773,0.856867544985313,0.870301107154605,0.884602681102104,0.897028764243857,0.904866082172227,0.918296640760341,0.927053715954068,0.937389551022146,0.947180797109786,0.952521817176771,0.960516729170317,0.966550876602643,0.973284439520692,0.97958823568597,0.985978884187378,0.993028237790444,1,0.99221316435675,0.982219435893697,0.964489072279858,0.931729990535862,0.86623238018757,0.37710492329158,0.271174031646789
0.489181171407498,0.661313919809368,0.720134887698015,0.768146134925208,0.792913415070111,0.804990108160628,0.816209542314781,0.83041212981175,0.839579784892674,0.854371989310852,0.870535516271543,0.884930698748317,0.894159837295396,0.907273411776115,0.916380767157611,0.927089466412134,0.937075803220013,0.942713476173695,0.951206623957887,0.957044692813225,0.963657988104708,0.969811877796404,0.976359632463807,0.984270513497515,0.99221316435675,1,0.990293583465876,0.97369704793832,0.943695187233049,0.880933093720336,0.391946226530293,0.282607238146718
0.469007864207437,0.639475258319175,0.699785848978821,0.748620841442508,0.772746889890385,0.785379740299673,0.797271092202545,0.811614984353732,0.820847397346614,0.835914083077122,0.852713452409856,0.868772826462926,0.878762386265743,0.892739345643127,0.90248004796467,0.914420701365007,0.924756325484755,0.930346062227284,0.939176056222073,0.945118128657006,0.952152621273902,0.959105783890609,0.966190599652063,0.974741152100312,0.982219435893697,0.990293583465876,1,0.98544244743512,0.95761751753537,0.897121284346708,0.410380777367138,0.302057138768743
0.446564246511555,0.608136562627791,0.672728036862069,0.722835889077362,0.746571113698304,0.759193578118043,0.77087403618014,0.785377663835485,0.794835935536936,0.811164952893307,0.829482511853274,0.846031408412331,0.855639565958766,0.870108505121946,0.881511668169243,0.894646343891789,0.905818011788655,0.910643795923308,0.920222256672743,0.926372350427377,0.93395533371888,0.941517858586779,0.949401104608733,0.956987861464676,0.964489072279858,0.97369704793832,0.98544244743512,1,0.977469178535568,0.92312698215277,0.439134469218022,0.33454977031936
0.408142952228572,0.557052315861978,0.622888053563572,0.675628038947328,0.701308238895007,0.715242534185206,0.728352884120059,0.742120632944036,0.751266328052316,0.767575554720061,0.785908400722651,0.802283979011602,0.813224474249258,0.830414288924168,0.843490882624879,0.857932906423679,0.869952724128326,0.874545601408597,0.885644544438334,0.892172148375413,0.901107706901651,0.90975916698176,0.916874605104589,0.924220539026354,0.931729990535862,0.943695187233049,0.95761751753537,0.977469178535568,1,0.958251496227798,0.495345942742214,0.382072011506543
0.34178297868109,0.480536964446283,0.54055046329467,0.601390299024545,0.623290933735789,0.635320908737596,0.643507636427911,0.658577989909194,0.668331076803193,0.683802468140596,0.704054456597852,0.721820553368697,0.735145447265013,0.75357813389172,0.767542979708247,0.782321119781892,0.794167554840278,0.796775971104451,0.809973506588588,0.817974823189497,0.829634787421385,0.840345961140081,0.848891076413855,0.856745436362175,0.86623238018757,0.880933093720336,0.897121284346708,0.92312698215277,0.958251496227798,1,0.596717868234921,0.431748760571088
0.126691785705445,0.141870558037052,0.173212131819644,0.219771456426923,0.227906513236828,0.230670947591161,0.228022149896351,0.236327033067159,0.249007457521751,0.255817026006871,0.268367239483409,0.279690669190532,0.289230478464282,0.304637962250599,0.31269585681835,0.315626045187073,0.319398373197962,0.314764969404157,0.32849864757221,0.336933049482151,0.34337604879676,0.348355902202575,0.360189048353856,0.366179209804783,0.37710492329158,0.391946226530293,0.410380777367138,0.439134469218022,0.495345942742214,0.596717868234921,1,0.500833195407916
0.0727802663785791,0.0861677161257185,0.114652057107034,0.133125674937375,0.146267788467027,0.1446443671029,0.145503828409473,0.157017170621323,0.163348987877387,0.165437135016467,0.169889359391106,0.174189480572,0.183802652981989,0.195631459532242,0.216320481395463,0.217420262628112,0.225735526350035,0.229833052076657,0.235664556914906,0.235819507793855,0.243917868223967,0.249108312235845,0.258572920850164,0.262514329781369,0.271174031646789,0.282607238146718,0.302057138768743,0.33454977031936,0.382072011506543,0.431748760571088,0.500833195407916,1
