1,0.994844152896167,0.975811318467601,0.936972161601425,0.873078244121465,0.785404134712992,0.742252749612733,0.688209805816999,0.632224124540604,0.579370892048875,0.531771585966272,0.510725379856298,0.49095321945225,0.468931098377492,0.447173896636548,0.42686911798325,0.405720941914612,0.384250407237396,0.366723978072358,0.3527723680986,0.341610881646099,0.337272505111801,0.346023848863099,0.350533637420527,0.352372090883096,0.352575570509075,0.351804201741918,0.364650707443037,0.363468007324776,0.355417420052767,0.345193898234415,0.33492245848529
0.994844152896167,1,0.992951085053757,0.967576273119117,0.918024987261671,0.844124294958893,0.804135093636775,0.751354987854544,0.695394964660027,0.641871166180637,0.593262290953809,0.572723860620846,0.552854367671029,0.530022910962908,0.507119045642134,0.485549649765148,0.463956292078479,0.442127891742131,0.423925528282484,0.409275353545595,0.397475863712724,0.392835431089662,0.401760291711183,0.405973113873623,0.407263523831737,0.406801276592142,0.405323836913301,0.419625657214326,0.417887405504002,0.408342394827066,0.39637056213882,0.384396117603112
0.975811318467601,0.992951085053757,1,0.990692802194418,0.958551685877071,0.901714277444528,0.86594357856601,0.815329435773608,0.760131053108791,0.706523361895959,0.657370138647263,0.637693679824147,0.617970219102087,0.594491399385889,0.570546880864496,0.547781531129654,0.52595021147955,0.503988968873609,0.485234625786306,0.469959579701421,0.457568725412136,0.452635949993071,0.461646911868829,0.465457586998989,0.466090624128601,0.464856382168195,0.462573070689222,0.478388734349728,0.476023933549469,0.464857179563861,0.450998613660206,0.437190419510314
0.936972161601425,0.967576273119117,0.990692802194418,1,0.988412465307408,0.952160040020238,0.921856463073219,0.874610567930383,0.821247452237493,0.76847631582065,0.719553331449414,0.701209197523013,0.681996678013143,0.658182997658995,0.633460058976385,0.609717417832917,0.587992733046458,0.566261108213452,0.547199228078939,0.531472386464095,0.518618025070282,0.513435358089032,0.522388388874004,0.525670914168864,0.525537992446825,0.523438652162116,0.520269593381674,0.537548561073937,0.53450536952435,0.521670494749268,0.505886331194,0.490212510428656
0.873078244121465,0.918024987261671,0.958551685877071,0.988412465307408,1,0.987499464344605,0.963958267873374,0.921506336911756,0.87136204095591,0.82068299670543,0.773091434645349,0.756636013412786,0.738415307835499,0.714751308682843,0.689703384649701,0.665392451149707,0.644263897646552,0.623265702161769,0.604279592750643,0.588394391288414,0.575305511290636,0.569958020553476,0.578649781716083,0.581271229709628,0.580287061177716,0.57726911314264,0.573181917723073,0.591713144188286,0.587980286855009,0.573567128475008,0.555982339124406,0.53857234601164
0.785404134712992,0.844124294958893,0.901714277444528,0.952160040020238,0.987499464344605,1,0.985317858241899,0.949930293967949,0.905187816893491,0.858570162930546,0.814030102655382,0.799965443590462,0.783077247923193,0.759981245411344,0.735040855920266,0.710576057206717,0.690695368300116,0.671202535515791,0.652886929241901,0.637301991823645,0.624338199769442,0.618954572997474,0.627049168111425,0.628793601896533,0.62682281561457,0.62280418888073,0.617751872660822,0.636830108773021,0.632120450915051,0.616093263259501,0.596787849560497,0.577766943055178
0.742252749612733,0.804135093636775,0.86594357856601,0.921856463073219,0.963958267873374,0.985317858241899,1,0.989329888852134,0.964459964591783,0.933497094612378,0.9012422294309,0.888797381842416,0.869701444368613,0.843771703040048,0.815846097210791,0.788491368685528,0.771709826911749,0.757841400791278,0.74272042560162,0.729094503603154,0.717409975362471,0.712198571704695,0.717600778702839,0.716400325951715,0.711507956544845,0.704727064460836,0.697127691053333,0.709834168883683,0.697593275671639,0.674526481518856,0.649171602739345,0.625107363088557
0.688209805816999,0.751354987854544,0.815329435773608,0.874610567930383,0.921506336911756,0.949930293967949,0.989329888852134,1,0.992665316807046,0.975779798102855,0.954756812399259,0.943982943777971,0.923446035113482,0.895699665276517,0.86587446966115,0.83668822042039,0.822940659056677,0.814193566499091,0.802149529404232,0.790511446607984,0.780189651591265,0.775246114955373,0.778225440940474,0.774539813233162,0.767267804186881,0.758287038694514,0.748690428232942,0.755664774805634,0.73728106606813,0.708742140432053,0.678813150804181,0.651003443149954
0.632224124540604,0.695394964660027,0.760131053108791,0.821247452237493,0.87136204095591,0.905187816893491,0.964459964591783,0.992665316807046,1,0.99506912882949,0.983706616985359,0.974493730328301,0.953093578516589,0.924288959159296,0.893370326728434,0.863136780246142,0.85212935060597,0.84777351073278,0.838477673571236,0.828677491755609,0.819653579943488,0.815012346888211,0.815932950828648,0.810244806716508,0.801115912524818,0.790455093218497,0.77935654496761,0.781461501351225,0.758278132541926,0.725660475504649,0.692420429376088,0.661952959240293
0.579370892048875,0.641871166180637,0.706523361895959,0.76847631582065,0.82068299670543,0.858570162930546,0.933497094612378,0.975779798102855,0.99506912882949,1,0.996687474652167,0.988856104967003,0.966982032862283,0.937624573972765,0.906147378815319,0.875385622590093,0.866746747899597,0.866041241440879,0.859101839392294,0.85091679263363,0.843056478986005,0.838714073777661,0.837935594712664,0.830666834338027,0.820114472297732,0.808192032048762,0.795982784102609,0.794069779930642,0.76720252345481,0.731595728414046,0.696003169472794,0.663688802811662
0.531771585966272,0.593262290953809,0.657370138647263,0.719553331449414,0.773091434645349,0.814030102655382,0.9012422294309,0.954756812399259,0.983706616985359,0.996687474652167,1,0.993359026898433,0.97125725614649,0.941662433014186,0.90995877285619,0.878990177409807,0.872356972894714,0.874649791436541,0.869693621023113,0.86289313038086,0.856044741026558,0.851979304595022,0.849813367856258,0.841302028323325,0.829660095925217,0.816790871489477,0.803760698737675,0.798567190050298,0.768876911044253,0.73108104697601,0.693821322904804,0.660230264127511
0.510725379856298,0.572723860620846,0.637693679824147,0.701209197523013,0.756636013412786,0.799965443590462,0.888797381842416,0.943982943777971,0.974493730328301,0.988856104967003,0.993359026898433,1,0.992116636967518,0.973952268436117,0.95135996338945,0.927671884787765,0.922119528131907,0.920945764173569,0.913277214118135,0.904366673119211,0.895854420804239,0.890539926213585,0.887363700493282,0.877719087750076,0.864938148496555,0.850983468199265,0.836947058279444,0.831579488211714,0.800710965412331,0.76138920416721,0.722616146805104,0.687656573357118
0.49095321945225,0.552854367671029,0.617970219102087,0.681996678013143,0.738415307835499,0.783077247923193,0.869701444368613,0.923446035113482,0.953093578516589,0.966982032862283,0.97125725614649,0.992116636967518,1,0.99469047667035,0.982468179133583,0.967151967565091,0.962419387714825,0.956792312735761,0.945815506703313,0.93440822433593,0.923965968768113,0.917294503890988,0.913362441074087,0.902886537039531,0.889278505286032,0.874540449443631,0.859780831042006,0.85502635720839,0.823928735416201,0.783975438147655,0.744461028918954,0.708778334404095
0.468931098377492,0.530022910962908,0.594491399385889,0.658182997658995,0.714751308682843,0.759981245411344,0.843771703040048,0.895699665276517,0.924288959159296,0.937624573972765,0.941662433014186,0.973952268436117,0.99469047667035,1,0.996437640183805,0.988176937187148,0.984173329224906,0.974955472311867,0.96139124897234,0.948068042842489,0.936163901248357,0.928456696036782,0.923950267920401,0.912915143759307,0.898788247043725,0.883580542403987,0.868400938868719,0.864205967479369,0.833286643582159,0.793285510200678,0.753627911784648,0.717771848736034
0.447173896636548,0.507119045642134,0.570546880864496,0.633460058976385,0.689703384649701,0.735040855920266,0.815846097210791,0.86587446966115,0.893370326728434,0.906147378815319,0.90995877285619,0.95135996338945,0.982468179133583,0.996437640183805,1,0.997586420152327,0.994211862182243,0.982124423511495,0.966547236446724,0.951759425854584,0.938751519010008,0.930256548926678,0.925315108530113,0.913909046821801,0.899468748504512,0.883996526061901,0.868592880062511,0.864889598444373,0.834361058732516,0.794637267692345,0.755176154452745,0.719461762785659
0.42686911798325,0.485549649765148,0.547781531129654,0.609717417832917,0.665392451149707,0.710576057206717,0.788491368685528,0.83668822042039,0.863136780246142,0.875385622590093,0.878990177409807,0.927671884787765,0.967151967565091,0.988176937187148,0.997586420152327,1,0.997161415795113,0.982775921585151,0.965624637798504,0.949710004013881,0.935862856013027,0.926764695943665,0.921491506458803,0.909841016044395,0.895219884546082,0.879612594970054,0.864106840733848,0.860828194301526,0.830784634371434,0.791501584188034,0.752413233245381,0.717006440226818
0.405720941914612,0.463956292078479,0.52595021147955,0.587992733046458,0.644263897646552,0.690695368300116,0.771709826911749,0.822940659056677,0.85212935060597,0.866746747899597,0.872356972894714,0.922119528131907,0.962419387714825,0.984173329224906,0.994211862182243,0.997161415795113,1,0.993506682421917,0.981664597270031,0.969502384204634,0.958423559749001,0.950863377305254,0.944880439115624,0.932457445815286,0.91707190684511,0.900743048317204,0.884572663913757,0.877056778928117,0.843016454940894,0.800440263075445,0.758732657154413,0.7212536815257
0.384250407237396,0.442127891742131,0.503988968873609,0.566261108213452,0.623265702161769,0.671202535515791,0.757841400791278,0.814193566499091,0.84777351073278,0.866041241440879,0.874649791436541,0.920945764173569,0.956792312735761,0.974955472311867,0.982124423511495,0.982775921585151,0.993506682421917,1,0.996977486722991,0.991090987911426,0.984665489772713,0.979789397670352,0.973036443409046,0.959753365870743,0.943505252929235,0.926355444880731,0.909424688850274,0.895544281542237,0.855683253467388,0.808412293353929,0.763025269599598,0.722666608197319
0.366723978072358,0.423925528282484,0.485234625786306,0.547199228078939,0.604279592750643,0.652886929241901,0.74272042560162,0.802149529404232,0.838477673571236,0.859101839392294,0.869693621023113,0.913277214118135,0.945815506703313,0.96139124897234,0.966547236446724,0.965624637798504,0.981664597270031,0.996977486722991,1,0.998442797060118,0.995242758056309,0.992235869207447,0.985007459043119,0.971236114016082,0.95452014226891,0.936937622377702,0.919613887061753,0.901490932936929,0.857952431776435,0.807828101764231,0.76026699767902,0.718242862994565
0.3527723680986,0.409275353545595,0.469959579701421,0.531472386464095,0.588394391288414,0.637301991823645,0.729094503603154,0.790511446607984,0.828677491755609,0.85091679263363,0.86289313038086,0.904366673119211,0.93440822433593,0.948068042842489,0.951759425854584,0.949710004013881,0.969502384204634,0.991090987911426,0.998442797060118,1,0.999127893165683,0.997474372484224,0.989931510425346,0.975860902976447,0.958871299078249,0.941043613955546,0.92350227830141,0.9024005649362,0.856383785317445,0.804397463295538,0.755452568928928,0.712389204477455
0.341610881646099,0.397475863712724,0.457568725412136,0.518618025070282,0.575305511290636,0.624338199769442,0.717409975362471,0.780189651591265,0.819653579943488,0.843056478986005,0.856044741026558,0.895854420804239,0.923965968768113,0.936163901248357,0.938751519010008,0.935862856013027,0.958423559749001,0.984665489772713,0.995242758056309,0.999127893165683,1,0.999362832717987,0.991599975985038,0.977334044369892,0.960174248256858,0.942199385880597,0.924530921568721,0.9012426313985,0.853464648827772,0.800190572697046,0.750309656586352,0.706556186329289
0.337272505111801,0.392835431089662,0.452635949993071,0.513435358089032,0.569958020553476,0.618954572997474,0.712198571704695,0.775246114955373,0.815012346888211,0.838714073777661,0.851979304595022,0.890539926213585,0.917294503890988,0.928456696036782,0.930256548926678,0.926764695943665,0.950863377305254,0.979789397670352,0.992235869207447,0.997474372484224,0.999362832717987,1,0.994774157748047,0.982583534126133,0.967118363074933,0.95053360906354,0.934014411477756,0.909491957785746,0.860390970791479,0.80597022185031,0.755146732805292,0.710630103302002
0.346023848863099,0.401760291711183,0.461646911868829,0.522388388874004,0.578649781716083,0.627049168111425,0.717600778702839,0.778225440940474,0.815932950828648,0.837935594712664,0.849813367856258,0.887363700493282,0.913362441074087,0.923950267920401,0.925315108530113,0.921491506458803,0.944880439115624,0.973036443409046,0.985007459043119,0.989931510425346,0.991599975985038,0.994774157748047,1,0.996421042321397,0.988031067939379,0.977280695694197,0.96560706533491,0.941586998119613,0.891699607592243,0.836062569701535,0.783964846161709,0.738264773310034
0.350533637420527,0.405973113873623,0.465457586998989,0.525670914168864,0.581271229709628,0.628793601896533,0.716400325951715,0.774539813233162,0.810244806716508,0.830666834338027,0.841302028323325,0.877719087750076,0.902886537039531,0.912915143759307,0.913909046821801,0.909841016044395,0.932457445815286,0.959753365870743,0.971236114016082,0.975860902976447,0.977334044369892,0.982583534126133,0.996421042321397,1,0.997533927043001,0.991698842126524,0.984129155566591,0.960714904874798,0.910570830803043,0.854366659572751,0.801625849553974,0.755307280176869
0.352372090883096,0.407263523831737,0.466090624128601,0.525537992446825,0.580287061177716,0.62682281561457,0.711507956544845,0.767267804186881,0.801115912524818,0.820114472297732,0.829660095925217,0.864938148496555,0.889278505286032,0.898788247043725,0.899468748504512,0.895219884546082,0.91707190684511,0.943505252929235,0.95452014226891,0.958871299078249,0.960174248256858,0.967118363074933,0.988031067939379,0.997533927043001,1,0.998277908028936,0.994156971693793,0.971373063746207,0.921288531259479,0.86491908214591,0.811931095897458,0.76535084526254
0.352575570509075,0.406801276592142,0.464856382168195,0.523438652162116,0.57726911314264,0.62280418888073,0.704727064460836,0.758287038694514,0.790455093218497,0.808192032048762,0.816790871489477,0.850983468199265,0.874540449443631,0.883580542403987,0.883996526061901,0.879612594970054,0.900743048317204,0.926355444880731,0.936937622377702,0.941043613955546,0.942199385880597,0.95053360906354,0.977280695694197,0.991698842126524,0.998277908028936,1,0.998777144240569,0.976606278549006,0.92676099381808,0.870466664177382,0.81747255324924,0.770849812441566
0.351804201741918,0.405323836913301,0.462573070689222,0.520269593381674,0.573181917723073,0.617751872660822,0.697127691053333,0.748690428232942,0.77935654496761,0.795982784102609,0.803760698737675,0.836947058279444,0.859780831042006,0.868400938868719,0.868592880062511,0.864106840733848,0.884572663913757,0.909424688850274,0.919613887061753,0.92350227830141,0.924530921568721,0.934014411477756,0.96560706533491,0.984129155566591,0.994156971693793,0.998777144240569,1,0.978405082728133,0.928894727167574,0.8728142488594,0.819956692960206,0.773422820799321
0.364650707443037,0.419625657214326,0.478388734349728,0.537548561073937,0.591713144188286,0.636830108773021,0.709834168883683,0.755664774805634,0.781461501351225,0.794069779930642,0.798567190050298,0.831579488211714,0.85502635720839,0.864205967479369,0.864889598444373,0.860828194301526,0.877056778928117,0.895544281542237,0.901490932936929,0.9024005649362,0.9012426313985,0.909491957785746,0.941586998119613,0.960714904874798,0.971373063746207,0.976606278549006,0.978405082728133,1,0.985383391371813,0.954842957434903,0.920565643245782,0.887740600455747
0.363468007324776,0.417887405504002,0.476023933549469,0.53450536952435,0.587980286855009,0.632120450915051,0.697593275671639,0.73728106606813,0.758278132541926,0.76720252345481,0.768876911044253,0.800710965412331,0.823928735416201,0.833286643582159,0.834361058732516,0.830784634371434,0.843016454940894,0.855683253467388,0.857952431776435,0.856383785317445,0.853464648827772,0.860390970791479,0.891699607592243,0.910570830803043,0.921288531259479,0.92676099381808,0.928894727167574,0.985383391371813,1,0.991499636828832,0.973647257182289,0.953185056470725
0.355417420052767,0.408342394827066,0.464857179563861,0.521670494749268,0.573567128475008,0.616093263259501,0.674526481518856,0.708742140432053,0.725660475504649,0.731595728414046,0.73108104697601,0.76138920416721,0.783975438147655,0.793285510200678,0.794637267692345,0.791501584188034,0.800440263075445,0.808412293353929,0.807828101764231,0.804397463295538,0.800190572697046,0.80597022185031,0.836062569701535,0.854366659572751,0.86491908214591,0.870466664177382,0.8728142488594,0.954842957434903,0.991499636828832,1,0.995043565687036,0.984426120333905
0.345193898234415,0.39637056213882,0.450998613660206,0.505886331194,0.555982339124406,0.596787849560497,0.649171602739345,0.678813150804181,0.692420429376088,0.696003169472794,0.693821322904804,0.722616146805104,0.744461028918954,0.753627911784648,0.755176154452745,0.752413233245381,0.758732657154413,0.763025269599598,0.76026699767902,0.755452568928928,0.750309656586352,0.755146732805292,0.783964846161709,0.801625849553974,0.811931095897458,0.81747255324924,0.819956692960206,0.920565643245782,0.973647257182289,0.995043565687036,1,0.997028298424689
0.33492245848529,0.384396117603112,0.437190419510314,0.490212510428656,0.53857234601164,0.577766943055178,0.625107363088557,0.651003443149954,0.661952959240293,0.663688802811662,0.660230264127511,0.687656573357118,0.708778334404095,0.717771848736034,0.719461762785659,0.717006440226818,0.7212536815257,0.722666608197319,0.718242862994565,0.712389204477455,0.706556186329289,0.710630103302002,0.738264773310034,0.755307280176869,0.76535084526254,0.770849812441566,0.773422820799321,0.887740600455747,0.953185056470725,0.984426120333905,0.997028298424689,1
