1,0.889185699813369,0.849718036824255,0.832565008014337,0.823721880433094,0.81796409825093,0.810862575912514,0.802905365781706,0.798839393251241,0.795429239129314,0.792000522199973,0.787457743891826,0.778057901196887,0.773686912174763,0.76634980447692,0.759387421501134,0.749036481422901,0.740036203519349,0.736836545310554,0.730389944498128,0.722430433814723,0.714903715945863,0.709315106986631,0.706942765146577,0.691423736949487,0.687632622517361,0.68413063893076,0.670195523986881,0.645062467469181,0.506586582293857,0.240021680919372,-0.1334271240419
0.889185699813369,1,0.963028280137211,0.943447506857646,0.93167430059423,0.926903849250522,0.920992589604826,0.913298744166736,0.908676299525804,0.902215371701052,0.898893274607221,0.894528426291314,0.887533879095757,0.883439191902105,0.876979379076721,0.871428738105137,0.861098549397177,0.85473518778964,0.85120278616418,0.845852595564057,0.839692458884409,0.83331598184173,0.830438676328237,0.824651379254656,0.81218906277734,0.808690092649669,0.801947809250432,0.785938960576475,0.760947909987798,0.614955819608461,0.31884530802134,-0.125579266475127
0.849718036824255,0.963028280137211,1,0.980332125951114,0.967522837195386,0.960302142880805,0.953703405536273,0.947456858577426,0.942541222928405,0.936237895880954,0.932139400394195,0.929175540098135,0.922553851948125,0.918789910177991,0.912997714061369,0.906915751623464,0.898495821195988,0.893553837774855,0.889380686279573,0.884306435836135,0.878784870490877,0.873044810339257,0.871158117417492,0.865832932249986,0.854894468594105,0.851414724714655,0.844509759626397,0.827974078423283,0.803414250168245,0.65136174184173,0.347145918895828,-0.133621788816998
0.832565008014337,0.943447506857646,0.980332125951114,1,0.988556449861472,0.980020735427945,0.972626452004859,0.966877960739063,0.96267625031555,0.957406691818111,0.952531387691831,0.948362372194994,0.94254219639311,0.938546700237698,0.932867700292561,0.927119174661081,0.918617716637957,0.912083424219387,0.907473169302592,0.901305371780461,0.897093658783398,0.891698935068006,0.88988665587068,0.885969112321366,0.875025913132336,0.872285321049289,0.866467512316848,0.850663583360279,0.826084076163846,0.668432802127526,0.358076805981766,-0.129378224239505
0.823721880433094,0.93167430059423,0.967522837195386,0.988556449861472,1,0.991477301717037,0.984693890971528,0.978580854856663,0.973561070796109,0.968310987597649,0.963393579802051,0.959268356689975,0.954144219568192,0.950649530740585,0.944291836494565,0.938143148985309,0.930039253035273,0.92311266740431,0.917603466833044,0.911468922094865,0.907118724608197,0.902248429228698,0.900472260307387,0.897502428977056,0.887003669993962,0.884654945608913,0.877832463999969,0.861762804083203,0.837577946858816,0.680984908812157,0.364486321301932,-0.12272600353969
0.81796409825093,0.926903849250522,0.960302142880805,0.980020735427945,0.991477301717037,1,0.993531346109552,0.98738198718981,0.982761766828636,0.977571875283093,0.973000253198886,0.968357010861123,0.963878206969448,0.960542059945782,0.95486993926087,0.948904376334808,0.941490860527118,0.935000672662057,0.929412359807073,0.923955306617619,0.919450998698961,0.914338929597075,0.91302532475268,0.909938326845186,0.899954320247246,0.895978482541936,0.888590218421712,0.87355057230958,0.851677931537938,0.699654466158142,0.38455815244024,-0.122632027256124
0.810862575912514,0.920992589604826,0.953703405536273,0.972626452004859,0.984693890971528,0.993531346109552,1,0.994731400146947,0.990384302464889,0.984489800462649,0.980127985483455,0.975203685994811,0.97026308330175,0.966571594367236,0.961181449197682,0.955361869001478,0.948308127906137,0.942092466591045,0.936774257683808,0.931193366197275,0.926304793769588,0.921438493337965,0.920310194857797,0.916987631368019,0.906848892075029,0.903231660392054,0.896110944192246,0.881023465146238,0.860238618056288,0.716934726738361,0.405257676930412,-0.113337732362958
0.802905365781706,0.913298744166736,0.947456858577426,0.966877960739063,0.978580854856663,0.98738198718981,0.994731400146947,1,0.995611217596917,0.989474823450529,0.984692925398735,0.979567709955545,0.974271715686167,0.970261805981736,0.96506988471814,0.959136107420894,0.95197151053787,0.945639416764837,0.94045675477094,0.935311548559179,0.930552984850707,0.925762905033798,0.92448844218384,0.921360351877329,0.912193474914916,0.909280488808773,0.902291664395599,0.887321193169371,0.866216773201693,0.72578705107904,0.411990794402614,-0.111783986216662
0.798839393251241,0.908676299525804,0.942541222928405,0.96267625031555,0.973561070796109,0.982761766828636,0.990384302464889,0.995611217596917,1,0.995377477442975,0.990386179420501,0.985191710786458,0.979758580498119,0.975356048044226,0.970531418234968,0.964884581417261,0.957880365724862,0.951871465603966,0.946303594114578,0.941034716557496,0.93623810031831,0.931374408986626,0.92992138009433,0.926976653269342,0.9179425664253,0.915175042115332,0.907745469532884,0.89257072584099,0.871059349337066,0.732046398815052,0.420495895069876,-0.10442844606763
0.795429239129314,0.902215371701052,0.936237895880954,0.957406691818111,0.968310987597649,0.977571875283093,0.984489800462649,0.989474823450529,0.995377477442975,1,0.995759275902714,0.991191829757342,0.98599288908856,0.981460278656618,0.976525219100234,0.971081883305678,0.964035081653116,0.957936780406728,0.952433554327594,0.946985818149576,0.941890486000244,0.936662331877804,0.934781890425912,0.931782010317243,0.922983853620577,0.920538221501302,0.913774257145579,0.899547468393221,0.877834289657561,0.740823767631491,0.432042283675368,-0.099308843851704
0.792000522199973,0.898893274607221,0.932139400394195,0.952531387691831,0.963393579802051,0.973000253198886,0.980127985483455,0.984692925398735,0.990386179420501,0.995759275902714,1,0.996149057354319,0.991305186451822,0.986816415917645,0.981767871900115,0.976281500114429,0.969494046605652,0.962970679879936,0.957073407701095,0.951746760344416,0.946640349104399,0.941170714678235,0.939091355758238,0.935755773180745,0.927448893560749,0.924743375805806,0.918224932075293,0.904636122668233,0.884196952342152,0.750582004806439,0.443715705014963,-0.0961378040849035
0.787457743891826,0.894528426291314,0.929175540098135,0.948362372194994,0.959268356689975,0.968357010861123,0.975203685994811,0.979567709955545,0.985191710786458,0.991191829757342,0.996149057354319,1,0.996250972692277,0.991805774993764,0.986800189909175,0.981015230552509,0.974264762438435,0.967877437821553,0.961125949954251,0.955112984201025,0.949665517527467,0.944321413342353,0.942264055704273,0.938768989067674,0.930720237317435,0.928158324806597,0.921366480242297,0.90702686491587,0.887180736651572,0.754047080440762,0.448603409200804,-0.0880544385476747
0.778057901196887,0.887533879095757,0.922553851948125,0.94254219639311,0.954144219568192,0.963878206969448,0.97026308330175,0.974271715686167,0.979758580498119,0.98599288908856,0.991305186451822,0.996250972692277,1,0.996337198453405,0.991825218476951,0.986470986699502,0.979943216024483,0.973668161235045,0.966484342831069,0.960212797791427,0.954509523127366,0.949309560983899,0.947086760221243,0.943125429438643,0.935201364003309,0.932272340854069,0.925058910821488,0.910992950373805,0.892066861456186,0.757636836268142,0.452190563141353,-0.08149724588794
0.773686912174763,0.883439191902105,0.918789910177991,0.938546700237698,0.950649530740585,0.960542059945782,0.966571594367236,0.970261805981736,0.975356048044226,0.981460278656618,0.986816415917645,0.991805774993764,0.996337198453405,1,0.996532239332719,0.991762302742246,0.985806418289446,0.9797923004421,0.972370383491457,0.966352596239358,0.960664905805758,0.95524360704598,0.952495348996896,0.948441174233982,0.940784449219686,0.937625882492759,0.930464208423139,0.916133132092476,0.896091199598235,0.766148606329684,0.462329837467602,-0.0748907490267628
0.76634980447692,0.876979379076721,0.912997714061369,0.932867700292561,0.944291836494565,0.95486993926087,0.961181449197682,0.96506988471814,0.970531418234968,0.976525219100234,0.981767871900115,0.986800189909175,0.991825218476951,0.996532239332719,1,0.995912307982824,0.990614361049924,0.984832739422339,0.977677033897193,0.971054775061666,0.965276240951794,0.960016374042339,0.95716848231241,0.953468985880769,0.946231651804749,0.942269955258136,0.935368639128774,0.921496506684503,0.901211504747037,0.775614814455851,0.474405995228434,-0.0668766930439469
0.759387421501134,0.871428738105137,0.906915751623464,0.927119174661081,0.938143148985309,0.948904376334808,0.955361869001478,0.959136107420894,0.964884581417261,0.971081883305678,0.976281500114429,0.981015230552509,0.986470986699502,0.991762302742246,0.995912307982824,1,0.996215788391048,0.990904083137339,0.984303106947563,0.977752690755678,0.972100746489378,0.967195593258034,0.964066122157069,0.960128404444193,0.952936824700019,0.949029003890174,0.941794544220417,0.928416799248681,0.908238135884414,0.78634511027282,0.489658898187361,-0.0617022351712606
0.749036481422901,0.861098549397177,0.898495821195988,0.918617716637957,0.930039253035273,0.941490860527118,0.948308127906137,0.95197151053787,0.957880365724862,0.964035081653116,0.969494046605652,0.974264762438435,0.979943216024483,0.985806418289446,0.990614361049924,0.996215788391048,1,0.996391457744579,0.990873190962882,0.98485325950062,0.979005346269943,0.974463911205304,0.970951608335104,0.96700359179298,0.959975763454285,0.95575392049665,0.948890070162652,0.936115190470564,0.916277701346774,0.800317488570438,0.504958940533771,-0.0545143823772514
0.740036203519349,0.85473518778964,0.893553837774855,0.912083424219387,0.92311266740431,0.935000672662057,0.942092466591045,0.945639416764837,0.951871465603966,0.957936780406728,0.962970679879936,0.967877437821553,0.973668161235045,0.9797923004421,0.984832739422339,0.990904083137339,0.996391457744579,1,0.995950181631997,0.990615727911661,0.985071338597773,0.980023700137599,0.975779407346126,0.971810771058286,0.964802569245737,0.960088931252569,0.953255766182415,0.940661374425385,0.921361954825932,0.808071650313165,0.513624000422105,-0.0529780643515462
0.736836545310554,0.85120278616418,0.889380686279573,0.907473169302592,0.917603466833044,0.929412359807073,0.936774257683808,0.94045675477094,0.946303594114578,0.952433554327594,0.957073407701095,0.961125949954251,0.966484342831069,0.972370383491457,0.977677033897193,0.984303106947563,0.990873190962882,0.995950181631997,1,0.996549892391617,0.991743889807228,0.986623468665047,0.981866076941384,0.977325780251584,0.970107353185831,0.964893098093949,0.95850072195479,0.945658072058953,0.926531535154657,0.816262723837728,0.524343924451531,-0.053717818062217
0.730389944498128,0.845852595564057,0.884306435836135,0.901305371780461,0.911468922094865,0.923955306617619,0.931193366197275,0.935311548559179,0.941034716557496,0.946985818149576,0.951746760344416,0.955112984201025,0.960212797791427,0.966352596239358,0.971054775061666,0.977752690755678,0.98485325950062,0.990615727911661,0.996549892391617,1,0.996575630148723,0.991854383841751,0.986739563329135,0.981834866278072,0.97484292604057,0.969335268440177,0.96225334639021,0.949573295206362,0.929939078334364,0.821675578587063,0.529003542239736,-0.0527051090089987
0.722430433814723,0.839692458884409,0.878784870490877,0.897093658783398,0.907118724608197,0.919450998698961,0.926304793769588,0.930552984850707,0.93623810031831,0.941890486000244,0.946640349104399,0.949665517527467,0.954509523127366,0.960664905805758,0.965276240951794,0.972100746489378,0.979005346269943,0.985071338597773,0.991743889807228,0.996575630148723,1,0.995998095099594,0.990898317019886,0.986276106230925,0.979858754989117,0.974412577840562,0.967683016268048,0.955032031666438,0.935906226138801,0.827948694560599,0.536854405451771,-0.0468670865572769
0.714903715945863,0.83331598184173,0.873044810339257,0.891698935068006,0.902248429228698,0.914338929597075,0.921438493337965,0.925762905033798,0.931374408986626,0.936662331877804,0.941170714678235,0.944321413342353,0.949309560983899,0.95524360704598,0.960016374042339,0.967195593258034,0.974463911205304,0.980023700137599,0.986623468665047,0.991854383841751,0.995998095099594,1,0.995929996300369,0.991384538085553,0.985441145985763,0.980174863802349,0.97381782084,0.960578800531099,0.941281587175007,0.839168923084941,0.549388156325569,-0.042590769616258
0.709315106986631,0.830438676328237,0.871158117417492,0.88988665587068,0.900472260307387,0.91302532475268,0.920310194857797,0.92448844218384,0.92992138009433,0.934781890425912,0.939091355758238,0.942264055704273,0.947086760221243,0.952495348996896,0.95716848231241,0.964066122157069,0.970951608335104,0.975779407346126,0.981866076941384,0.986739563329135,0.990898317019886,0.995929996300369,1,0.995819407474035,0.990185025512937,0.984411566844749,0.977082198262748,0.963891130739991,0.944428321502473,0.84110288801103,0.552235558863519,-0.0453674877996498
0.706942765146577,0.824651379254656,0.865832932249986,0.885969112321366,0.897502428977056,0.909938326845186,0.916987631368019,0.921360351877329,0.926976653269342,0.931782010317243,0.935755773180745,0.938768989067674,0.943125429438643,0.948441174233982,0.953468985880769,0.960128404444193,0.96700359179298,0.971810771058286,0.977325780251584,0.981834866278072,0.986276106230925,0.991384538085553,0.995819407474035,1,0.995357996961148,0.989659225486737,0.981497030830986,0.96942202500283,0.950919447533321,0.847750461767459,0.557704385272368,-0.0423898323210716
0.691423736949487,0.81218906277734,0.854894468594105,0.875025913132336,0.887003669993962,0.899954320247246,0.906848892075029,0.912193474914916,0.9179425664253,0.922983853620577,0.927448893560749,0.930720237317435,0.935201364003309,0.940784449219686,0.946231651804749,0.952936824700019,0.959975763454285,0.964802569245737,0.970107353185831,0.97484292604057,0.979858754989117,0.985441145985763,0.990185025512937,0.995357996961148,1,0.995142767733802,0.987676332229182,0.976321447275709,0.958945297007344,0.860113276624658,0.573911365824509,-0.0364185161454135
0.687632622517361,0.808690092649669,0.851414724714655,0.872285321049289,0.884654945608913,0.895978482541936,0.903231660392054,0.909280488808773,0.915175042115332,0.920538221501302,0.924743375805806,0.928158324806597,0.932272340854069,0.937625882492759,0.942269955258136,0.949029003890174,0.95575392049665,0.960088931252569,0.964893098093949,0.969335268440177,0.974412577840562,0.980174863802349,0.984411566844749,0.989659225486737,0.995142767733802,1,0.993359328300358,0.982378195989119,0.965517599374384,0.867320597677168,0.581221635561306,-0.0241441464540354
0.68413063893076,0.801947809250432,0.844509759626397,0.866467512316848,0.877832463999969,0.888590218421712,0.896110944192246,0.902291664395599,0.907745469532884,0.913774257145579,0.918224932075293,0.921366480242297,0.925058910821488,0.930464208423139,0.935368639128774,0.941794544220417,0.948890070162652,0.953255766182415,0.95850072195479,0.96225334639021,0.967683016268048,0.97381782084,0.977082198262748,0.981497030830986,0.987676332229182,0.993359328300358,1,0.990095152362126,0.974009025425804,0.876297183236184,0.59544409111443,-0.0159406010382247
0.670195523986881,0.785938960576475,0.827974078423283,0.850663583360279,0.861762804083203,0.87355057230958,0.881023465146238,0.887321193169371,0.89257072584099,0.899547468393221,0.904636122668233,0.90702686491587,0.910992950373805,0.916133132092476,0.921496506684503,0.928416799248681,0.936115190470564,0.940661374425385,0.945658072058953,0.949573295206362,0.955032031666438,0.960578800531099,0.963891130739991,0.96942202500283,0.976321447275709,0.982378195989119,0.990095152362126,1,0.985221101871169,0.890191031860779,0.613217432671463,-0.0011236283612498
0.645062467469181,0.760947909987798,0.803414250168245,0.826084076163846,0.837577946858816,0.851677931537938,0.860238618056288,0.866216773201693,0.871059349337066,0.877834289657561,0.884196952342152,0.887180736651572,0.892066861456186,0.896091199598235,0.901211504747037,0.908238135884414,0.916277701346774,0.921361954825932,0.926531535154657,0.929939078334364,0.935906226138801,0.941281587175007,0.944428321502473,0.950919447533321,0.958945297007344,0.965517599374384,0.974009025425804,0.985221101871169,1,0.913205417407196,0.641778455195718,0.0205665487707221
0.506586582293857,0.614955819608461,0.65136174184173,0.668432802127526,0.680984908812157,0.699654466158142,0.716934726738361,0.72578705107904,0.732046398815052,0.740823767631491,0.750582004806439,0.754047080440762,0.757636836268142,0.766148606329684,0.775614814455851,0.78634511027282,0.800317488570438,0.808071650313165,0.816262723837728,0.821675578587063,0.827948694560599,0.839168923084941,0.84110288801103,0.847750461767459,0.860113276624658,0.867320597677168,0.876297183236184,0.890191031860779,0.913205417407196,1,0.830150610190844,0.0874871013145304
0.240021680919372,0.31884530802134,0.347145918895828,0.358076805981766,0.364486321301932,0.38455815244024,0.405257676930412,0.411990794402614,0.420495895069876,0.432042283675368,0.443715705014963,0.448603409200804,0.452190563141353,0.462329837467602,0.474405995228434,0.489658898187361,0.504958940533771,0.513624000422105,0.524343924451531,0.529003542239736,0.536854405451771,0.549388156325569,0.552235558863519,0.557704385272368,0.573911365824509,0.581221635561306,0.59544409111443,0.613217432671463,0.641778455195718,0.830150610190844,1,0.261388855862822
-0.1334271240419,-0.125579266475127,-0.133621788816998,-0.129378224239505,-0.12272600353969,-0.122632027256124,-0.113337732362958,-0.111783986216662,-0.10442844606763,-0.099308843851704,-0.0961378040849035,-0.0880544385476747,-0.08149724588794,-0.0748907490267628,-0.0668766930439469,-0.0617022351712606,-0.0545143823772514,-0.0529780643515462,-0.053717818062217,-0.0527051090089987,-0.0468670865572769,-0.042590769616258,-0.0453674877996498,-0.0423898323210716,-0.0364185161454135,-0.0241441464540354,-0.0159406010382247,-0.0011236283612498,0.0205665487707221,0.0874871013145304,0.261388855862822,1
