1,0.745466397274146,0.682440056741004,0.657511366052726,0.649883069302564,0.6437283186463,0.631171549489277,0.630292012645191,0.622014765544736,0.622036958756428,0.62065149022059,0.61317905166625,0.599851323712459,0.594316225190308,0.585155859295329,0.584798240570367,0.586543597598004,0.583659177313385,0.581571885944372,0.580879462866368,0.580383913990674,0.576143834228405,0.573846887531615,0.561177355594268,0.558820744090971,0.550974857761774,0.53966434131677,0.518546365075096,0.490082528276536,0.431726244113703,0.362686144877036,0.099194564652068
0.745466397274146,1,0.914014441708336,0.868924895241529,0.844301414784725,0.828053717324317,0.807732189385149,0.797738567168859,0.79175453809634,0.788490529602533,0.77946146701669,0.767068682767316,0.75787114423639,0.753574532878721,0.74799760195868,0.748459201198823,0.746716297602489,0.73887470511258,0.734132154736935,0.729159609990603,0.726475227609197,0.720568625076618,0.714111253633331,0.702384050241887,0.690415869875334,0.684991560685015,0.674059036396096,0.656395051366362,0.634632197426217,0.562943313035466,0.485374118481043,0.138995214357243
0.682440056741004,0.914014441708336,1,0.953607950610217,0.926175368544199,0.900751359053292,0.880877543546051,0.872614275133649,0.865767348033228,0.858237318718171,0.849662320953229,0.834497635888154,0.826997146906788,0.819078607265943,0.815041213204565,0.816059750648384,0.812611381619745,0.805703066849227,0.802753983117151,0.799349617108565,0.795787697936984,0.788261248956362,0.77815265483033,0.769523815653224,0.757862330626697,0.752737194505982,0.74009826571875,0.7241758744627,0.704351218520332,0.626756944813394,0.557986545497456,0.177906306332621
0.657511366052726,0.868924895241529,0.953607950610217,1,0.968805537146096,0.943727957148781,0.920949800878487,0.90903475142601,0.899574751887109,0.891864544464554,0.881696079715189,0.869571160203405,0.858593402369919,0.846274302372252,0.842166203607748,0.839799315873598,0.838593846834562,0.832420232635124,0.827492826526271,0.82518894360704,0.821792815749144,0.816079531079027,0.80848588233945,0.800971404008984,0.787177385471924,0.779145042133835,0.763880804044655,0.744460605602715,0.723996681519004,0.640945206788406,0.571392009695791,0.180123109960712
0.649883069302564,0.844301414784725,0.926175368544199,0.968805537146096,1,0.975086612948697,0.951931607679507,0.938972858302343,0.929856082458613,0.920300893215609,0.909556792578233,0.898715399319637,0.888239565298734,0.875934114415147,0.868807536842285,0.863731064998246,0.860546984378665,0.854442346510026,0.848809051126349,0.847059083372341,0.843287902976877,0.837293609306784,0.83021719566268,0.82231179291179,0.810214238098769,0.80352849136333,0.789659480633768,0.76750297494288,0.748898708661846,0.66021997384066,0.59303599916664,0.189936944331981
0.6437283186463,0.828053717324317,0.900751359053292,0.943727957148781,0.975086612948697,1,0.980786057814589,0.966208841957899,0.955379705985222,0.94409709110254,0.932410838744705,0.921753556608891,0.909589894821932,0.898242385393589,0.890874687914374,0.886145087078527,0.88086553910711,0.872125635733521,0.863816303690371,0.859949560659352,0.855713320889607,0.852000897520144,0.847571948399994,0.840515643672794,0.832226443498309,0.827056640759226,0.813671893706691,0.791514958917295,0.773985956209424,0.689436506942998,0.613072719859663,0.213416954745788
0.631171549489277,0.807732189385149,0.880877543546051,0.920949800878487,0.951931607679507,0.980786057814589,1,0.98525618525013,0.973282690585704,0.961746078707527,0.949520735418257,0.938048149330576,0.926438712565625,0.914798990437194,0.907384745423512,0.901733477970604,0.895989884929106,0.887090932947088,0.878742715877968,0.875733347241831,0.872778539797102,0.870589314354169,0.86650860438934,0.858617779948672,0.850497851496512,0.844257941121408,0.828251836737229,0.805426171182052,0.784705224867443,0.699833868514877,0.6201143140066,0.212160443807826
0.630292012645191,0.797738567168859,0.872614275133649,0.90903475142601,0.938972858302343,0.966208841957899,0.98525618525013,1,0.988393755944768,0.976656808030397,0.964784608454687,0.953117358777146,0.941802910941685,0.929779037169631,0.920692287673369,0.913347641153545,0.907149138167454,0.89801065941026,0.889638640389699,0.885733069845304,0.882839035966099,0.880161296364934,0.875646613680466,0.867018749028166,0.858907585417838,0.851961220821532,0.836370252843277,0.812667454299265,0.78998250657669,0.703616015912342,0.617155975412762,0.2069701534008
0.622014765544736,0.79175453809634,0.865767348033228,0.899574751887109,0.929856082458613,0.955379705985222,0.973282690585704,0.988393755944768,1,0.990324054855824,0.976697530522686,0.964334487467832,0.952390588298069,0.940120028915012,0.929773554826684,0.921303583500977,0.915295653343433,0.905741837087803,0.896908296765096,0.893975773741205,0.891888167199466,0.889728843659016,0.88686586150487,0.877956771220505,0.87129505652364,0.863209922421204,0.847735417825723,0.826096269267439,0.803902041311769,0.715061247088316,0.626092977657345,0.213964854774352
0.622036958756428,0.788490529602533,0.858237318718171,0.891864544464554,0.920300893215609,0.94409709110254,0.961746078707527,0.976656808030397,0.990324054855824,1,0.989296928001933,0.976806492018746,0.964440917284971,0.951343036685758,0.939837868673517,0.930201025491815,0.923617849087037,0.913847486351148,0.904571660280551,0.900595391153719,0.898302197817628,0.898461256854397,0.896567769615763,0.888827881229551,0.882376827204828,0.873150595462596,0.857340569624599,0.835583648804178,0.814961503423367,0.728927498191113,0.639018619613311,0.222946769930857
0.62065149022059,0.77946146701669,0.849662320953229,0.881696079715189,0.909556792578233,0.932410838744705,0.949520735418257,0.964784608454687,0.976697530522686,0.989296928001933,1,0.989588587380323,0.976967355464142,0.962859943251052,0.951373433855592,0.940312317314926,0.932304810431889,0.921499297839186,0.911926469541435,0.907488615341498,0.90393930511459,0.904508303346656,0.90211382565699,0.895938811698167,0.891249460485104,0.880871667250814,0.864456183222385,0.841506366743311,0.821373028192329,0.736864328098789,0.643679219600396,0.227412066296931
0.61317905166625,0.767068682767316,0.834497635888154,0.869571160203405,0.898715399319637,0.921753556608891,0.938048149330576,0.953117358777146,0.964334487467832,0.976806492018746,0.989588587380323,1,0.9901815666873,0.975463864468808,0.962495867408282,0.949782083121005,0.940200606390347,0.929327682747158,0.918795001637874,0.915183197111117,0.91188586785512,0.911186316964638,0.908690423947469,0.903377183794727,0.897867021514273,0.887732852863432,0.870586886411245,0.848195243075783,0.827010786796862,0.743281537260438,0.645206923341316,0.229562043156655
0.599851323712459,0.75787114423639,0.826997146906788,0.858593402369919,0.888239565298734,0.909589894821932,0.926438712565625,0.941802910941685,0.952390588298069,0.964440917284971,0.976967355464142,0.9901815666873,1,0.988803086376499,0.975981122127756,0.962423561740591,0.951321548069415,0.940156943281269,0.928834150986662,0.924751638453318,0.920512355156577,0.920284393817754,0.91725632916779,0.910749359498302,0.905748451340306,0.895277464875457,0.877087393017347,0.853597943218973,0.831364120566682,0.745417976704495,0.652400854643218,0.238517534599918
0.594316225190308,0.753574532878721,0.819078607265943,0.846274302372252,0.875934114415147,0.898242385393589,0.914798990437194,0.929779037169631,0.940120028915012,0.951343036685758,0.962859943251052,0.975463864468808,0.988803086376499,1,0.990602452172699,0.977244813091579,0.964229783756188,0.95115827404782,0.938971112325818,0.934717790755337,0.930876911425938,0.929080700051276,0.924891959984729,0.91776458921981,0.910551162036535,0.89841278622975,0.882679267314873,0.859145203726561,0.835333859106007,0.749072374443998,0.656361219578236,0.247142626038264
0.585155859295329,0.74799760195868,0.815041213204565,0.842166203607748,0.868807536842285,0.890874687914374,0.907384745423512,0.920692287673369,0.929773554826684,0.939837868673517,0.951373433855592,0.962495867408282,0.975981122127756,0.990602452172699,1,0.991287585975159,0.978620014079412,0.964114462368607,0.951368484542896,0.945449802249693,0.940072635646435,0.935518854579432,0.93145086042616,0.923541549365374,0.915126745404514,0.903483551422025,0.886566994176189,0.865283991081784,0.839966742248532,0.754917949359005,0.660921283757452,0.254448544999982
0.584798240570367,0.748459201198823,0.816059750648384,0.839799315873598,0.863731064998246,0.886145087078527,0.901733477970604,0.913347641153545,0.921303583500977,0.930201025491815,0.940312317314926,0.949782083121005,0.962423561740591,0.977244813091579,0.991287585975159,1,0.991354794280751,0.977184899943001,0.965214721736576,0.956877939071997,0.950012777584496,0.943793180087853,0.938591779604172,0.930832466105355,0.922922592887738,0.911640097581252,0.893715647329242,0.871995922533953,0.849118404195346,0.764863443537082,0.672614424018126,0.261357977806733
0.586543597598004,0.746716297602489,0.812611381619745,0.838593846834562,0.860546984378665,0.88086553910711,0.895989884929106,0.907149138167454,0.915295653343433,0.923617849087037,0.932304810431889,0.940200606390347,0.951321548069415,0.964229783756188,0.978620014079412,0.991354794280751,1,0.989699958095569,0.977481089285498,0.968232284431277,0.96010143807993,0.953422180305869,0.947182286449898,0.938580607872664,0.930713020201751,0.919407180834535,0.901610311105918,0.87933461195768,0.85845946191948,0.771502153058591,0.681219840356372,0.267464656785687
0.583659177313385,0.73887470511258,0.805703066849227,0.832420232635124,0.854442346510026,0.872125635733521,0.887090932947088,0.89801065941026,0.905741837087803,0.913847486351148,0.921499297839186,0.929327682747158,0.940156943281269,0.95115827404782,0.964114462368607,0.977184899943001,0.989699958095569,1,0.991592318131676,0.982271102906223,0.973549066503352,0.966575556543561,0.959629075336977,0.950232573258478,0.94196496046286,0.930188273387402,0.91275151643997,0.889357386985368,0.866040605090557,0.777480506049714,0.687464897175258,0.265994257878818
0.581571885944372,0.734132154736935,0.802753983117151,0.827492826526271,0.848809051126349,0.863816303690371,0.878742715877968,0.889638640389699,0.896908296765096,0.904571660280551,0.911926469541435,0.918795001637874,0.928834150986662,0.938971112325818,0.951368484542896,0.965214721736576,0.977481089285498,0.991592318131676,1,0.991986474380532,0.982993185714982,0.974623074105886,0.966874046736945,0.957502275121852,0.947942485137664,0.936432062186192,0.916940133595354,0.89179085267426,0.8669855866523,0.778310155159032,0.691212794241395,0.260753733518535
0.580879462866368,0.729159609990603,0.799349617108565,0.82518894360704,0.847059083372341,0.859949560659352,0.875733347241831,0.885733069845304,0.893975773741205,0.900595391153719,0.907488615341498,0.915183197111117,0.924751638453318,0.934717790755337,0.945449802249693,0.956877939071997,0.968232284431277,0.982271102906223,0.991986474380532,1,0.991810205424164,0.982782861283846,0.973908389174184,0.964467005238033,0.952995125652708,0.941026323193525,0.922043360813987,0.896040299317637,0.869113007351608,0.780430670191529,0.693169935773518,0.249889045028983
0.580383913990674,0.726475227609197,0.795787697936984,0.821792815749144,0.843287902976877,0.855713320889607,0.872778539797102,0.882839035966099,0.891888167199466,0.898302197817628,0.90393930511459,0.91188586785512,0.920512355156577,0.930876911425938,0.940072635646435,0.950012777584496,0.96010143807993,0.973549066503352,0.982993185714982,0.991810205424164,1,0.991607297792755,0.982574964951721,0.972123752472834,0.960511588569927,0.948162188168084,0.92853678257767,0.901480646365009,0.872807108118216,0.784361031850573,0.693820797805374,0.251074581481287
0.576143834228405,0.720568625076618,0.788261248956362,0.816079531079027,0.837293609306784,0.852000897520144,0.870589314354169,0.880161296364934,0.889728843659016,0.898461256854397,0.904508303346656,0.911186316964638,0.920284393817754,0.929080700051276,0.935518854579432,0.943793180087853,0.953422180305869,0.966575556543561,0.974623074105886,0.982782861283846,0.991607297792755,1,0.991971587574051,0.981107641420341,0.969311573264013,0.95524462739953,0.934730647636651,0.905790337796774,0.876130468663094,0.785712108598465,0.694776282713118,0.25188261696177
0.573846887531615,0.714111253633331,0.77815265483033,0.80848588233945,0.83021719566268,0.847571948399994,0.86650860438934,0.875646613680466,0.88686586150487,0.896567769615763,0.90211382565699,0.908690423947469,0.91725632916779,0.924891959984729,0.93145086042616,0.938591779604172,0.947182286449898,0.959629075336977,0.966874046736945,0.973908389174184,0.982574964951721,0.991971587574051,1,0.990327571783398,0.976809342334109,0.962143033278439,0.943093983661186,0.913941280434517,0.884496363495656,0.794800239368524,0.70276258797856,0.257514521978994
0.561177355594268,0.702384050241887,0.769523815653224,0.800971404008984,0.82231179291179,0.840515643672794,0.858617779948672,0.867018749028166,0.877956771220505,0.888827881229551,0.895938811698167,0.903377183794727,0.910749359498302,0.91776458921981,0.923541549365374,0.930832466105355,0.938580607872664,0.950232573258478,0.957502275121852,0.964467005238033,0.972123752472834,0.981107641420341,0.990327571783398,1,0.988750985961633,0.973687384465664,0.954074665393899,0.927141691090259,0.897749244018748,0.808876571750975,0.721189163225442,0.261574659117318
0.558820744090971,0.690415869875334,0.757862330626697,0.787177385471924,0.810214238098769,0.832226443498309,0.850497851496512,0.858907585417838,0.87129505652364,0.882376827204828,0.891249460485104,0.897867021514273,0.905748451340306,0.910551162036535,0.915126745404514,0.922922592887738,0.930713020201751,0.94196496046286,0.947942485137664,0.952995125652708,0.960511588569927,0.969311573264013,0.976809342334109,0.988750985961633,1,0.986105181232259,0.965078747954979,0.940187963065391,0.911055827408539,0.824444855252099,0.735232763065585,0.267991675281153
0.550974857761774,0.684991560685015,0.752737194505982,0.779145042133835,0.80352849136333,0.827056640759226,0.844257941121408,0.851961220821532,0.863209922421204,0.873150595462596,0.880871667250814,0.887732852863432,0.895277464875457,0.89841278622975,0.903483551422025,0.911640097581252,0.919407180834535,0.930188273387402,0.936432062186192,0.941026323193525,0.948162188168084,0.95524462739953,0.962143033278439,0.973687384465664,0.986105181232259,1,0.981695905062721,0.955706806873293,0.926968819984227,0.841256721952589,0.753363778084187,0.277731521552366
0.53966434131677,0.674059036396096,0.74009826571875,0.763880804044655,0.789659480633768,0.813671893706691,0.828251836737229,0.836370252843277,0.847735417825723,0.857340569624599,0.864456183222385,0.870586886411245,0.877087393017347,0.882679267314873,0.886566994176189,0.893715647329242,0.901610311105918,0.91275151643997,0.916940133595354,0.922043360813987,0.92853678257767,0.934730647636651,0.943093983661186,0.954074665393899,0.965078747954979,0.981695905062721,1,0.97845676568327,0.948195141710351,0.867401561218776,0.776608734290716,0.27985062626193
0.518546365075096,0.656395051366362,0.7241758744627,0.744460605602715,0.76750297494288,0.791514958917295,0.805426171182052,0.812667454299265,0.826096269267439,0.835583648804178,0.841506366743311,0.848195243075783,0.853597943218973,0.859145203726561,0.865283991081784,0.871995922533953,0.87933461195768,0.889357386985368,0.89179085267426,0.896040299317637,0.901480646365009,0.905790337796774,0.913941280434517,0.927141691090259,0.940187963065391,0.955706806873293,0.97845676568327,1,0.969846222962453,0.894137171270271,0.803674441420793,0.292727026785343
0.490082528276536,0.634632197426217,0.704351218520332,0.723996681519004,0.748898708661846,0.773985956209424,0.784705224867443,0.78998250657669,0.803902041311769,0.814961503423367,0.821373028192329,0.827010786796862,0.831364120566682,0.835333859106007,0.839966742248532,0.849118404195346,0.85845946191948,0.866040605090557,0.8669855866523,0.869113007351608,0.872807108118216,0.876130468663094,0.884496363495656,0.897749244018748,0.911055827408539,0.926968819984227,0.948195141710351,0.969846222962453,1,0.934319324113939,0.847678648563656,0.317157546092537
0.431726244113703,0.562943313035466,0.626756944813394,0.640945206788406,0.66021997384066,0.689436506942998,0.699833868514877,0.703616015912342,0.715061247088316,0.728927498191113,0.736864328098789,0.743281537260438,0.745417976704495,0.749072374443998,0.754917949359005,0.764863443537082,0.771502153058591,0.777480506049714,0.778310155159032,0.780430670191529,0.784361031850573,0.785712108598465,0.794800239368524,0.808876571750975,0.824444855252099,0.841256721952589,0.867401561218776,0.894137171270271,0.934319324113939,1,0.905217741828605,0.356032761864206
0.362686144877036,0.485374118481043,0.557986545497456,0.571392009695791,0.59303599916664,0.613072719859663,0.6201143140066,0.617155975412762,0.626092977657345,0.639018619613311,0.643679219600396,0.645206923341316,0.652400854643218,0.656361219578236,0.660921283757452,0.672614424018126,0.681219840356372,0.687464897175258,0.691212794241395,0.693169935773518,0.693820797805374,0.694776282713118,0.70276258797856,0.721189163225442,0.735232763065585,0.753363778084187,0.776608734290716,0.803674441420793,0.847678648563656,0.905217741828605,1,0.4216634832085
0.099194564652068,0.138995214357243,0.177906306332621,0.180123109960712,0.189936944331981,0.213416954745788,0.212160443807826,0.2069701534008,0.213964854774352,0.222946769930857,0.227412066296931,0.229562043156655,0.238517534599918,0.247142626038264,0.254448544999982,0.261357977806733,0.267464656785687,0.265994257878818,0.260753733518535,0.249889045028983,0.251074581481287,0.25188261696177,0.257514521978994,0.261574659117318,0.267991675281153,0.277731521552366,0.27985062626193,0.292727026785343,0.317157546092537,0.356032761864206,0.4216634832085,1
