1,0.950285700398074,0.850472232604152,0.822803862662356,0.78597917909931,0.755610088252983,0.72328485678507,0.698752665713301,0.677849241900781,0.664921715886298,0.651774675444468,0.639368367621171,0.627366726069829,0.616220076629248,0.607243679507763,0.599603980683214,0.588841487385406,0.574581606864697,0.563937767433233,0.548125763884668,0.530351817710852,0.510166394239064,0.495676541870777,0.485139643430269,0.47842324093378,0.46791835788079,0.452249129493037,0.431395145928969,0.424444781815647,0.411114561573417,0.372638530005533,0.32885268415572
0.950285700398074,1,0.970986008078088,0.944058830094774,0.907722571429974,0.880528919457916,0.85082550226654,0.830267839779266,0.810588373773369,0.795919276496188,0.782005409442428,0.770209421829354,0.757939572626295,0.745684779964715,0.735609295077729,0.726728341683863,0.714143378257324,0.697381340711834,0.682310733729961,0.659274204903541,0.636622497663306,0.612791294390675,0.59468178211252,0.580744984740515,0.575350929285742,0.566968762257839,0.550347041205293,0.526284943026069,0.516154151346805,0.497637650347346,0.444138928888932,0.386423536455826
0.850472232604152,0.970986008078088,1,0.985233613289422,0.957934838333159,0.935558189802851,0.91031945508671,0.894830609552034,0.877789833229884,0.862898353157525,0.849477155940997,0.839153945814611,0.827432855409199,0.814798313090888,0.804272170710844,0.794792968613368,0.781449552729131,0.763690342169166,0.745797039982337,0.717912776557759,0.692767434543651,0.6677602863796,0.647840053057024,0.631842362461514,0.627910970862391,0.621796552934962,0.605115804372775,0.579422772946407,0.56750713754208,0.546027416571848,0.483443525206109,0.417436972142074
0.822803862662356,0.944058830094774,0.985233613289422,1,0.992085312767758,0.97245379391327,0.949709561625936,0.937074509352697,0.921859713622826,0.907652470861117,0.895028419662262,0.885747386676745,0.874182908543498,0.860803778833352,0.849666238950446,0.839648123129712,0.825939483470398,0.807893373481473,0.788805864751943,0.758524913953865,0.732868721132204,0.708351900378449,0.687953939183635,0.670961796921936,0.667564081516829,0.662117384077821,0.644572683069227,0.617055659640724,0.605108636295543,0.583093547528534,0.517513024847664,0.447776375325333
0.78597917909931,0.907722571429974,0.957934838333159,0.992085312767758,1,0.98991768220676,0.973506681072231,0.963147935174197,0.949848259807552,0.93720539274135,0.925660228177949,0.916986147910351,0.905630803246748,0.89206209619579,0.880770050131074,0.870593862513413,0.856907075057317,0.838983820461728,0.819490583382307,0.787989984865941,0.762355522911811,0.738489388133344,0.71792167947948,0.700307892608944,0.69778599548768,0.693419371523029,0.674720732362707,0.644953732630888,0.632758339175903,0.610398250943947,0.541884841712641,0.468844967753482
0.755610088252983,0.880528919457916,0.935558189802851,0.97245379391327,0.98991768220676,1,0.99559971128549,0.986209639198814,0.974557353123579,0.964548428210825,0.95420988091613,0.945177720695137,0.933818894820889,0.920636812248895,0.909661403707498,0.899701401060942,0.88632402137987,0.868736065560579,0.84965537884898,0.818118713112658,0.792727423156855,0.769139541468019,0.748389799542186,0.730342391341057,0.729163168971782,0.726404282201974,0.705637302870423,0.672239481497717,0.659133891193522,0.636182959794513,0.563197205369074,0.485812765314438
0.72328485678507,0.85082550226654,0.91031945508671,0.949709561625936,0.973506681072231,0.99559971128549,1,0.99513106399706,0.986846497842443,0.978744173135339,0.969587333762134,0.960958806374342,0.950079191441213,0.937464440170512,0.926757636580243,0.916764150609336,0.903452358439992,0.885984748075549,0.867129756224979,0.83560329878587,0.810405688740903,0.78704192483545,0.766060286111664,0.747538334541215,0.747180100759147,0.745520824474661,0.723348363182774,0.687518815665492,0.673675781695676,0.650277858688262,0.575110797298144,0.495575046494555
0.698752665713301,0.830267839779266,0.894830609552034,0.937074509352697,0.963147935174197,0.986209639198814,0.99513106399706,1,0.997553174260601,0.990237495790884,0.982117838954454,0.974869577966485,0.965007939192886,0.953036948649343,0.942364847961802,0.931813421707562,0.918000820326302,0.900063484986688,0.880865877672186,0.848906326194356,0.82342914259431,0.79984025055139,0.778206858408738,0.758835108934666,0.75856447135063,0.757279367262856,0.734254552159414,0.697066933391747,0.682487471655597,0.658456762637947,0.583134208498566,0.503261645498079
0.677849241900781,0.810588373773369,0.877789833229884,0.921859713622826,0.949848259807552,0.974557353123579,0.986846497842443,0.997553174260601,1,0.996334293850514,0.990568043610665,0.984248647555601,0.975407603731544,0.964556971674661,0.95448134895487,0.944017625788771,0.930672191753628,0.913497440038875,0.894896849938165,0.863145161982799,0.837651391488334,0.813854928402461,0.792182423479492,0.772863754811955,0.772740752139645,0.771439148159428,0.747975637153682,0.710079369640752,0.694398720270003,0.66902165454945,0.594350031861114,0.514791725553817
0.664921715886298,0.795919276496188,0.862898353157525,0.907652470861117,0.93720539274135,0.964548428210825,0.978744173135339,0.990237495790884,0.996334293850514,1,0.998256607529107,0.992244973260464,0.984381018828465,0.975213090456144,0.966413590813661,0.9568273395347,0.945142018995676,0.930246726794977,0.913374179003272,0.882514728262082,0.857228022956913,0.833137782241038,0.812121880342222,0.79393941877062,0.79404061545125,0.792209060529839,0.768738108641224,0.730805449081057,0.713483548638343,0.685723442577223,0.612400688923161,0.533632085670216
0.651774675444468,0.782005409442428,0.849477155940997,0.895028419662262,0.925660228177949,0.95420988091613,0.969587333762134,0.982117838954454,0.990568043610665,0.998256607529107,1,0.996947896529899,0.991341388370522,0.983691065143326,0.976030287260481,0.96721309039522,0.956717579664497,0.943334663313132,0.927369094543849,0.896686356574299,0.871999453637984,0.848675152150697,0.828154395466263,0.810281055003275,0.81015399578691,0.807646323130146,0.784312214953725,0.74664551024837,0.728025992096097,0.698300350968435,0.626080497455534,0.548007347829256
0.639368367621171,0.770209421829354,0.839153945814611,0.885747386676745,0.916986147910351,0.945177720695137,0.960958806374342,0.974869577966485,0.984248647555601,0.992244973260464,0.996947896529899,1,0.998182337992721,0.991881975868788,0.985214516440947,0.977042591955081,0.967201087991875,0.954453165627945,0.938433590031601,0.907039761318166,0.88337288822459,0.862015053525805,0.841773051161358,0.823221415581574,0.822335405222482,0.818959460044016,0.795885151839808,0.758764547944553,0.739173855690148,0.707854622603933,0.6363330642954,0.558704049083805
0.627366726069829,0.757939572626295,0.827432855409199,0.874182908543498,0.905630803246748,0.933818894820889,0.950079191441213,0.965007939192886,0.975407603731544,0.984381018828465,0.991341388370522,0.998182337992721,1,0.997163831028654,0.992473122406397,0.984865212208203,0.975569007635758,0.963329028666254,0.947137357343809,0.914967964526374,0.891601017855452,0.871143045918732,0.851351313998195,0.832969380431594,0.831399736559433,0.82689176260423,0.803746128818326,0.766902295709301,0.746581594771231,0.714137245305725,0.643938478622674,0.567266580192344
0.616220076629248,0.745684779964715,0.814798313090888,0.860803778833352,0.89206209619579,0.920636812248895,0.937464440170512,0.953036948649343,0.964556971674661,0.975213090456144,0.983691065143326,0.991881975868788,0.997163831028654,1,0.998309933629829,0.991174212662908,0.982301651930684,0.970426962830309,0.953929539743497,0.920899044662849,0.897060177209911,0.876366317125595,0.857191205152806,0.839857523546498,0.837684438218538,0.831768038211687,0.808189015880132,0.7713151404556,0.750507179950015,0.717412786492966,0.64914462648054,0.573917593322145
0.607243679507763,0.735609295077729,0.804272170710844,0.849666238950446,0.880770050131074,0.909661403707498,0.926757636580243,0.942364847961802,0.95448134895487,0.966413590813661,0.976030287260481,0.985214516440947,0.992473122406397,0.998309933629829,1,0.996596814519713,0.990078483068779,0.979339820940224,0.964316984060801,0.932707607649303,0.909529543575301,0.888956177722698,0.870601661990967,0.854420672933795,0.851679680274883,0.844248747182135,0.820079659382255,0.782933602016061,0.761696711564032,0.727884388466477,0.661036597310128,0.586576598413341
0.599603980683214,0.726728341683863,0.794792968613368,0.839648123129712,0.870593862513413,0.899701401060942,0.916764150609336,0.931813421707562,0.944017625788771,0.9568273395347,0.96721309039522,0.977042591955081,0.984865212208203,0.991174212662908,0.996596814519713,1,0.997661225065095,0.988796732556316,0.976943098032324,0.948942243369433,0.927519546567173,0.907426842088544,0.890106102012605,0.875194255022076,0.87192265529713,0.862887446958864,0.838009758417951,0.800407449645296,0.778822152280858,0.744268596379496,0.678437819329725,0.604193158358302
0.588841487385406,0.714143378257324,0.781449552729131,0.825939483470398,0.856907075057317,0.88632402137987,0.903452358439992,0.918000820326302,0.930672191753628,0.945142018995676,0.956717579664497,0.967201087991875,0.975569007635758,0.982301651930684,0.990078483068779,0.997661225065095,1,0.996169385030642,0.987583765373217,0.961130529974345,0.941039102735163,0.922027431294037,0.906347878489431,0.893278508814619,0.889595794186818,0.878877305488121,0.853973798675649,0.816834905598243,0.794380324350801,0.758245004423649,0.695135276491964,0.622663282227301
0.574581606864697,0.697381340711834,0.763690342169166,0.807893373481473,0.838983820461728,0.868736065560579,0.885984748075549,0.900063484986688,0.913497440038875,0.930246726794977,0.943334663313132,0.954453165627945,0.963329028666254,0.970426962830309,0.979339820940224,0.988796732556316,0.996169385030642,1,0.994736419010055,0.968099879951977,0.948994273774295,0.931591769988699,0.918074333042312,0.907332256932359,0.903351891999411,0.890923718715993,0.866617593139141,0.830780770359048,0.807062972471256,0.768712474129183,0.709842839890583,0.640566260942125
0.563937767433233,0.682310733729961,0.745797039982337,0.788805864751943,0.819490583382307,0.84965537884898,0.867129756224979,0.880865877672186,0.894896849938165,0.913374179003272,0.927369094543849,0.938433590031601,0.947137357343809,0.953929539743497,0.964316984060801,0.976943098032324,0.987583765373217,0.994736419010055,1,0.987985813472349,0.974437684447552,0.956756924549034,0.944008083584908,0.934558941724486,0.930074415896541,0.915978950611023,0.891489990438635,0.855807550616983,0.830708307464757,0.790068298119009,0.731756577742294,0.662456491712804
0.548125763884668,0.659274204903541,0.717912776557759,0.758524913953865,0.787989984865941,0.818118713112658,0.83560329878587,0.848906326194356,0.863145161982799,0.882514728262082,0.896686356574299,0.907039761318166,0.914967964526374,0.920899044662849,0.932707607649303,0.948942243369433,0.961130529974345,0.968099879951977,0.987985813472349,1,0.994970847937174,0.97596526666447,0.963118936780454,0.95425388557804,0.949233217656018,0.933870260044742,0.909037486599552,0.873228833217009,0.847177487195134,0.805031398260372,0.745503685738485,0.674959059780822
0.530351817710852,0.636622497663306,0.692767434543651,0.732868721132204,0.762355522911811,0.792727423156855,0.810405688740903,0.82342914259431,0.837651391488334,0.857228022956913,0.871999453637984,0.88337288822459,0.891601017855452,0.897060177209911,0.909529543575301,0.927519546567173,0.941039102735163,0.948994273774295,0.974437684447552,0.994970847937174,1,0.991460137747682,0.98247243259569,0.973551346473353,0.967689918398628,0.950963481083331,0.926620286681403,0.891779426965433,0.866196442653641,0.823695728816883,0.764452268608744,0.693394787520928
0.510166394239064,0.612791294390675,0.6677602863796,0.708351900378449,0.738489388133344,0.769139541468019,0.78704192483545,0.79984025055139,0.813854928402461,0.833137782241038,0.848675152150697,0.862015053525805,0.871143045918732,0.876366317125595,0.888956177722698,0.907426842088544,0.922027431294037,0.931591769988699,0.956756924549034,0.97596526666447,0.991460137747682,1,0.997097291865777,0.987773039204454,0.980952523415017,0.962939143322705,0.939660016747922,0.906536440358841,0.882355804460606,0.840380727025128,0.78254677547129,0.711725550367003
0.495676541870777,0.59468178211252,0.647840053057024,0.687953939183635,0.71792167947948,0.748389799542186,0.766060286111664,0.778206858408738,0.792182423479492,0.812121880342222,0.828154395466263,0.841773051161358,0.851351313998195,0.857191205152806,0.870601661990967,0.890106102012605,0.906347878489431,0.918074333042312,0.944008083584908,0.963118936780454,0.98247243259569,0.997097291865777,1,0.995954166059266,0.989655395717789,0.969692697620504,0.947481307217267,0.916408738584012,0.893222553068593,0.851362023497925,0.798543168333452,0.730997513647215
0.485139643430269,0.580744984740515,0.631842362461514,0.670961796921936,0.700307892608944,0.730342391341057,0.747538334541215,0.758835108934666,0.772863754811955,0.79393941877062,0.810281055003275,0.823221415581574,0.832969380431594,0.839857523546498,0.854420672933795,0.875194255022076,0.893278508814619,0.907332256932359,0.934558941724486,0.95425388557804,0.973551346473353,0.987773039204454,0.995954166059266,1,0.995012210887537,0.972862924272517,0.95165889981451,0.922699409397107,0.900224086980964,0.858253955203896,0.812142306828035,0.749365538434934
0.47842324093378,0.575350929285742,0.627910970862391,0.667564081516829,0.69778599548768,0.729163168971782,0.747180100759147,0.75856447135063,0.772740752139645,0.79404061545125,0.81015399578691,0.822335405222482,0.831399736559433,0.837684438218538,0.851679680274883,0.87192265529713,0.889595794186818,0.903351891999411,0.930074415896541,0.949233217656018,0.967689918398628,0.980952523415017,0.989655395717789,0.995012210887537,1,0.990693966828724,0.975490440046126,0.948650470380477,0.926369699989075,0.883148735234714,0.834179105644871,0.768445440961836
0.46791835788079,0.566968762257839,0.621796552934962,0.662117384077821,0.693419371523029,0.726404282201974,0.745520824474661,0.757279367262856,0.771439148159428,0.792209060529839,0.807646323130146,0.818959460044016,0.82689176260423,0.831768038211687,0.844248747182135,0.862887446958864,0.878877305488121,0.890923718715993,0.915978950611023,0.933870260044742,0.950963481083331,0.962939143322705,0.969692697620504,0.972862924272517,0.990693966828724,1,0.992662378683206,0.968045028310246,0.945987039156883,0.901704298241083,0.846288459403872,0.775133370013994
0.452249129493037,0.550347041205293,0.605115804372775,0.644572683069227,0.674720732362707,0.705637302870423,0.723348363182774,0.734254552159414,0.747975637153682,0.768738108641224,0.784312214953725,0.795885151839808,0.803746128818326,0.808189015880132,0.820079659382255,0.838009758417951,0.853973798675649,0.866617593139141,0.891489990438635,0.909037486599552,0.926620286681403,0.939660016747922,0.947481307217267,0.95165889981451,0.975490440046126,0.992662378683206,1,0.990697543508837,0.971920314326029,0.925479178861603,0.871045185845461,0.800054568200496
0.431395145928969,0.526284943026069,0.579422772946407,0.617055659640724,0.644953732630888,0.672239481497717,0.687518815665492,0.697066933391747,0.710079369640752,0.730805449081057,0.74664551024837,0.758764547944553,0.766902295709301,0.7713151404556,0.782933602016061,0.800407449645296,0.816834905598243,0.830780770359048,0.855807550616983,0.873228833217009,0.891779426965433,0.906536440358841,0.916408738584012,0.922699409397107,0.948650470380477,0.968045028310246,0.990697543508837,1,0.985506314060483,0.93730215099947,0.887356754481946,0.819597038516481
0.424444781815647,0.516154151346805,0.56750713754208,0.605108636295543,0.632758339175903,0.659133891193522,0.673675781695676,0.682487471655597,0.694398720270003,0.713483548638343,0.728025992096097,0.739173855690148,0.746581594771231,0.750507179950015,0.761696711564032,0.778822152280858,0.794380324350801,0.807062972471256,0.830708307464757,0.847177487195134,0.866196442653641,0.882355804460606,0.893222553068593,0.900224086980964,0.926369699989075,0.945987039156883,0.971920314326029,0.985506314060483,1,0.98236244814654,0.939958114561523,0.869633610894369
0.411114561573417,0.497637650347346,0.546027416571848,0.583093547528534,0.610398250943947,0.636182959794513,0.650277858688262,0.658456762637947,0.66902165454945,0.685723442577223,0.698300350968435,0.707854622603933,0.714137245305725,0.717412786492966,0.727884388466477,0.744268596379496,0.758245004423649,0.768712474129183,0.790068298119009,0.805031398260372,0.823695728816883,0.840380727025128,0.851362023497925,0.858253955203896,0.883148735234714,0.901704298241083,0.925479178861603,0.93730215099947,0.98236244814654,1,0.965786728808762,0.893590038496039
0.372638530005533,0.444138928888932,0.483443525206109,0.517513024847664,0.541884841712641,0.563197205369074,0.575110797298144,0.583134208498566,0.594350031861114,0.612400688923161,0.626080497455534,0.6363330642954,0.643938478622674,0.64914462648054,0.661036597310128,0.678437819329725,0.695135276491964,0.709842839890583,0.731756577742294,0.745503685738485,0.764452268608744,0.78254677547129,0.798543168333452,0.812142306828035,0.834179105644871,0.846288459403872,0.871045185845461,0.887356754481946,0.939958114561523,0.965786728808762,1,0.979013876070174
0.32885268415572,0.386423536455826,0.417436972142074,0.447776375325333,0.468844967753482,0.485812765314438,0.495575046494555,0.503261645498079,0.514791725553817,0.533632085670216,0.548007347829256,0.558704049083805,0.567266580192344,0.573917593322145,0.586576598413341,0.604193158358302,0.622663282227301,0.640566260942125,0.662456491712804,0.674959059780822,0.693394787520928,0.711725550367003,0.730997513647215,0.749365538434934,0.768445440961836,0.775133370013994,0.800054568200496,0.819597038516481,0.869633610894369,0.893590038496039,0.979013876070174,1
