1,0.991450180098468,0.952871562430814,0.855915108988977,0.811664090950286,0.763090936385791,0.691288855958954,0.629903791562695,0.607149222856348,0.573331638677812,0.533848151771099,0.493536128514882,0.44816546139262,0.405674417412986,0.375914570835144,0.36292743014084,0.346117225200835,0.328915969742577,0.327546128735299,0.327296774132054,0.323783516869,0.317567455742428,0.304751857952815,0.289860548823607,0.275480031256306,0.279770810059034,0.274040376947473,0.262403402363548,0.261172249020986,0.282013894862752,0.284629020157326,0.281176306001308
0.991450180098468,1,0.984310677416561,0.916073523261815,0.877927801681077,0.826887121572349,0.750545343211024,0.68522599917777,0.661519276064077,0.625661790453989,0.583495282853438,0.541215246830107,0.4931845052703,0.447855319141195,0.416385583078037,0.403602696429784,0.386232771591773,0.368138905654855,0.366399798951548,0.365565510710247,0.361159988996015,0.354339140580354,0.341700363001229,0.326340509902624,0.311239426649497,0.316172089966597,0.309494921853218,0.296214177078463,0.293840100944906,0.313780618925793,0.314503086147441,0.309220663175994
0.952871562430814,0.984310677416561,1,0.972456826153546,0.943606228124234,0.890619820702579,0.810219772154792,0.741360443378339,0.717012227985798,0.679373503020507,0.634728048378644,0.590938998952289,0.540620141571361,0.492688436275216,0.459764137671857,0.447605784705637,0.429952340255378,0.411144544898689,0.408953505373683,0.407350999521663,0.401859002565744,0.394406226798731,0.382350959591714,0.366776100378012,0.35111217345507,0.356778381233071,0.349002985742824,0.333861427071406,0.330006575475911,0.348185192171724,0.346328703122205,0.338716080453422
0.855915108988977,0.916073523261815,0.972456826153546,1,0.98482087256862,0.931821744648859,0.849941524079698,0.779729623037686,0.755709253942396,0.717534283101092,0.671769115164991,0.628100300053217,0.577187666433969,0.528131632120937,0.494875068922956,0.484128596151488,0.466952732305461,0.448109664045244,0.445427378778252,0.442887406195745,0.436225264346964,0.428297447300143,0.417594892543572,0.402487789622034,0.386836423720458,0.393198144810332,0.384347296765928,0.367478462416128,0.361853571073092,0.376827250519016,0.371653562950458,0.361330191707907
0.811664090950286,0.877927801681077,0.943606228124234,0.98482087256862,1,0.979751565099554,0.926237879980344,0.873177371705808,0.849446071106575,0.809512215729183,0.760637973538031,0.715081169788271,0.660670892789528,0.607433534605471,0.570784083409904,0.557536478186976,0.537060792624214,0.514816910697555,0.51043291850929,0.506124016559181,0.497292361428813,0.488400916102694,0.479883911176279,0.465444994410823,0.449694540984536,0.456190445271748,0.444424694128119,0.423888343189054,0.414419316630956,0.422304158379178,0.41051694174705,0.395002499099255
0.763090936385791,0.826887121572349,0.890619820702579,0.931821744648859,0.979751565099554,1,0.982952731452789,0.952631772614574,0.929803789776436,0.888958994602904,0.837934367220862,0.791276067305646,0.734242933361985,0.677667024258273,0.637967023398886,0.62162904244207,0.597548905922505,0.571770292365888,0.565568526230421,0.559483947039956,0.548576431958221,0.538885037161216,0.532882218604896,0.519517523696485,0.504069705087811,0.510356563745251,0.49565862744116,0.471694194748601,0.458293696189411,0.458224725055338,0.43962849598686,0.418969584707892
0.691288855958954,0.750545343211024,0.810219772154792,0.849941524079698,0.926237879980344,0.982952731452789,1,0.991641348332634,0.970456497601614,0.930230952722883,0.879050221009348,0.833043385279914,0.775634429359334,0.718009183553176,0.676922836678055,0.658329284436847,0.631797444239025,0.603691685914394,0.596041705070882,0.588543391696074,0.576118381754761,0.566037810953034,0.56255770704569,0.550655800676593,0.536036470894491,0.541907291945229,0.525040596712905,0.498782295569147,0.482249154979734,0.474878690672551,0.4506925695249,0.426045826134806
0.629903791562695,0.68522599917777,0.741360443378339,0.779729623037686,0.873177371705808,0.952631772614574,0.991641348332634,1,0.987594162223162,0.954992991213681,0.910098607175497,0.867929269890317,0.812197050069916,0.755158876574279,0.713837066932111,0.693613523817469,0.665154267221922,0.63514705307426,0.626163980048886,0.617279597041363,0.603364314945752,0.592705748777943,0.590971677883365,0.579953230380902,0.565731468232364,0.569555752938719,0.549163013854741,0.519846624998847,0.500872636679997,0.490735149329288,0.464044239093093,0.437456536755286
0.607149222856348,0.661519276064077,0.717012227985798,0.755709253942396,0.849446071106575,0.929803789776436,0.970456497601614,0.987594162223162,1,0.989724441117485,0.963879150650729,0.931129067424885,0.879317707006593,0.823992457307251,0.783066973517162,0.761400899879247,0.730586304044896,0.697979480085488,0.687300406823928,0.676477414696422,0.660286309817492,0.64809891558564,0.646686480139368,0.63500400687035,0.619728215375826,0.617878038921806,0.589628349507917,0.553874922554125,0.532705170257445,0.528495413563921,0.50426672404965,0.478607994880571
0.573331638677812,0.625661790453989,0.679373503020507,0.717534283101092,0.809512215729183,0.888958994602904,0.930230952722883,0.954992991213681,0.989724441117485,1,0.992058139289273,0.968591613537727,0.921468227400414,0.868896232858306,0.829214490651625,0.806702249264738,0.774407645844628,0.740137046519241,0.728143985336259,0.715789193006129,0.697875026820695,0.684558407533965,0.683469319018995,0.6714342077088,0.655528160985831,0.648550796274619,0.613756063406957,0.572912421069548,0.550199908370649,0.551478690233763,0.530014736789266,0.505755434758127
0.533848151771099,0.583495282853438,0.634728048378644,0.671769115164991,0.760637973538031,0.837934367220862,0.879050221009348,0.910098607175497,0.963879150650729,0.992058139289273,1,0.985098293522803,0.942898906504833,0.893641545337938,0.855727696559764,0.832853394810069,0.799805282437525,0.764653075730759,0.75170780899427,0.738215353688819,0.719089683244292,0.705005861297184,0.704219700514705,0.692078755032625,0.675888398125937,0.664519352093107,0.624558074559928,0.579930351457079,0.556246417153732,0.56233151095783,0.543664050119453,0.521047705602904
0.493536128514882,0.541215246830107,0.590938998952289,0.628100300053217,0.715081169788271,0.791276067305646,0.833043385279914,0.867929269890317,0.931129067424885,0.968591613537727,0.985098293522803,1,0.985979372180593,0.957163322208181,0.931136787209182,0.908574404776988,0.874429808849911,0.837573308317419,0.825280756194748,0.81230692468475,0.792884138691096,0.777713172303697,0.773961642814402,0.758387708543773,0.738887159944537,0.727163495829338,0.684606433038367,0.636526804213309,0.609520514913984,0.610097513738992,0.585788087285302,0.558578657306929
0.44816546139262,0.4931845052703,0.540620141571361,0.577187666433969,0.660670892789528,0.734242933361985,0.775634429359334,0.812197050069916,0.879317707006593,0.921468227400414,0.942898906504833,0.985979372180593,1,0.992059463897658,0.978444953222075,0.956857518539606,0.922632941956781,0.88517373906225,0.874065432278329,0.862196152539728,0.843227669919007,0.82750159810948,0.820758541697291,0.802107202653349,0.779793377437533,0.768945121206182,0.725935868037861,0.676378540103118,0.64688584504055,0.64080810975593,0.610775181116764,0.579231946945233
0.405674417412986,0.447855319141195,0.492688436275216,0.528131632120937,0.607433534605471,0.677667024258273,0.718009183553176,0.755158876574279,0.823992457307251,0.868896232858306,0.893641545337938,0.957163322208181,0.992059463897658,1,0.995992548883718,0.975539484340973,0.941888055282299,0.904667885305411,0.894657750476024,0.883840660876356,0.86556566123144,0.849712259021882,0.840839256045861,0.820213642314851,0.796192404201159,0.786204732651983,0.743650675522327,0.693896798248237,0.663075923320079,0.652094927426088,0.618303981782979,0.584078114333376
0.375914570835144,0.416385583078037,0.459764137671857,0.494875068922956,0.570784083409904,0.637967023398886,0.676922836678055,0.713837066932111,0.783066973517162,0.829214490651625,0.855727696559764,0.931136787209182,0.978444953222075,0.995992548883718,1,0.987601443210722,0.960162117744967,0.927663141354981,0.918831703376547,0.90792873053377,0.889336661745796,0.872593017386431,0.8613062722786,0.838480823475258,0.812575796316169,0.801562367522562,0.757685596933458,0.706642997305911,0.674346265116861,0.660403753339697,0.624282619186207,0.588369316784433
0.36292743014084,0.403602696429784,0.447605784705637,0.484128596151488,0.557536478186976,0.62162904244207,0.658329284436847,0.693613523817469,0.761400899879247,0.806702249264738,0.832853394810069,0.908574404776988,0.956857518539606,0.975539484340973,0.987601443210722,1,0.992125139910459,0.974781430150285,0.967673907413212,0.954305070000256,0.933109572161138,0.913469789710153,0.898159493767549,0.871622252710798,0.842515974525072,0.826246567027017,0.776625558966164,0.721179017679343,0.686249980227311,0.671897970063854,0.63503583494488,0.598423480290758
0.346117225200835,0.386232771591773,0.429952340255378,0.466952732305461,0.537060792624214,0.597548905922505,0.631797444239025,0.665154267221922,0.730586304044896,0.774407645844628,0.799805282437525,0.874429808849911,0.922632941956781,0.941888055282299,0.960162117744967,0.992125139910459,1,0.995056299565189,0.989450509810938,0.974351772221007,0.951455674424986,0.92985410890231,0.911605583505454,0.882578326103525,0.851435019331132,0.831261111857782,0.777938604938419,0.719963443780255,0.683554774098135,0.669131034994774,0.632332619292163,0.595813015563257
0.328915969742577,0.368138905654855,0.411144544898689,0.448109664045244,0.514816910697555,0.571770292365888,0.603691685914394,0.63514705307426,0.697979480085488,0.740137046519241,0.764653075730759,0.837573308317419,0.88517373906225,0.904667885305411,0.927663141354981,0.974781430150285,0.995056299565189,1,0.99564766562161,0.97934619379777,0.955357829170908,0.932442419190688,0.912068302195799,0.881391435697212,0.848981372216508,0.825937248247672,0.770276344903321,0.710944827611783,0.673770273987688,0.659451029562547,0.623114829325159,0.587077341156113
0.327546128735299,0.366399798951548,0.408953505373683,0.445427378778252,0.51043291850929,0.565568526230421,0.596041705070882,0.626163980048886,0.687300406823928,0.728143985336259,0.75170780899427,0.825280756194748,0.874065432278329,0.894657750476024,0.918831703376547,0.967673907413212,0.989450509810938,0.99564766562161,1,0.99376693436935,0.978355751040817,0.961210663666725,0.940773937381435,0.909578567166936,0.876490481108874,0.854390356322131,0.798466872325991,0.738158290027321,0.700443328913008,0.686114123473298,0.648691845069986,0.611449622332919
0.327296774132054,0.365565510710247,0.407350999521663,0.442887406195745,0.506124016559181,0.559483947039956,0.588543391696074,0.617279597041363,0.676477414696422,0.715789193006129,0.738215353688819,0.81230692468475,0.862196152539728,0.883840660876356,0.90792873053377,0.954305070000256,0.974351772221007,0.97934619379777,0.99376693436935,1,0.995325678135293,0.985625215417548,0.965882484529067,0.934812004426284,0.901573445298651,0.881590944400183,0.826526113383987,0.765998854318217,0.728209850402997,0.713981116686959,0.675498372530631,0.637046193485404
0.323783516869,0.361159988996015,0.401859002565744,0.436225264346964,0.497292361428813,0.548576431958221,0.576118381754761,0.603364314945752,0.660286309817492,0.697875026820695,0.719089683244292,0.792884138691096,0.843227669919007,0.86556566123144,0.889336661745796,0.933109572161138,0.951455674424986,0.955357829170908,0.978355751040817,0.995325678135293,1,0.996846685711116,0.977904067875024,0.947254791174803,0.914220724469938,0.896274069419102,0.842507837652894,0.782400895237017,0.744928438645952,0.730930087940703,0.691916322378345,0.652803307406298
0.317567455742428,0.354339140580354,0.394406226798731,0.428297447300143,0.488400916102694,0.538885037161216,0.566037810953034,0.592705748777943,0.64809891558564,0.684558407533965,0.705005861297184,0.777713172303697,0.82750159810948,0.849712259021882,0.872593017386431,0.913469789710153,0.92985410890231,0.932442419190688,0.961210663666725,0.985625215417548,0.996846685711116,1,0.988026271866464,0.96259471895173,0.933453884323848,0.916081500163612,0.860963191919375,0.799422267491704,0.761420581528974,0.748546728221691,0.709576872591311,0.670169491251602
0.304751857952815,0.341700363001229,0.382350959591714,0.417594892543572,0.479883911176279,0.532882218604896,0.56255770704569,0.590971677883365,0.646686480139368,0.683469319018995,0.704219700514705,0.773961642814402,0.820758541697291,0.840839256045861,0.8613062722786,0.898159493767549,0.911605583505454,0.912068302195799,0.940773937381435,0.965882484529067,0.977904067875024,0.988026271866464,1,0.992871879201044,0.97761885558641,0.957146577406296,0.893424443181702,0.82517102288798,0.78421062988287,0.774892564366108,0.73725010344763,0.698233627171059
0.289860548823607,0.326340509902624,0.366776100378012,0.402487789622034,0.465444994410823,0.519517523696485,0.550655800676593,0.579953230380902,0.63500400687035,0.6714342077088,0.692078755032625,0.758387708543773,0.802107202653349,0.820213642314851,0.838480823475258,0.871622252710798,0.882578326103525,0.881391435697212,0.909578567166936,0.934812004426284,0.947254791174803,0.96259471895173,0.992871879201044,1,0.995725196105936,0.973193526116047,0.903868524902792,0.831547513028164,0.788972347970934,0.782553757554646,0.746553220113757,0.708477727583705
0.275480031256306,0.311239426649497,0.35111217345507,0.386836423720458,0.449694540984536,0.504069705087811,0.536036470894491,0.565731468232364,0.619728215375826,0.655528160985831,0.675888398125937,0.738887159944537,0.779793377437533,0.796192404201159,0.812575796316169,0.842515974525072,0.851435019331132,0.848981372216508,0.876490481108874,0.901573445298651,0.914220724469938,0.933453884323848,0.97761885558641,0.995725196105936,1,0.976093160676953,0.903105446415201,0.828340861331044,0.784931493977472,0.78082278568384,0.746447442435837,0.709474273532453
0.279770810059034,0.316172089966597,0.356778381233071,0.393198144810332,0.456190445271748,0.510356563745251,0.541907291945229,0.569555752938719,0.617878038921806,0.648550796274619,0.664519352093107,0.727163495829338,0.768945121206182,0.786204732651983,0.801562367522562,0.826246567027017,0.831261111857782,0.825937248247672,0.854390356322131,0.881590944400183,0.896274069419102,0.916081500163612,0.957146577406296,0.973193526116047,0.976093160676953,1,0.974717359863967,0.930028232105143,0.899807754958631,0.87865936726866,0.828851503039152,0.779917086690642
0.274040376947473,0.309494921853218,0.349002985742824,0.384347296765928,0.444424694128119,0.49565862744116,0.525040596712905,0.549163013854741,0.589628349507917,0.613756063406957,0.624558074559928,0.684606433038367,0.725935868037861,0.743650675522327,0.757685596933458,0.776625558966164,0.777938604938419,0.770276344903321,0.798466872325991,0.826526113383987,0.842507837652894,0.860963191919375,0.893424443181702,0.903868524902792,0.903105446415201,0.974717359863967,1,0.988626721153716,0.97347581974191,0.935490687109517,0.872046896649688,0.813087202867718
0.262403402363548,0.296214177078463,0.333861427071406,0.367478462416128,0.423888343189054,0.471694194748601,0.498782295569147,0.519846624998847,0.553874922554125,0.572912421069548,0.579930351457079,0.636526804213309,0.676378540103118,0.693896798248237,0.706642997305911,0.721179017679343,0.719963443780255,0.710944827611783,0.738158290027321,0.765998854318217,0.782400895237017,0.799422267491704,0.82517102288798,0.831547513028164,0.828340861331044,0.930028232105143,0.988626721153716,1,0.995422009750068,0.947183086403005,0.876362631888396,0.812329164686421
0.261172249020986,0.293840100944906,0.330006575475911,0.361853571073092,0.414419316630956,0.458293696189411,0.482249154979734,0.500872636679997,0.532705170257445,0.550199908370649,0.556246417153732,0.609520514913984,0.64688584504055,0.663075923320079,0.674346265116861,0.686249980227311,0.683554774098135,0.673770273987688,0.700443328913008,0.728209850402997,0.744928438645952,0.761420581528974,0.78421062988287,0.788972347970934,0.784931493977472,0.899807754958631,0.97347581974191,0.995422009750068,1,0.963918737256434,0.900605900815356,0.841210773770947
0.282013894862752,0.313780618925793,0.348185192171724,0.376827250519016,0.422304158379178,0.458224725055338,0.474878690672551,0.490735149329288,0.528495413563921,0.551478690233763,0.56233151095783,0.610097513738992,0.64080810975593,0.652094927426088,0.660403753339697,0.671897970063854,0.669131034994774,0.659451029562547,0.686114123473298,0.713981116686959,0.730930087940703,0.748546728221691,0.774892564366108,0.782553757554646,0.78082278568384,0.87865936726866,0.935490687109517,0.947183086403005,0.963918737256434,1,0.983809730390923,0.954793322647684
0.284629020157326,0.314503086147441,0.346328703122205,0.371653562950458,0.41051694174705,0.43962849598686,0.4506925695249,0.464044239093093,0.50426672404965,0.530014736789266,0.543664050119453,0.585788087285302,0.610775181116764,0.618303981782979,0.624282619186207,0.63503583494488,0.632332619292163,0.623114829325159,0.648691845069986,0.675498372530631,0.691916322378345,0.709576872591311,0.73725010344763,0.746553220113757,0.746447442435837,0.828851503039152,0.872046896649688,0.876362631888396,0.900605900815356,0.983809730390923,1,0.992610612414387
0.281176306001308,0.309220663175994,0.338716080453422,0.361330191707907,0.395002499099255,0.418969584707892,0.426045826134806,0.437456536755286,0.478607994880571,0.505755434758127,0.521047705602904,0.558578657306929,0.579231946945233,0.584078114333376,0.588369316784433,0.598423480290758,0.595813015563257,0.587077341156113,0.611449622332919,0.637046193485404,0.652803307406298,0.670169491251602,0.698233627171059,0.708477727583705,0.709474273532453,0.779917086690642,0.813087202867718,0.812329164686421,0.841210773770947,0.954793322647684,0.992610612414387,1
