1,0.996106304593198,0.983982196080611,0.963390128657703,0.934720361739737,0.898958630566398,0.857536504642663,0.845558614136276,0.823498895085868,0.795611719420233,0.765366437110005,0.735010542273127,0.705838771037368,0.667823434868958,0.617323438287393,0.574596691425384,0.541400302562562,0.515729605572023,0.495580775601,0.492127491987232,0.50246172914018,0.500927666700117,0.493640240150098,0.484104806431663,0.474097501485681,0.4644625833397,0.455057901488078,0.442473042630502,0.428268095663672,0.413546994417212,0.399017974814533,0.385094844211264
0.996106304593198,1,0.995866911542908,0.983275048543556,0.962411595370807,0.934075506375752,0.899549190072037,0.887963541622763,0.865603556959077,0.837008521684206,0.805828361548798,0.774436760799924,0.744208540757132,0.704076166143865,0.650619630850644,0.605439867208909,0.570353681009578,0.543228490582454,0.521941466798754,0.520095133022184,0.535648964723967,0.537624717366312,0.532662341830065,0.52467490932773,0.515712749444854,0.506790837993154,0.497287250483456,0.484217658748555,0.46928699218974,0.453708692994378,0.438266791612968,0.423424110956578
0.983982196080611,0.995866911542908,1,0.995752667946311,0.983101363097104,0.962646107197561,0.935505195486065,0.924418001753646,0.901930787083951,0.872839391071934,0.840950045740608,0.808747106670886,0.777676703443872,0.735690168065664,0.679623119382074,0.632284171332999,0.595536834435768,0.567134114479792,0.544847870939767,0.544672087709347,0.565476576866436,0.571052122622394,0.568525478869225,0.562197882715934,0.554385444931082,0.54627075191615,0.536742671275198,0.523280142337423,0.507723426486306,0.491388900873673,0.475132295548868,0.459463160828103
0.963390128657703,0.983275048543556,0.995752667946311,1,0.995780067935912,0.98348617363288,0.9640608160369,0.953572447568877,0.931145985547256,0.901796875021315,0.869457681968852,0.836703988622769,0.805042008519635,0.761530157002176,0.703289877254085,0.654161569878564,0.616040367352337,0.5865822537358,0.563471133511233,0.564990266095462,0.590941804839916,0.60011941041002,0.600083178980857,0.595491540737403,0.58891048703626,0.581682533175485,0.572210012642414,0.558462748089597,0.542402660231349,0.52543936480663,0.508494053738189,0.49211934569795
0.934720361739737,0.962411595370807,0.983101363097104,0.995780067935912,1,0.995945082946788,0.984374618702978,0.974571809096562,0.952395487550143,0.923037598153882,0.890523389322808,0.857497602966191,0.825513609986522,0.780849190368608,0.720935024240958,0.670438435942901,0.63127005732661,0.601008978819899,0.577271012751286,0.5804667547657,0.611329366196165,0.624019835252677,0.626466293518456,0.62364383231872,0.618345826210521,0.61206285474057,0.602725791818551,0.588810923095475,0.572384851159281,0.554938213454664,0.537449665371968,0.520510083488287
0.898958630566398,0.934075506375752,0.962646107197561,0.98348617363288,0.995945082946788,1,0.996224419869649,0.987173960871607,0.965424512005337,0.936298507462858,0.903879078081767,0.870857097660801,0.838819440438446,0.793391042647619,0.732326774516855,0.680902521442694,0.641028457913819,0.610228127354943,0.586070122311291,0.590883255458186,0.626307343556378,0.642337494167001,0.647197676869709,0.646132649504999,0.642135806490513,0.636830663457587,0.627702875101865,0.61373769135587,0.597087404821172,0.579309867170425,0.561432048027727,0.544077487675882
0.857536504642663,0.899549190072037,0.935505195486065,0.9640608160369,0.984374618702978,0.996224419869649,1,0.991745151368786,0.970574861411149,0.941896566284314,0.909817860266803,0.87705344575326,0.845210327136245,0.799393964988941,0.737689337748174,0.685765261110907,0.645516781618375,0.614432879861922,0.590055275028149,0.596392198447458,0.635945789379982,0.655075512293905,0.66222759212194,0.662866692348338,0.660156213260521,0.655835472393959,0.646979815833371,0.633073450509263,0.61633481249572,0.598374638068051,0.580258624538726,0.562637038793652
0.845558614136276,0.887963541622763,0.924418001753646,0.953572447568877,0.974571809096562,0.987173960871607,0.991745151368786,1,0.993439190752593,0.97719200409699,0.955521058372362,0.931410886809269,0.906759849894959,0.866517881353653,0.806085367244707,0.753808554183548,0.712812025784285,0.68094658455224,0.655854280562836,0.661586872776065,0.69945195493548,0.716004263555164,0.720382940130432,0.71837939792945,0.713277974111911,0.706891054709786,0.700400764562909,0.688079763556675,0.672329920883823,0.654923235099633,0.637053694326394,0.619467731047762
0.823498895085868,0.865603556959077,0.901930787083951,0.931145985547256,0.952395487550143,0.965424512005337,0.970574861411149,0.993439190752593,1,0.995066397404655,0.982979918122888,0.966924204175534,0.949031046491732,0.91432521430321,0.855872626560153,0.804011427520819,0.76292003397555,0.730802244115651,0.705422611924679,0.710522798604545,0.746318695683394,0.760313788570599,0.76213660779052,0.757787740545114,0.750612313180894,0.742461711082496,0.738169676414398,0.727433818121671,0.712785737371774,0.696116246508061,0.678716880005102,0.661409273698793
0.795611719420233,0.837008521684206,0.872839391071934,0.901796875021315,0.923037598153882,0.936298507462858,0.941896566284314,0.97719200409699,0.995066397404655,1,0.996356679228591,0.987458981399584,0.975618552702962,0.946084199395477,0.889970314914134,0.839020708424006,0.798283623584883,0.766288175246801,0.74092894441565,0.745426314549176,0.779046807453584,0.790674757769634,0.790260946288273,0.783923665488363,0.775025234877795,0.765431201210231,0.763091805736074,0.753845164986558,0.740308526592251,0.724455686132479,0.707649078823815,0.690766850987779
0.765366437110005,0.805828361548798,0.840950045740608,0.869457681968852,0.890523389322808,0.903879078081767,0.909817860266803,0.955521058372362,0.982979918122888,0.996356679228591,1,0.997325635673807,0.990781613972828,0.965925631646289,0.912264567049983,0.862500289141726,0.82238896090574,0.790750943194406,0.765609190830538,0.769552908367582,0.80103830246378,0.81053972850447,0.808206524945733,0.800209927439715,0.789900525395871,0.77914133035605,0.778498909141737,0.770605334804409,0.758130843178447,0.743105001881655,0.726940451982137,0.710556993789159
0.735010542273127,0.774436760799924,0.808747106670886,0.836703988622769,0.857497602966191,0.870857097660801,0.87705344575326,0.931410886809269,0.966924204175534,0.987458981399584,0.997325635673807,1,0.998032787127139,0.977330120618868,0.926082106738887,0.877622086119118,0.838279523106948,0.807131206291419,0.782321563463695,0.785767955765362,0.815241120691822,0.822865097763029,0.818900552360017,0.809528318859268,0.798069512302237,0.786374172508649,0.787189735635616,0.780501457993372,0.769009506592829,0.754779479589726,0.739258854590827,0.72339779652695
0.705838771037368,0.744208540757132,0.777676703443872,0.805042008519635,0.825513609986522,0.838819440438446,0.845210327136245,0.906759849894959,0.949031046491732,0.975618552702962,0.990781613972828,0.998032787127139,1,0.982948319409594,0.933988634027245,0.886853924764323,0.848338469075413,0.81774295650689,0.793323923032766,0.796329017473991,0.823950473048988,0.829931463161659,0.824584426864895,0.814072093953841,0.801676143676231,0.789227604945965,0.791290369578012,0.785664511106643,0.775064365610274,0.761577636517338,0.746675516486697,0.73133016864202
0.667823434868958,0.704076166143865,0.735690168065664,0.761530157002176,0.780849190368608,0.793391042647619,0.799393964988941,0.866517881353653,0.91432521430321,0.946084199395477,0.965925631646289,0.977330120618868,0.982948319409594,1,0.98367885042374,0.956520957063746,0.930993063187073,0.909355426713806,0.891426125635583,0.893087633950076,0.906702172307353,0.899927393157805,0.883663428057284,0.864040283939325,0.84408897487304,0.825404991742697,0.826273889770756,0.819264874303007,0.807212177340472,0.792284071685821,0.776000069662896,0.759357688256539
0.617323438287393,0.650619630850644,0.679623119382074,0.703289877254085,0.720935024240958,0.732326774516855,0.737689337748174,0.806085367244707,0.855872626560153,0.889970314914134,0.912264567049983,0.926082106738887,0.933988634027245,0.98367885042374,1,0.993389371111888,0.981480400477352,0.969369482195892,0.958416595866051,0.958809261486189,0.958471781598504,0.939586696406678,0.913283257281589,0.885469483017724,0.858840136809205,0.834708992907136,0.833967587182395,0.825464615005799,0.812060564254408,0.795929125191545,0.77858289825243,0.761006490404567
0.574596691425384,0.605439867208909,0.632284171332999,0.654161569878564,0.670438435942901,0.680902521442694,0.685765261110907,0.753808554183548,0.804011427520819,0.839020708424006,0.862500289141726,0.877622086119118,0.886853924764323,0.956520957063746,0.993389371111888,1,0.996982345352198,0.991155439841363,0.984839812779493,0.984416298951114,0.975183468982315,0.948893746698131,0.916633101856715,0.884067356207278,0.853630878497921,0.826435349059842,0.824679224392547,0.815367886790846,0.801329880229934,0.78470534807868,0.766976731862744,0.749103641087602
0.541400302562562,0.570353681009578,0.595536834435768,0.616040367352337,0.63127005732661,0.641028457913819,0.645516781618375,0.712812025784285,0.76292003397555,0.798283623584883,0.82238896090574,0.838279523106948,0.848338469075413,0.930993063187073,0.981480400477352,0.996982345352198,1,0.998466262423892,0.995333853139441,0.994361572885788,0.979182437984125,0.948082221883363,0.912034612903015,0.876499222086719,0.843716098889448,0.814651934195122,0.812222760326345,0.802434493082704,0.788072894202161,0.771239395586885,0.753384943318419,0.735445056863202
0.515729605572023,0.543228490582454,0.567134114479792,0.5865822537358,0.601008978819899,0.610228127354943,0.614432879861922,0.68094658455224,0.730802244115651,0.766288175246801,0.790750943194406,0.807131206291419,0.81774295650689,0.909355426713806,0.969369482195892,0.991155439841363,0.998466262423892,1,0.999149358839674,0.9977892904418,0.978425289953309,0.944008934693552,0.905393387840162,0.867871070615673,0.833535190355186,0.80324547056798,0.800345241911405,0.790252914118887,0.775713469296915,0.758792985287359,0.740914598083417,0.722993198287432
0.495580775601,0.521941466798754,0.544847870939767,0.563471133511233,0.577271012751286,0.586070122311291,0.590055275028149,0.655854280562836,0.705422611924679,0.74092894441565,0.765609190830538,0.782321563463695,0.793323923032766,0.891426125635583,0.958416595866051,0.984839812779493,0.995333853139441,0.999149358839674,1,0.998353796259563,0.975911270195172,0.939093464943099,0.898642138961013,0.859714633177521,0.824290606930579,0.79314839504473,0.789903079071678,0.779604384736162,0.764961448325858,0.748009896221563,0.730149313540046,0.712277401940059
0.492127491987232,0.520095133022184,0.544672087709347,0.564990266095462,0.5804667547657,0.590883255458186,0.596392198447458,0.661586872776065,0.710522798604545,0.745426314549176,0.769552908367582,0.785767955765362,0.796329017473991,0.893087633950076,0.958809261486189,0.984416298951114,0.994361572885788,0.9977892904418,0.998353796259563,1,0.986396806657235,0.956410798889033,0.921141576216028,0.886154516797417,0.853764534132138,0.824972099634584,0.82123275190795,0.810203090348819,0.794699672477384,0.776835528642904,0.758061001343169,0.739304386774406
0.50246172914018,0.535648964723967,0.565476576866436,0.590941804839916,0.611329366196165,0.626307343556378,0.635945789379982,0.69945195493548,0.746318695683394,0.779046807453584,0.80103830246378,0.815241120691822,0.823950473048988,0.906702172307353,0.958471781598504,0.975183468982315,0.979182437984125,0.978425289953309,0.975911270195172,0.986396806657235,1,0.991404059694747,0.972593014911706,0.950272795395756,0.927737467595105,0.906653819370773,0.902179667611678,0.889739540803568,0.872427587245354,0.852561770799269,0.831730624916329,0.810948922469637
0.500927666700117,0.537624717366312,0.571052122622394,0.60011941041002,0.624019835252677,0.642337494167001,0.655075512293905,0.716004263555164,0.760313788570599,0.790674757769634,0.81053972850447,0.822865097763029,0.829931463161659,0.899927393157805,0.939586696406678,0.948893746698131,0.948082221883363,0.944008934693552,0.939093464943099,0.956410798889033,0.991404059694747,1,0.994653823165468,0.982849004313743,0.968594962723896,0.954056450999028,0.94908435107442,0.935763223238303,0.917348059742933,0.896274914456579,0.874211456452792,0.852221577664386
0.493640240150098,0.532662341830065,0.568525478869225,0.600083178980857,0.626466293518456,0.647197676869709,0.66222759212194,0.720382940130432,0.76213660779052,0.790260946288273,0.808206524945733,0.818900552360017,0.824584426864895,0.883663428057284,0.913283257281589,0.916633101856715,0.912034612903015,0.905393387840162,0.898642138961013,0.921141576216028,0.972593014911706,0.994653823165468,1,0.996637938487498,0.989093031653572,0.979896803778683,0.974592000484239,0.960737114706676,0.941674603519248,0.919904175271323,0.897135728830258,0.87445901883098
0.484104806431663,0.52467490932773,0.562197882715934,0.595491540737403,0.62364383231872,0.646132649504999,0.662866692348338,0.71837939792945,0.757787740545114,0.783923665488363,0.800209927439715,0.809528318859268,0.814072093953841,0.864040283939325,0.885469483017724,0.884067356207278,0.876499222086719,0.867871070615673,0.859714633177521,0.886154516797417,0.950272795395756,0.982849004313743,0.996637938487498,1,0.997835550004043,0.992947863570573,0.987419426947477,0.973246402181626,0.953815226451969,0.931657104942166,0.908502440342852,0.885453220747691
0.474097501485681,0.515712749444854,0.554385444931082,0.58891048703626,0.618345826210521,0.642135806490513,0.660156213260521,0.713277974111911,0.750612313180894,0.775025234877795,0.789900525395871,0.798069512302237,0.801676143676231,0.84408897487304,0.858840136809205,0.853630878497921,0.843716098889448,0.833535190355186,0.824290606930579,0.853764534132138,0.927737467595105,0.968594962723896,0.989093031653572,0.997835550004043,1,0.998594132988863,0.992913091402488,0.978553648442401,0.958921072137046,0.936559538267186,0.913207491274024,0.889971379064396
0.4644625833397,0.506790837993154,0.54627075191615,0.581682533175485,0.61206285474057,0.636830663457587,0.655835472393959,0.706891054709786,0.742461711082496,0.765431201210231,0.77914133035605,0.786374172508649,0.789227604945965,0.825404991742697,0.834708992907136,0.826435349059842,0.814651934195122,0.80324547056798,0.79314839504473,0.824972099634584,0.906653819370773,0.954056450999028,0.979896803778683,0.992947863570573,0.998594132988863,1,0.994336194281512,0.979978574055598,0.960337290096015,0.93796039629168,0.91458915898068,0.891331959991111
0.455057901488078,0.497287250483456,0.536742671275198,0.572210012642414,0.602725791818551,0.627702875101865,0.646979815833371,0.700400764562909,0.738169676414398,0.763091805736074,0.778498909141737,0.787189735635616,0.791290369578012,0.826273889770756,0.833967587182395,0.824679224392547,0.812222760326345,0.800345241911405,0.789903079071678,0.82123275190795,0.902179667611678,0.94908435107442,0.974592000484239,0.987419426947477,0.992913091402488,0.994336194281512,1,0.995588918285831,0.984533468826316,0.969499907468308,0.952387247631929,0.934465998801074
0.442473042630502,0.484217658748555,0.523280142337423,0.558462748089597,0.588810923095475,0.61373769135587,0.633073450509263,0.688079763556675,0.727433818121671,0.753845164986558,0.770605334804409,0.780501457993372,0.785664511106643,0.819264874303007,0.825464615005799,0.815367886790846,0.802434493082704,0.790252914118887,0.779604384736162,0.810203090348819,0.889739540803568,0.935763223238303,0.960737114706676,0.973246402181626,0.978553648442401,0.979978574055598,0.995588918285831,1,0.996628035620336,0.988218535719236,0.976791898787784,0.963749801335578
0.428268095663672,0.46928699218974,0.507723426486306,0.542402660231349,0.572384851159281,0.597087404821172,0.61633481249572,0.672329920883823,0.712785737371774,0.740308526592251,0.758130843178447,0.769009506592829,0.775064365610274,0.807212177340472,0.812060564254408,0.801329880229934,0.788072894202161,0.775713469296915,0.764961448325858,0.794699672477384,0.872427587245354,0.917348059742933,0.941674603519248,0.953815226451969,0.958921072137046,0.960337290096015,0.984533468826316,0.996628035620336,1,0.99744433524588,0.991072989732824,0.982392217754935
0.413546994417212,0.453708692994378,0.491388900873673,0.52543936480663,0.554938213454664,0.579309867170425,0.598374638068051,0.654923235099633,0.696116246508061,0.724455686132479,0.743105001881655,0.754779479589726,0.761577636517338,0.792284071685821,0.795929125191545,0.78470534807868,0.771239395586885,0.758792985287359,0.748009896221563,0.776835528642904,0.852561770799269,0.896274914456579,0.919904175271323,0.931657104942166,0.936559538267186,0.93796039629168,0.969499907468308,0.988218535719236,0.99744433524588,1,0.998065597983766,0.993230173688722
0.399017974814533,0.438266791612968,0.475132295548868,0.508494053738189,0.537449665371968,0.561432048027727,0.580258624538726,0.637053694326394,0.678716880005102,0.707649078823815,0.726940451982137,0.739258854590827,0.746675516486697,0.776000069662896,0.77858289825243,0.766976731862744,0.753384943318419,0.740914598083417,0.730149313540046,0.758061001343169,0.831730624916329,0.874211456452792,0.897135728830258,0.908502440342852,0.913207491274024,0.91458915898068,0.952387247631929,0.976791898787784,0.991072989732824,0.998065597983766,1,0.998530671761327
0.385094844211264,0.423424110956578,0.459463160828103,0.49211934569795,0.520510083488287,0.544077487675882,0.562637038793652,0.619467731047762,0.661409273698793,0.690766850987779,0.710556993789159,0.72339779652695,0.73133016864202,0.759357688256539,0.761006490404567,0.749103641087602,0.735445056863202,0.722993198287432,0.712277401940059,0.739304386774406,0.810948922469637,0.852221577664386,0.87445901883098,0.885453220747691,0.889971379064396,0.891331959991111,0.934465998801074,0.963749801335578,0.982392217754935,0.993230173688722,0.998530671761327,1
