1,0.719687925828058,0.62743652746333,0.588434079017561,0.541913042821662,0.523135488799079,0.503110293069341,0.485654751510359,0.479072192025802,0.467951244129541,0.458953813493838,0.451231700477964,0.441719005500603,0.43513119614815,0.435453982073338,0.43547818977948,0.428220826963279,0.418860472483786,0.402891894416279,0.389648354581753,0.376255657177334,0.360242436515816,0.349677691651189,0.335150796959767,0.320255631964072,0.298105272047932,0.255080756220244,0.191246573810566,0.0891511014895312,-0.0166789756713505,-0.0823695615528662,-0.0831883522770759
0.719687925828058,1,0.932648842719552,0.890715730912842,0.84417452904527,0.819302322850543,0.79667328170398,0.778209958128829,0.766784712565605,0.755180392276168,0.746395705150662,0.733324143419498,0.721736654427515,0.712688843591574,0.707637225748142,0.701807107132733,0.68793108864905,0.674182188290171,0.658288328141206,0.638343567183735,0.620161934669002,0.601052898625856,0.585155405549452,0.563507090352931,0.529847906640635,0.492504267988278,0.438601949553974,0.359640606559158,0.185131598391594,0.0144687765084524,-0.0316875346747419,-0.0560214486544158
0.62743652746333,0.932648842719552,1,0.969690345736301,0.9351133049706,0.913636567618918,0.894705983898988,0.879806188706505,0.869186556839256,0.858752641987986,0.850714809454751,0.838707558033023,0.829190458382632,0.82099336646356,0.817166782022073,0.810325392961783,0.797626869895925,0.785106336119298,0.772067664792083,0.754549155337037,0.739041766865837,0.721267792896268,0.704509423233965,0.681336171528325,0.648683959316719,0.609743392795621,0.559521353156026,0.47548142568783,0.275139068747217,0.084540932305137,-0.00841273659652903,-0.0127447231338053
0.588434079017561,0.890715730912842,0.969690345736301,1,0.975816448658494,0.956698353064679,0.939810469123965,0.926262784370144,0.916514517961359,0.90574580955856,0.896948805835432,0.887217005234492,0.878944339010907,0.871398822675728,0.868168071289775,0.861360756500179,0.851601954946076,0.838856943988301,0.82646157131237,0.811245041914853,0.795195940187174,0.778886038631727,0.76208430897992,0.739757754612293,0.707948760704106,0.668264184965287,0.61762377226732,0.528026428367094,0.319262431304149,0.109480730467308,-0.00909942223261567,-0.00823690923847161
0.541913042821662,0.84417452904527,0.9351133049706,0.975816448658494,1,0.986341091855293,0.973354539195298,0.960820569731356,0.952554461167858,0.942220709511464,0.933211732158853,0.924058561660579,0.917214804242114,0.910378909055688,0.907034031454213,0.901257900469052,0.892484130972848,0.881312040905391,0.869573713259015,0.857045758160486,0.841799007011124,0.82907636242052,0.812437564017843,0.792392497955835,0.761837355958082,0.723385050250333,0.672064143486529,0.582831328471837,0.371456893960535,0.142666897724257,0.00518504085761139,0.00812813073510454
0.523135488799079,0.819302322850543,0.913636567618918,0.956698353064679,0.986341091855293,1,0.988586712384901,0.977703610006281,0.969632713694098,0.960805107812218,0.952373280985697,0.94486632092281,0.939212750740356,0.932377838808382,0.928429003146929,0.922859578129091,0.914734871857061,0.904976135662613,0.893057874015115,0.881051491656411,0.867870695969553,0.855923695775021,0.840014014818541,0.822397135825044,0.795047279324702,0.756917285993094,0.705285000578303,0.614077959564292,0.400053549431999,0.162693192348373,0.0145855777500472,0.0169127505365495
0.503110293069341,0.79667328170398,0.894705983898988,0.939810469123965,0.973354539195298,0.988586712384901,1,0.992380701179157,0.983228351884575,0.974036339225553,0.966460105547699,0.958454379798106,0.952062583799862,0.94368897548622,0.937864887196022,0.932971944068713,0.92502670953289,0.916047554038743,0.906096573145816,0.896310792307786,0.883841789653234,0.872350770843008,0.857108994481627,0.84059888168327,0.812958162964408,0.776545831718935,0.725450447210914,0.636298152493969,0.423692617469767,0.179666491898297,0.0267736049732503,0.03414763363023
0.485654751510359,0.778209958128829,0.879806188706505,0.926262784370144,0.960820569731356,0.977703610006281,0.992380701179157,1,0.993235531327526,0.983948365800432,0.977074456431357,0.969600056287149,0.963753491760075,0.955691410245884,0.95013355677295,0.944983324506221,0.937011525757607,0.928851769923656,0.919831584435234,0.910021248203005,0.898369641754598,0.886545763366521,0.872092190835987,0.855519073777076,0.82996853854461,0.79386783637834,0.743005277555755,0.652545785705822,0.43263400256504,0.183847581404142,0.0294120759661791,0.040383266015733
0.479072192025802,0.766784712565605,0.869186556839256,0.916514517961359,0.952554461167858,0.969632713694098,0.983228351884575,0.993235531327526,1,0.993578369504308,0.98730204592569,0.980210354023545,0.974282876116977,0.966771644890439,0.961989065866796,0.956954062055047,0.949154412570966,0.941411586213045,0.933041487060954,0.923074591549626,0.912203164151808,0.901171158812928,0.887182177419259,0.870797749577398,0.84691118452775,0.811671888499258,0.761092879749069,0.668400323896976,0.442196626168881,0.189936757562702,0.0394384360459199,0.0523154643454389
0.467951244129541,0.755180392276168,0.858752641987986,0.90574580955856,0.942220709511464,0.960805107812218,0.974036339225553,0.983948365800432,0.993578369504308,1,0.994959312747748,0.98854802205819,0.982698656236489,0.975875495570578,0.97078313088909,0.965252726562926,0.957276143192564,0.949361814926299,0.94062056527371,0.931009041112665,0.920191436685173,0.909360569449049,0.895443785048071,0.880390246447043,0.856455956886002,0.822433984723444,0.773493080325523,0.679807359704313,0.450553865333166,0.195727576789626,0.0473337803884336,0.0613733436660984
0.458953813493838,0.746395705150662,0.850714809454751,0.896948805835432,0.933211732158853,0.952373280985697,0.966460105547699,0.977074456431357,0.98730204592569,0.994959312747748,1,0.99430692266123,0.988458919840158,0.981863632976379,0.976554938444295,0.971180238337349,0.963262208510366,0.955790508431395,0.947584453386924,0.938035565101626,0.927070441928515,0.91552167269853,0.901687154767682,0.887004145952687,0.863158696651078,0.828930671054298,0.779864885551078,0.685418481831156,0.454410649556022,0.198107364338037,0.0436827143801881,0.0564289968331261
0.451231700477964,0.733324143419498,0.838707558033023,0.887217005234492,0.924058561660579,0.94486632092281,0.958454379798106,0.969600056287149,0.980210354023545,0.98854802205819,0.99430692266123,1,0.995554367762477,0.989453414082213,0.984105968510697,0.978345705542415,0.970802052916581,0.963944635905131,0.955640946503413,0.946377395056355,0.93598871649132,0.925914614420334,0.91258238800705,0.897662625175139,0.875104538122453,0.841768666330033,0.793190313603509,0.696275311514522,0.463133058154523,0.20596514842644,0.0471160757244226,0.0589259593160881
0.441719005500603,0.721736654427515,0.829190458382632,0.878944339010907,0.917214804242114,0.939212750740356,0.952062583799862,0.963753491760075,0.974282876116977,0.982698656236489,0.988458919840158,0.995554367762477,1,0.995301130563052,0.989745618886084,0.984124352568836,0.976848039544715,0.970051638411346,0.962692258060081,0.95372134199508,0.944697210189889,0.934578060598755,0.92205973548762,0.90727483663914,0.884621250155625,0.852104426091798,0.804505758629733,0.707610290034968,0.473884098065293,0.217499860589806,0.0562430093669708,0.0713259802197831
0.43513119614815,0.712688843591574,0.82099336646356,0.871398822675728,0.910378909055688,0.932377838808382,0.94368897548622,0.955691410245884,0.966771644890439,0.975875495570578,0.981863632976379,0.989453414082213,0.995301130563052,1,0.995623906089039,0.990112664451076,0.983760186128027,0.977161544661832,0.96997662402207,0.960892321943043,0.952082765777286,0.94225992540637,0.930018565203865,0.915518881237899,0.89349769429564,0.861716758820434,0.815725556269102,0.718721248703142,0.483255231774997,0.225556738588336,0.0612474586543854,0.0751804355633516
0.435453982073338,0.707637225748142,0.817166782022073,0.868168071289775,0.907034031454213,0.928429003146929,0.937864887196022,0.95013355677295,0.961989065866796,0.97078313088909,0.976554938444295,0.984105968510697,0.989745618886084,0.995623906089039,1,0.99548592767284,0.989735960966692,0.983655703619878,0.97617510229191,0.967144320377189,0.958418726980053,0.948937893475467,0.93697170908639,0.922547919546002,0.900995403580903,0.869630461473239,0.825580999858865,0.729497079929828,0.495163410323922,0.238021816866861,0.0754971483644042,0.0881984792913192
0.43547818977948,0.701807107132733,0.810325392961783,0.861360756500179,0.901257900469052,0.922859578129091,0.932971944068713,0.944983324506221,0.956954062055047,0.965252726562926,0.971180238337349,0.978345705542415,0.984124352568836,0.990112664451076,0.99548592767284,1,0.994985172727537,0.990042625621533,0.983305878264495,0.974308995219247,0.965134745868084,0.955957693083537,0.944566182821105,0.93005507244107,0.908488314452672,0.877777517274742,0.834958362142661,0.73865354421732,0.505198823367873,0.250336309608707,0.0830428052343658,0.0908932938897383
0.428220826963279,0.68793108864905,0.797626869895925,0.851601954946076,0.892484130972848,0.914734871857061,0.92502670953289,0.937011525757607,0.949154412570966,0.957276143192564,0.963262208510366,0.970802052916581,0.976848039544715,0.983760186128027,0.989735960966692,0.994985172727537,1,0.995652168119875,0.989542495899918,0.981819751763267,0.973198857314441,0.96457421214148,0.954108029732446,0.940224997111234,0.920650380407774,0.891925988126793,0.851673252410397,0.758138014535728,0.525699182230996,0.274084784706683,0.100395222902801,0.106505682775081
0.418860472483786,0.674182188290171,0.785106336119298,0.838856943988301,0.881312040905391,0.904976135662613,0.916047554038743,0.928851769923656,0.941411586213045,0.949361814926299,0.955790508431395,0.963944635905131,0.970051638411346,0.977161544661832,0.983655703619878,0.990042625621533,0.995652168119875,1,0.995474845675845,0.987734047035674,0.979350022819475,0.97096831926893,0.96149931622404,0.948066039887668,0.928881485898351,0.900821628453027,0.860914369130914,0.770387910880944,0.539051452039768,0.285024909403648,0.107487171772332,0.111571410021844
0.402891894416279,0.658288328141206,0.772067664792083,0.82646157131237,0.869573713259015,0.893057874015115,0.906096573145816,0.919831584435234,0.933041487060954,0.94062056527371,0.947584453386924,0.955640946503413,0.962692258060081,0.96997662402207,0.97617510229191,0.983305878264495,0.989542495899918,0.995474845675845,1,0.994544137516135,0.986917922320131,0.97926902334232,0.971093246772478,0.957956802545556,0.939812620979933,0.914004586163458,0.875932751003806,0.787845200481875,0.559652671972466,0.308226618008589,0.121947117444989,0.124711950430168
0.389648354581753,0.638343567183735,0.754549155337037,0.811245041914853,0.857045758160486,0.881051491656411,0.896310792307786,0.910021248203005,0.923074591549626,0.931009041112665,0.938035565101626,0.946377395056355,0.95372134199508,0.960892321943043,0.967144320377189,0.974308995219247,0.981819751763267,0.987734047035674,0.994544137516135,1,0.994637130386286,0.987698518396601,0.979130395107197,0.967023031341509,0.950038162573527,0.926619035661644,0.890325054359253,0.803481831045029,0.58155594417548,0.330964149562854,0.133948367623188,0.134422163584725
0.376255657177334,0.620161934669002,0.739041766865837,0.795195940187174,0.841799007011124,0.867870695969553,0.883841789653234,0.898369641754598,0.912203164151808,0.920191436685173,0.927070441928515,0.93598871649132,0.944697210189889,0.952082765777286,0.958418726980053,0.965134745868084,0.973198857314441,0.979350022819475,0.986917922320131,0.994637130386286,1,0.993883792766083,0.986160540725909,0.975150192362503,0.959697579630074,0.938023006597479,0.903654809344408,0.8185910663352,0.604563857297962,0.352797218912343,0.15433345798251,0.147227413022961
0.360242436515816,0.601052898625856,0.721267792896268,0.778886038631727,0.82907636242052,0.855923695775021,0.872350770843008,0.886545763366521,0.901171158812928,0.909360569449049,0.91552167269853,0.925914614420334,0.934578060598755,0.94225992540637,0.948937893475467,0.955957693083537,0.96457421214148,0.97096831926893,0.97926902334232,0.987698518396601,0.993883792766083,1,0.993701515335394,0.983539348345949,0.969594215506495,0.949195813711721,0.916212747405065,0.831064415522338,0.620299024681017,0.374569699669844,0.173045127744698,0.165243378309002
0.349677691651189,0.585155405549452,0.704509423233965,0.76208430897992,0.812437564017843,0.840014014818541,0.857108994481627,0.872092190835987,0.887182177419259,0.895443785048071,0.901687154767682,0.91258238800705,0.92205973548762,0.930018565203865,0.93697170908639,0.944566182821105,0.954108029732446,0.96149931622404,0.971093246772478,0.979130395107197,0.986160540725909,0.993701515335394,1,0.991848866840544,0.979628293703752,0.961349136468286,0.931135007664216,0.853192323873652,0.64327514522617,0.399489703596197,0.195599697584081,0.187414939912116
0.335150796959767,0.563507090352931,0.681336171528325,0.739757754612293,0.792392497955835,0.822397135825044,0.84059888168327,0.855519073777076,0.870797749577398,0.880390246447043,0.887004145952687,0.897662625175139,0.90727483663914,0.915518881237899,0.922547919546002,0.93005507244107,0.940224997111234,0.948066039887668,0.957956802545556,0.967023031341509,0.975150192362503,0.983539348345949,0.991848866840544,1,0.991289183835249,0.974525999535197,0.945936200031294,0.87052041121811,0.667322307781934,0.42735721441301,0.218488437919961,0.200799641922398
0.320255631964072,0.529847906640635,0.648683959316719,0.707948760704106,0.761837355958082,0.795047279324702,0.812958162964408,0.82996853854461,0.84691118452775,0.856455956886002,0.863158696651078,0.875104538122453,0.884621250155625,0.89349769429564,0.900995403580903,0.908488314452672,0.920650380407774,0.928881485898351,0.939812620979933,0.950038162573527,0.959697579630074,0.969594215506495,0.979628293703752,0.991289183835249,1,0.988435682546225,0.962615720780613,0.890472676585636,0.693414905392716,0.460179953440882,0.239104046451385,0.220554335322029
0.298105272047932,0.492504267988278,0.609743392795621,0.668264184965287,0.723385050250333,0.756917285993094,0.776545831718935,0.79386783637834,0.811671888499258,0.822433984723444,0.828930671054298,0.841768666330033,0.852104426091798,0.861716758820434,0.869630461473239,0.877777517274742,0.891925988126793,0.900821628453027,0.914004586163458,0.926619035661644,0.938023006597479,0.949195813711721,0.961349136468286,0.974525999535197,0.988435682546225,1,0.979990123322795,0.917471712600822,0.734638124796118,0.514034760173014,0.285556673519705,0.255540376856584
0.255080756220244,0.438601949553974,0.559521353156026,0.61762377226732,0.672064143486529,0.705285000578303,0.725450447210914,0.743005277555755,0.761092879749069,0.773493080325523,0.779864885551078,0.793190313603509,0.804505758629733,0.815725556269102,0.825580999858865,0.834958362142661,0.851673252410397,0.860914369130914,0.875932751003806,0.890325054359253,0.903654809344408,0.916212747405065,0.931135007664216,0.945936200031294,0.962615720780613,0.979990123322795,1,0.952689813886286,0.779041610067298,0.581120219576748,0.349731641806128,0.295248561174429
0.191246573810566,0.359640606559158,0.47548142568783,0.528026428367094,0.582831328471837,0.614077959564292,0.636298152493969,0.652545785705822,0.668400323896976,0.679807359704313,0.685418481831156,0.696275311514522,0.707610290034968,0.718721248703142,0.729497079929828,0.73865354421732,0.758138014535728,0.770387910880944,0.787845200481875,0.803481831045029,0.8185910663352,0.831064415522338,0.853192323873652,0.87052041121811,0.890472676585636,0.917471712600822,0.952689813886286,1,0.888445107104478,0.686648826860571,0.451119824916236,0.352117349892587
0.0891511014895312,0.185131598391594,0.275139068747217,0.319262431304149,0.371456893960535,0.400053549431999,0.423692617469767,0.43263400256504,0.442196626168881,0.450553865333166,0.454410649556022,0.463133058154523,0.473884098065293,0.483255231774997,0.495163410323922,0.505198823367873,0.525699182230996,0.539051452039768,0.559652671972466,0.58155594417548,0.604563857297962,0.620299024681017,0.64327514522617,0.667322307781934,0.693414905392716,0.734638124796118,0.779041610067298,0.888445107104478,1,0.845066876929328,0.54611188366166,0.380748197295953
-0.0166789756713505,0.0144687765084524,0.084540932305137,0.109480730467308,0.142666897724257,0.162693192348373,0.179666491898297,0.183847581404142,0.189936757562702,0.195727576789626,0.198107364338037,0.20596514842644,0.217499860589806,0.225556738588336,0.238021816866861,0.250336309608707,0.274084784706683,0.285024909403648,0.308226618008589,0.330964149562854,0.352797218912343,0.374569699669844,0.399489703596197,0.42735721441301,0.460179953440882,0.514034760173014,0.581120219576748,0.686648826860571,0.845066876929328,1,0.678485710678052,0.42833808957873
-0.0823695615528662,-0.0316875346747419,-0.00841273659652903,-0.00909942223261567,0.00518504085761139,0.0145855777500472,0.0267736049732503,0.0294120759661791,0.0394384360459199,0.0473337803884336,0.0436827143801881,0.0471160757244226,0.0562430093669708,0.0612474586543854,0.0754971483644042,0.0830428052343658,0.100395222902801,0.107487171772332,0.121947117444989,0.133948367623188,0.15433345798251,0.173045127744698,0.195599697584081,0.218488437919961,0.239104046451385,0.285556673519705,0.349731641806128,0.451119824916236,0.54611188366166,0.678485710678052,1,0.576021921305057
-0.0831883522770759,-0.0560214486544158,-0.0127447231338053,-0.00823690923847161,0.00812813073510454,0.0169127505365495,0.03414763363023,0.040383266015733,0.0523154643454389,0.0613733436660984,0.0564289968331261,0.0589259593160881,0.0713259802197831,0.0751804355633516,0.0881984792913192,0.0908932938897383,0.106505682775081,0.111571410021844,0.124711950430168,0.134422163584725,0.147227413022961,0.165243378309002,0.187414939912116,0.200799641922398,0.220554335322029,0.255540376856584,0.295248561174429,0.352117349892587,0.380748197295953,0.42833808957873,0.576021921305057,1
