1,0.659468642276891,0.584056197021167,0.539854563815478,0.502651017551674,0.469549054760641,0.454205904314762,0.432971835195891,0.418415278761474,0.40305108008417,0.395020313761457,0.381288751885774,0.369129445653964,0.358924213886294,0.344962353495859,0.327793861856941,0.316538256917602,0.303562996842754,0.282508676546787,0.267651439583964,0.255063329754049,0.242146072318248,0.225456927017628,0.207450027820653,0.182080292116585,0.163316319439583,0.140839139388073,0.0984697995684025,0.0414044228197032,-0.0708126108539682,-0.196460448701233,-0.261821504122289
0.659468642276891,1,0.958566317067256,0.929240694655442,0.908899808087651,0.887761402955942,0.875735782362687,0.863447593469993,0.851303633256236,0.839714522302309,0.832916339532743,0.824049246169067,0.814355326176329,0.80516512511696,0.794908478907543,0.779636740724862,0.771297664441211,0.759739182043581,0.744760347973084,0.727699802671109,0.714623465109076,0.697362101290697,0.680060541489364,0.659057019515454,0.636199628074933,0.616307750876675,0.581220476876774,0.528610810277883,0.440785036041782,0.243078306818318,0.0117155381736173,-0.1600938521446
0.584056197021167,0.958566317067256,1,0.977285341903315,0.961030661096331,0.944227952374988,0.934399315752502,0.924088251284327,0.914930690201835,0.906343435512018,0.900714188255693,0.893546213273142,0.884499939857275,0.875695895350789,0.86477790139304,0.849898301806292,0.841884737889116,0.830934879004504,0.815865114684172,0.800767242971467,0.787356047784943,0.771512339513855,0.755012709906196,0.734245031073077,0.712868280391422,0.69091972152,0.659293216912112,0.608601739171908,0.519622671969613,0.291888336995942,0.052010544910568,-0.138976099000396
0.539854563815478,0.929240694655442,0.977285341903315,1,0.987596896580266,0.974774851479411,0.965241013635688,0.956238477663665,0.947873615394079,0.94045235297308,0.935419364574163,0.92876878438447,0.92065994749238,0.912293087968681,0.902809933188763,0.890204964864901,0.882401048514763,0.871911731450476,0.857948502974941,0.842498670532973,0.829608074099808,0.81539772608954,0.799115374508683,0.778649932870913,0.756402385207187,0.733244115357857,0.702843330613048,0.65243035775312,0.561030116880217,0.314693933216151,0.0656150526464007,-0.122705805794652
0.502651017551674,0.908899808087651,0.961030661096331,0.987596896580266,1,0.990947665829864,0.982690783713265,0.97498352619668,0.96761077179429,0.960401670972945,0.955322982895857,0.949010778619893,0.942083590669395,0.935252616664017,0.926005184901406,0.91399117993983,0.906351049832706,0.895843239556597,0.881706375355566,0.86749646808177,0.854606349798587,0.841145272013031,0.824947444147064,0.805200523593502,0.785273219140144,0.763212540187811,0.732917224116744,0.684877981680041,0.592895504153571,0.34145257183854,0.0923965885527362,-0.0962844247685969
0.469549054760641,0.887761402955942,0.944227952374988,0.974774851479411,0.990947665829864,1,0.993718930984366,0.987707408995844,0.981452532864746,0.975796371123108,0.971557605356447,0.965427195719536,0.959593971199025,0.953170213651046,0.944815704147252,0.933596815571476,0.926338264904752,0.916606591248007,0.90383909010752,0.891984778678022,0.879918048218446,0.8673766216006,0.852266167084062,0.834047191397132,0.816123122737804,0.795210424283376,0.765198061661789,0.718798642572979,0.62743816508108,0.372746998326897,0.117763291933543,-0.0758741449701032
0.454205904314762,0.875735782362687,0.934399315752502,0.965241013635688,0.982690783713265,0.993718930984366,1,0.99539236795786,0.989881884677656,0.984157803775611,0.979265343332492,0.973294106816539,0.967321574654379,0.961015459701724,0.954102269760986,0.943120449931521,0.935647725050197,0.926291291109307,0.914134804218358,0.902923521764749,0.89083103283084,0.879040758493019,0.864621484914792,0.847237721638169,0.831324891355545,0.810603316616086,0.781722525661143,0.736888968502061,0.645716564988874,0.394852380350487,0.138654359577515,-0.0534942695557934
0.432971835195891,0.863447593469993,0.924088251284327,0.956238477663665,0.97498352619668,0.987707408995844,0.99539236795786,1,0.996140756458759,0.991151499338892,0.986395911536494,0.980694130435521,0.975163168868458,0.96874347858291,0.961530208762579,0.951061231147058,0.943495461346926,0.934645777505529,0.922624614858436,0.911870153644742,0.899635046267346,0.888630024993638,0.874977985260989,0.857612431721865,0.842425036920104,0.821730940045325,0.792809801714106,0.74903345488595,0.656891024082911,0.402719055490918,0.147159791724915,-0.0412538973610584
0.418415278761474,0.851303633256236,0.914930690201835,0.947873615394079,0.96761077179429,0.981452532864746,0.989881884677656,0.996140756458759,1,0.996065658813798,0.991361722129922,0.986112791725212,0.980757590998802,0.973986114128888,0.967141150389695,0.95739950174686,0.950070301339014,0.941677576633092,0.93047893081183,0.92077352584875,0.908669495156945,0.898094747030727,0.884781022116347,0.867517053180691,0.852634217427657,0.832721833982199,0.804955784356661,0.762103661849913,0.671678947620219,0.414706772255844,0.161805084837991,-0.0248139587104586
0.40305108008417,0.839714522302309,0.906343435512018,0.94045235297308,0.960401670972945,0.975796371123108,0.984157803775611,0.991151499338892,0.996065658813798,1,0.996450246698489,0.991931171260334,0.987037591250022,0.980877119154849,0.974509881619209,0.965358523259139,0.957993298416897,0.950249673183273,0.939531511024217,0.930523066774496,0.919294302272072,0.909778371232558,0.897501679127286,0.881571456415884,0.867341027179748,0.848389260573851,0.822285865057652,0.780701613505613,0.690309959016095,0.432749427157594,0.178257283066497,-0.0153830587984608
0.395020313761457,0.832916339532743,0.900714188255693,0.935419364574163,0.955322982895857,0.971557605356447,0.979265343332492,0.986395911536494,0.991361722129922,0.996450246698489,1,0.996402131870683,0.99155281167856,0.986495776329794,0.980164297210987,0.971604023385613,0.964319453999053,0.956850418817068,0.946515795490846,0.937512664794585,0.926851403396348,0.91740314902951,0.905705242103913,0.890522964819564,0.876686641293364,0.858607591467603,0.833181304544013,0.791338195095077,0.701644844513056,0.443212387863096,0.190422529757549,-0.00811129148794861
0.381288751885774,0.824049246169067,0.893546213273142,0.92876878438447,0.949010778619893,0.965427195719536,0.973294106816539,0.980694130435521,0.986112791725212,0.991931171260334,0.996402131870683,1,0.996561575162295,0.992188169522548,0.98653451640435,0.978558868586184,0.971462161056439,0.9640226214639,0.954153098347174,0.9453337602667,0.935326446099904,0.926329464373001,0.914881307844636,0.90020858565961,0.886503917195436,0.868510531526396,0.843834702983814,0.802759899494616,0.715277840868761,0.45509919446112,0.20558911224506,0.00119796974670987
0.369129445653964,0.814355326176329,0.884499939857275,0.92065994749238,0.942083590669395,0.959593971199025,0.967321574654379,0.975163168868458,0.980757590998802,0.987037591250022,0.99155281167856,0.996561575162295,1,0.996706030503569,0.991891609125295,0.984887636469777,0.978655001641117,0.971472646332318,0.961982451931783,0.953587370758748,0.943709530977732,0.934897367275021,0.923935950811423,0.910212822024083,0.896594760708178,0.878843266252333,0.855471617164405,0.815314027823142,0.728789596238909,0.465392470016808,0.219344111713941,0.015749923649732
0.358924213886294,0.80516512511696,0.875695895350789,0.912293087968681,0.935252616664017,0.953170213651046,0.961015459701724,0.96874347858291,0.973986114128888,0.980877119154849,0.986495776329794,0.992188169522548,0.996706030503569,1,0.996307864578273,0.990933515662409,0.985550969439343,0.979292195215819,0.970642370347411,0.962699004846212,0.953476777754433,0.944723849854748,0.93464143727767,0.921564841263508,0.908569184255148,0.891135630757851,0.869001832553905,0.829615665676116,0.743882246657539,0.478603085763708,0.234278670109854,0.0325689427525305
0.344962353495859,0.794908478907543,0.86477790139304,0.902809933188763,0.926005184901406,0.944815704147252,0.954102269760986,0.961530208762579,0.967141150389695,0.974509881619209,0.980164297210987,0.98653451640435,0.991891609125295,0.996307864578273,1,0.996245852115801,0.991621713568089,0.986241614536476,0.978371145171032,0.971009520871823,0.962913611232613,0.954516200276695,0.945198470908059,0.932993516309848,0.920371881928477,0.90393834745962,0.882746479731682,0.844535108855785,0.759899444148688,0.499540084075081,0.249933867092573,0.049741563099647
0.327793861856941,0.779636740724862,0.849898301806292,0.890204964864901,0.91399117993983,0.933596815571476,0.943120449931521,0.951061231147058,0.95739950174686,0.965358523259139,0.971604023385613,0.978558868586184,0.984887636469777,0.990933515662409,0.996245852115801,1,0.996891990502508,0.992347147661433,0.985787553956075,0.979197735318547,0.97153990812131,0.963843796695548,0.955370534844286,0.943872288636074,0.931644105851999,0.91625864369379,0.896499195422577,0.859891734842764,0.775649000440181,0.516208742578355,0.26652328722243,0.0695778936804561
0.316538256917602,0.771297664441211,0.841884737889116,0.882401048514763,0.906351049832706,0.926338264904752,0.935647725050197,0.943495461346926,0.950070301339014,0.957993298416897,0.964319453999053,0.971462161056439,0.978655001641117,0.985550969439343,0.991621713568089,0.996891990502508,1,0.996871071323533,0.991212464018242,0.985133387827399,0.978382113065843,0.971138937689563,0.963125909454785,0.952404916617351,0.940708559492883,0.925686573159322,0.906646949949175,0.871312442068536,0.78823748755145,0.531700215248001,0.28212168332059,0.0793134944244264
0.303562996842754,0.759739182043581,0.830934879004504,0.871911731450476,0.895843239556597,0.916606591248007,0.926291291109307,0.934645777505529,0.941677576633092,0.950249673183273,0.956850418817068,0.9640226214639,0.971472646332318,0.979292195215819,0.986241614536476,0.992347147661433,0.996871071323533,1,0.995988996970444,0.991099972621064,0.985357512558032,0.978686359451447,0.971337706921552,0.961090055552857,0.949793255986291,0.935423742977104,0.916636849029343,0.88206972420594,0.800379673261992,0.544620107999099,0.293107017514046,0.0882250546203863
0.282508676546787,0.744760347973084,0.815865114684172,0.857948502974941,0.881706375355566,0.90383909010752,0.914134804218358,0.922624614858436,0.93047893081183,0.939531511024217,0.946515795490846,0.954153098347174,0.961982451931783,0.970642370347411,0.978371145171032,0.985787553956075,0.991212464018242,0.995988996970444,1,0.996789141060277,0.992123768527936,0.986594422774184,0.980267741150605,0.971034155485924,0.960759127265852,0.94788545656677,0.929976202757232,0.896583920984334,0.818544238204754,0.57102368531651,0.317446596700317,0.104254168474925
0.267651439583964,0.727699802671109,0.800767242971467,0.842498670532973,0.86749646808177,0.891984778678022,0.902923521764749,0.911870153644742,0.92077352584875,0.930523066774496,0.937512664794585,0.9453337602667,0.953587370758748,0.962699004846212,0.971009520871823,0.979197735318547,0.985133387827399,0.991099972621064,0.996789141060277,1,0.996449126043356,0.991336712757692,0.985774084380082,0.977454642401224,0.967706378257699,0.955703528433074,0.938651472806759,0.906916750361167,0.831345583294119,0.585310758045857,0.330719945636834,0.1124827840205
0.255063329754049,0.714623465109076,0.787356047784943,0.829608074099808,0.854606349798587,0.879918048218446,0.89083103283084,0.899635046267346,0.908669495156945,0.919294302272072,0.926851403396348,0.935326446099904,0.943709530977732,0.953476777754433,0.962913611232613,0.97153990812131,0.978382113065843,0.985357512558032,0.992123768527936,0.996449126043356,1,0.99617661103701,0.991093854169763,0.983468246747092,0.974289157532256,0.962435022668167,0.946064091560945,0.915837083292214,0.842163467942779,0.601018445365467,0.349771619183369,0.123753699018707
0.242146072318248,0.697362101290697,0.771512339513855,0.81539772608954,0.841145272013031,0.8673766216006,0.879040758493019,0.888630024993638,0.898094747030727,0.909778371232558,0.91740314902951,0.926329464373001,0.934897367275021,0.944723849854748,0.954516200276695,0.963843796695548,0.971138937689563,0.978686359451447,0.986594422774184,0.991336712757692,0.99617661103701,1,0.995935848961694,0.989216822971423,0.98125267491379,0.9699342663168,0.954728371351394,0.926332496746941,0.853716285665941,0.615698626229365,0.366855152139217,0.13754695114538
0.225456927017628,0.680060541489364,0.755012709906196,0.799115374508683,0.824947444147064,0.852266167084062,0.864621484914792,0.874977985260989,0.884781022116347,0.897501679127286,0.905705242103913,0.914881307844636,0.923935950811423,0.93464143727767,0.945198470908059,0.955370534844286,0.963125909454785,0.971337706921552,0.980267741150605,0.985774084380082,0.991093854169763,0.995935848961694,1,0.995387424697606,0.988437122431324,0.977837116913646,0.963499733627327,0.936601628370575,0.866691673361719,0.632138969224049,0.386292507489448,0.153079045835117
0.207450027820653,0.659057019515454,0.734245031073077,0.778649932870913,0.805200523593502,0.834047191397132,0.847237721638169,0.857612431721865,0.867517053180691,0.881571456415884,0.890522964819564,0.90020858565961,0.910212822024083,0.921564841263508,0.932993516309848,0.943872288636074,0.952404916617351,0.961090055552857,0.971034155485924,0.977454642401224,0.983468246747092,0.989216822971423,0.995387424697606,1,0.994642277017281,0.986288750290881,0.973763167014271,0.948759993587889,0.883836951284381,0.656678367366486,0.411769264613215,0.175649294945056
0.182080292116585,0.636199628074933,0.712868280391422,0.756402385207187,0.785273219140144,0.816123122737804,0.831324891355545,0.842425036920104,0.852634217427657,0.867341027179748,0.876686641293364,0.886503917195436,0.896594760708178,0.908569184255148,0.920371881928477,0.931644105851999,0.940708559492883,0.949793255986291,0.960759127265852,0.967706378257699,0.974289157532256,0.98125267491379,0.988437122431324,0.994642277017281,1,0.993238609112129,0.982327902569446,0.961170316192124,0.901031151148939,0.67978473670353,0.44039871663818,0.204784078422377
0.163316319439583,0.616307750876675,0.69091972152,0.733244115357857,0.763212540187811,0.795210424283376,0.810603316616086,0.821730940045325,0.832721833982199,0.848389260573851,0.858607591467603,0.868510531526396,0.878843266252333,0.891135630757851,0.90393834745962,0.91625864369379,0.925686573159322,0.935423742977104,0.94788545656677,0.955703528433074,0.962435022668167,0.9699342663168,0.977837116913646,0.986288750290881,0.993238609112129,1,0.991572627316176,0.973601521313405,0.919778024950731,0.717324957352077,0.481301862246142,0.233559514143905
0.140839139388073,0.581220476876774,0.659293216912112,0.702843330613048,0.732917224116744,0.765198061661789,0.781722525661143,0.792809801714106,0.804955784356661,0.822285865057652,0.833181304544013,0.843834702983814,0.855471617164405,0.869001832553905,0.882746479731682,0.896499195422577,0.906646949949175,0.916636849029343,0.929976202757232,0.938651472806759,0.946064091560945,0.954728371351394,0.963499733627327,0.973763167014271,0.982327902569446,0.991572627316176,1,0.986032987026685,0.938393286239213,0.740952285750744,0.510532713345925,0.263988490615662
0.0984697995684025,0.528610810277883,0.608601739171908,0.65243035775312,0.684877981680041,0.718798642572979,0.736888968502061,0.74903345488595,0.762103661849913,0.780701613505613,0.791338195095077,0.802759899494616,0.815314027823142,0.829615665676116,0.844535108855785,0.859891734842764,0.871312442068536,0.88206972420594,0.896583920984334,0.906916750361167,0.915837083292214,0.926332496746941,0.936601628370575,0.948759993587889,0.961170316192124,0.973601521313405,0.986032987026685,1,0.965936218947529,0.787697667833719,0.579010383334625,0.30012469304373
0.0414044228197032,0.440785036041782,0.519622671969613,0.561030116880217,0.592895504153571,0.62743816508108,0.645716564988874,0.656891024082911,0.671678947620219,0.690309959016095,0.701644844513056,0.715277840868761,0.728789596238909,0.743882246657539,0.759899444148688,0.775649000440181,0.78823748755145,0.800379673261992,0.818544238204754,0.831345583294119,0.842163467942779,0.853716285665941,0.866691673361719,0.883836951284381,0.901031151148939,0.919778024950731,0.938393286239213,0.965936218947529,1,0.858925672601208,0.670593386505225,0.35651142430856
-0.0708126108539682,0.243078306818318,0.291888336995942,0.314693933216151,0.34145257183854,0.372746998326897,0.394852380350487,0.402719055490918,0.414706772255844,0.432749427157594,0.443212387863096,0.45509919446112,0.465392470016808,0.478603085763708,0.499540084075081,0.516208742578355,0.531700215248001,0.544620107999099,0.57102368531651,0.585310758045857,0.601018445365467,0.615698626229365,0.632138969224049,0.656678367366486,0.67978473670353,0.717324957352077,0.740952285750744,0.787697667833719,0.858925672601208,1,0.84554107681231,0.473026929829632
-0.196460448701233,0.0117155381736173,0.052010544910568,0.0656150526464007,0.0923965885527362,0.117763291933543,0.138654359577515,0.147159791724915,0.161805084837991,0.178257283066497,0.190422529757549,0.20558911224506,0.219344111713941,0.234278670109854,0.249933867092573,0.26652328722243,0.28212168332059,0.293107017514046,0.317446596700317,0.330719945636834,0.349771619183369,0.366855152139217,0.386292507489448,0.411769264613215,0.44039871663818,0.481301862246142,0.510532713345925,0.579010383334625,0.670593386505225,0.84554107681231,1,0.529234270435837
-0.261821504122289,-0.1600938521446,-0.138976099000396,-0.122705805794652,-0.0962844247685969,-0.0758741449701032,-0.0534942695557934,-0.0412538973610584,-0.0248139587104586,-0.0153830587984608,-0.00811129148794861,0.00119796974670987,0.015749923649732,0.0325689427525305,0.049741563099647,0.0695778936804561,0.0793134944244264,0.0882250546203863,0.104254168474925,0.1124827840205,0.123753699018707,0.13754695114538,0.153079045835117,0.175649294945056,0.204784078422377,0.233559514143905,0.263988490615662,0.30012469304373,0.35651142430856,0.473026929829632,0.529234270435837,1
