1,0.624780484375467,0.506228957780168,0.463305488818662,0.434445382757249,0.418383181733509,0.382143579580647,0.362937199149785,0.338234934083484,0.331234958894844,0.311350837531566,0.295317285967114,0.293719082438363,0.281366842629158,0.270146334947702,0.259616581812486,0.23713228528963,0.21585913076053,0.195617189151947,0.177351307501967,0.17186251998334,0.164056582602566,0.148323602087834,0.130550087171756,0.0997486102237249,0.0868337627131166,0.0779349464218736,0.0489337931905046,0.0223087393145341,-0.00157588940562729,-0.0713564835492605,-0.102642184264402
0.624780484375467,1,0.875415050074963,0.804759790985522,0.752070069921531,0.717812581322837,0.680427294853412,0.652424897432222,0.62223340914567,0.609769234831273,0.589067085254814,0.562420548768419,0.549338382249571,0.534046980216007,0.520126275928533,0.492909479743349,0.462220619443453,0.439235154924301,0.404468822578113,0.373718027364466,0.365096847445821,0.346230233147593,0.330630253954225,0.306188653814211,0.266193295840153,0.244471471216108,0.223748422017919,0.178856704104686,0.141293638446591,0.0903582409074834,-0.0103194237216832,-0.0905532611874988
0.506228957780168,0.875415050074963,1,0.920749482674699,0.865847984771943,0.827717334649803,0.795313019061406,0.764701916649261,0.732317367990975,0.715068969922253,0.700340710266295,0.674357304976216,0.661066602576718,0.642820724246711,0.629982267829649,0.608159523260151,0.575489595102969,0.547710815807818,0.515751803695299,0.48691716670506,0.476132408728013,0.451250681346767,0.434357902669819,0.411775621969965,0.36658421355152,0.337584150927488,0.315006120132074,0.2606068629489,0.201718884000151,0.120588229663205,0.00245727043405158,-0.0984277991645889
0.463305488818662,0.804759790985522,0.920749482674699,1,0.955431347382936,0.918987887097459,0.883997522305855,0.854690915777566,0.827521875369989,0.807890525390728,0.79251685120641,0.766726145042631,0.750828424268238,0.728358679628586,0.716759413457463,0.691997417675214,0.661116813485029,0.626665804164757,0.59509163456686,0.571631588769895,0.556147804638367,0.526128964576833,0.506519763917073,0.480774020637701,0.433060283134723,0.404473528016949,0.375801719282125,0.314977905493137,0.242578896434772,0.138053587027503,0.0305768107865743,-0.0899707242727391
0.434445382757249,0.752070069921531,0.865847984771943,0.955431347382936,1,0.969715534892491,0.931967900241767,0.909184512167713,0.884207600869341,0.863544322336176,0.84482111370202,0.819173128598969,0.80065294912679,0.779187004946558,0.766860647210716,0.747635248929816,0.718551987428943,0.684790510448166,0.654464698515708,0.634409506243943,0.61823649499592,0.587423625314423,0.569989095368584,0.545715032207222,0.499859886072844,0.472234821946175,0.435091037199913,0.367489077322085,0.284630505853674,0.15913381216627,0.0318532671149751,-0.0956912890459794
0.418383181733509,0.717812581322837,0.827717334649803,0.918987887097459,0.969715534892491,1,0.971667873355288,0.944737915706716,0.921826505889632,0.903728205538478,0.88504167140543,0.859474097114921,0.841159391174782,0.822657765830877,0.810891558878596,0.788668215501941,0.764209506187625,0.731407374032012,0.702315523737183,0.681706173312128,0.666403726615444,0.638088508266494,0.619331331871211,0.594020388327515,0.548586454713792,0.520782779583737,0.482472930698455,0.411070391956242,0.326209634774751,0.190978910875031,0.0429426815355931,-0.0824810326607556
0.382143579580647,0.680427294853412,0.795313019061406,0.883997522305855,0.931967900241767,0.971667873355288,1,0.976977432965249,0.952176303217779,0.933482353108195,0.914223117928766,0.890232803509313,0.872936254862853,0.853919294069999,0.843440923217567,0.823375258348341,0.803113206710746,0.771021433936678,0.743110371389471,0.721712781471279,0.708351893592802,0.681252527118992,0.661985872277299,0.635362060576679,0.587613253612401,0.557522838364854,0.519905130530775,0.447529478878922,0.363980165045942,0.217271996269199,0.0611609371172213,-0.0714041414568043
0.362937199149785,0.652424897432222,0.764701916649261,0.854690915777566,0.909184512167713,0.944737915706716,0.976977432965249,1,0.979988870686916,0.960357623056796,0.938513996550774,0.91635194762889,0.897736401462043,0.879011203924756,0.869512733229794,0.851335170090087,0.831080699904935,0.80068561783316,0.772971590132186,0.755979235693167,0.741887826648828,0.713609367680386,0.694486047417559,0.66784334619921,0.618464262127528,0.587744697251595,0.549175389397717,0.473610666552415,0.382986381764606,0.228621537689353,0.0777900101557346,-0.0599789519048259
0.338234934083484,0.62223340914567,0.732317367990975,0.827521875369989,0.884207600869341,0.921826505889632,0.952176303217779,0.979988870686916,1,0.983879426211253,0.965100982664573,0.943447884683845,0.925833854861576,0.90911766104474,0.898479236194561,0.877554956377597,0.858300901442284,0.827110385919999,0.800195224233902,0.784213187949529,0.772036867102471,0.745891526742254,0.726453066840393,0.70228153441599,0.656672384930363,0.62504452102731,0.584018272499941,0.508074046759502,0.41701701634128,0.253911407371277,0.0979190315551695,-0.0441122249140228
0.331234958894844,0.609769234831273,0.715068969922253,0.807890525390728,0.863544322336176,0.903728205538478,0.933482353108195,0.960357623056796,0.983879426211253,1,0.9835947973966,0.962982098498159,0.942853102899499,0.926317513158837,0.913127972034469,0.892347245625939,0.873292171508556,0.844936403845925,0.819486646286432,0.801366499190668,0.790160059450972,0.766080190595275,0.748003502907489,0.725714780876821,0.683089335687235,0.651549875476855,0.609945502934763,0.53326700208377,0.432703781057003,0.267167369520547,0.102502999133533,-0.033055904494725
0.311350837531566,0.589067085254814,0.700340710266295,0.79251685120641,0.84482111370202,0.88504167140543,0.914223117928766,0.938513996550774,0.965100982664573,0.9835947973966,1,0.984133711396372,0.965967782269692,0.951179465637895,0.935804387490025,0.91332784488484,0.894203542503237,0.867062301179671,0.842021309141673,0.8230664507988,0.811324198674827,0.787910847475389,0.771973270472739,0.751428459248418,0.707530492460389,0.671960075004287,0.632024863966739,0.558293835675317,0.448880466423099,0.274196809328818,0.102072052035722,-0.0263983168163471
0.295317285967114,0.562420548768419,0.674357304976216,0.766726145042631,0.819173128598969,0.859474097114921,0.890232803509313,0.91635194762889,0.943447884683845,0.962982098498159,0.984133711396372,1,0.986336061118947,0.970916185004123,0.95408209039873,0.930393109674382,0.910755235278364,0.883794474859891,0.857173933644805,0.837627004050405,0.825500832230534,0.803106509014832,0.788159305749915,0.768847998634779,0.729123149932709,0.694681519621156,0.655392112057011,0.582666673164616,0.464688164030381,0.286876537733722,0.109236950379376,-0.0324442487353068
0.293719082438363,0.549338382249571,0.661066602576718,0.750828424268238,0.80065294912679,0.841159391174782,0.872936254862853,0.897736401462043,0.925833854861576,0.942853102899499,0.965967782269692,0.986336061118947,1,0.985174166232071,0.965535460300165,0.939140332377951,0.917607840119926,0.891756928860733,0.862855828410672,0.843313231358582,0.83058528923651,0.807906194945506,0.793381138990256,0.774585519404889,0.734859834442913,0.702018625395672,0.663814446720283,0.590071758212603,0.469800658968282,0.286731472868209,0.113644941728817,-0.0202211826495159
0.281366842629158,0.534046980216007,0.642820724246711,0.728358679628586,0.779187004946558,0.822657765830877,0.853919294069999,0.879011203924756,0.90911766104474,0.926317513158837,0.951179465637895,0.970916185004123,0.985174166232071,1,0.983165962489523,0.957403463151691,0.935161755923842,0.910629046430364,0.881308648428459,0.861535871101036,0.848274626186876,0.823643852409413,0.809311489044168,0.792511135462192,0.754121192411648,0.721737989747138,0.683397762753507,0.613113956202169,0.48841113686948,0.30170443593708,0.139500581550867,0.00324358208930146
0.270146334947702,0.520126275928533,0.629982267829649,0.716759413457463,0.766860647210716,0.810891558878596,0.843440923217567,0.869512733229794,0.898479236194561,0.913127972034469,0.935804387490025,0.95408209039873,0.965535460300165,0.983165962489523,1,0.980051538507967,0.957435773868006,0.933879445994972,0.904898337067588,0.886611434100599,0.870912607185417,0.847463771308646,0.83342288660997,0.81540977523283,0.777265168922274,0.744295792900999,0.704569300276184,0.636494233065608,0.506855237711134,0.321672464069526,0.169539438358912,0.0196371210503878
0.259616581812486,0.492909479743349,0.608159523260151,0.691997417675214,0.747635248929816,0.788668215501941,0.823375258348341,0.851335170090087,0.877554956377597,0.892347245625939,0.91332784488484,0.930393109674382,0.939140332377951,0.957403463151691,0.980051538507967,1,0.982085490089467,0.958267099772893,0.929948934149166,0.911993204173037,0.895514058146238,0.875154385082902,0.860811978289785,0.844712774425035,0.811495068658154,0.778171158509579,0.738635395437018,0.67034403336317,0.536464921482085,0.348512990513154,0.18852795330471,0.0276776940274352
0.23713228528963,0.462220619443453,0.575489595102969,0.661116813485029,0.718551987428943,0.764209506187625,0.803113206710746,0.831080699904935,0.858300901442284,0.873292171508556,0.894203542503237,0.910755235278364,0.917607840119926,0.935161755923842,0.957435773868006,0.982085490089467,1,0.979605806848731,0.951550473969662,0.931822712413883,0.91651069836676,0.898098267956791,0.882615189659383,0.865586170943552,0.833579181645145,0.800418492477232,0.760132240126979,0.691302738581011,0.558156186050314,0.364914196901063,0.195370848573722,0.0349362672573215
0.21585913076053,0.439235154924301,0.547710815807818,0.626665804164757,0.684790510448166,0.731407374032012,0.771021433936678,0.80068561783316,0.827110385919999,0.844936403845925,0.867062301179671,0.883794474859891,0.891756928860733,0.910629046430364,0.933879445994972,0.958267099772893,0.979605806848731,1,0.981725297894437,0.961155678633009,0.944930067234697,0.926932969829028,0.911123462892454,0.893421403041717,0.861208054815372,0.830754369065445,0.788576713808902,0.715554193779919,0.582295227458011,0.400250945214015,0.227118584915335,0.0580833111164324
0.195617189151947,0.404468822578113,0.515751803695299,0.59509163456686,0.654464698515708,0.702315523737183,0.743110371389471,0.772971590132186,0.800195224233902,0.819486646286432,0.842021309141673,0.857173933644805,0.862855828410672,0.881308648428459,0.904898337067588,0.929948934149166,0.951550473969662,0.981725297894437,1,0.983339555262723,0.965369112085092,0.945530495499271,0.92929099025276,0.912516166111928,0.879061128921239,0.848291739592717,0.807561668118124,0.73513642248275,0.599100950354656,0.417897935242649,0.244369546235468,0.0733330634562597
0.177351307501967,0.373718027364466,0.48691716670506,0.571631588769895,0.634409506243943,0.681706173312128,0.721712781471279,0.755979235693167,0.784213187949529,0.801366499190668,0.8230664507988,0.837627004050405,0.843313231358582,0.861535871101036,0.886611434100599,0.911993204173037,0.931822712413883,0.961155678633009,0.983339555262723,1,0.984038094664716,0.962466449077627,0.947378418497714,0.930149495170819,0.898170934183149,0.868933214949202,0.828622441394095,0.756487696739973,0.616612459731199,0.428635572739039,0.263934713274801,0.100287236728669
0.17186251998334,0.365096847445821,0.476132408728013,0.556147804638367,0.61823649499592,0.666403726615444,0.708351893592802,0.741887826648828,0.772036867102471,0.790160059450972,0.811324198674827,0.825500832230534,0.83058528923651,0.848274626186876,0.870912607185417,0.895514058146238,0.91651069836676,0.944930067234697,0.965369112085092,0.984038094664716,1,0.981662516508642,0.964304285509488,0.94654314870895,0.914117494429098,0.886994170529313,0.847495274265286,0.77897637481034,0.648018710804364,0.459349530002617,0.281194792711532,0.104657417660557
0.164056582602566,0.346230233147593,0.451250681346767,0.526128964576833,0.587423625314423,0.638088508266494,0.681252527118992,0.713609367680386,0.745891526742254,0.766080190595275,0.787910847475389,0.803106509014832,0.807906194945506,0.823643852409413,0.847463771308646,0.875154385082902,0.898098267956791,0.926932969829028,0.945530495499271,0.962466449077627,0.981662516508642,1,0.985339546172573,0.967636285006058,0.940019239124986,0.915465245508004,0.881233233810259,0.818789427560716,0.692273036487791,0.50700339455333,0.316567027384341,0.126110828895284
0.148323602087834,0.330630253954225,0.434357902669819,0.506519763917073,0.569989095368584,0.619331331871211,0.661985872277299,0.694486047417559,0.726453066840393,0.748003502907489,0.771973270472739,0.788159305749915,0.793381138990256,0.809311489044168,0.83342288660997,0.860811978289785,0.882615189659383,0.911123462892454,0.92929099025276,0.947378418497714,0.964304285509488,0.985339546172573,1,0.985522028129642,0.96016891217071,0.934217517001967,0.901158028061447,0.837897578644226,0.705932142779958,0.514617732199024,0.313172033624134,0.130511754780578
0.130550087171756,0.306188653814211,0.411775621969965,0.480774020637701,0.545715032207222,0.594020388327515,0.635362060576679,0.66784334619921,0.70228153441599,0.725714780876821,0.751428459248418,0.768847998634779,0.774585519404889,0.792511135462192,0.81540977523283,0.844712774425035,0.865586170943552,0.893421403041717,0.912516166111928,0.930149495170819,0.94654314870895,0.967636285006058,0.985522028129642,1,0.980788340263165,0.952446434878075,0.920445155329366,0.859342059597875,0.724208519478615,0.527316085342746,0.331376526706848,0.148190500656019
0.0997486102237249,0.266193295840153,0.36658421355152,0.433060283134723,0.499859886072844,0.548586454713792,0.587613253612401,0.618464262127528,0.656672384930363,0.683089335687235,0.707530492460389,0.729123149932709,0.734859834442913,0.754121192411648,0.777265168922274,0.811495068658154,0.833579181645145,0.861208054815372,0.879061128921239,0.898170934183149,0.914117494429098,0.940019239124986,0.96016891217071,0.980788340263165,1,0.977713177980942,0.947622314444362,0.89138601450186,0.754898585618582,0.566803341832556,0.359637794619633,0.176601753362112
0.0868337627131166,0.244471471216108,0.337584150927488,0.404473528016949,0.472234821946175,0.520782779583737,0.557522838364854,0.587744697251595,0.62504452102731,0.651549875476855,0.671960075004287,0.694681519621156,0.702018625395672,0.721737989747138,0.744295792900999,0.778171158509579,0.800418492477232,0.830754369065445,0.848291739592717,0.868933214949202,0.886994170529313,0.915465245508004,0.934217517001967,0.952446434878075,0.977713177980942,1,0.97569624947491,0.918707726150996,0.788434553192613,0.603898902104037,0.382331550909241,0.204905002211807
0.0779349464218736,0.223748422017919,0.315006120132074,0.375801719282125,0.435091037199913,0.482472930698455,0.519905130530775,0.549175389397717,0.584018272499941,0.609945502934763,0.632024863966739,0.655392112057011,0.663814446720283,0.683397762753507,0.704569300276184,0.738635395437018,0.760132240126979,0.788576713808902,0.807561668118124,0.828622441394095,0.847495274265286,0.881233233810259,0.901158028061447,0.920445155329366,0.947622314444362,0.97569624947491,1,0.954586817475411,0.82963407327081,0.64585609459674,0.407685797073956,0.22835283326454
0.0489337931905046,0.178856704104686,0.2606068629489,0.314977905493137,0.367489077322085,0.411070391956242,0.447529478878922,0.473610666552415,0.508074046759502,0.53326700208377,0.558293835675317,0.582666673164616,0.590071758212603,0.613113956202169,0.636494233065608,0.67034403336317,0.691302738581011,0.715554193779919,0.73513642248275,0.756487696739973,0.77897637481034,0.818789427560716,0.837897578644226,0.859342059597875,0.89138601450186,0.918707726150996,0.954586817475411,1,0.897096041193132,0.717899942059147,0.491877538729702,0.260567205909178
0.0223087393145341,0.141293638446591,0.201718884000151,0.242578896434772,0.284630505853674,0.326209634774751,0.363980165045942,0.382986381764606,0.41701701634128,0.432703781057003,0.448880466423099,0.464688164030381,0.469800658968282,0.48841113686948,0.506855237711134,0.536464921482085,0.558156186050314,0.582295227458011,0.599100950354656,0.616612459731199,0.648018710804364,0.692273036487791,0.705932142779958,0.724208519478615,0.754898585618582,0.788434553192613,0.82963407327081,0.897096041193132,1,0.868931694535223,0.579785379517087,0.308756136986931
-0.00157588940562729,0.0903582409074834,0.120588229663205,0.138053587027503,0.15913381216627,0.190978910875031,0.217271996269199,0.228621537689353,0.253911407371277,0.267167369520547,0.274196809328818,0.286876537733722,0.286731472868209,0.30170443593708,0.321672464069526,0.348512990513154,0.364914196901063,0.400250945214015,0.417897935242649,0.428635572739039,0.459349530002617,0.50700339455333,0.514617732199024,0.527316085342746,0.566803341832556,0.603898902104037,0.64585609459674,0.717899942059147,0.868931694535223,1,0.72270819911783,0.372374168515047
-0.0713564835492605,-0.0103194237216832,0.00245727043405158,0.0305768107865743,0.0318532671149751,0.0429426815355931,0.0611609371172213,0.0777900101557346,0.0979190315551695,0.102502999133533,0.102072052035722,0.109236950379376,0.113644941728817,0.139500581550867,0.169539438358912,0.18852795330471,0.195370848573722,0.227118584915335,0.244369546235468,0.263934713274801,0.281194792711532,0.316567027384341,0.313172033624134,0.331376526706848,0.359637794619633,0.382331550909241,0.407685797073956,0.491877538729702,0.579785379517087,0.72270819911783,1,0.535684565094357
-0.102642184264402,-0.0905532611874988,-0.0984277991645889,-0.0899707242727391,-0.0956912890459794,-0.0824810326607556,-0.0714041414568043,-0.0599789519048259,-0.0441122249140228,-0.033055904494725,-0.0263983168163471,-0.0324442487353068,-0.0202211826495159,0.00324358208930146,0.0196371210503878,0.0276776940274352,0.0349362672573215,0.0580833111164324,0.0733330634562597,0.100287236728669,0.104657417660557,0.126110828895284,0.130511754780578,0.148190500656019,0.176601753362112,0.204905002211807,0.22835283326454,0.260567205909178,0.308756136986931,0.372374168515047,0.535684565094357,1
