1,0.78725376697702,0.754904384435173,0.735937536657001,0.711671775812243,0.693422490143889,0.681619575732284,0.670155868202378,0.659716563735341,0.64873903076936,0.639232376303381,0.628599301021068,0.619935623720378,0.612016520739757,0.59854721263028,0.580532972927417,0.568988060935038,0.553395941135051,0.533686634722528,0.513815964361998,0.49548202289539,0.474160863883231,0.457075534416595,0.434188910807987,0.420371103672193,0.406673668017531,0.380712374500043,0.357876366249942,0.316976854984099,0.260858014729305,0.130066742284483,0.0179902635467104
0.78725376697702,1,0.963334583410055,0.941915665346449,0.930505900245974,0.916935079622018,0.905927625202508,0.895854236540244,0.886568591991227,0.877517257319322,0.86965026492006,0.862216440748104,0.854862667956242,0.847278285794438,0.836715710978312,0.823452180672536,0.811997153140726,0.796424481957703,0.777680240388559,0.758193859900789,0.741204088386756,0.722406660372228,0.703277688376447,0.678728064671879,0.661910940317992,0.639550009250942,0.610207532027431,0.57759060227554,0.531010089835068,0.44910923207239,0.249976850480072,-0.00580136095129852
0.754904384435173,0.963334583410055,1,0.981654377721635,0.971635595969314,0.960097557570866,0.95072037372207,0.943204400785167,0.935008370166149,0.927562252117459,0.920087427291288,0.911805673733062,0.906111827974133,0.899615387186164,0.889825401029285,0.878241893777687,0.868403959088782,0.855437354109899,0.837917178640621,0.819783064136305,0.80443719589431,0.786412747276835,0.768875356045852,0.745609249536319,0.730849434695186,0.710127840891295,0.680437521897548,0.649220066480193,0.599673362328397,0.512878953090215,0.293887867709853,0.00413955575281634
0.735937536657001,0.941915665346449,0.981654377721635,1,0.989555256893896,0.980120134179071,0.972474526138395,0.965427510368577,0.958455211980621,0.951060453921862,0.94302650025628,0.935589508348047,0.931112307044909,0.925660040394084,0.917360587158631,0.907578650768006,0.898907994683116,0.886413063722889,0.870405220288962,0.85362592744444,0.838156606014219,0.821483655669929,0.803965605216606,0.782309261108772,0.767442068504809,0.747255426531766,0.716821568832807,0.6864729365859,0.637198276720694,0.55253938286081,0.323330665435968,0.0177968900644094
0.711671775812243,0.930505900245974,0.971635595969314,0.989555256893896,1,0.992689038583036,0.98550569678587,0.978881086551285,0.972193348943803,0.96660671960726,0.959923852250462,0.953240885296211,0.948440450152801,0.942589860866196,0.935006287274658,0.926698345863199,0.918140628355243,0.906783769554562,0.891687606230771,0.875830940938013,0.861296980374181,0.845133967011603,0.82865364991458,0.807223830871379,0.792358959410118,0.771774560213979,0.742454806292576,0.711087798563062,0.662068781129019,0.577665763232451,0.339345265278497,0.0134525413344274
0.693422490143889,0.916935079622018,0.960097557570866,0.980120134179071,0.992689038583036,1,0.993949165316514,0.988190671099798,0.982417451946959,0.977967748638332,0.971772438375606,0.96588326819269,0.961015094275027,0.955077627086521,0.948213785850159,0.940711676029037,0.93290997398818,0.922452409734114,0.908859307150233,0.893790732143386,0.879934619547691,0.864860966479694,0.84932537770245,0.828773682981724,0.814277512729522,0.794645549947902,0.766227872872187,0.735843358951304,0.688798402428815,0.60515994534452,0.361842170409371,0.02098224960252
0.681619575732284,0.905927625202508,0.95072037372207,0.972474526138395,0.98550569678587,0.993949165316514,1,0.994747511932217,0.98959008017462,0.985175548583059,0.97896643038511,0.973443883280692,0.968988845772636,0.964114294057384,0.95797791085339,0.950820102818676,0.943451931935101,0.933829950282266,0.920434609305357,0.906307796898581,0.892999655973086,0.878890896716901,0.863824159798996,0.843995874612804,0.829923543851529,0.810124583014314,0.782998246791137,0.753247479657435,0.706493045413581,0.623525700979089,0.376280745853282,0.0240642063952756
0.670155868202378,0.895854236540244,0.943204400785167,0.965427510368577,0.978881086551285,0.988190671099798,0.994747511932217,1,0.996155614833234,0.991829378764448,0.986419603550743,0.980955262670775,0.976329947216685,0.971221854732978,0.965061557849814,0.957978656678517,0.951232471607901,0.942005589492166,0.929632353465894,0.916554129902727,0.904431782787249,0.890577179269919,0.876171023637298,0.856897979138107,0.843704206118929,0.824336548079439,0.798431206518206,0.769026019219221,0.723134064834846,0.639840257768943,0.394390749618392,0.0330937441559713
0.659716563735341,0.886568591991227,0.935008370166149,0.958455211980621,0.972193348943803,0.982417451946959,0.98959008017462,0.996155614833234,1,0.996116284112669,0.990879732014402,0.985706166723128,0.981108267470314,0.975708972333275,0.969331254644402,0.962018842190992,0.954696855273828,0.94604382953534,0.93410767698305,0.921122802568123,0.909050055058329,0.895435972324522,0.881446372912719,0.862814144659075,0.850383150937634,0.831410601868658,0.806105865033687,0.777671568067005,0.732302767089919,0.649863828864286,0.402821632460459,0.0316218356871915
0.64873903076936,0.877517257319322,0.927562252117459,0.951060453921862,0.96660671960726,0.977967748638332,0.985175548583059,0.991829378764448,0.996116284112669,1,0.996069377717199,0.991420259923861,0.986309295944085,0.980747115282033,0.97425419099225,0.967145254848166,0.959738835610545,0.951388671213047,0.939775908923255,0.927371494569348,0.916047052296056,0.903218905679084,0.890497410400028,0.87297885867782,0.860854136561027,0.842289469732685,0.818118697139107,0.790627601858944,0.745551207526424,0.663432353467229,0.414119836009012,0.0345013370838332
0.639232376303381,0.86965026492006,0.920087427291288,0.94302650025628,0.959923852250462,0.971772438375606,0.97896643038511,0.986419603550743,0.990879732014402,0.996069377717199,1,0.996616290990058,0.99202069273396,0.986533350077967,0.979780440585385,0.972784628542468,0.965780171585981,0.957392522701249,0.946666983824446,0.935158584605231,0.92460287634573,0.912919937970363,0.901277765349271,0.884654286357665,0.873255027332123,0.855744425165663,0.832784960202632,0.806287032013505,0.762012313008947,0.682817346569069,0.433362758501887,0.0417111589198149
0.628599301021068,0.862216440748104,0.911805673733062,0.935589508348047,0.953240885296211,0.96588326819269,0.973443883280692,0.980955262670775,0.985706166723128,0.991420259923861,0.996616290990058,1,0.996583927252277,0.991442435622214,0.985103082873903,0.977894723005751,0.970534926013254,0.962656503113584,0.952729287689854,0.942332558542148,0.93275570114515,0.921800488214711,0.911019074082032,0.895549210299127,0.884452188668786,0.867790284211056,0.845607261544324,0.820197111285702,0.777265577243758,0.700541773474466,0.450724214856774,0.0474098574969488
0.619935623720378,0.854862667956242,0.906111827974133,0.931112307044909,0.948440450152801,0.961015094275027,0.968988845772636,0.976329947216685,0.981108267470314,0.986309295944085,0.99202069273396,0.996583927252277,1,0.996213850707448,0.99044996530677,0.983763767629412,0.976253994736544,0.968186552965485,0.958980763974497,0.949364437695011,0.939455060372423,0.929213834873482,0.919061056780478,0.904227344148462,0.893853825545329,0.877658842928397,0.85632617115,0.831502984733915,0.789464988664621,0.713910340121766,0.461550003141181,0.0464016817724663
0.612016520739757,0.847278285794438,0.899615387186164,0.925660040394084,0.942589860866196,0.955077627086521,0.964114294057384,0.971221854732978,0.975708972333275,0.980747115282033,0.986533350077967,0.991442435622214,0.996213850707448,1,0.995950821588798,0.989783598651926,0.982398844386701,0.974736888051104,0.965618435706702,0.956479423971926,0.94663445598204,0.936872044266911,0.927191073174226,0.913147558618641,0.903947435402733,0.888463328476958,0.868078672199246,0.844661120885857,0.804838235339343,0.729970509150434,0.477802292014776,0.0560477314659497
0.59854721263028,0.836715710978312,0.889825401029285,0.917360587158631,0.935006287274658,0.948213785850159,0.95797791085339,0.965061557849814,0.969331254644402,0.97425419099225,0.979780440585385,0.985103082873903,0.99044996530677,0.995950821588798,1,0.995968789565523,0.98970941980492,0.982713250546851,0.974152257277073,0.965598996455873,0.955574481286037,0.946645640414537,0.937476358550367,0.923346892400283,0.914391340318874,0.899465703872873,0.879613981176499,0.856542737003437,0.81808366873617,0.744175127178408,0.487743790032366,0.0583283769184527
0.580532972927417,0.823452180672536,0.878241893777687,0.907578650768006,0.926698345863199,0.940711676029037,0.950820102818676,0.957978656678517,0.962018842190992,0.967145254848166,0.972784628542468,0.977894723005751,0.983763767629412,0.989783598651926,0.995968789565523,1,0.99597659635678,0.990097233916197,0.98277082363411,0.974998171699001,0.965714342845889,0.957278452770472,0.948423805610977,0.934914417104737,0.926054808911656,0.91200096702874,0.893166908378804,0.870223829768446,0.832574353773704,0.75917240877486,0.501288117116812,0.0550263904350212
0.568988060935038,0.811997153140726,0.868403959088782,0.898907994683116,0.918140628355243,0.93290997398818,0.943451931935101,0.951232471607901,0.954696855273828,0.959738835610545,0.965780171585981,0.970534926013254,0.976253994736544,0.982398844386701,0.98970941980492,0.99597659635678,1,0.9958009876145,0.989863742580723,0.98289181386386,0.974408474082676,0.966040245489785,0.957309137164531,0.94453813951258,0.93575987982545,0.9223551864103,0.903529436729378,0.880524536149445,0.843307057804336,0.769922953818976,0.514879227686007,0.0619737783171257
0.553395941135051,0.796424481957703,0.855437354109899,0.886413063722889,0.906783769554562,0.922452409734114,0.933829950282266,0.942005589492166,0.94604382953534,0.951388671213047,0.957392522701249,0.962656503113584,0.968186552965485,0.974736888051104,0.982713250546851,0.990097233916197,0.9958009876145,1,0.996269514084972,0.990525721567125,0.983066477916085,0.974991299389477,0.966676283729677,0.955382723049316,0.946809086692999,0.934165113783126,0.916309101881703,0.894329582356588,0.858461940158026,0.785091091892635,0.531646277303289,0.069566046426098
0.533686634722528,0.777680240388559,0.837917178640621,0.870405220288962,0.891687606230771,0.908859307150233,0.920434609305357,0.929632353465894,0.93410767698305,0.939775908923255,0.946666983824446,0.952729287689854,0.958980763974497,0.965618435706702,0.974152257277073,0.98277082363411,0.989863742580723,0.996269514084972,1,0.996217059454379,0.989874806460159,0.982771074703753,0.97494735716113,0.964547385145987,0.95636428891828,0.94472209445535,0.927583433081596,0.905947089673945,0.871113119840405,0.799285897147457,0.545054218589606,0.0772527285860653
0.513815964361998,0.758193859900789,0.819783064136305,0.85362592744444,0.875830940938013,0.893790732143386,0.906307796898581,0.916554129902727,0.921122802568123,0.927371494569348,0.935158584605231,0.942332558542148,0.949364437695011,0.956479423971926,0.965598996455873,0.974998171699001,0.98289181386386,0.990525721567125,0.996217059454379,1,0.995567914849811,0.989873857044348,0.983135288414739,0.974051671237264,0.966187494019915,0.955429587078428,0.939090136220861,0.918585488559189,0.885770696267372,0.817888868956128,0.565552896830438,0.0886938519314309
0.49548202289539,0.741204088386756,0.80443719589431,0.838156606014219,0.861296980374181,0.879934619547691,0.892999655973086,0.904431782787249,0.909050055058329,0.916047052296056,0.92460287634573,0.93275570114515,0.939455060372423,0.94663445598204,0.955574481286037,0.965714342845889,0.974408474082676,0.983066477916085,0.989874806460159,0.995567914849811,1,0.996183297360455,0.990222582288911,0.982496582394465,0.974906979115705,0.965074451636753,0.949528398841788,0.930387186072421,0.898892883241193,0.832964617461521,0.584459368029803,0.104174565463307
0.474160863883231,0.722406660372228,0.786412747276835,0.821483655669929,0.845133967011603,0.864860966479694,0.878890896716901,0.890577179269919,0.895435972324522,0.903218905679084,0.912919937970363,0.921800488214711,0.929213834873482,0.936872044266911,0.946645640414537,0.957278452770472,0.966040245489785,0.974991299389477,0.982771074703753,0.989873857044348,0.996183297360455,1,0.9957818864484,0.988989886831774,0.981914340461349,0.973038404056696,0.958347814108303,0.939753389974236,0.909347950999729,0.844313908386685,0.598047597935388,0.117296760703136
0.457075534416595,0.703277688376447,0.768875356045852,0.803965605216606,0.82865364991458,0.84932537770245,0.863824159798996,0.876171023637298,0.881446372912719,0.890497410400028,0.901277765349271,0.911019074082032,0.919061056780478,0.927191073174226,0.937476358550367,0.948423805610977,0.957309137164531,0.966676283729677,0.97494735716113,0.983135288414739,0.990222582288911,0.9957818864484,1,0.994988442639317,0.988477170518695,0.980649659569859,0.967569091605783,0.950524688175807,0.921645529116253,0.859145134459494,0.617267079168305,0.122728359736864
0.434188910807987,0.678728064671879,0.745609249536319,0.782309261108772,0.807223830871379,0.828773682981724,0.843995874612804,0.856897979138107,0.862814144659075,0.87297885867782,0.884654286357665,0.895549210299127,0.904227344148462,0.913147558618641,0.923346892400283,0.934914417104737,0.94453813951258,0.955382723049316,0.964547385145987,0.974051671237264,0.982496582394465,0.988989886831774,0.994988442639317,1,0.995193460115323,0.988079063083981,0.976762940062446,0.961227625590595,0.935254874637236,0.877339116961565,0.636649503120381,0.128834465695904
0.420371103672193,0.661910940317992,0.730849434695186,0.767442068504809,0.792358959410118,0.814277512729522,0.829923543851529,0.843704206118929,0.850383150937634,0.860854136561027,0.873255027332123,0.884452188668786,0.893853825545329,0.903947435402733,0.914391340318874,0.926054808911656,0.93575987982545,0.946809086692999,0.95636428891828,0.966187494019915,0.974906979115705,0.981914340461349,0.988477170518695,0.995193460115323,1,0.994189804459058,0.983793298901532,0.969208064742884,0.944560509542367,0.887634497626036,0.646256246154941,0.136668817240159
0.406673668017531,0.639550009250942,0.710127840891295,0.747255426531766,0.771774560213979,0.794645549947902,0.810124583014314,0.824336548079439,0.831410601868658,0.842289469732685,0.855744425165663,0.867790284211056,0.877658842928397,0.888463328476958,0.899465703872873,0.91200096702874,0.9223551864103,0.934165113783126,0.94472209445535,0.955429587078428,0.965074451636753,0.973038404056696,0.980649659569859,0.988079063083981,0.994189804459058,1,0.991947199288548,0.978841421221552,0.956845325268678,0.901729711891149,0.665460465171533,0.153396826706649
0.380712374500043,0.610207532027431,0.680437521897548,0.716821568832807,0.742454806292576,0.766227872872187,0.782998246791137,0.798431206518206,0.806105865033687,0.818118697139107,0.832784960202632,0.845607261544324,0.85632617115,0.868078672199246,0.879613981176499,0.893166908378804,0.903529436729378,0.916309101881703,0.927583433081596,0.939090136220861,0.949528398841788,0.958347814108303,0.967569091605783,0.976762940062446,0.983793298901532,0.991947199288548,1,0.989722335157833,0.97140964437826,0.920946968331594,0.693673884257851,0.164865470073001
0.357876366249942,0.57759060227554,0.649220066480193,0.6864729365859,0.711087798563062,0.735843358951304,0.753247479657435,0.769026019219221,0.777671568067005,0.790627601858944,0.806287032013505,0.820197111285702,0.831502984733915,0.844661120885857,0.856542737003437,0.870223829768446,0.880524536149445,0.894329582356588,0.905947089673945,0.918585488559189,0.930387186072421,0.939753389974236,0.950524688175807,0.961227625590595,0.969208064742884,0.978841421221552,0.989722335157833,1,0.985500069780294,0.940702775349237,0.717695505678278,0.183328964566168
0.316976854984099,0.531010089835068,0.599673362328397,0.637198276720694,0.662068781129019,0.688798402428815,0.706493045413581,0.723134064834846,0.732302767089919,0.745551207526424,0.762012313008947,0.777265577243758,0.789464988664621,0.804838235339343,0.81808366873617,0.832574353773704,0.843307057804336,0.858461940158026,0.871113119840405,0.885770696267372,0.898892883241193,0.909347950999729,0.921645529116253,0.935254874637236,0.944560509542367,0.956845325268678,0.97140964437826,0.985500069780294,1,0.96551566993573,0.754941859251368,0.213378986794567
0.260858014729305,0.44910923207239,0.512878953090215,0.55253938286081,0.577665763232451,0.60515994534452,0.623525700979089,0.639840257768943,0.649863828864286,0.663432353467229,0.682817346569069,0.700541773474466,0.713910340121766,0.729970509150434,0.744175127178408,0.75917240877486,0.769922953818976,0.785091091892635,0.799285897147457,0.817888868956128,0.832964617461521,0.844313908386685,0.859145134459494,0.877339116961565,0.887634497626036,0.901729711891149,0.920946968331594,0.940702775349237,0.96551566993573,1,0.833782189744318,0.270494074055628
0.130066742284483,0.249976850480072,0.293887867709853,0.323330665435968,0.339345265278497,0.361842170409371,0.376280745853282,0.394390749618392,0.402821632460459,0.414119836009012,0.433362758501887,0.450724214856774,0.461550003141181,0.477802292014776,0.487743790032366,0.501288117116812,0.514879227686007,0.531646277303289,0.545054218589606,0.565552896830438,0.584459368029803,0.598047597935388,0.617267079168305,0.636649503120381,0.646256246154941,0.665460465171533,0.693673884257851,0.717695505678278,0.754941859251368,0.833782189744318,1,0.469379309541638
0.0179902635467104,-0.00580136095129852,0.00413955575281634,0.0177968900644094,0.0134525413344274,0.02098224960252,0.0240642063952756,0.0330937441559713,0.0316218356871915,0.0345013370838332,0.0417111589198149,0.0474098574969488,0.0464016817724663,0.0560477314659497,0.0583283769184527,0.0550263904350212,0.0619737783171257,0.069566046426098,0.0772527285860653,0.0886938519314309,0.104174565463307,0.117296760703136,0.122728359736864,0.128834465695904,0.136668817240159,0.153396826706649,0.164865470073001,0.183328964566168,0.213378986794567,0.270494074055628,0.469379309541638,1
