1,0.70131324257525,0.575565636808819,0.527749088477087,0.487313311971802,0.461110662589701,0.443864818375635,0.411512558281114,0.402083083131291,0.390782342771009,0.36193999658683,0.336718990620786,0.321042896528779,0.299455124474872,0.273174853143359,0.248593379075079,0.237899311174333,0.219668941069821,0.192230147585619,0.16782798853221,0.1415150265224,0.125591748562644,0.122575006290601,0.102818168415396,0.0939899480921415,0.0560304928614133,0.0267953983995935,0.0864227332968692,0.0764080272476956,0.0903073912814602,0.0642123471064406,0.0436672614828692
0.70131324257525,1,0.900568739933915,0.853076332351926,0.82077891606535,0.789872591129895,0.758713628222877,0.727061167609955,0.712837141104758,0.700318551918099,0.676727794321191,0.650426484826546,0.624366109854466,0.598112306092185,0.563974090509087,0.530512363320796,0.508541721219994,0.474420302391726,0.431614587619353,0.396955406807156,0.361397920257787,0.331163529845364,0.317688030156142,0.283821756405166,0.249305368973558,0.204605369383042,0.126503910566095,0.154210670777547,0.123530450451404,0.120119763511758,0.0733059798311897,0.0340780926175271
0.575565636808819,0.900568739933915,1,0.961745578407724,0.920053545510551,0.888828792502321,0.860892985661189,0.83017615016591,0.812379521445362,0.79483774338514,0.77306828776532,0.746943890472034,0.718934632525128,0.691863642744526,0.655673931668384,0.62131634665315,0.595767118842812,0.56375973588558,0.520948249235466,0.486015841593158,0.449236042610163,0.414880951943101,0.39692226391074,0.357436391552986,0.312845738037784,0.257815826701242,0.155722388035492,0.165709852279127,0.105090311751233,0.0942642656260899,0.0455261123228838,0.0136585896377705
0.527749088477087,0.853076332351926,0.961745578407724,1,0.967367521717369,0.939491963283574,0.913339804462909,0.889056027643087,0.871939870628737,0.8564075347662,0.836992573466064,0.814093468085162,0.790112185009385,0.766305978829189,0.730157051123549,0.697702407607381,0.672309065454712,0.640531265212767,0.599597881500418,0.566635191047467,0.532582820440325,0.498429090184826,0.479660618289818,0.436138922548863,0.386776592515572,0.319965724734635,0.184798892076143,0.183995935087444,0.105827433978586,0.0895390123256696,0.0495123228747533,0.0188452511422705
0.487313311971802,0.82077891606535,0.920053545510551,0.967367521717369,1,0.976642905154205,0.950219787269817,0.927625594037491,0.908449678063802,0.893554641961325,0.876244307344793,0.857234464528372,0.836379643315274,0.813663179125033,0.782263608054373,0.753911805535267,0.729287699410505,0.696704133797798,0.657412392354749,0.626038540764738,0.593703181258257,0.558769878364306,0.541169542034865,0.498437040302736,0.444280395646478,0.371314024751797,0.227701818793715,0.216249958962522,0.143007526205942,0.109453832710866,0.0729592096089274,0.0338519876033234
0.461110662589701,0.789872591129895,0.888828792502321,0.939491963283574,0.976642905154205,1,0.978176611701726,0.956570684477052,0.937619106659997,0.924863187962245,0.909161054308412,0.891346281499251,0.868915306995148,0.846927549698646,0.820257542681827,0.792494162067984,0.767632025304387,0.736234042660916,0.69864185206132,0.667420975655013,0.635645958112917,0.601473797301359,0.583011661922423,0.541211674222156,0.485827724264568,0.406483295774494,0.248175353105561,0.22651138392707,0.148679692437245,0.110965670817136,0.0766470041894612,0.0477286242175042
0.443864818375635,0.758713628222877,0.860892985661189,0.913339804462909,0.950219787269817,0.978176611701726,1,0.983580329048848,0.964940406462973,0.951159112628316,0.934177413870355,0.917260841220873,0.896396225751338,0.874162991256104,0.849064225617525,0.821770584341651,0.798193060060855,0.770202928273024,0.734458749457173,0.70502556122987,0.674578273367938,0.641237360952191,0.621452735063533,0.578247570932111,0.519895916334025,0.433634279269991,0.268336662325009,0.228738978155882,0.14753894980048,0.110114532383851,0.074721128363883,0.0505026264247162
0.411512558281114,0.727061167609955,0.83017615016591,0.889056027643087,0.927625594037491,0.956570684477052,0.983580329048848,1,0.987178039383366,0.972813488603962,0.955643202995842,0.937380882546676,0.917356374585925,0.897929072613832,0.874426453628509,0.848430863907867,0.825560856672009,0.798029417316449,0.763345141254438,0.733027965467064,0.705771372192426,0.673036759769833,0.651284833903399,0.606315482572017,0.547813080369507,0.458302868215972,0.280582746476751,0.227319207544009,0.146523152569492,0.1126753189836,0.0751831921905769,0.0609480339908325
0.402083083131291,0.712837141104758,0.812379521445362,0.871939870628737,0.908449678063802,0.937619106659997,0.964940406462973,0.987178039383366,1,0.989682951760252,0.972175437620232,0.953814630482585,0.934570202749497,0.91656575739654,0.894588321848829,0.869175911936358,0.847323442447052,0.820120792975685,0.787144782099863,0.756849157620413,0.728877128126387,0.697412829787494,0.674645168480217,0.629094797592981,0.569989031494816,0.478238677513093,0.304505616719293,0.236817442991223,0.166039134306429,0.133061434966709,0.0881647498243652,0.0715742600499414
0.390782342771009,0.700318551918099,0.79483774338514,0.8564075347662,0.893554641961325,0.924863187962245,0.951159112628316,0.972813488603962,0.989682951760252,1,0.987761005391134,0.970382781980077,0.952269248268759,0.935557616677474,0.914518210721873,0.889707945578825,0.867952175680343,0.841156675310415,0.810300671498117,0.782877535589725,0.754707174393997,0.724307419250975,0.700306696000514,0.655251041542565,0.595838994057469,0.50264525840925,0.317678171021667,0.241240957399826,0.171166093699851,0.138394707451853,0.0936577503291513,0.0815182810004393
0.36193999658683,0.676727794321191,0.77306828776532,0.836992573466064,0.876244307344793,0.909161054308412,0.934177413870355,0.955643202995842,0.972175437620232,0.987761005391134,1,0.987438436458076,0.971424046860002,0.95686239413617,0.93903602154845,0.916051840605689,0.895062922917333,0.870394059795385,0.840937543713522,0.813688903047223,0.785301954788612,0.756046289629314,0.733233120290706,0.690685158188403,0.630626650631587,0.537131546873075,0.341156362893747,0.259328081557327,0.185219385314295,0.149934771590013,0.112118165910077,0.0923260637979272
0.336718990620786,0.650426484826546,0.746943890472034,0.814093468085162,0.857234464528372,0.891346281499251,0.917260841220873,0.937380882546676,0.953814630482585,0.970382781980077,0.987438436458076,1,0.987560467219808,0.975156521265346,0.957736399172658,0.937866426734314,0.918187899443432,0.895089758638247,0.866882847423382,0.840704617438118,0.813139120301376,0.78632056724366,0.763613553754746,0.719401594291847,0.657510257683986,0.559131070228549,0.355273073780084,0.267233586798296,0.187915865241899,0.155693077989526,0.12650340527285,0.107622873225059
0.321042896528779,0.624366109854466,0.718934632525128,0.790112185009385,0.836379643315274,0.868915306995148,0.896396225751338,0.917356374585925,0.934570202749497,0.952269248268759,0.971424046860002,0.987560467219808,1,0.988388945576772,0.971440476881518,0.954208663280073,0.938008201055214,0.917852033699311,0.891498986498515,0.866044622272629,0.838235450434785,0.811976831708214,0.79008083762838,0.746071872261794,0.684397284078851,0.584964632899335,0.372752231340549,0.275771880994268,0.19643016716854,0.16242955077451,0.1324727348075,0.117076527897771
0.299455124474872,0.598112306092185,0.691863642744526,0.766305978829189,0.813663179125033,0.846927549698646,0.874162991256104,0.897929072613832,0.91656575739654,0.935557616677474,0.95686239413617,0.975156521265346,0.988388945576772,1,0.988513586174086,0.974194024694884,0.959773371279942,0.941394522067315,0.916551968804541,0.891794618358462,0.866745316774883,0.842393442357575,0.821724482138407,0.77865907250843,0.716961482324748,0.614964339714847,0.392724531189437,0.291514739834721,0.207035602468703,0.17469265139965,0.146703180533974,0.12753917670036
0.273174853143359,0.563974090509087,0.655673931668384,0.730157051123549,0.782263608054373,0.820257542681827,0.849064225617525,0.874426453628509,0.894588321848829,0.914518210721873,0.93903602154845,0.957736399172658,0.971440476881518,0.988513586174086,1,0.99086670362024,0.978814067260218,0.962821582835456,0.941238698813449,0.918723565513284,0.897124897075455,0.874262610219927,0.854677265224106,0.813688358687066,0.753979970423781,0.650830477359712,0.42059344436387,0.308888119531932,0.227261697263888,0.193917762598927,0.160343882574484,0.138536530680189
0.248593379075079,0.530512363320796,0.62131634665315,0.697702407607381,0.753911805535267,0.792494162067984,0.821770584341651,0.848430863907867,0.869175911936358,0.889707945578825,0.916051840605689,0.937866426734314,0.954208663280073,0.974194024694884,0.99086670362024,1,0.99205406449739,0.978406022612133,0.959625617054113,0.938050733313653,0.917486880653249,0.895887723093777,0.876926809994151,0.83736446992631,0.779439451090196,0.67863840082615,0.44936231044127,0.327978940677495,0.243503104948243,0.204876989146422,0.1736685146972,0.150898398489768
0.237899311174333,0.508541721219994,0.595767118842812,0.672309065454712,0.729287699410505,0.767632025304387,0.798193060060855,0.825560856672009,0.847323442447052,0.867952175680343,0.895062922917333,0.918187899443432,0.938008201055214,0.959773371279942,0.978814067260218,0.99205406449739,1,0.990808547297033,0.974337626865612,0.95379077848408,0.934231350103984,0.912757636795684,0.896430589465622,0.859486438378758,0.805199134774254,0.706860259053915,0.472829139561444,0.339748805259662,0.256891545355537,0.220285783806423,0.194157965021775,0.173889081377601
0.219668941069821,0.474420302391726,0.56375973588558,0.640531265212767,0.696704133797798,0.736234042660916,0.770202928273024,0.798029417316449,0.820120792975685,0.841156675310415,0.870394059795385,0.895089758638247,0.917852033699311,0.941394522067315,0.962821582835456,0.978406022612133,0.990808547297033,1,0.98975393142762,0.971612554764748,0.953967665597278,0.933020037390208,0.917545524494471,0.883542643695879,0.832127124435288,0.732477114768167,0.493153613794503,0.347911691135547,0.262828160194203,0.227801273274292,0.201673445462808,0.179937954271204
0.192230147585619,0.431614587619353,0.520948249235466,0.599597881500418,0.657412392354749,0.69864185206132,0.734458749457173,0.763345141254438,0.787144782099863,0.810300671498117,0.840937543713522,0.866882847423382,0.891498986498515,0.916551968804541,0.941238698813449,0.959625617054113,0.974337626865612,0.98975393142762,1,0.988299012531783,0.972980978770298,0.953305057005311,0.936751399264007,0.906320537663603,0.857123901701391,0.760892427838601,0.515039692553569,0.363599912231562,0.279639115119616,0.238731905032816,0.21038381227455,0.186409677083595
0.16782798853221,0.396955406807156,0.486015841593158,0.566635191047467,0.626038540764738,0.667420975655013,0.70502556122987,0.733027965467064,0.756849157620413,0.782877535589725,0.813688903047223,0.840704617438118,0.866044622272629,0.891794618358462,0.918723565513284,0.938050733313653,0.95379077848408,0.971612554764748,0.988299012531783,1,0.988426181627885,0.971011839848646,0.95357473209665,0.925132609950481,0.879440998677622,0.781753011160892,0.530993952842952,0.377012121978289,0.294632405739784,0.250268848519063,0.220511889953004,0.195185821914284
0.1415150265224,0.361397920257787,0.449236042610163,0.532582820440325,0.593703181258257,0.635645958112917,0.674578273367938,0.705771372192426,0.728877128126387,0.754707174393997,0.785301954788612,0.813139120301376,0.838235450434785,0.866745316774883,0.897124897075455,0.917486880653249,0.934231350103984,0.953967665597278,0.972980978770298,0.988426181627885,1,0.986476937484103,0.971545172440354,0.947538248768018,0.906840159122294,0.80879936468062,0.554389754419383,0.393318900079694,0.30949416959381,0.264449295499495,0.237650274700987,0.209037838459411
0.125591748562644,0.331163529845364,0.414880951943101,0.498429090184826,0.558769878364306,0.601473797301359,0.641237360952191,0.673036759769833,0.697412829787494,0.724307419250975,0.756046289629314,0.78632056724366,0.811976831708214,0.842393442357575,0.874262610219927,0.895887723093777,0.912757636795684,0.933020037390208,0.953305057005311,0.971011839848646,0.986476937484103,1,0.98822942212497,0.967151097231102,0.931247816200312,0.838332272237083,0.570332080771031,0.403555530692039,0.31456768220024,0.273325739948047,0.246284865186933,0.225539509974288
0.122575006290601,0.317688030156142,0.39692226391074,0.479660618289818,0.541169542034865,0.583011661922423,0.621452735063533,0.651284833903399,0.674645168480217,0.700306696000514,0.733233120290706,0.763613553754746,0.79008083762838,0.821724482138407,0.854677265224106,0.876926809994151,0.896430589465622,0.917545524494471,0.936751399264007,0.95357473209665,0.971545172440354,0.98822942212497,1,0.984320724291618,0.950341771283074,0.857430012122065,0.588628413252435,0.412968939325814,0.320965226239495,0.278195349901414,0.252597202718461,0.233606121812457
0.102818168415396,0.283821756405166,0.357436391552986,0.436138922548863,0.498437040302736,0.541211674222156,0.578247570932111,0.606315482572017,0.629094797592981,0.655251041542565,0.690685158188403,0.719401594291847,0.746071872261794,0.77865907250843,0.813688358687066,0.83736446992631,0.859486438378758,0.883542643695879,0.906320537663603,0.925132609950481,0.947538248768018,0.967151097231102,0.984320724291618,1,0.977361726849079,0.894980282034829,0.636802492276938,0.450962873334441,0.35587535376622,0.310360888777823,0.28815904144782,0.265135304818313
0.0939899480921415,0.249305368973558,0.312845738037784,0.386776592515572,0.444280395646478,0.485827724264568,0.519895916334025,0.547813080369507,0.569989031494816,0.595838994057469,0.630626650631587,0.657510257683986,0.684397284078851,0.716961482324748,0.753979970423781,0.779439451090196,0.805199134774254,0.832127124435288,0.857123901701391,0.879440998677622,0.906840159122294,0.931247816200312,0.950341771283074,0.977361726849079,1,0.93328210159733,0.676169051659585,0.491297967796947,0.395971357978104,0.349260311650286,0.330523494870954,0.299239289567489
0.0560304928614133,0.204605369383042,0.257815826701242,0.319965724734635,0.371314024751797,0.406483295774494,0.433634279269991,0.458302868215972,0.478238677513093,0.50264525840925,0.537131546873075,0.559131070228549,0.584964632899335,0.614964339714847,0.650830477359712,0.67863840082615,0.706860259053915,0.732477114768167,0.760892427838601,0.781753011160892,0.80879936468062,0.838332272237083,0.857430012122065,0.894980282034829,0.93328210159733,1,0.796273746041323,0.597224500778099,0.497627371336207,0.439318776932205,0.409070827918797,0.346437649809876
0.0267953983995935,0.126503910566095,0.155722388035492,0.184798892076143,0.227701818793715,0.248175353105561,0.268336662325009,0.280582746476751,0.304505616719293,0.317678171021667,0.341156362893747,0.355273073780084,0.372752231340549,0.392724531189437,0.42059344436387,0.44936231044127,0.472829139561444,0.493153613794503,0.515039692553569,0.530993952842952,0.554389754419383,0.570332080771031,0.588628413252435,0.636802492276938,0.676169051659585,0.796273746041323,1,0.756758694051735,0.666685341125093,0.557490255131534,0.477852148606498,0.33099712865976
0.0864227332968692,0.154210670777547,0.165709852279127,0.183995935087444,0.216249958962522,0.22651138392707,0.228738978155882,0.227319207544009,0.236817442991223,0.241240957399826,0.259328081557327,0.267233586798296,0.275771880994268,0.291514739834721,0.308888119531932,0.327978940677495,0.339748805259662,0.347911691135547,0.363599912231562,0.377012121978289,0.393318900079694,0.403555530692039,0.412968939325814,0.450962873334441,0.491297967796947,0.597224500778099,0.756758694051735,1,0.812373551035158,0.646843343358672,0.491134617728858,0.343904728012054
0.0764080272476956,0.123530450451404,0.105090311751233,0.105827433978586,0.143007526205942,0.148679692437245,0.14753894980048,0.146523152569492,0.166039134306429,0.171166093699851,0.185219385314295,0.187915865241899,0.19643016716854,0.207035602468703,0.227261697263888,0.243503104948243,0.256891545355537,0.262828160194203,0.279639115119616,0.294632405739784,0.30949416959381,0.31456768220024,0.320965226239495,0.35587535376622,0.395971357978104,0.497627371336207,0.666685341125093,0.812373551035158,1,0.835578504918373,0.652817828674184,0.427834200451614
0.0903073912814602,0.120119763511758,0.0942642656260899,0.0895390123256696,0.109453832710866,0.110965670817136,0.110114532383851,0.1126753189836,0.133061434966709,0.138394707451853,0.149934771590013,0.155693077989526,0.16242955077451,0.17469265139965,0.193917762598927,0.204876989146422,0.220285783806423,0.227801273274292,0.238731905032816,0.250268848519063,0.264449295499495,0.273325739948047,0.278195349901414,0.310360888777823,0.349260311650286,0.439318776932205,0.557490255131534,0.646843343358672,0.835578504918373,1,0.784709155174744,0.533531315461975
0.0642123471064406,0.0733059798311897,0.0455261123228838,0.0495123228747533,0.0729592096089274,0.0766470041894612,0.074721128363883,0.0751831921905769,0.0881647498243652,0.0936577503291513,0.112118165910077,0.12650340527285,0.1324727348075,0.146703180533974,0.160343882574484,0.1736685146972,0.194157965021775,0.201673445462808,0.21038381227455,0.220511889953004,0.237650274700987,0.246284865186933,0.252597202718461,0.28815904144782,0.330523494870954,0.409070827918797,0.477852148606498,0.491134617728858,0.652817828674184,0.784709155174744,1,0.7171838665475
0.0436672614828692,0.0340780926175271,0.0136585896377705,0.0188452511422705,0.0338519876033234,0.0477286242175042,0.0505026264247162,0.0609480339908325,0.0715742600499414,0.0815182810004393,0.0923260637979272,0.107622873225059,0.117076527897771,0.12753917670036,0.138536530680189,0.150898398489768,0.173889081377601,0.179937954271204,0.186409677083595,0.195185821914284,0.209037838459411,0.225539509974288,0.233606121812457,0.265135304818313,0.299239289567489,0.346437649809876,0.33099712865976,0.343904728012054,0.427834200451614,0.533531315461975,0.7171838665475,1
