1,0.545113837724187,0.481344636103864,0.460847008330791,0.443027797133524,0.429451055476335,0.407567115759496,0.387318823644909,0.381950917253199,0.375190316470804,0.364229487959685,0.347116340294896,0.338381700426761,0.325187803103037,0.31770979087831,0.314118934192688,0.31426733411188,0.303031433833768,0.288349983460963,0.275023610158078,0.269469204833207,0.265997838593158,0.259558804283604,0.25007072295522,0.234523148892295,0.225965962592742,0.209353174239563,0.19362555227948,0.144696539482334,0.12889951895656,0.0906603593493962,0.0818859979953466
0.545113837724187,1,0.895829802391721,0.84649426266919,0.826191852967095,0.803111830656112,0.778605187812178,0.761676822338428,0.752679225644942,0.742137930216993,0.724348106562735,0.71072365392702,0.69485575269576,0.676034561171198,0.664519861836002,0.653229541566616,0.643226036763301,0.623852081233827,0.614011080456279,0.598521150373878,0.58440220223371,0.569585304147338,0.555646014099985,0.538451378435134,0.512333195085792,0.493955770305495,0.464022997853254,0.423534243738869,0.328341903441994,0.234825516648497,0.107800996068281,0.00401921550609661
0.481344636103864,0.895829802391721,1,0.959035478859191,0.937869780673938,0.915124241183094,0.897029079485446,0.884955595458112,0.877379577419,0.866457756791954,0.851647078685108,0.839838362772878,0.827995755158799,0.811320146759682,0.803994713484105,0.790936492395883,0.780667745047307,0.76143193515117,0.753137311363473,0.738633094443036,0.725299832207064,0.712285311666976,0.699501828915042,0.682948936626951,0.652839510780197,0.626951914995006,0.591102668190632,0.54966888049814,0.427468405679497,0.305020003263862,0.140836568690521,0.0326289729810678
0.460847008330791,0.84649426266919,0.959035478859191,1,0.980072916103545,0.957149199080591,0.939176980531835,0.929177575090832,0.920923795222483,0.912449409215605,0.897117793202292,0.882220211054477,0.871800757249461,0.856042897845863,0.846180947434353,0.832633573255752,0.820623949297857,0.801334030747133,0.791823016852062,0.780746388574457,0.766474029919485,0.755325953665953,0.74561162652553,0.730202768365706,0.702024465529894,0.677953967905293,0.64321155359659,0.601225791582023,0.483844989104363,0.34604373800266,0.163411679211144,0.0314807100572805
0.443027797133524,0.826191852967095,0.937869780673938,0.980072916103545,1,0.98189830163474,0.963734960273135,0.951992507930573,0.943803606019999,0.93552213067901,0.921153389670189,0.906298611051449,0.894730881407062,0.880274433677463,0.869425199462894,0.855562122526666,0.843285016918976,0.824718940266781,0.814408999646288,0.802986936228358,0.790323846881166,0.780030789267824,0.771284266904636,0.753999668690379,0.726321791537538,0.701603642351211,0.667031560200384,0.623630283641623,0.504698060358951,0.360533564756976,0.162778457295928,0.0392558953442753
0.429451055476335,0.803111830656112,0.915124241183094,0.957149199080591,0.98189830163474,1,0.983841313218383,0.97119017930991,0.962109796117359,0.952877823601699,0.9400311536027,0.927027798755661,0.91495758689831,0.902169223842159,0.891172094614291,0.877417538730725,0.866836163960529,0.849144863038582,0.83826105432356,0.827124576124308,0.814157331939002,0.804281170302284,0.794271618157996,0.777070977890633,0.750839981348882,0.725537296216471,0.691298611112076,0.64830942451119,0.530734654281979,0.387467156606444,0.175439297432297,0.0580405315806061
0.407567115759496,0.778605187812178,0.897029079485446,0.939176980531835,0.963734960273135,0.983841313218383,1,0.988437595963504,0.980081654095753,0.970512522772213,0.959152342787631,0.946952022152948,0.935199275937181,0.923372969751065,0.913528741992329,0.900763814089814,0.891585487733855,0.877182858964874,0.866773247882616,0.8552140561768,0.843614266574302,0.835772716531672,0.825706049425874,0.806966669930609,0.781828983227906,0.7580638371123,0.724095494077633,0.680734336152315,0.559229798740817,0.415883791219113,0.192461858650996,0.069676934325706
0.387318823644909,0.761676822338428,0.884955595458112,0.929177575090832,0.951992507930573,0.97119017930991,0.988437595963504,1,0.992088011550431,0.981357209596747,0.970615511661722,0.958187458192843,0.946437610941701,0.936853909827883,0.927260184143883,0.91526292515609,0.905415558325215,0.891628850300376,0.881204306390205,0.87045267432512,0.859045751159932,0.850821259204073,0.840776667175743,0.822797995424409,0.798195354460746,0.776325353933056,0.743789681255125,0.69941935140579,0.577941692254641,0.432656396379963,0.214081861404051,0.0819223206757465
0.381950917253199,0.752679225644942,0.877379577419,0.920923795222483,0.943803606019999,0.962109796117359,0.980081654095753,0.992088011550431,1,0.991490328178023,0.981059475570827,0.968316689901466,0.957152441810544,0.946574927405142,0.936913211978786,0.925629555875829,0.91625983702731,0.902190644835551,0.892785413584808,0.881795226337437,0.870578231946522,0.86265016556128,0.852770423425417,0.834758912123845,0.810073188785098,0.786838262745221,0.755885722737554,0.712620297304248,0.588267773399398,0.443800072962188,0.216483478819468,0.0915331727533718
0.375190316470804,0.742137930216993,0.866457756791954,0.912449409215605,0.93552213067901,0.952877823601699,0.970512522772213,0.981357209596747,0.991490328178023,1,0.992153674739051,0.979571426319973,0.968605651822623,0.957190487182079,0.947820938695124,0.936610584058942,0.927148925662237,0.9141012515985,0.905027064730671,0.894194337785548,0.883852431293761,0.876524634034177,0.866803896459082,0.848968598340066,0.824440679472603,0.802258674195883,0.773281916573132,0.728937032071985,0.605424885629101,0.457934743185499,0.220305347358517,0.105051720582868
0.364229487959685,0.724348106562735,0.851647078685108,0.897117793202292,0.921153389670189,0.9400311536027,0.959152342787631,0.970615511661722,0.981059475570827,0.992153674739051,1,0.989631425909841,0.979692951110348,0.967809372391134,0.958585060281807,0.947383288691528,0.937501289566627,0.924524186437798,0.915372951679972,0.904474025998964,0.894777294216611,0.888091197642946,0.879650493363748,0.862293001583626,0.839190338115632,0.818930296374028,0.790351372249659,0.745053740000853,0.625337303408364,0.479216585736287,0.235263755534891,0.120652906248396
0.347116340294896,0.71072365392702,0.839838362772878,0.882220211054477,0.906298611051449,0.927027798755661,0.946952022152948,0.958187458192843,0.968316689901466,0.979571426319973,0.989631425909841,1,0.991394214062602,0.980459466505034,0.970491587707379,0.95934753156002,0.949774960172175,0.937479327050787,0.928638445554357,0.917311203621909,0.907578389771691,0.899977456267448,0.891625758945336,0.87522007102534,0.851206619952424,0.830679051518005,0.803141557556554,0.757707313300995,0.636291041638157,0.491900247494858,0.248824462332335,0.132983964945294
0.338381700426761,0.69485575269576,0.827995755158799,0.871800757249461,0.894730881407062,0.91495758689831,0.935199275937181,0.946437610941701,0.957152441810544,0.968605651822623,0.979692951110348,0.991394214062602,1,0.990190581381832,0.980937997022431,0.96961352703942,0.959389734715288,0.947417735230171,0.938664269514593,0.927346342485339,0.917130486006659,0.909755857542835,0.901452943926566,0.886095650257371,0.861549250801812,0.841441885059376,0.814564870590582,0.772320166985324,0.650746244788322,0.506426326519128,0.256176913456363,0.141977663144949
0.325187803103037,0.676034561171198,0.811320146759682,0.856042897845863,0.880274433677463,0.902169223842159,0.923372969751065,0.936853909827883,0.946574927405142,0.957190487182079,0.967809372391134,0.980459466505034,0.990190581381832,1,0.992238485186393,0.982016561335828,0.97229044842957,0.960273426777174,0.951124305558506,0.941152855851705,0.931703340511293,0.923572986727069,0.915188675137502,0.901817060093742,0.877008393751298,0.857633552876436,0.831289893283784,0.791096625324303,0.668635876944416,0.523194025603391,0.275418036499924,0.144367135898734
0.31770979087831,0.664519861836002,0.803994713484105,0.846180947434353,0.869425199462894,0.891172094614291,0.913528741992329,0.927260184143883,0.936913211978786,0.947820938695124,0.958585060281807,0.970491587707379,0.980937997022431,0.992238485186393,1,0.992277766029328,0.983164733497397,0.972278845422332,0.962332542398343,0.952047270779717,0.94336593197067,0.935404033004214,0.927221953938875,0.912643944342408,0.887475542447232,0.867512733684181,0.841912055644744,0.80197218128407,0.679658527002664,0.53347766206299,0.288226020643962,0.156472013278895
0.314118934192688,0.653229541566616,0.790936492395883,0.832633573255752,0.855562122526666,0.877417538730725,0.900763814089814,0.91526292515609,0.925629555875829,0.936610584058942,0.947383288691528,0.95934753156002,0.96961352703942,0.982016561335828,0.992277766029328,1,0.993995489975601,0.984125057920687,0.973880294969377,0.963990887318577,0.954418558261146,0.945944271775782,0.936782312081193,0.92284683085251,0.898288693627774,0.879156530633267,0.855894433276959,0.817703772286184,0.698127314636449,0.551637053979697,0.296513747484874,0.15846774701422
0.31426733411188,0.643226036763301,0.780667745047307,0.820623949297857,0.843285016918976,0.866836163960529,0.891585487733855,0.905415558325215,0.91625983702731,0.927148925662237,0.937501289566627,0.949774960172175,0.959389734715288,0.97229044842957,0.983164733497397,0.993995489975601,1,0.993047330420557,0.983683674522957,0.974035234784563,0.964634528597226,0.955074678590475,0.944756623690056,0.930936167369068,0.906530904263207,0.887899605177847,0.864739016538559,0.825683538936754,0.704268015993819,0.558459800526226,0.30433374579119,0.16780710784074
0.303031433833768,0.623852081233827,0.76143193515117,0.801334030747133,0.824718940266781,0.849144863038582,0.877182858964874,0.891628850300376,0.902190644835551,0.9141012515985,0.924524186437798,0.937479327050787,0.947417735230171,0.960273426777174,0.972278845422332,0.984125057920687,0.993047330420557,1,0.993109814066546,0.983954533878625,0.974592725787932,0.964403114615023,0.954803074340675,0.941724603123669,0.917880993250572,0.899998479331552,0.877033778162285,0.837254653310606,0.718555066959374,0.572830142040554,0.318798138035563,0.177443582284224
0.288349983460963,0.614011080456279,0.753137311363473,0.791823016852062,0.814408999646288,0.83826105432356,0.866773247882616,0.881204306390205,0.892785413584808,0.905027064730671,0.915372951679972,0.928638445554357,0.938664269514593,0.951124305558506,0.962332542398343,0.973880294969377,0.983683674522957,0.993109814066546,1,0.993027966360593,0.984193532056043,0.974563032239466,0.964314019273509,0.952113500793995,0.929449482144503,0.911808710876304,0.889509494852466,0.851988696592659,0.735191894840278,0.589283277641261,0.323658250665055,0.176116022176586
0.275023610158078,0.598521150373878,0.738633094443036,0.780746388574457,0.802986936228358,0.827124576124308,0.8552140561768,0.87045267432512,0.881795226337437,0.894194337785548,0.904474025998964,0.917311203621909,0.927346342485339,0.941152855851705,0.952047270779717,0.963990887318577,0.974035234784563,0.983954533878625,0.993027966360593,1,0.991745800382494,0.983049927590783,0.972510486601302,0.96119575097956,0.940517316190228,0.922805476188465,0.900721231453323,0.865613393859738,0.753732064024298,0.606571971348609,0.332428580928812,0.184772201948934
0.269469204833207,0.58440220223371,0.725299832207064,0.766474029919485,0.790323846881166,0.814157331939002,0.843614266574302,0.859045751159932,0.870578231946522,0.883852431293761,0.894777294216611,0.907578389771691,0.917130486006659,0.931703340511293,0.94336593197067,0.954418558261146,0.964634528597226,0.974592725787932,0.984193532056043,0.991745800382494,1,0.992274787917017,0.982923882212424,0.970580628560026,0.951960280061675,0.933138955584185,0.91156124972982,0.875360966945696,0.761807886649286,0.618605388378961,0.332632676297837,0.196504093620644
0.265997838593158,0.569585304147338,0.712285311666976,0.755325953665953,0.780030789267824,0.804281170302284,0.835772716531672,0.850821259204073,0.86265016556128,0.876524634034177,0.888091197642946,0.899977456267448,0.909755857542835,0.923572986727069,0.935404033004214,0.945944271775782,0.955074678590475,0.964403114615023,0.974563032239466,0.983049927590783,0.992274787917017,1,0.992745706026452,0.979745118591353,0.961073713045707,0.942124033743667,0.921101979622441,0.885247283624903,0.772894071862309,0.628244302263487,0.331842384407111,0.194817070998034
0.259558804283604,0.555646014099985,0.699501828915042,0.74561162652553,0.771284266904636,0.794271618157996,0.825706049425874,0.840776667175743,0.852770423425417,0.866803896459082,0.879650493363748,0.891625758945336,0.901452943926566,0.915188675137502,0.927221953938875,0.936782312081193,0.944756623690056,0.954803074340675,0.964314019273509,0.972510486601302,0.982923882212424,0.992745706026452,1,0.989071286109701,0.970714073734986,0.95164099305645,0.930436797173575,0.894200362713571,0.78164791009544,0.640308300494333,0.342288625670661,0.208341957437634
0.25007072295522,0.538451378435134,0.682948936626951,0.730202768365706,0.753999668690379,0.777070977890633,0.806966669930609,0.822797995424409,0.834758912123845,0.848968598340066,0.862293001583626,0.87522007102534,0.886095650257371,0.901817060093742,0.912643944342408,0.92284683085251,0.930936167369068,0.941724603123669,0.952113500793995,0.96119575097956,0.970580628560026,0.979745118591353,0.989071286109701,1,0.98690390726998,0.968725431747856,0.949682048914889,0.915409842540723,0.805761116122243,0.671165163180631,0.360554038465757,0.219212646284273
0.234523148892295,0.512333195085792,0.652839510780197,0.702024465529894,0.726321791537538,0.750839981348882,0.781828983227906,0.798195354460746,0.810073188785098,0.824440679472603,0.839190338115632,0.851206619952424,0.861549250801812,0.877008393751298,0.887475542447232,0.898288693627774,0.906530904263207,0.917880993250572,0.929449482144503,0.940517316190228,0.951960280061675,0.961073713045707,0.970714073734986,0.98690390726998,1,0.986094186128233,0.969174014862407,0.940654015323678,0.847522244593009,0.716707455226054,0.386190798681798,0.235445449089949
0.225965962592742,0.493955770305495,0.626951914995006,0.677953967905293,0.701603642351211,0.725537296216471,0.7580638371123,0.776325353933056,0.786838262745221,0.802258674195883,0.818930296374028,0.830679051518005,0.841441885059376,0.857633552876436,0.867512733684181,0.879156530633267,0.887899605177847,0.899998479331552,0.911808710876304,0.922805476188465,0.933138955584185,0.942124033743667,0.95164099305645,0.968725431747856,0.986094186128233,1,0.981904013110735,0.952859040827705,0.865040408831416,0.740425094678349,0.409546533021148,0.247103098705527
0.209353174239563,0.464022997853254,0.591102668190632,0.64321155359659,0.667031560200384,0.691298611112076,0.724095494077633,0.743789681255125,0.755885722737554,0.773281916573132,0.790351372249659,0.803141557556554,0.814564870590582,0.831289893283784,0.841912055644744,0.855894433276959,0.864739016538559,0.877033778162285,0.889509494852466,0.900721231453323,0.91156124972982,0.921101979622441,0.930436797173575,0.949682048914889,0.969174014862407,0.981904013110735,1,0.976872286222438,0.902677603188476,0.777023154126753,0.419491977724146,0.263176996603423
0.19362555227948,0.423534243738869,0.54966888049814,0.601225791582023,0.623630283641623,0.64830942451119,0.680734336152315,0.69941935140579,0.712620297304248,0.728937032071985,0.745053740000853,0.757707313300995,0.772320166985324,0.791096625324303,0.80197218128407,0.817703772286184,0.825683538936754,0.837254653310606,0.851988696592659,0.865613393859738,0.875360966945696,0.885247283624903,0.894200362713571,0.915409842540723,0.940654015323678,0.952859040827705,0.976872286222438,1,0.936831358325302,0.815801809460287,0.45328509614678,0.28102553387427
0.144696539482334,0.328341903441994,0.427468405679497,0.483844989104363,0.504698060358951,0.530734654281979,0.559229798740817,0.577941692254641,0.588267773399398,0.605424885629101,0.625337303408364,0.636291041638157,0.650746244788322,0.668635876944416,0.679658527002664,0.698127314636449,0.704268015993819,0.718555066959374,0.735191894840278,0.753732064024298,0.761807886649286,0.772894071862309,0.78164791009544,0.805761116122243,0.847522244593009,0.865040408831416,0.902677603188476,0.936831358325302,1,0.878116506022277,0.480348905856417,0.276353118894478
0.12889951895656,0.234825516648497,0.305020003263862,0.34604373800266,0.360533564756976,0.387467156606444,0.415883791219113,0.432656396379963,0.443800072962188,0.457934743185499,0.479216585736287,0.491900247494858,0.506426326519128,0.523194025603391,0.53347766206299,0.551637053979697,0.558459800526226,0.572830142040554,0.589283277641261,0.606571971348609,0.618605388378961,0.628244302263487,0.640308300494333,0.671165163180631,0.716707455226054,0.740425094678349,0.777023154126753,0.815801809460287,0.878116506022277,1,0.61305774624662,0.354556871360027
0.0906603593493962,0.107800996068281,0.140836568690521,0.163411679211144,0.162778457295928,0.175439297432297,0.192461858650996,0.214081861404051,0.216483478819468,0.220305347358517,0.235263755534891,0.248824462332335,0.256176913456363,0.275418036499924,0.288226020643962,0.296513747484874,0.30433374579119,0.318798138035563,0.323658250665055,0.332428580928812,0.332632676297837,0.331842384407111,0.342288625670661,0.360554038465757,0.386190798681798,0.409546533021148,0.419491977724146,0.45328509614678,0.480348905856417,0.61305774624662,1,0.418086730243247
0.0818859979953466,0.00401921550609661,0.0326289729810678,0.0314807100572805,0.0392558953442753,0.0580405315806061,0.069676934325706,0.0819223206757465,0.0915331727533718,0.105051720582868,0.120652906248396,0.132983964945294,0.141977663144949,0.144367135898734,0.156472013278895,0.15846774701422,0.16780710784074,0.177443582284224,0.176116022176586,0.184772201948934,0.196504093620644,0.194817070998034,0.208341957437634,0.219212646284273,0.235445449089949,0.247103098705527,0.263176996603423,0.28102553387427,0.276353118894478,0.354556871360027,0.418086730243247,1
