1,0.874154470097799,0.836298646174083,0.818699818542032,0.801307969112238,0.791634523036722,0.781304953963638,0.768584145565766,0.763063935614743,0.758432238089303,0.751769224242101,0.744602982822513,0.736703000132007,0.732092766617672,0.727118065805093,0.718484197929313,0.708777285881748,0.691507159102894,0.67910601823312,0.668248762572687,0.656568226687746,0.649096631787038,0.639760341612325,0.630189135074692,0.618221016575825,0.607850196491641,0.580000700014368,0.552057713148968,0.505689047056736,0.411692072004094,0.190830484448721,-0.0932754263445933
0.874154470097799,1,0.970384122274338,0.955237417214542,0.943469257527782,0.93749499018451,0.930805127804688,0.923153803737175,0.918683021250935,0.913357186290996,0.906068362734338,0.898639643394219,0.892509374735113,0.887126357950371,0.881732217748665,0.872037039278197,0.86416263828476,0.852800463984338,0.843098553223985,0.83145931135799,0.821686791544036,0.814251371749179,0.806309917250039,0.795248253003902,0.782407157843522,0.76931196432998,0.745799363998102,0.719951397415115,0.666708598720893,0.565006328826669,0.295772288653909,-0.0388369995284335
0.836298646174083,0.970384122274338,1,0.987406491977328,0.977492905753313,0.971475193021691,0.96576445423634,0.959726726520498,0.956098010650704,0.951995836092956,0.945695919776841,0.939469123841022,0.934209885457681,0.929120421268249,0.925188732322204,0.917567413670674,0.910848201323891,0.901287852352588,0.892315891706641,0.881277263832248,0.872707985305503,0.86508056561119,0.857233218481965,0.847353957491214,0.834944915284101,0.821802455730825,0.800340116707069,0.774758765395039,0.723561292244594,0.618815027718878,0.34064295064715,-0.00252083496496606
0.818699818542032,0.955237417214542,0.987406491977328,1,0.990471511707283,0.984597696730912,0.978591611760541,0.972576468442227,0.968695072019737,0.964840785446294,0.958800841089372,0.953567747134556,0.9492367049862,0.944684100007256,0.940801564035069,0.934185923724256,0.927655261025617,0.918700332287234,0.910055629284981,0.899111892349827,0.889830040441974,0.882188152842926,0.874024083657363,0.864350206161212,0.852336907969878,0.839424345462611,0.818861104333824,0.794139975008244,0.74207541323701,0.636975547563872,0.354722701982474,0.00795749576270531
0.801307969112238,0.943469257527782,0.977492905753313,0.990471511707283,1,0.994753143418393,0.988777924379026,0.983819532717537,0.979404298545488,0.975802699045668,0.970297695080124,0.965477536997668,0.961696830356922,0.957954471463573,0.954722697361494,0.948831952841335,0.942139498894956,0.934914995329718,0.926876274406824,0.917433740181288,0.909435038831643,0.902213995674972,0.894865560070431,0.8863520242982,0.875664497467598,0.86377202268004,0.844246898990049,0.821439148046985,0.771395779176837,0.668564795381214,0.383723720889641,0.0261059921794392
0.791634523036722,0.93749499018451,0.971475193021691,0.984597696730912,0.994753143418393,1,0.995010023815472,0.990083968894067,0.985164680873478,0.981521954666305,0.976051987368184,0.971660463573707,0.967615382610418,0.963793974939619,0.960104518328251,0.954317428285726,0.94806223532277,0.941327256685859,0.934241600360316,0.925962962906648,0.918703835620836,0.911809547834146,0.904472797333373,0.896511715809397,0.886703322715175,0.875357456289514,0.855596365013213,0.833942877088571,0.783944408287968,0.680970959717784,0.397398429881747,0.033218990653483
0.781304953963638,0.930805127804688,0.96576445423634,0.978591611760541,0.988777924379026,0.995010023815472,1,0.995779032839296,0.992060828304979,0.988271819784946,0.983412489075683,0.978962091533999,0.974922774249199,0.970889855077477,0.966528501798951,0.96095023292427,0.954896163474411,0.947886079897453,0.940880242224258,0.933042239280993,0.926165997407345,0.919582581762267,0.912566645214379,0.904576944981631,0.89548161391673,0.884691247035398,0.865446435334424,0.843408073265836,0.794042989085427,0.692496701494911,0.409316121923226,0.0428462111568461
0.768584145565766,0.923153803737175,0.959726726520498,0.972576468442227,0.983819532717537,0.990083968894067,0.995779032839296,1,0.996996965898091,0.993376263226929,0.988715852136975,0.984752771350724,0.980721580546673,0.976643910327772,0.972622001142719,0.967542390033352,0.961931115299837,0.955256840809514,0.948943757795144,0.941790338891121,0.935734118265318,0.929939347518563,0.923985243756595,0.916434069251538,0.907468495979495,0.897170435378901,0.87852626532665,0.857053232990134,0.810062175493402,0.712609160113226,0.433055700145493,0.0587772911931783
0.763063935614743,0.918683021250935,0.956098010650704,0.968695072019737,0.979404298545488,0.985164680873478,0.992060828304979,0.996996965898091,1,0.997062318773764,0.992775550401427,0.988492438250508,0.983770846078101,0.979444434311212,0.975197171613934,0.969887075486115,0.963851141503602,0.95733249907449,0.951058979068047,0.944103155911734,0.938055924656395,0.932752623604362,0.927215369351033,0.919963517074153,0.91097025652974,0.900873579747729,0.882820729890964,0.861227520353567,0.814512746515251,0.717357293537921,0.43849988122517,0.0633635155733829
0.758432238089303,0.913357186290996,0.951995836092956,0.964840785446294,0.975802699045668,0.981521954666305,0.988271819784946,0.993376263226929,0.997062318773764,1,0.99671188044148,0.992508388107987,0.987943619163087,0.983855263431102,0.979451751127148,0.97405555792013,0.96774942353168,0.961320955239333,0.954820664329318,0.948016062532506,0.941976087472946,0.937026546574452,0.931496594190425,0.924525188446949,0.915886327869295,0.905932536842222,0.888367466432465,0.866721531683414,0.820078850147355,0.723201896877778,0.446229657590478,0.0741621306013427
0.751769224242101,0.906068362734338,0.945695919776841,0.958800841089372,0.970297695080124,0.976051987368184,0.983412489075683,0.988715852136975,0.992775550401427,0.99671188044148,1,0.996930708569379,0.992788307729801,0.988971943414465,0.98459668079824,0.978883152806249,0.973100267231309,0.966680681355096,0.960305452116114,0.95411218932758,0.948599155276294,0.943733356251841,0.938131082202086,0.931868358316023,0.923193204758442,0.914175323411727,0.897322783259821,0.876689702967777,0.8319023461173,0.736987498076739,0.460851698273918,0.0853874512862237
0.744602982822513,0.898639643394219,0.939469123841022,0.953567747134556,0.965477536997668,0.971660463573707,0.978962091533999,0.984752771350724,0.988492438250508,0.992508388107987,0.996930708569379,1,0.9971602107769,0.993430703563693,0.988889078766399,0.983310671460008,0.977559353594032,0.971390716254371,0.965459541588952,0.959304102944975,0.953687480232771,0.948555723894555,0.94327437268889,0.93698486005705,0.928293324119975,0.919775620171551,0.903311893450545,0.883064914344518,0.838587645838629,0.744187226175791,0.466495521609824,0.0882770885802927
0.736703000132007,0.892509374735113,0.934209885457681,0.9492367049862,0.961696830356922,0.967615382610418,0.974922774249199,0.980721580546673,0.983770846078101,0.987943619163087,0.992788307729801,0.9971602107769,1,0.997539302731112,0.993401419611448,0.98827878066164,0.982987235578442,0.976856798071608,0.970777164182178,0.96465856004796,0.959138489215494,0.954462166251343,0.94893123848121,0.942739852882538,0.934688910813035,0.925878274804539,0.910427593539946,0.89030742938405,0.845386156300526,0.750681488751106,0.472214416722405,0.0937146447297645
0.732092766617672,0.887126357950371,0.929120421268249,0.944684100007256,0.957954471463573,0.963793974939619,0.970889855077477,0.976643910327772,0.979444434311212,0.983855263431102,0.988971943414465,0.993430703563693,0.997539302731112,1,0.997107043576856,0.992933612952273,0.988023513538901,0.982205564578407,0.976199823600889,0.970198387910817,0.964691141171708,0.960482091035738,0.954715274367337,0.948629994784231,0.940616431527885,0.932190866333604,0.917961829134812,0.898502473532918,0.854096038328779,0.761443958333678,0.486097270971861,0.101224695348667
0.727118065805093,0.881732217748665,0.925188732322204,0.940801564035069,0.954722697361494,0.960104518328251,0.966528501798951,0.972622001142719,0.975197171613934,0.979451751127148,0.98459668079824,0.988889078766399,0.993401419611448,0.997107043576856,1,0.99708051952992,0.993268966092763,0.988181876501614,0.982472267791807,0.976662972577621,0.971187440741246,0.966899235079793,0.961096168070325,0.955066505244504,0.946705539568133,0.938774321541771,0.924713795679827,0.906046080101461,0.863112939482172,0.772425346654522,0.497466199565364,0.11055078248439
0.718484197929313,0.872037039278197,0.917567413670674,0.934185923724256,0.948831952841335,0.954317428285726,0.96095023292427,0.967542390033352,0.969887075486115,0.97405555792013,0.978883152806249,0.983310671460008,0.98827878066164,0.992933612952273,0.99708051952992,1,0.997414302374572,0.992789220310949,0.987545557256126,0.981987028697823,0.976517119565613,0.972370960310713,0.967506533182319,0.962040805758881,0.954235535309319,0.946658047829637,0.93378505385703,0.915895568755588,0.874487955727905,0.785972895339574,0.512182031945889,0.121999479930727
0.708777285881748,0.86416263828476,0.910848201323891,0.927655261025617,0.942139498894956,0.94806223532277,0.954896163474411,0.961931115299837,0.963851141503602,0.96774942353168,0.973100267231309,0.977559353594032,0.982987235578442,0.988023513538901,0.993268966092763,0.997414302374572,1,0.996906493710355,0.99229208208864,0.987206317286298,0.98199632107663,0.977855989774815,0.972903932206041,0.967718715652357,0.960079046076133,0.952197089995889,0.940108572304757,0.922339829173447,0.882372098453813,0.795439118832727,0.524094700277874,0.132860764051441
0.691507159102894,0.852800463984338,0.901287852352588,0.918700332287234,0.934914995329718,0.941327256685859,0.947886079897453,0.955256840809514,0.95733249907449,0.961320955239333,0.966680681355096,0.971390716254371,0.976856798071608,0.982205564578407,0.988181876501614,0.992789220310949,0.996906493710355,1,0.997069747520875,0.992548538126056,0.988057662452645,0.983670289929942,0.979052790352418,0.973941865639753,0.967330056148754,0.959470106734614,0.948185001438378,0.931416996537853,0.89284277470851,0.806501362432489,0.533697048523635,0.144393586136344
0.67910601823312,0.843098553223985,0.892315891706641,0.910055629284981,0.926876274406824,0.934241600360316,0.940880242224258,0.948943757795144,0.951058979068047,0.954820664329318,0.960305452116114,0.965459541588952,0.970777164182178,0.976199823600889,0.982472267791807,0.987545557256126,0.99229208208864,0.997069747520875,1,0.996766004022333,0.992663686235604,0.988398545193938,0.983866388007719,0.978491930216119,0.972129825273787,0.964633844514082,0.953581156758932,0.938123451150876,0.900656485620018,0.815719455100199,0.545086313330978,0.154661653834373
0.668248762572687,0.83145931135799,0.881277263832248,0.899111892349827,0.917433740181288,0.925962962906648,0.933042239280993,0.941790338891121,0.944103155911734,0.948016062532506,0.95411218932758,0.959304102944975,0.96465856004796,0.970198387910817,0.976662972577621,0.981987028697823,0.987206317286298,0.992548538126056,0.996766004022333,1,0.997202885374168,0.993402672410061,0.989000927117563,0.984197593302416,0.978207365491111,0.971125381828769,0.960660652356689,0.946247750818972,0.909935406222383,0.82812839163489,0.562939595685515,0.164941860352944
0.656568226687746,0.821686791544036,0.872707985305503,0.889830040441974,0.909435038831643,0.918703835620836,0.926165997407345,0.935734118265318,0.938055924656395,0.941976087472946,0.948599155276294,0.953687480232771,0.959138489215494,0.964691141171708,0.971187440741246,0.976517119565613,0.98199632107663,0.988057662452645,0.992663686235604,0.997202885374168,1,0.997103957747589,0.993312371705749,0.988834349391113,0.983562088283939,0.976674042192187,0.966936436523695,0.953017370044628,0.917297985573332,0.837777884732246,0.572513230524868,0.170233683642047
0.649096631787038,0.814251371749179,0.86508056561119,0.882188152842926,0.902213995674972,0.911809547834146,0.919582581762267,0.929939347518563,0.932752623604362,0.937026546574452,0.943733356251841,0.948555723894555,0.954462166251343,0.960482091035738,0.966899235079793,0.972370960310713,0.977855989774815,0.983670289929942,0.988398545193938,0.993402672410061,0.997103957747589,1,0.997004464855823,0.992974375875054,0.987406388924811,0.980965626749301,0.971056153423435,0.957879190378444,0.923509957283267,0.847418486248398,0.587511941598707,0.18344318329863
0.639760341612325,0.806309917250039,0.857233218481965,0.874024083657363,0.894865560070431,0.904472797333373,0.912566645214379,0.923985243756595,0.927215369351033,0.931496594190425,0.938131082202086,0.94327437268889,0.94893123848121,0.954715274367337,0.961096168070325,0.967506533182319,0.972903932206041,0.979052790352418,0.983866388007719,0.989000927117563,0.993312371705749,0.997004464855823,1,0.99666723236856,0.991839261169715,0.985766816232698,0.976386733351642,0.963902006985456,0.931751274052141,0.858781094868216,0.602215872499576,0.200773467007095
0.630189135074692,0.795248253003902,0.847353957491214,0.864350206161212,0.8863520242982,0.896511715809397,0.904576944981631,0.916434069251538,0.919963517074153,0.924525188446949,0.931868358316023,0.93698486005705,0.942739852882538,0.948629994784231,0.955066505244504,0.962040805758881,0.967718715652357,0.973941865639753,0.978491930216119,0.984197593302416,0.988834349391113,0.992974375875054,0.99666723236856,1,0.99609107145188,0.991266231485277,0.983259651847565,0.972004090121458,0.941976546221404,0.872222468273629,0.622042946274526,0.216429021372786
0.618221016575825,0.782407157843522,0.834944915284101,0.852336907969878,0.875664497467598,0.886703322715175,0.89548161391673,0.907468495979495,0.91097025652974,0.915886327869295,0.923193204758442,0.928293324119975,0.934688910813035,0.940616431527885,0.946705539568133,0.954235535309319,0.960079046076133,0.967330056148754,0.972129825273787,0.978207365491111,0.983562088283939,0.987406388924811,0.991839261169715,0.99609107145188,1,0.995840942859708,0.988964555949069,0.978158076299167,0.949835182306661,0.881475912687019,0.632041432891048,0.227127892988769
0.607850196491641,0.76931196432998,0.821802455730825,0.839424345462611,0.86377202268004,0.875357456289514,0.884691247035398,0.897170435378901,0.900873579747729,0.905932536842222,0.914175323411727,0.919775620171551,0.925878274804539,0.932190866333604,0.938774321541771,0.946658047829637,0.952197089995889,0.959470106734614,0.964633844514082,0.971125381828769,0.976674042192187,0.980965626749301,0.985766816232698,0.991266231485277,0.995840942859708,1,0.993861632373156,0.984249366186796,0.958357515281745,0.893383956836099,0.651641010166889,0.247656094813148
0.580000700014368,0.745799363998102,0.800340116707069,0.818861104333824,0.844246898990049,0.855596365013213,0.865446435334424,0.87852626532665,0.882820729890964,0.888367466432465,0.897322783259821,0.903311893450545,0.910427593539946,0.917961829134812,0.924713795679827,0.93378505385703,0.940108572304757,0.948185001438378,0.953581156758932,0.960660652356689,0.966936436523695,0.971056153423435,0.976386733351642,0.983259651847565,0.988964555949069,0.993861632373156,1,0.992433245911785,0.970013486515604,0.909869816920796,0.678915554798505,0.275085997151038
0.552057713148968,0.719951397415115,0.774758765395039,0.794139975008244,0.821439148046985,0.833942877088571,0.843408073265836,0.857053232990134,0.861227520353567,0.866721531683414,0.876689702967777,0.883064914344518,0.89030742938405,0.898502473532918,0.906046080101461,0.915895568755588,0.922339829173447,0.931416996537853,0.938123451150876,0.946247750818972,0.953017370044628,0.957879190378444,0.963902006985456,0.972004090121458,0.978158076299167,0.984249366186796,0.992433245911785,1,0.982539845152801,0.927034850537567,0.704520878437971,0.298200656586691
0.505689047056736,0.666708598720893,0.723561292244594,0.74207541323701,0.771395779176837,0.783944408287968,0.794042989085427,0.810062175493402,0.814512746515251,0.820078850147355,0.8319023461173,0.838587645838629,0.845386156300526,0.854096038328779,0.863112939482172,0.874487955727905,0.882372098453813,0.89284277470851,0.900656485620018,0.909935406222383,0.917297985573332,0.923509957283267,0.931751274052141,0.941976546221404,0.949835182306661,0.958357515281745,0.970013486515604,0.982539845152801,1,0.960553332002304,0.76502765544335,0.353063067012026
0.411692072004094,0.565006328826669,0.618815027718878,0.636975547563872,0.668564795381214,0.680970959717784,0.692496701494911,0.712609160113226,0.717357293537921,0.723201896877778,0.736987498076739,0.744187226175791,0.750681488751106,0.761443958333678,0.772425346654522,0.785972895339574,0.795439118832727,0.806501362432489,0.815719455100199,0.82812839163489,0.837777884732246,0.847418486248398,0.858781094868216,0.872222468273629,0.881475912687019,0.893383956836099,0.909869816920796,0.927034850537567,0.960553332002304,1,0.859025608101079,0.428730418101199
0.190830484448721,0.295772288653909,0.34064295064715,0.354722701982474,0.383723720889641,0.397398429881747,0.409316121923226,0.433055700145493,0.43849988122517,0.446229657590478,0.460851698273918,0.466495521609824,0.472214416722405,0.486097270971861,0.497466199565364,0.512182031945889,0.524094700277874,0.533697048523635,0.545086313330978,0.562939595685515,0.572513230524868,0.587511941598707,0.602215872499576,0.622042946274526,0.632041432891048,0.651641010166889,0.678915554798505,0.704520878437971,0.76502765544335,0.859025608101079,1,0.607689503207801
-0.0932754263445933,-0.0388369995284335,-0.00252083496496606,0.00795749576270531,0.0261059921794392,0.033218990653483,0.0428462111568461,0.0587772911931783,0.0633635155733829,0.0741621306013427,0.0853874512862237,0.0882770885802927,0.0937146447297645,0.101224695348667,0.11055078248439,0.121999479930727,0.132860764051441,0.144393586136344,0.154661653834373,0.164941860352944,0.170233683642047,0.18344318329863,0.200773467007095,0.216429021372786,0.227127892988769,0.247656094813148,0.275085997151038,0.298200656586691,0.353063067012026,0.428730418101199,0.607689503207801,1
