1,0.626123894121879,0.560529824191126,0.517390489995641,0.485818887243811,0.460893003498711,0.445398226052,0.425985035393776,0.418329757569164,0.399555131689418,0.373675427725093,0.362654340270556,0.343657158919674,0.320747155699462,0.304791323589921,0.296742671685608,0.280005659584908,0.266309894534837,0.252535492098109,0.241931784379345,0.22798449596288,0.205433831825295,0.194101371924949,0.172640913692302,0.146126707938647,0.130569772031846,0.0898724727698217,0.0643741714439439,0.0214871901905845,-0.0825135173138769,-0.142184449290968,-0.108050633539209
0.626123894121879,1,0.927375411223442,0.878464118933082,0.844701104576456,0.821203749199967,0.797403503391323,0.777641542460735,0.763961575372133,0.748102988258752,0.72484354205249,0.706661524477531,0.682905169738663,0.66364585338156,0.641085778076586,0.623298671487621,0.597942116394221,0.572719742119875,0.548554971296708,0.534693333743422,0.509591240804074,0.47998305849407,0.455893600765151,0.429904424418447,0.38147184540354,0.343482683084921,0.293498641953245,0.238584190179896,0.168467870661839,0.0575067172909699,-0.0447557311883946,-0.0575264191107777
0.560529824191126,0.927375411223442,1,0.963683057316123,0.933108954343538,0.906810438127908,0.882156029729897,0.862908643908442,0.849532805174849,0.831925893335548,0.808570037665006,0.79181558882635,0.766316015542191,0.742239746010837,0.718046420009165,0.69999199784353,0.675314552422011,0.648836122170442,0.622429482005571,0.60487885078133,0.580213481577738,0.552036485098986,0.526403316288347,0.496567940213851,0.445010804646313,0.397887055832359,0.347432854863045,0.284210456072083,0.201328315557743,0.0973576304098041,-0.0316039005155536,-0.050354996729181
0.517390489995641,0.878464118933082,0.963683057316123,1,0.977810395941748,0.953155375586051,0.928719360633412,0.909792835003067,0.897555290693083,0.880603530271894,0.860694658001436,0.844524250883893,0.819232779072405,0.797369770669233,0.7747781312235,0.75961599733275,0.734872320474137,0.709559466592375,0.683177696657864,0.66425106213436,0.64086167957221,0.612808027194747,0.588807116051519,0.557258726677638,0.504648984217652,0.454841879091446,0.402577055969245,0.331693582396007,0.243161297446278,0.132373961259754,0.000627094893535024,-0.0284017012584476
0.485818887243811,0.844701104576456,0.933108954343538,0.977810395941748,1,0.982139392996039,0.961387743065674,0.944444984739041,0.932442255287548,0.918377600984726,0.899605028407672,0.882857348532564,0.859495513700432,0.839124127615245,0.817944512887991,0.803283127322884,0.780840314033179,0.755423973135611,0.730851378692939,0.71303760856434,0.689295865062394,0.661972358192896,0.637933710721746,0.606451019296731,0.554601557575198,0.506762970942947,0.453237378346504,0.377666267047569,0.28143533043265,0.168631100336146,0.0269716022444247,-0.0176025486537963
0.460893003498711,0.821203749199967,0.906810438127908,0.953155375586051,0.982139392996039,1,0.985050037765553,0.969034765465536,0.956298861264606,0.943407600030318,0.926370617262291,0.909978305911594,0.888054927612986,0.869416535251678,0.849972305416039,0.836056957397882,0.8150938966958,0.788772795378065,0.764835877897623,0.746977317141427,0.723605328912201,0.698189681198815,0.675433636645588,0.643768940840849,0.592893944534798,0.546536615151388,0.495260839384756,0.415366934392672,0.315328180375764,0.195835115134662,0.0430116349982751,0.000147554207211824
0.445398226052,0.797403503391323,0.882156029729897,0.928719360633412,0.961387743065674,0.985050037765553,1,0.984942050307585,0.97319632980975,0.961800572666818,0.946509114594251,0.931031316378676,0.910329353458038,0.892095381443349,0.873014446534818,0.859414368247048,0.839615224501559,0.814600233602442,0.790432557777937,0.775857507121217,0.754441553357709,0.729819680122906,0.707050656036008,0.678280021703837,0.629874491392628,0.584310689617204,0.533422275567152,0.451739230784925,0.351187152897182,0.227912483742276,0.0701731511732543,0.0199552799654392
0.425985035393776,0.777641542460735,0.862908643908442,0.909792835003067,0.944444984739041,0.969034765465536,0.984942050307585,1,0.989730143553177,0.977594883151045,0.96235022026156,0.949846558147234,0.93093318246025,0.913887041864041,0.897831407013795,0.887367220045021,0.868904096541182,0.844230121568573,0.819800149960141,0.804171225646792,0.783745742520184,0.759459141959514,0.737614137777306,0.710844142895549,0.663217413845928,0.618951980171897,0.569724141883198,0.48809209891459,0.381866901175442,0.256141332833507,0.0904185887078465,0.0408580798360327
0.418329757569164,0.763961575372133,0.849532805174849,0.897555290693083,0.932442255287548,0.956298861264606,0.97319632980975,0.989730143553177,1,0.98999955134255,0.976262162473229,0.963948343631305,0.946825951091503,0.931371853463436,0.916879228485961,0.906827791067051,0.889406078274923,0.866374084881624,0.843775755505193,0.827845358365224,0.808652274398664,0.784180173471873,0.763303608624557,0.738299303393283,0.692249648447044,0.649687511689232,0.599935305241213,0.517883851823357,0.408902843451253,0.282964802031044,0.111732200654738,0.0595285326246805
0.399555131689418,0.748102988258752,0.831925893335548,0.880603530271894,0.918377600984726,0.943407600030318,0.961800572666818,0.977594883151045,0.98999955134255,1,0.99018717932242,0.978839545056507,0.962106495877675,0.948085951681423,0.933740018728537,0.923250738828789,0.907040546498443,0.8854584784078,0.863790534322536,0.848477796494864,0.830411870929551,0.808275552988648,0.78820660805721,0.764894377791542,0.720425404890586,0.67556580648223,0.625141132140175,0.540104460260891,0.431241658970453,0.302048307417244,0.132310787434688,0.0758076025280416
0.373675427725093,0.72484354205249,0.808570037665006,0.860694658001436,0.899605028407672,0.926370617262291,0.946509114594251,0.96235022026156,0.976262162473229,0.99018717932242,1,0.991753886752069,0.977696093938992,0.966084598633543,0.952291785368306,0.941015842990218,0.925025727501381,0.904765341976313,0.884822795248365,0.869655736578072,0.85339448746466,0.832633815064806,0.812774952270731,0.790252421322507,0.747897060226646,0.704799687677106,0.655339673135187,0.570267837936171,0.460061340012269,0.323390445720227,0.149473768758153,0.0885363066164702
0.362654340270556,0.706661524477531,0.79181558882635,0.844524250883893,0.882857348532564,0.909978305911594,0.931031316378676,0.949846558147234,0.963948343631305,0.978839545056507,0.991753886752069,1,0.989280148582814,0.977744954289737,0.965007385809063,0.953651535666821,0.938625120870336,0.919770367920389,0.900264271990505,0.885450618650557,0.870061793553827,0.850584336338522,0.832338170452854,0.811481233345064,0.771486226648608,0.728065670862886,0.679646928739622,0.594277896622704,0.484448896594182,0.34352938573638,0.167591562285887,0.102829587201626
0.343657158919674,0.682905169738663,0.766316015542191,0.819232779072405,0.859495513700432,0.888054927612986,0.910329353458038,0.93093318246025,0.946825951091503,0.962106495877675,0.977696093938992,0.989280148582814,1,0.990661687754052,0.979485675686179,0.967235669536008,0.953761644326834,0.93798905400149,0.919322372914712,0.903949092548642,0.889073942210827,0.870358207741431,0.853618794160346,0.83302131349235,0.795680593474413,0.756095652699702,0.708530551587546,0.623811804955905,0.515541856637709,0.367869911639494,0.182485863338666,0.12271603284041
0.320747155699462,0.66364585338156,0.742239746010837,0.797369770669233,0.839124127615245,0.869416535251678,0.892095381443349,0.913887041864041,0.931371853463436,0.948085951681423,0.966084598633543,0.977744954289737,0.990661687754052,1,0.990874755533999,0.979595823734418,0.967298962611153,0.953434328020874,0.93627065278771,0.921126364504882,0.907755111733053,0.891499441143166,0.874938796820352,0.855899352820201,0.820955808730717,0.783333330392212,0.737068448990984,0.653198815628222,0.543924919186594,0.393297362635028,0.201813520451228,0.139590540757046
0.304791323589921,0.641085778076586,0.718046420009165,0.7747781312235,0.817944512887991,0.849972305416039,0.873014446534818,0.897831407013795,0.916879228485961,0.933740018728537,0.952291785368306,0.965007385809063,0.979485675686179,0.990874755533999,1,0.99242432839872,0.982407141552953,0.970437570466436,0.955454220674022,0.941555162599566,0.92817045821136,0.912853049309563,0.898322721894688,0.880268360922486,0.848005309805402,0.810782410143248,0.767889579561922,0.685538059015858,0.574586506925533,0.417324460377904,0.220126001448955,0.156817519145943
0.296742671685608,0.623298671487621,0.69999199784353,0.75961599733275,0.803283127322884,0.836056957397882,0.859414368247048,0.887367220045021,0.906827791067051,0.923250738828789,0.941015842990218,0.953651535666821,0.967235669536008,0.979595823734418,0.99242432839872,1,0.992102866486311,0.979914142278405,0.966818218686818,0.953057017530691,0.940100106584996,0.925652517929944,0.912564471431419,0.89517200530806,0.864378296769185,0.82832648982196,0.787172251300857,0.704923742987563,0.598315011712861,0.442750513794974,0.242900214056872,0.172026428791163
0.280005659584908,0.597942116394221,0.675314552422011,0.734872320474137,0.780840314033179,0.8150938966958,0.839615224501559,0.868904096541182,0.889406078274923,0.907040546498443,0.925025727501381,0.938625120870336,0.953761644326834,0.967298962611153,0.982407141552953,0.992102866486311,1,0.991416700987936,0.9800763377918,0.968059246774454,0.955798319284172,0.942211926271329,0.930226182489552,0.913862041594677,0.885467031234523,0.85250904747416,0.814509143511393,0.735508160666559,0.629485266511275,0.46740986939361,0.257166857504989,0.191966119858483
0.266309894534837,0.572719742119875,0.648836122170442,0.709559466592375,0.755423973135611,0.788772795378065,0.814600233602442,0.844230121568573,0.866374084881624,0.8854584784078,0.904765341976313,0.919770367920389,0.93798905400149,0.953434328020874,0.970437570466436,0.979914142278405,0.991416700987936,1,0.992238706488727,0.982516283309812,0.971582344469823,0.959319336671985,0.947475129696706,0.932921870914998,0.907193867280888,0.877368310179769,0.840892724470217,0.76635721809303,0.660191364614846,0.489966614051108,0.276433486416906,0.21204528980965
0.252535492098109,0.548554971296708,0.622429482005571,0.683177696657864,0.730851378692939,0.764835877897623,0.790432557777937,0.819800149960141,0.843775755505193,0.863790534322536,0.884822795248365,0.900264271990505,0.919322372914712,0.93627065278771,0.955454220674022,0.966818218686818,0.9800763377918,0.992238706488727,1,0.992312363623936,0.983094049588006,0.971907364059256,0.961364856445464,0.947289928008158,0.924330291821085,0.897210022261549,0.862975689420711,0.791433655283499,0.689664647656174,0.51635327375611,0.294647641932917,0.226086937096099
0.241931784379345,0.534693333743422,0.60487885078133,0.66425106213436,0.71303760856434,0.746977317141427,0.775857507121217,0.804171225646792,0.827845358365224,0.848477796494864,0.869655736578072,0.885450618650557,0.903949092548642,0.921126364504882,0.941555162599566,0.953057017530691,0.968059246774454,0.982516283309812,0.992312363623936,1,0.992564969153329,0.981043639075755,0.971529954679887,0.958387012901093,0.936309707709678,0.908379742606645,0.877537719612503,0.806751655536003,0.70627129738306,0.528515321375625,0.307771621165143,0.235794231224569
0.22798449596288,0.509591240804074,0.580213481577738,0.64086167957221,0.689295865062394,0.723605328912201,0.754441553357709,0.783745742520184,0.808652274398664,0.830411870929551,0.85339448746466,0.870061793553827,0.889073942210827,0.907755111733053,0.92817045821136,0.940100106584996,0.955798319284172,0.971582344469823,0.983094049588006,0.992564969153329,1,0.990972247742127,0.980909173556393,0.968280083623701,0.947434377442549,0.920925795130253,0.890652449979073,0.821884597227481,0.722633544434048,0.543184719833857,0.32138462179584,0.249230221338949
0.205433831825295,0.47998305849407,0.552036485098986,0.612808027194747,0.661972358192896,0.698189681198815,0.729819680122906,0.759459141959514,0.784180173471873,0.808275552988648,0.832633815064806,0.850584336338522,0.870358207741431,0.891499441143166,0.912853049309563,0.925652517929944,0.942211926271329,0.959319336671985,0.971907364059256,0.981043639075755,0.990972247742127,1,0.991727625972379,0.979795350693715,0.960495634642546,0.936566480832243,0.909433904111192,0.844432666748351,0.744360004077986,0.5672067117594,0.341819503929267,0.267978004844516
0.194101371924949,0.455893600765151,0.526403316288347,0.588807116051519,0.637933710721746,0.675433636645588,0.707050656036008,0.737614137777306,0.763303608624557,0.78820660805721,0.812774952270731,0.832338170452854,0.853618794160346,0.874938796820352,0.898322721894688,0.912564471431419,0.930226182489552,0.947475129696706,0.961364856445464,0.971529954679887,0.980909173556393,0.991727625972379,1,0.990901246216533,0.972813344965682,0.949416285279104,0.924326086599922,0.859000414263635,0.76249326892348,0.580650601096439,0.350585770389175,0.274076492210846
0.172640913692302,0.429904424418447,0.496567940213851,0.557258726677638,0.606451019296731,0.643768940840849,0.678280021703837,0.710844142895549,0.738299303393283,0.764894377791542,0.790252421322507,0.811481233345064,0.83302131349235,0.855899352820201,0.880268360922486,0.89517200530806,0.913862041594677,0.932921870914998,0.947289928008158,0.958387012901093,0.968280083623701,0.979795350693715,0.990901246216533,1,0.986535506526176,0.966196768354749,0.942511726178693,0.88017263572792,0.786199745649564,0.60563918881876,0.371781311531242,0.297223321288874
0.146126707938647,0.38147184540354,0.445010804646313,0.504648984217652,0.554601557575198,0.592893944534798,0.629874491392628,0.663217413845928,0.692249648447044,0.720425404890586,0.747897060226646,0.771486226648608,0.795680593474413,0.820955808730717,0.848005309805402,0.864378296769185,0.885467031234523,0.907193867280888,0.924330291821085,0.936309707709678,0.947434377442549,0.960495634642546,0.972813344965682,0.986535506526176,1,0.983551233469421,0.963741159009852,0.908045791577547,0.820185364425294,0.634211153488734,0.404427470664911,0.321140072986265
0.130569772031846,0.343482683084921,0.397887055832359,0.454841879091446,0.506762970942947,0.546536615151388,0.584310689617204,0.618951980171897,0.649687511689232,0.67556580648223,0.704799687677106,0.728065670862886,0.756095652699702,0.783333330392212,0.810782410143248,0.82832648982196,0.85250904747416,0.877368310179769,0.897210022261549,0.908379742606645,0.920925795130253,0.936566480832243,0.949416285279104,0.966196768354749,0.983551233469421,1,0.981073774443892,0.940340838655133,0.858806187556589,0.669628886409979,0.426448213592673,0.359863583095511
0.0898724727698217,0.293498641953245,0.347432854863045,0.402577055969245,0.453237378346504,0.495260839384756,0.533422275567152,0.569724141883198,0.599935305241213,0.625141132140175,0.655339673135187,0.679646928739622,0.708530551587546,0.737068448990984,0.767889579561922,0.787172251300857,0.814509143511393,0.840892724470217,0.862975689420711,0.877537719612503,0.890652449979073,0.909433904111192,0.924326086599922,0.942511726178693,0.963741159009852,0.981073774443892,1,0.968955719578566,0.897486713071024,0.711333004268778,0.471848081790666,0.395753594549011
0.0643741714439439,0.238584190179896,0.284210456072083,0.331693582396007,0.377666267047569,0.415366934392672,0.451739230784925,0.48809209891459,0.517883851823357,0.540104460260891,0.570267837936171,0.594277896622704,0.623811804955905,0.653198815628222,0.685538059015858,0.704923742987563,0.735508160666559,0.76635721809303,0.791433655283499,0.806751655536003,0.821884597227481,0.844432666748351,0.859000414263635,0.88017263572792,0.908045791577547,0.940340838655133,0.968955719578566,1,0.952269416275758,0.769840350778479,0.52860077809269,0.443327166284844
0.0214871901905845,0.168467870661839,0.201328315557743,0.243161297446278,0.28143533043265,0.315328180375764,0.351187152897182,0.381866901175442,0.408902843451253,0.431241658970453,0.460061340012269,0.484448896594182,0.515541856637709,0.543924919186594,0.574586506925533,0.598315011712861,0.629485266511275,0.660191364614846,0.689664647656174,0.70627129738306,0.722633544434048,0.744360004077986,0.76249326892348,0.786199745649564,0.820185364425294,0.858806187556589,0.897486713071024,0.952269416275758,1,0.85909195734973,0.628016895432558,0.512725067686438
-0.0825135173138769,0.0575067172909699,0.0973576304098041,0.132373961259754,0.168631100336146,0.195835115134662,0.227912483742276,0.256141332833507,0.282964802031044,0.302048307417244,0.323390445720227,0.34352938573638,0.367869911639494,0.393297362635028,0.417324460377904,0.442750513794974,0.46740986939361,0.489966614051108,0.51635327375611,0.528515321375625,0.543184719833857,0.5672067117594,0.580650601096439,0.60563918881876,0.634211153488734,0.669628886409979,0.711333004268778,0.769840350778479,0.85909195734973,1,0.780790047568131,0.567455764578842
-0.142184449290968,-0.0447557311883946,-0.0316039005155536,0.000627094893535024,0.0269716022444247,0.0430116349982751,0.0701731511732543,0.0904185887078465,0.111732200654738,0.132310787434688,0.149473768758153,0.167591562285887,0.182485863338666,0.201813520451228,0.220126001448955,0.242900214056872,0.257166857504989,0.276433486416906,0.294647641932917,0.307771621165143,0.32138462179584,0.341819503929267,0.350585770389175,0.371781311531242,0.404427470664911,0.426448213592673,0.471848081790666,0.52860077809269,0.628016895432558,0.780790047568131,1,0.57936761691296
-0.108050633539209,-0.0575264191107777,-0.050354996729181,-0.0284017012584476,-0.0176025486537963,0.000147554207211824,0.0199552799654392,0.0408580798360327,0.0595285326246805,0.0758076025280416,0.0885363066164702,0.102829587201626,0.12271603284041,0.139590540757046,0.156817519145943,0.172026428791163,0.191966119858483,0.21204528980965,0.226086937096099,0.235794231224569,0.249230221338949,0.267978004844516,0.274076492210846,0.297223321288874,0.321140072986265,0.359863583095511,0.395753594549011,0.443327166284844,0.512725067686438,0.567455764578842,0.57936761691296,1
