1,0.938333485251048,0.57240436670417,0.534681809386938,0.458158153967337,0.443104045487817,0.403521598042249,0.357983346240939,0.317850308324166,0.308523947393167,0.288457987807307,0.26038124829197,0.236323831387894,0.221993961818393,0.210826248975615,0.205758745105838,0.196797087281514,0.18364159577599,0.173545397200195,0.165226060834181,0.162014003321985,0.152514288763129,0.149283045219373,0.146803482359853,0.128946627547455,0.106729795910118,0.103937653033963,0.0889885596896606,0.103505496840734,0.0953972850525107,0.0720236619310064,0.0483176245617334
0.938333485251048,1,0.819370227821136,0.762570942309539,0.648299571466828,0.618847897908254,0.563252441832406,0.516986499855402,0.470322286549154,0.452527930934062,0.426276053669752,0.398975370242956,0.373247197615348,0.355999231067554,0.337852312310445,0.322952282604929,0.305694245542334,0.285524237738426,0.270669146921267,0.259006445862488,0.248892426379867,0.226477498782192,0.211559013911992,0.196825158892468,0.163825027756632,0.132067978021852,0.123226032678005,0.103726742545351,0.113953486972367,0.101902500965184,0.0677849633767644,0.039917715398464
0.57240436670417,0.819370227821136,1,0.951050919417736,0.825270115764641,0.778570495711585,0.708864527869004,0.672233964129405,0.625560093887479,0.59818463277339,0.567856269225769,0.548174158173104,0.524811952453246,0.505025668415234,0.478456918815183,0.450477753965386,0.423309442236472,0.396068089690606,0.376070131892909,0.360382685022983,0.341029828139748,0.302545104906998,0.271139778972233,0.238487154353113,0.186701671424264,0.1456436634093,0.124644821452108,0.100849520630085,0.10207670955802,0.0871554320421503,0.0422500947351347,0.0139467208070422
0.534681809386938,0.762570942309539,0.951050919417736,1,0.957849350170971,0.906904571833176,0.828127237643552,0.784999046622201,0.731724917211932,0.703594650937739,0.67010691079167,0.646241211089983,0.615788628952713,0.58681017630225,0.553768366754916,0.523315268840153,0.493505684200358,0.463243197004604,0.43855306669782,0.41660259784728,0.395653740070713,0.355289302130839,0.320194802390627,0.282127922658486,0.221123214828719,0.172559632463824,0.133969272423908,0.10246186765348,0.107484148588113,0.0945084467849513,0.0416731752090947,0.0094557121237966
0.458158153967337,0.648299571466828,0.825270115764641,0.957849350170971,1,0.968171553486818,0.900863384622504,0.854686957347598,0.798223750697083,0.770276602272138,0.735158813058229,0.70856427187594,0.673056202906356,0.637098612802269,0.600123839064241,0.569701406048502,0.539144905070923,0.507218957072712,0.479094409919702,0.452145045910124,0.429985879923204,0.388777978716347,0.351584246317865,0.310270433825284,0.243589151193093,0.190262963105856,0.133783206589348,0.095666206806079,0.102570195889261,0.0921077616227598,0.0368653119592349,0.00414120335092757
0.443104045487817,0.618847897908254,0.778570495711585,0.906904571833176,0.968171553486818,1,0.979027295030076,0.93206686991065,0.872294287103929,0.840631052689452,0.801725288706569,0.77301437703906,0.734833609550268,0.696461556811999,0.658070436430504,0.62799736750462,0.59587812636875,0.560395747323589,0.529151465320732,0.499240170188621,0.472953435123143,0.425139512304236,0.383813112045567,0.339022224385233,0.26682358161761,0.208797865331961,0.136710740568117,0.0924070968900754,0.0953978638585946,0.0843992579841631,0.0324752676850338,0.0022003391944338
0.403521598042249,0.563252441832406,0.708864527869004,0.828127237643552,0.900863384622504,0.979027295030076,1,0.972651892391223,0.923918460482009,0.888949014033765,0.846867666598993,0.816422811493086,0.776776949113139,0.737922716629438,0.699386987435992,0.669991062569784,0.637364086993751,0.600086242206564,0.567508434093076,0.536468006387441,0.507381415052467,0.454244827800182,0.411357022130647,0.366420427271467,0.287172485723824,0.223175011964762,0.145640335369806,0.0983077510284953,0.0928651156339485,0.0776060130473244,0.0311051517443571,0.00405599771141244
0.357983346240939,0.516986499855402,0.672233964129405,0.784999046622201,0.854686957347598,0.93206686991065,0.972651892391223,1,0.985502825060527,0.946367794383956,0.900055858175915,0.866786868335349,0.825517206541189,0.787315243762726,0.748248432653739,0.717570773614051,0.684195582842452,0.6464723293728,0.614194372324101,0.583815347864306,0.553367798321281,0.4951365586515,0.453246023680053,0.411706843347671,0.317980577854794,0.242032864844908,0.176519778007718,0.130128203892939,0.108943832856491,0.0815773448048078,0.0393237773319028,0.0138224968896106
0.317850308324166,0.470322286549154,0.625560093887479,0.731724917211932,0.798223750697083,0.872294287103929,0.923918460482009,0.985502825060527,1,0.976623574889015,0.938452573376425,0.902321543741351,0.859158833280872,0.82086276214095,0.781064871053102,0.749336693632879,0.71521016779496,0.676897287085832,0.644934451511894,0.615439451738703,0.583889205260334,0.521739178572761,0.481068340273228,0.442896311554957,0.339490303909744,0.255241426294031,0.195411875926509,0.149014121797398,0.12063949825913,0.0870271370487991,0.0455885478000377,0.0198509269404493
0.308523947393167,0.452527930934062,0.59818463277339,0.703594650937739,0.770276602272138,0.840631052689452,0.888949014033765,0.946367794383956,0.976623574889015,1,0.988386926583836,0.948120755068413,0.900902428050868,0.859448475511243,0.816842118301369,0.78316446108769,0.746818878133001,0.705981760389589,0.672822904975279,0.643082541248234,0.609594595968576,0.543330435314245,0.502174684558472,0.464987090103824,0.357045060769415,0.268300774317172,0.199403225778816,0.149194870649688,0.128383102457572,0.0981962824127209,0.0495374413403505,0.0193003919721959
0.288457987807307,0.426276053669752,0.567856269225769,0.67010691079167,0.735158813058229,0.801725288706569,0.846867666598993,0.900055858175915,0.938452573376425,0.988386926583836,1,0.976688998767924,0.938202127799142,0.894879687176837,0.850366040548081,0.815161859743071,0.777113562787441,0.734338524714859,0.700251819702634,0.670275916912329,0.634605432061107,0.563925357170172,0.521885830673045,0.485249713321648,0.371791655752274,0.278353354351108,0.202947180344635,0.150005788152037,0.133557108812282,0.105269470453508,0.049229397518787,0.0153009278824537
0.26038124829197,0.398975370242956,0.548174158173104,0.646241211089983,0.70856427187594,0.77301437703906,0.816422811493086,0.866786868335349,0.902321543741351,0.948120755068413,0.976688998767924,1,0.987780926207434,0.943644813872388,0.897676974701999,0.860875073056787,0.821138752374073,0.776452587732401,0.741121439225084,0.710256029960093,0.671373059559591,0.594515088138099,0.550098880242815,0.512496243042306,0.389849821123328,0.289608083164497,0.210219627922007,0.155124321029984,0.137608646876659,0.108175468635178,0.0437379633812495,0.00679600524923694
0.236323831387894,0.373247197615348,0.524811952453246,0.615788628952713,0.673056202906356,0.734833609550268,0.776776949113139,0.825517206541189,0.859158833280872,0.900902428050868,0.938202127799142,0.987780926207434,1,0.976603474990083,0.94106454318216,0.903535219630702,0.863542909420002,0.81884466347348,0.782854749735548,0.750614598602332,0.707905563248354,0.624320699271031,0.578082311989125,0.540630026475346,0.41081826505159,0.304418087076036,0.224401388837138,0.167389048524801,0.147493438417443,0.11511471932766,0.0434830343980657,0.0033141006096101
0.221993961818393,0.355999231067554,0.505025668415234,0.58681017630225,0.637098612802269,0.696461556811999,0.737922716629438,0.787315243762726,0.82086276214095,0.859448475511243,0.894879687176837,0.943644813872388,0.976603474990083,1,0.989020878089585,0.951435384664783,0.912517442679499,0.869659891799464,0.833333291836147,0.798760282478355,0.751117433975816,0.659426613629018,0.611586326373331,0.575218582370818,0.439584690980206,0.326845306291275,0.249496230600984,0.190245024099581,0.166173155736706,0.128299965749671,0.0505271969073256,0.00653275189471908
0.210826248975615,0.337852312310445,0.478456918815183,0.553768366754916,0.600123839064241,0.658070436430504,0.699386987435992,0.748248432653739,0.781064871053102,0.816842118301369,0.850366040548081,0.897676974701999,0.94106454318216,0.989020878089585,1,0.980947037233059,0.951832630536537,0.909977728342737,0.873148554534642,0.836673357627941,0.786654878349521,0.690614460343955,0.642531162749025,0.607479638300967,0.47006744892383,0.353083701989152,0.278572110478382,0.216410968307944,0.191121651282311,0.148464799185031,0.0674323234857576,0.0191862382594879
0.205758745105838,0.322952282604929,0.450477753965386,0.523315268840153,0.569701406048502,0.62799736750462,0.669991062569784,0.717570773614051,0.749336693632879,0.78316446108769,0.815161859743071,0.860875073056787,0.903535219630702,0.951435384664783,0.980947037233059,1,0.989627544797452,0.947372259938743,0.909475904166856,0.871235586351536,0.821177769428264,0.72400089474204,0.676650459627559,0.642747853821525,0.506556219580649,0.386490821352606,0.314106345790581,0.247719034009987,0.224218610342581,0.177246263781918,0.0953366270950884,0.0419841081787028
0.196797087281514,0.305694245542334,0.423309442236472,0.493505684200358,0.539144905070923,0.59587812636875,0.637364086993751,0.684195582842452,0.71521016779496,0.746818878133001,0.777113562787441,0.821138752374073,0.863542909420002,0.912517442679499,0.951832630536537,0.989627544797452,1,0.979356149264109,0.950716967307419,0.911428338158743,0.859775878730591,0.758639773294875,0.709866602959824,0.675263089262819,0.535837899665748,0.411224453997461,0.339573922175972,0.270013508240578,0.248260974905079,0.198425878176494,0.11716440931656,0.060427100169568
0.18364159577599,0.285524237738426,0.396068089690606,0.463243197004604,0.507218957072712,0.560395747323589,0.600086242206564,0.6464723293728,0.676897287085832,0.705981760389589,0.734338524714859,0.776452587732401,0.81884466347348,0.869659891799464,0.909977728342737,0.947372259938743,0.979356149264109,1,0.989980496446936,0.950554673892063,0.896181414481753,0.789127484705474,0.73722242425641,0.700391737626368,0.554404798291377,0.424694632545875,0.352794568063195,0.281532882758607,0.26151643292474,0.210552678943524,0.13173425703917,0.0736554536651119
0.173545397200195,0.270669146921267,0.376070131892909,0.43855306669782,0.479094409919702,0.529151465320732,0.567508434093076,0.614194372324101,0.644934451511894,0.672822904975279,0.700251819702634,0.741121439225084,0.782854749735548,0.833333291836147,0.873148554534642,0.909475904166856,0.950716967307419,0.989980496446936,1,0.981346247512521,0.935773685020686,0.8262510988419,0.772376053175312,0.733244129005617,0.576896070321052,0.439553870471799,0.361876229630293,0.287550748662572,0.272795504433392,0.223230753707369,0.144176950992215,0.0836344300820472
0.165226060834181,0.259006445862488,0.360382685022983,0.41660259784728,0.452145045910124,0.499240170188621,0.536468006387441,0.583815347864306,0.615439451738703,0.643082541248234,0.670275916912329,0.710256029960093,0.750614598602332,0.798760282478355,0.836673357627941,0.871235586351536,0.911428338158743,0.950554673892063,0.981346247512521,1,0.972562538101478,0.863934241769055,0.809326954082003,0.768070174916286,0.599269297719231,0.45307643556834,0.365665844463299,0.287605657623609,0.280925677917965,0.235014229425277,0.15396890401312,0.0904056539927283
0.162014003321985,0.248892426379867,0.341029828139748,0.395653740070713,0.429985879923204,0.472953435123143,0.507381415052467,0.553367798321281,0.583889205260334,0.609594595968576,0.634605432061107,0.671373059559591,0.707905563248354,0.751117433975816,0.786654878349521,0.821177769428264,0.859775878730591,0.896181414481753,0.935773685020686,0.972562538101478,1,0.954926522903422,0.915801461055539,0.864771146379414,0.699690749638011,0.547855457457371,0.409375488599049,0.305327212358731,0.297338366696475,0.250014310992301,0.172892663418068,0.107948568814937
0.152514288763129,0.226477498782192,0.302545104906998,0.355289302130839,0.388777978716347,0.425139512304236,0.454244827800182,0.4951365586515,0.521739178572761,0.543330435314245,0.563925357170172,0.594515088138099,0.624320699271031,0.659426613629018,0.690614460343955,0.72400089474204,0.758639773294875,0.789127484705474,0.8262510988419,0.863934241769055,0.954926522903422,1,0.985121653996094,0.924955368136725,0.782476599083972,0.637362052567008,0.442469635257809,0.31105988937329,0.297004342300884,0.248484541227352,0.182695665037065,0.12160476253404
0.149283045219373,0.211559013911992,0.271139778972233,0.320194802390627,0.351584246317865,0.383813112045567,0.411357022130647,0.453246023680053,0.481068340273228,0.502174684558472,0.521885830673045,0.550098880242815,0.578082311989125,0.611586326373331,0.642531162749025,0.676650459627559,0.709866602959824,0.73722242425641,0.772376053175312,0.809326954082003,0.915801461055539,0.985121653996094,1,0.972649836224509,0.843438031301567,0.693297865305623,0.49066214851055,0.349438648705139,0.325396104794416,0.266928475321474,0.209809310643817,0.148851346272888
0.146803482359853,0.196825158892468,0.238487154353113,0.282127922658486,0.310270433825284,0.339022224385233,0.366420427271467,0.411706843347671,0.442896311554957,0.464987090103824,0.485249713321648,0.512496243042306,0.540630026475346,0.575218582370818,0.607479638300967,0.642747853821525,0.675263089262819,0.700391737626368,0.733244129005617,0.768070174916286,0.864771146379414,0.924955368136725,0.972649836224509,1,0.881654808960601,0.722874770006885,0.539675764590117,0.399360885745324,0.363569077071449,0.291521571298078,0.242790361922279,0.181059504226538
0.128946627547455,0.163825027756632,0.186701671424264,0.221123214828719,0.243589151193093,0.26682358161761,0.287172485723824,0.317980577854794,0.339490303909744,0.357045060769415,0.371791655752274,0.389849821123328,0.41081826505159,0.439584690980206,0.47006744892383,0.506556219580649,0.535837899665748,0.554404798291377,0.576896070321052,0.599269297719231,0.699690749638011,0.782476599083972,0.843438031301567,0.881654808960601,1,0.962644367830842,0.70165005057225,0.498489713349945,0.405265885635242,0.297576041052045,0.262153889560059,0.206241409983851
0.106729795910118,0.132067978021852,0.1456436634093,0.172559632463824,0.190262963105856,0.208797865331961,0.223175011964762,0.242032864844908,0.255241426294031,0.268300774317172,0.278353354351108,0.289608083164497,0.304418087076036,0.326845306291275,0.353083701989152,0.386490821352606,0.411224453997461,0.424694632545875,0.439553870471799,0.45307643556834,0.547855457457371,0.637362052567008,0.693297865305623,0.722874770006885,0.962644367830842,1,0.715989373533068,0.496500095802396,0.381934066013761,0.267120104329632,0.241030579407112,0.194028843801771
0.103937653033963,0.123226032678005,0.124644821452108,0.133969272423908,0.133783206589348,0.136710740568117,0.145640335369806,0.176519778007718,0.195411875926509,0.199403225778816,0.202947180344635,0.210219627922007,0.224401388837138,0.249496230600984,0.278572110478382,0.314106345790581,0.339573922175972,0.352794568063195,0.361876229630293,0.365665844463299,0.409375488599049,0.442469635257809,0.49066214851055,0.539675764590117,0.70165005057225,0.715989373533068,1,0.961330839090771,0.768706093314727,0.525885847939902,0.446930703898136,0.347242226885248
0.0889885596896606,0.103726742545351,0.100849520630085,0.10246186765348,0.095666206806079,0.0924070968900754,0.0983077510284953,0.130128203892939,0.149014121797398,0.149194870649688,0.150005788152037,0.155124321029984,0.167389048524801,0.190245024099581,0.216410968307944,0.247719034009987,0.270013508240578,0.281532882758607,0.287550748662572,0.287605657623609,0.305327212358731,0.31105988937329,0.349438648705139,0.399360885745324,0.498489713349945,0.496500095802396,0.961330839090771,1,0.807026316254522,0.550844179294038,0.462347242175664,0.356291656760928
0.103505496840734,0.113953486972367,0.10207670955802,0.107484148588113,0.102570195889261,0.0953978638585946,0.0928651156339485,0.108943832856491,0.12063949825913,0.128383102457572,0.133557108812282,0.137608646876659,0.147493438417443,0.166173155736706,0.191121651282311,0.224218610342581,0.248260974905079,0.26151643292474,0.272795504433392,0.280925677917965,0.297338366696475,0.297004342300884,0.325396104794416,0.363569077071449,0.405265885635242,0.381934066013761,0.768706093314727,0.807026316254522,1,0.937203772512458,0.718464806018321,0.487586074949388
0.0953972850525107,0.101902500965184,0.0871554320421503,0.0945084467849513,0.0921077616227598,0.0843992579841631,0.0776060130473244,0.0815773448048078,0.0870271370487991,0.0981962824127209,0.105269470453508,0.108175468635178,0.11511471932766,0.128299965749671,0.148464799185031,0.177246263781918,0.198425878176494,0.210552678943524,0.223230753707369,0.235014229425277,0.250014310992301,0.248484541227352,0.266928475321474,0.291521571298078,0.297576041052045,0.267120104329632,0.525885847939902,0.550844179294038,0.937203772512458,1,0.743380720009795,0.479636198855631
0.0720236619310064,0.0677849633767644,0.0422500947351347,0.0416731752090947,0.0368653119592349,0.0324752676850338,0.0311051517443571,0.0393237773319028,0.0455885478000377,0.0495374413403505,0.049229397518787,0.0437379633812495,0.0434830343980657,0.0505271969073256,0.0674323234857576,0.0953366270950884,0.11716440931656,0.13173425703917,0.144176950992215,0.15396890401312,0.172892663418068,0.182695665037065,0.209809310643817,0.242790361922279,0.262153889560059,0.241030579407112,0.446930703898136,0.462347242175664,0.718464806018321,0.743380720009795,1,0.943175565935385
0.0483176245617334,0.039917715398464,0.0139467208070422,0.0094557121237966,0.00414120335092757,0.0022003391944338,0.00405599771141244,0.0138224968896106,0.0198509269404493,0.0193003919721959,0.0153009278824537,0.00679600524923694,0.0033141006096101,0.00653275189471908,0.0191862382594879,0.0419841081787028,0.060427100169568,0.0736554536651119,0.0836344300820472,0.0904056539927283,0.107948568814937,0.12160476253404,0.148851346272888,0.181059504226538,0.206241409983851,0.194028843801771,0.347242226885248,0.356291656760928,0.487586074949388,0.479636198855631,0.943175565935385,1
