1,0.828202940221902,0.78010249564618,0.708682150600931,0.653186500432009,0.596974141350825,0.55681053569174,0.520931659466115,0.487604595288618,0.441826846421873,0.398001277751669,0.336742085786402,0.288496173435291,0.220645243500289,0.163014955084113,0.113414887269112,0.0698414547825507,0.027250227144024,-0.00513477988583574,-0.0456278591219657,-0.0931428542124322,-0.10632021206383,-0.126474625424722,-0.139198661120022,-0.14673522747024,-0.161660152317441,-0.141065103449343,-0.125669056794035,-0.122667387602617,-0.127703364844941,-0.100909264527224,-0.141561038700671
0.828202940221902,1,0.953462883100536,0.866676942930672,0.81263328384155,0.756410889063228,0.718792931429977,0.684229359706822,0.648568228982134,0.605665201882752,0.56383403323151,0.49504773576391,0.43663546649838,0.364819628636108,0.300391830959088,0.243553724593179,0.180853994898639,0.128042970840291,0.0855234935700401,0.0459106160340023,-0.00834147599999076,-0.0261758049500425,-0.0500482604418214,-0.0629135479813389,-0.0799552453701783,-0.0856266553747685,-0.0630539925662839,-0.0658445830628064,-0.0761512540934526,-0.101019864493201,-0.0655179667646579,-0.099932946875771
0.78010249564618,0.953462883100536,1,0.916516013249127,0.865653840095357,0.815961300363145,0.776449510528199,0.745606248423955,0.709145505035717,0.66992702275145,0.633918659425973,0.565888925663703,0.508970529125947,0.43825891352524,0.373457114224258,0.315219376462134,0.249730905898032,0.194782405272227,0.149932494597452,0.10681263876627,0.0490059831397939,0.0266892454668575,0.00287088180082685,-0.0107779796775198,-0.0283908955860584,-0.0370493812700164,-0.0216944004006052,-0.0343499910267533,-0.0352930539349134,-0.0730667488506829,-0.0420276540381862,-0.0859501556878765
0.708682150600931,0.866676942930672,0.916516013249127,1,0.968270384572277,0.926135798690645,0.894103928897614,0.859122272492698,0.822854646807111,0.786491688691872,0.750886838888751,0.690768010324585,0.632486646189367,0.568936343740433,0.506969706453551,0.442341674491602,0.380581504225726,0.321623056624513,0.268422290509355,0.211277838883551,0.15226551271409,0.124008502907338,0.0899607505620447,0.0669983855356005,0.050912639927194,0.045446949673684,0.0464258546275796,0.0299620368307633,0.0371607888694164,-0.0137155609963061,-0.00439664790831719,-0.0652808754389243
0.653186500432009,0.81263328384155,0.865653840095357,0.968270384572277,1,0.970294329537221,0.944422080030421,0.911321972975493,0.877260350227268,0.844309431600456,0.8135138784663,0.758091063191189,0.703706209640844,0.644506699241572,0.582810062376394,0.518356869001812,0.460141468319006,0.403696342088586,0.347197975976467,0.288295193983819,0.228345307727387,0.198245728418831,0.162646679614143,0.132972654602164,0.112477393046959,0.0997920414529834,0.0887656464663141,0.0683330002206455,0.0701113781854012,0.0241210579273173,0.0217017670620893,-0.0469839287956064
0.596974141350825,0.756410889063228,0.815961300363145,0.926135798690645,0.970294329537221,1,0.981033102198799,0.951593065256197,0.918714100278195,0.888023505095706,0.861168339221838,0.809696787837448,0.759722499650705,0.704090587050009,0.645402961213142,0.578634626854273,0.520520249335061,0.46511808838671,0.407674178363026,0.349547661823729,0.291206435492552,0.260715315352428,0.225687219673242,0.192736580625773,0.168359297260228,0.144111775345188,0.126261522025414,0.103985358409157,0.108610032218073,0.0644736226597068,0.0554075715917597,-0.0104724682824911
0.55681053569174,0.718792931429977,0.776449510528199,0.894103928897614,0.944422080030421,0.981033102198799,1,0.979246805020602,0.95132346691962,0.924711069963103,0.898455443880502,0.849887293374444,0.800408829305403,0.750652954086412,0.696595715973975,0.633857100808111,0.578680835730401,0.524257947891485,0.468451020302974,0.411425378697816,0.354277778159709,0.321620312836535,0.284347758543522,0.247546799759265,0.219388610515759,0.187644613531047,0.168407150320916,0.14288794905853,0.146877065983051,0.105401436244934,0.0970929195803006,0.0206139468534645
0.520931659466115,0.684229359706822,0.745606248423955,0.859122272492698,0.911321972975493,0.951593065256197,0.979246805020602,1,0.982374136961786,0.959022777654611,0.933543854957903,0.894652727735519,0.852222091445812,0.805914080177341,0.757186175168032,0.697239058865912,0.644095754546979,0.593839557513507,0.539767375194931,0.485200954393151,0.432325477154434,0.400912806132732,0.365449093332371,0.331496967942347,0.305025941386024,0.26094478635411,0.237220906843516,0.209139385366837,0.213265032035179,0.166916789006771,0.147430966099044,0.0583495633927819
0.487604595288618,0.648568228982134,0.709145505035717,0.822854646807111,0.877260350227268,0.918714100278195,0.95132346691962,0.982374136961786,1,0.98436125688835,0.959726766001245,0.925711172548628,0.885520308655821,0.84394178265444,0.802671742976783,0.747062912378275,0.696620857984675,0.648638850685156,0.595845722813882,0.542839618243757,0.493364827383993,0.461407216743332,0.425204394463729,0.390098737199763,0.35918686014845,0.309523264825423,0.280321208437238,0.246795820357167,0.242264783642134,0.193658790636918,0.171531235022338,0.0753762674027199
0.441826846421873,0.605665201882752,0.66992702275145,0.786491688691872,0.844309431600456,0.888023505095706,0.924711069963103,0.959022777654611,0.98436125688835,1,0.983874957112949,0.954523414631889,0.918182508075142,0.881683952623409,0.846656976447896,0.795596219909395,0.747069660909354,0.70118706091496,0.650013606730896,0.60063787413345,0.552474850489007,0.520099555268029,0.48345250902818,0.446295573467981,0.412638609341156,0.357624277926656,0.324028708473287,0.28651231006486,0.279613036114123,0.232959121744645,0.205504436778637,0.109270470590592
0.398001277751669,0.56383403323151,0.633918659425973,0.750886838888751,0.8135138784663,0.861168339221838,0.898455443880502,0.933543854957903,0.959726766001245,0.983874957112949,1,0.979540849769055,0.950162298098716,0.917548304123085,0.884801870052251,0.838794747115201,0.793835650278777,0.751798504200401,0.704006061461538,0.655509563041434,0.609308540939979,0.57630420564141,0.538187179405737,0.499964040157501,0.461820014817516,0.396660880409058,0.35685966136021,0.314733392952844,0.305695680366589,0.263195099773658,0.225987558449927,0.134331483329006
0.336742085786402,0.49504773576391,0.565888925663703,0.690768010324585,0.758091063191189,0.809696787837448,0.849887293374444,0.894652727735519,0.925711172548628,0.954523414631889,0.979540849769055,1,0.981958362923191,0.955438631408743,0.926724625431697,0.888930525121535,0.851065636153406,0.812576946697908,0.770718245924193,0.72815606939718,0.688334106500498,0.653704468484313,0.616557033685366,0.580943947492757,0.542977671414871,0.462531198604004,0.413874375013661,0.371353276843858,0.361968289740884,0.315949660798475,0.26335046198532,0.165925891997961
0.288496173435291,0.43663546649838,0.508970529125947,0.632486646189367,0.703706209640844,0.759722499650705,0.800408829305403,0.852222091445812,0.885520308655821,0.918182508075142,0.950162298098716,0.981958362923191,1,0.981857864380582,0.957785403723184,0.925020043760584,0.891953087066525,0.859121665902853,0.821203349695487,0.782714560006592,0.744653266356854,0.715885431628846,0.681929478469884,0.645846408702819,0.610927296174947,0.521547339150652,0.465153967796693,0.421864809318881,0.418813337066275,0.373771453693954,0.319126566311124,0.210718885766908
0.220645243500289,0.364819628636108,0.43825891352524,0.568936343740433,0.644506699241572,0.704090587050009,0.750652954086412,0.805914080177341,0.84394178265444,0.881683952623409,0.917548304123085,0.955438631408743,0.981857864380582,1,0.984179008670616,0.959202941471104,0.931619161305603,0.903665409619296,0.868866954408585,0.834174768944869,0.799807321771523,0.772229618665805,0.741128303309215,0.705494298354281,0.668813233987735,0.572888679211182,0.514159070375041,0.470721294860423,0.465015022323193,0.420679599186113,0.364010834563594,0.248754560025043
0.163014955084113,0.300391830959088,0.373457114224258,0.506969706453551,0.582810062376394,0.645402961213142,0.696595715973975,0.757186175168032,0.802671742976783,0.846656976447896,0.884801870052251,0.926724625431697,0.957785403723184,0.984179008670616,1,0.984588753357313,0.96239894146117,0.938064411231084,0.904489645921535,0.870783090956884,0.838367232898538,0.814396530147096,0.782642110479803,0.744025227020207,0.705446053770465,0.603076685464217,0.543320145352686,0.503523247920598,0.490753698324495,0.459295310228812,0.406344294246245,0.287980913371866
0.113414887269112,0.243553724593179,0.315219376462134,0.442341674491602,0.518356869001812,0.578634626854273,0.633857100808111,0.697239058865912,0.747062912378275,0.795596219909395,0.838794747115201,0.888930525121535,0.925020043760584,0.959202941471104,0.984588753357313,1,0.987436545932373,0.967657219939409,0.940949902876904,0.911837957127594,0.881941062494437,0.8591112829269,0.826835639032349,0.790208622046002,0.749309033487628,0.639660725278793,0.576811670090848,0.543584446333786,0.521284912220301,0.504854535483065,0.447668624940267,0.326400016462559
0.0698414547825507,0.180853994898639,0.249730905898032,0.380581504225726,0.460141468319006,0.520520249335061,0.578680835730401,0.644095754546979,0.696620857984675,0.747069660909354,0.793835650278777,0.851065636153406,0.891953087066525,0.931619161305603,0.96239894146117,0.987436545932373,1,0.986685990106192,0.965050335909704,0.939980942120034,0.914146061750315,0.893174910962013,0.860821256429136,0.822514296193626,0.77980401003735,0.663808759017196,0.59684197392499,0.569214669082888,0.543087383644322,0.530139762260928,0.473112197949916,0.348295001887004
0.027250227144024,0.128042970840291,0.194782405272227,0.321623056624513,0.403696342088586,0.46511808838671,0.524257947891485,0.593839557513507,0.648638850685156,0.70118706091496,0.751798504200401,0.812576946697908,0.859121665902853,0.903665409619296,0.938064411231084,0.967657219939409,0.986685990106192,1,0.986133962174731,0.965672623587994,0.941532994809269,0.922953402364128,0.891966964727254,0.854792545457434,0.812999581893591,0.695933626209286,0.62722986806139,0.59721335400672,0.563069505079372,0.557559060949364,0.493579671210058,0.367792627724488
-0.00513477988583574,0.0855234935700401,0.149932494597452,0.268422290509355,0.347197975976467,0.407674178363026,0.468451020302974,0.539767375194931,0.595845722813882,0.650013606730896,0.704006061461538,0.770718245924193,0.821203349695487,0.868866954408585,0.904489645921535,0.940949902876904,0.965050335909704,0.986133962174731,1,0.98579394969527,0.965236768523558,0.947344822127218,0.919326241243219,0.886928509251545,0.84989454052879,0.729789706026284,0.661817214469302,0.63252207042692,0.591071880883955,0.590797814159986,0.522803376317447,0.392319977550121
-0.0456278591219657,0.0459106160340023,0.10681263876627,0.211277838883551,0.288295193983819,0.349547661823729,0.411425378697816,0.485200954393151,0.542839618243757,0.60063787413345,0.655509563041434,0.72815606939718,0.782714560006592,0.834174768944869,0.870783090956884,0.911837957127594,0.939980942120034,0.965672623587994,0.98579394969527,1,0.98609787072423,0.969505410736008,0.944578116978752,0.917083872435642,0.88129764033649,0.760199059591008,0.687415122670135,0.656030040133634,0.609284236815832,0.605361519173182,0.531674095559147,0.399369496575925
-0.0931428542124322,-0.00834147599999076,0.0490059831397939,0.15226551271409,0.228345307727387,0.291206435492552,0.354277778159709,0.432325477154434,0.493364827383993,0.552474850489007,0.609308540939979,0.688334106500498,0.744653266356854,0.799807321771523,0.838367232898538,0.881941062494437,0.914146061750315,0.941532994809269,0.965236768523558,0.98609787072423,1,0.984298721426489,0.967420825762366,0.947486684409033,0.912854436369705,0.786234113683413,0.706853132109177,0.671423130664375,0.616651065807786,0.613013496088931,0.538371500324751,0.409344155666332
-0.10632021206383,-0.0261758049500425,0.0266892454668575,0.124008502907338,0.198245728418831,0.260715315352428,0.321620312836535,0.400912806132732,0.461407216743332,0.520099555268029,0.57630420564141,0.653704468484313,0.715885431628846,0.772229618665805,0.814396530147096,0.8591112829269,0.893174910962013,0.922953402364128,0.947344822127218,0.969505410736008,0.984298721426489,1,0.984469716575393,0.960267446649674,0.930942003197595,0.82253986251328,0.748692228044492,0.71700729689543,0.650173541629899,0.644078764819639,0.580755026626337,0.442506896789692
-0.126474625424722,-0.0500482604418214,0.00287088180082685,0.0899607505620447,0.162646679614143,0.225687219673242,0.284347758543522,0.365449093332371,0.425204394463729,0.48345250902818,0.538187179405737,0.616557033685366,0.681929478469884,0.741128303309215,0.782642110479803,0.826835639032349,0.860821256429136,0.891966964727254,0.919326241243219,0.944578116978752,0.967420825762366,0.984469716575393,1,0.983328677360462,0.957155721332902,0.857258786837773,0.779262781792783,0.742883166063745,0.665941787803851,0.660226333611541,0.586096371481125,0.444268568462782
-0.139198661120022,-0.0629135479813389,-0.0107779796775198,0.0669983855356005,0.132972654602164,0.192736580625773,0.247546799759265,0.331496967942347,0.390098737199763,0.446295573467981,0.499964040157501,0.580943947492757,0.645846408702819,0.705494298354281,0.744025227020207,0.790208622046002,0.822514296193626,0.854792545457434,0.886928509251545,0.917083872435642,0.947486684409033,0.960267446649674,0.983328677360462,1,0.98184900460774,0.880517564665269,0.800459293295242,0.750869062629522,0.664773279743718,0.655354182486483,0.570139656925631,0.437881379706894
-0.14673522747024,-0.0799552453701783,-0.0283908955860584,0.050912639927194,0.112477393046959,0.168359297260228,0.219388610515759,0.305025941386024,0.35918686014845,0.412638609341156,0.461820014817516,0.542977671414871,0.610927296174947,0.668813233987735,0.705446053770465,0.749309033487628,0.77980401003735,0.812999581893591,0.84989454052879,0.88129764033649,0.912854436369705,0.930942003197595,0.957155721332902,0.98184900460774,1,0.91474754667252,0.841770357234158,0.797917312984027,0.718312593420926,0.692891834362651,0.592558980860926,0.445392978978421
-0.161660152317441,-0.0856266553747685,-0.0370493812700164,0.045446949673684,0.0997920414529834,0.144111775345188,0.187644613531047,0.26094478635411,0.309523264825423,0.357624277926656,0.396660880409058,0.462531198604004,0.521547339150652,0.572888679211182,0.603076685464217,0.639660725278793,0.663808759017196,0.695933626209286,0.729789706026284,0.760199059591008,0.786234113683413,0.82253986251328,0.857258786837773,0.880517564665269,0.91474754667252,1,0.959247037750479,0.885483086780771,0.748953984004651,0.683409644344454,0.554304586503662,0.382936339806704
-0.141065103449343,-0.0630539925662839,-0.0216944004006052,0.0464258546275796,0.0887656464663141,0.126261522025414,0.168407150320916,0.237220906843516,0.280321208437238,0.324028708473287,0.35685966136021,0.413874375013661,0.465153967796693,0.514159070375041,0.543320145352686,0.576811670090848,0.59684197392499,0.62722986806139,0.661817214469302,0.687415122670135,0.706853132109177,0.748692228044492,0.779262781792783,0.800459293295242,0.841770357234158,0.959247037750479,1,0.934231679324018,0.796841014498646,0.716752549315578,0.579977409275453,0.377362514637342
-0.125669056794035,-0.0658445830628064,-0.0343499910267533,0.0299620368307633,0.0683330002206455,0.103985358409157,0.14288794905853,0.209139385366837,0.246795820357167,0.28651231006486,0.314733392952844,0.371353276843858,0.421864809318881,0.470721294860423,0.503523247920598,0.543584446333786,0.569214669082888,0.59721335400672,0.63252207042692,0.656030040133634,0.671423130664375,0.71700729689543,0.742883166063745,0.750869062629522,0.797917312984027,0.885483086780771,0.934231679324018,1,0.851620092726691,0.771266450789708,0.64569539853894,0.411148541435061
-0.122667387602617,-0.0761512540934526,-0.0352930539349134,0.0371607888694164,0.0701113781854012,0.108610032218073,0.146877065983051,0.213265032035179,0.242264783642134,0.279613036114123,0.305695680366589,0.361968289740884,0.418813337066275,0.465015022323193,0.490753698324495,0.521284912220301,0.543087383644322,0.563069505079372,0.591071880883955,0.609284236815832,0.616651065807786,0.650173541629899,0.665941787803851,0.664773279743718,0.718312593420926,0.748953984004651,0.796841014498646,0.851620092726691,1,0.876442335757378,0.747241998696477,0.445079242358303
-0.127703364844941,-0.101019864493201,-0.0730667488506829,-0.0137155609963061,0.0241210579273173,0.0644736226597068,0.105401436244934,0.166916789006771,0.193658790636918,0.232959121744645,0.263195099773658,0.315949660798475,0.373771453693954,0.420679599186113,0.459295310228812,0.504854535483065,0.530139762260928,0.557559060949364,0.590797814159986,0.605361519173182,0.613013496088931,0.644078764819639,0.660226333611541,0.655354182486483,0.692891834362651,0.683409644344454,0.716752549315578,0.771266450789708,0.876442335757378,1,0.848058215549723,0.566728759699014
-0.100909264527224,-0.0655179667646579,-0.0420276540381862,-0.00439664790831719,0.0217017670620893,0.0554075715917597,0.0970929195803006,0.147430966099044,0.171531235022338,0.205504436778637,0.225987558449927,0.26335046198532,0.319126566311124,0.364010834563594,0.406344294246245,0.447668624940267,0.473112197949916,0.493579671210058,0.522803376317447,0.531674095559147,0.538371500324751,0.580755026626337,0.586096371481125,0.570139656925631,0.592558980860926,0.554304586503662,0.579977409275453,0.64569539853894,0.747241998696477,0.848058215549723,1,0.713018147621528
-0.141561038700671,-0.099932946875771,-0.0859501556878765,-0.0652808754389243,-0.0469839287956064,-0.0104724682824911,0.0206139468534645,0.0583495633927819,0.0753762674027199,0.109270470590592,0.134331483329006,0.165925891997961,0.210718885766908,0.248754560025043,0.287980913371866,0.326400016462559,0.348295001887004,0.367792627724488,0.392319977550121,0.399369496575925,0.409344155666332,0.442506896789692,0.444268568462782,0.437881379706894,0.445392978978421,0.382936339806704,0.377362514637342,0.411148541435061,0.445079242358303,0.566728759699014,0.713018147621528,1
