1,0.665470134403737,0.549683032533226,0.514249061989783,0.486936038120441,0.469951935704677,0.450408377505614,0.436533590716203,0.425551131966183,0.411746254614349,0.400930064825831,0.393115622009077,0.39227716581699,0.378939764181982,0.371475414194789,0.365530668420099,0.357300733652562,0.354208640847456,0.341991070117053,0.332526515864738,0.328868809215695,0.311494920969273,0.294086904627468,0.291231663072436,0.294067933518411,0.283250208852661,0.272885837412924,0.242953587270737,0.206181523566676,0.0700295237914237,-0.0365417614295853,-0.0966970870290105
0.665470134403737,1,0.927487143751249,0.891519856372135,0.867739885657173,0.850256733250421,0.832336085852773,0.819689380563978,0.809416304283638,0.797807782308924,0.787737178520194,0.77948450296015,0.772544334261451,0.760762552731996,0.755034071500683,0.743728882539582,0.725437571964034,0.713394914908612,0.696703258313963,0.680091515328275,0.669254676618618,0.651856604486425,0.633136936507792,0.622357130298473,0.612299315896199,0.594740987656416,0.569317670465231,0.527204535680058,0.442628952487153,0.171724252909162,-0.0232459271894012,-0.0752438739913029
0.549683032533226,0.927487143751249,1,0.969438368069444,0.947990173045912,0.933859214546723,0.919461867058277,0.908458257055281,0.900243902472905,0.890961118510391,0.880588852106466,0.875704781538851,0.868684907787813,0.860640084607836,0.85446101815731,0.84436678808771,0.828909133549152,0.817779885749696,0.803112801826696,0.788890242114691,0.778346596644384,0.762150040462124,0.747683956712717,0.736209935172827,0.723561877233982,0.703746480059131,0.677263240192734,0.634013147907318,0.542582496862731,0.227712196130696,-0.00613137133278007,-0.0807622096016819
0.514249061989783,0.891519856372135,0.969438368069444,1,0.983691367443911,0.969475667827339,0.957510972513211,0.947537389734192,0.939826678367567,0.931858057221518,0.923332238259914,0.918797741867928,0.913200735169847,0.906474424662446,0.900824065501715,0.892311093024876,0.878561462661592,0.868763377866959,0.85569856592021,0.842386298272069,0.831230593678198,0.816491777686406,0.801765281965179,0.789566795213304,0.778103214758387,0.758889920029698,0.732969746350676,0.686859611798104,0.586697016561637,0.240261931868912,-0.00394626865793909,-0.068778291038316
0.486936038120441,0.867739885657173,0.947990173045912,0.983691367443911,1,0.987756934653263,0.977156084450324,0.967493370094551,0.960157758331131,0.953050619256828,0.946979654544637,0.942340297295969,0.936385654279497,0.929672765393793,0.923664391204785,0.915172340021829,0.901296486502117,0.891606956519241,0.87900678102796,0.866468934955883,0.855052222826662,0.841115781573208,0.827465894712828,0.815401941931494,0.802468833538272,0.783155054337988,0.756907300964204,0.710540791412012,0.607972281348762,0.249241095263584,0.00384913033337178,-0.0609217645776139
0.469951935704677,0.850256733250421,0.933859214546723,0.969475667827339,0.987756934653263,1,0.990617481992277,0.982057886440873,0.975379419772932,0.968426233278395,0.962602150881462,0.958148105509912,0.951182874996416,0.943334893989358,0.938017464079924,0.929284108476503,0.914984937478259,0.906696957054408,0.894273718684572,0.88228284788377,0.871137182516805,0.857198108721722,0.844258577216345,0.832561103794389,0.817776049633023,0.797748971418703,0.773971512990781,0.728763266814563,0.623558368194766,0.254611506254504,0.00941832775718396,-0.0498090014528972
0.450408377505614,0.832336085852773,0.919461867058277,0.957510972513211,0.977156084450324,0.990617481992277,1,0.99245655852138,0.986330733667514,0.979127673099474,0.973475736189284,0.968291414761412,0.961389081439027,0.954531511808624,0.950288957516971,0.941097557299887,0.927656266098044,0.918828520319931,0.906883978638496,0.894738863718854,0.882876905214149,0.868923951944206,0.856919303705967,0.8452474381293,0.831045412344029,0.811085001479885,0.787806059867156,0.742175034092588,0.634063918255213,0.259289016204327,0.0187124731325498,-0.0447283035038209
0.436533590716203,0.819689380563978,0.908458257055281,0.947537389734192,0.967493370094551,0.982057886440873,0.99245655852138,1,0.994378646397216,0.987621892623935,0.982113009833927,0.976886390468953,0.96965869317917,0.962551744226384,0.957443146906803,0.94824968854475,0.935669400544751,0.92769500351337,0.915554043989234,0.903823223869782,0.892042083947919,0.878029237419629,0.866668298907596,0.855109276835689,0.839723056708375,0.819810957955046,0.796397854868722,0.750144199417208,0.638519284326515,0.26123519452689,0.0263721197277633,-0.0362766221646648
0.425551131966183,0.809416304283638,0.900243902472905,0.939826678367567,0.960157758331131,0.975379419772932,0.986330733667514,0.994378646397216,1,0.994301899426281,0.988733339265741,0.983311278596488,0.976350003441409,0.968934239658181,0.963321210465072,0.954541464319153,0.942642666599588,0.934932731514307,0.922617082909809,0.9107161518641,0.898892899707037,0.885114127908011,0.87443375166211,0.86334064353628,0.847895068025556,0.828228155216355,0.804931635455147,0.759361792268136,0.648007897002988,0.265275600413975,0.0280837248053453,-0.0353271842611735
0.411746254614349,0.797807782308924,0.890961118510391,0.931858057221518,0.953050619256828,0.968426233278395,0.979127673099474,0.987621892623935,0.994301899426281,1,0.995039733366344,0.989771289189838,0.983332672966272,0.976201551794511,0.970175687255764,0.961560011736123,0.950022399003849,0.941752013681886,0.929760200366275,0.918180809533339,0.906866311994033,0.894123657480079,0.883500457591843,0.872700059039333,0.858209247993432,0.838833319500786,0.815823750588745,0.771348385629884,0.660479341384767,0.274435352672824,0.0374711344326546,-0.0329029349985
0.400930064825831,0.787737178520194,0.880588852106466,0.923332238259914,0.946979654544637,0.962602150881462,0.973475736189284,0.982113009833927,0.988733339265741,0.995039733366344,1,0.995449630003073,0.989594920116112,0.982980840869348,0.976262805859963,0.967888819517335,0.95710213108476,0.94915888905003,0.937422569037674,0.92647209899173,0.915306989239727,0.903542826591447,0.893729349754593,0.88366840241443,0.869481485877628,0.85105689874282,0.828775206467231,0.784810094791569,0.673737333474498,0.278510270474943,0.0443883761702003,-0.0341702300064453
0.393115622009077,0.77948450296015,0.875704781538851,0.918797741867928,0.942340297295969,0.958148105509912,0.968291414761412,0.976886390468953,0.983311278596488,0.989771289189838,0.995449630003073,1,0.995329972664384,0.989424161184746,0.98264803382837,0.974157175425683,0.963692696359493,0.956081810347743,0.944343238158445,0.93346438284892,0.92303606092,0.911351643315552,0.901586523044129,0.892106595717773,0.878589086313506,0.861018415297126,0.839318923709281,0.796944340385071,0.688417235684495,0.29529378021889,0.0547044603835321,-0.0296783248028168
0.39227716581699,0.772544334261451,0.868684907787813,0.913200735169847,0.936385654279497,0.951182874996416,0.961389081439027,0.96965869317917,0.976350003441409,0.983332672966272,0.989594920116112,0.995329972664384,1,0.995189827589258,0.988185083730245,0.97973174119983,0.969361881053977,0.961605480246056,0.949860040059122,0.938639332947615,0.928218642012287,0.916124689610155,0.906593258560731,0.897389268113849,0.884033040138988,0.866779569053258,0.845137855244233,0.801569656576011,0.691599449243909,0.297041009950154,0.0546805529531335,-0.0338622694509993
0.378939764181982,0.760762552731996,0.860640084607836,0.906474424662446,0.929672765393793,0.943334893989358,0.954531511808624,0.962551744226384,0.968934239658181,0.976201551794511,0.982980840869348,0.989424161184746,0.995189827589258,1,0.994886352077146,0.987892334275732,0.978987555614205,0.971071464956879,0.960377026552466,0.948486207505247,0.938453787031302,0.9267854221695,0.917520219753889,0.908160670066635,0.895755821305253,0.879599601978237,0.858121639838193,0.816875730556492,0.70824496828639,0.30880943208608,0.0649838818396436,-0.0273737671094118
0.371475414194789,0.755034071500683,0.85446101815731,0.900824065501715,0.923664391204785,0.938017464079924,0.950288957516971,0.957443146906803,0.963321210465072,0.970175687255764,0.976262805859963,0.98264803382837,0.988185083730245,0.994886352077146,1,0.995282002951655,0.987725641734565,0.979838069070033,0.969415374964146,0.957924063399118,0.948322683526273,0.936476203058617,0.927139434175349,0.918197378455444,0.907139212970921,0.89032676238101,0.868460058136344,0.828055088842269,0.721447831845513,0.323650092040573,0.0784906611761766,-0.0154115419289638
0.365530668420099,0.743728882539582,0.84436678808771,0.892311093024876,0.915172340021829,0.929284108476503,0.941097557299887,0.94824968854475,0.954541464319153,0.961560011736123,0.967888819517335,0.974157175425683,0.97973174119983,0.987892334275732,0.995282002951655,1,0.994934136817215,0.988359335646509,0.979002498942131,0.968686661922563,0.95977528000872,0.948378450497188,0.939433848267354,0.930703789024295,0.920710030866588,0.903982536699705,0.883021119758786,0.843952540288734,0.737653461757379,0.333670632258916,0.0873458330115343,-0.00289452580368996
0.357300733652562,0.725437571964034,0.828909133549152,0.878561462661592,0.901296486502117,0.914984937478259,0.927656266098044,0.935669400544751,0.942642666599588,0.950022399003849,0.95710213108476,0.963692696359493,0.969361881053977,0.978987555614205,0.987725641734565,0.994934136817215,1,0.995404437996526,0.987562285908111,0.978717851017511,0.970684155681505,0.960149739859023,0.951333512307836,0.942601583319019,0.932974661056258,0.91698912021534,0.896408685768642,0.859113317226869,0.753147211285178,0.342973477761302,0.0958835836687214,0.00794927798549715
0.354208640847456,0.713394914908612,0.817779885749696,0.868763377866959,0.891606956519241,0.906696957054408,0.918828520319931,0.92769500351337,0.934932731514307,0.941752013681886,0.94915888905003,0.956081810347743,0.961605480246056,0.971071464956879,0.979838069070033,0.988359335646509,0.995404437996526,1,0.994215347694386,0.986404507305576,0.97876788441748,0.969179878224584,0.96091986880714,0.952173104878227,0.941817901428003,0.926306806532073,0.906349315602267,0.86908961690862,0.764405871075085,0.350812776682673,0.100927546968271,0.0169985498437263
0.341991070117053,0.696703258313963,0.803112801826696,0.85569856592021,0.87900678102796,0.894273718684572,0.906883978638496,0.915554043989234,0.922617082909809,0.929760200366275,0.937422569037674,0.944343238158445,0.949860040059122,0.960377026552466,0.969415374964146,0.979002498942131,0.987562285908111,0.994215347694386,1,0.994892496510101,0.988305416526406,0.980216723847029,0.972512470161622,0.964272811222781,0.954462820208289,0.940648801118348,0.922479443213039,0.88754638024256,0.787169898372333,0.369992287865671,0.116801185319782,0.0270326601595006
0.332526515864738,0.680091515328275,0.788890242114691,0.842386298272069,0.866468934955883,0.88228284788377,0.894738863718854,0.903823223869782,0.9107161518641,0.918180809533339,0.92647209899173,0.93346438284892,0.938639332947615,0.948486207505247,0.957924063399118,0.968686661922563,0.978717851017511,0.986404507305576,0.994892496510101,1,0.994750450427103,0.987615821908028,0.980654601330496,0.973244675404882,0.963178268409902,0.949485904746419,0.933041945581702,0.900815082371739,0.802872343064714,0.38605764209107,0.132303589817038,0.0329958699352327
0.328868809215695,0.669254676618618,0.778346596644384,0.831230593678198,0.855052222826662,0.871137182516805,0.882876905214149,0.892042083947919,0.898892899707037,0.906866311994033,0.915306989239727,0.92303606092,0.928218642012287,0.938453787031302,0.948322683526273,0.95977528000872,0.970684155681505,0.97876788441748,0.988305416526406,0.994750450427103,1,0.993904988590179,0.986692972522876,0.979336701976635,0.970841987183027,0.957328623549652,0.9405443744156,0.910087647280954,0.814802369697076,0.39680848669715,0.146282962067313,0.0441279208896153
0.311494920969273,0.651856604486425,0.762150040462124,0.816491777686406,0.841115781573208,0.857198108721722,0.868923951944206,0.878029237419629,0.885114127908011,0.894123657480079,0.903542826591447,0.911351643315552,0.916124689610155,0.9267854221695,0.936476203058617,0.948378450497188,0.960149739859023,0.969179878224584,0.980216723847029,0.987615821908028,0.993904988590179,1,0.994223346473316,0.986878722563048,0.978455166885146,0.966130496605184,0.950075614932228,0.92098453519749,0.828075054580958,0.412762718500894,0.158001328658809,0.0548538564102292
0.294086904627468,0.633136936507792,0.747683956712717,0.801765281965179,0.827465894712828,0.844258577216345,0.856919303705967,0.866668298907596,0.87443375166211,0.883500457591843,0.893729349754593,0.901586523044129,0.906593258560731,0.917520219753889,0.927139434175349,0.939433848267354,0.951333512307836,0.96091986880714,0.972512470161622,0.980654601330496,0.986692972522876,0.994223346473316,1,0.993823269177541,0.98550490040135,0.973679983408309,0.957916202986255,0.929298357070543,0.838177648468204,0.4233329006993,0.171982502076889,0.0648219426305977
0.291231663072436,0.622357130298473,0.736209935172827,0.789566795213304,0.815401941931494,0.832561103794389,0.8452474381293,0.855109276835689,0.86334064353628,0.872700059039333,0.88366840241443,0.892106595717773,0.897389268113849,0.908160670066635,0.918197378455444,0.930703789024295,0.942601583319019,0.952173104878227,0.964272811222781,0.973244675404882,0.979336701976635,0.986878722563048,0.993823269177541,1,0.992481853691866,0.981943314402544,0.966689033002523,0.93970408502687,0.850898375225046,0.431493175717158,0.182059356712159,0.0726832365125458
0.294067933518411,0.612299315896199,0.723561877233982,0.778103214758387,0.802468833538272,0.817776049633023,0.831045412344029,0.839723056708375,0.847895068025556,0.858209247993432,0.869481485877628,0.878589086313506,0.884033040138988,0.895755821305253,0.907139212970921,0.920710030866588,0.932974661056258,0.941817901428003,0.954462820208289,0.963178268409902,0.970841987183027,0.978455166885146,0.98550490040135,0.992481853691866,1,0.990878440677837,0.975201242071766,0.950458087546875,0.866243460940226,0.455696515544265,0.204799672893481,0.0832367974213406
0.283250208852661,0.594740987656416,0.703746480059131,0.758889920029698,0.783155054337988,0.797748971418703,0.811085001479885,0.819810957955046,0.828228155216355,0.838833319500786,0.85105689874282,0.861018415297126,0.866779569053258,0.879599601978237,0.89032676238101,0.903982536699705,0.91698912021534,0.926306806532073,0.940648801118348,0.949485904746419,0.957328623549652,0.966130496605184,0.973679983408309,0.981943314402544,0.990878440677837,1,0.988083510845422,0.96677900487827,0.888810961014579,0.48289313271516,0.235375271220385,0.0981029429541297
0.272885837412924,0.569317670465231,0.677263240192734,0.732969746350676,0.756907300964204,0.773971512990781,0.787806059867156,0.796397854868722,0.804931635455147,0.815823750588745,0.828775206467231,0.839318923709281,0.845137855244233,0.858121639838193,0.868460058136344,0.883021119758786,0.896408685768642,0.906349315602267,0.922479443213039,0.933041945581702,0.9405443744156,0.950075614932228,0.957916202986255,0.966689033002523,0.975201242071766,0.988083510845422,1,0.982128454554242,0.912655186031782,0.504946662988117,0.26419744479632,0.131508254022237
0.242953587270737,0.527204535680058,0.634013147907318,0.686859611798104,0.710540791412012,0.728763266814563,0.742175034092588,0.750144199417208,0.759361792268136,0.771348385629884,0.784810094791569,0.796944340385071,0.801569656576011,0.816875730556492,0.828055088842269,0.843952540288734,0.859113317226869,0.86908961690862,0.88754638024256,0.900815082371739,0.910087647280954,0.92098453519749,0.929298357070543,0.93970408502687,0.950458087546875,0.96677900487827,0.982128454554242,1,0.945722209944621,0.565710759748402,0.318635606964231,0.171955322776012
0.206181523566676,0.442628952487153,0.542582496862731,0.586697016561637,0.607972281348762,0.623558368194766,0.634063918255213,0.638519284326515,0.648007897002988,0.660479341384767,0.673737333474498,0.688417235684495,0.691599449243909,0.70824496828639,0.721447831845513,0.737653461757379,0.753147211285178,0.764405871075085,0.787169898372333,0.802872343064714,0.814802369697076,0.828075054580958,0.838177648468204,0.850898375225046,0.866243460940226,0.888810961014579,0.912655186031782,0.945722209944621,1,0.714153730486225,0.451939406475667,0.238873475340072
0.0700295237914237,0.171724252909162,0.227712196130696,0.240261931868912,0.249241095263584,0.254611506254504,0.259289016204327,0.26123519452689,0.265275600413975,0.274435352672824,0.278510270474943,0.29529378021889,0.297041009950154,0.30880943208608,0.323650092040573,0.333670632258916,0.342973477761302,0.350812776682673,0.369992287865671,0.38605764209107,0.39680848669715,0.412762718500894,0.4233329006993,0.431493175717158,0.455696515544265,0.48289313271516,0.504946662988117,0.565710759748402,0.714153730486225,1,0.750040783966578,0.377184674968021
-0.0365417614295853,-0.0232459271894012,-0.00613137133278007,-0.00394626865793909,0.00384913033337178,0.00941832775718396,0.0187124731325498,0.0263721197277633,0.0280837248053453,0.0374711344326546,0.0443883761702003,0.0547044603835321,0.0546805529531335,0.0649838818396436,0.0784906611761766,0.0873458330115343,0.0958835836687214,0.100927546968271,0.116801185319782,0.132303589817038,0.146282962067313,0.158001328658809,0.171982502076889,0.182059356712159,0.204799672893481,0.235375271220385,0.26419744479632,0.318635606964231,0.451939406475667,0.750040783966578,1,0.547973664579907
-0.0966970870290105,-0.0752438739913029,-0.0807622096016819,-0.068778291038316,-0.0609217645776139,-0.0498090014528972,-0.0447283035038209,-0.0362766221646648,-0.0353271842611735,-0.0329029349985,-0.0341702300064453,-0.0296783248028168,-0.0338622694509993,-0.0273737671094118,-0.0154115419289638,-0.00289452580368996,0.00794927798549715,0.0169985498437263,0.0270326601595006,0.0329958699352327,0.0441279208896153,0.0548538564102292,0.0648219426305977,0.0726832365125458,0.0832367974213406,0.0981029429541297,0.131508254022237,0.171955322776012,0.238873475340072,0.377184674968021,0.547973664579907,1
