1,0.727011932264785,0.595103549261005,0.559108977123762,0.536922750759423,0.52075541053699,0.508539068024264,0.494513644759184,0.470378203498384,0.456821410454988,0.433132662983319,0.409827871209734,0.397955756794419,0.378198376147449,0.363918719588905,0.348340486679364,0.331659700048471,0.308630567894071,0.299959141532382,0.280809809494272,0.257131079131556,0.23387854392027,0.211491570594155,0.190934181208571,0.143892358863832,0.102514492142605,0.0569113159624797,-0.0151504278462525,-0.0205015074730326,-0.0652587077460911,-0.0776584728612024,-0.0529966610990793
0.727011932264785,1,0.909930244914051,0.85468763444116,0.823133881184033,0.788769816121818,0.769777479645203,0.746702210040854,0.720780201187822,0.701032507809019,0.677776278350381,0.654369412375971,0.632068836468749,0.602571326463271,0.577622246404714,0.552729689560002,0.525753977348142,0.501129678852482,0.484889893636024,0.459217413954079,0.432472479415943,0.406348157709887,0.367758918136783,0.320583300620942,0.252691402209488,0.189255291959859,0.12822813105856,0.0486976643044623,0.0145529499800913,-0.0392568021319426,-0.0502883057541503,-0.0469333120312418
0.595103549261005,0.909930244914051,1,0.958999657089433,0.9249759381643,0.894484442649788,0.875378226484734,0.853345883679217,0.831397241329402,0.813036573439893,0.790191667758115,0.770600873084914,0.749784363397197,0.721732018095349,0.698401010947542,0.672217120457186,0.644099115340413,0.621069775646479,0.600957316162069,0.576355981145895,0.548390933292588,0.517916052832212,0.475012188500772,0.421522092485468,0.353927181194212,0.281311619218757,0.2169673649039,0.128781242584352,0.0708537109380736,0.0116435871363449,0.00067537861483137,-0.00161715392096396
0.559108977123762,0.85468763444116,0.958999657089433,1,0.969811651253596,0.938664504746914,0.917881934442941,0.89539854751409,0.873213116447883,0.853216539351679,0.833476930691343,0.812223044250126,0.791776119166343,0.764952569274431,0.740901429381477,0.715381891615165,0.687005861176645,0.66366161987698,0.644179667667051,0.621216218327623,0.594229592738768,0.561371436321917,0.517167120449498,0.464705774106564,0.395635330942193,0.3156284715376,0.252480635835847,0.175956075067343,0.0988926044247601,0.038157572505183,0.033075399013988,0.0230839257414412
0.536922750759423,0.823133881184033,0.9249759381643,0.969811651253596,1,0.973404919786706,0.951353195309697,0.929707600436482,0.907702866639981,0.888048441852016,0.868775317833234,0.848379703049936,0.827566161347016,0.805836084987905,0.781875729115589,0.758004796440314,0.731306374870831,0.708653153121553,0.688520928310351,0.666222446947598,0.640080837665869,0.606587007032497,0.56585329146196,0.519425609432653,0.453718839983474,0.367869851500885,0.301429032259215,0.217881577632501,0.139415889861317,0.0800402738481844,0.0804868178039669,0.0618587340219923
0.52075541053699,0.788769816121818,0.894484442649788,0.938664504746914,0.973404919786706,1,0.980825225771722,0.961727658097696,0.946750403744044,0.927537675891199,0.908116127350943,0.890087442272571,0.871349475867449,0.850237539950929,0.825868908266888,0.802818858469855,0.779973976251138,0.758241373122784,0.740997887375794,0.719883423329066,0.695195416879609,0.662492884838445,0.620531884427895,0.57032236425625,0.5038795024397,0.407849703783396,0.340918393494321,0.250530603359078,0.166704171278771,0.110223769459406,0.116063088282182,0.100280852921632
0.508539068024264,0.769777479645203,0.875378226484734,0.917881934442941,0.951353195309697,0.980825225771722,1,0.980505542976815,0.964713383189249,0.947630614972858,0.929649847229911,0.912087943480478,0.894231277320991,0.875205713105185,0.851853219883885,0.82920841588977,0.805745808453415,0.783105933727172,0.766361233960301,0.745247438112015,0.719414592869795,0.684386437235157,0.640237474793694,0.588412833937827,0.519316818800369,0.421100335582702,0.348939111012996,0.263491649419086,0.171903657975121,0.118478468338327,0.120188138189851,0.100657810825944
0.494513644759184,0.746702210040854,0.853345883679217,0.89539854751409,0.929707600436482,0.961727658097696,0.980505542976815,1,0.984906697660088,0.969031590287063,0.952098945539915,0.936042766180671,0.919251941049956,0.900064593703923,0.878004557563981,0.855866901118861,0.832434988728449,0.810090268706906,0.792434183651362,0.772391513430502,0.747296214889079,0.713295822523407,0.668310083369162,0.616353734669272,0.548092887174794,0.45669413779711,0.374409643141056,0.278154097275846,0.187685817113997,0.142454088343363,0.14087983996412,0.114525220318187
0.470378203498384,0.720780201187822,0.831397241329402,0.873213116447883,0.907702866639981,0.946750403744044,0.964713383189249,0.984906697660088,1,0.988257895492845,0.972471257257306,0.95875200340056,0.941592402960233,0.923739731475262,0.90155658481279,0.879754750836157,0.85471387883411,0.833616575114231,0.816185853779514,0.797846267671407,0.773109776829145,0.738401971406247,0.691979789791665,0.637443997334077,0.566411895787514,0.470799269141961,0.383470909082047,0.280075376672611,0.188204709830848,0.14610643715658,0.153567486156932,0.12562785329549
0.456821410454988,0.701032507809019,0.813036573439893,0.853216539351679,0.888048441852016,0.927537675891199,0.947630614972858,0.969031590287063,0.988257895492845,1,0.987311719881393,0.972872997103181,0.95680539572832,0.940235099582165,0.920196422031265,0.899645372721774,0.873700368226117,0.852374241021188,0.835636143804003,0.817973161439638,0.793913244056342,0.758835624472336,0.715059958475289,0.662625777150608,0.589972102279886,0.490751948942749,0.403684429032336,0.296972738666031,0.208583306670527,0.170179748137534,0.177499307433427,0.145558401095626
0.433132662983319,0.677776278350381,0.790191667758115,0.833476930691343,0.868775317833234,0.908116127350943,0.929649847229911,0.952098945539915,0.972471257257306,0.987311719881393,1,0.990226657219327,0.974600464795748,0.959177687052159,0.939922814914826,0.921676203571007,0.89654924826165,0.877544816355722,0.861030262486363,0.844321610366762,0.821576174688807,0.790280534973092,0.748573515564086,0.696715396174361,0.624424432068765,0.523224906722847,0.437595675502537,0.327416222726908,0.237346168343316,0.197750815202526,0.202643329982422,0.164288734909235
0.409827871209734,0.654369412375971,0.770600873084914,0.812223044250126,0.848379703049936,0.890087442272571,0.912087943480478,0.936042766180671,0.95875200340056,0.972872997103181,0.990226657219327,1,0.989358120841358,0.975139281827209,0.957032214314075,0.938822719603568,0.914741957200439,0.897713886509607,0.882681033551905,0.866867183090843,0.845266168516929,0.814464430276029,0.771670729629334,0.721119444800701,0.648961371215144,0.547713128784598,0.463499976729716,0.349304219922686,0.255557385377486,0.212316464910638,0.220144090798665,0.177415094595308
0.397955756794419,0.632068836468749,0.749784363397197,0.791776119166343,0.827566161347016,0.871349475867449,0.894231277320991,0.919251941049956,0.941592402960233,0.95680539572832,0.974600464795748,0.989358120841358,1,0.989746310071991,0.973554450988148,0.956299736550058,0.934068985163814,0.917708771365144,0.903860414551098,0.887551421076261,0.865336908894424,0.836092527407252,0.794295107892665,0.744280211107272,0.672622324380989,0.574796648455027,0.484673358615469,0.368135539182626,0.27202180362346,0.224464702232638,0.228195784619508,0.180843566097736
0.378198376147449,0.602571326463271,0.721732018095349,0.764952569274431,0.805836084987905,0.850237539950929,0.875205713105185,0.900064593703923,0.923739731475262,0.940235099582165,0.959177687052159,0.975139281827209,0.989746310071991,1,0.988885810648293,0.973716162342024,0.955098347280563,0.939817656960172,0.926813185038432,0.911646450383385,0.890963548400986,0.863543876432741,0.823135452465744,0.773694726696954,0.70183747999162,0.604600931479538,0.51226572801757,0.393433783593739,0.29530895957627,0.249022351216593,0.254053622539496,0.199747899799317
0.363918719588905,0.577622246404714,0.698401010947542,0.740901429381477,0.781875729115589,0.825868908266888,0.851853219883885,0.878004557563981,0.90155658481279,0.920196422031265,0.939922814914826,0.957032214314075,0.973554450988148,0.988885810648293,1,0.989535944316711,0.972721614629478,0.956841482774161,0.943087136938078,0.928507725581512,0.908368775948187,0.879904405627812,0.842335803244935,0.797817775102452,0.725005956748418,0.626882381389207,0.535917407331723,0.413368117857069,0.316260673334493,0.271330801124794,0.278709592848058,0.22831101547093
0.348340486679364,0.552729689560002,0.672217120457186,0.715381891615165,0.758004796440314,0.802818858469855,0.82920841588977,0.855866901118861,0.879754750836157,0.899645372721774,0.921676203571007,0.938822719603568,0.956299736550058,0.973716162342024,0.989535944316711,1,0.987075472177081,0.972320009335018,0.958055933766008,0.943843248123523,0.922888159257978,0.894364815816162,0.858211274081288,0.815361825727471,0.744149487745182,0.644124457332226,0.550307998469303,0.432488584317305,0.332531977988421,0.288624645103652,0.294108662629043,0.236978071939082
0.331659700048471,0.525753977348142,0.644099115340413,0.687005861176645,0.731306374870831,0.779973976251138,0.805745808453415,0.832434988728449,0.85471387883411,0.873700368226117,0.89654924826165,0.914741957200439,0.934068985163814,0.955098347280563,0.972721614629478,0.987075472177081,1,0.988283264779197,0.975708108619549,0.963894213751976,0.944794079911028,0.920225516585491,0.888283586282853,0.847233587113235,0.779196892925674,0.680333265131194,0.583655004170263,0.462786590818436,0.359624931826812,0.316591222305877,0.325258231178986,0.264567354065112
0.308630567894071,0.501129678852482,0.621069775646479,0.66366161987698,0.708653153121553,0.758241373122784,0.783105933727172,0.810090268706906,0.833616575114231,0.852374241021188,0.877544816355722,0.897713886509607,0.917708771365144,0.939817656960172,0.956841482774161,0.972320009335018,0.988283264779197,1,0.991101733905783,0.979652793602362,0.961985283266132,0.939074122359545,0.907989846043937,0.867853037007028,0.804279693785214,0.701829821103375,0.604609795287436,0.476927552343139,0.369425638514878,0.331004737766348,0.34366428829361,0.275363368355913
0.299959141532382,0.484889893636024,0.600957316162069,0.644179667667051,0.688520928310351,0.740997887375794,0.766361233960301,0.792434183651362,0.816185853779514,0.835636143804003,0.861030262486363,0.882681033551905,0.903860414551098,0.926813185038432,0.943087136938078,0.958055933766008,0.975708108619549,0.991101733905783,1,0.991020724530887,0.975548728248909,0.952474794343872,0.921271835053684,0.880662552829026,0.818652709654843,0.71114113679123,0.61362643887577,0.48429797562932,0.374057185826954,0.335031676986433,0.349802447698061,0.284716462929398
0.280809809494272,0.459217413954079,0.576355981145895,0.621216218327623,0.666222446947598,0.719883423329066,0.745247438112015,0.772391513430502,0.797846267671407,0.817973161439638,0.844321610366762,0.866867183090843,0.887551421076261,0.911646450383385,0.928507725581512,0.943843248123523,0.963894213751976,0.979652793602362,0.991020724530887,1,0.988740994249032,0.967655563041735,0.936940866635068,0.894629309711579,0.832647681449832,0.725652520903101,0.628644743202354,0.498541174885544,0.393858063318093,0.359143492739746,0.373080147488669,0.301045672320692
0.257131079131556,0.432472479415943,0.548390933292588,0.594229592738768,0.640080837665869,0.695195416879609,0.719414592869795,0.747296214889079,0.773109776829145,0.793913244056342,0.821576174688807,0.845266168516929,0.865336908894424,0.890963548400986,0.908368775948187,0.922888159257978,0.944794079911028,0.961985283266132,0.975548728248909,0.988740994249032,1,0.986648784831349,0.960202163451028,0.921256141234319,0.863283648329987,0.756811002717491,0.670352074160585,0.541125675129721,0.431115208437202,0.39705298062189,0.411526501505306,0.330151739680938
0.23387854392027,0.406348157709887,0.517916052832212,0.561371436321917,0.606587007032497,0.662492884838445,0.684386437235157,0.713295822523407,0.738401971406247,0.758835624472336,0.790280534973092,0.814464430276029,0.836092527407252,0.863543876432741,0.879904405627812,0.894364815816162,0.920225516585491,0.939074122359545,0.952474794343872,0.967655563041735,0.986648784831349,1,0.982447212605107,0.946423458074952,0.894895070607658,0.800375019214084,0.722723243183861,0.588379019595863,0.481873925767391,0.441127714918868,0.453935576632759,0.357520229515581
0.211491570594155,0.367758918136783,0.475012188500772,0.517167120449498,0.56585329146196,0.620531884427895,0.640237474793694,0.668310083369162,0.691979789791665,0.715059958475289,0.748573515564086,0.771670729629334,0.794295107892665,0.823135452465744,0.842335803244935,0.858211274081288,0.888283586282853,0.907989846043937,0.921271835053684,0.936940866635068,0.960202163451028,0.982447212605107,1,0.978127705739709,0.932748223241564,0.83496501096377,0.761541082051977,0.626926477827781,0.53584922560644,0.489658504212858,0.507883300916099,0.401786618072606
0.190934181208571,0.320583300620942,0.421522092485468,0.464705774106564,0.519425609432653,0.57032236425625,0.588412833937827,0.616353734669272,0.637443997334077,0.662625777150608,0.696715396174361,0.721119444800701,0.744280211107272,0.773694726696954,0.797817775102452,0.815361825727471,0.847233587113235,0.867853037007028,0.880662552829026,0.894629309711579,0.921256141234319,0.946423458074952,0.978127705739709,1,0.966677649605864,0.863904511650364,0.805666581077971,0.675987318436664,0.581053568428875,0.532286151613837,0.548400043943493,0.431990028628828
0.143892358863832,0.252691402209488,0.353927181194212,0.395635330942193,0.453718839983474,0.5038795024397,0.519316818800369,0.548092887174794,0.566411895787514,0.589972102279886,0.624424432068765,0.648961371215144,0.672622324380989,0.70183747999162,0.725005956748418,0.744149487745182,0.779196892925674,0.804279693785214,0.818652709654843,0.832647681449832,0.863283648329987,0.894895070607658,0.932748223241564,0.966677649605864,1,0.922668644614981,0.866743838492337,0.743012447533233,0.648676402725192,0.587834543396778,0.578650377355743,0.440489138812608
0.102514492142605,0.189255291959859,0.281311619218757,0.3156284715376,0.367869851500885,0.407849703783396,0.421100335582702,0.45669413779711,0.470799269141961,0.490751948942749,0.523224906722847,0.547713128784598,0.574796648455027,0.604600931479538,0.626882381389207,0.644124457332226,0.680333265131194,0.701829821103375,0.71114113679123,0.725652520903101,0.756811002717491,0.800375019214084,0.83496501096377,0.863904511650364,0.922668644614981,1,0.922268679582928,0.809076104231094,0.736551060342027,0.643669558707756,0.588874646047686,0.422067337532991
0.0569113159624797,0.12822813105856,0.2169673649039,0.252480635835847,0.301429032259215,0.340918393494321,0.348939111012996,0.374409643141056,0.383470909082047,0.403684429032336,0.437595675502537,0.463499976729716,0.484673358615469,0.51226572801757,0.535917407331723,0.550307998469303,0.583655004170263,0.604609795287436,0.61362643887577,0.628644743202354,0.670352074160585,0.722723243183861,0.761541082051977,0.805666581077971,0.866743838492337,0.922268679582928,1,0.888934975076408,0.79868722774875,0.702979396160616,0.641034222216434,0.464070860050745
-0.0151504278462525,0.0486976643044623,0.128781242584352,0.175956075067343,0.217881577632501,0.250530603359078,0.263491649419086,0.278154097275846,0.280075376672611,0.296972738666031,0.327416222726908,0.349304219922686,0.368135539182626,0.393433783593739,0.413368117857069,0.432488584317305,0.462786590818436,0.476927552343139,0.48429797562932,0.498541174885544,0.541125675129721,0.588379019595863,0.626926477827781,0.675987318436664,0.743012447533233,0.809076104231094,0.888934975076408,1,0.882062589318015,0.780224474352961,0.675052499920369,0.457716221628491
-0.0205015074730326,0.0145529499800913,0.0708537109380736,0.0988926044247601,0.139415889861317,0.166704171278771,0.171903657975121,0.187685817113997,0.188204709830848,0.208583306670527,0.237346168343316,0.255557385377486,0.27202180362346,0.29530895957627,0.316260673334493,0.332531977988421,0.359624931826812,0.369425638514878,0.374057185826954,0.393858063318093,0.431115208437202,0.481873925767391,0.53584922560644,0.581053568428875,0.648676402725192,0.736551060342027,0.79868722774875,0.882062589318015,1,0.891946484330185,0.734327576586835,0.511322279275496
-0.0652587077460911,-0.0392568021319426,0.0116435871363449,0.038157572505183,0.0800402738481844,0.110223769459406,0.118478468338327,0.142454088343363,0.14610643715658,0.170179748137534,0.197750815202526,0.212316464910638,0.224464702232638,0.249022351216593,0.271330801124794,0.288624645103652,0.316591222305877,0.331004737766348,0.335031676986433,0.359143492739746,0.39705298062189,0.441127714918868,0.489658504212858,0.532286151613837,0.587834543396778,0.643669558707756,0.702979396160616,0.780224474352961,0.891946484330185,1,0.846202828727988,0.568091713861053
-0.0776584728612024,-0.0502883057541503,0.00067537861483137,0.033075399013988,0.0804868178039669,0.116063088282182,0.120188138189851,0.14087983996412,0.153567486156932,0.177499307433427,0.202643329982422,0.220144090798665,0.228195784619508,0.254053622539496,0.278709592848058,0.294108662629043,0.325258231178986,0.34366428829361,0.349802447698061,0.373080147488669,0.411526501505306,0.453935576632759,0.507883300916099,0.548400043943493,0.578650377355743,0.588874646047686,0.641034222216434,0.675052499920369,0.734327576586835,0.846202828727988,1,0.740752062447333
-0.0529966610990793,-0.0469333120312418,-0.00161715392096396,0.0230839257414412,0.0618587340219923,0.100280852921632,0.100657810825944,0.114525220318187,0.12562785329549,0.145558401095626,0.164288734909235,0.177415094595308,0.180843566097736,0.199747899799317,0.22831101547093,0.236978071939082,0.264567354065112,0.275363368355913,0.284716462929398,0.301045672320692,0.330151739680938,0.357520229515581,0.401786618072606,0.431990028628828,0.440489138812608,0.422067337532991,0.464070860050745,0.457716221628491,0.511322279275496,0.568091713861053,0.740752062447333,1
