1,0.918383062798215,0.867747061815958,0.830534232260927,0.815800816967488,0.793829500952346,0.790138809555563,0.779531850766961,0.747513010789124,0.728307858836279,0.710607101158662,0.677948777875337,0.634628532373672,0.586026774234287,0.533485560157498,0.48401104718335,0.431918243555274,0.393331512692611,0.302738725098421,0.270506034490088,0.211948620155312,0.147096426502138,0.100587435093178,0.0626962606184339,-0.00476954492360843,-0.0677772067739373,-0.142135436606207,-0.184851856418901,-0.200968301878966,-0.203409987580543,-0.144170106851152,-0.130354566468114
0.918383062798215,1,0.974055758104263,0.940976211466132,0.927280725961271,0.896967450601113,0.887247360623828,0.872009865575331,0.83910206694473,0.817315737538929,0.797058687718538,0.767328760614451,0.718320118826766,0.662333085538503,0.60304050587951,0.546446247166664,0.486801469253464,0.440928077531711,0.33885030661187,0.302843528609144,0.238681726338455,0.168880286157808,0.11790266676775,0.0830605253908442,0.013280272432825,-0.0590541306684828,-0.139178064479915,-0.182720929287878,-0.202137695167951,-0.200364635362035,-0.139905803004472,-0.0968851541429464
0.867747061815958,0.974055758104263,1,0.981710860117609,0.962077044206043,0.933908974980834,0.924393322677932,0.908828300228766,0.87843237424462,0.855585905982774,0.836678107602737,0.810939224910116,0.762308909964714,0.701504722677902,0.643704701379021,0.586902520037451,0.526408468920272,0.481296480032851,0.37970531568434,0.340604549115956,0.276681374446068,0.205004805461042,0.150867751708534,0.115171244538378,0.0461345418347491,-0.0294368992047307,-0.110102660743714,-0.150007845833321,-0.171841092854803,-0.181198338154989,-0.122949308253958,-0.0830440060541374
0.830534232260927,0.940976211466132,0.981710860117609,1,0.984287867750013,0.961194264592548,0.951385687131455,0.938816296155069,0.915539110752535,0.895948970923725,0.877484724359843,0.852986424534752,0.80606565189612,0.745124043361987,0.692065583850639,0.63655969209768,0.578211937208762,0.535561447523187,0.440908318151014,0.399190946333552,0.333745682734598,0.261930986394248,0.206123634837852,0.168827040118545,0.100270889380534,0.0233615516905748,-0.0572032739577185,-0.0947307600549017,-0.123072090635806,-0.14484977844722,-0.0959396601329232,-0.0733458144919769
0.815800816967488,0.927280725961271,0.962077044206043,0.984287867750013,1,0.977064744929739,0.965578858857526,0.952555435782173,0.928982611347825,0.908638215963856,0.891305247214893,0.867811305496165,0.820543366303009,0.762047180078541,0.709504988707346,0.656017400131722,0.599083307616613,0.557781542749036,0.465185789061052,0.424596420234873,0.360987312219313,0.290715694198147,0.234204363946294,0.196219889811316,0.128227316945302,0.0507776422154344,-0.0331204941213706,-0.0713267896516919,-0.0991384853983885,-0.126147457582679,-0.0819603560561649,-0.0666042518351319
0.793829500952346,0.896967450601113,0.933908974980834,0.961194264592548,0.977064744929739,1,0.987203918367177,0.976478459457524,0.957136181741636,0.933718775527166,0.91385980800923,0.890359428269273,0.840934412896587,0.785144304158409,0.738522699440349,0.686397658591708,0.631976508124605,0.592280829720464,0.505380562892536,0.464791059467151,0.398990926852495,0.33277753622062,0.278688476503167,0.241117236635974,0.176365153799001,0.0975328386513987,0.0181862667545541,-0.0262018660916947,-0.0577577146938579,-0.0943713768177611,-0.0581786396554222,-0.0565356293736635
0.790138809555563,0.887247360623828,0.924393322677932,0.951385687131455,0.965578858857526,0.987203918367177,1,0.991917045936217,0.973109208688412,0.95201216645256,0.93296229410176,0.912025818845276,0.869272813957363,0.817126749386367,0.771594489296884,0.72060537166234,0.66721089425586,0.628576556958231,0.542508037872529,0.500399716745083,0.43611246901274,0.368077187198948,0.314639867501344,0.277078296067585,0.210707946013081,0.13722539986164,0.0556552205532547,0.0110883962563786,-0.023643743896232,-0.0639002398563527,-0.0372403818993266,-0.0477039253878007
0.779531850766961,0.872009865575331,0.908828300228766,0.938816296155069,0.952555435782173,0.976478459457524,0.991917045936217,1,0.988706443900069,0.968192399176469,0.95073392627539,0.929148040678503,0.887879427139971,0.836407108387058,0.793570365799858,0.744740999810751,0.692935461755951,0.656090166675543,0.573105252298743,0.53108387948367,0.466873635256669,0.3994798899162,0.347078515319933,0.308731832446681,0.241955864477461,0.165499576489766,0.0837153846867319,0.0372246309909141,0.00104308900485777,-0.0471407780319068,-0.0242844538393672,-0.0459005854009027
0.747513010789124,0.83910206694473,0.87843237424462,0.915539110752535,0.928982611347825,0.957136181741636,0.973109208688412,0.988706443900069,1,0.98944355454797,0.972118140459815,0.950203026912893,0.911280424195618,0.860627538311012,0.823050658974423,0.776675371333817,0.728848279123232,0.693785633545665,0.618884545971035,0.578228575090189,0.514536372143831,0.449209655934542,0.397785685449521,0.360138128231238,0.295979374020564,0.218471029947973,0.139082680022335,0.0915643994968078,0.0499279946378219,-0.00845301164133312,0.00648449412628474,-0.026496012599959
0.728307858836279,0.817315737538929,0.855585905982774,0.895948970923725,0.908638215963856,0.933718775527166,0.95201216645256,0.968192399176469,0.98944355454797,1,0.988775920196364,0.968058164146411,0.935713068806051,0.88808071786117,0.85178810548419,0.807054537127764,0.762174077810918,0.728325602554142,0.657682201467152,0.619248879635081,0.556324806298896,0.490139072966764,0.440249999530316,0.405129078316865,0.341999965953927,0.265660548963516,0.184477212009375,0.140337329463152,0.0956142488777897,0.0356163325096804,0.0386493011083093,-0.00732720375472066
0.710607101158662,0.797058687718538,0.836678107602737,0.877484724359843,0.891305247214893,0.91385980800923,0.93296229410176,0.95073392627539,0.972118140459815,0.988775920196364,1,0.986733333950437,0.95885929267069,0.916760992801481,0.882174544505874,0.84244379903137,0.799387782550624,0.766551755619493,0.69823685984953,0.660733636827735,0.600054171577186,0.53576068691482,0.486804241476327,0.451931640071465,0.389471769502156,0.312031428407241,0.228710581386487,0.185311359996753,0.140810504482284,0.076873347924524,0.0714768239945213,0.0043982795267732
0.677948777875337,0.767328760614451,0.810939224910116,0.852986424534752,0.867811305496165,0.890359428269273,0.912025818845276,0.929148040678503,0.950203026912893,0.968058164146411,0.986733333950437,1,0.978417748572546,0.941696287807877,0.910892137383774,0.874247111331364,0.833053167130127,0.801513309784816,0.735338415971088,0.698510392027253,0.640505558331532,0.579787843696012,0.533436023346164,0.500106371615652,0.435641879049509,0.35564455201743,0.270946352851605,0.232922355684564,0.188395489146203,0.1159487411901,0.102073675045338,0.0258696687790819
0.634628532373672,0.718320118826766,0.762308909964714,0.80606565189612,0.820543366303009,0.840934412896587,0.869272813957363,0.887879427139971,0.911280424195618,0.935713068806051,0.95885929267069,0.978417748572546,1,0.979148132856105,0.954045335881805,0.923132312206855,0.887630351983201,0.856923613493918,0.796240556176624,0.762746492724191,0.713608244983922,0.656682495119514,0.613214777188146,0.581395628015616,0.517820873983381,0.446888420396122,0.360965521907544,0.32141606551423,0.277100601734504,0.198796538113164,0.161817916866612,0.0572509414190218
0.586026774234287,0.662333085538503,0.701504722677902,0.745124043361987,0.762047180078541,0.785144304158409,0.817126749386367,0.836407108387058,0.860627538311012,0.88808071786117,0.916760992801481,0.941696287807877,0.979148132856105,1,0.98539097523792,0.962617261986566,0.933493622205539,0.904416724623724,0.850310590377751,0.818126486770428,0.778556885368788,0.726754075155821,0.687350470067471,0.657992979621535,0.600245879047964,0.536656937483141,0.451558486085802,0.405097195353868,0.360628913156152,0.276778012448224,0.224799791211649,0.0734366239344024
0.533485560157498,0.60304050587951,0.643704701379021,0.692065583850639,0.709504988707346,0.738522699440349,0.771594489296884,0.793570365799858,0.823050658974423,0.85178810548419,0.882174544505874,0.910892137383774,0.954045335881805,0.98539097523792,1,0.98798845259512,0.964608477079379,0.941092217555974,0.898802035061857,0.867355034425337,0.833298158407043,0.787322547423863,0.7508864193171,0.721497262967268,0.66727802230849,0.607948686593684,0.527963116766133,0.477113707335892,0.431452870483916,0.340008944118882,0.272832447788969,0.0989220075237945
0.48401104718335,0.546446247166664,0.586902520037451,0.63655969209768,0.656017400131722,0.686397658591708,0.72060537166234,0.744740999810751,0.776675371333817,0.807054537127764,0.84244379903137,0.874247111331364,0.923132312206855,0.962617261986566,0.98798845259512,1,0.988622742175139,0.968913919199328,0.934320099453158,0.905777499427917,0.877805643612746,0.83514247928475,0.802249646254058,0.774321894363744,0.724758125172727,0.669248663674806,0.590395372418944,0.540241385338769,0.495130588450225,0.399409646818094,0.315442940376309,0.133379056775005
0.431918243555274,0.486801469253464,0.526408468920272,0.578211937208762,0.599083307616613,0.631976508124605,0.66721089425586,0.692935461755951,0.728848279123232,0.762174077810918,0.799387782550624,0.833053167130127,0.887630351983201,0.933493622205539,0.964608477079379,0.988622742175139,1,0.990790904625956,0.96538370294062,0.940910457993343,0.916192661874367,0.87645184687425,0.845584770778812,0.818893206139507,0.773949646689002,0.72164851510839,0.646501589203504,0.599390228709685,0.553202974296101,0.45598727016439,0.362230183618617,0.151600801435364
0.393331512692611,0.440928077531711,0.481296480032851,0.535561447523187,0.557781542749036,0.592280829720464,0.628576556958231,0.656090166675543,0.693785633545665,0.728325602554142,0.766551755619493,0.801513309784816,0.856923613493918,0.904416724623724,0.941092217555974,0.968913919199328,0.990790904625956,1,0.985016010282672,0.963084976313922,0.94143754703978,0.905847096411466,0.876718227101683,0.850327706313396,0.807877179803912,0.754587404104271,0.681217442780545,0.635202101906191,0.586895470085576,0.485274888027962,0.388215259042619,0.157966960102371
0.302738725098421,0.33885030661187,0.37970531568434,0.440908318151014,0.465185789061052,0.505380562892536,0.542508037872529,0.573105252298743,0.618884545971035,0.657682201467152,0.69823685984953,0.735338415971088,0.796240556176624,0.850310590377751,0.898802035061857,0.934320099453158,0.96538370294062,0.985016010282672,1,0.985193062937702,0.970364060720847,0.944013703108368,0.919907394683543,0.895468433735946,0.861276229010383,0.814818891817583,0.750467707674841,0.705951298536074,0.65497711284929,0.54399719408979,0.435141151836169,0.173849304137382
0.270506034490088,0.302843528609144,0.340604549115956,0.399190946333552,0.424596420234873,0.464791059467151,0.500399716745083,0.53108387948367,0.578228575090189,0.619248879635081,0.660733636827735,0.698510392027253,0.762746492724191,0.818126486770428,0.867355034425337,0.905777499427917,0.940910457993343,0.963084976313922,0.985193062937702,1,0.986953808730801,0.963419279675942,0.942310279214538,0.918907162252076,0.886749258618275,0.841239764848897,0.778716191483195,0.737406651176758,0.690159346729524,0.583031043758353,0.481247045793282,0.195937264366309
0.211948620155312,0.238681726338455,0.276681374446068,0.333745682734598,0.360987312219313,0.398990926852495,0.43611246901274,0.466873635256669,0.514536372143831,0.556324806298896,0.600054171577186,0.640505558331532,0.713608244983922,0.778556885368788,0.833298158407043,0.877805643612746,0.916192661874367,0.94143754703978,0.970364060720847,0.986953808730801,1,0.984332738225228,0.965641299749526,0.943004339922086,0.915285337634905,0.876377638642838,0.815791986180692,0.775922781437472,0.732648771451256,0.626287835069495,0.507925454195584,0.195526445890943
0.147096426502138,0.168880286157808,0.205004805461042,0.261930986394248,0.290715694198147,0.33277753622062,0.368077187198948,0.3994798899162,0.449209655934542,0.490139072966764,0.53576068691482,0.579787843696012,0.656682495119514,0.726754075155821,0.787322547423863,0.83514247928475,0.87645184687425,0.905847096411466,0.944013703108368,0.963419279675942,0.984332738225228,1,0.989993962485373,0.96912464324694,0.945098509608198,0.909813386773211,0.857466800867094,0.817443204135758,0.772561764409924,0.662461091155787,0.539990928456591,0.212347320826727
0.100587435093178,0.11790266676775,0.150867751708534,0.206123634837852,0.234204363946294,0.278688476503167,0.314639867501344,0.347078515319933,0.397785685449521,0.440249999530316,0.486804241476327,0.533436023346164,0.613214777188146,0.687350470067471,0.7508864193171,0.802249646254058,0.845584770778812,0.876718227101683,0.919907394683543,0.942310279214538,0.965641299749526,0.989993962485373,1,0.990052192437072,0.96995567290026,0.93809164059109,0.889967215160847,0.854688259734115,0.812110196548188,0.706082431981495,0.574706170944076,0.231684324942779
0.0626962606184339,0.0830605253908442,0.115171244538378,0.168827040118545,0.196219889811316,0.241117236635974,0.277078296067585,0.308731832446681,0.360138128231238,0.405129078316865,0.451931640071465,0.500106371615652,0.581395628015616,0.657992979621535,0.721497262967268,0.774321894363744,0.818893206139507,0.850327706313396,0.895468433735946,0.918907162252076,0.943004339922086,0.96912464324694,0.990052192437072,1,0.988978501177537,0.958575318435091,0.911981907692352,0.882543294062886,0.84294590579142,0.74400385549079,0.60792191963031,0.245643635298031
-0.00476954492360843,0.013280272432825,0.0461345418347491,0.100270889380534,0.128227316945302,0.176365153799001,0.210707946013081,0.241955864477461,0.295979374020564,0.341999965953927,0.389471769502156,0.435641879049509,0.517820873983381,0.600245879047964,0.66727802230849,0.724758125172727,0.773949646689002,0.807877179803912,0.861276229010383,0.886749258618275,0.915285337634905,0.945098509608198,0.96995567290026,0.988978501177537,1,0.979621319787034,0.940318755826674,0.91251495524065,0.875398549962961,0.777233926379695,0.634489291620189,0.260328856966496
-0.0677772067739373,-0.0590541306684828,-0.0294368992047307,0.0233615516905748,0.0507776422154344,0.0975328386513987,0.13722539986164,0.165499576489766,0.218471029947973,0.265660548963516,0.312031428407241,0.35564455201743,0.446888420396122,0.536656937483141,0.607948686593684,0.669248663674806,0.72164851510839,0.754587404104271,0.814818891817583,0.841239764848897,0.876377638642838,0.909813386773211,0.93809164059109,0.958575318435091,0.979621319787034,1,0.974524795558071,0.942328462886333,0.909621714129333,0.814966635719785,0.658526415094286,0.271495849730712
-0.142135436606207,-0.139178064479915,-0.110102660743714,-0.0572032739577185,-0.0331204941213706,0.0181862667545541,0.0556552205532547,0.0837153846867319,0.139082680022335,0.184477212009375,0.228710581386487,0.270946352851605,0.360965521907544,0.451558486085802,0.527963116766133,0.590395372418944,0.646501589203504,0.681217442780545,0.750467707674841,0.778716191483195,0.815791986180692,0.857466800867094,0.889967215160847,0.911981907692352,0.940318755826674,0.974524795558071,1,0.970467899497786,0.939324903238895,0.846634501614745,0.706851430601429,0.284545846173308
-0.184851856418901,-0.182720929287878,-0.150007845833321,-0.0947307600549017,-0.0713267896516919,-0.0262018660916947,0.0110883962563786,0.0372246309909141,0.0915643994968078,0.140337329463152,0.185311359996753,0.232922355684564,0.32141606551423,0.405097195353868,0.477113707335892,0.540241385338769,0.599390228709685,0.635202101906191,0.705951298536074,0.737406651176758,0.775922781437472,0.817443204135758,0.854688259734115,0.882543294062886,0.91251495524065,0.942328462886333,0.970467899497786,1,0.970272712936092,0.878197467695768,0.746004341160519,0.302183687925278
-0.200968301878966,-0.202137695167951,-0.171841092854803,-0.123072090635806,-0.0991384853983885,-0.0577577146938579,-0.023643743896232,0.00104308900485777,0.0499279946378219,0.0956142488777897,0.140810504482284,0.188395489146203,0.277100601734504,0.360628913156152,0.431452870483916,0.495130588450225,0.553202974296101,0.586895470085576,0.65497711284929,0.690159346729524,0.732648771451256,0.772561764409924,0.812110196548188,0.84294590579142,0.875398549962961,0.909621714129333,0.939324903238895,0.970272712936092,1,0.943941774330781,0.799671018323366,0.322849289617183
-0.203409987580543,-0.200364635362035,-0.181198338154989,-0.14484977844722,-0.126147457582679,-0.0943713768177611,-0.0639002398563527,-0.0471407780319068,-0.00845301164133312,0.0356163325096804,0.076873347924524,0.1159487411901,0.198796538113164,0.276778012448224,0.340008944118882,0.399409646818094,0.45598727016439,0.485274888027962,0.54399719408979,0.583031043758353,0.626287835069495,0.662461091155787,0.706082431981495,0.74400385549079,0.777233926379695,0.814966635719785,0.846634501614745,0.878197467695768,0.943941774330781,1,0.86154169464183,0.358355583147884
-0.144170106851152,-0.139905803004472,-0.122949308253958,-0.0959396601329232,-0.0819603560561649,-0.0581786396554222,-0.0372403818993266,-0.0242844538393672,0.00648449412628474,0.0386493011083093,0.0714768239945213,0.102073675045338,0.161817916866612,0.224799791211649,0.272832447788969,0.315442940376309,0.362230183618617,0.388215259042619,0.435141151836169,0.481247045793282,0.507925454195584,0.539990928456591,0.574706170944076,0.60792191963031,0.634489291620189,0.658526415094286,0.706851430601429,0.746004341160519,0.799671018323366,0.86154169464183,1,0.445838253723102
-0.130354566468114,-0.0968851541429464,-0.0830440060541374,-0.0733458144919769,-0.0666042518351319,-0.0565356293736635,-0.0477039253878007,-0.0459005854009027,-0.026496012599959,-0.00732720375472066,0.0043982795267732,0.0258696687790819,0.0572509414190218,0.0734366239344024,0.0989220075237945,0.133379056775005,0.151600801435364,0.157966960102371,0.173849304137382,0.195937264366309,0.195526445890943,0.212347320826727,0.231684324942779,0.245643635298031,0.260328856966496,0.271495849730712,0.284545846173308,0.302183687925278,0.322849289617183,0.358355583147884,0.445838253723102,1
