1,0.849561460373708,0.784588429232486,0.728406333450607,0.678926850705043,0.635834716350094,0.585653268811479,0.531462299549635,0.486733156065639,0.452992210967915,0.388726980671384,0.322025410982361,0.250618602754203,0.182648052044675,0.106567496114799,0.0256769566920475,-0.0510056154686188,-0.120121319759461,-0.179840260512064,-0.236261598429841,-0.289533452525304,-0.358953629841864,-0.415598866341443,-0.459511117473926,-0.483639480653791,-0.520992941662064,-0.546667440051719,-0.527682334999034,-0.476591317136111,-0.384275753239838,-0.290824248082852,-0.10189168099035
0.849561460373708,1,0.947525476028287,0.899207325011735,0.85251010979379,0.813760729167048,0.770334611378429,0.720513603682708,0.683016333527564,0.647736405386473,0.580646836502724,0.509030088734294,0.438696485889255,0.361101373302231,0.280298587116318,0.186998468842449,0.0946518487688906,0.0149259922037571,-0.054507919601926,-0.127620225296673,-0.195587810831977,-0.281522556911749,-0.354260867395957,-0.411572098198086,-0.447863338391171,-0.491870824095162,-0.525717813774494,-0.515352052143145,-0.475596998147459,-0.388561630994624,-0.279335897546509,-0.0585870082790433
0.784588429232486,0.947525476028287,1,0.971447994694228,0.940549615812484,0.912765633433519,0.879268941837208,0.836281183252123,0.802127018287591,0.769510357343925,0.710533635953584,0.64304125913856,0.576909833485564,0.498742657090435,0.415160542625742,0.321508186984889,0.227349520076384,0.142675188065737,0.0677804107674163,-0.0139397832678005,-0.0884416626099832,-0.177450761290898,-0.249567039519611,-0.318153263722467,-0.361763251335175,-0.414732128373926,-0.453382261469444,-0.454305500863835,-0.430633177313802,-0.356215701707863,-0.266014650816687,-0.0357677007480375
0.728406333450607,0.899207325011735,0.971447994694228,1,0.979249810344734,0.956732892684935,0.932817859484006,0.896471641934174,0.866605845147066,0.83669885755333,0.784594181277066,0.724505601385204,0.66207343138645,0.587532594191253,0.506297608683005,0.413144506917556,0.317722609239483,0.234451746288518,0.158208208064218,0.0765388328944875,0.000588984959577708,-0.0881362219603568,-0.159390219851986,-0.231040660280442,-0.279545801613076,-0.337545542532994,-0.383673987238666,-0.397497059029287,-0.383007919950746,-0.319738416419738,-0.233280676334481,-0.00661934068049583
0.678926850705043,0.85251010979379,0.940549615812484,0.979249810344734,1,0.983896777137671,0.964750406390247,0.93405830413433,0.912111227643026,0.884273075237249,0.838531485323028,0.781727975297245,0.725847531799344,0.655791327718971,0.580009510616425,0.489279823821973,0.394371730185533,0.312002581590887,0.235664910361581,0.155049727356752,0.0798526456688397,-0.00701739107430132,-0.075872139127351,-0.148199053115335,-0.196922091736682,-0.258944056191494,-0.309497660106332,-0.330637145078912,-0.324808110969341,-0.273983090373751,-0.2042449975424,0.0279585213952037
0.635834716350094,0.813760729167048,0.912765633433519,0.956732892684935,0.983896777137671,1,0.9854203031235,0.961431931960821,0.943448487392832,0.921095806779691,0.880789653397654,0.832703703536923,0.781839410216096,0.71565944515115,0.642429224293094,0.555422823635547,0.462862159907498,0.381382974642131,0.307047512104554,0.227257770114617,0.150922460674262,0.064263917444363,-0.00366654911579736,-0.0778130125099648,-0.129221180284393,-0.193146188018322,-0.246226609678418,-0.272114243767116,-0.272604515560731,-0.231903808488167,-0.179794578140389,0.0425692884755297
0.585653268811479,0.770334611378429,0.879268941837208,0.932817859484006,0.964750406390247,0.9854203031235,1,0.985566593952049,0.970538911572579,0.952525739184063,0.917221265448131,0.875184527529136,0.830717539700822,0.767513724074161,0.69927661746081,0.618807329404875,0.529789302866823,0.451973683481028,0.381255389642333,0.303071096534348,0.228687106376614,0.14273102887156,0.074137819051349,-0.00242657094403897,-0.055983612832365,-0.121116914650516,-0.178770788304081,-0.214103874461636,-0.221160717419381,-0.189497269149885,-0.150429597974047,0.0584564617337918
0.531462299549635,0.720513603682708,0.836281183252123,0.896471641934174,0.93405830413433,0.961431931960821,0.985566593952049,1,0.98882851998076,0.97685426389701,0.949471239271036,0.91552933745794,0.877290217872577,0.820482005499483,0.756479046456004,0.683477213568025,0.599877151536778,0.525985895264105,0.458388365080969,0.383665581276052,0.311929118208564,0.227224815914473,0.158032249581439,0.0827652406470446,0.0280823828549632,-0.0395329265539242,-0.102060344669313,-0.143468800751366,-0.158452148242555,-0.137438266612909,-0.103607831818833,0.0852792088001763
0.486733156065639,0.683016333527564,0.802127018287591,0.866605845147066,0.912111227643026,0.943448487392832,0.970538911572579,0.98882851998076,1,0.991136594117058,0.9704794910399,0.942049223616327,0.908624244933205,0.859089491014739,0.801644109879762,0.734526949046418,0.657027490157338,0.586452190011965,0.520239724924746,0.449298087213922,0.379364771188735,0.297093525293215,0.227606875801992,0.153657594225918,0.0981589069580827,0.0292084218574582,-0.0353170219894944,-0.0774989684686249,-0.0958486936282555,-0.088037904142037,-0.0664005687412265,0.100691482536509
0.452992210967915,0.647736405386473,0.769510357343925,0.83669885755333,0.884273075237249,0.921095806779691,0.952525739184063,0.97685426389701,0.991136594117058,1,0.98622511876217,0.962240931490658,0.932108187848611,0.887984265040132,0.833816211202454,0.771514927949095,0.697639564632734,0.629363453309334,0.56625632011435,0.497614289572323,0.430122034590734,0.350038621006296,0.281289297835538,0.20804218787209,0.153356401016002,0.0839453396785531,0.0177452810757722,-0.0274174919810962,-0.0511152957330049,-0.046666682375733,-0.0357089520130561,0.118005843514639
0.388726980671384,0.580646836502724,0.710533635953584,0.784594181277066,0.838531485323028,0.880789653397654,0.917221265448131,0.949471239271036,0.9704794910399,0.98622511876217,1,0.987079261682833,0.964431484391767,0.929405841582157,0.882241786072021,0.825764785244764,0.759139518647494,0.696589909908806,0.639087655257522,0.576155370442711,0.513076407443811,0.436690067668136,0.370234616092377,0.300044244136417,0.245368234114518,0.176578832489137,0.109305595995526,0.0600385878318256,0.0285352134635054,0.0198715003733334,0.017327980064538,0.139403190271639
0.322025410982361,0.509030088734294,0.64304125913856,0.724505601385204,0.781727975297245,0.832703703536923,0.875184527529136,0.91552933745794,0.942049223616327,0.962240931490658,0.987079261682833,1,0.986715410524377,0.960824109610015,0.920643277432201,0.871840734232555,0.812687361989979,0.755093952506916,0.704450434585377,0.647199022963337,0.588317766643397,0.516482083968885,0.45391543994348,0.386997235201272,0.333355872576868,0.266304049329185,0.196701788207255,0.143079373832866,0.105295886414728,0.0832296822024711,0.0703050103109393,0.157982585038147
0.250618602754203,0.438696485889255,0.576909833485564,0.66207343138645,0.725847531799344,0.781839410216096,0.830717539700822,0.877290217872577,0.908624244933205,0.932108187848611,0.964431484391767,0.986715410524377,1,0.984248490429436,0.952343293663897,0.911432324751511,0.860427710681536,0.810028792439941,0.764858782038785,0.709955445398478,0.654718940978114,0.588234120310524,0.530414175110762,0.465918239173654,0.413504929996729,0.347739348368667,0.279347077603336,0.22249599631047,0.179397729361163,0.146735886647276,0.119798915936156,0.179543067376924
0.182648052044675,0.361101373302231,0.498742657090435,0.587532594191253,0.655791327718971,0.71565944515115,0.767513724074161,0.820482005499483,0.859089491014739,0.887984265040132,0.929405841582157,0.960824109610015,0.984248490429436,1,0.982736790007214,0.951265011588921,0.910747048651845,0.866996936054344,0.82880847551067,0.782509037755571,0.732480685270151,0.672418294533959,0.617785653910712,0.558971219808725,0.508281092871512,0.445209609311534,0.378003827896182,0.323421958468034,0.277238143185527,0.238183703838443,0.185644109379765,0.20571525810955
0.106567496114799,0.280298587116318,0.415160542625742,0.506297608683005,0.580009510616425,0.642429224293094,0.69927661746081,0.756479046456004,0.801644109879762,0.833816211202454,0.882241786072021,0.920643277432201,0.952343293663897,0.982736790007214,1,0.984068842861087,0.955683317902898,0.922962517104907,0.890581503482068,0.850169704713857,0.804565216822092,0.751485877421326,0.701917260558842,0.644319066936108,0.596228087018799,0.539279375601149,0.476475101634478,0.424711626153339,0.377896840370543,0.334066990336563,0.249515039989516,0.230835922817318
0.0256769566920475,0.186998468842449,0.321508186984889,0.413144506917556,0.489279823821973,0.555422823635547,0.618807329404875,0.683477213568025,0.734526949046418,0.771514927949095,0.825764785244764,0.871840734232555,0.911432324751511,0.951265011588921,0.984068842861087,1,0.984880549746782,0.960683808386013,0.935193811834994,0.902423208762345,0.864775224407683,0.818164922545677,0.774153374433582,0.720485496218499,0.677143523703869,0.623023145780616,0.563441992265304,0.512488114694565,0.461208778991373,0.409487660161388,0.299835945675767,0.246438171158064
-0.0510056154686188,0.0946518487688906,0.227349520076384,0.317722609239483,0.394371730185533,0.462862159907498,0.529789302866823,0.599877151536778,0.657027490157338,0.697639564632734,0.759139518647494,0.812687361989979,0.860427710681536,0.910747048651845,0.955683317902898,0.984880549746782,1,0.986595441048364,0.967750186077127,0.94297692203946,0.912177824332495,0.872148793526837,0.834572691372302,0.786708243174976,0.746370649818811,0.697879574862111,0.645180680537235,0.597765719110966,0.545562974108045,0.483860830210855,0.353569043785671,0.262981250663695
-0.120121319759461,0.0149259922037571,0.142675188065737,0.234451746288518,0.312002581590887,0.381382974642131,0.451973683481028,0.525985895264105,0.586452190011965,0.629363453309334,0.696589909908806,0.755093952506916,0.810028792439941,0.866996936054344,0.922962517104907,0.960683808386013,0.986595441048364,1,0.988855550480911,0.970530042017196,0.946102952305262,0.91321631147383,0.881470174812835,0.837544990304664,0.800591268551231,0.75757425164721,0.710418706700877,0.664591358207196,0.611261661968133,0.540968915694648,0.395794645352396,0.271378732308558
-0.179840260512064,-0.054507919601926,0.0677804107674163,0.158208208064218,0.235664910361581,0.307047512104554,0.381255389642333,0.458388365080969,0.520239724924746,0.56625632011435,0.639087655257522,0.704450434585377,0.764858782038785,0.82880847551067,0.890581503482068,0.935193811834994,0.967750186077127,0.988855550480911,1,0.988096946891919,0.96986110610985,0.943798251337931,0.916634299816061,0.87871372564863,0.846772251505845,0.809177127960414,0.76381340120652,0.716143569837061,0.658405558529493,0.583747854444821,0.431611179590769,0.281640667654246
-0.236261598429841,-0.127620225296673,-0.0139397832678005,0.0765388328944875,0.155049727356752,0.227257770114617,0.303071096534348,0.383665581276052,0.449298087213922,0.497614289572323,0.576155370442711,0.647199022963337,0.709955445398478,0.782509037755571,0.850169704713857,0.902423208762345,0.94297692203946,0.970530042017196,0.988096946891919,1,0.989879582228903,0.969775443568429,0.944933626890219,0.916361230074334,0.887409450696734,0.851531742647254,0.808778880470637,0.761447881711541,0.699282273347884,0.618929862817243,0.455999718069477,0.28260645321497
-0.289533452525304,-0.195587810831977,-0.0884416626099832,0.000588984959577708,0.0798526456688397,0.150922460674262,0.228687106376614,0.311929118208564,0.379364771188735,0.430122034590734,0.513076407443811,0.588317766643397,0.654718940978114,0.732480685270151,0.804565216822092,0.864775224407683,0.912177824332495,0.946102952305262,0.96986110610985,0.989879582228903,1,0.987875814346519,0.967742583190524,0.946110358774258,0.92157027255618,0.889772772752423,0.849933602931188,0.801024605811247,0.734047806009699,0.648641281229284,0.47609290462191,0.29048505029254
-0.358953629841864,-0.281522556911749,-0.177450761290898,-0.0881362219603568,-0.00701739107430132,0.064263917444363,0.14273102887156,0.227224815914473,0.297093525293215,0.350038621006296,0.436690067668136,0.516482083968885,0.588234120310524,0.672418294533959,0.751485877421326,0.818164922545677,0.872148793526837,0.91321631147383,0.943798251337931,0.969775443568429,0.987875814346519,1,0.989455149731338,0.972924287692606,0.952913995489426,0.927419780285245,0.889361897808838,0.841283799281111,0.77262276531368,0.684570806656369,0.499711399448776,0.287127461369764
-0.415598866341443,-0.354260867395957,-0.249567039519611,-0.159390219851986,-0.075872139127351,-0.00366654911579736,0.074137819051349,0.158032249581439,0.227606875801992,0.281289297835538,0.370234616092377,0.45391543994348,0.530414175110762,0.617785653910712,0.701917260558842,0.774153374433582,0.834572691372302,0.881470174812835,0.916634299816061,0.944933626890219,0.967742583190524,0.989455149731338,1,0.986557526253425,0.970022648528995,0.951438755500636,0.919140538216459,0.872307652713437,0.804680137366719,0.714962594718392,0.525032642019268,0.296341233689309
-0.459511117473926,-0.411572098198086,-0.318153263722467,-0.231040660280442,-0.148199053115335,-0.0778130125099648,-0.00242657094403897,0.0827652406470446,0.153657594225918,0.20804218787209,0.300044244136417,0.386997235201272,0.465918239173654,0.558971219808725,0.644319066936108,0.720485496218499,0.786708243174976,0.837544990304664,0.87871372564863,0.916361230074334,0.946110358774258,0.972924287692606,0.986557526253425,1,0.989898997302906,0.974583557268434,0.946128956183628,0.902037818275003,0.833045402809057,0.731554591046387,0.534843087924204,0.286484296125431
-0.483639480653791,-0.447863338391171,-0.361763251335175,-0.279545801613076,-0.196922091736682,-0.129221180284393,-0.055983612832365,0.0280823828549632,0.0981589069580827,0.153356401016002,0.245368234114518,0.333355872576868,0.413504929996729,0.508281092871512,0.596228087018799,0.677143523703869,0.746370649818811,0.800591268551231,0.846772251505845,0.887409450696734,0.92157027255618,0.952913995489426,0.970022648528995,0.989898997302906,1,0.986849308989296,0.962721749999856,0.919145392858433,0.850896080534624,0.746849853096408,0.554203605377394,0.297085749773618
-0.520992941662064,-0.491870824095162,-0.414732128373926,-0.337545542532994,-0.258944056191494,-0.193146188018322,-0.121116914650516,-0.0395329265539242,0.0292084218574582,0.0839453396785531,0.176578832489137,0.266304049329185,0.347739348368667,0.445209609311534,0.539279375601149,0.623023145780616,0.697879574862111,0.75757425164721,0.809177127960414,0.851531742647254,0.889772772752423,0.927419780285245,0.951438755500636,0.974583557268434,0.986849308989296,1,0.983769137406793,0.947479554360479,0.8846237156692,0.776291328335369,0.571592642391306,0.294436372411929
-0.546667440051719,-0.525717813774494,-0.453382261469444,-0.383673987238666,-0.309497660106332,-0.246226609678418,-0.178770788304081,-0.102060344669313,-0.0353170219894944,0.0177452810757722,0.109305595995526,0.196701788207255,0.279347077603336,0.378003827896182,0.476475101634478,0.563441992265304,0.645180680537235,0.710418706700877,0.76381340120652,0.808778880470637,0.849933602931188,0.889361897808838,0.919140538216459,0.946128956183628,0.962721749999856,0.983769137406793,1,0.973779549522079,0.917023412094954,0.816531190079564,0.591930437188693,0.300121181039807
-0.527682334999034,-0.515352052143145,-0.454305500863835,-0.397497059029287,-0.330637145078912,-0.272114243767116,-0.214103874461636,-0.143468800751366,-0.0774989684686249,-0.0274174919810962,0.0600385878318256,0.143079373832866,0.22249599631047,0.323421958468034,0.424711626153339,0.512488114694565,0.597765719110966,0.664591358207196,0.716143569837061,0.761447881711541,0.801024605811247,0.841283799281111,0.872307652713437,0.902037818275003,0.919145392858433,0.947479554360479,0.973779549522079,1,0.961004073505912,0.864382789664189,0.610344630054063,0.29830655922382
-0.476591317136111,-0.475596998147459,-0.430633177313802,-0.383007919950746,-0.324808110969341,-0.272604515560731,-0.221160717419381,-0.158452148242555,-0.0958486936282555,-0.0511152957330049,0.0285352134635054,0.105295886414728,0.179397729361163,0.277238143185527,0.377896840370543,0.461208778991373,0.545562974108045,0.611261661968133,0.658405558529493,0.699282273347884,0.734047806009699,0.77262276531368,0.804680137366719,0.833045402809057,0.850896080534624,0.8846237156692,0.917023412094954,0.961004073505912,1,0.912687949426152,0.656033301371386,0.310729398933541
-0.384275753239838,-0.388561630994624,-0.356215701707863,-0.319738416419738,-0.273983090373751,-0.231903808488167,-0.189497269149885,-0.137438266612909,-0.088037904142037,-0.046666682375733,0.0198715003733334,0.0832296822024711,0.146735886647276,0.238183703838443,0.334066990336563,0.409487660161388,0.483860830210855,0.540968915694648,0.583747854444821,0.618929862817243,0.648641281229284,0.684570806656369,0.714962594718392,0.731554591046387,0.746849853096408,0.776291328335369,0.816531190079564,0.864382789664189,0.912687949426152,1,0.758761123353773,0.374514863042864
-0.290824248082852,-0.279335897546509,-0.266014650816687,-0.233280676334481,-0.2042449975424,-0.179794578140389,-0.150429597974047,-0.103607831818833,-0.0664005687412265,-0.0357089520130561,0.017327980064538,0.0703050103109393,0.119798915936156,0.185644109379765,0.249515039989516,0.299835945675767,0.353569043785671,0.395794645352396,0.431611179590769,0.455999718069477,0.47609290462191,0.499711399448776,0.525032642019268,0.534843087924204,0.554203605377394,0.571592642391306,0.591930437188693,0.610344630054063,0.656033301371386,0.758761123353773,1,0.492080976779331
-0.10189168099035,-0.0585870082790433,-0.0357677007480375,-0.00661934068049583,0.0279585213952037,0.0425692884755297,0.0584564617337918,0.0852792088001763,0.100691482536509,0.118005843514639,0.139403190271639,0.157982585038147,0.179543067376924,0.20571525810955,0.230835922817318,0.246438171158064,0.262981250663695,0.271378732308558,0.281640667654246,0.28260645321497,0.29048505029254,0.287127461369764,0.296341233689309,0.286484296125431,0.297085749773618,0.294436372411929,0.300121181039807,0.29830655922382,0.310729398933541,0.374514863042864,0.492080976779331,1
