1,0.513016877661088,0.424101897278865,0.399423840203239,0.397130948345431,0.385330682703275,0.366384532441674,0.349451452711542,0.333532057925544,0.331194510966918,0.31958912240656,0.305214110043365,0.299929847397575,0.285106718820199,0.268487937112545,0.256882518817048,0.233674320850058,0.215266542825618,0.194925156926372,0.170395520072783,0.154521952772466,0.137112825360467,0.105751848800571,0.0773971181044444,0.0609859769140893,0.0272057915302192,-0.00172663839218559,-0.0172440577609345,-0.0266117687896007,0.0271307665542755,0.0711564454514902,0.0239156699136743
0.513016877661088,1,0.922542799972361,0.860286434718003,0.840967827080707,0.818603755855486,0.792480721795258,0.76863296271139,0.740209666622015,0.717938495868064,0.693390006982573,0.662090037907235,0.637895704534627,0.60817566180211,0.575062170226918,0.541718858633811,0.50036118173075,0.477526257334999,0.436121923292958,0.387743030232459,0.330112251656418,0.272291502731033,0.205921702254423,0.137541851921326,0.0807942785313044,0.0177345863020001,-0.0319389144996619,-0.0520104608056658,-0.0730291220063589,-0.03288387443538,0.0156164379365643,-0.031779445497409
0.424101897278865,0.922542799972361,1,0.951746471923739,0.918489117741991,0.894784180688595,0.8708481635923,0.84725409646579,0.821703675406496,0.80059992696871,0.776608939204061,0.743342735605642,0.72570237829195,0.699995682079752,0.665311036707967,0.630479256632394,0.59548389407379,0.569699198017532,0.530116362473943,0.480250759539861,0.421853316235686,0.364255490845238,0.289910361846292,0.217779946498724,0.155671797977935,0.0860834036787724,0.0353212386401801,0.00915885323359372,-0.0210254233833258,-0.00295728450230123,0.029558581365777,-0.0191825467955718
0.399423840203239,0.860286434718003,0.951746471923739,1,0.975587147556755,0.949572460317564,0.926397164849487,0.902786845580607,0.876643027597168,0.858299269983773,0.838213300254301,0.8047698388068,0.788440778219343,0.763483793054054,0.730049326706042,0.695572538472671,0.666868585285232,0.641333409706547,0.604077011030092,0.553243699594198,0.491640211498271,0.435896413115582,0.357954807869141,0.280663561291806,0.211994901426577,0.145221848084527,0.0929313568249383,0.0677860195293454,0.0345154618668045,0.0330940753935977,0.0535062317698634,-0.00222738833734762
0.397130948345431,0.840967827080707,0.918489117741991,0.975587147556755,1,0.979861562193998,0.955855369794064,0.934235380162427,0.90885905720498,0.887425713103352,0.868030023874791,0.836843954588272,0.819809537910857,0.793146535737064,0.758227539981702,0.726381608827992,0.696944477090417,0.670536848353659,0.629863248649841,0.580626295367685,0.522095077053671,0.470009304138985,0.391036770553758,0.312467109848165,0.243870094937603,0.175730388217389,0.119781347604474,0.0919298940993688,0.0544362352603352,0.0426302130317105,0.0569589955881988,-0.00620272156724126
0.385330682703275,0.818603755855486,0.894784180688595,0.949572460317564,0.979861562193998,1,0.981504707397124,0.961109531207295,0.935293936816814,0.915620750961683,0.898761385098269,0.867214952604261,0.848874801170307,0.823413402594705,0.787808962323646,0.755417641533789,0.726893791258096,0.700532755032715,0.661813636422243,0.613800370614981,0.554181381096746,0.502995304060804,0.426452062107106,0.349702755569004,0.281807366334738,0.212192237023988,0.156135931658384,0.122627596201694,0.0814820811514353,0.0599014205147997,0.0637361556361035,0.000779487374977592
0.366384532441674,0.792480721795258,0.8708481635923,0.926397164849487,0.955855369794064,0.981504707397124,1,0.981110266297734,0.955316140935497,0.936972885475153,0.919140291038391,0.888211503794528,0.87100677285537,0.846157421555884,0.811817889467156,0.777456674577522,0.751044331305622,0.724507111506615,0.683381588370219,0.634999243931358,0.574304991150071,0.521976015424074,0.447355651966702,0.371479928153136,0.304260034200818,0.241144720612171,0.183344005216797,0.143618254144008,0.101149349445505,0.0730293467547024,0.0656787494248809,-0.000388790780210105
0.349451452711542,0.76863296271139,0.84725409646579,0.902786845580607,0.934235380162427,0.961109531207295,0.981110266297734,1,0.983973229266279,0.965193122894521,0.94770339633966,0.916624819989512,0.900219101972804,0.875374929219805,0.841669366395695,0.809349951670566,0.781905871313583,0.756247743301089,0.715519230498064,0.670115302586496,0.610940252344912,0.5555692386078,0.481160440315962,0.407152896442445,0.341150132040855,0.277597909635604,0.222283167512249,0.180588469605679,0.132986401510557,0.0969622401185708,0.0730241648562922,0.0156780444411741
0.333532057925544,0.740209666622015,0.821703675406496,0.876643027597168,0.90885905720498,0.935293936816814,0.955316140935497,0.983973229266279,1,0.983410960609316,0.965847923416549,0.93467569928918,0.92115012140737,0.897301504165221,0.865493410607508,0.834299546785084,0.804148501207177,0.779488469313014,0.740767283201884,0.698964360487015,0.644127634676659,0.588810070486223,0.512200449654894,0.438117567807488,0.369001795198665,0.305824340985997,0.250456720322074,0.207357876297382,0.160668713875853,0.118752461827849,0.0870256919121332,0.0201460346705583
0.331194510966918,0.717938495868064,0.80059992696871,0.858299269983773,0.887425713103352,0.915620750961683,0.936972885475153,0.965193122894521,0.983410960609316,1,0.986845700307703,0.958889990230217,0.943914919475294,0.918335964149229,0.886646408153147,0.855058994935425,0.824137723528509,0.799181904470278,0.76298063821703,0.722545195372903,0.668303629405431,0.615798714087222,0.541850735496894,0.469913649845952,0.402902390355568,0.338688811899625,0.281476345617546,0.239517991462731,0.19305991945971,0.142444399529219,0.100202435137649,0.0233069180255052
0.31958912240656,0.693390006982573,0.776608939204061,0.838213300254301,0.868030023874791,0.898761385098269,0.919140291038391,0.94770339633966,0.965847923416549,0.986845700307703,1,0.982403051489903,0.965891954750322,0.941145034524163,0.911886836370421,0.882492524830814,0.854788249605065,0.83014234040168,0.795000765631902,0.757042862969678,0.703457486699218,0.655751496422381,0.58753971951413,0.517055339388084,0.451775300068437,0.389946366240279,0.333267254362511,0.289831976267718,0.241777904410172,0.177291847974068,0.117791028608374,0.0286714013374228
0.305214110043365,0.662090037907235,0.743342735605642,0.8047698388068,0.836843954588272,0.867214952604261,0.888211503794528,0.916624819989512,0.93467569928918,0.958889990230217,0.982403051489903,1,0.985139744567982,0.96520435230154,0.94055838037943,0.915025653925462,0.888167892516318,0.864425130549433,0.830676430239858,0.791766580395048,0.74162027369805,0.699086409311692,0.635467058780246,0.570091895733078,0.50521239239148,0.442244190016924,0.384225987576459,0.339986693325361,0.287716602286057,0.205319382606583,0.131483181190329,0.0345258603310497
0.299929847397575,0.637895704534627,0.72570237829195,0.788440778219343,0.819809537910857,0.848874801170307,0.87100677285537,0.900219101972804,0.92115012140737,0.943914919475294,0.965891954750322,0.985139744567982,1,0.986429101195758,0.966175208143389,0.943986855760831,0.917975260827315,0.894682294238933,0.861651923186144,0.824684414445241,0.778397927529187,0.738027482533624,0.676053049686639,0.611458445628019,0.548047344506959,0.488174434319917,0.42988062353637,0.380385570510316,0.330553865208442,0.232093829860999,0.159011321916217,0.0569320766178178
0.285106718820199,0.60817566180211,0.699995682079752,0.763483793054054,0.793146535737064,0.823413402594705,0.846157421555884,0.875374929219805,0.897301504165221,0.918335964149229,0.941145034524163,0.96520435230154,0.986429101195758,1,0.984032028831665,0.963888840696971,0.939141193339145,0.916105173492531,0.882875493192576,0.846902372081193,0.801336853190965,0.763039615518641,0.702147842499034,0.638700261309621,0.576159579280897,0.517910374429291,0.463149890858747,0.410904806561649,0.355579763455267,0.251074883942802,0.1734408669274,0.0646892906864566
0.268487937112545,0.575062170226918,0.665311036707967,0.730049326706042,0.758227539981702,0.787808962323646,0.811817889467156,0.841669366395695,0.865493410607508,0.886646408153147,0.911886836370421,0.94055838037943,0.966175208143389,0.984032028831665,1,0.985665206968273,0.961920830157264,0.939961203745269,0.908475787277184,0.874055094420372,0.827770168330037,0.790007921268863,0.733297387136586,0.672700101186672,0.613078738598354,0.559608775324873,0.508099439639906,0.459157533689934,0.400729649935392,0.281988584133142,0.196982282571954,0.0770651158055426
0.256882518817048,0.541718858633811,0.630479256632394,0.695572538472671,0.726381608827992,0.755417641533789,0.777456674577522,0.809349951670566,0.834299546785084,0.855058994935425,0.882492524830814,0.915025653925462,0.943986855760831,0.963888840696971,0.985665206968273,1,0.984416477919681,0.962903975861038,0.932910572816957,0.89994018696309,0.854694530194164,0.816882621326278,0.762368367901927,0.70338829142554,0.645824457343945,0.594010900577315,0.541655373100766,0.493374452979498,0.43087785737646,0.302410713302843,0.208014762302941,0.0908464899051622
0.233674320850058,0.50036118173075,0.59548389407379,0.666868585285232,0.696944477090417,0.726893791258096,0.751044331305622,0.781905871313583,0.804148501207177,0.824137723528509,0.854788249605065,0.888167892516318,0.917975260827315,0.939141193339145,0.961920830157264,0.984416477919681,1,0.984880389584938,0.957358302017975,0.927082806227116,0.88626029399235,0.850149273195085,0.798080198780073,0.739893808844424,0.685739100383457,0.637804985801833,0.587625280864401,0.542941136627314,0.477776730373405,0.331041910801064,0.223820110059765,0.098620555660257
0.215266542825618,0.477526257334999,0.569699198017532,0.641333409706547,0.670536848353659,0.700532755032715,0.724507111506615,0.756247743301089,0.779488469313014,0.799181904470278,0.83014234040168,0.864425130549433,0.894682294238933,0.916105173492531,0.939961203745269,0.962903975861038,0.984880389584938,1,0.981371124454616,0.957055969588589,0.920332066707866,0.887519449410141,0.838780482878174,0.779893284344363,0.729749561698875,0.685565506267444,0.634167510519344,0.589189242122444,0.525743687074133,0.364009904716139,0.241844982471401,0.102516806383898
0.194925156926372,0.436121923292958,0.530116362473943,0.604077011030092,0.629863248649841,0.661813636422243,0.683381588370219,0.715519230498064,0.740767283201884,0.76298063821703,0.795000765631902,0.830676430239858,0.861651923186144,0.882875493192576,0.908475787277184,0.932910572816957,0.957358302017975,0.981371124454616,1,0.980850730101123,0.947526269277839,0.918608251051718,0.872351940792858,0.814500352748884,0.76517048839801,0.722579576199453,0.672753295265779,0.627779772823745,0.56475379391664,0.390931752910219,0.261187554676368,0.116346057982738
0.170395520072783,0.387743030232459,0.480250759539861,0.553243699594198,0.580626295367685,0.613800370614981,0.634999243931358,0.670115302586496,0.698964360487015,0.722545195372903,0.757042862969678,0.791766580395048,0.824684414445241,0.846902372081193,0.874055094420372,0.89994018696309,0.927082806227116,0.957055969588589,0.980850730101123,1,0.978194807544646,0.950886307727673,0.909549326008091,0.854383855609867,0.808438752900037,0.768631605649945,0.72070449945206,0.676338981095835,0.614178382595266,0.443973114085305,0.30721372269542,0.13796972842269
0.154521952772466,0.330112251656418,0.421853316235686,0.491640211498271,0.522095077053671,0.554181381096746,0.574304991150071,0.610940252344912,0.644127634676659,0.668303629405431,0.703457486699218,0.74162027369805,0.778397927529187,0.801336853190965,0.827770168330037,0.854694530194164,0.88626029399235,0.920332066707866,0.947526269277839,0.978194807544646,1,0.977746261254507,0.940045687298401,0.89195195066745,0.85001494547282,0.811389345830267,0.763972871570786,0.721986511568962,0.66125922273794,0.479743632017136,0.342303993821143,0.15462092729803
0.137112825360467,0.272291502731033,0.364255490845238,0.435896413115582,0.470009304138985,0.502995304060804,0.521976015424074,0.5555692386078,0.588810070486223,0.615798714087222,0.655751496422381,0.699086409311692,0.738027482533624,0.763039615518641,0.790007921268863,0.816882621326278,0.850149273195085,0.887519449410141,0.918608251051718,0.950886307727673,0.977746261254507,1,0.974718265679294,0.932396880781335,0.892664809587311,0.856081442030278,0.810726869439419,0.767989166071426,0.71592642097496,0.517240639373692,0.359897082679897,0.157180767673096
0.105751848800571,0.205921702254423,0.289910361846292,0.357954807869141,0.391036770553758,0.426452062107106,0.447355651966702,0.481160440315962,0.512200449654894,0.541850735496894,0.58753971951413,0.635467058780246,0.676053049686639,0.702147842499034,0.733297387136586,0.762368367901927,0.798080198780073,0.838780482878174,0.872351940792858,0.909549326008091,0.940045687298401,0.974718265679294,1,0.974040627201163,0.939069562491941,0.902727111748866,0.860924535830076,0.819388722748867,0.771717238038524,0.567595806464697,0.393725492035669,0.181173187295883
0.0773971181044444,0.137541851921326,0.217779946498724,0.280663561291806,0.312467109848165,0.349702755569004,0.371479928153136,0.407152896442445,0.438117567807488,0.469913649845952,0.517055339388084,0.570091895733078,0.611458445628019,0.638700261309621,0.672700101186672,0.70338829142554,0.739893808844424,0.779893284344363,0.814500352748884,0.854383855609867,0.89195195066745,0.932396880781335,0.974040627201163,1,0.975254993166744,0.936007085465015,0.899098570498878,0.855069483628353,0.808000687398102,0.600629156485978,0.417988589937559,0.200198425535481
0.0609859769140893,0.0807942785313044,0.155671797977935,0.211994901426577,0.243870094937603,0.281807366334738,0.304260034200818,0.341150132040855,0.369001795198665,0.402902390355568,0.451775300068437,0.50521239239148,0.548047344506959,0.576159579280897,0.613078738598354,0.645824457343945,0.685739100383457,0.729749561698875,0.76517048839801,0.808438752900037,0.85001494547282,0.892664809587311,0.939069562491941,0.975254993166744,1,0.972157772761209,0.937221153412372,0.894453743677921,0.844339799472764,0.629494388944336,0.433325840079715,0.20009193720639
0.0272057915302192,0.0177345863020001,0.0860834036787724,0.145221848084527,0.175730388217389,0.212192237023988,0.241144720612171,0.277597909635604,0.305824340985997,0.338688811899625,0.389946366240279,0.442244190016924,0.488174434319917,0.517910374429291,0.559608775324873,0.594010900577315,0.637804985801833,0.685565506267444,0.722579576199453,0.768631605649945,0.811389345830267,0.856081442030278,0.902727111748866,0.936007085465015,0.972157772761209,1,0.973417685319787,0.931642822434043,0.882856403542878,0.66369531185217,0.453365708048991,0.208259276895051
-0.00172663839218559,-0.0319389144996619,0.0353212386401801,0.0929313568249383,0.119781347604474,0.156135931658384,0.183344005216797,0.222283167512249,0.250456720322074,0.281476345617546,0.333267254362511,0.384225987576459,0.42988062353637,0.463149890858747,0.508099439639906,0.541655373100766,0.587625280864401,0.634167510519344,0.672753295265779,0.72070449945206,0.763972871570786,0.810726869439419,0.860924535830076,0.899098570498878,0.937221153412372,0.973417685319787,1,0.967141680312371,0.920461034670443,0.699231416898531,0.468836288685706,0.202880216009549
-0.0172440577609345,-0.0520104608056658,0.00915885323359372,0.0677860195293454,0.0919298940993688,0.122627596201694,0.143618254144008,0.180588469605679,0.207357876297382,0.239517991462731,0.289831976267718,0.339986693325361,0.380385570510316,0.410904806561649,0.459157533689934,0.493374452979498,0.542941136627314,0.589189242122444,0.627779772823745,0.676338981095835,0.721986511568962,0.767989166071426,0.819388722748867,0.855069483628353,0.894453743677921,0.931642822434043,0.967141680312371,1,0.958299810297704,0.730897822525682,0.487008297968089,0.220540305939165
-0.0266117687896007,-0.0730291220063589,-0.0210254233833258,0.0345154618668045,0.0544362352603352,0.0814820811514353,0.101149349445505,0.132986401510557,0.160668713875853,0.19305991945971,0.241777904410172,0.287716602286057,0.330553865208442,0.355579763455267,0.400729649935392,0.43087785737646,0.477776730373405,0.525743687074133,0.56475379391664,0.614178382595266,0.66125922273794,0.71592642097496,0.771717238038524,0.808000687398102,0.844339799472764,0.882856403542878,0.920461034670443,0.958299810297704,1,0.802454541949482,0.548016668031664,0.246138567005162
0.0271307665542755,-0.03288387443538,-0.00295728450230123,0.0330940753935977,0.0426302130317105,0.0599014205147997,0.0730293467547024,0.0969622401185708,0.118752461827849,0.142444399529219,0.177291847974068,0.205319382606583,0.232093829860999,0.251074883942802,0.281988584133142,0.302410713302843,0.331041910801064,0.364009904716139,0.390931752910219,0.443973114085305,0.479743632017136,0.517240639373692,0.567595806464697,0.600629156485978,0.629494388944336,0.66369531185217,0.699231416898531,0.730897822525682,0.802454541949482,1,0.811049069979358,0.414457181855321
0.0711564454514902,0.0156164379365643,0.029558581365777,0.0535062317698634,0.0569589955881988,0.0637361556361035,0.0656787494248809,0.0730241648562922,0.0870256919121332,0.100202435137649,0.117791028608374,0.131483181190329,0.159011321916217,0.1734408669274,0.196982282571954,0.208014762302941,0.223820110059765,0.241844982471401,0.261187554676368,0.30721372269542,0.342303993821143,0.359897082679897,0.393725492035669,0.417988589937559,0.433325840079715,0.453365708048991,0.468836288685706,0.487008297968089,0.548016668031664,0.811049069979358,1,0.58765695529135
0.0239156699136743,-0.031779445497409,-0.0191825467955718,-0.00222738833734762,-0.00620272156724126,0.000779487374977592,-0.000388790780210105,0.0156780444411741,0.0201460346705583,0.0233069180255052,0.0286714013374228,0.0345258603310497,0.0569320766178178,0.0646892906864566,0.0770651158055426,0.0908464899051622,0.098620555660257,0.102516806383898,0.116346057982738,0.13796972842269,0.15462092729803,0.157180767673096,0.181173187295883,0.200198425535481,0.20009193720639,0.208259276895051,0.202880216009549,0.220540305939165,0.246138567005162,0.414457181855321,0.58765695529135,1
