1,0.832790259766164,0.770925068227143,0.734746518663938,0.712820880166696,0.691505666455706,0.656448206436593,0.628355568992183,0.611788257067511,0.577385346014247,0.532798955635893,0.49268852852321,0.464082072347483,0.444268912291484,0.415281697041773,0.379359063102635,0.323578704170236,0.294913635995149,0.273330352222234,0.229132177123023,0.187521324213284,0.126458188703944,0.0672135340358272,0.0364098453158362,0.0133105054934797,0.00589709205777495,-0.00803727371902702,-0.0112287960284608,-0.033190619648343,-0.0658576531188627,-0.0476978719194607,-0.0596444585217198
0.832790259766164,1,0.94310868922617,0.879149844778018,0.845011871828697,0.818540334871515,0.782833071832283,0.756051657962038,0.734123581170594,0.687906389225331,0.633157371643318,0.593899484486831,0.570096426223408,0.546543700026184,0.506850644416676,0.470257184849094,0.408850364507339,0.371909242954651,0.34072843406515,0.281815505251218,0.238328987005045,0.167719847355863,0.0998204416662885,0.0594196030119028,0.0282269891223039,0.00872924645071658,-0.012302101256313,-0.0166851894359772,-0.0432614606362785,-0.0737071141439983,-0.048969065611853,-0.0719511676748328
0.770925068227143,0.94310868922617,1,0.962338867416896,0.911338239795618,0.874643544610534,0.837709508598779,0.811605439729817,0.786938202943569,0.743072076040792,0.692681640623381,0.653489718097026,0.628385377599282,0.600335852623371,0.554218095757164,0.511202286139234,0.453331936632265,0.414574006319735,0.379834911870208,0.323686782862123,0.286338288009871,0.220062460104907,0.147825074361565,0.106812532151256,0.0695132067166164,0.0390978097296804,0.0148451874088857,0.00524676326812787,-0.0211040283994577,-0.0562978262920402,-0.0419458981631501,-0.066072164867518
0.734746518663938,0.879149844778018,0.962338867416896,1,0.970080972091893,0.926910335279217,0.891109297744759,0.866245333806222,0.840813735381939,0.805106539166764,0.76381782056879,0.727553669494886,0.697773266805641,0.668321281489335,0.620008373153436,0.574467942979058,0.519366471609755,0.481826864893599,0.444562623720914,0.38927602967104,0.351972296659491,0.291240949251316,0.218656696340244,0.17715103564682,0.137210078077585,0.09492913632231,0.0554251836592754,0.0345966097837063,0.0047948972306378,-0.0282453423866147,-0.0229666743788237,-0.0561791499706177
0.712820880166696,0.845011871828697,0.911338239795618,0.970080972091893,1,0.97730109291447,0.939877344695259,0.913328360217924,0.889955693939163,0.859129609554389,0.818532144362699,0.78236566911742,0.752755144891977,0.725128553607397,0.683086488293389,0.642857271156209,0.591167285783899,0.554380782487107,0.513701449770026,0.457215948189217,0.416509828110665,0.355007924566475,0.282260725058357,0.236543811354388,0.188421239475025,0.138484476363655,0.0885754731147731,0.0570810673642378,0.0172880614361714,-0.01771444552437,-0.0195373762212721,-0.0548785699184305
0.691505666455706,0.818540334871515,0.874643544610534,0.926910335279217,0.97730109291447,1,0.979791008745892,0.949592591115206,0.926139196262658,0.895137115488938,0.85476861047585,0.820335399172284,0.795446397728387,0.769089055505303,0.730635061450102,0.693422394377307,0.638113389970171,0.600559525893166,0.559211055231583,0.506217989014454,0.464637423816357,0.40435377053823,0.33033459990476,0.282555490393472,0.229342912791037,0.171855303586258,0.114761571352216,0.0754139278580382,0.0254999869602759,-0.0103468969346041,-0.0113790822381957,-0.047845809018521
0.656448206436593,0.782833071832283,0.837709508598779,0.891109297744759,0.939877344695259,0.979791008745892,1,0.984484826285476,0.95936524644407,0.929186664442593,0.89361713295355,0.862416944019805,0.839329701361239,0.813466915729613,0.776694540733296,0.741172696725128,0.681424652835903,0.643463949113556,0.602203907514158,0.553110164810983,0.511918041117176,0.45170615918247,0.375981629312294,0.328359058109634,0.272116964002121,0.206138149366941,0.139734515358116,0.0978510986311874,0.0485546444232591,0.0108327705448999,0.00307349719001306,-0.0316362133470784
0.628355568992183,0.756051657962038,0.811605439729817,0.866245333806222,0.913328360217924,0.949592591115206,0.984484826285476,1,0.986772245311582,0.958942261103143,0.92536880652563,0.89639477760875,0.872931959853129,0.846950490536337,0.809025133738519,0.775417328371695,0.714128403036139,0.677970367039234,0.635324915270169,0.584594709333032,0.546056603042893,0.486703777985326,0.412229839758358,0.365137450994906,0.306715810094944,0.234540357312067,0.159669670177603,0.116807036640505,0.0766811189457965,0.0424285980813388,0.0282814204202779,-0.0106486592991591
0.611788257067511,0.734123581170594,0.786938202943569,0.840813735381939,0.889955693939163,0.926139196262658,0.95936524644407,0.986772245311582,1,0.983227283207615,0.950280368064018,0.922097782570989,0.899662184790983,0.875125547210809,0.834855238162167,0.804921615190096,0.746109288266155,0.713019229747679,0.668961672619655,0.617636126619601,0.579843131747407,0.521675637910662,0.449472167637648,0.401357514471584,0.340006582544402,0.26302042776174,0.180173973777641,0.130549284590733,0.0896248932132093,0.0570958871797872,0.0407191594743013,-0.00486332018597836
0.577385346014247,0.687906389225331,0.743072076040792,0.805106539166764,0.859129609554389,0.895137115488938,0.929186664442593,0.958942261103143,0.983227283207615,1,0.981103339564384,0.953783717073971,0.930623411313419,0.90669336282448,0.865889529492682,0.836141787462494,0.778931165461912,0.748981450016013,0.705280595854193,0.654740407466912,0.619270362866139,0.563186152869546,0.49424414650563,0.448651030082219,0.384711748832018,0.305032745907741,0.217437362421671,0.16059562264109,0.116321672815127,0.083801932662355,0.0658762890061901,0.0132488134066627
0.532798955635893,0.633157371643318,0.692681640623381,0.76381782056879,0.818532144362699,0.85476861047585,0.89361713295355,0.92536880652563,0.950280368064018,0.981103339564384,1,0.984125622266285,0.960955445576335,0.936811517511216,0.899829741204652,0.871022884609313,0.815807032611934,0.785689042959074,0.742271502243059,0.692340794319281,0.658759530532144,0.607812902678825,0.541206395266482,0.499466024565327,0.434928078740843,0.35125009930607,0.254357844851853,0.193166341715474,0.144874941255988,0.109170646833216,0.0981872763680201,0.0368558969738915
0.49268852852321,0.593899484486831,0.653489718097026,0.727553669494886,0.78236566911742,0.820335399172284,0.862416944019805,0.89639477760875,0.922097782570989,0.953783717073971,0.984125622266285,1,0.981176521418853,0.955010943836729,0.919384347753983,0.888347067434511,0.838947839919241,0.808350820216768,0.769026918357722,0.721214481793395,0.689544761116474,0.644074031381147,0.579581747893229,0.537729261058337,0.471133106340237,0.392089424957146,0.293265282991373,0.22345654048481,0.162207812509757,0.123463177581083,0.124994696463268,0.0725869089657356
0.464082072347483,0.570096426223408,0.628385377599282,0.697773266805641,0.752755144891977,0.795446397728387,0.839329701361239,0.872931959853129,0.899662184790983,0.930623411313419,0.960955445576335,0.981176521418853,1,0.98219236653967,0.94858623668492,0.917118977342327,0.870508760831701,0.842354121776042,0.805760306555327,0.76341310982651,0.731807466479487,0.685196839279277,0.618566782754537,0.576431421396964,0.508585392582705,0.425632724399039,0.321717467280874,0.246842589066679,0.178604213365225,0.135826090686954,0.135215625690534,0.0897422190215686
0.444268912291484,0.546543700026184,0.600335852623371,0.668321281489335,0.725128553607397,0.769089055505303,0.813466915729613,0.846950490536337,0.875125547210809,0.90669336282448,0.936811517511216,0.955010943836729,0.98219236653967,1,0.973393965824777,0.94453769067334,0.899472387572605,0.873417846918024,0.840493132713677,0.800760334437969,0.769152901807973,0.720655234499974,0.653600216060351,0.61304052211582,0.548890387814021,0.462447148958575,0.348935116110145,0.266838187942959,0.191082770083038,0.146994641591804,0.145619160156627,0.0918036472851641
0.415281697041773,0.506850644416676,0.554218095757164,0.620008373153436,0.683086488293389,0.730635061450102,0.776694540733296,0.809025133738519,0.834855238162167,0.865889529492682,0.899829741204652,0.919384347753983,0.94858623668492,0.973393965824777,1,0.974470284040396,0.933635471721361,0.905545838078827,0.87347568919333,0.840915194585988,0.810369800510554,0.75972202107207,0.688380305016374,0.645418681655806,0.57922785233184,0.489326417426939,0.369917095466745,0.281098043740622,0.200343879322398,0.156295501021395,0.15630346716643,0.103105792981285
0.379359063102635,0.470257184849094,0.511202286139234,0.574467942979058,0.642857271156209,0.693422394377307,0.741172696725128,0.775417328371695,0.804921615190096,0.836141787462494,0.871022884609313,0.888347067434511,0.917118977342327,0.94453769067334,0.974470284040396,1,0.965558002827025,0.93773000360492,0.901764824546834,0.869120649165627,0.837014322555519,0.787205180184746,0.719916098821848,0.677379720094909,0.608426380518819,0.515576722609802,0.389279057136378,0.294619060980967,0.223425901908424,0.175508196696888,0.17032599112737,0.11326498430441
0.323578704170236,0.408850364507339,0.453331936632265,0.519366471609755,0.591167285783899,0.638113389970171,0.681424652835903,0.714128403036139,0.746109288266155,0.778931165461912,0.815807032611934,0.838947839919241,0.870508760831701,0.899472387572605,0.933635471721361,0.965558002827025,1,0.977797098550269,0.947242413213348,0.91722359787323,0.887186974611607,0.841070282702228,0.777619629869322,0.738943966951486,0.675055144257152,0.586230569466134,0.447813343215513,0.340143736437184,0.258150594679812,0.204069185174716,0.193124952229967,0.140584047267764
0.294913635995149,0.371909242954651,0.414574006319735,0.481826864893599,0.554380782487107,0.600559525893166,0.643463949113556,0.677970367039234,0.713019229747679,0.748981450016013,0.785689042959074,0.808350820216768,0.842354121776042,0.873417846918024,0.905545838078827,0.93773000360492,0.977797098550269,1,0.977844933912471,0.949571124275184,0.920115820449138,0.878185930271926,0.817323015464291,0.780034392860428,0.71483080146698,0.624586422151404,0.485106450195476,0.378171794335565,0.28263918633202,0.225869553783143,0.215345515930603,0.16315762446575
0.273330352222234,0.34072843406515,0.379834911870208,0.444562623720914,0.513701449770026,0.559211055231583,0.602203907514158,0.635324915270169,0.668961672619655,0.705280595854193,0.742271502243059,0.769026918357722,0.805760306555327,0.840493132713677,0.87347568919333,0.901764824546834,0.947242413213348,0.977844933912471,1,0.978402324298508,0.950419772820477,0.915301502949256,0.857919391302849,0.819834530891002,0.755722692491735,0.657853656707792,0.523002027437112,0.430780466188939,0.324911259111479,0.256064286469518,0.240708761281406,0.192493304695265
0.229132177123023,0.281815505251218,0.323686782862123,0.38927602967104,0.457215948189217,0.506217989014454,0.553110164810983,0.584594709333032,0.617636126619601,0.654740407466912,0.692340794319281,0.721214481793395,0.76341310982651,0.800760334437969,0.840915194585988,0.869120649165627,0.91722359787323,0.949571124275184,0.978402324298508,1,0.982975149135798,0.952452931477862,0.898105950063149,0.858591971050003,0.792290330850873,0.692083515037866,0.553421091673222,0.451504789303908,0.335168903505132,0.267615508972445,0.262135582668365,0.209468004184059
0.187521324213284,0.238328987005045,0.286338288009871,0.351972296659491,0.416509828110665,0.464637423816357,0.511918041117176,0.546056603042893,0.579843131747407,0.619270362866139,0.658759530532144,0.689544761116474,0.731807466479487,0.769152901807973,0.810369800510554,0.837014322555519,0.887186974611607,0.920115820449138,0.950419772820477,0.982975149135798,1,0.978976349785799,0.925773623164854,0.888513944769467,0.823604476094258,0.721789016264982,0.580320510919901,0.476090038825477,0.356474105695078,0.286899013672998,0.272267628017989,0.208964414112907
0.126458188703944,0.167719847355863,0.220062460104907,0.291240949251316,0.355007924566475,0.40435377053823,0.45170615918247,0.486703777985326,0.521675637910662,0.563186152869546,0.607812902678825,0.644074031381147,0.685196839279277,0.720655234499974,0.75972202107207,0.787205180184746,0.841070282702228,0.878185930271926,0.915301502949256,0.952452931477862,0.978976349785799,1,0.968491699295364,0.935600815071069,0.875811272860813,0.772051451846992,0.631273656125215,0.533922260975411,0.408727201473727,0.333158810234977,0.313706093876283,0.240104500098864
0.0672135340358272,0.0998204416662885,0.147825074361565,0.218656696340244,0.282260725058357,0.33033459990476,0.375981629312294,0.412229839758358,0.449472167637648,0.49424414650563,0.541206395266482,0.579581747893229,0.618566782754537,0.653600216060351,0.688380305016374,0.719916098821848,0.777619629869322,0.817323015464291,0.857919391302849,0.898105950063149,0.925773623164854,0.968491699295364,1,0.980316443822374,0.915284774980767,0.808945502165377,0.684853215779518,0.597035926957935,0.465225316001245,0.377022026461763,0.345466457570678,0.269884420180022
0.0364098453158362,0.0594196030119028,0.106812532151256,0.17715103564682,0.236543811354388,0.282555490393472,0.328359058109634,0.365137450994906,0.401357514471584,0.448651030082219,0.499466024565327,0.537729261058337,0.576431421396964,0.61304052211582,0.645418681655806,0.677379720094909,0.738943966951486,0.780034392860428,0.819834530891002,0.858591971050003,0.888513944769467,0.935600815071069,0.980316443822374,1,0.961344095592158,0.861750786281642,0.736016669707251,0.644658481863966,0.514062767191486,0.428109528680725,0.383668597610107,0.302928166042653
0.0133105054934797,0.0282269891223039,0.0695132067166164,0.137210078077585,0.188421239475025,0.229342912791037,0.272116964002121,0.306715810094944,0.340006582544402,0.384711748832018,0.434928078740843,0.471133106340237,0.508585392582705,0.548890387814021,0.57922785233184,0.608426380518819,0.675055144257152,0.71483080146698,0.755722692491735,0.792290330850873,0.823604476094258,0.875811272860813,0.915284774980767,0.961344095592158,1,0.941845718756571,0.807786848596429,0.711661753020985,0.577490108905992,0.48558766329102,0.415890765594082,0.331695898045183
0.00589709205777495,0.00872924645071658,0.0390978097296804,0.09492913632231,0.138484476363655,0.171855303586258,0.206138149366941,0.234540357312067,0.26302042776174,0.305032745907741,0.35125009930607,0.392089424957146,0.425632724399039,0.462447148958575,0.489326417426939,0.515576722609802,0.586230569466134,0.624586422151404,0.657853656707792,0.692083515037866,0.721789016264982,0.772051451846992,0.808945502165377,0.861750786281642,0.941845718756571,1,0.918858346367832,0.798091073939066,0.632554652238538,0.531615843227928,0.448731624884586,0.367930786411432
-0.00803727371902702,-0.012302101256313,0.0148451874088857,0.0554251836592754,0.0885754731147731,0.114761571352216,0.139734515358116,0.159669670177603,0.180173973777641,0.217437362421671,0.254357844851853,0.293265282991373,0.321717467280874,0.348935116110145,0.369917095466745,0.389279057136378,0.447813343215513,0.485106450195476,0.523002027437112,0.553421091673222,0.580320510919901,0.631273656125215,0.684853215779518,0.736016669707251,0.807786848596429,0.918858346367832,1,0.916146431791677,0.695345499649845,0.564657250771438,0.456406379183824,0.36484707992528
-0.0112287960284608,-0.0166851894359772,0.00524676326812787,0.0345966097837063,0.0570810673642378,0.0754139278580382,0.0978510986311874,0.116807036640505,0.130549284590733,0.16059562264109,0.193166341715474,0.22345654048481,0.246842589066679,0.266838187942959,0.281098043740622,0.294619060980967,0.340143736437184,0.378171794335565,0.430780466188939,0.451504789303908,0.476090038825477,0.533922260975411,0.597035926957935,0.644658481863966,0.711661753020985,0.798091073939066,0.916146431791677,1,0.827880511831902,0.661338714236933,0.533759552954041,0.385521974632045
-0.033190619648343,-0.0432614606362785,-0.0211040283994577,0.0047948972306378,0.0172880614361714,0.0254999869602759,0.0485546444232591,0.0766811189457965,0.0896248932132093,0.116321672815127,0.144874941255988,0.162207812509757,0.178604213365225,0.191082770083038,0.200343879322398,0.223425901908424,0.258150594679812,0.28263918633202,0.324911259111479,0.335168903505132,0.356474105695078,0.408727201473727,0.465225316001245,0.514062767191486,0.577490108905992,0.632554652238538,0.695345499649845,0.827880511831902,1,0.879929959140444,0.640064694136707,0.42557009056342
-0.0658576531188627,-0.0737071141439983,-0.0562978262920402,-0.0282453423866147,-0.01771444552437,-0.0103468969346041,0.0108327705448999,0.0424285980813388,0.0570958871797872,0.083801932662355,0.109170646833216,0.123463177581083,0.135826090686954,0.146994641591804,0.156295501021395,0.175508196696888,0.204069185174716,0.225869553783143,0.256064286469518,0.267615508972445,0.286899013672998,0.333158810234977,0.377022026461763,0.428109528680725,0.48558766329102,0.531615843227928,0.564657250771438,0.661338714236933,0.879929959140444,1,0.773714913806758,0.479147247245421
-0.0476978719194607,-0.048969065611853,-0.0419458981631501,-0.0229666743788237,-0.0195373762212721,-0.0113790822381957,0.00307349719001306,0.0282814204202779,0.0407191594743013,0.0658762890061901,0.0981872763680201,0.124994696463268,0.135215625690534,0.145619160156627,0.15630346716643,0.17032599112737,0.193124952229967,0.215345515930603,0.240708761281406,0.262135582668365,0.272267628017989,0.313706093876283,0.345466457570678,0.383668597610107,0.415890765594082,0.448731624884586,0.456406379183824,0.533759552954041,0.640064694136707,0.773714913806758,1,0.66938793601476
-0.0596444585217198,-0.0719511676748328,-0.066072164867518,-0.0561791499706177,-0.0548785699184305,-0.047845809018521,-0.0316362133470784,-0.0106486592991591,-0.00486332018597836,0.0132488134066627,0.0368558969738915,0.0725869089657356,0.0897422190215686,0.0918036472851641,0.103105792981285,0.11326498430441,0.140584047267764,0.16315762446575,0.192493304695265,0.209468004184059,0.208964414112907,0.240104500098864,0.269884420180022,0.302928166042653,0.331695898045183,0.367930786411432,0.36484707992528,0.385521974632045,0.42557009056342,0.479147247245421,0.66938793601476,1
