1,0.992258839867936,0.962795044314363,0.90182778030316,0.803395708765517,0.775590141008834,0.759909529859973,0.728554601213467,0.680075439764814,0.633755176989823,0.622615210745039,0.600847123256836,0.567531459728388,0.523436461374507,0.495471828944394,0.465412574929757,0.425991657185104,0.379638426453313,0.330351841909955,0.277267158941988,0.219219623427929,0.161199381295963,0.107063382958011,0.0555280338733748,0.00609356492726663,-0.0372734786893483,-0.0733066398333464,-0.0999208921416771,-0.0952245568779331,-0.0826463648552405,-0.0731599016994171,-0.0666299991184165
0.992258839867936,1,0.988901262136185,0.948507221798512,0.871123044380611,0.847143163716086,0.83006879812812,0.795877982264506,0.74298387261369,0.692302249360106,0.679646056065772,0.655348091871112,0.618427958162513,0.569753693194432,0.540086735900481,0.50863386232433,0.466966032954552,0.417658321422683,0.365608692836469,0.311123890852748,0.250871270410003,0.190137165584175,0.133096358410166,0.080228788322744,0.0294803351653383,-0.0155949523731643,-0.0534500334329404,-0.0806984688519872,-0.0761042559267262,-0.0655849937402837,-0.0577605135873714,-0.0524019795954504
0.962795044314363,0.988901262136185,1,0.985041685486264,0.934414239827234,0.915499549473413,0.897105365568356,0.86021789125963,0.803118773735004,0.748251207263535,0.734038718118561,0.707208779776727,0.666728042922994,0.613566267221216,0.582466711595335,0.549986928524192,0.506479309196512,0.4546408378495,0.400345305318226,0.345294749772474,0.283630767489973,0.220886414640369,0.161531720354829,0.10814670126508,0.0568594717821686,0.0106582192089894,-0.0286058299804472,-0.0560582064131615,-0.0516797086550896,-0.0438378725659292,-0.0381610550976062,-0.0343130178962737
0.90182778030316,0.948507221798512,0.985041685486264,1,0.981813978783732,0.969300298740269,0.949887312384363,0.910898857528831,0.850511879827305,0.792316458899251,0.776694521734955,0.747674696073896,0.704190979181367,0.647304118099564,0.615408556242051,0.582641697039727,0.538211135135357,0.484880187824107,0.429490936422982,0.37531631153219,0.313731580018615,0.250401957711598,0.190015497353714,0.137516079588018,0.0870313332356823,0.0408099970143944,0.00100457079498897,-0.0259203195741758,-0.0219138643618487,-0.0173955475930596,-0.0143675765485544,-0.0123785053037942
0.803395708765517,0.871123044380611,0.934414239827234,0.981813978783732,1,0.99497228761313,0.975109829397821,0.935158240746695,0.873242312778804,0.813397906271071,0.796764691792984,0.766338208751512,0.721053433302433,0.662034583911069,0.630367731926691,0.598420489225094,0.554513326332549,0.501386848316916,0.446712741004029,0.39538117077173,0.336018648669484,0.274239604037257,0.21480977613661,0.165105994730216,0.117255470536046,0.0726143167260022,0.0335923357492074,0.00818196963107008,0.0116396475821928,0.0123397201055933,0.0123444168444166,0.0122164612316728
0.775590141008834,0.847143163716086,0.915499549473413,0.969300298740269,0.99497228761313,1,0.991822824368487,0.964328831867099,0.91492804692324,0.863901635350168,0.847701268757339,0.816946925019863,0.770435252173919,0.709273539330781,0.677201330517683,0.644805426308421,0.599545905586469,0.544259933282533,0.48776362773737,0.436684759939919,0.376516156359571,0.313112758257107,0.251568959958428,0.200807886719488,0.151487616758417,0.104742614593734,0.0633823583054254,0.0357990087848585,0.0337883806776671,0.0291342350993444,0.0256687618278329,0.0232945424843239
0.759909529859973,0.83006879812812,0.897105365568356,0.949887312384363,0.975109829397821,0.991822824368487,1,0.990225922737128,0.958957100419331,0.92099691718842,0.905813917443065,0.875251430582972,0.827923709972623,0.764887658141867,0.732433318895765,0.69942555583079,0.652489075654826,0.594579520466892,0.535786449260357,0.484618481971319,0.423147006472705,0.357529644819476,0.293253724610807,0.240603224948164,0.188859159248349,0.139101074847048,0.0945946942184536,0.0637753158234969,0.0543774050618138,0.0434673676863845,0.0361107401358938,0.0312654218091102
0.728554601213467,0.795877982264506,0.86021789125963,0.910898857528831,0.935158240746695,0.964328831867099,0.990225922737128,1,0.989131817922071,0.966161367019698,0.95237428251853,0.922593307637932,0.875259293096616,0.811354301047266,0.779089587149363,0.74603074471338,0.698139799696217,0.6384465707743,0.578243520327254,0.527935560341807,0.466190400510869,0.39938123633869,0.333322143204067,0.279591895728683,0.226167134827328,0.174047192477227,0.126935296149333,0.0931560584171965,0.0758607678308568,0.0583180881009802,0.0468466443295832,0.0393914346388851
0.680075439764814,0.74298387261369,0.803118773735004,0.850511879827305,0.873242312778804,0.91492804692324,0.958957100419331,0.989131817922071,1,0.993317987310274,0.981294370136234,0.952967783594533,0.90662928837591,0.843161258052666,0.81177955391402,0.779366784669185,0.731483592774736,0.671173846290451,0.610759019264134,0.562422793757506,0.501696383830948,0.435045308444068,0.368505003585556,0.314774066025914,0.26070863124903,0.207202310734398,0.158341143133287,0.122156808002545,0.0969023104513578,0.0727389420337124,0.0571725505493207,0.0471238465823746
0.633755176989823,0.692302249360106,0.748251207263535,0.792316458899251,0.813397906271071,0.863901635350168,0.92099691718842,0.966161367019698,0.993317987310274,1,0.993056899266121,0.970038231505671,0.92896929167471,0.870432945912543,0.841320383548074,0.81001495322863,0.762658158006832,0.702277446393961,0.642176167845036,0.596298090875393,0.537073341828045,0.471025996230776,0.404393211520173,0.351060760576461,0.296712777578917,0.242098207078567,0.191692744018986,0.153287087650182,0.119975816957416,0.0889248273744879,0.0690618242937733,0.0562807267938875
0.622615210745039,0.679646056065772,0.734038718118561,0.776694521734955,0.796764691792984,0.847701268757339,0.905813917443065,0.95237428251853,0.981294370136234,0.993056899266121,1,0.991882856067816,0.966062761749195,0.922299626427382,0.897984338048929,0.867670687425711,0.820200230856622,0.758631894572463,0.697671500782664,0.653527243185697,0.594515119923321,0.527407190884229,0.458854294672255,0.404688975845153,0.348688777598533,0.291386392597976,0.237850275626353,0.196123569244949,0.153271089081573,0.113438227341358,0.0879772096227084,0.0715998105895662
0.600847123256836,0.655348091871112,0.707208779776727,0.747674696073896,0.766338208751512,0.816946925019863,0.875251430582972,0.922593307637932,0.952967783594533,0.970038231505671,0.991882856067816,1,0.991066181377116,0.963955502959386,0.945205581217615,0.91643753752181,0.869585811236974,0.807695566785336,0.746758862647912,0.705178367421789,0.647317973000444,0.580111998557628,0.510554542106259,0.456335130841552,0.399423849039143,0.340111314755397,0.284027533629412,0.239362870283697,0.186866472970546,0.138163310469959,0.107048995148354,0.0870401015574782
0.567531459728388,0.618427958162513,0.666728042922994,0.704190979181367,0.721053433302433,0.770435252173919,0.827923709972623,0.875259293096616,0.90662928837591,0.92896929167471,0.966062761749195,0.991066181377116,1,0.990828855454224,0.978243507858533,0.951598566349192,0.906213275127047,0.845065232732201,0.78521658588468,0.747050669563821,0.691407841124345,0.62527162267489,0.555874120479028,0.502543980255599,0.445670051463841,0.385283973085953,0.32750652201529,0.280539578298582,0.218843765554689,0.161686438797865,0.125185339569213,0.101716536210175
0.523436461374507,0.569753693194432,0.613566267221216,0.647304118099564,0.662034583911069,0.709273539330781,0.764887658141867,0.811354301047266,0.843161258052666,0.870432945912543,0.922299626427382,0.963955502959386,0.990828855454224,1,0.993889532327713,0.969881112308002,0.92680854256959,0.867526709572219,0.809870992177003,0.775859976373892,0.723477782454067,0.659630525844689,0.59165966162432,0.540202271305888,0.484402560454435,0.424029210752355,0.365588681940901,0.317145063554495,0.247253241207877,0.182572243204053,0.141278738962403,0.114732235701724
0.495471828944394,0.540086735900481,0.582466711595335,0.615408556242051,0.630367731926691,0.677201330517683,0.732433318895765,0.779089587149363,0.81177955391402,0.841320383548074,0.897984338048929,0.945205581217615,0.978243507858533,0.993889532327713,1,0.990479991001735,0.961663613739413,0.915609301658551,0.867778683218171,0.836244037996074,0.78470783250604,0.72029797101488,0.650772899878072,0.600164007330133,0.544596968124641,0.482987205271569,0.422475496075158,0.370999587975358,0.28863854298206,0.212703490113389,0.164275707173918,0.133157723945361
0.465412574929757,0.50863386232433,0.549986928524192,0.582641697039727,0.598420489225094,0.644805426308421,0.69942555583079,0.74603074471338,0.779366784669185,0.81001495322863,0.867670687425711,0.91643753752181,0.951598566349192,0.969881112308002,0.990479991001735,1,0.99025843587994,0.962240235890785,0.927715888795233,0.898603978348354,0.847812048540023,0.782705348024257,0.711477017096534,0.66205835800855,0.607165314752683,0.544648210834583,0.48229665242997,0.427819858301741,0.332166349388142,0.244295994257168,0.188313273993918,0.152357604294779
0.425991657185104,0.466966032954552,0.506479309196512,0.538211135135357,0.554513326332549,0.599545905586469,0.652489075654826,0.698139799696217,0.731483592774736,0.762658158006832,0.820200230856622,0.869585811236974,0.906213275127047,0.92680854256959,0.961663613739413,0.99025843587994,1,0.990768308528618,0.970372205979468,0.944274855393472,0.895219669651943,0.830669300817412,0.759097877008533,0.711840452234697,0.658692507575439,0.596468646239292,0.533463879436727,0.477006929542795,0.369760840839284,0.271519923810259,0.208979736968139,0.168827187871194
0.379638426453313,0.417658321422683,0.4546408378495,0.484880187824107,0.501386848316916,0.544259933282533,0.594579520466892,0.6384465707743,0.671173846290451,0.702277446393961,0.758631894572463,0.807695566785336,0.845065232732201,0.867526709572219,0.915609301658551,0.962240235890785,0.990768308528618,1,0.993740934799463,0.971067009654343,0.924620845343117,0.86182025438138,0.791254332788245,0.746985567347502,0.696531378631235,0.635757607658581,0.573296079188934,0.515967898003264,0.399442467853196,0.292943427935518,0.225189380644772,0.181702236488789
0.330351841909955,0.365608692836469,0.400345305318226,0.429490936422982,0.446712741004029,0.48776362773737,0.535786449260357,0.578243520327254,0.610759019264134,0.642176167845036,0.697671500782664,0.746758862647912,0.78521658588468,0.809870992177003,0.867778683218171,0.927715888795233,0.970372205979468,0.993740934799463,1,0.986518015071729,0.948511555576748,0.892927822793267,0.828204724741139,0.788187895802968,0.740326897421313,0.680772808674545,0.61856004219963,0.560261220037183,0.434181150386318,0.318741632749953,0.245262454083704,0.1980896296338
0.277267158941988,0.311123890852748,0.345294749772474,0.37531631153219,0.39538117077173,0.436684759939919,0.484618481971319,0.527935560341807,0.562422793757506,0.596298090875393,0.653527243185697,0.705178367421789,0.747050669563821,0.775859976373892,0.836244037996074,0.898603978348354,0.944274855393472,0.971067009654343,0.986518015071729,1,0.987559506695326,0.954565803652148,0.908754055031815,0.875979220934137,0.829215252952567,0.768494117654879,0.703768601696207,0.642311960504254,0.500984165755296,0.370086853993977,0.286500868649509,0.232760077309591
0.219219623427929,0.250871270410003,0.283630767489973,0.313731580018615,0.336018648669484,0.376516156359571,0.423147006472705,0.466190400510869,0.501696383830948,0.537073341828045,0.594515119923321,0.647317973000444,0.691407841124345,0.723477782454067,0.78470783250604,0.847812048540023,0.895219669651943,0.924620845343117,0.948511555576748,0.987559506695326,1,0.989549796150595,0.963072395833985,0.93808833996534,0.89356600903891,0.833265509478687,0.767769300176987,0.704839138452087,0.552449535062737,0.410023691202245,0.318849216151701,0.260162321526966
0.161199381295963,0.190137165584175,0.220886414640369,0.250401957711598,0.274239604037257,0.313112758257107,0.357529644819476,0.39938123633869,0.435045308444068,0.471025996230776,0.527407190884229,0.580111998557628,0.62527162267489,0.659630525844689,0.72029797101488,0.782705348024257,0.830669300817412,0.86182025438138,0.892927822793267,0.954565803652148,0.989549796150595,1,0.991830594160619,0.974536642811482,0.933043018545668,0.874446277677564,0.809674966860323,0.746769135130086,0.587566968858988,0.437682797991902,0.34154269670496,0.279603086447676
0.107063382958011,0.133096358410166,0.161531720354829,0.190015497353714,0.21480977613661,0.251568959958428,0.293253724610807,0.333322143204067,0.368505003585556,0.404393211520173,0.458854294672255,0.510554542106259,0.555874120479028,0.59165966162432,0.650772899878072,0.711477017096534,0.759097877008533,0.791254332788245,0.828204724741139,0.908754055031815,0.963072395833985,0.991830594160619,1,0.989810422554144,0.95171879271682,0.895649744050566,0.832647682883669,0.770858842192792,0.608402210519578,0.454530018392292,0.355671194737683,0.291932643085394
0.0555280338733748,0.080228788322744,0.10814670126508,0.137516079588018,0.165105994730216,0.200807886719488,0.240603224948164,0.279591895728683,0.314774066025914,0.351060760576461,0.404688975845153,0.456335130841552,0.502543980255599,0.540202271305888,0.600164007330133,0.66205835800855,0.711840452234697,0.746985567347502,0.788187895802968,0.875979220934137,0.93808833996534,0.974536642811482,0.989810422554144,1,0.985391661283774,0.949048950855417,0.901803436721282,0.850349016478475,0.676717992355273,0.509490232132882,0.40157171799121,0.331851000381515
0.00609356492726663,0.0294803351653383,0.0568594717821686,0.0870313332356823,0.117255470536046,0.151487616758417,0.188859159248349,0.226167134827328,0.26070863124903,0.296712777578917,0.348688777598533,0.399423849039143,0.445670051463841,0.484402560454435,0.544596968124641,0.607165314752683,0.658692507575439,0.696531378631235,0.740326897421313,0.829215252952567,0.89356600903891,0.933043018545668,0.95171879271682,0.985391661283774,1,0.988852432913628,0.962225630587963,0.924772245763557,0.741860975294225,0.562661122237067,0.446500793284329,0.37130434338741
-0.0372734786893483,-0.0155949523731643,0.0106582192089894,0.0408099970143944,0.0726143167260022,0.104742614593734,0.139101074847048,0.174047192477227,0.207202310734398,0.242098207078567,0.291386392597976,0.340111314755397,0.385283973085953,0.424029210752355,0.482987205271569,0.544648210834583,0.596468646239292,0.635757607658581,0.680772808674545,0.768494117654879,0.833265509478687,0.874446277677564,0.895649744050566,0.949048950855417,0.988852432913628,1,0.992037351193035,0.967721157930739,0.781071241772919,0.595690445318309,0.475102713971141,0.396917438508028
-0.0733066398333464,-0.0534500334329404,-0.0286058299804472,0.00100457079498897,0.0335923357492074,0.0633823583054254,0.0945946942184536,0.126935296149333,0.158341143133287,0.191692744018986,0.237850275626353,0.284027533629412,0.32750652201529,0.365588681940901,0.422475496075158,0.48229665242997,0.533463879436727,0.573296079188934,0.61856004219963,0.703768601696207,0.767769300176987,0.809674966860323,0.832647682883669,0.901803436721282,0.962225630587963,0.992037351193035,1,0.987218616008449,0.80065257097283,0.613267790088503,0.491032423360489,0.411678863439984
-0.0999208921416771,-0.0806984688519872,-0.0560582064131615,-0.0259203195741758,0.00818196963107008,0.0357990087848585,0.0637753158234969,0.0931560584171965,0.122156808002545,0.153287087650182,0.196123569244949,0.239362870283697,0.280539578298582,0.317145063554495,0.370999587975358,0.427819858301741,0.477006929542795,0.515967898003264,0.560261220037183,0.642311960504254,0.704839138452087,0.746769135130086,0.770858842192792,0.850349016478475,0.924772245763557,0.967721157930739,0.987218616008449,1,0.876707021917262,0.716473557929531,0.606016331524701,0.532589229723338
-0.0952245568779331,-0.0761042559267262,-0.0516797086550896,-0.0219138643618487,0.0116396475821928,0.0337883806776671,0.0543774050618138,0.0758607678308568,0.0969023104513578,0.119975816957416,0.153271089081573,0.186866472970546,0.218843765554689,0.247253241207877,0.28863854298206,0.332166349388142,0.369760840839284,0.399442467853196,0.434181150386318,0.500984165755296,0.552449535062737,0.587566968858988,0.608402210519578,0.676717992355273,0.741860975294225,0.781071241772919,0.80065257097283,0.876707021917262,1,0.963707110121964,0.913930959680708,0.874051481431153
-0.0826463648552405,-0.0655849937402837,-0.0438378725659292,-0.0173955475930596,0.0123397201055933,0.0291342350993444,0.0434673676863845,0.0583180881009802,0.0727389420337124,0.0889248273744879,0.113438227341358,0.138163310469959,0.161686438797865,0.182572243204053,0.212703490113389,0.244295994257168,0.271519923810259,0.292943427935518,0.318741632749953,0.370086853993977,0.410023691202245,0.437682797991902,0.454530018392292,0.509490232132882,0.562661122237067,0.595690445318309,0.613267790088503,0.716473557929531,0.963707110121964,1,0.989113468054596,0.97202856589709
-0.0731599016994171,-0.0577605135873714,-0.0381610550976062,-0.0143675765485544,0.0123444168444166,0.0256687618278329,0.0361107401358938,0.0468466443295832,0.0571725505493207,0.0690618242937733,0.0879772096227084,0.107048995148354,0.125185339569213,0.141278738962403,0.164275707173918,0.188313273993918,0.208979736968139,0.225189380644772,0.245262454083704,0.286500868649509,0.318849216151701,0.34154269670496,0.355671194737683,0.40157171799121,0.446500793284329,0.475102713971141,0.491032423360489,0.606016331524701,0.913930959680708,0.989113468054596,1,0.996007722697207
-0.0666299991184165,-0.0524019795954504,-0.0343130178962737,-0.0123785053037942,0.0122164612316728,0.0232945424843239,0.0312654218091102,0.0393914346388851,0.0471238465823746,0.0562807267938875,0.0715998105895662,0.0870401015574782,0.101716536210175,0.114732235701724,0.133157723945361,0.152357604294779,0.168827187871194,0.181702236488789,0.1980896296338,0.232760077309591,0.260162321526966,0.279603086447676,0.291932643085394,0.331851000381515,0.37130434338741,0.396917438508028,0.411678863439984,0.532589229723338,0.874051481431153,0.97202856589709,0.996007722697207,1
