1,0.762489095270954,0.661925595531442,0.627592252540076,0.596495942884484,0.574250438790633,0.537534440352364,0.50138196349403,0.487319096841717,0.466063740155403,0.444579689070002,0.41349094960958,0.390301158310046,0.365952555366196,0.347828764332731,0.311888430834784,0.285067285782711,0.266304572383462,0.229056705149992,0.208478996706421,0.181804184707015,0.165669975426106,0.134706986617963,0.0965399505122964,0.0705977885036862,0.0439561454580466,0.038888949606628,0.0223832989881901,0.000335625871523357,-0.0581904956016175,-0.0139131570872638,0.0181614181107946
0.762489095270954,1,0.936919471795228,0.894008660588185,0.85253843508312,0.815716719570157,0.783607708602129,0.751639860369603,0.729520415732202,0.703369062280587,0.675995530376629,0.633460897288428,0.593346820134074,0.552405777082028,0.522404139424414,0.470446640172489,0.434170201330445,0.406985231066595,0.351937019976039,0.322162717784435,0.278043528414136,0.258414924637765,0.203846296318741,0.138297078493282,0.0940457535483904,0.0560424005000861,0.0471992517131244,0.0281426853872682,-0.00689839063029564,-0.0424797640556406,-0.00293252119948349,0.0232569228209531
0.661925595531442,0.936919471795228,1,0.963309692896368,0.919647823398976,0.874516225126452,0.841507110325883,0.81727313283151,0.797160659705953,0.776685899681879,0.750274768356008,0.71076097702237,0.66825257151936,0.628185014216426,0.599917327366736,0.544717331626539,0.505897254164657,0.475400676040403,0.418010175043413,0.389287652098972,0.341894673576607,0.316978560410349,0.256682047056946,0.180828163562468,0.12897701962993,0.0714217011595696,0.0625929804782252,0.050019515900443,0.015277439903624,-0.023124631810657,0.00804727091743933,0.0188261561595545
0.627592252540076,0.894008660588185,0.963309692896368,1,0.970370407602698,0.932287710033042,0.896814310023644,0.870121081303309,0.852363973991019,0.830696836740133,0.804009915675548,0.767945601464557,0.727104547223895,0.686171618909027,0.657593259137585,0.605813346714508,0.567202580324416,0.537498377667438,0.478282081958957,0.449628556318782,0.400015774296511,0.371760343876987,0.3132599000433,0.240153258198473,0.191370692031691,0.0941983062868069,0.0822286319708039,0.0733548917309678,0.0474221422024554,-0.00352399022423387,0.0258493583404005,0.0417490094821678
0.596495942884484,0.85253843508312,0.919647823398976,0.970370407602698,1,0.976913963569156,0.943189740571825,0.919674989518585,0.900491054885338,0.877025440451153,0.850682609719243,0.817817424463787,0.782143442389033,0.741674938597505,0.712373767009596,0.659585664019868,0.620518469499729,0.591171321786824,0.53249477014646,0.50395957984887,0.454069438309113,0.423465904614184,0.361531372417222,0.285527326591439,0.230151374780029,0.104840360528076,0.0905755408778045,0.0821592648086467,0.0557357992136982,0.00432703538668756,0.0353988643569854,0.0428700530058392
0.574250438790633,0.815716719570157,0.874516225126452,0.932287710033042,0.976913963569156,1,0.978699279466767,0.955020193237911,0.938464331950894,0.912919349172962,0.887198238793638,0.859820146179581,0.82851274544445,0.790510416055521,0.763836600488486,0.717531883571696,0.681121706310331,0.652431414581014,0.59922223333382,0.571754573367693,0.523044534615563,0.490401132391347,0.42562298510335,0.353779019050277,0.29626571840381,0.131928901963838,0.115283976503173,0.107627025154573,0.0840824159050183,0.0368667619929842,0.055969524310258,0.0449711418539642
0.537534440352364,0.783607708602129,0.841507110325883,0.896814310023644,0.943189740571825,0.978699279466767,1,0.981173242309927,0.963858577449328,0.937630465370467,0.915603150846155,0.893910339333144,0.865875652690557,0.831877983546216,0.807383695091107,0.763323519877343,0.729378597828202,0.700620359835161,0.651373814030439,0.621835897280972,0.573694083724357,0.54243778662351,0.476762525170107,0.404921336417041,0.341727090084347,0.143905420417791,0.127083233523919,0.123129011876298,0.100428110143704,0.0613248461263489,0.0665407999285587,0.0535937484287953
0.50138196349403,0.751639860369603,0.81727313283151,0.870121081303309,0.919674989518585,0.955020193237911,0.981173242309927,1,0.987768719979867,0.965689686609415,0.945117455364782,0.926394847109062,0.900009352072118,0.86928424535823,0.84523698489444,0.801212253331592,0.76769802035391,0.738515768762892,0.687348063179038,0.65853215183606,0.610843362843758,0.579059378506862,0.513482713025893,0.441181496309644,0.378447012937698,0.160092979737094,0.14201556772485,0.137871622088488,0.109621721597559,0.0707666012818174,0.0817906693434524,0.0599664025718559
0.487319096841717,0.729520415732202,0.797160659705953,0.852363973991019,0.900491054885338,0.938464331950894,0.963858577449328,0.987768719979867,1,0.985121727146568,0.96471378379343,0.947313722603339,0.923093339554201,0.89306150202435,0.870933623310203,0.832185560223639,0.798565628301642,0.769874129177367,0.720454604109301,0.692365445054016,0.64550614192637,0.613144159069342,0.550155706661562,0.480482481566452,0.418171138186384,0.180939584839882,0.162146660642763,0.158711713317138,0.130026110457068,0.0866613567123339,0.100961341511615,0.0645228851828966
0.466063740155403,0.703369062280587,0.776685899681879,0.830696836740133,0.877025440451153,0.912919349172962,0.937630465370467,0.965689686609415,0.985121727146568,1,0.985787661496028,0.966759765289642,0.94407361728068,0.914977527288163,0.892622557460531,0.854648579618603,0.821182133040658,0.792926976066785,0.740328834727907,0.71417490009074,0.669121816861127,0.637305370525182,0.576221563979238,0.507364498262578,0.446091013273926,0.199395923907951,0.180372821113638,0.180053060485983,0.151003049585375,0.104905148271678,0.115614588032362,0.0714450132468037
0.444579689070002,0.675995530376629,0.750274768356008,0.804009915675548,0.850682609719243,0.887198238793638,0.915603150846155,0.945117455364782,0.96471378379343,0.985787661496028,1,0.984526495578568,0.962881923904418,0.936456781755275,0.915354554754768,0.881680630680842,0.849449850551537,0.821406433057225,0.775176331632434,0.749853438717949,0.70660721429554,0.676551088997673,0.617399483180261,0.549734457346858,0.490072487860178,0.234054650115774,0.214746826349305,0.216289180441782,0.183214547744772,0.132461592293393,0.137992953803631,0.0785905943423253
0.41349094960958,0.633460897288428,0.71076097702237,0.767945601464557,0.817817424463787,0.859820146179581,0.893910339333144,0.926394847109062,0.947313722603339,0.966759765289642,0.984526495578568,1,0.987900533938941,0.966825642048357,0.949107113806655,0.919774767924763,0.88946226308535,0.861744336554451,0.821938877750368,0.800058222264938,0.756233270162066,0.726222376095137,0.666271181340031,0.601001620469139,0.538991621918667,0.250326858866085,0.230631028736189,0.234462874552951,0.198736893648943,0.151382915837336,0.155712148956222,0.0940547083191812
0.390301158310046,0.593346820134074,0.66825257151936,0.727104547223895,0.782143442389033,0.82851274544445,0.865875652690557,0.900009352072118,0.923093339554201,0.94407361728068,0.962881923904418,0.987900533938941,1,0.987836718134154,0.97199538866094,0.944702181184219,0.915968349106658,0.889432981877689,0.84974973900245,0.828646942418818,0.784636027376717,0.753550387735046,0.695967573775968,0.633440687969688,0.570691143574862,0.260105786708299,0.239385691046712,0.24419265548369,0.205630507172011,0.157808219567202,0.15908326867388,0.0899821500274524
0.365952555366196,0.552405777082028,0.628185014216426,0.686171618909027,0.741674938597505,0.790510416055521,0.831877983546216,0.86928424535823,0.89306150202435,0.914977527288163,0.936456781755275,0.966825642048357,0.987836718134154,1,0.98802542403171,0.964771270881818,0.939118314780332,0.912906511637813,0.873001208224375,0.852023708319722,0.809587976658237,0.780287876582997,0.720916879884731,0.658416377263336,0.594150573345725,0.262099804422694,0.240927036022234,0.245466150088483,0.20834125961879,0.164620570316443,0.16353142004978,0.0850902052519916
0.347828764332731,0.522404139424414,0.599917327366736,0.657593259137585,0.712373767009596,0.763836600488486,0.807383695091107,0.84523698489444,0.870933623310203,0.892622557460531,0.915354554754768,0.949107113806655,0.97199538866094,0.98802542403171,1,0.985383695466667,0.962662750750871,0.937674279218703,0.900614931035364,0.880650726781941,0.840675905959771,0.809896916564685,0.753357450480946,0.693258995211245,0.632157366858698,0.294039929776315,0.27250456207148,0.278254466836022,0.241344224529283,0.189666277101052,0.177890249546621,0.0941440518163024
0.311888430834784,0.470446640172489,0.544717331626539,0.605813346714508,0.659585664019868,0.717531883571696,0.763323519877343,0.801212253331592,0.832185560223639,0.854648579618603,0.881680630680842,0.919774767924763,0.944702181184219,0.964771270881818,0.985383695466667,1,0.987885138335757,0.965728650666613,0.93396715398863,0.912941264437769,0.874985348552996,0.846156302270931,0.791791068006632,0.737814551022449,0.681009169298785,0.319602563042538,0.296638750043337,0.302097713826593,0.263543228053592,0.209572107411062,0.200789512497236,0.101242916653744
0.285067285782711,0.434170201330445,0.505897254164657,0.567202580324416,0.620518469499729,0.681121706310331,0.729378597828202,0.76769802035391,0.798565628301642,0.821182133040658,0.849449850551537,0.88946226308535,0.915968349106658,0.939118314780332,0.962662750750871,0.987885138335757,1,0.986615870100462,0.958518336076354,0.938650705994932,0.903465069744072,0.87587843424177,0.824312272575349,0.774131954004391,0.717818913892564,0.34019696818451,0.316833986911923,0.324740920848124,0.283423065531429,0.22780495478873,0.221758325688471,0.11417367322542
0.266304572383462,0.406985231066595,0.475400676040403,0.537498377667438,0.591171321786824,0.652431414581014,0.700620359835161,0.738515768762892,0.769874129177367,0.792926976066785,0.821406433057225,0.861744336554451,0.889432981877689,0.912906511637813,0.937674279218703,0.965728650666613,0.986615870100462,1,0.977730994360744,0.958336263747052,0.925912747716698,0.89929809230946,0.852156428645101,0.804062173015903,0.746262343389667,0.352331979085964,0.328768391681203,0.33968103782039,0.300905867405124,0.244662688604163,0.2347802308904,0.123346577216249
0.229056705149992,0.351937019976039,0.418010175043413,0.478282081958957,0.53249477014646,0.59922223333382,0.651373814030439,0.687348063179038,0.720454604109301,0.740328834727907,0.775176331632434,0.821938877750368,0.84974973900245,0.873001208224375,0.900614931035364,0.93396715398863,0.958518336076354,0.977730994360744,1,0.988588099363376,0.963165660496957,0.937226068631246,0.889281578317239,0.844922715043865,0.790279022718134,0.375801508056574,0.351307106076575,0.365292470926296,0.328944113659745,0.273417987396881,0.256956725680121,0.136570502311679
0.208478996706421,0.322162717784435,0.389287652098972,0.449628556318782,0.50395957984887,0.571754573367693,0.621835897280972,0.65853215183606,0.692365445054016,0.71417490009074,0.749853438717949,0.800058222264938,0.828646942418818,0.852023708319722,0.880650726781941,0.912941264437769,0.938650705994932,0.958336263747052,0.988588099363376,1,0.985363898326821,0.9615066569958,0.917781236089301,0.873679743280316,0.821352315587459,0.401235140560895,0.377754444177897,0.39989482371942,0.369529496911464,0.304245538791257,0.280363777168487,0.161325661378452
0.181804184707015,0.278043528414136,0.341894673576607,0.400015774296511,0.454069438309113,0.523044534615563,0.573694083724357,0.610843362843758,0.64550614192637,0.669121816861127,0.70660721429554,0.756233270162066,0.784636027376717,0.809587976658237,0.840675905959771,0.874985348552996,0.903465069744072,0.925912747716698,0.963165660496957,0.985363898326821,1,0.984378987283159,0.950502707828122,0.909062110439322,0.864007201607802,0.448036054064296,0.425113209569648,0.453649899558937,0.425741227388297,0.359488795676124,0.320903102415938,0.193902239657486
0.165669975426106,0.258414924637765,0.316978560410349,0.371760343876987,0.423465904614184,0.490401132391347,0.54243778662351,0.579059378506862,0.613144159069342,0.637305370525182,0.676551088997673,0.726222376095137,0.753550387735046,0.780287876582997,0.809896916564685,0.846156302270931,0.87587843424177,0.89929809230946,0.937226068631246,0.9615066569958,0.984378987283159,1,0.970755997704553,0.93060520507422,0.884535987204899,0.461781077883824,0.43904799815728,0.470555465071813,0.450426678668253,0.382218025530156,0.343163442155891,0.209512441501316
0.134706986617963,0.203846296318741,0.256682047056946,0.3132599000433,0.361531372417222,0.42562298510335,0.476762525170107,0.513482713025893,0.550155706661562,0.576221563979238,0.617399483180261,0.666271181340031,0.695967573775968,0.720916879884731,0.753357450480946,0.791791068006632,0.824312272575349,0.852156428645101,0.889281578317239,0.917781236089301,0.950502707828122,0.970755997704553,1,0.974887325775325,0.931605071483336,0.510465005035537,0.491226966715581,0.538569111587221,0.535107416233617,0.447724205651965,0.390208358808862,0.238588920438089
0.0965399505122964,0.138297078493282,0.180828163562468,0.240153258198473,0.285527326591439,0.353779019050277,0.404921336417041,0.441181496309644,0.480482481566452,0.507364498262578,0.549734457346858,0.601001620469139,0.633440687969688,0.658416377263336,0.693258995211245,0.737814551022449,0.774131954004391,0.804062173015903,0.844922715043865,0.873679743280316,0.909062110439322,0.93060520507422,0.974887325775325,1,0.969958019519685,0.507883684989036,0.491004931142677,0.550142767635065,0.550771305840681,0.463246044032683,0.410043290869397,0.251387886022728
0.0705977885036862,0.0940457535483904,0.12897701962993,0.191370692031691,0.230151374780029,0.29626571840381,0.341727090084347,0.378447012937698,0.418171138186384,0.446091013273926,0.490072487860178,0.538991621918667,0.570691143574862,0.594150573345725,0.632157366858698,0.681009169298785,0.717818913892564,0.746262343389667,0.790279022718134,0.821352315587459,0.864007201607802,0.884535987204899,0.931605071483336,0.969958019519685,1,0.620398528044735,0.606678684767063,0.657974567836461,0.636134448308279,0.501884658331767,0.435002949753246,0.258405062976701
0.0439561454580466,0.0560424005000861,0.0714217011595696,0.0941983062868069,0.104840360528076,0.131928901963838,0.143905420417791,0.160092979737094,0.180939584839882,0.199395923907951,0.234054650115774,0.250326858866085,0.260105786708299,0.262099804422694,0.294039929776315,0.319602563042538,0.34019696818451,0.352331979085964,0.375801508056574,0.401235140560895,0.448036054064296,0.461781077883824,0.510465005035537,0.507883684989036,0.620398528044735,1,0.994374070986663,0.929617357756291,0.756634911083835,0.464946525863285,0.32455511112055,0.158743445049732
0.038888949606628,0.0471992517131244,0.0625929804782252,0.0822286319708039,0.0905755408778045,0.115283976503173,0.127083233523919,0.14201556772485,0.162146660642763,0.180372821113638,0.214746826349305,0.230631028736189,0.239385691046712,0.240927036022234,0.27250456207148,0.296638750043337,0.316833986911923,0.328768391681203,0.351307106076575,0.377754444177897,0.425113209569648,0.43904799815728,0.491226966715581,0.491004931142677,0.606678684767063,0.994374070986663,1,0.952946165919029,0.78746592587501,0.492431163934348,0.353004402110323,0.172366269257402
0.0223832989881901,0.0281426853872682,0.050019515900443,0.0733548917309678,0.0821592648086467,0.107627025154573,0.123129011876298,0.137871622088488,0.158711713317138,0.180053060485983,0.216289180441782,0.234462874552951,0.24419265548369,0.245466150088483,0.278254466836022,0.302097713826593,0.324740920848124,0.33968103782039,0.365292470926296,0.39989482371942,0.453649899558937,0.470555465071813,0.538569111587221,0.550142767635065,0.657974567836461,0.929617357756291,0.952946165919029,1,0.902733314015188,0.611319019908028,0.463022857232478,0.242008684908513
0.000335625871523357,-0.00689839063029564,0.015277439903624,0.0474221422024554,0.0557357992136982,0.0840824159050183,0.100428110143704,0.109621721597559,0.130026110457068,0.151003049585375,0.183214547744772,0.198736893648943,0.205630507172011,0.20834125961879,0.241344224529283,0.263543228053592,0.283423065531429,0.300905867405124,0.328944113659745,0.369529496911464,0.425741227388297,0.450426678668253,0.535107416233617,0.550771305840681,0.636134448308279,0.756634911083835,0.78746592587501,0.902733314015188,1,0.749191905044279,0.570259054990008,0.333748728656725
-0.0581904956016175,-0.0424797640556406,-0.023124631810657,-0.00352399022423387,0.00432703538668756,0.0368667619929842,0.0613248461263489,0.0707666012818174,0.0866613567123339,0.104905148271678,0.132461592293393,0.151382915837336,0.157808219567202,0.164620570316443,0.189666277101052,0.209572107411062,0.22780495478873,0.244662688604163,0.273417987396881,0.304245538791257,0.359488795676124,0.382218025530156,0.447724205651965,0.463246044032683,0.501884658331767,0.464946525863285,0.492431163934348,0.611319019908028,0.749191905044279,1,0.738140578685331,0.463392833358273
-0.0139131570872638,-0.00293252119948349,0.00804727091743933,0.0258493583404005,0.0353988643569854,0.055969524310258,0.0665407999285587,0.0817906693434524,0.100961341511615,0.115614588032362,0.137992953803631,0.155712148956222,0.15908326867388,0.16353142004978,0.177890249546621,0.200789512497236,0.221758325688471,0.2347802308904,0.256956725680121,0.280363777168487,0.320903102415938,0.343163442155891,0.390208358808862,0.410043290869397,0.435002949753246,0.32455511112055,0.353004402110323,0.463022857232478,0.570259054990008,0.738140578685331,1,0.694037102031093
0.0181614181107946,0.0232569228209531,0.0188261561595545,0.0417490094821678,0.0428700530058392,0.0449711418539642,0.0535937484287953,0.0599664025718559,0.0645228851828966,0.0714450132468037,0.0785905943423253,0.0940547083191812,0.0899821500274524,0.0850902052519916,0.0941440518163024,0.101242916653744,0.11417367322542,0.123346577216249,0.136570502311679,0.161325661378452,0.193902239657486,0.209512441501316,0.238588920438089,0.251387886022728,0.258405062976701,0.158743445049732,0.172366269257402,0.242008684908513,0.333748728656725,0.463392833358273,0.694037102031093,1
