1,0.794210326955976,0.686600648464516,0.601920058208742,0.525849945960902,0.492358683862167,0.454424768236676,0.425771889708574,0.398091244464882,0.367054477285245,0.33852832949219,0.330220497982989,0.317356278147005,0.300353235499471,0.278769865787993,0.262158784754797,0.233892636554466,0.195028346041382,0.165993528326154,0.121709250933234,0.0842546060693619,0.0588741121770656,0.0528641604223625,0.0479886897139551,0.0389561552964372,0.0469571896939717,0.0345926547201954,0.013540054808715,0.0327903678696467,0.0671784230050597,0.0664778687007813,0.00831418569658088
0.794210326955976,1,0.944671805289642,0.817494234967439,0.725904986005677,0.693514869517065,0.647124536983693,0.606972863943548,0.576772554271379,0.54755624885321,0.518592617590511,0.500956580649751,0.488568540757407,0.467696803498038,0.431445989866014,0.410615690876301,0.379077394105374,0.334477800223575,0.292082108225067,0.223097547976043,0.161942870260002,0.118098076411753,0.101828048389166,0.0960605693141308,0.0926737492958861,0.0973852874006013,0.0930218593607297,0.0826185153553639,0.0843347826233357,0.0942703580622489,0.0764616959696478,0.0121143473423958
0.686600648464516,0.944671805289642,1,0.95372900876478,0.857399544587622,0.823227579558068,0.768043508878779,0.717222201810124,0.686314165775882,0.654875747034746,0.621698774106949,0.598658931580748,0.582799311051565,0.557709635996238,0.51542402397454,0.489930785044149,0.45496609312427,0.407085013938844,0.362950960631531,0.282673629974016,0.209860473802366,0.15985504068978,0.136730558266174,0.127706106809408,0.124106389311643,0.12412191570126,0.11519536308136,0.100597762431028,0.0979575610230803,0.102248865637381,0.0829650000026447,0.0256518809066026
0.601920058208742,0.817494234967439,0.95372900876478,1,0.945337153070408,0.908623220668927,0.848056082224235,0.792229205058973,0.762703107662918,0.729862230597885,0.693576567802342,0.668241165387907,0.648474335686032,0.6199274159101,0.575700531296442,0.546885507467842,0.510469325562128,0.462083985941338,0.418470423920761,0.332436526109079,0.253118491138899,0.201345284267206,0.173374567959226,0.161434211683053,0.156782233833491,0.149584828614222,0.134473291732127,0.114841312304863,0.109760239568192,0.112109198042037,0.092263355529097,0.03795665236192
0.525849945960902,0.725904986005677,0.857399544587622,0.945337153070408,1,0.960756884076501,0.900409917750865,0.848345026709993,0.822185833831548,0.790945362967386,0.755027910605185,0.730515604088103,0.708161257411992,0.677513561032135,0.633438906374547,0.603664888124424,0.568757313613139,0.522579683572399,0.476726694441806,0.386756723822395,0.302985553528386,0.250058204879609,0.218976194353348,0.205980180377806,0.201812025571192,0.184481584095755,0.167114464977426,0.148644806302453,0.137972459425896,0.135515612458634,0.108591045834393,0.0426657327755921
0.492358683862167,0.693514869517065,0.823227579558068,0.908623220668927,0.960756884076501,1,0.98072799646401,0.930493254073681,0.900823404164886,0.868316386909337,0.831685145507598,0.806529431855373,0.784040681308455,0.753757030829175,0.710820593437254,0.680608099026153,0.643170020850629,0.591813537709438,0.540739259622557,0.432538603703568,0.333418117492171,0.275780752710462,0.239193238814672,0.223622069672129,0.219578730219402,0.195063317384887,0.178792481976596,0.164904979959919,0.155430486412981,0.156573650714797,0.127175188617507,0.0492065344574665
0.454424768236676,0.647124536983693,0.768043508878779,0.848056082224235,0.900409917750865,0.98072799646401,1,0.977901635570742,0.947466291901699,0.915331171223912,0.879105956279637,0.853872296199602,0.832788014239324,0.803586275042658,0.760692832565502,0.730911325989444,0.692468970622308,0.638169210204043,0.584043583726639,0.466047227186526,0.358653379025141,0.299212687542851,0.259003287990433,0.241933241298743,0.238507897499234,0.210070858988129,0.192693139937376,0.178939605251465,0.166401402862119,0.172400527001395,0.143874880564369,0.0587007974547171
0.425771889708574,0.606972863943548,0.717222201810124,0.792229205058973,0.848345026709993,0.930493254073681,0.977901635570742,1,0.976343284035037,0.947266475087757,0.911742487075728,0.886600022139929,0.867661689469043,0.8395886290359,0.795366809544685,0.765810249001015,0.727092684650877,0.671472080305743,0.615950484053998,0.494697401864721,0.384145487677098,0.324260113126493,0.281829036528416,0.263884135922718,0.260849123142904,0.231148691441707,0.210358279876678,0.192380280542473,0.173210566926437,0.184551895173992,0.15905652318664,0.0700037021022279
0.398091244464882,0.576772554271379,0.686314165775882,0.762703107662918,0.822185833831548,0.900823404164886,0.947466291901699,0.976343284035037,1,0.987445229786054,0.952594728507245,0.928443268910878,0.910663061494746,0.884226123198104,0.842447302432767,0.810204787516735,0.770657837978581,0.715451257451701,0.660853720189496,0.534479722093157,0.417633894737629,0.354117214445289,0.309375792930648,0.288834211991779,0.282080044243805,0.248728706966367,0.22441036995944,0.203129419447667,0.179861018601223,0.194695522195566,0.169712874544108,0.0737367754697706
0.367054477285245,0.54755624885321,0.654875747034746,0.729862230597885,0.790945362967386,0.868316386909337,0.915331171223912,0.947266475087757,0.987445229786054,1,0.986921987397457,0.962805894639165,0.945458526596987,0.92019967665684,0.880757014498624,0.849409338793651,0.811325353216924,0.757059160283812,0.699677316124145,0.569271597028983,0.447516304760431,0.37860413039807,0.331733142396659,0.308939840055877,0.298654549563005,0.263232149141089,0.237077080136028,0.213955731027463,0.190672532872992,0.207098778300462,0.181104694939634,0.0803369668570536
0.33852832949219,0.518592617590511,0.621698774106949,0.693576567802342,0.755027910605185,0.831685145507598,0.879105956279637,0.911742487075728,0.952594728507245,0.986921987397457,1,0.983843254575229,0.968189343288809,0.943953127789734,0.90684908353761,0.87763942846778,0.842289280276226,0.790167695655869,0.730334831128889,0.598590965497696,0.474254089276798,0.400634491504687,0.35366286769621,0.329443504278157,0.314960793361975,0.278732611619721,0.251843462347597,0.227612604957394,0.205681828317765,0.221831043031354,0.194206836325943,0.0921472159952778
0.330220497982989,0.500956580649751,0.598658931580748,0.668241165387907,0.730515604088103,0.806529431855373,0.853872296199602,0.886600022139929,0.928443268910878,0.962805894639165,0.983843254575229,1,0.990463914889,0.966912356634233,0.931452020553891,0.9020152769185,0.8688949428801,0.820457175462232,0.763273776529041,0.63339104017435,0.508326511154537,0.432912490595378,0.390431238349895,0.366125253906777,0.34485412814504,0.30833025712746,0.280792211423647,0.254846802499899,0.231685378190061,0.245280140078243,0.21582884799941,0.117185908117442
0.317356278147005,0.488568540757407,0.582799311051565,0.648474335686032,0.708161257411992,0.784040681308455,0.832788014239324,0.867661689469043,0.910663061494746,0.945458526596987,0.968189343288809,0.990463914889,1,0.991440985297055,0.959012403979879,0.932845519881893,0.900934939543948,0.851327904590623,0.792653029707241,0.660248559867731,0.532109634819601,0.454126599019718,0.409278469278474,0.38297090351907,0.359645361042036,0.326819894953687,0.298105615875793,0.268335972898971,0.240997674766959,0.251674163773066,0.222073828407786,0.128411667563513
0.300353235499471,0.467696803498038,0.557709635996238,0.6199274159101,0.677513561032135,0.753757030829175,0.803586275042658,0.8395886290359,0.884226123198104,0.92019967665684,0.943953127789734,0.966912356634233,0.991440985297055,1,0.982641660907428,0.961707864594444,0.931626550982758,0.880862176229212,0.820508213181871,0.685445938244739,0.553977048959095,0.472483273743104,0.425323003450248,0.398033260676539,0.374465328162967,0.344803306137924,0.315204170868214,0.282324844664512,0.252369235324713,0.260900718544306,0.230525304968859,0.139398296387497
0.278769865787993,0.431445989866014,0.51542402397454,0.575700531296442,0.633438906374547,0.710820593437254,0.760692832565502,0.795366809544685,0.842447302432767,0.880757014498624,0.90684908353761,0.931452020553891,0.959012403979879,0.982641660907428,1,0.986188991286706,0.959310144485264,0.909201387174195,0.848357304326579,0.711885375486672,0.577359297723662,0.490950226144923,0.444151172903548,0.418299882774535,0.395685666746025,0.366667440927234,0.336834792879228,0.302833828238084,0.273999718647663,0.281864047743258,0.248963016951158,0.155460651215279
0.262158784754797,0.410615690876301,0.489930785044149,0.546885507467842,0.603664888124424,0.680608099026153,0.730911325989444,0.765810249001015,0.810204787516735,0.849409338793651,0.87763942846778,0.9020152769185,0.932845519881893,0.961707864594444,0.986188991286706,1,0.988129703117897,0.939623641472116,0.880487844051961,0.746428938006374,0.611906379894501,0.524021939196798,0.473809881369203,0.445399325612766,0.420908401474067,0.389430857445811,0.360512389464066,0.328193671047364,0.296031144607805,0.30208925686101,0.266811766997777,0.171293435638071
0.233892636554466,0.379077394105374,0.45496609312427,0.510469325562128,0.568757313613139,0.643170020850629,0.692468970622308,0.727092684650877,0.770657837978581,0.811325353216924,0.842289280276226,0.8688949428801,0.900934939543948,0.931626550982758,0.959310144485264,0.988129703117897,1,0.978192541048382,0.927342749165952,0.805407123394581,0.676618741338794,0.589505432068566,0.535885007787053,0.503281599097061,0.473478487096101,0.435535066695067,0.4001870801012,0.361461820766047,0.328969885883973,0.325811071550925,0.282588327835428,0.185963938369452
0.195028346041382,0.334477800223575,0.407085013938844,0.462083985941338,0.522579683572399,0.591813537709438,0.638169210204043,0.671472080305743,0.715451257451701,0.757059160283812,0.790167695655869,0.820457175462232,0.851327904590623,0.880862176229212,0.909201387174195,0.939623641472116,0.978192541048382,1,0.966798516924854,0.86778408940075,0.751526132938773,0.668334659280364,0.612341968089015,0.575468021224261,0.539328482995353,0.492498413820649,0.445333926483465,0.394240849988788,0.36385210461253,0.347035440751994,0.292705003789668,0.195631398048783
0.165993528326154,0.292082108225067,0.362950960631531,0.418470423920761,0.476726694441806,0.540739259622557,0.584043583726639,0.615950484053998,0.660853720189496,0.699677316124145,0.730334831128889,0.763273776529041,0.792653029707241,0.820508213181871,0.848357304326579,0.880487844051961,0.927342749165952,0.966798516924854,1,0.948633936613435,0.852334225259105,0.774647103584338,0.712087798371339,0.673214439543456,0.640213833665646,0.579328006803996,0.516456478059969,0.450204636374212,0.410957093670759,0.391146020302037,0.327237965106693,0.207872224787939
0.121709250933234,0.223097547976043,0.282673629974016,0.332436526109079,0.386756723822395,0.432538603703568,0.466047227186526,0.494697401864721,0.534479722093157,0.569271597028983,0.598590965497696,0.63339104017435,0.660248559867731,0.685445938244739,0.711885375486672,0.746428938006374,0.805407123394581,0.86778408940075,0.948633936613435,1,0.972035461813328,0.903836124732022,0.843927124301855,0.794964585670126,0.738021217190208,0.652196689514173,0.571436962383148,0.491734594673497,0.423800069822664,0.397903926658407,0.333665977576462,0.21153551231756
0.0842546060693619,0.161942870260002,0.209860473802366,0.253118491138899,0.302985553528386,0.333418117492171,0.358653379025141,0.384145487677098,0.417633894737629,0.447516304760431,0.474254089276798,0.508326511154537,0.532109634819601,0.553977048959095,0.577359297723662,0.611906379894501,0.676618741338794,0.751526132938773,0.852334225259105,0.972035461813328,1,0.960498525802726,0.90986182825944,0.854544159012097,0.778599712761465,0.675810966939321,0.586806910616737,0.503460928526599,0.413592190883485,0.381249035943378,0.320190397639985,0.20757717199267
0.0588741121770656,0.118098076411753,0.15985504068978,0.201345284267206,0.250058204879609,0.275780752710462,0.299212687542851,0.324260113126493,0.354117214445289,0.37860413039807,0.400634491504687,0.432912490595378,0.454126599019718,0.472483273743104,0.490950226144923,0.524021939196798,0.589505432068566,0.668334659280364,0.774647103584338,0.903836124732022,0.960498525802726,1,0.964250554383184,0.90659332596866,0.824042011361536,0.706699034736505,0.615029638124704,0.534263159743529,0.428489884004775,0.383566454640779,0.319604102075623,0.217389761793637
0.0528641604223625,0.101828048389166,0.136730558266174,0.173374567959226,0.218976194353348,0.239193238814672,0.259003287990433,0.281829036528416,0.309375792930648,0.331733142396659,0.35366286769621,0.390431238349895,0.409278469278474,0.425323003450248,0.444151172903548,0.473809881369203,0.535885007787053,0.612341968089015,0.712087798371339,0.843927124301855,0.90986182825944,0.964250554383184,1,0.978025304544055,0.881982148588775,0.7641498066668,0.685543673338823,0.619496578674058,0.492055175406753,0.424521341202434,0.343961717418131,0.233126720819022
0.0479886897139551,0.0960605693141308,0.127706106809408,0.161434211683053,0.205980180377806,0.223622069672129,0.241933241298743,0.263884135922718,0.288834211991779,0.308939840055877,0.329443504278157,0.366125253906777,0.38297090351907,0.398033260676539,0.418299882774535,0.445399325612766,0.503281599097061,0.575468021224261,0.673214439543456,0.794964585670126,0.854544159012097,0.90659332596866,0.978025304544055,1,0.947875244995853,0.833198066325454,0.754544042697583,0.686996017967067,0.547643325999843,0.464587684029896,0.3699503949733,0.24817218518577
0.0389561552964372,0.0926737492958861,0.124106389311643,0.156782233833491,0.201812025571192,0.219578730219402,0.238507897499234,0.260849123142904,0.282080044243805,0.298654549563005,0.314960793361975,0.34485412814504,0.359645361042036,0.374465328162967,0.395685666746025,0.420908401474067,0.473478487096101,0.539328482995353,0.640213833665646,0.738021217190208,0.778599712761465,0.824042011361536,0.881982148588775,0.947875244995853,1,0.891457003116483,0.797877386268471,0.711387799400588,0.57387610721985,0.486111819273546,0.384712258975718,0.256242215902024
0.0469571896939717,0.0973852874006013,0.12412191570126,0.149584828614222,0.184481584095755,0.195063317384887,0.210070858988129,0.231148691441707,0.248728706966367,0.263232149141089,0.278732611619721,0.30833025712746,0.326819894953687,0.344803306137924,0.366667440927234,0.389430857445811,0.435535066695067,0.492498413820649,0.579328006803996,0.652196689514173,0.675810966939321,0.706699034736505,0.7641498066668,0.833198066325454,0.891457003116483,1,0.962086019493817,0.83888139938296,0.728872921197388,0.591404783775274,0.435597241570435,0.27547968830419
0.0345926547201954,0.0930218593607297,0.11519536308136,0.134473291732127,0.167114464977426,0.178792481976596,0.192693139937376,0.210358279876678,0.22441036995944,0.237077080136028,0.251843462347597,0.280792211423647,0.298105615875793,0.315204170868214,0.336834792879228,0.360512389464066,0.4001870801012,0.445333926483465,0.516456478059969,0.571436962383148,0.586806910616737,0.615029638124704,0.685543673338823,0.754544042697583,0.797877386268471,0.962086019493817,1,0.946156705114482,0.825688509814885,0.655830106704774,0.468530141278295,0.283365413276695
0.013540054808715,0.0826185153553639,0.100597762431028,0.114841312304863,0.148644806302453,0.164904979959919,0.178939605251465,0.192380280542473,0.203129419447667,0.213955731027463,0.227612604957394,0.254846802499899,0.268335972898971,0.282324844664512,0.302833828238084,0.328193671047364,0.361461820766047,0.394240849988788,0.450204636374212,0.491734594673497,0.503460928526599,0.534263159743529,0.619496578674058,0.686996017967067,0.711387799400588,0.83888139938296,0.946156705114482,1,0.855941614412029,0.672388979113275,0.475176023641962,0.277393792072412
0.0327903678696467,0.0843347826233357,0.0979575610230803,0.109760239568192,0.137972459425896,0.155430486412981,0.166401402862119,0.173210566926437,0.179861018601223,0.190672532872992,0.205681828317765,0.231685378190061,0.240997674766959,0.252369235324713,0.273999718647663,0.296031144607805,0.328969885883973,0.36385210461253,0.410957093670759,0.423800069822664,0.413592190883485,0.428489884004775,0.492055175406753,0.547643325999843,0.57387610721985,0.728872921197388,0.825688509814885,0.855941614412029,1,0.842765469370849,0.590019429841889,0.347392957702683
0.0671784230050597,0.0942703580622489,0.102248865637381,0.112109198042037,0.135515612458634,0.156573650714797,0.172400527001395,0.184551895173992,0.194695522195566,0.207098778300462,0.221831043031354,0.245280140078243,0.251674163773066,0.260900718544306,0.281864047743258,0.30208925686101,0.325811071550925,0.347035440751994,0.391146020302037,0.397903926658407,0.381249035943378,0.383566454640779,0.424521341202434,0.464587684029896,0.486111819273546,0.591404783775274,0.655830106704774,0.672388979113275,0.842765469370849,1,0.918661548442776,0.567742569530836
0.0664778687007813,0.0764616959696478,0.0829650000026447,0.092263355529097,0.108591045834393,0.127175188617507,0.143874880564369,0.15905652318664,0.169712874544108,0.181104694939634,0.194206836325943,0.21582884799941,0.222073828407786,0.230525304968859,0.248963016951158,0.266811766997777,0.282588327835428,0.292705003789668,0.327237965106693,0.333665977576462,0.320190397639985,0.319604102075623,0.343961717418131,0.3699503949733,0.384712258975718,0.435597241570435,0.468530141278295,0.475176023641962,0.590019429841889,0.918661548442776,1,0.750267643389884
0.00831418569658088,0.0121143473423958,0.0256518809066026,0.03795665236192,0.0426657327755921,0.0492065344574665,0.0587007974547171,0.0700037021022279,0.0737367754697706,0.0803369668570536,0.0921472159952778,0.117185908117442,0.128411667563513,0.139398296387497,0.155460651215279,0.171293435638071,0.185963938369452,0.195631398048783,0.207872224787939,0.21153551231756,0.20757717199267,0.217389761793637,0.233126720819022,0.24817218518577,0.256242215902024,0.27547968830419,0.283365413276695,0.277393792072412,0.347392957702683,0.567742569530836,0.750267643389884,1
