1,0.647746475117281,0.585631129060077,0.558465527271984,0.552612355948595,0.546877105083823,0.537198793449441,0.529671185793664,0.531932398244111,0.520859633748159,0.517535279329697,0.507990229193143,0.503628547727263,0.497937179552287,0.498811626940507,0.493362179744181,0.484976635400495,0.47567897014434,0.468070116840636,0.462619013062645,0.454101534552045,0.447192442001298,0.437123182134547,0.42968036886578,0.422314413174054,0.416296242679319,0.404238040944578,0.392850612733709,0.371155826164287,0.311147175179084,0.105815375324424,-0.00232292515729291
0.647746475117281,1,0.947016985790627,0.919575558042989,0.904935685423193,0.891688093111386,0.883607722991114,0.87425272198087,0.869339210616332,0.861312388621657,0.854144763197482,0.845565671042661,0.840458490754502,0.833478999435892,0.827046430624774,0.820190448712727,0.81429102777099,0.807506367385822,0.799335898656857,0.792345042493041,0.783692383503807,0.778150998899136,0.769309372566077,0.760535013624827,0.753399536964973,0.746836183304582,0.732777975547019,0.704729428618636,0.669419838078569,0.574576853154491,0.205085862968961,0.101187428212643
0.585631129060077,0.947016985790627,1,0.97387377465641,0.957082651730641,0.945882926602939,0.938933106650564,0.930101673131579,0.923976605194798,0.91960032470382,0.913454793459315,0.90703190675943,0.902331191868489,0.896753395512066,0.892338430001818,0.886408326612062,0.880375357783705,0.872956575751413,0.866238692545344,0.857739220962047,0.851414396965635,0.846669104419824,0.838148739868582,0.830266812049641,0.822190483963493,0.814443603900584,0.802618589347314,0.772886228330942,0.733406182023112,0.636334424650231,0.23614370891431,0.132239793546142
0.558465527271984,0.919575558042989,0.97387377465641,1,0.985508397373808,0.974567711177069,0.967828397719697,0.959115913554675,0.952581148836963,0.948511630343754,0.941179095742985,0.934219046946039,0.930746019911646,0.925085649295539,0.921636082870849,0.917045586712344,0.912386357459301,0.906699007554111,0.900593641235553,0.89317950654654,0.887751053399707,0.882958663573224,0.874326862989842,0.867934848662087,0.860184442338406,0.852194221965725,0.840989895544011,0.811172656098683,0.769897751448839,0.669951587748554,0.247541807529462,0.134168789091007
0.552612355948595,0.904935685423193,0.957082651730641,0.985508397373808,1,0.988401763157692,0.981047850020765,0.973615755598009,0.966438581576882,0.961568961431779,0.955075168742916,0.948294222462363,0.944583935221701,0.93953176216579,0.936242682547718,0.931747375981402,0.927431502066662,0.922033083306142,0.915792460610822,0.909048340813805,0.903972937740843,0.899270225865391,0.890298466896562,0.884748760605853,0.876407455960511,0.86815031439121,0.857579322925371,0.827897774219656,0.787935135482751,0.689840276824535,0.251095334719516,0.141070098788538
0.546877105083823,0.891688093111386,0.945882926602939,0.974567711177069,0.988401763157692,1,0.992598284044037,0.985850495284841,0.978784770986407,0.974090255204132,0.967709117707782,0.961411842017896,0.957612260070477,0.953236993257594,0.949590335223031,0.94458351055812,0.940298901172433,0.935502288412912,0.929039808219442,0.922362152106702,0.917032827241636,0.911381330465924,0.903905475156162,0.898763504254993,0.890529986948237,0.88206879952513,0.871586674176664,0.842173696814158,0.800843313835379,0.701002732258709,0.256429155963679,0.14217441364595
0.537198793449441,0.883607722991114,0.938933106650564,0.967828397719697,0.981047850020765,0.992598284044037,1,0.993634109687282,0.987264227560006,0.982295284065316,0.975136287186812,0.968907064058413,0.9645430490736,0.959276844411272,0.955706756180319,0.950740499268324,0.947020338396948,0.942103325936165,0.935894742951618,0.929216876817069,0.923767061296231,0.918061436640445,0.910719708122924,0.905451706270169,0.897851491658142,0.8895462946921,0.879310672691578,0.850944183726316,0.807893198716935,0.7089619521018,0.261846786660215,0.148073767770155
0.529671185793664,0.87425272198087,0.930101673131579,0.959115913554675,0.973615755598009,0.985850495284841,0.993634109687282,1,0.993916670116429,0.988992267923353,0.982827708614446,0.976256236565166,0.971490501217998,0.965790641914906,0.961016195331188,0.956678282808413,0.952844695176021,0.947666645434313,0.942065635236507,0.934995214366263,0.929606673395648,0.924583900612293,0.916890410246429,0.91190227363642,0.904228840289734,0.896604346639036,0.886769917580615,0.8602887985304,0.818500932781531,0.719992009492825,0.263373043016854,0.152701112210965
0.531932398244111,0.869339210616332,0.923976605194798,0.952581148836963,0.966438581576882,0.978784770986407,0.987264227560006,0.993916670116429,1,0.99532251290184,0.989220394884081,0.982872243979177,0.97802980878014,0.972354646738818,0.967476320446322,0.962837376471865,0.958590651146727,0.952579057988897,0.946115620692097,0.938898383511735,0.932966038697294,0.927556118513806,0.919143286482362,0.913834306395929,0.906016749405212,0.898298012449161,0.888998001643615,0.863058352464053,0.821649264428467,0.723025856635212,0.2635843976375,0.148157745442525
0.520859633748159,0.861312388621657,0.91960032470382,0.948511630343754,0.961568961431779,0.974090255204132,0.982295284065316,0.988992267923353,0.99532251290184,1,0.994349349244388,0.988601955217606,0.983429121579218,0.97758301209542,0.971830765723621,0.966447037422174,0.961955143601749,0.955866193273882,0.949054439739724,0.941918606001364,0.935259129923195,0.929968094446615,0.921619983374579,0.9163637027625,0.909038461608084,0.90158641002633,0.89266794849942,0.866930051102638,0.825915180764038,0.725714782736891,0.262325135956305,0.149437242691969
0.517535279329697,0.854144763197482,0.913454793459315,0.941179095742985,0.955075168742916,0.967709117707782,0.975136287186812,0.982827708614446,0.989220394884081,0.994349349244388,1,0.995167838243457,0.990211845037572,0.98452350689958,0.979276993448675,0.973229262414477,0.968760900342776,0.962346186796548,0.955715317921741,0.948389358451778,0.941785867887725,0.9361042268956,0.927777885122083,0.923057714895662,0.916167473771432,0.909890719209425,0.899227274148246,0.876444252720372,0.836355899862943,0.739688100345616,0.27619559673182,0.158983457604614
0.507990229193143,0.845565671042661,0.90703190675943,0.934219046946039,0.948294222462363,0.961411842017896,0.968907064058413,0.976256236565166,0.982872243979177,0.988601955217606,0.995167838243457,1,0.996363440569023,0.991247155856509,0.985577684972387,0.978747414710247,0.973709484551534,0.96667054188844,0.95972518516624,0.952892460491491,0.946798057718744,0.941585042116175,0.933479642763506,0.928764775499111,0.922305653375511,0.917063066898685,0.9061978021496,0.885173393581357,0.844971208903065,0.749523287548064,0.287648569664993,0.16643642072937
0.503628547727263,0.840458490754502,0.902331191868489,0.930746019911646,0.944583935221701,0.957612260070477,0.9645430490736,0.971490501217998,0.97802980878014,0.983429121579218,0.990211845037572,0.996363440569023,1,0.996392924530029,0.991129266145432,0.983969242554847,0.978655719975543,0.971245869319243,0.963800414977126,0.957064236458447,0.950778610135842,0.945964003666629,0.93763289465048,0.9329083844835,0.926872487005564,0.921652266005667,0.910105877415324,0.889624680023757,0.849017443874094,0.753893861848979,0.295907181409824,0.168286870795731
0.497937179552287,0.833478999435892,0.896753395512066,0.925085649295539,0.93953176216579,0.953236993257594,0.959276844411272,0.965790641914906,0.972354646738818,0.97758301209542,0.98452350689958,0.991247155856509,0.996392924530029,1,0.995723857894942,0.989836373642345,0.984477936988278,0.977019583079445,0.969701910135547,0.963183633533917,0.957174148855717,0.95236699157902,0.944552711982615,0.939659075413147,0.933208071282076,0.927822166412277,0.916540063079364,0.897441343359889,0.857518962064958,0.763051644890918,0.301090380752058,0.170021470448193
0.498811626940507,0.827046430624774,0.892338430001818,0.921636082870849,0.936242682547718,0.949590335223031,0.955706756180319,0.961016195331188,0.967476320446322,0.971830765723621,0.979276993448675,0.985577684972387,0.991129266145432,0.995723857894942,1,0.995827132886792,0.990692602577095,0.983259936897308,0.975744745627808,0.969066258931796,0.963014488109943,0.958535824130103,0.950763032395578,0.945735402046739,0.939254347270366,0.933402221972165,0.922862613218979,0.905196349499887,0.865757235152493,0.773408218612834,0.308823195950222,0.181693423054733
0.493362179744181,0.820190448712727,0.886408326612062,0.917045586712344,0.931747375981402,0.94458351055812,0.950740499268324,0.956678282808413,0.962837376471865,0.966447037422174,0.973229262414477,0.978747414710247,0.983969242554847,0.989836373642345,0.995827132886792,1,0.996032970800236,0.989677621111936,0.982235986261261,0.975338180982217,0.969243286281244,0.964283021029103,0.956632390446976,0.9512645548782,0.944214106877127,0.9385180342447,0.928974073858886,0.911978300654753,0.873700156784496,0.783003793164422,0.320389212661406,0.190025854589997
0.484976635400495,0.81429102777099,0.880375357783705,0.912386357459301,0.927431502066662,0.940298901172433,0.947020338396948,0.952844695176021,0.958590651146727,0.961955143601749,0.968760900342776,0.973709484551534,0.978655719975543,0.984477936988278,0.990692602577095,0.996032970800236,1,0.995627340549213,0.988923615689195,0.982431639308719,0.976214814192791,0.971224161697062,0.96404513584307,0.959020614274491,0.952026248964174,0.946533050733082,0.937910363958997,0.920807476771451,0.883606078319221,0.795575153843205,0.33082575036797,0.196274989287754
0.47567897014434,0.807506367385822,0.872956575751413,0.906699007554111,0.922033083306142,0.935502288412912,0.942103325936165,0.947666645434313,0.952579057988897,0.955866193273882,0.962346186796548,0.96667054188844,0.971245869319243,0.977019583079445,0.983259936897308,0.989677621111936,0.995627340549213,1,0.995298337304717,0.989905050506658,0.98361794214334,0.978987417355241,0.971643972118188,0.966242772169853,0.959087039534622,0.95345722908039,0.944871778378052,0.927500533592025,0.892717335466244,0.805367316401091,0.334910955973251,0.201056697211395
0.468070116840636,0.799335898656857,0.866238692545344,0.900593641235553,0.915792460610822,0.929039808219442,0.935894742951618,0.942065635236507,0.946115620692097,0.949054439739724,0.955715317921741,0.95972518516624,0.963800414977126,0.969701910135547,0.975744745627808,0.982235986261261,0.988923615689195,0.995298337304717,1,0.9962438384204,0.991090938533037,0.985886223723857,0.979197254610297,0.97401306187143,0.96674562694676,0.96094719590427,0.952133228021141,0.935290969237254,0.902135431518645,0.815138641867791,0.339964360451607,0.207649443675148
0.462619013062645,0.792345042493041,0.857739220962047,0.89317950654654,0.909048340813805,0.922362152106702,0.929216876817069,0.934995214366263,0.938898383511735,0.941918606001364,0.948389358451778,0.952892460491491,0.957064236458447,0.963183633533917,0.969066258931796,0.975338180982217,0.982431639308719,0.989905050506658,0.9962438384204,1,0.996189598638177,0.991102116769129,0.984681945040691,0.979566670619977,0.972342919443511,0.965426654974646,0.955676827594444,0.939030455910848,0.906565328681274,0.820449364840119,0.347144304749966,0.210804885397923
0.454101534552045,0.783692383503807,0.851414396965635,0.887751053399707,0.903972937740843,0.917032827241636,0.923767061296231,0.929606673395648,0.932966038697294,0.935259129923195,0.941785867887725,0.946798057718744,0.950778610135842,0.957174148855717,0.963014488109943,0.969243286281244,0.976214814192791,0.98361794214334,0.991090938533037,0.996189598638177,1,0.995928212213105,0.989701819958877,0.984765629526972,0.977462366318245,0.970203363607165,0.959994180527896,0.942636365508321,0.910298893870378,0.825798176079249,0.355267374660964,0.215321419656853
0.447192442001298,0.778150998899136,0.846669104419824,0.882958663573224,0.899270225865391,0.911381330465924,0.918061436640445,0.924583900612293,0.927556118513806,0.929968094446615,0.9361042268956,0.941585042116175,0.945964003666629,0.95236699157902,0.958535824130103,0.964283021029103,0.971224161697062,0.978987417355241,0.985886223723857,0.991102116769129,0.995928212213105,1,0.994687854581286,0.98901213609902,0.982683812520024,0.974902188614944,0.963990231447999,0.946775280658316,0.915780795585941,0.832223304274236,0.359113797697679,0.224140478127964
0.437123182134547,0.769309372566077,0.838148739868582,0.874326862989842,0.890298466896562,0.903905475156162,0.910719708122924,0.916890410246429,0.919143286482362,0.921619983374579,0.927777885122083,0.933479642763506,0.93763289465048,0.944552711982615,0.950763032395578,0.956632390446976,0.96404513584307,0.971643972118188,0.979197254610297,0.984681945040691,0.989701819958877,0.994687854581286,1,0.995301615246883,0.989757833282335,0.981593468589104,0.971001401331936,0.953943764839311,0.923840804026093,0.841812256139621,0.359710357730186,0.239556600775171
0.42968036886578,0.760535013624827,0.830266812049641,0.867934848662087,0.884748760605853,0.898763504254993,0.905451706270169,0.91190227363642,0.913834306395929,0.9163637027625,0.923057714895662,0.928764775499111,0.9329083844835,0.939659075413147,0.945735402046739,0.9512645548782,0.959020614274491,0.966242772169853,0.97401306187143,0.979566670619977,0.984765629526972,0.98901213609902,0.995301615246883,1,0.994741950416451,0.987124414997977,0.976750102027202,0.960061007158458,0.929563861022599,0.848237369328363,0.362924931680433,0.2440763574848
0.422314413174054,0.753399536964973,0.822190483963493,0.860184442338406,0.876407455960511,0.890529986948237,0.897851491658142,0.904228840289734,0.906016749405212,0.909038461608084,0.916167473771432,0.922305653375511,0.926872487005564,0.933208071282076,0.939254347270366,0.944214106877127,0.952026248964174,0.959087039534622,0.96674562694676,0.972342919443511,0.977462366318245,0.982683812520024,0.989757833282335,0.994741950416451,1,0.993408058099288,0.982965859006578,0.967347464368889,0.940702880044578,0.862297755065374,0.388447551137962,0.256438146411827
0.416296242679319,0.746836183304582,0.814443603900584,0.852194221965725,0.86815031439121,0.88206879952513,0.8895462946921,0.896604346639036,0.898298012449161,0.90158641002633,0.909890719209425,0.917063066898685,0.921652266005667,0.927822166412277,0.933402221972165,0.9385180342447,0.946533050733082,0.95345722908039,0.96094719590427,0.965426654974646,0.970203363607165,0.974902188614944,0.981593468589104,0.987124414997977,0.993408058099288,1,0.99094754228013,0.975889625852362,0.949998246062835,0.874722090414686,0.398698459384499,0.268509294762262
0.404238040944578,0.732777975547019,0.802618589347314,0.840989895544011,0.857579322925371,0.871586674176664,0.879310672691578,0.886769917580615,0.888998001643615,0.89266794849942,0.899227274148246,0.9061978021496,0.910105877415324,0.916540063079364,0.922862613218979,0.928974073858886,0.937910363958997,0.944871778378052,0.952133228021141,0.955676827594444,0.959994180527896,0.963990231447999,0.971001401331936,0.976750102027202,0.982965859006578,0.99094754228013,1,0.986104188960252,0.961881156734636,0.890341501409438,0.414419875276155,0.28957355784952
0.392850612733709,0.704729428618636,0.772886228330942,0.811172656098683,0.827897774219656,0.842173696814158,0.850944183726316,0.8602887985304,0.863058352464053,0.866930051102638,0.876444252720372,0.885173393581357,0.889624680023757,0.897441343359889,0.905196349499887,0.911978300654753,0.920807476771451,0.927500533592025,0.935290969237254,0.939030455910848,0.942636365508321,0.946775280658316,0.953943764839311,0.960061007158458,0.967347464368889,0.975889625852362,0.986104188960252,1,0.977015950827907,0.918791473966704,0.45652797442926,0.321080694619208
0.371155826164287,0.669419838078569,0.733406182023112,0.769897751448839,0.787935135482751,0.800843313835379,0.807893198716935,0.818500932781531,0.821649264428467,0.825915180764038,0.836355899862943,0.844971208903065,0.849017443874094,0.857518962064958,0.865757235152493,0.873700156784496,0.883606078319221,0.892717335466244,0.902135431518645,0.906565328681274,0.910298893870378,0.915780795585941,0.923840804026093,0.929563861022599,0.940702880044578,0.949998246062835,0.961881156734636,0.977015950827907,1,0.954199672067843,0.506840452713401,0.377786878946026
0.311147175179084,0.574576853154491,0.636334424650231,0.669951587748554,0.689840276824535,0.701002732258709,0.7089619521018,0.719992009492825,0.723025856635212,0.725714782736891,0.739688100345616,0.749523287548064,0.753893861848979,0.763051644890918,0.773408218612834,0.783003793164422,0.795575153843205,0.805367316401091,0.815138641867791,0.820449364840119,0.825798176079249,0.832223304274236,0.841812256139621,0.848237369328363,0.862297755065374,0.874722090414686,0.890341501409438,0.918791473966704,0.954199672067843,1,0.572892060822494,0.438043646490847
0.105815375324424,0.205085862968961,0.23614370891431,0.247541807529462,0.251095334719516,0.256429155963679,0.261846786660215,0.263373043016854,0.2635843976375,0.262325135956305,0.27619559673182,0.287648569664993,0.295907181409824,0.301090380752058,0.308823195950222,0.320389212661406,0.33082575036797,0.334910955973251,0.339964360451607,0.347144304749966,0.355267374660964,0.359113797697679,0.359710357730186,0.362924931680433,0.388447551137962,0.398698459384499,0.414419875276155,0.45652797442926,0.506840452713401,0.572892060822494,1,0.329205284087214
-0.00232292515729291,0.101187428212643,0.132239793546142,0.134168789091007,0.141070098788538,0.14217441364595,0.148073767770155,0.152701112210965,0.148157745442525,0.149437242691969,0.158983457604614,0.16643642072937,0.168286870795731,0.170021470448193,0.181693423054733,0.190025854589997,0.196274989287754,0.201056697211395,0.207649443675148,0.210804885397923,0.215321419656853,0.224140478127964,0.239556600775171,0.2440763574848,0.256438146411827,0.268509294762262,0.28957355784952,0.321080694619208,0.377786878946026,0.438043646490847,0.329205284087214,1
