1,0.711739941733825,0.64946078750028,0.617619172279615,0.57695247578116,0.558819695441221,0.547528322168824,0.532836153426755,0.524414796401088,0.509867306881586,0.494667775594161,0.482770250504296,0.465426668682613,0.458187592807179,0.447606821766744,0.439200322221881,0.431710933154133,0.418922918128629,0.40842402348286,0.399112864257437,0.389480831163487,0.375005438093256,0.355289816456533,0.336880741369544,0.316830547014079,0.278916249890828,0.22718173885216,0.131225245005361,0.0287803607023061,-0.0372440617996368,-0.0340807940632331,-0.002794822370582
0.711739941733825,1,0.925751053478728,0.890204939265643,0.847102688237293,0.82381927968182,0.804101685653708,0.782582708122384,0.767504239455509,0.752946632293203,0.742500128999975,0.729397581702683,0.711006958341635,0.69832221978073,0.679376900779634,0.664170416999827,0.650284862537331,0.636464024934572,0.623113157027475,0.606693908501221,0.595840423000682,0.572878880888071,0.551610882572739,0.526432043347276,0.497587585727425,0.44512607029376,0.353934305260753,0.212869208559686,0.0581467768962087,-0.0548381567460189,-0.0743713610442024,-0.0768477270557777
0.64946078750028,0.925751053478728,1,0.972708227837305,0.939530340299694,0.915941425482138,0.89774163980119,0.885480344578403,0.87257408191549,0.857001644537647,0.847808799913436,0.833832628545114,0.819518901925491,0.806853999646756,0.790957239343452,0.775588455091979,0.758760031450891,0.744260678317785,0.729624336364173,0.71114836818522,0.700309670750691,0.674498060001593,0.65208455194502,0.624938903013205,0.591092941843433,0.536751318618504,0.433876282199464,0.308774233100729,0.143329207903619,0.0220740876782254,-0.0346470554077117,-0.0547730621028261
0.617619172279615,0.890204939265643,0.972708227837305,1,0.974474128707292,0.95185625415631,0.933296056487646,0.922016156616134,0.909986085793114,0.895264372863153,0.886111574030018,0.872290675222641,0.858833252848969,0.846048109580909,0.830747598825432,0.816639157312729,0.799529178173742,0.785174902891195,0.772314628534283,0.753732435447753,0.742759329771195,0.71597628088888,0.692235250638678,0.664510570720531,0.630208045954762,0.575092116374723,0.467427500248284,0.342666395390243,0.172694571973551,0.0493469395313627,-0.00557535669321483,-0.0372268821856726
0.57695247578116,0.847102688237293,0.939530340299694,0.974474128707292,1,0.985374301884599,0.969081674914018,0.958635956375078,0.948983854501621,0.935281658210961,0.926465933066435,0.913520750072264,0.90165140333298,0.889957288378299,0.87626689087196,0.863664331989392,0.846151617269453,0.83394934248725,0.822487003958405,0.805937953515993,0.797151414036033,0.771178866360878,0.748051201261401,0.722704690352201,0.688771290892636,0.632953896561855,0.522874951758287,0.39620759581519,0.220395728843322,0.101494468751437,0.0406300849636025,0.00365067348179797
0.558819695441221,0.82381927968182,0.915941425482138,0.95185625415631,0.985374301884599,1,0.988483712364022,0.977918506543738,0.96959633006903,0.958129214218094,0.94917067774536,0.93802837305232,0.926731049245297,0.914245099021705,0.901704044676925,0.890395745912135,0.874467769950702,0.862365643095676,0.85134148689508,0.834907344643146,0.826026194891334,0.800495123197478,0.778931004699375,0.753827387882472,0.720775941335327,0.665794822014663,0.557045236280409,0.430554529166347,0.25256710771184,0.134747146822034,0.0663056510837566,0.0326407652506631
0.547528322168824,0.804101685653708,0.89774163980119,0.933296056487646,0.969081674914018,0.988483712364022,1,0.991035301496581,0.983519764821722,0.972672851735428,0.964304813398216,0.954311995832433,0.943443169257566,0.931538125685358,0.919881459681041,0.908750306659434,0.895141478114114,0.883759155769218,0.872614285359622,0.858127178424215,0.848254480836549,0.823699428186773,0.801661053874461,0.77848402608391,0.746976249172573,0.691234702664522,0.584073134490425,0.45350887792128,0.275473351676449,0.157763642886517,0.0902051621875994,0.0641801156006423
0.532836153426755,0.782582708122384,0.885480344578403,0.922016156616134,0.958635956375078,0.977918506543738,0.991035301496581,1,0.9925724566631,0.982108734916165,0.974290309362719,0.964633023576226,0.954943688950862,0.942906235849542,0.932210043948453,0.920838263261933,0.90763463370417,0.896244538267405,0.884265249630603,0.86956971088357,0.859715676143024,0.835243353569582,0.81416931314167,0.791564317952116,0.760803665724708,0.706202541053646,0.602814934950766,0.473773707997728,0.293414467484885,0.17469526388856,0.100235032104559,0.0803110428404046
0.524414796401088,0.767504239455509,0.87257408191549,0.909986085793114,0.948983854501621,0.96959633006903,0.983519764821722,0.9925724566631,1,0.991475168637566,0.98311818070778,0.974395826675248,0.965656592444671,0.953697700388015,0.942879252277002,0.931171634329781,0.918605455239574,0.908024041034986,0.896138124816824,0.882453700359896,0.871934038728091,0.847867575138137,0.827680010945728,0.805955809563905,0.775156232196349,0.721158454940786,0.618945688433989,0.486451195330044,0.306147631602079,0.18743932741404,0.110367453620975,0.0951448355702186
0.509867306881586,0.752946632293203,0.857001644537647,0.895264372863153,0.935281658210961,0.958129214218094,0.972672851735428,0.982108734916165,0.991475168637566,1,0.994323305108603,0.987302833769594,0.979452211238457,0.969049518945725,0.9590520522965,0.94817576342035,0.936417196525326,0.926152006482505,0.914512599877034,0.900554961717932,0.890273358630946,0.868782178704914,0.849890473621304,0.828632876308329,0.797300688280887,0.745710691028656,0.645540040635698,0.513736048788738,0.332698145074093,0.217337174020152,0.129094024006039,0.125069071369941
0.494667775594161,0.742500128999975,0.847808799913436,0.886111574030018,0.926465933066435,0.94917067774536,0.964304813398216,0.974290309362719,0.98311818070778,0.994323305108603,1,0.994659403651488,0.987159900624371,0.97747768536589,0.967697024858737,0.956974356421019,0.945741511864142,0.935663317460435,0.923847139916967,0.910554403997761,0.90032982200698,0.879759433857502,0.860677888498076,0.84025800526029,0.810164251863999,0.761396656693252,0.66464153877323,0.532060585531721,0.347974238079534,0.231509498635377,0.140839037047565,0.137893000186942
0.482770250504296,0.729397581702683,0.833832628545114,0.872290675222641,0.913520750072264,0.93802837305232,0.954311995832433,0.964633023576226,0.974395826675248,0.987302833769594,0.994659403651488,1,0.995011263307185,0.987087244570637,0.97869211192725,0.968954675837872,0.958333935840887,0.949250179900636,0.938396635203375,0.926420651641674,0.916582828035726,0.896171763960572,0.877331454484376,0.859402560953052,0.831025991032382,0.782817873825029,0.685974571731187,0.551350741959862,0.366228097700874,0.248639867209053,0.157069439983639,0.162398825147175
0.465426668682613,0.711006958341635,0.819518901925491,0.858833252848969,0.90165140333298,0.926731049245297,0.943443169257566,0.954943688950862,0.965656592444671,0.979452211238457,0.987159900624371,0.995011263307185,1,0.994259175647837,0.986850237263339,0.977837395506597,0.967872982651724,0.959113342682784,0.948712508840265,0.936600410155357,0.927115712849228,0.907295485286958,0.889067725092687,0.872387226654516,0.844258635670726,0.796547656533932,0.701098679826016,0.56441927504318,0.380080612032906,0.2618731163378,0.168140100419373,0.174321847623898
0.458187592807179,0.69832221978073,0.806853999646756,0.846048109580909,0.889957288378299,0.914245099021705,0.931538125685358,0.942906235849542,0.953697700388015,0.969049518945725,0.97747768536589,0.987087244570637,0.994259175647837,1,0.994625731609837,0.987220059398725,0.978521318000115,0.970141371399584,0.960183880393124,0.949648720345723,0.941176380757329,0.923172450910146,0.90531884218073,0.888991168128114,0.860968015150303,0.814513182973468,0.720591531302124,0.580270133308534,0.392429327201179,0.273124933657349,0.182807165015895,0.184448450480581
0.447606821766744,0.679376900779634,0.790957239343452,0.830747598825432,0.87626689087196,0.901704044676925,0.919881459681041,0.932210043948453,0.942879252277002,0.9590520522965,0.967697024858737,0.97869211192725,0.986850237263339,0.994625731609837,1,0.995155610338589,0.98780161830513,0.980289194266582,0.971066738560721,0.961289692047447,0.953449802654553,0.93663338775217,0.920271229473037,0.904711284175282,0.878665026387771,0.834308765941541,0.743328851648579,0.603531217514461,0.413822731549297,0.293190759300751,0.199484640137065,0.202581465304468
0.439200322221881,0.664170416999827,0.775588455091979,0.816639157312729,0.863664331989392,0.890395745912135,0.908750306659434,0.920838263261933,0.931171634329781,0.94817576342035,0.956974356421019,0.968954675837872,0.977837395506597,0.987220059398725,0.995155610338589,1,0.994625867848638,0.987614437471247,0.979488918529926,0.970974154235756,0.96287423318449,0.946684048728477,0.930058270860796,0.91496535284018,0.889535677567706,0.846537285393344,0.756224881342919,0.615321181654481,0.423821106025073,0.304079821881928,0.211541131129581,0.215403678459789
0.431710933154133,0.650284862537331,0.758760031450891,0.799529178173742,0.846151617269453,0.874467769950702,0.895141478114114,0.90763463370417,0.918605455239574,0.936417196525326,0.945741511864142,0.958333935840887,0.967872982651724,0.978521318000115,0.98780161830513,0.994625867848638,1,0.995084361622305,0.988002047051964,0.980328715686526,0.973076838993103,0.958244560358803,0.942767772245189,0.927786535049181,0.903449075574369,0.861483420349706,0.772940778268717,0.632234468941009,0.44194915479415,0.320521500537754,0.224436417260913,0.229452177601669
0.418922918128629,0.636464024934572,0.744260678317785,0.785174902891195,0.83394934248725,0.862365643095676,0.883759155769218,0.896244538267405,0.908024041034986,0.926152006482505,0.935663317460435,0.949250179900636,0.959113342682784,0.970141371399584,0.980289194266582,0.987614437471247,0.995084361622305,1,0.995246840178396,0.988294719423824,0.981079425369807,0.966470542094662,0.951257175382876,0.937408448314691,0.913950785908596,0.873579544711045,0.788970828659276,0.648874009334846,0.460443067082727,0.335286234885797,0.240673690630395,0.24887719759752
0.40842402348286,0.623113157027475,0.729624336364173,0.772314628534283,0.822487003958405,0.85134148689508,0.872614285359622,0.884265249630603,0.896138124816824,0.914512599877034,0.923847139916967,0.938396635203375,0.948712508840265,0.960183880393124,0.971066738560721,0.979488918529926,0.988002047051964,0.995246840178396,1,0.995030017478748,0.987581465639338,0.974373386384925,0.959565564638855,0.946751896935571,0.924201282050624,0.884916564400187,0.800612850031348,0.658906730603489,0.473619201920978,0.348018434993584,0.253193826544224,0.266093076812997
0.399112864257437,0.606693908501221,0.71114836818522,0.753732435447753,0.805937953515993,0.834907344643146,0.858127178424215,0.86956971088357,0.882453700359896,0.900554961717932,0.910554403997761,0.926420651641674,0.936600410155357,0.949648720345723,0.961289692047447,0.970974154235756,0.980328715686526,0.988294719423824,0.995030017478748,1,0.994232434747314,0.98170503098996,0.967442851686223,0.956382878580059,0.935753529493616,0.897192855583538,0.812894797504398,0.67390480762703,0.489084181897157,0.366500876228649,0.273312707191114,0.288317291674575
0.389480831163487,0.595840423000682,0.700309670750691,0.742759329771195,0.797151414036033,0.826026194891334,0.848254480836549,0.859715676143024,0.871934038728091,0.890273358630946,0.90032982200698,0.916582828035726,0.927115712849228,0.941176380757329,0.953449802654553,0.96287423318449,0.973076838993103,0.981079425369807,0.987581465639338,0.994232434747314,1,0.991078609120578,0.978158501949128,0.967401253133218,0.947968827597116,0.912809260464044,0.828346261126174,0.696100420507221,0.512775058401538,0.392406136644021,0.296052834030747,0.305091735900414
0.375005438093256,0.572878880888071,0.674498060001593,0.71597628088888,0.771178866360878,0.800495123197478,0.823699428186773,0.835243353569582,0.847867575138137,0.868782178704914,0.879759433857502,0.896171763960572,0.907295485286958,0.923172450910146,0.93663338775217,0.946684048728477,0.958244560358803,0.966470542094662,0.974373386384925,0.98170503098996,0.991078609120578,1,0.991511853334935,0.981049040452597,0.961585718127252,0.93130644346389,0.851455999060285,0.720016550304787,0.533848258328793,0.418150042814978,0.323826944054289,0.330570877641961
0.355289816456533,0.551610882572739,0.65208455194502,0.692235250638678,0.748051201261401,0.778931004699375,0.801661053874461,0.81416931314167,0.827680010945728,0.849890473621304,0.860677888498076,0.877331454484376,0.889067725092687,0.90531884218073,0.920271229473037,0.930058270860796,0.942767772245189,0.951257175382876,0.959565564638855,0.967442851686223,0.978158501949128,0.991511853334935,1,0.992106364237403,0.974026465970503,0.947209570128825,0.870763415771439,0.744312585118428,0.560127466957565,0.445710682695809,0.346524678996164,0.35341096401086
0.336880741369544,0.526432043347276,0.624938903013205,0.664510570720531,0.722704690352201,0.753827387882472,0.77848402608391,0.791564317952116,0.805955809563905,0.828632876308329,0.84025800526029,0.859402560953052,0.872387226654516,0.888991168128114,0.904711284175282,0.91496535284018,0.927786535049181,0.937408448314691,0.946751896935571,0.956382878580059,0.967401253133218,0.981049040452597,0.992106364237403,1,0.988749019765609,0.965186223307104,0.894946801574295,0.768125061374595,0.585709496248804,0.469384615686674,0.385655425797222,0.39082897075886
0.316830547014079,0.497587585727425,0.591092941843433,0.630208045954762,0.688771290892636,0.720775941335327,0.746976249172573,0.760803665724708,0.775156232196349,0.797300688280887,0.810164251863999,0.831025991032382,0.844258635670726,0.860968015150303,0.878665026387771,0.889535677567706,0.903449075574369,0.913950785908596,0.924201282050624,0.935753529493616,0.947968827597116,0.961585718127252,0.974026465970503,0.988749019765609,1,0.984004068383916,0.92797825895684,0.808286869501244,0.630409316756331,0.512249149314045,0.442561657669027,0.440840318544472
0.278916249890828,0.44512607029376,0.536751318618504,0.575092116374723,0.632953896561855,0.665794822014663,0.691234702664522,0.706202541053646,0.721158454940786,0.745710691028656,0.761396656693252,0.782817873825029,0.796547656533932,0.814513182973468,0.834308765941541,0.846537285393344,0.861483420349706,0.873579544711045,0.884916564400187,0.897192855583538,0.912809260464044,0.93130644346389,0.947209570128825,0.965186223307104,0.984004068383916,1,0.963389624090119,0.864858131641462,0.699814987711671,0.584780727112662,0.495913859355044,0.490144929679291
0.22718173885216,0.353934305260753,0.433876282199464,0.467427500248284,0.522874951758287,0.557045236280409,0.584073134490425,0.602814934950766,0.618945688433989,0.645540040635698,0.66464153877323,0.685974571731187,0.701098679826016,0.720591531302124,0.743328851648579,0.756224881342919,0.772940778268717,0.788970828659276,0.800612850031348,0.812894797504398,0.828346261126174,0.851455999060285,0.870763415771439,0.894946801574295,0.92797825895684,0.963389624090119,1,0.916052152438941,0.767114624015041,0.647979932543169,0.536227320172211,0.558036701702497
0.131225245005361,0.212869208559686,0.308774233100729,0.342666395390243,0.39620759581519,0.430554529166347,0.45350887792128,0.473773707997728,0.486451195330044,0.513736048788738,0.532060585531721,0.551350741959862,0.56441927504318,0.580270133308534,0.603531217514461,0.615321181654481,0.632234468941009,0.648874009334846,0.658906730603489,0.67390480762703,0.696100420507221,0.720016550304787,0.744312585118428,0.768125061374595,0.808286869501244,0.864858131641462,0.916052152438941,1,0.910006940307944,0.805782395524854,0.634297706711788,0.581492123970051
0.0287803607023061,0.0581467768962087,0.143329207903619,0.172694571973551,0.220395728843322,0.25256710771184,0.275473351676449,0.293414467484885,0.306147631602079,0.332698145074093,0.347974238079534,0.366228097700874,0.380080612032906,0.392429327201179,0.413822731549297,0.423821106025073,0.44194915479415,0.460443067082727,0.473619201920978,0.489084181897157,0.512775058401538,0.533848258328793,0.560127466957565,0.585709496248804,0.630409316756331,0.699814987711671,0.767114624015041,0.910006940307944,1,0.938472992459721,0.721839078531174,0.612559906702828
-0.0372440617996368,-0.0548381567460189,0.0220740876782254,0.0493469395313627,0.101494468751437,0.134747146822034,0.157763642886517,0.17469526388856,0.18743932741404,0.217337174020152,0.231509498635377,0.248639867209053,0.2618731163378,0.273124933657349,0.293190759300751,0.304079821881928,0.320521500537754,0.335286234885797,0.348018434993584,0.366500876228649,0.392406136644021,0.418150042814978,0.445710682695809,0.469384615686674,0.512249149314045,0.584780727112662,0.647979932543169,0.805782395524854,0.938472992459721,1,0.772702499228095,0.636459708751267
-0.0340807940632331,-0.0743713610442024,-0.0346470554077117,-0.00557535669321483,0.0406300849636025,0.0663056510837566,0.0902051621875994,0.100235032104559,0.110367453620975,0.129094024006039,0.140839037047565,0.157069439983639,0.168140100419373,0.182807165015895,0.199484640137065,0.211541131129581,0.224436417260913,0.240673690630395,0.253193826544224,0.273312707191114,0.296052834030747,0.323826944054289,0.346524678996164,0.385655425797222,0.442561657669027,0.495913859355044,0.536227320172211,0.634297706711788,0.721839078531174,0.772702499228095,1,0.686178360057974
-0.002794822370582,-0.0768477270557777,-0.0547730621028261,-0.0372268821856726,0.00365067348179797,0.0326407652506631,0.0641801156006423,0.0803110428404046,0.0951448355702186,0.125069071369941,0.137893000186942,0.162398825147175,0.174321847623898,0.184448450480581,0.202581465304468,0.215403678459789,0.229452177601669,0.24887719759752,0.266093076812997,0.288317291674575,0.305091735900414,0.330570877641961,0.35341096401086,0.39082897075886,0.440840318544472,0.490144929679291,0.558036701702497,0.581492123970051,0.612559906702828,0.636459708751267,0.686178360057974,1
