1,0.789019158911371,0.689655409101741,0.649984819288439,0.610253300768668,0.587378772348326,0.572435686307274,0.557468926376744,0.535162071923777,0.521592331236705,0.501034416010827,0.478178018706083,0.460576505475074,0.441371737759533,0.420744250983703,0.396258495625516,0.379506777714082,0.351642899027833,0.333083468952927,0.307618245273433,0.272733890259251,0.244726099733564,0.198146886965214,0.121471730673754,0.0639380435779695,0.00342424728897514,-0.0154470947259932,-0.0373079630798232,-0.0818852925265833,-0.0784300951717748,-0.0586290710112434,-0.0296402444477793
0.789019158911371,1,0.945825548730708,0.898117246616388,0.854801105452484,0.831870520388715,0.81750330651184,0.800568762256744,0.778202737759478,0.76094890758643,0.742568566270724,0.719881922108543,0.700852988621783,0.668058870516679,0.634864091464272,0.605817458985572,0.575839105649537,0.539048199458465,0.510356007549251,0.471968875977237,0.42578664562505,0.37795443455704,0.303850925581583,0.190208714129407,0.11451826172214,0.037768642561255,0.0120545496534416,-0.0132850872363232,-0.0619107147250474,-0.0810993771830034,-0.0543301438088983,-0.0442047038920828
0.689655409101741,0.945825548730708,1,0.959808737604772,0.915089115658595,0.893460165467422,0.878489309658286,0.861233003086153,0.836896749774311,0.821702827029377,0.805783983164074,0.785264877879748,0.768552646584891,0.736026511090631,0.70140522424265,0.670883317095249,0.638532824724553,0.598112230802969,0.564599922708204,0.519697475093319,0.470095081693095,0.415877219047665,0.333473885651328,0.215656528145042,0.142687749790475,0.0659865078208839,0.0369797731193401,0.0119829384031121,-0.0388301908631747,-0.0552727065233057,-0.0327811477282345,-0.0227181263702557
0.649984819288439,0.898117246616388,0.959808737604772,1,0.974670768305176,0.95244483906954,0.938263833624199,0.919748576418379,0.896146172704354,0.883731536205315,0.871067196361981,0.852248641250124,0.836323489459406,0.805100716099941,0.771479079253619,0.74207548381018,0.710960398896073,0.673144477517107,0.641105239510759,0.596621981321256,0.54605576190358,0.487598032156736,0.405128529904838,0.292021967688588,0.215007543878563,0.118612575360949,0.0828593458625936,0.0544971694413692,0.0103647760341913,-0.00288083331392844,0.0142779672328842,0.0278137379930159
0.610253300768668,0.854801105452484,0.915089115658595,0.974670768305176,1,0.985573975787969,0.972442639570281,0.95463443300296,0.933018934948289,0.919647922281342,0.907456479963044,0.891009633032685,0.877074732679536,0.846183385456872,0.812261410759403,0.784424270499629,0.75398849205293,0.718430876808487,0.688209938987454,0.644593114097242,0.595314191996021,0.534663341515755,0.452193564406023,0.338922059313984,0.261282980983394,0.162176705348325,0.125297499251308,0.0928521459031293,0.045114881455602,0.0296629730143325,0.0437433454864917,0.0587461702868222
0.587378772348326,0.831870520388715,0.893460165467422,0.95244483906954,0.985573975787969,1,0.987238876768263,0.970913684697236,0.950750327573115,0.936723310493227,0.924521582241331,0.909922075740737,0.895387702569009,0.86530867688913,0.832445197372003,0.803478697237879,0.773841277728386,0.738135517250202,0.707455518071644,0.664073156895884,0.614405852188434,0.5561540576048,0.474962334081845,0.359869006271615,0.280789942176908,0.179016379071895,0.142762879742293,0.111264766406556,0.0658370182867939,0.0511531470706542,0.062242010228163,0.0761275861589274
0.572435686307274,0.81750330651184,0.878489309658286,0.938263833624199,0.972442639570281,0.987238876768263,1,0.989701953040418,0.970340712395342,0.95684680846195,0.945524611945376,0.932164958931055,0.918008918503647,0.888215005282902,0.85657244779589,0.829232513498046,0.799670813219603,0.765650134853471,0.733920602296673,0.691416582480018,0.644752278295268,0.586270990350999,0.503234029368339,0.388208811039159,0.308626599475154,0.203599373164263,0.163385017127143,0.130392429330129,0.0896913829538244,0.068911337250492,0.0881048600604202,0.101633041342422
0.557468926376744,0.800568762256744,0.861233003086153,0.919748576418379,0.95463443300296,0.970913684697236,0.989701953040418,1,0.986670353770288,0.975143679653631,0.963328145495518,0.949035397961333,0.934869340602448,0.906562787925515,0.876677450460053,0.850326973066448,0.821627821363171,0.788496884547855,0.757619745809749,0.714317878172508,0.666962476729297,0.608268779090584,0.52298491806366,0.405433132979551,0.326186800180162,0.231712143699094,0.192897239263101,0.157393926083442,0.113635006728885,0.0868550688945898,0.106377578341903,0.117642198613795
0.535162071923777,0.778202737759478,0.836896749774311,0.896146172704354,0.933018934948289,0.950750327573115,0.970340712395342,0.986670353770288,1,0.99059180061018,0.97917681374808,0.964671694787251,0.952256694232644,0.926258057659432,0.898394839139303,0.876987786037308,0.848834726956889,0.817604178336782,0.788294918639026,0.746072532033665,0.700470917647945,0.643310944047051,0.560182684874405,0.442020988588699,0.364533872282826,0.269396195214765,0.226890112743888,0.193553249656852,0.157016721952383,0.128223184884641,0.153411182018231,0.160385181672477
0.521592331236705,0.76094890758643,0.821702827029377,0.883731536205315,0.919647922281342,0.936723310493227,0.95684680846195,0.975143679653631,0.99059180061018,1,0.99308442505388,0.978671895541331,0.967363160357763,0.94476683779434,0.918566558770458,0.897090257162253,0.86831295557724,0.836858847894382,0.807499054898717,0.766258558109588,0.72104298585648,0.663604473797805,0.579158699503066,0.459965628750376,0.381958617716793,0.285142342836707,0.24200206201025,0.208166803768138,0.170995549460912,0.138078208766607,0.16365549059046,0.169693166625858
0.501034416010827,0.742568566270724,0.805783983164074,0.871067196361981,0.907456479963044,0.924521582241331,0.945524611945376,0.963328145495518,0.97917681374808,0.99308442505388,1,0.990260692236513,0.978822976321896,0.956988282353634,0.930685186942035,0.908518896258403,0.880002951829027,0.848689774209472,0.820493441455476,0.779213575996959,0.73435716136426,0.676444628706782,0.590983978074389,0.474202049211697,0.396526104268367,0.296101901185192,0.251478099244223,0.215254199400725,0.179854715919445,0.145225034050228,0.170260070544036,0.175592753281514
0.478178018706083,0.719881922108543,0.785264877879748,0.852248641250124,0.891009633032685,0.909922075740737,0.932164958931055,0.949035397961333,0.964671694787251,0.978671895541331,0.990260692236513,1,0.990213626816507,0.969680439838376,0.944458281296781,0.922097302433511,0.894474908990048,0.86401347129672,0.836980456140097,0.796727854984012,0.754602328796718,0.696386675752331,0.610840957354963,0.493648645120509,0.414740834525239,0.310890653239836,0.266027643660128,0.229078239094479,0.193500524003411,0.155000903842465,0.179269948054077,0.183342287123929
0.460576505475074,0.700852988621783,0.768552646584891,0.836323489459406,0.877074732679536,0.895387702569009,0.918008918503647,0.934869340602448,0.952256694232644,0.967363160357763,0.978822976321896,0.990213626816507,1,0.986426705727645,0.96340579742284,0.943832478650503,0.917808688508435,0.888366502415276,0.861874718341883,0.821663821055168,0.779935793025282,0.723242181635392,0.637977001836703,0.521980236816736,0.440769381452966,0.332431176161001,0.287028225247315,0.253458510244386,0.219313413004127,0.180544918165078,0.206522246516842,0.207856003543993
0.441371737759533,0.668058870516679,0.736026511090631,0.805100716099941,0.846183385456872,0.86530867688913,0.888215005282902,0.906562787925515,0.926258057659432,0.94476683779434,0.956988282353634,0.969680439838376,0.986426705727645,1,0.987558104202352,0.973122737686694,0.952293194892047,0.927330870436987,0.901989941598973,0.863267193423234,0.820513346243559,0.763296233114463,0.678458035416064,0.568238657452743,0.484483668100753,0.371043235337392,0.321871432252536,0.288859719044506,0.25578245728604,0.211251943334165,0.242624187108095,0.238648753259923
0.420744250983703,0.634864091464272,0.70140522424265,0.771479079253619,0.812261410759403,0.832445197372003,0.85657244779589,0.876677450460053,0.898394839139303,0.918566558770458,0.930685186942035,0.944458281296781,0.96340579742284,0.987558104202352,1,0.987724617732346,0.97029788018653,0.947823071490142,0.925963896988532,0.889951599151769,0.849265751718892,0.79705598935937,0.713887427599553,0.601909145671382,0.516542891176089,0.395861215876344,0.34466920948308,0.314212441525472,0.283813569607891,0.237448618267041,0.271887059001541,0.266916181912715
0.396258495625516,0.605817458985572,0.670883317095249,0.74207548381018,0.784424270499629,0.803478697237879,0.829232513498046,0.850326973066448,0.876987786037308,0.897090257162253,0.908518896258403,0.922097302433511,0.943832478650503,0.973122737686694,0.987724617732346,1,0.991017496925748,0.973719335025661,0.953766674290321,0.92208406142499,0.886458106478064,0.839941800553594,0.760427338809735,0.656304753898989,0.571775130175903,0.447939649824136,0.392925446123952,0.363501089309803,0.34313821309499,0.289556862824957,0.330338828571049,0.315298462358945
0.379506777714082,0.575839105649537,0.638532824724553,0.710960398896073,0.75398849205293,0.773841277728386,0.799670813219603,0.821627821363171,0.848834726956889,0.86831295557724,0.880002951829027,0.894474908990048,0.917808688508435,0.952293194892047,0.97029788018653,0.991017496925748,1,0.989249866521968,0.972659805156359,0.946315347796606,0.914888394857421,0.87426382496512,0.799746158278349,0.701834097550521,0.615969388369073,0.486182908513213,0.431650513849343,0.402458522965833,0.387522255459861,0.330356738271415,0.368323345519166,0.348398230720815
0.351642899027833,0.539048199458465,0.598112230802969,0.673144477517107,0.718430876808487,0.738135517250202,0.765650134853471,0.788496884547855,0.817604178336782,0.836858847894382,0.848689774209472,0.86401347129672,0.888366502415276,0.927330870436987,0.947823071490142,0.973719335025661,0.989249866521968,1,0.986559073108266,0.964083584970107,0.9365842351104,0.898762815812,0.827469692167196,0.734447006140545,0.652556903474877,0.521265186131564,0.466856123845173,0.439617163509506,0.426168082046758,0.361099539780081,0.402530124863031,0.377101425251024
0.333083468952927,0.510356007549251,0.564599922708204,0.641105239510759,0.688209938987454,0.707455518071644,0.733920602296673,0.757619745809749,0.788294918639026,0.807499054898717,0.820493441455476,0.836980456140097,0.861874718341883,0.901989941598973,0.925963896988532,0.953766674290321,0.972659805156359,0.986559073108266,1,0.987858542170853,0.962461147743048,0.929712816086403,0.86815945744436,0.78182866343171,0.70569013352929,0.566657086221028,0.51431683170057,0.483264261228583,0.471097898320002,0.399624073203178,0.438192549456992,0.41165755311776
0.307618245273433,0.471968875977237,0.519697475093319,0.596621981321256,0.644593114097242,0.664073156895884,0.691416582480018,0.714317878172508,0.746072532033665,0.766258558109588,0.779213575996959,0.796727854984012,0.821663821055168,0.863267193423234,0.889951599151769,0.92208406142499,0.946315347796606,0.964083584970107,0.987858542170853,1,0.986460759301727,0.96048882218927,0.907076406234395,0.830669583871377,0.755842098732246,0.605555736456298,0.552177922205801,0.524265483622189,0.51214821720444,0.437709684782606,0.475932199664214,0.450793003000845
0.272733890259251,0.42578664562505,0.470095081693095,0.54605576190358,0.595314191996021,0.614405852188434,0.644752278295268,0.666962476729297,0.700470917647945,0.72104298585648,0.73435716136426,0.754602328796718,0.779935793025282,0.820513346243559,0.849265751718892,0.886458106478064,0.914888394857421,0.9365842351104,0.962461147743048,0.986460759301727,1,0.981609118971444,0.935678422675771,0.865812246048614,0.79415158621217,0.642405719013697,0.588313344196727,0.555986118871947,0.547998912975357,0.475845637515139,0.513258904375271,0.487023023879796
0.244726099733564,0.37795443455704,0.415877219047665,0.487598032156736,0.534663341515755,0.5561540576048,0.586270990350999,0.608268779090584,0.643310944047051,0.663604473797805,0.676444628706782,0.696386675752331,0.723242181635392,0.763296233114463,0.79705598935937,0.839941800553594,0.87426382496512,0.898762815812,0.929712816086403,0.96048882218927,0.981609118971444,1,0.968890289533715,0.908952399993302,0.832385367385378,0.677742071047532,0.626331551367274,0.603594516767902,0.588896022157766,0.510253130168141,0.536973473426576,0.504908488038619
0.198146886965214,0.303850925581583,0.333473885651328,0.405128529904838,0.452193564406023,0.474962334081845,0.503234029368339,0.52298491806366,0.560182684874405,0.579158699503066,0.590983978074389,0.610840957354963,0.637977001836703,0.678458035416064,0.713887427599553,0.760427338809735,0.799746158278349,0.827469692167196,0.86815945744436,0.907076406234395,0.935678422675771,0.968890289533715,1,0.95576675351029,0.887221121055564,0.729673009487858,0.692341481504279,0.665471189440228,0.650789790639973,0.579675608270977,0.595432463119929,0.575307860219835
0.121471730673754,0.190208714129407,0.215656528145042,0.292021967688588,0.338922059313984,0.359869006271615,0.388208811039159,0.405433132979551,0.442020988588699,0.459965628750376,0.474202049211697,0.493648645120509,0.521980236816736,0.568238657452743,0.601909145671382,0.656304753898989,0.701834097550521,0.734447006140545,0.78182866343171,0.830669583871377,0.865812246048614,0.908952399993302,0.95576675351029,1,0.960596518667318,0.800068559497454,0.758849306936508,0.726856044866349,0.710007374399585,0.650186878762157,0.642701807777379,0.617410729177912
0.0639380435779695,0.11451826172214,0.142687749790475,0.215007543878563,0.261282980983394,0.280789942176908,0.308626599475154,0.326186800180162,0.364533872282826,0.381958617716793,0.396526104268367,0.414740834525239,0.440769381452966,0.484483668100753,0.516542891176089,0.571775130175903,0.615969388369073,0.652556903474877,0.70569013352929,0.755842098732246,0.79415158621217,0.832385367385378,0.887221121055564,0.960596518667318,1,0.902175897117848,0.858907744660261,0.80776320586461,0.776829824443392,0.714198854682389,0.691763869238753,0.663994363319721
0.00342424728897514,0.037768642561255,0.0659865078208839,0.118612575360949,0.162176705348325,0.179016379071895,0.203599373164263,0.231712143699094,0.269396195214765,0.285142342836707,0.296101901185192,0.310890653239836,0.332431176161001,0.371043235337392,0.395861215876344,0.447939649824136,0.486182908513213,0.521265186131564,0.566657086221028,0.605555736456298,0.642405719013697,0.677742071047532,0.729673009487858,0.800068559497454,0.902175897117848,1,0.975002891885727,0.899770539168844,0.823542882987901,0.725667680353082,0.678594809017554,0.622700392413654
-0.0154470947259932,0.0120545496534416,0.0369797731193401,0.0828593458625936,0.125297499251308,0.142762879742293,0.163385017127143,0.192897239263101,0.226890112743888,0.24200206201025,0.251478099244223,0.266027643660128,0.287028225247315,0.321871432252536,0.34466920948308,0.392925446123952,0.431650513849343,0.466856123845173,0.51431683170057,0.552177922205801,0.588313344196727,0.626331551367274,0.692341481504279,0.758849306936508,0.858907744660261,0.975002891885727,1,0.930116842427983,0.850829330941175,0.738645610874208,0.684552809791979,0.629456822894506
-0.0373079630798232,-0.0132850872363232,0.0119829384031121,0.0544971694413692,0.0928521459031293,0.111264766406556,0.130392429330129,0.157393926083442,0.193553249656852,0.208166803768138,0.215254199400725,0.229078239094479,0.253458510244386,0.288859719044506,0.314212441525472,0.363501089309803,0.402458522965833,0.439617163509506,0.483264261228583,0.524265483622189,0.555986118871947,0.603594516767902,0.665471189440228,0.726856044866349,0.80776320586461,0.899770539168844,0.930116842427983,1,0.926520894091737,0.793130526105166,0.752476326502125,0.681264613786915
-0.0818852925265833,-0.0619107147250474,-0.0388301908631747,0.0103647760341913,0.045114881455602,0.0658370182867939,0.0896913829538244,0.113635006728885,0.157016721952383,0.170995549460912,0.179854715919445,0.193500524003411,0.219313413004127,0.25578245728604,0.283813569607891,0.34313821309499,0.387522255459861,0.426168082046758,0.471097898320002,0.51214821720444,0.547998912975357,0.588896022157766,0.650789790639973,0.710007374399585,0.776829824443392,0.823542882987901,0.850829330941175,0.926520894091737,1,0.904431011976792,0.888773520154255,0.799998349282264
-0.0784300951717748,-0.0810993771830034,-0.0552727065233057,-0.00288083331392844,0.0296629730143325,0.0511531470706542,0.068911337250492,0.0868550688945898,0.128223184884641,0.138078208766607,0.145225034050228,0.155000903842465,0.180544918165078,0.211251943334165,0.237448618267041,0.289556862824957,0.330356738271415,0.361099539780081,0.399624073203178,0.437709684782606,0.475845637515139,0.510253130168141,0.579675608270977,0.650186878762157,0.714198854682389,0.725667680353082,0.738645610874208,0.793130526105166,0.904431011976792,1,0.937017103461994,0.864205811450826
-0.0586290710112434,-0.0543301438088983,-0.0327811477282345,0.0142779672328842,0.0437433454864917,0.062242010228163,0.0881048600604202,0.106377578341903,0.153411182018231,0.16365549059046,0.170260070544036,0.179269948054077,0.206522246516842,0.242624187108095,0.271887059001541,0.330338828571049,0.368323345519166,0.402530124863031,0.438192549456992,0.475932199664214,0.513258904375271,0.536973473426576,0.595432463119929,0.642701807777379,0.691763869238753,0.678594809017554,0.684552809791979,0.752476326502125,0.888773520154255,0.937017103461994,1,0.946848922630114
-0.0296402444477793,-0.0442047038920828,-0.0227181263702557,0.0278137379930159,0.0587461702868222,0.0761275861589274,0.101633041342422,0.117642198613795,0.160385181672477,0.169693166625858,0.175592753281514,0.183342287123929,0.207856003543993,0.238648753259923,0.266916181912715,0.315298462358945,0.348398230720815,0.377101425251024,0.41165755311776,0.450793003000845,0.487023023879796,0.504908488038619,0.575307860219835,0.617410729177912,0.663994363319721,0.622700392413654,0.629456822894506,0.681264613786915,0.799998349282264,0.864205811450826,0.946848922630114,1
