1,0.666415381886453,0.603770126775333,0.558929812870139,0.534611838020635,0.517298931528719,0.493422362184092,0.483138391624062,0.471573714347359,0.463016108607481,0.454812782018432,0.446827986249313,0.445015287211999,0.441376227751297,0.427291666725477,0.414459292321657,0.404995141986261,0.40301713249654,0.398887640164112,0.389662935009548,0.38021507424754,0.373346904941636,0.362845277427425,0.354081912302257,0.344029192354053,0.333128463678762,0.328598197596843,0.31173281219614,0.289251760903958,0.212490284226666,0.0947183277479781,0.0414875833998972
0.666415381886453,1,0.933524080586605,0.90143203279255,0.882787863054138,0.866755462570525,0.852799303590288,0.840816541404849,0.82959819101469,0.818540833049933,0.809692949337741,0.803385149701983,0.794974251756295,0.789316454254851,0.778206882358692,0.766283774289853,0.755936738766665,0.749349401968989,0.737983477373256,0.731481550266706,0.721575266345708,0.712603935331767,0.696049059057793,0.678646315864375,0.666818693441005,0.653140992602557,0.63833119124865,0.612551578782135,0.569299768010944,0.428321111910681,0.203777107814828,0.095436665798181
0.603770126775333,0.933524080586605,1,0.971020467423987,0.952666803271701,0.936255996983088,0.92109431061646,0.909114071520765,0.896657824209709,0.888604288584512,0.879090055326888,0.872737483085745,0.864091628367955,0.858593574023454,0.849282223187183,0.838593005591539,0.829488017555559,0.82075164414861,0.81066030447365,0.803326122661631,0.792960570309708,0.786567137117505,0.769547125624028,0.753188543398851,0.743090922356014,0.728837591050953,0.711425071079106,0.687311548255372,0.642966588378161,0.493277932079702,0.252597869026562,0.127728277435728
0.558929812870139,0.90143203279255,0.971020467423987,1,0.981849104475831,0.965161956284645,0.94949318152052,0.938619923326462,0.928714939152809,0.92084766911306,0.911517499676206,0.905056738924472,0.89704926299525,0.891917299301451,0.884253584216397,0.875170336298721,0.864570712950634,0.85398643573103,0.842419134259081,0.836352989544752,0.827611619475923,0.821359683568556,0.805518336992081,0.788095278798222,0.778140232098545,0.764351616317633,0.7457385031216,0.720906066028332,0.675948881868295,0.520007614207151,0.270173917322836,0.1465395328313
0.534611838020635,0.882787863054138,0.952666803271701,0.981849104475831,1,0.986902292918525,0.972367376957534,0.962929146269354,0.954185689067482,0.945549994955029,0.935543227053455,0.928156398863219,0.919793841295207,0.913639480644307,0.906747431417594,0.898322920185399,0.889677939805545,0.878467339006548,0.866797465549325,0.859778433983676,0.851302625304504,0.845648712381203,0.829946306799208,0.812099049377554,0.800977916789111,0.786807975428057,0.768078583503797,0.742033918679261,0.696905951099244,0.537881229248621,0.285358882940235,0.139368313894464
0.517298931528719,0.866755462570525,0.936255996983088,0.965161956284645,0.986902292918525,1,0.987506267380863,0.979140546350473,0.971126281368306,0.96233354545291,0.95269508283004,0.944850378973195,0.93751572191518,0.929998541297721,0.922950482873411,0.91492982580257,0.906026635783835,0.895254896861747,0.885170635366416,0.878928339363756,0.870324131901303,0.865016067732495,0.849392621562829,0.830988230242287,0.820552501670493,0.805348321007932,0.785425788839485,0.758617639204389,0.71420033553134,0.553871450480546,0.299954227693322,0.150525206969305
0.493422362184092,0.852799303590288,0.92109431061646,0.94949318152052,0.972367376957534,0.987506267380863,1,0.991677369740091,0.983304823495698,0.974261803249459,0.966145050671839,0.959042379525062,0.951331033918434,0.944143648556999,0.936886964144998,0.929067448895151,0.920602228075285,0.909704356735449,0.900183073951494,0.893519322692264,0.884413769968645,0.878237857584453,0.863449387345954,0.847317686385603,0.837083885037819,0.822958467997711,0.805001624644031,0.778833556089213,0.734878502111317,0.570015636422287,0.314973335115761,0.158393300844768
0.483138391624062,0.840816541404849,0.909114071520765,0.938619923326462,0.962929146269354,0.979140546350473,0.991677369740091,1,0.992665413718452,0.984019255340956,0.976539604418388,0.969055257299013,0.961371985616953,0.95410290625164,0.946327835567316,0.93921993942006,0.930448780464412,0.91954003590126,0.91140902784665,0.90468842449799,0.895706001156236,0.890387221542296,0.877319956824569,0.860969707511869,0.851467249616306,0.836453557348983,0.818765552371921,0.794177006310361,0.749204536911984,0.586867468113212,0.333719735895321,0.169380584071232
0.471573714347359,0.82959819101469,0.896657824209709,0.928714939152809,0.954185689067482,0.971126281368306,0.983304823495698,0.992665413718452,1,0.99292073999104,0.985643577176645,0.978371908428916,0.969683803161263,0.961712656220405,0.953545207813026,0.946232424263985,0.937081989102216,0.926472306304168,0.918524475502587,0.912223793090568,0.903574796402084,0.899237366327226,0.886666960462453,0.870955064112763,0.861652654903867,0.849414881008279,0.830605102762488,0.806250874307542,0.761324979575055,0.597979437289276,0.340533412144287,0.178177256244285
0.463016108607481,0.818540833049933,0.888604288584512,0.92084766911306,0.945549994955029,0.96233354545291,0.974261803249459,0.984019255340956,0.99292073999104,1,0.993844219208238,0.986322343388523,0.977302062805629,0.969127634169877,0.960121972076392,0.951932297721167,0.94276038621519,0.932647727295275,0.924600356690296,0.918884010672002,0.909992723126784,0.906636175660478,0.895204449656164,0.880456489213739,0.871513799933703,0.860123717865028,0.842221225493764,0.820336389747416,0.776040569143873,0.612018424613592,0.349264561805945,0.188481631306632
0.454812782018432,0.809692949337741,0.879090055326888,0.911517499676206,0.935543227053455,0.95269508283004,0.966145050671839,0.976539604418388,0.985643577176645,0.993844219208238,1,0.993121328581454,0.984349531522798,0.975975742764643,0.966074344510249,0.957835866772389,0.948763304990963,0.938786987670331,0.930590945937058,0.92503466572464,0.916688320711746,0.913896452887747,0.903698294858531,0.890250273414461,0.882362888598317,0.870842016757933,0.853679159380955,0.833520688587327,0.791094800534379,0.632127946926773,0.367139428804386,0.202083791301996
0.446827986249313,0.803385149701983,0.872737483085745,0.905056738924472,0.928156398863219,0.944850378973195,0.959042379525062,0.969055257299013,0.978371908428916,0.986322343388523,0.993121328581454,1,0.993474003698605,0.985143563312369,0.975975177283734,0.968469309364381,0.959457173361744,0.948979120303605,0.939771960083222,0.933520010919841,0.925877997522765,0.922921950965228,0.914004334949249,0.901895026154661,0.893120628089647,0.881982313463048,0.866054612719333,0.847425451415655,0.80642422584524,0.651225076009708,0.384695909703531,0.212572257883547
0.445015287211999,0.794974251756295,0.864091628367955,0.89704926299525,0.919793841295207,0.93751572191518,0.951331033918434,0.961371985616953,0.969683803161263,0.977302062805629,0.984349531522798,0.993474003698605,1,0.993943281602912,0.985217647854153,0.977639372190058,0.96825228561417,0.957192632724826,0.947549288312157,0.940037509312782,0.932403262464106,0.928843130324374,0.921000765079079,0.909670989332325,0.900863880109482,0.889909799900582,0.875062010820385,0.85780331279467,0.819253378322097,0.667525849580691,0.400396991502401,0.228360428486133
0.441376227751297,0.789316454254851,0.858593574023454,0.891917299301451,0.913639480644307,0.929998541297721,0.944143648556999,0.95410290625164,0.961712656220405,0.969127634169877,0.975975742764643,0.985143563312369,0.993943281602912,1,0.99370994392674,0.98606158309141,0.976719059253996,0.965696745180059,0.956311003381154,0.948632811952876,0.940572119699798,0.935678919365761,0.927985907137622,0.917192735819845,0.908268225218531,0.897152892007712,0.883398400580534,0.865954700332656,0.8292312015487,0.679796904233683,0.411196190295268,0.244555114007788
0.427291666725477,0.778206882358692,0.849282223187183,0.884253584216397,0.906747431417594,0.922950482873411,0.936886964144998,0.946327835567316,0.953545207813026,0.960121972076392,0.966074344510249,0.975975177283734,0.985217647854153,0.99370994392674,1,0.993713731664457,0.985550800588452,0.975533717170134,0.9656628327461,0.958102772609116,0.950172397504076,0.944562911803378,0.937164619979717,0.927503696013444,0.918129501354535,0.907061685345778,0.894625737019043,0.876331286606116,0.839900756360267,0.694655940639215,0.422655347357251,0.255622769417135
0.414459292321657,0.766283774289853,0.838593005591539,0.875170336298721,0.898322920185399,0.91492982580257,0.929067448895151,0.93921993942006,0.946232424263985,0.951932297721167,0.957835866772389,0.968469309364381,0.977639372190058,0.98606158309141,0.993713731664457,1,0.993430194361887,0.984339018780616,0.973922807414555,0.965829190677212,0.957849143818568,0.95200687059816,0.944522603444551,0.935831876266716,0.926417666112448,0.916128154360093,0.904301768135459,0.886884995230301,0.851769641703895,0.708742473720524,0.4369644815177,0.270050656369625
0.404995141986261,0.755936738766665,0.829488017555559,0.864570712950634,0.889677939805545,0.906026635783835,0.920602228075285,0.930448780464412,0.937081989102216,0.94276038621519,0.948763304990963,0.959457173361744,0.96825228561417,0.976719059253996,0.985550800588452,0.993430194361887,1,0.99344662616946,0.984300293724054,0.975381666327865,0.966992614648627,0.960790163970971,0.953030142534366,0.945201441381012,0.936070579412982,0.926100539377118,0.914974823341612,0.897393011212339,0.863535162553887,0.723450564428019,0.448857063030222,0.285799236642353
0.40301713249654,0.749349401968989,0.82075164414861,0.85398643573103,0.878467339006548,0.895254896861747,0.909704356735449,0.91954003590126,0.926472306304168,0.932647727295275,0.938786987670331,0.948979120303605,0.957192632724826,0.965696745180059,0.975533717170134,0.984339018780616,0.99344662616946,1,0.993494146436393,0.985087278097381,0.976816510613239,0.970478392517785,0.961392368931501,0.953856529545673,0.94527387981075,0.936008651052457,0.925588532277614,0.908305123723003,0.876588872271794,0.739332730790821,0.463882167158597,0.296030387196844
0.398887640164112,0.737983477373256,0.81066030447365,0.842419134259081,0.866797465549325,0.885170635366416,0.900183073951494,0.91140902784665,0.918524475502587,0.924600356690296,0.930590945937058,0.939771960083222,0.947549288312157,0.956311003381154,0.9656628327461,0.973922807414555,0.984300293724054,0.993494146436393,1,0.993605173136845,0.985632204611577,0.978752095917929,0.970291152016451,0.96359583054552,0.955906061516165,0.946890314281532,0.936345253513284,0.919691361923914,0.889704000841851,0.755529433601037,0.476605524877308,0.313495714328043
0.389662935009548,0.731481550266706,0.803326122661631,0.836352989544752,0.859778433983676,0.878928339363756,0.893519322692264,0.90468842449799,0.912223793090568,0.918884010672002,0.92503466572464,0.933520010919841,0.940037509312782,0.948632811952876,0.958102772609116,0.965829190677212,0.975381666327865,0.985087278097381,0.993605173136845,1,0.994148809455914,0.98690283018062,0.978934536646738,0.971934300172293,0.96444842761637,0.955467802041304,0.94454875043009,0.927486156463611,0.898188011213168,0.763786050394996,0.481901187420598,0.320529951727374
0.38021507424754,0.721575266345708,0.792960570309708,0.827611619475923,0.851302625304504,0.870324131901303,0.884413769968645,0.895706001156236,0.903574796402084,0.909992723126784,0.916688320711746,0.925877997522765,0.932403262464106,0.940572119699798,0.950172397504076,0.957849143818568,0.966992614648627,0.976816510613239,0.985632204611577,0.994148809455914,1,0.993963582515384,0.986360763922346,0.979018945809693,0.971924175790117,0.963370157621814,0.95295235511065,0.936533564319256,0.908087954994128,0.774244738361465,0.49173671483563,0.324728815799657
0.373346904941636,0.712603935331767,0.786567137117505,0.821359683568556,0.845648712381203,0.865016067732495,0.878237857584453,0.890387221542296,0.899237366327226,0.906636175660478,0.913896452887747,0.922921950965228,0.928843130324374,0.935678919365761,0.944562911803378,0.95200687059816,0.960790163970971,0.970478392517785,0.978752095917929,0.98690283018062,0.993963582515384,1,0.993526486896903,0.985179147007573,0.977904573101701,0.969896138298196,0.95840259753294,0.942494059942929,0.914345405296121,0.776725371023561,0.48986706687358,0.326347252660868
0.362845277427425,0.696049059057793,0.769547125624028,0.805518336992081,0.829946306799208,0.849392621562829,0.863449387345954,0.877319956824569,0.886666960462453,0.895204449656164,0.903698294858531,0.914004334949249,0.921000765079079,0.927985907137622,0.937164619979717,0.944522603444551,0.953030142534366,0.961392368931501,0.970291152016451,0.978934536646738,0.986360763922346,0.993526486896903,1,0.993656022134658,0.985801247860209,0.977448447656167,0.966354215836677,0.952088062721357,0.925664411498266,0.792316586321884,0.50676476739206,0.332482041618942
0.354081912302257,0.678646315864375,0.753188543398851,0.788095278798222,0.812099049377554,0.830988230242287,0.847317686385603,0.860969707511869,0.870955064112763,0.880456489213739,0.890250273414461,0.901895026154661,0.909670989332325,0.917192735819845,0.927503696013444,0.935831876266716,0.945201441381012,0.953856529545673,0.96359583054552,0.971934300172293,0.979018945809693,0.985179147007573,0.993656022134658,1,0.993569443681063,0.986107213789426,0.976463512033238,0.963109973694426,0.939440686170199,0.817536764711794,0.531213178710365,0.35328487166383
0.344029192354053,0.666818693441005,0.743090922356014,0.778140232098545,0.800977916789111,0.820552501670493,0.837083885037819,0.851467249616306,0.861652654903867,0.871513799933703,0.882362888598317,0.893120628089647,0.900863880109482,0.908268225218531,0.918129501354535,0.926417666112448,0.936070579412982,0.94527387981075,0.955906061516165,0.96444842761637,0.971924175790117,0.977904573101701,0.985801247860209,0.993569443681063,1,0.993260831067375,0.983402958814668,0.969141693670724,0.945976391247365,0.82353556551425,0.537796573893312,0.361133740481781
0.333128463678762,0.653140992602557,0.728837591050953,0.764351616317633,0.786807975428057,0.805348321007932,0.822958467997711,0.836453557348983,0.849414881008279,0.860123717865028,0.870842016757933,0.881982313463048,0.889909799900582,0.897152892007712,0.907061685345778,0.916128154360093,0.926100539377118,0.936008651052457,0.946890314281532,0.955467802041304,0.963370157621814,0.969896138298196,0.977448447656167,0.986107213789426,0.993260831067375,1,0.99115510722324,0.977674057778484,0.956559985541412,0.838663244193784,0.547255528846457,0.367568965816368
0.328598197596843,0.63833119124865,0.711425071079106,0.7457385031216,0.768078583503797,0.785425788839485,0.805001624644031,0.818765552371921,0.830605102762488,0.842221225493764,0.853679159380955,0.866054612719333,0.875062010820385,0.883398400580534,0.894625737019043,0.904301768135459,0.914974823341612,0.925588532277614,0.936345253513284,0.94454875043009,0.95295235511065,0.95840259753294,0.966354215836677,0.976463512033238,0.983402958814668,0.99115510722324,1,0.989182012038441,0.970473757547739,0.857972528352888,0.570201828288385,0.386121931119058
0.31173281219614,0.612551578782135,0.687311548255372,0.720906066028332,0.742033918679261,0.758617639204389,0.778833556089213,0.794177006310361,0.806250874307542,0.820336389747416,0.833520688587327,0.847425451415655,0.85780331279467,0.865954700332656,0.876331286606116,0.886884995230301,0.897393011212339,0.908305123723003,0.919691361923914,0.927486156463611,0.936533564319256,0.942494059942929,0.952088062721357,0.963109973694426,0.969141693670724,0.977674057778484,0.989182012038441,1,0.98462531176467,0.875458620331077,0.587038696488423,0.407650383122068
0.289251760903958,0.569299768010944,0.642966588378161,0.675948881868295,0.696905951099244,0.71420033553134,0.734878502111317,0.749204536911984,0.761324979575055,0.776040569143873,0.791094800534379,0.80642422584524,0.819253378322097,0.8292312015487,0.839900756360267,0.851769641703895,0.863535162553887,0.876588872271794,0.889704000841851,0.898188011213168,0.908087954994128,0.914345405296121,0.925664411498266,0.939440686170199,0.945976391247365,0.956559985541412,0.970473757547739,0.98462531176467,1,0.916433627590716,0.635490962626317,0.442980477041994
0.212490284226666,0.428321111910681,0.493277932079702,0.520007614207151,0.537881229248621,0.553871450480546,0.570015636422287,0.586867468113212,0.597979437289276,0.612018424613592,0.632127946926773,0.651225076009708,0.667525849580691,0.679796904233683,0.694655940639215,0.708742473720524,0.723450564428019,0.739332730790821,0.755529433601037,0.763786050394996,0.774244738361465,0.776725371023561,0.792316586321884,0.817536764711794,0.82353556551425,0.838663244193784,0.857972528352888,0.875458620331077,0.916433627590716,1,0.757564811804218,0.507649000214322
0.0947183277479781,0.203777107814828,0.252597869026562,0.270173917322836,0.285358882940235,0.299954227693322,0.314973335115761,0.333719735895321,0.340533412144287,0.349264561805945,0.367139428804386,0.384695909703531,0.400396991502401,0.411196190295268,0.422655347357251,0.4369644815177,0.448857063030222,0.463882167158597,0.476605524877308,0.481901187420598,0.49173671483563,0.48986706687358,0.50676476739206,0.531213178710365,0.537796573893312,0.547255528846457,0.570201828288385,0.587038696488423,0.635490962626317,0.757564811804218,1,0.567342533244993
0.0414875833998972,0.095436665798181,0.127728277435728,0.1465395328313,0.139368313894464,0.150525206969305,0.158393300844768,0.169380584071232,0.178177256244285,0.188481631306632,0.202083791301996,0.212572257883547,0.228360428486133,0.244555114007788,0.255622769417135,0.270050656369625,0.285799236642353,0.296030387196844,0.313495714328043,0.320529951727374,0.324728815799657,0.326347252660868,0.332482041618942,0.35328487166383,0.361133740481781,0.367568965816368,0.386121931119058,0.407650383122068,0.442980477041994,0.507649000214322,0.567342533244993,1
