1,0.895597313757632,0.872781658053963,0.857820949785291,0.847078858820201,0.836509375662682,0.83238021374147,0.825473992716467,0.820210466753071,0.817350848338643,0.81542636407126,0.809604725206696,0.801171039137012,0.795352800770413,0.790564981900127,0.787016654118834,0.782940017243482,0.777686428609627,0.771174699658182,0.763266300796144,0.75765119993123,0.750425353665522,0.743627522802287,0.734904866718754,0.728741299073148,0.72013627994652,0.709470294876667,0.704755941621611,0.692478745402731,0.660295748460098,0.55333437817913,0.202999447873755
0.895597313757632,1,0.976734737967809,0.965092123078864,0.956202400380384,0.94870626396227,0.943665470137691,0.939504893773896,0.935720465919525,0.93204177261708,0.928318158442569,0.924718005909888,0.919539180632329,0.914275759559053,0.909555102762254,0.904560514344153,0.898886626548498,0.893176630300716,0.886528638773973,0.878189655325703,0.873135499560605,0.865609645560301,0.859296922777684,0.850055717030679,0.84341354490075,0.83706173046797,0.826859910689552,0.819874934533527,0.804931786209515,0.774467264877526,0.654490416755531,0.233279147350425
0.872781658053963,0.976734737967809,1,0.989560020171111,0.980567033123649,0.974340887076359,0.969259200619806,0.965527780642811,0.962465354039668,0.959549657100862,0.956589833792823,0.952998766476175,0.948739241538888,0.944375787139254,0.939638356181381,0.935047149678877,0.930291538948701,0.924329393253927,0.918091295603911,0.910129915573413,0.905987700765849,0.899212639299642,0.893918673670985,0.884890643181204,0.87797243765104,0.871814410692121,0.861059330789076,0.855075840100988,0.841134286302054,0.810289420419314,0.688922557935735,0.252955161640512
0.857820949785291,0.965092123078864,0.989560020171111,1,0.992538648959175,0.986204600142782,0.982155823081639,0.978542326311536,0.975494912504565,0.972261792770363,0.969361090500076,0.965811371143217,0.961919566388372,0.957715859298149,0.952794741820451,0.948303166016201,0.943996758986591,0.938123819570507,0.932246509274799,0.924283023503056,0.919376167370883,0.913926712957812,0.909869604951256,0.901885471554565,0.895870723747223,0.890116622669236,0.880507645888805,0.875191068613607,0.862786143952521,0.83297980071275,0.713259908416859,0.263187015653689
0.847078858820201,0.956202400380384,0.980567033123649,0.992538648959175,1,0.994561383651166,0.990452287853893,0.986420553814795,0.983166949198885,0.980240442762665,0.977080358242675,0.973790812929122,0.970341020302631,0.965582366205035,0.960889313092217,0.956879438608224,0.952367143106711,0.946467279708734,0.940324678990286,0.932926796899113,0.928377241476791,0.922989638881357,0.918903868312246,0.910786680997922,0.905004841837858,0.899901571341742,0.890101147926491,0.883786813712528,0.871703663195079,0.841223193732894,0.722030522541003,0.268212453684286
0.836509375662682,0.94870626396227,0.974340887076359,0.986204600142782,0.994561383651166,1,0.995432783200288,0.991680323634766,0.988453070018291,0.985446969962505,0.981792075567909,0.978364676331531,0.974938193090775,0.970028806562113,0.965167012050434,0.960818384433431,0.956602633331821,0.951349455117158,0.945310186432213,0.938582528895859,0.933646798429093,0.928646097812602,0.924713269585214,0.917385500230466,0.911486784157966,0.906506471267517,0.897094087466339,0.890039136541783,0.878235274982339,0.847271300699136,0.727319426354995,0.271440501850145
0.83238021374147,0.943665470137691,0.969259200619806,0.982155823081639,0.990452287853893,0.995432783200288,1,0.996637781088927,0.993090022403601,0.990146878112962,0.986379790179621,0.982613058813588,0.978724522680545,0.973951038615064,0.969778527682571,0.965454242785115,0.961368151813351,0.956538370993552,0.95045105324709,0.943902366570723,0.938901253599294,0.933694083431756,0.929706440406567,0.922842740553779,0.917094893850158,0.912122733029847,0.903022174553722,0.896220176171968,0.884566484379812,0.853605598359712,0.737944790013122,0.281117343571625
0.825473992716467,0.939504893773896,0.965527780642811,0.978542326311536,0.986420553814795,0.991680323634766,0.996637781088927,1,0.997244646049887,0.994013660710502,0.990221094937593,0.986132704436094,0.982074154144176,0.977484567011886,0.973294033046552,0.969059283449573,0.965105845330822,0.960522577217555,0.95432625766752,0.947812324633618,0.942820788744623,0.937621642067632,0.933308003089626,0.926711017434076,0.921211208580129,0.91632989838139,0.907435851007869,0.900838170685341,0.890073354998017,0.860192777353965,0.745447836146572,0.285347059243451
0.820210466753071,0.935720465919525,0.962465354039668,0.975494912504565,0.983166949198885,0.988453070018291,0.993090022403601,0.997244646049887,1,0.997193101472844,0.993417270146704,0.989187342846954,0.984992619549125,0.980245635731649,0.975952870934448,0.971476015831375,0.967129163317771,0.962393978363156,0.956422756729536,0.949915445363045,0.945195859557077,0.939975989715112,0.936057585682131,0.929832611722023,0.924732384695801,0.920231871246628,0.911306635682892,0.904836160919974,0.894744694978738,0.867024800561786,0.753502451652878,0.290416256666894
0.817350848338643,0.93204177261708,0.959549657100862,0.972261792770363,0.980240442762665,0.985446969962505,0.990146878112962,0.994013660710502,0.997193101472844,1,0.997337416268856,0.993366951508088,0.989124174633969,0.984546932169171,0.980204786522952,0.975583462546083,0.970948892874906,0.965962160578549,0.960073702354378,0.953669682749345,0.949078761022595,0.943651927276954,0.940145153597722,0.933821569404721,0.929038504229942,0.924466100353617,0.915900768274485,0.909523135437022,0.899681691474108,0.872761958507638,0.76118835628112,0.302455051682995
0.81542636407126,0.928318158442569,0.956589833792823,0.969361090500076,0.977080358242675,0.981792075567909,0.986379790179621,0.990221094937593,0.993417270146704,0.997337416268856,1,0.997194029508073,0.992933578547312,0.9884067861596,0.983967691035294,0.979404638152058,0.974671226395885,0.969798648720552,0.963848675197862,0.957750302926476,0.953329393931531,0.948148360491544,0.944912680718543,0.939177611369573,0.934554234101421,0.930392549694669,0.922152060377468,0.915988128110812,0.905541614129839,0.87909194468399,0.768151540275955,0.308997594250528
0.809604725206696,0.924718005909888,0.952998766476175,0.965811371143217,0.973790812929122,0.978364676331531,0.982613058813588,0.986132704436094,0.989187342846954,0.993366951508088,0.997194029508073,1,0.997257001913682,0.993476880855435,0.989202364156196,0.985028517452834,0.980533548838709,0.975862485222953,0.97025511163586,0.964287718517741,0.96040466787211,0.955530527834564,0.952493938955854,0.94725098527097,0.942851074866848,0.938492732029249,0.930878265487363,0.924780266711882,0.913626815264861,0.887852486961655,0.776037689216469,0.314220757286606
0.801171039137012,0.919539180632329,0.948739241538888,0.961919566388372,0.970341020302631,0.974938193090775,0.978724522680545,0.982074154144176,0.984992619549125,0.989124174633969,0.992933578547312,0.997257001913682,1,0.997571396587525,0.99381424234394,0.989732604784324,0.985684999744126,0.981078805282523,0.975709428317437,0.969831946727862,0.96603186970335,0.961146274660652,0.958061452347328,0.953241727492172,0.94893963122935,0.94433104928845,0.93739629610979,0.931167137450119,0.919542062176996,0.893739475528526,0.782515365236179,0.31827636297776
0.795352800770413,0.914275759559053,0.944375787139254,0.957715859298149,0.965582366205035,0.970028806562113,0.973951038615064,0.977484567011886,0.980245635731649,0.984546932169171,0.9884067861596,0.993476880855435,0.997571396587525,1,0.997504501791997,0.993839424800351,0.990003653107298,0.985382253357673,0.980406689891583,0.974688105918218,0.97095125754779,0.966139661420405,0.963080264844366,0.958711733155832,0.954458239088948,0.949926582258219,0.94319985537951,0.937016990420115,0.925742808529496,0.900266887673276,0.790044679571864,0.328478612343311
0.790564981900127,0.909555102762254,0.939638356181381,0.952794741820451,0.960889313092217,0.965167012050434,0.969778527682571,0.973294033046552,0.975952870934448,0.980204786522952,0.983967691035294,0.989202364156196,0.99381424234394,0.997504501791997,1,0.997491981071397,0.994216411821298,0.989955072333865,0.985476803150236,0.980065733541677,0.976325552947695,0.971358056575011,0.968364041861528,0.96423050970932,0.959577136251608,0.955385254833638,0.94861823909873,0.942788289628846,0.931720413557074,0.906593416573148,0.798242938054227,0.339029162672319
0.787016654118834,0.904560514344153,0.935047149678877,0.948303166016201,0.956879438608224,0.960818384433431,0.965454242785115,0.969059283449573,0.971476015831375,0.975583462546083,0.979404638152058,0.985028517452834,0.989732604784324,0.993839424800351,0.997491981071397,1,0.997522723281804,0.993891642597939,0.989810568232306,0.984844003764728,0.981254351433602,0.976385835493371,0.973434000690081,0.969698020409869,0.965219424611331,0.961119619910578,0.954505753459935,0.948640088804459,0.937608441089854,0.913447555032345,0.808105471125767,0.351979172188655
0.782940017243482,0.898886626548498,0.930291538948701,0.943996758986591,0.952367143106711,0.956602633331821,0.961368151813351,0.965105845330822,0.967129163317771,0.970948892874906,0.974671226395885,0.980533548838709,0.985684999744126,0.990003653107298,0.994216411821298,0.997522723281804,1,0.997557250867172,0.994300548119075,0.989682284184924,0.986188366064766,0.981541040277055,0.978345818313558,0.974415443425465,0.969469367622505,0.965464440582373,0.959099075829542,0.953807526332684,0.942999645291675,0.918789855641054,0.814313149727719,0.357206546220663
0.777686428609627,0.893176630300716,0.924329393253927,0.938123819570507,0.946467279708734,0.951349455117158,0.956538370993552,0.960522577217555,0.962393978363156,0.965962160578549,0.969798648720552,0.975862485222953,0.981078805282523,0.985382253357673,0.989955072333865,0.993891642597939,0.997557250867172,1,0.997915408736052,0.994237938046302,0.990989140522271,0.98664975159095,0.983523629233803,0.979561632827162,0.974671044259803,0.970744984827307,0.964628749920407,0.959307131684163,0.948727159635523,0.924272842055937,0.821372707236196,0.364747106184019
0.771174699658182,0.886528638773973,0.918091295603911,0.932246509274799,0.940324678990286,0.945310186432213,0.95045105324709,0.95432625766752,0.956422756729536,0.960073702354378,0.963848675197862,0.97025511163586,0.975709428317437,0.980406689891583,0.985476803150236,0.989810568232306,0.994300548119075,0.997915408736052,1,0.997367319925271,0.994433840236291,0.990306586097162,0.987469869610873,0.983397732978185,0.978611878891268,0.974480859580583,0.96857077989252,0.963138221061717,0.952526390790218,0.929027791874894,0.826650237831199,0.36966845442437
0.763266300796144,0.878189655325703,0.910129915573413,0.924283023503056,0.932926796899113,0.938582528895859,0.943902366570723,0.947812324633618,0.949915445363045,0.953669682749345,0.957750302926476,0.964287718517741,0.969831946727862,0.974688105918218,0.980065733541677,0.984844003764728,0.989682284184924,0.994237938046302,0.997367319925271,1,0.99774586467276,0.994012472733426,0.991087375529408,0.987259118176117,0.982970264174922,0.979496394434755,0.974035741252891,0.968912528250834,0.957842679544146,0.934518445921988,0.835864294365765,0.381005329471232
0.75765119993123,0.873135499560605,0.905987700765849,0.919376167370883,0.928377241476791,0.933646798429093,0.938901253599294,0.942820788744623,0.945195859557077,0.949078761022595,0.953329393931531,0.96040466787211,0.96603186970335,0.97095125754779,0.976325552947695,0.981254351433602,0.986188366064766,0.990989140522271,0.994433840236291,0.99774586467276,1,0.997353418790318,0.994471946606824,0.990547414924778,0.986417948594978,0.982814396252848,0.977426599477297,0.972022596419407,0.96111248469244,0.937729529942521,0.839190822182086,0.388520592077375
0.750425353665522,0.865609645560301,0.899212639299642,0.913926712957812,0.922989638881357,0.928646097812602,0.933694083431756,0.937621642067632,0.939975989715112,0.943651927276954,0.948148360491544,0.955530527834564,0.961146274660652,0.966139661420405,0.971358056575011,0.976385835493371,0.981541040277055,0.98664975159095,0.990306586097162,0.994012472733426,0.997353418790318,1,0.997621114141259,0.993828351390089,0.990058341251496,0.986424408163222,0.981397019887474,0.975932898422477,0.965994261858812,0.942328695581509,0.845036343210771,0.395902896117271
0.743627522802287,0.859296922777684,0.893918673670985,0.909869604951256,0.918903868312246,0.924713269585214,0.929706440406567,0.933308003089626,0.936057585682131,0.940145153597722,0.944912680718543,0.952493938955854,0.958061452347328,0.963080264844366,0.968364041861528,0.973434000690081,0.978345818313558,0.983523629233803,0.987469869610873,0.991087375529408,0.994471946606824,0.997621114141259,1,0.996787129659197,0.993220611282637,0.98952971825956,0.984211040402998,0.978710227282753,0.968698665738386,0.945654520722335,0.850213626937555,0.402153140005557
0.734904866718754,0.850055717030679,0.884890643181204,0.901885471554565,0.910786680997922,0.917385500230466,0.922842740553779,0.926711017434076,0.929832611722023,0.933821569404721,0.939177611369573,0.94725098527097,0.953241727492172,0.958711733155832,0.96423050970932,0.969698020409869,0.974415443425465,0.979561632827162,0.983397732978185,0.987259118176117,0.990547414924778,0.993828351390089,0.996787129659197,1,0.996809948585563,0.993327750171651,0.987441039742892,0.982071974871233,0.971713797669329,0.949998092361301,0.859374846176354,0.416519209587829
0.728741299073148,0.84341354490075,0.87797243765104,0.895870723747223,0.905004841837858,0.911486784157966,0.917094893850158,0.921211208580129,0.924732384695801,0.929038504229942,0.934554234101421,0.942851074866848,0.94893963122935,0.954458239088948,0.959577136251608,0.965219424611331,0.969469367622505,0.974671044259803,0.978611878891268,0.982970264174922,0.986417948594978,0.990058341251496,0.993220611282637,0.996809948585563,1,0.996895546292353,0.991569015647172,0.986364753104128,0.976499023709476,0.955782381730337,0.867118789771698,0.42744132707993
0.72013627994652,0.83706173046797,0.871814410692121,0.890116622669236,0.899901571341742,0.906506471267517,0.912122733029847,0.91632989838139,0.920231871246628,0.924466100353617,0.930392549694669,0.938492732029249,0.94433104928845,0.949926582258219,0.955385254833638,0.961119619910578,0.965464440582373,0.970744984827307,0.974480859580583,0.979496394434755,0.982814396252848,0.986424408163222,0.98952971825956,0.993327750171651,0.996895546292353,1,0.995167939547106,0.990101536919395,0.979901816208379,0.959711136711708,0.871426082134285,0.429462997976767
0.709470294876667,0.826859910689552,0.861059330789076,0.880507645888805,0.890101147926491,0.897094087466339,0.903022174553722,0.907435851007869,0.911306635682892,0.915900768274485,0.922152060377468,0.930878265487363,0.93739629610979,0.94319985537951,0.94861823909873,0.954505753459935,0.959099075829542,0.964628749920407,0.96857077989252,0.974035741252891,0.977426599477297,0.981397019887474,0.984211040402998,0.987441039742892,0.991569015647172,0.995167939547106,1,0.99481019379725,0.984712638183122,0.966047753152863,0.878312154756048,0.433894863644996
0.704755941621611,0.819874934533527,0.855075840100988,0.875191068613607,0.883786813712528,0.890039136541783,0.896220176171968,0.900838170685341,0.904836160919974,0.909523135437022,0.915988128110812,0.924780266711882,0.931167137450119,0.937016990420115,0.942788289628846,0.948640088804459,0.953807526332684,0.959307131684163,0.963138221061717,0.968912528250834,0.972022596419407,0.975932898422477,0.978710227282753,0.982071974871233,0.986364753104128,0.990101536919395,0.99481019379725,1,0.991382359446983,0.973812926542738,0.887536656024802,0.439089495579132
0.692478745402731,0.804931786209515,0.841134286302054,0.862786143952521,0.871703663195079,0.878235274982339,0.884566484379812,0.890073354998017,0.894744694978738,0.899681691474108,0.905541614129839,0.913626815264861,0.919542062176996,0.925742808529496,0.931720413557074,0.937608441089854,0.942999645291675,0.948727159635523,0.952526390790218,0.957842679544146,0.96111248469244,0.965994261858812,0.968698665738386,0.971713797669329,0.976499023709476,0.979901816208379,0.984712638183122,0.991382359446983,1,0.983991880243633,0.900926056532876,0.453751993366285
0.660295748460098,0.774467264877526,0.810289420419314,0.83297980071275,0.841223193732894,0.847271300699136,0.853605598359712,0.860192777353965,0.867024800561786,0.872761958507638,0.87909194468399,0.887852486961655,0.893739475528526,0.900266887673276,0.906593416573148,0.913447555032345,0.918789855641054,0.924272842055937,0.929027791874894,0.934518445921988,0.937729529942521,0.942328695581509,0.945654520722335,0.949998092361301,0.955782381730337,0.959711136711708,0.966047753152863,0.973812926542738,0.983991880243633,1,0.934589667356235,0.493922698931896
0.55333437817913,0.654490416755531,0.688922557935735,0.713259908416859,0.722030522541003,0.727319426354995,0.737944790013122,0.745447836146572,0.753502451652878,0.76118835628112,0.768151540275955,0.776037689216469,0.782515365236179,0.790044679571864,0.798242938054227,0.808105471125767,0.814313149727719,0.821372707236196,0.826650237831199,0.835864294365765,0.839190822182086,0.845036343210771,0.850213626937555,0.859374846176354,0.867118789771698,0.871426082134285,0.878312154756048,0.887536656024802,0.900926056532876,0.934589667356235,1,0.641412766848965
0.202999447873755,0.233279147350425,0.252955161640512,0.263187015653689,0.268212453684286,0.271440501850145,0.281117343571625,0.285347059243451,0.290416256666894,0.302455051682995,0.308997594250528,0.314220757286606,0.31827636297776,0.328478612343311,0.339029162672319,0.351979172188655,0.357206546220663,0.364747106184019,0.36966845442437,0.381005329471232,0.388520592077375,0.395902896117271,0.402153140005557,0.416519209587829,0.42744132707993,0.429462997976767,0.433894863644996,0.439089495579132,0.453751993366285,0.493922698931896,0.641412766848965,1
