1,0.828101210287732,0.773326570716577,0.74799975332861,0.737008085764515,0.720438037329881,0.711352330082217,0.699803804130832,0.686835847571487,0.677867146674663,0.674071625379617,0.661889128733485,0.653530381573412,0.648577896429853,0.637264496897264,0.626854539511637,0.617752278136204,0.609663073888879,0.601354802933331,0.598107001563372,0.588502290456521,0.579956345267361,0.568054011140411,0.558954684110359,0.544732768240908,0.531528019918849,0.50696103613904,0.478172385844024,0.450701057393831,0.365101725506097,0.219302678842621,0.135319988433503
0.828101210287732,1,0.951525169517681,0.925644499096398,0.908246484588117,0.889660828906015,0.88097046261095,0.869846271863412,0.856862920552028,0.848663489711078,0.841316400580561,0.831262302094091,0.823397425165909,0.818579778916504,0.808288723927046,0.798274045997518,0.790522497861427,0.783316792939512,0.777262566816452,0.76781128280113,0.758759325264038,0.748061947975408,0.735584451122697,0.72919162543376,0.717288323344071,0.700823495141069,0.68193620253448,0.646131315940653,0.610590306183242,0.522238469991716,0.357619373071356,0.174312662599356
0.773326570716577,0.951525169517681,1,0.976064475165715,0.955273970348176,0.933104903766789,0.923066780051314,0.911879227989606,0.89984384352715,0.89282853600994,0.885610967335786,0.875930566290868,0.868157584869744,0.861260801316592,0.85250736568594,0.844748847721426,0.837454666145703,0.830207283446683,0.823409958682323,0.813164776943849,0.803404042116781,0.791719124717408,0.781242118895322,0.773998311188158,0.761738909233382,0.746473478728562,0.727949204429224,0.68832442173215,0.647855300583165,0.550840418146195,0.369081210349891,0.171139651169595
0.74799975332861,0.925644499096398,0.976064475165715,1,0.983380542041197,0.965782221038332,0.955832699244158,0.944033974689992,0.93263052823145,0.924413147481094,0.915629110450059,0.904793744758936,0.897833920731681,0.88994340602403,0.88258554906449,0.876793661550748,0.869424031606643,0.862124282928004,0.85558364198295,0.84614029630399,0.837201418293481,0.826864731063622,0.817898676651807,0.810534031085543,0.797712499308654,0.784509670259257,0.762071816014834,0.722138633820801,0.677850702112254,0.575684852211723,0.384215748669258,0.180517394567081
0.737008085764515,0.908246484588117,0.955273970348176,0.983380542041197,1,0.987309078651429,0.977337308538454,0.963548529593193,0.953543681121639,0.944586464436331,0.935508789757801,0.924137132394938,0.917143850423072,0.909723443166007,0.903232029483558,0.896622557937344,0.889396405146931,0.882724242197321,0.876630765639715,0.868840047202329,0.860219052175342,0.849802093078208,0.840631433156605,0.833795837999423,0.820423031955643,0.808152820242311,0.785796240430875,0.746132235680641,0.699167821488406,0.593933853245005,0.402069803947723,0.184245883868037
0.720438037329881,0.889660828906015,0.933104903766789,0.965782221038332,0.987309078651429,1,0.991195632555518,0.977391159110324,0.967206816518055,0.959794623241595,0.950518968848191,0.939993945243085,0.932622699508452,0.92522079061353,0.919409779668581,0.912754248824916,0.904826225304684,0.897311609016509,0.891035780517638,0.884609971901411,0.876898941498623,0.867971867649558,0.859086510669478,0.852933437760421,0.840151152377822,0.828123772624738,0.805237889209631,0.766085623612358,0.720170945607015,0.615371917414584,0.420279624648121,0.199020311049562
0.711352330082217,0.88097046261095,0.923066780051314,0.955832699244158,0.977337308538454,0.991195632555518,1,0.989905413420897,0.980904560193219,0.972476313469708,0.963192056939617,0.953267353428721,0.94568992335257,0.93725183139138,0.930963581074302,0.923060123313071,0.91517002132393,0.907739102538068,0.901986851505906,0.895616981994816,0.888858536577206,0.881083808119033,0.872516719961932,0.866699026485957,0.854504518600243,0.843420327002928,0.820608562906722,0.783519828143133,0.736068801536958,0.630428070664293,0.431850538067065,0.203880159920776
0.699803804130832,0.869846271863412,0.911879227989606,0.944033974689992,0.963548529593193,0.977391159110324,0.989905413420897,1,0.992355526952834,0.983759437505358,0.974602360180772,0.965719257445551,0.958318699877789,0.948756848655083,0.942659427915025,0.934762068476215,0.927673823672448,0.92014952591028,0.915305801413742,0.909456402402609,0.9028626606586,0.895403167471034,0.886940119942414,0.880832143294432,0.869718208446754,0.858974555189829,0.834270048827412,0.798053875854748,0.749967358347558,0.643785853991199,0.444783636149061,0.214392634577679
0.686835847571487,0.856862920552028,0.89984384352715,0.93263052823145,0.953543681121639,0.967206816518055,0.980904560193219,0.992355526952834,1,0.994024119307768,0.9858271598959,0.976411451246244,0.968847780508,0.959547488900372,0.95310666582034,0.944949916142941,0.938277975485131,0.930892938104556,0.92597869113581,0.919825535459027,0.913399769828709,0.906666290601591,0.898365200295952,0.892285046361159,0.881295571565843,0.87187982811428,0.849239149147834,0.814871368367453,0.767318491960255,0.660899803615593,0.458606621400545,0.222610623220747
0.677867146674663,0.848663489711078,0.89282853600994,0.924413147481094,0.944586464436331,0.959794623241595,0.972476313469708,0.983759437505358,0.994024119307768,1,0.993198928901261,0.984151302403081,0.976857616623606,0.967445612853567,0.960488212874349,0.951670917086517,0.944700237820484,0.937329896943532,0.932097884516891,0.925718390105376,0.919100997824582,0.91326944212824,0.905764990815063,0.899513727405756,0.889321734206141,0.880244170446271,0.859481179406773,0.824624387674852,0.778579169205803,0.675407426110554,0.474874771622407,0.225376019226315
0.674071625379617,0.841316400580561,0.885610967335786,0.915629110450059,0.935508789757801,0.950518968848191,0.963192056939617,0.974602360180772,0.9858271598959,0.993198928901261,1,0.994264307670307,0.987253249624703,0.978420558427277,0.971516866218608,0.962275560637776,0.955404858609002,0.947789489083157,0.942940014055191,0.936866317706669,0.931061884302498,0.925500486058115,0.918562432517788,0.911117998555654,0.901056434749674,0.891489589232503,0.871456752758698,0.837555839075293,0.793841573558422,0.690226910958958,0.488507759583343,0.229675202667541
0.661889128733485,0.831262302094091,0.875930566290868,0.904793744758936,0.924137132394938,0.939993945243085,0.953267353428721,0.965719257445551,0.976411451246244,0.984151302403081,0.994264307670307,1,0.994467065486027,0.986206610834945,0.979529170303651,0.970807271156946,0.964030215843915,0.957231084144998,0.952167323898694,0.945883942786656,0.940193944169428,0.934728366612387,0.928378568925821,0.920617342554243,0.910799488060446,0.900746254087722,0.882276136875968,0.850371301726103,0.807647885412881,0.709178453283098,0.507233878669389,0.242603345938427
0.653530381573412,0.823397425165909,0.868157584869744,0.897833920731681,0.917143850423072,0.932622699508452,0.94568992335257,0.958318699877789,0.968847780508,0.976857616623606,0.987253249624703,0.994467065486027,1,0.994480874737679,0.988135961186077,0.980525533865478,0.973620138058208,0.966927394890271,0.961955487509408,0.955548998408534,0.949924421545821,0.945497168943019,0.938915135136182,0.931735934991531,0.922009654123266,0.912805308888377,0.8952652960766,0.863716445044171,0.820935022111448,0.721770309728196,0.516774195712649,0.250853507814017
0.648577896429853,0.818579778916504,0.861260801316592,0.88994340602403,0.909723443166007,0.92522079061353,0.93725183139138,0.948756848655083,0.959547488900372,0.967445612853567,0.978420558427277,0.986206610834945,0.994480874737679,1,0.995373567114454,0.987599775079312,0.980962505472124,0.973734169343629,0.968452861659016,0.962038887176591,0.956565644299596,0.951779243655027,0.944641988280787,0.938117318661788,0.928921846571574,0.919555299283038,0.902478773360892,0.871151950147641,0.828483359587505,0.728522999075308,0.524822033473326,0.251568420564941
0.637264496897264,0.808288723927046,0.85250736568594,0.88258554906449,0.903232029483558,0.919409779668581,0.930963581074302,0.942659427915025,0.95310666582034,0.960488212874349,0.971516866218608,0.979529170303651,0.988135961186077,0.995373567114454,1,0.994417771638801,0.988830179228063,0.982248182622889,0.977052259161235,0.970689513360162,0.964877190224739,0.959758633955592,0.95327743819783,0.947329281498181,0.939011719667172,0.930267533764837,0.913406397715728,0.882395003556091,0.838779922785162,0.741064293813165,0.538738330599807,0.260430897240017
0.626854539511637,0.798274045997518,0.844748847721426,0.876793661550748,0.896622557937344,0.912754248824916,0.923060123313071,0.934762068476215,0.944949916142941,0.951670917086517,0.962275560637776,0.970807271156946,0.980525533865478,0.987599775079312,0.994417771638801,1,0.995464312942344,0.989438050428329,0.984180221260446,0.978014001876065,0.971583292897696,0.96610268702854,0.959650079430965,0.953200865106404,0.944161925646138,0.936427181609115,0.919283116889015,0.889003900143223,0.847408883857377,0.755782080347657,0.553959551163233,0.275763191594062
0.617752278136204,0.790522497861427,0.837454666145703,0.869424031606643,0.889396405146931,0.904826225304684,0.91517002132393,0.927673823672448,0.938277975485131,0.944700237820484,0.955404858609002,0.964030215843915,0.973620138058208,0.980962505472124,0.988830179228063,0.995464312942344,1,0.995113992096334,0.989988337663916,0.984033497668612,0.977584971618787,0.971967864620492,0.965605148327855,0.95980340879137,0.95112914309604,0.943723882694966,0.92689387158463,0.896651157630866,0.855009450560509,0.762220479575869,0.557755043701568,0.278750693505689
0.609663073888879,0.783316792939512,0.830207283446683,0.862124282928004,0.882724242197321,0.897311609016509,0.907739102538068,0.92014952591028,0.930892938104556,0.937329896943532,0.947789489083157,0.957231084144998,0.966927394890271,0.973734169343629,0.982248182622889,0.989438050428329,0.995113992096334,1,0.995950206620241,0.99014257194801,0.984122807905648,0.977915089723243,0.97138096221291,0.965375812875374,0.957064957170019,0.948609822615066,0.933309497640687,0.902928531632083,0.86096611236703,0.772487867701397,0.574120016287153,0.29344544399424
0.601354802933331,0.777262566816452,0.823409958682323,0.85558364198295,0.876630765639715,0.891035780517638,0.901986851505906,0.915305801413742,0.92597869113581,0.932097884516891,0.942940014055191,0.952167323898694,0.961955487509408,0.968452861659016,0.977052259161235,0.984180221260446,0.989988337663916,0.995950206620241,1,0.995283782798975,0.989460302277951,0.98331323905425,0.977069954233567,0.97074484557099,0.962583757791352,0.953880138258139,0.939830000673304,0.91066439973691,0.869235801175048,0.780566176502338,0.581289784250445,0.296479757412235
0.598107001563372,0.76781128280113,0.813164776943849,0.84614029630399,0.868840047202329,0.884609971901411,0.895616981994816,0.909456402402609,0.919825535459027,0.925718390105376,0.936866317706669,0.945883942786656,0.955548998408534,0.962038887176591,0.970689513360162,0.978014001876065,0.984033497668612,0.99014257194801,0.995283782798975,1,0.995592808395913,0.989427749044068,0.98338878565869,0.976269748545829,0.967374059888212,0.958948481659625,0.944623711841577,0.916166483662002,0.875569893382408,0.783329758251119,0.580342965937417,0.300452966072159
0.588502290456521,0.758759325264038,0.803404042116781,0.837201418293481,0.860219052175342,0.876898941498623,0.888858536577206,0.9028626606586,0.913399769828709,0.919100997824582,0.931061884302498,0.940193944169428,0.949924421545821,0.956565644299596,0.964877190224739,0.971583292897696,0.977584971618787,0.984122807905648,0.989460302277951,0.995592808395913,1,0.995044331200845,0.988766063613936,0.981573152583542,0.972445447745185,0.964293677098557,0.951188461629598,0.924728556648307,0.885139114550786,0.791243439212226,0.586702640604619,0.305954826208261
0.579956345267361,0.748061947975408,0.791719124717408,0.826864731063622,0.849802093078208,0.867971867649558,0.881083808119033,0.895403167471034,0.906666290601591,0.91326944212824,0.925500486058115,0.934728366612387,0.945497168943019,0.951779243655027,0.959758633955592,0.96610268702854,0.971967864620492,0.977915089723243,0.98331323905425,0.989427749044068,0.995044331200845,1,0.995040166833314,0.988652132266673,0.979439929165893,0.971782763100776,0.958461001545864,0.932935329419188,0.894067220264929,0.804634547411027,0.605784394469824,0.310683246088357
0.568054011140411,0.735584451122697,0.781242118895322,0.817898676651807,0.840631433156605,0.859086510669478,0.872516719961932,0.886940119942414,0.898365200295952,0.905764990815063,0.918562432517788,0.928378568925821,0.938915135136182,0.944641988280787,0.95327743819783,0.959650079430965,0.965605148327855,0.97138096221291,0.977069954233567,0.98338878565869,0.988766063613936,0.995040166833314,1,0.993490768939263,0.984059984897443,0.975663183752229,0.962040221658906,0.936815651487117,0.898207834563975,0.808470713722048,0.613055291738369,0.314996225624211
0.558954684110359,0.72919162543376,0.773998311188158,0.810534031085543,0.833795837999423,0.852933437760421,0.866699026485957,0.880832143294432,0.892285046361159,0.899513727405756,0.911117998555654,0.920617342554243,0.931735934991531,0.938117318661788,0.947329281498181,0.953200865106404,0.95980340879137,0.965375812875374,0.97074484557099,0.976269748545829,0.981573152583542,0.988652132266673,0.993490768939263,1,0.992478471645821,0.984215308939452,0.970799486968934,0.946186919734684,0.909659515944928,0.822620963975764,0.629185183360127,0.333210991329774
0.544732768240908,0.717288323344071,0.761738909233382,0.797712499308654,0.820423031955643,0.840151152377822,0.854504518600243,0.869718208446754,0.881295571565843,0.889321734206141,0.901056434749674,0.910799488060446,0.922009654123266,0.928921846571574,0.939011719667172,0.944161925646138,0.95112914309604,0.957064957170019,0.962583757791352,0.967374059888212,0.972445447745185,0.979439929165893,0.984059984897443,0.992478471645821,1,0.992031445375097,0.979836212910654,0.956364966503547,0.920132281304547,0.840512695372457,0.654960892747571,0.350646399839341
0.531528019918849,0.700823495141069,0.746473478728562,0.784509670259257,0.808152820242311,0.828123772624738,0.843420327002928,0.858974555189829,0.87187982811428,0.880244170446271,0.891489589232503,0.900746254087722,0.912805308888377,0.919555299283038,0.930267533764837,0.936427181609115,0.943723882694966,0.948609822615066,0.953880138258139,0.958948481659625,0.964293677098557,0.971782763100776,0.975663183752229,0.984215308939452,0.992031445375097,1,0.988842083145129,0.966867393462603,0.929447195821052,0.851610505889506,0.667117374824353,0.358826147115075
0.50696103613904,0.68193620253448,0.727949204429224,0.762071816014834,0.785796240430875,0.805237889209631,0.820608562906722,0.834270048827412,0.849239149147834,0.859481179406773,0.871456752758698,0.882276136875968,0.8952652960766,0.902478773360892,0.913406397715728,0.919283116889015,0.92689387158463,0.933309497640687,0.939830000673304,0.944623711841577,0.951188461629598,0.958461001545864,0.962040221658906,0.970799486968934,0.979836212910654,0.988842083145129,1,0.982002880344607,0.949223737680315,0.868221412725293,0.684393394777111,0.373315552835913
0.478172385844024,0.646131315940653,0.68832442173215,0.722138633820801,0.746132235680641,0.766085623612358,0.783519828143133,0.798053875854748,0.814871368367453,0.824624387674852,0.837555839075293,0.850371301726103,0.863716445044171,0.871151950147641,0.882395003556091,0.889003900143223,0.896651157630866,0.902928531632083,0.91066439973691,0.916166483662002,0.924728556648307,0.932935329419188,0.936815651487117,0.946186919734684,0.956364966503547,0.966867393462603,0.982002880344607,1,0.977602879145751,0.901045073320447,0.712574429823087,0.413854981490675
0.450701057393831,0.610590306183242,0.647855300583165,0.677850702112254,0.699167821488406,0.720170945607015,0.736068801536958,0.749967358347558,0.767318491960255,0.778579169205803,0.793841573558422,0.807647885412881,0.820935022111448,0.828483359587505,0.838779922785162,0.847408883857377,0.855009450560509,0.86096611236703,0.869235801175048,0.875569893382408,0.885139114550786,0.894067220264929,0.898207834563975,0.909659515944928,0.920132281304547,0.929447195821052,0.949223737680315,0.977602879145751,1,0.937375868810306,0.746982285152262,0.451277167439923
0.365101725506097,0.522238469991716,0.550840418146195,0.575684852211723,0.593933853245005,0.615371917414584,0.630428070664293,0.643785853991199,0.660899803615593,0.675407426110554,0.690226910958958,0.709178453283098,0.721770309728196,0.728522999075308,0.741064293813165,0.755782080347657,0.762220479575869,0.772487867701397,0.780566176502338,0.783329758251119,0.791243439212226,0.804634547411027,0.808470713722048,0.822620963975764,0.840512695372457,0.851610505889506,0.868221412725293,0.901045073320447,0.937375868810306,1,0.873717099652635,0.521519643802064
0.219302678842621,0.357619373071356,0.369081210349891,0.384215748669258,0.402069803947723,0.420279624648121,0.431850538067065,0.444783636149061,0.458606621400545,0.474874771622407,0.488507759583343,0.507233878669389,0.516774195712649,0.524822033473326,0.538738330599807,0.553959551163233,0.557755043701568,0.574120016287153,0.581289784250445,0.580342965937417,0.586702640604619,0.605784394469824,0.613055291738369,0.629185183360127,0.654960892747571,0.667117374824353,0.684393394777111,0.712574429823087,0.746982285152262,0.873717099652635,1,0.584377329507994
0.135319988433503,0.174312662599356,0.171139651169595,0.180517394567081,0.184245883868037,0.199020311049562,0.203880159920776,0.214392634577679,0.222610623220747,0.225376019226315,0.229675202667541,0.242603345938427,0.250853507814017,0.251568420564941,0.260430897240017,0.275763191594062,0.278750693505689,0.29344544399424,0.296479757412235,0.300452966072159,0.305954826208261,0.310683246088357,0.314996225624211,0.333210991329774,0.350646399839341,0.358826147115075,0.373315552835913,0.413854981490675,0.451277167439923,0.521519643802064,0.584377329507994,1
