1,0.989710127708453,0.940010073232973,0.807367882439019,0.657447458520686,0.638631638554452,0.606356332470189,0.55943492858158,0.521073461541727,0.505250692103242,0.481070973660531,0.449175214403709,0.424529549462013,0.409654887221795,0.389205776062747,0.364952565401557,0.353226797713156,0.347018013250437,0.332847716722193,0.31495626384324,0.303192513687043,0.280238272023989,0.253734445668765,0.231262393208596,0.193805560173003,0.138861757286429,0.106461164409561,0.0874386018806725,0.114817940538095,0.11684320972517,0.115545992597444,0.11451039517788
0.989710127708453,1,0.979151114124857,0.883488369448069,0.758333501032922,0.739589050016746,0.705561101850808,0.654711132298227,0.613010125537447,0.596332106341957,0.569862776957552,0.534263687519922,0.506562145790801,0.489621709132098,0.465984006516684,0.437734701314375,0.423640256452597,0.41541034375858,0.397755776414974,0.37577120535611,0.358997232220785,0.328319890120285,0.294728707354625,0.266728184743238,0.226751963104605,0.16650394504924,0.130309337033569,0.10891805546482,0.133490030877604,0.132291021000993,0.129585209209659,0.127797798917181
0.940010073232973,0.979151114124857,1,0.960226995822974,0.874668128402635,0.856689616256714,0.821380056706774,0.766755884476753,0.721792491377398,0.704491668401948,0.675710415142171,0.636116129540052,0.605058525753041,0.585786069597906,0.558459805555479,0.525539081015458,0.508581691010884,0.497774292617427,0.475799259525305,0.448783401596839,0.425491422989176,0.38493771169722,0.342476008903027,0.307619810267729,0.265484373549618,0.199842438866061,0.159545009107398,0.135549446123084,0.155264704963978,0.149530863439764,0.144921281208027,0.142129936477203
0.807367882439019,0.883488369448069,0.960226995822974,1,0.974723458247737,0.959028073497795,0.924373127602968,0.868299053582169,0.821928186437975,0.80495519345661,0.774965578421061,0.732589106621972,0.699043674777289,0.677884535333213,0.647358059803994,0.610268953796895,0.590536663854224,0.57692589766072,0.55051586580038,0.518432886432404,0.487775359752757,0.436421040084788,0.384671903985111,0.342777359700528,0.300557313175705,0.231993027521818,0.188813589826361,0.162880308836487,0.17457053723132,0.162995631518974,0.156084625257079,0.152104318743899
0.657447458520686,0.758333501032922,0.874668128402635,0.974723458247737,1,0.992148529451066,0.965518929708552,0.917114255782217,0.875573503880202,0.859829571219487,0.83026786027153,0.787447689641758,0.753600426026327,0.732442238357382,0.701092333412585,0.662519591425421,0.641264128982966,0.625326833013584,0.595673887819891,0.560057073811148,0.52388745352444,0.464879936977692,0.406867525048523,0.360338517142613,0.317793903733171,0.247875262993433,0.203314215208788,0.176446182680554,0.181001595862172,0.165386898573925,0.157003523871787,0.152283376876935
0.638631638554452,0.739589050016746,0.856689616256714,0.959028073497795,0.992148529451066,1,0.990496757980965,0.959767591228458,0.928826891924465,0.913421438077437,0.883384640430389,0.839247969069533,0.80516200059933,0.785152385341176,0.754107119268634,0.715112237573916,0.692731821850955,0.674270322175372,0.641189317088546,0.601877058630494,0.561631607718577,0.496958789850001,0.433873831215757,0.383429779916189,0.333741656092567,0.256168101730962,0.20761009675637,0.178505086160391,0.182068772761387,0.16613002692737,0.157619041266103,0.152832979516658
0.606356332470189,0.705561101850808,0.821380056706774,0.924373127602968,0.965518929708552,0.990496757980965,1,0.989266213194134,0.970543744808078,0.955789939630261,0.925775478020026,0.880991565015828,0.847261327655285,0.828877741948437,0.798730579283119,0.759978738606194,0.736767122111052,0.715864564719455,0.679613680527195,0.636950516206599,0.592952768824763,0.523222743632161,0.455703639007001,0.401869089800967,0.345226362729923,0.260641582648625,0.208568789511805,0.17753163563532,0.179940068522627,0.163934052526666,0.155437100200977,0.150665358777042
0.55943492858158,0.654711132298227,0.766755884476753,0.868299053582169,0.917114255782217,0.959767591228458,0.989266213194134,1,0.994648722917173,0.980894586843161,0.951529070933337,0.906990368818044,0.874340692261342,0.858067611369778,0.829502612963582,0.791816208391074,0.768204995641046,0.745144359385556,0.706280776595661,0.660946153486377,0.613878291995252,0.54022777223082,0.469404086716304,0.413088719399793,0.350237005279551,0.259965125591387,0.205242764649047,0.172799333573319,0.173930204608779,0.158186130390107,0.149881083091195,0.145223953766117
0.521073461541727,0.613010125537447,0.721792491377398,0.821928186437975,0.875573503880202,0.928826891924465,0.970543744808078,0.994648722917173,1,0.992697082776548,0.969833965988484,0.931539717972348,0.902807671452812,0.887763721175271,0.859928319309841,0.822516953754117,0.798472220695253,0.773893913648785,0.73298637542831,0.685456191870436,0.635461626961042,0.557791829946057,0.483575128743223,0.424710692618441,0.358754584643749,0.265181354280105,0.208658496893323,0.175189009690058,0.173406358186788,0.156458172547595,0.147756351331647,0.142907784759212
0.505250692103242,0.596332106341957,0.704491668401948,0.80495519345661,0.859829571219487,0.913421438077437,0.955789939630261,0.980894586843161,0.992697082776548,1,0.99215780908901,0.968603968627276,0.947613210063661,0.93216687750138,0.903274825463779,0.864300723904136,0.839385239004727,0.813905965899432,0.77120407031498,0.721479374173347,0.668021166458894,0.584990925110943,0.506099535386912,0.44366943899656,0.378381585229203,0.283722531915294,0.225820260105023,0.191384200138857,0.184196143914099,0.16352997888643,0.153389089420864,0.147801578906328
0.481070973660531,0.569862776957552,0.675710415142171,0.774965578421061,0.83026786027153,0.883384640430389,0.925775478020026,0.951529070933337,0.969833965988484,0.99215780908901,1,0.992081989120814,0.979435609867775,0.963810370639559,0.934268693261502,0.894275952157005,0.868842181043795,0.842822003414051,0.798918921105239,0.747686641567469,0.691463403524126,0.604158483286035,0.521639167512944,0.456476585156973,0.392887140869327,0.298561633986368,0.240122329164453,0.205215402393879,0.192537436662208,0.168337427136182,0.156861744630596,0.150594694042773
0.449175214403709,0.534263687519922,0.636116129540052,0.732589106621972,0.787447689641758,0.839247969069533,0.880991565015828,0.906990368818044,0.931539717972348,0.968603968627276,0.992081989120814,1,0.995937866949853,0.980379707211074,0.950651979707822,0.910267506319624,0.884714758904797,0.85856214199326,0.814145678446514,0.762207934976216,0.704094592618427,0.613873692518599,0.529012653949119,0.462133890569113,0.401255591641702,0.308755375486895,0.250699674669543,0.215871074466599,0.19787711409774,0.170508594377987,0.157872998693104,0.15102215001315
0.424529549462013,0.506562145790801,0.605058525753041,0.699043674777289,0.753600426026327,0.80516200059933,0.847261327655285,0.874340692261342,0.902807671452812,0.947613210063661,0.979435609867775,0.995937866949853,1,0.991951547774792,0.969248064852798,0.935165907207066,0.912254449077313,0.885069794860867,0.839087248370828,0.78538628040316,0.724993555433203,0.631449044507261,0.543661412563208,0.474540566362936,0.413703606726639,0.32015734371267,0.261075007397464,0.225556779037954,0.2043809832295,0.174820903988318,0.161334570667135,0.154046438271995
0.409654887221795,0.489621709132098,0.585786069597906,0.677884535333213,0.732442238357382,0.785152385341176,0.828877741948437,0.858067611369778,0.887763721175271,0.93216687750138,0.963810370639559,0.980379707211074,0.991951547774792,1,0.992606010344126,0.972488643708584,0.95535586494704,0.926033449830295,0.87715998865267,0.820348237388639,0.757098040369176,0.659560282763832,0.567979378278112,0.495857048858597,0.431795127272085,0.333632693203678,0.271743556228728,0.234559497064798,0.212675429817357,0.182015266614881,0.168015167509983,0.160447603780616
0.389205776062747,0.465984006516684,0.558459805555479,0.647358059803994,0.701092333412585,0.754107119268634,0.798730579283119,0.829502612963582,0.859928319309841,0.903274825463779,0.934268693261502,0.950651979707822,0.969248064852798,0.992606010344126,1,0.993573774592542,0.982239524941585,0.95131081955586,0.900404473713125,0.841469007331754,0.776435210897854,0.676543126627602,0.582709592938588,0.508799663392019,0.442614117452383,0.341509636417256,0.277864910547541,0.239645756990533,0.217413372142399,0.186161887807176,0.171880808446514,0.164159713677658
0.364952565401557,0.437734701314375,0.525539081015458,0.610268953796895,0.662519591425421,0.715112237573916,0.759978738606194,0.791816208391074,0.822516953754117,0.864300723904136,0.894275952157005,0.910267506319624,0.935165907207066,0.972488643708584,0.993573774592542,1,0.994223802466907,0.962209250754179,0.910085386771925,0.849954660065906,0.784123993784596,0.683367191223249,0.5886830648503,0.514090774191847,0.446806631191975,0.344305539188058,0.27987155911927,0.241196309827936,0.21893528101373,0.187548698266207,0.173195846624123,0.165434438799922
0.353226797713156,0.423640256452597,0.508581691010884,0.590536663854224,0.641264128982966,0.692731821850955,0.736767122111052,0.768204995641046,0.798472220695253,0.839385239004727,0.868842181043795,0.884714758904797,0.912254449077313,0.95535586494704,0.982239524941585,0.994223802466907,1,0.98434693100405,0.945850087212126,0.896491970078122,0.837131168401805,0.736525406842547,0.639837288564518,0.562973582839752,0.491732925275787,0.379986884051371,0.309524873275251,0.267188353656554,0.253187486163893,0.222202979615253,0.20739503512316,0.199291512137404
0.347018013250437,0.41541034375858,0.497774292617427,0.57692589766072,0.625326833013584,0.674270322175372,0.715864564719455,0.745144359385556,0.773893913648785,0.813905965899432,0.842822003414051,0.85856214199326,0.885069794860867,0.926033449830295,0.95131081955586,0.962209250754179,0.98434693100405,1,0.988253336131822,0.960544741966839,0.914727542432085,0.816749110732727,0.718646924138282,0.639415835705575,0.562976836851124,0.437200332220712,0.357446696314072,0.309439209442574,0.310890643003071,0.281256196689366,0.265908289363445,0.257338857537276
0.332847716722193,0.397755776414974,0.475799259525305,0.55051586580038,0.595673887819891,0.641189317088546,0.679613680527195,0.706280776595661,0.73298637542831,0.77120407031498,0.798918921105239,0.814145678446514,0.839087248370828,0.87715998865267,0.900404473713125,0.910085386771925,0.945850087212126,0.988253336131822,1,0.991765951980844,0.958852913978929,0.865633526904503,0.768789097834794,0.689511304003508,0.610500093070992,0.475741993587317,0.389950659733134,0.338241248647083,0.35305509716851,0.325341671417877,0.309914153525894,0.301157695162684
0.31495626384324,0.37577120535611,0.448783401596839,0.518432886432404,0.560057073811148,0.601877058630494,0.636950516206599,0.660946153486377,0.685456191870436,0.721479374173347,0.747686641567469,0.762207934976216,0.78538628040316,0.820348237388639,0.841469007331754,0.849954660065906,0.896491970078122,0.960544741966839,0.991765951980844,1,0.978495353333256,0.890949115011194,0.796909364125507,0.719025576207476,0.63928723250313,0.499438841393406,0.410138940813364,0.356262174632499,0.382005638259431,0.356402975206075,0.341187636291983,0.332432748611506
0.303192513687043,0.358997232220785,0.425491422989176,0.487775359752757,0.52388745352444,0.561631607718577,0.592952768824763,0.613878291995252,0.635461626961042,0.668021166458894,0.691463403524126,0.704094592618427,0.724993555433203,0.757098040369176,0.776435210897854,0.784123993784596,0.837131168401805,0.914727542432085,0.958852913978929,0.978495353333256,1,0.96454433229184,0.902548379531671,0.844451389312064,0.759869661922377,0.592987136227046,0.486564931795292,0.422385339832494,0.438883208192868,0.403505269647807,0.384014772165512,0.372977365963885
0.280238272023989,0.328319890120285,0.38493771169722,0.436421040084788,0.464879936977692,0.496958789850001,0.523222743632161,0.54022777223082,0.557791829946057,0.584990925110943,0.604158483286035,0.613873692518599,0.631449044507261,0.659560282763832,0.676543126627602,0.683367191223249,0.736525406842547,0.816749110732727,0.865633526904503,0.890949115011194,0.96454433229184,1,0.984189209715265,0.955875322545524,0.869592996712924,0.677172385589378,0.554771272878076,0.481015524415954,0.477813530673814,0.429671463060915,0.405207970008816,0.391611211256923
0.253734445668765,0.294728707354625,0.342476008903027,0.384671903985111,0.406867525048523,0.433873831215757,0.455703639007001,0.469404086716304,0.483575128743223,0.506099535386912,0.521639167512944,0.529012653949119,0.543661412563208,0.567979378278112,0.582709592938588,0.5886830648503,0.639837288564518,0.718646924138282,0.768789097834794,0.796909364125507,0.902548379531671,0.984189209715265,1,0.99279527654865,0.908788913696472,0.70685031654036,0.578573333398663,0.501312050317587,0.485016072180391,0.430214542985252,0.403382504849301,0.388606641875538
0.231262393208596,0.266728184743238,0.307619810267729,0.342777359700528,0.360338517142613,0.383429779916189,0.401869089800967,0.413088719399793,0.424710692618441,0.44366943899656,0.456476585156973,0.462133890569113,0.474540566362936,0.495857048858597,0.508799663392019,0.514090774191847,0.562973582839752,0.639415835705575,0.689511304003508,0.719025576207476,0.844451389312064,0.955875322545524,0.99279527654865,1,0.919037122460685,0.714274416545391,0.584318634624294,0.506068876443696,0.481206450304901,0.422880747439806,0.39492668972276,0.379617655676855
0.193805560173003,0.226751963104605,0.265484373549618,0.300557313175705,0.317793903733171,0.333741656092567,0.345226362729923,0.350237005279551,0.358754584643749,0.378381585229203,0.392887140869327,0.401255591641702,0.413703606726639,0.431795127272085,0.442614117452383,0.446806631191975,0.491732925275787,0.562976836851124,0.610500093070992,0.63928723250313,0.759869661922377,0.869592996712924,0.908788913696472,0.919037122460685,1,0.931970870832366,0.856293474900953,0.804323023533904,0.708977069539732,0.587277746029331,0.534038305401201,0.505611274994226
0.138861757286429,0.16650394504924,0.199842438866061,0.231993027521818,0.247875262993433,0.256168101730962,0.260641582648625,0.259965125591387,0.265181354280105,0.283722531915294,0.298561633986368,0.308755375486895,0.32015734371267,0.333632693203678,0.341509636417256,0.344305539188058,0.379986884051371,0.437200332220712,0.475741993587317,0.499438841393406,0.592987136227046,0.677172385589378,0.70685031654036,0.714274416545391,0.931970870832366,1,0.985285177263739,0.965020039222255,0.820648475968597,0.658671134738586,0.589931790391229,0.553561722215197
0.106461164409561,0.130309337033569,0.159545009107398,0.188813589826361,0.203314215208788,0.20761009675637,0.208568789511805,0.205242764649047,0.208658496893323,0.225820260105023,0.240122329164453,0.250699674669543,0.261075007397464,0.271743556228728,0.277864910547541,0.27987155911927,0.309524873275251,0.357446696314072,0.389950659733134,0.410138940813364,0.486564931795292,0.554771272878076,0.578573333398663,0.584318634624294,0.856293474900953,0.985285177263739,1,0.995630680656638,0.834900491059265,0.661512360082752,0.588681638917171,0.550268444473656
0.0874386018806725,0.10891805546482,0.135549446123084,0.162880308836487,0.176446182680554,0.178505086160391,0.17753163563532,0.172799333573319,0.175189009690058,0.191384200138857,0.205215402393879,0.215871074466599,0.225556779037954,0.234559497064798,0.239645756990533,0.241196309827936,0.267188353656554,0.309439209442574,0.338241248647083,0.356262174632499,0.422385339832494,0.481015524415954,0.501312050317587,0.506068876443696,0.804323023533904,0.965020039222255,0.995630680656638,1,0.832326965393607,0.654856225781362,0.580693969167576,0.541641196952362
0.114817940538095,0.133490030877604,0.155264704963978,0.17457053723132,0.181001595862172,0.182068772761387,0.179940068522627,0.173930204608779,0.173406358186788,0.184196143914099,0.192537436662208,0.19787711409774,0.2043809832295,0.212675429817357,0.217413372142399,0.21893528101373,0.253187486163893,0.310890643003071,0.35305509716851,0.382005638259431,0.438883208192868,0.477813530673814,0.485016072180391,0.481206450304901,0.708977069539732,0.820648475968597,0.834900491059265,0.832326965393607,1,0.963910161758474,0.934504589553106,0.916664456721501
0.11684320972517,0.132291021000993,0.149530863439764,0.162995631518974,0.165386898573925,0.16613002692737,0.163934052526666,0.158186130390107,0.156458172547595,0.16352997888643,0.168337427136182,0.170508594377987,0.174820903988318,0.182015266614881,0.186161887807176,0.187548698266207,0.222202979615253,0.281256196689366,0.325341671417877,0.356402975206075,0.403505269647807,0.429671463060915,0.430214542985252,0.422880747439806,0.587277746029331,0.658671134738586,0.661512360082752,0.654856225781362,0.963910161758474,1,0.995542515598007,0.989982142752853
0.115545992597444,0.129585209209659,0.144921281208027,0.156084625257079,0.157003523871787,0.157619041266103,0.155437100200977,0.149881083091195,0.147756351331647,0.153389089420864,0.156861744630596,0.157872998693104,0.161334570667135,0.168015167509983,0.171880808446514,0.173195846624123,0.20739503512316,0.265908289363445,0.309914153525894,0.341187636291983,0.384014772165512,0.405207970008816,0.403382504849301,0.39492668972276,0.534038305401201,0.589931790391229,0.588681638917171,0.580693969167576,0.934504589553106,0.995542515598007,1,0.998885730745607
0.11451039517788,0.127797798917181,0.142129936477203,0.152104318743899,0.152283376876935,0.152832979516658,0.150665358777042,0.145223953766117,0.142907784759212,0.147801578906328,0.150594694042773,0.15102215001315,0.154046438271995,0.160447603780616,0.164159713677658,0.165434438799922,0.199291512137404,0.257338857537276,0.301157695162684,0.332432748611506,0.372977365963885,0.391611211256923,0.388606641875538,0.379617655676855,0.505611274994226,0.553561722215197,0.550268444473656,0.541641196952362,0.916664456721501,0.989982142752853,0.998885730745607,1
