1,0.982520424084837,0.902589428241289,0.754615051519093,0.743793621197055,0.70989145334233,0.649928862674254,0.638060696134351,0.611037249972121,0.56729439123672,0.547542580955619,0.524119336328826,0.49075755275072,0.462591751246923,0.43221292577402,0.395459656844629,0.364950490202241,0.339785416265642,0.312369403152872,0.286852801463128,0.259286589264199,0.230528812713352,0.19300175775621,0.119120322403915,0.0844914281017107,0.0666184285377246,0.0665455795059949,0.0639776266839804,0.0613821231762988,0.0279839495946471,0.00650276424085944,-0.00476083349627263
0.982520424084837,1,0.966952645368676,0.86350466892552,0.850731536002602,0.811510923112788,0.742471349465517,0.730350469858459,0.701028212754684,0.652587404781901,0.629664451415912,0.602077694136896,0.563092581716095,0.531040525736457,0.496909497541636,0.455405355673932,0.422143904895292,0.395884022288247,0.36663562969026,0.338740472485276,0.307149609292318,0.273886101769332,0.230667477907156,0.145142208356395,0.104686629930541,0.0837599480287837,0.0845092134962854,0.0817628341370843,0.0787878780328687,0.0452354228407496,0.0223837534562068,0.0100666377568014
0.902589428241289,0.966952645368676,1,0.963430212436254,0.948711949890792,0.904442314544651,0.826905357201128,0.815129099322361,0.784329404768035,0.732214833442137,0.706255025416368,0.674538049921679,0.630072928282549,0.594524849513439,0.557199869530092,0.511554179065822,0.476418701589128,0.450155856448363,0.420064637579464,0.390501498968861,0.355198784204592,0.317659861477191,0.26910902349068,0.172510307047185,0.126380003544889,0.102463578228776,0.104296106083174,0.101461863828811,0.0981367472223839,0.0662850507960667,0.0428586316378078,0.0298005451173597
0.754615051519093,0.86350466892552,0.963430212436254,1,0.987725164090383,0.945056021224403,0.867841911022757,0.857222061074964,0.826717783308006,0.773820399280375,0.746567853778562,0.712804419891477,0.665576354803408,0.628836006482217,0.59071430485615,0.543690361244323,0.508932393127577,0.484464758574438,0.455422901511509,0.425843307735772,0.388406170538111,0.348237586875066,0.296554760044942,0.193264419313252,0.143490228699909,0.117630086469335,0.120657843702089,0.117934092051288,0.114433699124969,0.0873444672278561,0.0651218955698095,0.0522050552454803
0.743793621197055,0.850731536002602,0.948711949890792,0.987725164090383,1,0.984519295480998,0.934796660828955,0.924030303946002,0.891515641919861,0.834867021310408,0.808330376053772,0.775258272599665,0.727442667722858,0.690846787192961,0.652552498259455,0.604210355607036,0.568848256890601,0.544243716211993,0.51415584825455,0.482381125363106,0.44014492207654,0.394767316811336,0.336784171235521,0.221154274846833,0.165189307353985,0.136087990623311,0.140417892780902,0.137741150795587,0.133975150130611,0.112344238601197,0.0914405801239354,0.0786367486115516
0.70989145334233,0.811510923112788,0.904442314544651,0.945056021224403,0.984519295480998,1,0.982580546233455,0.971964755928103,0.938145412662217,0.878944702109187,0.853987694099335,0.822658849129768,0.775582777796427,0.740219599719118,0.702851927289524,0.654444838737243,0.61943933605196,0.595400963895681,0.565019557044406,0.531711201582605,0.485325496480201,0.435430272601324,0.372073716940521,0.245980122931056,0.184705623091165,0.152818682464029,0.158483070768149,0.155937385659652,0.151983515169662,0.137110262591377,0.118298100614449,0.105995647192653
0.649928862674254,0.742471349465517,0.826905357201128,0.867841911022757,0.934796660828955,0.982580546233455,1,0.989903011631892,0.9558445829157,0.895940943470296,0.873503119708716,0.845082516825578,0.800383259520477,0.767523498055751,0.732402531482171,0.685564337117758,0.65212125505255,0.629496453374847,0.599831712718389,0.566024237174718,0.516808372762107,0.463811429774781,0.396901235412384,0.263979585556034,0.199148731567505,0.165387152213314,0.172274791142601,0.169954187497951,0.165934898387931,0.158729682115403,0.142771506784501,0.131416869133179
0.638060696134351,0.730350469858459,0.815129099322361,0.857222061074964,0.924030303946002,0.971964755928103,0.989903011631892,1,0.987847736186212,0.949851700882421,0.931640443369503,0.902785506734021,0.856499478382158,0.823634601827449,0.788663654549948,0.740916003976583,0.707161233945234,0.684595727732198,0.65413016319362,0.619688009568053,0.56924255397774,0.513708661257233,0.442623428843721,0.298144569380979,0.227105841280322,0.190055568053541,0.199834808745748,0.198237451433728,0.194258061773231,0.190142830932345,0.173610130829253,0.161290218760659
0.611037249972121,0.701028212754684,0.784329404768035,0.826717783308006,0.891515641919861,0.938145412662217,0.9558445829157,0.987847736186212,1,0.986910282344296,0.973724508822271,0.945024582543467,0.898037123470088,0.865894837292905,0.831867993974922,0.784204457826248,0.750867250062933,0.728870221018717,0.698219706597032,0.663880128054784,0.613279717881114,0.556277456330782,0.482290678948522,0.328541798129843,0.252371299736881,0.212588876088791,0.225300015858853,0.224529983201634,0.220686698575405,0.219967700649825,0.203153222658857,0.190047672048397
0.56729439123672,0.652587404781901,0.732214833442137,0.773820399280375,0.834867021310408,0.878944702109187,0.895940943470296,0.949851700882421,0.986910282344296,1,0.992367580079556,0.964566054269679,0.918058315707191,0.88749182196038,0.855319047048356,0.808967695371252,0.776920488167833,0.756078618920997,0.726023887068154,0.692673235211638,0.643212423940173,0.58615147099115,0.511055409962711,0.351639059675551,0.272101293218871,0.23050633277213,0.245932976188301,0.246041172891448,0.242437880875142,0.245261325465722,0.228586587669159,0.215002650613944
0.547542580955619,0.629664451415912,0.706255025416368,0.746567853778562,0.808330376053772,0.853987694099335,0.873503119708716,0.931640443369503,0.973724508822271,0.992367580079556,1,0.98948587594044,0.959293148219396,0.935706146266382,0.905452298630707,0.85997587920652,0.828256012790277,0.807109374999907,0.775996281251326,0.741429957229074,0.689748055104086,0.629583016942512,0.550100267454744,0.380148852108362,0.295086361131912,0.250589169267634,0.269073391387262,0.270173926342145,0.266844397476673,0.270154617623268,0.251859394753778,0.236932426257267
0.524119336328826,0.602077694136896,0.674538049921679,0.712804419891477,0.775258272599665,0.822658849129768,0.845082516825578,0.902785506734021,0.945024582543467,0.964566054269679,0.98948587594044,1,0.990052166457837,0.975003336837302,0.947171274816274,0.903201699087408,0.872108587327255,0.850680087395179,0.818644292617752,0.78293476907273,0.729124367080094,0.666144820425145,0.582815138068264,0.403932191401555,0.314205597392816,0.267264587904121,0.288601846262265,0.29070659953241,0.287712158424089,0.290809148672654,0.270800605478352,0.254576334065492
0.49075755275072,0.563092581716095,0.630072928282549,0.665576354803408,0.727442667722858,0.775582777796427,0.800383259520477,0.856499478382158,0.898037123470088,0.918058315707191,0.959293148219396,0.990052166457837,1,0.993561039811412,0.968646526728088,0.927030007867502,0.897173970894752,0.875903614296336,0.84361654837718,0.807515367313781,0.752719982076155,0.688273078345913,0.602882251046062,0.418919596465605,0.326465951514813,0.278094607145227,0.30177689308493,0.304816119562373,0.302208080680907,0.305035147313004,0.28376352426327,0.266604536800417
0.462591751246923,0.531040525736457,0.594524849513439,0.628836006482217,0.690846787192961,0.740219599719118,0.767523498055751,0.823634601827449,0.865894837292905,0.88749182196038,0.935706146266382,0.975003336837302,0.993561039811412,1,0.989817497131645,0.961712954950943,0.938402865870806,0.917310639161931,0.884539351059148,0.848149263816957,0.792720115937756,0.726567441201376,0.638598365039349,0.447128229651056,0.350335670524825,0.299648021062621,0.327159761491969,0.331578322779276,0.329452037955957,0.331696464926346,0.308029883075921,0.289105333208004
0.43221292577402,0.496909497541636,0.557199869530092,0.59071430485615,0.652552498259455,0.702851927289524,0.732402531482171,0.788663654549948,0.831867993974922,0.855319047048356,0.905452298630707,0.947171274816274,0.968646526728088,0.989817497131645,1,0.990930453537163,0.976899622615689,0.956220149861237,0.923209870502522,0.886974089555438,0.831681474405868,0.764436148077521,0.67461118485592,0.476599589947184,0.375777280525254,0.32291556922415,0.354636136397489,0.360586646871314,0.359006090277987,0.360499386847595,0.334172468806844,0.313304317800365
0.395459656844629,0.455405355673932,0.511554179065822,0.543690361244323,0.604210355607036,0.654444838737243,0.685564337117758,0.740916003976583,0.784204457826248,0.808967695371252,0.85997587920652,0.903201699087408,0.927030007867502,0.961712954950943,0.990930453537163,1,0.994991216394493,0.975087733995685,0.94246854244617,0.907055394307065,0.852924655966054,0.785904118984567,0.696005262425568,0.495517601542112,0.392774655461607,0.338848130114577,0.373949357727748,0.381234909602755,0.380199066394626,0.380955373464128,0.352608855345189,0.330295743870159
0.364950490202241,0.422143904895292,0.476418701589128,0.508932393127577,0.568848256890601,0.61943933605196,0.65212125505255,0.707161233945234,0.750867250062933,0.776920488167833,0.828256012790277,0.872108587327255,0.897173970894752,0.938402865870806,0.976899622615689,0.994991216394493,1,0.99064387886617,0.967069849869684,0.938189607375475,0.886513030365399,0.820313541685678,0.729969793272709,0.523677255496112,0.417256121774319,0.361301561332738,0.397847373983725,0.405110131469674,0.403703363757797,0.402456465752694,0.371334911512396,0.347179408268599
0.339785416265642,0.395884022288247,0.450155856448363,0.484464758574438,0.544243716211993,0.595400963895681,0.629496453374847,0.684595727732198,0.728870221018717,0.756078618920997,0.807109374999907,0.850680087395179,0.875903614296336,0.917310639161931,0.956220149861237,0.975087733995685,0.99064387886617,1,0.992755559339851,0.975234857178264,0.927202719641083,0.862504495399677,0.771666589297568,0.557457065921221,0.44625499532982,0.387661656293657,0.423822455105437,0.429864789612113,0.427308849269168,0.423028020679562,0.388653694720814,0.362438905636581
0.312369403152872,0.36663562969026,0.420064637579464,0.455422901511509,0.51415584825455,0.565019557044406,0.599831712718389,0.65413016319362,0.698219706597032,0.726023887068154,0.775996281251326,0.818644292617752,0.84361654837718,0.884539351059148,0.923209870502522,0.94246854244617,0.967069849869684,0.992755559339851,1,0.992751595056476,0.94867167397309,0.886296813109153,0.796430167346627,0.578566773106106,0.464877112616379,0.404867689823462,0.440129689622889,0.44500400673321,0.441475894039141,0.434590238346629,0.397884312726219,0.370262357166332
0.286852801463128,0.338740472485276,0.390501498968861,0.425843307735772,0.482381125363106,0.531711201582605,0.566024237174718,0.619688009568053,0.663880128054784,0.692673235211638,0.741429957229074,0.78293476907273,0.807515367313781,0.848149263816957,0.886974089555438,0.907055394307065,0.938189607375475,0.975234857178264,0.992751595056476,1,0.976769548161917,0.929264754072198,0.852075177849703,0.638979471222498,0.524056556639294,0.462838950741066,0.495599513451282,0.496840699302817,0.490217794875567,0.477411393669998,0.434215186710299,0.402445894599041
0.259286589264199,0.307149609292318,0.355198784204592,0.388406170538111,0.44014492207654,0.485325496480201,0.516808372762107,0.56924255397774,0.613279717881114,0.643212423940173,0.689748055104086,0.729124367080094,0.752719982076155,0.792720115937756,0.831681474405868,0.852924655966054,0.886513030365399,0.927202719641083,0.94867167397309,0.976769548161917,1,0.986840232250586,0.940986029630047,0.748446071558052,0.635895597267415,0.574702927717627,0.602052020520608,0.59594722466784,0.583151972096745,0.559637448593342,0.504381530828248,0.464848411621925
0.230528812713352,0.273886101769332,0.317659861477191,0.348237586875066,0.394767316811336,0.435430272601324,0.463811429774781,0.513708661257233,0.556277456330782,0.58615147099115,0.629583016942512,0.666144820425145,0.688273078345913,0.726567441201376,0.764436148077521,0.785904118984567,0.820313541685678,0.862504495399677,0.886296813109153,0.929264754072198,0.986840232250586,1,0.979197694320926,0.808077267135317,0.700770993787722,0.641475066198896,0.663901524536399,0.652441029945977,0.635380987353695,0.604508081915542,0.541848019269747,0.497669781351184
0.19300175775621,0.230667477907156,0.26910902349068,0.296554760044942,0.336784171235521,0.372073716940521,0.396901235412384,0.442623428843721,0.482290678948522,0.511055409962711,0.550100267454744,0.582815138068264,0.602882251046062,0.638598365039349,0.67461118485592,0.696005262425568,0.729969793272709,0.771666589297568,0.796430167346627,0.852075177849703,0.940986029630047,0.979197694320926,1,0.903893279770251,0.820708216768525,0.771967473812632,0.780804228713205,0.75660019363781,0.729844081796265,0.688819377288274,0.614516285552899,0.56273579749467
0.119120322403915,0.145142208356395,0.172510307047185,0.193264419313252,0.221154274846833,0.245980122931056,0.263979585556034,0.298144569380979,0.328541798129843,0.351639059675551,0.380148852108362,0.403932191401555,0.418919596465605,0.447128229651056,0.476599589947184,0.495517601542112,0.523677255496112,0.557457065921221,0.578566773106106,0.638979471222498,0.748446071558052,0.808077267135317,0.903893279770251,1,0.98623114861553,0.969681560920814,0.946427065422123,0.896317655462909,0.850926110006765,0.797050984134799,0.70834532324654,0.647075494856623
0.0844914281017107,0.104686629930541,0.126380003544889,0.143490228699909,0.165189307353985,0.184705623091165,0.199148731567505,0.227105841280322,0.252371299736881,0.272101293218871,0.295086361131912,0.314205597392816,0.326465951514813,0.350335670524825,0.375777280525254,0.392774655461607,0.417256121774319,0.44625499532982,0.464877112616379,0.524056556639294,0.635895597267415,0.700770993787722,0.820708216768525,0.98623114861553,1,0.996738391247976,0.962261524597953,0.904688783868092,0.854404238359096,0.798304635422284,0.708548143126388,0.646729810771383
0.0666184285377246,0.0837599480287837,0.102463578228776,0.117630086469335,0.136087990623311,0.152818682464029,0.165387152213314,0.190055568053541,0.212588876088791,0.23050633277213,0.250589169267634,0.267264587904121,0.278094607145227,0.299648021062621,0.32291556922415,0.338848130114577,0.361301561332738,0.387661656293657,0.404867689823462,0.462838950741066,0.574702927717627,0.641475066198896,0.771967473812632,0.969681560920814,0.996738391247976,1,0.961342581761801,0.901248127463054,0.849403905543605,0.7925401387026,0.702883455675687,0.641239468836732
0.0665455795059949,0.0845092134962854,0.104296106083174,0.120657843702089,0.140417892780902,0.158483070768149,0.172274791142601,0.199834808745748,0.225300015858853,0.245932976188301,0.269073391387262,0.288601846262265,0.30177689308493,0.327159761491969,0.354636136397489,0.373949357727748,0.397847373983725,0.423822455105437,0.440129689622889,0.495599513451282,0.602052020520608,0.663901524536399,0.780804228713205,0.946427065422123,0.962261524597953,0.961342581761801,1,0.985720502560436,0.96188496545981,0.889357428499034,0.781219122418443,0.708309192769593
0.0639776266839804,0.0817628341370843,0.101461863828811,0.117934092051288,0.137741150795587,0.155937385659652,0.169954187497951,0.198237451433728,0.224529983201634,0.246041172891448,0.270173926342145,0.29070659953241,0.304816119562373,0.331578322779276,0.360586646871314,0.381234909602755,0.405110131469674,0.429864789612113,0.44500400673321,0.496840699302817,0.59594722466784,0.652441029945977,0.75660019363781,0.896317655462909,0.904688783868092,0.901248127463054,0.985720502560436,1,0.994196637085166,0.914840371589966,0.799500474586708,0.722465748540175
0.0613821231762988,0.0787878780328687,0.0981367472223839,0.114433699124969,0.133975150130611,0.151983515169662,0.165934898387931,0.194258061773231,0.220686698575405,0.242437880875142,0.266844397476673,0.287712158424089,0.302208080680907,0.329452037955957,0.359006090277987,0.380199066394626,0.403703363757797,0.427308849269168,0.441475894039141,0.490217794875567,0.583151972096745,0.635380987353695,0.729844081796265,0.850926110006765,0.854404238359096,0.849403905543605,0.96188496545981,0.994196637085166,1,0.917465579560321,0.799246411633773,0.720726323873993
0.0279839495946471,0.0452354228407496,0.0662850507960667,0.0873444672278561,0.112344238601197,0.137110262591377,0.158729682115403,0.190142830932345,0.219967700649825,0.245261325465722,0.270154617623268,0.290809148672654,0.305035147313004,0.331696464926346,0.360499386847595,0.380955373464128,0.402456465752694,0.423028020679562,0.434590238346629,0.477411393669998,0.559637448593342,0.604508081915542,0.688819377288274,0.797050984134799,0.798304635422284,0.7925401387026,0.889357428499034,0.914840371589966,0.917465579560321,1,0.972350304557406,0.936977908783084
0.00650276424085944,0.0223837534562068,0.0428586316378078,0.0651218955698095,0.0914405801239354,0.118298100614449,0.142771506784501,0.173610130829253,0.203153222658857,0.228586587669159,0.251859394753778,0.270800605478352,0.28376352426327,0.308029883075921,0.334172468806844,0.352608855345189,0.371334911512396,0.388653694720814,0.397884312726219,0.434215186710299,0.504381530828248,0.541848019269747,0.614516285552899,0.70834532324654,0.708548143126388,0.702883455675687,0.781219122418443,0.799500474586708,0.799246411633773,0.972350304557406,1,0.992662447186844
-0.00476083349627263,0.0100666377568014,0.0298005451173597,0.0522050552454803,0.0786367486115516,0.105995647192653,0.131416869133179,0.161290218760659,0.190047672048397,0.215002650613944,0.236932426257267,0.254576334065492,0.266604536800417,0.289105333208004,0.313304317800365,0.330295743870159,0.347179408268599,0.362438905636581,0.370262357166332,0.402445894599041,0.464848411621925,0.497669781351184,0.56273579749467,0.647075494856623,0.646729810771383,0.641239468836732,0.708309192769593,0.722465748540175,0.720726323873993,0.936977908783084,0.992662447186844,1
