1,0.989918736981031,0.93832378310621,0.790043241222819,0.617976010555051,0.60484104843109,0.571979860123248,0.512248609542235,0.462211811941873,0.452015925456108,0.429037886256815,0.391145133441863,0.364830848428463,0.35944138313717,0.345229244190795,0.323252065385435,0.309164320042917,0.297440919510313,0.276469981511626,0.251697559910327,0.235071717135226,0.20797079291806,0.181143952326171,0.160736105900085,0.152924620916783,0.135602061908874,0.121585229193598,0.112175768264562,0.115634947028861,0.10464976403834,0.0961162393958944,0.090698202400975
0.989918736981031,1,0.977836218524297,0.868909014049101,0.722914162118859,0.708299823960066,0.670745023861053,0.601829929754805,0.543838913179997,0.53183873105026,0.504798645818312,0.460209787102932,0.428585424671878,0.420740210560904,0.402533737711589,0.375315170140087,0.357888091532662,0.343819719430045,0.319119274934885,0.290109416820366,0.26970756005993,0.237185282133581,0.205593713181966,0.181707439989795,0.172918168571818,0.153608201275058,0.137887694231007,0.127316948392029,0.131810292492741,0.119666371984958,0.110091989871049,0.103993392917502
0.93832378310621,0.977836218524297,1,0.953283589140346,0.851241179137053,0.834981681308835,0.791880658364306,0.711944154194255,0.64434448109817,0.630121936611956,0.5980794872766,0.545244985133242,0.506943303188429,0.495758720336866,0.472322548985888,0.43836489341691,0.416647468574519,0.399634150809769,0.37033619045614,0.336137712810579,0.310910259103217,0.271579452054051,0.234115499280266,0.205972685525626,0.196063806009197,0.174531739783751,0.156875510133522,0.144979935779849,0.150835462672439,0.137428790896089,0.1266706682723,0.119792099159875
0.790043241222819,0.868909014049101,0.953283589140346,1,0.969401433988337,0.952047854759661,0.904336636044402,0.814789169339837,0.738645993944764,0.722336295450014,0.685598077067285,0.625024672807071,0.580103191979495,0.564980790980566,0.535843595476291,0.494835174344068,0.468636749731691,0.448713365576855,0.415087768868352,0.37609446270184,0.345889977690248,0.299831050932709,0.256842720709955,0.224773320167837,0.214028860034379,0.190985234529855,0.171925619165161,0.159054716894521,0.166414780528844,0.152241258808021,0.14062185680761,0.133159260323828
0.617976010555051,0.722914162118859,0.851241179137053,0.969401433988337,1,0.989489863883941,0.948996958390202,0.866061311109326,0.792971390755824,0.775749103545737,0.736627592518892,0.671926081226014,0.623275533152434,0.605666301292685,0.573002133673325,0.527682083514091,0.498540642664062,0.476484636625418,0.43997824602104,0.397919519178391,0.363607158101416,0.312397366757105,0.26561994075536,0.230986297561752,0.220023002428243,0.19689730916985,0.177565694805026,0.164474294978499,0.17359984765495,0.159822613547691,0.148109302719346,0.140530821135438
0.60484104843109,0.708299823960066,0.834981681308835,0.952047854759661,0.989489863883941,1,0.984613822515645,0.929251017327024,0.872407556588296,0.854352950331677,0.812304184300103,0.742138445598547,0.689551158062957,0.671045298933098,0.635881592698668,0.586645413702941,0.554345508255614,0.528960987632581,0.48763448624151,0.440291724529692,0.399593690601351,0.339991424728106,0.286694466491274,0.247535705736111,0.23586905712593,0.211751275465,0.191340368032672,0.177473457824524,0.189838207699334,0.176453720602588,0.164324796871114,0.15638151038493
0.571979860123248,0.670745023861053,0.791880658364306,0.904336636044402,0.948996958390202,0.984613822515645,1,0.979512552155129,0.943898680170387,0.925345361042989,0.880940186160862,0.806141962141267,0.750274352180063,0.731204741371943,0.694008118097591,0.641422400507593,0.606212863575742,0.577518981334539,0.531528365001356,0.479129839291686,0.431858136600982,0.363788050249643,0.304109528775046,0.260582251718327,0.248393319086554,0.223754048695286,0.202612154639073,0.188197561525665,0.204129425650785,0.191595485280465,0.179304981332405,0.171143950924362
0.512248609542235,0.601829929754805,0.711944154194255,0.814789169339837,0.866061311109326,0.929251017327024,0.979512552155129,1,0.990213163908441,0.971794198401513,0.926370523219946,0.849092345610075,0.791579561573798,0.772589083056917,0.734471260840472,0.680035170307604,0.642818125720179,0.611407046600774,0.561799023044689,0.505576641507511,0.452535840519928,0.377308649364588,0.312556598444107,0.265658428197169,0.253333443322604,0.229034878541107,0.207858588834985,0.193363735548914,0.212797595409581,0.201722898727346,0.189715915302413,0.181615854946089
0.462211811941873,0.543838913179997,0.64434448109817,0.738645993944764,0.792971390755824,0.872407556588296,0.943898680170387,0.990213163908441,1,0.989616206161683,0.952870249001195,0.884189732315239,0.831245668484813,0.812117858607673,0.772902518641519,0.716492093306866,0.677516290042259,0.64400374962402,0.59137149342002,0.531842264003575,0.474653609012671,0.394007550817512,0.325100269616705,0.275334826991807,0.262150036739831,0.236954565939033,0.215017469565761,0.200005424729553,0.221345528096443,0.210647802187084,0.198490884378307,0.190233623240266
0.452015925456108,0.53183873105026,0.630121936611956,0.722336295450014,0.775749103545737,0.854352950331677,0.925345361042989,0.971794198401513,0.989616206161683,1,0.986581911080858,0.942151146836627,0.901942725916065,0.881478388909737,0.839217475747437,0.778277971937898,0.736379615320552,0.700494399349467,0.643749379420562,0.579409376808422,0.51862942166595,0.432376602174791,0.358145478448295,0.304385020447226,0.288565698747801,0.25928934538333,0.234425089609418,0.2175171815129,0.23882190236762,0.226142018328103,0.212565197781376,0.203423211296884
0.429037886256815,0.504798645818312,0.5980794872766,0.685598077067285,0.736627592518892,0.812304184300103,0.880940186160862,0.926370523219946,0.952870249001195,0.986581911080858,1,0.984234491988362,0.959506119492819,0.938039601857212,0.893384776925633,0.82883720596585,0.784675533352845,0.746999992651701,0.687014037699445,0.618831730531349,0.555504897616809,0.465058105684526,0.386651271706337,0.329708378195246,0.311295372633242,0.278121732249162,0.25055944899729,0.231924348543029,0.252651724442603,0.238040025795833,0.223192664741807,0.213276224710693
0.391145133441863,0.460209787102932,0.545244985133242,0.625024672807071,0.671926081226014,0.742138445598547,0.806141962141267,0.849092345610075,0.884189732315239,0.942151146836627,0.984234491988362,1,0.992790591329002,0.970888869674957,0.924993806248477,0.858493471321998,0.813218092427276,0.774744701549425,0.713065476277536,0.642786791614132,0.578619799463645,0.486370311158564,0.405815736441347,0.347150736483135,0.326485913092364,0.290095519617822,0.260445618469461,0.240504107073414,0.259977971495817,0.243716278180145,0.227942426822966,0.217487497456212
0.364830848428463,0.428585424671878,0.506943303188429,0.580103191979495,0.623275533152434,0.689551158062957,0.750274352180063,0.791579561573798,0.831245668484813,0.901942725916065,0.959506119492819,0.992790591329002,1,0.988285963896586,0.952382574759825,0.894973230894753,0.85381946871462,0.814187554848652,0.75007954049372,0.676802977504544,0.610466581092177,0.514468909550559,0.430236348634495,0.368781258509636,0.349279802539957,0.312453559215846,0.28171180713971,0.260901056358055,0.278479159320674,0.258520788324899,0.240597369332194,0.228878774743444
0.35944138313717,0.420740210560904,0.495758720336866,0.564980790980566,0.605666301292685,0.671045298933098,0.731204741371943,0.772589083056917,0.812117858607673,0.881478388909737,0.938039601857212,0.970888869674957,0.988285963896586,1,0.987759016488705,0.952573353904556,0.921565279948527,0.879753212348935,0.811381725602014,0.732937425868556,0.661794127727392,0.558218119000247,0.467183680182932,0.400724269001977,0.386461599085584,0.352241966399082,0.321260991314818,0.299856672134492,0.315019080933941,0.288526763825944,0.266668144188081,0.252610759492702
0.345229244190795,0.402533737711589,0.472322548985888,0.535843595476291,0.573002133673325,0.635881592698668,0.694008118097591,0.734471260840472,0.772902518641519,0.839217475747437,0.893384776925633,0.924993806248477,0.952382574759825,0.987759016488705,1,0.988381353620179,0.968494111237332,0.925466126080795,0.854392452491656,0.772565612130309,0.698231799657058,0.589417892692623,0.493635500180635,0.423670374869065,0.415107673060705,0.38438087569362,0.353905562144082,0.332412835571254,0.344738998322041,0.312209759615438,0.286858219779502,0.270750721702772
0.323252065385435,0.375315170140087,0.43836489341691,0.494835174344068,0.527682083514091,0.586645413702941,0.641422400507593,0.680035170307604,0.716492093306866,0.778277971937898,0.82883720596585,0.858493471321998,0.894973230894753,0.952573353904556,0.988381353620179,1,0.991417174001638,0.948217546454623,0.876184379980048,0.7929883064911,0.717295938594469,0.60594038149308,0.50778689759954,0.436053219677549,0.433246190440949,0.406646315682238,0.377381299021566,0.356308501750325,0.365580789231574,0.327935112132089,0.299777002607635,0.282051144112271
0.309164320042917,0.357888091532662,0.416647468574519,0.468636749731691,0.498540642664062,0.554345508255614,0.606212863575742,0.642818125720179,0.677516290042259,0.736379615320552,0.784675533352845,0.813218092427276,0.85381946871462,0.921565279948527,0.968494111237332,0.991417174001638,1,0.978857390278936,0.925345728906311,0.856462606432567,0.786300936149042,0.669434223634119,0.564795422348989,0.487877963359355,0.486511712951416,0.457285952329481,0.424722443072294,0.401218977585851,0.404446537514912,0.35762360606483,0.32437897180655,0.3037096567447
0.297440919510313,0.343819719430045,0.399634150809769,0.448713365576855,0.476484636625418,0.528960987632581,0.577518981334539,0.611407046600774,0.64400374962402,0.700494399349467,0.746999992651701,0.774744701549425,0.814187554848652,0.879753212348935,0.925466126080795,0.948217546454623,0.978857390278936,1,0.983329083215598,0.943942171279704,0.886652798095485,0.7635924523509,0.650557598647612,0.566702703394947,0.562835398829278,0.525351100934601,0.485971755693822,0.457868260765485,0.452379771540151,0.393614356603164,0.353844069462614,0.329416860488156
0.276469981511626,0.319119274934885,0.37033619045614,0.415087768868352,0.43997824602104,0.48763448624151,0.531528365001356,0.561799023044689,0.59137149342002,0.643749379420562,0.687014037699445,0.713065476277536,0.75007954049372,0.811381725602014,0.854392452491656,0.876184379980048,0.925345728906311,0.983329083215598,1,0.988231449181691,0.944417090815495,0.820215231259353,0.70372539722346,0.616677295408646,0.610723769551803,0.56722724702139,0.523185415745238,0.49198932440334,0.478947122771407,0.411649299912128,0.36748835810469,0.340586807998476
0.251697559910327,0.290109416820366,0.336137712810579,0.37609446270184,0.397919519178391,0.440291724529692,0.479129839291686,0.505576641507511,0.531842264003575,0.579409376808422,0.618831730531349,0.642786791614132,0.676802977504544,0.732937425868556,0.772565612130309,0.7929883064911,0.856462606432567,0.943942171279704,0.988231449181691,1,0.968651400433567,0.846692762884452,0.730301065459074,0.642811931245458,0.635256958668491,0.587824630420468,0.540996507077969,0.508003444634047,0.488943182392508,0.416203385406986,0.369487898041724,0.341198707487854
0.235071717135226,0.26970756005993,0.310910259103217,0.345889977690248,0.363607158101416,0.399593690601351,0.431858136600982,0.452535840519928,0.474653609012671,0.51862942166595,0.555504897616809,0.578619799463645,0.610466581092177,0.661794127727392,0.698231799657058,0.717295938594469,0.786300936149042,0.886652798095485,0.944417090815495,0.968651400433567,1,0.951034747937286,0.874619684940765,0.809698933098957,0.78645928613262,0.701864212306257,0.631865844544005,0.58459093463433,0.556704485733435,0.471181884655232,0.416899445798682,0.384136820376714
0.20797079291806,0.237185282133581,0.271579452054051,0.299831050932709,0.312397366757105,0.339991424728106,0.363788050249643,0.377308649364588,0.394007550817512,0.432376602174791,0.465058105684526,0.486370311158564,0.514468909550559,0.558218119000247,0.589417892692623,0.60594038149308,0.669434223634119,0.7635924523509,0.820215231259353,0.846692762884452,0.951034747937286,1,0.981640612149277,0.951436364151237,0.910344130535161,0.785807845610679,0.69241373659744,0.631078539974814,0.596934701837945,0.504151107279048,0.44550887575782,0.410157514319451
0.181143952326171,0.205593713181966,0.234115499280266,0.256842720709955,0.26561994075536,0.286694466491274,0.304109528775046,0.312556598444107,0.325100269616705,0.358145478448295,0.386651271706337,0.405815736441347,0.430236348634495,0.467183680182932,0.493635500180635,0.50778689759954,0.564795422348989,0.650557598647612,0.70372539722346,0.730301065459074,0.874619684940765,0.981640612149277,1,0.992686991970134,0.942573803278136,0.799438795416513,0.696143618155516,0.629111078348785,0.592764309202776,0.500006960379184,0.441522876657003,0.406291216894893
0.160736105900085,0.181707439989795,0.205972685525626,0.224773320167837,0.230986297561752,0.247535705736111,0.260582251718327,0.265658428197169,0.275334826991807,0.304385020447226,0.329708378195246,0.347150736483135,0.368781258509636,0.400724269001977,0.423670374869065,0.436053219677549,0.487877963359355,0.566702703394947,0.616677295408646,0.642811931245458,0.809698933098957,0.951436364151237,0.992686991970134,1,0.945126332144639,0.792930330799971,0.685324526228566,0.615955301572598,0.578902458884595,0.487917841897639,0.430641093171082,0.396152211662331
0.152924620916783,0.172918168571818,0.196063806009197,0.214028860034379,0.220023002428243,0.23586905712593,0.248393319086554,0.253333443322604,0.262150036739831,0.288565698747801,0.311295372633242,0.326485913092364,0.349279802539957,0.386461599085584,0.415107673060705,0.433246190440949,0.486511712951416,0.562835398829278,0.610723769551803,0.635256958668491,0.78645928613262,0.910344130535161,0.942573803278136,0.945126332144639,1,0.948157435453815,0.885049411661843,0.838784099790928,0.769768060607781,0.625230582679605,0.539543090618318,0.488863042373065
0.135602061908874,0.153608201275058,0.174531739783751,0.190985234529855,0.19689730916985,0.211751275465,0.223754048695286,0.229034878541107,0.236954565939033,0.25928934538333,0.278121732249162,0.290095519617822,0.312453559215846,0.352241966399082,0.38438087569362,0.406646315682238,0.457285952329481,0.525351100934601,0.56722724702139,0.587824630420468,0.701864212306257,0.785807845610679,0.799438795416513,0.792930330799971,0.948157435453815,1,0.987101621927405,0.968330640799111,0.876181362573248,0.695014037512964,0.590747662979282,0.529654682461517
0.121585229193598,0.137887694231007,0.156875510133522,0.171925619165161,0.177565694805026,0.191340368032672,0.202612154639073,0.207858588834985,0.215017469565761,0.234425089609418,0.25055944899729,0.260445618469461,0.28171180713971,0.321260991314818,0.353905562144082,0.377381299021566,0.424722443072294,0.485971755693822,0.523185415745238,0.540996507077969,0.631865844544005,0.69241373659744,0.696143618155516,0.685324526228566,0.885049411661843,0.987101621927405,1,0.995811860326769,0.895604176585252,0.703052411121413,0.593494669124762,0.529539598711598
0.112175768264562,0.127316948392029,0.144979935779849,0.159054716894521,0.164474294978499,0.177473457824524,0.188197561525665,0.193363735548914,0.200005424729553,0.2175171815129,0.231924348543029,0.240504107073414,0.260901056358055,0.299856672134492,0.332412835571254,0.356308501750325,0.401218977585851,0.457868260765485,0.49198932440334,0.508003444634047,0.58459093463433,0.631078539974814,0.629111078348785,0.615955301572598,0.838784099790928,0.968330640799111,0.995811860326769,1,0.896348173225535,0.699519801361461,0.588206132547989,0.523355537173538
0.115634947028861,0.131810292492741,0.150835462672439,0.166414780528844,0.17359984765495,0.189838207699334,0.204129425650785,0.212797595409581,0.221345528096443,0.23882190236762,0.252651724442603,0.259977971495817,0.278479159320674,0.315019080933941,0.344738998322041,0.365580789231574,0.404446537514912,0.452379771540151,0.478947122771407,0.488943182392508,0.556704485733435,0.596934701837945,0.592764309202776,0.578902458884595,0.769768060607781,0.876181362573248,0.895604176585252,0.896348173225535,1,0.943740660099189,0.885611130862863,0.846683780090541
0.10464976403834,0.119666371984958,0.137428790896089,0.152241258808021,0.159822613547691,0.176453720602588,0.191595485280465,0.201722898727346,0.210647802187084,0.226142018328103,0.238040025795833,0.243716278180145,0.258520788324899,0.288526763825944,0.312209759615438,0.327935112132089,0.35762360606483,0.393614356603164,0.411649299912128,0.416203385406986,0.471181884655232,0.504151107279048,0.500006960379184,0.487917841897639,0.625230582679605,0.695014037512964,0.703052411121413,0.699519801361461,0.943740660099189,1,0.989367149237873,0.975007009140933
0.0961162393958944,0.110091989871049,0.1266706682723,0.14062185680761,0.148109302719346,0.164324796871114,0.179304981332405,0.189715915302413,0.198490884378307,0.212565197781376,0.223192664741807,0.227942426822966,0.240597369332194,0.266668144188081,0.286858219779502,0.299777002607635,0.32437897180655,0.353844069462614,0.36748835810469,0.369487898041724,0.416899445798682,0.44550887575782,0.441522876657003,0.430641093171082,0.539543090618318,0.590747662979282,0.593494669124762,0.588206132547989,0.885611130862863,0.989367149237873,1,0.99695279243009
0.090698202400975,0.103993392917502,0.119792099159875,0.133159260323828,0.140530821135438,0.15638151038493,0.171143950924362,0.181615854946089,0.190233623240266,0.203423211296884,0.213276224710693,0.217487497456212,0.228878774743444,0.252610759492702,0.270750721702772,0.282051144112271,0.3037096567447,0.329416860488156,0.340586807998476,0.341198707487854,0.384136820376714,0.410157514319451,0.406291216894893,0.396152211662331,0.488863042373065,0.529654682461517,0.529539598711598,0.523355537173538,0.846683780090541,0.975007009140933,0.99695279243009,1
