1,0.980986768404519,0.884741093207172,0.69214026124571,0.679587446351184,0.633443356822764,0.537373618791433,0.533071959107411,0.511182279571639,0.470220558428444,0.454549392861656,0.436079431816798,0.407858823224596,0.397533477620805,0.392947771789081,0.38240625232177,0.368514107699601,0.344786085845146,0.315709566873644,0.291441544443578,0.273290060195157,0.25441474230469,0.231009865778139,0.181105261960416,0.142975740523601,0.116826581579092,0.131090341002583,0.124233868690024,0.118252915989989,0.1183728076336,0.108732968894787,0.098637229979566
0.980986768404519,1,0.958374155188171,0.818987833240924,0.803921306850179,0.749056212561482,0.635096646483095,0.627737029847365,0.599464713005565,0.548801684704482,0.528793981683553,0.505754245489997,0.471439857232537,0.458755290109802,0.453175796760206,0.440745965635812,0.425686520785508,0.40020219771629,0.368105021396427,0.340516947798216,0.31866158232643,0.296118927884363,0.269902348292425,0.217892979303323,0.177038519326696,0.148636832813278,0.15898003813713,0.147631756214506,0.138952493973796,0.146723044595073,0.140919066183328,0.131966324873554
0.884741093207172,0.958374155188171,1,0.948601787837087,0.93088577467806,0.867009134017276,0.734662015088545,0.723315857401369,0.687621324343292,0.626212112820207,0.601217143096097,0.573058031291895,0.532166895745338,0.516894343534012,0.510241145588806,0.49589838528314,0.480169750402685,0.453875265589279,0.419568091721046,0.389015741845978,0.363232442206893,0.336863450265955,0.308335004586775,0.256848900909504,0.214828977904322,0.185090141004525,0.188945714505624,0.171779062169835,0.159734202513354,0.178219304657484,0.178462441405534,0.171814322643824
0.69214026124571,0.818987833240924,0.948601787837087,1,0.984970019407613,0.922151696810521,0.787478250141711,0.772690529395547,0.731567441470869,0.663056147859573,0.634557664183892,0.603009236050349,0.558103508088154,0.541130911069498,0.533731947194101,0.518317103826025,0.50295389053056,0.477665429974308,0.443475281002326,0.411967298915661,0.383854041748642,0.355318462413516,0.326577589958539,0.280181374688824,0.240448751392731,0.211731983611099,0.207890126215423,0.185476934851433,0.170567148172884,0.199209234915854,0.205924528828846,0.202227577662739
0.679587446351184,0.803921306850179,0.93088577467806,0.984970019407613,1,0.975106869802478,0.882100456880511,0.86653185698026,0.820835726792604,0.74441364549802,0.713208238225368,0.678642459445508,0.629024339555271,0.609873959685986,0.601032120013253,0.583195790324808,0.564850801774295,0.534982507197999,0.495448362183841,0.459521580775799,0.428121267696363,0.396260132310688,0.364724169821899,0.315325699390914,0.272370160226012,0.241152998640019,0.236260345299522,0.210558880392845,0.193506457439311,0.22244127056491,0.227560781292468,0.222054047662542
0.633443356822764,0.749056212561482,0.867009134017276,0.922151696810521,0.975106869802478,1,0.964593194674657,0.948710086960185,0.899162546559871,0.815961952127708,0.782660442597991,0.745748539707833,0.692273424212068,0.671173538929274,0.660870115640339,0.640713362369535,0.619351158460218,0.584923337593858,0.540275789518579,0.500263920547194,0.466031375530894,0.431308946559307,0.397578305070694,0.346508513259087,0.301313681624986,0.268266068831402,0.26224065670079,0.2334535771824,0.214404063972075,0.24243609756166,0.245280809209927,0.237694106262487
0.537373618791433,0.635096646483095,0.734662015088545,0.787478250141711,0.882100456880511,0.964593194674657,1,0.984775455784059,0.933868246532969,0.848014334492285,0.814384750448073,0.777082118347423,0.722496045045331,0.700449155475279,0.689077143431777,0.667470880325666,0.64390874395025,0.606295967424484,0.558469101402325,0.516199647431138,0.48082397363843,0.444955698849252,0.410807631531437,0.361070238680125,0.316150269786927,0.283074052679414,0.276093032623156,0.245507397910932,0.225320974176269,0.250456674482964,0.2504106847665,0.240843226992402
0.533071959107411,0.627737029847365,0.723315857401369,0.772690529395547,0.86653185698026,0.948710086960185,0.984775455784059,1,0.981813209984986,0.927223396120453,0.900533727127382,0.863724740807328,0.807607785094917,0.783916256985443,0.770254134627046,0.745212017820812,0.719992848995423,0.680618463228369,0.629217445483004,0.5839642958942,0.546643157519485,0.508104358279184,0.471487620952257,0.418067497486728,0.368662062396686,0.33197056561377,0.321518246143493,0.284887485001948,0.260903646030658,0.291177833292136,0.292001415168785,0.281386675250003
0.511182279571639,0.599464713005565,0.687621324343292,0.731567441470869,0.820835726792604,0.899162546559871,0.933868246532969,0.981813209984986,1,0.981460458424069,0.96327110018437,0.928271519279237,0.872425540992947,0.84776385760611,0.832083270879471,0.804167306675717,0.778031816364066,0.738125307503797,0.684626266663983,0.63769758305742,0.599548758083824,0.559432377525089,0.521383774151233,0.465763045463956,0.413154861681862,0.373777316859168,0.359904914589856,0.317953482609872,0.290660863532556,0.325539812700933,0.327318922885554,0.315948958810436
0.470220558428444,0.548801684704482,0.626212112820207,0.663056147859573,0.74441364549802,0.815961952127708,0.848014334492285,0.927223396120453,0.981460458424069,1,0.991063420351805,0.959182038084622,0.90567035741982,0.880939264229417,0.863799530619399,0.834012345883842,0.807916178104549,0.768945017411034,0.715302019760147,0.668413460415461,0.630836735115892,0.590607992578605,0.552517834320484,0.496727876608728,0.442827574668182,0.402191339245891,0.385378047559432,0.339603088040589,0.309977155502694,0.348217854271853,0.350895979557502,0.339183124433893
0.454549392861656,0.528793981683553,0.601217143096097,0.634557664183892,0.713208238225368,0.782660442597991,0.814384750448073,0.900533727127382,0.96327110018437,0.991063420351805,1,0.988000594467095,0.953284442897334,0.933950650387248,0.915328085739499,0.883332625619074,0.856283865775481,0.816387805807839,0.760623632729973,0.712203394448351,0.674098898196344,0.632695344247302,0.593638452298445,0.53660228546476,0.480395391438554,0.437731840613217,0.417060703314734,0.366442919184,0.333873873179179,0.376707806693521,0.380809331164357,0.36883607970708
0.436079431816798,0.505754245489997,0.573058031291895,0.603009236050349,0.678642459445508,0.745748539707833,0.777082118347423,0.863724740807328,0.928271519279237,0.959182038084622,0.988000594467095,1,0.988500965662759,0.97615008177927,0.956329911347596,0.922560717296964,0.894796384931307,0.854251130302364,0.79686553599906,0.747384117929023,0.709164255423157,0.667049971803622,0.627483090347775,0.569928510736878,0.512120783664248,0.467960457390433,0.443517474112813,0.388615669981569,0.353476140516345,0.400517643695313,0.406110365604864,0.394094290939646
0.407858823224596,0.471439857232537,0.532166895745338,0.558103508088154,0.629024339555271,0.692273424212068,0.722496045045331,0.807607785094917,0.872425540992947,0.90567035741982,0.953284442897334,0.988500965662759,1,0.994772864037261,0.974240936911756,0.93952020103816,0.911700725767967,0.871462434543057,0.813823432448461,0.764453362793184,0.727009050561387,0.68517795973677,0.646031586370284,0.589307429285062,0.531276264654864,0.486677116494035,0.459109530045726,0.401289756373104,0.364450482667536,0.414517835538078,0.421440501915466,0.409661839641243
0.397533477620805,0.458755290109802,0.516894343534012,0.541130911069498,0.609873959685986,0.671173538929274,0.700449155475279,0.783916256985443,0.84776385760611,0.880939264229417,0.933950650387248,0.97615008177927,0.994772864037261,1,0.991241031641699,0.967281020995178,0.944423115155198,0.903271081626376,0.843974038223084,0.793735545818134,0.756652142007451,0.71457459464625,0.674972840034409,0.616688906807959,0.556633806310819,0.510439418085444,0.484956951003454,0.425468100208231,0.387300445675254,0.440455296297137,0.447691582433134,0.435106617137559
0.392947771789081,0.453175796760206,0.510241145588806,0.533731947194101,0.601032120013253,0.660870115640339,0.689077143431777,0.770254134627046,0.832083270879471,0.863799530619399,0.915328085739499,0.956329911347596,0.974240936911756,0.991241031641699,1,0.992314551007597,0.976866960280689,0.934549802527076,0.873408179590336,0.822231618052393,0.785582810238234,0.743328394959993,0.70316222961319,0.642653974653633,0.580213857200821,0.532255894063113,0.511480493387484,0.451398522079875,0.412394070126098,0.468200256740269,0.475206184884649,0.461430815850747
0.38240625232177,0.440745965635812,0.49589838528314,0.518317103826025,0.583195790324808,0.640713362369535,0.667470880325666,0.745212017820812,0.804167306675717,0.834012345883842,0.883332625619074,0.922560717296964,0.93952020103816,0.967281020995178,0.992314551007597,1,0.99174114235695,0.949004817665317,0.887106563903924,0.835864375558608,0.800205205630475,0.758456591725515,0.718399925023235,0.656769166911224,0.593086681674747,0.544238467451437,0.528203611179639,0.468520746908784,0.429352113410778,0.486755629084317,0.493434378430173,0.478762560814104
0.368514107699601,0.425686520785508,0.480169750402685,0.50295389053056,0.564850801774295,0.619351158460218,0.64390874395025,0.719992848995423,0.778031816364066,0.807916178104549,0.856283865775481,0.894796384931307,0.911700725767967,0.944423115155198,0.976866960280689,0.99174114235695,1,0.979913371082492,0.93531149773737,0.894235141216344,0.860836195796157,0.819760021719888,0.778875020188163,0.711125304963918,0.641535876172732,0.588175819494206,0.56651071018776,0.500551281551572,0.457626176587355,0.517501842896845,0.523798530999483,0.50773406578117
0.344786085845146,0.40020219771629,0.453875265589279,0.477665429974308,0.534982507197999,0.584923337593858,0.606295967424484,0.680618463228369,0.738125307503797,0.768945017411034,0.816387805807839,0.854251130302364,0.871462434543057,0.903271081626376,0.934549802527076,0.949004817665317,0.979913371082492,1,0.9870853860394,0.964653485895864,0.935117792741873,0.895711236159979,0.854206626045862,0.77824518361282,0.700951794761523,0.641663824411625,0.606809228468317,0.531078085696428,0.482711547265687,0.544244441293666,0.550004541712502,0.532610389863356
0.315709566873644,0.368105021396427,0.419568091721046,0.443475281002326,0.495448362183841,0.540275789518579,0.558469101402325,0.629217445483004,0.684626266663983,0.715302019760147,0.760623632729973,0.79686553599906,0.813823432448461,0.843974038223084,0.873408179590336,0.887106563903924,0.93531149773737,0.9870853860394,1,0.99319665182732,0.967622282502063,0.930701673490919,0.889905047008224,0.809553886336773,0.728317356562296,0.665989868137191,0.621552815649738,0.540172142546673,0.488839603102305,0.549916200880242,0.555077934854019,0.537120959186136
0.291441544443578,0.340516947798216,0.389015741845978,0.411967298915661,0.459521580775799,0.500263920547194,0.516199647431138,0.5839642958942,0.63769758305742,0.668413460415461,0.712203394448351,0.747384117929023,0.764453362793184,0.793735545818134,0.822231618052393,0.835864375558608,0.894235141216344,0.964653485895864,0.99319665182732,1,0.987051857456462,0.959546932202885,0.92541477343764,0.846713401903341,0.765084323074743,0.701850814978997,0.645874546954217,0.557035567624812,0.501685228246159,0.560638194503833,0.563534005639289,0.543855440574397
0.273290060195157,0.31866158232643,0.363232442206893,0.383854041748642,0.428121267696363,0.466031375530894,0.48082397363843,0.546643157519485,0.599548758083824,0.630836735115892,0.674098898196344,0.709164255423157,0.727009050561387,0.756652142007451,0.785582810238234,0.800205205630475,0.860836195796157,0.935117792741873,0.967622282502063,0.987051857456462,1,0.992283410436142,0.973457511987034,0.904129169786247,0.826158571447335,0.764241383422368,0.692106679887843,0.59160936081371,0.529805861323417,0.584628047804855,0.582728378665393,0.559356871746351
0.25441474230469,0.296118927884363,0.336863450265955,0.355318462413516,0.396260132310688,0.431308946559307,0.444955698849252,0.508104358279184,0.559432377525089,0.590607992578605,0.632695344247302,0.667049971803622,0.68517795973677,0.71457459464625,0.743328394959993,0.758456591725515,0.819760021719888,0.895711236159979,0.930701673490919,0.959546932202885,0.992283410436142,1,0.99333955119505,0.932485448309516,0.858724927090578,0.798922769447845,0.715576207584948,0.607848349577438,0.542152051161811,0.59280939030405,0.587236483857732,0.561424602027452
0.231009865778139,0.269902348292425,0.308335004586775,0.326577589958539,0.364724169821899,0.397578305070694,0.410807631531437,0.471487620952257,0.521383774151233,0.552517834320484,0.593638452298445,0.627483090347775,0.646031586370284,0.674972840034409,0.70316222961319,0.718399925023235,0.778875020188163,0.854206626045862,0.889905047008224,0.92541477343764,0.973457511987034,0.99333955119505,1,0.962106718735152,0.901562068550354,0.84945474876051,0.749556889089897,0.631221495468015,0.559823751521808,0.608700757126456,0.60083048400351,0.573081870185692
0.181105261960416,0.217892979303323,0.256848900909504,0.280181374688824,0.315325699390914,0.346508513259087,0.361070238680125,0.418067497486728,0.465763045463956,0.496727876608728,0.53660228546476,0.569928510736878,0.589307429285062,0.616688906807959,0.642653974653633,0.656769166911224,0.711125304963918,0.77824518361282,0.809553886336773,0.846713401903341,0.904129169786247,0.932485448309516,0.962106718735152,1,0.98537091518741,0.961126674661322,0.822453138925069,0.679936433252052,0.595637554905649,0.64820792379188,0.640947377699722,0.612047141757459
0.142975740523601,0.177038519326696,0.214828977904322,0.240448751392731,0.272370160226012,0.301313681624986,0.316150269786927,0.368662062396686,0.413154861681862,0.442827574668182,0.480395391438554,0.512120783664248,0.531276264654864,0.556633806310819,0.580213857200821,0.593086681674747,0.641535876172732,0.700951794761523,0.728317356562296,0.765084323074743,0.826158571447335,0.858724927090578,0.901562068550354,0.98537091518741,1,0.99409932740893,0.836503571865325,0.684333512756142,0.595201019176278,0.648065660934782,0.6414643719542,0.612951608600887
0.116826581579092,0.148636832813278,0.185090141004525,0.211731983611099,0.241152998640019,0.268266068831402,0.283074052679414,0.33197056561377,0.373777316859168,0.402191339245891,0.437731840613217,0.467960457390433,0.486677116494035,0.510439418085444,0.532255894063113,0.544238467451437,0.588175819494206,0.641663824411625,0.665989868137191,0.701850814978997,0.764241383422368,0.798922769447845,0.84945474876051,0.961126674661322,0.99409932740893,1,0.837363443385675,0.682909371186301,0.592685074778105,0.643962078040938,0.636552172766715,0.60772711976479
0.131090341002583,0.15898003813713,0.188945714505624,0.207890126215423,0.236260345299522,0.26224065670079,0.276093032623156,0.321518246143493,0.359904914589856,0.385378047559432,0.417060703314734,0.443517474112813,0.459109530045726,0.484956951003454,0.511480493387484,0.528203611179639,0.56651071018776,0.606809228468317,0.621552815649738,0.645874546954217,0.692106679887843,0.715576207584948,0.749556889089897,0.822453138925069,0.836503571865325,0.837363443385675,1,0.971170355032547,0.936580702805941,0.917987262259568,0.826758593240504,0.738920198211773
0.124233868690024,0.147631756214506,0.171779062169835,0.185476934851433,0.210558880392845,0.2334535771824,0.245507397910932,0.284887485001948,0.317953482609872,0.339603088040589,0.366442919184,0.388615669981569,0.401289756373104,0.425468100208231,0.451398522079875,0.468520746908784,0.500551281551572,0.531078085696428,0.540172142546673,0.557035567624812,0.59160936081371,0.607848349577438,0.631221495468015,0.679936433252052,0.684333512756142,0.682909371186301,0.971170355032547,1,0.993122446839928,0.945914039815838,0.827233325245385,0.722422063338691
0.118252915989989,0.138952493973796,0.159734202513354,0.170567148172884,0.193506457439311,0.214404063972075,0.225320974176269,0.260903646030658,0.290660863532556,0.309977155502694,0.333873873179179,0.353476140516345,0.364450482667536,0.387300445675254,0.412394070126098,0.429352113410778,0.457626176587355,0.482711547265687,0.488839603102305,0.501685228246159,0.529805861323417,0.542152051161811,0.559823751521808,0.595637554905649,0.595201019176278,0.592685074778105,0.936580702805941,0.993122446839928,1,0.939730853449748,0.810064104168229,0.699121745521696
0.1183728076336,0.146723044595073,0.178219304657484,0.199209234915854,0.22244127056491,0.24243609756166,0.250456674482964,0.291177833292136,0.325539812700933,0.348217854271853,0.376707806693521,0.400517643695313,0.414517835538078,0.440455296297137,0.468200256740269,0.486755629084317,0.517501842896845,0.544244441293666,0.549916200880242,0.560638194503833,0.584628047804855,0.59280939030405,0.608700757126456,0.64820792379188,0.648065660934782,0.643962078040938,0.917987262259568,0.945914039815838,0.939730853449748,1,0.961694791439103,0.901402484712728
0.108732968894787,0.140919066183328,0.178462441405534,0.205924528828846,0.227560781292468,0.245280809209927,0.2504106847665,0.292001415168785,0.327318922885554,0.350895979557502,0.380809331164357,0.406110365604864,0.421440501915466,0.447691582433134,0.475206184884649,0.493434378430173,0.523798530999483,0.550004541712502,0.555077934854019,0.563534005639289,0.582728378665393,0.587236483857732,0.60083048400351,0.640947377699722,0.6414643719542,0.636552172766715,0.826758593240504,0.827233325245385,0.810064104168229,0.961694791439103,1,0.985564216418918
0.098637229979566,0.131966324873554,0.171814322643824,0.202227577662739,0.222054047662542,0.237694106262487,0.240843226992402,0.281386675250003,0.315948958810436,0.339183124433893,0.36883607970708,0.394094290939646,0.409661839641243,0.435106617137559,0.461430815850747,0.478762560814104,0.50773406578117,0.532610389863356,0.537120959186136,0.543855440574397,0.559356871746351,0.561424602027452,0.573081870185692,0.612047141757459,0.612951608600887,0.60772711976479,0.738920198211773,0.722422063338691,0.699121745521696,0.901402484712728,0.985564216418918,1
