1,0.984287810403621,0.859422563355599,0.637274475936395,0.623019748233749,0.5885381984389,0.566172782753926,0.555469199306122,0.530690854666847,0.513951926851238,0.49839615987074,0.476788201654055,0.469525034275005,0.460787037835559,0.447639838509539,0.438641813900855,0.425836410629549,0.410548302964855,0.389205905761401,0.360974493434131,0.338535098025338,0.333600679082271,0.322686907300441,0.311387412342076,0.285516979556817,0.260564096101134,0.255934456667238,0.246698466026028,0.234191705777086,0.31206775760836,0.323424712674693,0.317157330008811
0.984287810403621,1,0.936194163271544,0.762909761469536,0.746049302258334,0.704996533845742,0.676805893630226,0.661200836962204,0.628781863236651,0.60936095687832,0.59284686645844,0.569034371568539,0.560863513914623,0.550594522520533,0.535042265424828,0.523566340790694,0.50755908058119,0.488803798061125,0.464705785703151,0.432077985823708,0.405446952494316,0.397221019963664,0.382485993598567,0.369506903614238,0.341784527165115,0.31372272855179,0.305279941564765,0.289464457711143,0.272234528786896,0.35471876596893,0.363932977137016,0.355533417422751
0.859422563355599,0.936194163271544,1,0.940459961506574,0.920015668449941,0.869785633802627,0.832679739528611,0.808801579044096,0.764255647803752,0.74134258402925,0.72449105642204,0.698554363136327,0.689353563075952,0.677013374907364,0.658152357930426,0.642835085671347,0.62197622010793,0.598102479308641,0.570810439526089,0.532533524599086,0.500090763140046,0.486094886503361,0.465154314718578,0.450065907679434,0.421292965818614,0.389710747625829,0.37448027110089,0.347071425012601,0.322077822221831,0.405892303464392,0.409965058514036,0.398119838758829
0.637274475936395,0.762909761469536,0.940459961506574,1,0.987952692145551,0.945282304378814,0.909007635977108,0.880227721413867,0.8288962590241,0.804866536537429,0.789063077247953,0.76323749065043,0.753704050680017,0.74029465890004,0.719747725655385,0.702605459124564,0.67941402293303,0.653158191885048,0.625694912579617,0.585651203921881,0.55071364156354,0.532755274554509,0.507865916469439,0.492054606710871,0.464363155841876,0.431793468074416,0.412651554256742,0.378136554843432,0.348517849903164,0.421816099831781,0.416914662088801,0.40145141206956
0.623019748233749,0.746049302258334,0.920015668449941,0.987952692145551,1,0.984383950258462,0.961254858112053,0.933336493668266,0.88156042043921,0.85664790300585,0.839513711176819,0.811732583755106,0.801234787854178,0.786628855564942,0.76446919442218,0.747662584706254,0.724394398262802,0.697724983602072,0.669799579564639,0.628082926397717,0.591687278219294,0.573711581311535,0.547917941967226,0.531095467162424,0.500491797090484,0.464965950823288,0.44805115357317,0.415867234488965,0.386257081695036,0.45360958861437,0.439641844632188,0.420010662566158
0.5885381984389,0.704996533845742,0.869785633802627,0.945282304378814,0.984383950258462,1,0.992502107927932,0.966382316251856,0.915618565073846,0.890432301479267,0.872286776441235,0.843095764357673,0.831808809684197,0.816270059130279,0.792925641699756,0.776993607703852,0.754320337347827,0.727962415135096,0.700330113544641,0.657933615556895,0.620946512792414,0.60347814756998,0.57741215578525,0.559932715478125,0.526913698036787,0.489066840939253,0.475181322026632,0.446592627865656,0.417860367799896,0.476474843283667,0.452603731297194,0.428807120252286
0.566172782753926,0.676805893630226,0.832679739528611,0.909007635977108,0.961254858112053,0.992502107927932,1,0.987917274827246,0.950948056250289,0.929879773519685,0.911298548853665,0.881159092620277,0.868914256011963,0.852085521764922,0.827160627202937,0.812552115837352,0.790863997023216,0.765076740884204,0.737407607472073,0.693879055574004,0.656125311945017,0.639923655497171,0.614002056091647,0.596810329583887,0.562544767342738,0.522688087155487,0.510721825402039,0.483559254179694,0.454395146241258,0.507241713640646,0.474679377656992,0.446877840531261
0.555469199306122,0.661200836962204,0.808801579044096,0.880227721413867,0.933336493668266,0.966382316251856,0.987917274827246,1,0.987401824770046,0.974093848605252,0.955564688161466,0.924868228534084,0.911533976155202,0.893125907616507,0.866297455384653,0.853346191264654,0.832928299018343,0.807891183400226,0.779872607469253,0.734807809176564,0.696117638455085,0.681783502137611,0.656333189136135,0.640215833690624,0.605707954736517,0.564122862861528,0.553053851359162,0.525381311450478,0.494638831352838,0.544492137157308,0.504490355348611,0.472904373759435
0.530690854666847,0.628781863236651,0.764255647803752,0.8288962590241,0.88156042043921,0.915618565073846,0.950948056250289,0.987401824770046,1,0.994946927518645,0.976932935618545,0.946433185296043,0.932319147474416,0.912757611211942,0.884654623989352,0.87371829884546,0.855106382582077,0.831459425410891,0.803782701979685,0.758273095434134,0.719591569812339,0.707521536804403,0.683186981999711,0.668568407961409,0.634673560715835,0.592360700485672,0.582483757394148,0.554980548620876,0.523393133453211,0.568947335333487,0.522347483925983,0.487685254982482
0.513951926851238,0.60936095687832,0.74134258402925,0.804866536537429,0.85664790300585,0.890432301479267,0.929879773519685,0.974093848605252,0.994946927518645,1,0.992604243752243,0.971978260557502,0.96000068668009,0.940574057197411,0.912283175537672,0.902769865167336,0.885231468768351,0.862267538881652,0.83445046545615,0.787918783097099,0.748633902905732,0.73799207183542,0.714051503460539,0.699962705962779,0.665302724921279,0.62143289195104,0.612098094178405,0.584300037275773,0.551638261996938,0.593783625979252,0.541214821781838,0.503681094001382
0.49839615987074,0.59284686645844,0.72449105642204,0.789063077247953,0.839513711176819,0.872286776441235,0.911298548853665,0.955564688161466,0.976932935618545,0.992604243752243,1,0.993326227921691,0.984767746469645,0.966140703919973,0.938294958286566,0.929959308851732,0.913240361410095,0.890756221544126,0.862742125165042,0.815214861024846,0.775287573601426,0.765727890541597,0.741984670687269,0.728064036551313,0.692244231147978,0.646733672376469,0.637692871739998,0.609555196842662,0.575924037045507,0.61491296494273,0.557093876811946,0.517057778086464
0.476788201654055,0.569034371568539,0.698554363136327,0.76323749065043,0.811732583755106,0.843095764357673,0.881159092620277,0.924868228534084,0.946433185296043,0.971978260557502,0.993326227921691,1,0.994807282042158,0.977195134127979,0.950153817640783,0.943051276393946,0.927339952725113,0.90561971015149,0.877802228916969,0.829980203595785,0.789989585229135,0.781589032668546,0.758358610204126,0.744788469666005,0.708357456349377,0.661911549834185,0.653273942136719,0.625199094761853,0.59110767987608,0.626563482649826,0.564548209583816,0.522683103955799
0.469525034275005,0.560863513914623,0.689353563075952,0.753704050680017,0.801234787854178,0.831808809684197,0.868914256011963,0.911533976155202,0.932319147474416,0.96000068668009,0.984767746469645,0.994807282042158,1,0.993607111440542,0.976642242243962,0.970000178826676,0.953862862198686,0.93157537079753,0.903450170247053,0.854624875573767,0.813587166361907,0.804369911306964,0.780039088627429,0.765641888399881,0.727754378075991,0.679780982120402,0.671067149474242,0.642575372024051,0.60772293600913,0.63674072453255,0.568731685567504,0.524465092148488
0.460787037835559,0.550594522520533,0.677013374907364,0.74029465890004,0.786628855564942,0.816270059130279,0.852085521764922,0.893125907616507,0.912757611211942,0.940574057197411,0.966140703919973,0.977195134127979,0.993607111440542,1,0.994656284756516,0.988358287098112,0.971687853105313,0.94881821283415,0.920587425148492,0.871169803404577,0.829361179389112,0.819057908594395,0.793603479582253,0.778328932638016,0.739279545705018,0.690233390864993,0.681438080783196,0.65274630120616,0.617471016949215,0.639501037387446,0.566152812742026,0.519952854559495
0.447639838509539,0.535042265424828,0.658152357930426,0.719747725655385,0.76446919442218,0.792925641699756,0.827160627202937,0.866297455384653,0.884654623989352,0.912283175537672,0.938294958286566,0.950153817640783,0.976642242243962,0.994656284756516,1,0.994087128079819,0.977115697354874,0.953969590159906,0.925958146458927,0.876551823271215,0.834506032821182,0.823324886568177,0.797127747592685,0.781221783485952,0.741546816532976,0.69206844495132,0.683297043185783,0.654743422890131,0.619476173257846,0.634869309183229,0.557459129561915,0.510008074879549
0.438641813900855,0.523566340790694,0.642835085671347,0.702605459124564,0.747662584706254,0.776993607703852,0.812552115837352,0.853346191264654,0.87371829884546,0.902769865167336,0.929959308851732,0.943051276393946,0.970000178826676,0.988358287098112,0.994087128079819,1,0.994426257249357,0.980835948918151,0.953836274808919,0.904389685610177,0.862368391743231,0.852537741740595,0.8267044432391,0.810634900519385,0.768838616882439,0.717170929217109,0.704528789848138,0.670575334021852,0.632038291919301,0.646385303294951,0.567173141909438,0.518724023415542
0.425836410629549,0.50755908058119,0.62197622010793,0.67941402293303,0.724394398262802,0.754320337347827,0.790863997023216,0.832928299018343,0.855106382582077,0.885231468768351,0.913240361410095,0.927339952725113,0.953862862198686,0.971687853105313,0.977115697354874,0.994426257249357,1,0.995855085473513,0.970122114586156,0.92117909312054,0.879656902302541,0.871296098228927,0.846142539269868,0.830126868668342,0.786765527441333,0.733564136941991,0.717300426464089,0.678468023328705,0.637178467821705,0.650731971011267,0.570872804799383,0.522058414047829
0.410548302964855,0.488803798061125,0.598102479308641,0.653158191885048,0.697724983602072,0.727962415135096,0.765076740884204,0.807891183400226,0.831459425410891,0.862267538881652,0.890756221544126,0.90561971015149,0.93157537079753,0.94881821283415,0.953969590159906,0.980835948918151,0.995855085473513,1,0.978532232084457,0.932666344410158,0.893178678257285,0.885566767239622,0.860656951260599,0.844207107068057,0.798989346463954,0.744302467596878,0.724930246679675,0.68220068436569,0.63879346717273,0.650663629256657,0.570052549131908,0.52098080614939
0.389205905761401,0.464705785703151,0.570810439526089,0.625694912579617,0.669799579564639,0.700330113544641,0.737407607472073,0.779872607469253,0.803782701979685,0.83445046545615,0.862742125165042,0.877802228916969,0.903450170247053,0.920587425148492,0.925958146458927,0.953836274808919,0.970122114586156,0.978532232084457,1,0.986990412205901,0.966315810141224,0.950892963835629,0.918779324520213,0.893899824051021,0.836692514729529,0.773934263812658,0.752135296242835,0.708578237735649,0.663915905751997,0.66270289885831,0.571155174634241,0.51791472293068
0.360974493434131,0.432077985823708,0.532533524599086,0.585651203921881,0.628082926397717,0.657933615556895,0.693879055574004,0.734807809176564,0.758273095434134,0.787918783097099,0.815214861024846,0.829980203595785,0.854624875573767,0.871169803404577,0.876551823271215,0.904389685610177,0.92117909312054,0.932666344410158,0.986990412205901,1,0.994617171868745,0.973559753302952,0.936781835816264,0.906066485930834,0.841208146616552,0.774020716618309,0.750977256458031,0.708070780632467,0.66375832481407,0.652374895826017,0.555019412462566,0.500111127490194
0.338535098025338,0.405446952494316,0.500090763140046,0.55071364156354,0.591687278219294,0.620946512792414,0.656125311945017,0.696117638455085,0.719591569812339,0.748633902905732,0.775287573601426,0.789989585229135,0.813587166361907,0.829361179389112,0.834506032821182,0.862368391743231,0.879656902302541,0.893178678257285,0.966315810141224,0.994617171868745,1,0.983075607369172,0.949149983327859,0.917525488748399,0.84690597144376,0.776298579505273,0.751312824552071,0.7075119310915,0.662758024390061,0.641948977046792,0.539500928119678,0.483174912985937
0.333600679082271,0.397221019963664,0.486094886503361,0.532755274554509,0.573711581311535,0.60347814756998,0.639923655497171,0.681783502137611,0.707521536804403,0.73799207183542,0.765727890541597,0.781589032668546,0.804369911306964,0.819057908594395,0.823324886568177,0.852537741740595,0.871296098228927,0.885566767239622,0.950892963835629,0.973559753302952,0.983075607369172,1,0.990762093849912,0.970575270398381,0.893478150434743,0.817542748357369,0.786493186641397,0.7350817383974,0.68555389365728,0.651237549423243,0.538703411066557,0.478592127015414
0.322686907300441,0.382485993598567,0.465154314718578,0.507865916469439,0.547917941967226,0.57741215578525,0.614002056091647,0.656333189136135,0.683186981999711,0.714051503460539,0.741984670687269,0.758358610204126,0.780039088627429,0.793603479582253,0.797127747592685,0.8267044432391,0.846142539269868,0.860656951260599,0.918779324520213,0.936781835816264,0.949149983327859,0.990762093849912,1,0.988719139278393,0.908505156143145,0.83027857490254,0.79541618770088,0.739490151082187,0.687506485711551,0.643938480384493,0.526387667086818,0.464782769639294
0.311387412342076,0.369506903614238,0.450065907679434,0.492054606710871,0.531095467162424,0.559932715478125,0.596810329583887,0.640215833690624,0.668568407961409,0.699962705962779,0.728064036551313,0.744788469666005,0.765641888399881,0.778328932638016,0.781221783485952,0.810634900519385,0.830126868668342,0.844207107068057,0.893899824051021,0.906066485930834,0.917525488748399,0.970575270398381,0.988719139278393,1,0.957215932522724,0.898043793284672,0.863735928784398,0.794662215794403,0.734193806871312,0.674661697531884,0.542806183770957,0.475259843727321
0.285516979556817,0.341784527165115,0.421292965818614,0.464363155841876,0.500491797090484,0.526913698036787,0.562544767342738,0.605707954736517,0.634673560715835,0.665302724921279,0.692244231147978,0.708357456349377,0.727754378075991,0.739279545705018,0.741546816532976,0.768838616882439,0.786765527441333,0.798989346463954,0.836692514729529,0.841208146616552,0.84690597144376,0.893478150434743,0.908505156143145,0.957215932522724,1,0.986919467951782,0.959773285523943,0.870980864132635,0.797989506424233,0.71774622046887,0.567163729377642,0.491745680810449
0.260564096101134,0.31372272855179,0.389710747625829,0.431793468074416,0.464965950823288,0.489066840939253,0.522688087155487,0.564122862861528,0.592360700485672,0.62143289195104,0.646733672376469,0.661911549834185,0.679780982120402,0.690233390864993,0.69206844495132,0.717170929217109,0.733564136941991,0.744302467596878,0.773934263812658,0.774020716618309,0.776298579505273,0.817542748357369,0.83027857490254,0.898043793284672,0.986919467951782,1,0.977845805527071,0.881345722164124,0.804072232977158,0.715252768935391,0.559796166036774,0.482776831092323
0.255934456667238,0.305279941564765,0.37448027110089,0.412651554256742,0.44805115357317,0.475181322026632,0.510721825402039,0.553053851359162,0.582483757394148,0.612098094178405,0.637692871739998,0.653273942136719,0.671067149474242,0.681438080783196,0.683297043185783,0.704528789848138,0.717300426464089,0.724930246679675,0.752135296242835,0.750977256458031,0.751312824552071,0.786493186641397,0.79541618770088,0.863735928784398,0.959773285523943,0.977845805527071,1,0.959254356300439,0.908143164602631,0.800840232591764,0.613708017287781,0.522959110665304
0.246698466026028,0.289464457711143,0.347071425012601,0.378136554843432,0.415867234488965,0.446592627865656,0.483559254179694,0.525381311450478,0.554980548620876,0.584300037275773,0.609555196842662,0.625199094761853,0.642575372024051,0.65274630120616,0.654743422890131,0.670575334021852,0.678468023328705,0.68220068436569,0.708578237735649,0.708070780632467,0.7075119310915,0.7350817383974,0.739490151082187,0.794662215794403,0.870980864132635,0.881345722164124,0.959254356300439,1,0.989430065603738,0.868193322303409,0.65238014939125,0.549530818132654
0.234191705777086,0.272234528786896,0.322077822221831,0.348517849903164,0.386257081695036,0.417860367799896,0.454395146241258,0.494638831352838,0.523393133453211,0.551638261996938,0.575924037045507,0.59110767987608,0.60772293600913,0.617471016949215,0.619476173257846,0.632038291919301,0.637178467821705,0.63879346717273,0.663915905751997,0.66375832481407,0.662758024390061,0.68555389365728,0.687506485711551,0.734193806871312,0.797989506424233,0.804072232977158,0.908143164602631,0.989430065603738,1,0.875428734178666,0.651689767565846,0.545867996738044
0.31206775760836,0.35471876596893,0.405892303464392,0.421816099831781,0.45360958861437,0.476474843283667,0.507241713640646,0.544492137157308,0.568947335333487,0.593783625979252,0.61491296494273,0.626563482649826,0.63674072453255,0.639501037387446,0.634869309183229,0.646385303294951,0.650731971011267,0.650663629256657,0.66270289885831,0.652374895826017,0.641948977046792,0.651237549423243,0.643938480384493,0.674661697531884,0.71774622046887,0.715252768935391,0.800840232591764,0.868193322303409,0.875428734178666,1,0.936824169538673,0.882366737980487
0.323424712674693,0.363932977137016,0.409965058514036,0.416914662088801,0.439641844632188,0.452603731297194,0.474679377656992,0.504490355348611,0.522347483925983,0.541214821781838,0.557093876811946,0.564548209583816,0.568731685567504,0.566152812742026,0.557459129561915,0.567173141909438,0.570872804799383,0.570052549131908,0.571155174634241,0.555019412462566,0.539500928119678,0.538703411066557,0.526387667086818,0.542806183770957,0.567163729377642,0.559796166036774,0.613708017287781,0.65238014939125,0.651689767565846,0.936824169538673,1,0.991225494780155
0.317157330008811,0.355533417422751,0.398119838758829,0.40145141206956,0.420010662566158,0.428807120252286,0.446877840531261,0.472904373759435,0.487685254982482,0.503681094001382,0.517057778086464,0.522683103955799,0.524465092148488,0.519952854559495,0.510008074879549,0.518724023415542,0.522058414047829,0.52098080614939,0.51791472293068,0.500111127490194,0.483174912985937,0.478592127015414,0.464782769639294,0.475259843727321,0.491745680810449,0.482776831092323,0.522959110665304,0.549530818132654,0.545867996738044,0.882366737980487,0.991225494780155,1
