1,0.979744255799664,0.890140876582885,0.791384429516112,0.765592880568908,0.70596048722075,0.661581477071057,0.639993444158416,0.604184477159719,0.568788710155155,0.526741708144355,0.479797897403474,0.459321971749901,0.440765847224278,0.419556143130121,0.380154841051156,0.345621289882832,0.318089620548853,0.297353280972109,0.275420498452632,0.258751225740667,0.251358118177076,0.240647740039531,0.226931709389783,0.207794839595707,0.19156430285886,0.181436262817462,0.171266611917555,0.16037632173539,0.156331743224256,0.146201897670181,0.136862598420164
0.979744255799664,1,0.963362706481465,0.897081287504637,0.870084843700654,0.805054357847551,0.756675801894909,0.733524148892505,0.694098228503322,0.65537808038026,0.608863780835464,0.556368731697727,0.534104117293162,0.513872891083461,0.490400363265483,0.450038616976485,0.413953811977563,0.384644150528642,0.359488632998195,0.332910437199367,0.313064616317929,0.30572702921494,0.293993317514137,0.279881533951953,0.261084164490215,0.244227603478045,0.233427771266284,0.221227991992687,0.207795410807908,0.198351111119462,0.180944431698125,0.166812692727098
0.890140876582885,0.963362706481465,1,0.98143944238733,0.95455072200642,0.886437224065861,0.835786923614033,0.812017379793684,0.770261252228302,0.729557739503419,0.680026351255927,0.623443842606112,0.600203336109085,0.579018685532347,0.554012272682679,0.514937900579071,0.479076464434149,0.449254472616264,0.419784346408745,0.388679259881387,0.365844526332746,0.359049188407802,0.346693122526558,0.33295115457726,0.315807119524941,0.299186991718866,0.288176080714897,0.274035249403884,0.258054279207934,0.241980268938976,0.215937560711567,0.196288353374863
0.791384429516112,0.897081287504637,0.98143944238733,1,0.985321172870928,0.9304922981962,0.88614641560857,0.862708864318711,0.820190369430044,0.780008017945313,0.730512485378759,0.672872414421072,0.649512961139681,0.627927587118227,0.602051512318965,0.564809172354656,0.529758806290516,0.50003217058456,0.467862257172139,0.4336835887025,0.408845785800774,0.402737480421483,0.39006124601734,0.376914631222747,0.361576205399311,0.345438767603257,0.33421054474239,0.318159320404285,0.29985350240038,0.278763886012384,0.246089611886758,0.222114098653455
0.765592880568908,0.870084843700654,0.95455072200642,0.985321172870928,1,0.979367094071518,0.951093980975081,0.927570902527096,0.883558593298939,0.844715626848674,0.796339604829555,0.738228715818328,0.714275684962657,0.691498155778636,0.663891045489209,0.625856256755895,0.58947576732748,0.558347140437884,0.524130232972255,0.487159788561261,0.460351429770972,0.454512245464861,0.44103053191088,0.427621840655353,0.412654674105913,0.395948080870732,0.383581897995561,0.364720224080616,0.343422777941045,0.319416123895213,0.28225118804641,0.254916746421985
0.70596048722075,0.805054357847551,0.886437224065861,0.9304922981962,0.979367094071518,1,0.991828662501196,0.969098445005233,0.924990643920059,0.889209671704604,0.843997704233573,0.787538242492074,0.763792979436976,0.740469934770312,0.711862948336433,0.674335747181463,0.637763460639407,0.606158336171747,0.570818754862244,0.531948617300565,0.503826475092357,0.498527825806237,0.484605015365087,0.471395737640638,0.457436971749673,0.44069162142078,0.427448346046524,0.405976561090733,0.381947106133258,0.355399720898916,0.314331325112364,0.284059526007026
0.661581477071057,0.756675801894909,0.835786923614033,0.88614641560857,0.951093980975081,0.991828662501196,1,0.989405803571836,0.957183882221894,0.928100325695841,0.886062413357087,0.831383375193487,0.807857786431606,0.784029859597319,0.754515909279502,0.717135836026192,0.680161951294056,0.648008604084324,0.612132966897857,0.571912873363542,0.54246136400095,0.535932544698596,0.520314307341695,0.506244630031525,0.492445037777787,0.475245387499497,0.462292770943003,0.440766162298538,0.415887164352395,0.387015502107237,0.341884864675182,0.308715241968897
0.639993444158416,0.733524148892505,0.812017379793684,0.862708864318711,0.927570902527096,0.969098445005233,0.989405803571836,1,0.989069007826837,0.96914967298004,0.929671129818181,0.876218906491542,0.852670372860325,0.828161580347419,0.797577224179321,0.759639847800817,0.721729454360332,0.688671678495797,0.652440163695866,0.611023977060776,0.580011542878495,0.570715237958141,0.55225140605579,0.536305400053521,0.521772946197405,0.503608928404148,0.491817179104442,0.472251884837108,0.447966625473216,0.416808975674095,0.367268155558239,0.331076037589583
0.604184477159719,0.694098228503322,0.770261252228302,0.820190369430044,0.883558593298939,0.924990643920059,0.957183882221894,0.989069007826837,1,0.989820704591317,0.953798017390993,0.902751302740433,0.879690264024541,0.855021555483562,0.824013420425006,0.786332912864277,0.748293649542206,0.715034327158434,0.679227263582342,0.637494596521006,0.605569456308072,0.593663907381537,0.572710353521015,0.555204479234862,0.540242897540096,0.521493388391049,0.511136493545713,0.493987674571034,0.470832246803202,0.43802860559222,0.385083036974521,0.346606072252393
0.568788710155155,0.65537808038026,0.729557739503419,0.780008017945313,0.844715626848674,0.889209671704604,0.928100325695841,0.96914967298004,0.989820704591317,1,0.986201467173847,0.953269447274841,0.935228853244316,0.912274559768165,0.88220215125566,0.848764816262944,0.81316096707722,0.781288588511967,0.745927636452371,0.702964835560406,0.669244843525853,0.654308483373594,0.629796095864686,0.609518691396026,0.592577771725497,0.571654774404585,0.560991962031756,0.543641665664781,0.519190214666957,0.480635487128038,0.419583612566773,0.375882514961707
0.526741708144355,0.608863780835464,0.680026351255927,0.730512485378759,0.796339604829555,0.843997704233573,0.886062413357087,0.929671129818181,0.953798017390993,0.986201467173847,1,0.990131806494065,0.97872152572366,0.958475748710265,0.930344061931845,0.902912463902658,0.871172858810513,0.841769070114069,0.807475570458684,0.763852339898057,0.728807909336995,0.711277510694446,0.683619799388043,0.66076344930593,0.641752706365852,0.61864592807485,0.607212996046507,0.588959824266565,0.562838333181956,0.51822994597121,0.449204529299417,0.400482512113355
0.479797897403474,0.556368731697727,0.623443842606112,0.672872414421072,0.738228715818328,0.787538242492074,0.831383375193487,0.876218906491542,0.902751302740433,0.953269447274841,0.990131806494065,1,0.994448217508956,0.976931496140659,0.951048851477746,0.929292281993621,0.901507744475849,0.874827255329049,0.842176346867018,0.798934083852644,0.763523668628332,0.744175151391487,0.714450884654446,0.689903959978337,0.669550751021772,0.645093305035119,0.633254825398793,0.614630694879371,0.587658385819961,0.53888677666436,0.464599097177912,0.412676725654833
0.459321971749901,0.534104117293162,0.600203336109085,0.649512961139681,0.714275684962657,0.763792979436976,0.807857786431606,0.852670372860325,0.879690264024541,0.935228853244316,0.97872152572366,0.994448217508956,1,0.993834460269815,0.977931996338504,0.960483892789284,0.935182580289694,0.910181606666699,0.879216318059913,0.836331702117711,0.800917399195347,0.781563089186558,0.751100735052773,0.725932951842261,0.705013069687228,0.679604854530882,0.666380629295384,0.645215479713537,0.615807176751853,0.563420500717571,0.484740544512187,0.429948076662889
0.440765847224278,0.513872891083461,0.579018685532347,0.627927587118227,0.691498155778636,0.740469934770312,0.784029859597319,0.828161580347419,0.855021555483562,0.912274559768165,0.958475748710265,0.976931496140659,0.993834460269815,1,0.995066717489844,0.981566945379122,0.958556381490056,0.93517021007256,0.906086795203283,0.863938662027693,0.828923804134749,0.810088817977893,0.779472701972739,0.754162258871957,0.733054949837555,0.707070590908453,0.69248678260266,0.668729148483106,0.637015100956192,0.581836333579353,0.499944575772473,0.443040407935795
0.419556143130121,0.490400363265483,0.554012272682679,0.602051512318965,0.663891045489209,0.711862948336433,0.754515909279502,0.797577224179321,0.824013420425006,0.88220215125566,0.930344061931845,0.951048851477746,0.977931996338504,0.995066717489844,1,0.990174192452591,0.969453808626271,0.94775691860896,0.920661292288971,0.879612601394763,0.845321067564724,0.827147589636399,0.796713831596928,0.771540235549121,0.750485793807336,0.724257451401329,0.708609516496785,0.68278044663698,0.649334677985595,0.592234224174196,0.50832438440778,0.450125361773981
0.380154841051156,0.450038616976485,0.514937900579071,0.564809172354656,0.625856256755895,0.674335747181463,0.717135836026192,0.759639847800817,0.786332912864277,0.848764816262944,0.902912463902658,0.929292281993621,0.960483892789284,0.981566945379122,0.990174192452591,1,0.994221785423297,0.983001321224282,0.958114597933361,0.917792690428469,0.883981895695779,0.86702439395012,0.836758687955618,0.811729417520435,0.790724818852009,0.763884582136962,0.748524797277858,0.722623004204957,0.688197569020873,0.63387285302879,0.550547538620999,0.491506013604722
0.345621289882832,0.413953811977563,0.479076464434149,0.529758806290516,0.58947576732748,0.637763460639407,0.680161951294056,0.721729454360332,0.748293649542206,0.81316096707722,0.871172858810513,0.901507744475849,0.935182580289694,0.958556381490056,0.969453808626271,0.994221785423297,1,0.996971581220258,0.974031228130513,0.93474753376001,0.901716515766088,0.885892417322648,0.85614241883208,0.831544409338712,0.810849268414078,0.783894767719885,0.769006312157252,0.743478745945202,0.708819870051835,0.657440753649116,0.575743730235027,0.516875526611626
0.318089620548853,0.384644150528642,0.449254472616264,0.50003217058456,0.558347140437884,0.606158336171747,0.648008604084324,0.688671678495797,0.715034327158434,0.781288588511967,0.841769070114069,0.874827255329049,0.910181606666699,0.93517021007256,0.94775691860896,0.983001321224282,0.996971581220258,1,0.98130371643375,0.944922613039847,0.913756620393286,0.89861180627092,0.869143199723858,0.844702232550741,0.823981478735695,0.796799058700192,0.782086982102754,0.756697390001577,0.72182332790478,0.672160037863646,0.591377107738201,0.532565609252181
0.297353280972109,0.359488632998195,0.419784346408745,0.467862257172139,0.524130232972255,0.570818754862244,0.612132966897857,0.652440163695866,0.679227263582342,0.745927636452371,0.807475570458684,0.842176346867018,0.879216318059913,0.906086795203283,0.920661292288971,0.958114597933361,0.974031228130513,0.98130371643375,1,0.990248884116184,0.974559099567,0.956729561471232,0.924022210316902,0.895832832220516,0.870326951790585,0.839176167993112,0.821305172435143,0.792381359929723,0.754279238583177,0.696220449429858,0.606449714410436,0.542478073675036
0.275420498452632,0.332910437199367,0.388679259881387,0.4336835887025,0.487159788561261,0.531948617300565,0.571912873363542,0.611023977060776,0.637494596521006,0.702964835560406,0.763852339898057,0.798934083852644,0.836331702117711,0.863938662027693,0.879612601394763,0.917792690428469,0.93474753376001,0.944922613039847,0.990248884116184,1,0.995877447029885,0.976519803842738,0.942229750627447,0.911983570813296,0.883608016175887,0.850310178146619,0.830568813256353,0.799760333782455,0.760208855185156,0.69742510385569,0.603239060389566,0.537021931341268
0.258751225740667,0.313064616317929,0.365844526332746,0.408845785800774,0.460351429770972,0.503826475092357,0.54246136400095,0.580011542878495,0.605569456308072,0.669244843525853,0.728807909336995,0.763523668628332,0.800917399195347,0.828923804134749,0.845321067564724,0.883981895695779,0.901716515766088,0.913756620393286,0.974559099567,0.995877447029885,1,0.985893714962937,0.955524363834654,0.92694961636006,0.897261714313852,0.862860400516838,0.84134864410947,0.808019416677811,0.766567021804581,0.701725410537245,0.605821290924833,0.538625920960724
0.251358118177076,0.30572702921494,0.359049188407802,0.402737480421483,0.454512245464861,0.498527825806237,0.535932544698596,0.570715237958141,0.593663907381537,0.654308483373594,0.711277510694446,0.744175151391487,0.781563089186558,0.810088817977893,0.827147589636399,0.86702439395012,0.885892417322648,0.89861180627092,0.956729561471232,0.976519803842738,0.985893714962937,1,0.991405678153673,0.975618544231647,0.947223467367362,0.912891998428546,0.887937731902447,0.847415972312182,0.800169959490074,0.737492522379635,0.643583873060727,0.576413173897181
0.240647740039531,0.293993317514137,0.346693122526558,0.39006124601734,0.44103053191088,0.484605015365087,0.520314307341695,0.55225140605579,0.572710353521015,0.629796095864686,0.683619799388043,0.714450884654446,0.751100735052773,0.779472701972739,0.796713831596928,0.836758687955618,0.85614241883208,0.869143199723858,0.924022210316902,0.942229750627447,0.955524363834654,0.991405678153673,1,0.994517798484495,0.967690350542667,0.934087065454146,0.906931637160068,0.861583022852426,0.81073552028445,0.750979412272554,0.660472991288478,0.594639479510685
0.226931709389783,0.279881533951953,0.33295115457726,0.376914631222747,0.427621840655353,0.471395737640638,0.506244630031525,0.536305400053521,0.555204479234862,0.609518691396026,0.66076344930593,0.689903959978337,0.725932951842261,0.754162258871957,0.771540235549121,0.811729417520435,0.831544409338712,0.844702232550741,0.895832832220516,0.911983570813296,0.92694961636006,0.975618544231647,0.994517798484495,1,0.985758483996395,0.960347615948391,0.935823186920802,0.888235911646432,0.835249108591152,0.777349580883477,0.687841739697096,0.621789568984004
0.207794839595707,0.261084164490215,0.315807119524941,0.361576205399311,0.412654674105913,0.457436971749673,0.492445037777787,0.521772946197405,0.540242897540096,0.592577771725497,0.641752706365852,0.669550751021772,0.705013069687228,0.733054949837555,0.750485793807336,0.790724818852009,0.810849268414078,0.823981478735695,0.870326951790585,0.883608016175887,0.897261714313852,0.947223467367362,0.967690350542667,0.985758483996395,1,0.993556738496884,0.978474981589428,0.932115590556797,0.878936136169205,0.821667836676953,0.730105786906555,0.661815698153619
0.19156430285886,0.244227603478045,0.299186991718866,0.345438767603257,0.395948080870732,0.44069162142078,0.475245387499497,0.503608928404148,0.521493388391049,0.571654774404585,0.61864592807485,0.645093305035119,0.679604854530882,0.707070590908453,0.724257451401329,0.763884582136962,0.783894767719885,0.796799058700192,0.839176167993112,0.850310178146619,0.862860400516838,0.912891998428546,0.934087065454146,0.960347615948391,0.993556738496884,1,0.991524036106004,0.946735838663284,0.894279614554399,0.838355386985273,0.746877682628949,0.678174816524919
0.181436262817462,0.233427771266284,0.288176080714897,0.33421054474239,0.383581897995561,0.427448346046524,0.462292770943003,0.491817179104442,0.511136493545713,0.560991962031756,0.607212996046507,0.633254825398793,0.666380629295384,0.69248678260266,0.708609516496785,0.748524797277858,0.769006312157252,0.782086982102754,0.821305172435143,0.830568813256353,0.84134864410947,0.887937731902447,0.906931637160068,0.935823186920802,0.978474981589428,0.991524036106004,1,0.979410540759643,0.942588318246514,0.892025593190007,0.797264250245978,0.725452348947196
0.171266611917555,0.221227991992687,0.274035249403884,0.318159320404285,0.364720224080616,0.405976561090733,0.440766162298538,0.472251884837108,0.493987674571034,0.543641665664781,0.588959824266565,0.614630694879371,0.645215479713537,0.668729148483106,0.68278044663698,0.722623004204957,0.743478745945202,0.756697390001577,0.792381359929723,0.799760333782455,0.808019416677811,0.847415972312182,0.861583022852426,0.888235911646432,0.932115590556797,0.946735838663284,0.979410540759643,1,0.990599720856038,0.949603692708563,0.851533063953036,0.776492712311093
0.16037632173539,0.207795410807908,0.258054279207934,0.29985350240038,0.343422777941045,0.381947106133258,0.415887164352395,0.447966625473216,0.470832246803202,0.519190214666957,0.562838333181956,0.587658385819961,0.615807176751853,0.637015100956192,0.649334677985595,0.688197569020873,0.708819870051835,0.72182332790478,0.754279238583177,0.760208855185156,0.766567021804581,0.800169959490074,0.81073552028445,0.835249108591152,0.878936136169205,0.894279614554399,0.942588318246514,0.990599720856038,1,0.966443668741373,0.868420786443702,0.792945160223751
0.156331743224256,0.198351111119462,0.241980268938976,0.278763886012384,0.319416123895213,0.355399720898916,0.387015502107237,0.416808975674095,0.43802860559222,0.480635487128038,0.51822994597121,0.53888677666436,0.563420500717571,0.581836333579353,0.592234224174196,0.63387285302879,0.657440753649116,0.672160037863646,0.696220449429858,0.69742510385569,0.701725410537245,0.737492522379635,0.750979412272554,0.777349580883477,0.821667836676953,0.838355386985273,0.892025593190007,0.949603692708563,0.966443668741373,1,0.966090515575122,0.921828940258025
0.146201897670181,0.180944431698125,0.215937560711567,0.246089611886758,0.28225118804641,0.314331325112364,0.341884864675182,0.367268155558239,0.385083036974521,0.419583612566773,0.449204529299417,0.464599097177912,0.484740544512187,0.499944575772473,0.50832438440778,0.550547538620999,0.575743730235027,0.591377107738201,0.606449714410436,0.603239060389566,0.605821290924833,0.643583873060727,0.660472991288478,0.687841739697096,0.730105786906555,0.746877682628949,0.797264250245978,0.851533063953036,0.868420786443702,0.966090515575122,1,0.990649139593665
0.136862598420164,0.166812692727098,0.196288353374863,0.222114098653455,0.254916746421985,0.284059526007026,0.308715241968897,0.331076037589583,0.346606072252393,0.375882514961707,0.400482512113355,0.412676725654833,0.429948076662889,0.443040407935795,0.450125361773981,0.491506013604722,0.516875526611626,0.532565609252181,0.542478073675036,0.537021931341268,0.538625920960724,0.576413173897181,0.594639479510685,0.621789568984004,0.661815698153619,0.678174816524919,0.725452348947196,0.776492712311093,0.792945160223751,0.921828940258025,0.990649139593665,1
