1,0.959818238194229,0.788929077802411,0.739210426501964,0.681815861685057,0.628218078625255,0.601361067482564,0.563908095114415,0.522379942412827,0.470411396375577,0.440446705626337,0.42044458530348,0.399110401044525,0.382555294567399,0.361317769811883,0.340362144142046,0.317961861051502,0.294776273050372,0.266376900734387,0.241841001315755,0.239457738112643,0.237883353404029,0.238127449298119,0.2388233586401,0.236235958987664,0.229291698527794,0.217411609645428,0.210713378044753,0.201415199346281,0.184300533614311,0.132183092110229,0.100810255305573
0.959818238194229,1,0.929666586305891,0.891294533825153,0.826848723474713,0.767009478686216,0.739513348401414,0.698764374362362,0.651876204025044,0.591022726481525,0.557574034537472,0.536316813430982,0.512130169396438,0.490928298542247,0.463709960676459,0.444478184811023,0.42393788736582,0.400519670025808,0.368709077850922,0.339879690600925,0.337118994507003,0.334799293186674,0.334282316121216,0.333645964106157,0.328775365879747,0.322209940966067,0.307887139766776,0.298102108300459,0.28326349485961,0.263663620863333,0.22043625568191,0.188769166082003
0.788929077802411,0.929666586305891,1,0.981246789609178,0.915476340271721,0.854808547970856,0.829857718072889,0.789797295824086,0.741643668464001,0.676616124005764,0.642710628428016,0.622422134212749,0.597467764742002,0.572775221475126,0.54105539961586,0.526453826064839,0.510883508765947,0.490042306423054,0.457668834051905,0.426751383361666,0.423834990138316,0.420822353320493,0.419369868981155,0.417062844943897,0.409794349967026,0.404534361327657,0.388767669664482,0.376134660029017,0.355848944757891,0.335398915537442,0.309163074101566,0.2810074055141
0.739210426501964,0.891294533825153,0.981246789609178,1,0.975161512399648,0.936868437767743,0.913345659040223,0.873120207998658,0.827829187530581,0.762097634719826,0.729560366887216,0.711117724351372,0.686521628771623,0.661497168311415,0.627742419132794,0.610646703281827,0.591591047698411,0.568428803272341,0.535164515520781,0.502153995287224,0.500243584087402,0.497818060104928,0.497350264122461,0.495945567531562,0.488347495851599,0.481096810031624,0.46159981667426,0.447942177691251,0.426100984546594,0.404146044784394,0.377728035939202,0.345992577072519
0.681815861685057,0.826848723474713,0.915476340271721,0.975161512399648,1,0.989700640205039,0.968266281697761,0.929077578777769,0.888890861948253,0.825152731824916,0.795394810809754,0.77961066553276,0.756377154854641,0.732328297793317,0.69797130225538,0.677767837600103,0.654439371613671,0.628892981378951,0.595763756739206,0.561685719588829,0.561058433220975,0.559518040506638,0.560380051786017,0.560351596267696,0.552983733151023,0.54340759790324,0.520348378166506,0.50636584427142,0.484241212755003,0.461359297048056,0.432989254556172,0.397515215914535
0.628218078625255,0.767009478686216,0.854808547970856,0.936868437767743,0.989700640205039,1,0.989555448262075,0.960464564204075,0.925831089452572,0.865296221551268,0.838470291510111,0.825081689188339,0.80331794604432,0.780605770201701,0.746391842381626,0.725492996767679,0.70061973029621,0.674289813363869,0.641441807373109,0.606681897943208,0.606354919942361,0.604791113398601,0.605951238267798,0.606272924768901,0.598576454258096,0.587400055461391,0.561861802750445,0.548029100430829,0.526209291993203,0.503018149582224,0.473385985145701,0.435256918014955
0.601361067482564,0.739513348401414,0.829857718072889,0.913345659040223,0.968266281697761,0.989555448262075,1,0.990561514881383,0.960676954077624,0.902767175538458,0.878080630617949,0.866237210136726,0.845323958629629,0.823612847868701,0.789370048864612,0.770073293409244,0.746251308940928,0.720289640288837,0.68686284332178,0.650837374545803,0.649598521054314,0.646865966576859,0.647099385311766,0.646524529241105,0.637600420691871,0.62542915969638,0.598044983916278,0.584497664250602,0.562999174245864,0.539537868935533,0.508615246231993,0.468081059511603
0.563908095114415,0.698764374362362,0.789797295824086,0.873120207998658,0.929077578777769,0.960464564204075,0.990561514881383,1,0.976036307825415,0.922384637493773,0.900346510159046,0.89005764392129,0.870238828938999,0.849891410202387,0.81625068373092,0.798838526990941,0.776452799050969,0.751357079745982,0.718101769546966,0.681595711546509,0.679469079984022,0.675617214308366,0.674953083770939,0.673568648061395,0.663657935069271,0.650816053188145,0.622196607925503,0.609093201082209,0.588160958189741,0.564821787830272,0.533448895624029,0.49143647318494
0.522379942412827,0.651876204025044,0.741643668464001,0.827829187530581,0.888890861948253,0.925831089452572,0.960676954077624,0.976036307825415,1,0.984336817706876,0.97118957444086,0.953728756834744,0.928218991875829,0.908363112955468,0.873966608645798,0.856915067474058,0.834214458272388,0.810778381023885,0.782572966971267,0.748289081036823,0.743489676428353,0.736049246154311,0.73447654509928,0.734630348925636,0.72512016635886,0.714601868174162,0.68580856514747,0.66825484978102,0.639500629372392,0.612686023175587,0.591812487202994,0.55178956887478
0.470411396375577,0.591022726481525,0.676616124005764,0.762097634719826,0.825152731824916,0.865296221551268,0.902767175538458,0.922384637493773,0.984336817706876,1,0.994517013397636,0.971858218951715,0.942632671089011,0.923871519430194,0.890069261541247,0.873908007633347,0.85174857838005,0.830479168913703,0.807354384642713,0.77607342492267,0.76927698585437,0.759190220204803,0.756936594068407,0.758331230333445,0.749479138960741,0.741212284439214,0.713288131456044,0.692744677124066,0.658661998417323,0.629972311745609,0.618337180716176,0.581330001398824
0.440446705626337,0.557574034537472,0.642710628428016,0.729560366887216,0.795394810809754,0.838470291510111,0.878080630617949,0.900346510159046,0.97118957444086,0.994517013397636,1,0.989551607543135,0.96894950176766,0.950679499092852,0.916749763430002,0.899581418396069,0.875957445797577,0.853351981406946,0.828862827602116,0.796236365280474,0.789175371365182,0.778803786907857,0.777423412966256,0.780744788811961,0.77310318946438,0.762300625794004,0.731867123543982,0.710173138392183,0.675248124408996,0.645626351772604,0.632520915440756,0.594095955536624
0.42044458530348,0.536316813430982,0.622422134212749,0.711117724351372,0.77961066553276,0.825081689188339,0.866237210136726,0.89005764392129,0.953728756834744,0.971858218951715,0.989551607543135,1,0.994263487132154,0.976264283622068,0.942049769880402,0.923030627163322,0.897101467087399,0.871523123761077,0.842504165561372,0.806516305429527,0.800154324540433,0.79081297674839,0.791093113761678,0.796600324821137,0.790457476752757,0.774783646119431,0.740367049302381,0.7186714498348,0.685511414796339,0.655678263461694,0.635634917169648,0.593771517906562
0.399110401044525,0.512130169396438,0.597467764742002,0.686521628771623,0.756377154854641,0.80331794604432,0.845323958629629,0.870238828938999,0.928218991875829,0.942632671089011,0.96894950176766,0.994263487132154,1,0.986779757005371,0.956294694363214,0.937067576834201,0.909682259458151,0.882173527087099,0.850149688172886,0.811958885092572,0.806402116343036,0.798098723022867,0.799232832702462,0.805330807088044,0.799534752496675,0.78020253957269,0.742919908941053,0.72137550167945,0.689794560249649,0.659887843338074,0.634085498304908,0.589578588975379
0.382555294567399,0.490928298542247,0.572775221475126,0.661497168311415,0.732328297793317,0.780605770201701,0.823612847868701,0.849891410202387,0.908363112955468,0.923871519430194,0.950679499092852,0.976264283622068,0.986779757005371,1,0.991041383302048,0.977340603594837,0.949510370344608,0.921594547808717,0.889178962765318,0.849972964842053,0.845863644620584,0.83880191526793,0.837957941576115,0.838563173700234,0.828042991070662,0.806676701540434,0.767159740535833,0.745200716080131,0.713499483007909,0.682229401905816,0.650374866696285,0.602176885046683
0.361317769811883,0.463709960676459,0.54105539961586,0.627742419132794,0.69797130225538,0.746391842381626,0.789370048864612,0.81625068373092,0.873966608645798,0.890069261541247,0.916749763430002,0.942049769880402,0.956294694363214,0.991041383302048,1,0.991125332342203,0.963480971227374,0.935783891208208,0.90368902740134,0.864424793592274,0.861589860219266,0.855691550464469,0.853234245815768,0.849301037941615,0.835096683706383,0.812478351659634,0.771904670849053,0.750039925348931,0.718868929928476,0.687096143428874,0.65088656798547,0.600603748763284
0.340362144142046,0.444478184811023,0.526453826064839,0.610646703281827,0.677767837600103,0.725492996767679,0.770073293409244,0.798838526990941,0.856915067474058,0.873908007633347,0.899581418396069,0.923030627163322,0.937067576834201,0.977340603594837,0.991125332342203,1,0.990225305645238,0.972975307552306,0.941844176700303,0.90250919533977,0.89924487373544,0.892572740249215,0.888308496825894,0.881337508164379,0.864341425944412,0.839135890850444,0.795893161903859,0.769642572530253,0.733089225401474,0.698251480140127,0.664930117117218,0.615297068507212
0.317961861051502,0.42393788736582,0.510883508765947,0.591591047698411,0.654439371613671,0.70061973029621,0.746251308940928,0.776452799050969,0.834214458272388,0.85174857838005,0.875957445797577,0.897101467087399,0.909682259458151,0.949510370344608,0.963480971227374,0.990225305645238,1,0.994330421163387,0.964650038907118,0.925871440055315,0.921846168057258,0.91412180282019,0.908394830971201,0.899455907621892,0.880685836859302,0.853399486472706,0.808217216025036,0.777580490112341,0.735600348633713,0.69811030007549,0.669633912235198,0.622051557286312
0.294776273050372,0.400519670025808,0.490042306423054,0.568428803272341,0.628892981378951,0.674289813363869,0.720289640288837,0.751357079745982,0.810778381023885,0.830479168913703,0.853351981406946,0.871523123761077,0.882173527087099,0.921594547808717,0.935783891208208,0.972975307552306,0.994330421163387,1,0.983366272107343,0.953158792268723,0.948619395662718,0.939060748707325,0.931591348181179,0.920914675943674,0.900506546436566,0.870760378700222,0.823265604764171,0.790239821367277,0.745704630290511,0.706627750636878,0.678933242004689,0.631246665824323
0.266376900734387,0.368709077850922,0.457668834051905,0.535164515520781,0.595763756739206,0.641441807373109,0.68686284332178,0.718101769546966,0.782572966971267,0.807354384642713,0.828862827602116,0.842504165561372,0.850149688172886,0.889178962765318,0.90368902740134,0.941844176700303,0.964650038907118,0.983366272107343,1,0.992242996592109,0.987471682440522,0.974531876655839,0.964564824315536,0.952178241617684,0.930025257312841,0.896762124674351,0.845919719228224,0.813115121448285,0.769941750084642,0.730596329516597,0.697550939365917,0.646386183301408
0.241841001315755,0.339879690600925,0.426751383361666,0.502153995287224,0.561685719588829,0.606681897943208,0.650837374545803,0.681595711546509,0.748289081036823,0.77607342492267,0.796236365280474,0.806516305429527,0.811958885092572,0.849972964842053,0.864424793592274,0.90250919533977,0.925871440055315,0.953158792268723,0.992242996592109,1,0.995161286951657,0.980155039222933,0.968669330912843,0.955349550474986,0.932426394845426,0.897392889750982,0.845232499361293,0.813207212347253,0.771792296331808,0.733016209274236,0.696941111877905,0.644375191371673
0.239457738112643,0.337118994507003,0.423834990138316,0.500243584087402,0.561058433220975,0.606354919942361,0.649598521054314,0.679469079984022,0.743489676428353,0.76927698585437,0.789175371365182,0.800154324540433,0.806402116343036,0.845863644620584,0.861589860219266,0.89924487373544,0.921846168057258,0.948619395662718,0.987471682440522,0.995161286951657,1,0.994830448557013,0.98732783215562,0.971700736277514,0.946761785335317,0.91807823869057,0.870018073995152,0.839360288768474,0.797088092398334,0.75643489833715,0.714187376176472,0.657824786803136
0.237883353404029,0.334799293186674,0.420822353320493,0.497818060104928,0.559518040506638,0.604791113398601,0.646865966576859,0.675617214308366,0.736049246154311,0.759190220204803,0.778803786907857,0.79081297674839,0.798098723022867,0.83880191526793,0.855691550464469,0.892572740249215,0.91412180282019,0.939060748707325,0.974531876655839,0.980155039222933,0.994830448557013,1,0.996818123642089,0.979096107214767,0.952424591032391,0.930701474333667,0.887427740744833,0.858348758599984,0.815370352189957,0.773103464526741,0.725322004317756,0.665775992433879
0.238127449298119,0.334282316121216,0.419369868981155,0.497350264122461,0.560380051786017,0.605951238267798,0.647099385311766,0.674953083770939,0.73447654509928,0.756936594068407,0.777423412966256,0.791093113761678,0.799232832702462,0.837957941576115,0.853234245815768,0.888308496825894,0.908394830971201,0.931591348181179,0.964564824315536,0.968669330912843,0.98732783215562,0.996818123642089,1,0.990563661593085,0.970210900515742,0.95088725295001,0.908721146014425,0.879691184143203,0.835634615858964,0.79138116564453,0.737438229912543,0.674362122323142
0.2388233586401,0.333645964106157,0.417062844943897,0.495945567531562,0.560351596267696,0.606272924768901,0.646524529241105,0.673568648061395,0.734630348925636,0.758331230333445,0.780744788811961,0.796600324821137,0.805330807088044,0.838563173700234,0.849301037941615,0.881337508164379,0.899455907621892,0.920914675943674,0.952178241617684,0.955349550474986,0.971700736277514,0.979096107214767,0.990563661593085,1,0.994258471779694,0.972655397413324,0.928005213582811,0.897611009654021,0.852384583302186,0.806078345975423,0.745817773669374,0.679328147845058
0.236235958987664,0.328775365879747,0.409794349967026,0.488347495851599,0.552983733151023,0.598576454258096,0.637600420691871,0.663657935069271,0.72512016635886,0.749479138960741,0.77310318946438,0.790457476752757,0.799534752496675,0.828042991070662,0.835096683706383,0.864341425944412,0.880685836859302,0.900506546436566,0.930025257312841,0.932426394845426,0.946761785335317,0.952424591032391,0.970210900515742,0.994258471779694,1,0.976900446722158,0.930896126873664,0.899835221825691,0.854288296126865,0.806986363564617,0.74258322147181,0.674300086942792
0.229291698527794,0.322209940966067,0.404534361327657,0.481096810031624,0.54340759790324,0.587400055461391,0.62542915969638,0.650816053188145,0.714601868174162,0.741212284439214,0.762300625794004,0.774783646119431,0.78020253957269,0.806676701540434,0.812478351659634,0.839135890850444,0.853399486472706,0.870760378700222,0.896762124674351,0.897392889750982,0.91807823869057,0.930701474333667,0.95088725295001,0.972655397413324,0.976900446722158,1,0.987451791105203,0.966990852148463,0.917707781040086,0.866765343884814,0.798130300117364,0.725016254851925
0.217411609645428,0.307887139766776,0.388767669664482,0.46159981667426,0.520348378166506,0.561861802750445,0.598044983916278,0.622196607925503,0.68580856514747,0.713288131456044,0.731867123543982,0.740367049302381,0.742919908941053,0.767159740535833,0.771904670849053,0.795893161903859,0.808217216025036,0.823265604764171,0.845919719228224,0.845232499361293,0.870018073995152,0.887427740744833,0.908721146014425,0.928005213582811,0.930896126873664,0.987451791105203,1,0.987980333409171,0.937398172890393,0.885283596390039,0.815596466411281,0.7410950921179
0.210713378044753,0.298102108300459,0.376134660029017,0.447942177691251,0.50636584427142,0.548029100430829,0.584497664250602,0.609093201082209,0.66825484978102,0.692744677124066,0.710173138392183,0.7186714498348,0.72137550167945,0.745200716080131,0.750039925348931,0.769642572530253,0.777580490112341,0.790239821367277,0.813115121448285,0.813207212347253,0.839360288768474,0.858348758599984,0.879691184143203,0.897611009654021,0.899835221825691,0.966990852148463,0.987980333409171,1,0.978725036706935,0.943391949157282,0.862596591300916,0.780449154357625
0.201415199346281,0.28326349485961,0.355848944757891,0.426100984546594,0.484241212755003,0.526209291993203,0.562999174245864,0.588160958189741,0.639500629372392,0.658661998417323,0.675248124408996,0.685511414796339,0.689794560249649,0.713499483007909,0.718868929928476,0.733089225401474,0.735600348633713,0.745704630290511,0.769941750084642,0.771792296331808,0.797088092398334,0.815370352189957,0.835634615858964,0.852384583302186,0.854288296126865,0.917707781040086,0.937398172890393,0.978725036706935,1,0.989887038963857,0.896198805880766,0.806244327506701
0.184300533614311,0.263663620863333,0.335398915537442,0.404146044784394,0.461359297048056,0.503018149582224,0.539537868935533,0.564821787830272,0.612686023175587,0.629972311745609,0.645626351772604,0.655678263461694,0.659887843338074,0.682229401905816,0.687096143428874,0.698251480140127,0.69811030007549,0.706627750636878,0.730596329516597,0.733016209274236,0.75643489833715,0.773103464526741,0.79138116564453,0.806078345975423,0.806986363564617,0.866765343884814,0.885283596390039,0.943391949157282,0.989887038963857,1,0.926120115701929,0.844005048679522
0.132183092110229,0.22043625568191,0.309163074101566,0.377728035939202,0.432989254556172,0.473385985145701,0.508615246231993,0.533448895624029,0.591812487202994,0.618337180716176,0.632520915440756,0.635634917169648,0.634085498304908,0.650374866696285,0.65088656798547,0.664930117117218,0.669633912235198,0.678933242004689,0.697550939365917,0.696941111877905,0.714187376176472,0.725322004317756,0.737438229912543,0.745817773669374,0.74258322147181,0.798130300117364,0.815596466411281,0.862596591300916,0.896198805880766,0.926120115701929,1,0.983971122372505
0.100810255305573,0.188769166082003,0.2810074055141,0.345992577072519,0.397515215914535,0.435256918014955,0.468081059511603,0.49143647318494,0.55178956887478,0.581330001398824,0.594095955536624,0.593771517906562,0.589578588975379,0.602176885046683,0.600603748763284,0.615297068507212,0.622051557286312,0.631246665824323,0.646386183301408,0.644375191371673,0.657824786803136,0.665775992433879,0.674362122323142,0.679328147845058,0.674300086942792,0.725016254851925,0.7410950921179,0.780449154357625,0.806244327506701,0.844005048679522,0.983971122372505,1
