1,0.834523921963285,0.729604426348445,0.666026673380299,0.630987372042875,0.612382311735377,0.585740434316265,0.558991301814251,0.545932799939725,0.528297550394101,0.503369491383807,0.490191312315899,0.477076015069041,0.461471558316747,0.455400612158604,0.446945364737687,0.439690184514301,0.434558681952342,0.430389044851776,0.431941608422052,0.429029251625397,0.423277297769424,0.407800132709048,0.383235485432606,0.360682742709218,0.349330243695873,0.342810640422057,0.330825823846783,0.307937934094126,0.297561841877506,0.283084127498788,0.234194341806336
0.834523921963285,1,0.959317877172065,0.870107012329467,0.8307806363698,0.805914867918034,0.771662821018166,0.744948229219588,0.728532072187478,0.70548147500667,0.676750234628926,0.656831750083324,0.638422286883888,0.625038980813257,0.61533916365964,0.600066729274174,0.586666155408974,0.580100404576797,0.57502693546886,0.574820326877007,0.56994949549439,0.561517267012251,0.539611921362432,0.509429195385843,0.483350559476693,0.474464172025124,0.464294211405945,0.446991861897456,0.419558481661077,0.409512729416438,0.386156009694418,0.310932728454007
0.729604426348445,0.959317877172065,1,0.968154742167941,0.922463547053701,0.892957933750334,0.854234430192279,0.826756008904497,0.807164430100118,0.780438183877178,0.75029622980299,0.731098048612387,0.713212985887189,0.69947355819523,0.688045161174375,0.669868506758544,0.653636846354891,0.64650052981648,0.641299247760967,0.641065675678207,0.635716460081471,0.625815162739078,0.599333495292403,0.569721335265117,0.545152658842842,0.538116152896869,0.523356872269891,0.501727477658793,0.473404315582952,0.466041569156604,0.440747024339785,0.353463691008881
0.666026673380299,0.870107012329467,0.968154742167941,1,0.967972314295977,0.939013478846073,0.897118054866653,0.868378798765059,0.846494728126626,0.817712233299684,0.787727197957482,0.77115034246011,0.754994322695084,0.73976889549507,0.727367941250167,0.707937828832792,0.690502408252687,0.68301311926449,0.677678566034792,0.677628512884362,0.672268664083573,0.661532293518466,0.631750409911836,0.603129282840451,0.579852873432136,0.572822330485852,0.553577967407039,0.528354793769557,0.499503254667534,0.495202472147607,0.472140697371289,0.381314191732826
0.630987372042875,0.8307806363698,0.922463547053701,0.967972314295977,1,0.982496148674844,0.937584623691706,0.907195136921729,0.884770319754267,0.85610729037214,0.828070444762026,0.812442918225345,0.796050435912405,0.778909137139248,0.76558303935841,0.745267759690927,0.727460436128418,0.719374505142508,0.713235450488815,0.712356871397039,0.706809376552999,0.695614498623197,0.663652187112632,0.631912195622389,0.60535135541933,0.594650736216706,0.571535340693844,0.543261269892854,0.511660526465186,0.509679406248009,0.49289855917686,0.405959727582877
0.612382311735377,0.805914867918034,0.892957933750334,0.939013478846073,0.982496148674844,1,0.984385395218424,0.951868802229542,0.928944080932128,0.900506517372157,0.874484142151264,0.859216682350432,0.842246237178926,0.823971122973217,0.80868260417228,0.786681742949279,0.769615130024418,0.761457055095351,0.754829475847944,0.753442627543594,0.747111996134608,0.735325112250916,0.702889067449312,0.670190591757157,0.642902196170554,0.632930358609057,0.608280447385627,0.577664257858792,0.543197422176188,0.542607813861043,0.528865880798781,0.44018413703707
0.585740434316265,0.771662821018166,0.854234430192279,0.897118054866653,0.937584623691706,0.984385395218424,1,0.978752491791753,0.95844269978854,0.930387494239194,0.905771842812516,0.890705828672602,0.87343177514403,0.854866936178775,0.838023903173502,0.814717644538968,0.798623709516097,0.791444673936231,0.785284426241113,0.783310797451199,0.776382577745215,0.764283459629225,0.731837813016822,0.699202529602166,0.672204928207717,0.663751563626293,0.63936990653905,0.608298416428365,0.573376249597887,0.573365682551889,0.560657520299026,0.469097428867094
0.558991301814251,0.744948229219588,0.826756008904497,0.868378798765059,0.907195136921729,0.951868802229542,0.978752491791753,1,0.988743948810533,0.960025970866964,0.933928067556014,0.918329552098551,0.900890053041562,0.88277927370117,0.865494529259111,0.841433952391955,0.825269551650532,0.82087437088644,0.817000649705021,0.814012787635407,0.807096232531204,0.794941683401212,0.760981391394635,0.727970632745848,0.700788177796368,0.692295098030586,0.66993019636501,0.641224326774549,0.610341365674277,0.609434007558065,0.594206809475969,0.496766825089613
0.545932799939725,0.728532072187478,0.807164430100118,0.846494728126626,0.884770319754267,0.928944080932128,0.95844269978854,0.988743948810533,1,0.990019426680586,0.964862967139344,0.948322216633198,0.930154064776853,0.913531966713076,0.896744553083329,0.872353460442555,0.855566321962367,0.850995592337471,0.846658962937706,0.842342481167049,0.834832524844915,0.823204911953661,0.791611825543961,0.759614991098254,0.732437495146794,0.723007798472679,0.697337079784638,0.665938299750945,0.634080498339195,0.630271711291386,0.613579052814022,0.514385076245576
0.528297550394101,0.70548147500667,0.780438183877178,0.817712233299684,0.85610729037214,0.900506517372157,0.930387494239194,0.960025970866964,0.990019426680586,1,0.98485458596552,0.96989848811388,0.95161973080122,0.936922609085708,0.92115515657865,0.896953314825427,0.879857080433036,0.874348140844546,0.868867775973556,0.86355417748886,0.855779933151408,0.845425537157378,0.818124040293165,0.787826413015794,0.760910235668665,0.750654775059332,0.721940965399601,0.687554720729195,0.653039733508333,0.645377723453061,0.627076344051975,0.527192715721775
0.503369491383807,0.676750234628926,0.75029622980299,0.787727197957482,0.828070444762026,0.874484142151264,0.905771842812516,0.933928067556014,0.964862967139344,0.98485458596552,1,0.99275459941699,0.97581950445133,0.963048695934564,0.948562764900525,0.924951269195158,0.90827283163805,0.901802129565588,0.895218479655292,0.889816276700498,0.882807097714762,0.874909090130002,0.853328969689515,0.824726980382198,0.797912550618572,0.787462537498802,0.759248003135021,0.723724244742141,0.684940848063116,0.672272506668941,0.650868914484143,0.547705485595215
0.490191312315899,0.656831750083324,0.731098048612387,0.77115034246011,0.812442918225345,0.859216682350432,0.890705828672602,0.918329552098551,0.948322216633198,0.96989848811388,0.99275459941699,1,0.994446262006542,0.981787745256552,0.969231991971401,0.947265952295819,0.931227607420236,0.92376883605995,0.915674570076532,0.908821443012752,0.90064942828521,0.8925325738236,0.872612740346655,0.8447019674166,0.817834936532608,0.806527661009602,0.77717684844789,0.740130048134652,0.698847219735335,0.68676728031564,0.667076529151094,0.563414483060484
0.477076015069041,0.638422286883888,0.713212985887189,0.754994322695084,0.796050435912405,0.842246237178926,0.87343177514403,0.900890053041562,0.930154064776853,0.95161973080122,0.97581950445133,0.994446262006542,1,0.99172287604351,0.981148900770197,0.959909747170682,0.943827907657572,0.93531526497805,0.925871957245034,0.917733203662195,0.908291931320804,0.899267768329591,0.879196534058628,0.85146717962658,0.824647234147747,0.812945033889903,0.782719253300247,0.744563216904475,0.70150934312994,0.690628064943758,0.673452238462529,0.571166686626519
0.461471558316747,0.625038980813257,0.69947355819523,0.73976889549507,0.778909137139248,0.823971122973217,0.854866936178775,0.88277927370117,0.913531966713076,0.936922609085708,0.963048695934564,0.981787745256552,0.99172287604351,1,0.99110028258095,0.967316424223087,0.949099260880034,0.939173704846052,0.928818433600998,0.920539795352423,0.910681505646778,0.900719816952842,0.878559961573454,0.850073462005657,0.823279040325117,0.812599421407726,0.782797196219914,0.744192396999174,0.699159607984827,0.686989722082418,0.670895680358332,0.571347092197997
0.455400612158604,0.61533916365964,0.688045161174375,0.727367941250167,0.76558303935841,0.80868260417228,0.838023903173502,0.865494529259111,0.896744553083329,0.92115515657865,0.948562764900525,0.969231991971401,0.981148900770197,0.99110028258095,1,0.991869120981139,0.975580824643614,0.965685402103582,0.954191128289845,0.943327345690501,0.934153871164231,0.924484358176465,0.898584712985075,0.86895684182976,0.841505470317662,0.829595149587967,0.797398255052247,0.7572937899073,0.712637173279176,0.705269771471433,0.687688567480907,0.579340422624132
0.446945364737687,0.600066729274174,0.669868506758544,0.707937828832792,0.745267759690927,0.786681742949279,0.814717644538968,0.841433952391955,0.872353460442555,0.896953314825427,0.924951269195158,0.947265952295819,0.959909747170682,0.967316424223087,0.991869120981139,1,0.990973575572813,0.98245445288942,0.970063673017668,0.957041837778564,0.948504421663422,0.939239508910716,0.910648080072374,0.88109178776658,0.853804982703219,0.840528151224946,0.805846828949213,0.764444775119842,0.720834345903709,0.7195014795304,0.699768210089025,0.5811255495431
0.439690184514301,0.586666155408974,0.653636846354891,0.690502408252687,0.727460436128418,0.769615130024418,0.798623709516097,0.825269551650532,0.855566321962367,0.879857080433036,0.90827283163805,0.931227607420236,0.943827907657572,0.949099260880034,0.975580824643614,0.990973575572813,1,0.99499825881004,0.981909574770306,0.968774328717379,0.959761266103234,0.950028671851424,0.921114114134351,0.89386187165202,0.868328457472293,0.854333236672718,0.81744280374197,0.774395919678093,0.730428291000044,0.734566498608021,0.711935890029563,0.582159949051446
0.434558681952342,0.580100404576797,0.64650052981648,0.68301311926449,0.719374505142508,0.761457055095351,0.791444673936231,0.82087437088644,0.850995592337471,0.874348140844546,0.901802129565588,0.92376883605995,0.93531526497805,0.939173704846052,0.965685402103582,0.98245445288942,0.99499825881004,1,0.995375379115653,0.981566979774563,0.971941202802986,0.961239059352533,0.930195855142352,0.90278351448307,0.877259621800619,0.862414345586422,0.823872374290801,0.781085615049956,0.741767419367591,0.748648789390201,0.722743973311692,0.585184662646711
0.430389044851776,0.57502693546886,0.641299247760967,0.677678566034792,0.713235450488815,0.754829475847944,0.785284426241113,0.817000649705021,0.846658962937706,0.868867775973556,0.895218479655292,0.915674570076532,0.925871957245034,0.928818433600998,0.954191128289845,0.970063673017668,0.981909574770306,0.995375379115653,1,0.990510159483888,0.981438258344644,0.969599603073699,0.936114696354713,0.907504401831806,0.881332887719761,0.866172448224347,0.827382030159528,0.785530337782348,0.749976535791052,0.758067528535905,0.730155150380743,0.588389346512803
0.431941608422052,0.574820326877007,0.641065675678207,0.677628512884362,0.712356871397039,0.753442627543594,0.783310797451199,0.814012787635407,0.842342481167049,0.86355417748886,0.889816276700498,0.908821443012752,0.917733203662195,0.920539795352423,0.943327345690501,0.957041837778564,0.968774328717379,0.981566979774563,0.990510159483888,1,0.994804036187642,0.981574161723076,0.945750617561451,0.914703502342964,0.887167581509669,0.87310779690328,0.83706460879015,0.795992699055447,0.757285295365199,0.764763075888144,0.7382660290022,0.597562833775757
0.429029251625397,0.56994949549439,0.635716460081471,0.672268664083573,0.706809376552999,0.747111996134608,0.776382577745215,0.807096232531204,0.834832524844915,0.855779933151408,0.882807097714762,0.90064942828521,0.908291931320804,0.910681505646778,0.934153871164231,0.948504421663422,0.959761266103234,0.971941202802986,0.981438258344644,0.994804036187642,1,0.994502762456416,0.954508368234233,0.922725460888372,0.895099609082387,0.880158794093893,0.846793516081829,0.806304610781218,0.76272337390466,0.768483014233557,0.741483114819724,0.600339804433469
0.423277297769424,0.561517267012251,0.625815162739078,0.661532293518466,0.695614498623197,0.735325112250916,0.764283459629225,0.794941683401212,0.823204911953661,0.845425537157378,0.874909090130002,0.8925325738236,0.899267768329591,0.900719816952842,0.924484358176465,0.939239508910716,0.950028671851424,0.961239059352533,0.969599603073699,0.981574161723076,0.994502762456416,1,0.972127370358032,0.944381931911124,0.917274437195195,0.900497104553182,0.867841195248019,0.826356997938167,0.777027670866542,0.776702066639522,0.747614740361572,0.60749745002442
0.407800132709048,0.539611921362432,0.599333495292403,0.631750409911836,0.663652187112632,0.702889067449312,0.731837813016822,0.760981391394635,0.791611825543961,0.818124040293165,0.853328969689515,0.872612740346655,0.879196534058628,0.878559961573454,0.898584712985075,0.910648080072374,0.921114114134351,0.930195855142352,0.936114696354713,0.945750617561451,0.954508368234233,0.972127370358032,1,0.987512033343787,0.961805685353154,0.942573513930966,0.906221395872229,0.860461364162123,0.80500744004967,0.788193412243507,0.7549225649767,0.622811777144208
0.383235485432606,0.509429195385843,0.569721335265117,0.603129282840451,0.631912195622389,0.670190591757157,0.699202529602166,0.727970632745848,0.759614991098254,0.787826413015794,0.824726980382198,0.8447019674166,0.85146717962658,0.850073462005657,0.86895684182976,0.88109178776658,0.89386187165202,0.90278351448307,0.907504401831806,0.914703502342964,0.922725460888372,0.944381931911124,0.987512033343787,1,0.991893769909527,0.970874877457004,0.936597916650886,0.892352342825868,0.83676748017638,0.810409541734498,0.768896927999545,0.632485630581032
0.360682742709218,0.483350559476693,0.545152658842842,0.579852873432136,0.60535135541933,0.642902196170554,0.672204928207717,0.700788177796368,0.732437495146794,0.760910235668665,0.797912550618572,0.817834936532608,0.824647234147747,0.823279040325117,0.841505470317662,0.853804982703219,0.868328457472293,0.877259621800619,0.881332887719761,0.887167581509669,0.895099609082387,0.917274437195195,0.961805685353154,0.991893769909527,1,0.985421647735829,0.955346170915584,0.913091311213087,0.858467606838388,0.827882513202183,0.780741985586249,0.639086024404579
0.349330243695873,0.474464172025124,0.538116152896869,0.572822330485852,0.594650736216706,0.632930358609057,0.663751563626293,0.692295098030586,0.723007798472679,0.750654775059332,0.787462537498802,0.806527661009602,0.812945033889903,0.812599421407726,0.829595149587967,0.840528151224946,0.854333236672718,0.862414345586422,0.866172448224347,0.87310779690328,0.880158794093893,0.900497104553182,0.942573513930966,0.970874877457004,0.985421647735829,1,0.976166688099483,0.93263733300873,0.876524155242499,0.848054487749917,0.802100697942588,0.65727926290449
0.342810640422057,0.464294211405945,0.523356872269891,0.553577967407039,0.571535340693844,0.608280447385627,0.63936990653905,0.66993019636501,0.697337079784638,0.721940965399601,0.759248003135021,0.77717684844789,0.782719253300247,0.782797196219914,0.797398255052247,0.805846828949213,0.81744280374197,0.823872374290801,0.827382030159528,0.83706460879015,0.846793516081829,0.867841195248019,0.906221395872229,0.936597916650886,0.955346170915584,0.976166688099483,1,0.986293707385255,0.920156536787552,0.886031362836835,0.828200847454952,0.666431778583953
0.330825823846783,0.446991861897456,0.501727477658793,0.528354793769557,0.543261269892854,0.577664257858792,0.608298416428365,0.641224326774549,0.665938299750945,0.687554720729195,0.723724244742141,0.740130048134652,0.744563216904475,0.744192396999174,0.7572937899073,0.764444775119842,0.774395919678093,0.781085615049956,0.785530337782348,0.795992699055447,0.806304610781218,0.826356997938167,0.860461364162123,0.892352342825868,0.913091311213087,0.93263733300873,0.986293707385255,1,0.954009877893105,0.914725746860366,0.843268489369781,0.669127574630984
0.307937934094126,0.419558481661077,0.473404315582952,0.499503254667534,0.511660526465186,0.543197422176188,0.573376249597887,0.610341365674277,0.634080498339195,0.653039733508333,0.684940848063116,0.698847219735335,0.70150934312994,0.699159607984827,0.712637173279176,0.720834345903709,0.730428291000044,0.741767419367591,0.749976535791052,0.757285295365199,0.76272337390466,0.777027670866542,0.80500744004967,0.83676748017638,0.858467606838388,0.876524155242499,0.920156536787552,0.954009877893105,1,0.957159203442522,0.866936642445308,0.685399222114742
0.297561841877506,0.409512729416438,0.466041569156604,0.495202472147607,0.509679406248009,0.542607813861043,0.573365682551889,0.609434007558065,0.630271711291386,0.645377723453061,0.672272506668941,0.68676728031564,0.690628064943758,0.686989722082418,0.705269771471433,0.7195014795304,0.734566498608021,0.748648789390201,0.758067528535905,0.764763075888144,0.768483014233557,0.776702066639522,0.788193412243507,0.810409541734498,0.827882513202183,0.848054487749917,0.886031362836835,0.914725746860366,0.957159203442522,1,0.945456855238418,0.721627369671305
0.283084127498788,0.386156009694418,0.440747024339785,0.472140697371289,0.49289855917686,0.528865880798781,0.560657520299026,0.594206809475969,0.613579052814022,0.627076344051975,0.650868914484143,0.667076529151094,0.673452238462529,0.670895680358332,0.687688567480907,0.699768210089025,0.711935890029563,0.722743973311692,0.730155150380743,0.7382660290022,0.741483114819724,0.747614740361572,0.7549225649767,0.768896927999545,0.780741985586249,0.802100697942588,0.828200847454952,0.843268489369781,0.866936642445308,0.945456855238418,1,0.890153004762064
0.234194341806336,0.310932728454007,0.353463691008881,0.381314191732826,0.405959727582877,0.44018413703707,0.469097428867094,0.496766825089613,0.514385076245576,0.527192715721775,0.547705485595215,0.563414483060484,0.571166686626519,0.571347092197997,0.579340422624132,0.5811255495431,0.582159949051446,0.585184662646711,0.588389346512803,0.597562833775757,0.600339804433469,0.60749745002442,0.622811777144208,0.632485630581032,0.639086024404579,0.65727926290449,0.666431778583953,0.669127574630984,0.685399222114742,0.721627369671305,0.890153004762064,1
