1,0.810679203660556,0.746151188379714,0.715350733876439,0.693147391385059,0.67485314050599,0.659870725443165,0.65355937753798,0.641200743110137,0.627635152845145,0.616453318248496,0.603842927885318,0.580324916192741,0.563714956716285,0.55066803621888,0.532166704336563,0.515251789863235,0.497866492953589,0.4940871837792,0.481568773731586,0.463725162286889,0.437310418821205,0.41591609081611,0.392200784461454,0.370363423472961,0.351436606309681,0.317922839320663,0.274958378532759,0.234827079357925,0.179795263673273,0.0593120650202714,0.0395615705924838
0.810679203660556,1,0.947009310833143,0.922748875525501,0.898167902974629,0.876259662787627,0.856597719947844,0.843604734699366,0.828406483224158,0.814663137867515,0.802015860704411,0.784930901556512,0.765059311036456,0.745870336741915,0.727620395731936,0.70728713300563,0.69094699051328,0.673002759931687,0.665019617368216,0.651299717063408,0.630162842195951,0.60020019361916,0.581119401581832,0.557392939552332,0.533620095437981,0.506838887391362,0.471665159432753,0.435975373981986,0.38635763207079,0.319105546943461,0.121505962807448,0.0979745512029335
0.746151188379714,0.947009310833143,1,0.975846898457053,0.956224548435993,0.936997046557289,0.920334896478108,0.907798896041956,0.893870201935945,0.880665331424818,0.869644385874382,0.855132962017569,0.838569181247358,0.821766469561215,0.803947976706681,0.786029133146958,0.771229033470112,0.755356409839203,0.744680018658741,0.730572999533758,0.710275738965992,0.680287104347744,0.66017416431716,0.637495059119122,0.612642334223399,0.585281473931902,0.552956139288169,0.514990994494349,0.46739692867335,0.400432487854976,0.161732563212439,0.105768976201581
0.715350733876439,0.922748875525501,0.975846898457053,1,0.98185837570543,0.963759526544548,0.94975420016738,0.936931495422019,0.923558160118935,0.913115388898673,0.902501508221267,0.889267270878798,0.872796579135072,0.857833963323163,0.842119071603285,0.824369831063021,0.81037306119073,0.795485189879582,0.785710779796125,0.771692001133801,0.752283741460599,0.72746083294621,0.708729838069303,0.686579627905254,0.662267912228068,0.635604462034585,0.604095154171184,0.56620731999347,0.517664284746834,0.451060768788256,0.185622838599703,0.114687621683129
0.693147391385059,0.898167902974629,0.956224548435993,0.98185837570543,1,0.985909947287259,0.9731468058893,0.962853043841866,0.950098770037573,0.939813646178201,0.931794127144308,0.921359647765518,0.906336826521742,0.893539381776039,0.878274888718336,0.861875016684802,0.848196063965692,0.83414376461967,0.823801326894296,0.811754569325332,0.793950689978096,0.770370895088346,0.752523229418697,0.731999783925115,0.707781670000279,0.682410816355952,0.652826704505368,0.617326691720028,0.566881919925144,0.501355163348546,0.215971967988984,0.117036839536938
0.67485314050599,0.876259662787627,0.936997046557289,0.963759526544548,0.985909947287259,1,0.990359962123377,0.981135093213683,0.969014307215563,0.959394396087588,0.951437952986261,0.941421545488983,0.928488509277468,0.914932312627324,0.900058533430267,0.884238570618617,0.869843472066451,0.855806542214982,0.845826319567417,0.835616285876665,0.818793355190031,0.79652893892614,0.781608568586357,0.762706491161238,0.740113456200411,0.716082027861164,0.688427687846043,0.653500513484324,0.60298388531033,0.537167188110004,0.236330231841761,0.136270109183278
0.659870725443165,0.856597719947844,0.920334896478108,0.94975420016738,0.9731468058893,0.990359962123377,1,0.99156806225131,0.980124789370101,0.971043563323907,0.963372325821949,0.954059758327007,0.942646709073192,0.929396725744276,0.915619039685041,0.900311001031823,0.886517018540868,0.873488059288419,0.863151420224849,0.85373581614071,0.837976234912937,0.816112800636108,0.801257562240558,0.783104742201436,0.76144158946769,0.739428353150741,0.712364061695237,0.67839227311221,0.629750370896879,0.565339326835302,0.256567647702641,0.140917581003919
0.65355937753798,0.843604734699366,0.907798896041956,0.936931495422019,0.962853043841866,0.981135093213683,0.99156806225131,1,0.99118965386893,0.982752223427536,0.974864175850537,0.965853652145377,0.954876269667384,0.942252563342129,0.929369991089618,0.914570503955489,0.900524809937181,0.886492056137037,0.876004283749102,0.866418318482099,0.851978753269061,0.831699922074897,0.817834286486457,0.800545916289369,0.779308723491419,0.758935521984923,0.73265223461877,0.698590147524148,0.651121051557572,0.588343524022051,0.271853478279439,0.141187701435036
0.641200743110137,0.828406483224158,0.893870201935945,0.923558160118935,0.950098770037573,0.969014307215563,0.980124789370101,0.99118965386893,1,0.993000444864675,0.985211167880833,0.976665198310912,0.96642210540095,0.954957188188136,0.942599168864312,0.928564970982763,0.914745491898463,0.901040886747723,0.891103046895862,0.881165806385993,0.866989487302395,0.848676953592337,0.834921551438768,0.817749021274794,0.797229478245152,0.777267094990834,0.751810165518426,0.717891064293165,0.671599277068849,0.607215947616525,0.27974263135786,0.141025780251673
0.627635152845145,0.814663137867515,0.880665331424818,0.913115388898673,0.939813646178201,0.959394396087588,0.971043563323907,0.982752223427536,0.993000444864675,1,0.994342392079134,0.985479839478234,0.975478128523087,0.96420812618635,0.952095922766523,0.938492326147418,0.925490032588209,0.911540575541456,0.901883029166419,0.891638387049362,0.877643712322085,0.859820536388117,0.846440024712159,0.830036476592333,0.810414022422028,0.791760759859146,0.766533220229928,0.732795912413531,0.68681002479978,0.623889314492324,0.289600233390774,0.148481217369933
0.616453318248496,0.802015860704411,0.869644385874382,0.902501508221267,0.931794127144308,0.951437952986261,0.963372325821949,0.974864175850537,0.985211167880833,0.994342392079134,1,0.993053888035846,0.984731395262347,0.973969114973128,0.962054224125395,0.949023925865422,0.936866918617196,0.923175495441586,0.91346937815231,0.90249393679359,0.889786332042013,0.873199939575318,0.859726361004494,0.843419739249325,0.825537455879183,0.80765631794403,0.782946976354618,0.748539638902409,0.701571529502864,0.636496700872678,0.292047801757641,0.139039145135855
0.603842927885318,0.784930901556512,0.855132962017569,0.889267270878798,0.921359647765518,0.941421545488983,0.954059758327007,0.965853652145377,0.976665198310912,0.985479839478234,0.993053888035846,1,0.993695312741098,0.984390526386111,0.973210290185458,0.961714864400133,0.95021888088999,0.93735562281231,0.92711981455643,0.91657975116196,0.904377257876748,0.888470963344183,0.874651705827242,0.858190563358999,0.840978948865962,0.823787525705499,0.799311783572965,0.765159877759191,0.719957361799148,0.657076280380492,0.304701205635286,0.139324495130745
0.580324916192741,0.765059311036456,0.838569181247358,0.872796579135072,0.906336826521742,0.928488509277468,0.942646709073192,0.954876269667384,0.96642210540095,0.975478128523087,0.984731395262347,0.993695312741098,1,0.993639010012083,0.984117996928845,0.973588992521147,0.96336358984822,0.951618078089249,0.941682011436715,0.931856853803057,0.920049396679074,0.905058511140939,0.891505223774697,0.875321775600138,0.859264493548024,0.843207724014085,0.820571761596346,0.787804795668456,0.744321682199022,0.683281820027246,0.321115496008351,0.147852362601728
0.563714956716285,0.745870336741915,0.821766469561215,0.857833963323163,0.893539381776039,0.914932312627324,0.929396725744276,0.942252563342129,0.954957188188136,0.96420812618635,0.973969114973128,0.984390526386111,0.993639010012083,1,0.993601849771969,0.984698265690754,0.974695391807076,0.96396080748165,0.955215821917045,0.945408539688522,0.934964760656407,0.920528817707387,0.907453143899808,0.892269131803757,0.876658333498086,0.861129227426278,0.83959148634835,0.807169474208669,0.765411042286631,0.706564836106715,0.329442166315061,0.158053780575452
0.55066803621888,0.727620395731936,0.803947976706681,0.842119071603285,0.878274888718336,0.900058533430267,0.915619039685041,0.929369991089618,0.942599168864312,0.952095922766523,0.962054224125395,0.973210290185458,0.984117996928845,0.993601849771969,1,0.993571861042163,0.984985434671725,0.974992690593398,0.966457125445168,0.957512206546697,0.947966203643747,0.934591057995469,0.922031190303393,0.9069145760301,0.890869719284356,0.875687432646304,0.855370864117595,0.825100702379589,0.784173358085028,0.724385625589226,0.336999228203567,0.164565965647934
0.532166704336563,0.70728713300563,0.786029133146958,0.824369831063021,0.861875016684802,0.884238570618617,0.900311001031823,0.914570503955489,0.928564970982763,0.938492326147418,0.949023925865422,0.961714864400133,0.973588992521147,0.984698265690754,0.993571861042163,1,0.994201903816561,0.985671913041231,0.97719770039729,0.969059104986143,0.960143964625404,0.947625765775287,0.934662640984497,0.920985428584671,0.905006428498378,0.889695139198757,0.869394167077599,0.841113385936896,0.801923653087618,0.742069528410405,0.344531366148936,0.168527312395386
0.515251789863235,0.69094699051328,0.771229033470112,0.81037306119073,0.848196063965692,0.869843472066451,0.886517018540868,0.900524809937181,0.914745491898463,0.925490032588209,0.936866918617196,0.95021888088999,0.96336358984822,0.974695391807076,0.984985434671725,0.994201903816561,1,0.993882492284886,0.985894362875464,0.977717964590237,0.96954005499352,0.958101221669412,0.945851880071139,0.933021766291647,0.918156229057006,0.903531613403985,0.88386024614613,0.857188657955712,0.819932021745206,0.759541183158562,0.361338730817915,0.167529495615091
0.497866492953589,0.673002759931687,0.755356409839203,0.795485189879582,0.83414376461967,0.855806542214982,0.873488059288419,0.886492056137037,0.901040886747723,0.911540575541456,0.923175495441586,0.93735562281231,0.951618078089249,0.96396080748165,0.974992690593398,0.985671913041231,0.993882492284886,1,0.994488503305858,0.987124943335525,0.979606032667507,0.968990740162775,0.957411074010159,0.945242137019694,0.931007060896331,0.916652836234558,0.897471638499242,0.873164811959781,0.837166485666105,0.775299091374716,0.370832291047491,0.169016114383779
0.4940871837792,0.665019617368216,0.744680018658741,0.785710779796125,0.823801326894296,0.845826319567417,0.863151420224849,0.876004283749102,0.891103046895862,0.901883029166419,0.91346937815231,0.92711981455643,0.941682011436715,0.955215821917045,0.966457125445168,0.97719770039729,0.985894362875464,0.994488503305858,1,0.993596015490925,0.986836564276886,0.977167083016984,0.966318826863181,0.954610083672137,0.94122251360596,0.92709199821911,0.907562337460242,0.883991325034254,0.848806104807346,0.785345335755819,0.378471923087264,0.16791459308531
0.481568773731586,0.651299717063408,0.730572999533758,0.771692001133801,0.811754569325332,0.835616285876665,0.85373581614071,0.866418318482099,0.881165806385993,0.891638387049362,0.90249393679359,0.91657975116196,0.931856853803057,0.945408539688522,0.957512206546697,0.969059104986143,0.977717964590237,0.987124943335525,0.993596015490925,1,0.994172242281477,0.984475026639362,0.974096286289619,0.962690708094388,0.950297649195148,0.935606151533513,0.916268432645867,0.893706328870841,0.859363935396481,0.795767361739246,0.38760336097115,0.174927057915366
0.463725162286889,0.630162842195951,0.710275738965992,0.752283741460599,0.793950689978096,0.818793355190031,0.837976234912937,0.851978753269061,0.866989487302395,0.877643712322085,0.889786332042013,0.904377257876748,0.920049396679074,0.934964760656407,0.947966203643747,0.960143964625404,0.96954005499352,0.979606032667507,0.986836564276886,0.994172242281477,1,0.991966417752628,0.982324456452052,0.97129841106694,0.959953140405628,0.946068138901365,0.927315756950521,0.906028449127152,0.872372709038442,0.805784235732007,0.391468399490215,0.174396942509822
0.437310418821205,0.60020019361916,0.680287104347744,0.72746083294621,0.770370895088346,0.79652893892614,0.816112800636108,0.831699922074897,0.848676953592337,0.859820536388117,0.873199939575318,0.888470963344183,0.905058511140939,0.920528817707387,0.934591057995469,0.947625765775287,0.958101221669412,0.968990740162775,0.977167083016984,0.984475026639362,0.991966417752628,1,0.993013356396953,0.98349280722192,0.973531415991636,0.960091071993433,0.943314104439067,0.922135913897951,0.887305893544073,0.82262191781878,0.403388803498808,0.181223499297069
0.41591609081611,0.581119401581832,0.66017416431716,0.708729838069303,0.752523229418697,0.781608568586357,0.801257562240558,0.817834286486457,0.834921551438768,0.846440024712159,0.859726361004494,0.874651705827242,0.891505223774697,0.907453143899808,0.922031190303393,0.934662640984497,0.945851880071139,0.957411074010159,0.966318826863181,0.974096286289619,0.982324456452052,0.993013356396953,1,0.992161124759854,0.983667400385984,0.971413826300911,0.956101075415243,0.936212859840229,0.898852421592282,0.833513911405797,0.406926340104935,0.186093527828648
0.392200784461454,0.557392939552332,0.637495059119122,0.686579627905254,0.731999783925115,0.762706491161238,0.783104742201436,0.800545916289369,0.817749021274794,0.830036476592333,0.843419739249325,0.858190563358999,0.875321775600138,0.892269131803757,0.9069145760301,0.920985428584671,0.933021766291647,0.945242137019694,0.954610083672137,0.962690708094388,0.97129841106694,0.98349280722192,0.992161124759854,1,0.991546258528014,0.979610197958102,0.964976664069375,0.944821855395941,0.907332872244401,0.839604320260918,0.410200682142921,0.188814765034235
0.370363423472961,0.533620095437981,0.612642334223399,0.662267912228068,0.707781670000279,0.740113456200411,0.76144158946769,0.779308723491419,0.797229478245152,0.810414022422028,0.825537455879183,0.840978948865962,0.859264493548024,0.876658333498086,0.890869719284356,0.905006428498378,0.918156229057006,0.931007060896331,0.94122251360596,0.950297649195148,0.959953140405628,0.973531415991636,0.983667400385984,0.991546258528014,1,0.990248044917281,0.977099425498106,0.9577047791318,0.922282921037524,0.855864637619037,0.430293287987559,0.201501633284527
0.351436606309681,0.506838887391362,0.585281473931902,0.635604462034585,0.682410816355952,0.716082027861164,0.739428353150741,0.758935521984923,0.777267094990834,0.791760759859146,0.80765631794403,0.823787525705499,0.843207724014085,0.861129227426278,0.875687432646304,0.889695139198757,0.903531613403985,0.916652836234558,0.92709199821911,0.935606151533513,0.946068138901365,0.960091071993433,0.971413826300911,0.979610197958102,0.990248044917281,1,0.988961213938654,0.970961071540024,0.938992564537023,0.873048987659115,0.451673457801562,0.211800029918438
0.317922839320663,0.471665159432753,0.552956139288169,0.604095154171184,0.652826704505368,0.688427687846043,0.712364061695237,0.73265223461877,0.751810165518426,0.766533220229928,0.782946976354618,0.799311783572965,0.820571761596346,0.83959148634835,0.855370864117595,0.869394167077599,0.88386024614613,0.897471638499242,0.907562337460242,0.916268432645867,0.927315756950521,0.943314104439067,0.956101075415243,0.964976664069375,0.977099425498106,0.988961213938654,1,0.984306218583365,0.953964983688973,0.892906112877221,0.484023557367977,0.233799837237585
0.274958378532759,0.435975373981986,0.514990994494349,0.56620731999347,0.617326691720028,0.653500513484324,0.67839227311221,0.698590147524148,0.717891064293165,0.732795912413531,0.748539638902409,0.765159877759191,0.787804795668456,0.807169474208669,0.825100702379589,0.841113385936896,0.857188657955712,0.873164811959781,0.883991325034254,0.893706328870841,0.906028449127152,0.922135913897951,0.936212859840229,0.944821855395941,0.9577047791318,0.970961071540024,0.984306218583365,1,0.974540024940635,0.918785276885444,0.513394220167052,0.263991274288103
0.234827079357925,0.38635763207079,0.46739692867335,0.517664284746834,0.566881919925144,0.60298388531033,0.629750370896879,0.651121051557572,0.671599277068849,0.68681002479978,0.701571529502864,0.719957361799148,0.744321682199022,0.765411042286631,0.784173358085028,0.801923653087618,0.819932021745206,0.837166485666105,0.848806104807346,0.859363935396481,0.872372709038442,0.887305893544073,0.898852421592282,0.907332872244401,0.922282921037524,0.938992564537023,0.953964983688973,0.974540024940635,1,0.950487282166911,0.563399639348127,0.290278233007179
0.179795263673273,0.319105546943461,0.400432487854976,0.451060768788256,0.501355163348546,0.537167188110004,0.565339326835302,0.588343524022051,0.607215947616525,0.623889314492324,0.636496700872678,0.657076280380492,0.683281820027246,0.706564836106715,0.724385625589226,0.742069528410405,0.759541183158562,0.775299091374716,0.785345335755819,0.795767361739246,0.805784235732007,0.82262191781878,0.833513911405797,0.839604320260918,0.855864637619037,0.873048987659115,0.892906112877221,0.918785276885444,0.950487282166911,1,0.677351246856611,0.378004854849833
0.0593120650202714,0.121505962807448,0.161732563212439,0.185622838599703,0.215971967988984,0.236330231841761,0.256567647702641,0.271853478279439,0.27974263135786,0.289600233390774,0.292047801757641,0.304701205635286,0.321115496008351,0.329442166315061,0.336999228203567,0.344531366148936,0.361338730817915,0.370832291047491,0.378471923087264,0.38760336097115,0.391468399490215,0.403388803498808,0.406926340104935,0.410200682142921,0.430293287987559,0.451673457801562,0.484023557367977,0.513394220167052,0.563399639348127,0.677351246856611,1,0.450916363857052
0.0395615705924838,0.0979745512029335,0.105768976201581,0.114687621683129,0.117036839536938,0.136270109183278,0.140917581003919,0.141187701435036,0.141025780251673,0.148481217369933,0.139039145135855,0.139324495130745,0.147852362601728,0.158053780575452,0.164565965647934,0.168527312395386,0.167529495615091,0.169016114383779,0.16791459308531,0.174927057915366,0.174396942509822,0.181223499297069,0.186093527828648,0.188814765034235,0.201501633284527,0.211800029918438,0.233799837237585,0.263991274288103,0.290278233007179,0.378004854849833,0.450916363857052,1
