1,0.752953301700777,0.568086793843918,0.492024407747054,0.454311392636684,0.406646784929191,0.35309260455105,0.33397518979822,0.318261272716377,0.290307462864059,0.269710500098496,0.261609891714529,0.23617663680702,0.209873867860293,0.188746206563328,0.183584730876683,0.161594227432708,0.153281825939909,0.135616951922225,0.136739064082598,0.128778681564845,0.108767970541805,0.0853164203480229,0.0497150701446973,0.0227102596198313,-0.00570427262533824,0.00828847156410184,0.00557065263156215,0.0353764932156155,-0.00799448894977496,-0.0402928179759946,-0.0351494649331937
0.752953301700777,1,0.867063360080202,0.795951619666393,0.746350636050565,0.687758067233777,0.637119746833642,0.612148312842998,0.579371733661763,0.555268989996129,0.534116314514623,0.514041034255784,0.486191886771656,0.452247002258524,0.43384654953282,0.419901554940943,0.382157982828097,0.365548744723053,0.342406231308884,0.332341603593972,0.316797430023155,0.282415652663859,0.25625295641841,0.209050858119525,0.164575173779064,0.104968897979859,0.0805719520472188,0.0668694088442137,0.084020465593352,0.044566911944453,0.0170572122724738,-0.0314179451003816
0.568086793843918,0.867063360080202,1,0.92785100916982,0.877930034804627,0.825034241363081,0.775879866484786,0.745456537428258,0.710063219249835,0.685381661179367,0.661255679354201,0.632752222197396,0.595283123986956,0.555927735190716,0.53656261894104,0.520127543019737,0.481358925840828,0.462094242524036,0.439307690869883,0.424875004300892,0.401946388026402,0.35653552842144,0.318108020526411,0.263974880840169,0.214688045103732,0.14668498945909,0.117051458781323,0.0912954692121555,0.0900353653296467,0.0587933398109471,0.0365119256508872,-0.0422983474675628
0.492024407747054,0.795951619666393,0.92785100916982,1,0.9632819462319,0.907571529934664,0.856804604884246,0.824965189081169,0.783708357821522,0.750997896591056,0.724743398628373,0.688528770154171,0.651780583426924,0.613289058404036,0.593052209215806,0.574883810797907,0.538264726654668,0.514191415872851,0.488490092251921,0.468794103550032,0.438846475502964,0.390001741176975,0.353704158390979,0.295402517310847,0.24222153835742,0.170902257672576,0.132100696481637,0.108266186224805,0.105690831021746,0.0743689961124192,0.0506790505175507,-0.0305562823788366
0.454311392636684,0.746350636050565,0.877930034804627,0.9632819462319,1,0.961201907308161,0.911523729572329,0.879679101628483,0.838962308348097,0.808891462092593,0.785239859997262,0.748577767327153,0.712750506419641,0.673638488925166,0.654565270994382,0.634880524492458,0.598601419460451,0.572782471433967,0.542200668836018,0.519163597558477,0.487544970608237,0.433645845889207,0.394777714100912,0.3375830678741,0.28402800439668,0.202327613741918,0.157875044233555,0.137279517093253,0.126098545258979,0.0950238117872481,0.0660489270451601,-0.0305808684153397
0.406646784929191,0.687758067233777,0.825034241363081,0.907571529934664,0.961201907308161,1,0.965232997929742,0.931487838663398,0.890245560118655,0.857789808718929,0.833647079210034,0.799206808274889,0.766441255420956,0.728013196703963,0.705882719105209,0.681750608400733,0.640147038459192,0.611515498964359,0.578122012228292,0.554706679148775,0.521030724369167,0.465265003636284,0.42261364110725,0.363761047581614,0.303575987549542,0.206374982161656,0.158763608677948,0.138182104625179,0.133492341885757,0.0933080282007869,0.0716811668841681,-0.0235015730294254
0.35309260455105,0.637119746833642,0.775879866484786,0.856804604884246,0.911523729572329,0.965232997929742,1,0.974655683107465,0.935490129073218,0.902958330710571,0.877352876736335,0.842904061157345,0.811897301433433,0.777985138340912,0.754818691466393,0.727374596359595,0.68383804267127,0.65503789669884,0.617400384924333,0.594803883209413,0.562314159020417,0.5038412542357,0.460061701192845,0.403363519971116,0.348873481642178,0.250287332912851,0.192605699407319,0.169090106560155,0.160270930847529,0.111461529603147,0.0882224727501127,-0.00144928713694554
0.33397518979822,0.612148312842998,0.745456537428258,0.824965189081169,0.879679101628483,0.931487838663398,0.974655683107465,1,0.973555846934139,0.93866836333379,0.913664978505286,0.878796143186292,0.850903545266263,0.820933449173536,0.798198234709571,0.771685083967377,0.726161629616421,0.698698828400031,0.659606370996717,0.634748211361545,0.598859284411821,0.542574399021213,0.498248048177087,0.440653090659568,0.381852399391831,0.274330609971432,0.209109218356115,0.185641577720461,0.179736775755411,0.133397691537078,0.0986706657304396,0.00616537749763369
0.318261272716377,0.579371733661763,0.710063219249835,0.783708357821522,0.838962308348097,0.890245560118655,0.935490129073218,0.973555846934139,1,0.974635823043138,0.945212967760067,0.91168611665385,0.883728425825503,0.851349091080823,0.826832382349071,0.799789329137591,0.749954933798741,0.721906354657808,0.682366434553943,0.656365787526015,0.619352691878738,0.564276168176026,0.517907572177065,0.4599528849136,0.397862068175693,0.283145816214141,0.217809033678042,0.188745474830138,0.179725289425828,0.13896438601239,0.0972610570425145,0.0137915849536719
0.290307462864059,0.555268989996129,0.685381661179367,0.750997896591056,0.808891462092593,0.857789808718929,0.902958330710571,0.93866836333379,0.974635823043138,1,0.974615399175347,0.942342211753345,0.911242731937287,0.87896672763063,0.854593079344795,0.828039461245903,0.781359984358138,0.754681046732536,0.717957191308476,0.691584615630094,0.653019417687608,0.601019143264186,0.557308623881909,0.504929232341982,0.439220078975412,0.318840983579818,0.252205170462835,0.22411599707862,0.203777110453273,0.157740914859537,0.11939677878795,0.034352436055737
0.269710500098496,0.534116314514623,0.661255679354201,0.724743398628373,0.785239859997262,0.833647079210034,0.877352876736335,0.913664978505286,0.945212967760067,0.974615399175347,1,0.979339721273389,0.947282575099312,0.917451712173357,0.893697865417292,0.86522544718264,0.823137330495722,0.795087281660972,0.758513339281384,0.733993972353939,0.698677857380395,0.648189688800473,0.604007980787045,0.553572021167521,0.48254350980383,0.354120039108657,0.2811152701408,0.248901279119859,0.227036357847116,0.179715772108785,0.142667473951458,0.0561924045624411
0.261609891714529,0.514041034255784,0.632752222197396,0.688528770154171,0.748577767327153,0.799206808274889,0.842904061157345,0.878796143186292,0.91168611665385,0.942342211753345,0.979339721273389,1,0.979227731975575,0.95126112041898,0.927279087474263,0.898179076932841,0.855794191140837,0.828386762998306,0.790593081510396,0.764611341439502,0.73038899035027,0.68133695550462,0.636675262226724,0.587875985686044,0.516696034138933,0.388833239430062,0.317144781070986,0.277416924155384,0.254572623785206,0.206308004144291,0.165974513637063,0.0762473067918439
0.23617663680702,0.486191886771656,0.595283123986956,0.651780583426924,0.712750506419641,0.766441255420956,0.811897301433433,0.850903545266263,0.883728425825503,0.911242731937287,0.947282575099312,0.979227731975575,1,0.977616133237357,0.95715894989158,0.927996096189195,0.891156911214386,0.865974926789714,0.829312837100174,0.802095460839712,0.767849954465632,0.720743773248687,0.676010704837926,0.627250074580865,0.553469316044413,0.416927700440682,0.341349775585468,0.304253967730143,0.284299378002221,0.230364056089086,0.196787064430872,0.103651579301587
0.209873867860293,0.452247002258524,0.555927735190716,0.613289058404036,0.673638488925166,0.728013196703963,0.777985138340912,0.820933449173536,0.851349091080823,0.87896672763063,0.917451712173357,0.95126112041898,0.977616133237357,1,0.985085754928161,0.956240156639951,0.92147850116069,0.896483314404416,0.861603347762004,0.833139046057817,0.800474881104981,0.751891369980594,0.707197406607434,0.659511161249194,0.582475668074524,0.434619589489139,0.352039305401479,0.321429071442316,0.302700844034268,0.244695412844073,0.207216060819549,0.122642552170205
0.188746206563328,0.43384654953282,0.53656261894104,0.593052209215806,0.654565270994382,0.705882719105209,0.754818691466393,0.798198234709571,0.826832382349071,0.854593079344795,0.893697865417292,0.927279087474263,0.95715894989158,0.985085754928161,1,0.982099129400647,0.949890477029297,0.927377240752155,0.892932730832352,0.863913324312275,0.833503783888375,0.783861162785521,0.739726379032023,0.694579802692175,0.61455294087068,0.458984952414459,0.376389781101376,0.348859551961638,0.323994865808087,0.266272580098421,0.233670455112914,0.138779468273809
0.183584730876683,0.419901554940943,0.520127543019737,0.574883810797907,0.634880524492458,0.681750608400733,0.727374596359595,0.771685083967377,0.799789329137591,0.828039461245903,0.86522544718264,0.898179076932841,0.927996096189195,0.956240156639951,0.982099129400647,1,0.976632336220598,0.957191605171206,0.922649407399862,0.892335808910228,0.861432191645226,0.811521319150756,0.766222516877299,0.721121302315092,0.641789871088574,0.475453519122472,0.385973928675011,0.364316028499094,0.340832421412471,0.290617866744924,0.255967496796898,0.159007199670251
0.161594227432708,0.382157982828097,0.481358925840828,0.538264726654668,0.598601419460451,0.640147038459192,0.68383804267127,0.726161629616421,0.749954933798741,0.781359984358138,0.823137330495722,0.855794191140837,0.891156911214386,0.92147850116069,0.949890477029297,0.976632336220598,1,0.986285350515594,0.957254453933454,0.92522108429789,0.892505637852265,0.846252239074593,0.803378573417831,0.75925680067942,0.681524445161644,0.513007275862847,0.417945057042637,0.406792822483651,0.374042439522464,0.326328388931202,0.285657193998057,0.187163086601484
0.153281825939909,0.365548744723053,0.462094242524036,0.514191415872851,0.572782471433967,0.611515498964359,0.65503789669884,0.698698828400031,0.721906354657808,0.754681046732536,0.795087281660972,0.828386762998306,0.865974926789714,0.896483314404416,0.927377240752155,0.957191605171206,0.986285350515594,1,0.981037454265003,0.950148441507187,0.91722389069241,0.873420254777984,0.830955449786151,0.789181757049578,0.707062564796065,0.53195450116159,0.440629994991714,0.427589497374261,0.388425759097866,0.330155269581855,0.29831388199564,0.199617653458438
0.135616951922225,0.342406231308884,0.439307690869883,0.488490092251921,0.542200668836018,0.578122012228292,0.617400384924333,0.659606370996717,0.682366434553943,0.717957191308476,0.758513339281384,0.790593081510396,0.829312837100174,0.861603347762004,0.892932730832352,0.922649407399862,0.957254453933454,0.981037454265003,1,0.976656092652848,0.945604543760483,0.908869987220917,0.869514757680848,0.827394955035568,0.745151987525918,0.564329979176883,0.472327809226073,0.461598213111435,0.420619428476433,0.355909316965158,0.311569029535838,0.206381865655588
0.136739064082598,0.332341603593972,0.424875004300892,0.468794103550032,0.519163597558477,0.554706679148775,0.594803883209413,0.634748211361545,0.656365787526015,0.691584615630094,0.733993972353939,0.764611341439502,0.802095460839712,0.833139046057817,0.863913324312275,0.892335808910228,0.92522108429789,0.950148441507187,0.976656092652848,1,0.974702308103304,0.937470776165442,0.897613954626355,0.854331607878229,0.774609947978294,0.5887952350342,0.499175021955638,0.495349710781899,0.462254540862946,0.387155143444291,0.3287957101585,0.220938761950019
0.128778681564845,0.316797430023155,0.401946388026402,0.438846475502964,0.487544970608237,0.521030724369167,0.562314159020417,0.598859284411821,0.619352691878738,0.653019417687608,0.698677857380395,0.73038899035027,0.767849954465632,0.800474881104981,0.833503783888375,0.861432191645226,0.892505637852265,0.91722389069241,0.945604543760483,0.974702308103304,1,0.974481681228984,0.931671412815376,0.886029055673896,0.813177292641625,0.621567110699578,0.525186081057469,0.523230901078973,0.489290106194583,0.417692548976908,0.35320842557278,0.250683846031242
0.108767970541805,0.282415652663859,0.35653552842144,0.390001741176975,0.433645845889207,0.465265003636284,0.5038412542357,0.542574399021213,0.564276168176026,0.601019143264186,0.648189688800473,0.68133695550462,0.720743773248687,0.751891369980594,0.783861162785521,0.811521319150756,0.846252239074593,0.873420254777984,0.908869987220917,0.937470776165442,0.974481681228984,1,0.97521130224713,0.93200524926302,0.860129907041835,0.664461175493424,0.565524752967018,0.565203178089843,0.522471794070465,0.452797172693281,0.371896236686761,0.267214133217533
0.0853164203480229,0.25625295641841,0.318108020526411,0.353704158390979,0.394777714100912,0.42261364110725,0.460061701192845,0.498248048177087,0.517907572177065,0.557308623881909,0.604007980787045,0.636675262226724,0.676010704837926,0.707197406607434,0.739726379032023,0.766222516877299,0.803378573417831,0.830955449786151,0.869514757680848,0.897613954626355,0.931671412815376,0.97521130224713,1,0.96904494310315,0.902602361320344,0.733327254408624,0.638410680010789,0.632114287907825,0.567230282023149,0.48521896648343,0.398322818164104,0.282345922206551
0.0497150701446973,0.209050858119525,0.263974880840169,0.295402517310847,0.3375830678741,0.363761047581614,0.403363519971116,0.440653090659568,0.4599528849136,0.504929232341982,0.553572021167521,0.587875985686044,0.627250074580865,0.659511161249194,0.694579802692175,0.721121302315092,0.75925680067942,0.789181757049578,0.827394955035568,0.854331607878229,0.886029055673896,0.93200524926302,0.96904494310315,1,0.953177695040826,0.80097073107361,0.708614483765639,0.692004141296653,0.621485935490441,0.535770429100428,0.436202411405405,0.312843934030127
0.0227102596198313,0.164575173779064,0.214688045103732,0.24222153835742,0.28402800439668,0.303575987549542,0.348873481642178,0.381852399391831,0.397862068175693,0.439220078975412,0.48254350980383,0.516696034138933,0.553469316044413,0.582475668074524,0.61455294087068,0.641789871088574,0.681524445161644,0.707062564796065,0.745151987525918,0.774609947978294,0.813177292641625,0.860129907041835,0.902602361320344,0.953177695040826,1,0.896864424435258,0.786663495917083,0.781860527602064,0.708635827168564,0.625391993148024,0.477054888111527,0.339451960064585
-0.00570427262533824,0.104968897979859,0.14668498945909,0.170902257672576,0.202327613741918,0.206374982161656,0.250287332912851,0.274330609971432,0.283145816214141,0.318840983579818,0.354120039108657,0.388833239430062,0.416927700440682,0.434619589489139,0.458984952414459,0.475453519122472,0.513007275862847,0.53195450116159,0.564329979176883,0.5887952350342,0.621567110699578,0.664461175493424,0.733327254408624,0.80097073107361,0.896864424435258,1,0.927017820838372,0.865546939228199,0.711866090498471,0.594434694740254,0.424429302813672,0.289592700392726
0.00828847156410184,0.0805719520472188,0.117051458781323,0.132100696481637,0.157875044233555,0.158763608677948,0.192605699407319,0.209109218356115,0.217809033678042,0.252205170462835,0.2811152701408,0.317144781070986,0.341349775585468,0.352039305401479,0.376389781101376,0.385973928675011,0.417945057042637,0.440629994991714,0.472327809226073,0.499175021955638,0.525186081057469,0.565524752967018,0.638410680010789,0.708614483765639,0.786663495917083,0.927017820838372,1,0.904474136546396,0.704971827004275,0.535817380651043,0.362375410547219,0.242303979253669
0.00557065263156215,0.0668694088442137,0.0912954692121555,0.108266186224805,0.137279517093253,0.138182104625179,0.169090106560155,0.185641577720461,0.188745474830138,0.22411599707862,0.248901279119859,0.277416924155384,0.304253967730143,0.321429071442316,0.348859551961638,0.364316028499094,0.406792822483651,0.427589497374261,0.461598213111435,0.495349710781899,0.523230901078973,0.565203178089843,0.632114287907825,0.692004141296653,0.781860527602064,0.865546939228199,0.904474136546396,1,0.873117758313597,0.686873357930439,0.489354735164923,0.326780257429451
0.0353764932156155,0.084020465593352,0.0900353653296467,0.105690831021746,0.126098545258979,0.133492341885757,0.160270930847529,0.179736775755411,0.179725289425828,0.203777110453273,0.227036357847116,0.254572623785206,0.284299378002221,0.302700844034268,0.323994865808087,0.340832421412471,0.374042439522464,0.388425759097866,0.420619428476433,0.462254540862946,0.489290106194583,0.522471794070465,0.567230282023149,0.621485935490441,0.708635827168564,0.711866090498471,0.704971827004275,0.873117758313597,1,0.815873236697294,0.615194192420754,0.40859849568007
-0.00799448894977496,0.044566911944453,0.0587933398109471,0.0743689961124192,0.0950238117872481,0.0933080282007869,0.111461529603147,0.133397691537078,0.13896438601239,0.157740914859537,0.179715772108785,0.206308004144291,0.230364056089086,0.244695412844073,0.266272580098421,0.290617866744924,0.326328388931202,0.330155269581855,0.355909316965158,0.387155143444291,0.417692548976908,0.452797172693281,0.48521896648343,0.535770429100428,0.625391993148024,0.594434694740254,0.535817380651043,0.686873357930439,0.815873236697294,1,0.7269930088771,0.491671273810817
-0.0402928179759946,0.0170572122724738,0.0365119256508872,0.0506790505175507,0.0660489270451601,0.0716811668841681,0.0882224727501127,0.0986706657304396,0.0972610570425145,0.11939677878795,0.142667473951458,0.165974513637063,0.196787064430872,0.207216060819549,0.233670455112914,0.255967496796898,0.285657193998057,0.29831388199564,0.311569029535838,0.3287957101585,0.35320842557278,0.371896236686761,0.398322818164104,0.436202411405405,0.477054888111527,0.424429302813672,0.362375410547219,0.489354735164923,0.615194192420754,0.7269930088771,1,0.725564384722797
-0.0351494649331937,-0.0314179451003816,-0.0422983474675628,-0.0305562823788366,-0.0305808684153397,-0.0235015730294254,-0.00144928713694554,0.00616537749763369,0.0137915849536719,0.034352436055737,0.0561924045624411,0.0762473067918439,0.103651579301587,0.122642552170205,0.138779468273809,0.159007199670251,0.187163086601484,0.199617653458438,0.206381865655588,0.220938761950019,0.250683846031242,0.267214133217533,0.282345922206551,0.312843934030127,0.339451960064585,0.289592700392726,0.242303979253669,0.326780257429451,0.40859849568007,0.491671273810817,0.725564384722797,1
