1,0.951003153091947,0.781243697381938,0.650346563367073,0.521905872082958,0.43422925002872,0.419213004024621,0.395590910282239,0.381397765701117,0.378062606619698,0.370074210296206,0.370424810779757,0.367564510119335,0.361639285060517,0.35843959810818,0.352760689642065,0.349512569528635,0.34738776055513,0.343425118198727,0.344108053717793,0.34198379204195,0.3384240773793,0.335245251885426,0.330124645683803,0.323572830943293,0.313794365150645,0.302719076715084,0.289569721620843,0.271976977751125,0.25446219998882,0.232470148624864,0.210181082737624
0.951003153091947,1,0.935964197679062,0.821934034142039,0.661874776460562,0.55224447037826,0.535760242583495,0.507751766990879,0.493045068423836,0.493808943667739,0.487558198166694,0.49336553922073,0.494517432029554,0.489820534749063,0.483095109904829,0.473482405861526,0.468749850085074,0.466751660389066,0.462155939799579,0.462180501597386,0.458351562535518,0.453204852080507,0.450023315462622,0.444043293351495,0.434184594227019,0.419084115667124,0.402641314278971,0.391031005068125,0.372366502288347,0.351460603862073,0.321532214600439,0.291049295673208
0.781243697381938,0.935964197679062,1,0.918842541109495,0.741956533234246,0.620462763725106,0.604282160251897,0.574634827527752,0.561105647314761,0.566445960576255,0.562923097727809,0.574248655727955,0.579831594836076,0.577096360840208,0.567161759825818,0.554221176332032,0.548365264913105,0.546750718890051,0.541984770137122,0.541256633347185,0.535945244187797,0.529608012274131,0.526804642445669,0.520562524574632,0.508119350189085,0.488767710423906,0.468182787320915,0.459716444191166,0.442068053582214,0.419805574694061,0.384425711984114,0.348264512801111
0.650346563367073,0.821934034142039,0.918842541109495,1,0.943759903916351,0.874881011892501,0.855062413106173,0.81559053383871,0.788805170710727,0.777527689441491,0.757488682001745,0.755920507454372,0.748377943289589,0.735353494298886,0.730748708369945,0.720728484911447,0.713323700789979,0.70642230157655,0.69616980687858,0.697331798813295,0.693080499912446,0.686092077029055,0.680388159955242,0.670611209045584,0.651950554936872,0.624172541355265,0.595404771775994,0.575917109520052,0.546615989636524,0.519065933473418,0.485510876547702,0.447698845739525
0.521905872082958,0.661874776460562,0.741956533234246,0.943759903916351,1,0.985784355101876,0.964748327085178,0.921280543282084,0.885566376500132,0.860048831028338,0.827226220248082,0.813361845395238,0.794213275074868,0.773206126053938,0.774456226015097,0.768813190130655,0.761132313468435,0.7503212130994,0.736471690619659,0.739328999108519,0.736802421947449,0.730276695820546,0.722570552218913,0.710830265024806,0.68944344099525,0.658421195199533,0.626683249592591,0.598903734513849,0.562325762336819,0.533376339773169,0.506169700292161,0.47223975209031
0.43422925002872,0.55224447037826,0.620462763725106,0.874881011892501,0.985784355101876,1,0.981078862170052,0.938866215414357,0.900955898511839,0.869546838955034,0.831778379667013,0.812217237136304,0.787850667072559,0.763525892617447,0.767575551699472,0.764264319379863,0.756694417244148,0.744316466766742,0.729171843343193,0.732528389320359,0.73072207099612,0.724523696650902,0.716135327771728,0.703881465805117,0.682338518780346,0.651421815565162,0.619839829613819,0.588755610606937,0.54971146526684,0.520984130481121,0.497833354090812,0.467009777230145
0.419213004024621,0.535760242583495,0.604282160251897,0.855062413106173,0.964748327085178,0.981078862170052,1,0.987757770906979,0.967067556481297,0.941144486989826,0.906861523054625,0.886557009877297,0.859572911707706,0.83231389107364,0.833938178133345,0.828087548200128,0.819102197488854,0.806026355255525,0.789905322942585,0.788330820951744,0.781215866745095,0.771352461801095,0.763212028800489,0.750810699644484,0.736098186585322,0.714511671408808,0.68984263737041,0.653523815062177,0.608357343455267,0.574006474254536,0.544731950870164,0.508220485440566
0.395590910282239,0.507751766990879,0.574634827527752,0.81559053383871,0.921280543282084,0.938866215414357,0.987757770906979,1,0.993753194900876,0.972962891209026,0.94243063458792,0.922085288225074,0.893733904135616,0.8648599664661,0.864485420228028,0.856749550263107,0.846870720274438,0.833591990403013,0.817127366523503,0.811623069196871,0.800426380285191,0.787881084439408,0.780164179898186,0.767984913918485,0.759180270301396,0.745704690895036,0.727283692891869,0.687745526758646,0.638887649323007,0.600949970235463,0.5675460666141,0.527455328827978
0.381397765701117,0.493045068423836,0.561105647314761,0.788805170710727,0.885566376500132,0.900955898511839,0.967067556481297,0.993753194900876,1,0.990615692671717,0.969156853161489,0.95150402939789,0.923719927466942,0.894599969037637,0.891705981653573,0.881690846699354,0.871012456892861,0.858003588073239,0.841616946053208,0.834397857401229,0.82127139492221,0.807411485422452,0.799890988668152,0.787726089682922,0.781738785974753,0.772069650911181,0.75646262291002,0.7164670220657,0.666431983493154,0.627343270690698,0.592425707795892,0.550542673692604
0.378062606619698,0.493808943667739,0.566445960576255,0.777527689441491,0.860048831028338,0.869546838955034,0.941144486989826,0.972962891209026,0.990615692671717,1,0.993745263031768,0.981752875226366,0.956456603125358,0.928351537762684,0.922191543366695,0.9092630207666,0.897767688829478,0.885474611787604,0.869526160985808,0.862747608138427,0.849733390857226,0.835820410404762,0.828232909953916,0.81580118817518,0.809569889528661,0.799427626401231,0.783161977827238,0.745355601856989,0.696424158663929,0.658443109503321,0.624454508177264,0.582296099443862
0.370074210296206,0.487558198166694,0.562923097727809,0.757488682001745,0.827226220248082,0.831778379667013,0.906861523054625,0.94243063458792,0.969156853161489,0.993745263031768,1,0.99279938713847,0.969887954779688,0.943003381867816,0.934260681756195,0.919131790589399,0.907129021691219,0.895591922410581,0.880223528499034,0.873899283813215,0.861157961008371,0.847395317428179,0.839858706161718,0.827382054710882,0.821038154724277,0.810650527692002,0.79407321045228,0.758581868425705,0.711233338408538,0.674686073743849,0.641929666452773,0.600133199127982
0.370424810779757,0.49336553922073,0.574248655727955,0.755920507454372,0.813361845395238,0.812217237136304,0.886557009877297,0.922085288225074,0.95150402939789,0.981752875226366,0.99279938713847,1,0.991945319440531,0.975684271467078,0.966880227334205,0.951421113702667,0.939610801127386,0.928600386875887,0.91347501370917,0.907165246038463,0.894090234553484,0.879798522625719,0.871565886237646,0.858279444851022,0.85106252460544,0.839559592738606,0.821788435480243,0.789336002818118,0.743759636546419,0.707595688091437,0.673033244198326,0.629057043016212
0.367564510119335,0.494517432029554,0.579831594836076,0.748377943289589,0.794213275074868,0.787850667072559,0.859572911707706,0.893733904135616,0.923719927466942,0.956456603125358,0.969887954779688,0.991945319440531,1,0.995509383509341,0.987334341971672,0.972210005671654,0.960887931787,0.950444291694991,0.935665313939101,0.929355859777141,0.916026269123564,0.901306503227443,0.892399867653611,0.878402972010907,0.870337835019313,0.857805031189054,0.839016664783495,0.809869618586545,0.766531130074254,0.73096486146477,0.69458700830077,0.648702146931238
0.361639285060517,0.489820534749063,0.577096360840208,0.735353494298886,0.773206126053938,0.763525892617447,0.83231389107364,0.8648599664661,0.894599969037637,0.928351537762684,0.943003381867816,0.975684271467078,0.995509383509341,1,0.994152351415725,0.980858754320856,0.970674991974247,0.960833938703859,0.946502892354661,0.940220677442525,0.926759030412904,0.911840256079484,0.902663754922932,0.888368042870487,0.879771710283131,0.866544103397468,0.847105470743213,0.820769842408437,0.779490164298933,0.744777485895152,0.707561800293434,0.660708036253051
0.35843959810818,0.483095109904829,0.567161759825818,0.730748708369945,0.774456226015097,0.767575551699472,0.833938178133345,0.864485420228028,0.891705981653573,0.922191543366695,0.934260681756195,0.966880227334205,0.987334341971672,0.994152351415725,1,0.996150247092375,0.990393244792528,0.981165818743556,0.967230392456292,0.96074957176768,0.946845690774765,0.931790291808285,0.923529539201635,0.909831877194891,0.901325947267548,0.887720462809723,0.867762597508946,0.842310341076404,0.801239777004169,0.767138096651822,0.730930131100696,0.684108437531672
0.352760689642065,0.473482405861526,0.554221176332032,0.720728484911447,0.768813190130655,0.764264319379863,0.828087548200128,0.856749550263107,0.881690846699354,0.9092630207666,0.919131790589399,0.951421113702667,0.972210005671654,0.980858754320856,0.996150247092375,1,0.997886085321439,0.989236121624966,0.975741655630313,0.969155323315556,0.955011970621741,0.9399750896738,0.932528747926779,0.919434332662055,0.911074914501249,0.897279636903909,0.877071838163097,0.852555501680703,0.812007769973561,0.778695256894242,0.743616620564355,0.697223478685862
0.349512569528635,0.468749850085074,0.548365264913105,0.713323700789979,0.761132313468435,0.756694417244148,0.819102197488854,0.846870720274438,0.871012456892861,0.897767688829478,0.907129021691219,0.939610801127386,0.960887931787,0.970674991974247,0.990393244792528,0.997886085321439,1,0.99605489778204,0.986518877393407,0.980241380643158,0.965810788953646,0.950700463923865,0.943874436161785,0.931205955639059,0.922782119244532,0.908567826490112,0.88790720056099,0.864841562944626,0.825195248215572,0.792898522202657,0.758967250280092,0.712937926700638
0.34738776055513,0.466751660389066,0.546750718890051,0.70642230157655,0.7503212130994,0.744316466766742,0.806026355255525,0.833591990403013,0.858003588073239,0.885474611787604,0.895591922410581,0.928600386875887,0.950444291694991,0.960833938703859,0.981165818743556,0.989236121624966,0.99605489778204,1,0.997148903271198,0.991510294312036,0.976782375189862,0.961558151771305,0.95522393844226,0.942875578377325,0.934243237663576,0.919460372322467,0.898229901849437,0.877064705275592,0.838694257140322,0.807658661040773,0.774965992167927,0.729346067215312
0.343425118198727,0.462155939799579,0.541984770137122,0.69616980687858,0.736471690619659,0.729171843343193,0.789905322942585,0.817127366523503,0.841616946053208,0.869526160985808,0.880223528499034,0.91347501370917,0.935665313939101,0.946502892354661,0.967230392456292,0.975741655630313,0.986518877393407,0.997148903271198,1,0.994939658990661,0.980050307103028,0.964823709093512,0.958947017209427,0.946947501843008,0.938191430830596,0.923016821395247,0.901433537770599,0.882015721184924,0.844968320811174,0.815197722568015,0.783761179378244,0.738772493156419
0.344108053717793,0.462180501597386,0.541256633347185,0.697331798813295,0.739328999108519,0.732528389320359,0.788330820951744,0.811623069196871,0.834397857401229,0.862747608138427,0.873899283813215,0.907165246038463,0.929355859777141,0.940220677442525,0.96074957176768,0.969155323315556,0.980241380643158,0.991510294312036,0.994939658990661,1,0.995038396581375,0.986195347831062,0.979677865664934,0.966996005112365,0.958403075572296,0.943620386241205,0.922146483925867,0.905806449397565,0.870692975633539,0.842402317333687,0.811721597532034,0.766453580176948
0.34198379204195,0.458351562535518,0.535945244187797,0.693080499912446,0.736802421947449,0.73072207099612,0.781215866745095,0.800426380285191,0.82127139492221,0.849733390857226,0.861157961008371,0.894090234553484,0.916026269123564,0.926759030412904,0.946845690774765,0.955011970621741,0.965810788953646,0.976782375189862,0.980050307103028,0.995038396581375,1,0.997579136022472,0.990431444390092,0.977150461301154,0.968816911564987,0.95461294403668,0.933496458676513,0.92015283448329,0.887132015481802,0.86042522186309,0.83063344195975,0.785443207778729
0.3384240773793,0.453204852080507,0.529608012274131,0.686092077029055,0.730276695820546,0.724523696650902,0.771352461801095,0.787881084439408,0.807411485422452,0.835820410404762,0.847395317428179,0.879798522625719,0.901306503227443,0.911840256079484,0.931790291808285,0.9399750896738,0.950700463923865,0.961558151771305,0.964823709093512,0.986195347831062,0.997579136022472,1,0.995022586511083,0.983493972807935,0.975922187859649,0.961845865169549,0.940759736356862,0.929496024296028,0.897950078130505,0.872315113080003,0.843047490091907,0.797866399659202
0.335245251885426,0.450023315462622,0.526804642445669,0.680388159955242,0.722570552218913,0.716135327771728,0.763212028800489,0.780164179898186,0.799890988668152,0.828232909953916,0.839858706161718,0.871565886237646,0.892399867653611,0.902663754922932,0.923529539201635,0.932528747926779,0.943874436161785,0.95522393844226,0.958947017209427,0.979677865664934,0.990431444390092,0.995022586511083,1,0.996629412564702,0.991221162224271,0.975930026696416,0.953719006845076,0.942587651023176,0.910863112533519,0.884894364129059,0.854915279963081,0.808886711041782
0.330124645683803,0.444043293351495,0.520562524574632,0.670611209045584,0.710830265024806,0.703881465805117,0.750810699644484,0.767984913918485,0.787726089682922,0.81580118817518,0.827382054710882,0.858279444851022,0.878402972010907,0.888368042870487,0.909831877194891,0.919434332662055,0.931205955639059,0.942875578377325,0.946947501843008,0.966996005112365,0.977150461301154,0.983493972807935,0.996629412564702,1,0.996413244835821,0.980236225458059,0.957265027847147,0.946325763842805,0.91469112602204,0.888641533714551,0.858300636592277,0.811918140553243
0.323572830943293,0.434184594227019,0.508119350189085,0.651950554936872,0.68944344099525,0.682338518780346,0.736098186585322,0.759180270301396,0.781738785974753,0.809569889528661,0.821038154724277,0.85106252460544,0.870337835019313,0.879771710283131,0.901325947267548,0.911074914501249,0.922782119244532,0.934243237663576,0.938191430830596,0.958403075572296,0.968816911564987,0.975922187859649,0.991221162224271,0.996413244835821,1,0.993108626297153,0.97752061942187,0.964951030537696,0.931277876884621,0.903380233361588,0.871090265499049,0.822959572780512
0.313794365150645,0.419084115667124,0.488767710423906,0.624172541355265,0.658421195199533,0.651421815565162,0.714511671408808,0.745704690895036,0.772069650911181,0.799427626401231,0.810650527692002,0.839559592738606,0.857805031189054,0.866544103397468,0.887720462809723,0.897279636903909,0.908567826490112,0.919460372322467,0.923016821395247,0.943620386241205,0.95461294403668,0.961845865169549,0.975930026696416,0.980236225458059,0.993108626297153,1,0.995494063941265,0.980614988268227,0.944298982889981,0.914063623532558,0.879476116425304,0.829479217322974
0.302719076715084,0.402641314278971,0.468182787320915,0.595404771775994,0.626683249592591,0.619839829613819,0.68984263737041,0.727283692891869,0.75646262291002,0.783161977827238,0.79407321045228,0.821788435480243,0.839016664783495,0.847105470743213,0.867762597508946,0.877071838163097,0.88790720056099,0.898229901849437,0.901433537770599,0.922146483925867,0.933496458676513,0.940759736356862,0.953719006845076,0.957265027847147,0.97752061942187,0.995494063941265,1,0.983402337369242,0.945314142141773,0.913492173452954,0.877394440770383,0.826391658236785
0.289569721620843,0.391031005068125,0.459716444191166,0.575917109520052,0.598903734513849,0.588755610606937,0.653523815062177,0.687745526758646,0.7164670220657,0.745355601856989,0.758581868425705,0.789336002818118,0.809869618586545,0.820769842408437,0.842310341076404,0.852555501680703,0.864841562944626,0.877064705275592,0.882015721184924,0.905806449397565,0.92015283448329,0.929496024296028,0.942587651023176,0.946325763842805,0.964951030537696,0.980614988268227,0.983402337369242,1,0.988799653367785,0.970420352093516,0.930326165439441,0.874962205976392
0.271976977751125,0.372366502288347,0.442068053582214,0.546615989636524,0.562325762336819,0.54971146526684,0.608357343455267,0.638887649323007,0.666431983493154,0.696424158663929,0.711233338408538,0.743759636546419,0.766531130074254,0.779490164298933,0.801239777004169,0.812007769973561,0.825195248215572,0.838694257140322,0.844968320811174,0.870692975633539,0.887132015481802,0.897950078130505,0.910863112533519,0.91469112602204,0.931277876884621,0.944298982889981,0.945314142141773,0.988799653367785,1,0.993158819212225,0.950825501819113,0.893284340834913
0.25446219998882,0.351460603862073,0.419805574694061,0.519065933473418,0.533376339773169,0.520984130481121,0.574006474254536,0.600949970235463,0.627343270690698,0.658443109503321,0.674686073743849,0.707595688091437,0.73096486146477,0.744777485895152,0.767138096651822,0.778695256894242,0.792898522202657,0.807658661040773,0.815197722568015,0.842402317333687,0.86042522186309,0.872315113080003,0.884894364129059,0.888641533714551,0.903380233361588,0.914063623532558,0.913492173452954,0.970420352093516,0.993158819212225,1,0.975802132978767,0.930340672805843
0.232470148624864,0.321532214600439,0.384425711984114,0.485510876547702,0.506169700292161,0.497833354090812,0.544731950870164,0.5675460666141,0.592425707795892,0.624454508177264,0.641929666452773,0.673033244198326,0.69458700830077,0.707561800293434,0.730930131100696,0.743616620564355,0.758967250280092,0.774965992167927,0.783761179378244,0.811721597532034,0.83063344195975,0.843047490091907,0.854915279963081,0.858300636592277,0.871090265499049,0.879476116425304,0.877394440770383,0.930326165439441,0.950825501819113,0.975802132978767,1,0.988008566971807
0.210181082737624,0.291049295673208,0.348264512801111,0.447698845739525,0.47223975209031,0.467009777230145,0.508220485440566,0.527455328827978,0.550542673692604,0.582296099443862,0.600133199127982,0.629057043016212,0.648702146931238,0.660708036253051,0.684108437531672,0.697223478685862,0.712937926700638,0.729346067215312,0.738772493156419,0.766453580176948,0.785443207778729,0.797866399659202,0.808886711041782,0.811918140553243,0.822959572780512,0.829479217322974,0.826391658236785,0.874962205976392,0.893284340834913,0.930340672805843,0.988008566971807,1
