1,0.990540017115335,0.948724584387877,0.847342197863918,0.739414749634138,0.727335888221118,0.698918523172282,0.649899832387012,0.60580177717242,0.587333959214183,0.559268605099836,0.522436547989465,0.486346481596236,0.450024597689378,0.406059709497713,0.358709911825064,0.277963629528883,0.182773735024855,0.131358398487596,0.102048891680659,0.0761987794760257,0.0512623291410791,0.0334440150128692,0.0208264640641694,-0.00899683260883928,-0.0344765621043955,-0.0469132652045889,-0.0537173716249277,-0.00291636975640514,0.0254486629973357,0.0344062344407405,0.0385837750384865
0.990540017115335,1,0.983126760543009,0.912198878824498,0.824631671912382,0.81177011129032,0.780765535524823,0.726827971407959,0.678583446494774,0.659245822031931,0.629180836471209,0.589255518911425,0.550902178222237,0.513108344192452,0.466403321259522,0.415470057456443,0.327278438342149,0.220144481326635,0.161664911144183,0.128194274944595,0.100202643280428,0.0732776009680727,0.0536002173080603,0.0394786950579307,0.0127498859149193,-0.0110020757729827,-0.0233900656613629,-0.0304545640500418,0.0120776468094196,0.0332169913456083,0.0394862841100667,0.0423310855836799
0.948724584387877,0.983126760543009,1,0.971760476066985,0.91391613995153,0.900390415998137,0.866851112153685,0.807946767215533,0.755597255586989,0.735670289040672,0.703826140576368,0.660954526692803,0.62071494825902,0.582073248482525,0.533092552072319,0.478884083193825,0.383367740766782,0.26347056202792,0.197298271142051,0.159267515944702,0.129246448353181,0.100464381772802,0.0788889442317414,0.0631789210898805,0.0413632605740142,0.0206147839309654,0.00865697574529743,0.00145365213669061,0.0317092061440121,0.042593136551989,0.04509399832824,0.0460783270015098
0.847342197863918,0.912198878824498,0.971760476066985,1,0.983389963583695,0.969683847224449,0.934551959913782,0.872186137902669,0.817159063800247,0.797468320241131,0.764921481263496,0.720393038754278,0.679732464292295,0.641929339548625,0.59246238943548,0.536739713886054,0.436551011737562,0.306185124206537,0.233398399824333,0.191386955156909,0.160249186891717,0.130510869401542,0.107565882104469,0.0905923213678252,0.0762054044982797,0.0603688880844374,0.0495639606826052,0.0425417623932204,0.0554477895009658,0.0525582348705183,0.0500728578604477,0.0486080012176235
0.739414749634138,0.824631671912382,0.91391613995153,0.983389963583695,1,0.991906641962145,0.962778351589788,0.906364902931031,0.855189041664761,0.836617455072148,0.804626518943855,0.760035418731594,0.720263477344856,0.684320383355002,0.635706358100683,0.579979573954592,0.477650867573629,0.340185066285657,0.262698859622748,0.217819220533835,0.187354710919409,0.158719816921252,0.1358184484492,0.118556978228209,0.110722580791059,0.0986145762096142,0.0883813935510658,0.0812211200154534,0.0793277513578102,0.0640299275708504,0.0569814066724941,0.0532631214158268
0.727335888221118,0.81177011129032,0.900390415998137,0.969683847224449,0.991906641962145,1,0.989305057773953,0.952673374936303,0.913805737435787,0.896114760358571,0.864121730953081,0.818600413568851,0.778374764006705,0.74235893180393,0.692435732639969,0.634493304525172,0.526117384265333,0.377621881590152,0.29348798875764,0.244667748771431,0.215650294749438,0.18955354468965,0.167584746597713,0.150606546994041,0.144360837806917,0.130812530640186,0.118592614166382,0.109881675206673,0.103714482838422,0.0816714559490339,0.0718171080063732,0.0666589161354362
0.698918523172282,0.780765535524823,0.866851112153685,0.934551959913782,0.962778351589788,0.989305057773953,1,0.986825792583585,0.962874794550299,0.946549141020398,0.915193328144507,0.869513471416981,0.829570818045408,0.794191472065241,0.743762396152314,0.684433071177954,0.5712768733695,0.413079347563223,0.322990700772283,0.270619573298011,0.243844615826668,0.221185402626946,0.200727144679851,0.184413800818241,0.180118029957885,0.165185980849993,0.15092802924457,0.140609853322064,0.129656228184984,0.10030506790136,0.0874244241706167,0.0807152057019125
0.649899832387012,0.726827971407959,0.807946767215533,0.872186137902669,0.906364902931031,0.952673374936303,0.986825792583585,1,0.993193904716836,0.97879138404319,0.948927409440316,0.904215382718374,0.865586660580771,0.831799079341031,0.782071478942224,0.722689253162376,0.607063937041259,0.442065880686956,0.347627870918144,0.29262937521826,0.269012111233177,0.250733061749871,0.232462475387633,0.217295010952572,0.215269626151908,0.199176608615418,0.183015082065557,0.171172524640013,0.1551841256204,0.118461786217298,0.10254692466562,0.0942853152849199
0.60580177717242,0.678583446494774,0.755597255586989,0.817159063800247,0.855189041664761,0.913805737435787,0.962874794550299,0.993193904716836,1,0.992702203241404,0.969961066553088,0.93205445317104,0.898135265223258,0.866473326817022,0.818014743952256,0.759138945763395,0.646073167999,0.478956182808015,0.381980419611301,0.325230316156509,0.303549288684176,0.287315676850532,0.269509854925104,0.254244857635067,0.252410158557354,0.233267457330741,0.214180626591464,0.200218633553042,0.180719870661888,0.137514102295984,0.11884254419899,0.109157421914488
0.587333959214183,0.659245822031931,0.735670289040672,0.797468320241131,0.836617455072148,0.896114760358571,0.946549141020398,0.97879138404319,0.992702203241404,1,0.992217627370855,0.968945046229331,0.943948745451865,0.914341796741338,0.866803434937205,0.807884709629926,0.702472584273451,0.536863668516555,0.438121440403989,0.379799426053906,0.357451053578156,0.339013979135723,0.318480926322422,0.300791324413414,0.295789726535606,0.270385520475067,0.246528503746087,0.22933761279404,0.208558666105365,0.15975972879932,0.138544322804987,0.127521678378714
0.559268605099836,0.629180836471209,0.703826140576368,0.764921481263496,0.804626518943855,0.864121730953081,0.915193328144507,0.948927409440316,0.969961066553088,0.992217627370855,1,0.992194138739898,0.976793969570974,0.949762390828405,0.903902370878679,0.845841817807957,0.749947068323562,0.58843203507471,0.489378358075568,0.430326637273278,0.407631528186642,0.387201700798511,0.364167188259384,0.344245045685583,0.336050107576709,0.304569773543562,0.276152777434208,0.255891240913563,0.234108736505002,0.180282107696679,0.156765044483384,0.144530194548305
0.522436547989465,0.589255518911425,0.660954526692803,0.720393038754278,0.760035418731594,0.818600413568851,0.869513471416981,0.904215382718374,0.93205445317104,0.968945046229331,0.992194138739898,1,0.994450617777547,0.970419967897809,0.926956223556197,0.870660871921443,0.785793744639714,0.630898365267067,0.533078001343854,0.474216680354806,0.451528355804751,0.429421485997027,0.404241093043549,0.382393840313473,0.371128605820711,0.334054107961101,0.301513586112933,0.278492870175533,0.256045106052716,0.19802292518021,0.172567611926526,0.159309598410141
0.486346481596236,0.550902178222237,0.62071494825902,0.679732464292295,0.720263477344856,0.778374764006705,0.829570818045408,0.865586660580771,0.898135265223258,0.943948745451865,0.976793969570974,0.994450617777547,1,0.988380376823016,0.956269015031327,0.909778544086525,0.833200135002965,0.676732133113948,0.576244927197407,0.515465569905055,0.492772290508062,0.469951490507247,0.443306318056607,0.420013223557792,0.405854615289544,0.363240682093811,0.326617325573241,0.300864741607795,0.276067541714788,0.213325232604743,0.185822132601627,0.171500780629865
0.450024597689378,0.513108344192452,0.582073248482525,0.641929339548625,0.684320383355002,0.74235893180393,0.794191472065241,0.831799079341031,0.866473326817022,0.914341796741338,0.949762390828405,0.970419967897809,0.988380376823016,1,0.98961601593477,0.96230185810357,0.890975778854009,0.723916621053518,0.616569080521714,0.551629510594416,0.528986917217483,0.506647866832379,0.479425905924042,0.455330165656266,0.438558080983947,0.390658110882786,0.350155003374779,0.321810340168911,0.292809084305355,0.224979903585322,0.195407845224864,0.180031679104689
0.406059709497713,0.466403321259522,0.533092552072319,0.59246238943548,0.635706358100683,0.692435732639969,0.743762396152314,0.782071478942224,0.818014743952256,0.866803434937205,0.903902370878679,0.926956223556197,0.956269015031327,0.98961601593477,1,0.991403278007414,0.92656832483433,0.753064221983111,0.641523562951801,0.574037852439797,0.551927103111288,0.530521035835082,0.50333543027997,0.478995655006818,0.460110640974392,0.408235750370697,0.364929462859878,0.334739431365679,0.302382507505636,0.231192666692896,0.200296150129683,0.184251137878358
0.358709911825064,0.415470057456443,0.478884083193825,0.536739713886054,0.579979573954592,0.634493304525172,0.684433071177954,0.722689253162376,0.759138945763395,0.807884709629926,0.845841817807957,0.870660871921443,0.909778544086525,0.96230185810357,0.991403278007414,1,0.942244064909849,0.766004799668365,0.652660404176162,0.584075029061965,0.562847491900784,0.542677070449828,0.51601523588019,0.491892630445591,0.47142509802004,0.41686817778289,0.371791827397342,0.340466881441583,0.305639344113259,0.232675246761051,0.201130746038067,0.184766489198336
0.277963629528883,0.327278438342149,0.383367740766782,0.436551011737562,0.477650867573629,0.526117384265333,0.5712768733695,0.607063937041259,0.646073167999,0.702472584273451,0.749947068323562,0.785793744639714,0.833200135002965,0.890975778854009,0.92656832483433,0.942244064909849,1,0.93603091667837,0.866959401580543,0.820029322499162,0.800334649650508,0.764457945814521,0.721942198049709,0.684610950808787,0.6329479026198,0.536665338375645,0.464596435414756,0.416110276752309,0.346073563324249,0.24911671522573,0.208912585131227,0.188299250112738
0.182773735024855,0.220144481326635,0.26347056202792,0.306185124206537,0.340185066285657,0.377621881590152,0.413079347563223,0.442065880686956,0.478956182808015,0.536863668516555,0.58843203507471,0.630898365267067,0.676732133113948,0.723916621053518,0.753064221983111,0.766004799668365,0.93603091667837,1,0.986889152275705,0.968982912815543,0.952798056762009,0.903876543063064,0.849287767294048,0.802229500513707,0.724325703880208,0.596416578023056,0.505055601398648,0.44462217361504,0.346681670255648,0.236542646614496,0.192196945193522,0.169656249058224
0.131358398487596,0.161664911144183,0.197298271142051,0.233398399824333,0.262698859622748,0.29348798875764,0.322990700772283,0.347627870918144,0.381980419611301,0.438121440403989,0.489378358075568,0.533078001343854,0.576244927197407,0.616569080521714,0.641523562951801,0.652660404176162,0.866959401580543,0.986889152275705,1,0.996165019299759,0.982276894275964,0.929449323498711,0.871640746448094,0.822118962882644,0.735487341954281,0.598502975324338,0.50217227674577,0.438824823271677,0.332244313420299,0.220734848217898,0.17637213011861,0.153904318852413
0.102048891680659,0.128194274944595,0.159267515944702,0.191386955156909,0.217819220533835,0.244667748771431,0.270619573298011,0.29262937521826,0.325230316156509,0.379799426053906,0.430326637273278,0.474216680354806,0.515465569905055,0.551629510594416,0.574037852439797,0.584075029061965,0.820029322499162,0.968982912815543,0.996165019299759,1,0.987508896313183,0.933141918111779,0.874220455234181,0.823905089040122,0.733490086992385,0.593084982504087,0.495114292256489,0.430880321494584,0.32078232391779,0.209750120105491,0.165863609326378,0.143681159253487
0.0761987794760257,0.100202643280428,0.129246448353181,0.160249186891717,0.187354710919409,0.215650294749438,0.243844615826668,0.269012111233177,0.303549288684176,0.357451053578156,0.407631528186642,0.451528355804751,0.492772290508062,0.528986917217483,0.551927103111288,0.562847491900784,0.800334649650508,0.952798056762009,0.982276894275964,0.987508896313183,1,0.977840383106176,0.939222192263137,0.902123919952693,0.819872609977601,0.675848054610653,0.572815183655236,0.504621239287287,0.371947798536771,0.239671645905396,0.187679457699948,0.161445215677599
0.0512623291410791,0.0732776009680727,0.100464381772802,0.130510869401542,0.158719816921252,0.18955354468965,0.221185402626946,0.250733061749871,0.287315676850532,0.339013979135723,0.387201700798511,0.429421485997027,0.469951490507247,0.506647866832379,0.530521035835082,0.542677070449828,0.764457945814521,0.903876543063064,0.929449323498711,0.933141918111779,0.977840383106176,1,0.990281936978234,0.972463703029351,0.905669515119149,0.763528996660116,0.658215278800171,0.587617368597163,0.431224606848249,0.275316252007326,0.21423985720371,0.183453859400781
0.0334440150128692,0.0536002173080603,0.0788889442317414,0.107565882104469,0.1358184484492,0.167584746597713,0.200727144679851,0.232462475387633,0.269509854925104,0.318480926322422,0.364167188259384,0.404241093043549,0.443306318056607,0.479425905924042,0.50333543027997,0.51601523588019,0.721942198049709,0.849287767294048,0.871640746448094,0.874220455234181,0.939222192263137,0.990281936978234,1,0.995425135332214,0.940531636087943,0.803116459772109,0.698861305802229,0.628391754087148,0.46006409180252,0.292266871883626,0.226648393271459,0.19359099730039
0.0208264640641694,0.0394786950579307,0.0631789210898805,0.0905923213678252,0.118556978228209,0.150606546994041,0.184413800818241,0.217295010952572,0.254244857635067,0.300791324413414,0.344245045685583,0.382393840313473,0.420013223557792,0.455330165656266,0.478995655006818,0.491892630445591,0.684610950808787,0.802229500513707,0.822118962882644,0.823905089040122,0.902123919952693,0.972463703029351,0.995425135332214,1,0.95389994823406,0.821277192322399,0.718922274291851,0.649333773840255,0.474700670612182,0.30062366820085,0.232623044700567,0.198377123595567
-0.00899683260883928,0.0127498859149193,0.0413632605740142,0.0762054044982797,0.110722580791059,0.144360837806917,0.180118029957885,0.215269626151908,0.252410158557354,0.295789726535606,0.336050107576709,0.371128605820711,0.405854615289544,0.438558080983947,0.460110640974392,0.47142509802004,0.6329479026198,0.724325703880208,0.735487341954281,0.733490086992385,0.819872609977601,0.905669515119149,0.940531636087943,0.95389994823406,1,0.954414761523252,0.893965296464562,0.847094529365191,0.627307338957568,0.396731395573988,0.306702031017677,0.261368733898278
-0.0344765621043955,-0.0110020757729827,0.0206147839309654,0.0603688880844374,0.0986145762096142,0.130812530640186,0.165185980849993,0.199176608615418,0.233267457330741,0.270385520475067,0.304569773543562,0.334054107961101,0.363240682093811,0.390658110882786,0.408235750370697,0.41686817778289,0.536665338375645,0.596416578023056,0.598502975324338,0.593084982504087,0.675848054610653,0.763528996660116,0.803116459772109,0.821277192322399,0.954414761523252,1,0.986974982465929,0.967106320435372,0.722741612889743,0.456967662317334,0.353204376602286,0.300956975245105
-0.0469132652045889,-0.0233900656613629,0.00865697574529743,0.0495639606826052,0.0883813935510658,0.118592614166382,0.15092802924457,0.183015082065557,0.214180626591464,0.246528503746087,0.276152777434208,0.301513586112933,0.326617325573241,0.350155003374779,0.364929462859878,0.371791827397342,0.464596435414756,0.505055601398648,0.50217227674577,0.495114292256489,0.572815183655236,0.658215278800171,0.698861305802229,0.718922274291851,0.893965296464562,0.986974982465929,1,0.995431616674877,0.747007029666884,0.472253931807797,0.364989358111376,0.310979654094475
-0.0537173716249277,-0.0304545640500418,0.00145365213669061,0.0425417623932204,0.0812211200154534,0.109881675206673,0.140609853322064,0.171172524640013,0.200218633553042,0.22933761279404,0.255891240913563,0.278492870175533,0.300864741607795,0.321810340168911,0.334739431365679,0.340466881441583,0.416110276752309,0.44462217361504,0.438824823271677,0.430880321494584,0.504621239287287,0.587617368597163,0.628391754087148,0.649333773840255,0.847094529365191,0.967106320435372,0.995431616674877,1,0.752221188952232,0.475518128826544,0.367494777243624,0.313103406674583
-0.00291636975640514,0.0120776468094196,0.0317092061440121,0.0554477895009658,0.0793277513578102,0.103714482838422,0.129656228184984,0.1551841256204,0.180719870661888,0.208558666105365,0.234108736505002,0.256045106052716,0.276067541714788,0.292809084305355,0.302382507505636,0.305639344113259,0.346073563324249,0.346681670255648,0.332244313420299,0.32078232391779,0.371947798536771,0.431224606848249,0.46006409180252,0.474700670612182,0.627307338957568,0.722741612889743,0.747007029666884,0.752221188952232,1,0.937274933946356,0.889131087942763,0.861170071070612
0.0254486629973357,0.0332169913456083,0.042593136551989,0.0525582348705183,0.0640299275708504,0.0816714559490339,0.10030506790136,0.118461786217298,0.137514102295984,0.15975972879932,0.180282107696679,0.19802292518021,0.213325232604743,0.224979903585322,0.231192666692896,0.232675246761051,0.24911671522573,0.236542646614496,0.220734848217898,0.209750120105491,0.239671645905396,0.275316252007326,0.292266871883626,0.30062366820085,0.396731395573988,0.456967662317334,0.472253931807797,0.475518128826544,0.937274933946356,1,0.992893870034195,0.984347840367427
0.0344062344407405,0.0394862841100667,0.04509399832824,0.0500728578604477,0.0569814066724941,0.0718171080063732,0.0874244241706167,0.10254692466562,0.11884254419899,0.138544322804987,0.156765044483384,0.172567611926526,0.185822132601627,0.195407845224864,0.200296150129683,0.201130746038067,0.208912585131227,0.192196945193522,0.17637213011861,0.165863609326378,0.187679457699948,0.21423985720371,0.226648393271459,0.232623044700567,0.306702031017677,0.353204376602286,0.364989358111376,0.367494777243624,0.889131087942763,0.992893870034195,1,0.998325653574752
0.0385837750384865,0.0423310855836799,0.0460783270015098,0.0486080012176235,0.0532631214158268,0.0666589161354362,0.0807152057019125,0.0942853152849199,0.109157421914488,0.127521678378714,0.144530194548305,0.159309598410141,0.171500780629865,0.180031679104689,0.184251137878358,0.184766489198336,0.188299250112738,0.169656249058224,0.153904318852413,0.143681159253487,0.161445215677599,0.183453859400781,0.19359099730039,0.198377123595567,0.261368733898278,0.300956975245105,0.310979654094475,0.313103406674583,0.861170071070612,0.984347840367427,0.998325653574752,1
