1,0.757168528989283,0.631007020123503,0.536384191037903,0.466991213215183,0.45217644168058,0.419393346627022,0.375523629491598,0.36259393735292,0.344654604518228,0.320956968392294,0.297181309487957,0.287536053499757,0.273518089279442,0.249274652004685,0.226013822722643,0.207098464672917,0.193751966234411,0.186376727876257,0.173367489167697,0.157476439779629,0.142173853497622,0.133574563809905,0.130599724672163,0.136973718690194,0.117141190180081,0.0991330165575814,0.0852868652469439,0.0957925986626791,0.070929418420912,0.0279664326475164,-0.03062500818349
0.757168528989283,1,0.935702014161461,0.804174981460982,0.704289839984469,0.682538789369183,0.64247188326403,0.590806131805951,0.570824903995234,0.546470990201707,0.516064617558065,0.490012267938301,0.475373695992644,0.456118701799461,0.428374919740786,0.399825499992919,0.372325761941235,0.348840934069949,0.340051319767922,0.323790641149971,0.304281291135637,0.288000354550296,0.270277533009761,0.254904109088174,0.249326750662488,0.224483002188041,0.190326699770965,0.149267201771648,0.120781540807128,0.0829491102408745,0.03339795827529,-0.0317845235301329
0.631007020123503,0.935702014161461,1,0.955048528040304,0.855742624152533,0.829133170004475,0.783673652701595,0.726240262643403,0.70228716350674,0.673567371474623,0.63842345205976,0.610989309416477,0.594745359819274,0.574474096455989,0.547438965016644,0.520278373577729,0.492561781659932,0.467766422386448,0.458915969830204,0.443030499010584,0.423490627347285,0.404669701769459,0.382450840450726,0.362358449805834,0.354576824295601,0.324552188261154,0.281567899303612,0.22732855867485,0.151708590702325,0.101032368477957,0.0548445317804663,-0.00331715288589605
0.536384191037903,0.804174981460982,0.955048528040304,1,0.948874597103319,0.91895155384592,0.870672117036167,0.810910245817238,0.785920610131427,0.756925699556169,0.720868651217352,0.692238409042981,0.674091499095085,0.652981659122955,0.627502741985248,0.603199900306257,0.577331930466421,0.553424764845594,0.543718727716372,0.52878182494605,0.510529505592561,0.490412239096774,0.466030941204186,0.443779013046206,0.435710041056086,0.399952648331472,0.349865414429852,0.28689641412626,0.178662901099495,0.115486555027229,0.0727301836444057,0.023197542912443
0.466991213215183,0.704289839984469,0.855742624152533,0.948874597103319,1,0.968060812851542,0.919290869419238,0.860373637142242,0.837095264888067,0.812448987932926,0.779635824060116,0.749242740617738,0.727374715518315,0.703877623939906,0.679113221641731,0.656838871298442,0.632332989293311,0.608981073065823,0.59666399511409,0.581903622337441,0.565162897913228,0.545724353915068,0.520642778587506,0.497048433740131,0.488062695365062,0.445458838749438,0.387735599690048,0.317041995575903,0.1998869175864,0.124129132039446,0.0804046352507937,0.0356260292550022
0.45217644168058,0.682538789369183,0.829133170004475,0.91895155384592,0.968060812851542,1,0.982312778926812,0.923130219926721,0.895901523686521,0.867372592258227,0.831231213173984,0.800635494522873,0.77865822717682,0.754449199184954,0.728313130786369,0.705088837914164,0.680835501933019,0.658753532397427,0.645130755386249,0.629191524616138,0.611451510773595,0.591440227736313,0.565450585681869,0.540039645364558,0.52829449531118,0.485036061226978,0.422389594173176,0.342439373709994,0.214632431737887,0.117766075276023,0.0696853336208064,0.0319824211459572
0.419393346627022,0.64247188326403,0.783673652701595,0.870672117036167,0.919290869419238,0.982312778926812,1,0.97334613712736,0.945288640720129,0.914781587741737,0.876033165623499,0.844022466475379,0.822420422140594,0.798616870559398,0.772553542374001,0.750183710144294,0.727141737673679,0.706406423014446,0.69086673092584,0.672995652945054,0.653576219372519,0.632889373590176,0.607922764707265,0.583043501360254,0.570464216304119,0.527485756992589,0.462996792602453,0.378265128671607,0.232076386529057,0.118011746064594,0.0645627343510374,0.028265152070857
0.375523629491598,0.590806131805951,0.726240262643403,0.810910245817238,0.860373637142242,0.923130219926721,0.97334613712736,1,0.978866593916761,0.950162020567714,0.910154698424269,0.876345473054184,0.855318500730455,0.832516397110405,0.807461939613754,0.78710245606207,0.765722616258218,0.74610472641004,0.728628929708291,0.708613941091961,0.687256360615675,0.665864877320985,0.643373859165592,0.620790930730308,0.608765005689785,0.566606220078688,0.502771705415669,0.417248377986435,0.248278603347934,0.122922967954261,0.0649955704700591,0.026594997538409
0.36259393735292,0.570824903995234,0.70228716350674,0.785920610131427,0.837095264888067,0.895901523686521,0.945288640720129,0.978866593916761,1,0.986853366759104,0.948801137529123,0.916846460400764,0.894394152793018,0.869379979595004,0.842310786650885,0.820633673639383,0.798008033428111,0.777415319377539,0.760635334533424,0.740554451271796,0.718597901201543,0.696192121900745,0.6742005904413,0.651337054626319,0.636987336141794,0.592698492480372,0.525684480539475,0.435787565567373,0.250685196738956,0.122272270626024,0.0693812846331896,0.0394143388034798
0.344654604518228,0.546470990201707,0.673567371474623,0.756925699556169,0.812448987932926,0.867372592258227,0.914781587741737,0.950162020567714,0.986853366759104,1,0.985809310993589,0.9571600886965,0.93615499156098,0.911629818322021,0.884492131104876,0.862832704112841,0.839074100711489,0.816529742801291,0.799067562850785,0.778292327992508,0.755815170140188,0.73362019666059,0.711920371048961,0.688701280807208,0.673236126584218,0.62734197051022,0.555719548705079,0.458385429096832,0.256690492976904,0.120716552872137,0.0667578158776568,0.0389044678176574
0.320956968392294,0.516064617558065,0.63842345205976,0.720868651217352,0.779635824060116,0.831231213173984,0.876033165623499,0.910154698424269,0.948801137529123,0.985809310993589,1,0.982966375446035,0.965728855311795,0.94273256744851,0.916678852741134,0.895736582157006,0.871246699066814,0.846868528492451,0.828844032918957,0.807884360859129,0.785525689074392,0.763839916043858,0.742780388754999,0.719837275131914,0.70433302305128,0.657810553674333,0.582604328940723,0.478868840084798,0.263998867176659,0.120613176565174,0.0626266206550652,0.0323438136533098
0.297181309487957,0.490012267938301,0.610989309416477,0.692238409042981,0.749242740617738,0.800635494522873,0.844022466475379,0.876345473054184,0.916846460400764,0.9571600886965,0.982966375446035,1,0.98881624194955,0.965800345395245,0.940592220522242,0.919829518550141,0.894785090003082,0.869449459838002,0.852595530927542,0.833168486005077,0.811966628490829,0.789190188523701,0.76943025582164,0.747989236627335,0.733359091876829,0.686759493247698,0.610417321564772,0.50406441527011,0.27907134185896,0.130156124969189,0.0661345927417444,0.028031644931756
0.287536053499757,0.475373695992644,0.594745359819274,0.674091499095085,0.727374715518315,0.77865822717682,0.822420422140594,0.855318500730455,0.894394152793018,0.93615499156098,0.965728855311795,0.98881624194955,1,0.992146719367964,0.965107652325348,0.943484055931836,0.9172442619545,0.890594600658756,0.874471818768767,0.855354507271863,0.834299077675844,0.811992727755048,0.791872334846275,0.769475908932974,0.753549574854711,0.706421861151822,0.629111530148479,0.520888439716705,0.286539257174893,0.128013419904245,0.0619634740859694,0.0265282389180451
0.273518089279442,0.456118701799461,0.574474096455989,0.652981659122955,0.703877623939906,0.754449199184954,0.798616870559398,0.832516397110405,0.869379979595004,0.911629818322021,0.94273256744851,0.965800345395245,0.992146719367964,1,0.984020639541375,0.963739757815353,0.93711012833328,0.909215844209668,0.893182131002077,0.874663378610983,0.854419229701566,0.832679845850142,0.812210644994973,0.788780210009613,0.771313156256878,0.723381688440365,0.646578622406808,0.539323911793058,0.291289773406716,0.125677327371432,0.0579664321466098,0.0237800997005807
0.249274652004685,0.428374919740786,0.547438965016644,0.627502741985248,0.679113221641731,0.728313130786369,0.772553542374001,0.807461939613754,0.842310786650885,0.884492131104876,0.916678852741134,0.940592220522242,0.965107652325348,0.984020639541375,1,0.984739477898035,0.95904278528715,0.929972588812562,0.913090458783531,0.895948632377541,0.877790776642524,0.85606810259107,0.835745953561717,0.81190962542345,0.79320520811761,0.743912680046597,0.669378558480023,0.566575832241608,0.296351732174966,0.128057279431234,0.0573905548482141,0.018227747865411
0.226013822722643,0.399825499992919,0.520278373577729,0.603199900306257,0.656838871298442,0.705088837914164,0.750183710144294,0.78710245606207,0.820633673639383,0.862832704112841,0.895736582157006,0.919829518550141,0.943484055931836,0.963739757815353,0.984739477898035,1,0.991419347440047,0.9649940485214,0.948096943548946,0.930495203554563,0.911907056305771,0.890887317899959,0.870838138099681,0.846814247569199,0.827824456279498,0.780315646104997,0.706099500271242,0.6009600757715,0.310154486079596,0.131303404952927,0.0556705187509758,0.0135981851975519
0.207098464672917,0.372325761941235,0.492561781659932,0.577331930466421,0.632332989293311,0.680835501933019,0.727141737673679,0.765722616258218,0.798008033428111,0.839074100711489,0.871246699066814,0.894785090003082,0.9172442619545,0.93711012833328,0.95904278528715,0.991419347440047,1,0.988260329851808,0.972041431732585,0.955025982745576,0.936846377768556,0.91577094247028,0.896164351442858,0.872440381123886,0.853565620914751,0.809479007061976,0.737693458800193,0.632465209085827,0.331567213414391,0.140521888842809,0.0592021190913565,0.0142299428731573
0.193751966234411,0.348840934069949,0.467766422386448,0.553424764845594,0.608981073065823,0.658753532397427,0.706406423014446,0.74610472641004,0.777415319377539,0.816529742801291,0.846868528492451,0.869449459838002,0.890594600658756,0.909215844209668,0.929972588812562,0.9649940485214,0.988260329851808,1,0.986616703815163,0.971660979504765,0.95459249942154,0.932647288653975,0.913576026998182,0.890478679989931,0.871828339506011,0.832032536177655,0.76416755222577,0.660743106022869,0.358734198943619,0.154826228890152,0.0674534762319997,0.0194999677146907
0.186376727876257,0.340051319767922,0.458915969830204,0.543718727716372,0.59666399511409,0.645130755386249,0.69086673092584,0.728628929708291,0.760635334533424,0.799067562850785,0.828844032918957,0.852595530927542,0.874471818768767,0.893182131002077,0.913090458783531,0.948096943548946,0.972041431732585,0.986616703815163,1,0.994052005310607,0.97593268699925,0.952731438478821,0.934393051948211,0.911457890278599,0.890899090004305,0.85245809236847,0.784505039567938,0.678755920588282,0.374471274586369,0.163926766620465,0.0731583978673006,0.0228664226228944
0.173367489167697,0.323790641149971,0.443030499010584,0.52878182494605,0.581903622337441,0.629191524616138,0.672995652945054,0.708613941091961,0.740554451271796,0.778292327992508,0.807884360859129,0.833168486005077,0.855354507271863,0.874663378610983,0.895948632377541,0.930495203554563,0.955025982745576,0.971660979504765,0.994052005310607,1,0.992510740620926,0.968846566763775,0.950891944862219,0.927589459300562,0.904863612550025,0.865232183598225,0.796207595859534,0.68916640459167,0.387297536515736,0.172250556776406,0.0794790109910491,0.0280926806708762
0.157476439779629,0.304281291135637,0.423490627347285,0.510529505592561,0.565162897913228,0.611451510773595,0.653576219372519,0.687256360615675,0.718597901201543,0.755815170140188,0.785525689074392,0.811966628490829,0.834299077675844,0.854419229701566,0.877790776642524,0.911907056305771,0.936846377768556,0.95459249942154,0.97593268699925,0.992510740620926,1,0.983040695206802,0.966482134068893,0.942407280339008,0.918076466708868,0.875703623457972,0.805082854884911,0.697522197038037,0.402347329342586,0.18184509765069,0.0868300757429601,0.0347839634323246
0.142173853497622,0.288000354550296,0.404669701769459,0.490412239096774,0.545724353915068,0.591440227736313,0.632889373590176,0.665864877320985,0.696192121900745,0.73362019666059,0.763839916043858,0.789190188523701,0.811992727755048,0.832679845850142,0.85606810259107,0.890887317899959,0.91577094247028,0.932647288653975,0.952731438478821,0.968846566763775,0.983040695206802,1,0.989730985405536,0.964401311833812,0.941206626380922,0.895466953469228,0.823236206630524,0.715802278204649,0.433915203210579,0.198880948393712,0.0973299891177854,0.0434795781338254
0.133574563809905,0.270277533009761,0.382450840450726,0.466030941204186,0.520642778587506,0.565450585681869,0.607922764707265,0.643373859165592,0.6742005904413,0.711920371048961,0.742780388754999,0.76943025582164,0.791872334846275,0.812210644994973,0.835745953561717,0.870838138099681,0.896164351442858,0.913576026998182,0.934393051948211,0.950891944862219,0.966482134068893,0.989730985405536,1,0.991166164885764,0.967764103504214,0.926318540986967,0.858856824627594,0.754371069574311,0.464427051389592,0.224555344791859,0.119987540236067,0.0604013799258681
0.130599724672163,0.254904109088174,0.362358449805834,0.443779013046206,0.497048433740131,0.540039645364558,0.583043501360254,0.620790930730308,0.651337054626319,0.688701280807208,0.719837275131914,0.747989236627335,0.769475908932974,0.788780210009613,0.81190962542345,0.846814247569199,0.872440381123886,0.890478679989931,0.911457890278599,0.927589459300562,0.942407280339008,0.964401311833812,0.991166164885764,1,0.98568155889544,0.950760713442682,0.888781409226559,0.787564038655201,0.481856349025037,0.241476120997029,0.137220536532237,0.0747504505124464
0.136973718690194,0.249326750662488,0.354576824295601,0.435710041056086,0.488062695365062,0.52829449531118,0.570464216304119,0.608765005689785,0.636987336141794,0.673236126584218,0.70433302305128,0.733359091876829,0.753549574854711,0.771313156256878,0.79320520811761,0.827824456279498,0.853565620914751,0.871828339506011,0.890899090004305,0.904863612550025,0.918076466708868,0.941206626380922,0.967764103504214,0.98568155889544,1,0.970774036312399,0.910721149873356,0.810007549644187,0.481244583608889,0.239140376360379,0.138057604225846,0.0799536067902815
0.117141190180081,0.224483002188041,0.324552188261154,0.399952648331472,0.445458838749438,0.485036061226978,0.527485756992589,0.566606220078688,0.592698492480372,0.62734197051022,0.657810553674333,0.686759493247698,0.706421861151822,0.723381688440365,0.743912680046597,0.780315646104997,0.809479007061976,0.832032536177655,0.85245809236847,0.865232183598225,0.875703623457972,0.895466953469228,0.926318540986967,0.950760713442682,0.970774036312399,1,0.974640056032169,0.875185828873886,0.503356564032089,0.266340469341279,0.164953152231444,0.0956436094585971
0.0991330165575814,0.190326699770965,0.281567899303612,0.349865414429852,0.387735599690048,0.422389594173176,0.462996792602453,0.502771705415669,0.525684480539475,0.555719548705079,0.582604328940723,0.610417321564772,0.629111530148479,0.646578622406808,0.669378558480023,0.706099500271242,0.737693458800193,0.76416755222577,0.784505039567938,0.796207595859534,0.805082854884911,0.823236206630524,0.858856824627594,0.888781409226559,0.910721149873356,0.974640056032169,1,0.953754632318141,0.52543935745406,0.317321275698829,0.217429482735383,0.119699252049917
0.0852868652469439,0.149267201771648,0.22732855867485,0.28689641412626,0.317041995575903,0.342439373709994,0.378265128671607,0.417248377986435,0.435787565567373,0.458385429096832,0.478868840084798,0.50406441527011,0.520888439716705,0.539323911793058,0.566575832241608,0.6009600757715,0.632465209085827,0.660743106022869,0.678755920588282,0.68916640459167,0.697522197038037,0.715802278204649,0.754371069574311,0.787564038655201,0.810007549644187,0.875185828873886,0.953754632318141,1,0.526200289596632,0.369175461086921,0.275533189247927,0.142999118657638
0.0957925986626791,0.120781540807128,0.151708590702325,0.178662901099495,0.1998869175864,0.214632431737887,0.232076386529057,0.248278603347934,0.250685196738956,0.256690492976904,0.263998867176659,0.27907134185896,0.286539257174893,0.291289773406716,0.296351732174966,0.310154486079596,0.331567213414391,0.358734198943619,0.374471274586369,0.387297536515736,0.402347329342586,0.433915203210579,0.464427051389592,0.481856349025037,0.481244583608889,0.503356564032089,0.52543935745406,0.526200289596632,1,0.649119403355421,0.402045789924232,0.201484561079959
0.070929418420912,0.0829491102408745,0.101032368477957,0.115486555027229,0.124129132039446,0.117766075276023,0.118011746064594,0.122922967954261,0.122272270626024,0.120716552872137,0.120613176565174,0.130156124969189,0.128013419904245,0.125677327371432,0.128057279431234,0.131303404952927,0.140521888842809,0.154826228890152,0.163926766620465,0.172250556776406,0.18184509765069,0.198880948393712,0.224555344791859,0.241476120997029,0.239140376360379,0.266340469341279,0.317321275698829,0.369175461086921,0.649119403355421,1,0.900682363973991,0.403854986658405
0.0279664326475164,0.03339795827529,0.0548445317804663,0.0727301836444057,0.0804046352507937,0.0696853336208064,0.0645627343510374,0.0649955704700591,0.0693812846331896,0.0667578158776568,0.0626266206550652,0.0661345927417444,0.0619634740859694,0.0579664321466098,0.0573905548482141,0.0556705187509758,0.0592021190913565,0.0674534762319997,0.0731583978673006,0.0794790109910491,0.0868300757429601,0.0973299891177854,0.119987540236067,0.137220536532237,0.138057604225846,0.164953152231444,0.217429482735383,0.275533189247927,0.402045789924232,0.900682363973991,1,0.711919364855708
-0.03062500818349,-0.0317845235301329,-0.00331715288589605,0.023197542912443,0.0356260292550022,0.0319824211459572,0.028265152070857,0.026594997538409,0.0394143388034798,0.0389044678176574,0.0323438136533098,0.028031644931756,0.0265282389180451,0.0237800997005807,0.018227747865411,0.0135981851975519,0.0142299428731573,0.0194999677146907,0.0228664226228944,0.0280926806708762,0.0347839634323246,0.0434795781338254,0.0604013799258681,0.0747504505124464,0.0799536067902815,0.0956436094585971,0.119699252049917,0.142999118657638,0.201484561079959,0.403854986658405,0.711919364855708,1
