1,0.994985641745952,0.976974901860688,0.941339173031308,0.884375025680862,0.808672037001913,0.787111452396779,0.747602650587309,0.697299769794929,0.643001655196833,0.589511450506826,0.534978774822648,0.474283331093218,0.420867385718685,0.377527472182946,0.342990843294869,0.324520673697701,0.314313819635723,0.303197709196887,0.29254438377021,0.282855312868453,0.273881946276816,0.262449804174546,0.250668073205492,0.239938256487759,0.230588366838331,0.222559006920693,0.243350226826751,0.250902537057164,0.250860889666642,0.247694252186176,0.243524755204089
0.994985641745952,1,0.993415236836602,0.970371182979475,0.926626494994922,0.863448849858452,0.84242236891882,0.802046771752048,0.749875861260319,0.693152460455238,0.637032572687276,0.580189346498993,0.51621159225154,0.45955650330795,0.413441917119268,0.376623110074433,0.357036944608781,0.346227901604298,0.334322110750891,0.322852613862476,0.312390128138657,0.30298770639486,0.291652356259757,0.279582719584108,0.268429944509836,0.258631425287116,0.250172311907899,0.273831248349742,0.282524052124112,0.282617531357656,0.279154775501958,0.274536263752023
0.976974901860688,0.993415236836602,1,0.991663689484453,0.963601076862649,0.915549986530425,0.895394544505737,0.854523818780427,0.800856295974044,0.742054077067175,0.683613796065147,0.624824657691444,0.557875808813411,0.498208793895514,0.449484378349026,0.41050528507711,0.389882228425249,0.378516644888734,0.365853065281996,0.353590055483135,0.34237061906307,0.332592638099563,0.321507911916712,0.309257284526544,0.297757513566587,0.28756589616728,0.278718793932023,0.305370988701627,0.315263046081708,0.315510159072711,0.311750893648772,0.306674979925967
0.941339173031308,0.970371182979475,0.991663689484453,1,0.990016344254692,0.959734091078491,0.940875569534687,0.900091373870877,0.845585487459538,0.78537094469931,0.72524094936684,0.665188756821374,0.595952309779881,0.533837144109941,0.482944546197763,0.442149448273342,0.420684877264511,0.408872285177586,0.395555791799625,0.382593384487241,0.370699243117723,0.360652806205851,0.350024445706643,0.337763112592862,0.326054114510458,0.315580827054039,0.306436635700327,0.336035705896411,0.347120809647929,0.347536820206625,0.343503257097813,0.337992821159893
0.884375025680862,0.926626494994922,0.963601076862649,0.990016344254692,1,0.989733577102899,0.972654008444337,0.932743558732709,0.878361797932194,0.817752575944285,0.756922848465456,0.696636161668376,0.626219914860052,0.562613284612036,0.510321097940245,0.4683187688547,0.446343696610957,0.434267774328832,0.420491439409091,0.40701157790418,0.394606586747213,0.384458400146578,0.374532289697692,0.362493470850315,0.350779273077182,0.340197935022432,0.330903436737218,0.363160674212979,0.375339097005608,0.375931917900318,0.371675352349239,0.36579485647543
0.808672037001913,0.863448849858452,0.915549986530425,0.959734091078491,0.989733577102899,1,0.986289989291794,0.949183047850076,0.896974429452995,0.837964060608112,0.778270125741069,0.719270235778933,0.649086666001059,0.585153351650174,0.53237390727829,0.489875481435773,0.467609330225965,0.455193208299265,0.440941761475909,0.426960170362027,0.414074543280028,0.403811119656347,0.394490654030486,0.382658271776656,0.370958851173013,0.360304112473286,0.350898643448746,0.385197763135968,0.398168998678781,0.398836614744629,0.394349561313468,0.388132488316416
0.787111452396779,0.84242236891882,0.895394544505737,0.940875569534687,0.972654008444337,0.986289989291794,1,0.988106018589302,0.957629954279335,0.916531928064195,0.871221849123287,0.819819030430113,0.750627067152536,0.685213490101601,0.630249264082141,0.585532512452632,0.55871422107363,0.539434418106334,0.518980460928834,0.499619039723623,0.482136378279966,0.467211759446768,0.451345924502927,0.433920309919175,0.417604884448621,0.403165783752891,0.39064266851532,0.42478453716733,0.436182653383398,0.434822153940635,0.42837217912205,0.420421990197223
0.747602650587309,0.802046771752048,0.854523818780427,0.900091373870877,0.932743558732709,0.949183047850076,0.988106018589302,1,0.990527115431253,0.967134467403198,0.936345677319416,0.893290228773472,0.826729224063053,0.761549998135933,0.705905840533579,0.660225098617105,0.629826518874786,0.604626460969048,0.578897322615599,0.555000377437499,0.533665287260522,0.514765345983308,0.493191651814829,0.470983900160797,0.450769573195766,0.433160244226558,0.418040909221049,0.451193979183834,0.46084500708428,0.457628183483105,0.449508190427794,0.440139135724683
0.697299769794929,0.749875861260319,0.800856295974044,0.845585487459538,0.878361797932194,0.896974429452995,0.957629954279335,0.990527115431253,1,0.992887953346974,0.9756850541544,0.940948795944998,0.878074659880776,0.814414414453487,0.759281203694458,0.713657545248458,0.680672667539828,0.6506923091565,0.620769539677598,0.593302646486378,0.568956120896491,0.546886070753518,0.520648873194781,0.494617010333485,0.471327228119449,0.451240789817042,0.434106889771171,0.465710805299137,0.473607790630283,0.468797945289597,0.459349822127897,0.448902010073476
0.643001655196833,0.693152460455238,0.742054077067175,0.78537094469931,0.817752575944285,0.837964060608112,0.916531928064195,0.967134467403198,0.992887953346974,1,0.994839551510504,0.967848270315583,0.909134150590284,0.847766433484058,0.793921120758778,0.74904613256048,0.714324454106616,0.680659074963411,0.647559038030483,0.617417967619109,0.590833669643495,0.566353392149101,0.536475071927009,0.507526683418329,0.481927429805966,0.460001188378158,0.441383258551701,0.471159746398037,0.477414975413689,0.4712977083681,0.460842902920073,0.44961993217041
0.589511450506826,0.637032572687276,0.683613796065147,0.72524094936684,0.756922848465456,0.778270125741069,0.871221849123287,0.936345677319416,0.9756850541544,0.994839551510504,1,0.979912138032094,0.925402191670309,0.866676888280046,0.814533395711851,0.770800018101347,0.734987810640188,0.69855970937646,0.66312333103476,0.631041465654855,0.602848379245734,0.576588730864329,0.543942603204639,0.5128334983311,0.48555329818083,0.462305160597352,0.442631412358084,0.470516364614305,0.475302239173505,0.468139387998174,0.456943972870422,0.445186324795388
0.534978774822648,0.580189346498993,0.624824657691444,0.665188756821374,0.696636161668376,0.719270235778933,0.819819030430113,0.893290228773472,0.940948795944998,0.967848270315583,0.979912138032094,1,0.982299153859776,0.948550710574815,0.913571390594482,0.882011032149335,0.85407436089682,0.821380699083273,0.787630625008117,0.756108864985409,0.727871696192678,0.702317339866569,0.671683532456788,0.640502564004353,0.612267107064226,0.587743389708654,0.566727983937064,0.584470485074483,0.576656862780346,0.55783279209378,0.53681611232624,0.517030715860079
0.474283331093218,0.51621159225154,0.557875808813411,0.595952309779881,0.626219914860052,0.649086666001059,0.750627067152536,0.826729224063053,0.878074659880776,0.909134150590284,0.925402191670309,0.982299153859776,1,0.991070455804809,0.973578955163836,0.954668745088641,0.935542208339586,0.908149480108692,0.877669748764808,0.848172072020136,0.821193927672677,0.797564692097695,0.770494549280051,0.740758039099089,0.712914068572399,0.688271282753636,0.666897928145745,0.674585075324984,0.655141630886106,0.625893799642948,0.596249482911777,0.569488443227941
0.420867385718685,0.45955650330795,0.498208793895514,0.533837144109941,0.562613284612036,0.585153351650174,0.685213490101601,0.761549998135933,0.814414414453487,0.847766433484058,0.866676888280046,0.948550710574815,0.991070455804809,1,0.99533343949599,0.985835113908902,0.97339168160745,0.950362070276339,0.922866481898436,0.895444679945613,0.869943574112974,0.848193423989804,0.824242812597584,0.796174724656004,0.76920889379901,0.745011899289236,0.723843904402836,0.724207847232626,0.696904553735495,0.660866468305568,0.625718968374086,0.594568608736701
0.377527472182946,0.413441917119268,0.449484378349026,0.482944546197763,0.510321097940245,0.53237390727829,0.630249264082141,0.705905840533579,0.759281203694458,0.793921120758778,0.814533395711851,0.913571390594482,0.973578955163836,0.99533343949599,1,0.997418597212722,0.989950091880463,0.970334283107616,0.945304258213127,0.919689900569395,0.89554149666649,0.875393259585718,0.853966738923607,0.827418421234623,0.801388180044977,0.777783078546051,0.756999271591921,0.752059487413007,0.719372007243368,0.678820989551916,0.640082077377893,0.606101906088985
0.342990843294869,0.376623110074433,0.41050528507711,0.442149448273342,0.4683187688547,0.489875481435773,0.585532512452632,0.660225098617105,0.713657545248458,0.74904613256048,0.770800018101347,0.882011032149335,0.954668745088641,0.985835113908902,0.997418597212722,1,0.996278764640041,0.979322066116238,0.956278303870069,0.932164011822721,0.909168405413307,0.890334197493466,0.870915676526559,0.845659008061966,0.820482565933618,0.797460822358027,0.777088731015323,0.768232122365032,0.731735928520127,0.688072140562181,0.646895230072331,0.611014990638595
0.324520673697701,0.357036944608781,0.389882228425249,0.420684877264511,0.446343696610957,0.467609330225965,0.55871422107363,0.629826518874786,0.680672667539828,0.714324454106616,0.734987810640188,0.85407436089682,0.935542208339586,0.97339168160745,0.989950091880463,0.996278764640041,1,0.992795773711854,0.977231877607115,0.95889270700706,0.940419193728483,0.924883135729349,0.906697794775984,0.881921364856832,0.856854408263811,0.833764769019223,0.81324363930679,0.800119962867814,0.758936479499971,0.71117148772498,0.666646039786594,0.62808205659627
0.314313819635723,0.346227901604298,0.378516644888734,0.408872285177586,0.434267774328832,0.455193208299265,0.539434418106334,0.604626460969048,0.6506923091565,0.680659074963411,0.69855970937646,0.821380699083273,0.908149480108692,0.950362070276339,0.970334283107616,0.979322066116238,0.992795773711854,1,0.995614132607662,0.985985481599086,0.97438467138945,0.963560557136292,0.946226046136869,0.921597882356784,0.896363818273105,0.872978081906733,0.852119065223826,0.834697136881239,0.788702200745761,0.736685748276375,0.688669475164071,0.647297497776308
0.303197709196887,0.334322110750891,0.365853065281996,0.395555791799625,0.420491439409091,0.440941761475909,0.518980460928834,0.578897322615599,0.620769539677598,0.647559038030483,0.66312333103476,0.787630625008117,0.877669748764808,0.922866481898436,0.945304258213127,0.956278303870069,0.977231877607115,0.995614132607662,1,0.997268932715198,0.99115047842956,0.984113819258515,0.967617172850023,0.943351326706826,0.918239401505524,0.894856585146547,0.873942564025116,0.853338961555776,0.804047685721365,0.749232417583687,0.698971189038311,0.655820896406184
0.29254438377021,0.322852613862476,0.353590055483135,0.382593384487241,0.40701157790418,0.426960170362027,0.499619039723623,0.555000377437499,0.593302646486378,0.617417967619109,0.631041465654855,0.756108864985409,0.848172072020136,0.895444679945613,0.919689900569395,0.932164011822721,0.95889270700706,0.985985481599086,0.997268932715198,1,0.998247424201611,0.99424430996535,0.978511277336746,0.954681747860774,0.929821773051901,0.906586081952319,0.88575816795064,0.862770435834418,0.811182184318314,0.754496917767413,0.702774724364689,0.658487809560303
0.282855312868453,0.312390128138657,0.34237061906307,0.370699243117723,0.394606586747213,0.414074543280028,0.482136378279966,0.533665287260522,0.568956120896491,0.590833669643495,0.602848379245734,0.727871696192678,0.821193927672677,0.869943574112974,0.89554149666649,0.909168405413307,0.940419193728483,0.97438467138945,0.99115047842956,0.998247424201611,1,0.99844334838079,0.983384178367336,0.959998165798188,0.93543804171839,0.912411807041516,0.891734968693566,0.866927498695568,0.813702054789808,0.755741806481538,0.703052818439744,0.65802969320484
0.273881946276816,0.30298770639486,0.332592638099563,0.360652806205851,0.384458400146578,0.403811119656347,0.467211759446768,0.514765345983308,0.546886070753518,0.566353392149101,0.576588730864329,0.702317339866569,0.797564692097695,0.848193423989804,0.875393259585718,0.890334197493466,0.924883135729349,0.963560557136292,0.984113819258515,0.99424430996535,0.99844334838079,1,0.990545436121053,0.971259836197645,0.949739178737256,0.929015441652387,0.910123625480523,0.883906781565414,0.828823066826057,0.769139041222586,0.714996527694997,0.668784438514134
0.262449804174546,0.291652356259757,0.321507911916712,0.350024445706643,0.374532289697692,0.394490654030486,0.451345924502927,0.493191651814829,0.520648873194781,0.536475071927009,0.543942603204639,0.671683532456788,0.770494549280051,0.824242812597584,0.853966738923607,0.870915676526559,0.906697794775984,0.946226046136869,0.967617172850023,0.978511277336746,0.983384178367336,0.990545436121053,1,0.994730018012485,0.98370453612602,0.970996094273263,0.958359620130586,0.931411847142046,0.873683903165048,0.811020333321998,0.754131367050915,0.705554691348148
0.250668073205492,0.279582719584108,0.309257284526544,0.337763112592862,0.362493470850315,0.382658271776656,0.433920309919175,0.470983900160797,0.494617010333485,0.507526683418329,0.5128334983311,0.640502564004353,0.740758039099089,0.796174724656004,0.827418421234623,0.845659008061966,0.881921364856832,0.921597882356784,0.943351326706826,0.954681747860774,0.959998165798188,0.971259836197645,0.994730018012485,1,0.996954384291817,0.990393163832423,0.982587674432125,0.955426052355665,0.896434009912046,0.832316621233971,0.774076807262511,0.724332140648929
0.239938256487759,0.268429944509836,0.297757513566587,0.326054114510458,0.350779273077182,0.370958851173013,0.417604884448621,0.450769573195766,0.471327228119449,0.481927429805966,0.48555329818083,0.612267107064226,0.712914068572399,0.76920889379901,0.801388180044977,0.820482565933618,0.856854408263811,0.896363818273105,0.918239401505524,0.929821773051901,0.93543804171839,0.949739178737256,0.98370453612602,0.996954384291817,1,0.998160840945164,0.994085017542848,0.966952336641863,0.90741491747019,0.842643999437658,0.783787518111242,0.733505345069834
0.230588366838331,0.258631425287116,0.28756589616728,0.315580827054039,0.340197935022432,0.360304112473286,0.403165783752891,0.433160244226558,0.451240789817042,0.460001188378158,0.462305160597352,0.587743389708654,0.688271282753636,0.745011899289236,0.777783078546051,0.797460822358027,0.833764769019223,0.872978081906733,0.894856585146547,0.906586081952319,0.912411807041516,0.929015441652387,0.970996094273263,0.990393163832423,0.998160840945164,1,0.998840488612202,0.971844440657815,0.912133535773676,0.847127077384114,0.788038829851088,0.737550355809297
0.222559006920693,0.250172311907899,0.278718793932023,0.306436635700327,0.330903436737218,0.350898643448746,0.39064266851532,0.418040909221049,0.434106889771171,0.441383258551701,0.442631412358084,0.566727983937064,0.666897928145745,0.723843904402836,0.756999271591921,0.777088731015323,0.81324363930679,0.852119065223826,0.873942564025116,0.88575816795064,0.891734968693566,0.910123625480523,0.958359620130586,0.982587674432125,0.994085017542848,0.998840488612202,1,0.973183190611056,0.91349095946572,0.848467768969713,0.789350280399329,0.738830256408413
0.243350226826751,0.273831248349742,0.305370988701627,0.336035705896411,0.363160674212979,0.385197763135968,0.42478453716733,0.451193979183834,0.465710805299137,0.471159746398037,0.470516364614305,0.584470485074483,0.674585075324984,0.724207847232626,0.752059487413007,0.768232122365032,0.800119962867814,0.834697136881239,0.853338961555776,0.862770435834418,0.866927498695568,0.883906781565414,0.931411847142046,0.955426052355665,0.966952336641863,0.971844440657815,0.973183190611056,1,0.982583762163836,0.947456535151771,0.909406453541006,0.874030713161132
0.250902537057164,0.282524052124112,0.315263046081708,0.347120809647929,0.375339097005608,0.398168998678781,0.436182653383398,0.46084500708428,0.473607790630283,0.477414975413689,0.475302239173505,0.576656862780346,0.655141630886106,0.696904553735495,0.719372007243368,0.731735928520127,0.758936479499971,0.788702200745761,0.804047685721365,0.811182184318314,0.813702054789808,0.828823066826057,0.873683903165048,0.896434009912046,0.90741491747019,0.912133535773676,0.91349095946572,0.982583762163836,1,0.990396417665147,0.970852224030365,0.949092977027391
0.250860889666642,0.282617531357656,0.315510159072711,0.347536820206625,0.375931917900318,0.398836614744629,0.434822153940635,0.457628183483105,0.468797945289597,0.4712977083681,0.468139387998174,0.55783279209378,0.625893799642948,0.660866468305568,0.678820989551916,0.688072140562181,0.71117148772498,0.736685748276375,0.749232417583687,0.754496917767413,0.755741806481538,0.769139041222586,0.811020333321998,0.832316621233971,0.842643999437658,0.847127077384114,0.848467768969713,0.947456535151771,0.990396417665147,1,0.994665791930831,0.983528624610447
0.247694252186176,0.279154775501958,0.311750893648772,0.343503257097813,0.371675352349239,0.394349561313468,0.42837217912205,0.449508190427794,0.459349822127897,0.460842902920073,0.456943972870422,0.53681611232624,0.596249482911777,0.625718968374086,0.640082077377893,0.646895230072331,0.666646039786594,0.688669475164071,0.698971189038311,0.702774724364689,0.703052818439744,0.714996527694997,0.754131367050915,0.774076807262511,0.783787518111242,0.788038829851088,0.789350280399329,0.909406453541006,0.970852224030365,0.994665791930831,1,0.996926927398599
0.243524755204089,0.274536263752023,0.306674979925967,0.337992821159893,0.36579485647543,0.388132488316416,0.420421990197223,0.440139135724683,0.448902010073476,0.44961993217041,0.445186324795388,0.517030715860079,0.569488443227941,0.594568608736701,0.606101906088985,0.611014990638595,0.62808205659627,0.647297497776308,0.655820896406184,0.658487809560303,0.65802969320484,0.668784438514134,0.705554691348148,0.724332140648929,0.733505345069834,0.737550355809297,0.738830256408413,0.874030713161132,0.949092977027391,0.983528624610447,0.996926927398599,1
