1,0.65866600490431,0.561308858820996,0.530801520645065,0.506252081541637,0.491700235077017,0.482119040232853,0.474794411786504,0.466882530967728,0.463803354651834,0.455288141748234,0.45873475401215,0.457343078750913,0.450426149166341,0.435617467126969,0.42535801342172,0.425857066977839,0.422177516121902,0.407006487755525,0.401632200583969,0.392499562213387,0.387303580616143,0.380021644293248,0.380239102906465,0.37225573307445,0.35919996933231,0.341504895100739,0.312061620911258,0.277851019511834,0.231873406679461,0.0299527801793257,-0.0726411724854177
0.65866600490431,1,0.912977503420804,0.875558435317184,0.853210944165481,0.833564279577089,0.824047214186964,0.815066927868791,0.806743563528894,0.795332640385485,0.788706008317376,0.784890477457351,0.775189532801101,0.768560107298857,0.755814086983199,0.745398594154058,0.74014720434927,0.73523374513233,0.728117022557211,0.722619272988391,0.717208036334066,0.712547337554218,0.708022925196783,0.705295402323802,0.694108376679491,0.68358440629618,0.658042338453378,0.61839431381345,0.576860954080353,0.512572348128301,0.21038234138327,0.152615981190757
0.561308858820996,0.912977503420804,1,0.958898701647083,0.932884643862581,0.91217020042155,0.901161379356448,0.892387344178751,0.883233077064255,0.872364811082094,0.865495113537791,0.85834184223518,0.850826686778927,0.844612233112762,0.834656769994386,0.826151601441724,0.820072288385313,0.817582905717219,0.811149321884153,0.807543262990094,0.803338927795882,0.795814038309092,0.789139116230518,0.783092607331728,0.769233973413187,0.759228557892008,0.732290690482492,0.690333738907014,0.643031433215244,0.57814521256376,0.236018442256204,0.184566260502267
0.530801520645065,0.875558435317184,0.958898701647083,1,0.972523472189581,0.951190843399005,0.938532115108265,0.929229524555095,0.91872041443743,0.907384628658034,0.899003810622614,0.892651091058617,0.886393017723703,0.879666931122553,0.87033325356024,0.863747377350296,0.858840867101106,0.857006450194116,0.850494554290833,0.847702264061175,0.843380897206486,0.833747538740945,0.828306130370482,0.821847356305377,0.809947412613229,0.797294717241983,0.774081891841608,0.733194676164757,0.6883179875162,0.617824046254526,0.263682132639308,0.196737345858316
0.506252081541637,0.853210944165481,0.932884643862581,0.972523472189581,1,0.982626313792078,0.968508969463654,0.958438714537927,0.946153260027354,0.935184460549568,0.924330178711494,0.916199411295399,0.909839292289427,0.902369861183804,0.892615469515325,0.884456230131927,0.878514404621606,0.87668398757827,0.869561897478659,0.867226368281452,0.86510516303227,0.85626723379839,0.850957550959788,0.844393149791898,0.831611695648365,0.81818211076418,0.796753279769829,0.758914555311563,0.714665669097871,0.646327664443207,0.293389343117823,0.213124505126593
0.491700235077017,0.833564279577089,0.91217020042155,0.951190843399005,0.982626313792078,1,0.986146494266589,0.976037411730853,0.962326585709339,0.949694941616991,0.938674668350256,0.929965768963298,0.922335885125708,0.915270443870249,0.906247545579803,0.897838873033994,0.891312548151989,0.887569388147876,0.880143083632035,0.877671065304168,0.875951399700183,0.869444326957488,0.864086802434283,0.857475423864014,0.846665287904907,0.833460245170487,0.816216327926184,0.78172212788659,0.737975895424347,0.66939589699263,0.307125501832672,0.226784504981792
0.482119040232853,0.824047214186964,0.901161379356448,0.938532115108265,0.968508969463654,0.986146494266589,1,0.990443138467444,0.97801791456023,0.964452767275473,0.953499523161456,0.943624232098773,0.935683185466918,0.92846671526217,0.918535134215755,0.910603542195418,0.903684779290862,0.900093458978728,0.89264322301663,0.889780912393296,0.887120667962621,0.882319038101859,0.876355836079311,0.869514811407876,0.859244413354702,0.846850143346762,0.8279320115036,0.794624006155283,0.751229877734368,0.683796188614811,0.322280461411318,0.242014468414613
0.474794411786504,0.815066927868791,0.892387344178751,0.929229524555095,0.958438714537927,0.976037411730853,0.990443138467444,1,0.989364863410033,0.97581079733672,0.964548840026366,0.954722010329456,0.946820430432313,0.939089617854671,0.929222742475279,0.921391261956343,0.914055344186937,0.90913594486434,0.902112847680208,0.899393093463717,0.896170879107711,0.891878999338997,0.88663458224526,0.87901079951401,0.868032367297746,0.856480715485538,0.837976062215207,0.805018373735489,0.762119643476928,0.698132030413015,0.334503182622067,0.247731963721447
0.466882530967728,0.806743563528894,0.883233077064255,0.91872041443743,0.946153260027354,0.962326585709339,0.97801791456023,0.989364863410033,1,0.988837018044441,0.977976757288738,0.967494701563805,0.957754898996374,0.948839475555074,0.939830521493565,0.930453230872511,0.922549311047626,0.917343267086502,0.91101395441012,0.907934475304276,0.904830590804335,0.900782897154577,0.895814765005143,0.8888700069676,0.878295188459643,0.866293235459017,0.846281282502504,0.814764778946613,0.77107165047041,0.708447524739076,0.345618636110168,0.251692842500356
0.463803354651834,0.795332640385485,0.872364811082094,0.907384628658034,0.935184460549568,0.949694941616991,0.964452767275473,0.97581079733672,0.988837018044441,1,0.991705538486753,0.981580805637062,0.971649596872462,0.962309091757115,0.952757021006112,0.943381069806112,0.935366403563867,0.930658898397232,0.925036817228259,0.921111373082177,0.917789568936116,0.914312606775822,0.910316786989149,0.904749094469592,0.894102847220647,0.881927811934622,0.861894831073735,0.830511316982216,0.786648418276735,0.725887413762688,0.361940153335195,0.25978745764984
0.455288141748234,0.788706008317376,0.865495113537791,0.899003810622614,0.924330178711494,0.938674668350256,0.953499523161456,0.964548840026366,0.977976757288738,0.991705538486753,1,0.99253744973393,0.981472080754825,0.971291643232456,0.96154031084816,0.951576746974103,0.942968883418093,0.93787038151794,0.931762184050073,0.9277653883359,0.923216384076528,0.919242396091553,0.914465013056121,0.908549575076725,0.898008939811397,0.88594148152027,0.867975351235235,0.836830352051706,0.791260117701547,0.731998239163172,0.371511015883762,0.264952328584302
0.45873475401215,0.784890477457351,0.85834184223518,0.892651091058617,0.916199411295399,0.929965768963298,0.943624232098773,0.954722010329456,0.967494701563805,0.981580805637062,0.99253744973393,1,0.992032543773808,0.981551851764507,0.97163005215941,0.961287572247583,0.952920435608951,0.947617020845297,0.940131760041593,0.935120398492363,0.930673032856468,0.926609249780204,0.92128412014735,0.915018362075684,0.904554806461571,0.891599921472602,0.873801109871243,0.843176191697467,0.795655965841498,0.73611200598422,0.370823912910222,0.265673448590975
0.457343078750913,0.775189532801101,0.850826686778927,0.886393017723703,0.909839292289427,0.922335885125708,0.935683185466918,0.946820430432313,0.957754898996374,0.971649596872462,0.981472080754825,0.992032543773808,1,0.991630754079181,0.98261295554956,0.972504019343194,0.964019784800214,0.958091978301522,0.949873215583183,0.943735190160924,0.938988586629083,0.934187376306282,0.928621136081625,0.921380549437302,0.911487938608865,0.898088677739295,0.880991201746913,0.853626978366789,0.807161714174682,0.746233496527268,0.375381200050528,0.279162980366999
0.450426149166341,0.768560107298857,0.844612233112762,0.879666931122553,0.902369861183804,0.915270443870249,0.92846671526217,0.939089617854671,0.948839475555074,0.962309091757115,0.971291643232456,0.981551851764507,0.991630754079181,1,0.993375776495445,0.983613840218543,0.974444384564523,0.96745896016438,0.958843244959801,0.951623524106776,0.945634834022274,0.940378519154413,0.935475522355838,0.92759235660631,0.918614064756897,0.906151397288188,0.889637756035469,0.861195097095761,0.816638887135335,0.752352614648492,0.383829145929273,0.289669630235446
0.435617467126969,0.755814086983199,0.834656769994386,0.87033325356024,0.892615469515325,0.906247545579803,0.918535134215755,0.929222742475279,0.939830521493565,0.952757021006112,0.96154031084816,0.97163005215941,0.98261295554956,0.993375776495445,1,0.993530809602034,0.984734376534971,0.977677537254896,0.968513324492724,0.960357673317891,0.953461430978121,0.947996029136943,0.942968476099689,0.93534872707387,0.926570564191921,0.915102867427143,0.899185926644622,0.87164977711635,0.829464318927856,0.764101736011178,0.396194925805706,0.299732472991007
0.42535801342172,0.745398594154058,0.826151601441724,0.863747377350296,0.884456230131927,0.897838873033994,0.910603542195418,0.921391261956343,0.930453230872511,0.943381069806112,0.951576746974103,0.961287572247583,0.972504019343194,0.983613840218543,0.993530809602034,1,0.994280891936191,0.987378707847301,0.978155550716188,0.969664323687849,0.962128948381927,0.956978871366566,0.951370962185934,0.943018278130686,0.933370215171647,0.921462213615275,0.905746880096923,0.878774398716927,0.83953922562474,0.773049676916724,0.410001424597369,0.315572296535156
0.425857066977839,0.74014720434927,0.820072288385313,0.858840867101106,0.878514404621606,0.891312548151989,0.903684779290862,0.914055344186937,0.922549311047626,0.935366403563867,0.942968883418093,0.952920435608951,0.964019784800214,0.974444384564523,0.984734376534971,0.994280891936191,1,0.994712111705598,0.985876145803539,0.977357912484153,0.96885306240719,0.963693324182475,0.957411060958758,0.949050266615083,0.939254767233009,0.927731474260515,0.911074962205692,0.88340065329932,0.845316866642184,0.777114487477458,0.411798938825406,0.31456533800084
0.422177516121902,0.73523374513233,0.817582905717219,0.857006450194116,0.87668398757827,0.887569388147876,0.900093458978728,0.90913594486434,0.917343267086502,0.930658898397232,0.93787038151794,0.947617020845297,0.958091978301522,0.96745896016438,0.977677537254896,0.987378707847301,0.994712111705598,1,0.993371183079283,0.985617325405407,0.977266690434926,0.971446981018611,0.964684484945501,0.956392116970676,0.945234983576976,0.935045787487079,0.917868945669012,0.890777132816576,0.852003367756605,0.785084797667274,0.420851285555731,0.321591571803812
0.407006487755525,0.728117022557211,0.811149321884153,0.850494554290833,0.869561897478659,0.880143083632035,0.89264322301663,0.902112847680208,0.91101395441012,0.925036817228259,0.931762184050073,0.940131760041593,0.949873215583183,0.958843244959801,0.968513324492724,0.978155550716188,0.985876145803539,0.993371183079283,1,0.994300961535709,0.985938677594631,0.980504550901171,0.973222407012386,0.964968267235345,0.95380493482848,0.944368854314117,0.925583651970094,0.899071460666415,0.861878371486851,0.797706762977589,0.42863283114715,0.335108697576621
0.401632200583969,0.722619272988391,0.807543262990094,0.847702264061175,0.867226368281452,0.877671065304168,0.889780912393296,0.899393093463717,0.907934475304276,0.921111373082177,0.9277653883359,0.935120398492363,0.943735190160924,0.951623524106776,0.960357673317891,0.969664323687849,0.977357912484153,0.985617325405407,0.994300961535709,1,0.993291258075414,0.987137274968089,0.979175916530618,0.971350747840577,0.959777129822434,0.95031199594247,0.932837179292787,0.905576669805883,0.867529583481004,0.803880811930058,0.436540100614219,0.339544104326467
0.392499562213387,0.717208036334066,0.803338927795882,0.843380897206486,0.86510516303227,0.875951399700183,0.887120667962621,0.896170879107711,0.904830590804335,0.917789568936116,0.923216384076528,0.930673032856468,0.938988586629083,0.945634834022274,0.953461430978121,0.962128948381927,0.96885306240719,0.977266690434926,0.985938677594631,0.993291258075414,1,0.994488646146627,0.986988675104284,0.97883447598848,0.966454470186593,0.955849140036005,0.937625818113341,0.909401461973332,0.870211149175982,0.80511956781285,0.442904244911279,0.346560900700296
0.387303580616143,0.712547337554218,0.795814038309092,0.833747538740945,0.85626723379839,0.869444326957488,0.882319038101859,0.891878999338997,0.900782897154577,0.914312606775822,0.919242396091553,0.926609249780204,0.934187376306282,0.940378519154413,0.947996029136943,0.956978871366566,0.963693324182475,0.971446981018611,0.980504550901171,0.987137274968089,0.994488646146627,1,0.993013038867207,0.984631674277018,0.973461108554635,0.962280357487669,0.944253143149649,0.916172657952085,0.877739107987131,0.812493621471866,0.44972157176876,0.35539775414221
0.380021644293248,0.708022925196783,0.789139116230518,0.828306130370482,0.850957550959788,0.864086802434283,0.876355836079311,0.88663458224526,0.895814765005143,0.910316786989149,0.914465013056121,0.92128412014735,0.928621136081625,0.935475522355838,0.942968476099689,0.951370962185934,0.957411060958758,0.964684484945501,0.973222407012386,0.979175916530618,0.986988675104284,0.993013038867207,1,0.992664325733168,0.98149876225716,0.970413714545807,0.953677265467264,0.927546770445238,0.889344229351333,0.822608617776186,0.459644167373179,0.364052756946885
0.380239102906465,0.705295402323802,0.783092607331728,0.821847356305377,0.844393149791898,0.857475423864014,0.869514811407876,0.87901079951401,0.8888700069676,0.904749094469592,0.908549575076725,0.915018362075684,0.921380549437302,0.92759235660631,0.93534872707387,0.943018278130686,0.949050266615083,0.956392116970676,0.964968267235345,0.971350747840577,0.97883447598848,0.984631674277018,0.992664325733168,1,0.990177098743648,0.977878719073598,0.959385519768496,0.932070621980829,0.893497117576165,0.828994376893812,0.478198461519375,0.375886951371391
0.37225573307445,0.694108376679491,0.769233973413187,0.809947412613229,0.831611695648365,0.846665287904907,0.859244413354702,0.868032367297746,0.878295188459643,0.894102847220647,0.898008939811397,0.904554806461571,0.911487938608865,0.918614064756897,0.926570564191921,0.933370215171647,0.939254767233009,0.945234983576976,0.95380493482848,0.959777129822434,0.966454470186593,0.973461108554635,0.98149876225716,0.990177098743648,1,0.988843946991363,0.969736835523804,0.942841491068795,0.905278543488289,0.842130261736538,0.488260333971256,0.391470310368491
0.35919996933231,0.68358440629618,0.759228557892008,0.797294717241983,0.81818211076418,0.833460245170487,0.846850143346762,0.856480715485538,0.866293235459017,0.881927811934622,0.88594148152027,0.891599921472602,0.898088677739295,0.906151397288188,0.915102867427143,0.921462213615275,0.927731474260515,0.935045787487079,0.944368854314117,0.95031199594247,0.955849140036005,0.962280357487669,0.970413714545807,0.977878719073598,0.988843946991363,1,0.982537071049302,0.95619628172562,0.918106179765975,0.860260277046597,0.513247470315095,0.420301969146604
0.341504895100739,0.658042338453378,0.732290690482492,0.774081891841608,0.796753279769829,0.816216327926184,0.8279320115036,0.837976062215207,0.846281282502504,0.861894831073735,0.867975351235235,0.873801109871243,0.880991201746913,0.889637756035469,0.899185926644622,0.905746880096923,0.911074962205692,0.917868945669012,0.925583651970094,0.932837179292787,0.937625818113341,0.944253143149649,0.953677265467264,0.959385519768496,0.969736835523804,0.982537071049302,1,0.978509613306278,0.943169285161353,0.887810414542799,0.542357241512421,0.434266042585657
0.312061620911258,0.61839431381345,0.690333738907014,0.733194676164757,0.758914555311563,0.78172212788659,0.794624006155283,0.805018373735489,0.814764778946613,0.830511316982216,0.836830352051706,0.843176191697467,0.853626978366789,0.861195097095761,0.87164977711635,0.878774398716927,0.88340065329932,0.890777132816576,0.899071460666415,0.905576669805883,0.909401461973332,0.916172657952085,0.927546770445238,0.932070621980829,0.942841491068795,0.95619628172562,0.978509613306278,1,0.970944364857493,0.914012345642823,0.575437351654315,0.476474778539125
0.277851019511834,0.576860954080353,0.643031433215244,0.6883179875162,0.714665669097871,0.737975895424347,0.751229877734368,0.762119643476928,0.77107165047041,0.786648418276735,0.791260117701547,0.795655965841498,0.807161714174682,0.816638887135335,0.829464318927856,0.83953922562474,0.845316866642184,0.852003367756605,0.861878371486851,0.867529583481004,0.870211149175982,0.877739107987131,0.889344229351333,0.893497117576165,0.905278543488289,0.918106179765975,0.943169285161353,0.970944364857493,1,0.942182716820202,0.627948643922625,0.516065341131994
0.231873406679461,0.512572348128301,0.57814521256376,0.617824046254526,0.646327664443207,0.66939589699263,0.683796188614811,0.698132030413015,0.708447524739076,0.725887413762688,0.731998239163172,0.73611200598422,0.746233496527268,0.752352614648492,0.764101736011178,0.773049676916724,0.777114487477458,0.785084797667274,0.797706762977589,0.803880811930058,0.80511956781285,0.812493621471866,0.822608617776186,0.828994376893812,0.842130261736538,0.860260277046597,0.887810414542799,0.914012345642823,0.942182716820202,1,0.712356355848329,0.552007620072658
0.0299527801793257,0.21038234138327,0.236018442256204,0.263682132639308,0.293389343117823,0.307125501832672,0.322280461411318,0.334503182622067,0.345618636110168,0.361940153335195,0.371511015883762,0.370823912910222,0.375381200050528,0.383829145929273,0.396194925805706,0.410001424597369,0.411798938825406,0.420851285555731,0.42863283114715,0.436540100614219,0.442904244911279,0.44972157176876,0.459644167373179,0.478198461519375,0.488260333971256,0.513247470315095,0.542357241512421,0.575437351654315,0.627948643922625,0.712356355848329,1,0.710463739137762
-0.0726411724854177,0.152615981190757,0.184566260502267,0.196737345858316,0.213124505126593,0.226784504981792,0.242014468414613,0.247731963721447,0.251692842500356,0.25978745764984,0.264952328584302,0.265673448590975,0.279162980366999,0.289669630235446,0.299732472991007,0.315572296535156,0.31456533800084,0.321591571803812,0.335108697576621,0.339544104326467,0.346560900700296,0.35539775414221,0.364052756946885,0.375886951371391,0.391470310368491,0.420301969146604,0.434266042585657,0.476474778539125,0.516065341131994,0.552007620072658,0.710463739137762,1
