1,0.982069626087994,0.90244569118173,0.75827581981686,0.735587806006512,0.680622293522707,0.585877124972213,0.5738950606036,0.551975083251593,0.518528311691776,0.502321229101239,0.478426557587091,0.442725130351265,0.421573497032244,0.404059826449314,0.380343402270242,0.365244867890192,0.356438612353233,0.342267219342195,0.327536511449838,0.312055060703236,0.292631209584975,0.268273980036258,0.220902136119194,0.181011568884599,0.151719309578367,0.154663187365765,0.153026749360562,0.149891118916223,0.148682776246002,0.138370302690543,0.129772285933982
0.982069626087994,1,0.967478986315289,0.867506419608432,0.844969322010318,0.786057828119036,0.681745264724411,0.670031451192905,0.646830193104307,0.610208728293229,0.59228336518283,0.564958663305041,0.523665506670178,0.500603882706975,0.482292709438674,0.456427675725835,0.439633406775885,0.429247087624317,0.412379453662957,0.395395107218049,0.378441773926971,0.3564110206568,0.329324999873999,0.278099119135395,0.23336661980045,0.199968502118967,0.200765299599592,0.196462212165916,0.190835995646181,0.187788189787844,0.173940192999888,0.162648205569749
0.90244569118173,0.967478986315289,1,0.964987137800461,0.943927680044597,0.88305472308188,0.771806747769019,0.761115633525612,0.737507892781446,0.698698704197512,0.679481989965836,0.649100948521509,0.602641248070533,0.578321647410975,0.559976438023657,0.532691868490425,0.514572503245481,0.502653733343522,0.483122689514091,0.464075414059711,0.446106345600233,0.421824183785344,0.392609231135483,0.339110407343878,0.290412028083834,0.253394387063788,0.251265181618882,0.24362749122936,0.234977773212035,0.229634247080252,0.211825853738524,0.197558034132639
0.75827581981686,0.867506419608432,0.964987137800461,1,0.985721786005333,0.931405240136745,0.825126219134586,0.816184720664262,0.793450895793421,0.754456258614806,0.734963019300675,0.703047502921247,0.653687897886385,0.629355130074992,0.611943559790881,0.584610417393868,0.566073496186306,0.553206067995412,0.531937638006745,0.511734481771469,0.493614824170121,0.468222975843816,0.438299289663342,0.385254167591044,0.33497356598274,0.296112481261368,0.290646398758341,0.279648219439914,0.26809792559346,0.260858491571791,0.240031917092117,0.223510488595614
0.735587806006512,0.844969322010318,0.943927680044597,0.985721786005333,1,0.979394841399911,0.90847214117655,0.899504987676155,0.874882321168044,0.832345632825518,0.811314159739902,0.776571685363805,0.722545807617304,0.695896870328598,0.676757568567682,0.646639111399502,0.626311207460917,0.612307028515493,0.58898230502619,0.566691040265789,0.546476185240681,0.518235531516364,0.485105459390645,0.426775444514795,0.371357641396646,0.328454451100187,0.319549113189614,0.305371242263689,0.291182748254612,0.284786695264733,0.263126177780451,0.245654917632451
0.680622293522707,0.786057828119036,0.88305472308188,0.931405240136745,0.979394841399911,1,0.974159014542138,0.965499423428003,0.93954032994148,0.894360282309993,0.872277399029896,0.83545515893231,0.777871038725696,0.749449596143279,0.728960211749327,0.696637469904675,0.674928467037583,0.660089268686863,0.635178307558835,0.611223654128462,0.589258564745588,0.558666626814792,0.522940873083899,0.460473049051177,0.400984696902775,0.354852218525652,0.342157894865447,0.32470128850743,0.307883915758375,0.302740724462643,0.280897245457065,0.262945967293376
0.585877124972213,0.681745264724411,0.771806747769019,0.825126219134586,0.90847214117655,0.974159014542138,1,0.992107710450901,0.965922999828613,0.91999530708518,0.897816074783343,0.860467928755136,0.801719350815605,0.772704960712976,0.75170729749524,0.71849942939158,0.696307081181529,0.681259430977475,0.655792229709945,0.631148302000198,0.608299550595457,0.576573473113282,0.539691218500471,0.475649500182201,0.414516823535647,0.367027966012457,0.350716665067407,0.330446544338578,0.311511198064584,0.308020616144409,0.287040344847832,0.26942977866884
0.5738950606036,0.670031451192905,0.761115633525612,0.816184720664262,0.899504987676155,0.965499423428003,0.992107710450901,1,0.990752312711251,0.961873569421735,0.943346286900048,0.905804536181214,0.845682607454116,0.815676495481798,0.793522221845876,0.758477870025551,0.734911200294174,0.718753920374428,0.691629693661717,0.666081344752396,0.643586546986826,0.611426283716628,0.57374942628029,0.507628289835325,0.443837654989925,0.394108125023667,0.378543079451091,0.358134574374474,0.338746503076904,0.33562242426142,0.313089169036158,0.294072381917435
0.551975083251593,0.646830193104307,0.737507892781446,0.793450895793421,0.874882321168044,0.93954032994148,0.965922999828613,0.990752312711251,1,0.990086994621839,0.975837309332338,0.938748463212403,0.878204712388178,0.847656698183705,0.824643801444413,0.788234689679658,0.763598177401457,0.746524834603285,0.718087830932149,0.692015221507235,0.670306943491061,0.638252057413028,0.600387210011417,0.533189647475475,0.467656482690643,0.416386899154267,0.40194304229726,0.381773777065159,0.362258937831809,0.359567262169382,0.335737333236988,0.315527201542687
0.518528311691776,0.610208728293229,0.698698704197512,0.754456258614806,0.832345632825518,0.894360282309993,0.91999530708518,0.961873569421735,0.990086994621839,1,0.990456042822308,0.954558744251829,0.89475808797585,0.864244368282139,0.840791075612445,0.803678666324706,0.778414746888295,0.760725809979334,0.731483975946593,0.705376715662521,0.684905629699124,0.653584448082352,0.61626283173135,0.54926039045805,0.483200380878356,0.431335611119829,0.418333832733772,0.398805240248597,0.379539439752926,0.377347826684149,0.352639963722925,0.331588326394159
0.502321229101239,0.59228336518283,0.679481989965836,0.734963019300675,0.811314159739902,0.872277399029896,0.897816074783343,0.943346286900048,0.975837309332338,0.990456042822308,1,0.986326170082928,0.94726457506825,0.923480157698925,0.899538758308801,0.860917238339127,0.834636263192612,0.816149576812032,0.785222818544011,0.757519554362289,0.735656401594196,0.702118869539469,0.662764880342513,0.593753180121568,0.524571626052909,0.469938295006466,0.456290480702485,0.435374435672534,0.414635115553455,0.415660922612264,0.390570730740896,0.368499014305123
0.478426557587091,0.564958663305041,0.649100948521509,0.703047502921247,0.776571685363805,0.83545515893231,0.860467928755136,0.905804536181214,0.938748463212403,0.954558744251829,0.986326170082928,1,0.987124018039254,0.972127888844959,0.948214392067338,0.908749788130856,0.881939230057546,0.863016365697148,0.830881148458281,0.801841288941649,0.778488576776422,0.742817002754307,0.701725373594575,0.631739289983011,0.560376049010527,0.503685582928906,0.489237758299498,0.46694503050855,0.444803592208955,0.449651352412921,0.424838662531813,0.402186019974174
0.442725130351265,0.523665506670178,0.602641248070533,0.653687897886385,0.722545807617304,0.777871038725696,0.801719350815605,0.845682607454116,0.878204712388178,0.89475808797585,0.94726457506825,0.987124018039254,1,0.993925738525243,0.970664603047816,0.931413619852981,0.904790088645827,0.885938664403398,0.853470795894291,0.823892982197693,0.799705146654927,0.76289503412472,0.721191328365498,0.65208949075232,0.580474717847216,0.523269950433181,0.508423425386907,0.485377414263913,0.462454049617658,0.470884572210962,0.446990012032167,0.424365844218944
0.421573497032244,0.500603882706975,0.578321647410975,0.629355130074992,0.695896870328598,0.749449596143279,0.772704960712976,0.815676495481798,0.847656698183705,0.864244368282139,0.923480157698925,0.972127888844959,0.993925738525243,1,0.990235761383127,0.963350719264736,0.942335040792812,0.922900079993092,0.889261801160197,0.85853647948097,0.833274142697369,0.794869312733706,0.751736501793823,0.681327398469663,0.607669881166979,0.548649335805261,0.533218674306069,0.50914952470845,0.485180186681977,0.494417026755473,0.469562631163989,0.445930938843742
0.404059826449314,0.482292709438674,0.559976438023657,0.611943559790881,0.676757568567682,0.728960211749327,0.75170729749524,0.793522221845876,0.824643801444413,0.840791075612445,0.899538758308801,0.948214392067338,0.970664603047816,0.990235761383127,1,0.991338436460643,0.978617447037305,0.958455810783906,0.923541613590777,0.891647176356285,0.865418305479474,0.825538662187977,0.780962783018927,0.708805106444589,0.63288863641047,0.571944552605155,0.555976290675001,0.530967025382993,0.506036915505071,0.514676297247116,0.488187412623599,0.463263660460604
0.380343402270242,0.456427675725835,0.532691868490425,0.584610417393868,0.646639111399502,0.696637469904675,0.71849942939158,0.758477870025551,0.788234689679658,0.803678666324706,0.860917238339127,0.908749788130856,0.931413619852981,0.963350719264736,0.991338436460643,1,0.995320680439244,0.97483453663239,0.939341875603129,0.90691565954863,0.880244672978592,0.839687871290587,0.79454861805639,0.722032374350793,0.645343640140298,0.583675873276829,0.56748633652395,0.542038061674447,0.516648068218385,0.52457027790258,0.497014637985965,0.471318780675501
0.365244867890192,0.439633406775885,0.514572503245481,0.566073496186306,0.626311207460917,0.674928467037583,0.696307081181529,0.734911200294174,0.763598177401457,0.778414746888295,0.834636263192612,0.881939230057546,0.904790088645827,0.942335040792812,0.978617447037305,0.995320680439244,1,0.989976876073111,0.963715682534055,0.936915925017801,0.910442223128831,0.869425420118475,0.823374239654942,0.748316109267084,0.668899563614911,0.605028870186906,0.588336784003729,0.562019973367607,0.535744578996721,0.543210939567221,0.514210601209163,0.487357023293856
0.356438612353233,0.429247087624317,0.502653733343522,0.553206067995412,0.612307028515493,0.660089268686863,0.681259430977475,0.718753920374428,0.746524834603285,0.760725809979334,0.816149576812032,0.863016365697148,0.885938664403398,0.922900079993092,0.958455810783906,0.97483453663239,0.989976876073111,1,0.991754764949354,0.976137908493763,0.950534719028777,0.909416774072948,0.862331596829334,0.78310103525365,0.699547101052057,0.632423068643987,0.61504723430128,0.587589001865865,0.560158810278878,0.567374479132891,0.536716130931411,0.508474656269772
0.342267219342195,0.412379453662957,0.483122689514091,0.531937638006745,0.58898230502619,0.635178307558835,0.655792229709945,0.691629693661717,0.718087830932149,0.731483975946593,0.785222818544011,0.830881148458281,0.853470795894291,0.889261801160197,0.923541613590777,0.939341875603129,0.963715682534055,0.991754764949354,1,0.994801191872533,0.970431858751248,0.929935128535636,0.882728175576777,0.801085459622832,0.715226136155317,0.646313995641263,0.628619034172173,0.600601216168893,0.572598816065856,0.579461889285792,0.547830699176541,0.518819571607364
0.327536511449838,0.395395107218049,0.464075414059711,0.511734481771469,0.566691040265789,0.611223654128462,0.631148302000198,0.666081344752396,0.692015221507235,0.705376715662521,0.757519554362289,0.801841288941649,0.823892982197693,0.85853647948097,0.891647176356285,0.90691565954863,0.936915925017801,0.976137908493763,0.994801191872533,1,0.986530354556366,0.954827057216482,0.914194666532294,0.834620580507384,0.748745608509084,0.679232157605581,0.660114609464323,0.630306882136924,0.600625743489106,0.608195493608861,0.575249876599339,0.544933686915899
0.312055060703236,0.378441773926971,0.446106345600233,0.493614824170121,0.546476185240681,0.589258564745588,0.608299550595457,0.643586546986826,0.670306943491061,0.684905629699124,0.735656401594196,0.778488576776422,0.799705146654927,0.833274142697369,0.865418305479474,0.880244672978592,0.910442223128831,0.950534719028777,0.970431858751248,0.986530354556366,1,0.990575139515306,0.967495729806126,0.897077946502899,0.814633213921698,0.746207159195529,0.723771139034051,0.690026474118143,0.656724378546011,0.666758604151919,0.631794795733605,0.599165943266343
0.292631209584975,0.3564110206568,0.421824183785344,0.468222975843816,0.518235531516364,0.558666626814792,0.576573473113282,0.611426283716628,0.638252057413028,0.653584448082352,0.702118869539469,0.742817002754307,0.76289503412472,0.794869312733706,0.825538662187977,0.839687871290587,0.869425420118475,0.909416774072948,0.929935128535636,0.954827057216482,0.990575139515306,1,0.992096202191337,0.930803239337114,0.852937673963387,0.786838797679369,0.762088597526913,0.725746016257449,0.690101424371705,0.701991506498337,0.66606166235806,0.632171860152978
0.268273980036258,0.329324999873999,0.392609231135483,0.438299289663342,0.485105459390645,0.522940873083899,0.539691218500471,0.57374942628029,0.600387210011417,0.61626283173135,0.662764880342513,0.701725373594575,0.721191328365498,0.751736501793823,0.780962783018927,0.79454861805639,0.823374239654942,0.862331596829334,0.882728175576777,0.914194666532294,0.967495729806126,0.992096202191337,1,0.962067456620603,0.898166714023931,0.8404612315241,0.814526751648726,0.776057185823321,0.73822679676361,0.74676997313903,0.705956972717511,0.668543745693312
0.220902136119194,0.278099119135395,0.339110407343878,0.385254167591044,0.426775444514795,0.460473049051177,0.475649500182201,0.507628289835325,0.533189647475475,0.54926039045805,0.593753180121568,0.631739289983011,0.65208949075232,0.681327398469663,0.708805106444589,0.722032374350793,0.748316109267084,0.78310103525365,0.801085459622832,0.834620580507384,0.897077946502899,0.930803239337114,0.962067456620603,1,0.984039993059435,0.956407911976308,0.932308989512372,0.892300502402214,0.851873182981011,0.839684981666388,0.779904662262291,0.730537811202721
0.181011568884599,0.23336661980045,0.290412028083834,0.33497356598274,0.371357641396646,0.400984696902775,0.414516823535647,0.443837654989925,0.467656482690643,0.483200380878356,0.524571626052909,0.560376049010527,0.580474717847216,0.607669881166979,0.63288863641047,0.645343640140298,0.668899563614911,0.699547101052057,0.715226136155317,0.748745608509084,0.814633213921698,0.852937673963387,0.898166714023931,0.984039993059435,1,0.993108650043591,0.971187893153581,0.931804049937419,0.891328312069611,0.866113699961939,0.796394726918673,0.741240207129304
0.151719309578367,0.199968502118967,0.253394387063788,0.296112481261368,0.328454451100187,0.354852218525652,0.367027966012457,0.394108125023667,0.416386899154267,0.431335611119829,0.469938295006466,0.503685582928906,0.523269950433181,0.548649335805261,0.571944552605155,0.583675873276829,0.605028870186906,0.632423068643987,0.646313995641263,0.679232157605581,0.746207159195529,0.786838797679369,0.8404612315241,0.956407911976308,0.993108650043591,1,0.980359442843098,0.942395411960768,0.902816910184926,0.869288711506934,0.794054746753123,0.735934305914619
0.154663187365765,0.200765299599592,0.251265181618882,0.290646398758341,0.319549113189614,0.342157894865447,0.350716665067407,0.378543079451091,0.40194304229726,0.418333832733772,0.456290480702485,0.489237758299498,0.508423425386907,0.533218674306069,0.555976290675001,0.56748633652395,0.588336784003729,0.61504723430128,0.628619034172173,0.660114609464323,0.723771139034051,0.762088597526913,0.814526751648726,0.932308989512372,0.971187893153581,0.980359442843098,1,0.989856208925703,0.969894243911823,0.921385225501053,0.831700613566395,0.764872723933728
0.153026749360562,0.196462212165916,0.24362749122936,0.279648219439914,0.305371242263689,0.32470128850743,0.330446544338578,0.358134574374474,0.381773777065159,0.398805240248597,0.435374435672534,0.46694503050855,0.485377414263913,0.50914952470845,0.530967025382993,0.542038061674447,0.562019973367607,0.587589001865865,0.600601216168893,0.630306882136924,0.690026474118143,0.725746016257449,0.776057185823321,0.892300502402214,0.931804049937419,0.942395411960768,0.989856208925703,1,0.994654335313728,0.936531827047971,0.83861590820566,0.767138754823545
0.149891118916223,0.190835995646181,0.234977773212035,0.26809792559346,0.291182748254612,0.307883915758375,0.311511198064584,0.338746503076904,0.362258937831809,0.379539439752926,0.414635115553455,0.444803592208955,0.462454049617658,0.485180186681977,0.506036915505071,0.516648068218385,0.535744578996721,0.560158810278878,0.572598816065856,0.600625743489106,0.656724378546011,0.690101424371705,0.73822679676361,0.851873182981011,0.891328312069611,0.902816910184926,0.969894243911823,0.994654335313728,1,0.935629486989655,0.832976259608224,0.759029022499783
0.148682776246002,0.187788189787844,0.229634247080252,0.260858491571791,0.284786695264733,0.302740724462643,0.308020616144409,0.33562242426142,0.359567262169382,0.377347826684149,0.415660922612264,0.449651352412921,0.470884572210962,0.494417026755473,0.514676297247116,0.52457027790258,0.543210939567221,0.567374479132891,0.579461889285792,0.608195493608861,0.666758604151919,0.701991506498337,0.74676997313903,0.839684981666388,0.866113699961939,0.869288711506934,0.921385225501053,0.936531827047971,0.935629486989655,1,0.974644463705752,0.93993956951444
0.138370302690543,0.173940192999888,0.211825853738524,0.240031917092117,0.263126177780451,0.280897245457065,0.287040344847832,0.313089169036158,0.335737333236988,0.352639963722925,0.390570730740896,0.424838662531813,0.446990012032167,0.469562631163989,0.488187412623599,0.497014637985965,0.514210601209163,0.536716130931411,0.547830699176541,0.575249876599339,0.631794795733605,0.66606166235806,0.705956972717511,0.779904662262291,0.796394726918673,0.794054746753123,0.831700613566395,0.83861590820566,0.832976259608224,0.974644463705752,1,0.992485055137264
0.129772285933982,0.162648205569749,0.197558034132639,0.223510488595614,0.245654917632451,0.262945967293376,0.26942977866884,0.294072381917435,0.315527201542687,0.331588326394159,0.368499014305123,0.402186019974174,0.424365844218944,0.445930938843742,0.463263660460604,0.471318780675501,0.487357023293856,0.508474656269772,0.518819571607364,0.544933686915899,0.599165943266343,0.632171860152978,0.668543745693312,0.730537811202721,0.741240207129304,0.735934305914619,0.764872723933728,0.767138754823545,0.759029022499783,0.93993956951444,0.992485055137264,1
