1,0.968965457633451,0.83454620342429,0.795738848583263,0.745800350553257,0.699954965373311,0.687204101576367,0.648366372754477,0.632510708327576,0.601268133009332,0.575547004722383,0.552831959165284,0.524921749860213,0.509289579225835,0.485893176764981,0.468203767738812,0.448004862108829,0.425898231443676,0.4007901509447,0.371513522264693,0.343424932815754,0.308606471615885,0.288568406824358,0.280331657385921,0.267358428121258,0.2684951560697,0.253977411594583,0.219307205037114,0.170042408642496,0.144680162883893,0.160492810977017,0.156760418192516
0.968965457633451,1,0.944836192148769,0.915938390898015,0.862008968373285,0.809763103948297,0.791101035249119,0.742189274977333,0.726421675964609,0.693095737836698,0.665639875588179,0.641229633507931,0.610500672716125,0.59269277481001,0.565821223779572,0.544935480678582,0.52091772197416,0.494563902711428,0.464485745318661,0.429815363497332,0.404000195193622,0.369563926610298,0.346793285745542,0.332673852137285,0.313901978460056,0.311360544439165,0.291982632333075,0.255025756988463,0.202582423040097,0.173733685022029,0.181771452019825,0.172701855741449
0.83454620342429,0.944836192148769,1,0.987015133559156,0.932990229687183,0.877294040326697,0.852596315034282,0.795045623212785,0.780912906902748,0.748035251577248,0.720924413187785,0.696618333973739,0.665113189657849,0.646137024391484,0.617248128512745,0.594138131919626,0.567372829162046,0.537928835901861,0.504161253396525,0.465682226354951,0.445365047107645,0.414750914115775,0.390552003273251,0.369997313560955,0.345349502368651,0.338179083482976,0.314227099973539,0.277798727212979,0.226193262997871,0.195502524037759,0.192464390490249,0.177196091640713
0.795738848583263,0.915938390898015,0.987015133559156,1,0.97798992638434,0.940576511101769,0.913059907453484,0.850315898389124,0.836727557299884,0.803126509597986,0.775599479955867,0.750952299193934,0.718725715156531,0.701213438983575,0.67271957143401,0.650007073029306,0.622974082629564,0.593384007427844,0.559814834644282,0.520057213048373,0.499121690257801,0.466076254466848,0.440489539651122,0.419368455894563,0.393122987003707,0.384011045193836,0.356148349233114,0.318435703984262,0.264122481570454,0.230558856571139,0.222185996723143,0.20217309292853
0.745800350553257,0.862008968373285,0.932990229687183,0.97798992638434,1,0.989001474095943,0.959483467205601,0.892931798025837,0.880154106990055,0.84639525321497,0.818982165120839,0.794516461843087,0.762317094168966,0.747469908041497,0.72063912027844,0.699474675543826,0.673297656642655,0.644858568919928,0.613121825610999,0.57338159028736,0.551185670448385,0.51504727823105,0.488522491276889,0.468353942922949,0.441700229885467,0.431029766153103,0.399432671629808,0.360897855995858,0.304223159418085,0.267996303332498,0.254598735849215,0.229800654923902
0.699954965373311,0.809763103948297,0.877294040326697,0.940576511101769,0.989001474095943,1,0.983378819885744,0.929703011504928,0.917679028791747,0.88383950475879,0.856993444084615,0.833434170122248,0.801768627826196,0.788638316350961,0.762680209751149,0.742680536402973,0.717209246605667,0.689174649181959,0.657342654427435,0.616395222586445,0.593428295059168,0.555146205150242,0.527539443956308,0.507159078738286,0.479430973142093,0.466509940132181,0.431384467725694,0.392255086944886,0.334145149612761,0.296116909191622,0.279045901284723,0.250695732403566
0.687204101576367,0.791101035249119,0.852596315034282,0.913059907453484,0.959483467205601,0.983378819885744,1,0.981121376045219,0.969307022906914,0.93449084274109,0.908012653774705,0.885627301066935,0.854235713668908,0.840779200438544,0.813607404626611,0.793443461829606,0.76759281494687,0.737938749318897,0.7021541135173,0.657067135497941,0.633470448534787,0.593589577281074,0.563985835551033,0.54104829811906,0.510538460008079,0.494215921276385,0.455255636384661,0.414767513845981,0.355044226902113,0.315592252348677,0.296832553539915,0.266380711969841
0.648366372754477,0.742189274977333,0.795045623212785,0.850315898389124,0.892931798025837,0.929703011504928,0.981121376045219,1,0.989183360052253,0.954950656924582,0.929976824172278,0.909650890191552,0.87967775279041,0.866344068321484,0.838839416228383,0.819231808043277,0.793917757568304,0.763601167354762,0.724860515638797,0.6769551421092,0.653544212795632,0.613397586239265,0.582716430436648,0.557847063876198,0.525442138609307,0.506108142278379,0.464472210981392,0.423986074858227,0.364670851836538,0.325111234257026,0.305244384141061,0.273647256995225
0.632510708327576,0.726421675964609,0.780912906902748,0.836727557299884,0.880154106990055,0.917679028791747,0.969307022906914,0.989183360052253,1,0.988152007116845,0.972538471062682,0.951882951662165,0.920929816340595,0.906372488590585,0.877033588405062,0.857268891107988,0.831946142408028,0.800555185417133,0.758727096995214,0.707617454630328,0.684061430041901,0.643002997065227,0.610553212354708,0.582954380070806,0.547839723754752,0.529555434874114,0.4873017954885,0.445278127879427,0.38299622655796,0.341728554305076,0.322390227241083,0.289824944065984
0.601268133009332,0.693095737836698,0.748035251577248,0.803126509597986,0.84639525321497,0.88383950475879,0.93449084274109,0.954950656924582,0.988152007116845,1,0.994542005934517,0.9740201336884,0.942758658195557,0.927258240514021,0.89667978826364,0.877208587608472,0.852463355359339,0.820675460804911,0.776585906815606,0.723307568446015,0.700145418368914,0.659084090836213,0.625535478193808,0.595720101976272,0.558583659303987,0.541821265118442,0.49990013919485,0.457241230065143,0.39329804040673,0.351199192084079,0.332861852696209,0.300037966159687
0.575547004722383,0.665639875588179,0.720924413187785,0.775599479955867,0.818982165120839,0.856993444084615,0.908012653774705,0.929976824172278,0.972538471062682,0.994542005934517,1,0.990625866262601,0.968379405421829,0.953174694641742,0.92241755825058,0.903316146814851,0.878809326716393,0.847177585390168,0.803135953808905,0.749212309698552,0.724923450216839,0.681991224748512,0.646937096254717,0.61581307111039,0.577188586711599,0.559735666225742,0.516339941149174,0.472295610808808,0.406305268745953,0.363101059276856,0.345565396477021,0.312225359090785
0.552831959165284,0.641229633507931,0.696618333973739,0.750952299193934,0.794516461843087,0.833434170122248,0.885627301066935,0.909650890191552,0.951882951662165,0.9740201336884,0.990625866262601,1,0.993254608203855,0.979266840185079,0.949182245476009,0.930549606416201,0.906102097388289,0.875108002753177,0.832890110162026,0.779581888260207,0.753178755605515,0.707212991483802,0.670503360447321,0.638844254713919,0.599263987979097,0.579606877077487,0.53360801450399,0.487805005528549,0.419735343822403,0.375382915123094,0.358534621094812,0.324603340433848
0.524921749860213,0.610500672716125,0.665113189657849,0.718725715156531,0.762317094168966,0.801768627826196,0.854235713668908,0.87967775279041,0.920929816340595,0.942758658195557,0.968379405421829,0.993254608203855,1,0.990219078885513,0.96384425277311,0.946707460812398,0.922725976527422,0.892781045879311,0.852789819489989,0.800654703934594,0.772616851146241,0.724316475395502,0.686445118634381,0.654601434837238,0.614508303311486,0.593329256705877,0.545531473812536,0.498574009471831,0.429134556113245,0.38417147960802,0.368632967976766,0.334621283545209
0.509289579225835,0.59269277481001,0.646137024391484,0.701213438983575,0.747469908041497,0.788638316350961,0.840779200438544,0.866344068321484,0.906372488590585,0.927258240514021,0.953174694641742,0.979266840185079,0.990219078885513,1,0.991594667646352,0.980139720530413,0.956911154569409,0.927891840856178,0.889236039006994,0.837175265926355,0.807722454412305,0.75682141591655,0.717333999515342,0.684630324086818,0.643164857834043,0.622309916849373,0.573079403507625,0.524379578532478,0.451745910994031,0.405422876485429,0.393347831817813,0.359265869294074
0.485893176764981,0.565821223779572,0.617248128512745,0.67271957143401,0.72063912027844,0.762680209751149,0.813607404626611,0.838839416228383,0.877033588405062,0.89667978826364,0.92241755825058,0.949182245476009,0.96384425277311,0.991594667646352,1,0.994014219421493,0.971889794298428,0.944235967699488,0.90749408559166,0.856412043302921,0.826161792032203,0.773738585942838,0.733442601626427,0.700512938589021,0.658499487052541,0.638309552622996,0.588610745220541,0.539146220580536,0.464819752710562,0.418045098953797,0.409392873410355,0.375841340200258
0.468203767738812,0.544935480678582,0.594138131919626,0.650007073029306,0.699474675543826,0.742680536402973,0.793443461829606,0.819231808043277,0.857268891107988,0.877208587608472,0.903316146814851,0.930549606416201,0.946707460812398,0.980139720530413,0.994014219421493,1,0.991397879859563,0.973155552517366,0.937904218021467,0.887168779656002,0.858052988389176,0.805410657415264,0.764398305669225,0.730214632810186,0.686530323057925,0.663981109916099,0.611249718721974,0.559301125698852,0.481908751081272,0.433701437552089,0.427323882301836,0.393604549003827
0.448004862108829,0.52091772197416,0.567372829162046,0.622974082629564,0.673297656642655,0.717209246605667,0.76759281494687,0.793917757568304,0.831946142408028,0.852463355359339,0.878809326716393,0.906102097388289,0.922725976527422,0.956911154569409,0.971889794298428,0.991397879859563,1,0.993667062458377,0.9600890894926,0.91004965470581,0.883012664302894,0.831220846508041,0.790035135490248,0.754702705191397,0.709551563247166,0.683982109214881,0.628099921277908,0.57380321192718,0.493924825108001,0.444577647559218,0.440032655003784,0.406302492467055
0.425898231443676,0.494563902711428,0.537928835901861,0.593384007427844,0.644858568919928,0.689174649181959,0.737938749318897,0.763601167354762,0.800555185417133,0.820675460804911,0.847177585390168,0.875108002753177,0.892781045879311,0.927891840856178,0.944235967699488,0.973155552517366,0.993667062458377,1,0.980637760036473,0.940821619716174,0.915521573895883,0.862900016554507,0.821380001583271,0.786127912297424,0.740302438682594,0.713376867087317,0.654909045497872,0.597049369412167,0.512478225984434,0.460371540851195,0.455579142766118,0.420614689512847
0.4007901509447,0.464485745318661,0.504161253396525,0.559814834644282,0.613121825610999,0.657342654427435,0.7021541135173,0.724860515638797,0.758727096995214,0.776585906815606,0.803135953808905,0.832890110162026,0.852789819489989,0.889236039006994,0.90749408559166,0.937904218021467,0.9600890894926,0.980637760036473,1,0.988972585892221,0.964701492866234,0.907864640716773,0.865613842213015,0.832772623542453,0.787727068965176,0.762634164027144,0.702557462931131,0.638634154651075,0.544876388511828,0.486734605899679,0.477625010399259,0.438964579298849
0.371513522264693,0.429815363497332,0.465682226354951,0.520057213048373,0.57338159028736,0.616395222586445,0.657067135497941,0.6769551421092,0.707617454630328,0.723307568446015,0.749212309698552,0.779581888260207,0.800654703934594,0.837175265926355,0.856412043302921,0.887168779656002,0.91004965470581,0.940821619716174,0.988972585892221,1,0.977130108530645,0.918564417844603,0.876845547698452,0.846670616884096,0.803371216232632,0.780308425348421,0.720557180246957,0.653689121909565,0.555390673396965,0.494177306914579,0.482036635320408,0.441573510053095
0.343424932815754,0.404000195193622,0.445365047107645,0.499121690257801,0.551185670448385,0.593428295059168,0.633470448534787,0.653544212795632,0.684061430041901,0.700145418368914,0.724923450216839,0.753178755605515,0.772616851146241,0.807722454412305,0.826161792032203,0.858052988389176,0.883012664302894,0.915521573895883,0.964701492866234,0.977130108530645,1,0.981531444052793,0.957190563057857,0.924833501524164,0.878005818077315,0.851550460740048,0.785480141737818,0.712550235458717,0.605711587831973,0.536521365868281,0.508579710440124,0.458465352517055
0.308606471615885,0.369563926610298,0.414750914115775,0.466076254466848,0.51504727823105,0.555146205150242,0.593589577281074,0.613397586239265,0.643002997065227,0.659084090836213,0.681991224748512,0.707212991483802,0.724316475395502,0.75682141591655,0.773738585942838,0.805410657415264,0.831220846508041,0.862900016554507,0.907864640716773,0.918564417844603,0.981531444052793,1,0.992135476821166,0.958728868735091,0.910290896225302,0.881548659064764,0.812245340736126,0.736945441472889,0.626966527903381,0.553558695866518,0.512810154964669,0.456110599497538
0.288568406824358,0.346793285745542,0.390552003273251,0.440489539651122,0.488522491276889,0.527539443956308,0.563985835551033,0.582716430436648,0.610553212354708,0.625535478193808,0.646937096254717,0.670503360447321,0.686445118634381,0.717333999515342,0.733442601626427,0.764398305669225,0.790035135490248,0.821380001583271,0.865613842213015,0.876845547698452,0.957190563057857,0.992135476821166,1,0.982997898589375,0.94673900695711,0.911906665352914,0.836676208923639,0.75971662479892,0.648556852319483,0.572775899362156,0.523791760908322,0.462266134197785
0.280331657385921,0.332673852137285,0.369997313560955,0.419368455894563,0.468353942922949,0.507159078738286,0.54104829811906,0.557847063876198,0.582954380070806,0.595720101976272,0.61581307111039,0.638844254713919,0.654601434837238,0.684630324086818,0.700512938589021,0.730214632810186,0.754702705191397,0.786127912297424,0.832772623542453,0.846670616884096,0.924833501524164,0.958728868735091,0.982997898589375,1,0.989767422985613,0.944809111982559,0.860676092217883,0.782606574366816,0.672030355708771,0.59541346717758,0.541731934402808,0.476617740718286
0.267358428121258,0.313901978460056,0.345349502368651,0.393122987003707,0.441700229885467,0.479430973142093,0.510538460008079,0.525442138609307,0.547839723754752,0.558583659303987,0.577188586711599,0.599263987979097,0.614508303311486,0.643164857834043,0.658499487052541,0.686530323057925,0.709551563247166,0.740302438682594,0.787727068965176,0.803371216232632,0.878005818077315,0.910290896225302,0.94673900695711,0.989767422985613,1,0.948226769166816,0.859148000592082,0.782046287748912,0.674516017358807,0.599045802968564,0.542972454435554,0.476596162532257
0.2684951560697,0.311360544439165,0.338179083482976,0.384011045193836,0.431029766153103,0.466509940132181,0.494215921276385,0.506108142278379,0.529555434874114,0.541821265118442,0.559735666225742,0.579606877077487,0.593329256705877,0.622309916849373,0.638309552622996,0.663981109916099,0.683982109214881,0.713376867087317,0.762634164027144,0.780308425348421,0.851550460740048,0.881548659064764,0.911906665352914,0.944809111982559,0.948226769166816,1,0.977188078065583,0.923617451304766,0.808613838684573,0.728087328441531,0.675530588363657,0.601389905115394
0.253977411594583,0.291982632333075,0.314227099973539,0.356148349233114,0.399432671629808,0.431384467725694,0.455255636384661,0.464472210981392,0.4873017954885,0.49990013919485,0.516339941149174,0.53360801450399,0.545531473812536,0.573079403507625,0.588610745220541,0.611249718721974,0.628099921277908,0.654909045497872,0.702557462931131,0.720557180246957,0.785480141737818,0.812245340736126,0.836676208923639,0.860676092217883,0.859148000592082,0.977188078065583,1,0.965212344396274,0.851784169984032,0.77248827060088,0.725318636489525,0.650256391182713
0.219307205037114,0.255025756988463,0.277798727212979,0.318435703984262,0.360897855995858,0.392255086944886,0.414767513845981,0.423986074858227,0.445278127879427,0.457241230065143,0.472295610808808,0.487805005528549,0.498574009471831,0.524379578532478,0.539146220580536,0.559301125698852,0.57380321192718,0.597049369412167,0.638634154651075,0.653689121909565,0.712550235458717,0.736945441472889,0.75971662479892,0.782606574366816,0.782046287748912,0.923617451304766,0.965212344396274,1,0.957690585502971,0.908451696622695,0.827324057592571,0.728301618612444
0.170042408642496,0.202582423040097,0.226193262997871,0.264122481570454,0.304223159418085,0.334145149612761,0.355044226902113,0.364670851836538,0.38299622655796,0.39329804040673,0.406305268745953,0.419735343822403,0.429134556113245,0.451745910994031,0.464819752710562,0.481908751081272,0.493924825108001,0.512478225984434,0.544876388511828,0.555390673396965,0.605711587831973,0.626966527903381,0.648556852319483,0.672030355708771,0.674516017358807,0.808613838684573,0.851784169984032,0.957690585502971,1,0.988400990722769,0.87128937457202,0.751467831385545
0.144680162883893,0.173733685022029,0.195502524037759,0.230558856571139,0.267996303332498,0.296116909191622,0.315592252348677,0.325111234257026,0.341728554305076,0.351199192084079,0.363101059276856,0.375382915123094,0.38417147960802,0.405422876485429,0.418045098953797,0.433701437552089,0.444577647559218,0.460371540851195,0.486734605899679,0.494177306914579,0.536521365868281,0.553558695866518,0.572775899362156,0.59541346717758,0.599045802968564,0.728087328441531,0.77248827060088,0.908451696622695,0.988400990722769,1,0.900835498133179,0.787702700717655
0.160492810977017,0.181771452019825,0.192464390490249,0.222185996723143,0.254598735849215,0.279045901284723,0.296832553539915,0.305244384141061,0.322390227241083,0.332861852696209,0.345565396477021,0.358534621094812,0.368632967976766,0.393347831817813,0.409392873410355,0.427323882301836,0.440032655003784,0.455579142766118,0.477625010399259,0.482036635320408,0.508579710440124,0.512810154964669,0.523791760908322,0.541731934402808,0.542972454435554,0.675530588363657,0.725318636489525,0.827324057592571,0.87128937457202,0.900835498133179,1,0.977057592042243
0.156760418192516,0.172701855741449,0.177196091640713,0.20217309292853,0.229800654923902,0.250695732403566,0.266380711969841,0.273647256995225,0.289824944065984,0.300037966159687,0.312225359090785,0.324603340433848,0.334621283545209,0.359265869294074,0.375841340200258,0.393604549003827,0.406302492467055,0.420614689512847,0.438964579298849,0.441573510053095,0.458465352517055,0.456110599497538,0.462266134197785,0.476617740718286,0.476596162532257,0.601389905115394,0.650256391182713,0.728301618612444,0.751467831385545,0.787702700717655,0.977057592042243,1
