1,0.974937259512467,0.888559484629823,0.7642733451827,0.686740263152511,0.581395122566231,0.48267778789659,0.461223179149329,0.437354667014396,0.412106339724535,0.390836703269062,0.370862292833561,0.35175170054928,0.339775669571245,0.330398341557114,0.320599270058304,0.314613788586437,0.311522423183941,0.307617995945996,0.301516555789451,0.292009478677225,0.283216892452299,0.276998287006106,0.277069477561359,0.27479909286607,0.271400702204168,0.258095526252489,0.242854098436464,0.227083188513057,0.200638717390145,0.17198727930795,0.149673441338881
0.974937259512467,1,0.968354979307594,0.888191544762068,0.813063773424746,0.701662158812184,0.594158590755016,0.570113968953968,0.542773387059794,0.513485750450236,0.492688326510852,0.473599515592831,0.454899684968786,0.443859325221833,0.435310728068642,0.425857103910466,0.419303563545541,0.414735079217096,0.409150176204896,0.402135366130824,0.392896073548187,0.383945407478637,0.378009408699387,0.3803308976024,0.378988448247611,0.375796817539122,0.363775687154506,0.348261799513351,0.331175194606685,0.30192391414333,0.266291891110832,0.237353218450494
0.888559484629823,0.968354979307594,1,0.974123781128044,0.906183931478935,0.794645586231696,0.683710108987508,0.658196936904698,0.628595285472255,0.596526609387826,0.57750177084867,0.56054717358801,0.543425640350271,0.534094686792389,0.526986622242954,0.518485470348709,0.511686325777512,0.505733830809343,0.498597533936785,0.490977317104632,0.482590566524066,0.473997461560189,0.468733226432387,0.473440355797992,0.473219084748441,0.470450129039456,0.460587820532076,0.445695403046357,0.428153958400531,0.397502078038299,0.35616864972076,0.321527654147565
0.7642733451827,0.888191544762068,0.974123781128044,1,0.955917639148061,0.860306218955866,0.758794839370495,0.734215408604687,0.704590144406819,0.671833896960876,0.655690940246141,0.641729405333702,0.626970585760819,0.619788088229298,0.614405282562924,0.607131720029148,0.600383715008905,0.593352906428111,0.5849400576195,0.576956541605106,0.569628335043815,0.561569661948677,0.556810091421098,0.562440014317016,0.562207402921561,0.558980702905861,0.550861601362155,0.53630947462493,0.518137824089046,0.485596282394309,0.438564633173044,0.398393004536394
0.686740263152511,0.813063773424746,0.906183931478935,0.955917639148061,1,0.972070397714269,0.916598519899891,0.898749674904253,0.873204830323286,0.842630704900726,0.829850603077824,0.81857853517822,0.8055621962863,0.80010657629525,0.795859493258281,0.788913094823369,0.782041516259632,0.774199578237049,0.764360222200573,0.755425658104666,0.747959210669454,0.739125338893137,0.732633461529526,0.732733328728591,0.726658581200149,0.717873850563413,0.706651752145108,0.687268819599329,0.663341765871761,0.619153596714291,0.557169081082316,0.504697956747187
0.581395122566231,0.701662158812184,0.794645586231696,0.860306218955866,0.972070397714269,1,0.984829221051152,0.973487217874658,0.952817154092144,0.92591824673452,0.916633152324383,0.908222631086605,0.897421127246115,0.893690316048009,0.890619223276692,0.884373065916173,0.877836747859517,0.869841827716001,0.859483807498969,0.850353443680327,0.843248107320093,0.83435262450277,0.826886235039263,0.822559864433658,0.812199452240137,0.799527299786478,0.78653393059164,0.764514225945669,0.737498429081841,0.686792667316113,0.6167720930647,0.557784741041601
0.48267778789659,0.594158590755016,0.683710108987508,0.758794839370495,0.916598519899891,0.984829221051152,1,0.993875360754145,0.97755008163942,0.954332144567586,0.947963820568863,0.941970368385722,0.933193412060248,0.930871545924553,0.928779976670099,0.923275315759155,0.917221026202634,0.909399383623921,0.899028910289744,0.890080838623547,0.883497027471248,0.874874640394377,0.866955166943516,0.859511070131001,0.846353018551094,0.831260492541174,0.817422911277687,0.794242391462274,0.765910565693101,0.712202139323541,0.638748053028152,0.577055705166591
0.461223179149329,0.570113968953968,0.658196936904698,0.734215408604687,0.898749674904253,0.973487217874658,0.993875360754145,1,0.994846624488673,0.981499699833442,0.976708018881423,0.970591867207431,0.961601025838668,0.95771936385779,0.953468222834807,0.945906379343985,0.938669832542912,0.930410087525293,0.919580146842129,0.909627432858785,0.90117633630265,0.89097452873485,0.881835816344535,0.873794191538905,0.860039473146862,0.844406236154155,0.83123497228216,0.808460789591202,0.78033775707385,0.728890618231537,0.656361453217924,0.594864108409065
0.437354667014396,0.542773387059794,0.628595285472255,0.704590144406819,0.873204830323286,0.952817154092144,0.97755008163942,0.994846624488673,1,0.9958544124661,0.992542075247012,0.986358645237802,0.977250259117191,0.971962395354159,0.965760159222586,0.956378591106333,0.948126535257281,0.939549815983484,0.928412033829883,0.917638619775947,0.90755385949253,0.89600403882996,0.885843457993941,0.87736204502989,0.863226502720571,0.84728091754133,0.834869928931153,0.812721248044805,0.785099923509508,0.736305764591392,0.665426641824075,0.60478416899976
0.412106339724535,0.513485750450236,0.596526609387826,0.671833896960876,0.842630704900726,0.92591824673452,0.954332144567586,0.981499699833442,0.9958544124661,1,0.998043876229092,0.991854310180711,0.982720340863975,0.976217295587599,0.96831905416147,0.957387216631696,0.948296475165596,0.939510595802136,0.928194304460184,0.91677908376204,0.905317141621008,0.892659252600896,0.881671016493009,0.872869427309882,0.858516187763085,0.842430209178688,0.830810118688883,0.809416814578645,0.78248779609302,0.736501581664996,0.667724294666264,0.60838052048585
0.390836703269062,0.492688326510852,0.57750177084867,0.655690940246141,0.829850603077824,0.916633152324383,0.947963820568863,0.976708018881423,0.992542075247012,0.998043876229092,1,0.997817695995177,0.99222332191319,0.987212365643772,0.979826611615936,0.969315556030431,0.960428638859586,0.951635701866024,0.940264194840889,0.928919675700896,0.917732464957229,0.905251114327295,0.894763059220355,0.887899188770663,0.874965594036138,0.859928734187932,0.848586900540896,0.827202965511683,0.800100186747824,0.75256543290407,0.681817649503326,0.620887882784828
0.370862292833561,0.473599515592831,0.56054717358801,0.641729405333702,0.81857853517822,0.908222631086605,0.941970368385722,0.970591867207431,0.986358645237802,0.991854310180711,0.997817695995177,1,0.998276660511243,0.995118751928618,0.988613852235088,0.978868693813802,0.970380917097197,0.961646547620574,0.950284459834081,0.939167851929411,0.928559503433153,0.916507135120419,0.906743786219396,0.902065759833188,0.890757010842649,0.876935592807367,0.865794644782553,0.844359081397564,0.817035811703894,0.767481199282662,0.694456869262977,0.631777394111464
0.35175170054928,0.454899684968786,0.543425640350271,0.626970585760819,0.8055621962863,0.897421127246115,0.933193412060248,0.961601025838668,0.977250259117191,0.982720340863975,0.99222332191319,0.998276660511243,1,0.998500547154082,0.992802329750315,0.983773554483013,0.97567160174441,0.967021276632058,0.955709177819728,0.944835843627616,0.934780813483838,0.923153847563282,0.914070340144528,0.911352108923369,0.901528857432637,0.888838284316281,0.87791668025189,0.856513747699225,0.829094598700873,0.777926356268478,0.703146231896733,0.639141296052787
0.339775669571245,0.443859325221833,0.534094686792389,0.619788088229298,0.80010657629525,0.893690316048009,0.930871545924553,0.95771936385779,0.971962395354159,0.976217295587599,0.987212365643772,0.995118751928618,0.998500547154082,1,0.997760117210321,0.991853008795225,0.985636494200953,0.977737469901094,0.967023674173052,0.957141709316309,0.948741047862294,0.938403251674302,0.930176144143959,0.927325773058494,0.917262935301659,0.904300100950496,0.893520328874003,0.872034828290285,0.844384940594217,0.793624227152585,0.718421500715722,0.653798567025148
0.330398341557114,0.435310728068642,0.526986622242954,0.614405282562924,0.795859493258281,0.890619223276692,0.928779976670099,0.953468222834807,0.965760159222586,0.96831905416147,0.979826611615936,0.988613852235088,0.992802329750315,0.997760117210321,1,0.998152786685198,0.994416318670288,0.98755132159891,0.977680999372077,0.96910443444578,0.96279503547987,0.954100219878345,0.946795923442733,0.942918287723397,0.931904947593351,0.918108358840466,0.907462014289299,0.885908682017579,0.858057751023103,0.808711549274931,0.733897176638376,0.669172883705413
0.320599270058304,0.425857103910466,0.518485470348709,0.607131720029148,0.788913094823369,0.884373065916173,0.923275315759155,0.945906379343985,0.956378591106333,0.957387216631696,0.969315556030431,0.978868693813802,0.983773554483013,0.991853008795225,0.998152786685198,1,0.9985304500256,0.992631218286515,0.983565262877594,0.976207571441326,0.971821977917451,0.964653090531572,0.95821525643793,0.953419694888873,0.941585842840524,0.9270855776019,0.916601737769463,0.895070459187518,0.867145041311322,0.81927505763538,0.745103786232985,0.68053866519601
0.314613788586437,0.419303563545541,0.511686325777512,0.600383715008905,0.782041516259632,0.877836747859517,0.917221026202634,0.938669832542912,0.948126535257281,0.948296475165596,0.960428638859586,0.970380917097197,0.97567160174441,0.985636494200953,0.994416318670288,0.9985304500256,1,0.997438442312253,0.991204086702372,0.985767064582037,0.982070122348862,0.975421368298121,0.969392890202483,0.964877963739796,0.953171757252549,0.938715168006994,0.928482778200787,0.907015811683838,0.879024273883973,0.831341829419134,0.756735552324183,0.691627086483697
0.311522423183941,0.414735079217096,0.505733830809343,0.593352906428111,0.774199578237049,0.869841827716001,0.909399383623921,0.930410087525293,0.939549815983484,0.939510595802136,0.951635701866024,0.961646547620574,0.967021276632058,0.977737469901094,0.98755132159891,0.992631218286515,0.997438442312253,1,0.99813150991452,0.995103282711778,0.991048151178198,0.984075652463145,0.978069368370205,0.974816017041448,0.964032804464544,0.950259041165777,0.940356497628222,0.919023443807539,0.891025824001691,0.842544116621809,0.766769665415368,0.700682894105227
0.307617995945996,0.409150176204896,0.498597533936785,0.5849400576195,0.764360222200573,0.859483807498969,0.899028910289744,0.919580146842129,0.928412033829883,0.928194304460184,0.940264194840889,0.950284459834081,0.955709177819728,0.967023674173052,0.977680999372077,0.983565262877594,0.991204086702372,0.99813150991452,1,0.999041692862405,0.994697039743299,0.98747627731257,0.98151331693674,0.979350823257251,0.969399791966785,0.956265185707627,0.94668457359354,0.925552450453532,0.897663210951257,0.848695430683634,0.772230492295984,0.705576123773229
0.301516555789451,0.402135366130824,0.490977317104632,0.576956541605106,0.755425658104666,0.850353443680327,0.890080838623547,0.909627432858785,0.917638619775947,0.91677908376204,0.928919675700896,0.939167851929411,0.944835843627616,0.957141709316309,0.96910443444578,0.976207571441326,0.985767064582037,0.995103282711778,0.999041692862405,1,0.997465991355674,0.99170269619413,0.986683430156122,0.984212259454631,0.973974137657005,0.960592094179023,0.951532803231146,0.930798137659006,0.903201729067274,0.853917571638549,0.776919389931454,0.709815986549166
0.292009478677225,0.392896073548187,0.482590566524066,0.569628335043815,0.747959210669454,0.843248107320093,0.883497027471248,0.90117633630265,0.90755385949253,0.905317141621008,0.917732464957229,0.928559503433153,0.934780813483838,0.948741047862294,0.96279503547987,0.971821977917451,0.982070122348862,0.991048151178198,0.994697039743299,0.997465991355674,1,0.998335571840954,0.995663628183772,0.990766777832457,0.978538431074,0.96355380303908,0.955339446530541,0.935303046083575,0.908269277141343,0.858857800709002,0.781457769589713,0.713993188619402
0.283216892452299,0.383945407478637,0.473997461560189,0.561569661948677,0.739125338893137,0.83435262450277,0.874874640394377,0.89097452873485,0.89600403882996,0.892659252600896,0.905251114327295,0.916507135120419,0.923153847563282,0.938403251674302,0.954100219878345,0.964653090531572,0.975421368298121,0.984075652463145,0.98747627731257,0.99170269619413,0.998335571840954,1,0.999240803512182,0.992395832305331,0.978599620292827,0.962371609610745,0.954872728499509,0.935476869950282,0.908999720971293,0.859668776046087,0.78223081117073,0.714724320571864
0.276998287006106,0.378009408699387,0.468733226432387,0.556810091421098,0.732633461529526,0.826886235039263,0.866955166943516,0.881835816344535,0.885843457993941,0.881671016493009,0.894763059220355,0.906743786219396,0.914070340144528,0.930176144143959,0.946795923442733,0.95821525643793,0.969392890202483,0.978069368370205,0.98151331693674,0.986683430156122,0.995663628183772,0.999240803512182,1,0.994141002467807,0.981116727724585,0.96549562230858,0.958396232298951,0.939307507014564,0.913058921969599,0.863641795598333,0.785917874893821,0.718143994427145
0.277069477561359,0.3803308976024,0.473440355797992,0.562440014317016,0.732733328728591,0.822559864433658,0.859511070131001,0.873794191538905,0.87736204502989,0.872869427309882,0.887899188770663,0.902065759833188,0.911352108923369,0.927325773058494,0.942918287723397,0.953419694888873,0.964877963739796,0.974816017041448,0.979350823257251,0.984212259454631,0.990766777832457,0.992395832305331,0.994141002467807,1,0.996274959498211,0.987987386373153,0.980389105188869,0.960564476120915,0.933456931033684,0.88318969704551,0.803944732073678,0.734784510982965
0.27479909286607,0.378988448247611,0.473219084748441,0.562207402921561,0.726658581200149,0.812199452240137,0.846353018551094,0.860039473146862,0.863226502720571,0.858516187763085,0.874965594036138,0.890757010842649,0.901528857432637,0.917262935301659,0.931904947593351,0.941585842840524,0.953171757252549,0.964032804464544,0.969399791966785,0.973974137657005,0.978538431074,0.978599620292827,0.981116727724585,0.996274959498211,1,0.997632621453398,0.98970015213243,0.969454942040776,0.941889814570871,0.891366584859779,0.811573752284908,0.74188842377382
0.271400702204168,0.375796817539122,0.470450129039456,0.558980702905861,0.717873850563413,0.799527299786478,0.831260492541174,0.844406236154155,0.84728091754133,0.842430209178688,0.859928734187932,0.876935592807367,0.888838284316281,0.904300100950496,0.918108358840466,0.9270855776019,0.938715168006994,0.950259041165777,0.956265185707627,0.960592094179023,0.96355380303908,0.962371609610745,0.96549562230858,0.987987386373153,0.997632621453398,1,0.992014862604788,0.971692057513175,0.944036403316898,0.893625409779508,0.813819813824563,0.74407534810118
0.258095526252489,0.363775687154506,0.460587820532076,0.550861601362155,0.706651752145108,0.78653393059164,0.817422911277687,0.83123497228216,0.834869928931153,0.830810118688883,0.848586900540896,0.865794644782553,0.87791668025189,0.893520328874003,0.907462014289299,0.916601737769463,0.928482778200787,0.940356497628222,0.94668457359354,0.951532803231146,0.955339446530541,0.954872728499509,0.958396232298951,0.980389105188869,0.98970015213243,0.992014862604788,1,0.993729183432623,0.978098062349207,0.93241855155581,0.853086814161292,0.782756419676378
0.242854098436464,0.348261799513351,0.445695403046357,0.53630947462493,0.687268819599329,0.764514225945669,0.794242391462274,0.808460789591202,0.812721248044805,0.809416814578645,0.827202965511683,0.844359081397564,0.856513747699225,0.872034828290285,0.885908682017579,0.895070459187518,0.907015811683838,0.919023443807539,0.925552450453532,0.930798137659006,0.935303046083575,0.935476869950282,0.939307507014564,0.960564476120915,0.969454942040776,0.971692057513175,0.993729183432623,1,0.995238014303842,0.954363068754875,0.876510522521291,0.806599586262015
0.227083188513057,0.331175194606685,0.428153958400531,0.518137824089046,0.663341765871761,0.737498429081841,0.765910565693101,0.78033775707385,0.785099923509508,0.78248779609302,0.800100186747824,0.817035811703894,0.829094598700873,0.844384940594217,0.858057751023103,0.867145041311322,0.879024273883973,0.891025824001691,0.897663210951257,0.903201729067274,0.908269277141343,0.908999720971293,0.913058921969599,0.933456931033684,0.941889814570871,0.944036403316898,0.978098062349207,0.995238014303842,1,0.96373157024051,0.887964846148089,0.819134668928465
0.200638717390145,0.30192391414333,0.397502078038299,0.485596282394309,0.619153596714291,0.686792667316113,0.712202139323541,0.728890618231537,0.736305764591392,0.736501581664996,0.75256543290407,0.767481199282662,0.777926356268478,0.793624227152585,0.808711549274931,0.81927505763538,0.831341829419134,0.842544116621809,0.848695430683634,0.853917571638549,0.858857800709002,0.859668776046087,0.863641795598333,0.88318969704551,0.891366584859779,0.893625409779508,0.93241855155581,0.954363068754875,0.96373157024051,1,0.978465771382242,0.942437300837254
0.17198727930795,0.266291891110832,0.35616864972076,0.438564633173044,0.557169081082316,0.6167720930647,0.638748053028152,0.656361453217924,0.665426641824075,0.667724294666264,0.681817649503326,0.694456869262977,0.703146231896733,0.718421500715722,0.733897176638376,0.745103786232985,0.756735552324183,0.766769665415368,0.772230492295984,0.776919389931454,0.781457769589713,0.78223081117073,0.785917874893821,0.803944732073678,0.811573752284908,0.813819813824563,0.853086814161292,0.876510522521291,0.887964846148089,0.978465771382242,1,0.99116233144207
0.149673441338881,0.237353218450494,0.321527654147565,0.398393004536394,0.504697956747187,0.557784741041601,0.577055705166591,0.594864108409065,0.60478416899976,0.60838052048585,0.620887882784828,0.631777394111464,0.639141296052787,0.653798567025148,0.669172883705413,0.68053866519601,0.691627086483697,0.700682894105227,0.705576123773229,0.709815986549166,0.713993188619402,0.714724320571864,0.718143994427145,0.734784510982965,0.74188842377382,0.74407534810118,0.782756419676378,0.806599586262015,0.819134668928465,0.942437300837254,0.99116233144207,1
