1,0.653106270677166,0.473830760611504,0.417723085408555,0.367310504251682,0.33569111506278,0.316755841447076,0.294693567939713,0.275449652746261,0.264930983985937,0.250499247188192,0.234063878084646,0.233344151451556,0.228328985544978,0.224414477287306,0.205372839143998,0.202992146273626,0.195737563026667,0.189164820386627,0.195763724554767,0.185065336659464,0.174016043302489,0.168890473389359,0.160375065282396,0.150828990189655,0.141683186027918,0.130693179511756,0.0907752462432127,0.0734499333938713,0.0526992065386269,0.0351853881743232,-0.143257093013897
0.653106270677166,1,0.829081421908592,0.723005010550595,0.646768850065925,0.599038544400892,0.573674854946204,0.545184382683577,0.525321974541045,0.51188601371127,0.49458752336238,0.479257478992733,0.468994907815295,0.459386700217848,0.449885022687301,0.432286071499217,0.419813817719225,0.41125792979573,0.400368899103747,0.40008470836023,0.392652707108408,0.373239289321444,0.373737726867008,0.367638743242618,0.369527951358963,0.366853785447633,0.34866442934011,0.319135998404906,0.296866702018286,0.178536280017156,0.0816478917438284,-0.0688241153297585
0.473830760611504,0.829081421908592,1,0.908519422683503,0.82303114678299,0.770367413835277,0.744807829132356,0.711836919397468,0.693642286166022,0.676172393887032,0.657990281024099,0.652879946382512,0.638857252912188,0.626774328743165,0.617879573677049,0.599758869487327,0.588248571691609,0.580326362071611,0.574181320004653,0.572454183101715,0.565114448707496,0.547110446364958,0.538599073345849,0.532845685286312,0.52453897404838,0.518662956700885,0.490134117188195,0.433768164432965,0.39288156111735,0.211000461911573,0.0732442828654141,-0.0737227801127524
0.417723085408555,0.723005010550595,0.908519422683503,1,0.946981466222024,0.894875670686064,0.864439720332005,0.825804376808018,0.807891567211606,0.797722471652967,0.780055950462782,0.771910141964402,0.75919679702306,0.743717734391344,0.730336547572658,0.711470322920327,0.699303133577037,0.688113453117492,0.679181332914488,0.670979295064659,0.660981513696773,0.641910118724733,0.636726408432397,0.628506562312703,0.617247610428637,0.611076413028871,0.583768984917135,0.515916852016787,0.466073450713543,0.26251387313799,0.117517953494784,-0.0472726130816455
0.367310504251682,0.646768850065925,0.82303114678299,0.946981466222024,1,0.961803920645332,0.928869359784024,0.890393505465636,0.869022987390713,0.858769045612167,0.841001071503057,0.834328384070276,0.822927078215532,0.807538754425397,0.796027798253902,0.776835945484532,0.764891201002822,0.749487744159182,0.738288454543861,0.728124136986455,0.716996733585336,0.700148917794399,0.695133885636198,0.686638697849904,0.674369010435957,0.66702111763953,0.638923718568401,0.560539367052042,0.504394917105733,0.290656645943943,0.138905806130929,-0.0351164057870003
0.33569111506278,0.599038544400892,0.770367413835277,0.894875670686064,0.961803920645332,1,0.976767087185362,0.93875908387095,0.918570299852772,0.904458565945411,0.884498970568998,0.87574284849586,0.863118461777117,0.844451828208715,0.831845239896613,0.814233248269,0.80101801811446,0.786562286660416,0.776348241462241,0.766591539003714,0.75671844466479,0.74220553522449,0.735318110472004,0.726014213735737,0.71085929255788,0.701896164687662,0.674885450656865,0.590325941240632,0.526301185612753,0.298534049707394,0.141161467436428,-0.035501510434715
0.316755841447076,0.573674854946204,0.744807829132356,0.864439720332005,0.928869359784024,0.976767087185362,1,0.976104981013199,0.954402402888438,0.937610973102798,0.9161010191178,0.906694440859873,0.892738998122917,0.874801695161642,0.861993983311377,0.843078814895173,0.828968984182273,0.814907177519712,0.806313961263157,0.79905003945857,0.786269450431887,0.770405204181217,0.7656638134506,0.756470502636463,0.737397886590125,0.730389788275702,0.70540600419099,0.6164194445936,0.546863465630174,0.319658640492802,0.143584086288524,-0.0305849209220152
0.294693567939713,0.545184382683577,0.711836919397468,0.825804376808018,0.890393505465636,0.93875908387095,0.976104981013199,1,0.977527574187015,0.95852905180848,0.936162341249173,0.925360964015191,0.907243501243114,0.889038212918712,0.87843994061588,0.860386951243906,0.84592607477348,0.831319825265556,0.819457723366929,0.811250710920416,0.798446412168256,0.784470687448126,0.780215618579896,0.771725181002143,0.750246673697911,0.740152199752197,0.712420477504908,0.622851164122834,0.550355165096764,0.323545612171861,0.152526731152348,-0.0249718703026248
0.275449652746261,0.525321974541045,0.693642286166022,0.807891567211606,0.869022987390713,0.918570299852772,0.954402402888438,0.977527574187015,1,0.985319182236306,0.962476461628511,0.949262050726676,0.929253810875652,0.911540170832,0.898876795416433,0.881114882088786,0.865672238822976,0.850546248821789,0.83640531621444,0.826762274186946,0.812603439479332,0.79961220021179,0.797433680528308,0.790253418990301,0.768868451659077,0.758670416580596,0.730827391240714,0.644875442418694,0.573625621591124,0.341882522760401,0.153923205593528,-0.0218104224263994
0.264930983985937,0.51188601371127,0.676172393887032,0.797722471652967,0.858769045612167,0.904458565945411,0.937610973102798,0.95852905180848,0.985319182236306,1,0.984903928654766,0.97081159874594,0.95107502584626,0.932508118423927,0.918005142207246,0.898458597878302,0.881381102297717,0.865299393905902,0.84978688303419,0.839625240434085,0.824691474108187,0.809557277213023,0.807802208084103,0.798707862091414,0.774911387504137,0.765980333513207,0.741587332657358,0.652717436815004,0.582732097769483,0.342487845732549,0.160204175381679,-0.0119628825818703
0.250499247188192,0.49458752336238,0.657990281024099,0.780055950462782,0.841001071503057,0.884498970568998,0.9161010191178,0.936162341249173,0.962476461628511,0.984903928654766,1,0.985245833231154,0.965345373353929,0.944643115974388,0.929620677946525,0.908466753035281,0.890308392373871,0.873241276083618,0.859563299779097,0.85059169160975,0.837871279337204,0.823955753568195,0.821238562382636,0.811344261867141,0.78651007519241,0.776816917399431,0.752162678802096,0.662779224395144,0.59012657428654,0.345417669470786,0.161875321834772,-9.84412039666458e-05
0.234063878084646,0.479257478992733,0.652879946382512,0.771910141964402,0.834328384070276,0.87574284849586,0.906694440859873,0.925360964015191,0.949262050726676,0.97081159874594,0.985245833231154,1,0.986291596753169,0.965200537776341,0.948485062127695,0.926588617873204,0.906440038791692,0.89067971138191,0.875861274316156,0.865460462035302,0.852726753420701,0.840319776549712,0.837035060504995,0.826543324224785,0.800822332179846,0.790106152351326,0.765703798443319,0.670655890438189,0.596838065028577,0.353250101210644,0.168385609456785,0.00743049298577652
0.233344151451556,0.468994907815295,0.638857252912188,0.75919679702306,0.822927078215532,0.863118461777117,0.892738998122917,0.907243501243114,0.929253810875652,0.95107502584626,0.965345373353929,0.986291596753169,1,0.985295485142842,0.968423638929976,0.94475471419578,0.923719496643438,0.908944412992072,0.893147854715081,0.881394537391798,0.86694168813294,0.856214496801202,0.852668897251869,0.839174367731541,0.81204766860177,0.800172604342581,0.774065179654058,0.682285905157598,0.608614029791061,0.370552606392793,0.178083704972352,0.00471135826244709
0.228328985544978,0.459386700217848,0.626774328743165,0.743717734391344,0.807538754425397,0.844451828208715,0.874801695161642,0.889038212918712,0.911540170832,0.932508118423927,0.944643115974388,0.965200537776341,0.985295485142842,1,0.985881666188688,0.961773116102218,0.939211086881004,0.923071811821372,0.90654457236733,0.894770460598042,0.878726863539897,0.868447307643015,0.86419605420864,0.847370633547374,0.818136019006554,0.80582304422195,0.775636813698122,0.684688164088826,0.607702752396452,0.373396385467821,0.180581886679511,0.00958784926317388
0.224414477287306,0.449885022687301,0.617879573677049,0.730336547572658,0.796027798253902,0.831845239896613,0.861993983311377,0.87843994061588,0.898876795416433,0.918005142207246,0.929620677946525,0.948485062127695,0.968423638929976,0.985881666188688,1,0.985607257876901,0.963101507600272,0.945000621853356,0.928030743722895,0.914565611967196,0.896970841660991,0.885604232614773,0.879678562225003,0.862294313784534,0.833603230898443,0.816927907450942,0.786572185364838,0.696936229370375,0.620228025910694,0.380626174476737,0.183390162945893,0.00504628596282561
0.205372839143998,0.432286071499217,0.599758869487327,0.711470322920327,0.776835945484532,0.814233248269,0.843078814895173,0.860386951243906,0.881114882088786,0.898458597878302,0.908466753035281,0.926588617873204,0.94475471419578,0.961773116102218,0.985607257876901,1,0.984861588017642,0.965800490560378,0.947177076020325,0.932287814553263,0.914818262052765,0.902782502460494,0.89411005978299,0.876962239809159,0.852166310180924,0.832661004451493,0.801603666282433,0.707441876959318,0.630333903287382,0.384954236946961,0.195140522623469,0.00798278374560143
0.202992146273626,0.419813817719225,0.588248571691609,0.699303133577037,0.764891201002822,0.80101801811446,0.828968984182273,0.84592607477348,0.865672238822976,0.881381102297717,0.890308392373871,0.906440038791692,0.923719496643438,0.939211086881004,0.963101507600272,0.984861588017642,1,0.98444504949385,0.962750725102937,0.94786699080349,0.928670908912353,0.914035511844537,0.903938910227071,0.887453436291731,0.866523370626993,0.847942999737699,0.815398883013186,0.721326255730044,0.645469256228846,0.39718300230546,0.209105217491019,0.0122789078081075
0.195737563026667,0.41125792979573,0.580326362071611,0.688113453117492,0.749487744159182,0.786562286660416,0.814907177519712,0.831319825265556,0.850546248821789,0.865299393905902,0.873241276083618,0.89067971138191,0.908944412992072,0.923071811821372,0.945000621853356,0.965800490560378,0.98444504949385,1,0.985134025653702,0.968614749257293,0.949191010659949,0.933580885048951,0.921082787689943,0.905056447106336,0.883639956279697,0.864928681519308,0.833458948297274,0.739615980313392,0.66635831085586,0.414833022291238,0.22471351425002,0.0173068903305466
0.189164820386627,0.400368899103747,0.574181320004653,0.679181332914488,0.738288454543861,0.776348241462241,0.806313961263157,0.819457723366929,0.83640531621444,0.84978688303419,0.859563299779097,0.875861274316156,0.893147854715081,0.90654457236733,0.928030743722895,0.947177076020325,0.962750725102937,0.985134025653702,1,0.985612474528211,0.966788073376663,0.948351568719204,0.935569647147139,0.91975721912208,0.897685184839634,0.878592015741425,0.846978954140229,0.749503459902932,0.675378734571089,0.418250166421253,0.219946490353848,0.0275260527442871
0.195763724554767,0.40008470836023,0.572454183101715,0.670979295064659,0.728124136986455,0.766591539003714,0.79905003945857,0.811250710920416,0.826762274186946,0.839625240434085,0.85059169160975,0.865460462035302,0.881394537391798,0.894770460598042,0.914565611967196,0.932287814553263,0.94786699080349,0.968614749257293,0.985612474528211,1,0.987296911195869,0.968382730002696,0.953153215987244,0.935355177236874,0.915100411021393,0.891845391385852,0.859358854770949,0.758383033091871,0.686562122909586,0.421241686107877,0.216434655904464,0.032530333192555
0.185065336659464,0.392652707108408,0.565114448707496,0.660981513696773,0.716996733585336,0.75671844466479,0.786269450431887,0.798446412168256,0.812603439479332,0.824691474108187,0.837871279337204,0.852726753420701,0.86694168813294,0.878726863539897,0.896970841660991,0.914818262052765,0.928670908912353,0.949191010659949,0.966788073376663,0.987296911195869,1,0.987634027395616,0.971339899942854,0.951872213010829,0.931491426485466,0.908175447113617,0.87464304864314,0.773734458235204,0.70034473150016,0.425470028636127,0.224015227116124,0.0393828320004
0.174016043302489,0.373239289321444,0.547110446364958,0.641910118724733,0.700148917794399,0.74220553522449,0.770405204181217,0.784470687448126,0.79961220021179,0.809557277213023,0.823955753568195,0.840319776549712,0.856214496801202,0.868447307643015,0.885604232614773,0.902782502460494,0.914035511844537,0.933580885048951,0.948351568719204,0.968382730002696,0.987634027395616,1,0.982549597079791,0.960744567450749,0.938011112675235,0.913470940824498,0.879641976863857,0.775843252946721,0.700265263858403,0.417187060108682,0.215268523925776,0.0306825391554984
0.168890473389359,0.373737726867008,0.538599073345849,0.636726408432397,0.695133885636198,0.735318110472004,0.7656638134506,0.780215618579896,0.797433680528308,0.807802208084103,0.821238562382636,0.837035060504995,0.852668897251869,0.86419605420864,0.879678562225003,0.89411005978299,0.903938910227071,0.921082787689943,0.935569647147139,0.953153215987244,0.971339899942854,0.982549597079791,1,0.985520208283641,0.961064057024268,0.936651466229916,0.902036261798098,0.798977931107065,0.725497724374178,0.448150310522783,0.237067324994479,0.0430078931561181
0.160375065282396,0.367638743242618,0.532845685286312,0.628506562312703,0.686638697849904,0.726014213735737,0.756470502636463,0.771725181002143,0.790253418990301,0.798707862091414,0.811344261867141,0.826543324224785,0.839174367731541,0.847370633547374,0.862294313784534,0.876962239809159,0.887453436291731,0.905056447106336,0.91975721912208,0.935355177236874,0.951872213010829,0.960744567450749,0.985520208283641,1,0.980727477964827,0.955112093925786,0.921791815038906,0.821197761847535,0.744120381838081,0.460789529077746,0.243507690485978,0.0563235643341665
0.150828990189655,0.369527951358963,0.52453897404838,0.617247610428637,0.674369010435957,0.71085929255788,0.737397886590125,0.750246673697911,0.768868451659077,0.774911387504137,0.78651007519241,0.800822332179846,0.81204766860177,0.818136019006554,0.833603230898443,0.852166310180924,0.866523370626993,0.883639956279697,0.897685184839634,0.915100411021393,0.931491426485466,0.938011112675235,0.961064057024268,0.980727477964827,1,0.974671820184901,0.939651207955339,0.841877980238734,0.763636799197367,0.470255422138651,0.250314435735371,0.0750038458435077
0.141683186027918,0.366853785447633,0.518662956700885,0.611076413028871,0.66702111763953,0.701896164687662,0.730389788275702,0.740152199752197,0.758670416580596,0.765980333513207,0.776816917399431,0.790106152351326,0.800172604342581,0.80582304422195,0.816927907450942,0.832661004451493,0.847942999737699,0.864928681519308,0.878592015741425,0.891845391385852,0.908175447113617,0.913470940824498,0.936651466229916,0.955112093925786,0.974671820184901,1,0.975553034377927,0.872772326885478,0.798346907680927,0.51482453487878,0.272809007417544,0.0785486106543393
0.130693179511756,0.34866442934011,0.490134117188195,0.583768984917135,0.638923718568401,0.674885450656865,0.70540600419099,0.712420477504908,0.730827391240714,0.741587332657358,0.752162678802096,0.765703798443319,0.774065179654058,0.775636813698122,0.786572185364838,0.801603666282433,0.815398883013186,0.833458948297274,0.846978954140229,0.859358854770949,0.87464304864314,0.879641976863857,0.902036261798098,0.921791815038906,0.939651207955339,0.975553034377927,1,0.912136162770844,0.833167337975384,0.545329984233169,0.305439445781064,0.0961420722633432
0.0907752462432127,0.319135998404906,0.433768164432965,0.515916852016787,0.560539367052042,0.590325941240632,0.6164194445936,0.622851164122834,0.644875442418694,0.652717436815004,0.662779224395144,0.670655890438189,0.682285905157598,0.684688164088826,0.696936229370375,0.707441876959318,0.721326255730044,0.739615980313392,0.749503459902932,0.758383033091871,0.773734458235204,0.775843252946721,0.798977931107065,0.821197761847535,0.841877980238734,0.872772326885478,0.912136162770844,1,0.941904511617511,0.719758404302462,0.408632139408704,0.167742024164219
0.0734499333938713,0.296866702018286,0.39288156111735,0.466073450713543,0.504394917105733,0.526301185612753,0.546863465630174,0.550355165096764,0.573625621591124,0.582732097769483,0.59012657428654,0.596838065028577,0.608614029791061,0.607702752396452,0.620228025910694,0.630333903287382,0.645469256228846,0.66635831085586,0.675378734571089,0.686562122909586,0.70034473150016,0.700265263858403,0.725497724374178,0.744120381838081,0.763636799197367,0.798346907680927,0.833167337975384,0.941904511617511,1,0.814406771075041,0.454551641932299,0.202736849914322
0.0526992065386269,0.178536280017156,0.211000461911573,0.26251387313799,0.290656645943943,0.298534049707394,0.319658640492802,0.323545612171861,0.341882522760401,0.342487845732549,0.345417669470786,0.353250101210644,0.370552606392793,0.373396385467821,0.380626174476737,0.384954236946961,0.39718300230546,0.414833022291238,0.418250166421253,0.421241686107877,0.425470028636127,0.417187060108682,0.448150310522783,0.460789529077746,0.470255422138651,0.51482453487878,0.545329984233169,0.719758404302462,0.814406771075041,1,0.593489716988525,0.268725141388048
0.0351853881743232,0.0816478917438284,0.0732442828654141,0.117517953494784,0.138905806130929,0.141161467436428,0.143584086288524,0.152526731152348,0.153923205593528,0.160204175381679,0.161875321834772,0.168385609456785,0.178083704972352,0.180581886679511,0.183390162945893,0.195140522623469,0.209105217491019,0.22471351425002,0.219946490353848,0.216434655904464,0.224015227116124,0.215268523925776,0.237067324994479,0.243507690485978,0.250314435735371,0.272809007417544,0.305439445781064,0.408632139408704,0.454551641932299,0.593489716988525,1,0.47673328364108
-0.143257093013897,-0.0688241153297585,-0.0737227801127524,-0.0472726130816455,-0.0351164057870003,-0.035501510434715,-0.0305849209220152,-0.0249718703026248,-0.0218104224263994,-0.0119628825818703,-9.84412039666458e-05,0.00743049298577652,0.00471135826244709,0.00958784926317388,0.00504628596282561,0.00798278374560143,0.0122789078081075,0.0173068903305466,0.0275260527442871,0.032530333192555,0.0393828320004,0.0306825391554984,0.0430078931561181,0.0563235643341665,0.0750038458435077,0.0785486106543393,0.0961420722633432,0.167742024164219,0.202736849914322,0.268725141388048,0.47673328364108,1
