1,0.716083983319767,0.622706538586974,0.578797549329039,0.562377516637538,0.5369532473198,0.529111275338458,0.516324804776206,0.515899425838107,0.508813479886082,0.499552249315224,0.498872733580372,0.498871871573802,0.490254447853517,0.484143480173389,0.483716700649379,0.471831546404658,0.457871915926081,0.452315145878737,0.44103546644112,0.43114872022498,0.424968459045253,0.427377422651625,0.420199009685027,0.410266155315962,0.407723819714729,0.399874042964995,0.377642741391367,0.355459472979158,0.302389070183278,0.158750888273474,0.0334714234033518
0.716083983319767,1,0.90974851517791,0.862459319421817,0.834806433950995,0.8150266937213,0.801270308362666,0.784523075084292,0.773910389589189,0.766286899257493,0.757977377440108,0.757140507338004,0.752031378680342,0.742016602165485,0.730448902449513,0.724627898092466,0.706176295662762,0.694302723131796,0.686703319443319,0.677182980845576,0.670666554905912,0.667137753862049,0.663979494384255,0.652701303586158,0.638228687766014,0.6316928739921,0.615093446181045,0.587426876523729,0.564609083227218,0.478875296888364,0.247253324478585,0.0498941771316701
0.622706538586974,0.90974851517791,1,0.946312428964988,0.919394939739925,0.897859294485978,0.885723605985147,0.86734439954583,0.855401343244667,0.84366546309013,0.836856164183012,0.833371531844306,0.829221706178165,0.823978266171277,0.815895372341592,0.804817749179738,0.793281934915007,0.78200826928096,0.772155716780504,0.762168649511088,0.753105113946409,0.745969358443688,0.741322700257297,0.732813810457749,0.716636121856674,0.705991544361202,0.686218122084062,0.661563348885347,0.63585042786483,0.553318583221368,0.272870792476699,0.0778511002243056
0.578797549329039,0.862459319421817,0.946312428964988,1,0.968131759880349,0.944716531876833,0.926295199627147,0.907313445648678,0.892423908065593,0.877832442786494,0.870711642040935,0.865984645252561,0.862256851121112,0.85412238527971,0.849571058813574,0.836820332134172,0.826600088373932,0.816053817000425,0.80704553002572,0.794757624891322,0.785645428342415,0.776871454390496,0.77449976050111,0.768186006804709,0.751898761502519,0.736503691813222,0.716300769040592,0.697250185685929,0.668162498822847,0.582688315269013,0.298608506499465,0.0865975213838636
0.562377516637538,0.834806433950995,0.919394939739925,0.968131759880349,1,0.975848782253881,0.959740174679498,0.941663083487177,0.929240963497505,0.913927841453738,0.906545695272751,0.899384536356616,0.894999472507264,0.88519947335381,0.880665582881293,0.864930064835431,0.855013821169742,0.845982917203678,0.837224422008324,0.82767161526991,0.81843842139627,0.810655470482469,0.807950158557689,0.800447597275824,0.784751328849132,0.770531667849084,0.751121625312192,0.733120722662951,0.706642816403579,0.619011177948609,0.31661947275744,0.0854461746307672
0.5369532473198,0.8150266937213,0.897859294485978,0.944716531876833,0.975848782253881,1,0.983922913141196,0.967136715923,0.952272300753028,0.935821917523831,0.927244349162068,0.920364165526035,0.913760980379776,0.90347752163753,0.898215785942089,0.88359516773025,0.876155234679912,0.867052319699115,0.85803761635961,0.847336329107505,0.840222185412507,0.832060056787686,0.825931661852464,0.818750087668438,0.802000651510811,0.789926307064194,0.770032051834099,0.747950197157601,0.72403438471888,0.643806747951537,0.332600880083028,0.0948622319093318
0.529111275338458,0.801270308362666,0.885723605985147,0.926295199627147,0.959740174679498,0.983922913141196,1,0.983554157533306,0.967828691110704,0.951578674604976,0.941978212716849,0.934828392925272,0.930004235788671,0.919626127665284,0.91324913023969,0.897536985751391,0.889988808403089,0.880420371760781,0.869970318285145,0.859830057118967,0.852565092571825,0.846216961228901,0.838482483278217,0.828937131441542,0.810162625937277,0.797268309609912,0.777224794452458,0.755390289572742,0.73316677933059,0.654540743616125,0.337263570007346,0.0936359024792971
0.516324804776206,0.784523075084292,0.86734439954583,0.907313445648678,0.941663083487177,0.967136715923,0.983554157533306,1,0.985030585648991,0.969860047001288,0.959872729867441,0.951458047487846,0.943099793961175,0.93094279241858,0.922235061386221,0.906337467679569,0.898056202726657,0.889276876028885,0.880922899586293,0.871452608974957,0.865071278383218,0.859097574788088,0.850377623396445,0.841276824190783,0.821513597085128,0.807850279028858,0.789673344251873,0.770334210520615,0.749905017344941,0.676265918481324,0.340215774366276,0.106930424543617
0.515899425838107,0.773910389589189,0.855401343244667,0.892423908065593,0.929240963497505,0.952272300753028,0.967828691110704,0.985030585648991,1,0.987860093933936,0.975704750942,0.964336592815379,0.953921030426489,0.940381387457732,0.930638871365625,0.914388407442142,0.904144641463796,0.895270767144851,0.88711984915192,0.878191306281664,0.870919455258846,0.864863437249276,0.856125887917521,0.847677486572122,0.830902792040044,0.816570515376491,0.799372369026208,0.780710282952864,0.757954401576524,0.685252322168352,0.341921156149361,0.11019367891411
0.508813479886082,0.766286899257493,0.84366546309013,0.877832442786494,0.913927841453738,0.935821917523831,0.951578674604976,0.969860047001288,0.987860093933936,1,0.989542051134493,0.976845436991792,0.963753552657325,0.948218103039968,0.936341687345403,0.921313566217027,0.908441672726232,0.899363801679326,0.890755193426282,0.882321318783511,0.874840420949734,0.868643094046355,0.86093891759026,0.851948370756984,0.835258634674032,0.819976916390535,0.801244528691789,0.782914046953828,0.758823333048193,0.684464358145182,0.333606119613436,0.114570156777187
0.499552249315224,0.757977377440108,0.836856164183012,0.870711642040935,0.906545695272751,0.927244349162068,0.941978212716849,0.959872729867441,0.975704750942,0.989542051134493,1,0.988927149851129,0.974470330979236,0.957115409527686,0.945530607136268,0.929038545301193,0.914719865749503,0.904772897783768,0.894804922259015,0.885164676116812,0.877155418609423,0.870094106884265,0.861925130963442,0.85434123975192,0.839102081409069,0.825349574414215,0.8083499822814,0.79040626457822,0.765974099817333,0.689083196847529,0.336986946825109,0.120029140090998
0.498872733580372,0.757140507338004,0.833371531844306,0.865984645252561,0.899384536356616,0.920364165526035,0.934828392925272,0.951458047487846,0.964336592815379,0.976845436991792,0.988927149851129,1,0.987601046488805,0.970718542307164,0.955858871847128,0.93715087797181,0.920860676175059,0.909827136806938,0.899921256807526,0.889785807605946,0.882162824409783,0.875644135765122,0.866639518301065,0.860293290410505,0.84728691563139,0.834601558742351,0.820061346534417,0.800684466990572,0.777475346412986,0.700005630169869,0.349178286338741,0.117177156021559
0.498871871573802,0.752031378680342,0.829221706178165,0.862256851121112,0.894999472507264,0.913760980379776,0.930004235788671,0.943099793961175,0.953921030426489,0.963753552657325,0.974470330979236,0.987601046488805,1,0.989399972366638,0.974863922086716,0.957652950775243,0.939148273537712,0.925995940145863,0.916179708599604,0.905352825129137,0.896794063878872,0.890309670023482,0.881011396916039,0.874706875416266,0.861290706398057,0.848176965997811,0.833478782256351,0.812562378106361,0.789892142461732,0.706845292537766,0.359632597493061,0.114482894778166
0.490254447853517,0.742016602165485,0.823978266171277,0.85412238527971,0.88519947335381,0.90347752163753,0.919626127665284,0.93094279241858,0.940381387457732,0.948218103039968,0.957115409527686,0.970718542307164,0.989399972366638,1,0.989117726258034,0.972856559847414,0.95358864263081,0.937992890974427,0.928063578061931,0.91589615718547,0.906982960716306,0.899895613535867,0.890984688371094,0.884880078003745,0.870900264441117,0.85799927548056,0.841053851660124,0.819609263545022,0.794111433417777,0.7109080321052,0.366567237787909,0.118663074919722
0.484143480173389,0.730448902449513,0.815895372341592,0.849571058813574,0.880665582881293,0.898215785942089,0.91324913023969,0.922235061386221,0.930638871365625,0.936341687345403,0.945530607136268,0.955858871847128,0.974863922086716,0.989117726258034,1,0.987729638001977,0.970423465737157,0.954612477416747,0.942629074502624,0.93031861622761,0.921827065638485,0.914673898931227,0.904618912315082,0.898340277380743,0.883575732178406,0.869393736094599,0.852554024788895,0.830957316837349,0.804340052329388,0.722776329765931,0.379419569984504,0.135754072616
0.483716700649379,0.724627898092466,0.804817749179738,0.836820332134172,0.864930064835431,0.88359516773025,0.897536985751391,0.906337467679569,0.914388407442142,0.921313566217027,0.929038545301193,0.93715087797181,0.957652950775243,0.972856559847414,0.987729638001977,1,0.986760810949723,0.971014617145019,0.959104538824578,0.945683898583183,0.935825127197172,0.927574872429392,0.916955602529119,0.909944251537487,0.894281218905913,0.877978552821248,0.861178095984407,0.839467557281341,0.81113879206448,0.73283208762254,0.377437575193321,0.143632666692389
0.471831546404658,0.706176295662762,0.793281934915007,0.826600088373932,0.855013821169742,0.876155234679912,0.889988808403089,0.898056202726657,0.904144641463796,0.908441672726232,0.914719865749503,0.920860676175059,0.939148273537712,0.95358864263081,0.970423465737157,0.986760810949723,1,0.989377379558488,0.977728026111299,0.963448182636421,0.952675589987393,0.943247811157224,0.932923776898476,0.925157929253749,0.910302829160163,0.894459963200796,0.876662282937226,0.85428466491084,0.825419005751437,0.748448260014916,0.393977584251512,0.152901122202467
0.457871915926081,0.694302723131796,0.78200826928096,0.816053817000425,0.845982917203678,0.867052319699115,0.880420371760781,0.889276876028885,0.895270767144851,0.899363801679326,0.904772897783768,0.909827136806938,0.925995940145863,0.937992890974427,0.954612477416747,0.971014617145019,0.989377379558488,1,0.990999309077816,0.977094957537548,0.966030878881239,0.954147231030657,0.942765212792698,0.932210401358617,0.916977722476499,0.901128722230979,0.881683842844928,0.857707458114534,0.831084005987981,0.751748765961507,0.389801676751203,0.165741728082165
0.452315145878737,0.686703319443319,0.772155716780504,0.80704553002572,0.837224422008324,0.85803761635961,0.869970318285145,0.880922899586293,0.88711984915192,0.890755193426282,0.894804922259015,0.899921256807526,0.916179708599604,0.928063578061931,0.942629074502624,0.959104538824578,0.977728026111299,0.990999309077816,1,0.989964156392717,0.978285247623981,0.96476752551558,0.953574962411019,0.941873830736487,0.925419060818409,0.909319647011944,0.889530970436936,0.865254530241708,0.839817813114389,0.761622382068529,0.396700478717232,0.174942678814251
0.44103546644112,0.677182980845576,0.762168649511088,0.794757624891322,0.82767161526991,0.847336329107505,0.859830057118967,0.871452608974957,0.878191306281664,0.882321318783511,0.885164676116812,0.889785807605946,0.905352825129137,0.91589615718547,0.93031861622761,0.945683898583183,0.963448182636421,0.977094957537548,0.989964156392717,1,0.990795033470804,0.978055855943424,0.967328222094988,0.954912389201025,0.937543918936167,0.920143894363041,0.899863765964378,0.875396320745961,0.853382459530359,0.775508468177097,0.407134169424927,0.18171224591901
0.43114872022498,0.670666554905912,0.753105113946409,0.785645428342415,0.81843842139627,0.840222185412507,0.852565092571825,0.865071278383218,0.870919455258846,0.874840420949734,0.877155418609423,0.882162824409783,0.896794063878872,0.906982960716306,0.921827065638485,0.935825127197172,0.952675589987393,0.966030878881239,0.978285247623981,0.990795033470804,1,0.989426207585501,0.977173604413055,0.963479510323466,0.944986219066104,0.926635336718199,0.90541296292743,0.880664186290452,0.858343150316749,0.783565820876759,0.415931230644143,0.178223398062497
0.424968459045253,0.667137753862049,0.745969358443688,0.776871454390496,0.810655470482469,0.832060056787686,0.846216961228901,0.859097574788088,0.864863437249276,0.868643094046355,0.870094106884265,0.875644135765122,0.890309670023482,0.899895613535867,0.914673898931227,0.927574872429392,0.943247811157224,0.954147231030657,0.96476752551558,0.978055855943424,0.989426207585501,1,0.989732005384317,0.975228882565177,0.957459378782258,0.940856725187709,0.918811372857096,0.891789741236873,0.864984718612712,0.790038492242484,0.418296114914784,0.174503358527294
0.427377422651625,0.663979494384255,0.741322700257297,0.77449976050111,0.807950158557689,0.825931661852464,0.838482483278217,0.850377623396445,0.856125887917521,0.86093891759026,0.861925130963442,0.866639518301065,0.881011396916039,0.890984688371094,0.904618912315082,0.916955602529119,0.932923776898476,0.942765212792698,0.953574962411019,0.967328222094988,0.977173604413055,0.989732005384317,1,0.986733056807382,0.968950082029131,0.951213894785529,0.930136971760154,0.904966120367425,0.875173096380175,0.802015134001312,0.421838255102655,0.189891702833699
0.420199009685027,0.652701303586158,0.732813810457749,0.768186006804709,0.800447597275824,0.818750087668438,0.828937131441542,0.841276824190783,0.847677486572122,0.851948370756984,0.85434123975192,0.860293290410505,0.874706875416266,0.884880078003745,0.898340277380743,0.909944251537487,0.925157929253749,0.932210401358617,0.941873830736487,0.954912389201025,0.963479510323466,0.975228882565177,0.986733056807382,1,0.985565985550229,0.968746004086533,0.949242257759174,0.921253327911411,0.887929591287454,0.813642757658769,0.439558896582622,0.196647914258252
0.410266155315962,0.638228687766014,0.716636121856674,0.751898761502519,0.784751328849132,0.802000651510811,0.810162625937277,0.821513597085128,0.830902792040044,0.835258634674032,0.839102081409069,0.84728691563139,0.861290706398057,0.870900264441117,0.883575732178406,0.894281218905913,0.910302829160163,0.916977722476499,0.925419060818409,0.937543918936167,0.944986219066104,0.957459378782258,0.968950082029131,0.985565985550229,1,0.984611223910782,0.962644996555539,0.934806435730656,0.89869516808094,0.824019368493195,0.455136665159656,0.193660483849976
0.407723819714729,0.6316928739921,0.705991544361202,0.736503691813222,0.770531667849084,0.789926307064194,0.797268309609912,0.807850279028858,0.816570515376491,0.819976916390535,0.825349574414215,0.834601558742351,0.848176965997811,0.85799927548056,0.869393736094599,0.877978552821248,0.894459963200796,0.901128722230979,0.909319647011944,0.920143894363041,0.926635336718199,0.940856725187709,0.951213894785529,0.968746004086533,0.984611223910782,1,0.979392917861663,0.948862734598963,0.908147818553772,0.832022925845271,0.46095248526792,0.199400224309844
0.399874042964995,0.615093446181045,0.686218122084062,0.716300769040592,0.751121625312192,0.770032051834099,0.777224794452458,0.789673344251873,0.799372369026208,0.801244528691789,0.8083499822814,0.820061346534417,0.833478782256351,0.841053851660124,0.852554024788895,0.861178095984407,0.876662282937226,0.881683842844928,0.889530970436936,0.899863765964378,0.90541296292743,0.918811372857096,0.930136971760154,0.949242257759174,0.962644996555539,0.979392917861663,1,0.972860086724561,0.927908135158604,0.851915105640374,0.470837735702656,0.220818225882976
0.377642741391367,0.587426876523729,0.661563348885347,0.697250185685929,0.733120722662951,0.747950197157601,0.755390289572742,0.770334210520615,0.780710282952864,0.782914046953828,0.79040626457822,0.800684466990572,0.812562378106361,0.819609263545022,0.830957316837349,0.839467557281341,0.85428466491084,0.857707458114534,0.865254530241708,0.875396320745961,0.880664186290452,0.891789741236873,0.904966120367425,0.921253327911411,0.934806435730656,0.948862734598963,0.972860086724561,1,0.95976902889231,0.879001085371088,0.48329825083736,0.239269266393124
0.355459472979158,0.564609083227218,0.63585042786483,0.668162498822847,0.706642816403579,0.72403438471888,0.73316677933059,0.749905017344941,0.757954401576524,0.758823333048193,0.765974099817333,0.777475346412986,0.789892142461732,0.794111433417777,0.804340052329388,0.81113879206448,0.825419005751437,0.831084005987981,0.839817813114389,0.853382459530359,0.858343150316749,0.864984718612712,0.875173096380175,0.887929591287454,0.89869516808094,0.908147818553772,0.927908135158604,0.95976902889231,1,0.919039994399618,0.50023615698652,0.262681816100167
0.302389070183278,0.478875296888364,0.553318583221368,0.582688315269013,0.619011177948609,0.643806747951537,0.654540743616125,0.676265918481324,0.685252322168352,0.684464358145182,0.689083196847529,0.700005630169869,0.706845292537766,0.7109080321052,0.722776329765931,0.73283208762254,0.748448260014916,0.751748765961507,0.761622382068529,0.775508468177097,0.783565820876759,0.790038492242484,0.802015134001312,0.813642757658769,0.824019368493195,0.832022925845271,0.851915105640374,0.879001085371088,0.919039994399618,1,0.598428181931936,0.339627836871574
0.158750888273474,0.247253324478585,0.272870792476699,0.298608506499465,0.31661947275744,0.332600880083028,0.337263570007346,0.340215774366276,0.341921156149361,0.333606119613436,0.336986946825109,0.349178286338741,0.359632597493061,0.366567237787909,0.379419569984504,0.377437575193321,0.393977584251512,0.389801676751203,0.396700478717232,0.407134169424927,0.415931230644143,0.418296114914784,0.421838255102655,0.439558896582622,0.455136665159656,0.46095248526792,0.470837735702656,0.48329825083736,0.50023615698652,0.598428181931936,1,0.299854031122529
0.0334714234033518,0.0498941771316701,0.0778511002243056,0.0865975213838636,0.0854461746307672,0.0948622319093318,0.0936359024792971,0.106930424543617,0.11019367891411,0.114570156777187,0.120029140090998,0.117177156021559,0.114482894778166,0.118663074919722,0.135754072616,0.143632666692389,0.152901122202467,0.165741728082165,0.174942678814251,0.18171224591901,0.178223398062497,0.174503358527294,0.189891702833699,0.196647914258252,0.193660483849976,0.199400224309844,0.220818225882976,0.239269266393124,0.262681816100167,0.339627836871574,0.299854031122529,1
