1,0.94289989246447,0.808872497761084,0.751657619001965,0.706103114405781,0.681770470306446,0.661082150190643,0.627565191592057,0.612710684209407,0.590994641214779,0.57029866577526,0.536204360755876,0.490997482811628,0.44495187766075,0.406436018049104,0.374552081627499,0.348244755913058,0.299188551847993,0.239694463722006,0.222693970042977,0.214907040616065,0.209944870488206,0.201385812901821,0.199182324924708,0.192511345632953,0.173780439989226,0.168399174687829,0.188000550256361,0.171602724884344,0.123217467221261,0.114572988751944,0.111763879294984
0.94289989246447,1,0.956027107311502,0.895170278110823,0.842586146132926,0.80982819757716,0.784233769592991,0.744605752909567,0.731508760166835,0.710997496180362,0.689762479051061,0.652447380773467,0.601736301372936,0.547820133359361,0.499968121681492,0.462241974890244,0.433273116883701,0.383319112112291,0.320952817200377,0.300673585352927,0.288774016481187,0.281967268943062,0.270506490208029,0.269880773480698,0.262490959427989,0.237037977411545,0.225996437204495,0.242025935383599,0.226286775824419,0.180165953057413,0.164971334346846,0.149725472556558
0.808872497761084,0.956027107311502,1,0.965588374655662,0.921806649811019,0.881200469364184,0.851508305873148,0.807834194443715,0.796866432263755,0.778512200478361,0.758949470842985,0.721819720798357,0.669999135033227,0.612899636857973,0.560260170097773,0.519869049483123,0.490228213739589,0.443301586693229,0.382883767088828,0.361297859277788,0.346546533367464,0.339521857841038,0.326754668627673,0.325893668398473,0.316721093106387,0.284978804926744,0.268310951012827,0.279503441223544,0.264503045965143,0.222218636724537,0.203030124378981,0.178674960724363
0.751657619001965,0.895170278110823,0.965588374655662,1,0.986253403585392,0.937247446885123,0.902719955524546,0.854442316514827,0.842804965333807,0.823714300471567,0.80592382322415,0.769579578698747,0.717681721285235,0.659632801363988,0.606152329745132,0.564667049922807,0.533780275506192,0.487711534505548,0.427359997675793,0.405843282143375,0.390430950489959,0.385722576079687,0.373832525499603,0.368624585421804,0.354836088527984,0.31644567504756,0.295241194281751,0.304407682722463,0.286950630166486,0.241260036379021,0.223220794139409,0.199459088834528
0.706103114405781,0.842586146132926,0.921806649811019,0.986253403585392,1,0.974250783924067,0.946181748178994,0.896518906211686,0.883375321349763,0.862129595128318,0.845120446028772,0.80910083800325,0.758668004561561,0.700690481513591,0.646467813344668,0.603581234813948,0.570732621343209,0.523057895039092,0.460359321764911,0.439611497202063,0.425040423183307,0.420625068360164,0.408025759061831,0.401653814187993,0.385896713326579,0.342622696970148,0.317878723438807,0.325116008206207,0.306141900493013,0.258705810888232,0.241278188723026,0.217143501170048
0.681770470306446,0.80982819757716,0.881200469364184,0.937247446885123,0.974250783924067,1,0.988411153679008,0.940041327661487,0.924573507286796,0.899767557165023,0.88237486189129,0.845866674680254,0.797771524748185,0.740266779010124,0.68491971784944,0.64002044313477,0.604347059456149,0.55236917656344,0.484580542080795,0.465010915474056,0.452509707155536,0.446396998770393,0.431505310536801,0.427020481914932,0.411801420088481,0.365248219352803,0.337923896577255,0.343531588385881,0.323857613971783,0.275918383636577,0.258377059403807,0.232740199410191
0.661082150190643,0.784233769592991,0.851508305873148,0.902719955524546,0.946181748178994,0.988411153679008,1,0.979201254101182,0.966264653080874,0.939442412006742,0.922551766799416,0.886496742711338,0.842077762923618,0.786219448162089,0.731073600936806,0.685916870653908,0.649693028081843,0.597989602501166,0.529180195961285,0.509784482471531,0.496989897186363,0.489556449286555,0.472511659548891,0.467295325131938,0.450963826635719,0.403246018398231,0.373817431706146,0.376923067201202,0.355686451369881,0.305989079653227,0.289517145311065,0.262814766018731
0.627565191592057,0.744605752909567,0.807834194443715,0.854442316514827,0.896518906211686,0.940041327661487,0.979201254101182,1,0.992182256732659,0.964411279200756,0.948782659730117,0.914338249197462,0.875322453124234,0.822844428592008,0.769584174822859,0.725816259414707,0.690722308817015,0.642357770891071,0.575610006138705,0.556335742580465,0.542429768798886,0.533894452534776,0.514939500916419,0.507880481176614,0.489945760657654,0.442854661729338,0.411960615332326,0.411938143800797,0.389061672577637,0.337899530176628,0.323421088889481,0.296294966241066
0.612710684209407,0.731508760166835,0.796866432263755,0.842804965333807,0.883375321349763,0.924573507286796,0.966264653080874,0.992182256732659,1,0.989636849593656,0.975417392657876,0.942096240589392,0.904967481478584,0.853200637075072,0.799913089677922,0.756425844669194,0.722006844415798,0.674205906893797,0.606721994992994,0.587874293426251,0.574093576745601,0.565208504652238,0.545168163509889,0.539103376087745,0.521057315387234,0.470985884668023,0.438206956911512,0.438389088902289,0.41430111265225,0.360139894420326,0.346437891884865,0.319103846581079
0.590994641214779,0.710997496180362,0.778512200478361,0.823714300471567,0.862129595128318,0.899767557165023,0.939442412006742,0.964411279200756,0.989636849593656,1,0.987754382953217,0.956269505331831,0.921113209348787,0.870465097069612,0.817681917629772,0.774991063540351,0.741737982017947,0.694827202341574,0.627185110354989,0.609104441841886,0.595845284777509,0.586838259157183,0.566102441989327,0.561595938473365,0.543960820753398,0.491131150196822,0.456881333416185,0.457745232601562,0.432840022366004,0.376201241447055,0.363281399272438,0.336124769942488
0.57029866577526,0.689762479051061,0.758949470842985,0.80592382322415,0.845120446028772,0.88237486189129,0.922551766799416,0.948782659730117,0.975417392657876,0.987754382953217,1,0.989880152075422,0.958595932317333,0.91031427015457,0.859227889861439,0.818418988699209,0.787454533256213,0.742772186161897,0.675153358915779,0.65699048289049,0.642863317500241,0.632118598484921,0.608887101443913,0.605193625081254,0.588605456537117,0.541269347606047,0.507500686310914,0.504439977028519,0.477593998709855,0.41923763147737,0.404568586569487,0.372371473628378
0.536204360755876,0.652447380773467,0.721819720798357,0.769579578698747,0.80910083800325,0.845866674680254,0.886496742711338,0.914338249197462,0.942096240589392,0.956269505331831,0.989880152075422,1,0.979549060671317,0.93900213668458,0.892763981758832,0.855551359278409,0.827337788604853,0.78530333134198,0.718208664311356,0.700538033621195,0.68611329541305,0.675844546126896,0.651961108649257,0.648569890699375,0.63275390384741,0.591492450205584,0.55820451561524,0.550401600641755,0.520823165868811,0.460029437138448,0.443852714651775,0.407309515572058
0.490997482811628,0.601736301372936,0.669999135033227,0.717681721285235,0.758668004561561,0.797771524748185,0.842077762923618,0.875322453124234,0.904967481478584,0.921113209348787,0.958595932317333,0.979549060671317,1,0.988343517457331,0.957329351987761,0.928073112541967,0.901771815607469,0.860144629955932,0.790030445289895,0.774022766101252,0.760921323780293,0.761054004167065,0.743683424445762,0.737701675248774,0.719729496899002,0.682367139677432,0.646519987497078,0.63035818415918,0.59217485082312,0.520614435874194,0.503054648872777,0.463402102828416
0.44495187766075,0.547820133359361,0.612899636857973,0.659632801363988,0.700690481513591,0.740266779010124,0.786219448162089,0.822844428592008,0.853200637075072,0.870465097069612,0.91031427015457,0.93900213668458,0.988343517457331,1,0.987163622919492,0.967628496298543,0.943900056247583,0.903079335396339,0.831267894050745,0.816790092223566,0.805050542203182,0.814500996743495,0.803513752601484,0.79546771644638,0.775906804169874,0.741651298724697,0.704140118470889,0.681745762060445,0.637175790696946,0.557876075942475,0.538910835251885,0.497189517212584
0.406436018049104,0.499968121681492,0.560260170097773,0.606152329745132,0.646467813344668,0.68491971784944,0.731073600936806,0.769584174822859,0.799913089677922,0.817681917629772,0.859227889861439,0.892763981758832,0.957329351987761,0.987163622919492,1,0.994035787142504,0.973536355458859,0.932812233476834,0.858587392035509,0.845129283402789,0.834604922000621,0.85343014784235,0.849250290712337,0.839388839745312,0.818208267759877,0.784963164471324,0.745630745359379,0.718731975643992,0.668809778507045,0.582657362773413,0.561313480349831,0.517388392195936
0.374552081627499,0.462241974890244,0.519869049483123,0.564667049922807,0.603581234813948,0.64002044313477,0.685916870653908,0.725816259414707,0.756425844669194,0.774991063540351,0.818418988699209,0.855551359278409,0.928073112541967,0.967628496298543,0.994035787142504,1,0.990571440846539,0.957278727784276,0.886346304974323,0.875328092446674,0.866163851687481,0.88644651352449,0.882530297214299,0.871164149392131,0.848760148419012,0.816539398097653,0.77637634109837,0.747207142564188,0.694164964444252,0.603549364054176,0.580440247278267,0.53443435366606
0.348244755913058,0.433273116883701,0.490228213739589,0.533780275506192,0.570732621343209,0.604347059456149,0.649693028081843,0.690722308817015,0.722006844415798,0.741737982017947,0.787454533256213,0.827337788604853,0.901771815607469,0.943900056247583,0.973536355458859,0.990571440846539,1,0.981188941404172,0.918759887139356,0.911585854502975,0.903959275197579,0.918546523508229,0.90886723788884,0.896166805951233,0.872769125488067,0.841539679008084,0.801288835545431,0.771694991301303,0.717257105428179,0.623858436804334,0.599382778613017,0.551154598477934
0.299188551847993,0.383319112112291,0.443301586693229,0.487711534505548,0.523057895039092,0.55236917656344,0.597989602501166,0.642357770891071,0.674205906893797,0.694827202341574,0.742772186161897,0.78530333134198,0.860144629955932,0.903079335396339,0.932812233476834,0.957278727784276,0.981188941404172,1,0.977024459348848,0.969839992574366,0.951882331664573,0.954431461770582,0.934819666247418,0.917305741803858,0.889215803629351,0.851019433123432,0.805355281255183,0.770603727585647,0.715597702882287,0.625151371115388,0.605058021618671,0.560003169641214
0.239694463722006,0.320952817200377,0.382883767088828,0.427359997675793,0.460359321764911,0.484580542080795,0.529180195961285,0.575610006138705,0.606721994992994,0.627185110354989,0.675153358915779,0.718208664311356,0.790030445289895,0.831267894050745,0.858587392035509,0.886346304974323,0.918759887139356,0.977024459348848,1,0.991293333415882,0.960424732297342,0.950533552994968,0.921913891857963,0.899648899989101,0.867176601285485,0.821217626924406,0.770481234491674,0.730743490589278,0.677618128649518,0.595318850828996,0.582010457728851,0.543513764212725
0.222693970042977,0.300673585352927,0.361297859277788,0.405843282143375,0.439611497202063,0.465010915474056,0.509784482471531,0.556335742580465,0.587874293426251,0.609104441841886,0.65699048289049,0.700538033621195,0.774022766101252,0.816790092223566,0.845129283402789,0.875328092446674,0.911585854502975,0.969839992574366,0.991293333415882,1,0.988128127204707,0.973535167637107,0.938344964309122,0.920537064877025,0.890976708053514,0.844666893560998,0.795202290555756,0.76074192806806,0.708781452611183,0.623626775222475,0.608391227075802,0.566416641358574
0.214907040616065,0.288774016481187,0.346546533367464,0.390430950489959,0.425040423183307,0.452509707155536,0.496989897186363,0.542429768798886,0.574093576745601,0.595845284777509,0.642863317500241,0.68611329541305,0.760921323780293,0.805050542203182,0.834604922000621,0.866163851687481,0.903959275197579,0.951882331664573,0.960424732297342,0.988128127204707,1,0.9835304294311,0.943965589044015,0.932380608975981,0.907479418081666,0.863384923025721,0.817296666960958,0.790268679380266,0.739956852642473,0.651162872022276,0.632482770071726,0.585877593603821
0.209944870488206,0.281967268943062,0.339521857841038,0.385722576079687,0.420625068360164,0.446396998770393,0.489556449286555,0.533894452534776,0.565208504652238,0.586838259157183,0.632118598484921,0.675844546126896,0.761054004167065,0.814500996743495,0.85343014784235,0.88644651352449,0.918546523508229,0.954431461770582,0.950533552994968,0.973535167637107,0.9835304294311,1,0.987997884676161,0.974038433365457,0.945309777671385,0.892064797427984,0.839640228695488,0.808843216363921,0.757326025245559,0.668772807322139,0.655960513235831,0.613458695397504
0.201385812901821,0.270506490208029,0.326754668627673,0.373832525499603,0.408025759061831,0.431505310536801,0.472511659548891,0.514939500916419,0.545168163509889,0.566102441989327,0.608887101443913,0.651961108649257,0.743683424445762,0.803513752601484,0.849250290712337,0.882530297214299,0.90886723788884,0.934819666247418,0.921913891857963,0.938344964309122,0.943965589044015,0.987997884676161,1,0.983718230275534,0.951976358260248,0.892100721190493,0.835273289240697,0.801266472466279,0.749834846573996,0.664072161314511,0.656893980814602,0.619402584184996
0.199182324924708,0.269880773480698,0.325893668398473,0.368624585421804,0.401653814187993,0.427020481914932,0.467295325131938,0.507880481176614,0.539103376087745,0.561595938473365,0.605193625081254,0.648569890699375,0.737701675248774,0.79546771644638,0.839388839745312,0.871164149392131,0.896166805951233,0.917305741803858,0.899648899989101,0.920537064877025,0.932380608975981,0.974038433365457,0.983718230275534,1,0.990771443648492,0.929264412706366,0.871001388155857,0.837020444198947,0.789539685868113,0.709502271885503,0.698475121104681,0.651049179473923
0.192511345632953,0.262490959427989,0.316721093106387,0.354836088527984,0.385896713326579,0.411801420088481,0.450963826635719,0.489945760657654,0.521057315387234,0.543960820753398,0.588605456537117,0.63275390384741,0.719729496899002,0.775906804169874,0.818208267759877,0.848760148419012,0.872769125488067,0.889215803629351,0.867176601285485,0.890976708053514,0.907479418081666,0.945309777671385,0.951976358260248,0.990771443648492,1,0.953462008111433,0.901331706900103,0.864914982145111,0.820479570567865,0.74670035510797,0.73081015425445,0.673011555815594
0.173780439989226,0.237037977411545,0.284978804926744,0.31644567504756,0.342622696970148,0.365248219352803,0.403246018398231,0.442854661729338,0.470985884668023,0.491131150196822,0.541269347606047,0.591492450205584,0.682367139677432,0.741651298724697,0.784963164471324,0.816539398097653,0.841539679008084,0.851019433123432,0.821217626924406,0.844666893560998,0.863384923025721,0.892064797427984,0.892100721190493,0.929264412706366,0.953462008111433,1,0.987106808243488,0.933603370374626,0.887767797415481,0.822503575949584,0.793187560485419,0.712265280171162
0.168399174687829,0.225996437204495,0.268310951012827,0.295241194281751,0.317878723438807,0.337923896577255,0.373817431706146,0.411960615332326,0.438206956911512,0.456881333416185,0.507500686310914,0.55820451561524,0.646519987497078,0.704140118470889,0.745630745359379,0.77637634109837,0.801288835545431,0.805355281255183,0.770481234491674,0.795202290555756,0.817296666960958,0.839640228695488,0.835273289240697,0.871001388155857,0.901331706900103,0.987106808243488,1,0.964104389432883,0.92592167905376,0.859607535757732,0.818832140415028,0.72359440169613
0.188000550256361,0.242025935383599,0.279503441223544,0.304407682722463,0.325116008206207,0.343531588385881,0.376923067201202,0.411938143800797,0.438389088902289,0.457745232601562,0.504439977028519,0.550401600641755,0.63035818415918,0.681745762060445,0.718731975643992,0.747207142564188,0.771694991301303,0.770603727585647,0.730743490589278,0.76074192806806,0.790268679380266,0.808843216363921,0.801266472466279,0.837020444198947,0.864914982145111,0.933603370374626,0.964104389432883,1,0.983403218968842,0.898866789694253,0.842884353015056,0.735446213473545
0.171602724884344,0.226286775824419,0.264503045965143,0.286950630166486,0.306141900493013,0.323857613971783,0.355686451369881,0.389061672577637,0.41430111265225,0.432840022366004,0.477593998709855,0.520823165868811,0.59217485082312,0.637175790696946,0.668809778507045,0.694164964444252,0.717257105428179,0.715597702882287,0.677618128649518,0.708781452611183,0.739956852642473,0.757326025245559,0.749834846573996,0.789539685868113,0.820479570567865,0.887767797415481,0.92592167905376,0.983403218968842,1,0.956599913505276,0.898812966924549,0.769947084444936
0.123217467221261,0.180165953057413,0.222218636724537,0.241260036379021,0.258705810888232,0.275918383636577,0.305989079653227,0.337899530176628,0.360139894420326,0.376201241447055,0.41923763147737,0.460029437138448,0.520614435874194,0.557876075942475,0.582657362773413,0.603549364054176,0.623858436804334,0.625151371115388,0.595318850828996,0.623626775222475,0.651162872022276,0.668772807322139,0.664072161314511,0.709502271885503,0.74670035510797,0.822503575949584,0.859607535757732,0.898866789694253,0.956599913505276,1,0.952222926713954,0.798911890886228
0.114572988751944,0.164971334346846,0.203030124378981,0.223220794139409,0.241278188723026,0.258377059403807,0.289517145311065,0.323421088889481,0.346437891884865,0.363281399272438,0.404568586569487,0.443852714651775,0.503054648872777,0.538910835251885,0.561313480349831,0.580440247278267,0.599382778613017,0.605058021618671,0.582010457728851,0.608391227075802,0.632482770071726,0.655960513235831,0.656893980814602,0.698475121104681,0.73081015425445,0.793187560485419,0.818832140415028,0.842884353015056,0.898812966924549,0.952222926713954,1,0.94181702305198
0.111763879294984,0.149725472556558,0.178674960724363,0.199459088834528,0.217143501170048,0.232740199410191,0.262814766018731,0.296294966241066,0.319103846581079,0.336124769942488,0.372371473628378,0.407309515572058,0.463402102828416,0.497189517212584,0.517388392195936,0.53443435366606,0.551154598477934,0.560003169641214,0.543513764212725,0.566416641358574,0.585877593603821,0.613458695397504,0.619402584184996,0.651049179473923,0.673011555815594,0.712265280171162,0.72359440169613,0.735446213473545,0.769947084444936,0.798911890886228,0.94181702305198,1
