1,0.970659389070746,0.872531440429223,0.783214979191385,0.748539601474151,0.700987380588367,0.66284765148335,0.633823279641059,0.605706337866104,0.5834949724748,0.557021708798075,0.526743381660074,0.510544236611236,0.498525907173706,0.487430286725265,0.482815551128497,0.47797041243235,0.472694558342022,0.466243671932033,0.458946463689455,0.450916955244433,0.44076717986017,0.429147961085031,0.415884441915204,0.397174096444975,0.375795687286162,0.35646522053347,0.337889837843398,0.319829372814829,0.30032451063395,0.271986070102739,0.246705384890195
0.970659389070746,1,0.964408811555031,0.908338216064184,0.873457414642964,0.822692380640028,0.782565139552925,0.752641865445951,0.723037115177676,0.706065599723683,0.685363423590843,0.658395158063747,0.644171831887306,0.63358681616,0.623522054472827,0.617160512663164,0.610289646257677,0.603195526745222,0.598459578355968,0.592395429479588,0.584708618848311,0.572219638490886,0.557752886828461,0.541972057746071,0.520759913783543,0.495593596872635,0.470400836244908,0.443703541534182,0.418313259010732,0.395482745581521,0.362500334765424,0.331908150678637
0.872531440429223,0.964408811555031,1,0.9842922477821,0.951552393730688,0.900699114589704,0.861109179326655,0.832227889206939,0.802995930166039,0.792937916676884,0.779986551708382,0.758488063524924,0.747402532384877,0.739111878772298,0.730863625567738,0.723012904732339,0.714380708916667,0.705768540720836,0.703239748564199,0.69894299247365,0.692154611557596,0.677940809842297,0.661324465602086,0.643846333987125,0.621322486317734,0.593698531079404,0.56376886797766,0.529952015698514,0.498224499654881,0.473286163303518,0.437435122819037,0.403078085303054
0.783214979191385,0.908338216064184,0.9842922477821,1,0.98441134903322,0.947271796488275,0.915735524537147,0.891273544935612,0.865355102148154,0.858143951377784,0.84685967534245,0.825924782874611,0.816850607242389,0.810562988854294,0.803931673016918,0.795981840264285,0.787013294389705,0.778010054787211,0.77558252680581,0.771180498890564,0.763790162717936,0.747308597930476,0.728261542209532,0.709349427353746,0.686912683622023,0.658498978129143,0.626669120483486,0.589603683668893,0.55471007219007,0.529080446846954,0.491591307786288,0.454795293290931
0.748539601474151,0.873457414642964,0.951552393730688,0.98441134903322,1,0.988863018742833,0.971533583460789,0.953725492163198,0.932960541209054,0.923230099718611,0.905948698699856,0.879038633414171,0.870025357936344,0.86485927801683,0.85911183586434,0.852351144319646,0.844368815211432,0.835962555876848,0.831112861422948,0.824300737783746,0.814383810710911,0.794688847279967,0.772486698881019,0.75189755818443,0.730238985802572,0.701925282788252,0.670450922285243,0.633566866506996,0.598210484016635,0.572588341705421,0.533612454593106,0.494784206657168
0.700987380588367,0.822692380640028,0.900699114589704,0.947271796488275,0.988863018742833,1,0.995113785833745,0.983369357831874,0.967470389167004,0.955844879098805,0.933909212183944,0.902597701677189,0.893855233025979,0.889763863558817,0.884904166455144,0.879314183414753,0.872360570759309,0.864663974555862,0.857882658486479,0.849196869089786,0.837383232925796,0.815448271959971,0.791116458254662,0.769609131302711,0.74913594425498,0.721595674531782,0.691187835557062,0.655354573070419,0.620466746079533,0.59547426837506,0.556188516170352,0.516585229052098
0.66284765148335,0.782565139552925,0.861109179326655,0.915735524537147,0.971533583460789,0.995113785833745,1,0.995924067231825,0.986334038696742,0.975862298896775,0.952895073624161,0.920439557952307,0.912374369564637,0.909202076290465,0.905104361212156,0.900562184010898,0.894537046792887,0.887537131286825,0.879810462347983,0.870183328255017,0.857469769650227,0.834718965113948,0.809544977655653,0.787783583070174,0.768066925720844,0.740929673127171,0.711380763702697,0.676563219314386,0.642126303382582,0.617422026767242,0.577438872979219,0.536843158360989
0.633823279641059,0.752641865445951,0.832227889206939,0.891273544935612,0.953725492163198,0.983369357831874,0.995924067231825,1,0.997174250226376,0.989539730075659,0.967656339225706,0.935945537925423,0.928737386924472,0.926333907572729,0.922872285702216,0.919236286168816,0.91401478716934,0.907648641275418,0.899587500712291,0.889594147893925,0.876584140955544,0.853842656562287,0.828568411310219,0.806906078524742,0.787609975150466,0.760577827387367,0.731653122139358,0.697696336539705,0.663598806654936,0.638913575931987,0.597960303061693,0.556213991212601
0.605706337866104,0.723037115177676,0.802995930166039,0.865355102148154,0.932960541209054,0.967470389167004,0.986334038696742,0.997174250226376,1,0.994776071841891,0.973931526399589,0.943038251782273,0.936588760175174,0.934840571714491,0.931930280800188,0.929071648461038,0.924551974950547,0.918753292490536,0.910463717646578,0.900227508057494,0.88705152093073,0.864459264136278,0.839258734971845,0.817813662066728,0.798987867931939,0.772211416539215,0.743986534756487,0.710957899740283,0.677355148137008,0.652839336726602,0.611332810825175,0.568887860073921
0.5834949724748,0.706065599723683,0.792937916676884,0.858143951377784,0.923230099718611,0.955844879098805,0.975862298896775,0.989539730075659,0.994776071841891,1,0.991850973493201,0.971722749840218,0.966977489276868,0.965074277443043,0.961985082013744,0.959976431973836,0.956226192115075,0.951130592690351,0.94432253613365,0.935373306032289,0.923703068466998,0.90393376510657,0.88104430840738,0.860484851196792,0.839867035274022,0.811005586811374,0.783463598991694,0.753221342455627,0.721070805274567,0.693540751845051,0.645972421844661,0.598718526864986
0.557021708798075,0.685363423590843,0.779986551708382,0.84685967534245,0.905948698699856,0.933909212183944,0.952895073624161,0.967656339225706,0.973931526399589,0.991850973493201,1,0.993887269915455,0.991154272528916,0.988837331305795,0.985356246888391,0.984202632675348,0.981252341369519,0.976936161986195,0.972232725963038,0.965167468240744,0.955674529509634,0.939793552737541,0.920192514602428,0.900979185035409,0.878122998171355,0.846826084134546,0.820282971008299,0.793737352616199,0.763723778382353,0.732559409899883,0.677902733120451,0.625243646484345
0.526743381660074,0.658395158063747,0.758488063524924,0.825924782874611,0.879038633414171,0.902597701677189,0.920439557952307,0.935945537925423,0.943038251782273,0.971722749840218,0.993887269915455,1,0.999046706083737,0.996401777182442,0.992626967184387,0.992229470212395,0.990011230742876,0.98642730892247,0.983609566210855,0.97826991723041,0.970788747828445,0.95848636458202,0.941993086722131,0.924199344639782,0.899704639664713,0.866709617366009,0.841381748238363,0.818389116072107,0.790622700703815,0.75671963151931,0.696640702422508,0.639991561459519
0.510544236611236,0.644171831887306,0.747402532384877,0.816850607242389,0.870025357936344,0.893855233025979,0.912374369564637,0.928737386924472,0.936588760175174,0.966977489276868,0.991154272528916,0.999046706083737,1,0.999061544639832,0.996751784551486,0.996208639625745,0.993759538967791,0.990022105302598,0.987964474537584,0.983321045860386,0.976390584802254,0.964215670550427,0.947804328658737,0.929820623536981,0.904600120106483,0.870914408641971,0.844475878502994,0.820076404052868,0.791265387346191,0.757465000417598,0.697956088720079,0.641642839607821
0.498525907173706,0.63358681616,0.739111878772298,0.810562988854294,0.86485927801683,0.889763863558817,0.909202076290465,0.926333907572729,0.934840571714491,0.965074277443043,0.988837331305795,0.996401777182442,0.999061544639832,1,0.999304601340529,0.998469442716368,0.995642961771171,0.99161113630056,0.990021649843534,0.985808739882278,0.979103127523907,0.966420812767427,0.949541247751696,0.931107024081651,0.905424265521878,0.871328905828636,0.843501073157933,0.816971621286718,0.786655595277869,0.753479181287997,0.695592239263335,0.640390096412504
0.487430286725265,0.623522054472827,0.730863625567738,0.803931673016918,0.85911183586434,0.884904166455144,0.905104361212156,0.922872285702216,0.931930280800188,0.961985082013744,0.985356246888391,0.992626967184387,0.996751784551486,0.999304601340529,1,0.998914711637083,0.995767605121379,0.991488408176572,0.990304321578673,0.986468364564613,0.97996639767957,0.966866343245507,0.949609074763988,0.930814726023801,0.904772635360042,0.870375877689978,0.841393872219873,0.813070672474943,0.781504605885061,0.748915223767436,0.692511603930106,0.638348961335606
0.482815551128497,0.617160512663164,0.723012904732339,0.795981840264285,0.852351144319646,0.879314183414753,0.900562184010898,0.919236286168816,0.929071648461038,0.959976431973836,0.984202632675348,0.992229470212395,0.996208639625745,0.998469442716368,0.998914711637083,1,0.998966568523291,0.996472481387561,0.995104942013471,0.991084805136134,0.984686751390576,0.972840672666671,0.956675665960473,0.938859686391098,0.913650516995766,0.879855241778095,0.852250980434866,0.825779739943466,0.795386881805915,0.764256349543026,0.708571385030397,0.654465899372542
0.47797041243235,0.610289646257677,0.714380708916667,0.787013294389705,0.844368815211432,0.872360570759309,0.894537046792887,0.91401478716934,0.924551974950547,0.956226192115075,0.981252341369519,0.990011230742876,0.993759538967791,0.995642961771171,0.995767605121379,0.998966568523291,1,0.99925352222753,0.997688559095199,0.99347734251014,0.987181749704628,0.976597685916537,0.961544756040435,0.944732981338032,0.920402348752829,0.887275942633641,0.861127036851539,0.836603677806754,0.807479188378454,0.777792810708384,0.722835838741437,0.668839227188358
0.472694558342022,0.603195526745222,0.705768540720836,0.778010054787211,0.835962555876848,0.864663974555862,0.887537131286825,0.907648641275418,0.918753292490536,0.951130592690351,0.976936161986195,0.98642730892247,0.990022105302598,0.99161113630056,0.991488408176572,0.996472481387561,0.99925352222753,1,0.998466837789241,0.994283104232919,0.988246990599626,0.978869123133391,0.964886577806241,0.949055130912402,0.925614429567585,0.893187026010161,0.868294253256431,0.845346176008681,0.817247584518034,0.788910654921947,0.734765451260954,0.680991387862158
0.466243671932033,0.598459578355968,0.703239748564199,0.77558252680581,0.831112861422948,0.857882658486479,0.879810462347983,0.899587500712291,0.910463717646578,0.94432253613365,0.972232725963038,0.983609566210855,0.987964474537584,0.990021649843534,0.990304321578673,0.995104942013471,0.997688559095199,0.998466837789241,1,0.998669095986585,0.99515364527399,0.987547310174087,0.975106486430706,0.960804582674265,0.938974888179396,0.907761101485562,0.882489662882363,0.857639463999572,0.827993128275474,0.800789129676424,0.74830794124094,0.69526762527005
0.458946463689455,0.592395429479588,0.69894299247365,0.771180498890564,0.824300737783746,0.849196869089786,0.870183328255017,0.889594147893925,0.900227508057494,0.935373306032289,0.965167468240744,0.97826991723041,0.983321045860386,0.985808739882278,0.986468364564613,0.991084805136134,0.99347734251014,0.994283104232919,0.998669095986585,1,0.998842887830899,0.992908174371285,0.981938185593346,0.969100905013279,0.948832510281578,0.918835648405243,0.893281121232445,0.866727185296286,0.835720539722137,0.809647221811462,0.758861304685893,0.706651022111101
0.450916955244433,0.584708618848311,0.692154611557596,0.763790162717936,0.814383810710911,0.837383232925796,0.857469769650227,0.876584140955544,0.88705152093073,0.923703068466998,0.955674529509634,0.970788747828445,0.976390584802254,0.979103127523907,0.97996639767957,0.984686751390576,0.987181749704628,0.988246990599626,0.99515364527399,0.998842887830899,1,0.99666732947811,0.988012886810174,0.97718126839651,0.958503712203191,0.929751716013154,0.90436469975097,0.876893008080351,0.845082329009647,0.820307899946475,0.771109678285873,0.719616608570568
0.44076717986017,0.572219638490886,0.677940809842297,0.747308597930476,0.794688847279967,0.815448271959971,0.834718965113948,0.853842656562287,0.864459264136278,0.90393376510657,0.939793552737541,0.95848636458202,0.964215670550427,0.966420812767427,0.966866343245507,0.972840672666671,0.976597685916537,0.978869123133391,0.987547310174087,0.992908174371285,0.99666732947811,1,0.997312780997259,0.990901179449858,0.974144666873374,0.94684368040045,0.923259857884457,0.897571696037883,0.866776753416984,0.844076379041889,0.796116168000804,0.744789205127639
0.429147961085031,0.557752886828461,0.661324465602086,0.728261542209532,0.772486698881019,0.791116458254662,0.809544977655653,0.828568411310219,0.839258734971845,0.88104430840738,0.920192514602428,0.941993086722131,0.947804328658737,0.949541247751696,0.949609074763988,0.956675665960473,0.961544756040435,0.964886577806241,0.975106486430706,0.981938185593346,0.988012886810174,0.997312780997259,1,0.997594442974627,0.982658404917727,0.956815650447162,0.934985242421962,0.911044788134505,0.881337004553749,0.860628287098765,0.814052363718266,0.763166134032556
0.415884441915204,0.541972057746071,0.643846333987125,0.709349427353746,0.75189755818443,0.769609131302711,0.787783583070174,0.806906078524742,0.817813662066728,0.860484851196792,0.900979185035409,0.924199344639782,0.929820623536981,0.931107024081651,0.930814726023801,0.938859686391098,0.944732981338032,0.949055130912402,0.960804582674265,0.969100905013279,0.97718126839651,0.990901179449858,0.997594442974627,1,0.991789979251355,0.971629250251296,0.953306856966288,0.930404564592585,0.901188994915103,0.882237544171728,0.836818397353285,0.786102627296959
0.397174096444975,0.520759913783543,0.621322486317734,0.686912683622023,0.730238985802572,0.74913594425498,0.768066925720844,0.787609975150466,0.798987867931939,0.839867035274022,0.878122998171355,0.899704639664713,0.904600120106483,0.905424265521878,0.904772635360042,0.913650516995766,0.920402348752829,0.925614429567585,0.938974888179396,0.948832510281578,0.958503712203191,0.974144666873374,0.982658404917727,0.991789979251355,1,0.993896342130549,0.982693669612149,0.959679192995127,0.929986267992047,0.91257299879433,0.868127073345865,0.817245530168778
0.375795687286162,0.495593596872635,0.593698531079404,0.658498978129143,0.701925282788252,0.721595674531782,0.740929673127171,0.760577827387367,0.772211416539215,0.811005586811374,0.846826084134546,0.866709617366009,0.870914408641971,0.871328905828636,0.870375877689978,0.879855241778095,0.887275942633641,0.893187026010161,0.907761101485562,0.918835648405243,0.929751716013154,0.94684368040045,0.956815650447162,0.971629250251296,0.993896342130549,1,0.995087129158473,0.972279349157666,0.942566157166634,0.926709471829099,0.883689208657936,0.833335595904141
0.35646522053347,0.470400836244908,0.56376886797766,0.626669120483486,0.670450922285243,0.691187835557062,0.711380763702697,0.731653122139358,0.743986534756487,0.783463598991694,0.820282971008299,0.841381748238363,0.844475878502994,0.843501073157933,0.841393872219873,0.852250980434866,0.861127036851539,0.868294253256431,0.882489662882363,0.893281121232445,0.90436469975097,0.923259857884457,0.934985242421962,0.953306856966288,0.982693669612149,0.995087129158473,1,0.98920288010172,0.967984132260338,0.953009634356545,0.906260131216793,0.852915978042833
0.337889837843398,0.443703541534182,0.529952015698514,0.589603683668893,0.633566866506996,0.655354573070419,0.676563219314386,0.697696336539705,0.710957899740283,0.753221342455627,0.793737352616199,0.818389116072107,0.820076404052868,0.816971621286718,0.813070672474943,0.825779739943466,0.836603677806754,0.845346176008681,0.857639463999572,0.866727185296286,0.876893008080351,0.897571696037883,0.911044788134505,0.930404564592585,0.959679192995127,0.972279349157666,0.98920288010172,1,0.994319061679694,0.979655627364834,0.925276514195537,0.866504936384057
0.319829372814829,0.418313259010732,0.498224499654881,0.55471007219007,0.598210484016635,0.620466746079533,0.642126303382582,0.663598806654936,0.677355148137008,0.721070805274567,0.763723778382353,0.790622700703815,0.791265387346191,0.786655595277869,0.781504605885061,0.795386881805915,0.807479188378454,0.817247584518034,0.827993128275474,0.835720539722137,0.845082329009647,0.866776753416984,0.881337004553749,0.901188994915103,0.929986267992047,0.942566157166634,0.967984132260338,0.994319061679694,1,0.98576078140963,0.926575670829431,0.864656933423685
0.30032451063395,0.395482745581521,0.473286163303518,0.529080446846954,0.572588341705421,0.59547426837506,0.617422026767242,0.638913575931987,0.652839336726602,0.693540751845051,0.732559409899883,0.75671963151931,0.757465000417598,0.753479181287997,0.748915223767436,0.764256349543026,0.777792810708384,0.788910654921947,0.800789129676424,0.809647221811462,0.820307899946475,0.844076379041889,0.860628287098765,0.882237544171728,0.91257299879433,0.926709471829099,0.953009634356545,0.979655627364834,0.98576078140963,1,0.976113263851467,0.935806536889512
0.271986070102739,0.362500334765424,0.437435122819037,0.491591307786288,0.533612454593106,0.556188516170352,0.577438872979219,0.597960303061693,0.611332810825175,0.645972421844661,0.677902733120451,0.696640702422508,0.697956088720079,0.695592239263335,0.692511603930106,0.708571385030397,0.722835838741437,0.734765451260954,0.74830794124094,0.758861304685893,0.771109678285873,0.796116168000804,0.814052363718266,0.836818397353285,0.868127073345865,0.883689208657936,0.906260131216793,0.925276514195537,0.926575670829431,0.976113263851467,1,0.990041168301169
0.246705384890195,0.331908150678637,0.403078085303054,0.454795293290931,0.494784206657168,0.516585229052098,0.536843158360989,0.556213991212601,0.568887860073921,0.598718526864986,0.625243646484345,0.639991561459519,0.641642839607821,0.640390096412504,0.638348961335606,0.654465899372542,0.668839227188358,0.680991387862158,0.69526762527005,0.706651022111101,0.719616608570568,0.744789205127639,0.763166134032556,0.786102627296959,0.817245530168778,0.833335595904141,0.852915978042833,0.866504936384057,0.864656933423685,0.935806536889512,0.990041168301169,1
