1,0.865269461284762,0.818255867840714,0.783611219621777,0.758532437855186,0.738399179983356,0.714221830889803,0.699393547145747,0.684537153361027,0.664156577858345,0.635490547288394,0.613661108082707,0.592556572933918,0.570503116391199,0.53972653686199,0.500275445387537,0.471330274437235,0.425700372952649,0.388926378708842,0.356981640397842,0.313081854496139,0.222825838620664,0.180899442322793,0.155411223305791,0.131392111410578,0.101138203409778,0.0650994762063494,0.0410359947122051,0.0200506613962581,0.0115946683784029,0.0289956041534419,-0.00899476178847878
0.865269461284762,1,0.949457685081552,0.911027504660228,0.884647566144323,0.864830413531131,0.837439441396243,0.81778932757206,0.804342172623435,0.78806730817404,0.762287062103943,0.740842098040232,0.722054738927946,0.696594069817457,0.65667564170358,0.607184828144354,0.582107681587959,0.53232632947676,0.492030962305498,0.457404635941166,0.407796007119778,0.302522952367115,0.261108712616779,0.24228909948752,0.221270268094425,0.179586179792308,0.138295913005682,0.100855397707849,0.077697194229397,0.0670340513092476,0.0663779499301765,0.0208140674530777
0.818255867840714,0.949457685081552,1,0.980721119699395,0.945674577845692,0.919069811788606,0.888575555281991,0.87041986147333,0.854054505526481,0.835449263851137,0.810527671630065,0.79120461934903,0.774315589005603,0.749245735610934,0.708259088275257,0.656328525416376,0.626474846996637,0.577529342716909,0.536772165819287,0.501604805711686,0.452674728318168,0.349103247141756,0.304584156814474,0.283245125521383,0.258409128892451,0.209106778720251,0.17187790815496,0.13343525278934,0.111496550349539,0.100560368754982,0.0927889357500236,0.0535089022066901
0.783611219621777,0.911027504660228,0.980721119699395,1,0.986511022046333,0.956527404962539,0.921750322998224,0.904802695442251,0.885433210406184,0.863095615893679,0.836554589771678,0.819198390098884,0.800780859806551,0.775484282845498,0.734991022397898,0.683035206349835,0.651925767251611,0.602707167528678,0.563165642129485,0.528610670561975,0.477258077897139,0.369830708887647,0.323672135119659,0.301987189523882,0.277655359550653,0.228902191213105,0.191715188289447,0.155498328508763,0.134501155652157,0.122150803039775,0.110663771379155,0.0700378516238102
0.758532437855186,0.884647566144323,0.945674577845692,0.986511022046333,1,0.985726929475105,0.948512598359068,0.931472963326274,0.910964374206307,0.887263580528328,0.859842236845954,0.842865481019651,0.823233644141496,0.797927743782954,0.758444903422673,0.707575976664161,0.676573857842787,0.627619752491514,0.589199528505523,0.555104496702999,0.501527479589095,0.390002170858266,0.343425228637699,0.322286870192188,0.299612737702292,0.253470520361656,0.216937252900352,0.183013134534833,0.160390013328918,0.145472734737405,0.1355145597992,0.0891020908220682
0.738399179983356,0.864830413531131,0.919069811788606,0.956527404962539,0.985726929475105,1,0.974616157067671,0.956933111462922,0.937498629514614,0.915208156137063,0.888163189102076,0.870298386404771,0.851604837961536,0.826604414488643,0.787654307337214,0.737893116031054,0.707088806600141,0.659329417807936,0.621195216638773,0.587022204849083,0.532914988532788,0.418910792406751,0.372472922187493,0.351890155246405,0.329933387736427,0.28419285981734,0.249462928425298,0.215554056266494,0.189202085474262,0.171751733780895,0.166758477581407,0.114723589593411
0.714221830889803,0.837439441396243,0.888575555281991,0.921750322998224,0.948512598359068,0.974616157067671,1,0.98389023601998,0.96638262344403,0.944973419788855,0.917054300482737,0.899322187148729,0.883531498370952,0.85845456774373,0.818669144351118,0.769293015414878,0.738541575379246,0.692014699534419,0.653809524394999,0.619711166779929,0.566273601882238,0.449314637347865,0.402478500577346,0.382073948361348,0.359043777021704,0.309272804012808,0.273507236090537,0.235874931970275,0.207082182807798,0.189576597436906,0.187318849878565,0.135854618447012
0.699393547145747,0.81778932757206,0.87041986147333,0.904802695442251,0.931472963326274,0.956933111462922,0.98389023601998,1,0.990587224261047,0.967331955930319,0.938236653683515,0.922126394435469,0.905579759756245,0.881286270587584,0.843068330211218,0.794576813505168,0.763177938643247,0.714525853473531,0.675880916011906,0.642260133992826,0.587894187838466,0.463955770593959,0.418865836811819,0.399688488977569,0.377876321051645,0.331047315413716,0.298621323208025,0.260937902561931,0.232557126185663,0.216273049867404,0.215598665579874,0.16641149510762
0.684537153361027,0.804342172623435,0.854054505526481,0.885433210406184,0.910964374206307,0.937498629514614,0.96638262344403,0.990587224261047,1,0.990164148939361,0.961170400025291,0.943886817268885,0.927629239499426,0.903832215841814,0.866489983994717,0.819096223177411,0.788441640083817,0.741820904359646,0.704291216619686,0.671627811480607,0.61835484596261,0.495394187131875,0.451565538050107,0.432343061613793,0.410141945211501,0.363564923149293,0.330396964456623,0.290924737034237,0.261884547418342,0.24566952302548,0.245108640287222,0.197678305476897
0.664156577858345,0.78806730817404,0.835449263851137,0.863095615893679,0.887263580528328,0.915208156137063,0.944973419788855,0.967331955930319,0.990164148939361,1,0.986104455793647,0.967479642886663,0.951963035713042,0.928399081201009,0.892240474857523,0.847510258631936,0.818857213590297,0.777187835130209,0.741552514680741,0.709280710417962,0.6569351801362,0.53951528917912,0.49658535011267,0.477244026959515,0.454473352794513,0.406343652086061,0.371576048494057,0.329876643015934,0.299308435666386,0.281873314202156,0.280150967045309,0.229381205699214
0.635490547288394,0.762287062103943,0.810527671630065,0.836554589771678,0.859842236845954,0.888163189102076,0.917054300482737,0.938236653683515,0.961170400025291,0.986104455793647,1,0.986527155278465,0.971985597226061,0.948691660723587,0.914591184557857,0.874118686809862,0.848177087131886,0.812321137099175,0.778776744881399,0.746314464724253,0.69404046565384,0.584273503015154,0.542306440140094,0.523576358677044,0.501116900672108,0.451177098304939,0.416147808483522,0.372512845065545,0.339666580723821,0.319953500007719,0.316637968665107,0.258750834072451
0.613661108082707,0.740842098040232,0.79120461934903,0.819198390098884,0.842865481019651,0.870298386404771,0.899322187148729,0.922126394435469,0.943886817268885,0.967479642886663,0.986527155278465,1,0.987136957919551,0.964530743804793,0.932284035883042,0.894171413161985,0.869872230229756,0.836706367246923,0.804769163952538,0.773071922979349,0.721565948568958,0.61952507256269,0.578769539157161,0.560848405329989,0.539202835160361,0.488671019658239,0.453534644326779,0.406341133169609,0.369347516794969,0.346670574267976,0.343404462460326,0.28712266048331
0.592556572933918,0.722054738927946,0.774315589005603,0.800780859806551,0.823233644141496,0.851604837961536,0.883531498370952,0.905579759756245,0.927629239499426,0.951963035713042,0.971985597226061,0.987136957919551,1,0.989676725713175,0.961629316729673,0.927099861196282,0.90446946097748,0.872381526759053,0.840799161986543,0.810974120532383,0.7629147807725,0.657821621478635,0.617705914947083,0.601139092900184,0.580745313616225,0.530113125227265,0.494388439677403,0.448136998780962,0.411557493591414,0.388728799169027,0.385598536128306,0.326570431514936
0.570503116391199,0.696594069817457,0.749245735610934,0.775484282845498,0.797927743782954,0.826604414488643,0.85845456774373,0.881286270587584,0.903832215841814,0.928399081201009,0.948691660723587,0.964530743804793,0.989676725713175,1,0.988804435640677,0.958328623076182,0.937247152573525,0.905809925829935,0.874833090536034,0.847215105509551,0.802470164043688,0.69474762301246,0.656274347027975,0.640532235688974,0.620939261771425,0.572145266177767,0.538886423980802,0.493832062751749,0.45656422736791,0.433956918759822,0.435481760243405,0.37636452824731
0.53972653686199,0.65667564170358,0.708259088275257,0.734991022397898,0.758444903422673,0.787654307337214,0.818669144351118,0.843068330211218,0.866489983994717,0.892240474857523,0.914591184557857,0.932284035883042,0.961629316729673,0.988804435640677,1,0.985936935173701,0.967357882858328,0.938837631031268,0.909693606994486,0.885381171893192,0.845699710814788,0.7357414961412,0.70001407598432,0.685522543953893,0.666779018546487,0.620071512753986,0.592480741587775,0.552359921646812,0.51401022521169,0.490451579883271,0.4996208075716,0.437732429583894
0.500275445387537,0.607184828144354,0.656328525416376,0.683035206349835,0.707575976664161,0.737893116031054,0.769293015414878,0.794576813505168,0.819096223177411,0.847510258631936,0.874118686809862,0.894171413161985,0.927099861196282,0.958328623076182,0.985936935173701,1,0.987949729055873,0.965213823264308,0.938686747303873,0.917952286921439,0.884612480157195,0.773704802904313,0.740631593363454,0.728136461415738,0.710742145385209,0.664742616120822,0.643996867214942,0.611976140215814,0.572894577267851,0.546755339056883,0.562199306506886,0.494776978284052
0.471330274437235,0.582107681587959,0.626474846996637,0.651925767251611,0.676573857842787,0.707088806600141,0.738541575379246,0.763177938643247,0.788441640083817,0.818857213590297,0.848177087131886,0.869872230229756,0.90446946097748,0.937247152573525,0.967357882858328,0.987949729055873,1,0.981221039860796,0.953680731540612,0.931320550455841,0.897789100843028,0.792501548147957,0.757635030128878,0.745909567973746,0.730399335922885,0.683219017784911,0.666167344711513,0.631502080288673,0.588948543338302,0.559656039591678,0.572698775076102,0.516189565529585
0.425700372952649,0.53232632947676,0.577529342716909,0.602707167528678,0.627619752491514,0.659329417807936,0.692014699534419,0.714525853473531,0.741820904359646,0.777187835130209,0.812321137099175,0.836706367246923,0.872381526759053,0.905809925829935,0.938837631031268,0.965213823264308,0.981221039860796,1,0.990963664805475,0.971844594820377,0.940536516030487,0.867711461237733,0.830576246879504,0.815001362412129,0.798329253817674,0.750319615392078,0.733140713260249,0.681707716870725,0.634743514861128,0.606127720447216,0.610626813180173,0.54632355383805
0.388926378708842,0.492030962305498,0.536772165819287,0.563165642129485,0.589199528505523,0.621195216638773,0.653809524394999,0.675880916011906,0.704291216619686,0.741552514680741,0.778776744881399,0.804769163952538,0.840799161986543,0.874833090536034,0.909693606994486,0.938686747303873,0.953680731540612,0.990963664805475,1,0.992073803016295,0.96310056729576,0.902423974076358,0.867636682549696,0.851503789202567,0.835970431424355,0.793610890881989,0.777593200680523,0.720522232679382,0.676227545014626,0.651101619215115,0.648305126064508,0.578222927242441
0.356981640397842,0.457404635941166,0.501604805711686,0.528610670561975,0.555104496702999,0.587022204849083,0.619711166779929,0.642260133992826,0.671627811480607,0.709280710417962,0.746314464724253,0.773071922979349,0.810974120532383,0.847215105509551,0.885381171893192,0.917952286921439,0.931320550455841,0.971844594820377,0.992073803016295,1,0.984784773163558,0.922655437447947,0.896611891381485,0.882838681324479,0.866746546727338,0.827691348686857,0.81108424067326,0.757171968951521,0.717675844868622,0.696350822195714,0.693981146193881,0.621914371709637
0.313081854496139,0.407796007119778,0.452674728318168,0.477258077897139,0.501527479589095,0.532914988532788,0.566273601882238,0.587894187838466,0.61835484596261,0.6569351801362,0.69404046565384,0.721565948568958,0.7629147807725,0.802470164043688,0.845699710814788,0.884612480157195,0.897789100843028,0.940536516030487,0.96310056729576,0.984784773163558,1,0.948395349064765,0.936025218155113,0.925052630681685,0.903548863943541,0.857844650758251,0.837490528764893,0.786433333519565,0.746585090416757,0.725927462082184,0.732273048801059,0.661442250629006
0.222825838620664,0.302522952367115,0.349103247141756,0.369830708887647,0.390002170858266,0.418910792406751,0.449314637347865,0.463955770593959,0.495394187131875,0.53951528917912,0.584273503015154,0.61952507256269,0.657821621478635,0.69474762301246,0.7357414961412,0.773704802904313,0.792501548147957,0.867711461237733,0.902423974076358,0.922655437447947,0.948395349064765,1,0.989431410970433,0.97381826076346,0.949608510380345,0.894916473178972,0.881142230920565,0.802107188026771,0.74263659138313,0.709267058225884,0.699522553478564,0.627269508697148
0.180899442322793,0.261108712616779,0.304584156814474,0.323672135119659,0.343425228637699,0.372472922187493,0.402478500577346,0.418865836811819,0.451565538050107,0.49658535011267,0.542306440140094,0.578769539157161,0.617705914947083,0.656274347027975,0.70001407598432,0.740631593363454,0.757635030128878,0.830576246879504,0.867636682549696,0.896611891381485,0.936025218155113,0.989431410970433,1,0.99305936711586,0.96803201195113,0.912911625762214,0.894745475841336,0.821259755105418,0.766516948806387,0.735581269223246,0.726891543942826,0.652341538209893
0.155411223305791,0.24228909948752,0.283245125521383,0.301987189523882,0.322286870192188,0.351890155246405,0.382073948361348,0.399688488977569,0.432343061613793,0.477244026959515,0.523576358677044,0.560848405329989,0.601139092900184,0.640532235688974,0.685522543953893,0.728136461415738,0.745909567973746,0.815001362412129,0.851503789202567,0.882838681324479,0.925052630681685,0.97381826076346,0.99305936711586,1,0.987869925611455,0.936128651602958,0.914126490118924,0.847342699089093,0.798126342502366,0.769074975428947,0.758841278799493,0.682313979851093
0.131392111410578,0.221270268094425,0.258409128892451,0.277655359550653,0.299612737702292,0.329933387736427,0.359043777021704,0.377876321051645,0.410141945211501,0.454473352794513,0.501116900672108,0.539202835160361,0.580745313616225,0.620939261771425,0.666779018546487,0.710742145385209,0.730399335922885,0.798329253817674,0.835970431424355,0.866746546727338,0.903548863943541,0.949608510380345,0.96803201195113,0.987869925611455,1,0.972070109729156,0.942678921626839,0.883428950173899,0.839356006067542,0.808767147790178,0.790390269850969,0.713822686733539
0.101138203409778,0.179586179792308,0.209106778720251,0.228902191213105,0.253470520361656,0.28419285981734,0.309272804012808,0.331047315413716,0.363564923149293,0.406343652086061,0.451177098304939,0.488671019658239,0.530113125227265,0.572145266177767,0.620071512753986,0.664742616120822,0.683219017784911,0.750319615392078,0.793610890881989,0.827691348686857,0.857844650758251,0.894916473178972,0.912911625762214,0.936128651602958,0.972070109729156,1,0.956937085320221,0.910839462321168,0.873921895356565,0.839157747338555,0.808153755639846,0.735749756057346
0.0650994762063494,0.138295913005682,0.17187790815496,0.191715188289447,0.216937252900352,0.249462928425298,0.273507236090537,0.298621323208025,0.330396964456623,0.371576048494057,0.416147808483522,0.453534644326779,0.494388439677403,0.538886423980802,0.592480741587775,0.643996867214942,0.666167344711513,0.733140713260249,0.777593200680523,0.81108424067326,0.837490528764893,0.881142230920565,0.894745475841336,0.914126490118924,0.942678921626839,0.956937085320221,1,0.967887014713355,0.925572710074022,0.88554551159198,0.858925289035914,0.772918186673724
0.0410359947122051,0.100855397707849,0.13343525278934,0.155498328508763,0.183013134534833,0.215554056266494,0.235874931970275,0.260937902561931,0.290924737034237,0.329876643015934,0.372512845065545,0.406341133169609,0.448136998780962,0.493832062751749,0.552359921646812,0.611976140215814,0.631502080288673,0.681707716870725,0.720522232679382,0.757171968951521,0.786433333519565,0.802107188026771,0.821259755105418,0.847342699089093,0.883428950173899,0.910839462321168,0.967887014713355,1,0.978842154866495,0.928168977889673,0.895030460335841,0.802420282227137
0.0200506613962581,0.077697194229397,0.111496550349539,0.134501155652157,0.160390013328918,0.189202085474262,0.207082182807798,0.232557126185663,0.261884547418342,0.299308435666386,0.339666580723821,0.369347516794969,0.411557493591414,0.45656422736791,0.51401022521169,0.572894577267851,0.588948543338302,0.634743514861128,0.676227545014626,0.717675844868622,0.746585090416757,0.74263659138313,0.766516948806387,0.798126342502366,0.839356006067542,0.873921895356565,0.925572710074022,0.978842154866495,1,0.978863750403425,0.92427712886135,0.837163807057702
0.0115946683784029,0.0670340513092476,0.100560368754982,0.122150803039775,0.145472734737405,0.171751733780895,0.189576597436906,0.216273049867404,0.24566952302548,0.281873314202156,0.319953500007719,0.346670574267976,0.388728799169027,0.433956918759822,0.490451579883271,0.546755339056883,0.559656039591678,0.606127720447216,0.651101619215115,0.696350822195714,0.725927462082184,0.709267058225884,0.735581269223246,0.769074975428947,0.808767147790178,0.839157747338555,0.88554551159198,0.928168977889673,0.978863750403425,1,0.955186928101641,0.871494545703876
0.0289956041534419,0.0663779499301765,0.0927889357500236,0.110663771379155,0.1355145597992,0.166758477581407,0.187318849878565,0.215598665579874,0.245108640287222,0.280150967045309,0.316637968665107,0.343404462460326,0.385598536128306,0.435481760243405,0.4996208075716,0.562199306506886,0.572698775076102,0.610626813180173,0.648305126064508,0.693981146193881,0.732273048801059,0.699522553478564,0.726891543942826,0.758841278799493,0.790390269850969,0.808153755639846,0.858925289035914,0.895030460335841,0.92427712886135,0.955186928101641,1,0.900083383257969
-0.00899476178847878,0.0208140674530777,0.0535089022066901,0.0700378516238102,0.0891020908220682,0.114723589593411,0.135854618447012,0.16641149510762,0.197678305476897,0.229381205699214,0.258750834072451,0.28712266048331,0.326570431514936,0.37636452824731,0.437732429583894,0.494776978284052,0.516189565529585,0.54632355383805,0.578222927242441,0.621914371709637,0.661442250629006,0.627269508697148,0.652341538209893,0.682313979851093,0.713822686733539,0.735749756057346,0.772918186673724,0.802420282227137,0.837163807057702,0.871494545703876,0.900083383257969,1
