1,0.952177424811234,0.749291473761026,0.735862528641662,0.677113013882731,0.63948175573581,0.597546455183276,0.561442089144335,0.533521168009502,0.498696896380099,0.459863214411422,0.423478086721754,0.405925078296789,0.385638368706808,0.373448442377367,0.362713993668088,0.356362211705124,0.353186609112799,0.349287342228408,0.343504630893495,0.334606333306542,0.331733257858147,0.326197869304348,0.328483408814471,0.326702489644745,0.315396358375557,0.295806364159889,0.273457216465692,0.229811186155904,0.19499129694935,0.182067946649409,0.163368293412964
0.952177424811234,1,0.91577298827572,0.895093598999033,0.818732044098533,0.775549440555917,0.729214195212901,0.687986066533257,0.654936429675411,0.614627052872496,0.571850863374474,0.530917486443669,0.515224201227718,0.495005051039498,0.483185341201156,0.472460644063086,0.465588161856618,0.46127788684209,0.455775138575419,0.447178752577589,0.434787878937362,0.427797226301014,0.41803621976056,0.416435780490547,0.409769097548986,0.397209366365346,0.378600648164171,0.355589332456551,0.30588970243491,0.264393739198099,0.244408503360516,0.217522549604354
0.749291473761026,0.91577298827572,1,0.975348365586419,0.889751572410321,0.846314093295456,0.801079479984769,0.759250291491539,0.724399733053777,0.682857526441553,0.641287044460493,0.60037517143005,0.58926760347445,0.571886777746778,0.562178082257041,0.552943230412032,0.546317610812572,0.541079944797181,0.534221011134767,0.523158280129417,0.507902442213994,0.496714423411557,0.482929580453668,0.476422312506295,0.46414708940509,0.451554448619325,0.436676455137332,0.415918578807178,0.365169406570203,0.320590580300099,0.293774115315492,0.259574600647086
0.735862528641662,0.895093598999033,0.975348365586419,1,0.968541812273469,0.93951662581122,0.896700129203321,0.857260617950317,0.824839936015997,0.785275756253763,0.74655803701755,0.706250104964837,0.692087298003541,0.670735761356702,0.659014488185683,0.648033866770106,0.640029054159218,0.633590357038998,0.625812203647482,0.614451621814834,0.597766724810603,0.590553959122497,0.579028470850859,0.572126870794824,0.557050945812765,0.540277939493852,0.519961782406056,0.494626327265354,0.437372803699719,0.386019334298878,0.350580998629974,0.307578114509601
0.677113013882731,0.818732044098533,0.889751572410321,0.968541812273469,1,0.988947560397596,0.951395194891135,0.916987630457606,0.889228307111547,0.85423924267257,0.82103292096796,0.783794617641655,0.767025668736481,0.742461599339222,0.729165315644905,0.716866674362462,0.707780890953354,0.700369331922423,0.69201548931063,0.680992224552675,0.663684486167393,0.661382035827888,0.653087403162358,0.646150088156374,0.628809172779408,0.608315891663451,0.583070997653942,0.554074722063108,0.492878949723377,0.436928798088379,0.393867560153725,0.343485356389176
0.63948175573581,0.775549440555917,0.846314093295456,0.93951662581122,0.988947560397596,1,0.985715235629514,0.963797962613922,0.93906122506859,0.906309975104275,0.874613100301316,0.83777353709046,0.821762073322444,0.797085861197194,0.783395339909632,0.770451072891439,0.761092335197247,0.753630030585138,0.745408143605212,0.735012949948551,0.717467106917603,0.716841119031508,0.709334138846689,0.701646493044562,0.682226361717279,0.65911096860375,0.630731613747964,0.598969554209106,0.533590749655702,0.473522822455917,0.425854746940616,0.370678125084456
0.597546455183276,0.729214195212901,0.801079479984769,0.896700129203321,0.951395194891135,0.985715235629514,1,0.993038276655194,0.971283811126597,0.940654706097212,0.909879142040797,0.873276452312724,0.859179575715142,0.835599501254151,0.822036249747726,0.80881689719834,0.799541899627242,0.792389904168884,0.784616329976594,0.775090551200083,0.757672791806465,0.757875614378086,0.750617325676062,0.742095052422866,0.720918644028339,0.695800944257362,0.665169347455021,0.631335460268972,0.562654108567677,0.499463781828505,0.448677677465066,0.390190429912918
0.561442089144335,0.687986066533257,0.759250291491539,0.857260617950317,0.916987630457606,0.963797962613922,0.993038276655194,1,0.990485848711822,0.969173803821801,0.941968635276329,0.907629508824826,0.894025504402834,0.870382978090342,0.856790782787572,0.843421813207212,0.834044848498508,0.82677280236619,0.819108790330532,0.810276950358083,0.792919247211788,0.794474457399253,0.787930402021294,0.779137375886438,0.756785422366893,0.729872843020937,0.696915913800635,0.660861072653553,0.588566822838506,0.522206388566398,0.468135400198856,0.406448973039518
0.533521168009502,0.654936429675411,0.724399733053777,0.824839936015997,0.889228307111547,0.93906122506859,0.971283811126597,0.990485848711822,1,0.993262480609527,0.971513330050363,0.940880103553819,0.926548528223973,0.901850559015751,0.888074479868911,0.874638869623496,0.864994438759342,0.857242681594118,0.849388436260377,0.84104567239953,0.823651556706198,0.826906981163759,0.821399420504171,0.812793881085004,0.789764883575193,0.761279340613724,0.726009539462693,0.687671057369487,0.61157733882889,0.542060232759721,0.484653906662732,0.41992351328641
0.498696896380099,0.614627052872496,0.682857526441553,0.785275756253763,0.85423924267257,0.906309975104275,0.940654706097212,0.969173803821801,0.993262480609527,1,0.989188444024612,0.966615028608762,0.952723754196761,0.92803770708242,0.914443390293181,0.901121805266347,0.890815277265293,0.881734544471974,0.873138828708512,0.86534853360268,0.848051166170358,0.85203827943943,0.846862487276224,0.838249084037015,0.814660552054181,0.784481151552059,0.746672621482418,0.706544088480686,0.629001675784067,0.557919582965274,0.49555205366826,0.42707972437743
0.459863214411422,0.571850863374474,0.641287044460493,0.74655803701755,0.82103292096796,0.874613100301316,0.909879142040797,0.941968635276329,0.971513330050363,0.989188444024612,1,0.993738893369044,0.982411683333478,0.959472757046104,0.946555943449582,0.933472684304291,0.921529721848257,0.909258094388745,0.898659644663306,0.891393258488781,0.874148093974102,0.876935481201068,0.870545577739117,0.861368502232985,0.837049635975072,0.804432706367699,0.763014248509067,0.721431477266086,0.645886180248781,0.575252705820054,0.503616366748724,0.428844932647171
0.423478086721754,0.530917486443669,0.60037517143005,0.706250104964837,0.783794617641655,0.83777353709046,0.873276452312724,0.907629508824826,0.940880103553819,0.966615028608762,0.993738893369044,1,0.991145803680416,0.970163954330098,0.95804844209027,0.945375011544887,0.932390223464698,0.917889283766781,0.90593120754228,0.899158051381071,0.882183016125933,0.883935856119885,0.876642095828895,0.867116977428414,0.842543407366169,0.808580664558982,0.765108963851395,0.723092926305391,0.65020082464761,0.58092017140124,0.503159319546537,0.424565398942163
0.405925078296789,0.515224201227718,0.58926760347445,0.692087298003541,0.767025668736481,0.821762073322444,0.859179575715142,0.894025504402834,0.926548528223973,0.952723754196761,0.982411683333478,0.991145803680416,1,0.993765929407503,0.986649339337575,0.97604462197098,0.9645294952973,0.95090550700043,0.939418095766357,0.932263220959452,0.914563238244389,0.912236334506947,0.901394837761802,0.889408133820854,0.862582199755174,0.830564919084814,0.791810634149101,0.753607752346904,0.683717261773305,0.614770841914076,0.53174921892149,0.448050145050257
0.385638368706808,0.495005051039498,0.571886777746778,0.670735761356702,0.742461599339222,0.797085861197194,0.835599501254151,0.870382978090342,0.901850559015751,0.92803770708242,0.959472757046104,0.970163954330098,0.993765929407503,1,0.997178013784166,0.988455235900118,0.978331500476528,0.965630061055456,0.95469485771187,0.947317270120744,0.929250519020995,0.923529875148172,0.909857718155172,0.895967990759209,0.867617535109894,0.837671383545434,0.803407775343153,0.768928774046223,0.702513873967981,0.634790484416827,0.548486448429076,0.461644885388654
0.373448442377367,0.483185341201156,0.562178082257041,0.659014488185683,0.729165315644905,0.783395339909632,0.822036249747726,0.856790782787572,0.888074479868911,0.914443390293181,0.946555943449582,0.95804844209027,0.986649339337575,0.997178013784166,1,0.996890874158065,0.990481289673902,0.979798605511834,0.969574588077937,0.95996593432793,0.940047213055137,0.934158956909346,0.920269541059298,0.906234725968175,0.877592223122353,0.850522573647268,0.821111391244899,0.789660220893813,0.723439820949625,0.654954632890267,0.568952540750826,0.481017393385205
0.362713993668088,0.472460644063086,0.552943230412032,0.648033866770106,0.716866674362462,0.770451072891439,0.80881689719834,0.843421813207212,0.874638869623496,0.901121805266347,0.933472684304291,0.945375011544887,0.97604462197098,0.988455235900118,0.996890874158065,1,0.997683527490782,0.989210120702816,0.979730554590949,0.967556848437657,0.945600602117577,0.940404638705312,0.927034236754502,0.913367231960171,0.884875542779882,0.860804662205701,0.836135348368468,0.807456204419736,0.740826651629762,0.671378710120368,0.586902154518936,0.498801159166302
0.356362211705124,0.465588161856618,0.546317610812572,0.640029054159218,0.707780890953354,0.761092335197247,0.799541899627242,0.834044848498508,0.864994438759342,0.890815277265293,0.921529721848257,0.932390223464698,0.9645294952973,0.978331500476528,0.990481289673902,0.997683527490782,1,0.99646864054083,0.989799820489717,0.975852127247548,0.952446564442403,0.948758642627164,0.936532364870221,0.923862012609234,0.896010447901623,0.874776701040905,0.854191003892556,0.827416490435732,0.758653926375052,0.687228754068098,0.605070298243033,0.517310510631656
0.353186609112799,0.46127788684209,0.541079944797181,0.633590357038998,0.700369331922423,0.753630030585138,0.792389904168884,0.82677280236619,0.857242681594118,0.881734544471974,0.909258094388745,0.917889283766781,0.95090550700043,0.965630061055456,0.979798605511834,0.989210120702816,0.99646864054083,1,0.997778869974815,0.982785290066899,0.958498316710645,0.956955137584314,0.946377655355182,0.935216700305272,0.908439566315117,0.889865544516847,0.872739347760544,0.847145828277955,0.77500849906086,0.700950109599757,0.621841369624131,0.534985045412838
0.349287342228408,0.455775138575419,0.534221011134767,0.625812203647482,0.69201548931063,0.745408143605212,0.784616329976594,0.819108790330532,0.849388436260377,0.873138828708512,0.898659644663306,0.90593120754228,0.939418095766357,0.95469485771187,0.969574588077937,0.979730554590949,0.989799820489717,0.997778869974815,1,0.990042650458526,0.969463867175803,0.968382713396138,0.958011405927975,0.946976619511782,0.920075445227618,0.901679401159928,0.884851122822747,0.858856260440564,0.784462551758907,0.708705439554642,0.631044902893529,0.544550772629788
0.343504630893495,0.447178752577589,0.523158280129417,0.614451621814834,0.680992224552675,0.735012949948551,0.775090551200083,0.810276950358083,0.84104567239953,0.86534853360268,0.891393258488781,0.899158051381071,0.932263220959452,0.947317270120744,0.95996593432793,0.967556848437657,0.975852127247548,0.982785290066899,0.990042650458526,1,0.994331634405715,0.989844914197889,0.976329073687678,0.962196911082987,0.932330231933637,0.908323346020228,0.884434475451358,0.854263554717456,0.779846244057358,0.704268341080984,0.62443834691865,0.537008282322628
0.334606333306542,0.434787878937362,0.507902442213994,0.597766724810603,0.663684486167393,0.717467106917603,0.757672791806465,0.792919247211788,0.823651556706198,0.848051166170358,0.874148093974102,0.882183016125933,0.914563238244389,0.929250519020995,0.940047213055137,0.945600602117577,0.952446564442403,0.958498316710645,0.969463867175803,0.994331634405715,1,0.993000201911707,0.977287531564796,0.961002285929717,0.929289653626634,0.901361482031737,0.872454760017993,0.839527557138827,0.766073927420311,0.691628197805175,0.611212490193376,0.524228642206057
0.331733257858147,0.427797226301014,0.496714423411557,0.590553959122497,0.661382035827888,0.716841119031508,0.757875614378086,0.794474457399253,0.826906981163759,0.85203827943943,0.876935481201068,0.883935856119885,0.912236334506947,0.923529875148172,0.934158956909346,0.940404638705312,0.948758642627164,0.956955137584314,0.968382713396138,0.989844914197889,0.993000201911707,1,0.995476341482247,0.983417009140751,0.953074257583772,0.925705075001098,0.896515023638826,0.862293011641275,0.784422616029372,0.70665827721847,0.6255649910543,0.537334977318693
0.326197869304348,0.41803621976056,0.482929580453668,0.579028470850859,0.653087403162358,0.709334138846689,0.750617325676062,0.787930402021294,0.821399420504171,0.846862487276224,0.870545577739117,0.876642095828895,0.901394837761802,0.909857718155172,0.920269541059298,0.927034236754502,0.936532364870221,0.946377655355182,0.958011405927975,0.976329073687678,0.977287531564796,0.995476341482247,1,0.991479665651603,0.96256613552586,0.935973293538244,0.906916976895067,0.872038513432322,0.791399640244469,0.711744157003271,0.630933900577201,0.542589378177097
0.328483408814471,0.416435780490547,0.476422312506295,0.572126870794824,0.646150088156374,0.701646493044562,0.742095052422866,0.779137375886438,0.812793881085004,0.838249084037015,0.861368502232985,0.867116977428414,0.889408133820854,0.895967990759209,0.906234725968175,0.913367231960171,0.923862012609234,0.935216700305272,0.946976619511782,0.962196911082987,0.961002285929717,0.983417009140751,0.991479665651603,1,0.989521113162978,0.972033352586504,0.943920520551407,0.910604321570967,0.832666693215643,0.752848103056097,0.673732315530526,0.583724738996802
0.326702489644745,0.409769097548986,0.46414708940509,0.557050945812765,0.628809172779408,0.682226361717279,0.720918644028339,0.756785422366893,0.789764883575193,0.814660552054181,0.837049635975072,0.842543407366169,0.862582199755174,0.867617535109894,0.877592223122353,0.884875542779882,0.896010447901623,0.908439566315117,0.920075445227618,0.932330231933637,0.929289653626634,0.953074257583772,0.96256613552586,0.989521113162978,1,0.993066298800939,0.966506976360438,0.935765772134522,0.863096462131389,0.785050797331579,0.709229769769597,0.618968576573629
0.315396358375557,0.397209366365346,0.451554448619325,0.540277939493852,0.608315891663451,0.65911096860375,0.695800944257362,0.729872843020937,0.761279340613724,0.784481151552059,0.804432706367699,0.808580664558982,0.830564919084814,0.837671383545434,0.850522573647268,0.860804662205701,0.874776701040905,0.889865544516847,0.901679401159928,0.908323346020228,0.901361482031737,0.925705075001098,0.935973293538244,0.972033352586504,0.993066298800939,1,0.988311616714453,0.966946042119748,0.89589368730932,0.817412220926631,0.745892513750358,0.65598989261452
0.295806364159889,0.378600648164171,0.436676455137332,0.519961782406056,0.583070997653942,0.630731613747964,0.665169347455021,0.696915913800635,0.726009539462693,0.746672621482418,0.763014248509067,0.765108963851395,0.791810634149101,0.803407775343153,0.821111391244899,0.836135348368468,0.854191003892556,0.872739347760544,0.884851122822747,0.884434475451358,0.872454760017993,0.896515023638826,0.906916976895067,0.943920520551407,0.966506976360438,0.988311616714453,1,0.992285139877821,0.920483859892637,0.840542392628494,0.774163821895637,0.68570432423945
0.273457216465692,0.355589332456551,0.415918578807178,0.494626327265354,0.554074722063108,0.598969554209106,0.631335460268972,0.660861072653553,0.687671057369487,0.706544088480686,0.721431477266086,0.723092926305391,0.753607752346904,0.768928774046223,0.789660220893813,0.807456204419736,0.827416490435732,0.847145828277955,0.858856260440564,0.854263554717456,0.839527557138827,0.862293011641275,0.872038513432322,0.910604321570967,0.935765772134522,0.966946042119748,0.992285139877821,1,0.953915457848208,0.887436994486776,0.823242997536423,0.732660346568767
0.229811186155904,0.30588970243491,0.365169406570203,0.437372803699719,0.492878949723377,0.533590749655702,0.562654108567677,0.588566822838506,0.61157733882889,0.629001675784067,0.645886180248781,0.65020082464761,0.683717261773305,0.702513873967981,0.723439820949625,0.740826651629762,0.758653926375052,0.77500849906086,0.784462551758907,0.779846244057358,0.766073927420311,0.784422616029372,0.791399640244469,0.832666693215643,0.863096462131389,0.89589368730932,0.920483859892637,0.953915457848208,1,0.984853374410841,0.919120714519977,0.820101413302859
0.19499129694935,0.264393739198099,0.320590580300099,0.386019334298878,0.436928798088379,0.473522822455917,0.499463781828505,0.522206388566398,0.542060232759721,0.557919582965274,0.575252705820054,0.58092017140124,0.614770841914076,0.634790484416827,0.654954632890267,0.671378710120368,0.687228754068098,0.700950109599757,0.708705439554642,0.704268341080984,0.691628197805175,0.70665827721847,0.711744157003271,0.752848103056097,0.785050797331579,0.817412220926631,0.840542392628494,0.887436994486776,0.984853374410841,1,0.936124262772079,0.83636665180483
0.182067946649409,0.244408503360516,0.293774115315492,0.350580998629974,0.393867560153725,0.425854746940616,0.448677677465066,0.468135400198856,0.484653906662732,0.49555205366826,0.503616366748724,0.503159319546537,0.53174921892149,0.548486448429076,0.568952540750826,0.586902154518936,0.605070298243033,0.621841369624131,0.631044902893529,0.62443834691865,0.611212490193376,0.6255649910543,0.630933900577201,0.673732315530526,0.709229769769597,0.745892513750358,0.774163821895637,0.823242997536423,0.919120714519977,0.936124262772079,1,0.975710945697276
0.163368293412964,0.217522549604354,0.259574600647086,0.307578114509601,0.343485356389176,0.370678125084456,0.390190429912918,0.406448973039518,0.41992351328641,0.42707972437743,0.428844932647171,0.424565398942163,0.448050145050257,0.461644885388654,0.481017393385205,0.498801159166302,0.517310510631656,0.534985045412838,0.544550772629788,0.537008282322628,0.524228642206057,0.537334977318693,0.542589378177097,0.583724738996802,0.618968576573629,0.65598989261452,0.68570432423945,0.732660346568767,0.820101413302859,0.83636665180483,0.975710945697276,1
