1,0.595487970713001,0.457327023420143,0.408926423773286,0.391080412104492,0.374009254445229,0.364385353995086,0.358282152534753,0.351155772499184,0.352828804737992,0.350115095166063,0.33411302549505,0.326867506186836,0.324493605388275,0.318298554890434,0.306879104464552,0.296500421607069,0.287363306379179,0.277321763383441,0.283397652543343,0.277371655095384,0.277245952043152,0.289276987912792,0.287605270642133,0.283813567294504,0.285486401130462,0.286810988718198,0.287301784497985,0.250516488487943,0.119964476724127,0.0792004628960087,0.0757218904909593
0.595487970713001,1,0.862703573503785,0.789165210325587,0.749331190248024,0.718351137859975,0.691074829439603,0.669989394290604,0.659565755578073,0.660295500063227,0.651292817144575,0.641849877504636,0.634990551599495,0.628171596527857,0.616351383771032,0.60092834675203,0.587887990825501,0.579361696842053,0.572196675903141,0.572622463535208,0.569539586437138,0.566198894762741,0.568773371373983,0.55952433712241,0.558039470168457,0.554095091908821,0.538870881481367,0.526166873321985,0.467006698784637,0.200568939533316,0.191230545719873,0.189255575058242
0.457327023420143,0.862703573503785,1,0.922258910342966,0.878210135518924,0.842019440949866,0.820253438885018,0.80260424783539,0.789256344406262,0.789278261144079,0.776576135634306,0.769354613933692,0.757095087456556,0.745300922918851,0.733608566368954,0.721877413725926,0.708240412982956,0.699921685927386,0.694912582838869,0.694059203484165,0.690722643691066,0.687714895340127,0.683260632765263,0.672248878263322,0.669145730043896,0.662618129513158,0.639982348099137,0.622928900294056,0.55802836480297,0.240734392765602,0.215270985455469,0.213071511441514
0.408926423773286,0.789165210325587,0.922258910342966,1,0.952093241703768,0.920154123846837,0.894901494992072,0.8772216473443,0.855773927950818,0.849212766030244,0.836564888883385,0.826913679130624,0.814122923433035,0.801402990414023,0.790384794945789,0.782859967499088,0.771250001794715,0.765061487125588,0.760742015689547,0.757418686440493,0.751281086909105,0.746712026553835,0.742808239710717,0.732375761906838,0.731205430006488,0.722076825906465,0.69508211000539,0.661529293350169,0.576738738692204,0.232914071876324,0.206209152745597,0.199305815569858
0.391080412104492,0.749331190248024,0.878210135518924,0.952093241703768,1,0.975527257786394,0.94929935744409,0.929304994289382,0.905201824104925,0.893229706719632,0.880202427000822,0.872149784215712,0.857710093300199,0.845681323487839,0.833527506433206,0.824286997743669,0.814799584948463,0.808621061216817,0.805794487795161,0.798146844060403,0.79043896966128,0.786586479710906,0.778655201963985,0.768607923616302,0.76447863974564,0.751684688190041,0.721399288172367,0.68889615888812,0.603506371453473,0.256859529724482,0.243289059899968,0.231701171391618
0.374009254445229,0.718351137859975,0.842019440949866,0.920154123846837,0.975527257786394,1,0.980936471753725,0.958884045665794,0.93463738189689,0.921556737600888,0.907763600067712,0.899242887415474,0.885124833543308,0.871804072317169,0.858356516425269,0.848717401886793,0.839423514589605,0.832559409044168,0.827567475782002,0.821033551820891,0.814747930089482,0.811859805037031,0.802883313208309,0.79286554797343,0.787973379764242,0.775864579710195,0.746296215126107,0.7143058988867,0.627234800346951,0.255727621252592,0.250728698562792,0.24439473406164
0.364385353995086,0.691074829439603,0.820253438885018,0.894901494992072,0.94929935744409,0.980936471753725,1,0.984706590429507,0.958684546676024,0.942411581834626,0.928243300046911,0.917008372516433,0.902114052288695,0.887880004558512,0.87341147483666,0.862724127965505,0.853185489615456,0.844834893302518,0.839133672128642,0.831837375203516,0.828000697357416,0.824695830003995,0.814825718756494,0.804313923544621,0.800193947061557,0.78843739031185,0.762082833641324,0.728223031456825,0.635468686120347,0.257018474878992,0.254814688848988,0.24913032589224
0.358282152534753,0.669989394290604,0.80260424783539,0.8772216473443,0.929304994289382,0.958884045665794,0.984706590429507,1,0.979682278187477,0.961104806245915,0.946891359768413,0.935228866729983,0.918634352972573,0.903106462773098,0.887172963789192,0.877106812693838,0.867324580800695,0.856764726774904,0.850552717538554,0.842972435126778,0.840091711996188,0.835982074996055,0.82565024827317,0.814876960323565,0.809913814885992,0.797315816129786,0.77161033532071,0.736314734612564,0.640770808991124,0.254620460231688,0.243791933343047,0.2381647874463
0.351155772499184,0.659565755578073,0.789256344406262,0.855773927950818,0.905201824104925,0.93463738189689,0.958684546676024,0.979682278187477,1,0.985590093588698,0.969399452590368,0.955267964723881,0.936771256465436,0.919695609513036,0.903821950142464,0.893677150083858,0.881909204401871,0.870871557118079,0.864186125093131,0.857210410935905,0.854375721968855,0.848051087601276,0.837908530412552,0.827326132775494,0.82082409075245,0.810372571057063,0.785803796379466,0.749559138503521,0.65021309040875,0.250304052093771,0.241197995657328,0.239427004545281
0.352828804737992,0.660295500063227,0.789278261144079,0.849212766030244,0.893229706719632,0.921556737600888,0.942411581834626,0.961104806245915,0.985590093588698,1,0.98693188052204,0.9732840275597,0.954429709708583,0.936114150668953,0.920808220754606,0.910038264801738,0.896261793160381,0.884915930696244,0.876876349718474,0.871703700104229,0.868196665094753,0.861568901054773,0.852287881353371,0.842231168348795,0.835850310379998,0.824326838078684,0.798648465154128,0.761119154644327,0.665874182179813,0.256826996329267,0.246774129870434,0.251585547859826
0.350115095166063,0.651292817144575,0.776576135634306,0.836564888883385,0.880202427000822,0.907763600067712,0.928243300046911,0.946891359768413,0.969399452590368,0.98693188052204,1,0.989451228347676,0.96868010749305,0.949153838239545,0.934336538387418,0.923430836466767,0.908195840600532,0.895116466181961,0.884974926417973,0.879053124293881,0.874478469606296,0.869053099732652,0.861016575558441,0.852144025947552,0.845186466464868,0.833843361981997,0.806608199951475,0.76695701233862,0.675358940092857,0.255286746998881,0.240104956532574,0.243952093436053
0.33411302549505,0.641849877504636,0.769354613933692,0.826913679130624,0.872149784215712,0.899242887415474,0.917008372516433,0.935228866729983,0.955267964723881,0.9732840275597,0.989451228347676,1,0.986571202139914,0.967122638317904,0.953069178404175,0.941509291466013,0.926491082098262,0.913836684953256,0.902296271297312,0.895549245182391,0.889403347144582,0.884532866110153,0.875165338763754,0.866019186784762,0.857992634357664,0.845717815842364,0.819018095175196,0.777273983562636,0.688238267700693,0.261780221172435,0.235127677554862,0.245154322312665
0.326867506186836,0.634990551599495,0.757095087456556,0.814122923433035,0.857710093300199,0.885124833543308,0.902114052288695,0.918634352972573,0.936771256465436,0.954429709708583,0.96868010749305,0.986571202139914,1,0.985447111060807,0.970457240449264,0.958323188320422,0.942930831029518,0.930600203385183,0.918853003610626,0.913985305779544,0.907769644087811,0.90221473149965,0.892610951523809,0.882348714252828,0.875343332528642,0.861384442554233,0.833285317801448,0.790556391353715,0.704553530828386,0.259208095706932,0.2384760112315,0.248898343839059
0.324493605388275,0.628171596527857,0.745300922918851,0.801402990414023,0.845681323487839,0.871804072317169,0.887880004558512,0.903106462773098,0.919695609513036,0.936114150668953,0.949153838239545,0.967122638317904,0.985447111060807,1,0.985595230869271,0.972797264922029,0.957322015955153,0.943373085276468,0.929816223992515,0.923247596794071,0.915550664612698,0.908758977756321,0.89928855965193,0.889293843834874,0.880954326344416,0.866723667615532,0.839091070361931,0.792430710822643,0.71189991746033,0.266186973372384,0.241349263523006,0.249620194721526
0.318298554890434,0.616351383771032,0.733608566368954,0.790384794945789,0.833527506433206,0.858356516425269,0.87341147483666,0.887172963789192,0.903821950142464,0.920808220754606,0.934336538387418,0.953069178404175,0.970457240449264,0.985595230869271,1,0.990204848319723,0.973942616147258,0.957852204113928,0.941464076841964,0.934095258109285,0.926174278555996,0.918556474120675,0.90813456425781,0.897832510862277,0.88924254657086,0.875899909440171,0.848535818587875,0.803635111743742,0.72392744497409,0.284519557208365,0.251687943321305,0.259356184586199
0.306879104464552,0.60092834675203,0.721877413725926,0.782859967499088,0.824286997743669,0.848717401886793,0.862724127965505,0.877106812693838,0.893677150083858,0.910038264801738,0.923430836466767,0.941509291466013,0.958323188320422,0.972797264922029,0.990204848319723,1,0.988834559293134,0.972639242475196,0.955500608345937,0.947759775950994,0.939833895815181,0.931545143001267,0.9191915693768,0.907567783562313,0.89810097619694,0.88437574160811,0.856795975798374,0.810096752877505,0.729851140136101,0.282043257510285,0.238442093468144,0.247061528433578
0.296500421607069,0.587887990825501,0.708240412982956,0.771250001794715,0.814799584948463,0.839423514589605,0.853185489615456,0.867324580800695,0.881909204401871,0.896261793160381,0.908195840600532,0.926491082098262,0.942930831029518,0.957322015955153,0.973942616147258,0.988834559293134,1,0.988641206379573,0.973070000623879,0.963246477035342,0.953329146573695,0.942529943271234,0.927149570317434,0.915853682160642,0.904013606915062,0.891324921588722,0.864406036203592,0.816623471965377,0.735065336296749,0.277343134829496,0.234480773462051,0.245574576677486
0.287363306379179,0.579361696842053,0.699921685927386,0.765061487125588,0.808621061216817,0.832559409044168,0.844834893302518,0.856764726774904,0.870871557118079,0.884915930696244,0.895116466181961,0.913836684953256,0.930600203385183,0.943373085276468,0.957852204113928,0.972639242475196,0.988641206379573,1,0.98788904929489,0.977507952442873,0.965868769858785,0.955342994173138,0.93883300544374,0.926548447689904,0.91525626310167,0.902305627617922,0.875728676551415,0.824959968649292,0.74254997652961,0.272607969842611,0.230884685403257,0.243587723831959
0.277321763383441,0.572196675903141,0.694912582838869,0.760742015689547,0.805794487795161,0.827567475782002,0.839133672128642,0.850552717538554,0.864186125093131,0.876876349718474,0.884974926417973,0.902296271297312,0.918853003610626,0.929816223992515,0.941464076841964,0.955500608345937,0.973070000623879,0.98788904929489,1,0.988670514169608,0.977372734230636,0.966458078733571,0.950134776045299,0.937215422373555,0.924123767917637,0.910652407527738,0.883618737621916,0.834592128158979,0.751669904363535,0.270247690794423,0.230996203668702,0.254075629870888
0.283397652543343,0.572622463535208,0.694059203484165,0.757418686440493,0.798146844060403,0.821033551820891,0.831837375203516,0.842972435126778,0.857210410935905,0.871703700104229,0.879053124293881,0.895549245182391,0.913985305779544,0.923247596794071,0.934095258109285,0.947759775950994,0.963246477035342,0.977507952442873,0.988670514169608,1,0.989737990039874,0.977069771448515,0.96167663001688,0.948023401265592,0.933839939091606,0.918241598109405,0.892336483540712,0.840974625198635,0.757441025084623,0.269254794779693,0.234884628968742,0.258664405901798
0.277371655095384,0.569539586437138,0.690722643691066,0.751281086909105,0.79043896966128,0.814747930089482,0.828000697357416,0.840091711996188,0.854375721968855,0.868196665094753,0.874478469606296,0.889403347144582,0.907769644087811,0.915550664612698,0.926174278555996,0.939833895815181,0.953329146573695,0.965868769858785,0.977372734230636,0.989737990039874,1,0.988763972567148,0.973629879081804,0.95947037210323,0.944760052768883,0.929283002607233,0.903298878858242,0.852120787584156,0.766500464893548,0.291156251747433,0.240315962330819,0.265413624744155
0.277245952043152,0.566198894762741,0.687714895340127,0.746712026553835,0.786586479710906,0.811859805037031,0.824695830003995,0.835982074996055,0.848051087601276,0.861568901054773,0.869053099732652,0.884532866110153,0.90221473149965,0.908758977756321,0.918556474120675,0.931545143001267,0.942529943271234,0.955342994173138,0.966458078733571,0.977069771448515,0.988763972567148,1,0.987959051129328,0.97187705110643,0.958561878446592,0.942059122365714,0.913789654480306,0.859800029622063,0.773421256151535,0.296621820786466,0.240054179313379,0.267553229822725
0.289276987912792,0.568773371373983,0.683260632765263,0.742808239710717,0.778655201963985,0.802883313208309,0.814825718756494,0.82565024827317,0.837908530412552,0.852287881353371,0.861016575558441,0.875165338763754,0.892610951523809,0.89928855965193,0.90813456425781,0.9191915693768,0.927149570317434,0.93883300544374,0.950134776045299,0.96167663001688,0.973629879081804,0.987959051129328,1,0.986030933243588,0.971428424344152,0.954484225308289,0.925478283712634,0.869924427080814,0.783009727265333,0.30861052148434,0.241665061893974,0.273500172789596
0.287605270642133,0.55952433712241,0.672248878263322,0.732375761906838,0.768607923616302,0.79286554797343,0.804313923544621,0.814876960323565,0.827326132775494,0.842231168348795,0.852144025947552,0.866019186784762,0.882348714252828,0.889293843834874,0.897832510862277,0.907567783562313,0.915853682160642,0.926548447689904,0.937215422373555,0.948023401265592,0.95947037210323,0.97187705110643,0.986030933243588,1,0.984628913501429,0.965754331756263,0.933849215203202,0.878786977678139,0.792583785213254,0.29591062115983,0.260318399321895,0.288339106671588
0.283813567294504,0.558039470168457,0.669145730043896,0.731205430006488,0.76447863974564,0.787973379764242,0.800193947061557,0.809913814885992,0.82082409075245,0.835850310379998,0.845186466464868,0.857992634357664,0.875343332528642,0.880954326344416,0.88924254657086,0.89810097619694,0.904013606915062,0.91525626310167,0.924123767917637,0.933839939091606,0.944760052768883,0.958561878446592,0.971428424344152,0.984628913501429,1,0.982673155658146,0.951437030719458,0.896674841851374,0.810147199066138,0.300476001323363,0.261041821232114,0.291927034650215
0.285486401130462,0.554095091908821,0.662618129513158,0.722076825906465,0.751684688190041,0.775864579710195,0.78843739031185,0.797315816129786,0.810372571057063,0.824326838078684,0.833843361981997,0.845717815842364,0.861384442554233,0.866723667615532,0.875899909440171,0.88437574160811,0.891324921588722,0.902305627617922,0.910652407527738,0.918241598109405,0.929283002607233,0.942059122365714,0.954484225308289,0.965754331756263,0.982673155658146,1,0.975757047573202,0.921410776428351,0.83005145265818,0.306178269429124,0.263453638202376,0.301505016600702
0.286810988718198,0.538870881481367,0.639982348099137,0.69508211000539,0.721399288172367,0.746296215126107,0.762082833641324,0.77161033532071,0.785803796379466,0.798648465154128,0.806608199951475,0.819018095175196,0.833285317801448,0.839091070361931,0.848535818587875,0.856795975798374,0.864406036203592,0.875728676551415,0.883618737621916,0.892336483540712,0.903298878858242,0.913789654480306,0.925478283712634,0.933849215203202,0.951437030719458,0.975757047573202,1,0.955697963179218,0.85906811463656,0.324824438928087,0.262768670925771,0.301585085511733
0.287301784497985,0.526166873321985,0.622928900294056,0.661529293350169,0.68889615888812,0.7143058988867,0.728223031456825,0.736314734612564,0.749559138503521,0.761119154644327,0.76695701233862,0.777273983562636,0.790556391353715,0.792430710822643,0.803635111743742,0.810096752877505,0.816623471965377,0.824959968649292,0.834592128158979,0.840974625198635,0.852120787584156,0.859800029622063,0.869924427080814,0.878786977678139,0.896674841851374,0.921410776428351,0.955697963179218,1,0.909997921394537,0.348907636818777,0.292766656123764,0.326532818010196
0.250516488487943,0.467006698784637,0.55802836480297,0.576738738692204,0.603506371453473,0.627234800346951,0.635468686120347,0.640770808991124,0.65021309040875,0.665874182179813,0.675358940092857,0.688238267700693,0.704553530828386,0.71189991746033,0.72392744497409,0.729851140136101,0.735065336296749,0.74254997652961,0.751669904363535,0.757441025084623,0.766500464893548,0.773421256151535,0.783009727265333,0.792583785213254,0.810147199066138,0.83005145265818,0.85906811463656,0.909997921394537,1,0.382780904664832,0.348981380713284,0.355725882208583
0.119964476724127,0.200568939533316,0.240734392765602,0.232914071876324,0.256859529724482,0.255727621252592,0.257018474878992,0.254620460231688,0.250304052093771,0.256826996329267,0.255286746998881,0.261780221172435,0.259208095706932,0.266186973372384,0.284519557208365,0.282043257510285,0.277343134829496,0.272607969842611,0.270247690794423,0.269254794779693,0.291156251747433,0.296621820786466,0.30861052148434,0.29591062115983,0.300476001323363,0.306178269429124,0.324824438928087,0.348907636818777,0.382780904664832,1,0.400447758458143,0.281801005621772
0.0792004628960087,0.191230545719873,0.215270985455469,0.206209152745597,0.243289059899968,0.250728698562792,0.254814688848988,0.243791933343047,0.241197995657328,0.246774129870434,0.240104956532574,0.235127677554862,0.2384760112315,0.241349263523006,0.251687943321305,0.238442093468144,0.234480773462051,0.230884685403257,0.230996203668702,0.234884628968742,0.240315962330819,0.240054179313379,0.241665061893974,0.260318399321895,0.261041821232114,0.263453638202376,0.262768670925771,0.292766656123764,0.348981380713284,0.400447758458143,1,0.837361595044353
0.0757218904909593,0.189255575058242,0.213071511441514,0.199305815569858,0.231701171391618,0.24439473406164,0.24913032589224,0.2381647874463,0.239427004545281,0.251585547859826,0.243952093436053,0.245154322312665,0.248898343839059,0.249620194721526,0.259356184586199,0.247061528433578,0.245574576677486,0.243587723831959,0.254075629870888,0.258664405901798,0.265413624744155,0.267553229822725,0.273500172789596,0.288339106671588,0.291927034650215,0.301505016600702,0.301585085511733,0.326532818010196,0.355725882208583,0.281801005621772,0.837361595044353,1
