1,0.758656799545658,0.677224649473713,0.633565223640379,0.598264750117815,0.572254620465879,0.546928501902041,0.528049251458964,0.503843356560932,0.487530993277238,0.474964541790057,0.451079125094494,0.428547531006058,0.407549597015551,0.387064910449976,0.375505806006285,0.351137420214604,0.340436631197985,0.32438993128171,0.315832625135945,0.297633003653752,0.287646725282498,0.271526256334566,0.255075972325061,0.242689937528652,0.209233501042984,0.182889559919513,0.126565646880143,0.0497161554833849,-0.0791468037091795,-0.126734427787101,-0.251433326145347
0.758656799545658,1,0.917539786024389,0.860480858025276,0.828448447880902,0.80165622400707,0.786467679918542,0.763848610655716,0.742007589477636,0.726227843958326,0.714770261474288,0.698813929090699,0.679846589590275,0.665008427749913,0.64505499268433,0.63174169724933,0.614375070967242,0.600615534253088,0.582833446291936,0.574500755985422,0.559337857422474,0.546240432884724,0.527946961059555,0.507486656018581,0.494631650075207,0.453831867380568,0.405869031659149,0.351379296157923,0.270398532120647,0.101765857952985,-0.0666819124911321,-0.152352352740006
0.677224649473713,0.917539786024389,1,0.961327833176714,0.929357786621714,0.903935920316873,0.886963478274988,0.867315736801323,0.848623510175514,0.832343106196561,0.819181151817046,0.805201270035845,0.78871708479463,0.776754259848532,0.75955544754535,0.748691531416227,0.733273987198277,0.719247020030328,0.701880242721414,0.690760947131454,0.678385368368644,0.668411738881931,0.65531760255621,0.636399168773913,0.618140041662068,0.579121991264758,0.531361231857754,0.480067509751439,0.397801196683068,0.214839580170491,0.0286177173618744,-0.0614112407604352
0.633565223640379,0.860480858025276,0.961327833176714,1,0.973256633962222,0.951736745697207,0.933767590955192,0.917635289591939,0.900268271545498,0.885471988600991,0.872224994667762,0.85822793957998,0.842120771000048,0.832684923155017,0.817182652993224,0.806101618385922,0.792693141406713,0.776570177129279,0.76091380729526,0.750172788087551,0.741886318170063,0.733601316750327,0.722095608686602,0.701240441675919,0.682925450726722,0.64594181689477,0.602147017992635,0.554313059404722,0.46734173536633,0.274885893136763,0.0912143052116142,0.0119120317614954
0.598264750117815,0.828448447880902,0.929357786621714,0.973256633962222,1,0.980123423591228,0.962646642468809,0.947401680062855,0.931464825385055,0.91698903287819,0.903422788043433,0.890767223797503,0.875417968087896,0.866474575589776,0.851411584354711,0.841854012688759,0.828498516725404,0.813339157995559,0.796911308151848,0.786761537521939,0.778613980177773,0.770512496784524,0.760616542824145,0.740523964901902,0.72246706249071,0.68706347424079,0.642291219237042,0.594124434571707,0.503537918189837,0.309699617231532,0.111391546380542,0.0399093322071421
0.572254620465879,0.80165622400707,0.903935920316873,0.951736745697207,0.980123423591228,1,0.98389330874051,0.969458114272178,0.955066403288974,0.942713720856182,0.929217029679547,0.917584029726569,0.902018679313837,0.892426739899604,0.876644725063185,0.866954193406086,0.855342086105833,0.841676649034856,0.827337825363669,0.81717531190543,0.809396801969235,0.800885216758747,0.792435658676407,0.771896761741446,0.755354022762968,0.721821582298628,0.680255147361533,0.632698244986543,0.544422745158132,0.353570610169865,0.151227145158504,0.0817515537778867
0.546928501902041,0.786467679918542,0.886963478274988,0.933767590955192,0.962646642468809,0.98389330874051,1,0.987993661292515,0.974417372560259,0.962281663949841,0.947370031410079,0.936391251700012,0.921687282144328,0.911575425562767,0.897517257666768,0.88848785884425,0.878126365384876,0.865705442564304,0.853737965781859,0.843808582952377,0.834092525504154,0.824711699561191,0.815961775328967,0.796968634897857,0.781790257306033,0.748799821736297,0.707888687392879,0.660145483401401,0.572349892935661,0.3813827222753,0.170103728088235,0.0999894803202994
0.528049251458964,0.763848610655716,0.867315736801323,0.917635289591939,0.947401680062855,0.969458114272178,0.987993661292515,1,0.989284295627042,0.976402906526137,0.962100925839428,0.949867221513033,0.935426892188176,0.923773224286982,0.909458888311926,0.900443025960464,0.890659490364218,0.879183793063445,0.867832317963743,0.85844652875716,0.848921810454193,0.840428995076301,0.831783633930802,0.815203228578434,0.801713611000071,0.771305176938962,0.733467872097631,0.686796418451387,0.597367234446031,0.400899231867054,0.191300675194113,0.12756198593084
0.503843356560932,0.742007589477636,0.848623510175514,0.900268271545498,0.931464825385055,0.955066403288974,0.974417372560259,0.989284295627042,1,0.990078871014501,0.977659232793173,0.965936873040876,0.950871325850315,0.93785775136809,0.922265612996989,0.91221031677313,0.902094698938866,0.891030553082124,0.880967452216076,0.871229706213817,0.862291482672784,0.854835086765521,0.847285048355637,0.831112930280909,0.818342659153908,0.790633730678167,0.752892833299228,0.707486079383979,0.617520302615487,0.416036847561973,0.206930287912949,0.146875583434237
0.487530993277238,0.726227843958326,0.832343106196561,0.885471988600991,0.91698903287819,0.942713720856182,0.962281663949841,0.976402906526137,0.990078871014501,1,0.989413234355059,0.977332121045853,0.961268510645579,0.947703500992516,0.930013852506682,0.920197928969747,0.909795584866279,0.898842940522197,0.888442791463233,0.879106504135389,0.871236409111561,0.864463678615203,0.856654228073219,0.840385051862711,0.827730390241291,0.800288373025085,0.763845251527257,0.718803382457002,0.630938392244392,0.429690991369876,0.215571591764187,0.156967284807086
0.474964541790057,0.714770261474288,0.819181151817046,0.872224994667762,0.903422788043433,0.929217029679547,0.947370031410079,0.962100925839428,0.977659232793173,0.989413234355059,1,0.990877960302706,0.976898865167647,0.962700954330996,0.942910720348619,0.932451946418613,0.920657850297201,0.909589413418091,0.899320621934774,0.891109982164003,0.884683206738465,0.878500760399485,0.870800222791987,0.855255075120669,0.842834833048083,0.817516750477439,0.783032779393312,0.739353563047924,0.651883656981654,0.443878348417236,0.222482540729027,0.169772825978147
0.451079125094494,0.698813929090699,0.805201270035845,0.85822793957998,0.890767223797503,0.917584029726569,0.936391251700012,0.949867221513033,0.965936873040876,0.977332121045853,0.990877960302706,1,0.990386816224064,0.977848443425234,0.959825244677834,0.947895902375408,0.936433609562026,0.92453504002648,0.915788511547124,0.908509385633051,0.90317606815208,0.897818638619719,0.889851900932104,0.875551492518224,0.863842149378478,0.840825121857058,0.808663099223295,0.768228969054775,0.682403879441486,0.464965579931489,0.243370166739787,0.197535558995072
0.428547531006058,0.679846589590275,0.78871708479463,0.842120771000048,0.875417968087896,0.902018679313837,0.921687282144328,0.935426892188176,0.950871325850315,0.961268510645579,0.976898865167647,0.990386816224064,1,0.990506748577132,0.974904532150206,0.961943451073566,0.948296155101587,0.935022793317399,0.924622905208126,0.918154010868694,0.913357480066549,0.908727356230151,0.900654688148534,0.887474836933178,0.876412188922507,0.855348132052537,0.824925548490225,0.786703583228113,0.701879769695674,0.479194261918197,0.254979866391436,0.222441888574989
0.407549597015551,0.665008427749913,0.776754259848532,0.832684923155017,0.866474575589776,0.892426739899604,0.911575425562767,0.923773224286982,0.93785775136809,0.947703500992516,0.962700954330996,0.977848443425234,0.990506748577132,1,0.989464548282025,0.976886423175758,0.963435481142325,0.95115449678732,0.939688223408087,0.932817764963238,0.928019253345395,0.923114460987734,0.914977683889127,0.901665038793946,0.889330439885094,0.87041681058667,0.839983543625342,0.803343427659741,0.72138498896815,0.501564054296577,0.270707522137243,0.239392685648552
0.387064910449976,0.64505499268433,0.75955544754535,0.817182652993224,0.851411584354711,0.876644725063185,0.897517257666768,0.909458888311926,0.922265612996989,0.930013852506682,0.942910720348619,0.959825244677834,0.974904532150206,0.989464548282025,1,0.990789887755762,0.978387092841762,0.964758834144337,0.952680517280033,0.945341995666345,0.939201915469625,0.933360085360385,0.925939023330208,0.912516245695283,0.900534337626655,0.883718332986444,0.855075504277937,0.819972914168792,0.742423590549726,0.526317379427892,0.289740880223298,0.249317628547767
0.375505806006285,0.63174169724933,0.748691531416227,0.806101618385922,0.841854012688759,0.866954193406086,0.88848785884425,0.900443025960464,0.91221031677313,0.920197928969747,0.932451946418613,0.947895902375408,0.961943451073566,0.976886423175758,0.990789887755762,1,0.991003159416001,0.978927637122881,0.966466299638981,0.958481188950036,0.951645469159598,0.946250720410291,0.939519112790884,0.926123173902685,0.915373522736242,0.897859156438398,0.86892467699702,0.833746349803565,0.754446000885736,0.543246571278296,0.301577988537593,0.264883431568886
0.351137420214604,0.614375070967242,0.733273987198277,0.792693141406713,0.828498516725404,0.855342086105833,0.878126365384876,0.890659490364218,0.902094698938866,0.909795584866279,0.920657850297201,0.936433609562026,0.948296155101587,0.963435481142325,0.978387092841762,0.991003159416001,1,0.99175306083104,0.980087638238037,0.971461469898178,0.964842842345486,0.958321687743711,0.950741503443803,0.938119723205998,0.927665709820565,0.910801283708463,0.882759992739457,0.851871015890457,0.777778860412739,0.573437856120314,0.329118171764176,0.292017168068389
0.340436631197985,0.600615534253088,0.719247020030328,0.776570177129279,0.813339157995559,0.841676649034856,0.865705442564304,0.879183793063445,0.891030553082124,0.898842940522197,0.909589413418091,0.92453504002648,0.935022793317399,0.95115449678732,0.964758834144337,0.978927637122881,0.99175306083104,1,0.992285265807952,0.982639498885724,0.974560685102723,0.966305196378104,0.957142722446256,0.94486783840803,0.934144458138632,0.917093662973976,0.887727225792769,0.857692471645332,0.78442455416086,0.580499234822617,0.333403826889792,0.299359588719603
0.32438993128171,0.582833446291936,0.701880242721414,0.76091380729526,0.796911308151848,0.827337825363669,0.853737965781859,0.867832317963743,0.880967452216076,0.888442791463233,0.899320621934774,0.915788511547124,0.924622905208126,0.939688223408087,0.952680517280033,0.966466299638981,0.980087638238037,0.992285265807952,1,0.992664899482729,0.983738023947,0.974729005415231,0.965356008327705,0.952715218510737,0.941602546436876,0.924053947911308,0.893071587870726,0.864217720684192,0.79149866930013,0.592701132507741,0.34919206658356,0.31373500503809
0.315832625135945,0.574500755985422,0.690760947131454,0.750172788087551,0.786761537521939,0.81717531190543,0.843808582952377,0.85844652875716,0.871229706213817,0.879106504135389,0.891109982164003,0.908509385633051,0.918154010868694,0.932817764963238,0.945341995666345,0.958481188950036,0.971461469898178,0.982639498885724,0.992664899482729,1,0.993343252688222,0.98398716905987,0.974793473755382,0.961761560009449,0.950806775791373,0.934312948465191,0.904790141300793,0.87784637651015,0.808840329205887,0.608932364542847,0.365467970690294,0.323070310354554
0.297633003653752,0.559337857422474,0.678385368368644,0.741886318170063,0.778613980177773,0.809396801969235,0.834092525504154,0.848921810454193,0.862291482672784,0.871236409111561,0.884683206738465,0.90317606815208,0.913357480066549,0.928019253345395,0.939201915469625,0.951645469159598,0.964842842345486,0.974560685102723,0.983738023947,0.993343252688222,1,0.992232778113547,0.981988173876224,0.969298034110756,0.958189685277781,0.942919115823241,0.916364660902109,0.890346967533462,0.819372763601317,0.625437148755174,0.382640549111817,0.341547478219247
0.287646725282498,0.546240432884724,0.668411738881931,0.733601316750327,0.770512496784524,0.800885216758747,0.824711699561191,0.840428995076301,0.854835086765521,0.864463678615203,0.878500760399485,0.897818638619719,0.908727356230151,0.923114460987734,0.933360085360385,0.946250720410291,0.958321687743711,0.966305196378104,0.974729005415231,0.98398716905987,0.992232778113547,1,0.991452641162877,0.980593994942721,0.968198553754338,0.954223907870844,0.929506944295067,0.901462752919584,0.830300593086762,0.633657427570247,0.386107508915972,0.359808187970909
0.271526256334566,0.527946961059555,0.65531760255621,0.722095608686602,0.760616542824145,0.792435658676407,0.815961775328967,0.831783633930802,0.847285048355637,0.856654228073219,0.870800222791987,0.889851900932104,0.900654688148534,0.914977683889127,0.925939023330208,0.939519112790884,0.950741503443803,0.957142722446256,0.965356008327705,0.974793473755382,0.981988173876224,0.991452641162877,1,0.990620896492923,0.978753076677615,0.965367417956563,0.939985805699035,0.91516943878689,0.843856559109064,0.652484216232353,0.401603241815787,0.379143585115832
0.255075972325061,0.507486656018581,0.636399168773913,0.701240441675919,0.740523964901902,0.771896761741446,0.796968634897857,0.815203228578434,0.831112930280909,0.840385051862711,0.855255075120669,0.875551492518224,0.887474836933178,0.901665038793946,0.912516245695283,0.926123173902685,0.938119723205998,0.94486783840803,0.952715218510737,0.961761560009449,0.969298034110756,0.980593994942721,0.990620896492923,1,0.990493101940971,0.976866829740978,0.950616214674359,0.927875317688648,0.860345892155587,0.667472971680373,0.425166197156841,0.40043377120127
0.242689937528652,0.494631650075207,0.618140041662068,0.682925450726722,0.72246706249071,0.755354022762968,0.781790257306033,0.801713611000071,0.818342659153908,0.827730390241291,0.842834833048083,0.863842149378478,0.876412188922507,0.889330439885094,0.900534337626655,0.915373522736242,0.927665709820565,0.934144458138632,0.941602546436876,0.950806775791373,0.958189685277781,0.968198553754338,0.978753076677615,0.990493101940971,1,0.986827769379681,0.963121994878855,0.940231831348321,0.875305658016117,0.6778713747672,0.440447388154099,0.408475625830729
0.209233501042984,0.453831867380568,0.579121991264758,0.64594181689477,0.68706347424079,0.721821582298628,0.748799821736297,0.771305176938962,0.790633730678167,0.800288373025085,0.817516750477439,0.840825121857058,0.855348132052537,0.87041681058667,0.883718332986444,0.897859156438398,0.910801283708463,0.917093662973976,0.924053947911308,0.934312948465191,0.942919115823241,0.954223907870844,0.965367417956563,0.976866829740978,0.986827769379681,1,0.98205555638254,0.959970833821875,0.89980917675959,0.701883112900645,0.456781981544966,0.437466979784234
0.182889559919513,0.405869031659149,0.531361231857754,0.602147017992635,0.642291219237042,0.680255147361533,0.707888687392879,0.733467872097631,0.752892833299228,0.763845251527257,0.783032779393312,0.808663099223295,0.824925548490225,0.839983543625342,0.855075504277937,0.86892467699702,0.882759992739457,0.887727225792769,0.893071587870726,0.904790141300793,0.916364660902109,0.929506944295067,0.939985805699035,0.950616214674359,0.963121994878855,0.98205555638254,1,0.976438748792197,0.922187088330503,0.725951234989001,0.481627979004163,0.477002920631423
0.126565646880143,0.351379296157923,0.480067509751439,0.554313059404722,0.594124434571707,0.632698244986543,0.660145483401401,0.686796418451387,0.707486079383979,0.718803382457002,0.739353563047924,0.768228969054775,0.786703583228113,0.803343427659741,0.819972914168792,0.833746349803565,0.851871015890457,0.857692471645332,0.864217720684192,0.87784637651015,0.890346967533462,0.901462752919584,0.91516943878689,0.927875317688648,0.940231831348321,0.959970833821875,0.976438748792197,1,0.953181630426487,0.766675002626003,0.530703331926342,0.529775479621968
0.0497161554833849,0.270398532120647,0.397801196683068,0.46734173536633,0.503537918189837,0.544422745158132,0.572349892935661,0.597367234446031,0.617520302615487,0.630938392244392,0.651883656981654,0.682403879441486,0.701879769695674,0.72138498896815,0.742423590549726,0.754446000885736,0.777778860412739,0.78442455416086,0.79149866930013,0.808840329205887,0.819372763601317,0.830300593086762,0.843856559109064,0.860345892155587,0.875305658016117,0.89980917675959,0.922187088330503,0.953181630426487,1,0.858144408213883,0.614098006384787,0.57539998594746
-0.0791468037091795,0.101765857952985,0.214839580170491,0.274885893136763,0.309699617231532,0.353570610169865,0.3813827222753,0.400899231867054,0.416036847561973,0.429690991369876,0.443878348417236,0.464965579931489,0.479194261918197,0.501564054296577,0.526317379427892,0.543246571278296,0.573437856120314,0.580499234822617,0.592701132507741,0.608932364542847,0.625437148755174,0.633657427570247,0.652484216232353,0.667472971680373,0.6778713747672,0.701883112900645,0.725951234989001,0.766675002626003,0.858144408213883,1,0.791493607536514,0.648635279478874
-0.126734427787101,-0.0666819124911321,0.0286177173618744,0.0912143052116142,0.111391546380542,0.151227145158504,0.170103728088235,0.191300675194113,0.206930287912949,0.215571591764187,0.222482540729027,0.243370166739787,0.254979866391436,0.270707522137243,0.289740880223298,0.301577988537593,0.329118171764176,0.333403826889792,0.34919206658356,0.365467970690294,0.382640549111817,0.386107508915972,0.401603241815787,0.425166197156841,0.440447388154099,0.456781981544966,0.481627979004163,0.530703331926342,0.614098006384787,0.791493607536514,1,0.695097745274683
-0.251433326145347,-0.152352352740006,-0.0614112407604352,0.0119120317614954,0.0399093322071421,0.0817515537778867,0.0999894803202994,0.12756198593084,0.146875583434237,0.156967284807086,0.169772825978147,0.197535558995072,0.222441888574989,0.239392685648552,0.249317628547767,0.264883431568886,0.292017168068389,0.299359588719603,0.31373500503809,0.323070310354554,0.341547478219247,0.359808187970909,0.379143585115832,0.40043377120127,0.408475625830729,0.437466979784234,0.477002920631423,0.529775479621968,0.57539998594746,0.648635279478874,0.695097745274683,1
