1,0.943951337915147,0.811746974155258,0.756308777702341,0.704727952461263,0.665144504380187,0.632465937826094,0.582752363856293,0.493755332793733,0.396776406208285,0.362807160035012,0.328905874359563,0.295305123911725,0.260685297949869,0.232188864671977,0.209411432600817,0.188677532128071,0.180615872708645,0.179173531637207,0.163520134313759,0.145712748559713,0.144368116886281,0.144789424301106,0.136745296113936,0.129155801517364,0.128830004964886,0.123345812351588,0.107536144187663,0.0960539675877361,0.0871455051793754,0.0815763292083955,0.074684653139931
0.943951337915147,1,0.956215677174637,0.897111019516597,0.841905535638683,0.800190479693562,0.764003102253652,0.705999639249775,0.61149451798463,0.504068365893504,0.466129533072861,0.427022854467581,0.387121496883885,0.345795464509676,0.312905541200788,0.288328435746454,0.267103913485731,0.25873256060869,0.257095935565348,0.240838997937161,0.221780266455817,0.220166978191199,0.220195315712135,0.211257873748444,0.201375324101853,0.19760792842525,0.186280472001758,0.158614364846894,0.142983051049096,0.136260939624196,0.130102733597698,0.119037048077281
0.811746974155258,0.956215677174637,1,0.967722964081927,0.925150606608758,0.884771849775924,0.848253881642176,0.786443836518986,0.695729246042204,0.587042999690396,0.549243955441733,0.508339902354675,0.464065261426285,0.418104194374798,0.382774102319235,0.357925813548506,0.337526764836756,0.329541135962875,0.328088898917861,0.312591877766306,0.293687130870841,0.292048354234582,0.291764437404772,0.282027265716035,0.270132387943955,0.263929298313444,0.248650910690878,0.213049972964657,0.194779230159133,0.18985858988235,0.18245412059815,0.166424511554404
0.756308777702341,0.897111019516597,0.967722964081927,1,0.987217814980138,0.947655511951704,0.911588434432808,0.847888313371655,0.762334142041605,0.654357136824492,0.618846121841214,0.577783937252845,0.529085168952775,0.478654727040176,0.440913255215554,0.415042272247522,0.394186157616472,0.386411463447542,0.385549708744915,0.370493737792558,0.351402634799505,0.349990520748687,0.349751169804106,0.338393819685402,0.324613690889213,0.318876916933363,0.304028913479597,0.268726156131452,0.249911670429902,0.243810631655891,0.233504530275728,0.21195757121411
0.704727952461263,0.841905535638683,0.925150606608758,0.987217814980138,1,0.981626248608129,0.952878822582341,0.889580629579966,0.815985281265854,0.71483619596879,0.681614245595308,0.640852758500745,0.589841822794209,0.536760497657286,0.498029150554356,0.472539248431904,0.452651437242603,0.445047057102058,0.443954531892431,0.430538254604441,0.412764440874629,0.411593708705489,0.411202671978815,0.397831580458255,0.381594253214406,0.374694082362378,0.358818330206935,0.322094559938074,0.302022067388774,0.294801523446959,0.278905052180659,0.24904041730509
0.665144504380187,0.800190479693562,0.884771849775924,0.947655511951704,0.981626248608129,1,0.98359561346074,0.92194688843182,0.864657130222548,0.774076909821564,0.742733400714713,0.70224509749557,0.650251869722522,0.595604489483114,0.55671305969892,0.532489526872165,0.514502207510294,0.506955411377263,0.504961712972218,0.493966623203856,0.478511904860467,0.477573433587187,0.476873243278311,0.461122871851804,0.441908291970754,0.432498241224144,0.414296847817439,0.374458515356807,0.352405935578423,0.344092703073952,0.320492532159956,0.280084908510225
0.632465937826094,0.764003102253652,0.848253881642176,0.911588434432808,0.952878822582341,0.98359561346074,1,0.975730924993334,0.927757459823098,0.837598229788312,0.807470952389813,0.766888110053821,0.7146819058786,0.65986414506876,0.623556060209155,0.600404595379823,0.581703950411324,0.573266675435763,0.570289921930559,0.556747113084602,0.538299095776747,0.537385912744804,0.536884814864532,0.51788050984809,0.495397300265275,0.484752319025086,0.464803957292428,0.421600862804645,0.398001859944087,0.389669127764573,0.362992888917031,0.316826819904853
0.582752363856293,0.705999639249775,0.786443836518986,0.847888313371655,0.889580629579966,0.92194688843182,0.975730924993334,1,0.959838230001321,0.869515480428942,0.841319023391316,0.801911467884534,0.751579737310326,0.698991678777915,0.66732803961818,0.645901749136718,0.626237791288009,0.61691939624044,0.613099583126279,0.595858217944674,0.573341424861198,0.57240862892935,0.572293417950611,0.550595809976737,0.525735453701234,0.514765435276904,0.494084044696383,0.449141752199405,0.425069886222307,0.417392330799712,0.390435192598473,0.342215890602093
0.493755332793733,0.61149451798463,0.695729246042204,0.762334142041605,0.815985281265854,0.864657130222548,0.927757459823098,0.959838230001321,1,0.973029553322724,0.950889157547376,0.915629837931639,0.874123236433281,0.824966032988561,0.793826124889308,0.774463020716486,0.756992244085756,0.745769511941904,0.73786372963019,0.727002215892949,0.711388887024319,0.709508962693729,0.70699984102422,0.67290886931853,0.637334020781166,0.623354937939755,0.599419847213687,0.549240596987179,0.520453598937001,0.508193716097205,0.474607826135218,0.416305649645647
0.396776406208285,0.504068365893504,0.587042999690396,0.654357136824492,0.71483619596879,0.774076909821564,0.837598229788312,0.869515480428942,0.973029553322724,1,0.984365013829597,0.954715203244619,0.922692385437727,0.878999792281925,0.84975483232647,0.833087055406598,0.81849826927323,0.80642777967639,0.795689848615722,0.791084739458732,0.782456343355462,0.779917975430289,0.775548939852871,0.733481029148016,0.691344151075433,0.675762732289061,0.650592041818311,0.599075443550479,0.56800340434535,0.552477956711395,0.515272964044669,0.452071259191952
0.362807160035012,0.466129533072861,0.549243955441733,0.618846121841214,0.681614245595308,0.742733400714713,0.807470952389813,0.841319023391316,0.950889157547376,0.984365013829597,1,0.991840017814139,0.962176294040558,0.923418833751678,0.905508172283514,0.893556636185932,0.877995098846796,0.866025734653316,0.855982887010946,0.851831290614481,0.842976001553793,0.841503930274099,0.838038782869497,0.800002553090391,0.76021854633977,0.748735069185679,0.725151827727414,0.671666687439141,0.635714224449225,0.612333992735514,0.5697691304941,0.500900167573252
0.328905874359563,0.427022854467581,0.508339902354675,0.577783937252845,0.640852758500745,0.70224509749557,0.766888110053821,0.801911467884534,0.915629837931639,0.954715203244619,0.991840017814139,1,0.979445520506447,0.948587546687458,0.938459703461275,0.929228991825509,0.912107234772882,0.900402628801911,0.891613579598658,0.886998377922068,0.87698918482221,0.876100842000638,0.873262794453203,0.839634422530794,0.802963292335833,0.796148874007742,0.775991657578713,0.725062501108631,0.687089167592118,0.657583066486463,0.612011371581486,0.540077472354126
0.295305123911725,0.387121496883885,0.464065261426285,0.529085168952775,0.589841822794209,0.650251869722522,0.7146819058786,0.751579737310326,0.874123236433281,0.922692385437727,0.962176294040558,0.979445520506447,1,0.992358999698829,0.981179064726198,0.968155314025767,0.944599363217416,0.933080449384483,0.928015868193844,0.918596702767097,0.902096178697417,0.900265764354617,0.897219596507143,0.870203362701897,0.839127492261506,0.842282228911849,0.833838588906844,0.801241318259622,0.767965200403617,0.732108196974063,0.686889456841546,0.614099018704679
0.260685297949869,0.345795464509676,0.418104194374798,0.478654727040176,0.536760497657286,0.595604489483114,0.65986414506876,0.698991678777915,0.824966032988561,0.878999792281925,0.923418833751678,0.948587546687458,0.992358999698829,1,0.993308832524451,0.980949487734726,0.954911986573455,0.943795132298424,0.940680334691976,0.929676557055038,0.910824241122134,0.908232937781378,0.9046807992348,0.881788989698342,0.854358862741501,0.863969290118252,0.862302592860711,0.839287138784306,0.807741186384925,0.767103546185429,0.721535621418347,0.648547549746613
0.232188864671977,0.312905541200788,0.382774102319235,0.440913255215554,0.498029150554356,0.55671305969892,0.623556060209155,0.66732803961818,0.793826124889308,0.84975483232647,0.905508172283514,0.938459703461275,0.981179064726198,0.993308832524451,1,0.994891460508562,0.971292459306858,0.96048959545213,0.956570869158605,0.948459555655783,0.932785111713378,0.929539312076132,0.92481393933364,0.901537159455506,0.873858413172526,0.885378353290232,0.883249085724909,0.855913304826126,0.820243395809637,0.775151860578842,0.726176321736421,0.650944109960766
0.209411432600817,0.288328435746454,0.357925813548506,0.415042272247522,0.472539248431904,0.532489526872165,0.600404595379823,0.645901749136718,0.774463020716486,0.833087055406598,0.893556636185932,0.929228991825509,0.968155314025767,0.980949487734726,0.994891460508562,1,0.98922242405949,0.981449870998031,0.97542713218437,0.968884165652877,0.955319834584348,0.951266237267837,0.945348247361959,0.921736843214851,0.892765648794378,0.899491259844232,0.893817915362804,0.863518986578206,0.825829037623821,0.779294159685953,0.728927437839587,0.652573977701917
0.188677532128071,0.267103913485731,0.337526764836756,0.394186157616472,0.452651437242603,0.514502207510294,0.581703950411324,0.626237791288009,0.756992244085756,0.81849826927323,0.877995098846796,0.912107234772882,0.944599363217416,0.954911986573455,0.971292459306858,0.98922242405949,1,0.997578091191074,0.988410090998406,0.982482152980259,0.970357230774959,0.965387485632148,0.958281333335599,0.934578262910313,0.903706530722792,0.90009805253678,0.888375580013805,0.856385303400565,0.818635270606969,0.773435508254511,0.723699236091347,0.647774670194442
0.180615872708645,0.25873256060869,0.329541135962875,0.386411463447542,0.445047057102058,0.506955411377263,0.573266675435763,0.61691939624044,0.745769511941904,0.80642777967639,0.866025734653316,0.900402628801911,0.933080449384483,0.943795132298424,0.96048959545213,0.981449870998031,0.997578091191074,1,0.995518825600684,0.990307050338433,0.977553218400633,0.972945884979157,0.966269003138567,0.947704085285526,0.919739353036312,0.913868259322334,0.900464277537746,0.867020080101329,0.828760954205113,0.783842194116435,0.734596734858834,0.658536518704703
0.179173531637207,0.257095935565348,0.328088898917861,0.385549708744915,0.443954531892431,0.504961712972218,0.570289921930559,0.613099583126279,0.73786372963019,0.795689848615722,0.855982887010946,0.891613579598658,0.928015868193844,0.940680334691976,0.956570869158605,0.97542713218437,0.988410090998406,0.995518825600684,1,0.995573017619664,0.981070569386058,0.977513000266834,0.97213395938059,0.961603331559151,0.939162243457599,0.935270380480701,0.922466222783956,0.887649626612353,0.848617786742034,0.803410358242554,0.754576174460583,0.678051113372039
0.163520134313759,0.240838997937161,0.312591877766306,0.370493737792558,0.430538254604441,0.493966623203856,0.556747113084602,0.595858217944674,0.727002215892949,0.791084739458732,0.851831290614481,0.886998377922068,0.918596702767097,0.929676557055038,0.948459555655783,0.968884165652877,0.982482152980259,0.990307050338433,0.995573017619664,1,0.994754132171694,0.992021013546145,0.986221654601274,0.973428082780459,0.949421615537711,0.946420003383866,0.931854970660484,0.890577590625393,0.849104313510475,0.804648996067223,0.754082901973824,0.675283850561604
0.145712748559713,0.221780266455817,0.293687130870841,0.351402634799505,0.412764440874629,0.478511904860467,0.538299095776747,0.573341424861198,0.711388887024319,0.782456343355462,0.842976001553793,0.87698918482221,0.902096178697417,0.910824241122134,0.932785111713378,0.955319834584348,0.970357230774959,0.977553218400633,0.981070569386058,0.994754132171694,1,0.9978779741163,0.991307255565234,0.973906424390532,0.946851532249561,0.944269841227671,0.927765432993244,0.880284483707764,0.836759331560353,0.793572738116651,0.741458283429748,0.661017400805767
0.144368116886281,0.220166978191199,0.292048354234582,0.349990520748687,0.411593708705489,0.477573433587187,0.537385912744804,0.57240862892935,0.709508962693729,0.779917975430289,0.841503930274099,0.876100842000638,0.900265764354617,0.908232937781378,0.929539312076132,0.951266237267837,0.965387485632148,0.972945884979157,0.977513000266834,0.992021013546145,0.9978779741163,1,0.997725664384676,0.980921780107548,0.954062667858774,0.951067247096674,0.934062806722426,0.885744539412142,0.842737903138228,0.801340808331874,0.749936026985765,0.669095339160948
0.144789424301106,0.220195315712135,0.291764437404772,0.349751169804106,0.411202671978815,0.476873243278311,0.536884814864532,0.572293417950611,0.70699984102422,0.775548939852871,0.838038782869497,0.873262794453203,0.897219596507143,0.9046807992348,0.92481393933364,0.945348247361959,0.958281333335599,0.966269003138567,0.97213395938059,0.986221654601274,0.991307255565234,0.997725664384676,1,0.984481407774327,0.958325097021539,0.954858033808634,0.937655122500198,0.88946695651742,0.847425048637761,0.807862727840126,0.757584923927725,0.676846066040841
0.136745296113936,0.211257873748444,0.282027265716035,0.338393819685402,0.397831580458255,0.461122871851804,0.51788050984809,0.550595809976737,0.67290886931853,0.733481029148016,0.800002553090391,0.839634422530794,0.870203362701897,0.881788989698342,0.901537159455506,0.921736843214851,0.934578262910313,0.947704085285526,0.961603331559151,0.973428082780459,0.973906424390532,0.980921780107548,0.984481407774327,1,0.993416427875932,0.98269616751083,0.962182697905371,0.91538046637886,0.874642519469606,0.836567317666456,0.786182486744035,0.703173658003628
0.129155801517364,0.201375324101853,0.270132387943955,0.324613690889213,0.381594253214406,0.441908291970754,0.495397300265275,0.525735453701234,0.637334020781166,0.691344151075433,0.76021854633977,0.802963292335833,0.839127492261506,0.854358862741501,0.873858413172526,0.892765648794378,0.903706530722792,0.919739353036312,0.939162243457599,0.949421615537711,0.946851532249561,0.954062667858774,0.958325097021539,0.993416427875932,1,0.988287644777802,0.968020148711748,0.923408655406527,0.884169345035261,0.847213749911382,0.797446658661699,0.714070696065147
0.128830004964886,0.19760792842525,0.263929298313444,0.318876916933363,0.374694082362378,0.432498241224144,0.484752319025086,0.514765435276904,0.623354937939755,0.675762732289061,0.748735069185679,0.796148874007742,0.842282228911849,0.863969290118252,0.885378353290232,0.899491259844232,0.90009805253678,0.913868259322334,0.935270380480701,0.946420003383866,0.944269841227671,0.951067247096674,0.954858033808634,0.98269616751083,0.988287644777802,1,0.993299687170017,0.952051407317623,0.912813699686089,0.873011212599624,0.82278409027318,0.738753107590861
0.123345812351588,0.186280472001758,0.248650910690878,0.304028913479597,0.358818330206935,0.414296847817439,0.464803957292428,0.494084044696383,0.599419847213687,0.650592041818311,0.725151827727414,0.775991657578713,0.833838588906844,0.862302592860711,0.883249085724909,0.893817915362804,0.888375580013805,0.900464277537746,0.922466222783956,0.931854970660484,0.927765432993244,0.934062806722426,0.937655122500198,0.962182697905371,0.968020148711748,0.993299687170017,1,0.976688629410973,0.945073019805825,0.904978154933584,0.853841150853436,0.767250089503315
0.107536144187663,0.158614364846894,0.213049972964657,0.268726156131452,0.322094559938074,0.374458515356807,0.421600862804645,0.449141752199405,0.549240596987179,0.599075443550479,0.671666687439141,0.725062501108631,0.801241318259622,0.839287138784306,0.855913304826126,0.863518986578206,0.856385303400565,0.867020080101329,0.887649626612353,0.890577590625393,0.880284483707764,0.885744539412142,0.88946695651742,0.91538046637886,0.923408655406527,0.952051407317623,0.976688629410973,1,0.990456006414094,0.954012601894307,0.901169767825326,0.808567492660563
0.0960539675877361,0.142983051049096,0.194779230159133,0.249911670429902,0.302022067388774,0.352405935578423,0.398001859944087,0.425069886222307,0.520453598937001,0.56800340434535,0.635714224449225,0.687089167592118,0.767965200403617,0.807741186384925,0.820243395809637,0.825829037623821,0.818635270606969,0.828760954205113,0.848617786742034,0.849104313510475,0.836759331560353,0.842737903138228,0.847425048637761,0.874642519469606,0.884169345035261,0.912813699686089,0.945073019805825,0.990456006414094,1,0.982567057647455,0.937133216635595,0.842999499103593
0.0871455051793754,0.136260939624196,0.18985858988235,0.243810631655891,0.294801523446959,0.344092703073952,0.389669127764573,0.417392330799712,0.508193716097205,0.552477956711395,0.612333992735514,0.657583066486463,0.732108196974063,0.767103546185429,0.775151860578842,0.779294159685953,0.773435508254511,0.783842194116435,0.803410358242554,0.804648996067223,0.793572738116651,0.801340808331874,0.807862727840126,0.836567317666456,0.847213749911382,0.873011212599624,0.904978154933584,0.954012601894307,0.982567057647455,1,0.970769073613542,0.878526883544218
0.0815763292083955,0.130102733597698,0.18245412059815,0.233504530275728,0.278905052180659,0.320492532159956,0.362992888917031,0.390435192598473,0.474607826135218,0.515272964044669,0.5697691304941,0.612011371581486,0.686889456841546,0.721535621418347,0.726176321736421,0.728927437839587,0.723699236091347,0.734596734858834,0.754576174460583,0.754082901973824,0.741458283429748,0.749936026985765,0.757584923927725,0.786182486744035,0.797446658661699,0.82278409027318,0.853841150853436,0.901169767825326,0.937133216635595,0.970769073613542,1,0.966138277308521
0.074684653139931,0.119037048077281,0.166424511554404,0.21195757121411,0.24904041730509,0.280084908510225,0.316826819904853,0.342215890602093,0.416305649645647,0.452071259191952,0.500900167573252,0.540077472354126,0.614099018704679,0.648547549746613,0.650944109960766,0.652573977701917,0.647774670194442,0.658536518704703,0.678051113372039,0.675283850561604,0.661017400805767,0.669095339160948,0.676846066040841,0.703173658003628,0.714070696065147,0.738753107590861,0.767250089503315,0.808567492660563,0.842999499103593,0.878526883544218,0.966138277308521,1
