1,0.478781323841067,0.377751694866087,0.305883760643539,0.282801491186296,0.241068636858036,0.202716768236824,0.179054970648133,0.168332687493134,0.1552322204811,0.1545651713418,0.153702278761652,0.152042265434313,0.135581367790888,0.122522517459817,0.109940286148624,0.100749351656549,0.0983398206975365,0.0901925822281828,0.0817905711166664,0.0920922114954866,0.0996899874184581,0.0970355935018564,0.0953884765946853,0.0855360419841522,0.0728508629780034,0.0613932257426226,0.0422753970946735,0.0380467029284319,-0.00343642134290109,-0.0390054901162551,-0.113398910307004
0.478781323841067,1,0.8304107164974,0.735988458236415,0.684951196603091,0.625429759081344,0.579872993304744,0.554133614375676,0.536799684681201,0.50678750751844,0.500151767611245,0.492703187749443,0.487449152176388,0.468134571397065,0.452334379199204,0.432695484705722,0.413929231597921,0.40187813904685,0.393693000329319,0.382903233895121,0.388841159443629,0.39360031704588,0.394747924125874,0.377330281665566,0.370155955562465,0.35549246626598,0.344811087520399,0.332944533397967,0.3082106223841,0.230395761355784,0.0925883094664552,0.00657951227351112
0.377751694866087,0.8304107164974,1,0.914888049586376,0.852508896161663,0.804445907978436,0.759763849918839,0.726463538212681,0.708190203419139,0.668015994716943,0.656757463534485,0.646315424737038,0.639209903839223,0.611047601645701,0.59269703847723,0.571354968552525,0.553819923790621,0.553235291723963,0.553177459529414,0.543504946125477,0.54806065281698,0.547946826926879,0.543717943211168,0.521548696773819,0.516797085971461,0.501492168704128,0.482411590163954,0.460911888618445,0.425914324769846,0.32727320991579,0.15465042751407,0.068893149187289
0.305883760643539,0.735988458236415,0.914888049586376,1,0.947375995558315,0.898699436749187,0.865113217027035,0.830608844621596,0.804395992030893,0.767998699642547,0.758657307728787,0.746783866204682,0.73384602966438,0.709467557052828,0.692438405517174,0.67283278595108,0.656982042658954,0.658755292344148,0.658401774287134,0.647064554495792,0.648425769554891,0.645105678062749,0.634579355620372,0.61724365850234,0.608732352122806,0.594502957889122,0.575201906017454,0.552989840717966,0.511445033881084,0.405075695427003,0.212600353874509,0.112812966864547
0.282801491186296,0.684951196603091,0.852508896161663,0.947375995558315,1,0.95447582415947,0.914437931181823,0.881944985502313,0.854010317765147,0.820264599247827,0.807806222336195,0.794124104985823,0.778277972696145,0.755100430377955,0.73965428746269,0.718974654921785,0.704355716113075,0.705637359904961,0.706586794100428,0.697662801943487,0.699671876511835,0.696148816836054,0.686359102473901,0.672340334658085,0.666803620960195,0.649395644227661,0.627133766769702,0.602756408715628,0.55612853508371,0.446404841475094,0.259642972190058,0.128346249823119
0.241068636858036,0.625429759081344,0.804445907978436,0.898699436749187,0.95447582415947,1,0.9687466358355,0.934973659730048,0.910342567616956,0.883760904936028,0.867201161975024,0.854300049854799,0.843631008585691,0.820636253612767,0.804265390820999,0.780540983025854,0.76378211660298,0.76365987188204,0.763835435287099,0.756111502976314,0.751819167648476,0.744169307099706,0.735544718321939,0.723176088120128,0.717394836852003,0.703768046110137,0.682335308922483,0.654922339352619,0.601273123294209,0.479284272623257,0.283726213014532,0.164634383352821
0.202716768236824,0.579872993304744,0.759763849918839,0.865113217027035,0.914437931181823,0.9687466358355,1,0.97416015145492,0.949617273081873,0.923781136894431,0.903245725574797,0.89026541201003,0.878974225232961,0.854621201339592,0.839903667587614,0.814732088146614,0.79751981184986,0.797986647692451,0.796126869457901,0.789153637711407,0.783279336453572,0.775549388295692,0.765555048707988,0.751205005287566,0.74463064009217,0.73305671351132,0.713879710864529,0.687937356254198,0.636096313814646,0.508691744837267,0.311439355284814,0.183547273703593
0.179054970648133,0.554133614375676,0.726463538212681,0.830608844621596,0.881944985502313,0.934973659730048,0.97416015145492,1,0.979006887637902,0.957759858416091,0.935880782996648,0.922337264249277,0.909265193252352,0.88645696332715,0.872964873381701,0.848549870435016,0.831528067159546,0.830361279478566,0.825975883212978,0.816489163417564,0.810711499734326,0.803386526558949,0.794840013348861,0.781378501968909,0.773080790914022,0.757393744817321,0.73880269213387,0.712942585763759,0.662139749953897,0.530050840405715,0.319786667872368,0.191315202407112
0.168332687493134,0.536799684681201,0.708190203419139,0.804395992030893,0.854010317765147,0.910342567616956,0.949617273081873,0.979006887637902,1,0.980209809155707,0.955604032896487,0.942852163616332,0.930889365955762,0.909077104794254,0.892316113744601,0.869317548229173,0.851620399012894,0.849200512342637,0.844886067404353,0.836207765733516,0.829783434404829,0.820338745201595,0.812362845380174,0.799315977393323,0.7898870741307,0.771124943033034,0.750722074981094,0.722552659031546,0.673645723496303,0.539218649545345,0.329825797485836,0.20637408044067
0.1552322204811,0.50678750751844,0.668015994716943,0.767998699642547,0.820264599247827,0.883760904936028,0.923781136894431,0.957759858416091,0.980209809155707,1,0.978559199584748,0.96374572492338,0.948067307293659,0.926709053381406,0.909569774739682,0.887079686323878,0.870925176620609,0.868398624343011,0.863766609948994,0.855444912826163,0.847064578910496,0.835102589524897,0.828876713595494,0.815411801639579,0.802517160759158,0.783143846254656,0.763043743510558,0.733755155819487,0.678981409137862,0.543537570803976,0.339573441024669,0.208635972194111
0.1545651713418,0.500151767611245,0.656757463534485,0.758657307728787,0.807806222336195,0.867201161975024,0.903245725574797,0.935880782996648,0.955604032896487,0.978559199584748,1,0.985917385024486,0.965306366133071,0.941482080795013,0.918566267524394,0.893186947980028,0.876461803749088,0.872140195362808,0.866363719065718,0.857173916249981,0.849945937252091,0.839489063312721,0.834384131305667,0.821271004326791,0.807603660572483,0.790653709600696,0.771566061272765,0.743345315238024,0.691765618541144,0.557041969206731,0.343179114872805,0.203406030077584
0.153702278761652,0.492703187749443,0.646315424737038,0.746783866204682,0.794124104985823,0.854300049854799,0.89026541201003,0.922337264249277,0.942852163616332,0.96374572492338,0.985917385024486,1,0.983880819822577,0.958460740597187,0.932605299624664,0.904682745595609,0.887016631426143,0.881165366810575,0.873296119279841,0.863429528271901,0.855948034242274,0.846615044765889,0.842112400553189,0.829984655610254,0.816247122273408,0.799860762072896,0.780640392752699,0.750063237472516,0.699213023833589,0.564268190483442,0.353098500408168,0.216681055837442
0.152042265434313,0.487449152176388,0.639209903839223,0.73384602966438,0.778277972696145,0.843631008585691,0.878974225232961,0.909265193252352,0.930889365955762,0.948067307293659,0.965306366133071,0.983880819822577,1,0.980168421621974,0.955370766953675,0.927333492548804,0.90647979688291,0.895897106785281,0.886736729820132,0.875582327606197,0.868016924932775,0.859749523355533,0.855660100977588,0.846504791906991,0.834246707442409,0.818247343601435,0.798966705931389,0.769052784395557,0.721486183013989,0.585880851657583,0.373554948174559,0.235041907172276
0.135581367790888,0.468134571397065,0.611047601645701,0.709467557052828,0.755100430377955,0.820636253612767,0.854621201339592,0.88645696332715,0.909077104794254,0.926709053381406,0.941482080795013,0.958460740597187,0.980168421621974,1,0.980977849532028,0.953218011675178,0.93083337756724,0.916290816961787,0.906031178048787,0.892968554836729,0.884179892566295,0.874909321559203,0.869932892695827,0.862272646734879,0.849757644991599,0.832685785929319,0.810796094779639,0.778732812683758,0.733535776681409,0.600220460090628,0.386970386874144,0.233707966908768
0.122522517459817,0.452334379199204,0.59269703847723,0.692438405517174,0.73965428746269,0.804265390820999,0.839903667587614,0.872964873381701,0.892316113744601,0.909569774739682,0.918566267524394,0.932605299624664,0.955370766953675,0.980977849532028,1,0.982090148693724,0.962379690755965,0.945437994162592,0.934261234205279,0.9184783627068,0.90933465311123,0.897140159627259,0.891133663120203,0.883708803634392,0.872382140778042,0.856407139745559,0.832647805002934,0.798509703228273,0.754315248440631,0.624249792183525,0.393011756285485,0.248003728243444
0.109940286148624,0.432695484705722,0.571354968552525,0.67283278595108,0.718974654921785,0.780540983025854,0.814732088146614,0.848549870435016,0.869317548229173,0.887079686323878,0.893186947980028,0.904682745595609,0.927333492548804,0.953218011675178,0.982090148693724,1,0.985849738935052,0.967586846336336,0.953910616107619,0.935337666905987,0.920311502191729,0.906135915361808,0.899489280046263,0.890378326312465,0.87819242660048,0.861898499672965,0.83388231948002,0.796465156061182,0.753019333168262,0.630424464645975,0.399537133109783,0.262978671796508
0.100749351656549,0.413929231597921,0.553819923790621,0.656982042658954,0.704355716113075,0.76378211660298,0.79751981184986,0.831528067159546,0.851620399012894,0.870925176620609,0.876461803749088,0.887016631426143,0.90647979688291,0.93083337756724,0.962379690755965,0.985849738935052,1,0.986890061151041,0.970125359622228,0.950595001547302,0.933684307451058,0.919387615518223,0.911384617822651,0.901155092039762,0.889379054466232,0.873220680528765,0.843667498903134,0.804533041321417,0.762772935986318,0.641881753532217,0.411096754991692,0.274572930544324
0.0983398206975365,0.40187813904685,0.553235291723963,0.658755292344148,0.705637359904961,0.76365987188204,0.797986647692451,0.830361279478566,0.849200512342637,0.868398624343011,0.872140195362808,0.881165366810575,0.895897106785281,0.916290816961787,0.945437994162592,0.967586846336336,0.986890061151041,1,0.987031585955066,0.968241637040538,0.95111143697587,0.93474791336054,0.926087082141693,0.914988974146264,0.902388784896779,0.885457502532444,0.856068980588044,0.815338330345196,0.773826919832871,0.650436735531598,0.408963061509413,0.277547529360549
0.0901925822281828,0.393693000329319,0.553177459529414,0.658401774287134,0.706586794100428,0.763835435287099,0.796126869457901,0.825975883212978,0.844886067404353,0.863766609948994,0.866363719065718,0.873296119279841,0.886736729820132,0.906031178048787,0.934261234205279,0.953910616107619,0.970125359622228,0.987031585955066,1,0.985941215528381,0.96683175843521,0.950234000704534,0.938604496151984,0.926624493684318,0.914497431169487,0.898008651577696,0.86909690876448,0.828259034387338,0.78426220963379,0.661163531381733,0.414364956086187,0.279822289358751
0.0817905711166664,0.382903233895121,0.543504946125477,0.647064554495792,0.697662801943487,0.756111502976314,0.789153637711407,0.816489163417564,0.836207765733516,0.855444912826163,0.857173916249981,0.863429528271901,0.875582327606197,0.892968554836729,0.9184783627068,0.935337666905987,0.950595001547302,0.968241637040538,0.985941215528381,1,0.984297798896884,0.967804415701566,0.955094361210482,0.94120233543913,0.927582550191575,0.910376504138659,0.882617146768503,0.842740670253302,0.794572612437739,0.664254951535623,0.417140136530284,0.291084444450768
0.0920922114954866,0.388841159443629,0.54806065281698,0.648425769554891,0.699671876511835,0.751819167648476,0.783279336453572,0.810711499734326,0.829783434404829,0.847064578910496,0.849945937252091,0.855948034242274,0.868016924932775,0.884179892566295,0.90933465311123,0.920311502191729,0.933684307451058,0.95111143697587,0.96683175843521,0.984297798896884,1,0.986801157380282,0.972253724904236,0.957660763936685,0.94389111938943,0.924914014176111,0.899363007136066,0.863807832719736,0.818886933987194,0.694431026093938,0.436052828925117,0.289795487193353
0.0996899874184581,0.39360031704588,0.547946826926879,0.645105678062749,0.696148816836054,0.744169307099706,0.775549388295692,0.803386526558949,0.820338745201595,0.835102589524897,0.839489063312721,0.846615044765889,0.859749523355533,0.874909321559203,0.897140159627259,0.906135915361808,0.919387615518223,0.93474791336054,0.950234000704534,0.967804415701566,0.986801157380282,1,0.986342329427393,0.971649207388782,0.957289685260725,0.936821332848022,0.91395134572763,0.879657155349998,0.832362938310868,0.709076022192626,0.444552780388294,0.298383439722575
0.0970355935018564,0.394747924125874,0.543717943211168,0.634579355620372,0.686359102473901,0.735544718321939,0.765555048707988,0.794840013348861,0.812362845380174,0.828876713595494,0.834384131305667,0.842112400553189,0.855660100977588,0.869932892695827,0.891133663120203,0.899489280046263,0.911384617822651,0.926087082141693,0.938604496151984,0.955094361210482,0.972253724904236,0.986342329427393,1,0.985042196925572,0.967721060614872,0.948931486525354,0.928196758087147,0.894088107816939,0.842651295791132,0.717273620403124,0.445678813716433,0.292700264902148
0.0953884765946853,0.377330281665566,0.521548696773819,0.61724365850234,0.672340334658085,0.723176088120128,0.751205005287566,0.781378501968909,0.799315977393323,0.815411801639579,0.821271004326791,0.829984655610254,0.846504791906991,0.862272646734879,0.883708803634392,0.890378326312465,0.901155092039762,0.914988974146264,0.926624493684318,0.94120233543913,0.957660763936685,0.971649207388782,0.985042196925572,1,0.983889578732561,0.965180180954006,0.941357282283696,0.904658903944028,0.857551642857152,0.727932872375667,0.445734511652503,0.299803523195676
0.0855360419841522,0.370155955562465,0.516797085971461,0.608732352122806,0.666803620960195,0.717394836852003,0.74463064009217,0.773080790914022,0.7898870741307,0.802517160759158,0.807603660572483,0.816247122273408,0.834246707442409,0.849757644991599,0.872382140778042,0.87819242660048,0.889379054466232,0.902388784896779,0.914497431169487,0.927582550191575,0.94389111938943,0.957289685260725,0.967721060614872,0.983889578732561,1,0.981078297763641,0.953568299221354,0.915627125050615,0.867804367981293,0.736521449816929,0.461466359432045,0.314510051634069
0.0728508629780034,0.35549246626598,0.501492168704128,0.594502957889122,0.649395644227661,0.703768046110137,0.73305671351132,0.757393744817321,0.771124943033034,0.783143846254656,0.790653709600696,0.799860762072896,0.818247343601435,0.832685785929319,0.856407139745559,0.861898499672965,0.873220680528765,0.885457502532444,0.898008651577696,0.910376504138659,0.924914014176111,0.936821332848022,0.948931486525354,0.965180180954006,0.981078297763641,1,0.9760520801937,0.937441942950543,0.889468004521322,0.761494752410634,0.463874782287753,0.315431028150293
0.0613932257426226,0.344811087520399,0.482411590163954,0.575201906017454,0.627133766769702,0.682335308922483,0.713879710864529,0.73880269213387,0.750722074981094,0.763043743510558,0.771566061272765,0.780640392752699,0.798966705931389,0.810796094779639,0.832647805002934,0.83388231948002,0.843667498903134,0.856068980588044,0.86909690876448,0.882617146768503,0.899363007136066,0.91395134572763,0.928196758087147,0.941357282283696,0.953568299221354,0.9760520801937,1,0.969184703863393,0.922603059767472,0.807998345901481,0.486848948481502,0.317337377908094
0.0422753970946735,0.332944533397967,0.460911888618445,0.552989840717966,0.602756408715628,0.654922339352619,0.687937356254198,0.712942585763759,0.722552659031546,0.733755155819487,0.743345315238024,0.750063237472516,0.769052784395557,0.778732812683758,0.798509703228273,0.796465156061182,0.804533041321417,0.815338330345196,0.828259034387338,0.842740670253302,0.863807832719736,0.879657155349998,0.894088107816939,0.904658903944028,0.915627125050615,0.937441942950543,0.969184703863393,1,0.951754198859935,0.843121575885454,0.507471605964169,0.316420751892001
0.0380467029284319,0.3082106223841,0.425914324769846,0.511445033881084,0.55612853508371,0.601273123294209,0.636096313814646,0.662139749953897,0.673645723496303,0.678981409137862,0.691765618541144,0.699213023833589,0.721486183013989,0.733535776681409,0.754315248440631,0.753019333168262,0.762772935986318,0.773826919832871,0.78426220963379,0.794572612437739,0.818886933987194,0.832362938310868,0.842651295791132,0.857551642857152,0.867804367981293,0.889468004521322,0.922603059767472,0.951754198859935,1,0.902421181107214,0.562696966425975,0.331820793106229
-0.00343642134290109,0.230395761355784,0.32727320991579,0.405075695427003,0.446404841475094,0.479284272623257,0.508691744837267,0.530050840405715,0.539218649545345,0.543537570803976,0.557041969206731,0.564268190483442,0.585880851657583,0.600220460090628,0.624249792183525,0.630424464645975,0.641881753532217,0.650436735531598,0.661163531381733,0.664254951535623,0.694431026093938,0.709076022192626,0.717273620403124,0.727932872375667,0.736521449816929,0.761494752410634,0.807998345901481,0.843121575885454,0.902421181107214,1,0.655652746670266,0.327346993383188
-0.0390054901162551,0.0925883094664552,0.15465042751407,0.212600353874509,0.259642972190058,0.283726213014532,0.311439355284814,0.319786667872368,0.329825797485836,0.339573441024669,0.343179114872805,0.353098500408168,0.373554948174559,0.386970386874144,0.393011756285485,0.399537133109783,0.411096754991692,0.408963061509413,0.414364956086187,0.417140136530284,0.436052828925117,0.444552780388294,0.445678813716433,0.445734511652503,0.461466359432045,0.463874782287753,0.486848948481502,0.507471605964169,0.562696966425975,0.655652746670266,1,0.322577857683149
-0.113398910307004,0.00657951227351112,0.068893149187289,0.112812966864547,0.128346249823119,0.164634383352821,0.183547273703593,0.191315202407112,0.20637408044067,0.208635972194111,0.203406030077584,0.216681055837442,0.235041907172276,0.233707966908768,0.248003728243444,0.262978671796508,0.274572930544324,0.277547529360549,0.279822289358751,0.291084444450768,0.289795487193353,0.298383439722575,0.292700264902148,0.299803523195676,0.314510051634069,0.315431028150293,0.317337377908094,0.316420751892001,0.331820793106229,0.327346993383188,0.322577857683149,1
