1,0.80763649087136,0.753347996255687,0.719425822412556,0.700504720227122,0.680139947976233,0.66792827372955,0.66510070547313,0.667395734685974,0.652732014287579,0.644418684103184,0.63818990764006,0.627452198553088,0.616572063877593,0.604391524167148,0.599382297704599,0.595130451527699,0.590916239380849,0.586115160580075,0.579536578895947,0.5683259581414,0.563631228763292,0.552288351029081,0.544705685616529,0.539856250430806,0.52977515923724,0.511747452636712,0.4914851586536,0.45311723239385,0.397402402971097,0.271464169503207,0.00947842898002028
0.80763649087136,1,0.9390908304909,0.906279046114829,0.877327750365132,0.859772120427436,0.84815353698426,0.84003896073181,0.837664311681497,0.82503226740297,0.817517931374963,0.810519571580792,0.80278460614183,0.794839240059146,0.785011667507444,0.778564083316456,0.773929640153858,0.77076327527713,0.76657713356559,0.759604063746195,0.751486266254652,0.743300339374035,0.730404515529923,0.720196732206178,0.715057065053794,0.700687690832144,0.682902988408356,0.654927675505549,0.606496332193216,0.54527580281026,0.394217601481864,0.0593461119098357
0.753347996255687,0.9390908304909,1,0.967995760475862,0.945560417469014,0.930373825503962,0.91645144570436,0.909937533769705,0.905578515235952,0.893736720194744,0.886049778269673,0.880325287788274,0.872898654449196,0.864754814261719,0.853732996912442,0.84850433258745,0.84523532552736,0.841279619832473,0.836211364479718,0.830952089275541,0.82247543847339,0.81404209785506,0.803379868088953,0.794180049041656,0.785818812110358,0.773858119372655,0.756140512621496,0.728139630378579,0.681723355476642,0.615556411613017,0.467056937465452,0.0837821516927146
0.719425822412556,0.906279046114829,0.967995760475862,1,0.978750396776696,0.963928526791387,0.950867439979942,0.942300307116951,0.935865764209354,0.926979734446307,0.918713819290691,0.911837403666737,0.902405212793196,0.894175025138213,0.886266225282205,0.880793299699819,0.877357815400015,0.872580737057516,0.867873787232168,0.862560528836151,0.853624409847381,0.844859403496347,0.835531219717317,0.826779392695083,0.819343631402796,0.806430555429506,0.788614744164762,0.761207600259846,0.716163112167352,0.654387382676413,0.507513464190789,0.114680913940879
0.700504720227122,0.877327750365132,0.945560417469014,0.978750396776696,1,0.984756286446355,0.970545264141099,0.958931167017067,0.951660311058219,0.945225142161005,0.937009704502625,0.931010735123987,0.92085497970514,0.911101231096517,0.903328591698201,0.897755376795336,0.896127210994281,0.891290762180028,0.887277897436208,0.882461707909476,0.875352627172413,0.866800560261947,0.859102360948132,0.851577622855107,0.843284991303511,0.83075445669957,0.811109121329217,0.787720856621038,0.743431077216883,0.679427989560745,0.533430196539841,0.12616680454968
0.680139947976233,0.859772120427436,0.930373825503962,0.963928526791387,0.984756286446355,1,0.987810451357202,0.976467316503596,0.968240478295202,0.962218412667479,0.954215132108144,0.947948454326202,0.937934792155245,0.927860730880682,0.919829250815469,0.913899426848,0.911595146377506,0.907696159515702,0.902569470316079,0.897931560058819,0.891546411972252,0.88418541331242,0.877676248544108,0.869974294898934,0.86106037826531,0.848099967940177,0.829969839349596,0.808415884972483,0.765060457500311,0.702873939258217,0.556514512062044,0.151041646183283
0.66792827372955,0.84815353698426,0.91645144570436,0.950867439979942,0.970545264141099,0.987810451357202,1,0.989667178524795,0.980672197885601,0.97311701572288,0.965367990458142,0.958488561568849,0.947981900774864,0.935770697924913,0.927569646234392,0.922535881984632,0.92074347900195,0.917268602479917,0.913669395531311,0.908897165789234,0.901338694212962,0.89479305788792,0.889030235684673,0.881190788445421,0.872037842773832,0.859346310277101,0.841388358838108,0.818090675943685,0.77386376818129,0.711027979791282,0.56123841103945,0.151864890177068
0.66510070547313,0.84003896073181,0.909937533769705,0.942300307116951,0.958931167017067,0.976467316503596,0.989667178524795,1,0.991763170145794,0.982449507487104,0.974281798810228,0.96666211625096,0.956218258793239,0.945123113565878,0.937003678861394,0.932196882733321,0.929402359577869,0.92549337999881,0.921541078284562,0.916480790085635,0.90974783704317,0.904373857003262,0.898961167531462,0.89078957420976,0.881405818795822,0.868748175375426,0.852055550501825,0.829173252590003,0.78637540375802,0.723541726775913,0.569767787911773,0.15647331751871
0.667395734685974,0.837664311681497,0.905578515235952,0.935865764209354,0.951660311058219,0.968240478295202,0.980672197885601,0.991763170145794,1,0.991831123691076,0.983845282676311,0.974927122626674,0.964846719084731,0.954084998029275,0.945774345515691,0.940427598530846,0.937599566633842,0.933266437548108,0.928976475052069,0.923002111079975,0.915866049398769,0.910382541844983,0.905399930624823,0.898369756202729,0.889292087634656,0.876581806907816,0.861091554317408,0.839091838254799,0.795924015310462,0.73311605805655,0.576647934766282,0.159988548705117
0.652732014287579,0.82503226740297,0.893736720194744,0.926979734446307,0.945225142161005,0.962218412667479,0.97311701572288,0.982449507487104,0.991831123691076,1,0.992663568141642,0.98373530320408,0.973300643436116,0.962695312223606,0.953126075658797,0.947524798160571,0.943758552355631,0.937920777990478,0.933149457972105,0.927023704103445,0.920724945553586,0.914707817471893,0.909563800320711,0.901736294569851,0.892920284695145,0.879838722875623,0.863781481512177,0.842939011526181,0.801059348921888,0.738844430026249,0.585126777412149,0.168697820843191
0.644418684103184,0.817517931374963,0.886049778269673,0.918713819290691,0.937009704502625,0.954215132108144,0.965367990458142,0.974281798810228,0.983845282676311,0.992663568141642,1,0.992496269020812,0.982515292733956,0.972041120084198,0.962671829776364,0.955827941826695,0.951326749379821,0.944431243895463,0.939082374399047,0.932871924108419,0.925615499143641,0.918296708322408,0.912870722266595,0.904935685070613,0.895858190592794,0.881853277265279,0.866959141137205,0.845995266139376,0.804707800189826,0.743493087794569,0.590311548363114,0.177891597221963
0.63818990764006,0.810519571580792,0.880325287788274,0.911837403666737,0.931010735123987,0.947948454326202,0.958488561568849,0.96666211625096,0.974927122626674,0.98373530320408,0.992496269020812,1,0.992610923213403,0.983212893382659,0.973124818291196,0.965718987160033,0.960702485165839,0.952686816030129,0.946817564632073,0.940922866690521,0.933738739133018,0.927077098914805,0.921756260399579,0.912833217472954,0.904581540207728,0.892074015195539,0.877362890465156,0.855576622435429,0.813966424208833,0.752725581719816,0.599515299785092,0.17778987268766
0.627452198553088,0.80278460614183,0.872898654449196,0.902405212793196,0.92085497970514,0.937934792155245,0.947981900774864,0.956218258793239,0.964846719084731,0.973300643436116,0.982515292733956,0.992610923213403,1,0.993602816578497,0.984501999798822,0.977191831436526,0.970892945923204,0.962913392231653,0.956507550643553,0.95116499917541,0.944685979183393,0.938958539835612,0.933031640419676,0.924015094302974,0.915819589191619,0.9035327052062,0.890105895649214,0.868359930835416,0.827947133938543,0.76932931643911,0.616061492293646,0.175543590553534
0.616572063877593,0.794839240059146,0.864754814261719,0.894175025138213,0.911101231096517,0.927860730880682,0.935770697924913,0.945123113565878,0.954084998029275,0.962695312223606,0.972041120084198,0.983212893382659,0.993602816578497,1,0.993279417738587,0.985829975507729,0.977859675329724,0.968727792468958,0.9616161756992,0.956529070371977,0.95041636612779,0.94471652447744,0.937494257785641,0.929220121356768,0.921510426176656,0.909466012506874,0.896547541621619,0.874096648045492,0.834277882115534,0.776206027057118,0.623876727826187,0.179690627448817
0.604391524167148,0.785011667507444,0.853732996912442,0.886266225282205,0.903328591698201,0.919829250815469,0.927569646234392,0.937003678861394,0.945774345515691,0.953126075658797,0.962671829776364,0.973124818291196,0.984501999798822,0.993279417738587,1,0.994250550647989,0.985923890391343,0.976532498551699,0.969261357540281,0.96432921974082,0.958738839595638,0.953153534869044,0.945350408087055,0.937153006387821,0.931448262359545,0.919232383941206,0.906379251751993,0.885151720532798,0.846548261503276,0.790531303292525,0.641370505266588,0.192561127967437
0.599382297704599,0.778564083316456,0.84850433258745,0.880793299699819,0.897755376795336,0.913899426848,0.922535881984632,0.932196882733321,0.940427598530846,0.947524798160571,0.955827941826695,0.965718987160033,0.977191831436526,0.985829975507729,0.994250550647989,1,0.99422021462753,0.985229500431798,0.978224035277148,0.973021375647541,0.966803981213025,0.961370159234498,0.95287644816852,0.944864063060514,0.938710328189596,0.925501257337181,0.912395357374635,0.892947369765302,0.855288306530608,0.801030438435869,0.648412443563003,0.200137473529589
0.595130451527699,0.773929640153858,0.84523532552736,0.877357815400015,0.896127210994281,0.911595146377506,0.92074347900195,0.929402359577869,0.937599566633842,0.943758552355631,0.951326749379821,0.960702485165839,0.970892945923204,0.977859675329724,0.985923890391343,0.99422021462753,1,0.993193950099407,0.986498152323617,0.980199721627386,0.973178816881701,0.966768566180448,0.958528447646968,0.950500634195543,0.943755688087502,0.929453307372214,0.916504869738281,0.899029271065324,0.860572665551481,0.805657628949409,0.651929803424437,0.204381496189676
0.590916239380849,0.77076327527713,0.841279619832473,0.872580737057516,0.891290762180028,0.907696159515702,0.917268602479917,0.92549337999881,0.933266437548108,0.937920777990478,0.944431243895463,0.952686816030129,0.962913392231653,0.968727792468958,0.976532498551699,0.985229500431798,0.993193950099407,1,0.994883266870031,0.988759501871171,0.981964670362427,0.975368092614052,0.967485507140583,0.959651607393349,0.951051064088124,0.937200869447274,0.923544387619593,0.907931454034773,0.868768046573475,0.815434517360558,0.660726548494335,0.209324187816355
0.586115160580075,0.76657713356559,0.836211364479718,0.867873787232168,0.887277897436208,0.902569470316079,0.913669395531311,0.921541078284562,0.928976475052069,0.933149457972105,0.939082374399047,0.946817564632073,0.956507550643553,0.9616161756992,0.969261357540281,0.978224035277148,0.986498152323617,0.994883266870031,1,0.994258960233559,0.987200188797891,0.980056789160234,0.972043454815318,0.963499803881807,0.955458529918363,0.941378452356286,0.927806800989824,0.912806483010477,0.875027312025788,0.820770239260747,0.664381157859712,0.214904474382096
0.579536578895947,0.759604063746195,0.830952089275541,0.862560528836151,0.882461707909476,0.897931560058819,0.908897165789234,0.916480790085635,0.923002111079975,0.927023704103445,0.932871924108419,0.940922866690521,0.95116499917541,0.956529070371977,0.96432921974082,0.973021375647541,0.980199721627386,0.988759501871171,0.994258960233559,1,0.994191438153297,0.987491935272829,0.979293860630065,0.969865830917583,0.961925606145345,0.946815908103927,0.932346727981696,0.917510198288733,0.879480379913395,0.82402235096926,0.67041815619609,0.217404160699398
0.5683259581414,0.751486266254652,0.82247543847339,0.853624409847381,0.875352627172413,0.891546411972252,0.901338694212962,0.90974783704317,0.915866049398769,0.920724945553586,0.925615499143641,0.933738739133018,0.944685979183393,0.95041636612779,0.958738839595638,0.966803981213025,0.973178816881701,0.981964670362427,0.987200188797891,0.994191438153297,1,0.994264926075524,0.98620437328852,0.976641480923837,0.968605502729136,0.954754773966299,0.939887976082024,0.924694324286259,0.886888086674622,0.830520673539826,0.67871568337965,0.220589032684333
0.563631228763292,0.743300339374035,0.81404209785506,0.844859403496347,0.866800560261947,0.88418541331242,0.89479305788792,0.904373857003262,0.910382541844983,0.914707817471893,0.918296708322408,0.927077098914805,0.938958539835612,0.94471652447744,0.953153534869044,0.961370159234498,0.966768566180448,0.975368092614052,0.980056789160234,0.987491935272829,0.994264926075524,1,0.993636827752854,0.985148161970192,0.976749918032926,0.962820278657106,0.94712276697972,0.931978543394235,0.894269233684584,0.84059757321232,0.690791204586286,0.22762609933337
0.552288351029081,0.730404515529923,0.803379868088953,0.835531219717317,0.859102360948132,0.877676248544108,0.889030235684673,0.898961167531462,0.905399930624823,0.909563800320711,0.912870722266595,0.921756260399579,0.933031640419676,0.937494257785641,0.945350408087055,0.95287644816852,0.958528447646968,0.967485507140583,0.972043454815318,0.979293860630065,0.98620437328852,0.993636827752854,1,0.992749321692522,0.983160831882577,0.969280506375911,0.95436524115262,0.938356836280113,0.902851641362587,0.850397900838992,0.706134236971973,0.246467443856773
0.544705685616529,0.720196732206178,0.794180049041656,0.826779392695083,0.851577622855107,0.869974294898934,0.881190788445421,0.89078957420976,0.898369756202729,0.901736294569851,0.904935685070613,0.912833217472954,0.924015094302974,0.929220121356768,0.937153006387821,0.944864063060514,0.950500634195543,0.959651607393349,0.963499803881807,0.969865830917583,0.976641480923837,0.985148161970192,0.992749321692522,1,0.99049796979737,0.977511274126801,0.962389449515475,0.946344616636693,0.911641277654366,0.860139058632586,0.71428773809138,0.259661753047021
0.539856250430806,0.715057065053794,0.785818812110358,0.819343631402796,0.843284991303511,0.86106037826531,0.872037842773832,0.881405818795822,0.889292087634656,0.892920284695145,0.895858190592794,0.904581540207728,0.915819589191619,0.921510426176656,0.931448262359545,0.938710328189596,0.943755688087502,0.951051064088124,0.955458529918363,0.961925606145345,0.968605502729136,0.976749918032926,0.983160831882577,0.99049796979737,1,0.988951216464015,0.974047415590274,0.957210343843452,0.922999507618628,0.870536628452824,0.729277920838517,0.259268964059213
0.52977515923724,0.700687690832144,0.773858119372655,0.806430555429506,0.83075445669957,0.848099967940177,0.859346310277101,0.868748175375426,0.876581806907816,0.879838722875623,0.881853277265279,0.892074015195539,0.9035327052062,0.909466012506874,0.919232383941206,0.925501257337181,0.929453307372214,0.937200869447274,0.941378452356286,0.946815908103927,0.954754773966299,0.962820278657106,0.969280506375911,0.977511274126801,0.988951216464015,1,0.988046174153102,0.971968166336995,0.938198820474729,0.884719728452933,0.742463479550903,0.255418900387498
0.511747452636712,0.682902988408356,0.756140512621496,0.788614744164762,0.811109121329217,0.829969839349596,0.841388358838108,0.852055550501825,0.861091554317408,0.863781481512177,0.866959141137205,0.877362890465156,0.890105895649214,0.896547541621619,0.906379251751993,0.912395357374635,0.916504869738281,0.923544387619593,0.927806800989824,0.932346727981696,0.939887976082024,0.94712276697972,0.95436524115262,0.962389449515475,0.974047415590274,0.988046174153102,1,0.984825515186316,0.954682667271254,0.905823924398152,0.762843904583806,0.268997267760797
0.4914851586536,0.654927675505549,0.728139630378579,0.761207600259846,0.787720856621038,0.808415884972483,0.818090675943685,0.829173252590003,0.839091838254799,0.842939011526181,0.845995266139376,0.855576622435429,0.868359930835416,0.874096648045492,0.885151720532798,0.892947369765302,0.899029271065324,0.907931454034773,0.912806483010477,0.917510198288733,0.924694324286259,0.931978543394235,0.938356836280113,0.946344616636693,0.957210343843452,0.971968166336995,0.984825515186316,1,0.975327857852122,0.929647091757771,0.791199160429858,0.293072906250152
0.45311723239385,0.606496332193216,0.681723355476642,0.716163112167352,0.743431077216883,0.765060457500311,0.77386376818129,0.78637540375802,0.795924015310462,0.801059348921888,0.804707800189826,0.813966424208833,0.827947133938543,0.834277882115534,0.846548261503276,0.855288306530608,0.860572665551481,0.868768046573475,0.875027312025788,0.879480379913395,0.886888086674622,0.894269233684584,0.902851641362587,0.911641277654366,0.922999507618628,0.938198820474729,0.954682667271254,0.975327857852122,1,0.961234663538635,0.832579060025285,0.361181012690621
0.397402402971097,0.54527580281026,0.615556411613017,0.654387382676413,0.679427989560745,0.702873939258217,0.711027979791282,0.723541726775913,0.73311605805655,0.738844430026249,0.743493087794569,0.752725581719816,0.76932931643911,0.776206027057118,0.790531303292525,0.801030438435869,0.805657628949409,0.815434517360558,0.820770239260747,0.82402235096926,0.830520673539826,0.84059757321232,0.850397900838992,0.860139058632586,0.870536628452824,0.884719728452933,0.905823924398152,0.929647091757771,0.961234663538635,1,0.875510834992351,0.39534600494917
0.271464169503207,0.394217601481864,0.467056937465452,0.507513464190789,0.533430196539841,0.556514512062044,0.56123841103945,0.569767787911773,0.576647934766282,0.585126777412149,0.590311548363114,0.599515299785092,0.616061492293646,0.623876727826187,0.641370505266588,0.648412443563003,0.651929803424437,0.660726548494335,0.664381157859712,0.67041815619609,0.67871568337965,0.690791204586286,0.706134236971973,0.71428773809138,0.729277920838517,0.742463479550903,0.762843904583806,0.791199160429858,0.832579060025285,0.875510834992351,1,0.493860563290478
0.00947842898002028,0.0593461119098357,0.0837821516927146,0.114680913940879,0.12616680454968,0.151041646183283,0.151864890177068,0.15647331751871,0.159988548705117,0.168697820843191,0.177891597221963,0.17778987268766,0.175543590553534,0.179690627448817,0.192561127967437,0.200137473529589,0.204381496189676,0.209324187816355,0.214904474382096,0.217404160699398,0.220589032684333,0.22762609933337,0.246467443856773,0.259661753047021,0.259268964059213,0.255418900387498,0.268997267760797,0.293072906250152,0.361181012690621,0.39534600494917,0.493860563290478,1
