1,0.987606614376796,0.941086170844616,0.849922272309405,0.763855497119674,0.736667144328047,0.693800271513114,0.641458531578091,0.593927527952164,0.55095642942971,0.503831870652344,0.457784526652133,0.425200776186285,0.402773657288621,0.378629549854343,0.354597514436309,0.336677845505412,0.323849253211701,0.311298166696576,0.29941668072013,0.281883099284544,0.259412143179038,0.238051322156412,0.218297666080799,0.210783812118585,0.207827669216238,0.203020399593448,0.197672444438089,0.183545977241209,0.161004632657892,0.141870019480734,0.127222632041558
0.987606614376796,1,0.982498077173626,0.92208686830928,0.855266100453438,0.828122415969377,0.78315902195718,0.72717421886695,0.679514994012524,0.640536686317565,0.595092075951487,0.549217779100405,0.51581048241446,0.491390834001207,0.464497641951159,0.437364534478899,0.417937043899391,0.40487029345574,0.391721344011301,0.379039448131299,0.36152926274494,0.339188943434115,0.317366629363109,0.29678616213162,0.287621131382139,0.281810820151858,0.273864535057002,0.265486742673208,0.244925195997156,0.213380374255332,0.18693384797362,0.166801547034683
0.941086170844616,0.982498077173626,1,0.978032944898371,0.936206294446793,0.909989943062624,0.863986637763864,0.805481446867865,0.7592051859921,0.726221170130343,0.684234181995107,0.640042909999406,0.606734277903379,0.580736408667108,0.551446767133949,0.521507188256084,0.500915942112319,0.487987428339555,0.474552454290559,0.461329100511661,0.44441069908464,0.422945022828135,0.401277908095784,0.380379068298848,0.36954958171629,0.360539008231327,0.349123196704797,0.337419353257919,0.309882754957952,0.268668406168676,0.23439573428365,0.208402242311843
0.849922272309405,0.92208686830928,0.978032944898371,1,0.987881281721039,0.963792033525894,0.918536569239678,0.859641964991869,0.816836230216881,0.791930764007464,0.755557738124779,0.715086141344324,0.683271986401709,0.656588276400727,0.625833929278062,0.593997812327612,0.572959876848062,0.560723273629193,0.547526481091325,0.53424667021024,0.518693516848464,0.499098576796814,0.478505467838922,0.458118754452258,0.445876636803903,0.433659191712111,0.418835130058182,0.403895562564743,0.369697683933972,0.319375123147007,0.277768648058818,0.246296232373355
0.763855497119674,0.855266100453438,0.936206294446793,0.987881281721039,1,0.987233951634178,0.952108743104807,0.901723340482699,0.865889629249158,0.846201895024537,0.81322797531099,0.774813781110514,0.744446190895016,0.718587068964279,0.687842337732893,0.65548552607256,0.635289574914534,0.624942949380091,0.61305079912161,0.600656183847234,0.586538070337506,0.568332854600069,0.548446368259746,0.528293421230866,0.515308629063477,0.501057174475946,0.48382206559919,0.466476135743038,0.429702355207231,0.374498955069768,0.328187523542255,0.292922827012693
0.736667144328047,0.828122415969377,0.909989943062624,0.963792033525894,0.987233951634178,1,0.988654514352269,0.959069452612632,0.933727371108044,0.912379597950423,0.876724534880086,0.835222174810802,0.804536953175944,0.780850516181561,0.751286891774613,0.719406464864193,0.701271469130678,0.694185949208883,0.684747110039241,0.674201192302099,0.660748255431435,0.641983057917452,0.621080167456853,0.599656638354943,0.586621770392023,0.572067255250079,0.553749801896657,0.535018427200981,0.501635326477389,0.447235404713322,0.39943023764828,0.36228359695013
0.693800271513114,0.78315902195718,0.863986637763864,0.918536569239678,0.952108743104807,0.988654514352269,1,0.99072270447629,0.975867454651004,0.953453377629159,0.916103620261616,0.872659456766459,0.842392252222901,0.821308681599855,0.79355024348741,0.762864586500866,0.747097271413833,0.743252855856695,0.736348355297408,0.727792479034215,0.715281434119656,0.696426958082262,0.675054345405508,0.652933564429423,0.640156287404263,0.625656320219937,0.606746499617063,0.587146595793652,0.55774175415379,0.505371680263006,0.457275738987841,0.419222975265667
0.641458531578091,0.72717421886695,0.805481446867865,0.859641964991869,0.901723340482699,0.959069452612632,0.99072270447629,1,0.994922931534197,0.971982141060812,0.933829012473134,0.889477004793655,0.860179480755751,0.841862849159872,0.816280095716435,0.7872750577424,0.773958008769221,0.773121084926678,0.768644435543294,0.762056233090675,0.750641848895056,0.732075053648239,0.710695127800715,0.688375798693896,0.676081269071823,0.661914012603158,0.642837788717574,0.622835111927124,0.597604199766236,0.548094032825429,0.500674908436667,0.462545965406255
0.593927527952164,0.679514994012524,0.7592051859921,0.816836230216881,0.865889629249158,0.933727371108044,0.975867454651004,0.994922931534197,1,0.987816995871209,0.958513619420612,0.921205037520125,0.896144574992873,0.879562666747485,0.855060272937173,0.82665522430086,0.814000785212724,0.813853132339903,0.809768078252208,0.803368885128854,0.792278044249878,0.773884498909821,0.752353606648855,0.729679063039224,0.715695273331202,0.69884111277178,0.677197908339666,0.654894073882746,0.629586704306294,0.579262271451387,0.530449035921526,0.491014332219591
0.55095642942971,0.640536686317565,0.726221170130343,0.791930764007464,0.846201895024537,0.912379597950423,0.953453377629159,0.971982141060812,0.987816995871209,1,0.991195015420678,0.970530226697948,0.953679834335855,0.937643104617532,0.912951690216533,0.883889927145049,0.869789824603606,0.867583334050421,0.861475436128771,0.853155828779783,0.841481288393971,0.823140465555337,0.80130040546006,0.778094548840716,0.759819714502891,0.736654396709851,0.709561969012975,0.682677071957133,0.652251194347029,0.596762220475157,0.544102532949372,0.501905859869428
0.503831870652344,0.595092075951487,0.684234181995107,0.755557738124779,0.81322797531099,0.876724534880086,0.916103620261616,0.933829012473134,0.958513619420612,0.991195015420678,1,0.993892837833229,0.98435106690513,0.969085644837943,0.944706759359858,0.915643369120194,0.900583528409049,0.896667565066949,0.888955613644411,0.879161506182532,0.867214134022147,0.849269781602453,0.827585359288251,0.804372310640292,0.782796763571405,0.75470566442396,0.723496123086058,0.693228813091449,0.659031118145004,0.600211643147916,0.545288717632876,0.501550958510755
0.457784526652133,0.549217779100405,0.640042909999406,0.715086141344324,0.774813781110514,0.835222174810802,0.872659456766459,0.889477004793655,0.921205037520125,0.970530226697948,0.993892837833229,1,0.996677467924059,0.982260093801574,0.958469445695485,0.929795461542007,0.914138264603909,0.90885029074644,0.899905222117867,0.889013961170921,0.876999847558147,0.859627175323034,0.838364011016902,0.815457071920058,0.791420823434226,0.759602306034723,0.725381211792777,0.69270197427494,0.655820669899999,0.595016418926935,0.538945776454304,0.494511749741245
0.425200776186285,0.51581048241446,0.606734277903379,0.683271986401709,0.744446190895016,0.804536953175944,0.842392252222901,0.860179480755751,0.896144574992873,0.953679834335855,0.98435106690513,0.996677467924059,1,0.99298473933413,0.975520503184492,0.952151758120201,0.938432745889105,0.932371180478287,0.922649836268813,0.911011236637979,0.899610254093746,0.883622276385618,0.863387330152844,0.841234484880078,0.816114021841058,0.78207067125566,0.745820212149325,0.711372121789552,0.672463591859563,0.6092327099693,0.551188579681953,0.505273190293957
0.402773657288621,0.491390834001207,0.580736408667108,0.656588276400727,0.718587068964279,0.780850516181561,0.821308681599855,0.841862849159872,0.879562666747485,0.937643104617532,0.969085644837943,0.982260093801574,0.99298473933413,1,0.994679520581549,0.981610128727022,0.972365284492009,0.966067567816002,0.955980273221109,0.943908560227692,0.933821063789414,0.920095242162558,0.901559733627433,0.880670437744079,0.855761789560562,0.820865082751672,0.783478335581087,0.747843512360275,0.707497338888169,0.64141478950275,0.580622430216787,0.532492120569197
0.378629549854343,0.464497641951159,0.551446767133949,0.625833929278062,0.687842337732893,0.751286891774613,0.79355024348741,0.816280095716435,0.855060272937173,0.912951690216533,0.944706759359858,0.958469445695485,0.975520503184492,0.994679520581549,1,0.996053237058527,0.990812160480916,0.984380697644065,0.974089894830785,0.961778845294461,0.952951036032406,0.941353016286777,0.924510033134013,0.90496040866224,0.880521069248866,0.845279839094525,0.807330534183723,0.771069174874695,0.729931724084151,0.662120172498358,0.59962845093996,0.550118660833355
0.354597514436309,0.437364534478899,0.521507188256084,0.593997812327612,0.65548552607256,0.719406464864193,0.762864586500866,0.7872750577424,0.82665522430086,0.883889927145049,0.915643369120194,0.929795461542007,0.952151758120201,0.981610128727022,0.996053237058527,1,0.998253192232101,0.99176136197557,0.981383009430866,0.968970775527424,0.961303593124845,0.951637780857007,0.936396724082426,0.91816810448614,0.894341597629151,0.859104168592666,0.820993913114545,0.78450208141915,0.743033817633403,0.674311080518111,0.610888328288634,0.560612364776058
0.336677845505412,0.417937043899391,0.500915942112319,0.572959876848062,0.635289574914534,0.701271469130678,0.747097271413833,0.773958008769221,0.814000785212724,0.869789824603606,0.900583528409049,0.914138264603909,0.938432745889105,0.972365284492009,0.990812160480916,0.998253192232101,1,0.996935532521025,0.989464378729805,0.979517646483113,0.973302237064458,0.964305258599975,0.949553087902072,0.931676228902799,0.909207703934663,0.875511794246549,0.838428383677837,0.802623565959875,0.761979190695966,0.693028147140276,0.628937862538379,0.577990115369132
0.323849253211701,0.40487029345574,0.487987428339555,0.560723273629193,0.624942949380091,0.694185949208883,0.743252855856695,0.773121084926678,0.813853132339903,0.867583334050421,0.896667565066949,0.90885029074644,0.932371180478287,0.966067567816002,0.984380697644065,0.99176136197557,0.996935532521025,1,0.99775770528182,0.992267708769684,0.987709391149034,0.978369629646461,0.963218786036261,0.944923507820454,0.924384235960399,0.893428945456862,0.858304601207028,0.823910749996411,0.785000984931577,0.716385484850878,0.65186598551643,0.600347316960112
0.311298166696576,0.391721344011301,0.474552454290559,0.547526481091325,0.61305079912161,0.684747110039241,0.736348355297408,0.768644435543294,0.809768078252208,0.861475436128771,0.888955613644411,0.899905222117867,0.922649836268813,0.955980273221109,0.974089894830785,0.981383009430866,0.989464378729805,0.99775770528182,1,0.99834978068721,0.995231402295489,0.985643794358278,0.970225552452924,0.951661276579834,0.932872532630294,0.904412620149428,0.871135255634211,0.838115890265879,0.800879478788227,0.732884819365696,0.668311928805022,0.616555389967069
0.29941668072013,0.379039448131299,0.461329100511661,0.53424667021024,0.600656183847234,0.674201192302099,0.727792479034215,0.762056233090675,0.803368885128854,0.853155828779783,0.879161506182532,0.889013961170921,0.911011236637979,0.943908560227692,0.961778845294461,0.968970775527424,0.979517646483113,0.992267708769684,0.99834978068721,1,0.998128239302912,0.988362245582173,0.972769681693771,0.954040955867309,0.936821323337732,0.910604171814277,0.879030458674783,0.847308421362378,0.81164083958545,0.744421884075434,0.680033974617937,0.628258326175566
0.281883099284544,0.36152926274494,0.44441069908464,0.518693516848464,0.586538070337506,0.660748255431435,0.715281434119656,0.750641848895056,0.792278044249878,0.841481288393971,0.867214134022147,0.876999847558147,0.899610254093746,0.933821063789414,0.952951036032406,0.961303593124845,0.973302237064458,0.987709391149034,0.995231402295489,0.998128239302912,1,0.995550723257977,0.984518177652207,0.969668932515418,0.955213140105919,0.930640627744252,0.900132428595584,0.869100728408543,0.834032738337526,0.766171717821973,0.700762902746995,0.648044237605501
0.259412143179038,0.339188943434115,0.422945022828135,0.499098576796814,0.568332854600069,0.641983057917452,0.696426958082262,0.732075053648239,0.773884498909821,0.823140465555337,0.849269781602453,0.859627175323034,0.883622276385618,0.920095242162558,0.941353016286777,0.951637780857007,0.964305258599975,0.978369629646461,0.985643794358278,0.988362245582173,0.995550723257977,1,0.99665415657622,0.988385806753231,0.977508499549502,0.954276176678638,0.924549569407776,0.893957319635856,0.859019727792863,0.789960163262224,0.723111745743763,0.669147775005019
0.238051322156412,0.317366629363109,0.401277908095784,0.478505467838922,0.548446368259746,0.621080167456853,0.675054345405508,0.710695127800715,0.752353606648855,0.80130040546006,0.827585359288251,0.838364011016902,0.863387330152844,0.901559733627433,0.924510033134013,0.936396724082426,0.949553087902072,0.963218786036261,0.970225552452924,0.972769681693771,0.984518177652207,0.99665415657622,1,0.997499608653999,0.989804715248841,0.967902290154378,0.939067836136025,0.909077197302931,0.874504448312036,0.804902835435545,0.737287339485144,0.682631991462453
0.218297666080799,0.29678616213162,0.380379068298848,0.458118754452258,0.528293421230866,0.599656638354943,0.652933564429423,0.688375798693896,0.729679063039224,0.778094548840716,0.804372310640292,0.815457071920058,0.841234484880078,0.880670437744079,0.90496040866224,0.91816810448614,0.931676228902799,0.944923507820454,0.951661276579834,0.954040955867309,0.969668932515418,0.988385806753231,0.997499608653999,1,0.995098299818225,0.974463906561314,0.946556373322896,0.917247672015788,0.883176850841564,0.81348194174752,0.745567864165211,0.690609490750474
0.210783812118585,0.287621131382139,0.36954958171629,0.445876636803903,0.515308629063477,0.586621770392023,0.640156287404263,0.676081269071823,0.715695273331202,0.759819714502891,0.782796763571405,0.791420823434226,0.816114021841058,0.855761789560562,0.880521069248866,0.894341597629151,0.909207703934663,0.924384235960399,0.932872532630294,0.936821323337732,0.955213140105919,0.977508499549502,0.989804715248841,0.995098299818225,1,0.991643034529412,0.973259956489309,0.951334685305618,0.919845522343124,0.848710180452747,0.778881895405047,0.722223513617129
0.207827669216238,0.281810820151858,0.360539008231327,0.433659191712111,0.501057174475946,0.572067255250079,0.625656320219937,0.661914012603158,0.69884111277178,0.736654396709851,0.75470566442396,0.759602306034723,0.78207067125566,0.820865082751672,0.845279839094525,0.859104168592666,0.875511794246549,0.893428945456862,0.904412620149428,0.910604171814277,0.930640627744252,0.954276176678638,0.967902290154378,0.974463906561314,0.991643034529412,1,0.994761342640515,0.983140690920567,0.955415811820232,0.883192543010244,0.811700152907439,0.753516538964745
0.203020399593448,0.273864535057002,0.349123196704797,0.418835130058182,0.48382206559919,0.553749801896657,0.606746499617063,0.642837788717574,0.677197908339666,0.709561969012975,0.723496123086058,0.725381211792777,0.745820212149325,0.783478335581087,0.807330534183723,0.820993913114545,0.838428383677837,0.858304601207028,0.871135255634211,0.879030458674783,0.900132428595584,0.924549569407776,0.939067836136025,0.946556373322896,0.973259956489309,0.994761342640515,1,0.996682196408086,0.972268833867675,0.900040128341926,0.828077089465368,0.769375017048914
0.197672444438089,0.265486742673208,0.337419353257919,0.403895562564743,0.466476135743038,0.535018427200981,0.587146595793652,0.622835111927124,0.654894073882746,0.682677071957133,0.693228813091449,0.69270197427494,0.711372121789552,0.747843512360275,0.771069174874695,0.78450208141915,0.802623565959875,0.823910749996411,0.838115890265879,0.847308421362378,0.869100728408543,0.893957319635856,0.909077197302931,0.917247672015788,0.951334685305618,0.983140690920567,0.996682196408086,1,0.978406107952359,0.906713983156454,0.834915131784639,0.776239871298674
0.183545977241209,0.244925195997156,0.309882754957952,0.369697683933972,0.429702355207231,0.501635326477389,0.55774175415379,0.597604199766236,0.629586704306294,0.652251194347029,0.659031118145004,0.655820669899999,0.672463591859563,0.707497338888169,0.729931724084151,0.743033817633403,0.761979190695966,0.785000984931577,0.800879478788227,0.81164083958545,0.834032738337526,0.859019727792863,0.874504448312036,0.883176850841564,0.919845522343124,0.955415811820232,0.972268833867675,0.978406107952359,1,0.974117736710773,0.930264647594536,0.889268140858126
0.161004632657892,0.213380374255332,0.268668406168676,0.319375123147007,0.374498955069768,0.447235404713322,0.505371680263006,0.548094032825429,0.579262271451387,0.596762220475157,0.600211643147916,0.595016418926935,0.6092327099693,0.64141478950275,0.662120172498358,0.674311080518111,0.693028147140276,0.716385484850878,0.732884819365696,0.744421884075434,0.766171717821973,0.789960163262224,0.804902835435545,0.81348194174752,0.848710180452747,0.883192543010244,0.900040128341926,0.906713983156454,0.974117736710773,1,0.989119377071211,0.969640014586172
0.141870019480734,0.18693384797362,0.23439573428365,0.277768648058818,0.328187523542255,0.39943023764828,0.457275738987841,0.500674908436667,0.530449035921526,0.544102532949372,0.545288717632876,0.538945776454304,0.551188579681953,0.580622430216787,0.59962845093996,0.610888328288634,0.628937862538379,0.65186598551643,0.668311928805022,0.680033974617937,0.700762902746995,0.723111745743763,0.737287339485144,0.745567864165211,0.778881895405047,0.811700152907439,0.828077089465368,0.834915131784639,0.930264647594536,0.989119377071211,1,0.995064786027476
0.127222632041558,0.166801547034683,0.208402242311843,0.246296232373355,0.292922827012693,0.36228359695013,0.419222975265667,0.462545965406255,0.491014332219591,0.501905859869428,0.501550958510755,0.494511749741245,0.505273190293957,0.532492120569197,0.550118660833355,0.560612364776058,0.577990115369132,0.600347316960112,0.616555389967069,0.628258326175566,0.648044237605501,0.669147775005019,0.682631991462453,0.690609490750474,0.722223513617129,0.753516538964745,0.769375017048914,0.776239871298674,0.889268140858126,0.969640014586172,0.995064786027476,1
