1,0.670198045556842,0.543168298854257,0.486049867448033,0.444690825684827,0.417553035619992,0.399592812328354,0.384328715027199,0.380288052528359,0.374268095684248,0.368482656882485,0.363871094380208,0.359801869198647,0.351323470417288,0.343597633978324,0.337007803560948,0.336267888202833,0.334134568123081,0.328134277046058,0.323267615003625,0.307336325402888,0.298419028080898,0.296236391505883,0.287987395602678,0.275356130162695,0.26163194890939,0.245113145406116,0.236316839835643,0.230184015852818,0.204337340867251,0.092061956460162,-0.101528771475031
0.670198045556842,1,0.892868372243444,0.839170812840186,0.808838805467832,0.788585367729945,0.777352233054846,0.765799160580055,0.755793951598617,0.750353835701322,0.740961359151195,0.733144726173663,0.731580945087935,0.726492447392358,0.717985371733999,0.707376142391962,0.701183075747692,0.688030241352875,0.676158362115812,0.66184003169148,0.64997883524485,0.641928053799265,0.63633220532164,0.622405227507643,0.610744711029381,0.590768188168904,0.565317180822891,0.547116165520485,0.528296131715677,0.465672932363054,0.258933845065074,0.00700214944620342
0.543168298854257,0.892868372243444,1,0.960045251663751,0.927225806794008,0.905590856079943,0.893846718239771,0.883352517550913,0.873235539059931,0.864213614082121,0.85535063277326,0.850484567291239,0.845268394445726,0.840627179131683,0.832194527975696,0.825111351253838,0.815557822137642,0.803664958106971,0.794455989464767,0.785107496615054,0.777812278608189,0.771077828875902,0.766476621830776,0.754150676184104,0.742914296784284,0.723866454442896,0.697989403988156,0.680908494186109,0.65730430495644,0.586337010342331,0.340559142386784,0.0591217078712875
0.486049867448033,0.839170812840186,0.960045251663751,1,0.975923103675906,0.951194139705445,0.937351002027207,0.925470842224654,0.916820702019428,0.905828397927702,0.897463534010742,0.89206860597422,0.886614530509876,0.881178117320104,0.872348005085599,0.866592678379369,0.858566462695717,0.848694890976389,0.838208292709441,0.828367621980107,0.823662396817238,0.817213793904498,0.812559937943969,0.802062030723123,0.792122041394531,0.773852459973903,0.745172204234765,0.725012595182095,0.699447697002671,0.62216503929191,0.377117180590925,0.0665721149002696
0.444690825684827,0.808838805467832,0.927225806794008,0.975923103675906,1,0.97954252558451,0.963123678363769,0.950659646812184,0.942750901680674,0.931890322266013,0.923089107508192,0.917437508172452,0.912300770033699,0.907333069561509,0.900370252566612,0.894355956882918,0.886518433354797,0.87653207177318,0.866694131853067,0.858122125233073,0.852806919198241,0.846089135021652,0.841155906948644,0.83255240359539,0.822938184173603,0.807250243850367,0.78033579688759,0.759397400613235,0.732639621376352,0.659329922396319,0.41765767688353,0.0859776151692163
0.417553035619992,0.788585367729945,0.905590856079943,0.951194139705445,0.97954252558451,1,0.986904694140664,0.973942254917074,0.965126808387686,0.954374979508731,0.94488512178149,0.938080296483758,0.931447782095556,0.92477344028856,0.917132945911414,0.910222159634761,0.902840841329598,0.892192010931608,0.883908456128735,0.875426394702027,0.869023961373751,0.862643994220251,0.857107683368955,0.847594523989883,0.838570991777803,0.823665323854481,0.797111838556452,0.776561415235798,0.74902777296754,0.677037150765124,0.442358054797735,0.0940309362427711
0.399592812328354,0.777352233054846,0.893846718239771,0.937351002027207,0.963123678363769,0.986904694140664,1,0.989433100581328,0.978798788920698,0.967580643577179,0.957675609893338,0.950359128073001,0.943686763404223,0.937210927313713,0.930763153354343,0.923518355681138,0.916576531567664,0.907138754475401,0.899538293963458,0.89159875995222,0.886184683564592,0.87964131703202,0.874071481273895,0.864065615243632,0.856242087173481,0.842244197925002,0.816131746827913,0.79764381978847,0.770058136910109,0.698012860206497,0.463685918188394,0.107277164418546
0.384328715027199,0.765799160580055,0.883352517550913,0.925470842224654,0.950659646812184,0.973942254917074,0.989433100581328,1,0.990721943191094,0.980024681371593,0.969648718345278,0.961747184733602,0.955751006220261,0.948523837855728,0.939825450209348,0.932557297483302,0.925020308294154,0.916462574193595,0.908925710214083,0.902073286822181,0.897555711368915,0.891408190748582,0.886367972321331,0.87759687432534,0.870495428784106,0.856732029802336,0.830912375627856,0.813573577932249,0.786812068236305,0.713888443810121,0.483186000702461,0.112401969977174
0.380288052528359,0.755793951598617,0.873235539059931,0.916820702019428,0.942750901680674,0.965126808387686,0.978798788920698,0.990721943191094,1,0.990780631310471,0.979480008475992,0.96986825897934,0.962624385728823,0.955334338573637,0.946234742344856,0.938964076289608,0.93195419719896,0.923083614951776,0.915706242335867,0.909191491592586,0.90377197406591,0.898212789483536,0.892923389722658,0.884694284472896,0.878886456484958,0.865983962452919,0.840154324215866,0.824167811047151,0.798296714303925,0.725541754930775,0.495756598298126,0.124147285360911
0.374268095684248,0.750353835701322,0.864213614082121,0.905828397927702,0.931890322266013,0.954374979508731,0.967580643577179,0.980024681371593,0.990780631310471,1,0.99161125964505,0.98187626167323,0.973218870256244,0.965105639969378,0.955940953880241,0.947565409174183,0.941439570231678,0.932808743727951,0.925018304067809,0.917279555910259,0.91138420667232,0.905220285021298,0.900615978590103,0.892727163475957,0.886343406022401,0.873490339961594,0.849110795954544,0.833411488180016,0.806815008442294,0.732752598674583,0.508862585764636,0.125160836351373
0.368482656882485,0.740961359151195,0.85535063277326,0.897463534010742,0.923089107508192,0.94488512178149,0.957675609893338,0.969648718345278,0.979480008475992,0.99161125964505,1,0.991515745059041,0.98202868896587,0.973476433623582,0.963157022067152,0.954502260241921,0.948466093633537,0.940221144501594,0.932763918603324,0.924756883460208,0.919028896687793,0.91365915330807,0.908730904608914,0.900893364440441,0.893731661776759,0.882152161095455,0.859396605207169,0.846002397608176,0.819482292261806,0.745596042064394,0.523012922623835,0.120402755185037
0.363871094380208,0.733144726173663,0.850484567291239,0.89206860597422,0.917437508172452,0.938080296483758,0.950359128073001,0.961747184733602,0.96986825897934,0.98187626167323,0.991515745059041,1,0.992055236385459,0.983713931954855,0.973365869791053,0.964741744061709,0.958181139933036,0.950202941630709,0.943402304743623,0.934945938415977,0.92857143368987,0.923712760521737,0.917558919923079,0.908765326498917,0.90140806487388,0.890245116131974,0.868341687756134,0.854766487278775,0.829121417001353,0.755173882153965,0.531815958201213,0.127184749498439
0.359801869198647,0.731580945087935,0.845268394445726,0.886614530509876,0.912300770033699,0.931447782095556,0.943686763404223,0.955751006220261,0.962624385728823,0.973218870256244,0.98202868896587,0.992055236385459,1,0.994075837723866,0.984398781563605,0.976168184543459,0.969021459217215,0.961571471348086,0.953568114328021,0.944698647071795,0.938865559125936,0.933835565440613,0.927109976206075,0.919515614171485,0.91223941051316,0.900898455984406,0.878479659443546,0.864353267383375,0.83904425310563,0.76652604854,0.541454554140271,0.131800363238551
0.351323470417288,0.726492447392358,0.840627179131683,0.881178117320104,0.907333069561509,0.92477344028856,0.937210927313713,0.948523837855728,0.955334338573637,0.965105639969378,0.973476433623582,0.983713931954855,0.994075837723866,1,0.992857430959597,0.985180291274207,0.977443807553179,0.969034395535457,0.959541753354419,0.950486781020355,0.944849402713281,0.940361520308298,0.933354146548301,0.925851060938358,0.919335428075557,0.907575987820158,0.885173961826474,0.871106000124303,0.847226992409672,0.77679422566838,0.552104518416398,0.139595021358487
0.343597633978324,0.717985371733999,0.832194527975696,0.872348005085599,0.900370252566612,0.917132945911414,0.930763153354343,0.939825450209348,0.946234742344856,0.955940953880241,0.963157022067152,0.973365869791053,0.984398781563605,0.992857430959597,1,0.994527474154068,0.987270231530462,0.978333965728983,0.968407622975285,0.958840361275252,0.952553000301652,0.947903080806117,0.940115520008219,0.9321860267104,0.924877418424757,0.914362676427747,0.892569674048157,0.876897831882671,0.853132775542221,0.783795239451598,0.56356821781538,0.150708531416209
0.337007803560948,0.707376142391962,0.825111351253838,0.866592678379369,0.894355956882918,0.910222159634761,0.923518355681138,0.932557297483302,0.938964076289608,0.947565409174183,0.954502260241921,0.964741744061709,0.976168184543459,0.985180291274207,0.994527474154068,1,0.994374839108567,0.985274856833345,0.975198106737086,0.965210176016478,0.959134641944365,0.953274415357742,0.946218675933436,0.938500112513388,0.930628724791601,0.919715694027583,0.897106404447242,0.881759776465993,0.858064936993989,0.789521156125957,0.564156286730653,0.145285396801832
0.336267888202833,0.701183075747692,0.815557822137642,0.858566462695717,0.886518433354797,0.902840841329598,0.916576531567664,0.925020308294154,0.93195419719896,0.941439570231678,0.948466093633537,0.958181139933036,0.969021459217215,0.977443807553179,0.987270231530462,0.994374839108567,1,0.99383654603977,0.984361770853703,0.97418430072464,0.96760658795064,0.960902686358266,0.954553170917779,0.946939569914271,0.938145951109756,0.928611515882668,0.9053962354501,0.890418108418883,0.866444070751048,0.797377429091984,0.569996850826866,0.14757235598868
0.334134568123081,0.688030241352875,0.803664958106971,0.848694890976389,0.87653207177318,0.892192010931608,0.907138754475401,0.916462574193595,0.923083614951776,0.932808743727951,0.940221144501594,0.950202941630709,0.961571471348086,0.969034395535457,0.978333965728983,0.985274856833345,0.99383654603977,1,0.993044615051556,0.984005027274502,0.976633233592184,0.969540190124144,0.962331494542899,0.95496161847919,0.945661632455101,0.936462622817677,0.912743387021685,0.897749265362151,0.874557100530783,0.805035218408856,0.580223484718517,0.150806566824438
0.328134277046058,0.676158362115812,0.794455989464767,0.838208292709441,0.866694131853067,0.883908456128735,0.899538293963458,0.908925710214083,0.915706242335867,0.925018304067809,0.932763918603324,0.943402304743623,0.953568114328021,0.959541753354419,0.968407622975285,0.975198106737086,0.984361770853703,0.993044615051556,1,0.993446196890967,0.985703447568651,0.978478088791094,0.971259129286552,0.963568401672816,0.953716494578209,0.945100743659786,0.920882134982508,0.906364539837895,0.883424846544674,0.815494397294657,0.593627383789251,0.165090865756099
0.323267615003625,0.66184003169148,0.785107496615054,0.828367621980107,0.858122125233073,0.875426394702027,0.89159875995222,0.902073286822181,0.909191491592586,0.917279555910259,0.924756883460208,0.934945938415977,0.944698647071795,0.950486781020355,0.958840361275252,0.965210176016478,0.97418430072464,0.984005027274502,0.993446196890967,1,0.994235678417059,0.986656379053702,0.979197500407645,0.971039550295861,0.961821836606864,0.953868878209804,0.930068102271262,0.91542347569451,0.893446996336107,0.83041488817586,0.605685669296859,0.171828402181751
0.307336325402888,0.64997883524485,0.777812278608189,0.823662396817238,0.852806919198241,0.869023961373751,0.886184683564592,0.897555711368915,0.90377197406591,0.91138420667232,0.919028896687793,0.92857143368987,0.938865559125936,0.944849402713281,0.952553000301652,0.959134641944365,0.96760658795064,0.976633233592184,0.985703447568651,0.994235678417059,1,0.993953303100485,0.986919399595983,0.978685457826769,0.969577953994881,0.961767120504948,0.938619469559731,0.922583611719983,0.901133425432013,0.837347317528933,0.617359449099002,0.1710956412946
0.298419028080898,0.641928053799265,0.771077828875902,0.817213793904498,0.846089135021652,0.862643994220251,0.87964131703202,0.891408190748582,0.898212789483536,0.905220285021298,0.91365915330807,0.923712760521737,0.933835565440613,0.940361520308298,0.947903080806117,0.953274415357742,0.960902686358266,0.969540190124144,0.978478088791094,0.986656379053702,0.993953303100485,1,0.99335996199732,0.984964235849289,0.976620106593731,0.967710975311852,0.946611181793518,0.93035914413827,0.910449895749634,0.846784827715989,0.632664440769222,0.175706634441788
0.296236391505883,0.63633220532164,0.766476621830776,0.812559937943969,0.841155906948644,0.857107683368955,0.874071481273895,0.886367972321331,0.892923389722658,0.900615978590103,0.908730904608914,0.917558919923079,0.927109976206075,0.933354146548301,0.940115520008219,0.946218675933436,0.954553170917779,0.962331494542899,0.971259129286552,0.979197500407645,0.986919399595983,0.99335996199732,1,0.99346546546578,0.984271673577829,0.974332791736738,0.954050122397353,0.937824269223505,0.918124581221709,0.854267279820795,0.639663951500845,0.170953861636286
0.287987395602678,0.622405227507643,0.754150676184104,0.802062030723123,0.83255240359539,0.847594523989883,0.864065615243632,0.87759687432534,0.884694284472896,0.892727163475957,0.900893364440441,0.908765326498917,0.919515614171485,0.925851060938358,0.9321860267104,0.938500112513388,0.946939569914271,0.95496161847919,0.963568401672816,0.971039550295861,0.978685457826769,0.984964235849289,0.99346546546578,1,0.991703820781196,0.981290938032309,0.961454278236433,0.945560892912563,0.925095804256074,0.862747245027044,0.647478954789719,0.179603738641336
0.275356130162695,0.610744711029381,0.742914296784284,0.792122041394531,0.822938184173603,0.838570991777803,0.856242087173481,0.870495428784106,0.878886456484958,0.886343406022401,0.893731661776759,0.90140806487388,0.91223941051316,0.919335428075557,0.924877418424757,0.930628724791601,0.938145951109756,0.945661632455101,0.953716494578209,0.961821836606864,0.969577953994881,0.976620106593731,0.984271673577829,0.991703820781196,1,0.990188698172934,0.971130642009833,0.955124264558764,0.933267028194137,0.871645744543694,0.66201835200061,0.174754789126213
0.26163194890939,0.590768188168904,0.723866454442896,0.773852459973903,0.807250243850367,0.823665323854481,0.842244197925002,0.856732029802336,0.865983962452919,0.873490339961594,0.882152161095455,0.890245116131974,0.900898455984406,0.907575987820158,0.914362676427747,0.919715694027583,0.928611515882668,0.936462622817677,0.945100743659786,0.953868878209804,0.961767120504948,0.967710975311852,0.974332791736738,0.981290938032309,0.990188698172934,1,0.984919984749594,0.968048588446413,0.945263971394544,0.882333270019699,0.672014756088732,0.186696737348078
0.245113145406116,0.565317180822891,0.697989403988156,0.745172204234765,0.78033579688759,0.797111838556452,0.816131746827913,0.830912375627856,0.840154324215866,0.849110795954544,0.859396605207169,0.868341687756134,0.878479659443546,0.885173961826474,0.892569674048157,0.897106404447242,0.9053962354501,0.912743387021685,0.920882134982508,0.930068102271262,0.938619469559731,0.946611181793518,0.954050122397353,0.961454278236433,0.971130642009833,0.984919984749594,1,0.985611780144841,0.962296911145206,0.898036740674716,0.694188370474998,0.191219629315854
0.236316839835643,0.547116165520485,0.680908494186109,0.725012595182095,0.759397400613235,0.776561415235798,0.79764381978847,0.813573577932249,0.824167811047151,0.833411488180016,0.846002397608176,0.854766487278775,0.864353267383375,0.871106000124303,0.876897831882671,0.881759776465993,0.890418108418883,0.897749265362151,0.906364539837895,0.91542347569451,0.922583611719983,0.93035914413827,0.937824269223505,0.945560892912563,0.955124264558764,0.968048588446413,0.985611780144841,1,0.980706265327179,0.9164068136082,0.705348445514236,0.18343411982162
0.230184015852818,0.528296131715677,0.65730430495644,0.699447697002671,0.732639621376352,0.74902777296754,0.770058136910109,0.786812068236305,0.798296714303925,0.806815008442294,0.819482292261806,0.829121417001353,0.83904425310563,0.847226992409672,0.853132775542221,0.858064936993989,0.866444070751048,0.874557100530783,0.883424846544674,0.893446996336107,0.901133425432013,0.910449895749634,0.918124581221709,0.925095804256074,0.933267028194137,0.945263971394544,0.962296911145206,0.980706265327179,1,0.946621287945929,0.734493020759422,0.200707761407275
0.204337340867251,0.465672932363054,0.586337010342331,0.62216503929191,0.659329922396319,0.677037150765124,0.698012860206497,0.713888443810121,0.725541754930775,0.732752598674583,0.745596042064394,0.755173882153965,0.76652604854,0.77679422566838,0.783795239451598,0.789521156125957,0.797377429091984,0.805035218408856,0.815494397294657,0.83041488817586,0.837347317528933,0.846784827715989,0.854267279820795,0.862747245027044,0.871645744543694,0.882333270019699,0.898036740674716,0.9164068136082,0.946621287945929,1,0.803689959120254,0.203739563157424
0.092061956460162,0.258933845065074,0.340559142386784,0.377117180590925,0.41765767688353,0.442358054797735,0.463685918188394,0.483186000702461,0.495756598298126,0.508862585764636,0.523012922623835,0.531815958201213,0.541454554140271,0.552104518416398,0.56356821781538,0.564156286730653,0.569996850826866,0.580223484718517,0.593627383789251,0.605685669296859,0.617359449099002,0.632664440769222,0.639663951500845,0.647478954789719,0.66201835200061,0.672014756088732,0.694188370474998,0.705348445514236,0.734493020759422,0.803689959120254,1,0.263115634649752
-0.101528771475031,0.00700214944620342,0.0591217078712875,0.0665721149002696,0.0859776151692163,0.0940309362427711,0.107277164418546,0.112401969977174,0.124147285360911,0.125160836351373,0.120402755185037,0.127184749498439,0.131800363238551,0.139595021358487,0.150708531416209,0.145285396801832,0.14757235598868,0.150806566824438,0.165090865756099,0.171828402181751,0.1710956412946,0.175706634441788,0.170953861636286,0.179603738641336,0.174754789126213,0.186696737348078,0.191219629315854,0.18343411982162,0.200707761407275,0.203739563157424,0.263115634649752,1
