1,0.987910419158056,0.93083937191837,0.786182989087044,0.746925086339388,0.733839165955855,0.690009361973242,0.62947137070008,0.60505967060373,0.565973212992625,0.513968507388971,0.46967532217568,0.408653627829105,0.345610147172614,0.292570015288865,0.241874625222232,0.200575953828938,0.171070601478561,0.167733398496151,0.16852497384945,0.167448186308247,0.167549760327387,0.170423017745151,0.169466526468253,0.166931484644693,0.179091647395628,0.186020771080818,0.185468778810008,0.184076999256806,0.172612031491009,0.156509838148966,0.144339065802342
0.987910419158056,1,0.976236781516266,0.872483355937721,0.839590433904111,0.821440760007253,0.768119618179099,0.697975866728394,0.67408670512834,0.633995410754335,0.579428594551814,0.530969340031792,0.462707480200762,0.391958612018202,0.33176890980086,0.272949057811003,0.225361072564894,0.191458154300003,0.188579274711827,0.190592373356715,0.190264161538617,0.191235074113481,0.195556115290553,0.195236214644421,0.192911957618545,0.203738683205002,0.208039358102401,0.204833201497382,0.200898512217883,0.185614227460694,0.166695812472677,0.152707555308878
0.93083937191837,0.976236781516266,1,0.957642681975114,0.93498472497804,0.910494579586211,0.846073935309385,0.765354790010106,0.743167474846175,0.703301774642627,0.647372296832442,0.595059896827911,0.519452923732472,0.440809749442126,0.373073336991173,0.305288296829905,0.250843708942054,0.212172138746895,0.210051001295972,0.213689777355241,0.214421326290069,0.216567984660658,0.222737139215163,0.223320120292762,0.221385025004439,0.229907526763215,0.230359082835859,0.223573110084061,0.216243748879448,0.196242043225222,0.174156182844096,0.158196114072364
0.786182989087044,0.872483355937721,0.957642681975114,1,0.992617428925071,0.961512730635244,0.887105959272245,0.798302131628597,0.780016618913882,0.743398111379208,0.689793012361412,0.636228217869936,0.556450988925205,0.473132270645386,0.400375820135305,0.325689467133703,0.266159139040563,0.224010132914145,0.223052705165867,0.228582648765588,0.230668318985829,0.234218594830142,0.242387408728793,0.244127034811476,0.242852125683692,0.24768267930661,0.242986150433305,0.231945039662032,0.220646734413353,0.195855334008935,0.171193472065677,0.153793253778267
0.746925086339388,0.839590433904111,0.93498472497804,0.992617428925071,1,0.985917196327044,0.93128661760741,0.857472479756648,0.839931243306322,0.802744169170073,0.747211467594349,0.692528377491617,0.608939393070817,0.520591380851992,0.442143525252194,0.35903619271017,0.292938272966999,0.246182207539129,0.247552555620346,0.256369273147462,0.260789075891231,0.266274933824855,0.276099611946065,0.278475854603611,0.277320334842285,0.280437441654909,0.27235909918743,0.257870816465074,0.244386399585799,0.218411299806946,0.191815880906048,0.172921087301285
0.733839165955855,0.821440760007253,0.910494579586211,0.961512730635244,0.985917196327044,1,0.979092790670723,0.931188515992666,0.913509901920576,0.874526548447207,0.815555141793226,0.759898970450739,0.672421505837188,0.578540768944607,0.493624987199855,0.400592390761875,0.326657218885217,0.274374142368107,0.278859738355424,0.291952897738798,0.299415424495125,0.307317331841373,0.318904276163655,0.321830494583519,0.320632342276619,0.322420755158497,0.31105066936949,0.292894606398115,0.277548417744398,0.251581123174315,0.223090764546982,0.202530943660618
0.690009361973242,0.768119618179099,0.846073935309385,0.887105959272245,0.93128661760741,0.979092790670723,1,0.985433122082506,0.96825984632976,0.928574400584781,0.867663429067646,0.812940635918813,0.724060802842051,0.6270212920961,0.537468213399211,0.435901749254014,0.355246044198168,0.298228904699342,0.30633309259944,0.324129850243272,0.335009522298435,0.345549611219552,0.358839345886412,0.36232321958588,0.361118785280867,0.361223025522959,0.346281532348471,0.324354788543949,0.30732776600615,0.282357676111221,0.252646101191296,0.230843064664335
0.62947137070008,0.697975866728394,0.765354790010106,0.798302131628597,0.857472479756648,0.931188515992666,0.985433122082506,1,0.989481670012272,0.956269765209645,0.901189568736146,0.850550651506393,0.762636510404693,0.664771621402928,0.574210828820632,0.470631117017328,0.387259509660339,0.327989105309596,0.339474562431899,0.36110325835348,0.3746578543194,0.387240391991478,0.401776252630012,0.40541571755034,0.403870741744508,0.402171445902196,0.383523471420059,0.357662446844446,0.338446488956459,0.313011485468166,0.281292604229038,0.257806963228114
0.60505967060373,0.67408670512834,0.743167474846175,0.780016618913882,0.839931243306322,0.913509901920576,0.96825984632976,0.989481670012272,1,0.988521951538653,0.954409106362927,0.910559900032063,0.821638793343535,0.720618450361199,0.631304711720419,0.535583821675866,0.45422744567534,0.395120798220364,0.409064993122182,0.432548109003384,0.446854864097367,0.46014344916896,0.475502731278229,0.478409790974409,0.475528595194738,0.472226104741725,0.449134980280039,0.41790920571711,0.394015857027986,0.361540285785376,0.323223719892517,0.295153087108516
0.565973212992625,0.633995410754335,0.703301774642627,0.743398111379208,0.802744169170073,0.874526548447207,0.928574400584781,0.956269765209645,0.988521951538653,1,0.988551182186492,0.952777959892013,0.864802649945071,0.762756065824171,0.67675098198709,0.591387826595983,0.513963622412782,0.456355717676001,0.472554523188122,0.49744684227833,0.512217758185571,0.525945217470955,0.541819441863497,0.543896295319238,0.53968430740081,0.534781667156,0.507568933034768,0.471441783732629,0.44320021092499,0.40410115955551,0.359754855849658,0.327526332843795
0.513968507388971,0.579428594551814,0.647372296832442,0.689793012361412,0.747211467594349,0.815555141793226,0.867663429067646,0.901189568736146,0.954409106362927,0.988551182186492,1,0.973112178816129,0.888097186447481,0.787363785820987,0.706633741894047,0.633571068417799,0.56184802337625,0.507056893838101,0.525136301509896,0.550865697703995,0.565761750386846,0.579612999899595,0.595637798844248,0.596837912221255,0.591393324450795,0.585004892374248,0.554299276879279,0.514104718915529,0.482167510437553,0.43734921976983,0.387996893682658,0.352354178090455
0.46967532217568,0.530969340031792,0.595059896827911,0.636228217869936,0.692528377491617,0.759898970450739,0.812940635918813,0.850550651506393,0.910559900032063,0.952777959892013,0.973112178816129,1,0.969775371249305,0.907490935501474,0.848808343614487,0.77308604461189,0.693765591232211,0.631966958964258,0.648882551341247,0.673398599192025,0.686088169800398,0.697318381554423,0.708814528827681,0.704491461483793,0.693688566563139,0.682291298309462,0.643212574101938,0.593982389780841,0.553453966857605,0.495263307574276,0.435341282379428,0.392712265239674
0.408653627829105,0.462707480200762,0.519452923732472,0.556450988925205,0.608939393070817,0.672421505837188,0.724060802842051,0.762636510404693,0.821638793343535,0.864802649945071,0.888097186447481,0.969775371249305,1,0.982559611628346,0.949739711681218,0.872252701947977,0.787608786811779,0.72087660795347,0.735147613452971,0.756805753831919,0.766376379959761,0.774117098063555,0.780030279948298,0.770156127990187,0.754421064221516,0.738565433158706,0.693370904834858,0.637998298440264,0.591245548241019,0.523092027092828,0.456172340426412,0.409108372768121
0.345610147172614,0.391958612018202,0.440809749442126,0.473132270645386,0.520591380851992,0.578540768944607,0.6270212920961,0.664771621402928,0.720618450361199,0.762756065824171,0.787363785820987,0.907490935501474,0.982559611628346,1,0.988217976904815,0.91252232541602,0.827247373384791,0.759456344564341,0.771134349283383,0.789737933443389,0.796544302329011,0.801312437732447,0.802731605189248,0.789026712242274,0.770169787715184,0.751558255345536,0.70353218215809,0.64571969403626,0.596115762880684,0.523128162806866,0.453584188194164,0.405045289707431
0.292570015288865,0.33176890980086,0.373073336991173,0.400375820135305,0.442143525252194,0.493624987199855,0.537468213399211,0.574210828820632,0.631304711720419,0.67675098198709,0.706633741894047,0.848808343614487,0.949739711681218,0.988217976904815,1,0.956200423851147,0.888522594648666,0.83086418778518,0.838783501809893,0.850223364611242,0.85071646047099,0.849000490169072,0.841287756247753,0.819938207379096,0.794923164324466,0.771196323890158,0.718205908802318,0.65621291300853,0.602684976029877,0.524810919524827,0.452519966040178,0.402407401860078
0.241874625222232,0.272949057811003,0.305288296829905,0.325689467133703,0.35903619271017,0.400592390761875,0.435901749254014,0.470631117017328,0.535583821675866,0.591387826595983,0.633571068417799,0.77308604461189,0.872252701947977,0.91252232541602,0.956200423851147,1,0.983911907968325,0.957360084265537,0.958807211686649,0.954881153008537,0.942086513732954,0.926972802713829,0.900968673312588,0.864629864243439,0.827709904815816,0.794401579260948,0.732793464651458,0.663880108618399,0.604706496282637,0.522057149080056,0.44733353604623,0.395904200999937
0.200575953828938,0.225361072564894,0.250843708942054,0.266159139040563,0.292938272966999,0.326657218885217,0.355246044198168,0.387259509660339,0.45422744567534,0.513963622412782,0.56184802337625,0.693765591232211,0.787608786811779,0.827247373384791,0.888522594648666,0.983911907968325,1,0.993570736680424,0.991005662670515,0.977869284125447,0.957512484295203,0.934868776248729,0.898814192177465,0.854882892172046,0.812277825506156,0.774547822966032,0.710318085772535,0.640131876953785,0.580046340115344,0.498021546981994,0.425012903830677,0.374982132286203
0.171070601478561,0.191458154300003,0.212172138746895,0.224010132914145,0.246182207539129,0.274374142368107,0.298228904699342,0.327989105309596,0.395120798220364,0.456355717676001,0.507056893838101,0.631966958964258,0.72087660795347,0.759456344564341,0.83086418778518,0.957360084265537,0.993570736680424,1,0.994935040749528,0.976180475132443,0.951369959242559,0.924330935308476,0.8825067700802,0.834494442538747,0.788995007669831,0.749090226934697,0.684266942821737,0.614440923043233,0.554776378811832,0.474510967218932,0.4038028140231,0.355490035712239
0.167733398496151,0.188579274711827,0.210051001295972,0.223052705165867,0.247552555620346,0.278859738355424,0.30633309259944,0.339474562431899,0.409064993122182,0.472554523188122,0.525136301509896,0.648882551341247,0.735147613452971,0.771134349283383,0.838783501809893,0.958807211686649,0.991005662670515,0.994935040749528,1,0.992909083749404,0.977210805806685,0.957207211220038,0.919941541073024,0.874701492596749,0.83088738056687,0.790312704025329,0.722503160162443,0.649252765771945,0.586774397583168,0.502756302132726,0.42839530988045,0.377519098564581
0.16852497384945,0.190592373356715,0.213689777355241,0.228582648765588,0.256369273147462,0.291952897738798,0.324129850243272,0.36110325835348,0.432548109003384,0.49744684227833,0.550865697703995,0.673398599192025,0.756805753831919,0.789737933443389,0.850223364611242,0.954881153008537,0.977869284125447,0.976180475132443,0.992909083749404,1,0.995515473904889,0.984472360119091,0.953939057034263,0.913185392092244,0.872381899126779,0.832023546545369,0.761850552140173,0.685608947810206,0.62067237756355,0.533121952828664,0.455106250678483,0.401627170527554
0.167448186308247,0.190264161538617,0.214421326290069,0.230668318985829,0.260789075891231,0.299415424495125,0.335009522298435,0.3746578543194,0.446854864097367,0.512217758185571,0.565761750386846,0.686088169800398,0.766376379959761,0.796544302329011,0.85071646047099,0.942086513732954,0.957512484295203,0.951369959242559,0.977210805806685,0.995515473904889,1,0.996199259935324,0.971332633999691,0.934561850885957,0.896567366238481,0.856789880565782,0.785446772167075,0.707596956583526,0.641361840469191,0.55188712253115,0.471753178535247,0.416744396618293
0.167549760327387,0.191235074113481,0.216567984660658,0.234218594830142,0.266274933824855,0.307317331841373,0.345549611219552,0.387240391991478,0.46014344916896,0.525945217470955,0.579612999899595,0.697318381554423,0.774117098063555,0.801312437732447,0.849000490169072,0.926972802713829,0.934868776248729,0.924330935308476,0.957207211220038,0.984472360119091,0.996199259935324,1,0.986199037949108,0.957557586043477,0.92551635494836,0.888092256954131,0.816451328400325,0.737418980773118,0.670392449565329,0.579478940615646,0.49698473354225,0.440150494852917
0.170423017745151,0.195556115290553,0.222737139215163,0.242387408728793,0.276099611946065,0.318904276163655,0.358839345886412,0.401776252630012,0.475502731278229,0.541819441863497,0.595637798844248,0.708814528827681,0.780030279948298,0.802731605189248,0.841287756247753,0.900968673312588,0.898814192177465,0.8825067700802,0.919941541073024,0.953939057034263,0.971332633999691,0.986199037949108,1,0.992064890970512,0.975443712840674,0.945368889497184,0.875399670638184,0.795798991583531,0.728919067471245,0.63723643515627,0.551018054475986,0.491046039291443
0.169466526468253,0.195236214644421,0.223320120292762,0.244127034811476,0.278475854603611,0.321830494583519,0.36232321958588,0.40541571755034,0.478409790974409,0.543896295319238,0.596837912221255,0.704491461483793,0.770156127990187,0.789026712242274,0.819938207379096,0.864629864243439,0.854882892172046,0.834494442538747,0.874701492596749,0.913185392092244,0.934561850885957,0.957557586043477,0.992064890970512,1,0.995394666686803,0.97145461225827,0.904043373014335,0.825476986273357,0.759940010982209,0.669361686017918,0.581902965151431,0.5206525749199
0.166931484644693,0.192911957618545,0.221385025004439,0.242852125683692,0.277320334842285,0.320632342276619,0.361118785280867,0.403870741744508,0.475528595194738,0.53968430740081,0.591393324450795,0.693688566563139,0.754421064221516,0.770169787715184,0.794923164324466,0.827709904815816,0.812277825506156,0.788995007669831,0.83088738056687,0.872381899126779,0.896567366238481,0.92551635494836,0.975443712840674,0.995394666686803,1,0.980992552082023,0.916249971176712,0.83930935703535,0.77549465710037,0.686723481955467,0.599250971211043,0.537678527353744
0.179091647395628,0.203738683205002,0.229907526763215,0.24768267930661,0.280437441654909,0.322420755158497,0.361223025522959,0.402171445902196,0.472226104741725,0.534781667156,0.585004892374248,0.682291298309462,0.738565433158706,0.751558255345536,0.771196323890158,0.794401579260948,0.774547822966032,0.749090226934697,0.790312704025329,0.832023546545369,0.856789880565782,0.888092256954131,0.945368889497184,0.97145461225827,0.980992552082023,1,0.976412391533026,0.92850535596196,0.881293442738271,0.783220911889819,0.685177869713408,0.615920168848996
0.186020771080818,0.208039358102401,0.230359082835859,0.242986150433305,0.27235909918743,0.31105066936949,0.346281532348471,0.383523471420059,0.449134980280039,0.507568933034768,0.554299276879279,0.643212574101938,0.693370904834858,0.70353218215809,0.718205908802318,0.732793464651458,0.710318085772535,0.684266942821737,0.722503160162443,0.761850552140173,0.785446772167075,0.816451328400325,0.875399670638184,0.904043373014335,0.916249971176712,0.976412391533026,1,0.986777095139312,0.960024519083851,0.85502999072687,0.7491206444815,0.674143813696288
0.185468778810008,0.204833201497382,0.223573110084061,0.231945039662032,0.257870816465074,0.292894606398115,0.324354788543949,0.357662446844446,0.41790920571711,0.471441783732629,0.514104718915529,0.593982389780841,0.637998298440264,0.64571969403626,0.65621291300853,0.663880108618399,0.640131876953785,0.614440923043233,0.649252765771945,0.685608947810206,0.707596956583526,0.737418980773118,0.795798991583531,0.825476986273357,0.83930935703535,0.92850535596196,0.986777095139312,1,0.989433375383641,0.882490067404884,0.773951360620103,0.697000284024155
0.184076999256806,0.200898512217883,0.216243748879448,0.220646734413353,0.244386399585799,0.277548417744398,0.30732776600615,0.338446488956459,0.394015857027986,0.44320021092499,0.482167510437553,0.553453966857605,0.591245548241019,0.596115762880684,0.602684976029877,0.604706496282637,0.580046340115344,0.554776378811832,0.586774397583168,0.62067237756355,0.641361840469191,0.670392449565329,0.728919067471245,0.759940010982209,0.77549465710037,0.881293442738271,0.960024519083851,0.989433375383641,1,0.930964839991722,0.840213720310948,0.772377826716258
0.172612031491009,0.185614227460694,0.196242043225222,0.195855334008935,0.218411299806946,0.251581123174315,0.282357676111221,0.313011485468166,0.361540285785376,0.40410115955551,0.43734921976983,0.495263307574276,0.523092027092828,0.523128162806866,0.524810919524827,0.522057149080056,0.498021546981994,0.474510967218932,0.502756302132726,0.533121952828664,0.55188712253115,0.579478940615646,0.63723643515627,0.669361686017918,0.686723481955467,0.783220911889819,0.85502999072687,0.882490067404884,0.930964839991722,1,0.980191668068804,0.950960358566905
0.156509838148966,0.166695812472677,0.174156182844096,0.171193472065677,0.191815880906048,0.223090764546982,0.252646101191296,0.281292604229038,0.323223719892517,0.359754855849658,0.387996893682658,0.435341282379428,0.456172340426412,0.453584188194164,0.452519966040178,0.44733353604623,0.425012903830677,0.4038028140231,0.42839530988045,0.455106250678483,0.471753178535247,0.49698473354225,0.551018054475986,0.581902965151431,0.599250971211043,0.685177869713408,0.7491206444815,0.773951360620103,0.840213720310948,0.980191668068804,1,0.993383200080955
0.144339065802342,0.152707555308878,0.158196114072364,0.153793253778267,0.172921087301285,0.202530943660618,0.230843064664335,0.257806963228114,0.295153087108516,0.327526332843795,0.352354178090455,0.392712265239674,0.409108372768121,0.405045289707431,0.402407401860078,0.395904200999937,0.374982132286203,0.355490035712239,0.377519098564581,0.401627170527554,0.416744396618293,0.440150494852917,0.491046039291443,0.5206525749199,0.537678527353744,0.615920168848996,0.674143813696288,0.697000284024155,0.772377826716258,0.950960358566905,0.993383200080955,1
