1,0.560901806497475,0.442849490147108,0.41264641565985,0.385789171332973,0.355616669806224,0.341665992438136,0.347913662373443,0.333592654622204,0.331630510733576,0.314105201920761,0.300806428075903,0.289727783818796,0.284715345009554,0.275253340100622,0.270434915138175,0.267691798000181,0.24971675852665,0.250148283972624,0.237115652310517,0.225374879474821,0.212072378993571,0.208880160340048,0.203842738303152,0.196832384093327,0.178056221996271,0.166209282609582,0.14993512418515,0.126479983873214,0.0772817395483801,0.0452465714206628,0.00666973333677962
0.560901806497475,1,0.866653905359221,0.794234873188483,0.761503833917315,0.713640148251694,0.689378274119046,0.675874570545496,0.664946281700855,0.643164033028654,0.634112802751011,0.622770877605068,0.610889004746779,0.601341583750223,0.586727156809602,0.572905170255951,0.568394500582237,0.554253547931825,0.55077284824364,0.534665984347894,0.520750086173064,0.508347282073133,0.502811446296319,0.492232525357822,0.477311104884654,0.453465762142208,0.43921803874532,0.422705279711178,0.389170594862735,0.311574899056941,0.232527912544155,0.147131635678687
0.442849490147108,0.866653905359221,1,0.931561084075752,0.884376298888382,0.839961812661645,0.819208119016504,0.801693284695922,0.783418269850857,0.764258671069572,0.750224782705103,0.737667484286304,0.725975413339899,0.713771569171987,0.699629102302706,0.687674760887679,0.679806910390055,0.667315681103961,0.661371421834591,0.645780363336103,0.633698457893533,0.623974205941382,0.620006107501362,0.610776077932241,0.593862184911416,0.573046033072606,0.561371836793425,0.538445715612951,0.506612190137336,0.416719623532348,0.313461598557665,0.229159853371424
0.41264641565985,0.794234873188483,0.931561084075752,1,0.957386879030286,0.915860411065097,0.899304274611744,0.887968657926059,0.868301745601117,0.85255286686738,0.836972780275729,0.822183848050328,0.808985873002475,0.797865882893827,0.786417209061246,0.778650425103075,0.772511906860717,0.761513140602328,0.755864103872624,0.744145718251751,0.733319183821269,0.724549665101666,0.719238967035574,0.708971770546604,0.696030728239762,0.676148098557288,0.664972104386075,0.641132538045322,0.601859831963143,0.501333049860912,0.376565210092051,0.30517520093537
0.385789171332973,0.761503833917315,0.884376298888382,0.957386879030286,1,0.966616064732288,0.945846417437235,0.92979733040024,0.913346885771329,0.895530676461479,0.880557627906904,0.863863641365073,0.851998186002468,0.841950340944027,0.829547295456646,0.82079252645569,0.817530817001989,0.805875592072634,0.802057456126611,0.792363870494749,0.782819395481365,0.772140142433716,0.767295625732413,0.755666239964832,0.74118471357131,0.72106703429631,0.706374532340072,0.680762777480464,0.644405512073627,0.538165819421349,0.401082748560828,0.34935046614604
0.355616669806224,0.713640148251694,0.839961812661645,0.915860411065097,0.966616064732288,1,0.979410406622583,0.962376921984524,0.948201419297324,0.931834942689077,0.915694561294944,0.897908117308398,0.884434603223082,0.874633658139116,0.863291340919214,0.854003949536718,0.849743762309466,0.838191862083043,0.834749295487727,0.825992296358639,0.818408450932247,0.808563723978211,0.802052745366095,0.790681355635311,0.776828006092477,0.760046293334566,0.743500809492648,0.718627521444803,0.677386839415992,0.574157425385856,0.421965696460378,0.372541515607645
0.341665992438136,0.689378274119046,0.819208119016504,0.899304274611744,0.945846417437235,0.979410406622583,1,0.983313142151442,0.967341868651376,0.947843262232831,0.931841898590174,0.915676628618811,0.900183759999735,0.889859911425802,0.879799059266592,0.87201300573475,0.866216380934249,0.857628345814929,0.853078596555142,0.843864963902309,0.835646451771745,0.826540809077356,0.820304672094022,0.808881702581235,0.794450096546012,0.77807604273223,0.759926130075542,0.735298037701814,0.692770479497328,0.588629744566345,0.438937384627007,0.391785712431734
0.347913662373443,0.675874570545496,0.801693284695922,0.887968657926059,0.92979733040024,0.962376921984524,0.983313142151442,1,0.985922852337215,0.967052750057308,0.94998941176176,0.93161130585058,0.914299864689604,0.904284788794266,0.893451448444622,0.884748082458275,0.878063402677377,0.869661427219663,0.864326256850742,0.854516652905414,0.846694473032491,0.838316779453205,0.831595668562239,0.81946088635363,0.805734714570638,0.790216331023599,0.775126886588575,0.750807837836003,0.707059285206668,0.603040735553621,0.455526441217979,0.399542803731808
0.333592654622204,0.664946281700855,0.783418269850857,0.868301745601117,0.913346885771329,0.948201419297324,0.967341868651376,0.985922852337215,1,0.98354546350834,0.966214919936963,0.946299238658076,0.928423379554798,0.916930860139297,0.904554635382941,0.895269845174289,0.889167023547155,0.880202673253286,0.875107989432174,0.865312495740512,0.858439739409499,0.850639339296219,0.844125804657589,0.832041022933872,0.818749496999167,0.80251998546693,0.787524781132343,0.760720481119872,0.715214585834636,0.607464759171038,0.455816562362133,0.39305069131856
0.331630510733576,0.643164033028654,0.764258671069572,0.85255286686738,0.895530676461479,0.931834942689077,0.947843262232831,0.967052750057308,0.98354546350834,1,0.986449048526976,0.968452560194989,0.952076337724779,0.94043006517971,0.926955808687642,0.916633374219971,0.91028956012411,0.900476679911943,0.895529669422825,0.885742841608609,0.879382216866424,0.873578124166709,0.866464419290437,0.856354115750544,0.844319364651463,0.829762391289485,0.815860920170939,0.789951526409725,0.746862592602912,0.642139523666438,0.484932233768559,0.428276880124203
0.314105201920761,0.634112802751011,0.750224782705103,0.836972780275729,0.880557627906904,0.915694561294944,0.931841898590174,0.94998941176176,0.966214919936963,0.986449048526976,1,0.98575240221436,0.969468574252981,0.95591560859291,0.941369765230105,0.928493813003702,0.920410241625986,0.91021422189459,0.905418430356252,0.896857473898502,0.890619733860021,0.885129293659381,0.877547789595173,0.868702719961185,0.857053163598234,0.842984542832403,0.829362180862859,0.806506637853286,0.766794767028466,0.673025178503517,0.510767816534695,0.45109464845123
0.300806428075903,0.622770877605068,0.737667484286304,0.822183848050328,0.863863641365073,0.897908117308398,0.915676628618811,0.93161130585058,0.946299238658076,0.968452560194989,0.98575240221436,1,0.98905682751713,0.974410502413279,0.960529135860763,0.947548544140613,0.93903043572351,0.928412281722338,0.921827760391884,0.912148662652609,0.905450833647423,0.898360190178755,0.892448738007023,0.885399144627231,0.874301220346839,0.861298125896364,0.846571652672758,0.82296662630512,0.787166637118456,0.696398472490413,0.528771887559493,0.466053766371308
0.289727783818796,0.610889004746779,0.725975413339899,0.808985873002475,0.851998186002468,0.884434603223082,0.900183759999735,0.914299864689604,0.928423379554798,0.952076337724779,0.969468574252981,0.98905682751713,1,0.9897437810361,0.97723658213726,0.964539754559282,0.955627205499929,0.943768361819878,0.9351894020996,0.925380295999222,0.919385172473659,0.910983255767107,0.904765256250095,0.898505243079044,0.886389092650334,0.873487770552351,0.858669860649124,0.835455054694334,0.803250262559896,0.713206840266781,0.545390048054654,0.482691282668018
0.284715345009554,0.601341583750223,0.713771569171987,0.797865882893827,0.841950340944027,0.874633658139116,0.889859911425802,0.904284788794266,0.916930860139297,0.94043006517971,0.95591560859291,0.974410502413279,0.9897437810361,1,0.99166301822659,0.979816525117175,0.970090939259116,0.958787519426408,0.949756389209534,0.939726355890645,0.932334693703961,0.924456219870886,0.917358525501266,0.91084044457535,0.898991135547363,0.885473967472689,0.870535990095038,0.84846996054119,0.815023638222211,0.726612926416413,0.562416129628575,0.500980703405224
0.275253340100622,0.586727156809602,0.699629102302706,0.786417209061246,0.829547295456646,0.863291340919214,0.879799059266592,0.893451448444622,0.904554635382941,0.926955808687642,0.941369765230105,0.960529135860763,0.97723658213726,0.99166301822659,1,0.990732346273426,0.980561065040031,0.970351202367375,0.961409350929579,0.951872174593561,0.94338989118388,0.936245284943713,0.928461588518705,0.922501197783461,0.910333916680699,0.89596742034783,0.879638604270768,0.857574905625267,0.822718761050319,0.736517965858392,0.57361660285008,0.510752127977967
0.270434915138175,0.572905170255951,0.687674760887679,0.778650425103075,0.82079252645569,0.854003949536718,0.87201300573475,0.884748082458275,0.895269845174289,0.916633374219971,0.928493813003702,0.947548544140613,0.964539754559282,0.979816525117175,0.990732346273426,1,0.992131274509839,0.982581378803988,0.973558580688397,0.964181134697417,0.955061301050701,0.948545768192753,0.940311312905687,0.934118981786477,0.921557215744527,0.907679968078094,0.891200657723743,0.868720796844283,0.833787298567686,0.745867536432547,0.578928087227097,0.511719920982866
0.267691798000181,0.568394500582237,0.679806910390055,0.772511906860717,0.817530817001989,0.849743762309466,0.866216380934249,0.878063402677377,0.889167023547155,0.91028956012411,0.920410241625986,0.93903043572351,0.955627205499929,0.970090939259116,0.980561065040031,0.992131274509839,1,0.991698758003251,0.983098463792205,0.974069452666152,0.964391854923787,0.957169232820353,0.948192586534872,0.94230924373468,0.931177075920567,0.917736162626795,0.901024111045216,0.877793414081069,0.845437477505827,0.75439630347884,0.591003347980549,0.51407549339111
0.24971675852665,0.554253547931825,0.667315681103961,0.761513140602328,0.805875592072634,0.838191862083043,0.857628345814929,0.869661427219663,0.880202673253286,0.900476679911943,0.91021422189459,0.928412281722338,0.943768361819878,0.958787519426408,0.970351202367375,0.982581378803988,0.991698758003251,1,0.99203497063171,0.983520424856628,0.973731438181427,0.966669522539287,0.958848659516105,0.951633223282459,0.940832233941069,0.93014146245446,0.913388904620962,0.891160007334149,0.856905715163376,0.768858381800149,0.609171755120842,0.532438052656201
0.250148283972624,0.55077284824364,0.661371421834591,0.755864103872624,0.802057456126611,0.834749295487727,0.853078596555142,0.864326256850742,0.875107989432174,0.895529669422825,0.905418430356252,0.921827760391884,0.9351894020996,0.949756389209534,0.961409350929579,0.973558580688397,0.983098463792205,0.99203497063171,1,0.993171004920944,0.984348714309333,0.977325327483481,0.969228669148845,0.961399482007262,0.949553507873122,0.938620736432962,0.920562595873608,0.898411363466687,0.866719708284474,0.780493539848076,0.61837050469045,0.536946870753645
0.237115652310517,0.534665984347894,0.645780363336103,0.744145718251751,0.792363870494749,0.825992296358639,0.843864963902309,0.854516652905414,0.865312495740512,0.885742841608609,0.896857473898502,0.912148662652609,0.925380295999222,0.939726355890645,0.951872174593561,0.964181134697417,0.974069452666152,0.983520424856628,0.993171004920944,1,0.992608455617254,0.986104456359712,0.978662250494183,0.970880246103582,0.958896761027412,0.947897065172518,0.929868177062059,0.907297498591582,0.872764000590135,0.78738372736261,0.628702541635209,0.549267343866389
0.225374879474821,0.520750086173064,0.633698457893533,0.733319183821269,0.782819395481365,0.818408450932247,0.835646451771745,0.846694473032491,0.858439739409499,0.879382216866424,0.890619733860021,0.905450833647423,0.919385172473659,0.932334693703961,0.94338989118388,0.955061301050701,0.964391854923787,0.973731438181427,0.984348714309333,0.992608455617254,1,0.993347962177371,0.985492733435767,0.976677409592897,0.965015551385527,0.954547546781312,0.936412821677634,0.91502458530526,0.883265560873621,0.800642896989739,0.640220310887947,0.561052011483184
0.212072378993571,0.508347282073133,0.623974205941382,0.724549665101666,0.772140142433716,0.808563723978211,0.826540809077356,0.838316779453205,0.850639339296219,0.873578124166709,0.885129293659381,0.898360190178755,0.910983255767107,0.924456219870886,0.936245284943713,0.948545768192753,0.957169232820353,0.966669522539287,0.977325327483481,0.986104456359712,0.993347962177371,1,0.991935906289156,0.983042397997106,0.971728145732114,0.960081695977534,0.942870215118182,0.922445986281915,0.88907797892184,0.805010011172076,0.642507990898223,0.559531283270038
0.208880160340048,0.502811446296319,0.620006107501362,0.719238967035574,0.767295625732413,0.802052745366095,0.820304672094022,0.831595668562239,0.844125804657589,0.866464419290437,0.877547789595173,0.892448738007023,0.904765256250095,0.917358525501266,0.928461588518705,0.940311312905687,0.948192586534872,0.958848659516105,0.969228669148845,0.978662250494183,0.985492733435767,0.991935906289156,1,0.991931485606743,0.979854460212912,0.968791306478849,0.95232696008537,0.932161273168412,0.897729642603446,0.810302113792133,0.653878712583533,0.560988475559951
0.203842738303152,0.492232525357822,0.610776077932241,0.708971770546604,0.755666239964832,0.790681355635311,0.808881702581235,0.81946088635363,0.832041022933872,0.856354115750544,0.868702719961185,0.885399144627231,0.898505243079044,0.91084044457535,0.922501197783461,0.934118981786477,0.94230924373468,0.951633223282459,0.961399482007262,0.970880246103582,0.976677409592897,0.983042397997106,0.991931485606743,1,0.990381949423125,0.97822775304798,0.962989136782122,0.943515124410961,0.908820973559831,0.821486525462291,0.658034456007648,0.573315687283596
0.196832384093327,0.477311104884654,0.593862184911416,0.696030728239762,0.74118471357131,0.776828006092477,0.794450096546012,0.805734714570638,0.818749496999167,0.844319364651463,0.857053163598234,0.874301220346839,0.886389092650334,0.898991135547363,0.910333916680699,0.921557215744527,0.931177075920567,0.940832233941069,0.949553507873122,0.958896761027412,0.965015551385527,0.971728145732114,0.979854460212912,0.990381949423125,1,0.988923186151239,0.974164521504978,0.955756658727358,0.920510242493961,0.832484154884508,0.674466876554779,0.589891175768193
0.178056221996271,0.453465762142208,0.573046033072606,0.676148098557288,0.72106703429631,0.760046293334566,0.77807604273223,0.790216331023599,0.80251998546693,0.829762391289485,0.842984542832403,0.861298125896364,0.873487770552351,0.885473967472689,0.89596742034783,0.907679968078094,0.917736162626795,0.93014146245446,0.938620736432962,0.947897065172518,0.954547546781312,0.960081695977534,0.968791306478849,0.97822775304798,0.988923186151239,1,0.987205441784683,0.969651825678227,0.937388455468516,0.847954146266633,0.691876321886666,0.609440303790886
0.166209282609582,0.43921803874532,0.561371836793425,0.664972104386075,0.706374532340072,0.743500809492648,0.759926130075542,0.775126886588575,0.787524781132343,0.815860920170939,0.829362180862859,0.846571652672758,0.858669860649124,0.870535990095038,0.879638604270768,0.891200657723743,0.901024111045216,0.913388904620962,0.920562595873608,0.929868177062059,0.936412821677634,0.942870215118182,0.95232696008537,0.962989136782122,0.974164521504978,0.987205441784683,1,0.983100566917618,0.95046108144556,0.859461405071277,0.705296274330331,0.620441223233831
0.14993512418515,0.422705279711178,0.538445715612951,0.641132538045322,0.680762777480464,0.718627521444803,0.735298037701814,0.750807837836003,0.760720481119872,0.789951526409725,0.806506637853286,0.82296662630512,0.835455054694334,0.84846996054119,0.857574905625267,0.868720796844283,0.877793414081069,0.891160007334149,0.898411363466687,0.907297498591582,0.91502458530526,0.922445986281915,0.932161273168412,0.943515124410961,0.955756658727358,0.969651825678227,0.983100566917618,1,0.969190242587345,0.884671861907087,0.730657154553127,0.640753427494059
0.126479983873214,0.389170594862735,0.506612190137336,0.601859831963143,0.644405512073627,0.677386839415992,0.692770479497328,0.707059285206668,0.715214585834636,0.746862592602912,0.766794767028466,0.787166637118456,0.803250262559896,0.815023638222211,0.822718761050319,0.833787298567686,0.845437477505827,0.856905715163376,0.866719708284474,0.872764000590135,0.883265560873621,0.88907797892184,0.897729642603446,0.908820973559831,0.920510242493961,0.937388455468516,0.95046108144556,0.969190242587345,1,0.924130201459174,0.765279894634805,0.655364075135922
0.0772817395483801,0.311574899056941,0.416719623532348,0.501333049860912,0.538165819421349,0.574157425385856,0.588629744566345,0.603040735553621,0.607464759171038,0.642139523666438,0.673025178503517,0.696398472490413,0.713206840266781,0.726612926416413,0.736517965858392,0.745867536432547,0.75439630347884,0.768858381800149,0.780493539848076,0.78738372736261,0.800642896989739,0.805010011172076,0.810302113792133,0.821486525462291,0.832484154884508,0.847954146266633,0.859461405071277,0.884671861907087,0.924130201459174,1,0.820476015813398,0.699381013322821
0.0452465714206628,0.232527912544155,0.313461598557665,0.376565210092051,0.401082748560828,0.421965696460378,0.438937384627007,0.455526441217979,0.455816562362133,0.484932233768559,0.510767816534695,0.528771887559493,0.545390048054654,0.562416129628575,0.57361660285008,0.578928087227097,0.591003347980549,0.609171755120842,0.61837050469045,0.628702541635209,0.640220310887947,0.642507990898223,0.653878712583533,0.658034456007648,0.674466876554779,0.691876321886666,0.705296274330331,0.730657154553127,0.765279894634805,0.820476015813398,1,0.650808373121664
0.00666973333677962,0.147131635678687,0.229159853371424,0.30517520093537,0.34935046614604,0.372541515607645,0.391785712431734,0.399542803731808,0.39305069131856,0.428276880124203,0.45109464845123,0.466053766371308,0.482691282668018,0.500980703405224,0.510752127977967,0.511719920982866,0.51407549339111,0.532438052656201,0.536946870753645,0.549267343866389,0.561052011483184,0.559531283270038,0.560988475559951,0.573315687283596,0.589891175768193,0.609440303790886,0.620441223233831,0.640753427494059,0.655364075135922,0.699381013322821,0.650808373121664,1
