1,0.800466271993504,0.712692414379155,0.678033606935287,0.661351286839895,0.643606906303743,0.626752455786002,0.62532025520357,0.61544475071721,0.604019677598103,0.594424091479759,0.59027580958991,0.589913889940801,0.584341976847207,0.586964254866984,0.576635305398699,0.563479206871315,0.563325412308077,0.559904777071628,0.555533901190311,0.551737046101681,0.545761881810914,0.539526707505589,0.530675510825184,0.518224807598924,0.503009302576,0.498731016698654,0.479049578418607,0.42719946514842,0.332853909791168,0.173045545945858,0.110865317346721
0.800466271993504,1,0.941321726345142,0.905304360791329,0.885015400288335,0.870633946808294,0.859825829676883,0.850546428081053,0.839933900710125,0.833205783423466,0.828038702150059,0.820944744571149,0.815917052484811,0.808471346401604,0.806298364150971,0.798176670926825,0.786972618447618,0.7852927559734,0.783249335967732,0.777581209409618,0.770715025307655,0.763557559077585,0.754311167075754,0.743640713838076,0.73243155133306,0.718243298108249,0.707438443736276,0.673441010098176,0.612721978037718,0.473514399027045,0.235066716006479,0.133728724932806
0.712692414379155,0.941321726345142,1,0.971297805177419,0.950933417975086,0.937742958988203,0.929882771753057,0.920367953480109,0.91077365009924,0.904576498290133,0.900677388182622,0.894963431477295,0.889767589243725,0.880911672541242,0.878514405497726,0.871778519386493,0.861990336541806,0.860152082053273,0.858977368811854,0.854920653987183,0.846986419278431,0.838805189062607,0.828650831693366,0.820159094699725,0.810061529092785,0.794198187130858,0.78025790953486,0.74264568839709,0.663856875406335,0.512692567036987,0.249948850726646,0.147135280735999
0.678033606935287,0.905304360791329,0.971297805177419,1,0.984436295834936,0.970995585786932,0.960876760135954,0.952233401358372,0.944955999209352,0.938306780928436,0.934141926969029,0.928304886599769,0.92250121490474,0.911985138111419,0.908407493554478,0.90204475591811,0.893576113028071,0.891259118884851,0.889466929915061,0.885613128920081,0.880342368409269,0.872380757799845,0.860454919835352,0.851180013031397,0.841482906703293,0.826507638001416,0.811133849357742,0.774000824577411,0.696176366307163,0.53743040440847,0.265911203269373,0.154553323852759
0.661351286839895,0.885015400288335,0.950933417975086,0.984436295834936,1,0.989290648354532,0.978161535786561,0.968690877063514,0.962955626162763,0.956299436826582,0.951094271459439,0.945855541243831,0.939126357985466,0.927935416808539,0.922628703786749,0.917697993925229,0.909214484382066,0.907056692323031,0.904895216968694,0.900530486640395,0.894801847847012,0.886700191045799,0.875214004817016,0.867244544011943,0.858555259798762,0.843697591389299,0.82926748428874,0.794047167397438,0.716749695932846,0.553176431233048,0.274531291252034,0.167821589261484
0.643606906303743,0.870633946808294,0.937742958988203,0.970995585786932,0.989290648354532,1,0.9905827061043,0.981677667401089,0.975827159848298,0.967919842466131,0.961841448811901,0.955560980298093,0.948091899798807,0.937476238415918,0.932277845770495,0.926433414252075,0.917984498764869,0.914929886019185,0.912285205223217,0.907451933126938,0.902801193571799,0.894249033466186,0.88389655258833,0.875019914228082,0.866139667995146,0.8527968927821,0.83971479852893,0.805170611456369,0.726745175459584,0.563099405407363,0.279271414248141,0.172839516119973
0.626752455786002,0.859825829676883,0.929882771753057,0.960876760135954,0.978161535786561,0.9905827061043,1,0.991077503142099,0.984791271683155,0.976549363749488,0.97023707684357,0.963261838313806,0.954328857384644,0.943454478324882,0.938085050750588,0.932354287851886,0.924688010491597,0.921754708422299,0.918667424575308,0.912414301027515,0.907444055704518,0.898771687957931,0.889627305659534,0.881698516097107,0.873160105021547,0.859914029232632,0.846520375566253,0.810301042297632,0.731154496060186,0.568214028664877,0.283940246806457,0.182284541422804
0.62532025520357,0.850546428081053,0.920367953480109,0.952233401358372,0.968690877063514,0.981677667401089,0.991077503142099,1,0.992962057819812,0.986062294688435,0.979399144318681,0.972987771118479,0.96432464495305,0.954542374836777,0.949250364665227,0.942746756983078,0.93591370206158,0.932762796556125,0.929813468473027,0.924570706153123,0.920583282643504,0.91235118588954,0.903906987674237,0.896821492404267,0.889115730954429,0.875894633125989,0.862152296010421,0.82681092249775,0.747176619898736,0.58772801353094,0.295946898031739,0.191131870216491
0.61544475071721,0.839933900710125,0.91077365009924,0.944955999209352,0.962955626162763,0.975827159848298,0.984791271683155,0.992962057819812,1,0.992934898930626,0.986235027840238,0.979445546220702,0.970745843589838,0.96057747621439,0.953720565693555,0.947123939086793,0.940163212054859,0.936938353897375,0.933616099057265,0.928659960455938,0.924992648339831,0.91655352466314,0.908037718849682,0.901761263048142,0.894625786183199,0.882608789264052,0.868528436861168,0.833984338682787,0.755849477025176,0.593872101934145,0.300793542526648,0.194645601781121
0.604019677598103,0.833205783423466,0.904576498290133,0.938306780928436,0.956299436826582,0.967919842466131,0.976549363749488,0.986062294688435,0.992934898930626,1,0.994831464181565,0.98819379472244,0.980315755159945,0.970407865063985,0.963207426072889,0.956576939468131,0.950081989045144,0.946934522748116,0.94345191238357,0.937957557903331,0.934203466945257,0.926986241086652,0.919248369246736,0.913086095776844,0.906564694976747,0.895770412455151,0.880835571209566,0.84605225579669,0.769577285405859,0.607648961508048,0.310657690388138,0.198736173825744
0.594424091479759,0.828038702150059,0.900677388182622,0.934141926969029,0.951094271459439,0.961841448811901,0.97023707684357,0.979399144318681,0.986235027840238,0.994831464181565,1,0.995075609035597,0.988136084598967,0.978026150442926,0.970751294769987,0.964489230818183,0.957915885400523,0.954655562358696,0.951240380127325,0.94559307670265,0.941335630153009,0.933909272381972,0.92597939627509,0.920415866193885,0.914311629110961,0.90343695615467,0.888673080040177,0.854987493634964,0.779321199029695,0.618014054331737,0.31711421433136,0.206259628562115
0.59027580958991,0.820944744571149,0.894963431477295,0.928304886599769,0.945855541243831,0.955560980298093,0.963261838313806,0.972987771118479,0.979445546220702,0.98819379472244,0.995075609035597,1,0.994793276619523,0.986247101696447,0.979151121087283,0.972722939703086,0.965971778583392,0.962344787747203,0.958176622653362,0.952200556858337,0.94750780829419,0.940299982661959,0.933111562776072,0.928351064806423,0.922930801298492,0.911881523804613,0.897323094963994,0.86568503746912,0.79029791289001,0.630709930009131,0.326302189794595,0.213991820081426
0.589913889940801,0.815917052484811,0.889767589243725,0.92250121490474,0.939126357985466,0.948091899798807,0.954328857384644,0.96432464495305,0.970745843589838,0.980315755159945,0.988136084598967,0.994793276619523,1,0.994193971571849,0.987973411012793,0.981924138115733,0.974687549925534,0.970400778661671,0.965998876012778,0.959345835410968,0.954096640268026,0.947202537035052,0.940094087838692,0.935537897694247,0.929731162212224,0.91916345357195,0.90485574275362,0.873998242082918,0.798504577856345,0.639732532367784,0.334335170478537,0.217649045093471
0.584341976847207,0.808471346401604,0.880911672541242,0.911985138111419,0.927935416808539,0.937476238415918,0.943454478324882,0.954542374836777,0.96057747621439,0.970407865063985,0.978026150442926,0.986247101696447,0.994193971571849,1,0.995045106712945,0.989460090922339,0.982497875638919,0.977662898657664,0.972875299323993,0.965780014708288,0.960109743900064,0.953692002290818,0.947554701195222,0.943015216255636,0.936550158382604,0.926555490096829,0.913066150859865,0.884050324338501,0.808523036947643,0.650413596216085,0.341864689322891,0.224801705752654
0.586964254866984,0.806298364150971,0.878514405497726,0.908407493554478,0.922628703786749,0.932277845770495,0.938085050750588,0.949250364665227,0.953720565693555,0.963207426072889,0.970751294769987,0.979151121087283,0.987973411012793,0.995045106712945,1,0.995221478650672,0.989407065773239,0.984056801141483,0.979370548024869,0.972302305582379,0.966061240860664,0.959736439252446,0.952899230970777,0.948203901913236,0.940726781377876,0.929703675158046,0.916532962447938,0.887937893943542,0.811008280405304,0.65086770591604,0.341852861219654,0.227413190047177
0.576635305398699,0.798176670926825,0.871778519386493,0.90204475591811,0.917697993925229,0.926433414252075,0.932354287851886,0.942746756983078,0.947123939086793,0.956576939468131,0.964489230818183,0.972722939703086,0.981924138115733,0.989460090922339,0.995221478650672,1,0.995276053481846,0.990252996112733,0.986160928614502,0.979723684472064,0.973439095468829,0.96746162137174,0.960469573089098,0.955329304888015,0.947906940783001,0.937047837227297,0.92393508404626,0.895022146636129,0.817580497624234,0.656231214908479,0.343520737476057,0.234655636072888
0.563479206871315,0.786972618447618,0.861990336541806,0.893576113028071,0.909214484382066,0.917984498764869,0.924688010491597,0.93591370206158,0.940163212054859,0.950081989045144,0.957915885400523,0.965971778583392,0.974687549925534,0.982497875638919,0.989407065773239,0.995276053481846,1,0.995930922881891,0.991847562831334,0.985359997483197,0.978923232149984,0.973162278218723,0.966080583045908,0.960856846736137,0.953252052311938,0.941948683260737,0.928669099363298,0.90018899092271,0.82346933402668,0.661055882901786,0.345109569701361,0.238818548056587
0.563325412308077,0.7852927559734,0.860152082053273,0.891259118884851,0.907056692323031,0.914929886019185,0.921754708422299,0.932762796556125,0.936938353897375,0.946934522748116,0.954655562358696,0.962344787747203,0.970400778661671,0.977662898657664,0.984056801141483,0.990252996112733,0.995930922881891,1,0.996149455950955,0.989748235857365,0.983178428924786,0.97685493510863,0.969187468315816,0.963336343236184,0.95574301505728,0.943440152901556,0.929772589409076,0.900504294173922,0.822591620927412,0.660977589445793,0.346144221728378,0.235838771242947
0.559904777071628,0.783249335967732,0.858977368811854,0.889466929915061,0.904895216968694,0.912285205223217,0.918667424575308,0.929813468473027,0.933616099057265,0.94345191238357,0.951240380127325,0.958176622653362,0.965998876012778,0.972875299323993,0.979370548024869,0.986160928614502,0.991847562831334,0.996149455950955,1,0.994743160591346,0.988007482325161,0.981884377547293,0.974061999090188,0.968226239085146,0.96052532709975,0.94863470887465,0.935273078231651,0.906043421248518,0.827578370486315,0.664533178931311,0.349246808993892,0.240616163956055
0.555533901190311,0.777581209409618,0.854920653987183,0.885613128920081,0.900530486640395,0.907451933126938,0.912414301027515,0.924570706153123,0.928659960455938,0.937957557903331,0.94559307670265,0.952200556858337,0.959345835410968,0.965780014708288,0.972302305582379,0.979723684472064,0.985359997483197,0.989748235857365,0.994743160591346,1,0.994824409823491,0.989174406998249,0.981588200679175,0.974900229350179,0.96700344182247,0.95526319607447,0.942146971578459,0.91420618471965,0.83916105693156,0.674166419657875,0.359704547654015,0.242200632892674
0.551737046101681,0.770715025307655,0.846986419278431,0.880342368409269,0.894801847847012,0.902801193571799,0.907444055704518,0.920583282643504,0.924992648339831,0.934203466945257,0.941335630153009,0.94750780829419,0.954096640268026,0.960109743900064,0.966061240860664,0.973439095468829,0.978923232149984,0.983178428924786,0.988007482325161,0.994824409823491,1,0.995550017656077,0.987752092367157,0.980263972557209,0.972162068004423,0.960090896196982,0.947125757623866,0.918443320274244,0.845714952397144,0.683644771654033,0.371158675661126,0.251359409678969
0.545761881810914,0.763557559077585,0.838805189062607,0.872380757799845,0.886700191045799,0.894249033466186,0.898771687957931,0.91235118588954,0.91655352466314,0.926986241086652,0.933909272381972,0.940299982661959,0.947202537035052,0.953692002290818,0.959736439252446,0.96746162137174,0.973162278218723,0.97685493510863,0.981884377547293,0.989174406998249,0.995550017656077,1,0.99413350355736,0.986793316386372,0.979473783740603,0.968129670284892,0.955983168070789,0.928526268410295,0.857953263241915,0.698594394640234,0.391777927190998,0.269607671122498
0.539526707505589,0.754311167075754,0.828650831693366,0.860454919835352,0.875214004817016,0.88389655258833,0.889627305659534,0.903906987674237,0.908037718849682,0.919248369246736,0.92597939627509,0.933111562776072,0.940094087838692,0.947554701195222,0.952899230970777,0.960469573089098,0.966080583045908,0.969187468315816,0.974061999090188,0.981588200679175,0.987752092367157,0.99413350355736,1,0.993337884368406,0.986179774920092,0.976672809320664,0.964752019540343,0.939355550671449,0.867966982328701,0.711993201648753,0.406119777016778,0.282154970562208
0.530675510825184,0.743640713838076,0.820159094699725,0.851180013031397,0.867244544011943,0.875019914228082,0.881698516097107,0.896821492404267,0.901761263048142,0.913086095776844,0.920415866193885,0.928351064806423,0.935537897694247,0.943015216255636,0.948203901913236,0.955329304888015,0.960856846736137,0.963336343236184,0.968226239085146,0.974900229350179,0.980263972557209,0.986793316386372,0.993337884368406,1,0.99307304878136,0.982904762079682,0.969530809985018,0.945262862380764,0.87756690643872,0.721943843283699,0.415860616804109,0.29383846101932
0.518224807598924,0.73243155133306,0.810061529092785,0.841482906703293,0.858555259798762,0.866139667995146,0.873160105021547,0.889115730954429,0.894625786183199,0.906564694976747,0.914311629110961,0.922930801298492,0.929731162212224,0.936550158382604,0.940726781377876,0.947906940783001,0.953252052311938,0.95574301505728,0.96052532709975,0.96700344182247,0.972162068004423,0.979473783740603,0.986179774920092,0.99307304878136,1,0.990518465286355,0.976697204858219,0.954145939305109,0.88627668918953,0.734442857516559,0.432280499170215,0.307528439538231
0.503009302576,0.718243298108249,0.794198187130858,0.826507638001416,0.843697591389299,0.8527968927821,0.859914029232632,0.875894633125989,0.882608789264052,0.895770412455151,0.90343695615467,0.911881523804613,0.91916345357195,0.926555490096829,0.929703675158046,0.937047837227297,0.941948683260737,0.943440152901556,0.94863470887465,0.95526319607447,0.960090896196982,0.968129670284892,0.976672809320664,0.982904762079682,0.990518465286355,1,0.989098855880222,0.966306881558687,0.903039769133843,0.758927185399298,0.459746795235832,0.336252164466846
0.498731016698654,0.707438443736276,0.78025790953486,0.811133849357742,0.82926748428874,0.83971479852893,0.846520375566253,0.862152296010421,0.868528436861168,0.880835571209566,0.888673080040177,0.897323094963994,0.90485574275362,0.913066150859865,0.916532962447938,0.92393508404626,0.928669099363298,0.929772589409076,0.935273078231651,0.942146971578459,0.947125757623866,0.955983168070789,0.964752019540343,0.969530809985018,0.976697204858219,0.989098855880222,1,0.981593613638096,0.922216986071744,0.781895467853369,0.479008855961519,0.353689633879711
0.479049578418607,0.673441010098176,0.74264568839709,0.774000824577411,0.794047167397438,0.805170611456369,0.810301042297632,0.82681092249775,0.833984338682787,0.84605225579669,0.854987493634964,0.86568503746912,0.873998242082918,0.884050324338501,0.887937893943542,0.895022146636129,0.90018899092271,0.900504294173922,0.906043421248518,0.91420618471965,0.918443320274244,0.928526268410295,0.939355550671449,0.945262862380764,0.954145939305109,0.966306881558687,0.981593613638096,1,0.950279305245024,0.814645042762994,0.51570663704694,0.381827983789466
0.42719946514842,0.612721978037718,0.663856875406335,0.696176366307163,0.716749695932846,0.726745175459584,0.731154496060186,0.747176619898736,0.755849477025176,0.769577285405859,0.779321199029695,0.79029791289001,0.798504577856345,0.808523036947643,0.811008280405304,0.817580497624234,0.82346933402668,0.822591620927412,0.827578370486315,0.83916105693156,0.845714952397144,0.857953263241915,0.867966982328701,0.87756690643872,0.88627668918953,0.903039769133843,0.922216986071744,0.950279305245024,1,0.89996519502101,0.629661713954419,0.435488821331278
0.332853909791168,0.473514399027045,0.512692567036987,0.53743040440847,0.553176431233048,0.563099405407363,0.568214028664877,0.58772801353094,0.593872101934145,0.607648961508048,0.618014054331737,0.630709930009131,0.639732532367784,0.650413596216085,0.65086770591604,0.656231214908479,0.661055882901786,0.660977589445793,0.664533178931311,0.674166419657875,0.683644771654033,0.698594394640234,0.711993201648753,0.721943843283699,0.734442857516559,0.758927185399298,0.781895467853369,0.814645042762994,0.89996519502101,1,0.815313910942635,0.55347932622503
0.173045545945858,0.235066716006479,0.249948850726646,0.265911203269373,0.274531291252034,0.279271414248141,0.283940246806457,0.295946898031739,0.300793542526648,0.310657690388138,0.31711421433136,0.326302189794595,0.334335170478537,0.341864689322891,0.341852861219654,0.343520737476057,0.345109569701361,0.346144221728378,0.349246808993892,0.359704547654015,0.371158675661126,0.391777927190998,0.406119777016778,0.415860616804109,0.432280499170215,0.459746795235832,0.479008855961519,0.51570663704694,0.629661713954419,0.815313910942635,1,0.677005291433287
0.110865317346721,0.133728724932806,0.147135280735999,0.154553323852759,0.167821589261484,0.172839516119973,0.182284541422804,0.191131870216491,0.194645601781121,0.198736173825744,0.206259628562115,0.213991820081426,0.217649045093471,0.224801705752654,0.227413190047177,0.234655636072888,0.238818548056587,0.235838771242947,0.240616163956055,0.242200632892674,0.251359409678969,0.269607671122498,0.282154970562208,0.29383846101932,0.307528439538231,0.336252164466846,0.353689633879711,0.381827983789466,0.435488821331278,0.55347932622503,0.677005291433287,1
