1,0.75598563097476,0.686080958857571,0.649819315442834,0.637745042133063,0.625418045592415,0.613423693658583,0.603371118669181,0.603170263704692,0.598726821372989,0.594197826231313,0.590842827939948,0.587077921114644,0.579368904118957,0.573624995352088,0.569204580899809,0.560022463251927,0.557972211029912,0.55376696194842,0.54574401690111,0.540627710991778,0.533858388668871,0.529943999444685,0.525124479993245,0.520431963986718,0.51751320652041,0.510436914456349,0.501679709838531,0.48102835753595,0.45496580286089,0.355408593120797,0.220309639777581
0.75598563097476,1,0.936041510022725,0.900696680676734,0.88587526042418,0.87268633763655,0.865546925358748,0.858140990912195,0.856635695931964,0.851835336376234,0.847718645235875,0.84090557443735,0.835037726279536,0.826416873959784,0.817695298556025,0.8140689071699,0.804794329434957,0.802259126936354,0.795163547351862,0.786703005875983,0.778857386208486,0.77297185166718,0.766945818115976,0.762510846385728,0.7568825262869,0.750957508218977,0.743704914042031,0.73076838726504,0.705034000562582,0.654704692860369,0.486326077503595,0.263530001446884
0.686080958857571,0.936041510022725,1,0.973546556613298,0.95892103712044,0.94543565227586,0.937006898224502,0.930699178951783,0.927410368917852,0.922160860689243,0.917922463423221,0.911304799864162,0.904738792283409,0.896750534489979,0.887763108948389,0.882710219827251,0.874133557408276,0.870999077439849,0.86385568145219,0.857184603491538,0.849041927144159,0.84330692391458,0.837580612409383,0.834313518380068,0.82816802142836,0.82028673802854,0.810768731057929,0.7956129600907,0.768115927018823,0.71050307671426,0.526213231311903,0.255967770942251
0.649819315442834,0.900696680676734,0.973546556613298,1,0.985800472324586,0.972985487537761,0.963873085850273,0.957320750921353,0.951526728014779,0.945900263322694,0.940365758599487,0.933398363454525,0.92707037732023,0.920208033240837,0.912391939250478,0.907419857820155,0.900647768745302,0.897896320839637,0.891215520405934,0.88482980805859,0.876411285113051,0.87051117054249,0.865533746457647,0.862138877019848,0.85705135786788,0.849331116878649,0.839173050941849,0.822931715258598,0.794065087566079,0.729794786255271,0.535806505836326,0.254055754337886
0.637745042133063,0.88587526042418,0.95892103712044,0.985800472324586,1,0.988987634842481,0.979224098813347,0.972650192341974,0.966844952435042,0.961148655770991,0.955183613337559,0.948349600550961,0.941569864590403,0.934944087700892,0.927256941525605,0.922440161254663,0.916418723971486,0.913405454504698,0.906195355468343,0.899486374333941,0.89154968434696,0.885375182121381,0.880183999654865,0.877194412187726,0.873531034008094,0.86728968721269,0.857674812358021,0.841435039216168,0.811704875613586,0.748767967982084,0.551972033048283,0.254035170711083
0.625418045592415,0.87268633763655,0.94543565227586,0.972985487537761,0.988987634842481,1,0.991251092708858,0.985000975672742,0.979131130507586,0.972640572933066,0.965800413382577,0.958651115262886,0.95268741783865,0.947076297147138,0.939653026010303,0.934538395606732,0.928175258716678,0.925704219705603,0.919059427256748,0.912728676957807,0.904866992229658,0.898913870793205,0.894441591458933,0.891286677163817,0.888655075549339,0.881914810570687,0.872214100714362,0.855955323644045,0.827762385248898,0.763655718690204,0.570715424944889,0.262157657146255
0.613423693658583,0.865546925358748,0.937006898224502,0.963873085850273,0.979224098813347,0.991251092708858,1,0.994350823528566,0.988494073621779,0.982615132005442,0.976328850067219,0.969193866399138,0.962892545509539,0.957112123787874,0.949393166674269,0.944154864742756,0.938214942744722,0.935798267242706,0.929241463329353,0.923050190690722,0.915884601769327,0.909941464873428,0.906421949303885,0.903622307480157,0.900914933293282,0.894228661275858,0.885066617923692,0.870353786619004,0.843151709607713,0.779722843727392,0.585648802789265,0.273700830161921
0.603371118669181,0.858140990912195,0.930699178951783,0.957320750921353,0.972650192341974,0.985000975672742,0.994350823528566,1,0.995046348337801,0.989153946967126,0.982670946791749,0.976069527458087,0.970858671443702,0.965059127086303,0.957558604507944,0.952180750363084,0.94638269424768,0.943623916585725,0.937606507060687,0.931616427453619,0.925185937511187,0.91953704248868,0.916654073564308,0.914324823412986,0.911035883890696,0.905298622301438,0.896613763440082,0.882523798135177,0.854879503695539,0.792066698008187,0.592315811062421,0.277131512479979
0.603170263704692,0.856635695931964,0.927410368917852,0.951526728014779,0.966844952435042,0.979131130507586,0.988494073621779,0.995046348337801,1,0.995267984535326,0.989406602690274,0.983219169675746,0.978332521259135,0.972632940175362,0.964690452161161,0.959471944733149,0.953906289040532,0.950974813590225,0.944929117972166,0.939003828298021,0.933647281376161,0.927862771124433,0.925050113817651,0.922297429012905,0.918402262431069,0.913859338886459,0.905416012819183,0.891954290045747,0.865407476216103,0.804154893233045,0.601818887088593,0.281378522570326
0.598726821372989,0.851835336376234,0.922160860689243,0.945900263322694,0.961148655770991,0.972640572933066,0.982615132005442,0.989153946967126,0.995267984535326,1,0.995372173257641,0.989715056053595,0.984375677078807,0.978282745235056,0.970732698239852,0.965094205478639,0.959481188276282,0.955977331881721,0.949499769615576,0.94333744581964,0.937876531739828,0.931549946456278,0.928745216507266,0.925511328395528,0.921496374305029,0.918639016684579,0.910800011021448,0.898813254428621,0.872182919364654,0.810646291839795,0.608545527706518,0.283473114204328
0.594197826231313,0.847718645235875,0.917922463423221,0.940365758599487,0.955183613337559,0.965800413382577,0.976328850067219,0.982670946791749,0.989406602690274,0.995372173257641,1,0.996144690026812,0.99101939708346,0.984931809180561,0.977550696826393,0.971835265905211,0.966323528528009,0.962398836655429,0.956078054567582,0.950339636631879,0.944895362402833,0.938694453998116,0.936061240758779,0.932909808314446,0.929327086746251,0.926375727599686,0.918519578682863,0.906852144672827,0.879922500461011,0.817787141232767,0.613923988386305,0.287390161205867
0.590842827939948,0.84090557443735,0.911304799864162,0.933398363454525,0.948349600550961,0.958651115262886,0.969193866399138,0.976069527458087,0.983219169675746,0.989715056053595,0.996144690026812,1,0.996155413141463,0.99049549266201,0.983765139568244,0.977795175789977,0.972368111792239,0.96836027317163,0.962269265716368,0.956584288952243,0.950972777060235,0.944439889334011,0.941960844937734,0.938679233964422,0.935313451481918,0.932364558594196,0.92435202397664,0.913250543809251,0.887885709626814,0.827264635814154,0.62848795008201,0.295945984025828
0.587077921114644,0.835037726279536,0.904738792283409,0.92707037732023,0.941569864590403,0.95268741783865,0.962892545509539,0.970858671443702,0.978332521259135,0.984375677078807,0.99101939708346,0.996155413141463,1,0.996237942683701,0.990559305479335,0.984818902780861,0.97929165232992,0.975624695330103,0.970096715820022,0.964009207995988,0.95842490492426,0.95233513390019,0.950219397505296,0.947067608854531,0.94422306214786,0.94094642704266,0.932909985401687,0.920793497263633,0.896107039047684,0.835110559915775,0.639814302118485,0.301062491372628
0.579368904118957,0.826416873959784,0.896750534489979,0.920208033240837,0.934944087700892,0.947076297147138,0.957112123787874,0.965059127086303,0.972632940175362,0.978282745235056,0.984931809180561,0.99049549266201,0.996237942683701,1,0.996336483828647,0.991317350032836,0.985535668819548,0.981332286045314,0.976241608069673,0.9701050272919,0.964144260455887,0.957786375848625,0.955382129034458,0.952147430503278,0.949303347913667,0.945775837959281,0.937420307394713,0.924916195786613,0.900202899211334,0.839583417584344,0.646523553176594,0.304129979812509
0.573624995352088,0.817695298556025,0.887763108948389,0.912391939250478,0.927256941525605,0.939653026010303,0.949393166674269,0.957558604507944,0.964690452161161,0.970732698239852,0.977550696826393,0.983765139568244,0.990559305479335,0.996336483828647,1,0.996607850700831,0.991113864608863,0.986895781740903,0.982489624285551,0.976237698161388,0.969801744483431,0.963177382005843,0.9610802075501,0.957520083417588,0.954522528347392,0.950920009979683,0.942698386468374,0.930254320027234,0.906389249611661,0.845891540500303,0.656738929577863,0.313183854362387
0.569204580899809,0.8140689071699,0.882710219827251,0.907419857820155,0.922440161254663,0.934538395606732,0.944154864742756,0.952180750363084,0.959471944733149,0.965094205478639,0.971835265905211,0.977795175789977,0.984818902780861,0.991317350032836,0.996607850700831,1,0.996210100551216,0.992417863739816,0.987949553635089,0.981346276101005,0.975150404402113,0.968741646105123,0.966564990503253,0.962758734609615,0.959789191183181,0.955623092749998,0.947288411545453,0.934482316803843,0.910716042278667,0.850050250734736,0.659277939040888,0.316919048353003
0.560022463251927,0.804794329434957,0.874133557408276,0.900647768745302,0.916418723971486,0.928175258716678,0.938214942744722,0.94638269424768,0.953906289040532,0.959481188276282,0.966323528528009,0.972368111792239,0.97929165232992,0.985535668819548,0.991113864608863,0.996210100551216,1,0.996828513522142,0.992383755103024,0.985728772358463,0.979522028152075,0.972834869761349,0.970448058574013,0.966647111868863,0.963857315873253,0.959354013274843,0.951040538013423,0.938031427174167,0.91449057950048,0.854572847196201,0.664481213544426,0.318533484013331
0.557972211029912,0.802259126936354,0.870999077439849,0.897896320839637,0.913405454504698,0.925704219705603,0.935798267242706,0.943623916585725,0.950974813590225,0.955977331881721,0.962398836655429,0.96836027317163,0.975624695330103,0.981332286045314,0.986895781740903,0.992417863739816,0.996828513522142,1,0.996722785394269,0.990704604956615,0.984485436047315,0.977657177863852,0.975348347742064,0.971092327023612,0.967669931201283,0.962754364783522,0.954485293896589,0.941671698936791,0.919045405283137,0.860122779179741,0.674442672482248,0.323784615661367
0.55376696194842,0.795163547351862,0.86385568145219,0.891215520405934,0.906195355468343,0.919059427256748,0.929241463329353,0.937606507060687,0.944929117972166,0.949499769615576,0.956078054567582,0.962269265716368,0.970096715820022,0.976241608069673,0.982489624285551,0.987949553635089,0.992383755103024,0.996722785394269,1,0.996163019317197,0.990820892188673,0.984718029015562,0.982063910217188,0.977953950286659,0.973994144912112,0.968790993418905,0.960238284694564,0.94765133684875,0.92615826922108,0.868894471226446,0.687088343132103,0.328903458364652
0.54574401690111,0.786703005875983,0.857184603491538,0.88482980805859,0.899486374333941,0.912728676957807,0.923050190690722,0.931616427453619,0.939003828298021,0.94333744581964,0.950339636631879,0.956584288952243,0.964009207995988,0.9701050272919,0.976237698161388,0.981346276101005,0.985728772358463,0.990704604956615,0.996163019317197,1,0.996224655045428,0.990571831667374,0.98759839125202,0.983484121003995,0.978978118393999,0.973475037997809,0.964961047055979,0.953194997735421,0.932545949633024,0.876560985257751,0.696781349940202,0.330444997525011
0.540627710991778,0.778857386208486,0.849041927144159,0.876411285113051,0.89154968434696,0.904866992229658,0.915884601769327,0.925185937511187,0.933647281376161,0.937876531739828,0.944895362402833,0.950972777060235,0.95842490492426,0.964144260455887,0.969801744483431,0.975150404402113,0.979522028152075,0.984485436047315,0.990820892188673,0.996224655045428,1,0.996266738916749,0.992817800734997,0.988620028173992,0.983912892317745,0.978435168373189,0.970374645916083,0.958425231233244,0.938867944236126,0.884272977295463,0.706960055597572,0.334739565031924
0.533858388668871,0.77297185166718,0.84330692391458,0.87051117054249,0.885375182121381,0.898913870793205,0.909941464873428,0.91953704248868,0.927862771124433,0.931549946456278,0.938694453998116,0.944439889334011,0.95233513390019,0.957786375848625,0.963177382005843,0.968741646105123,0.972834869761349,0.977657177863852,0.984718029015562,0.990571831667374,0.996266738916749,1,0.996391112841061,0.992007185355487,0.987158554138022,0.981375031008336,0.973412474158769,0.961279219625109,0.942280529431591,0.888977625412901,0.714886561097299,0.338381500192358
0.529943999444685,0.766945818115976,0.837580612409383,0.865533746457647,0.880183999654865,0.894441591458933,0.906421949303885,0.916654073564308,0.925050113817651,0.928745216507266,0.936061240758779,0.941960844937734,0.950219397505296,0.955382129034458,0.9610802075501,0.966564990503253,0.970448058574013,0.975348347742064,0.982063910217188,0.98759839125202,0.992817800734997,0.996391112841061,1,0.996676072810431,0.991923807521703,0.98634072522232,0.979552315952413,0.967376007059021,0.949423508510792,0.895684100579555,0.72193667549211,0.349747097348343
0.525124479993245,0.762510846385728,0.834313518380068,0.862138877019848,0.877194412187726,0.891286677163817,0.903622307480157,0.914324823412986,0.922297429012905,0.925511328395528,0.932909808314446,0.938679233964422,0.947067608854531,0.952147430503278,0.957520083417588,0.962758734609615,0.966647111868863,0.971092327023612,0.977953950286659,0.983484121003995,0.988620028173992,0.992007185355487,0.996676072810431,1,0.995507704255529,0.99030101074544,0.982772680475829,0.97100201501404,0.952925456652892,0.900618751296363,0.724804514140718,0.351631975688785
0.520431963986718,0.7568825262869,0.82816802142836,0.85705135786788,0.873531034008094,0.888655075549339,0.900914933293282,0.911035883890696,0.918402262431069,0.921496374305029,0.929327086746251,0.935313451481918,0.94422306214786,0.949303347913667,0.954522528347392,0.959789191183181,0.963857315873253,0.967669931201283,0.973994144912112,0.978978118393999,0.983912892317745,0.987158554138022,0.991923807521703,0.995507704255529,1,0.99469570235164,0.987290854364575,0.97549130032978,0.957544606227892,0.905841336877388,0.729836808354575,0.35258551261825
0.51751320652041,0.750957508218977,0.82028673802854,0.849331116878649,0.86728968721269,0.881914810570687,0.894228661275858,0.905298622301438,0.913859338886459,0.918639016684579,0.926375727599686,0.932364558594196,0.94094642704266,0.945775837959281,0.950920009979683,0.955623092749998,0.959354013274843,0.962754364783522,0.968790993418905,0.973475037997809,0.978435168373189,0.981375031008336,0.98634072522232,0.99030101074544,0.99469570235164,1,0.993491061906905,0.98275050105837,0.964474865382082,0.918372127813016,0.744425294001788,0.362337911587885
0.510436914456349,0.743704914042031,0.810768731057929,0.839173050941849,0.857674812358021,0.872214100714362,0.885066617923692,0.896613763440082,0.905416012819183,0.910800011021448,0.918519578682863,0.92435202397664,0.932909985401687,0.937420307394713,0.942698386468374,0.947288411545453,0.951040538013423,0.954485293896589,0.960238284694564,0.964961047055979,0.970374645916083,0.973412474158769,0.979552315952413,0.982772680475829,0.987290854364575,0.993491061906905,1,0.990380858220718,0.972941088775762,0.923951113646815,0.752110413291967,0.370614745560585
0.501679709838531,0.73076838726504,0.7956129600907,0.822931715258598,0.841435039216168,0.855955323644045,0.870353786619004,0.882523798135177,0.891954290045747,0.898813254428621,0.906852144672827,0.913250543809251,0.920793497263633,0.924916195786613,0.930254320027234,0.934482316803843,0.938031427174167,0.941671698936791,0.94765133684875,0.953194997735421,0.958425231233244,0.961279219625109,0.967376007059021,0.97100201501404,0.97549130032978,0.98275050105837,0.990380858220718,1,0.987566344144788,0.937716610548013,0.761803391730208,0.378529394285651
0.48102835753595,0.705034000562582,0.768115927018823,0.794065087566079,0.811704875613586,0.827762385248898,0.843151709607713,0.854879503695539,0.865407476216103,0.872182919364654,0.879922500461011,0.887885709626814,0.896107039047684,0.900202899211334,0.906389249611661,0.910716042278667,0.91449057950048,0.919045405283137,0.92615826922108,0.932545949633024,0.938867944236126,0.942280529431591,0.949423508510792,0.952925456652892,0.957544606227892,0.964474865382082,0.972941088775762,0.987566344144788,1,0.956852454353428,0.789369606571171,0.392406870830198
0.45496580286089,0.654704692860369,0.71050307671426,0.729794786255271,0.748767967982084,0.763655718690204,0.779722843727392,0.792066698008187,0.804154893233045,0.810646291839795,0.817787141232767,0.827264635814154,0.835110559915775,0.839583417584344,0.845891540500303,0.850050250734736,0.854572847196201,0.860122779179741,0.868894471226446,0.876560985257751,0.884272977295463,0.888977625412901,0.895684100579555,0.900618751296363,0.905841336877388,0.918372127813016,0.923951113646815,0.937716610548013,0.956852454353428,1,0.862947716946678,0.422905664046418
0.355408593120797,0.486326077503595,0.526213231311903,0.535806505836326,0.551972033048283,0.570715424944889,0.585648802789265,0.592315811062421,0.601818887088593,0.608545527706518,0.613923988386305,0.62848795008201,0.639814302118485,0.646523553176594,0.656738929577863,0.659277939040888,0.664481213544426,0.674442672482248,0.687088343132103,0.696781349940202,0.706960055597572,0.714886561097299,0.72193667549211,0.724804514140718,0.729836808354575,0.744425294001788,0.752110413291967,0.761803391730208,0.789369606571171,0.862947716946678,1,0.475648079158953
0.220309639777581,0.263530001446884,0.255967770942251,0.254055754337886,0.254035170711083,0.262157657146255,0.273700830161921,0.277131512479979,0.281378522570326,0.283473114204328,0.287390161205867,0.295945984025828,0.301062491372628,0.304129979812509,0.313183854362387,0.316919048353003,0.318533484013331,0.323784615661367,0.328903458364652,0.330444997525011,0.334739565031924,0.338381500192358,0.349747097348343,0.351631975688785,0.35258551261825,0.362337911587885,0.370614745560585,0.378529394285651,0.392406870830198,0.422905664046418,0.475648079158953,1
