1,0.774642571596007,0.688015192345034,0.634869103272485,0.602244548614071,0.574562178650537,0.55989185518132,0.550486036996602,0.54089462919966,0.532984345161094,0.521063783165039,0.513510053269016,0.502591415098835,0.497283638493658,0.489746728624082,0.485828818877794,0.479656403974408,0.470397947544654,0.469221237217494,0.459835846357901,0.450623210660714,0.442050779017629,0.438642981178863,0.426611238083853,0.411162131683261,0.391556070846952,0.358807623140807,0.30552649569042,0.216887712949232,0.111905640152091,0.0617862836161934,-0.0169128541045777
0.774642571596007,1,0.914281070762064,0.860118462576646,0.830445271522371,0.803821125469037,0.792746282645204,0.783112462308001,0.770039790468654,0.758455561887251,0.743392071676099,0.733130603380859,0.721141891486345,0.710064885337063,0.700401713050623,0.693531020851665,0.686107379525338,0.67379184427684,0.671036295561057,0.661644858810535,0.651947696345727,0.640771443424355,0.632679307503315,0.619492900435882,0.603610407121075,0.582987639651595,0.546624542185463,0.47161553854107,0.34796424214502,0.223281457116942,0.139428905257407,0.077916019224992
0.688015192345034,0.914281070762064,1,0.95428160432316,0.927386906260119,0.898204291065799,0.884254278438151,0.876331996943761,0.861751634462304,0.85452997005973,0.842760781732365,0.832814251238596,0.822653730240946,0.809542199193815,0.800037380851966,0.79349941257027,0.785804712280392,0.776053193704596,0.772770272377482,0.763753094176493,0.756576477817954,0.74913861218391,0.741729905179612,0.724096207245508,0.706768692197391,0.678604356878341,0.636398729422479,0.554132586777796,0.404595755580119,0.259517817245115,0.160012962111969,0.103412153973885
0.634869103272485,0.860118462576646,0.95428160432316,1,0.973006029142991,0.945583176628322,0.9313976281546,0.923989324849032,0.913303827717033,0.903231328918311,0.891758232935445,0.8840146803986,0.875770732322206,0.865075045477142,0.857113915059161,0.851098265050873,0.844515043584375,0.835181200079037,0.831549527706945,0.821142012359227,0.812225011916099,0.803545648135209,0.795309277591423,0.779813837873281,0.762070278368281,0.731373348535852,0.691082389165023,0.608263182892029,0.455763566475294,0.305523879312383,0.19837955734349,0.1247859257902
0.602244548614071,0.830445271522371,0.927386906260119,0.973006029142991,1,0.981217737220464,0.968957649889935,0.960204713546215,0.949017662351103,0.938878230676779,0.927889058346373,0.920156077416696,0.91241907260791,0.903485113193391,0.895906465540381,0.88937330840188,0.881899471472397,0.874418335798979,0.868544049192508,0.860937653738326,0.853600012586286,0.844687614413563,0.837453377706533,0.821972607795725,0.804067867252101,0.772600784933642,0.734166162752119,0.647802036859916,0.479949614695451,0.331011579300213,0.220807528703357,0.134418204792659
0.574562178650537,0.803821125469037,0.898204291065799,0.945583176628322,0.981217737220464,1,0.988024926343379,0.977678244064272,0.966597472642184,0.957249069379035,0.947049004557973,0.9375066640133,0.92977422226685,0.92131492061776,0.913534509974945,0.905322216702216,0.898418963452069,0.891506627742271,0.884583552136674,0.87762634169604,0.870916807100661,0.863368975517589,0.856257952673173,0.839827960742254,0.821153434236874,0.788980533090082,0.749925848206253,0.661392599256365,0.491906032481349,0.345408657701855,0.231405825230025,0.145665779203976
0.55989185518132,0.792746282645204,0.884254278438151,0.9313976281546,0.968957649889935,0.988024926343379,1,0.990027038327825,0.979216417385606,0.968689820935924,0.957581957352526,0.948297186334985,0.941521307617178,0.932781565078715,0.925264259858297,0.916525291591118,0.909517787251793,0.902349478639496,0.894264563332036,0.887368583540422,0.879789639933719,0.871776589153533,0.864349758836603,0.847959399821246,0.82877930526948,0.797839335755654,0.758177654843695,0.671385228001709,0.49932330474649,0.354081097621841,0.238597198876698,0.164529512945539
0.550486036996602,0.783112462308001,0.876331996943761,0.923989324849032,0.960204713546215,0.977678244064272,0.990027038327825,1,0.991319215361683,0.980296459578081,0.968535393800569,0.958422823321898,0.950846998000502,0.942932915017083,0.934830687623518,0.925145067136558,0.917828758028026,0.910055372356881,0.901498238532616,0.893871921109434,0.886130599092839,0.878400909535791,0.871664165982581,0.85632633771521,0.8374169758605,0.807774113062124,0.768177749181657,0.679113685484678,0.50287181620887,0.35492814555822,0.247951147058342,0.168247301428444
0.54089462919966,0.770039790468654,0.861751634462304,0.913303827717033,0.949017662351103,0.966597472642184,0.979216417385606,0.991319215361683,1,0.991117537894686,0.98003222049909,0.970057121192361,0.96204282775669,0.95466478505953,0.946552441383523,0.93677734578618,0.928821283196655,0.920945428010885,0.911625594962712,0.903953836006036,0.8965677382079,0.887989031523838,0.881274493104242,0.866429848937821,0.847218586346946,0.817322825596535,0.778629354545389,0.690959098040119,0.513930835991067,0.36552850555949,0.257106075381659,0.174621419396968
0.532984345161094,0.758455561887251,0.85452997005973,0.903231328918311,0.938878230676779,0.957249069379035,0.968689820935924,0.980296459578081,0.991117537894686,1,0.99200015304922,0.982526071050054,0.973903655898748,0.966249440854289,0.958162932921591,0.949371988469309,0.942468725015791,0.934571678748752,0.926002807970932,0.91834114298031,0.911692618297988,0.90356054180171,0.897193128345785,0.88170598543715,0.862773102485178,0.832869845943018,0.795024383486886,0.709398048827581,0.534521137446378,0.38193294567107,0.268661988810806,0.184029852482962
0.521063783165039,0.743392071676099,0.842760781732365,0.891758232935445,0.927889058346373,0.947049004557973,0.957581957352526,0.968535393800569,0.98003222049909,0.99200015304922,1,0.993106903964632,0.983995053262433,0.975716579922359,0.966994273896842,0.958237162908872,0.951570603775096,0.943843860510712,0.936334738521629,0.928369797308361,0.923171770344866,0.916055963464855,0.910430933191343,0.895459030385474,0.877674315143569,0.850235711339016,0.813126244292681,0.732069080089453,0.556728271824436,0.400436681773797,0.278396952888315,0.195244657483583
0.513510053269016,0.733130603380859,0.832814251238596,0.8840146803986,0.920156077416696,0.9375066640133,0.948297186334985,0.958422823321898,0.970057121192361,0.982526071050054,0.993106903964632,1,0.993528568734504,0.985817618161519,0.977153719624788,0.968410437233644,0.961578182162895,0.953459030062048,0.946873937709656,0.939387387441567,0.933946619588918,0.926782604895753,0.921266338479014,0.905733536741793,0.888461327659686,0.862113099462391,0.826156638942293,0.74788002505076,0.570432217220864,0.411362150517546,0.285961354700324,0.199536232242012
0.502591415098835,0.721141891486345,0.822653730240946,0.875770732322206,0.91241907260791,0.92977422226685,0.941521307617178,0.950846998000502,0.96204282775669,0.973903655898748,0.983995053262433,0.993528568734504,1,0.993569273291857,0.98517166399968,0.976391580530069,0.969790328129915,0.961488876209072,0.954722761421705,0.947477254506432,0.941669403500009,0.934868624792993,0.929003710114882,0.913819315071964,0.896408830148856,0.871992308229382,0.838012714451212,0.762366050652071,0.5875770076674,0.429111983817631,0.302281717421558,0.212224561846441
0.497283638493658,0.710064885337063,0.809542199193815,0.865075045477142,0.903485113193391,0.92131492061776,0.932781565078715,0.942932915017083,0.95466478505953,0.966249440854289,0.975716579922359,0.985817618161519,0.993569273291857,1,0.994426729225574,0.986646717021332,0.98036617079661,0.971809659789179,0.965408446197509,0.958116640336549,0.952481932892637,0.944715641640443,0.93881635040443,0.924075991020004,0.907459506318938,0.882880186993267,0.849312519997983,0.774708369420605,0.600508116886716,0.445360520245556,0.318290785693623,0.224561780267203
0.489746728624082,0.700401713050623,0.800037380851966,0.857113915059161,0.895906465540381,0.913534509974945,0.925264259858297,0.934830687623518,0.946552441383523,0.958162932921591,0.966994273896842,0.977153719624788,0.98517166399968,0.994426729225574,1,0.994207279063311,0.987929845516958,0.979515601616251,0.972485456335238,0.965793055957676,0.959686706971254,0.951325530983951,0.944768773188923,0.93038089542129,0.913959648919771,0.889413203178873,0.856750499160837,0.781617585793473,0.608032080210066,0.449291644195497,0.325233904283545,0.230170861783468
0.485828818877794,0.693531020851665,0.79349941257027,0.851098265050873,0.88937330840188,0.905322216702216,0.916525291591118,0.925145067136558,0.93677734578618,0.949371988469309,0.958237162908872,0.968410437233644,0.976391580530069,0.986646717021332,0.994207279063311,1,0.995433790766917,0.987634726212478,0.98056824363534,0.973755309238494,0.967316659596392,0.958476627149792,0.951845945940876,0.938224274533655,0.922508968349925,0.898631238741757,0.866993158593126,0.792423937166158,0.619341565796211,0.461637143069982,0.341398707133044,0.247750153450321
0.479656403974408,0.686107379525338,0.785804712280392,0.844515043584375,0.881899471472397,0.898418963452069,0.909517787251793,0.917828758028026,0.928821283196655,0.942468725015791,0.951570603775096,0.961578182162895,0.969790328129915,0.98036617079661,0.987929845516958,0.995433790766917,1,0.994179217494049,0.987216649810893,0.980037168639542,0.973800996099626,0.965182712655234,0.958444620711387,0.945039402720504,0.929208808700046,0.90473861030334,0.873582891838946,0.801153966371001,0.633085448941503,0.47664132510103,0.35288579474412,0.262901930713621
0.470397947544654,0.67379184427684,0.776053193704596,0.835181200079037,0.874418335798979,0.891506627742271,0.902349478639496,0.910055372356881,0.920945428010885,0.934571678748752,0.943843860510712,0.953459030062048,0.961488876209072,0.971809659789179,0.979515601616251,0.987634726212478,0.994179217494049,1,0.994194538123303,0.987273165403393,0.98064607103459,0.971424000391004,0.964520953026569,0.951906169176746,0.935668655380792,0.911254771014949,0.882048961532259,0.81017199316974,0.644744596589735,0.488618067281517,0.36660370323822,0.273275389402456
0.469221237217494,0.671036295561057,0.772770272377482,0.831549527706945,0.868544049192508,0.884583552136674,0.894264563332036,0.901498238532616,0.911625594962712,0.926002807970932,0.936334738521629,0.946873937709656,0.954722761421705,0.965408446197509,0.972485456335238,0.98056824363534,0.987216649810893,0.994194538123303,1,0.994039086123818,0.987314819726638,0.977774421725213,0.970842445085307,0.959011214053231,0.943012960042873,0.918990661572345,0.891347208808317,0.819036575516435,0.655750206628495,0.497835636090091,0.369278348747044,0.274368336148904
0.459835846357901,0.661644858810535,0.763753094176493,0.821142012359227,0.860937653738326,0.87762634169604,0.887368583540422,0.893871921109434,0.903953836006036,0.91834114298031,0.928369797308361,0.939387387441567,0.947477254506432,0.958116640336549,0.965793055957676,0.973755309238494,0.980037168639542,0.987273165403393,0.994039086123818,1,0.993721190820613,0.984028453084369,0.976655377937961,0.965778799711134,0.949964791144645,0.927313532307993,0.899267702617978,0.828801415781268,0.669253874728239,0.509952237796696,0.383741515571558,0.287635951532826
0.450623210660714,0.651947696345727,0.756576477817954,0.812225011916099,0.853600012586286,0.870916807100661,0.879789639933719,0.886130599092839,0.8965677382079,0.911692618297988,0.923171770344866,0.933946619588918,0.941669403500009,0.952481932892637,0.959686706971254,0.967316659596392,0.973800996099626,0.98064607103459,0.987314819726638,0.993721190820613,1,0.992768143022175,0.985933725489979,0.97655118951591,0.961958578010697,0.940435060269087,0.912996890354227,0.844086124531341,0.685397444914645,0.523530370303322,0.393843420613998,0.298195095053269
0.442050779017629,0.640771443424355,0.74913861218391,0.803545648135209,0.844687614413563,0.863368975517589,0.871776589153533,0.878400909535791,0.887989031523838,0.90356054180171,0.916055963464855,0.926782604895753,0.934868624792993,0.944715641640443,0.951325530983951,0.958476627149792,0.965182712655234,0.971424000391004,0.977774421725213,0.984028453084369,0.992768143022175,1,0.994070443187058,0.984994437246993,0.971665484338607,0.950797296600555,0.923558715460448,0.856620474501713,0.703127057648832,0.54223366946275,0.404999830224938,0.307119656014451
0.438642981178863,0.632679307503315,0.741729905179612,0.795309277591423,0.837453377706533,0.856257952673173,0.864349758836603,0.871664165982581,0.881274493104242,0.897193128345785,0.910430933191343,0.921266338479014,0.929003710114882,0.93881635040443,0.944768773188923,0.951845945940876,0.958444620711387,0.964520953026569,0.970842445085307,0.976655377937961,0.985933725489979,0.994070443187058,1,0.992219088847894,0.979240683585946,0.958269938523323,0.930028208213662,0.861547573346126,0.702984022998828,0.543362639420938,0.409072652871053,0.311756620445566
0.426611238083853,0.619492900435882,0.724096207245508,0.779813837873281,0.821972607795725,0.839827960742254,0.847959399821246,0.85632633771521,0.866429848937821,0.88170598543715,0.895459030385474,0.905733536741793,0.913819315071964,0.924075991020004,0.93038089542129,0.938224274533655,0.945039402720504,0.951906169176746,0.959011214053231,0.965778799711134,0.97655118951591,0.984994437246993,0.992219088847894,1,0.989848346623814,0.971938229638834,0.945150812859974,0.881164147432119,0.724617009658985,0.565747342082205,0.433264043496778,0.327163775887776
0.411162131683261,0.603610407121075,0.706768692197391,0.762070278368281,0.804067867252101,0.821153434236874,0.82877930526948,0.8374169758605,0.847218586346946,0.862773102485178,0.877674315143569,0.888461327659686,0.896408830148856,0.907459506318938,0.913959648919771,0.922508968349925,0.929208808700046,0.935668655380792,0.943012960042873,0.949964791144645,0.961958578010697,0.971665484338607,0.979240683585946,0.989848346623814,1,0.984936642418979,0.959566212073258,0.897741735755795,0.74169090157906,0.578842587235899,0.441980652729288,0.338996950709939
0.391556070846952,0.582987639651595,0.678604356878341,0.731373348535852,0.772600784933642,0.788980533090082,0.797839335755654,0.807774113062124,0.817322825596535,0.832869845943018,0.850235711339016,0.862113099462391,0.871992308229382,0.882880186993267,0.889413203178873,0.898631238741757,0.90473861030334,0.911254771014949,0.918990661572345,0.927313532307993,0.940435060269087,0.950797296600555,0.958269938523323,0.971938229638834,0.984936642418979,1,0.983183974297114,0.932311716200767,0.780721650081761,0.614278256815549,0.468162371788006,0.355857973452396
0.358807623140807,0.546624542185463,0.636398729422479,0.691082389165023,0.734166162752119,0.749925848206253,0.758177654843695,0.768177749181657,0.778629354545389,0.795024383486886,0.813126244292681,0.826156638942293,0.838012714451212,0.849312519997983,0.856750499160837,0.866993158593126,0.873582891838946,0.882048961532259,0.891347208808317,0.899267702617978,0.912996890354227,0.923558715460448,0.930028208213662,0.945150812859974,0.959566212073258,0.983183974297114,1,0.960452236794593,0.814131692232699,0.646672949292154,0.487979840172761,0.363304940831011
0.30552649569042,0.47161553854107,0.554132586777796,0.608263182892029,0.647802036859916,0.661392599256365,0.671385228001709,0.679113685484678,0.690959098040119,0.709398048827581,0.732069080089453,0.74788002505076,0.762366050652071,0.774708369420605,0.781617585793473,0.792423937166158,0.801153966371001,0.81017199316974,0.819036575516435,0.828801415781268,0.844086124531341,0.856620474501713,0.861547573346126,0.881164147432119,0.897741735755795,0.932311716200767,0.960452236794593,1,0.906519480401893,0.732899142032699,0.559952097696634,0.397200428978559
0.216887712949232,0.34796424214502,0.404595755580119,0.455763566475294,0.479949614695451,0.491906032481349,0.49932330474649,0.50287181620887,0.513930835991067,0.534521137446378,0.556728271824436,0.570432217220864,0.5875770076674,0.600508116886716,0.608032080210066,0.619341565796211,0.633085448941503,0.644744596589735,0.655750206628495,0.669253874728239,0.685397444914645,0.703127057648832,0.702984022998828,0.724617009658985,0.74169090157906,0.780721650081761,0.814131692232699,0.906519480401893,1,0.84277910930706,0.635149873168219,0.441406726092089
0.111905640152091,0.223281457116942,0.259517817245115,0.305523879312383,0.331011579300213,0.345408657701855,0.354081097621841,0.35492814555822,0.36552850555949,0.38193294567107,0.400436681773797,0.411362150517546,0.429111983817631,0.445360520245556,0.449291644195497,0.461637143069982,0.47664132510103,0.488618067281517,0.497835636090091,0.509952237796696,0.523530370303322,0.54223366946275,0.543362639420938,0.565747342082205,0.578842587235899,0.614278256815549,0.646672949292154,0.732899142032699,0.84277910930706,1,0.787476565922342,0.544407513688263
0.0617862836161934,0.139428905257407,0.160012962111969,0.19837955734349,0.220807528703357,0.231405825230025,0.238597198876698,0.247951147058342,0.257106075381659,0.268661988810806,0.278396952888315,0.285961354700324,0.302281717421558,0.318290785693623,0.325233904283545,0.341398707133044,0.35288579474412,0.36660370323822,0.369278348747044,0.383741515571558,0.393843420613998,0.404999830224938,0.409072652871053,0.433264043496778,0.441980652729288,0.468162371788006,0.487979840172761,0.559952097696634,0.635149873168219,0.787476565922342,1,0.663719445552635
-0.0169128541045777,0.077916019224992,0.103412153973885,0.1247859257902,0.134418204792659,0.145665779203976,0.164529512945539,0.168247301428444,0.174621419396968,0.184029852482962,0.195244657483583,0.199536232242012,0.212224561846441,0.224561780267203,0.230170861783468,0.247750153450321,0.262901930713621,0.273275389402456,0.274368336148904,0.287635951532826,0.298195095053269,0.307119656014451,0.311756620445566,0.327163775887776,0.338996950709939,0.355857973452396,0.363304940831011,0.397200428978559,0.441406726092089,0.544407513688263,0.663719445552635,1
