1,0.669753079780955,0.619656848078375,0.56385192034535,0.556456728185374,0.539654202555177,0.523327827262874,0.512195362477777,0.503371135880749,0.497553403518431,0.489500813472627,0.492988875947566,0.481802150189531,0.483967398364554,0.470065979908939,0.457804303715384,0.448307395684756,0.446050987662406,0.448145449829737,0.439493450805727,0.436800086812867,0.428324431206882,0.428332004438771,0.421413249366247,0.418707592833898,0.419757567946658,0.408677121258138,0.403247294030872,0.401047762820464,0.386889052113896,0.229283078255872,0.123558918308181
0.669753079780955,1,0.898346386641981,0.844596329210774,0.816879482505967,0.796181598020009,0.787230363859909,0.7696673209685,0.764372179919926,0.756343104147408,0.748551840158789,0.746367739234372,0.73985032510833,0.738012859033373,0.723592016102331,0.709963624933838,0.700048996661476,0.693048922446625,0.693940801722503,0.684998295219048,0.684749990742934,0.685518197586482,0.679588724845678,0.67089727589631,0.668803677920382,0.664024185437745,0.644082038423956,0.630674569565277,0.603167637670813,0.560934762658425,0.339563709564255,0.115303401424258
0.619656848078375,0.898346386641981,1,0.947940926496985,0.91480773645234,0.890412157176051,0.875185050963121,0.853711918098741,0.845440017027519,0.839137245136037,0.832033584188209,0.828794526369942,0.821888902813074,0.816445682547345,0.80198161186946,0.794121924832168,0.784990035762295,0.775454350743141,0.774101158625864,0.764260418038741,0.760357964164959,0.761626677339816,0.7516219884486,0.740818767290073,0.73407929546296,0.722343138934891,0.701206071945595,0.682228474971581,0.658014495838143,0.608030808411827,0.364212818749043,0.13280352921497
0.56385192034535,0.844596329210774,0.947940926496985,1,0.965680590045913,0.9400200123769,0.922094415850256,0.903021417499564,0.891906949624806,0.885874249557108,0.878736553461729,0.873779037966077,0.866706835044269,0.860909157092405,0.846928695044602,0.839802833622151,0.830586947255397,0.82342596522746,0.820709933095566,0.811406821676836,0.803731754182282,0.803118414536827,0.794129733108,0.783637489493227,0.774747577875378,0.759230324019486,0.736693863646524,0.715520117874828,0.684089414472943,0.631252614181647,0.393002643269246,0.135425105540141
0.556456728185374,0.816879482505967,0.91480773645234,0.965680590045913,1,0.970510994407761,0.949341567521642,0.931230626080191,0.91659703917988,0.90490316915023,0.895255398840582,0.890041694286914,0.880616606495873,0.873190829766279,0.858991099888957,0.854210690719587,0.844501184066007,0.835568415108567,0.83430908325825,0.824710416674673,0.815413034434702,0.812799858589987,0.804243382139272,0.796073826691386,0.788797060372684,0.777838515729302,0.757995166902495,0.735503199373768,0.709635576245434,0.655692011601342,0.413036423705524,0.155298510161872
0.539654202555177,0.796181598020009,0.890412157176051,0.9400200123769,0.970510994407761,1,0.981567981327307,0.962898753388311,0.947159107558377,0.932574117097593,0.921400120961751,0.913389763635371,0.900489752933279,0.894024845233757,0.880988302473494,0.875451440606907,0.867552196179878,0.861087473759894,0.859525859822408,0.849475743054964,0.840536762101799,0.835444055482847,0.826193248081257,0.815381073306826,0.808605250183671,0.797236359647775,0.776884176470596,0.758974464172096,0.727919341521944,0.674324402428352,0.427003517433251,0.176347398999487
0.523327827262874,0.787230363859909,0.875185050963121,0.922094415850256,0.949341567521642,0.981567981327307,1,0.98386666265458,0.967057640063991,0.950872135817008,0.937527570859811,0.926488340337904,0.911156563582723,0.904098773608943,0.889908681233938,0.884127097120103,0.87532421148537,0.869023391170835,0.8667985697462,0.857836487926172,0.849682643784156,0.845911104690186,0.835566995534744,0.823916645499698,0.818044241369731,0.807630023429594,0.7890806285986,0.768328242898667,0.736317055611921,0.679521605639879,0.432497912265592,0.173410266869813
0.512195362477777,0.7696673209685,0.853711918098741,0.903021417499564,0.931230626080191,0.962898753388311,0.98386666265458,1,0.983499684411035,0.967717026201679,0.951620181695717,0.94017966221747,0.924770133036971,0.914944608971213,0.900170605201339,0.893221260003118,0.884836532299226,0.878940519910165,0.877953123796312,0.868829256670015,0.861596185569168,0.85635198668549,0.845677562298526,0.831961727092017,0.823782316748078,0.813607930716341,0.797059467740812,0.77700170136806,0.743937565962024,0.683555536446065,0.420202783437661,0.169070141756831
0.503371135880749,0.764372179919926,0.845440017027519,0.891906949624806,0.91659703917988,0.947159107558377,0.967057640063991,0.983499684411035,1,0.98713746337727,0.971530306689021,0.95656657415136,0.939019931801825,0.926393129961788,0.911175815037476,0.904198001564713,0.893946995122993,0.888506752904912,0.888110736473979,0.879123216047636,0.87028179079163,0.866057693420397,0.855018521917988,0.842689931667292,0.835330363490741,0.826434167717783,0.809656983497207,0.788361431495025,0.755261424712895,0.696098362428061,0.417801481758368,0.158265902998019
0.497553403518431,0.756343104147408,0.839137245136037,0.885874249557108,0.90490316915023,0.932574117097593,0.950872135817008,0.967717026201679,0.98713746337727,1,0.987179330439323,0.971187367416313,0.953402348948538,0.939852090753442,0.923362778379039,0.914602767524539,0.904182989694495,0.898668748055967,0.89784167736572,0.887862859649023,0.878371410648406,0.872862671318484,0.862120070077971,0.849837163668231,0.840658095196493,0.832477857712216,0.813825495464194,0.792543233600998,0.75988465627868,0.698479965117089,0.41953015813543,0.146555568306012
0.489500813472627,0.748551840158789,0.832033584188209,0.878736553461729,0.895255398840582,0.921400120961751,0.937527570859811,0.951620181695717,0.971530306689021,0.987179330439323,1,0.988329319697653,0.971861250647456,0.95943832572085,0.942803279013263,0.933362399919899,0.922222113947914,0.915890669891489,0.913180324188764,0.903574619168305,0.893861264719361,0.887959463518222,0.876852484451563,0.863419915443623,0.854714435231091,0.845938942276448,0.828804528187174,0.804394952922459,0.768928078657689,0.709850616659323,0.43172373030053,0.147881422950241
0.492988875947566,0.746367739234372,0.828794526369942,0.873779037966077,0.890041694286914,0.913389763635371,0.926488340337904,0.94017966221747,0.95656657415136,0.971187367416313,0.988329319697653,1,0.987935848211071,0.975195814556577,0.958777619878826,0.947928616093775,0.936558428951029,0.929279262938698,0.924867571413717,0.914528240516804,0.906536330062887,0.899576346715998,0.889897575093749,0.877123879627356,0.867657898046381,0.857133666693834,0.84036232188703,0.812539672767257,0.777650688018167,0.718296776471215,0.435083727256079,0.152313447301549
0.481802150189531,0.73985032510833,0.821888902813074,0.866706835044269,0.880616606495873,0.900489752933279,0.911156563582723,0.924770133036971,0.939019931801825,0.953402348948538,0.971861250647456,0.987935848211071,1,0.988785980170653,0.972483440723787,0.960061644260631,0.947194934818841,0.939541468352912,0.934495791634982,0.924446589793806,0.91657887126812,0.908893587033479,0.899698105637514,0.888679883846872,0.87777259248202,0.865725923910843,0.849009479290255,0.820626176883213,0.786544151169531,0.724512267944319,0.426308254490423,0.157283956852564
0.483967398364554,0.738012859033373,0.816445682547345,0.860909157092405,0.873190829766279,0.894024845233757,0.904098773608943,0.914944608971213,0.926393129961788,0.939852090753442,0.95943832572085,0.975195814556577,0.988785980170653,1,0.988232261895015,0.975364232578433,0.961785639948768,0.953106052996378,0.946925865535358,0.936472914359755,0.927378310111851,0.919442579707341,0.907760169673885,0.895452077753366,0.884658778562701,0.87031087101722,0.853182581773581,0.824024466123308,0.789319141579724,0.729623271646758,0.432122743429027,0.167370237503503
0.470065979908939,0.723592016102331,0.80198161186946,0.846928695044602,0.858991099888957,0.880988302473494,0.889908681233938,0.900170605201339,0.911175815037476,0.923362778379039,0.942803279013263,0.958777619878826,0.972483440723787,0.988232261895015,1,0.989724477799715,0.977976789442967,0.968019160847147,0.960594407453099,0.950808923091408,0.941813830847174,0.934016804368144,0.921860854525163,0.908907355827224,0.897900603680377,0.883185173448663,0.866579764681796,0.838085274810457,0.803916345864297,0.744105307598148,0.4481049541274,0.16935942660383
0.457804303715384,0.709963624933838,0.794121924832168,0.839802833622151,0.854210690719587,0.875451440606907,0.884127097120103,0.893221260003118,0.904198001564713,0.914602767524539,0.933362399919899,0.947928616093775,0.960061644260631,0.975364232578433,0.989724477799715,1,0.991374534829409,0.982227156652416,0.97357139091249,0.963215605495354,0.952777985308023,0.944451607767279,0.93252101355291,0.920811330171009,0.910088440604314,0.895364255315292,0.879093508066582,0.848968356520517,0.816125247605535,0.754202696582171,0.455812042025499,0.170385683913551
0.448307395684756,0.700048996661476,0.784990035762295,0.830586947255397,0.844501184066007,0.867552196179878,0.87532421148537,0.884836532299226,0.893946995122993,0.904182989694495,0.922222113947914,0.936558428951029,0.947194934818841,0.961785639948768,0.977976789442967,0.991374534829409,1,0.991720979151039,0.983175724408875,0.9732822167317,0.963306755539391,0.954419398292433,0.943157994089431,0.929878759571216,0.91843202297884,0.902881744478813,0.886213955373111,0.855454610576737,0.819966282323478,0.756922634924004,0.458899320939048,0.174338043738745
0.446050987662406,0.693048922446625,0.775454350743141,0.82342596522746,0.835568415108567,0.861087473759894,0.869023391170835,0.878940519910165,0.888506752904912,0.898668748055967,0.915890669891489,0.929279262938698,0.939541468352912,0.953106052996378,0.968019160847147,0.982227156652416,0.991720979151039,1,0.992731488121965,0.981985131605967,0.972322487596819,0.962118861901084,0.951085932845057,0.939336183947667,0.926178351482549,0.91031598149453,0.892521781442192,0.861866703102181,0.82649454840782,0.762748915490844,0.469334107300024,0.173141865647723
0.448145449829737,0.693940801722503,0.774101158625864,0.820709933095566,0.83430908325825,0.859525859822408,0.8667985697462,0.877953123796312,0.888110736473979,0.89784167736572,0.913180324188764,0.924867571413717,0.934495791634982,0.946925865535358,0.960594407453099,0.97357139091249,0.983175724408875,0.992731488121965,1,0.990743195332172,0.981604513885496,0.970397947705626,0.959231620052036,0.947756849827783,0.934165169259708,0.91920247889661,0.899751642775991,0.869739933270053,0.836648421526643,0.776800240855353,0.478673698451661,0.176015873833595
0.439493450805727,0.684998295219048,0.764260418038741,0.811406821676836,0.824710416674673,0.849475743054964,0.857836487926172,0.868829256670015,0.879123216047636,0.887862859649023,0.903574619168305,0.914528240516804,0.924446589793806,0.936472914359755,0.950808923091408,0.963215605495354,0.9732822167317,0.981985131605967,0.990743195332172,1,0.989846777601774,0.978579398978138,0.96781820679873,0.957038363910603,0.94455790928388,0.928569868255442,0.908072953453045,0.878244922970307,0.844589763831057,0.78639438157392,0.484039963294388,0.190908444290591
0.436800086812867,0.684749990742934,0.760357964164959,0.803731754182282,0.815413034434702,0.840536762101799,0.849682643784156,0.861596185569168,0.87028179079163,0.878371410648406,0.893861264719361,0.906536330062887,0.91657887126812,0.927378310111851,0.941813830847174,0.952777985308023,0.963306755539391,0.972322487596819,0.981604513885496,0.989846777601774,1,0.989308062827854,0.977125044608557,0.965750042744898,0.95176331324758,0.934642038392889,0.915721210553858,0.885879556018792,0.849078810165151,0.790767348456284,0.484611158619782,0.193747281855972
0.428324431206882,0.685518197586482,0.761626677339816,0.803118414536827,0.812799858589987,0.835444055482847,0.845911104690186,0.85635198668549,0.866057693420397,0.872862671318484,0.887959463518222,0.899576346715998,0.908893587033479,0.919442579707341,0.934016804368144,0.944451607767279,0.954419398292433,0.962118861901084,0.970397947705626,0.978579398978138,0.989308062827854,1,0.989109963849479,0.975472946283894,0.96354901575953,0.947018552672286,0.927856943471422,0.897712895929596,0.857755280843099,0.801218684765329,0.495022257639728,0.197319252257096
0.428332004438771,0.679588724845678,0.7516219884486,0.794129733108,0.804243382139272,0.826193248081257,0.835566995534744,0.845677562298526,0.855018521917988,0.862120070077971,0.876852484451563,0.889897575093749,0.899698105637514,0.907760169673885,0.921860854525163,0.93252101355291,0.943157994089431,0.951085932845057,0.959231620052036,0.96781820679873,0.977125044608557,0.989109963849479,1,0.987979924906279,0.97514101713758,0.955736287166202,0.936656114794076,0.908002476543803,0.865802315419622,0.80842897355372,0.497136683275228,0.191470313234393
0.421413249366247,0.67089727589631,0.740818767290073,0.783637489493227,0.796073826691386,0.815381073306826,0.823916645499698,0.831961727092017,0.842689931667292,0.849837163668231,0.863419915443623,0.877123879627356,0.888679883846872,0.895452077753366,0.908907355827224,0.920811330171009,0.929878759571216,0.939336183947667,0.947756849827783,0.957038363910603,0.965750042744898,0.975472946283894,0.987979924906279,1,0.985465820741046,0.965679264282348,0.945932009277304,0.917722065432744,0.873008360493404,0.818300076183779,0.504872705784609,0.197577202623756
0.418707592833898,0.668803677920382,0.73407929546296,0.774747577875378,0.788797060372684,0.808605250183671,0.818044241369731,0.823782316748078,0.835330363490741,0.840658095196493,0.854714435231091,0.867657898046381,0.87777259248202,0.884658778562701,0.897900603680377,0.910088440604314,0.91843202297884,0.926178351482549,0.934165169259708,0.94455790928388,0.95176331324758,0.96354901575953,0.97514101713758,0.985465820741046,1,0.983052555424495,0.962679768182877,0.933531910541361,0.889244776202512,0.832957009764621,0.527891443263563,0.202963625110243
0.419757567946658,0.664024185437745,0.722343138934891,0.759230324019486,0.777838515729302,0.797236359647775,0.807630023429594,0.813607930716341,0.826434167717783,0.832477857712216,0.845938942276448,0.857133666693834,0.865725923910843,0.87031087101722,0.883185173448663,0.895364255315292,0.902881744478813,0.91031598149453,0.91920247889661,0.928569868255442,0.934642038392889,0.947018552672286,0.955736287166202,0.965679264282348,0.983052555424495,1,0.9797678312652,0.951511498014275,0.907696675839744,0.849316633506933,0.537197526209018,0.207111452313768
0.408677121258138,0.644082038423956,0.701206071945595,0.736693863646524,0.757995166902495,0.776884176470596,0.7890806285986,0.797059467740812,0.809656983497207,0.813825495464194,0.828804528187174,0.84036232188703,0.849009479290255,0.853182581773581,0.866579764681796,0.879093508066582,0.886213955373111,0.892521781442192,0.899751642775991,0.908072953453045,0.915721210553858,0.927856943471422,0.936656114794076,0.945932009277304,0.962679768182877,0.9797678312652,1,0.970546980403134,0.929622155473573,0.866545192230611,0.549448784393647,0.226973111668923
0.403247294030872,0.630674569565277,0.682228474971581,0.715520117874828,0.735503199373768,0.758974464172096,0.768328242898667,0.77700170136806,0.788361431495025,0.792543233600998,0.804394952922459,0.812539672767257,0.820626176883213,0.824024466123308,0.838085274810457,0.848968356520517,0.855454610576737,0.861866703102181,0.869739933270053,0.878244922970307,0.885879556018792,0.897712895929596,0.908002476543803,0.917722065432744,0.933531910541361,0.951511498014275,0.970546980403134,1,0.956065151196832,0.890482807563809,0.569558665303518,0.255998466154271
0.401047762820464,0.603167637670813,0.658014495838143,0.684089414472943,0.709635576245434,0.727919341521944,0.736317055611921,0.743937565962024,0.755261424712895,0.75988465627868,0.768928078657689,0.777650688018167,0.786544151169531,0.789319141579724,0.803916345864297,0.816125247605535,0.819966282323478,0.82649454840782,0.836648421526643,0.844589763831057,0.849078810165151,0.857755280843099,0.865802315419622,0.873008360493404,0.889244776202512,0.907696675839744,0.929622155473573,0.956065151196832,1,0.935608438751895,0.622584734440725,0.275063744242065
0.386889052113896,0.560934762658425,0.608030808411827,0.631252614181647,0.655692011601342,0.674324402428352,0.679521605639879,0.683555536446065,0.696098362428061,0.698479965117089,0.709850616659323,0.718296776471215,0.724512267944319,0.729623271646758,0.744105307598148,0.754202696582171,0.756922634924004,0.762748915490844,0.776800240855353,0.78639438157392,0.790767348456284,0.801218684765329,0.80842897355372,0.818300076183779,0.832957009764621,0.849316633506933,0.866545192230611,0.890482807563809,0.935608438751895,1,0.715186322499609,0.348011851025769
0.229283078255872,0.339563709564255,0.364212818749043,0.393002643269246,0.413036423705524,0.427003517433251,0.432497912265592,0.420202783437661,0.417801481758368,0.41953015813543,0.43172373030053,0.435083727256079,0.426308254490423,0.432122743429027,0.4481049541274,0.455812042025499,0.458899320939048,0.469334107300024,0.478673698451661,0.484039963294388,0.484611158619782,0.495022257639728,0.497136683275228,0.504872705784609,0.527891443263563,0.537197526209018,0.549448784393647,0.569558665303518,0.622584734440725,0.715186322499609,1,0.42361576925632
0.123558918308181,0.115303401424258,0.13280352921497,0.135425105540141,0.155298510161872,0.176347398999487,0.173410266869813,0.169070141756831,0.158265902998019,0.146555568306012,0.147881422950241,0.152313447301549,0.157283956852564,0.167370237503503,0.16935942660383,0.170385683913551,0.174338043738745,0.173141865647723,0.176015873833595,0.190908444290591,0.193747281855972,0.197319252257096,0.191470313234393,0.197577202623756,0.202963625110243,0.207111452313768,0.226973111668923,0.255998466154271,0.275063744242065,0.348011851025769,0.42361576925632,1
