1,0.800257473699078,0.71288788483643,0.675924543823444,0.631814042588741,0.604969126773236,0.577328248960526,0.574030051557967,0.567297001330721,0.557614885826556,0.538984838770654,0.529357710820793,0.519199538313249,0.494886430135979,0.490566790146168,0.477491744137319,0.468752080374871,0.455991508108876,0.446509989232539,0.431481850504247,0.418181293713568,0.401337137590705,0.388912650337348,0.36904822507692,0.355079677445597,0.345555708872744,0.332506699302958,0.310467980845984,0.269298588031626,0.197149098571834,0.0412399016521965,0.0690294763191054
0.800257473699078,1,0.925478629591154,0.877888640636455,0.834950318907714,0.805134906286335,0.777310763173342,0.764149698254131,0.748947836989248,0.738881227822166,0.723532235672353,0.713941119790861,0.701455948145414,0.678141069982662,0.663328110641437,0.649206614471434,0.631529991314608,0.614633948978325,0.599266415667153,0.580211412662285,0.571240165029664,0.552160379225327,0.54026976580376,0.512793227741282,0.500222466762395,0.487160965452925,0.467799825998845,0.432832004407851,0.392952078445395,0.281736969390965,0.072471835277995,0.0797766689910896
0.71288788483643,0.925478629591154,1,0.960579047672779,0.918872170971615,0.886090434738099,0.859666367753334,0.844718469248623,0.827900118121269,0.81930498578828,0.808321693905003,0.798987990258622,0.787293484726585,0.763804792234356,0.747673170312211,0.735982222489431,0.719920208542222,0.702919571305799,0.688390363422935,0.670157453351367,0.661004701229474,0.646746957186756,0.636268401961398,0.612362485916346,0.600281520066236,0.585496757422138,0.567269650920208,0.533877582123808,0.491176448680503,0.362253434499199,0.106621277514688,0.0980306264983173
0.675924543823444,0.877888640636455,0.960579047672779,1,0.968114218523558,0.935795853863265,0.908118682002115,0.890656544823022,0.87332531365721,0.863463277155884,0.852606398100641,0.843302855783248,0.829439283083463,0.805868541325371,0.788792317994876,0.779123020385654,0.762303616876621,0.746950375628484,0.73279126375211,0.715775278596887,0.705389148381855,0.691845797586481,0.678011827648724,0.653827228750323,0.644295089612466,0.628890531312817,0.607985911938168,0.576169345404455,0.528729462792569,0.396502371038173,0.127782280514053,0.118027960312611
0.631814042588741,0.834950318907714,0.918872170971615,0.968114218523558,1,0.971510345548859,0.942455146519368,0.92429435777754,0.908693146746393,0.898405738156422,0.885465193371686,0.874828555948648,0.861574470151898,0.836917076780684,0.819541030314614,0.81029288203857,0.795152524371116,0.778301449896149,0.765116390670764,0.7502904717096,0.740386961702622,0.727587469626739,0.714318283899156,0.690410134439035,0.683322485749493,0.666986961673475,0.649396928957957,0.619770312375802,0.572758050413341,0.43814596139054,0.148738467280039,0.107595913595957
0.604969126773236,0.805134906286335,0.886090434738099,0.935795853863265,0.971510345548859,1,0.973433318244168,0.956724689049711,0.941457439059939,0.931732464658462,0.918604942737667,0.908839043472837,0.894526500306499,0.871552160269872,0.855386616708275,0.843897859592996,0.829137265947777,0.814862583825408,0.800314807653338,0.784861722470145,0.776596605246903,0.763688864454331,0.749282380751149,0.727529770959811,0.717658831322171,0.699600568515037,0.680903753193334,0.65092081009476,0.603183643064659,0.46552671168003,0.153619388605965,0.10096176682936
0.577328248960526,0.777310763173342,0.859666367753334,0.908118682002115,0.942455146519368,0.973433318244168,1,0.984404742386201,0.966259744781879,0.953526372695017,0.939675839787136,0.930464930027871,0.916447257891045,0.895294900676796,0.879515755714895,0.869920334868888,0.857608092135737,0.846120920189974,0.832774536311976,0.817973439874601,0.810372766284432,0.800521332274751,0.785472246843553,0.767101454994002,0.758300440715656,0.740945032814843,0.719027542070098,0.685571583440255,0.640563723590734,0.501968336310053,0.172989862744273,0.119432028839037
0.574030051557967,0.764149698254131,0.844718469248623,0.890656544823022,0.92429435777754,0.956724689049711,0.984404742386201,1,0.985599457187553,0.971933661463448,0.957869567940768,0.947752380726656,0.933476806164466,0.913076245881792,0.898663971264321,0.888078386926138,0.876794998351214,0.865752167882033,0.854331062245135,0.840637768630458,0.832404938480643,0.821854018264158,0.808510847318937,0.79194540254365,0.782620402161387,0.767565035376694,0.746570170674109,0.712742395234955,0.667867106358052,0.521053849216471,0.176303965961723,0.117312947190421
0.567297001330721,0.748947836989248,0.827900118121269,0.87332531365721,0.908693146746393,0.941457439059939,0.966259744781879,0.985599457187553,1,0.9881796028126,0.9744723691363,0.963915101819996,0.94870644650359,0.928782140335527,0.912813905889292,0.900923362714685,0.88786259969373,0.876245737058866,0.863673812068748,0.8488774318338,0.840824064346731,0.829968957875896,0.815486273696451,0.79869798228841,0.788312756112252,0.775809276438161,0.754506117459229,0.722178882260442,0.673196814369093,0.531145317640123,0.185147133765103,0.122034142334106
0.557614885826556,0.738881227822166,0.81930498578828,0.863463277155884,0.898405738156422,0.931732464658462,0.953526372695017,0.971933661463448,0.9881796028126,1,0.989005383884691,0.976615697142099,0.961642942543934,0.942451494502663,0.925750303170989,0.913301982955775,0.901042143593129,0.889306190828845,0.87728755150462,0.863544361493668,0.854179025879779,0.841460892889831,0.827750124630943,0.811202941334994,0.802027996277904,0.789626275484847,0.767818310897031,0.735257886356602,0.689947676873987,0.545841631016935,0.198606313805116,0.127409376654149
0.538984838770654,0.723532235672353,0.808321693905003,0.852606398100641,0.885465193371686,0.918604942737667,0.939675839787136,0.957869567940768,0.9744723691363,0.989005383884691,1,0.991279441376753,0.975947014774153,0.957215280063406,0.939932597203053,0.926369328984386,0.915529736187518,0.90656028218658,0.893732257665073,0.877980507547225,0.867586481262563,0.854292137726433,0.840135060218502,0.822594553925538,0.811716412407022,0.798795133923006,0.775188625414638,0.74127919929632,0.69811546180598,0.550882803628878,0.198798944103764,0.129230450467338
0.529357710820793,0.713941119790861,0.798987990258622,0.843302855783248,0.874828555948648,0.908839043472837,0.930464930027871,0.947752380726656,0.963915101819996,0.976615697142099,0.991279441376753,1,0.989549623394603,0.97264217301184,0.955487339728782,0.94150984890047,0.929766421960994,0.919916898444899,0.905390887074773,0.888745482518713,0.878798693652317,0.865711608331209,0.85108607191917,0.833074252161363,0.822837307950041,0.809676387770408,0.78630266092848,0.752321284872029,0.708310463735951,0.558635138366092,0.204005995243756,0.137144089338755
0.519199538313249,0.701455948145414,0.787293484726585,0.829439283083463,0.861574470151898,0.894526500306499,0.916447257891045,0.933476806164466,0.94870644650359,0.961642942543934,0.975947014774153,0.989549623394603,1,0.988954142480785,0.974082775269276,0.96000402498005,0.946537144005278,0.935319461517927,0.920337030174141,0.903968534702461,0.893280101430958,0.87939005328313,0.864915107929081,0.847931259869871,0.837840301132999,0.824233058198747,0.802716450845208,0.770392183347263,0.725817600482557,0.571177978952475,0.205639632064172,0.139074926594572
0.494886430135979,0.678141069982662,0.763804792234356,0.805868541325371,0.836917076780684,0.871552160269872,0.895294900676796,0.913076245881792,0.928782140335527,0.942451494502663,0.957215280063406,0.97264217301184,0.988954142480785,1,0.989222970377897,0.976298579996354,0.961529618729677,0.949962807755551,0.93423670295604,0.918014122051869,0.907986151753895,0.893857002115818,0.879103912656284,0.861676805806858,0.850883199928861,0.838352685674056,0.818556665828401,0.786686503842922,0.742449246530726,0.585065411241254,0.20685104857017,0.134660726769298
0.490566790146168,0.663328110641437,0.747673170312211,0.788792317994876,0.819541030314614,0.855386616708275,0.879515755714895,0.898663971264321,0.912813905889292,0.925750303170989,0.939932597203053,0.955487339728782,0.974082775269276,0.989222970377897,1,0.989648735869874,0.975609624701615,0.963193203527336,0.947348362260971,0.930671818144324,0.920955835657698,0.907433257493811,0.892186077274314,0.874090562729763,0.86345452033605,0.849822440027796,0.833986246346725,0.801213497021447,0.759411112546828,0.59727457228565,0.211815767517301,0.136221452701064
0.477491744137319,0.649206614471434,0.735982222489431,0.779123020385654,0.81029288203857,0.843897859592996,0.869920334868888,0.888078386926138,0.900923362714685,0.913301982955775,0.926369328984386,0.94150984890047,0.96000402498005,0.976298579996354,0.989648735869874,1,0.987594162313991,0.975977902242447,0.961020599772959,0.943955747552835,0.933343853300243,0.919862848341234,0.906362305768997,0.888197661280647,0.87713889044882,0.862723975890773,0.848754423490796,0.816370202698799,0.775695326220873,0.616090561237954,0.22524547121285,0.145323676542213
0.468752080374871,0.631529991314608,0.719920208542222,0.762303616876621,0.795152524371116,0.829137265947777,0.857608092135737,0.876794998351214,0.88786259969373,0.901042143593129,0.915529736187518,0.929766421960994,0.946537144005278,0.961529618729677,0.975609624701615,0.987594162313991,1,0.989192742973323,0.974559778780659,0.95764835016657,0.94513905744113,0.931973050052662,0.919400257392407,0.902414238266904,0.889178308075367,0.875192633000798,0.860589096774012,0.830878788740137,0.788221186278889,0.627698559381962,0.228446046198103,0.151208377130888
0.455991508108876,0.614633948978325,0.702919571305799,0.746950375628484,0.778301449896149,0.814862583825408,0.846120920189974,0.865752167882033,0.876245737058866,0.889306190828845,0.90656028218658,0.919916898444899,0.935319461517927,0.949962807755551,0.963193203527336,0.975977902242447,0.989192742973323,1,0.988902373160213,0.972870349330507,0.959596773097799,0.9446886648967,0.931056137018441,0.912925249838873,0.899356234713269,0.885232161560382,0.868761003943599,0.840008799177001,0.796024170749011,0.641604402484059,0.244513493699973,0.158238211938891
0.446509989232539,0.599266415667153,0.688390363422935,0.73279126375211,0.765116390670764,0.800314807653338,0.832774536311976,0.854331062245135,0.863673812068748,0.87728755150462,0.893732257665073,0.905390887074773,0.920337030174141,0.93423670295604,0.947348362260971,0.961020599772959,0.974559778780659,0.988902373160213,1,0.989126103530469,0.976769738659791,0.96228634367041,0.949582956470686,0.932381983028532,0.91976278465806,0.905235806949146,0.888444259317935,0.860003218173079,0.819493704439685,0.664531039519711,0.257837292581574,0.167377779505494
0.431481850504247,0.580211412662285,0.670157453351367,0.715775278596887,0.7502904717096,0.784861722470145,0.817973439874601,0.840637768630458,0.8488774318338,0.863544361493668,0.877980507547225,0.888745482518713,0.903968534702461,0.918014122051869,0.930671818144324,0.943955747552835,0.95764835016657,0.972870349330507,0.989126103530469,1,0.989912994015477,0.974943532945218,0.962766415767165,0.946887432202963,0.934105815431908,0.918075793007853,0.901555015811925,0.87552248785549,0.838155782573529,0.679864789054801,0.26766783802808,0.173260215234434
0.418181293713568,0.571240165029664,0.661004701229474,0.705389148381855,0.740386961702622,0.776596605246903,0.810372766284432,0.832404938480643,0.840824064346731,0.854179025879779,0.867586481262563,0.878798693652317,0.893280101430958,0.907986151753895,0.920955835657698,0.933343853300243,0.94513905744113,0.959596773097799,0.976769738659791,0.989912994015477,1,0.989762806314784,0.977629496305072,0.96308648745985,0.949253608050851,0.932959514481024,0.914941336811017,0.888355416678348,0.850431983032704,0.687506630091613,0.265391556502493,0.184430667230351
0.401337137590705,0.552160379225327,0.646746957186756,0.691845797586481,0.727587469626739,0.763688864454331,0.800521332274751,0.821854018264158,0.829968957875896,0.841460892889831,0.854292137726433,0.865711608331209,0.87939005328313,0.893857002115818,0.907433257493811,0.919862848341234,0.931973050052662,0.9446886648967,0.96228634367041,0.974943532945218,0.989762806314784,1,0.99048859482058,0.974990010109946,0.960964835814222,0.945044058535581,0.92553888966918,0.895777397503373,0.855658732259763,0.697238588894853,0.274465630666877,0.184091970749555
0.388912650337348,0.54026976580376,0.636268401961398,0.678011827648724,0.714318283899156,0.749282380751149,0.785472246843553,0.808510847318937,0.815486273696451,0.827750124630943,0.840135060218502,0.85108607191917,0.864915107929081,0.879103912656284,0.892186077274314,0.906362305768997,0.919400257392407,0.931056137018441,0.949582956470686,0.962766415767165,0.977629496305072,0.99048859482058,1,0.987644493941618,0.972910509812135,0.956453977330668,0.935859486724598,0.904015925857712,0.866064062923481,0.703412942564884,0.281347687447099,0.190114524260831
0.36904822507692,0.512793227741282,0.612362485916346,0.653827228750323,0.690410134439035,0.727529770959811,0.767101454994002,0.79194540254365,0.79869798228841,0.811202941334994,0.822594553925538,0.833074252161363,0.847931259869871,0.861676805806858,0.874090562729763,0.888197661280647,0.902414238266904,0.912925249838873,0.932381983028532,0.946887432202963,0.96308648745985,0.974990010109946,0.987644493941618,1,0.987072489527791,0.969758407812776,0.949106475928736,0.918236920776763,0.881771298586645,0.7188969073249,0.298194625408313,0.199910684501434
0.355079677445597,0.500222466762395,0.600281520066236,0.644295089612466,0.683322485749493,0.717658831322171,0.758300440715656,0.782620402161387,0.788312756112252,0.802027996277904,0.811716412407022,0.822837307950041,0.837840301132999,0.850883199928861,0.86345452033605,0.87713889044882,0.889178308075367,0.899356234713269,0.91976278465806,0.934105815431908,0.949253608050851,0.960964835814222,0.972910509812135,0.987072489527791,1,0.983339783051457,0.962486568449974,0.930546892377113,0.894069970411136,0.727338128505061,0.308005334834267,0.199296003090457
0.345555708872744,0.487160965452925,0.585496757422138,0.628890531312817,0.666986961673475,0.699600568515037,0.740945032814843,0.767565035376694,0.775809276438161,0.789626275484847,0.798795133923006,0.809676387770408,0.824233058198747,0.838352685674056,0.849822440027796,0.862723975890773,0.875192633000798,0.885232161560382,0.905235806949146,0.918075793007853,0.932959514481024,0.945044058535581,0.956453977330668,0.969758407812776,0.983339783051457,1,0.979308625755141,0.948486319146002,0.909663389535922,0.748364342173715,0.32700468695561,0.207832238001421
0.332506699302958,0.467799825998845,0.567269650920208,0.607985911938168,0.649396928957957,0.680903753193334,0.719027542070098,0.746570170674109,0.754506117459229,0.767818310897031,0.775188625414638,0.78630266092848,0.802716450845208,0.818556665828401,0.833986246346725,0.848754423490796,0.860589096774012,0.868761003943599,0.888444259317935,0.901555015811925,0.914941336811017,0.92553888966918,0.935859486724598,0.949106475928736,0.962486568449974,0.979308625755141,1,0.974449036086603,0.932671161929002,0.768255471346397,0.344811742886404,0.210127732311203
0.310467980845984,0.432832004407851,0.533877582123808,0.576169345404455,0.619770312375802,0.65092081009476,0.685571583440255,0.712742395234955,0.722178882260442,0.735257886356602,0.74127919929632,0.752321284872029,0.770392183347263,0.786686503842922,0.801213497021447,0.816370202698799,0.830878788740137,0.840008799177001,0.860003218173079,0.87552248785549,0.888355416678348,0.895777397503373,0.904015925857712,0.918236920776763,0.930546892377113,0.948486319146002,0.974449036086603,1,0.963345786424827,0.800793380668628,0.369873523746868,0.249806088479079
0.269298588031626,0.392952078445395,0.491176448680503,0.528729462792569,0.572758050413341,0.603183643064659,0.640563723590734,0.667867106358052,0.673196814369093,0.689947676873987,0.69811546180598,0.708310463735951,0.725817600482557,0.742449246530726,0.759411112546828,0.775695326220873,0.788221186278889,0.796024170749011,0.819493704439685,0.838155782573529,0.850431983032704,0.855658732259763,0.866064062923481,0.881771298586645,0.894069970411136,0.909663389535922,0.932671161929002,0.963345786424827,1,0.848856737727125,0.410037922969855,0.277207897010819
0.197149098571834,0.281736969390965,0.362253434499199,0.396502371038173,0.43814596139054,0.46552671168003,0.501968336310053,0.521053849216471,0.531145317640123,0.545841631016935,0.550882803628878,0.558635138366092,0.571177978952475,0.585065411241254,0.59727457228565,0.616090561237954,0.627698559381962,0.641604402484059,0.664531039519711,0.679864789054801,0.687506630091613,0.697238588894853,0.703412942564884,0.7188969073249,0.727338128505061,0.748364342173715,0.768255471346397,0.800793380668628,0.848856737727125,1,0.737504900376786,0.341027836523166
0.0412399016521965,0.072471835277995,0.106621277514688,0.127782280514053,0.148738467280039,0.153619388605965,0.172989862744273,0.176303965961723,0.185147133765103,0.198606313805116,0.198798944103764,0.204005995243756,0.205639632064172,0.20685104857017,0.211815767517301,0.22524547121285,0.228446046198103,0.244513493699973,0.257837292581574,0.26766783802808,0.265391556502493,0.274465630666877,0.281347687447099,0.298194625408313,0.308005334834267,0.32700468695561,0.344811742886404,0.369873523746868,0.410037922969855,0.737504900376786,1,0.355424469926291
0.0690294763191054,0.0797766689910896,0.0980306264983173,0.118027960312611,0.107595913595957,0.10096176682936,0.119432028839037,0.117312947190421,0.122034142334106,0.127409376654149,0.129230450467338,0.137144089338755,0.139074926594572,0.134660726769298,0.136221452701064,0.145323676542213,0.151208377130888,0.158238211938891,0.167377779505494,0.173260215234434,0.184430667230351,0.184091970749555,0.190114524260831,0.199910684501434,0.199296003090457,0.207832238001421,0.210127732311203,0.249806088479079,0.277207897010819,0.341027836523166,0.355424469926291,1
