1,0.837408561791743,0.784313154827257,0.749685037212719,0.716493061591868,0.69753126680558,0.669971686598073,0.652928777144537,0.634912986039791,0.623225055511672,0.60972696843249,0.594348536747819,0.588266344783114,0.579578087149621,0.57235511707772,0.557992148858248,0.548500522852651,0.530631658794166,0.518243488980531,0.503400561094929,0.484845163236591,0.460008217495294,0.440807787882095,0.421911952007672,0.403250738593115,0.353073350060124,0.320529964351833,0.26158866682051,0.179284390521209,0.0653173719288718,-0.0756573886851551,-0.149027684654795
0.837408561791743,1,0.948877127624863,0.912036264837986,0.884207601174799,0.866808785035844,0.846959199827092,0.830309962718576,0.816393120931772,0.807438475715134,0.793996243713417,0.777827358064436,0.773175518047045,0.763346081371833,0.752843791264742,0.737165463369478,0.726352141978709,0.706767089045355,0.691397538414904,0.673990760829859,0.654913885093146,0.633625022065873,0.612163425114052,0.591974177977165,0.565084611263262,0.515732040321665,0.470357161708308,0.398152340770483,0.294531828643985,0.155983914247398,-0.0131109295847232,-0.0700803669907494
0.784313154827257,0.948877127624863,1,0.971399380778729,0.948847377909989,0.932888759638438,0.917597707634728,0.902269243268247,0.890147569595931,0.880893679325864,0.869418100884262,0.855605870879076,0.850366965284475,0.839687651266553,0.83024135104368,0.815880928084058,0.805823868520424,0.788132973914659,0.773521973187369,0.757003719045084,0.738063879080926,0.719470922584036,0.698061521401014,0.677413669323244,0.652266502692424,0.602442425442513,0.553571970471236,0.481406101110416,0.373321303968871,0.226074074081961,0.0494911560121257,-0.0306093148713261
0.749685037212719,0.912036264837986,0.971399380778729,1,0.983205118846588,0.967739753055914,0.955352416021731,0.944244208993979,0.933970859095102,0.925979713988391,0.91670163599858,0.903872019134416,0.899539089915689,0.88996861848997,0.880217197863652,0.86691435498606,0.85736887100083,0.842003772597857,0.829724886096612,0.81407857010944,0.794793970570059,0.776734354049945,0.755075712893805,0.734037415067055,0.706228571915602,0.653635493951498,0.605225684145577,0.529147132007764,0.419656935312283,0.264044989889382,0.0856642342260042,0.00671050657234144
0.716493061591868,0.884207601174799,0.948847377909989,0.983205118846588,1,0.986136449724471,0.975789065928,0.966665470263835,0.957837665638177,0.950124412132973,0.940868696351725,0.929359279528406,0.924546783610818,0.916250621043358,0.906937249936786,0.894126251532675,0.885724380802732,0.871891711225434,0.859936750484982,0.843657739858616,0.82435662497039,0.807983701101439,0.787349966037647,0.765505184436097,0.737781647183889,0.688261718984874,0.639828205829219,0.56345579938769,0.451078750145436,0.295363565023048,0.112642585076966,0.0419592263402048
0.69753126680558,0.866808785035844,0.932888759638438,0.967739753055914,0.986136449724471,1,0.990958995585322,0.982508808334908,0.975094562496726,0.968318450271632,0.959985082826566,0.94959264153903,0.944367122302468,0.93756593099395,0.928226166413342,0.916074092127275,0.907741902580638,0.894455350420544,0.882012928927208,0.865094642723686,0.845851519788541,0.829910437669047,0.809149477389815,0.790098323536269,0.763652913483703,0.713876561050079,0.667259748148331,0.589597464592187,0.47681829230718,0.31543496575586,0.134009750336449,0.0609716898725565
0.669971686598073,0.846959199827092,0.917597707634728,0.955352416021731,0.975789065928,0.990958995585322,1,0.993160195947391,0.986705390264685,0.979490283474972,0.971873419640931,0.962769154544141,0.956494186999356,0.950357111364979,0.941616186990855,0.930579503060125,0.923203683662735,0.910818922716707,0.898173314124059,0.882749051744977,0.865406024262552,0.850218518516345,0.831582095574121,0.813636006144537,0.788281644184599,0.741020826928894,0.695503159011713,0.621223293187685,0.50853141734073,0.347774448900906,0.166102533022961,0.0907798379423858
0.652928777144537,0.830309962718576,0.902269243268247,0.944244208993979,0.966665470263835,0.982508808334908,0.993160195947391,1,0.994038551964835,0.98737154217216,0.979362000747889,0.971393911327572,0.965607357634806,0.960066627265044,0.951505184939434,0.941251922947537,0.934524102147316,0.923950699904143,0.91162121345374,0.896874517441705,0.880711242241602,0.866314396185998,0.848255424630563,0.830723634704414,0.806243291980842,0.760474805707921,0.715780177399426,0.642372686860327,0.529589214887284,0.370565682798851,0.187648141788673,0.111748353509674
0.634912986039791,0.816393120931772,0.890147569595931,0.933970859095102,0.957837665638177,0.975094562496726,0.986705390264685,0.994038551964835,1,0.994669966216109,0.987386594000477,0.980095723539715,0.974175497331626,0.968863868827103,0.961061101789736,0.951126700660609,0.94450325932346,0.934972401548464,0.923635346824029,0.909642961546555,0.893881515415983,0.8804535951261,0.86197596412116,0.844895358506861,0.820334810021076,0.776983327985371,0.732377746361886,0.660597993243693,0.546639411964811,0.387746038137049,0.206582445333883,0.129082518693272
0.623225055511672,0.807438475715134,0.880893679325864,0.925979713988391,0.950124412132973,0.968318450271632,0.979490283474972,0.98737154217216,0.994669966216109,1,0.994056408529294,0.987318260908446,0.981335121046768,0.976147398980524,0.968154018189396,0.958858646006134,0.952656050637418,0.943386347641968,0.933212274476274,0.919635851055191,0.90425045151064,0.891256406788513,0.873145416351803,0.856554068029872,0.831884620615265,0.789705625937684,0.745172731427608,0.673935625567747,0.560404668349543,0.398404506802866,0.213379190527739,0.138489976862867
0.60972696843249,0.793996243713417,0.869418100884262,0.91670163599858,0.940868696351725,0.959985082826566,0.971873419640931,0.979362000747889,0.987386594000477,0.994056408529294,1,0.99502409695703,0.989693050765554,0.984422801866201,0.976245124884555,0.96747016658362,0.9617989049344,0.953194353519298,0.943456441124346,0.930094058266451,0.916040968088029,0.904040532915584,0.886780086637791,0.871216328095204,0.847527255820235,0.805853053808956,0.763032097163188,0.69276394259324,0.579716420032031,0.415848795659829,0.229765638576413,0.151136480164979
0.594348536747819,0.777827358064436,0.855605870879076,0.903872019134416,0.929359279528406,0.94959264153903,0.962769154544141,0.971393911327572,0.980095723539715,0.987318260908446,0.99502409695703,1,0.995823480543988,0.990954370276078,0.983865201595736,0.976058152215983,0.970801154792992,0.963266605708169,0.953729940844728,0.941246602365915,0.928412673675208,0.916133297299904,0.89955778139104,0.884906144447354,0.861253780118784,0.820443547798306,0.779660306171766,0.708480386799154,0.595019941894224,0.430457387666982,0.241454855132168,0.163632298986661
0.588266344783114,0.773175518047045,0.850366965284475,0.899539089915689,0.924546783610818,0.944367122302468,0.956494186999356,0.965607357634806,0.974175497331626,0.981335121046768,0.989693050765554,0.995823480543988,1,0.996257328229802,0.990173931709715,0.983184721047405,0.977641661537755,0.970522389753788,0.961562312137123,0.949651246964857,0.936932590208347,0.925120969737054,0.909197284678339,0.894977037159878,0.871669092579653,0.831608400555809,0.79090642528129,0.720106199352259,0.607204399449334,0.441777315249633,0.248990677121621,0.161038500833197
0.579578087149621,0.763346081371833,0.839687651266553,0.88996861848997,0.916250621043358,0.93756593099395,0.950357111364979,0.960066627265044,0.968863868827103,0.976147398980524,0.984422801866201,0.990954370276078,0.996257328229802,1,0.995958021894861,0.989761452170243,0.984195155851658,0.977542620460422,0.969239866327871,0.958096164544645,0.946445875174814,0.934851629963087,0.918973361966279,0.905650560483522,0.882912622020446,0.842686382130212,0.80243426107652,0.731711809528487,0.61828646926117,0.452169823177524,0.257788822715438,0.172262756767007
0.57235511707772,0.752843791264742,0.83024135104368,0.880217197863652,0.906937249936786,0.928226166413342,0.941616186990855,0.951505184939434,0.961061101789736,0.968154018189396,0.976245124884555,0.983865201595736,0.990173931709715,0.995958021894861,1,0.995929609002048,0.991236114537869,0.985090968996049,0.977415905546901,0.967202708514227,0.956024313265439,0.944592209948868,0.929442282816854,0.917087799269437,0.895478463120033,0.856050139983538,0.816315005002487,0.74669697222588,0.634173019498113,0.467599603830371,0.27290086744206,0.179629660194029
0.557992148858248,0.737165463369478,0.815880928084058,0.86691435498606,0.894126251532675,0.916074092127275,0.930579503060125,0.941251922947537,0.951126700660609,0.958858646006134,0.96747016658362,0.976058152215983,0.983184721047405,0.989761452170243,0.995929609002048,1,0.996432273751598,0.99110537904999,0.984368182745785,0.975694475085038,0.964820353060528,0.953445536887019,0.939402571430042,0.92783885539246,0.906817672447468,0.869293740932404,0.829881480698523,0.761972020285465,0.649104472414058,0.483391996596776,0.287926061003427,0.190982441617226
0.548500522852651,0.726352141978709,0.805823868520424,0.85736887100083,0.885724380802732,0.907741902580638,0.923203683662735,0.934524102147316,0.94450325932346,0.952656050637418,0.9617989049344,0.970801154792992,0.977641661537755,0.984195155851658,0.991236114537869,0.996432273751598,1,0.996066385463108,0.989759198883817,0.981587999048994,0.971022932257749,0.960277093815813,0.946538386014015,0.935010732726616,0.915168784376477,0.879826506428644,0.841885013222351,0.77451753788386,0.6633093010917,0.49744360160426,0.303416298736736,0.203858431733665
0.530631658794166,0.706767089045355,0.788132973914659,0.842003772597857,0.871891711225434,0.894455350420544,0.910818922716707,0.923950699904143,0.934972401548464,0.943386347641968,0.953194353519298,0.963266605708169,0.970522389753788,0.977542620460422,0.985090968996049,0.99110537904999,0.996066385463108,1,0.995630549283334,0.988803697469332,0.979320843503635,0.970118135479825,0.957282993638847,0.946352867707652,0.9284788792705,0.896160020357993,0.860751088272504,0.796288422739874,0.690027500046347,0.527902411423065,0.335181379463894,0.226585610873091
0.518243488980531,0.691397538414904,0.773521973187369,0.829724886096612,0.859936750484982,0.882012928927208,0.898173314124059,0.91162121345374,0.923635346824029,0.933212274476274,0.943456441124346,0.953729940844728,0.961562312137123,0.969239866327871,0.977415905546901,0.984368182745785,0.989759198883817,0.995630549283334,1,0.995227924933057,0.987602096614999,0.979417958813456,0.967470603094223,0.957697100611706,0.940504137525628,0.909955089125666,0.875976635133199,0.812811253489389,0.710393079915775,0.54781892690194,0.358129369571749,0.24651596709226
0.503400561094929,0.673990760829859,0.757003719045084,0.81407857010944,0.843657739858616,0.865094642723686,0.882749051744977,0.896874517441705,0.909642961546555,0.919635851055191,0.930094058266451,0.941246602365915,0.949651246964857,0.958096164544645,0.967202708514227,0.975694475085038,0.981587999048994,0.988803697469332,0.995227924933057,1,0.994958926591495,0.987833612820797,0.976895815985265,0.967634583861369,0.950622335171187,0.922487041849147,0.890577915843275,0.830312542086965,0.731104749740666,0.572420113567621,0.382632723498331,0.270570296431249
0.484845163236591,0.654913885093146,0.738063879080926,0.794793970570059,0.82435662497039,0.845851519788541,0.865406024262552,0.880711242241602,0.893881515415983,0.90425045151064,0.916040968088029,0.928412673675208,0.936932590208347,0.946445875174814,0.956024313265439,0.964820353060528,0.971022932257749,0.979320843503635,0.987602096614999,0.994958926591495,1,0.994677729749051,0.985895961977848,0.977154412991053,0.962453698086154,0.936243087889121,0.905903280133939,0.847294823611702,0.749504095272758,0.59363813268508,0.404997642061554,0.286087813748614
0.460008217495294,0.633625022065873,0.719470922584036,0.776734354049945,0.807983701101439,0.829910437669047,0.850218518516345,0.866314396185998,0.8804535951261,0.891256406788513,0.904040532915584,0.916133297299904,0.925120969737054,0.934851629963087,0.944592209948868,0.953445536887019,0.960277093815813,0.970118135479825,0.979417958813456,0.987833612820797,0.994677729749051,1,0.993964082149406,0.986503666926478,0.974071837734548,0.950053015866005,0.922283958615036,0.868031798465888,0.77463397881547,0.622348704436619,0.431724066954095,0.308390051525126
0.440807787882095,0.612163425114052,0.698061521401014,0.755075712893805,0.787349966037647,0.809149477389815,0.831582095574121,0.848255424630563,0.86197596412116,0.873145416351803,0.886780086637791,0.89955778139104,0.909197284678339,0.918973361966279,0.929442282816854,0.939402571430042,0.946538386014015,0.957282993638847,0.967470603094223,0.976895815985265,0.985895961977848,0.993964082149406,1,0.993868357601139,0.984612425105014,0.962884031790915,0.937482563427541,0.888770512318637,0.800035955616842,0.655450202475912,0.465229584612439,0.331705841753776
0.421911952007672,0.591974177977165,0.677413669323244,0.734037415067055,0.765505184436097,0.790098323536269,0.813636006144537,0.830723634704414,0.844895358506861,0.856554068029872,0.871216328095204,0.884906144447354,0.894977037159878,0.905650560483522,0.917087799269437,0.92783885539246,0.935010732726616,0.946352867707652,0.957697100611706,0.967634583861369,0.977154412991053,0.986503666926478,0.993868357601139,1,0.992762079620552,0.974813497948554,0.952471524113931,0.906792390312933,0.821932619463157,0.679590716962116,0.494800835928072,0.354411036751513
0.403250738593115,0.565084611263262,0.652266502692424,0.706228571915602,0.737781647183889,0.763652913483703,0.788281644184599,0.806243291980842,0.820334810021076,0.831884620615265,0.847527255820235,0.861253780118784,0.871669092579653,0.882912622020446,0.895478463120033,0.906817672447468,0.915168784376477,0.9284788792705,0.940504137525628,0.950622335171187,0.962453698086154,0.974071837734548,0.984612425105014,0.992762079620552,1,0.986787339257008,0.968275502041306,0.926652362432615,0.847041930462244,0.709345003149223,0.528732583619137,0.373479459994328
0.353073350060124,0.515732040321665,0.602442425442513,0.653635493951498,0.688261718984874,0.713876561050079,0.741020826928894,0.760474805707921,0.776983327985371,0.789705625937684,0.805853053808956,0.820443547798306,0.831608400555809,0.842686382130212,0.856050139983538,0.869293740932404,0.879826506428644,0.896160020357993,0.909955089125666,0.922487041849147,0.936243087889121,0.950053015866005,0.962884031790915,0.974813497948554,0.986787339257008,1,0.985966356391541,0.955408881435618,0.880494423635125,0.75777259718489,0.589714327999088,0.415550855446711
0.320529964351833,0.470357161708308,0.553571970471236,0.605225684145577,0.639828205829219,0.667259748148331,0.695503159011713,0.715780177399426,0.732377746361886,0.745172731427608,0.763032097163188,0.779660306171766,0.79090642528129,0.80243426107652,0.816315005002487,0.829881480698523,0.841885013222351,0.860751088272504,0.875976635133199,0.890577915843275,0.905903280133939,0.922283958615036,0.937482563427541,0.952471524113931,0.968275502041306,0.985966356391541,1,0.976491403468297,0.919935816997521,0.802052209763121,0.634823269983966,0.446131546645695
0.26158866682051,0.398152340770483,0.481406101110416,0.529147132007764,0.56345579938769,0.589597464592187,0.621223293187685,0.642372686860327,0.660597993243693,0.673935625567747,0.69276394259324,0.708480386799154,0.720106199352259,0.731711809528487,0.74669697222588,0.761972020285465,0.77451753788386,0.796288422739874,0.812811253489389,0.830312542086965,0.847294823611702,0.868031798465888,0.888770512318637,0.906792390312933,0.926652362432615,0.955408881435618,0.976491403468297,1,0.954807212513046,0.860074776694861,0.69581176529857,0.491575128666253
0.179284390521209,0.294531828643985,0.373321303968871,0.419656935312283,0.451078750145436,0.47681829230718,0.50853141734073,0.529589214887284,0.546639411964811,0.560404668349543,0.579716420032031,0.595019941894224,0.607204399449334,0.61828646926117,0.634173019498113,0.649104472414058,0.6633093010917,0.690027500046347,0.710393079915775,0.731104749740666,0.749504095272758,0.77463397881547,0.800035955616842,0.821932619463157,0.847041930462244,0.880494423635125,0.919935816997521,0.954807212513046,1,0.925488188217145,0.764228609077999,0.52983713718002
0.0653173719288718,0.155983914247398,0.226074074081961,0.264044989889382,0.295363565023048,0.31543496575586,0.347774448900906,0.370565682798851,0.387746038137049,0.398404506802866,0.415848795659829,0.430457387666982,0.441777315249633,0.452169823177524,0.467599603830371,0.483391996596776,0.49744360160426,0.527902411423065,0.54781892690194,0.572420113567621,0.59363813268508,0.622348704436619,0.655450202475912,0.679590716962116,0.709345003149223,0.75777259718489,0.802052209763121,0.860074776694861,0.925488188217145,1,0.879286423082107,0.622649880005879
-0.0756573886851551,-0.0131109295847232,0.0494911560121257,0.0856642342260042,0.112642585076966,0.134009750336449,0.166102533022961,0.187648141788673,0.206582445333883,0.213379190527739,0.229765638576413,0.241454855132168,0.248990677121621,0.257788822715438,0.27290086744206,0.287926061003427,0.303416298736736,0.335181379463894,0.358129369571749,0.382632723498331,0.404997642061554,0.431724066954095,0.465229584612439,0.494800835928072,0.528732583619137,0.589714327999088,0.634823269983966,0.69581176529857,0.764228609077999,0.879286423082107,1,0.72071536799225
-0.149027684654795,-0.0700803669907494,-0.0306093148713261,0.00671050657234144,0.0419592263402048,0.0609716898725565,0.0907798379423858,0.111748353509674,0.129082518693272,0.138489976862867,0.151136480164979,0.163632298986661,0.161038500833197,0.172262756767007,0.179629660194029,0.190982441617226,0.203858431733665,0.226585610873091,0.24651596709226,0.270570296431249,0.286087813748614,0.308390051525126,0.331705841753776,0.354411036751513,0.373479459994328,0.415550855446711,0.446131546645695,0.491575128666253,0.52983713718002,0.622649880005879,0.72071536799225,1
