1,0.798715588587797,0.73439393755544,0.710948735073622,0.688750298389407,0.669779492478966,0.663716171853963,0.648265642576227,0.640321508308593,0.634889293051124,0.622626689241266,0.621603411323096,0.615339444423104,0.60110232712059,0.591755340338887,0.587263499132144,0.581309589299635,0.573944946805624,0.573343632112177,0.567913891795305,0.56294123236387,0.559314281613176,0.547031297410996,0.540406205926678,0.53389173465523,0.513038898078125,0.495625503459862,0.469685199570195,0.398800241942,0.262782484916184,0.185699647195969,0.00481974727832123
0.798715588587797,1,0.952720923128755,0.923411231920674,0.908658912132763,0.887619889673333,0.879978306020058,0.867971221978377,0.859791553366304,0.856186003436154,0.846325750384541,0.842304735094793,0.837112513344158,0.826385177432799,0.820300202916152,0.814037289511674,0.808542217427507,0.80101273744435,0.797508550595903,0.787341667932996,0.780959651193259,0.773062835755413,0.761400940296652,0.749100293914271,0.738467073267803,0.715946299764662,0.691246805028818,0.6464630083057,0.546641892431238,0.389167787659865,0.26639066779966,0.0539249601068063
0.73439393755544,0.952720923128755,1,0.968282567566045,0.95074749944163,0.931848654192467,0.923683976545831,0.914237265728015,0.90584872868617,0.902920647196226,0.895245202745225,0.889473032495372,0.886164761239961,0.878056183645329,0.871168009671113,0.865427108710656,0.86022240470804,0.854293124326695,0.850760570185294,0.842695085135597,0.835227108212768,0.828504848682495,0.817970453610514,0.807068380592832,0.794395627392855,0.773916574457536,0.745360013903698,0.696718735122509,0.590986001770983,0.425300953868556,0.296279950713759,0.0807035273705397
0.710948735073622,0.923411231920674,0.968282567566045,1,0.982970091210056,0.966096408833705,0.957564303560756,0.946547124825614,0.936896947159675,0.933386755843372,0.925885243403875,0.919839885353205,0.916494060434601,0.909141484420956,0.902802008697919,0.897964082460293,0.892270000772993,0.887532956543657,0.884732916593731,0.878361580455202,0.870512840894549,0.864268370787176,0.856107890031127,0.845283126098823,0.833973080940279,0.815148642546002,0.787658127787486,0.739302215498465,0.625723896109835,0.461576800061586,0.323265705632418,0.104096729832379
0.688750298389407,0.908658912132763,0.95074749944163,0.982970091210056,1,0.987965815288658,0.977431881667564,0.966154906745198,0.9554158648829,0.949313960291095,0.940654271979121,0.934444762118627,0.930432957207746,0.923720638670776,0.917509467365654,0.913226800013189,0.907554849643997,0.902221621890057,0.898732255558104,0.892576940225376,0.886402492372816,0.879994664915438,0.872770086266786,0.861173700139815,0.851394156621083,0.83182285538283,0.806957740960012,0.757304343375247,0.642236164645599,0.478848437688708,0.342690109289609,0.11721040619967
0.669779492478966,0.887619889673333,0.931848654192467,0.966096408833705,0.987965815288658,1,0.989337663995719,0.978216285902806,0.967795126224538,0.961477527656822,0.952804102403043,0.945781733411158,0.940827158612344,0.935100953302635,0.929356566818216,0.924545437435398,0.919472355338473,0.915159620769129,0.911348806491155,0.905103772483168,0.899640867849782,0.893308105153631,0.886181481658943,0.875108199030736,0.866307727442692,0.847474090560646,0.824969358178701,0.775504139762358,0.659847395989389,0.493400963732078,0.357136064754465,0.13532904511514
0.663716171853963,0.879978306020058,0.923683976545831,0.957564303560756,0.977431881667564,0.989337663995719,1,0.990649141533691,0.980388742261974,0.972907325366958,0.963870200302046,0.9575614487255,0.951954367209757,0.9460125197184,0.940143562453895,0.936044361551643,0.930907324082701,0.925933659023761,0.922554632650567,0.916140967323684,0.909688488900278,0.902737820251803,0.894676337464274,0.882340310822981,0.872781660101029,0.855481530435177,0.832477647231824,0.783743946863384,0.666375862108612,0.498767140801319,0.36073366463353,0.133216476366894
0.648265642576227,0.867971221978377,0.914237265728015,0.946547124825614,0.966154906745198,0.978216285902806,0.990649141533691,1,0.991413834693573,0.983302230008755,0.974910123161928,0.967894380374191,0.962406587159362,0.95507818982403,0.949091111367991,0.944043511023256,0.939514824441631,0.934950562186951,0.9315010708019,0.925753651736501,0.919507982739218,0.912425631880122,0.904738222784959,0.893733007118599,0.883939227443121,0.869393398123936,0.846219145437551,0.797821319661446,0.677865284106478,0.508469434555399,0.372295845192019,0.138232591760546
0.640321508308593,0.859791553366304,0.90584872868617,0.936896947159675,0.9554158648829,0.967795126224538,0.980388742261974,0.991413834693573,1,0.993605819819226,0.985230880051901,0.977453652519686,0.971577743496602,0.963742118822205,0.957482613224486,0.951818838892296,0.946381941533074,0.9414119662086,0.938335248234482,0.932251673754347,0.926073916291888,0.918957561601291,0.912116793445334,0.901849187961413,0.892867131127775,0.881643737494471,0.859278243390079,0.812109409837932,0.695356644539245,0.524483840291657,0.385471771404431,0.153476153040812
0.634889293051124,0.856186003436154,0.902920647196226,0.933386755843372,0.949313960291095,0.961477527656822,0.972907325366958,0.983302230008755,0.993605819819226,1,0.993342862875194,0.985148119416053,0.978574560455592,0.970305684217099,0.964128550848522,0.957668806598224,0.951931496302328,0.9469142672561,0.944105855926046,0.938363004972541,0.932381410900121,0.925519369548512,0.919114140842219,0.908913553800204,0.899851266193019,0.889780973093275,0.867664452551187,0.822714113885863,0.706585548863608,0.533423633224766,0.391617780424313,0.157774694382689
0.622626689241266,0.846325750384541,0.895245202745225,0.925885243403875,0.940654271979121,0.952804102403043,0.963870200302046,0.974910123161928,0.985230880051901,0.993342862875194,1,0.99386619254567,0.988253350541095,0.980165423540891,0.974087241153756,0.967081205957231,0.961268746987974,0.956417775623126,0.953049630990289,0.947904238247352,0.942075431045292,0.934711766774551,0.92872698599995,0.919638024196336,0.911808962273163,0.901868852984698,0.879265591802514,0.835297503941249,0.718729620094133,0.545471226067949,0.401961698085399,0.168522482614751
0.621603411323096,0.842304735094793,0.889473032495372,0.919839885353205,0.934444762118627,0.945781733411158,0.9575614487255,0.967894380374191,0.977453652519686,0.985148119416053,0.99386619254567,1,0.996133884324257,0.988754412839735,0.98230686791153,0.975510675899725,0.969544215068342,0.963922852233237,0.95993416324272,0.953999565511702,0.947948847527538,0.940238731718579,0.934821069432221,0.926090916439655,0.918218600796888,0.908046450648008,0.88492302394395,0.840353119876317,0.721654101241777,0.547127290812999,0.405751993333757,0.168854190449014
0.615339444423104,0.837112513344158,0.886164761239961,0.916494060434601,0.930432957207746,0.940827158612344,0.951954367209757,0.962406587159362,0.971577743496602,0.978574560455592,0.988253350541095,0.996133884324257,1,0.994505946481075,0.988175627006656,0.981987403421082,0.976477269443187,0.971221036303259,0.967154330567673,0.96189791853017,0.955496589441767,0.947548206653929,0.942071519740307,0.933044781179988,0.925926609859111,0.915381392859782,0.892535118075704,0.849856443836091,0.731068957602825,0.553688733484862,0.414818495073395,0.183394831465477
0.60110232712059,0.826385177432799,0.878056183645329,0.909141484420956,0.923720638670776,0.935100953302635,0.9460125197184,0.95507818982403,0.963742118822205,0.970305684217099,0.980165423540891,0.988754412839735,0.994505946481075,1,0.994958209932577,0.989646146383801,0.984391431655325,0.979107118598231,0.974009024902832,0.969034882356711,0.962504481368331,0.954466061979191,0.948662116704954,0.939436488125354,0.932285408629006,0.921807512977762,0.899287852832913,0.856756813889211,0.73900024723127,0.561310200711308,0.426662699974573,0.194853492805693
0.591755340338887,0.820300202916152,0.871168009671113,0.902802008697919,0.917509467365654,0.929356566818216,0.940143562453895,0.949091111367991,0.957482613224486,0.964128550848522,0.974087241153756,0.98230686791153,0.988175627006656,0.994958209932577,1,0.995819486973707,0.990438717130619,0.984971428667463,0.979287467163836,0.974515607591446,0.967676456344534,0.95980118014921,0.953540103910279,0.94369814939678,0.935814531990986,0.92428855253845,0.901750675898956,0.858769703097543,0.740689838378848,0.565773511750517,0.429913785881397,0.198603621836094
0.587263499132144,0.814037289511674,0.865427108710656,0.897964082460293,0.913226800013189,0.924545437435398,0.936044361551643,0.944043511023256,0.951818838892296,0.957668806598224,0.967081205957231,0.975510675899725,0.981987403421082,0.989646146383801,0.995819486973707,1,0.995797380928971,0.990634261477284,0.985034632104804,0.979697643454423,0.97291200872806,0.965130089751668,0.958285567723563,0.947971696462098,0.940652881261235,0.928459194659649,0.906102026776628,0.86460896930459,0.749401895483785,0.576156531881631,0.437540287639111,0.201902163748725
0.581309589299635,0.808542217427507,0.86022240470804,0.892270000772993,0.907554849643997,0.919472355338473,0.930907324082701,0.939514824441631,0.946381941533074,0.951931496302328,0.961268746987974,0.969544215068342,0.976477269443187,0.984391431655325,0.990438717130619,0.995797380928971,1,0.99591623469916,0.990365713268902,0.984697795033582,0.978734759059734,0.971176957851047,0.964703835893381,0.954382957589946,0.946984533422024,0.934871340278746,0.912782198851229,0.87078274568071,0.754151905145621,0.580801931103002,0.444883480947018,0.207646282180841
0.573944946805624,0.80101273744435,0.854293124326695,0.887532956543657,0.902221621890057,0.915159620769129,0.925933659023761,0.934950562186951,0.9414119662086,0.9469142672561,0.956417775623126,0.963922852233237,0.971221036303259,0.979107118598231,0.984971428667463,0.990634261477284,0.99591623469916,1,0.995488928361884,0.989807073343911,0.984059553732768,0.977229655636087,0.970501636262068,0.959939477229038,0.952974655115675,0.94112513081326,0.917956450634599,0.877671943001067,0.761377409450736,0.585522646104168,0.451222981236514,0.216634842206145
0.573343632112177,0.797508550595903,0.850760570185294,0.884732916593731,0.898732255558104,0.911348806491155,0.922554632650567,0.9315010708019,0.938335248234482,0.944105855926046,0.953049630990289,0.95993416324272,0.967154330567673,0.974009024902832,0.979287467163836,0.985034632104804,0.990365713268902,0.995488928361884,1,0.995478402982938,0.990035413366114,0.983394511018736,0.97684849722763,0.966713191495441,0.959015472827343,0.947002686845112,0.924217646067931,0.884950633610577,0.767662102049619,0.592391465325121,0.457373819477738,0.224574233153569
0.567913891795305,0.787341667932996,0.842695085135597,0.878361580455202,0.892576940225376,0.905103772483168,0.916140967323684,0.925753651736501,0.932251673754347,0.938363004972541,0.947904238247352,0.953999565511702,0.96189791853017,0.969034882356711,0.974515607591446,0.979697643454423,0.984697795033582,0.989807073343911,0.995478402982938,1,0.995579769663003,0.988584157599496,0.98209514381454,0.972357760380191,0.965026178396583,0.952881493167957,0.930349765541526,0.89200746166826,0.774114490225539,0.601199195052575,0.466476217941309,0.231383590372346
0.56294123236387,0.780959651193259,0.835227108212768,0.870512840894549,0.886402492372816,0.899640867849782,0.909688488900278,0.919507982739218,0.926073916291888,0.932381410900121,0.942075431045292,0.947948847527538,0.955496589441767,0.962504481368331,0.967676456344534,0.97291200872806,0.978734759059734,0.984059553732768,0.990035413366114,0.995579769663003,1,0.994294132490874,0.987997419860948,0.978422720044074,0.970385970448919,0.958352622508531,0.934991846110866,0.896047026506375,0.779484270970537,0.605963194801041,0.475393960836734,0.231973041910827
0.559314281613176,0.773062835755413,0.828504848682495,0.864268370787176,0.879994664915438,0.893308105153631,0.902737820251803,0.912425631880122,0.918957561601291,0.925519369548512,0.934711766774551,0.940238731718579,0.947548206653929,0.954466061979191,0.95980118014921,0.965130089751668,0.971176957851047,0.977229655636087,0.983394511018736,0.988584157599496,0.994294132490874,1,0.993839169351477,0.985297307345332,0.977012100761896,0.964657848342892,0.943271031683159,0.906673852822306,0.791910862336437,0.622497782096793,0.490806661320405,0.236204122481027
0.547031297410996,0.761400940296652,0.817970453610514,0.856107890031127,0.872770086266786,0.886181481658943,0.894676337464274,0.904738222784959,0.912116793445334,0.919114140842219,0.92872698599995,0.934821069432221,0.942071519740307,0.948662116704954,0.953540103910279,0.958285567723563,0.964703835893381,0.970501636262068,0.97684849722763,0.98209514381454,0.987997419860948,0.993839169351477,1,0.993334812761524,0.984391860804178,0.972124634491934,0.949697381415237,0.911557984588526,0.79411143476321,0.624499151532268,0.493918785162512,0.251997055759378
0.540406205926678,0.749100293914271,0.807068380592832,0.845283126098823,0.861173700139815,0.875108199030736,0.882340310822981,0.893733007118599,0.901849187961413,0.908913553800204,0.919638024196336,0.926090916439655,0.933044781179988,0.939436488125354,0.94369814939678,0.947971696462098,0.954382957589946,0.959939477229038,0.966713191495441,0.972357760380191,0.978422720044074,0.985297307345332,0.993334812761524,1,0.991838414449501,0.979759837567201,0.956319181679166,0.916892028216268,0.798449418102482,0.634055387456141,0.502351688511262,0.262497342364781
0.53389173465523,0.738467073267803,0.794395627392855,0.833973080940279,0.851394156621083,0.866307727442692,0.872781660101029,0.883939227443121,0.892867131127775,0.899851266193019,0.911808962273163,0.918218600796888,0.925926609859111,0.932285408629006,0.935814531990986,0.940652881261235,0.946984533422024,0.952974655115675,0.959015472827343,0.965026178396583,0.970385970448919,0.977012100761896,0.984391860804178,0.991838414449501,1,0.988996113061966,0.966698275616611,0.930526109457715,0.814866801006558,0.657567679062664,0.52529290128414,0.275213786590632
0.513038898078125,0.715946299764662,0.773916574457536,0.815148642546002,0.83182285538283,0.847474090560646,0.855481530435177,0.869393398123936,0.881643737494471,0.889780973093275,0.901868852984698,0.908046450648008,0.915381392859782,0.921807512977762,0.92428855253845,0.928459194659649,0.934871340278746,0.94112513081326,0.947002686845112,0.952881493167957,0.958352622508531,0.964657848342892,0.972124634491934,0.979759837567201,0.988996113061966,1,0.982529108830956,0.949033428444884,0.841441886450818,0.691326544812986,0.559865492208701,0.292213149274615
0.495625503459862,0.691246805028818,0.745360013903698,0.787658127787486,0.806957740960012,0.824969358178701,0.832477647231824,0.846219145437551,0.859278243390079,0.867664452551187,0.879265591802514,0.88492302394395,0.892535118075704,0.899287852832913,0.901750675898956,0.906102026776628,0.912782198851229,0.917956450634599,0.924217646067931,0.930349765541526,0.934991846110866,0.943271031683159,0.949697381415237,0.956319181679166,0.966698275616611,0.982529108830956,1,0.972582567720588,0.882398672138588,0.742432310876262,0.604538626562196,0.314445438443011
0.469685199570195,0.6464630083057,0.696718735122509,0.739302215498465,0.757304343375247,0.775504139762358,0.783743946863384,0.797821319661446,0.812109409837932,0.822714113885863,0.835297503941249,0.840353119876317,0.849856443836091,0.856756813889211,0.858769703097543,0.86460896930459,0.87078274568071,0.877671943001067,0.884950633610577,0.89200746166826,0.896047026506375,0.906673852822306,0.911557984588526,0.916892028216268,0.930526109457715,0.949033428444884,0.972582567720588,1,0.936043568684951,0.801151417966821,0.654290064619909,0.348973413738098
0.398800241942,0.546641892431238,0.590986001770983,0.625723896109835,0.642236164645599,0.659847395989389,0.666375862108612,0.677865284106478,0.695356644539245,0.706585548863608,0.718729620094133,0.721654101241777,0.731068957602825,0.73900024723127,0.740689838378848,0.749401895483785,0.754151905145621,0.761377409450736,0.767662102049619,0.774114490225539,0.779484270970537,0.791910862336437,0.79411143476321,0.798449418102482,0.814866801006558,0.841441886450818,0.882398672138588,0.936043568684951,1,0.902904009279877,0.71807772235701,0.366798014848964
0.262782484916184,0.389167787659865,0.425300953868556,0.461576800061586,0.478848437688708,0.493400963732078,0.498767140801319,0.508469434555399,0.524483840291657,0.533423633224766,0.545471226067949,0.547127290812999,0.553688733484862,0.561310200711308,0.565773511750517,0.576156531881631,0.580801931103002,0.585522646104168,0.592391465325121,0.601199195052575,0.605963194801041,0.622497782096793,0.624499151532268,0.634055387456141,0.657567679062664,0.691326544812986,0.742432310876262,0.801151417966821,0.902904009279877,1,0.785811029118294,0.395506344781727
0.185699647195969,0.26639066779966,0.296279950713759,0.323265705632418,0.342690109289609,0.357136064754465,0.36073366463353,0.372295845192019,0.385471771404431,0.391617780424313,0.401961698085399,0.405751993333757,0.414818495073395,0.426662699974573,0.429913785881397,0.437540287639111,0.444883480947018,0.451222981236514,0.457373819477738,0.466476217941309,0.475393960836734,0.490806661320405,0.493918785162512,0.502351688511262,0.52529290128414,0.559865492208701,0.604538626562196,0.654290064619909,0.71807772235701,0.785811029118294,1,0.521628670610007
0.00481974727832123,0.0539249601068063,0.0807035273705397,0.104096729832379,0.11721040619967,0.13532904511514,0.133216476366894,0.138232591760546,0.153476153040812,0.157774694382689,0.168522482614751,0.168854190449014,0.183394831465477,0.194853492805693,0.198603621836094,0.201902163748725,0.207646282180841,0.216634842206145,0.224574233153569,0.231383590372346,0.231973041910827,0.236204122481027,0.251997055759378,0.262497342364781,0.275213786590632,0.292213149274615,0.314445438443011,0.348973413738098,0.366798014848964,0.395506344781727,0.521628670610007,1
