1,0.854388723953236,0.80814037782998,0.784534296294765,0.777952253928977,0.762753888062195,0.756113116257361,0.749599076700131,0.74789496865139,0.745429498824998,0.740717093391982,0.731959456115842,0.727750976583825,0.720840808245703,0.7177865205491,0.712589122178693,0.712507682223717,0.70937824564087,0.703530379179777,0.697225193119126,0.690576434724111,0.682387627438545,0.679305667990802,0.672337534913471,0.664698167475539,0.658140961448882,0.648641743271933,0.634789405099186,0.600733837647858,0.527715954293358,0.338564253701108,0.18782504037146
0.854388723953236,1,0.959083396231368,0.931936693644485,0.923882050583808,0.908574813047452,0.900457247883391,0.891600998194305,0.88728800170778,0.883007613307802,0.876798062585926,0.867671209853837,0.862471423009575,0.855915474688673,0.851014858244004,0.843702616447728,0.840664269131079,0.837191662149066,0.8305800477372,0.825294213689991,0.822150540761843,0.815353560253441,0.811486299095027,0.805163530090592,0.792454584976384,0.782643267656052,0.766711369496093,0.748282348819645,0.711324913746292,0.634276236331183,0.400487575707753,0.232666138135473
0.80814037782998,0.959083396231368,1,0.978936248150584,0.966886002608327,0.952371026676994,0.943019696003017,0.933952372683854,0.930816735291897,0.926887959483977,0.921294244667569,0.913503068274806,0.908624038022697,0.901765735218111,0.897027024029312,0.888022240672531,0.885014282437637,0.880727847692997,0.874110332495571,0.869367081548201,0.866245140012495,0.860633802144581,0.857333877875869,0.85226727594984,0.83885299430027,0.826804351548353,0.812418681805428,0.795121015608936,0.757096933984439,0.674045671373978,0.448953895532358,0.26736287570823
0.784534296294765,0.931936693644485,0.978936248150584,1,0.988181667449561,0.974871893690383,0.965896990035814,0.957935077286885,0.954292900023545,0.950272486401038,0.944959424007303,0.937385649264061,0.932384981178109,0.926759243150702,0.921690576726413,0.913605127205138,0.910462476615129,0.90544501491742,0.899626645974943,0.895586483746222,0.893004900754828,0.887950137457543,0.884720329518537,0.879623509048847,0.865865018786824,0.854657430899762,0.839550970603454,0.822383186948774,0.78175279159374,0.697614923791219,0.48847836451399,0.28874068049046
0.777952253928977,0.923882050583808,0.966886002608327,0.988181667449561,1,0.988598402387797,0.979176169051149,0.970859157831409,0.964804073272317,0.960383340478665,0.95477970608663,0.946200636270243,0.940064773384634,0.93484585816681,0.929046496477596,0.920252523757141,0.917011474965266,0.911892258279335,0.90656990621927,0.902406322876997,0.899694418200579,0.895083438359353,0.89199490255171,0.886076322360777,0.873160467670474,0.862442789989816,0.84644109895157,0.827615707046367,0.78507839413225,0.699083071119411,0.487187476695667,0.28996489370139
0.762753888062195,0.908574813047452,0.952371026676994,0.974871893690383,0.988598402387797,1,0.992530759892404,0.984502164437811,0.978907338984892,0.973883443484909,0.967441112372589,0.958730588928292,0.952076951259892,0.946737774726296,0.940420575803589,0.931683352578974,0.927546559462171,0.922929161108158,0.917294088531917,0.913763454312742,0.911341333726632,0.90724395489007,0.903462717200531,0.898118215258156,0.885219859699771,0.875214555628376,0.858976511609922,0.839445688781426,0.797186357180361,0.710138651385207,0.498674298780049,0.297597953983046
0.756113116257361,0.900457247883391,0.943019696003017,0.965896990035814,0.979176169051149,0.992530759892404,1,0.992814602364476,0.986648178781975,0.981652214133575,0.974179860483733,0.965870301054755,0.959115424016266,0.954285214590901,0.948134042556759,0.939941850654906,0.9357573503007,0.930788302331399,0.924568762404502,0.919780516328958,0.916591768030264,0.912757368602513,0.909536804338053,0.90476207820158,0.892896763597748,0.883416656603376,0.867347190848596,0.847917306355098,0.807319266274646,0.721771612518428,0.510291905261175,0.299108472067301
0.749599076700131,0.891600998194305,0.933952372683854,0.957935077286885,0.970859157831409,0.984502164437811,0.992814602364476,1,0.993738965072839,0.98792021219524,0.979956340861831,0.971606152347466,0.964656736661995,0.959287058536301,0.953080241669365,0.945512829137889,0.940777187971693,0.936020515685137,0.929323840348901,0.92508981421482,0.922091134003246,0.918356242732306,0.915241900888734,0.910826440219359,0.900187253543114,0.891280809068257,0.876577024851521,0.857489515898772,0.817548824463871,0.733513957770481,0.52115205643566,0.30850614612361
0.74789496865139,0.88728800170778,0.930816735291897,0.954292900023545,0.964804073272317,0.978907338984892,0.986648178781975,0.993738965072839,1,0.995337419934911,0.988282363717275,0.980440576940172,0.973513902882554,0.96832195463125,0.962687117104928,0.956057689679199,0.951215713365199,0.946891382312102,0.940879737340005,0.936824131302661,0.934194195673061,0.930490885180158,0.927237442045139,0.922673545975256,0.912756716193492,0.905031110859384,0.890456198213516,0.872232244356654,0.832780427603517,0.750512793641536,0.539580699940303,0.318139508812704
0.745429498824998,0.883007613307802,0.926887959483977,0.950272486401038,0.960383340478665,0.973883443484909,0.981652214133575,0.98792021219524,0.995337419934911,1,0.994919295584257,0.988155583220246,0.981053386478538,0.975523701584908,0.969881375647715,0.963204844735928,0.958111405910008,0.953976354533823,0.947897008811077,0.943366658744043,0.940057428190462,0.935913667975421,0.932460373292037,0.927124710063667,0.917346205225451,0.909597134469325,0.895708366931394,0.877110841957639,0.837509692081812,0.755868725553367,0.543683365894261,0.321717769609999
0.740717093391982,0.876798062585926,0.921294244667569,0.944959424007303,0.95477970608663,0.967441112372589,0.974179860483733,0.979956340861831,0.988282363717275,0.994919295584257,1,0.99514375259473,0.989060572792599,0.98319343807572,0.977154489444223,0.970635278950515,0.96451780996921,0.960354952344566,0.954771618094196,0.950015448154132,0.94634969774216,0.942635176481505,0.939046613640208,0.933121869144722,0.924260409894598,0.917032441519995,0.904308768712839,0.885872946364567,0.847061917373885,0.764585922987445,0.552603763724899,0.328769494533504
0.731959456115842,0.867671209853837,0.913503068274806,0.937385649264061,0.946200636270243,0.958730588928292,0.965870301054755,0.971606152347466,0.980440576940172,0.988155583220246,0.99514375259473,1,0.995752957163993,0.989706282383145,0.9842622992636,0.977849512773527,0.971554660140613,0.966873543787419,0.961068056508743,0.95623222334903,0.952286129179143,0.949089092823894,0.94593635030477,0.940096573512551,0.931289160539391,0.925268020219244,0.912755947088031,0.895290720880891,0.85876141899702,0.777263300748392,0.565454465780863,0.337918584219017
0.727750976583825,0.862471423009575,0.908624038022697,0.932384981178109,0.940064773384634,0.952076951259892,0.959115424016266,0.964656736661995,0.973513902882554,0.981053386478538,0.989060572792599,0.995752957163993,1,0.995628213352148,0.990800884999597,0.984937058894887,0.978804844365528,0.973722244207923,0.96796041794965,0.963447313970453,0.959139413443922,0.955586603124102,0.952690050062949,0.946901756528423,0.938005026932863,0.931979468549648,0.920394211467221,0.902936812578937,0.868081741099801,0.788959002145594,0.580617185812539,0.354201820211215
0.720840808245703,0.855915474688673,0.901765735218111,0.926759243150702,0.93484585816681,0.946737774726296,0.954285214590901,0.959287058536301,0.96832195463125,0.975523701584908,0.98319343807572,0.989706282383145,0.995628213352148,1,0.996439091013791,0.990887049198918,0.984864622095293,0.979883803998865,0.974694384066664,0.970240886929989,0.965550969999289,0.961722149580487,0.958821829329994,0.95336533574771,0.945009416888189,0.938436350116664,0.926738058673053,0.909863016048391,0.876402815332228,0.797283306022351,0.594377449527595,0.369887264233802
0.7177865205491,0.851014858244004,0.897027024029312,0.921690576726413,0.929046496477596,0.940420575803589,0.948134042556759,0.953080241669365,0.962687117104928,0.969881375647715,0.977154489444223,0.9842622992636,0.990800884999597,0.996439091013791,1,0.995484436193867,0.990096927610456,0.98498713309864,0.97916703587933,0.974539033043265,0.96964953290762,0.965115317022169,0.961727675793574,0.956544896816148,0.94814000685459,0.941579116115154,0.930702970064468,0.913655281484367,0.881465035631586,0.803572351496182,0.600778876919509,0.373442079976859
0.712589122178693,0.843702616447728,0.888022240672531,0.913605127205138,0.920252523757141,0.931683352578974,0.939941850654906,0.945512829137889,0.956057689679199,0.963204844735928,0.970635278950515,0.977849512773527,0.984937058894887,0.990887049198918,0.995484436193867,1,0.995444856158039,0.990362424062835,0.984371585396749,0.979608003414566,0.974546098550126,0.969857151032478,0.965638640476523,0.960428840271216,0.953225124049879,0.947023124718958,0.936214791593653,0.919328389031204,0.888209578255395,0.813077345024362,0.613158754249389,0.387241265790611
0.712507682223717,0.840664269131079,0.885014282437637,0.910462476615129,0.917011474965266,0.927546559462171,0.9357573503007,0.940777187971693,0.951215713365199,0.958111405910008,0.96451780996921,0.971554660140613,0.978804844365528,0.984864622095293,0.990096927610456,0.995444856158039,1,0.996005775607266,0.990920144352846,0.986104866173017,0.980977016804081,0.975934791452894,0.971759513475413,0.966354737249283,0.959559081043264,0.95326872740419,0.942203954140892,0.926310691317049,0.895105443315577,0.820704744512407,0.626310847975414,0.402177991827176
0.70937824564087,0.837191662149066,0.880727847692997,0.90544501491742,0.911892258279335,0.922929161108158,0.930788302331399,0.936020515685137,0.946891382312102,0.953976354533823,0.960354952344566,0.966873543787419,0.973722244207923,0.979883803998865,0.98498713309864,0.990362424062835,0.996005775607266,1,0.996056166499212,0.991580851226003,0.986255990357152,0.981235361297048,0.976749498942182,0.971737899682488,0.965046106622209,0.958209069125263,0.947399612055434,0.931973463487379,0.901251420213962,0.82783262683537,0.637612344277168,0.411200152872123
0.703530379179777,0.8305800477372,0.874110332495571,0.899626645974943,0.90656990621927,0.917294088531917,0.924568762404502,0.929323840348901,0.940879737340005,0.947897008811077,0.954771618094196,0.961068056508743,0.96796041794965,0.974694384066664,0.97916703587933,0.984371585396749,0.990920144352846,0.996056166499212,1,0.996582302796811,0.991725222723796,0.986833190913296,0.982254481393916,0.976942268696314,0.970756232395603,0.963733940173942,0.953286271177381,0.937589493897182,0.907523547544102,0.834041377786521,0.643342611194935,0.421752082898282
0.697225193119126,0.825294213689991,0.869367081548201,0.895586483746222,0.902406322876997,0.913763454312742,0.919780516328958,0.92508981421482,0.936824131302661,0.943366658744043,0.950015448154132,0.95623222334903,0.963447313970453,0.970240886929989,0.974539033043265,0.979608003414566,0.986104866173017,0.991580851226003,0.996582302796811,1,0.996474272018251,0.991599860158713,0.986603127019079,0.980573900478998,0.974647954353597,0.967008033319358,0.956058174540793,0.940040657584701,0.909133669578085,0.836234561710082,0.644594505865863,0.422054084126359
0.690576434724111,0.822150540761843,0.866245140012495,0.893004900754828,0.899694418200579,0.911341333726632,0.916591768030264,0.922091134003246,0.934194195673061,0.940057428190462,0.94634969774216,0.952286129179143,0.959139413443922,0.965550969999289,0.96964953290762,0.974546098550126,0.980977016804081,0.986255990357152,0.991725222723796,0.996474272018251,1,0.995803436788246,0.990759748046028,0.984645448699904,0.978492160522913,0.971653672415747,0.960968678506596,0.945379078687606,0.915132856075121,0.842477250778784,0.647037859722327,0.426999285158689
0.682387627438545,0.815353560253441,0.860633802144581,0.887950137457543,0.895083438359353,0.90724395489007,0.912757368602513,0.918356242732306,0.930490885180158,0.935913667975421,0.942635176481505,0.949089092823894,0.955586603124102,0.961722149580487,0.965115317022169,0.969857151032478,0.975934791452894,0.981235361297048,0.986833190913296,0.991599860158713,0.995803436788246,1,0.995419933581312,0.989491163207384,0.982469816082241,0.975974977905895,0.966263796989183,0.950883720793602,0.921429389449945,0.849240537754648,0.654197227343736,0.433851251316373
0.679305667990802,0.811486299095027,0.857333877875869,0.884720329518537,0.89199490255171,0.903462717200531,0.909536804338053,0.915241900888734,0.927237442045139,0.932460373292037,0.939046613640208,0.94593635030477,0.952690050062949,0.958821829329994,0.961727675793574,0.965638640476523,0.971759513475413,0.976749498942182,0.982254481393916,0.986603127019079,0.990759748046028,0.995419933581312,1,0.994544782202205,0.98731502606124,0.979756022932137,0.969417824179922,0.955030803304586,0.926808651103976,0.854636676697177,0.658773946316743,0.439680974379917
0.672337534913471,0.805163530090592,0.85226727594984,0.879623509048847,0.886076322360777,0.898118215258156,0.90476207820158,0.910826440219359,0.922673545975256,0.927124710063667,0.933121869144722,0.940096573512551,0.946901756528423,0.95336533574771,0.956544896816148,0.960428840271216,0.966354737249283,0.971737899682488,0.976942268696314,0.980573900478998,0.984645448699904,0.989491163207384,0.994544782202205,1,0.992933060463157,0.98522616861264,0.974527897054408,0.96063629713797,0.931374918626293,0.859332671137328,0.667429834547768,0.456056449171632
0.664698167475539,0.792454584976384,0.83885299430027,0.865865018786824,0.873160467670474,0.885219859699771,0.892896763597748,0.900187253543114,0.912756716193492,0.917346205225451,0.924260409894598,0.931289160539391,0.938005026932863,0.945009416888189,0.94814000685459,0.953225124049879,0.959559081043264,0.965046106622209,0.970756232395603,0.974647954353597,0.978492160522913,0.982469816082241,0.98731502606124,0.992933060463157,1,0.992982572495993,0.983082155508397,0.971587948187559,0.944992658564823,0.877609845000187,0.689497842849984,0.474785041051018
0.658140961448882,0.782643267656052,0.826804351548353,0.854657430899762,0.862442789989816,0.875214555628376,0.883416656603376,0.891280809068257,0.905031110859384,0.909597134469325,0.917032441519995,0.925268020219244,0.931979468549648,0.938436350116664,0.941579116115154,0.947023124718958,0.95326872740419,0.958209069125263,0.963733940173942,0.967008033319358,0.971653672415747,0.975974977905895,0.979756022932137,0.98522616861264,0.992982572495993,1,0.9913539087047,0.98037186515721,0.954658637836966,0.887792575956835,0.705417066755019,0.482519492377085
0.648641743271933,0.766711369496093,0.812418681805428,0.839550970603454,0.84644109895157,0.858976511609922,0.867347190848596,0.876577024851521,0.890456198213516,0.895708366931394,0.904308768712839,0.912755947088031,0.920394211467221,0.926738058673053,0.930702970064468,0.936214791593653,0.942203954140892,0.947399612055434,0.953286271177381,0.956058174540793,0.960968678506596,0.966263796989183,0.969417824179922,0.974527897054408,0.983082155508397,0.9913539087047,1,0.990582543268666,0.966274414074111,0.902508963220469,0.733977317753308,0.509749608828279
0.634789405099186,0.748282348819645,0.795121015608936,0.822383186948774,0.827615707046367,0.839445688781426,0.847917306355098,0.857489515898772,0.872232244356654,0.877110841957639,0.885872946364567,0.895290720880891,0.902936812578937,0.909863016048391,0.913655281484367,0.919328389031204,0.926310691317049,0.931973463487379,0.937589493897182,0.940040657584701,0.945379078687606,0.950883720793602,0.955030803304586,0.96063629713797,0.971587948187559,0.98037186515721,0.990582543268666,1,0.983788882020623,0.928551020117502,0.760506834350782,0.537840700914769
0.600733837647858,0.711324913746292,0.757096933984439,0.78175279159374,0.78507839413225,0.797186357180361,0.807319266274646,0.817548824463871,0.832780427603517,0.837509692081812,0.847061917373885,0.85876141899702,0.868081741099801,0.876402815332228,0.881465035631586,0.888209578255395,0.895105443315577,0.901251420213962,0.907523547544102,0.909133669578085,0.915132856075121,0.921429389449945,0.926808651103976,0.931374918626293,0.944992658564823,0.954658637836966,0.966274414074111,0.983788882020623,1,0.959105577238177,0.792317016633673,0.577477290736885
0.527715954293358,0.634276236331183,0.674045671373978,0.697614923791219,0.699083071119411,0.710138651385207,0.721771612518428,0.733513957770481,0.750512793641536,0.755868725553367,0.764585922987445,0.777263300748392,0.788959002145594,0.797283306022351,0.803572351496182,0.813077345024362,0.820704744512407,0.82783262683537,0.834041377786521,0.836234561710082,0.842477250778784,0.849240537754648,0.854636676697177,0.859332671137328,0.877609845000187,0.887792575956835,0.902508963220469,0.928551020117502,0.959105577238177,1,0.852744069307169,0.633091819836353
0.338564253701108,0.400487575707753,0.448953895532358,0.48847836451399,0.487187476695667,0.498674298780049,0.510291905261175,0.52115205643566,0.539580699940303,0.543683365894261,0.552603763724899,0.565454465780863,0.580617185812539,0.594377449527595,0.600778876919509,0.613158754249389,0.626310847975414,0.637612344277168,0.643342611194935,0.644594505865863,0.647037859722327,0.654197227343736,0.658773946316743,0.667429834547768,0.689497842849984,0.705417066755019,0.733977317753308,0.760506834350782,0.792317016633673,0.852744069307169,1,0.764013426073861
0.18782504037146,0.232666138135473,0.26736287570823,0.28874068049046,0.28996489370139,0.297597953983046,0.299108472067301,0.30850614612361,0.318139508812704,0.321717769609999,0.328769494533504,0.337918584219017,0.354201820211215,0.369887264233802,0.373442079976859,0.387241265790611,0.402177991827176,0.411200152872123,0.421752082898282,0.422054084126359,0.426999285158689,0.433851251316373,0.439680974379917,0.456056449171632,0.474785041051018,0.482519492377085,0.509749608828279,0.537840700914769,0.577477290736885,0.633091819836353,0.764013426073861,1
