1,0.997862223760308,0.988331159389043,0.962772825335428,0.902726707489824,0.773463810598623,0.536010148309391,0.529773321392955,0.518546357489804,0.498734032456637,0.470903297640794,0.436733716794609,0.39857066389187,0.385068375763587,0.375296115437095,0.357635021394978,0.336196981131788,0.314014480016477,0.29282991500567,0.258427446739696,0.195230791387762,0.15443153515136,0.12925969028377,0.11272161230035,0.101163584257562,0.0932262468364348,0.116971287933757,0.121288148834541,0.121572413241772,0.121021255614227,0.120342706438102,0.119706509959018
0.997862223760308,1,0.996172889320802,0.978380255027798,0.928912580105942,0.81323353764873,0.590035827109106,0.583560642971293,0.571150820358119,0.549283307360661,0.518584711739863,0.48090701329322,0.438835004146912,0.423179789124225,0.411353430736045,0.391010263366123,0.366689482663372,0.341709478951837,0.317957209633406,0.281303772516114,0.214692463735161,0.171281709055956,0.144405642670228,0.12671618516622,0.114339923786581,0.105814089538218,0.129372409492527,0.13281646226931,0.132426732133274,0.131396086460261,0.130369158586143,0.12947128806062
0.988331159389043,0.996172889320802,1,0.9927124025651,0.957723395185556,0.860985249142289,0.658346212389922,0.651595537019098,0.637686699988246,0.61321673056978,0.578887833088752,0.536770198769914,0.489751541964982,0.471321614773246,0.456827120118295,0.433032889605473,0.405019263024184,0.376464820707012,0.349437242730869,0.310018368333974,0.239285582262606,0.192672388624832,0.163696746840952,0.144585676972567,0.131197837281534,0.121941936106396,0.145093013363099,0.147346719603893,0.146058175527579,0.14439313983333,0.142907146507685,0.141665308927999
0.962772825335428,0.978380255027798,0.9927124025651,1,0.985412804870123,0.916004515545075,0.744256372763014,0.737210685317057,0.7214098617009,0.693659246437748,0.654756448661967,0.607046504504803,0.55379849523805,0.531774539613698,0.513783510755476,0.4855301429139,0.452777038525422,0.419653165212672,0.388449392560514,0.345712985770055,0.270186484244288,0.219743640500664,0.188237301099676,0.167406323023206,0.152791994698215,0.142645819364793,0.164944544215919,0.165528765463529,0.163017187157498,0.160498417299457,0.158398165919188,0.156697692537534
0.902726707489824,0.928912580105942,0.957723395185556,0.985412804870123,1,0.970913779373278,0.847062697118414,0.839775680972834,0.821696095024659,0.790002946049278,0.745608730516895,0.691188279493239,0.630467910687609,0.603916389690843,0.581435142806228,0.547587481140128,0.508956133397746,0.470203381438823,0.433878289524432,0.387520085592863,0.307102895045551,0.252506767082076,0.218210410055733,0.195468823044424,0.179486031366131,0.168335033336082,0.18887529995951,0.187087336549605,0.182911071861044,0.179249320810053,0.176333864646418,0.174028010551191
0.773463810598623,0.81323353764873,0.860985249142289,0.916004515545075,0.970913779373278,1,0.949679884724471,0.942414843138469,0.922026156566227,0.886358487635061,0.836440700782776,0.77527892277508,0.707057902390472,0.675453703399487,0.647770400286652,0.607731225112792,0.562746186862156,0.517996600716939,0.476268330732345,0.42711437410417,0.343805849967654,0.286074890963234,0.249554642549749,0.225253191017896,0.208137986931346,0.196126485123031,0.213173776399148,0.20813706314468,0.201825916076088,0.196737750069319,0.192820007680702,0.18977682903234
0.536010148309391,0.590035827109106,0.658346212389922,0.744256372763014,0.847062697118414,0.949679884724471,1,0.993405723016892,0.97179802922973,0.934082862839851,0.88135039960543,0.816774514407945,0.744769867210438,0.709348629579648,0.6773063781863,0.63270574225375,0.58338415267188,0.534744048477691,0.489634886840674,0.441167292979987,0.36143835837488,0.304708135396495,0.268505909494283,0.244311377479453,0.227227232549496,0.215151483299649,0.226122772621565,0.217281134664256,0.208734849926726,0.20223028938394,0.197347567515603,0.193608747052453
0.529773321392955,0.583560642971293,0.651595537019098,0.737210685317057,0.839775680972834,0.942414843138469,0.993405723016892,1,0.992422825640231,0.968851025553805,0.929691578424712,0.877515820998848,0.81634087810562,0.784252183709549,0.750461442081982,0.70255635155172,0.649171335504159,0.596300707786074,0.547136767731525,0.497537765548552,0.415107050318942,0.354562856524647,0.315534576574937,0.28932214306001,0.2707587646268,0.25750373523939,0.260119070666264,0.245025320926786,0.232588829195126,0.223548420533342,0.216908767991893,0.211889193484423
0.518546357489804,0.571150820358119,0.637686699988246,0.7214098617009,0.821696095024659,0.922026156566227,0.97179802922973,0.992422825640231,1,0.991937822762727,0.967904795323291,0.929788556331337,0.881121157234322,0.853099544045605,0.817962159797328,0.767243646897067,0.710306106896931,0.653691283567324,0.600913282330783,0.55078921167083,0.466576079840282,0.402782200107092,0.361269328176408,0.333261058561945,0.313372667544448,0.299040734089924,0.292740054714975,0.271205242708971,0.254802064763474,0.243188554083072,0.234771235726139,0.228458213533581
0.498734032456637,0.549283307360661,0.61321673056978,0.693659246437748,0.790002946049278,0.886358487635061,0.934082862839851,0.968851025553805,0.991937822762727,1,0.991949669521384,0.968939345571974,0.933944704631885,0.910562710017955,0.874594303624973,0.82177934171031,0.762081796789102,0.702504157968138,0.646836641820882,0.596966851755732,0.512252430763912,0.446119746940114,0.402703416574983,0.373287644666782,0.352348429931398,0.337133346828822,0.321736884564566,0.293900786319925,0.273666874071463,0.259583900910102,0.249466772480928,0.241919944008703
0.470903297640794,0.518584711739863,0.578887833088752,0.654756448661967,0.745608730516895,0.836440700782776,0.88135039960543,0.929691578424712,0.967904795323291,0.991949669521384,1,0.992455151625644,0.971686905134547,0.953317737422259,0.917098246156076,0.863039039638763,0.801545034991822,0.739966343054028,0.682308041908001,0.63349557936718,0.549644697974361,0.48224009517937,0.437620989463971,0.407272533820529,0.38562052426561,0.369768001340553,0.345530399150951,0.31184597234705,0.28811002958901,0.271786230521376,0.260133488901806,0.251475311102978
0.436733716794609,0.48090701329322,0.536770198769914,0.607046504504803,0.691188279493239,0.77527892277508,0.816774514407945,0.877515820998848,0.929788556331337,0.968939345571974,0.992455151625644,1,0.993324586707011,0.9800907028385,0.944183689194459,0.889749013671922,0.827458919787388,0.76488734649553,0.706185969614024,0.659145981881283,0.577417412040509,0.509815254827837,0.464716026599312,0.433930054012085,0.41192003043822,0.395693493380904,0.363267522079445,0.324437330277203,0.29767474927213,0.279431736620566,0.266470930720443,0.256869534278869
0.39857066389187,0.438835004146912,0.489751541964982,0.55379849523805,0.630467910687609,0.707057902390472,0.744769867210438,0.81634087810562,0.881121157234322,0.933944704631885,0.971686905134547,0.993324586707011,1,0.991779797035464,0.956661345634212,0.90262319153841,0.840442088204257,0.777798235683179,0.718924048200998,0.674199566888563,0.595593431662261,0.528736548388986,0.483806796522104,0.453033236870053,0.430989546437218,0.41463462869301,0.37495146875764,0.331814854795264,0.302573360967184,0.282775980848435,0.268763035627253,0.25840648372807
0.385068375763587,0.423179789124225,0.471321614773246,0.531774539613698,0.603916389690843,0.675453703399487,0.709348629579648,0.784252183709549,0.853099544045605,0.910562710017955,0.953317737422259,0.9800907028385,0.991779797035464,1,0.985532956614706,0.949045116502453,0.901010608035706,0.849447461572638,0.799160554272737,0.757897840912344,0.6694213784001,0.594213273056969,0.543678854453659,0.509068888342811,0.484278081911187,0.465834052586929,0.417789690526503,0.367841578205506,0.334262622904533,0.311607434987113,0.295602240494015,0.283787547784991
0.375296115437095,0.411353430736045,0.456827120118295,0.513783510755476,0.581435142806228,0.647770400286652,0.6773063781863,0.750461442081982,0.817962159797328,0.874594303624973,0.917098246156076,0.944183689194459,0.956661345634212,0.985532956614706,1,0.988726434600019,0.961497263834064,0.926590579348843,0.889478822977954,0.852889743365078,0.750988916284276,0.665283079927279,0.607853474832315,0.568570742203221,0.540453240233593,0.519517104856173,0.463997855978237,0.407462109632963,0.369606538872091,0.344109151625806,0.326112831571382,0.312836193785146
0.357635021394978,0.391010263366123,0.433032889605473,0.4855301429139,0.547587481140128,0.607731225112792,0.63270574225375,0.70255635155172,0.767243646897067,0.82177934171031,0.863039039638763,0.889749013671922,0.90262319153841,0.949045116502453,0.988726434600019,1,0.991806622465979,0.972455021854511,0.947875772572789,0.916295827822626,0.804986228337882,0.712067634441809,0.649927820220895,0.607461792803878,0.577081627369387,0.55444741412565,0.49365985767773,0.432664112776079,0.391940903170825,0.364545862192978,0.34522334700202,0.330974496366128
0.336196981131788,0.366689482663372,0.405019263024184,0.452777038525422,0.508956133397746,0.562746186862156,0.58338415267188,0.649171335504159,0.710306106896931,0.762081796789102,0.801545034991822,0.827458919787388,0.840442088204257,0.901010608035706,0.961497263834064,0.991806622465979,1,0.994264255227085,0.980815195253436,0.954071398843623,0.836717102876548,0.739299817611436,0.674248196158389,0.629822659901588,0.598053173609128,0.574373360092484,0.510173756133748,0.446459299012776,0.404014847067346,0.375488731470674,0.355378909275606,0.340554389162752
0.314014480016477,0.341709478951837,0.376464820707012,0.419653165212672,0.470203381438823,0.517996600716939,0.534744048477691,0.596300707786074,0.653691283567324,0.702504157968138,0.739966343054028,0.76488734649553,0.777798235683179,0.849447461572638,0.926590579348843,0.972455021854511,0.994264255227085,1,0.996038571400958,0.973680462150625,0.852743632534587,0.752787022915392,0.686116968215613,0.640610475402199,0.608077989712972,0.583821049354611,0.517573477693908,0.452385405257242,0.40903452207972,0.379920760684866,0.359405090744579,0.344285336813777
0.29282991500567,0.317957209633406,0.349437242730869,0.388449392560514,0.433878289524432,0.476268330732345,0.489634886840674,0.547136767731525,0.600913282330783,0.646836641820882,0.682308041908001,0.706185969614024,0.718924048200998,0.799160554272737,0.889478822977954,0.947875772572789,0.980815195253436,0.996038571400958,1,0.981483462020832,0.858623829811651,0.757428606735901,0.6899949913039,0.643987046530413,0.611104200310034,0.586579191038485,0.519207243709763,0.453363077955089,0.409637028803827,0.38028885416688,0.359614859032957,0.344381639446932
0.258427446739696,0.281303772516114,0.310018368333974,0.345712985770055,0.387520085592863,0.42711437410417,0.441167292979987,0.497537765548552,0.55078921167083,0.596966851755732,0.63349557936718,0.659145981881283,0.674199566888563,0.757897840912344,0.852889743365078,0.916295827822626,0.954071398843623,0.973680462150625,0.981483462020832,1,0.939370302702802,0.865883592309588,0.812696480484363,0.775077841707998,0.747642600251861,0.726904823473012,0.648930328820146,0.569700469779295,0.516671831325712,0.480961158008524,0.455758705892744,0.437166979207152
0.195230791387762,0.214692463735161,0.239285582262606,0.270186484244288,0.307102895045551,0.343805849967654,0.36143835837488,0.415107050318942,0.466576079840282,0.512252430763912,0.549644697974361,0.577417412040509,0.595593431662261,0.6694213784001,0.750988916284276,0.804986228337882,0.836717102876548,0.852743632534587,0.858623829811651,0.939370302702802,1,0.984921735430594,0.963228966348862,0.944754662589603,0.930036521624068,0.918309227569938,0.828822396659667,0.732599912269981,0.667501820647728,0.623464828218756,0.592308761611251,0.569288830109036
0.15443153515136,0.171281709055956,0.192672388624832,0.219743640500664,0.252506767082076,0.286074890963234,0.304708135396495,0.354562856524647,0.402782200107092,0.446119746940114,0.48224009517937,0.509815254827837,0.528736548388986,0.594213273056969,0.665283079927279,0.712067634441809,0.739299817611436,0.752787022915392,0.757428606735901,0.865883592309588,0.984921735430594,1,0.99518724819641,0.987215217169446,0.979585178862656,0.972939359635903,0.881730963092034,0.781329619841819,0.713115131175046,0.666888415419794,0.634151459575455,0.60994867944957
0.12925969028377,0.144405642670228,0.163696746840952,0.188237301099676,0.218210410055733,0.249554642549749,0.268505909494283,0.315534576574937,0.361269328176408,0.402703416574983,0.437620989463971,0.464716026599312,0.483806796522104,0.543678854453659,0.607853474832315,0.649927820220895,0.674248196158389,0.686116968215613,0.6899949913039,0.812696480484363,0.963228966348862,0.99518724819641,1,0.998083156031049,0.994569872170536,0.990891063719148,0.899925477389373,0.79849783336401,0.729429042130265,0.682579301221049,0.649384043484887,0.624834460436149
0.11272161230035,0.12671618516622,0.144585676972567,0.167406323023206,0.195468823044424,0.225253191017896,0.244311377479453,0.28932214306001,0.333261058561945,0.373287644666782,0.407272533820529,0.433930054012085,0.453033236870053,0.509068888342811,0.568570742203221,0.607461792803878,0.629822659901588,0.640610475402199,0.643987046530413,0.775077841707998,0.944754662589603,0.987215217169446,0.998083156031049,1,0.999104088623154,0.997317345989307,0.906955966403915,0.805382868727032,0.736116868010031,0.689105856455939,0.655785683381391,0.631138751679708
0.101163584257562,0.114339923786581,0.131197837281534,0.152791994698215,0.179486031366131,0.208137986931346,0.227227232549496,0.2707587646268,0.313372667544448,0.352348429931398,0.38562052426561,0.41192003043822,0.430989546437218,0.484278081911187,0.540453240233593,0.577081627369387,0.598053173609128,0.608077989712972,0.611104200310034,0.747642600251861,0.930036521624068,0.979585178862656,0.994569872170536,0.999104088623154,1,0.99951105727913,0.909762255810692,0.808313834756239,0.739065825837552,0.692048271881662,0.6587162056189,0.634057092387958
0.0932262468364348,0.105814089538218,0.121941936106396,0.142645819364793,0.168335033336082,0.196126485123031,0.215151483299649,0.25750373523939,0.299040734089924,0.337133346828822,0.369768001340553,0.395693493380904,0.41463462869301,0.465834052586929,0.519517104856173,0.55444741412565,0.574373360092484,0.583821049354611,0.586579191038485,0.726904823473012,0.918309227569938,0.972939359635903,0.990891063719148,0.997317345989307,0.99951105727913,1,0.913256269037633,0.813066358832696,0.74442464357151,0.697748098712051,0.664630459076926,0.640117238118372
0.116971287933757,0.129372409492527,0.145093013363099,0.164944544215919,0.18887529995951,0.213173776399148,0.226122772621565,0.260119070666264,0.292740054714975,0.321736884564566,0.345530399150951,0.363267522079445,0.37495146875764,0.417789690526503,0.463997855978237,0.49365985767773,0.510173756133748,0.517573477693908,0.519207243709763,0.648930328820146,0.828822396659667,0.881730963092034,0.899925477389373,0.906955966403915,0.909762255810692,0.913256269037633,1,0.979706010897353,0.951864446763114,0.929050697508983,0.911365107022022,0.897576128324779
0.121288148834541,0.13281646226931,0.147346719603893,0.165528765463529,0.187087336549605,0.20813706314468,0.217281134664256,0.245025320926786,0.271205242708971,0.293900786319925,0.31184597234705,0.324437330277203,0.331814854795264,0.367841578205506,0.407462109632963,0.432664112776079,0.446459299012776,0.452385405257242,0.453363077955089,0.569700469779295,0.732599912269981,0.781329619841819,0.79849783336401,0.805382868727032,0.808313834756239,0.813066358832696,0.979706010897353,1,0.993985999552057,0.98434976146436,0.975370690846306,0.967726537718026
0.121572413241772,0.132426732133274,0.146058175527579,0.163017187157498,0.182911071861044,0.201825916076088,0.208734849926726,0.232588829195126,0.254802064763474,0.273666874071463,0.28811002958901,0.29767474927213,0.302573360967184,0.334262622904533,0.369606538872091,0.391940903170825,0.404014847067346,0.40903452207972,0.409637028803827,0.516671831325712,0.667501820647728,0.713115131175046,0.729429042130265,0.736116868010031,0.739065825837552,0.74442464357151,0.951864446763114,0.993985999552057,1,0.997727884696129,0.993659041126184,0.989502743938789
0.121021255614227,0.131396086460261,0.14439313983333,0.160498417299457,0.179249320810053,0.196737750069319,0.20223028938394,0.223548420533342,0.243188554083072,0.259583900910102,0.271786230521376,0.279431736620566,0.282775980848435,0.311607434987113,0.344109151625806,0.364545862192978,0.375488731470674,0.379920760684866,0.38028885416688,0.480961158008524,0.623464828218756,0.666888415419794,0.682579301221049,0.689105856455939,0.692048271881662,0.697748098712051,0.929050697508983,0.98434976146436,0.997727884696129,1,0.998976396415324,0.996990769947056
0.120342706438102,0.130369158586143,0.142907146507685,0.158398165919188,0.176333864646418,0.192820007680702,0.197347567515603,0.216908767991893,0.234771235726139,0.249466772480928,0.260133488901806,0.266470930720443,0.268763035627253,0.295602240494015,0.326112831571382,0.34522334700202,0.355378909275606,0.359405090744579,0.359614859032957,0.455758705892744,0.592308761611251,0.634151459575455,0.649384043484887,0.655785683381391,0.6587162056189,0.664630459076926,0.911365107022022,0.975370690846306,0.993659041126184,0.998976396415324,1,0.999476840384758
0.119706509959018,0.12947128806062,0.141665308927999,0.156697692537534,0.174028010551191,0.18977682903234,0.193608747052453,0.211889193484423,0.228458213533581,0.241919944008703,0.251475311102978,0.256869534278869,0.25840648372807,0.283787547784991,0.312836193785146,0.330974496366128,0.340554389162752,0.344285336813777,0.344381639446932,0.437166979207152,0.569288830109036,0.60994867944957,0.624834460436149,0.631138751679708,0.634057092387958,0.640117238118372,0.897576128324779,0.967726537718026,0.989502743938789,0.996990769947056,0.999476840384758,1
