1,0.611444229126844,0.516092901696669,0.47736817490182,0.455457037643594,0.442388606735393,0.422254700650325,0.418629542445522,0.406031234259542,0.399661279546956,0.401954195020416,0.392118237269135,0.382268242098857,0.383172004644301,0.377576499804333,0.370836448319369,0.364658178497712,0.361101650587821,0.36303494994959,0.364592935967458,0.359022080954862,0.34819845839785,0.343913641328003,0.332442958416308,0.319086444813865,0.320045396514605,0.310680159654298,0.288256133013254,0.26795828232385,0.21625822895675,0.161746538141913,0.0602052113693711
0.611444229126844,1,0.90959864398319,0.874762624845012,0.852308758288499,0.833590436751886,0.816936683026421,0.806923805918485,0.789014716332725,0.783992994313504,0.773237427430065,0.765827156941627,0.754619015198894,0.749420864106861,0.740762084871395,0.739399443995851,0.73599242783378,0.728921075097421,0.72653538666681,0.72146239935973,0.717072726656778,0.70628790787203,0.702545390188701,0.696506977391962,0.685854604057673,0.67426617549771,0.662409074215177,0.640097145141402,0.603520401115312,0.522169456066998,0.359080798050485,0.0657714913459037
0.516092901696669,0.90959864398319,1,0.960251744945694,0.932926895875276,0.915212710478406,0.896148400327843,0.88910785120952,0.876947276439314,0.870464177564899,0.859187619759748,0.852158112517702,0.841748436872198,0.836614781035469,0.828033474938473,0.827515898362917,0.823922626326255,0.816011800687459,0.813507129872206,0.807013815432406,0.801856181326589,0.790028028866989,0.784504042528202,0.778795698613401,0.765846672374408,0.754713715708675,0.738770201948601,0.716219851043123,0.674482481012914,0.591809548703375,0.414660933042091,0.0750111293005582
0.47736817490182,0.874762624845012,0.960251744945694,1,0.973928622922729,0.954441485597947,0.937321897755622,0.927874137506091,0.917520516373798,0.911055092462581,0.899314271948,0.891356227644081,0.880894490433822,0.874476530641321,0.866817769526668,0.865306430151839,0.861494187204723,0.854843644857326,0.851967301166013,0.844626461904125,0.837842277017296,0.825880873035885,0.818732325945784,0.809080488641466,0.796457594224772,0.786185135221794,0.767438706352452,0.744743316606636,0.702754162990954,0.618883857411029,0.432230765623925,0.0846601777722466
0.455457037643594,0.852308758288499,0.932926895875276,0.973928622922729,1,0.983916178847369,0.962365842097215,0.949904626708022,0.937928135396894,0.93047691751212,0.917484656007403,0.908852201393063,0.895986138383545,0.888292604023815,0.880105035692356,0.87768891915992,0.873513861414809,0.865852640570031,0.861589384857325,0.852887748027205,0.847165254651373,0.836463457921811,0.829268726985442,0.81753943642309,0.806538126895137,0.797043375199077,0.77931534347018,0.757474236297863,0.718069428915848,0.632065359563021,0.436697745280789,0.0856392495221454
0.442388606735393,0.833590436751886,0.915212710478406,0.954441485597947,0.983916178847369,1,0.984713265731201,0.970491659229419,0.95671740137899,0.945299426864037,0.932290045215859,0.922653574490368,0.908879188092215,0.899446642274709,0.889215880697956,0.88620693950426,0.882283851791143,0.875119831467914,0.871196731401988,0.861434020017197,0.85551410014476,0.846797741447105,0.84017456172031,0.832096582283127,0.820218291861153,0.808971257688731,0.791022189413033,0.770180013950959,0.731729982878604,0.64559657387774,0.444992929891145,0.0889361720763342
0.422254700650325,0.816936683026421,0.896148400327843,0.937321897755622,0.962365842097215,0.984713265731201,1,0.986494998931583,0.971118226456657,0.959696628785311,0.946820994702009,0.937597386395676,0.924429095578012,0.914593869943798,0.903645022773911,0.900043792801042,0.896584772366444,0.889303203412603,0.885097148970129,0.875026091565587,0.869008414395872,0.860985403958637,0.85359256947328,0.846592680647283,0.833901638718483,0.820733441849314,0.802779200924682,0.782468791289742,0.742785505938285,0.655197239722075,0.450271109744404,0.0845301034332964
0.418629542445522,0.806923805918485,0.88910785120952,0.927874137506091,0.949904626708022,0.970491659229419,0.986494998931583,1,0.986850467325952,0.976004976697042,0.962905425730723,0.952848621131719,0.940618524989654,0.929101131417389,0.918655238108935,0.913891992340365,0.909112089531794,0.902096795725397,0.897260427226887,0.888907936235578,0.884215726218524,0.876053408883901,0.86783941601578,0.860943367045015,0.84896124930427,0.834767820346716,0.817592210447552,0.800010825247498,0.759892677029294,0.670218476589411,0.468300895990707,0.0910466632317729
0.406031234259542,0.789014716332725,0.876947276439314,0.917520516373798,0.937928135396894,0.95671740137899,0.971118226456657,0.986850467325952,1,0.98980549168527,0.97826913926311,0.968460593513717,0.95514121074237,0.942790423546808,0.932130800385332,0.925808287930099,0.92009612827815,0.914462759809629,0.911069092090323,0.904441603432127,0.89951802764164,0.890990704703178,0.881836593001146,0.8750012850661,0.864472687481183,0.851789541959407,0.834046355472392,0.81583023433768,0.77668103207309,0.685862516994835,0.484601026468843,0.100443190169863
0.399661279546956,0.783992994313504,0.870464177564899,0.911055092462581,0.93047691751212,0.945299426864037,0.959696628785311,0.976004976697042,0.98980549168527,1,0.99082109901167,0.98020499058535,0.967053199932727,0.953094375002672,0.943089578801424,0.936012647683495,0.929248703067278,0.923022018609191,0.918498778131332,0.911726707347871,0.906834189011089,0.89978549329867,0.89064160071479,0.884148780910918,0.874301364313515,0.860233118366387,0.842859781309213,0.824996187413416,0.786261697200076,0.693782765551555,0.492492777238178,0.106596326462818
0.401954195020416,0.773237427430065,0.859187619759748,0.899314271948,0.917484656007403,0.932290045215859,0.946820994702009,0.962905425730723,0.97826913926311,0.99082109901167,1,0.992431337886922,0.980970325638531,0.968761022617029,0.958397099142417,0.950206281261682,0.94268822918976,0.935998531821768,0.930095415010891,0.923891827839931,0.918852128857489,0.911261498815976,0.901502330119306,0.895244648434078,0.886489655518589,0.872950784199192,0.855302371842008,0.838810811654478,0.801320860449716,0.708739340807542,0.505489614840061,0.11450974118852
0.392118237269135,0.765827156941627,0.852158112517702,0.891356227644081,0.908852201393063,0.922653574490368,0.937597386395676,0.952848621131719,0.968460593513717,0.98020499058535,0.992431337886922,1,0.991761927993595,0.98014537177274,0.969801268937163,0.961646774654847,0.953532365649276,0.946832150919577,0.940357029460885,0.934330591301522,0.927548813195646,0.920609031481652,0.911457948569387,0.905176995253834,0.896634774717566,0.883511532946405,0.866279783747239,0.851837929470988,0.816459955745191,0.723624328809884,0.521956954824177,0.118329409834409
0.382268242098857,0.754619015198894,0.841748436872198,0.880894490433822,0.895986138383545,0.908879188092215,0.924429095578012,0.940618524989654,0.95514121074237,0.967053199932727,0.980970325638531,0.991761927993595,1,0.991736395153687,0.981846996833501,0.973448842881912,0.965050560570004,0.958195741737642,0.95101297561701,0.94475123074507,0.93713827336478,0.929326143527714,0.919138801779941,0.91220611148956,0.904392303926803,0.890047026627845,0.873427141298063,0.860309231160669,0.824983870423819,0.73263629936391,0.533906088414678,0.127349101356009
0.383172004644301,0.749420864106861,0.836614781035469,0.874476530641321,0.888292604023815,0.899446642274709,0.914593869943798,0.929101131417389,0.942790423546808,0.953094375002672,0.968761022617029,0.98014537177274,0.991736395153687,1,0.992088465885788,0.983288203539469,0.974702499206114,0.967480293386771,0.960736360307667,0.953166291992633,0.94548459745044,0.937108299718694,0.928500715259677,0.920997086439636,0.914148672286646,0.901516298231069,0.88565156707827,0.87228494202613,0.836946830184492,0.744788156947677,0.54535340554744,0.125936062166398
0.377576499804333,0.740762084871395,0.828033474938473,0.866817769526668,0.880105035692356,0.889215880697956,0.903645022773911,0.918655238108935,0.932130800385332,0.943089578801424,0.958397099142417,0.969801268937163,0.981846996833501,0.992088465885788,1,0.992207424053525,0.983097651593782,0.975065537350567,0.967080570898802,0.958674553677806,0.951007079745994,0.942620106797315,0.933774947464613,0.926345782857472,0.918454324619779,0.906014250533887,0.891752804552958,0.880331948655466,0.846003565464103,0.754930294215308,0.553073049526887,0.131807125107423
0.370836448319369,0.739399443995851,0.827515898362917,0.865306430151839,0.87768891915992,0.88620693950426,0.900043792801042,0.913891992340365,0.925808287930099,0.936012647683495,0.950206281261682,0.961646774654847,0.973448842881912,0.983288203539469,0.992207424053525,1,0.99331819306615,0.985256526154119,0.976574215134342,0.968297014668298,0.960547313588477,0.951221597910192,0.942318847681439,0.934086622501756,0.923900987060438,0.909823964641098,0.897403671781133,0.885102365144689,0.849598980938302,0.761153131001187,0.557093465101077,0.140959311750996
0.364658178497712,0.73599242783378,0.823922626326255,0.861494187204723,0.873513861414809,0.882283851791143,0.896584772366444,0.909112089531794,0.92009612827815,0.929248703067278,0.94268822918976,0.953532365649276,0.965050560570004,0.974702499206114,0.983097651593782,0.99331819306615,1,0.99299480806159,0.98460566389338,0.976445852306024,0.967719007850348,0.958999223520647,0.951302481726534,0.942853401693425,0.932149256705223,0.918685826068743,0.906721629062898,0.893805401994643,0.859194916833912,0.775328905852951,0.571494499689164,0.149140761852045
0.361101650587821,0.728921075097421,0.816011800687459,0.854843644857326,0.865852640570031,0.875119831467914,0.889303203412603,0.902096795725397,0.914462759809629,0.923022018609191,0.935998531821768,0.946832150919577,0.958195741737642,0.967480293386771,0.975065537350567,0.985256526154119,0.99299480806159,1,0.993860475861044,0.985908439252631,0.97710956151221,0.968480332225231,0.961374727611718,0.953097590497452,0.942057934599622,0.928635939866926,0.916659736139817,0.902692022467945,0.86886051450215,0.787849088279294,0.586110511320468,0.166743605091418
0.36303494994959,0.72653538666681,0.813507129872206,0.851967301166013,0.861589384857325,0.871196731401988,0.885097148970129,0.897260427226887,0.911069092090323,0.918498778131332,0.930095415010891,0.940357029460885,0.95101297561701,0.960736360307667,0.967080570898802,0.976574215134342,0.98460566389338,0.993860475861044,1,0.992768437313559,0.984550716425853,0.975287247357982,0.967856141648418,0.958984722494624,0.948586789925119,0.936320744122821,0.924027475315017,0.909667831833288,0.873288850063214,0.79342726760362,0.590682311015208,0.166411746272509
0.364592935967458,0.72146239935973,0.807013815432406,0.844626461904125,0.852887748027205,0.861434020017197,0.875026091565587,0.888907936235578,0.904441603432127,0.911726707347871,0.923891827839931,0.934330591301522,0.94475123074507,0.953166291992633,0.958674553677806,0.968297014668298,0.976445852306024,0.985908439252631,0.992768437313559,1,0.993828628078414,0.984985169078883,0.976513945953297,0.967114429831895,0.955453322312188,0.944238596264152,0.932389472698906,0.916307655225093,0.880392226293676,0.801918251148932,0.601897486721148,0.182992080483876
0.359022080954862,0.717072726656778,0.801856181326589,0.837842277017296,0.847165254651373,0.85551410014476,0.869008414395872,0.884215726218524,0.89951802764164,0.906834189011089,0.918852128857489,0.927548813195646,0.93713827336478,0.94548459745044,0.951007079745994,0.960547313588477,0.967719007850348,0.97710956151221,0.984550716425853,0.993828628078414,1,0.992742657127179,0.982983052690141,0.973250140018689,0.961218184180706,0.94922529872281,0.936761767077635,0.9201472983982,0.883371717809437,0.806983291737308,0.604649807524383,0.185588236988377
0.34819845839785,0.70628790787203,0.790028028866989,0.825880873035885,0.836463457921811,0.846797741447105,0.860985403958637,0.876053408883901,0.890990704703178,0.89978549329867,0.911261498815976,0.920609031481652,0.929326143527714,0.937108299718694,0.942620106797315,0.951221597910192,0.958999223520647,0.968480332225231,0.975287247357982,0.984985169078883,0.992742657127179,1,0.992452791374182,0.983550953967247,0.971939955500532,0.960259452989002,0.948848585125717,0.931103298630821,0.894680016526514,0.818770407169126,0.621537584157318,0.191199836494122
0.343913641328003,0.702545390188701,0.784504042528202,0.818732325945784,0.829268726985442,0.84017456172031,0.85359256947328,0.86783941601578,0.881836593001146,0.89064160071479,0.901502330119306,0.911457948569387,0.919138801779941,0.928500715259677,0.933774947464613,0.942318847681439,0.951302481726534,0.961374727611718,0.967856141648418,0.976513945953297,0.982983052690141,0.992452791374182,1,0.990576060373851,0.979171737140489,0.966258529020399,0.954441592737498,0.937681334551495,0.902181568854054,0.825704405943919,0.629265384441182,0.18656757858881
0.332442958416308,0.696506977391962,0.778795698613401,0.809080488641466,0.81753943642309,0.832096582283127,0.846592680647283,0.860943367045015,0.8750012850661,0.884148780910918,0.895244648434078,0.905176995253834,0.91220611148956,0.920997086439636,0.926345782857472,0.934086622501756,0.942853401693425,0.953097590497452,0.958984722494624,0.967114429831895,0.973250140018689,0.983550953967247,0.990576060373851,1,0.988492379587476,0.975792802449511,0.962919332157762,0.946101280611675,0.911979724715105,0.835128359526794,0.642739546794414,0.200421443817239
0.319086444813865,0.685854604057673,0.765846672374408,0.796457594224772,0.806538126895137,0.820218291861153,0.833901638718483,0.84896124930427,0.864472687481183,0.874301364313515,0.886489655518589,0.896634774717566,0.904392303926803,0.914148672286646,0.918454324619779,0.923900987060438,0.932149256705223,0.942057934599622,0.948586789925119,0.955453322312188,0.961218184180706,0.971939955500532,0.979171737140489,0.988492379587476,1,0.987383166562666,0.973243867729997,0.956309328875104,0.922734877552642,0.844476909276346,0.655831485906806,0.210579673507134
0.320045396514605,0.67426617549771,0.754713715708675,0.786185135221794,0.797043375199077,0.808971257688731,0.820733441849314,0.834767820346716,0.851789541959407,0.860233118366387,0.872950784199192,0.883511532946405,0.890047026627845,0.901516298231069,0.906014250533887,0.909823964641098,0.918685826068743,0.928635939866926,0.936320744122821,0.944238596264152,0.94922529872281,0.960259452989002,0.966258529020399,0.975792802449511,0.987383166562666,1,0.98653486634471,0.968553359937066,0.93549289845057,0.861269740171864,0.673491163228569,0.223562468416416
0.310680159654298,0.662409074215177,0.738770201948601,0.767438706352452,0.77931534347018,0.791022189413033,0.802779200924682,0.817592210447552,0.834046355472392,0.842859781309213,0.855302371842008,0.866279783747239,0.873427141298063,0.88565156707827,0.891752804552958,0.897403671781133,0.906721629062898,0.916659736139817,0.924027475315017,0.932389472698906,0.936761767077635,0.948848585125717,0.954441592737498,0.962919332157762,0.973243867729997,0.98653486634471,1,0.983043263287981,0.947826571524838,0.874580810521178,0.685453201303348,0.235334128913997
0.288256133013254,0.640097145141402,0.716219851043123,0.744743316606636,0.757474236297863,0.770180013950959,0.782468791289742,0.800010825247498,0.81583023433768,0.824996187413416,0.838810811654478,0.851837929470988,0.860309231160669,0.87228494202613,0.880331948655466,0.885102365144689,0.893805401994643,0.902692022467945,0.909667831833288,0.916307655225093,0.9201472983982,0.931103298630821,0.937681334551495,0.946101280611675,0.956309328875104,0.968553359937066,0.983043263287981,1,0.970806570637592,0.900488414115992,0.712516457142427,0.244552420967064
0.26795828232385,0.603520401115312,0.674482481012914,0.702754162990954,0.718069428915848,0.731729982878604,0.742785505938285,0.759892677029294,0.77668103207309,0.786261697200076,0.801320860449716,0.816459955745191,0.824983870423819,0.836946830184492,0.846003565464103,0.849598980938302,0.859194916833912,0.86886051450215,0.873288850063214,0.880392226293676,0.883371717809437,0.894680016526514,0.902181568854054,0.911979724715105,0.922734877552642,0.93549289845057,0.947826571524838,0.970806570637592,1,0.94741874262741,0.761754422442671,0.278758564012734
0.21625822895675,0.522169456066998,0.591809548703375,0.618883857411029,0.632065359563021,0.64559657387774,0.655197239722075,0.670218476589411,0.685862516994835,0.693782765551555,0.708739340807542,0.723624328809884,0.73263629936391,0.744788156947677,0.754930294215308,0.761153131001187,0.775328905852951,0.787849088279294,0.79342726760362,0.801918251148932,0.806983291737308,0.818770407169126,0.825704405943919,0.835128359526794,0.844476909276346,0.861269740171864,0.874580810521178,0.900488414115992,0.94741874262741,1,0.836215045821214,0.343609512116037
0.161746538141913,0.359080798050485,0.414660933042091,0.432230765623925,0.436697745280789,0.444992929891145,0.450271109744404,0.468300895990707,0.484601026468843,0.492492777238178,0.505489614840061,0.521956954824177,0.533906088414678,0.54535340554744,0.553073049526887,0.557093465101077,0.571494499689164,0.586110511320468,0.590682311015208,0.601897486721148,0.604649807524383,0.621537584157318,0.629265384441182,0.642739546794414,0.655831485906806,0.673491163228569,0.685453201303348,0.712516457142427,0.761754422442671,0.836215045821214,1,0.50887325924358
0.0602052113693711,0.0657714913459037,0.0750111293005582,0.0846601777722466,0.0856392495221454,0.0889361720763342,0.0845301034332964,0.0910466632317729,0.100443190169863,0.106596326462818,0.11450974118852,0.118329409834409,0.127349101356009,0.125936062166398,0.131807125107423,0.140959311750996,0.149140761852045,0.166743605091418,0.166411746272509,0.182992080483876,0.185588236988377,0.191199836494122,0.18656757858881,0.200421443817239,0.210579673507134,0.223562468416416,0.235334128913997,0.244552420967064,0.278758564012734,0.343609512116037,0.50887325924358,1
