1,0.975293370857761,0.857236828723965,0.826574665880172,0.778919944764864,0.725926533178218,0.700001568375323,0.649666787757957,0.610245881100567,0.539768748547453,0.470562755925199,0.412659224203534,0.370757150879105,0.356582567045547,0.34143529747941,0.323159403712004,0.300781845933496,0.284691069878634,0.27917201815711,0.271221217704441,0.257207485353159,0.242835329020202,0.231998793186386,0.219073083404223,0.205043254614372,0.206219649415185,0.202934139132923,0.194823889414518,0.180186216621268,0.160100178733411,0.102490042946421,0.0686971504885875
0.975293370857761,1,0.949810770607673,0.924832939439382,0.86876449364516,0.810051873857108,0.786356005380493,0.73560339483553,0.693445784389201,0.615628273819988,0.536420400465074,0.468902216342065,0.420337175622828,0.404705842370284,0.387918519979528,0.366587914230231,0.340429386630977,0.322039990404321,0.316636119261037,0.308248912395345,0.294575118466795,0.279997663198976,0.26986331933145,0.25771133672594,0.243389987492889,0.244892809535236,0.241044633835974,0.233200602940217,0.218168664120198,0.197780008139728,0.140227598722378,0.1042655587683
0.857236828723965,0.949810770607673,1,0.985198962087969,0.921991886050857,0.860181426944027,0.841660370413604,0.794638948993529,0.752196803820017,0.670613055137315,0.583988543913651,0.508606386831523,0.454742774627785,0.438380009731588,0.420700150164142,0.396860752018199,0.367576232396291,0.3474981907027,0.342717696309881,0.33442689665395,0.322399139420467,0.308772606280522,0.300495795716482,0.290474496473866,0.276960161449445,0.278797218178642,0.274480048135522,0.267681112674807,0.253371219585456,0.23429064631382,0.181722011484293,0.14575141733706
0.826574665880172,0.924832939439382,0.985198962087969,1,0.973996763466597,0.932915828926271,0.911649067042664,0.859505859527321,0.817395437181342,0.732188908265674,0.641865149584046,0.563056485288459,0.506265321853636,0.48857129010787,0.469347531337907,0.442525879596081,0.409466778501557,0.387663432408797,0.384667339717241,0.377107602806824,0.367196085697564,0.354600605228895,0.348533660007025,0.340908928784868,0.328005382312051,0.32923281080297,0.323415888406179,0.316326863225853,0.301046215910738,0.280315088386546,0.222510145882036,0.181635751715351
0.778919944764864,0.86876449364516,0.921991886050857,0.973996763466597,1,0.988652411607571,0.963484862279087,0.905597823257033,0.865440382467585,0.779033421650756,0.688262758482403,0.609057115072349,0.551298103656894,0.532570706123535,0.512111935096841,0.482694042483974,0.446309026259039,0.423265204039558,0.422644359161394,0.416306294485783,0.40926298441232,0.398305791313965,0.395060044455812,0.390509394648171,0.378719228333582,0.379026354388857,0.371491101717244,0.364064711434562,0.347879305283503,0.325413323257864,0.261674153757874,0.215653414583595
0.725926533178218,0.810051873857108,0.860181426944027,0.932915828926271,0.988652411607571,1,0.985207375692312,0.937660724097303,0.899064145791438,0.811983974944737,0.721753531018501,0.643239748614379,0.585437375082154,0.566483560587282,0.545577934456454,0.51456983662485,0.475909729301823,0.452076167196811,0.453311951907652,0.447915144617448,0.443065389791643,0.43333724374989,0.432078203370685,0.429548042420059,0.418348923793242,0.418799341464415,0.410535887441878,0.403036630342142,0.386060879190175,0.362661501991751,0.296900429403864,0.247852271894892
0.700001568375323,0.786356005380493,0.841660370413604,0.911649067042664,0.963484862279087,0.985207375692312,1,0.983343565994747,0.944013800578567,0.853608847385315,0.76168331572462,0.682229354054338,0.623422096488965,0.604688131229314,0.583699852593026,0.551503251022543,0.510802265731527,0.485968051742966,0.488148718098959,0.482963383780217,0.478885786995404,0.46926291690409,0.46850147788142,0.466126789271628,0.454239176836909,0.456394680593396,0.448601535895596,0.441123865507912,0.422929305288358,0.398932776585774,0.33446308440614,0.283851824595298
0.649666787757957,0.73560339483553,0.794638948993529,0.859505859527321,0.905597823257033,0.937660724097303,0.983343565994747,1,0.962435190614769,0.872443767891347,0.782271506697865,0.704628362395314,0.646763819251406,0.628884929860731,0.608478493742054,0.575921418945057,0.534156231989816,0.508961827691807,0.512173287038805,0.507413164801752,0.504329407992842,0.495119615037191,0.494812830103425,0.49244910175451,0.479993896870812,0.483705571586328,0.47648658279897,0.469225804489904,0.450294773905724,0.42639479562622,0.365256380355759,0.314461404132406
0.610245881100567,0.693445784389201,0.752196803820017,0.817395437181342,0.865440382467585,0.899064145791438,0.944013800578567,0.962435190614769,1,0.97236220192776,0.919262057466268,0.858531836975977,0.809137955982235,0.792926062244506,0.772805289378488,0.733317157534814,0.68061436716305,0.650470172550575,0.659353091137092,0.656723851058556,0.656302091262822,0.64690443563332,0.640973750038364,0.625341038181663,0.600494587888356,0.593572065224656,0.576431219164038,0.56669353262957,0.546593708340613,0.520953079705013,0.455217586047687,0.396964771577892
0.539768748547453,0.615628273819988,0.670613055137315,0.732188908265674,0.779033421650756,0.811983974944737,0.853608847385315,0.872443767891347,0.97236220192776,1,0.981961664149505,0.939415359105831,0.900266239687825,0.886459572701136,0.867790494568541,0.824709161151783,0.765759962168256,0.733166212293221,0.746393672050255,0.745754412676412,0.747647031225345,0.738651128765706,0.728239840322662,0.702133928594316,0.66812133629924,0.652469219988853,0.627823824780034,0.616539882634643,0.596639784387653,0.571039250466624,0.505290862693775,0.444116621522826
0.470562755925199,0.536420400465074,0.583988543913651,0.641865149584046,0.688262758482403,0.721753531018501,0.76168331572462,0.782271506697865,0.919262057466268,0.981961664149505,1,0.986232835019471,0.964199991637943,0.953605566830418,0.937294770844648,0.897606981631438,0.840226697075071,0.808656461946724,0.823335349775524,0.822694943213867,0.825476776732395,0.816107929727333,0.802538623939777,0.769353725552873,0.728810820612704,0.706035195411988,0.675141867043462,0.662613224362345,0.642814760809157,0.616112747187434,0.544405428996937,0.478075789330978
0.412659224203534,0.468902216342065,0.508606386831523,0.563056485288459,0.609057115072349,0.643239748614379,0.682229354054338,0.704628362395314,0.858531836975977,0.939415359105831,0.986232835019471,1,0.994709366711543,0.987095386590033,0.97318191105311,0.939600218000904,0.887398369716935,0.85843652688039,0.872856081732232,0.871335572909465,0.874163518197755,0.864232711124363,0.84886904505095,0.811875314168298,0.767679882831182,0.740181010861417,0.70516660671443,0.691891779138993,0.672291663926562,0.64443125256651,0.565965003964922,0.495115588709444
0.370757150879105,0.420337175622828,0.454742774627785,0.506265321853636,0.551298103656894,0.585437375082154,0.623422096488965,0.646763819251406,0.809137955982235,0.900266239687825,0.964199991637943,0.994709366711543,1,0.995652966264309,0.984571684302378,0.95647119842116,0.909147470626129,0.882535884033227,0.89607991834269,0.893591192948514,0.895942517934604,0.885410508729064,0.868997386753638,0.830136814214305,0.784207549202546,0.754822074944874,0.718143552043567,0.704782276417083,0.68552532631064,0.657314894527973,0.575864886432258,0.502997938630133
0.356582567045547,0.404705842370284,0.438380009731588,0.48857129010787,0.532570706123535,0.566483560587282,0.604688131229314,0.628884929860731,0.792926062244506,0.886459572701136,0.953605566830418,0.987095386590033,0.995652966264309,1,0.996589618773988,0.977368639828927,0.937190085223152,0.913307001747537,0.923462242417169,0.91809566254847,0.917520695514704,0.904570973096187,0.887114954132778,0.847954363598457,0.801421106319354,0.775741933660042,0.741340567799701,0.729199954850841,0.709843130426302,0.68162679513079,0.600713738888388,0.526659475488555
0.34143529747941,0.387918519979528,0.420700150164142,0.469347531337907,0.512111935096841,0.545577934456454,0.583699852593026,0.608478493742054,0.772805289378488,0.867790494568541,0.937294770844648,0.97318191105311,0.984571684302378,0.996589618773988,1,0.988785352822462,0.955228791193064,0.933936441671731,0.941015653484448,0.93313842233484,0.929975096163218,0.914977448259654,0.896724238616828,0.857582217709442,0.810851762980312,0.788642642640058,0.756508522566008,0.745537510294886,0.726232764502479,0.698216095177191,0.618366308293854,0.5437979018941
0.323159403712004,0.366587914230231,0.396860752018199,0.442525879596081,0.482694042483974,0.51456983662485,0.551503251022543,0.575921418945057,0.733317157534814,0.824709161151783,0.897606981631438,0.939600218000904,0.95647119842116,0.977368639828927,0.988785352822462,1,0.988620199708217,0.976265870709454,0.973409839859561,0.957761602477341,0.945281623769778,0.92320004271155,0.902724483662119,0.865179458027001,0.819424627416635,0.803784759898845,0.776122045301195,0.769708329402161,0.753777092531607,0.727764485140448,0.647453174682805,0.570968451269513
0.300781845933496,0.340429386630977,0.367576232396291,0.409466778501557,0.446309026259039,0.475909729301823,0.510802265731527,0.534156231989816,0.68061436716305,0.765759962168256,0.840226697075071,0.887398369716935,0.909147470626129,0.937190085223152,0.955228791193064,0.988620199708217,1,0.996999949638064,0.984141720750541,0.960974551398437,0.939230142897143,0.910384818140977,0.888108966325222,0.853085912130509,0.809398436645198,0.800316368305073,0.777492482859585,0.775894286786754,0.763990978144147,0.740660884289461,0.661176433133991,0.58429213836182
0.284691069878634,0.322039990404321,0.3474981907027,0.387663432408797,0.423265204039558,0.452076167196811,0.485968051742966,0.508961827691807,0.650470172550575,0.733166212293221,0.808656461946724,0.85843652688039,0.882535884033227,0.913307001747537,0.933936441671731,0.976265870709454,0.996999949638064,1,0.989115430636058,0.967333248049758,0.943133915171155,0.912065977102311,0.889279897782658,0.85512501793027,0.812013631479343,0.804756669670538,0.783167102745232,0.782446848459304,0.770962042926385,0.748332004065156,0.671294639360019,0.595003234481464
0.27917201815711,0.316636119261037,0.342717696309881,0.384667339717241,0.422644359161394,0.453311951907652,0.488148718098959,0.512173287038805,0.659353091137092,0.746393672050255,0.823335349775524,0.872856081732232,0.89607991834269,0.923462242417169,0.941015653484448,0.973409839859561,0.984141720750541,0.989115430636058,1,0.99410585092585,0.977621097227609,0.950763424114852,0.929123238229699,0.892857806340968,0.847412696632289,0.834596500068254,0.808351629680771,0.802293113440024,0.785284498686946,0.759966503684321,0.687480013665823,0.612444419352555
0.271221217704441,0.308248912395345,0.33442689665395,0.377107602806824,0.416306294485783,0.447915144617448,0.482963383780217,0.507413164801752,0.656723851058556,0.745754412676412,0.822694943213867,0.871335572909465,0.893591192948514,0.91809566254847,0.93313842233484,0.957761602477341,0.960974551398437,0.967333248049758,0.99410585092585,1,0.989428707761227,0.966046848453075,0.945552054882121,0.908236163509648,0.861703886998597,0.844969974822184,0.815660249597666,0.805752804673473,0.784910908649803,0.757964701957829,0.689839860963202,0.616773583594383
0.257207485353159,0.294575118466795,0.322399139420467,0.367196085697564,0.40926298441232,0.443065389791643,0.478885786995404,0.504329407992842,0.656302091262822,0.747647031225345,0.825476776732395,0.874163518197755,0.895942517934604,0.917520695514704,0.929975096163218,0.945281623769778,0.939230142897143,0.943133915171155,0.977621097227609,0.989428707761227,1,0.993272207885023,0.980437503785677,0.943032183104403,0.895675302329762,0.874248442558941,0.840912209675118,0.828544488632089,0.805702123860321,0.776186582653979,0.701115408054414,0.624037560427094
0.242835329020202,0.279997663198976,0.308772606280522,0.354600605228895,0.398305791313965,0.43333724374989,0.46926291690409,0.495119615037191,0.64690443563332,0.738651128765706,0.816107929727333,0.864232711124363,0.885410508729064,0.904570973096187,0.914977448259654,0.92320004271155,0.910384818140977,0.912065977102311,0.950763424114852,0.966046848453075,0.993272207885023,1,0.993539872823035,0.956701800334299,0.909451620966863,0.8848707740072,0.849009966176656,0.835192022281216,0.811425483754142,0.780381976382051,0.700199132739752,0.620705660935401
0.231998793186386,0.26986331933145,0.300495795716482,0.348533660007025,0.395060044455812,0.432078203370685,0.46850147788142,0.494812830103425,0.640973750038364,0.728239840322662,0.802538623939777,0.84886904505095,0.868997386753638,0.887114954132778,0.896724238616828,0.902724483662119,0.888108966325222,0.889279897782658,0.929123238229699,0.945552054882121,0.980437503785677,0.993539872823035,1,0.982136202620677,0.947894884914506,0.923841647114583,0.887423710644388,0.872188174465598,0.845775971514124,0.811969938946301,0.726142686689087,0.642412531020123
0.219073083404223,0.25771133672594,0.290474496473866,0.340908928784868,0.390509394648171,0.429548042420059,0.466126789271628,0.49244910175451,0.625341038181663,0.702133928594316,0.769353725552873,0.811875314168298,0.830136814214305,0.847954363598457,0.857582217709442,0.865179458027001,0.853085912130509,0.85512501793027,0.892857806340968,0.908236163509648,0.943032183104403,0.956701800334299,0.982136202620677,1,0.990910142066733,0.970946477655599,0.936279461372596,0.919866691859173,0.889731241167046,0.852626500011093,0.762040452711393,0.673921849309803
0.205043254614372,0.243389987492889,0.276960161449445,0.328005382312051,0.378719228333582,0.418348923793242,0.454239176836909,0.479993896870812,0.600494587888356,0.66812133629924,0.728810820612704,0.767679882831182,0.784207549202546,0.801421106319354,0.810851762980312,0.819424627416635,0.809398436645198,0.812013631479343,0.847412696632289,0.861703886998597,0.895675302329762,0.909451620966863,0.947894884914506,0.990910142066733,1,0.983396430842252,0.950739013412324,0.933843426281424,0.901704978897436,0.863053102482752,0.771045237674221,0.681715640960091
0.206219649415185,0.244892809535236,0.278797218178642,0.32923281080297,0.379026354388857,0.418799341464415,0.456394680593396,0.483705571586328,0.593572065224656,0.652469219988853,0.706035195411988,0.740181010861417,0.754822074944874,0.775741933660042,0.788642642640058,0.803784759898845,0.800316368305073,0.804756669670538,0.834596500068254,0.844969974822184,0.874248442558941,0.8848707740072,0.923841647114583,0.970946477655599,0.983396430842252,1,0.991207233903469,0.978082691234371,0.93832158719484,0.895278396983223,0.805971062618706,0.715912504683048
0.202934139132923,0.241044633835974,0.274480048135522,0.323415888406179,0.371491101717244,0.410535887441878,0.448601535895596,0.47648658279897,0.576431219164038,0.627823824780034,0.675141867043462,0.70516660671443,0.718143552043567,0.741340567799701,0.756508522566008,0.776122045301195,0.777492482859585,0.783167102745232,0.808351629680771,0.815660249597666,0.840912209675118,0.849009966176656,0.887423710644388,0.936279461372596,0.950739013412324,0.991207233903469,1,0.989906373566397,0.945427017211835,0.900088318383003,0.814623583856723,0.725917287818361
0.194823889414518,0.233200602940217,0.267681112674807,0.316326863225853,0.364064711434562,0.403036630342142,0.441123865507912,0.469225804489904,0.56669353262957,0.616539882634643,0.662613224362345,0.691891779138993,0.704782276417083,0.729199954850841,0.745537510294886,0.769708329402161,0.775894286786754,0.782446848459304,0.802293113440024,0.805752804673473,0.828544488632089,0.835192022281216,0.872188174465598,0.919866691859173,0.933843426281424,0.978082691234371,0.989906373566397,1,0.981185851171747,0.950440525905449,0.856292146452455,0.760965707344023
0.180186216621268,0.218168664120198,0.253371219585456,0.301046215910738,0.347879305283503,0.386060879190175,0.422929305288358,0.450294773905724,0.546593708340613,0.596639784387653,0.642814760809157,0.672291663926562,0.68552532631064,0.709843130426302,0.726232764502479,0.753777092531607,0.763990978144147,0.770962042926385,0.785284498686946,0.784910908649803,0.805702123860321,0.811425483754142,0.845775971514124,0.889731241167046,0.901704978897436,0.93832158719484,0.945427017211835,0.981185851171747,1,0.990999842983206,0.885725244882092,0.783311216393793
0.160100178733411,0.197780008139728,0.23429064631382,0.280315088386546,0.325413323257864,0.362661501991751,0.398932776585774,0.42639479562622,0.520953079705013,0.571039250466624,0.616112747187434,0.64443125256651,0.657314894527973,0.68162679513079,0.698216095177191,0.727764485140448,0.740660884289461,0.748332004065156,0.759966503684321,0.757964701957829,0.776186582653979,0.780381976382051,0.811969938946301,0.852626500011093,0.863053102482752,0.895278396983223,0.900088318383003,0.950440525905449,0.990999842983206,1,0.91786476216603,0.824756071671604
0.102490042946421,0.140227598722378,0.181722011484293,0.222510145882036,0.261674153757874,0.296900429403864,0.33446308440614,0.365256380355759,0.455217586047687,0.505290862693775,0.544405428996937,0.565965003964922,0.575864886432258,0.600713738888388,0.618366308293854,0.647453174682805,0.661176433133991,0.671294639360019,0.687480013665823,0.689839860963202,0.701115408054414,0.700199132739752,0.726142686689087,0.762040452711393,0.771045237674221,0.805971062618706,0.814623583856723,0.856292146452455,0.885725244882092,0.91786476216603,1,0.981453185714492
0.0686971504885875,0.1042655587683,0.14575141733706,0.181635751715351,0.215653414583595,0.247852271894892,0.283851824595298,0.314461404132406,0.396964771577892,0.444116621522826,0.478075789330978,0.495115588709444,0.502997938630133,0.526659475488555,0.5437979018941,0.570968451269513,0.58429213836182,0.595003234481464,0.612444419352555,0.616773583594383,0.624037560427094,0.620705660935401,0.642412531020123,0.673921849309803,0.681715640960091,0.715912504683048,0.725917287818361,0.760965707344023,0.783311216393793,0.824756071671604,0.981453185714492,1
