1,0.876096175866321,0.763478943918187,0.671939306419027,0.631186031847089,0.594678814659697,0.560918919991429,0.531819139815868,0.492857549585534,0.466790196127738,0.442762599253873,0.414677002826579,0.401824811833829,0.369435467532964,0.304750396737888,0.249501088134904,0.213035170444906,0.181752826527998,0.135553283051578,0.113652277196657,0.109224838175566,0.101420561381952,0.0953124563753153,0.0930019252773373,0.0901902069927209,0.0867520491300974,0.083400131873219,0.0756553150980275,0.063117865541417,0.0540908924096032,0.0337243288528371,-0.00451732329404412
0.876096175866321,1,0.96055458950832,0.83666563665242,0.792624545005424,0.748137325740878,0.701073201714984,0.67561744378516,0.635343373362527,0.606214372325177,0.584671558200579,0.556387932914258,0.539658466541848,0.490091858994069,0.396514732404275,0.320149201812245,0.272441355013278,0.233925085167318,0.172206029839469,0.143014365603263,0.136837101168654,0.125612014764718,0.116099015737767,0.109533853019688,0.106010524841951,0.103598130867555,0.104610314228183,0.0972165592993694,0.0810438911271836,0.07225780258956,0.050129839079059,0.00649017798512636
0.763478943918187,0.96055458950832,1,0.944397783527325,0.899853448770202,0.851027311748109,0.795339101083246,0.770734546222456,0.727699655318617,0.694352790293479,0.673793580031997,0.645271620087359,0.626279939005952,0.571082081782402,0.465006360179748,0.37902840081803,0.323869172618286,0.277823246147078,0.199822215682306,0.164075319238966,0.157997658625381,0.145021765355742,0.134018787092296,0.127303637389728,0.122653480710128,0.118610208685076,0.121329433339097,0.1135288854327,0.0947969046379068,0.0891271245168638,0.06800369323077,0.0217191234918275
0.671939306419027,0.83666563665242,0.944397783527325,1,0.965644746112979,0.91919563719117,0.857567652730513,0.831867886831671,0.785059367873721,0.746666426916905,0.726078491788014,0.697441140736482,0.67778763458326,0.623766952063162,0.514970611587854,0.426043475982331,0.366380389672308,0.313899670241194,0.221638603770395,0.180523269897057,0.17529414352066,0.16164043766576,0.150302080766709,0.145329356547183,0.139671076900095,0.133222042920457,0.136197990005468,0.127734551051375,0.107303715081283,0.105393063354287,0.0861343716520468,0.0384892421389316
0.631186031847089,0.792624545005424,0.899853448770202,0.965644746112979,1,0.98422239087023,0.91353585205945,0.885729524544656,0.833987232855665,0.788896573335909,0.76818685633939,0.740622652620435,0.723802562546488,0.668163785866884,0.552377494230167,0.45609786279348,0.394384593373843,0.342025256394982,0.247702923159085,0.204452694545858,0.1976745729052,0.183289941718643,0.171174627067465,0.163934440218356,0.159405658945756,0.155645087768753,0.160501025916787,0.152688295977833,0.131312382266478,0.126878826967711,0.104593039344206,0.0526953448632183
0.594678814659697,0.748137325740878,0.851027311748109,0.91919563719117,0.98422239087023,1,0.961881762985626,0.932901357474862,0.878537824775398,0.831565862837463,0.808713271742244,0.778509385994753,0.760361560728967,0.704050144595067,0.584761314752683,0.483176280311078,0.418851479614836,0.364734642907563,0.265660809683398,0.220254986707126,0.213631658207875,0.198804761064067,0.186323190111804,0.179127991467536,0.175516672457722,0.17300119408001,0.178394152724473,0.170729908065888,0.148814195844864,0.14348064077624,0.120479537060963,0.0676731544597403
0.560918919991429,0.701073201714984,0.795339101083246,0.857567652730513,0.91353585205945,0.961881762985626,1,0.970888191404792,0.916445365244988,0.872730705293003,0.845676285810562,0.809025426389651,0.785249224209557,0.729393824855927,0.610533752005625,0.506018661156999,0.43865130150979,0.38094848325189,0.274551331111217,0.227076208806449,0.222403132409126,0.207471484589918,0.195082793189101,0.190364145197281,0.187462168982716,0.184697413520264,0.1892144701818,0.181195030154614,0.159216559249934,0.154686347442846,0.133438306525173,0.0833444417448212
0.531819139815868,0.67561744378516,0.770734546222456,0.831867886831671,0.885729524544656,0.932901357474862,0.970888191404792,1,0.983445243605093,0.939279203404939,0.911950893964481,0.873536848999697,0.847345080649696,0.790024356060939,0.665458248860286,0.556833277968577,0.485692485308038,0.423178756993988,0.308941524658512,0.258416814851398,0.255467649360324,0.240080268211372,0.227284406726246,0.223675673856247,0.221697386655851,0.219566394420399,0.22373034601035,0.214567810514611,0.190202695895319,0.186617181848882,0.166743882529692,0.117450892154679
0.492857549585534,0.635343373362527,0.727699655318617,0.785059367873721,0.833987232855665,0.878537824775398,0.916445365244988,0.983445243605093,1,0.975492519932257,0.951975369938026,0.913073756679192,0.886272431099772,0.829498392136814,0.702620156001537,0.592308619224891,0.520368528498951,0.456596600287877,0.334892070700555,0.281981089288606,0.281674089207277,0.266341974192316,0.2534287363353,0.251075334304256,0.249889613591865,0.24817664644483,0.253573097016869,0.24440181338107,0.218374579832152,0.215869426458902,0.198452741652302,0.152456304841477
0.466790196127738,0.606214372325177,0.694352790293479,0.746666426916905,0.788896573335909,0.831565862837463,0.872730705293003,0.939279203404939,0.975492519932257,1,0.985331046951532,0.94625122773695,0.920652492671778,0.865087667266048,0.73615217381844,0.623358698576148,0.55238507907027,0.490557536594863,0.357568303654031,0.301323039619334,0.304748391063156,0.289608357844743,0.276488543741573,0.27534205504493,0.274538223059913,0.272715491561815,0.282038795749226,0.274346963850157,0.246974758610935,0.245478229425946,0.231116183464071,0.189936798795557
0.442762599253873,0.584671558200579,0.673793580031997,0.726078491788014,0.76818685633939,0.808713271742244,0.845676285810562,0.911950893964481,0.951975369938026,0.985331046951532,1,0.986701114152076,0.959956192759179,0.903919881312483,0.771795580217578,0.657320539549704,0.585504180828282,0.522392657996022,0.383429769714051,0.325214048689148,0.33094376929337,0.316071482373012,0.303074728623118,0.303197535807188,0.304803866694206,0.305749764515968,0.316964083918196,0.309881363395876,0.281282933930024,0.278079003270324,0.263117991601049,0.221904950828728
0.414677002826579,0.556387932914258,0.645271620087359,0.697441140736482,0.740622652620435,0.778509385994753,0.809025426389651,0.873536848999697,0.913073756679192,0.94625122773695,0.986701114152076,1,0.981353158084174,0.928637057581653,0.795184185271625,0.68002874652871,0.608721815739084,0.546115387475352,0.405960679700413,0.347170285549635,0.354181460089095,0.339622972258289,0.326783159408212,0.327303984759367,0.330808389639653,0.334216590167027,0.346634506521467,0.339968597940759,0.310504733306335,0.305031973511277,0.288809797453667,0.246970669788472
0.401824811833829,0.539658466541848,0.626279939005952,0.67778763458326,0.723802562546488,0.760361560728967,0.785249224209557,0.847345080649696,0.886272431099772,0.920652492671778,0.959956192759179,0.981353158084174,1,0.960267650037031,0.824117928164383,0.703835000834788,0.634146496719416,0.576110376296099,0.437824733936298,0.378397473918885,0.3846652186454,0.369562307451443,0.355931343807252,0.353975394555523,0.356254333025925,0.358981130542917,0.372437725333302,0.365710013672393,0.334735127852885,0.327069310290784,0.309189908416645,0.265710912340903
0.369435467532964,0.490091858994069,0.571082081782402,0.623766952063162,0.668163785866884,0.704050144595067,0.729393824855927,0.790024356060939,0.829498392136814,0.865087667266048,0.903919881312483,0.928637057581653,0.960267650037031,1,0.947966617353486,0.864601990128608,0.805110950982648,0.737668899995439,0.574520346961565,0.508562456793152,0.530335810203953,0.515065175566611,0.50289469659862,0.520872801143359,0.52611107373235,0.522447098763449,0.527286545285942,0.511746444781521,0.469664685767546,0.474291687543553,0.454591585617232,0.385376225329263
0.304750396737888,0.396514732404275,0.465006360179748,0.514970611587854,0.552377494230167,0.584761314752683,0.610533752005625,0.665458248860286,0.702620156001537,0.73615217381844,0.771795580217578,0.795184185271625,0.824117928164383,0.947966617353486,1,0.971764944001803,0.929997235447829,0.855935819875154,0.677243843851955,0.609626667871387,0.648235170526585,0.634401932075928,0.625391362660922,0.66633540581022,0.674953344909467,0.664098594565746,0.658159360626601,0.633458681811087,0.582005005729073,0.601666211731713,0.582249798826597,0.489226741408489
0.249501088134904,0.320149201812245,0.37902840081803,0.426043475982331,0.45609786279348,0.483176280311078,0.506018661156999,0.556833277968577,0.592308619224891,0.623358698576148,0.657320539549704,0.68002874652871,0.703835000834788,0.864601990128608,0.971764944001803,1,0.982411155083006,0.91285442778192,0.738565026680242,0.674523062112767,0.722538363156244,0.711236152440124,0.705287010440132,0.758231059366463,0.767087638954945,0.750192792472831,0.73988980148149,0.709699383601576,0.650706707490178,0.679023093033401,0.661410372769185,0.558016165962837
0.213035170444906,0.272441355013278,0.323869172618286,0.366380389672308,0.394384593373843,0.418851479614836,0.43865130150979,0.485692485308038,0.520368528498951,0.55238507907027,0.585504180828282,0.608721815739084,0.634146496719416,0.805110950982648,0.929997235447829,0.982411155083006,1,0.970371481916054,0.836418567871702,0.78221494665853,0.827207676138846,0.817884377723461,0.812259737032907,0.855338501816838,0.860900572936615,0.843592517540414,0.833001226763323,0.801200145826999,0.737836789262847,0.753741063178959,0.728037929858323,0.620148605376636
0.181752826527998,0.233925085167318,0.277823246147078,0.313899670241194,0.342025256394982,0.364734642907563,0.38094848325189,0.423178756993988,0.456596600287877,0.490557536594863,0.522392657996022,0.546115387475352,0.576110376296099,0.737668899995439,0.855935819875154,0.91285442778192,0.970371481916054,1,0.92887854790954,0.88922799839424,0.923211025024321,0.915779046726675,0.909129230009753,0.929394582150033,0.929646599134654,0.915495909906258,0.907148202482144,0.87677899993333,0.812635903283856,0.804427896630718,0.766110597055554,0.660038375201557
0.135553283051578,0.172206029839469,0.199822215682306,0.221638603770395,0.247702923159085,0.265660809683398,0.274551331111217,0.308941524658512,0.334892070700555,0.357568303654031,0.383429769714051,0.405960679700413,0.437824733936298,0.574520346961565,0.677243843851955,0.738565026680242,0.836418567871702,0.92887854790954,1,0.995057224931658,0.994392044743166,0.991578039361295,0.987581259751197,0.971886698803326,0.961114184141135,0.948243977553774,0.926403428764903,0.888871652673641,0.823435292027326,0.783650338096879,0.725632188178091,0.616491434215457
0.113652277196657,0.143014365603263,0.164075319238966,0.180523269897057,0.204452694545858,0.220254986707126,0.227076208806449,0.258416814851398,0.281981089288606,0.301323039619334,0.325214048689148,0.347170285549635,0.378397473918885,0.508562456793152,0.609626667871387,0.674523062112767,0.78221494665853,0.88922799839424,0.995057224931658,1,0.992754539488518,0.991646253456919,0.98869717113662,0.965533815358872,0.952447288093146,0.9398815009735,0.915308378683501,0.876528465951211,0.811472532727767,0.76507210087192,0.703855062369123,0.596638659146538
0.109224838175566,0.136837101168654,0.157997658625381,0.17529414352066,0.1976745729052,0.213631658207875,0.222403132409126,0.255467649360324,0.281674089207277,0.304748391063156,0.33094376929337,0.354181460089095,0.3846652186454,0.530335810203953,0.648235170526585,0.722538363156244,0.827207676138846,0.923211025024321,0.994392044743166,0.992754539488518,1,0.998823632441972,0.995706465562407,0.984258778383585,0.974387100262268,0.960696235008922,0.940225205798866,0.902310556698751,0.834711407698151,0.796379854031453,0.740295842992748,0.633031846889344
0.101420561381952,0.125612014764718,0.145021765355742,0.16164043766576,0.183289941718643,0.198804761064067,0.207471484589918,0.240080268211372,0.266341974192316,0.289608357844743,0.316071482373012,0.339622972258289,0.369562307451443,0.515065175566611,0.634401932075928,0.711236152440124,0.817884377723461,0.915779046726675,0.991578039361295,0.991646253456919,0.998823632441972,1,0.998927490687577,0.987747382623303,0.97823184425272,0.964924072791527,0.945639911531369,0.90802871442804,0.839822706898589,0.802019028368421,0.747721713589513,0.6436477991073
0.0953124563753153,0.116099015737767,0.134018787092296,0.150302080766709,0.171174627067465,0.186323190111804,0.195082793189101,0.227284406726246,0.2534287363353,0.276488543741573,0.303074728623118,0.326783159408212,0.355931343807252,0.50289469659862,0.625391362660922,0.705287010440132,0.812259737032907,0.909129230009753,0.987581259751197,0.98869717113662,0.995706465562407,0.998927490687577,1,0.990771262402491,0.982014411803114,0.968836983729688,0.949591344488854,0.911702471986643,0.84288822083446,0.806732395902869,0.754497440561452,0.652775488018998
0.0930019252773373,0.109533853019688,0.127303637389728,0.145329356547183,0.163934440218356,0.179127991467536,0.190364145197281,0.223675673856247,0.251075334304256,0.27534205504493,0.303197535807188,0.327303984759367,0.353975394555523,0.520872801143359,0.66633540581022,0.758231059366463,0.855338501816838,0.929394582150033,0.971886698803326,0.965533815358872,0.984258778383585,0.987747382623303,0.990771262402491,1,0.996285004671201,0.981313831746098,0.961014984355139,0.921533891128278,0.850571306636993,0.82741962273372,0.782677164780466,0.680067655602543
0.0901902069927209,0.106010524841951,0.122653480710128,0.139671076900095,0.159405658945756,0.175516672457722,0.187462168982716,0.221697386655851,0.249889613591865,0.274538223059913,0.304803866694206,0.330808389639653,0.356254333025925,0.52611107373235,0.674953344909467,0.767087638954945,0.860900572936615,0.929646599134654,0.961114184141135,0.952447288093146,0.974387100262268,0.97823184425272,0.982014411803114,0.996285004671201,1,0.993405155508075,0.975894916529357,0.939111025671482,0.87026279815414,0.847896280833743,0.804294682107665,0.703168894255741
0.0867520491300974,0.103598130867555,0.118610208685076,0.133222042920457,0.155645087768753,0.17300119408001,0.184697413520264,0.219566394420399,0.24817664644483,0.272715491561815,0.305749764515968,0.334216590167027,0.358981130542917,0.522447098763449,0.664098594565746,0.750192792472831,0.843592517540414,0.915495909906258,0.948243977553774,0.9398815009735,0.960696235008922,0.964924072791527,0.968836983729688,0.981313831746098,0.993405155508075,1,0.987444451702135,0.955767251364038,0.891518146953853,0.864069327862169,0.81873532148053,0.720806469183745
0.083400131873219,0.104610314228183,0.121329433339097,0.136197990005468,0.160501025916787,0.178394152724473,0.1892144701818,0.22373034601035,0.253573097016869,0.282038795749226,0.316964083918196,0.346634506521467,0.372437725333302,0.527286545285942,0.658159360626601,0.73988980148149,0.833001226763323,0.907148202482144,0.926403428764903,0.915308378683501,0.940225205798866,0.945639911531369,0.949591344488854,0.961014984355139,0.975894916529357,0.987444451702135,1,0.987075555129682,0.934123082898287,0.911458149018459,0.872745236095128,0.784548590290953
0.0756553150980275,0.0972165592993694,0.1135288854327,0.127734551051375,0.152688295977833,0.170729908065888,0.181195030154614,0.214567810514611,0.24440181338107,0.274346963850157,0.309881363395876,0.339968597940759,0.365710013672393,0.511746444781521,0.633458681811087,0.709699383601576,0.801200145826999,0.87677899993333,0.888871652673641,0.876528465951211,0.902310556698751,0.90802871442804,0.911702471986643,0.921533891128278,0.939111025671482,0.955767251364038,0.987075555129682,1,0.977266535095174,0.956811699054129,0.919920253334651,0.837037454767303
0.063117865541417,0.0810438911271836,0.0947969046379068,0.107303715081283,0.131312382266478,0.148814195844864,0.159216559249934,0.190202695895319,0.218374579832152,0.246974758610935,0.281282933930024,0.310504733306335,0.334735127852885,0.469664685767546,0.582005005729073,0.650706707490178,0.737836789262847,0.812635903283856,0.823435292027326,0.811472532727767,0.834711407698151,0.839822706898589,0.84288822083446,0.850571306636993,0.87026279815414,0.891518146953853,0.934123082898287,0.977266535095174,1,0.97970206675746,0.940930891975128,0.860620400161551
0.0540908924096032,0.07225780258956,0.0891271245168638,0.105393063354287,0.126878826967711,0.14348064077624,0.154686347442846,0.186617181848882,0.215869426458902,0.245478229425946,0.278079003270324,0.305031973511277,0.327069310290784,0.474291687543553,0.601666211731713,0.679023093033401,0.753741063178959,0.804427896630718,0.783650338096879,0.76507210087192,0.796379854031453,0.802019028368421,0.806732395902869,0.82741962273372,0.847896280833743,0.864069327862169,0.911458149018459,0.956811699054129,0.97970206675746,1,0.985135154064289,0.905380674806145
0.0337243288528371,0.050129839079059,0.06800369323077,0.0861343716520468,0.104593039344206,0.120479537060963,0.133438306525173,0.166743882529692,0.198452741652302,0.231116183464071,0.263117991601049,0.288809797453667,0.309189908416645,0.454591585617232,0.582249798826597,0.661410372769185,0.728037929858323,0.766110597055554,0.725632188178091,0.703855062369123,0.740295842992748,0.747721713589513,0.754497440561452,0.782677164780466,0.804294682107665,0.81873532148053,0.872745236095128,0.919920253334651,0.940930891975128,0.985135154064289,1,0.956942825345706
-0.00451732329404412,0.00649017798512636,0.0217191234918275,0.0384892421389316,0.0526953448632183,0.0676731544597403,0.0833444417448212,0.117450892154679,0.152456304841477,0.189936798795557,0.221904950828728,0.246970669788472,0.265710912340903,0.385376225329263,0.489226741408489,0.558016165962837,0.620148605376636,0.660038375201557,0.616491434215457,0.596638659146538,0.633031846889344,0.6436477991073,0.652775488018998,0.680067655602543,0.703168894255741,0.720806469183745,0.784548590290953,0.837037454767303,0.860620400161551,0.905380674806145,0.956942825345706,1
