1,0.872176293972505,0.829799573335076,0.817665362078271,0.801630337916692,0.784344054551101,0.777538102528331,0.769717360756972,0.76699553721764,0.765951254445045,0.760151333649718,0.75512366104985,0.751971822833274,0.74762704677125,0.745693829173531,0.738848578920331,0.734084035036102,0.729303458507956,0.725361264453381,0.723375616842039,0.716419664223773,0.711329936184603,0.706299116367117,0.699946751676977,0.695759934769525,0.681582176076663,0.666912462909433,0.645361357017369,0.608599970718999,0.560344154759785,0.274280810130552,0.013782156116559
0.872176293972505,1,0.963497854168581,0.947264008902387,0.93033790050895,0.916474921101171,0.908318634400412,0.90359829623465,0.9015731019219,0.898934203163165,0.894986656769061,0.887677847984573,0.881524418983371,0.877498902903415,0.873092564088601,0.865721224562065,0.86023724464445,0.85546966654208,0.85165938583831,0.849858340120427,0.844842917675355,0.839948098858406,0.832386751096036,0.82787231048499,0.821620286841049,0.81069992655772,0.799363631180073,0.77495517160472,0.736699892781938,0.677966834881232,0.336894041359739,0.0333219711771814
0.829799573335076,0.963497854168581,1,0.984208891393679,0.968676439440083,0.957328600995721,0.95042114959532,0.944928984726932,0.941607282959721,0.937685636627634,0.933274452637298,0.92665857123823,0.92026012871215,0.914847408250036,0.911493625321863,0.905047746689851,0.898777578575707,0.894822836090537,0.89198150445013,0.889202817548478,0.884785243706467,0.879327723003956,0.873309216509377,0.869246083340716,0.863290510620721,0.851827511127223,0.841737694496059,0.818873139661154,0.78141571482561,0.725461819068091,0.364681718073689,0.0568320667043858
0.817665362078271,0.947264008902387,0.984208891393679,1,0.987904340240665,0.977067622281082,0.970997972537091,0.964957202075692,0.960823888572138,0.957329476661325,0.953072730429009,0.94576745201683,0.940086734033437,0.934494724112846,0.931043502778362,0.924899094868569,0.918600033477771,0.91475825497673,0.911431348501415,0.908619461067537,0.904597783343527,0.899495627942924,0.894213959559503,0.89049700026845,0.883316334300203,0.871653075298849,0.862167268875891,0.840733819202989,0.801287776181017,0.743454328975543,0.376290929336284,0.0748201867589581
0.801630337916692,0.93033790050895,0.968676439440083,0.987904340240665,1,0.990551704052676,0.983649313375559,0.977435053353529,0.972869837579292,0.968106287186952,0.964169321189642,0.956700019969164,0.9516137550644,0.946433732409176,0.943048350366737,0.938088873954563,0.932384767615971,0.928301883321609,0.924296269484262,0.921743991281204,0.917214836569367,0.911703069906685,0.906371344504437,0.902397268432542,0.895504988848781,0.885107338318655,0.876214525660485,0.854608352741514,0.816147497415145,0.758996506799257,0.384596687168691,0.0844395636491352
0.784344054551101,0.916474921101171,0.957328600995721,0.977067622281082,0.990551704052676,1,0.99374296251785,0.987475545049277,0.98184858732369,0.976110818011428,0.97162067867531,0.964152386166189,0.959643105812209,0.954510963471039,0.950724132621155,0.946752739093228,0.941323931741546,0.936717458458601,0.932408456245942,0.929531735793313,0.925246402921581,0.919598235602747,0.914340480114221,0.909691731958556,0.902880590936792,0.892530737777469,0.883220284119474,0.861343431855456,0.822326810041327,0.768360759442558,0.405471316794335,0.0852253885204618
0.777538102528331,0.908318634400412,0.95042114959532,0.970997972537091,0.983649313375559,0.99374296251785,1,0.99452759185348,0.988797965567767,0.983198495587541,0.9781237300503,0.970837047311114,0.965622691501164,0.95979087751992,0.955826265875287,0.952123875849625,0.947109710556013,0.942972805359532,0.938754196977655,0.935690847567725,0.931624695956971,0.925797462526653,0.920564715871864,0.915976267624889,0.9092793236553,0.898774206931007,0.8886226389747,0.867098166162036,0.82948428673762,0.774770248161112,0.415563057716625,0.0896285131354548
0.769717360756972,0.90359829623465,0.944928984726932,0.964957202075692,0.977435053353529,0.987475545049277,0.99452759185348,1,0.995511370965335,0.990117785096394,0.98481997785652,0.977960913570104,0.972779353278572,0.96681455581761,0.962271207401837,0.958537223288567,0.953068064566777,0.949147787975879,0.944710083251335,0.941405463231892,0.937836330005765,0.932026069254783,0.926720075119486,0.92209105879847,0.915069938688282,0.90466670163218,0.894132943074849,0.872568632722912,0.836878515366102,0.781500949109844,0.416851740225572,0.0906533871968857
0.76699553721764,0.9015731019219,0.941607282959721,0.960823888572138,0.972869837579292,0.98184858732369,0.988797965567767,0.995511370965335,1,0.99603069583714,0.990950659636783,0.984547583215014,0.979695212232767,0.9738066838005,0.96939522450323,0.965420847106999,0.960119526870016,0.95636828546322,0.951960666596417,0.948560936177095,0.944840350548412,0.939084634464383,0.934127192919517,0.929280690534377,0.92238387952592,0.912026247215525,0.901326851985073,0.879747789536908,0.845053762528901,0.790087056609619,0.4231056170421,0.0954105280103634
0.765951254445045,0.898934203163165,0.937685636627634,0.957329476661325,0.968106287186952,0.976110818011428,0.983198495587541,0.990117785096394,0.99603069583714,1,0.996409821600144,0.990863646893676,0.985750625281232,0.979762817498726,0.975914686954941,0.97189099580465,0.966462402076656,0.962565157119783,0.957784694512967,0.954309746609038,0.950337192586242,0.944514252183477,0.939267179172375,0.934788662087553,0.928444656792959,0.918225667222376,0.908229858761638,0.887587522330409,0.853015903081437,0.798828830301807,0.426941101670881,0.094982898256097
0.760151333649718,0.894986656769061,0.933274452637298,0.953072730429009,0.964169321189642,0.97162067867531,0.9781237300503,0.98481997785652,0.990950659636783,0.996409821600144,1,0.996082232120349,0.991608922465705,0.985975959239116,0.982444650665387,0.978458944266775,0.97346251147182,0.969679671241424,0.964768193052472,0.961240984966409,0.957337053098081,0.95198908664907,0.946477584663477,0.942072778223522,0.936121674116496,0.926586675977791,0.917424807090598,0.897465979051471,0.864369439644063,0.8120738261576,0.440510997892622,0.0982055043221412
0.75512366104985,0.887677847984573,0.92665857123823,0.94576745201683,0.956700019969164,0.964152386166189,0.970837047311114,0.977960913570104,0.984547583215014,0.990863646893676,0.996082232120349,1,0.996256354500473,0.991278223200383,0.987820463731134,0.983961042242232,0.97940905833569,0.975611862058139,0.970849767939867,0.967423770676675,0.963979432942652,0.959153357484844,0.954262595443971,0.949877166171481,0.944300846707722,0.93451712294829,0.92516837426072,0.906125881264379,0.873563798199715,0.821479758641481,0.447819403364352,0.10760683505332
0.751971822833274,0.881524418983371,0.92026012871215,0.940086734033437,0.9516137550644,0.959643105812209,0.965622691501164,0.972779353278572,0.979695212232767,0.985750625281232,0.991608922465705,0.996256354500473,1,0.996713186546402,0.993433358110882,0.989795115785921,0.985495806119272,0.981138316130285,0.976754773810611,0.973474575640696,0.970261926066005,0.965355989952986,0.960299100880108,0.955706549203289,0.950274221554266,0.940347345693046,0.930392603654797,0.911004636649815,0.878598681829135,0.82718033078463,0.452320580785969,0.112088127920124
0.74762704677125,0.877498902903415,0.914847408250036,0.934494724112846,0.946433732409176,0.954510963471039,0.95979087751992,0.96681455581761,0.9738066838005,0.979762817498726,0.985975959239116,0.991278223200383,0.996713186546402,1,0.997053404271238,0.99357006716553,0.99012937249466,0.986203437483005,0.981884502567749,0.978759691242072,0.975050663824462,0.97005719436162,0.965113409551724,0.96047724037645,0.955024583714536,0.945300547404357,0.935620064753603,0.916204856415402,0.883457145276522,0.832136936782282,0.455807414779842,0.120345010199799
0.745693829173531,0.873092564088601,0.911493625321863,0.931043502778362,0.943048350366737,0.950724132621155,0.955826265875287,0.962271207401837,0.96939522450323,0.975914686954941,0.982444650665387,0.987820463731134,0.993433358110882,0.997053404271238,1,0.997380482005922,0.994099743067947,0.990245747435668,0.985884726312074,0.982732451812053,0.979065976347505,0.974426046622599,0.969586592562442,0.964888898566711,0.959912211134284,0.950417638420786,0.941295204111704,0.922036090992344,0.889391791010386,0.837742228654761,0.460241657829176,0.123815436280866
0.738848578920331,0.865721224562065,0.905047746689851,0.924899094868569,0.938088873954563,0.946752739093228,0.952123875849625,0.958537223288567,0.965420847106999,0.97189099580465,0.978458944266775,0.983961042242232,0.989795115785921,0.99357006716553,0.997380482005922,1,0.997184740487929,0.993396180978323,0.988860707351338,0.985432995225485,0.981824848652975,0.976995196187852,0.972714392727742,0.96794884377059,0.962965617789828,0.953654694912192,0.945404099630993,0.926684153484278,0.894673848138303,0.84345187996838,0.4716919774973,0.130199911285072
0.734084035036102,0.86023724464445,0.898777578575707,0.918600033477771,0.932384767615971,0.941323931741546,0.947109710556013,0.953068064566777,0.960119526870016,0.966462402076656,0.97346251147182,0.97940905833569,0.985495806119272,0.99012937249466,0.994099743067947,0.997184740487929,1,0.997045269799374,0.992493586711339,0.989083001695004,0.985201870588898,0.980845287223977,0.977001966819555,0.971762861306299,0.966902945340876,0.958658703226763,0.95030962660741,0.931795018025711,0.899174789333038,0.848905756306357,0.47776341822174,0.137256303345702
0.729303458507956,0.85546966654208,0.894822836090537,0.91475825497673,0.928301883321609,0.936717458458601,0.942972805359532,0.949147787975879,0.95636828546322,0.962565157119783,0.969679671241424,0.975611862058139,0.981138316130285,0.986203437483005,0.990245747435668,0.993396180978323,0.997045269799374,1,0.997117511045904,0.99370270009476,0.989636668405811,0.985249702467854,0.981048204272628,0.976000568568219,0.971636873314231,0.963294227042187,0.95529219329535,0.937153157816584,0.905020088493313,0.856033030457285,0.483263116849965,0.14195092263944
0.725361264453381,0.85165938583831,0.89198150445013,0.911431348501415,0.924296269484262,0.932408456245942,0.938754196977655,0.944710083251335,0.951960666596417,0.957784694512967,0.964768193052472,0.970849767939867,0.976754773810611,0.981884502567749,0.985884726312074,0.988860707351338,0.992493586711339,0.997117511045904,1,0.99690182948533,0.993141633425443,0.988888268186775,0.984338102303059,0.979335759650628,0.975115889373298,0.966574833812228,0.958585627682484,0.940797069224642,0.909147157454681,0.861304941041461,0.486261511963579,0.139894236110216
0.723375616842039,0.849858340120427,0.889202817548478,0.908619461067537,0.921743991281204,0.929531735793313,0.935690847567725,0.941405463231892,0.948560936177095,0.954309746609038,0.961240984966409,0.967423770676675,0.973474575640696,0.978759691242072,0.982732451812053,0.985432995225485,0.989083001695004,0.99370270009476,0.99690182948533,1,0.996914544585384,0.993405131005121,0.988849688211601,0.983901596777134,0.979775612843468,0.971418274470316,0.962258238326977,0.944726446447739,0.913511604190017,0.866313126650641,0.488427772903434,0.145841105022378
0.716419664223773,0.844842917675355,0.884785243706467,0.904597783343527,0.917214836569367,0.925246402921581,0.931624695956971,0.937836330005765,0.944840350548412,0.950337192586242,0.957337053098081,0.963979432942652,0.970261926066005,0.975050663824462,0.979065976347505,0.981824848652975,0.985201870588898,0.989636668405811,0.993141633425443,0.996914544585384,1,0.996520383024554,0.992064685133242,0.987010046771168,0.982445846869172,0.9737313331077,0.964488464407621,0.947056653475904,0.916533103242018,0.869048133355559,0.486369252261125,0.146541701552989
0.711329936184603,0.839948098858406,0.879327723003956,0.899495627942924,0.911703069906685,0.919598235602747,0.925797462526653,0.932026069254783,0.939084634464383,0.944514252183477,0.95198908664907,0.959153357484844,0.965355989952986,0.97005719436162,0.974426046622599,0.976995196187852,0.980845287223977,0.985249702467854,0.988888268186775,0.993405131005121,0.996520383024554,1,0.996330920576588,0.991365945837957,0.986316142335917,0.977720716005957,0.967980141307235,0.950867789042561,0.919448959268012,0.871063864089232,0.485761078587412,0.154139727581227
0.706299116367117,0.832386751096036,0.873309216509377,0.894213959559503,0.906371344504437,0.914340480114221,0.920564715871864,0.926720075119486,0.934127192919517,0.939267179172375,0.946477584663477,0.954262595443971,0.960299100880108,0.965113409551724,0.969586592562442,0.972714392727742,0.977001966819555,0.981048204272628,0.984338102303059,0.988849688211601,0.992064685133242,0.996330920576588,1,0.995481552287172,0.990577346114248,0.982174821921068,0.972920000040901,0.956969088957677,0.92621617916274,0.877710119032395,0.495025786178515,0.16465632609052
0.699946751676977,0.82787231048499,0.869246083340716,0.89049700026845,0.902397268432542,0.909691731958556,0.915976267624889,0.92209105879847,0.929280690534377,0.934788662087553,0.942072778223522,0.949877166171481,0.955706549203289,0.96047724037645,0.964888898566711,0.96794884377059,0.971762861306299,0.976000568568219,0.979335759650628,0.983901596777134,0.987010046771168,0.991365945837957,0.995481552287172,1,0.995575103318,0.987704077687535,0.978360612146681,0.962228200603093,0.931444276036788,0.883757104737727,0.498687619289301,0.170644726077687
0.695759934769525,0.821620286841049,0.863290510620721,0.883316334300203,0.895504988848781,0.902880590936792,0.9092793236553,0.915069938688282,0.92238387952592,0.928444656792959,0.936121674116496,0.944300846707722,0.950274221554266,0.955024583714536,0.959912211134284,0.962965617789828,0.966902945340876,0.971636873314231,0.975115889373298,0.979775612843468,0.982445846869172,0.986316142335917,0.990577346114248,0.995575103318,1,0.994013477321823,0.985606238186646,0.970448831569113,0.942748904578865,0.897511166253253,0.517858575078721,0.178192842946892
0.681582176076663,0.81069992655772,0.851827511127223,0.871653075298849,0.885107338318655,0.892530737777469,0.898774206931007,0.90466670163218,0.912026247215525,0.918225667222376,0.926586675977791,0.93451712294829,0.940347345693046,0.945300547404357,0.950417638420786,0.953654694912192,0.958658703226763,0.963294227042187,0.966574833812228,0.971418274470316,0.9737313331077,0.977720716005957,0.982174821921068,0.987704077687535,0.994013477321823,1,0.993301289989628,0.978778563691105,0.953313336626442,0.910587725916056,0.536450040525968,0.197386583463533
0.666912462909433,0.799363631180073,0.841737694496059,0.862167268875891,0.876214525660485,0.883220284119474,0.8886226389747,0.894132943074849,0.901326851985073,0.908229858761638,0.917424807090598,0.92516837426072,0.930392603654797,0.935620064753603,0.941295204111704,0.945404099630993,0.95030962660741,0.95529219329535,0.958585627682484,0.962258238326977,0.964488464407621,0.967980141307235,0.972920000040901,0.978360612146681,0.985606238186646,0.993301289989628,1,0.98928456483768,0.965362147949055,0.924914557580535,0.54937305247316,0.201180540810548
0.645361357017369,0.77495517160472,0.818873139661154,0.840733819202989,0.854608352741514,0.861343431855456,0.867098166162036,0.872568632722912,0.879747789536908,0.887587522330409,0.897465979051471,0.906125881264379,0.911004636649815,0.916204856415402,0.922036090992344,0.926684153484278,0.931795018025711,0.937153157816584,0.940797069224642,0.944726446447739,0.947056653475904,0.950867789042561,0.956969088957677,0.962228200603093,0.970448831569113,0.978778563691105,0.98928456483768,1,0.980692708442186,0.942176478325764,0.567187765911454,0.219923311248398
0.608599970718999,0.736699892781938,0.78141571482561,0.801287776181017,0.816147497415145,0.822326810041327,0.82948428673762,0.836878515366102,0.845053762528901,0.853015903081437,0.864369439644063,0.873563798199715,0.878598681829135,0.883457145276522,0.889391791010386,0.894673848138303,0.899174789333038,0.905020088493313,0.909147157454681,0.913511604190017,0.916533103242018,0.919448959268012,0.92621617916274,0.931444276036788,0.942748904578865,0.953313336626442,0.965362147949055,0.980692708442186,1,0.969103604516814,0.615262061668625,0.246831991240541
0.560344154759785,0.677966834881232,0.725461819068091,0.743454328975543,0.758996506799257,0.768360759442558,0.774770248161112,0.781500949109844,0.790087056609619,0.798828830301807,0.8120738261576,0.821479758641481,0.82718033078463,0.832136936782282,0.837742228654761,0.84345187996838,0.848905756306357,0.856033030457285,0.861304941041461,0.866313126650641,0.869048133355559,0.871063864089232,0.877710119032395,0.883757104737727,0.897511166253253,0.910587725916056,0.924914557580535,0.942176478325764,0.969103604516814,1,0.655404205843465,0.266465936123998
0.274280810130552,0.336894041359739,0.364681718073689,0.376290929336284,0.384596687168691,0.405471316794335,0.415563057716625,0.416851740225572,0.4231056170421,0.426941101670881,0.440510997892622,0.447819403364352,0.452320580785969,0.455807414779842,0.460241657829176,0.4716919774973,0.47776341822174,0.483263116849965,0.486261511963579,0.488427772903434,0.486369252261125,0.485761078587412,0.495025786178515,0.498687619289301,0.517858575078721,0.536450040525968,0.54937305247316,0.567187765911454,0.615262061668625,0.655404205843465,1,0.406972623993181
0.013782156116559,0.0333219711771814,0.0568320667043858,0.0748201867589581,0.0844395636491352,0.0852253885204618,0.0896285131354548,0.0906533871968857,0.0954105280103634,0.094982898256097,0.0982055043221412,0.10760683505332,0.112088127920124,0.120345010199799,0.123815436280866,0.130199911285072,0.137256303345702,0.14195092263944,0.139894236110216,0.145841105022378,0.146541701552989,0.154139727581227,0.16465632609052,0.170644726077687,0.178192842946892,0.197386583463533,0.201180540810548,0.219923311248398,0.246831991240541,0.266465936123998,0.406972623993181,1
