1.0,0.8046297857543491,0.7780514306650749,0.753966336080128,0.7313585557366509,0.7162479204324681,0.68594860210072,0.6660006268109571,0.640377360166973,0.604757178126019,0.565446988079544,0.535348241911909,0.486570564827551,0.43217184986952295,0.38491406961333097,0.324450308185607,0.258953357123977,0.19979451017355698,0.153706138404397,0.0903293375771189,0.0553337162219057,0.0038412833010328,0.0516444420387177,0.0991254439805686,0.174777475584691,0.22424404030764003,0.282978953090396,0.30122378304692604,0.32708244565325,0.152583316372638,0.11663827758354599,0.0195024806870302
0.8046297857543491,1.0,0.9722691200614301,0.951097665923468,0.9280350062499281,0.9120999157062272,0.885866434276276,0.8618150097080821,0.8390629673405351,0.793925554987124,0.7441506248176709,0.7087572371257441,0.653383165064176,0.5977601729214089,0.5451225528113689,0.47133063777871503,0.386875109184707,0.311090101659488,0.248530094779759,0.17250088492425597,0.12194354774866101,0.0471823327482295,0.0162835630422086,0.0815294566538444,0.186174212352064,0.25107067400308297,0.32551034363426695,0.36081674184479795,0.407244927751006,0.214772433748312,0.208776154535094,0.0608350065921329
0.7780514306650749,0.9722691200614301,1.0,0.986810402341761,0.970125004975837,0.9550059716901709,0.929798574198134,0.906813167771671,0.887706669246533,0.8469607653074509,0.799332559019812,0.7638876822754341,0.7098948205444651,0.656173145687777,0.607534978307181,0.534518017990209,0.452530640099317,0.37363326792425605,0.312154500674183,0.22997173021446898,0.17649376174692702,0.0986767183212831,0.032873372906616,0.0388062881595296,0.155115339471742,0.22342254684562698,0.308422420484546,0.35136278379927693,0.404488970145052,0.212167264989121,0.212024208192504,0.0768631475575271
0.753966336080128,0.951097665923468,0.986810402341761,1.0,0.9895272991080201,0.977264197044131,0.9572087500479258,0.937474324331749,0.921740583879751,0.884873048404704,0.840849002989414,0.8068801032507821,0.7553096450031801,0.7047163611202758,0.6590482181039828,0.588637669576615,0.509085975828769,0.431232632573014,0.371115141575043,0.28911811476749394,0.23541712020014602,0.15734752396371302,0.0909876943248454,0.0175055753131288,0.10047231549735,0.17174481030679997,0.26182866674189004,0.30422492761287107,0.359780177867015,0.191250246252263,0.19883176156116103,0.0675981627138509
0.7313585557366509,0.9280350062499281,0.970125004975837,0.9895272991080201,1.0,0.9923731082324091,0.975293085716587,0.9574524329237769,0.946162538687644,0.914318123270909,0.875562591992739,0.8450036770845308,0.79737484048501,0.750811956982103,0.709256084866567,0.6438520254935141,0.5678301620303771,0.491669938164198,0.43500023799373605,0.3529928430590829,0.299230701886558,0.220500779988935,0.154797314478855,0.0785702685127947,0.0406931571556119,0.11400739571092801,0.211802777866757,0.25961791960008496,0.32060735145152097,0.17456062642162698,0.19087976964122602,0.0688823787513995
0.7162479204324681,0.9120999157062272,0.9550059716901709,0.977264197044131,0.9923731082324091,1.0,0.9880215494590742,0.9721277204587842,0.963337241154591,0.9368108769754859,0.9013062294163141,0.874567480808879,0.831429178434843,0.788621735093583,0.7488437958806701,0.6873040319928772,0.6147300791509129,0.541581191994725,0.48592746276195503,0.405412570989366,0.352024504312611,0.274320221965596,0.20857172950139802,0.133000828487535,0.0146955691201885,0.0582778699692139,0.157954840938404,0.20868075978900302,0.27376069866202896,0.152348542215445,0.175191503014143,0.0652408826429222
0.68594860210072,0.885866434276276,0.929798574198134,0.9572087500479258,0.975293085716587,0.9880215494590742,1.0,0.9931377750205579,0.985987318953155,0.9683506439006229,0.941066958528322,0.9185160286378321,0.8817383900686991,0.8443216846218559,0.8062115301321949,0.7485320796889972,0.6806490132805849,0.612834523708254,0.5592957294869859,0.4887087287928811,0.436745576204705,0.36554869127096296,0.300692506961351,0.229595582518764,0.11154717465648402,0.0376165360435764,0.0558755311127379,0.115141096312444,0.180544418121662,0.106438843357252,0.13478225168587,0.0525825627015015
0.6660006268109571,0.8618150097080821,0.906813167771671,0.937474324331749,0.9574524329237769,0.9721277204587842,0.9931377750205579,1.0,0.994037804003514,0.9813542099962959,0.9598936951493059,0.9398546736349429,0.907140728982379,0.8726671913784141,0.836566465877394,0.7815737071319699,0.717402382463997,0.6536230043181179,0.60107053596912,0.536240320646844,0.48628816638449296,0.419056627637361,0.35557069056893,0.28787031352778003,0.17178407647748803,0.0984302452269792,0.00775341882752682,0.0519704679105307,0.11582573373801101,0.0711312933402187,0.105033020566968,0.041809287518381005
0.640377360166973,0.8390629673405351,0.887706669246533,0.921740583879751,0.946162538687644,0.963337241154591,0.985987318953155,0.994037804003514,1.0,0.9914194619670009,0.9750788570533291,0.958767506820868,0.9301747087924209,0.9001545467365841,0.868868120135135,0.8191823171526751,0.7590869221698141,0.6974963115982621,0.6474134977547951,0.582522115291352,0.534189001950446,0.46839746109173797,0.405861805677951,0.33728418761848705,0.221685602877695,0.14807316958729,0.0518223498541862,0.0117573736586105,0.0794089419823608,0.0526202396406673,0.0965945719022092,0.0412059988526194
0.604757178126019,0.793925554987124,0.8469607653074509,0.884873048404704,0.914318123270909,0.9368108769754859,0.9683506439006229,0.9813542099962959,0.9914194619670009,1.0,0.991451101812136,0.979350618108556,0.9572803123016809,0.932930378045736,0.90602364618513,0.861898900538665,0.8091673387145301,0.753451306471978,0.7069055292636321,0.647254256052853,0.600918423274333,0.5392473772578711,0.479495098017157,0.414521261984431,0.302093703608384,0.23025193989838802,0.136153165278731,0.0667661250379014,0.0052553297766994795,0.015263754733431,0.0659519710528897,0.0317799006167778
0.565446988079544,0.7441506248176709,0.799332559019812,0.840849002989414,0.875562591992739,0.9013062294163141,0.941066958528322,0.9598936951493059,0.9750788570533291,0.991451101812136,1.0,0.9942837542465649,0.9800086622987959,0.9620319893791149,0.94072978885165,0.9046337389561241,0.85977533950233,0.811039566557447,0.768779498842808,0.715523119805053,0.6739484631467528,0.6160342227313871,0.560334946851869,0.499318651011396,0.39198918662785,0.322469957635712,0.22791438746767398,0.15788347641983402,0.0841227802840291,0.034809922981205,0.0208941141589262,0.0154937681376338
0.535348241911909,0.7087572371257441,0.7638876822754341,0.8068801032507821,0.8450036770845308,0.874567480808879,0.9185160286378321,0.9398546736349429,0.958767506820868,0.979350618108556,0.9942837542465649,1.0,0.9926121923871021,0.9793084706852969,0.962014798411019,0.9320856359312579,0.8930683080014359,0.848881404763443,0.8093693734622571,0.7585749776913709,0.7189581392751221,0.663324241752832,0.609637322072486,0.5499964272854521,0.446944325017395,0.37894830573430205,0.282845985299563,0.209693271115483,0.13493919738307,0.0591453751008072,0.00230781491288227,0.00849597133423511
0.486570564827551,0.653383165064176,0.7098948205444651,0.7553096450031801,0.79737484048501,0.831429178434843,0.8817383900686991,0.907140728982379,0.9301747087924209,0.9572803123016809,0.9800086622987959,0.9926121923871021,1.0,0.993253998566375,0.980581854737104,0.9580825967097629,0.9266673116630091,0.8901301947601421,0.854953087589592,0.809395975970969,0.773169751196714,0.721931584767833,0.6714592821769799,0.6155154702065191,0.518649380466235,0.45311453568302207,0.358657252680118,0.28111323740649,0.20717219132647302,0.09726999549911698,0.0281831921129861,0.00047462460080513095
0.43217184986952295,0.5977601729214089,0.656173145687777,0.7047163611202758,0.750811956982103,0.788621735093583,0.8443216846218559,0.8726671913784141,0.9001545467365841,0.932930378045736,0.9620319893791149,0.9793084706852969,0.993253998566375,1.0,0.9931094875064058,0.978137770372598,0.953639832104743,0.9235777458717289,0.8924701663689009,0.85220857730493,0.8195102457451171,0.772333434451176,0.7254516776291899,0.6724450974219229,0.580635467848447,0.517906538769525,0.424219478292701,0.343655681924742,0.268713106367256,0.130817407391087,0.0593025058476667,0.0066536534904386
0.38491406961333097,0.5451225528113689,0.607534978307181,0.6590482181039828,0.709256084866567,0.7488437958806701,0.8062115301321949,0.836566465877394,0.868868120135135,0.90602364618513,0.94072978885165,0.962014798411019,0.980581854737104,0.9931094875064058,1.0,0.9916810032781221,0.9731883394449051,0.947222540152937,0.9210590048678922,0.8835759935154709,0.853475268272655,0.8086932113260229,0.7648750340203309,0.712579619893683,0.622998778223767,0.5627251694554279,0.4676524631039529,0.387382222990884,0.3118511100058631,0.14964870373355998,0.0697349577448196,0.009467811964078891
0.324450308185607,0.47133063777871503,0.534518017990209,0.588637669576615,0.6438520254935141,0.6873040319928772,0.7485320796889972,0.7815737071319699,0.8191823171526751,0.861898900538665,0.9046337389561241,0.9320856359312579,0.9580825967097629,0.978137770372598,0.9916810032781221,1.0,0.9913645781370891,0.973367553790478,0.9531102070813761,0.9213360908460949,0.8964581175838929,0.8567539766693371,0.8187049516913891,0.769412697823334,0.6871282770766379,0.630516254764303,0.535768940237505,0.45385464610597404,0.37975881955450497,0.186432998177433,0.0980037426840946,0.0229586386385847
0.258953357123977,0.386875109184707,0.452530640099317,0.509085975828769,0.5678301620303771,0.6147300791509129,0.6806490132805849,0.717402382463997,0.7590869221698141,0.8091673387145301,0.85977533950233,0.8930683080014359,0.9266673116630091,0.953639832104743,0.9731883394449051,0.9913645781370891,1.0,0.992116340738453,0.9787999179999459,0.9539726546000681,0.933776956538759,0.9001497416993021,0.8669626255678878,0.8240075928959781,0.751306374676715,0.699108968272341,0.609180732237991,0.527455221316689,0.45422953882141703,0.22576486236551396,0.128871210170772,0.0344952644747744
0.19979451017355698,0.311090101659488,0.37363326792425605,0.431232632573014,0.491669938164198,0.541581191994725,0.612834523708254,0.6536230043181179,0.6974963115982621,0.753451306471978,0.811039566557447,0.848881404763443,0.8901301947601421,0.9235777458717289,0.947222540152937,0.973367553790478,0.992116340738453,1.0,0.9930777298124671,0.977341654088116,0.96174696548566,0.9347931188720571,0.9071139599432441,0.8709288636207699,0.808014333709495,0.76086535088331,0.6781287461170261,0.597323489514769,0.526953867841663,0.277442347667615,0.16940900405595802,0.0484448461673595
0.153706138404397,0.248530094779759,0.312154500674183,0.371115141575043,0.43500023799373605,0.48592746276195503,0.5592957294869859,0.60107053596912,0.6474134977547951,0.7069055292636321,0.768779498842808,0.8093693734622571,0.854953087589592,0.8924701663689009,0.9210590048678922,0.9531102070813761,0.9787999179999459,0.9930777298124671,1.0,0.989943283628914,0.9788251725280991,0.9557765224545871,0.93354521354011,0.900619067791619,0.843412144967216,0.8002915325641491,0.719593001659532,0.640097618997155,0.5712724658005589,0.307775808616952,0.20031780142627897,0.0667964222953228
0.0903293375771189,0.17250088492425597,0.22997173021446898,0.28911811476749394,0.3529928430590829,0.405412570989366,0.4887087287928811,0.536240320646844,0.582522115291352,0.647254256052853,0.715523119805053,0.7585749776913709,0.809395975970969,0.85220857730493,0.8835759935154709,0.9213360908460949,0.9539726546000681,0.977341654088116,0.989943283628914,1.0,0.9946902531020508,0.981538634000707,0.9645290196209471,0.9397632626408079,0.8917320232521478,0.854768144846342,0.7877992896666899,0.7131953397138141,0.649878591391307,0.354688867749159,0.245794114922802,0.0933484920008864
0.0553337162219057,0.12194354774866101,0.17649376174692702,0.23541712020014602,0.299230701886558,0.352024504312611,0.436745576204705,0.48628816638449296,0.534189001950446,0.600918423274333,0.6739484631467528,0.7189581392751221,0.773169751196714,0.8195102457451171,0.853475268272655,0.8964581175838929,0.933776956538759,0.96174696548566,0.9788251725280991,0.9946902531020508,1.0,0.9923629228743671,0.980194987472465,0.9601920664831228,0.91767598491696,0.8838123823049301,0.820101084100831,0.747279173692017,0.6876064453085479,0.37462531959703005,0.26675707516398395,0.10346176640703801
0.0038412833010328,0.0471823327482295,0.0986767183212831,0.15734752396371302,0.220500779988935,0.274320221965596,0.36554869127096296,0.419056627637361,0.46839746109173797,0.5392473772578711,0.6160342227313871,0.663324241752832,0.721931584767833,0.772333434451176,0.8086932113260229,0.8567539766693371,0.9001497416993021,0.9347931188720571,0.9557765224545871,0.981538634000707,0.9923629228743671,1.0,0.99404943978689,0.981698721410861,0.947864560408662,0.919022543070453,0.865243829251698,0.7921135468831791,0.7385782454086549,0.40311315841713397,0.299250263955141,0.118320250486475
0.0516444420387177,0.0162835630422086,0.032873372906616,0.0909876943248454,0.154797314478855,0.20857172950139802,0.300692506961351,0.35557069056893,0.405861805677951,0.479495098017157,0.560334946851869,0.609637322072486,0.6714592821769799,0.7254516776291899,0.7648750340203309,0.8187049516913891,0.8669626255678878,0.9071139599432441,0.93354521354011,0.9645290196209471,0.980194987472465,0.99404943978689,1.0,0.992217398857822,0.965711225062921,0.9421829277278579,0.8926638020681709,0.8213539187457339,0.7719983803183341,0.424705293307115,0.324718782748352,0.130152530596342
0.0991254439805686,0.0815294566538444,0.0388062881595296,0.0175055753131288,0.0785702685127947,0.133000828487535,0.229595582518764,0.28787031352778003,0.33728418761848705,0.414521261984431,0.499318651011396,0.5499964272854521,0.6155154702065191,0.6724450974219229,0.712579619893683,0.769412697823334,0.8240075928959781,0.8709288636207699,0.900619067791619,0.9397632626408079,0.9601920664831228,0.981698721410861,0.992217398857822,1.0,0.9845797749247891,0.967708820371801,0.929326852081441,0.8626224016676579,0.819338665234665,0.46290413072485,0.36545679663205793,0.143769421159566
0.174777475584691,0.186174212352064,0.155115339471742,0.10047231549735,0.0406931571556119,0.0146955691201885,0.11154717465648402,0.17178407647748803,0.221685602877695,0.302093703608384,0.39198918662785,0.446944325017395,0.518649380466235,0.580635467848447,0.622998778223767,0.6871282770766379,0.751306374676715,0.808014333709495,0.843412144967216,0.8917320232521478,0.91767598491696,0.947864560408662,0.965711225062921,0.9845797749247891,1.0,0.9930902216565229,0.9682537433832471,0.917034205009657,0.8796708051277231,0.50363000316178,0.4044798356678379,0.15748633245485502
0.22424404030764003,0.25107067400308297,0.22342254684562698,0.17174481030679997,0.11400739571092801,0.0582778699692139,0.0376165360435764,0.0984302452269792,0.14807316958729,0.23025193989838802,0.322469957635712,0.37894830573430205,0.45311453568302207,0.517906538769525,0.5627251694554279,0.630516254764303,0.699108968272341,0.76086535088331,0.8002915325641491,0.854768144846342,0.8838123823049301,0.919022543070453,0.9421829277278579,0.967708820371801,0.9930902216565229,1.0,0.984147858770006,0.9415054063773349,0.908479434099448,0.530426905371897,0.436938514115804,0.174296107927108
0.282978953090396,0.32551034363426695,0.308422420484546,0.26182866674189004,0.211802777866757,0.157954840938404,0.0558755311127379,0.00775341882752682,0.0518223498541862,0.136153165278731,0.22791438746767398,0.282845985299563,0.358657252680118,0.424219478292701,0.4676524631039529,0.535768940237505,0.609180732237991,0.6781287461170261,0.719593001659532,0.7877992896666899,0.820101084100831,0.865243829251698,0.8926638020681709,0.929326852081441,0.9682537433832471,0.984147858770006,1.0,0.968548894265683,0.9451396925519019,0.5486971298016551,0.46889634225971505,0.188465665489731
0.30122378304692604,0.36081674184479795,0.35136278379927693,0.30422492761287107,0.25961791960008496,0.20868075978900302,0.115141096312444,0.0519704679105307,0.0117573736586105,0.0667661250379014,0.15788347641983402,0.209693271115483,0.28111323740649,0.343655681924742,0.387382222990884,0.45385464610597404,0.527455221316689,0.597323489514769,0.640097618997155,0.7131953397138141,0.747279173692017,0.7921135468831791,0.8213539187457339,0.8626224016676579,0.917034205009657,0.9415054063773349,0.968548894265683,1.0,0.983682220503193,0.576294924587746,0.49674633983993394,0.20572910879564002
0.32708244565325,0.407244927751006,0.404488970145052,0.359780177867015,0.32060735145152097,0.27376069866202896,0.180544418121662,0.11582573373801101,0.0794089419823608,0.0052553297766994795,0.0841227802840291,0.13493919738307,0.20717219132647302,0.268713106367256,0.3118511100058631,0.37975881955450497,0.45422953882141703,0.526953867841663,0.5712724658005589,0.649878591391307,0.6876064453085479,0.7385782454086549,0.7719983803183341,0.819338665234665,0.8796708051277231,0.908479434099448,0.9451396925519019,0.983682220503193,1.0,0.603992472354178,0.54326814892779,0.231234693251689
0.152583316372638,0.214772433748312,0.212167264989121,0.191250246252263,0.17456062642162698,0.152348542215445,0.106438843357252,0.0711312933402187,0.0526202396406673,0.015263754733431,0.034809922981205,0.0591453751008072,0.09726999549911698,0.130817407391087,0.14964870373355998,0.186432998177433,0.22576486236551396,0.277442347667615,0.307775808616952,0.354688867749159,0.37462531959703005,0.40311315841713397,0.424705293307115,0.46290413072485,0.50363000316178,0.530426905371897,0.5486971298016551,0.576294924587746,0.603992472354178,1.0,0.7974945178136771,0.24834670313325602
0.11663827758354599,0.208776154535094,0.212024208192504,0.19883176156116103,0.19087976964122602,0.175191503014143,0.13478225168587,0.105033020566968,0.0965945719022092,0.0659519710528897,0.0208941141589262,0.00230781491288227,0.0281831921129861,0.0593025058476667,0.0697349577448196,0.0980037426840946,0.128871210170772,0.16940900405595802,0.20031780142627897,0.245794114922802,0.26675707516398395,0.299250263955141,0.324718782748352,0.36545679663205793,0.4044798356678379,0.436938514115804,0.46889634225971505,0.49674633983993394,0.54326814892779,0.7974945178136771,1.0,0.414602237941766
0.0195024806870302,0.0608350065921329,0.0768631475575271,0.0675981627138509,0.0688823787513995,0.0652408826429222,0.0525825627015015,0.041809287518381005,0.0412059988526194,0.0317799006167778,0.0154937681376338,0.00849597133423511,0.00047462460080513095,0.0066536534904386,0.009467811964078891,0.0229586386385847,0.0344952644747744,0.0484448461673595,0.0667964222953228,0.0933484920008864,0.10346176640703801,0.118320250486475,0.130152530596342,0.143769421159566,0.15748633245485502,0.174296107927108,0.188465665489731,0.20572910879564002,0.231234693251689,0.24834670313325602,0.414602237941766,1.0
