1.0,0.916509938825774,0.884210638497427,0.8611101010588891,0.83685037250954,0.820722973233911,0.80032191023574,0.7752448281215709,0.7550157937937829,0.7439606849698379,0.723734600085917,0.69036243590245,0.6608079812562491,0.6284991543644649,0.5944353499942011,0.5642126582939829,0.5288408753964671,0.49383348316094705,0.441125660023816,0.383140949923815,0.330542657628551,0.2821552854001839,0.23060610946747698,0.17439816354240997,0.12445833481438,0.0772803238807528,0.0266187856194651,0.0636318966596392,0.1260140756597,0.176067545137374,0.21679622697161702,0.125661850349641
0.916509938825774,1.0,0.974643927258361,0.954136670698171,0.93598590219109,0.9224722085793949,0.9033700089031701,0.880310638182952,0.863577660156682,0.851521703982241,0.8300899867667421,0.7997271966341859,0.7712024823204351,0.7408559315664399,0.7077356564981271,0.675919638101144,0.640773345881925,0.606086491284595,0.555239433024112,0.494653443703342,0.442083948255438,0.391635617564318,0.33684207592216203,0.279001161746173,0.226112796999791,0.180047739932554,0.12429433951047801,0.0226757833706511,0.0428314286859121,0.11147745744522901,0.171414629450606,0.0950256706319779
0.884210638497427,0.974643927258361,1.0,0.985827477481783,0.972191415589862,0.959893514851034,0.9457591389944069,0.928261269475493,0.914069044402455,0.902860826166135,0.8854072547300409,0.859425563065841,0.8355219326306701,0.8094432100399642,0.77916552144488,0.7496218297044399,0.7174073939193191,0.685358406114129,0.638546174463537,0.582823572645754,0.531568568453462,0.48187452972296707,0.42813088556512297,0.37183957701655107,0.320555404154663,0.271622449330861,0.215813748075928,0.109366022103819,0.0373300074932698,0.0343430838210731,0.114661460167138,0.0661574515927451
0.8611101010588891,0.954136670698171,0.985827477481783,1.0,0.990073799343933,0.979962523012131,0.9681371615869151,0.95189711186246,0.9391045263544441,0.9296011962787158,0.912341595975591,0.888129619789657,0.865158786021499,0.8417569888771741,0.8122358977403109,0.7837925154690101,0.754230261129368,0.7232894410360201,0.678632824630046,0.6257483556315661,0.575831354085518,0.527954239241175,0.47490124602237,0.418115411693135,0.367834499150813,0.31821706952727696,0.26340571773605304,0.15616590143533898,0.0779177516677868,0.0056957097111588395,0.0764724243999727,0.0460031149226806
0.83685037250954,0.93598590219109,0.972191415589862,0.990073799343933,1.0,0.992154587876212,0.983959239663275,0.97152277835968,0.9608360787838609,0.952801325365709,0.937725943442554,0.9161955013907019,0.894961224978462,0.8745064197087081,0.8487346293111679,0.8214174101750571,0.792987243027105,0.764179011627047,0.7225798589844971,0.671995995863596,0.623934144599211,0.5782526340100551,0.527005982576882,0.47127692913918606,0.42142724906270207,0.37373367686566294,0.318633116354866,0.20915241857304998,0.126869971507867,0.05212943524841201,0.0349996481962806,0.0156017910328889
0.820722973233911,0.9224722085793949,0.959893514851034,0.979962523012131,0.992154587876212,1.0,0.9940278269789742,0.9833065892187071,0.9734787215173459,0.96557651056097,0.951683886911705,0.9316487160890551,0.912273353949665,0.8929829983331059,0.869486075379959,0.844089810319304,0.817788822965118,0.790074784586978,0.7497355653611619,0.700795123632657,0.6538452515474829,0.6087169735591259,0.558398017165222,0.504051991432087,0.455135260221301,0.40740311494778103,0.35410846394797496,0.24209510325359,0.157744092897176,0.0818012999510434,0.00842146647976963,0.0093510966590653
0.80032191023574,0.9033700089031701,0.9457591389944069,0.9681371615869151,0.983959239663275,0.9940278269789742,1.0,0.993142825793515,0.9856896853369409,0.979280403404669,0.9670645224116221,0.9486482963478491,0.930847192244234,0.9131777829452091,0.8918269392574569,0.86806663284597,0.8439510299407449,0.817940404081198,0.779118525765221,0.732879894257793,0.6879658873000469,0.645033475910218,0.596502821892156,0.543373661233656,0.49581436526598605,0.44848276821287697,0.39550624538383605,0.28237491482905797,0.19518887501071497,0.11901900054628699,0.0239720015411481,0.0318334562805664
0.7752448281215709,0.880310638182952,0.928261269475493,0.95189711186246,0.97152277835968,0.9833065892187071,0.993142825793515,1.0,0.994977723363222,0.9896975110821429,0.980818710371739,0.966653217984356,0.950745068668634,0.9353141800631211,0.916364464979645,0.894632291140542,0.8723683772210931,0.8486398774647459,0.813101748895947,0.769213589157636,0.727121418767162,0.686586069972219,0.639667186097802,0.588072481297855,0.5421784101815429,0.494978290982396,0.442827366995329,0.3280222995327561,0.23749858986487102,0.15968330472275302,0.05895450932814799,0.0589355683614514
0.7550157937937829,0.863577660156682,0.914069044402455,0.9391045263544441,0.9608360787838609,0.9734787215173459,0.9856896853369409,0.994977723363222,1.0,0.9962114329201891,0.9892703415294158,0.9778834884828359,0.9637997257360691,0.950100636905008,0.932153488001415,0.9115093912023349,0.8902367195246621,0.8682428013985659,0.8347489686772329,0.7922662382261991,0.751797966205407,0.713108811484034,0.667929275538624,0.617354053442691,0.572080170443626,0.5252833408428721,0.47431329627278,0.35763365194491603,0.264778062622506,0.18487359783051102,0.0813976867943362,0.072254562918735
0.7439606849698379,0.851521703982241,0.902860826166135,0.9296011962787158,0.952801325365709,0.96557651056097,0.979280403404669,0.9896975110821429,0.9962114329201891,1.0,0.9950337102925579,0.9850213669612041,0.9729052067146,0.960369897246702,0.9434669799228679,0.9240396107618959,0.9034901404115591,0.882458374911102,0.8506868940051671,0.8100606636690241,0.7707808177614109,0.733381842690598,0.689890909341787,0.641063330452694,0.597236207330674,0.551923865225015,0.501867441528414,0.38567668142345896,0.291879843366345,0.21273445280570702,0.10848423648525099,0.0888796862140409
0.723734600085917,0.8300899867667421,0.8854072547300409,0.912341595975591,0.937725943442554,0.951683886911705,0.9670645224116221,0.980818710371739,0.9892703415294158,0.9950337102925579,1.0,0.993204913358994,0.983478065959595,0.9727787975737778,0.958192655349662,0.9405962910346709,0.921383285964338,0.901611651207325,0.8719778805224929,0.834025072221082,0.7964860994987281,0.761393698340928,0.719884258248511,0.6734026257889559,0.63088262487046,0.587656246055109,0.538459223575365,0.4213313072135971,0.32597755980116805,0.247004153691697,0.138951458572959,0.109535420610619
0.69036243590245,0.7997271966341859,0.859425563065841,0.888129619789657,0.9161955013907019,0.9316487160890551,0.9486482963478491,0.966653217984356,0.9778834884828359,0.9850213669612041,0.993204913358994,1.0,0.9944988265943471,0.98650399396711,0.9744981843428192,0.9600771047973101,0.9432557613581569,0.92565424795433,0.900217502392356,0.8672363431448442,0.832683178615971,0.8010990565804219,0.7629019128632919,0.720418030606211,0.680192530848255,0.6381915074019721,0.5907487658505179,0.475259184881284,0.38060595977252504,0.29907210865272904,0.18767597092685398,0.143792895942912
0.6608079812562491,0.7712024823204351,0.8355219326306701,0.865158786021499,0.894961224978462,0.912273353949665,0.930847192244234,0.950745068668634,0.9637997257360691,0.9729052067146,0.983478065959595,0.9944988265943471,1.0,0.995606139063468,0.9863934732382071,0.975184435446398,0.9609239936072691,0.945651464217065,0.923293302301857,0.8934127815038191,0.8619904065558629,0.832518432622961,0.796820129262765,0.757341601619556,0.7192082521804058,0.6781740985753312,0.6332014678443979,0.5185696623251821,0.423111274443933,0.340009853278229,0.22361263642711798,0.16829657380150598
0.6284991543644649,0.7408559315664399,0.8094432100399642,0.8417569888771741,0.8745064197087081,0.8929829983331059,0.9131777829452091,0.9353141800631211,0.950100636905008,0.960369897246702,0.9727787975737778,0.98650399396711,0.995606139063468,1.0,0.994194187733175,0.9851769976733349,0.972847837171632,0.9594390757070899,0.939740021684454,0.912464081364203,0.8834973215506801,0.8565664957455741,0.8228545356184329,0.786170289338671,0.7497940819677041,0.710336241762875,0.66711497555223,0.5538270813864511,0.456684471488709,0.37490485597584,0.257620703224804,0.191055587433241
0.5944353499942011,0.7077356564981271,0.77916552144488,0.8122358977403109,0.8487346293111679,0.869486075379959,0.8918269392574569,0.916364464979645,0.932153488001415,0.9434669799228679,0.958192655349662,0.9744981843428192,0.9863934732382071,0.994194187733175,1.0,0.994777713231032,0.985382607100124,0.974369566745988,0.957377914467075,0.9330375451898649,0.9072952303679359,0.883448160991338,0.8522283024451229,0.817803526379178,0.782917851461588,0.7453344443245721,0.703605268313957,0.5904923985676651,0.49179264884800605,0.41034076774239103,0.29037885997042795,0.21713887788758396
0.5642126582939829,0.675919638101144,0.7496218297044399,0.7837925154690101,0.8214174101750571,0.844089810319304,0.86806663284597,0.894632291140542,0.9115093912023349,0.9240396107618959,0.9405962910346709,0.9600771047973101,0.975184435446398,0.9851769976733349,0.994777713231032,1.0,0.9947432301553201,0.9862460720863359,0.972360294682636,0.951769747931497,0.9290760141657199,0.9074754513030558,0.8796958389443108,0.848296247375295,0.815903487629829,0.779794393506798,0.7408125259340759,0.631047308152729,0.532499898952751,0.45045750273498103,0.32442083565564894,0.23333141836383398
0.5288408753964671,0.640773345881925,0.7174073939193191,0.754230261129368,0.792987243027105,0.817788822965118,0.8439510299407449,0.8723683772210931,0.8902367195246621,0.9034901404115591,0.921383285964338,0.9432557613581569,0.9609239936072691,0.972847837171632,0.985382607100124,0.9947432301553201,1.0,0.995377336403874,0.984622960372958,0.9677016404162321,0.947839935214631,0.9285412267488969,0.9029830047225741,0.8742617906175492,0.8442653189095999,0.81010711537865,0.77319209693226,0.66502925090945,0.5662629430026811,0.484388745519804,0.354751244921986,0.253080121237953
0.49383348316094705,0.606086491284595,0.685358406114129,0.7232894410360201,0.764179011627047,0.790074784586978,0.817940404081198,0.8486398774647459,0.8682428013985659,0.882458374911102,0.901611651207325,0.92565424795433,0.945651464217065,0.9594390757070899,0.974369566745988,0.9862460720863359,0.995377336403874,1.0,0.9937160455498449,0.9807067485300509,0.963787203370274,0.946376112141058,0.923413293619034,0.895782479217093,0.867304254468555,0.8346825826142711,0.7999743782381559,0.6932460924001961,0.5947147080068,0.51350574712738,0.3808572770659389,0.271396983099101
0.441125660023816,0.555239433024112,0.638546174463537,0.678632824630046,0.7225798589844971,0.7497355653611619,0.779118525765221,0.813101748895947,0.8347489686772329,0.8506868940051671,0.8719778805224929,0.900217502392356,0.923293302301857,0.939740021684454,0.957377914467075,0.972360294682636,0.984622960372958,0.9937160455498449,1.0,0.9927438173879759,0.9803481252130879,0.9660818933465161,0.9463109208034008,0.921628412314803,0.89542333822289,0.86500935718626,0.8327269118540891,0.7299513785491991,0.63353857085987,0.552778229034551,0.417478980425685,0.29931947463819203
0.383140949923815,0.494653443703342,0.582823572645754,0.6257483556315661,0.671995995863596,0.700795123632657,0.732879894257793,0.769213589157636,0.7922662382261991,0.8100606636690241,0.834025072221082,0.8672363431448442,0.8934127815038191,0.912464081364203,0.9330375451898649,0.951769747931497,0.9677016404162321,0.9807067485300509,0.9927438173879759,1.0,0.993861684820067,0.983984072540665,0.969296365317885,0.9498593053046329,0.927463985975298,0.9005493185531759,0.8715292333509491,0.7785763627269499,0.6882285685803421,0.6087839632373659,0.46974446684757104,0.329219481454144
0.330542657628551,0.442083948255438,0.531568568453462,0.575831354085518,0.623934144599211,0.6538452515474829,0.6879658873000469,0.727121418767162,0.751797966205407,0.7707808177614109,0.7964860994987281,0.832683178615971,0.8619904065558629,0.8834973215506801,0.9072952303679359,0.9290760141657199,0.947839935214631,0.963787203370274,0.9803481252130879,0.993861684820067,1.0,0.9941479495344742,0.983325232899227,0.9667795139206301,0.9467329830843821,0.922133838293803,0.89643818015538,0.8100162600691799,0.7219330651867,0.6437743704897729,0.505572444543103,0.35926055121769607
0.2821552854001839,0.391635617564318,0.48187452972296707,0.527954239241175,0.5782526340100551,0.6087169735591259,0.645033475910218,0.686586069972219,0.713108811484034,0.733381842690598,0.761393698340928,0.8010990565804219,0.832518432622961,0.8565664957455741,0.883448160991338,0.9074754513030558,0.9285412267488969,0.946376112141058,0.9660818933465161,0.983984072540665,0.9941479495344742,1.0,0.993369558929652,0.980930203693539,0.9641757418772879,0.9434211464508561,0.9201760651236421,0.838973709074499,0.7545152113717571,0.6790598298340219,0.544456791395719,0.38635563390448496
0.23060610946747698,0.33684207592216203,0.42813088556512297,0.47490124602237,0.527005982576882,0.558398017165222,0.596502821892156,0.639667186097802,0.667929275538624,0.689890909341787,0.719884258248511,0.7629019128632919,0.796820129262765,0.8228545356184329,0.8522283024451229,0.8796958389443108,0.9029830047225741,0.923413293619034,0.9463109208034008,0.969296365317885,0.983325232899227,0.993369558929652,1.0,0.992688592749057,0.980108339999354,0.964140864135581,0.9459569190609741,0.876478906208429,0.7980563666584151,0.728171242065379,0.597641748345793,0.41602547646073296
0.17439816354240997,0.279001161746173,0.37183957701655107,0.418115411693135,0.47127692913918606,0.504051991432087,0.543373661233656,0.588072481297855,0.617354053442691,0.641063330452694,0.6734026257889559,0.720418030606211,0.757341601619556,0.786170289338671,0.817803526379178,0.848296247375295,0.8742617906175492,0.895782479217093,0.921628412314803,0.9498593053046329,0.9667795139206301,0.980930203693539,0.992688592749057,1.0,0.9935274877071608,0.9815606644412829,0.9679761094239009,0.9089330906920621,0.8388146312093991,0.773584840426098,0.644645759483825,0.441236734165507
0.12445833481438,0.226112796999791,0.320555404154663,0.367834499150813,0.42142724906270207,0.455135260221301,0.49581436526598605,0.5421784101815429,0.572080170443626,0.597236207330674,0.63088262487046,0.680192530848255,0.7192082521804058,0.7497940819677041,0.782917851461588,0.815903487629829,0.8442653189095999,0.867304254468555,0.89542333822289,0.927463985975298,0.9467329830843821,0.9641757418772879,0.980108339999354,0.9935274877071608,1.0,0.9924667057859641,0.9825021212240881,0.9342763423815921,0.870945047135396,0.8112217643413872,0.6859429408619879,0.461575505135988
0.0772803238807528,0.180047739932554,0.271622449330861,0.31821706952727696,0.37373367686566294,0.40740311494778103,0.44848276821287697,0.494978290982396,0.5252833408428721,0.551923865225015,0.587656246055109,0.6381915074019721,0.6781740985753312,0.710336241762875,0.7453344443245721,0.779794393506798,0.81010711537865,0.8346825826142711,0.86500935718626,0.9005493185531759,0.922133838293803,0.9434211464508561,0.964140864135581,0.9815606644412829,0.9924667057859641,1.0,0.992836298963281,0.95718013045222,0.9029027493488291,0.84715958012666,0.725863086317146,0.48557016397610997
0.0266187856194651,0.12429433951047801,0.215813748075928,0.26340571773605304,0.318633116354866,0.35410846394797496,0.39550624538383605,0.442827366995329,0.47431329627278,0.501867441528414,0.538459223575365,0.5907487658505179,0.6332014678443979,0.66711497555223,0.703605268313957,0.7408125259340759,0.77319209693226,0.7999743782381559,0.8327269118540891,0.8715292333509491,0.89643818015538,0.9201760651236421,0.9459569190609741,0.9679761094239009,0.9825021212240881,0.992836298963281,1.0,0.9734905486359,0.923450082827807,0.8744819271532009,0.7585994528833531,0.508171265578452
0.0636318966596392,0.0226757833706511,0.109366022103819,0.15616590143533898,0.20915241857304998,0.24209510325359,0.28237491482905797,0.3280222995327561,0.35763365194491603,0.38567668142345896,0.4213313072135971,0.475259184881284,0.5185696623251821,0.5538270813864511,0.5904923985676651,0.631047308152729,0.66502925090945,0.6932460924001961,0.7299513785491991,0.7785763627269499,0.8100162600691799,0.838973709074499,0.876478906208429,0.9089330906920621,0.9342763423815921,0.95718013045222,0.9734905486359,1.0,0.979943650347318,0.9492512689466619,0.8481219076209789,0.538474841801893
0.1260140756597,0.0428314286859121,0.0373300074932698,0.0779177516677868,0.126869971507867,0.157744092897176,0.19518887501071497,0.23749858986487102,0.264778062622506,0.291879843366345,0.32597755980116805,0.38060595977252504,0.423111274443933,0.456684471488709,0.49179264884800605,0.532499898952751,0.5662629430026811,0.5947147080068,0.63353857085987,0.6882285685803421,0.7219330651867,0.7545152113717571,0.7980563666584151,0.8388146312093991,0.870945047135396,0.9029027493488291,0.923450082827807,0.979943650347318,1.0,0.97964856248449,0.8898018658425021,0.547006925871215
0.176067545137374,0.11147745744522901,0.0343430838210731,0.0056957097111588395,0.05212943524841201,0.0818012999510434,0.11901900054628699,0.15968330472275302,0.18487359783051102,0.21273445280570702,0.247004153691697,0.29907210865272904,0.340009853278229,0.37490485597584,0.41034076774239103,0.45045750273498103,0.484388745519804,0.51350574712738,0.552778229034551,0.6087839632373659,0.6437743704897729,0.6790598298340219,0.728171242065379,0.773584840426098,0.8112217643413872,0.84715958012666,0.8744819271532009,0.9492512689466619,0.97964856248449,1.0,0.9398267222293379,0.57932084498661
0.21679622697161702,0.171414629450606,0.114661460167138,0.0764724243999727,0.0349996481962806,0.00842146647976963,0.0239720015411481,0.05895450932814799,0.0813976867943362,0.10848423648525099,0.138951458572959,0.18767597092685398,0.22361263642711798,0.257620703224804,0.29037885997042795,0.32442083565564894,0.354751244921986,0.3808572770659389,0.417478980425685,0.46974446684757104,0.505572444543103,0.544456791395719,0.597641748345793,0.644645759483825,0.6859429408619879,0.725863086317146,0.7585994528833531,0.8481219076209789,0.8898018658425021,0.9398267222293379,1.0,0.704232341789232
0.125661850349641,0.0950256706319779,0.0661574515927451,0.0460031149226806,0.0156017910328889,0.0093510966590653,0.0318334562805664,0.0589355683614514,0.072254562918735,0.0888796862140409,0.109535420610619,0.143792895942912,0.16829657380150598,0.191055587433241,0.21713887788758396,0.23333141836383398,0.253080121237953,0.271396983099101,0.29931947463819203,0.329219481454144,0.35926055121769607,0.38635563390448496,0.41602547646073296,0.441236734165507,0.461575505135988,0.48557016397610997,0.508171265578452,0.538474841801893,0.547006925871215,0.57932084498661,0.704232341789232,1.0
