1.0,0.80703288957884,0.7690208744864409,0.75903693967489,0.7505675367821141,0.745131892501343,0.7395459394463479,0.7376479998333759,0.7364471028180809,0.7313641623973499,0.725675768429931,0.723276015773803,0.7181492000917529,0.713841074753579,0.7083452661772759,0.705633973469226,0.706375136337408,0.701577326022352,0.6969488669423362,0.693326355650432,0.685189655566428,0.6773076049419859,0.670477956565693,0.66623713929476,0.658922359927352,0.653455142717567,0.6505371444467459,0.652271465816311,0.646381223833059,0.6236040516910799,0.571105794224399,0.18604478553635298
0.80703288957884,1.0,0.971079620960871,0.9590258346441309,0.950287443533438,0.945847516027279,0.942470205266273,0.9419494846804001,0.941283016215392,0.9382515542489159,0.9359138153696209,0.934409634414745,0.93190726498421,0.928379044503913,0.924042989203058,0.9214853319068541,0.9204989376480072,0.9168664003787901,0.912538836989546,0.9079645279745648,0.9020229282572879,0.895098536794415,0.8890582021237791,0.8836166185028991,0.876225165342145,0.8712844938690729,0.865057514428692,0.8625665072368659,0.8555496388333599,0.832228665883723,0.7708641757499529,0.272498431084034
0.7690208744864409,0.971079620960871,1.0,0.9870907506147429,0.9792705431267859,0.97413324587903,0.969769327682534,0.967863478031578,0.966053161136393,0.962853434296871,0.9601504213249971,0.95826098152787,0.955433939029698,0.95196629485929,0.949220184107806,0.9473412474009449,0.945323591388545,0.94194513709761,0.938010694287807,0.933613673574042,0.9285560280958379,0.9221857159838491,0.9161237047972941,0.91131563907624,0.902561452044292,0.897450505659178,0.8902794490450541,0.887298385457322,0.8796376146637359,0.8560570032386372,0.7893597564680369,0.28266216279767603
0.75903693967489,0.9590258346441309,0.9870907506147429,1.0,0.9921046270085759,0.986944781399074,0.982922850844868,0.9801114231335999,0.9779539802933371,0.975308091411687,0.972656399104048,0.9705740823428219,0.967973652263511,0.9649469447388421,0.9617787979319928,0.959083428142856,0.956617995451827,0.953030529077023,0.949015929554091,0.945106076408332,0.9402814940075241,0.934310843473717,0.92900608729828,0.924128034777053,0.9151953991417059,0.909905225319452,0.903089758791728,0.9004200618757059,0.8930768321394008,0.8692994923281809,0.7997565617501929,0.28537015661820003
0.7505675367821141,0.950287443533438,0.9792705431267859,0.9921046270085759,1.0,0.99483612556904,0.990086527189559,0.9877163334504292,0.984688080969173,0.9820987225036691,0.9798575981319549,0.977672661979086,0.974502458662373,0.9713999320713459,0.9680109906030541,0.9650394189676509,0.962260069139487,0.958705812500948,0.95481263400654,0.9505237308154909,0.9453493931404909,0.939540557908385,0.934296773665843,0.928314683449957,0.9199697726964841,0.915046425866473,0.9082620723474429,0.905789956312782,0.8983313843049809,0.872876887384488,0.8011193737494839,0.282354805482513
0.745131892501343,0.945847516027279,0.97413324587903,0.986944781399074,0.99483612556904,1.0,0.995435597997497,0.9923192139520199,0.988797829111131,0.9860005207133921,0.9833912382215101,0.9814468853008861,0.978600763705828,0.9758432165544091,0.972714973863145,0.969537952173768,0.966804649700777,0.963500795534778,0.95936430782737,0.95496140244957,0.948909152140532,0.943424103169855,0.9379465257401779,0.9317547418194979,0.9241552774395941,0.919774327758566,0.9132583197947919,0.910521626158465,0.9031240522881401,0.878581261400543,0.80868250286847,0.291772587827432
0.7395459394463479,0.942470205266273,0.969769327682534,0.982922850844868,0.990086527189559,0.995435597997497,1.0,0.996693296423813,0.993012391830037,0.99022756522499,0.9878381838120359,0.985907673744367,0.982884289163833,0.979897970226869,0.976658206777993,0.973886309564837,0.9710561954917221,0.967781601328315,0.963271633670976,0.9586429491204141,0.952787756590812,0.9471729697520721,0.941258690128563,0.9348747118390041,0.926904427687978,0.9223183918663509,0.915923914871044,0.913009464855983,0.905790517386763,0.881487723076402,0.8124555838775779,0.294053537845802
0.7376479998333759,0.9419494846804001,0.967863478031578,0.9801114231335999,0.9877163334504292,0.9923192139520199,0.996693296423813,1.0,0.9968709575743209,0.9941972474404579,0.9916637811810071,0.9894083664570479,0.9865270075166149,0.983519263960295,0.980533179699645,0.9776103037364641,0.9747184100494369,0.9712522119986681,0.9668120932681871,0.9622232389273979,0.956707384489848,0.950958732040364,0.9446534964959191,0.938233089925031,0.9301813871769491,0.9257368543802491,0.9195368306948539,0.916637829554081,0.9100012705878371,0.8859182540912679,0.817708042921399,0.303527828079945
0.7364471028180809,0.941283016215392,0.966053161136393,0.9779539802933371,0.984688080969173,0.988797829111131,0.993012391830037,0.9968709575743209,1.0,0.997555109126835,0.9949840465144258,0.9923833061359251,0.9895049756966899,0.9863444797296579,0.983088387628738,0.980089603560622,0.977174647197742,0.9736213803692509,0.96913391591174,0.964570575319078,0.95913090730623,0.9531274085262579,0.9469018797383629,0.940902784159575,0.9326592285444599,0.9289311938264059,0.922602023694787,0.920103681264095,0.913710113323259,0.8897467664122979,0.8232139902521619,0.307462450509216
0.7313641623973499,0.9382515542489159,0.962853434296871,0.975308091411687,0.9820987225036691,0.9860005207133921,0.99022756522499,0.9941972474404579,0.997555109126835,1.0,0.9975733502309672,0.995041258017292,0.9923117275080592,0.989244338998418,0.985669852058903,0.982445609911525,0.9796041850578231,0.976234668300619,0.9715402973485731,0.96724059124705,0.961673544553793,0.955900132511412,0.949817086116321,0.944113645514379,0.9363826676797711,0.932577357528464,0.926603556204278,0.9242097431762031,0.9180277430859021,0.8952030674532678,0.8283215519419509,0.310810405236273
0.725675768429931,0.9359138153696209,0.9601504213249971,0.972656399104048,0.9798575981319549,0.9833912382215101,0.9878381838120359,0.9916637811810071,0.9949840465144258,0.9975733502309672,1.0,0.997834173093451,0.994816276864756,0.991832909091308,0.988425320487033,0.985249830967779,0.982295059961861,0.9790582713604921,0.974361480099564,0.970018118474308,0.9650301232590329,0.9593044413643851,0.9533954825149641,0.947523711541107,0.9393181567769749,0.9353713580149681,0.929556916591264,0.9272627423157808,0.9212004579297091,0.8987668774730359,0.831864403815552,0.31417091688848403
0.723276015773803,0.934409634414745,0.95826098152787,0.9705740823428219,0.977672661979086,0.9814468853008861,0.985907673744367,0.9894083664570479,0.9923833061359251,0.995041258017292,0.997834173093451,1.0,0.9977537303675501,0.9948863213794279,0.9914212374392751,0.988230332321649,0.985158753339409,0.9815939825243309,0.976783670144466,0.9727064025248209,0.9677729243724441,0.961912687221657,0.9561294294230409,0.95019998216626,0.942216408256383,0.9383116796142109,0.9327916460443342,0.9300419051692359,0.924108367016634,0.902215574125011,0.834937526942703,0.316808079196105
0.7181492000917529,0.93190726498421,0.955433939029698,0.967973652263511,0.974502458662373,0.978600763705828,0.982884289163833,0.9865270075166149,0.9895049756966899,0.9923117275080592,0.994816276864756,0.9977537303675501,1.0,0.9976571581563571,0.994652949298746,0.991688114717866,0.9885516338370429,0.98523319804693,0.9806257969647328,0.976734179526078,0.971658121951642,0.965839404887582,0.9606240448665991,0.954917537347903,0.947315251398695,0.9434314183423861,0.938321284789824,0.9353124096190741,0.9290218911118259,0.9085182291536291,0.842097659834086,0.330060755600539
0.713841074753579,0.928379044503913,0.95196629485929,0.9649469447388421,0.9713999320713459,0.9758432165544091,0.979897970226869,0.983519263960295,0.9863444797296579,0.989244338998418,0.991832909091308,0.9948863213794279,0.9976571581563571,1.0,0.9977011788690608,0.994976517026789,0.992002738410093,0.9889085948746079,0.9842936440576769,0.9803326834267551,0.9749095274376429,0.9691215796342709,0.9639280130332671,0.958075587987394,0.9510076390234609,0.947274263801558,0.9423739911700519,0.939275395628739,0.9337664496046559,0.9139079914417242,0.848297942144532,0.34379122505710197
0.7083452661772759,0.924042989203058,0.949220184107806,0.9617787979319928,0.9680109906030541,0.972714973863145,0.976658206777993,0.980533179699645,0.983088387628738,0.985669852058903,0.988425320487033,0.9914212374392751,0.994652949298746,0.9977011788690608,1.0,0.997678834189923,0.994997546687742,0.991779497359677,0.9870671224931841,0.9830980924747209,0.9771912734407991,0.971375976194922,0.9662950358817801,0.960668532321157,0.953627190136118,0.9500597025373531,0.944845101639649,0.9417465186182441,0.9361404473129671,0.916322318945802,0.850847707722023,0.354692091015483
0.705633973469226,0.9214853319068541,0.9473412474009449,0.959083428142856,0.9650394189676509,0.969537952173768,0.973886309564837,0.9776103037364641,0.980089603560622,0.982445609911525,0.985249830967779,0.988230332321649,0.991688114717866,0.994976517026789,0.997678834189923,1.0,0.998109376197391,0.9954723081415751,0.991079508193471,0.987334567499914,0.981737108384049,0.97614017354645,0.971347127435139,0.9656866404538579,0.958774626016955,0.9552246073243751,0.9496042213782141,0.9466606166358229,0.9409689858582958,0.920965126477831,0.8564307508337041,0.36009399517244706
0.706375136337408,0.9204989376480072,0.945323591388545,0.956617995451827,0.962260069139487,0.966804649700777,0.9710561954917221,0.9747184100494369,0.977174647197742,0.9796041850578231,0.982295059961861,0.985158753339409,0.9885516338370429,0.992002738410093,0.994997546687742,0.998109376197391,1.0,0.997822866881253,0.9940221350655509,0.990225704818037,0.9847465762106641,0.9791802286101121,0.974287548443547,0.9684471624142109,0.9617144541634971,0.9579037859693141,0.9526097016874191,0.949797676256381,0.94395576594348,0.9239778466679491,0.8608608161347758,0.366695824334914
0.701577326022352,0.9168664003787901,0.94194513709761,0.953030529077023,0.958705812500948,0.963500795534778,0.967781601328315,0.9712522119986681,0.9736213803692509,0.976234668300619,0.9790582713604921,0.9815939825243309,0.98523319804693,0.9889085948746079,0.991779497359677,0.9954723081415751,0.997822866881253,1.0,0.9970711959437859,0.993639640345251,0.98876679962549,0.9832336535117809,0.9784509533672808,0.972520843405331,0.9657425372200759,0.9618998212880409,0.9567805056524391,0.954157376056176,0.9485178067944251,0.929352209981357,0.8666904964891701,0.36958672607677295
0.6969488669423362,0.912538836989546,0.938010694287807,0.949015929554091,0.95481263400654,0.95936430782737,0.963271633670976,0.9668120932681871,0.96913391591174,0.9715402973485731,0.974361480099564,0.976783670144466,0.9806257969647328,0.9842936440576769,0.9870671224931841,0.991079508193471,0.9940221350655509,0.9970711959437859,1.0,0.9976499800049041,0.993766641493766,0.988942862163195,0.9845526660121361,0.9786477402376279,0.9721783454254169,0.9681653303516801,0.9632421307373349,0.9605902783927479,0.954756425017324,0.936935602159065,0.8766942128204741,0.38466724982578704
0.693326355650432,0.9079645279745648,0.933613673574042,0.945106076408332,0.9505237308154909,0.95496140244957,0.9586429491204141,0.9622232389273979,0.964570575319078,0.96724059124705,0.970018118474308,0.9727064025248209,0.976734179526078,0.9803326834267551,0.9830980924747209,0.987334567499914,0.990225704818037,0.993639640345251,0.9976499800049041,1.0,0.996912293738831,0.99265394119991,0.9885905864466691,0.983152511819337,0.9773243086355451,0.9727586042793008,0.967957509932525,0.9653429182583589,0.9596377042503009,0.943003138975967,0.8830110292955649,0.389400320451897
0.685189655566428,0.9020229282572879,0.9285560280958379,0.9402814940075241,0.9453493931404909,0.948909152140532,0.952787756590812,0.956707384489848,0.95913090730623,0.961673544553793,0.9650301232590329,0.9677729243724441,0.971658121951642,0.9749095274376429,0.9771912734407991,0.981737108384049,0.9847465762106641,0.98876679962549,0.993766641493766,0.996912293738831,1.0,0.9973200627395201,0.993537007534223,0.9884923037903159,0.9824260366579449,0.9778215849964341,0.973158097035241,0.969857701940976,0.9638301487368859,0.947119819066185,0.8907376005774291,0.39980983241817897
0.6773076049419859,0.895098536794415,0.9221857159838491,0.934310843473717,0.939540557908385,0.943424103169855,0.9471729697520721,0.950958732040364,0.9531274085262579,0.955900132511412,0.9593044413643851,0.961912687221657,0.965839404887582,0.9691215796342709,0.971375976194922,0.97614017354645,0.9791802286101121,0.9832336535117809,0.988942862163195,0.99265394119991,0.9973200627395201,1.0,0.9969391105271781,0.992401306558364,0.9871170857761741,0.9825655394738809,0.9780480635860459,0.9740426780491459,0.967196137874169,0.9504321684560392,0.895910315866135,0.406601242316406
0.670477956565693,0.8890582021237791,0.9161237047972941,0.92900608729828,0.934296773665843,0.9379465257401779,0.941258690128563,0.9446534964959191,0.9469018797383629,0.949817086116321,0.9533954825149641,0.9561294294230409,0.9606240448665991,0.9639280130332671,0.9662950358817801,0.971347127435139,0.974287548443547,0.9784509533672808,0.9845526660121361,0.9885905864466691,0.993537007534223,0.9969391105271781,1.0,0.9966579517892991,0.991850749310276,0.9877426089353859,0.983498414882361,0.979383963637016,0.971808159066755,0.955377325003495,0.8997291557944749,0.414327705460657
0.66623713929476,0.8836166185028991,0.91131563907624,0.924128034777053,0.928314683449957,0.9317547418194979,0.9348747118390041,0.938233089925031,0.940902784159575,0.944113645514379,0.947523711541107,0.95019998216626,0.954917537347903,0.958075587987394,0.960668532321157,0.9656866404538579,0.9684471624142109,0.972520843405331,0.9786477402376279,0.983152511819337,0.9884923037903159,0.992401306558364,0.9966579517892991,1.0,0.9964498105842249,0.9922932088240841,0.987885645989341,0.9832720236050708,0.975318249721255,0.9590197311634499,0.902532450917674,0.41506263032531104
0.658922359927352,0.876225165342145,0.902561452044292,0.9151953991417059,0.9199697726964841,0.9241552774395941,0.926904427687978,0.9301813871769491,0.9326592285444599,0.9363826676797711,0.9393181567769749,0.942216408256383,0.947315251398695,0.9510076390234609,0.953627190136118,0.958774626016955,0.9617144541634971,0.9657425372200759,0.9721783454254169,0.9773243086355451,0.9824260366579449,0.9871170857761741,0.991850749310276,0.9964498105842249,1.0,0.996483191003523,0.992287463955304,0.9868399747536959,0.978611906507932,0.9634147388440609,0.9090355855023231,0.42782711857190997
0.653455142717567,0.8712844938690729,0.897450505659178,0.909905225319452,0.915046425866473,0.919774327758566,0.9223183918663509,0.9257368543802491,0.9289311938264059,0.932577357528464,0.9353713580149681,0.9383116796142109,0.9434314183423861,0.947274263801558,0.9500597025373531,0.9552246073243751,0.9579037859693141,0.9618998212880409,0.9681653303516801,0.9727586042793008,0.9778215849964341,0.9825655394738809,0.9877426089353859,0.9922932088240841,0.996483191003523,1.0,0.9961423243166021,0.990735764877552,0.982200685580643,0.967090112302333,0.913848914558074,0.43377888900794603
0.6505371444467459,0.865057514428692,0.8902794490450541,0.903089758791728,0.9082620723474429,0.9132583197947919,0.915923914871044,0.9195368306948539,0.922602023694787,0.926603556204278,0.929556916591264,0.9327916460443342,0.938321284789824,0.9423739911700519,0.944845101639649,0.9496042213782141,0.9526097016874191,0.9567805056524391,0.9632421307373349,0.967957509932525,0.973158097035241,0.9780480635860459,0.983498414882361,0.987885645989341,0.992287463955304,0.9961423243166021,1.0,0.9948538046445151,0.986016892339489,0.9710256889720871,0.919777816825777,0.44620840818573104
0.652271465816311,0.8625665072368659,0.887298385457322,0.9004200618757059,0.905789956312782,0.910521626158465,0.913009464855983,0.916637829554081,0.920103681264095,0.9242097431762031,0.9272627423157808,0.9300419051692359,0.9353124096190741,0.939275395628739,0.9417465186182441,0.9466606166358229,0.949797676256381,0.954157376056176,0.9605902783927479,0.9653429182583589,0.969857701940976,0.9740426780491459,0.979383963637016,0.9832720236050708,0.9868399747536959,0.990735764877552,0.9948538046445151,1.0,0.991497105836343,0.97758826126637,0.9255830097743121,0.447142724267661
0.646381223833059,0.8555496388333599,0.8796376146637359,0.8930768321394008,0.8983313843049809,0.9031240522881401,0.905790517386763,0.9100012705878371,0.913710113323259,0.9180277430859021,0.9212004579297091,0.924108367016634,0.9290218911118259,0.9337664496046559,0.9361404473129671,0.9409689858582958,0.94395576594348,0.9485178067944251,0.954756425017324,0.9596377042503009,0.9638301487368859,0.967196137874169,0.971808159066755,0.975318249721255,0.978611906507932,0.982200685580643,0.986016892339489,0.991497105836343,1.0,0.985940266806377,0.935134652590648,0.456143811707172
0.6236040516910799,0.832228665883723,0.8560570032386372,0.8692994923281809,0.872876887384488,0.878581261400543,0.881487723076402,0.8859182540912679,0.8897467664122979,0.8952030674532678,0.8987668774730359,0.902215574125011,0.9085182291536291,0.9139079914417242,0.916322318945802,0.920965126477831,0.9239778466679491,0.929352209981357,0.936935602159065,0.943003138975967,0.947119819066185,0.9504321684560392,0.955377325003495,0.9590197311634499,0.9634147388440609,0.967090112302333,0.9710256889720871,0.97758826126637,0.985940266806377,1.0,0.9576104778244791,0.48116563008286295
0.571105794224399,0.7708641757499529,0.7893597564680369,0.7997565617501929,0.8011193737494839,0.80868250286847,0.8124555838775779,0.817708042921399,0.8232139902521619,0.8283215519419509,0.831864403815552,0.834937526942703,0.842097659834086,0.848297942144532,0.850847707722023,0.8564307508337041,0.8608608161347758,0.8666904964891701,0.8766942128204741,0.8830110292955649,0.8907376005774291,0.895910315866135,0.8997291557944749,0.902532450917674,0.9090355855023231,0.913848914558074,0.919777816825777,0.9255830097743121,0.935134652590648,0.9576104778244791,1.0,0.569380641168255
0.18604478553635298,0.272498431084034,0.28266216279767603,0.28537015661820003,0.282354805482513,0.291772587827432,0.294053537845802,0.303527828079945,0.307462450509216,0.310810405236273,0.31417091688848403,0.316808079196105,0.330060755600539,0.34379122505710197,0.354692091015483,0.36009399517244706,0.366695824334914,0.36958672607677295,0.38466724982578704,0.389400320451897,0.39980983241817897,0.406601242316406,0.414327705460657,0.41506263032531104,0.42782711857190997,0.43377888900794603,0.44620840818573104,0.447142724267661,0.456143811707172,0.48116563008286295,0.569380641168255,1.0
