1.0,0.9034925207822959,0.876543030505698,0.8628815320429541,0.8484146630811651,0.843054270574927,0.8387481194062808,0.833049541711895,0.8296882680198309,0.8262365980689008,0.8183093204233991,0.811011417543605,0.805802227644387,0.7977769367401899,0.7921707117449692,0.788118110297645,0.7798993060053999,0.7733554317343331,0.7669415868175801,0.763732454986803,0.756392718989855,0.7529829822090441,0.7450757017428828,0.737858707503261,0.7306616481033931,0.7259373824714671,0.7157037287050859,0.7036075136383979,0.685225439625172,0.646486554364028,0.553150497947439,0.21269712987716702
0.9034925207822959,1.0,0.9723073666797641,0.9561413462123659,0.9446290009649059,0.9385039920353259,0.9315260832604151,0.9267129344098299,0.9227740766339859,0.9196336023992651,0.913212399940043,0.9070091675349921,0.90197117073955,0.8939803848993091,0.8884678116811179,0.8855825111824509,0.8772375509877571,0.8724960151243628,0.867764847986717,0.861570907454514,0.852738009284318,0.8495194581144041,0.841435869880309,0.835439163285535,0.8292385912127141,0.824350478762402,0.8143528805343621,0.803874482741813,0.7842121170082879,0.74929643018516,0.654572231450567,0.271205458340339
0.876543030505698,0.9723073666797641,1.0,0.9883397922862021,0.979405648018706,0.972307247433374,0.96661644257328,0.9619917668790509,0.9581295249452471,0.9550334325043821,0.950260439877318,0.9452508572180329,0.940829164643073,0.9341258177043159,0.929213803811546,0.925367034372752,0.9179905476374871,0.913331303705113,0.9085282912091891,0.9028754453055741,0.8954468461900841,0.8919850778209549,0.88433188501516,0.878218190877403,0.8730478011484342,0.8679010163210771,0.85768326934522,0.847800984281215,0.829363650316128,0.792662371875654,0.6950356708131351,0.294387725490497
0.8628815320429541,0.9561413462123659,0.9883397922862021,1.0,0.9925754862058119,0.986558626901308,0.981698351617818,0.9771496470609828,0.9730683188804929,0.969660139660019,0.964734423670022,0.9605030318213751,0.95686882055429,0.951126818283859,0.946633568127037,0.943248451571234,0.9361606317139229,0.931404743548097,0.9258896850438281,0.920502390121101,0.912923822980659,0.909070592996943,0.9011028826751329,0.8950034099648381,0.889550956295942,0.885399867828355,0.8748108858990491,0.865991003405598,0.8475274672406371,0.8109587675318259,0.7144485756414759,0.30497884081764004
0.8484146630811651,0.9446290009649059,0.979405648018706,0.9925754862058119,1.0,0.994470312313725,0.989080006803543,0.984920056000355,0.9800795427387808,0.9769660528071981,0.9725443635780892,0.968009649237092,0.9647348428842599,0.9596112736831001,0.9551539032979821,0.9517024393279241,0.9450776783822701,0.939899459015055,0.9345847031811341,0.928882561475134,0.921535448282398,0.917168005842648,0.908740291499088,0.9023369858940171,0.8966469766504209,0.892279846293353,0.882151579799309,0.8746147957667769,0.854692002187167,0.8193708556891941,0.725403532712407,0.308846728351294
0.843054270574927,0.9385039920353259,0.972307247433374,0.986558626901308,0.994470312313725,1.0,0.9950173684034429,0.9904212180874279,0.9858727566214,0.982413636084093,0.977982169132022,0.9734128547985509,0.970196159200165,0.9654142030093679,0.9612254058516709,0.9575462921604079,0.951351783056412,0.94632892551552,0.940595739010573,0.9346195946236999,0.9270756815669928,0.922494537943711,0.91415648358388,0.9077057057138841,0.90202130725198,0.897106853600552,0.8872576720261949,0.879271348400853,0.859310473798695,0.8254943983200771,0.7309258766312591,0.3113681963463
0.8387481194062808,0.9315260832604151,0.96661644257328,0.981698351617818,0.989080006803543,0.9950173684034429,1.0,0.995933019007621,0.992006731582544,0.988952995705103,0.985212558419008,0.981012513243835,0.977501239905293,0.9729221558725559,0.96808043197982,0.9642115857603679,0.9585053673407471,0.9533969181969641,0.9481266109437841,0.9427103717392841,0.935543263825001,0.9311453156997819,0.92338274374438,0.9168321914687491,0.911598299165458,0.906238741260567,0.8966376215797142,0.888906686100425,0.869639026704558,0.836827158154755,0.7424307714809499,0.319243247247762
0.833049541711895,0.9267129344098299,0.9619917668790509,0.9771496470609828,0.984920056000355,0.9904212180874279,0.995933019007621,1.0,0.996677911727248,0.9936127867068248,0.989757777245865,0.9858281832806359,0.9822027351104459,0.977962486605503,0.97379580120591,0.969803446904811,0.9643314401408342,0.9590729709822059,0.9539788532316791,0.948104962778864,0.9406750251460331,0.936357560098522,0.928856592867945,0.9226048116684781,0.91748708965266,0.911939842727253,0.902214168328851,0.894419154053693,0.875717598369831,0.8429886056195159,0.75062858785948,0.324715013890347
0.8296882680198309,0.9227740766339859,0.9581295249452471,0.9730683188804929,0.9800795427387808,0.9858727566214,0.992006731582544,0.996677911727248,1.0,0.997349490638191,0.99374989648671,0.99023299366274,0.9862090747216071,0.981865371130493,0.9774696861709209,0.972873213073611,0.9676653321574991,0.9624163009266229,0.9569092754048509,0.9507154445375391,0.943511946809371,0.938901528372071,0.9314012590967199,0.9249547612768421,0.920073522736053,0.914748104849886,0.9052045759278821,0.8973619061953672,0.879582234420356,0.846384439696682,0.7538199248365459,0.32630291590411303
0.8262365980689008,0.9196336023992651,0.9550334325043821,0.969660139660019,0.9769660528071981,0.982413636084093,0.988952995705103,0.9936127867068248,0.997349490638191,1.0,0.996887254279891,0.993525998528327,0.989396914973485,0.985207606382765,0.9806786311456179,0.97603268306499,0.970778734881683,0.965289215972307,0.9599759548212851,0.9540025328335991,0.9469076428749991,0.942152202234119,0.9348685171834851,0.928306521258038,0.9232860708734109,0.9182066218736371,0.9090763564564691,0.9015948460180551,0.8845980166601899,0.851827621073468,0.7595825086949549,0.332765252322263
0.8183093204233991,0.913212399940043,0.950260439877318,0.964734423670022,0.9725443635780892,0.977982169132022,0.985212558419008,0.989757777245865,0.99374989648671,0.996887254279891,1.0,0.997102883262683,0.9934395698717641,0.989340806325846,0.9848909200327399,0.9800910902623209,0.9746340712014909,0.96899135785274,0.9636945681618551,0.957805527655621,0.9512175463871241,0.946394041985487,0.9394109516264308,0.933014699395922,0.9281620806470979,0.92300188619166,0.9144911439871121,0.907656484720348,0.891606221326581,0.8596994818055741,0.766682022587855,0.338611926341239
0.811011417543605,0.9070091675349921,0.9452508572180329,0.9605030318213751,0.968009649237092,0.9734128547985509,0.981012513243835,0.9858281832806359,0.99023299366274,0.993525998528327,0.997102883262683,1.0,0.99716605010823,0.993720695357658,0.9896010517547429,0.9849807816680999,0.979983819442571,0.974709631542062,0.969543296548111,0.963693227757934,0.957059205712296,0.9523421718947691,0.945441403892061,0.939218207298293,0.9347465510902719,0.929361562942455,0.9209374169587758,0.9143363975640141,0.8991540752419491,0.8667846091663499,0.77532971732375,0.34502315626567404
0.805802227644387,0.90197117073955,0.940829164643073,0.95686882055429,0.9647348428842599,0.970196159200165,0.977501239905293,0.9822027351104459,0.9862090747216071,0.989396914973485,0.9934395698717641,0.99716605010823,1.0,0.9972147644777819,0.993706644301683,0.9895499010500741,0.9850376053649991,0.9798399661736171,0.974824718499532,0.969072088760761,0.962438222762109,0.9576196375831459,0.950925874093754,0.9452877881032209,0.9410429570481971,0.9362909561195301,0.92877193107016,0.922397169677371,0.906755182438996,0.875690032838605,0.7861173474938861,0.354391618614479
0.7977769367401899,0.8939803848993091,0.9341258177043159,0.951126818283859,0.9596112736831001,0.9654142030093679,0.9729221558725559,0.977962486605503,0.981865371130493,0.985207606382765,0.989340806325846,0.993720695357658,0.9972147644777819,1.0,0.9972346079629691,0.99334045800777,0.989000849294227,0.984027460012178,0.9786357685445259,0.9727808408148431,0.9661782188704909,0.961045608411842,0.9549299854419351,0.9493188371735231,0.945073337665424,0.940194027133873,0.933124942196121,0.927340835112482,0.913156002925117,0.88220504081995,0.7937206116091199,0.360350461657847
0.7921707117449692,0.8884678116811179,0.929213803811546,0.946633568127037,0.9551539032979821,0.9612254058516709,0.96808043197982,0.97379580120591,0.9774696861709209,0.9806786311456179,0.9848909200327399,0.9896010517547429,0.993706644301683,0.9972346079629691,1.0,0.997082317031315,0.9932194904544459,0.9885071982249541,0.983115856558785,0.9772318534456891,0.970808620072963,0.9652787492952941,0.959163942239493,0.953802110338953,0.950257904973864,0.945495986457451,0.9381452799401121,0.9320781794874671,0.918688479399578,0.888741894023097,0.801293678679912,0.37050843651638105
0.788118110297645,0.8855825111824509,0.925367034372752,0.943248451571234,0.9517024393279241,0.9575462921604079,0.9642115857603679,0.969803446904811,0.972873213073611,0.97603268306499,0.9800910902623209,0.9849807816680999,0.9895499010500741,0.99334045800777,0.997082317031315,1.0,0.997175364961876,0.9933536245264649,0.988385993309996,0.983005186032838,0.976495126096905,0.9708697413711241,0.9651438646469369,0.9597399502124241,0.955619969110149,0.950577455002609,0.9430417066242222,0.936809512473072,0.9239421165560929,0.8950943235781491,0.8074778633989801,0.37592336197445503
0.7798993060053999,0.8772375509877571,0.9179905476374871,0.9361606317139229,0.9450776783822701,0.951351783056412,0.9585053673407471,0.9643314401408342,0.9676653321574991,0.970778734881683,0.9746340712014909,0.979983819442571,0.9850376053649991,0.989000849294227,0.9932194904544459,0.997175364961876,1.0,0.997152085999005,0.993268001589662,0.988528573363213,0.982485896320694,0.9771385723504971,0.9713706190624499,0.966036572675951,0.9618709536240301,0.956972300661982,0.9498099786728391,0.9434467618704441,0.931069751917427,0.9041667123876059,0.818725729408842,0.38944889164220103
0.7733554317343331,0.8724960151243628,0.913331303705113,0.931404743548097,0.939899459015055,0.94632892551552,0.9533969181969641,0.9590729709822059,0.9624163009266229,0.965289215972307,0.96899135785274,0.974709631542062,0.9798399661736171,0.984027460012178,0.9885071982249541,0.9933536245264649,0.997152085999005,1.0,0.997277334415632,0.993232341112967,0.9869787454589541,0.981805204709715,0.976282563867368,0.971062595925605,0.967121108494778,0.9619733410944771,0.9554305738874759,0.948964590419658,0.9374511353278199,0.9113724172573531,0.8269871078259761,0.39594989445629103
0.7669415868175801,0.867764847986717,0.9085282912091891,0.9258896850438281,0.9345847031811341,0.940595739010573,0.9481266109437841,0.9539788532316791,0.9569092754048509,0.9599759548212851,0.9636945681618551,0.969543296548111,0.974824718499532,0.9786357685445259,0.983115856558785,0.988385993309996,0.993268001589662,0.997277334415632,1.0,0.9970811957572131,0.991946467598467,0.987149124002302,0.9817159828402959,0.976434705837914,0.972117733054235,0.96642701016957,0.960402957645614,0.954104654163019,0.9430110822470309,0.918930427919948,0.8367903330883258,0.40944656269707597
0.763732454986803,0.861570907454514,0.9028754453055741,0.920502390121101,0.928882561475134,0.9346195946236999,0.9427103717392841,0.948104962778864,0.9507154445375391,0.9540025328335991,0.957805527655621,0.963693227757934,0.969072088760761,0.9727808408148431,0.9772318534456891,0.983005186032838,0.988528573363213,0.993232341112967,0.9970811957572131,1.0,0.996836592337854,0.9927341947954521,0.987556663684952,0.982211294648085,0.9776436624405029,0.9721422072776751,0.9659602941199631,0.959269798637155,0.948802791524618,0.925244223806567,0.844708490953761,0.42008219633590793
0.756392718989855,0.852738009284318,0.8954468461900841,0.912923822980659,0.921535448282398,0.9270756815669928,0.935543263825001,0.9406750251460331,0.943511946809371,0.9469076428749991,0.9512175463871241,0.957059205712296,0.962438222762109,0.9661782188704909,0.970808620072963,0.976495126096905,0.982485896320694,0.9869787454589541,0.991946467598467,0.996836592337854,1.0,0.9971323094311569,0.992602173820373,0.987351686065432,0.9826749034954659,0.977159993030554,0.971138144769675,0.964203207549607,0.9540302480242759,0.932744243494021,0.8553472043185191,0.43801640159734495
0.7529829822090441,0.8495194581144041,0.8919850778209549,0.909070592996943,0.917168005842648,0.922494537943711,0.9311453156997819,0.936357560098522,0.938901528372071,0.942152202234119,0.946394041985487,0.9523421718947691,0.9576196375831459,0.961045608411842,0.9652787492952941,0.9708697413711241,0.9771385723504971,0.981805204709715,0.987149124002302,0.9927341947954521,0.9971323094311569,1.0,0.9967124059550859,0.9920335330376701,0.9875083058667969,0.981890959978802,0.9759088309343391,0.968661194491701,0.958548544977759,0.938354242055908,0.8609966789055501,0.4461986935053
0.7450757017428828,0.841435869880309,0.88433188501516,0.9011028826751329,0.908740291499088,0.91415648358388,0.92338274374438,0.928856592867945,0.9314012590967199,0.9348685171834851,0.9394109516264308,0.945441403892061,0.950925874093754,0.9549299854419351,0.959163942239493,0.9651438646469369,0.9713706190624499,0.976282563867368,0.9817159828402959,0.987556663684952,0.992602173820373,0.9967124059550859,1.0,0.996747418972187,0.99251532388982,0.986742977130095,0.9813955314844209,0.97430091422175,0.964178426628517,0.944838728768912,0.8686368881257841,0.45478826798776395
0.737858707503261,0.835439163285535,0.878218190877403,0.8950034099648381,0.9023369858940171,0.9077057057138841,0.9168321914687491,0.9226048116684781,0.9249547612768421,0.928306521258038,0.933014699395922,0.939218207298293,0.9452877881032209,0.9493188371735231,0.953802110338953,0.9597399502124241,0.966036572675951,0.971062595925605,0.976434705837914,0.982211294648085,0.987351686065432,0.9920335330376701,0.996747418972187,1.0,0.9961054166108821,0.9907101473242609,0.9856200032018991,0.97838010450929,0.9681526954983499,0.9494949049352969,0.875849107996213,0.464947987856122
0.7306616481033931,0.8292385912127141,0.8730478011484342,0.889550956295942,0.8966469766504209,0.90202130725198,0.911598299165458,0.91748708965266,0.920073522736053,0.9232860708734109,0.9281620806470979,0.9347465510902719,0.9410429570481971,0.945073337665424,0.950257904973864,0.955619969110149,0.9618709536240301,0.967121108494778,0.972117733054235,0.9776436624405029,0.9826749034954659,0.9875083058667969,0.99251532388982,0.9961054166108821,1.0,0.9957148461189699,0.99013607194621,0.982371163770542,0.972607764572213,0.953347344342279,0.8794693422049891,0.472695406652466
0.7259373824714671,0.824350478762402,0.8679010163210771,0.885399867828355,0.892279846293353,0.897106853600552,0.906238741260567,0.911939842727253,0.914748104849886,0.9182066218736371,0.92300188619166,0.929361562942455,0.9362909561195301,0.940194027133873,0.945495986457451,0.950577455002609,0.956972300661982,0.9619733410944771,0.96642701016957,0.9721422072776751,0.977159993030554,0.981890959978802,0.986742977130095,0.9907101473242609,0.9957148461189699,1.0,0.995358324435177,0.987595892840782,0.977512479463901,0.957837312511628,0.8866301204768449,0.48802471622959703
0.7157037287050859,0.8143528805343621,0.85768326934522,0.8748108858990491,0.882151579799309,0.8872576720261949,0.8966376215797142,0.902214168328851,0.9052045759278821,0.9090763564564691,0.9144911439871121,0.9209374169587758,0.92877193107016,0.933124942196121,0.9381452799401121,0.9430417066242222,0.9498099786728391,0.9554305738874759,0.960402957645614,0.9659602941199631,0.971138144769675,0.9759088309343391,0.9813955314844209,0.9856200032018991,0.99013607194621,0.995358324435177,1.0,0.993804658371506,0.9838943000155319,0.9667278030651659,0.90150025740539,0.50614197490426
0.7036075136383979,0.803874482741813,0.847800984281215,0.865991003405598,0.8746147957667769,0.879271348400853,0.888906686100425,0.894419154053693,0.8973619061953672,0.9015948460180551,0.907656484720348,0.9143363975640141,0.922397169677371,0.927340835112482,0.9320781794874671,0.936809512473072,0.9434467618704441,0.948964590419658,0.954104654163019,0.959269798637155,0.964203207549607,0.968661194491701,0.97430091422175,0.97838010450929,0.982371163770542,0.987595892840782,0.993804658371506,1.0,0.9907212656247391,0.975075368748694,0.912541707745364,0.513714609169019
0.685225439625172,0.7842121170082879,0.829363650316128,0.8475274672406371,0.854692002187167,0.859310473798695,0.869639026704558,0.875717598369831,0.879582234420356,0.8845980166601899,0.891606221326581,0.8991540752419491,0.906755182438996,0.913156002925117,0.918688479399578,0.9239421165560929,0.931069751917427,0.9374511353278199,0.9430110822470309,0.948802791524618,0.9540302480242759,0.958548544977759,0.964178426628517,0.9681526954983499,0.972607764572213,0.977512479463901,0.9838943000155319,0.9907212656247391,1.0,0.9866374713989058,0.925399325433221,0.53595460932339
0.646486554364028,0.74929643018516,0.792662371875654,0.8109587675318259,0.8193708556891941,0.8254943983200771,0.836827158154755,0.8429886056195159,0.846384439696682,0.851827621073468,0.8596994818055741,0.8667846091663499,0.875690032838605,0.88220504081995,0.888741894023097,0.8950943235781491,0.9041667123876059,0.9113724172573531,0.918930427919948,0.925244223806567,0.932744243494021,0.938354242055908,0.944838728768912,0.9494949049352969,0.953347344342279,0.957837312511628,0.9667278030651659,0.975075368748694,0.9866374713989058,1.0,0.949607468276907,0.589972678652993
0.553150497947439,0.654572231450567,0.6950356708131351,0.7144485756414759,0.725403532712407,0.7309258766312591,0.7424307714809499,0.75062858785948,0.7538199248365459,0.7595825086949549,0.766682022587855,0.77532971732375,0.7861173474938861,0.7937206116091199,0.801293678679912,0.8074778633989801,0.818725729408842,0.8269871078259761,0.8367903330883258,0.844708490953761,0.8553472043185191,0.8609966789055501,0.8686368881257841,0.875849107996213,0.8794693422049891,0.8866301204768449,0.90150025740539,0.912541707745364,0.925399325433221,0.949607468276907,1.0,0.7004245373626571
0.21269712987716702,0.271205458340339,0.294387725490497,0.30497884081764004,0.308846728351294,0.3113681963463,0.319243247247762,0.324715013890347,0.32630291590411303,0.332765252322263,0.338611926341239,0.34502315626567404,0.354391618614479,0.360350461657847,0.37050843651638105,0.37592336197445503,0.38944889164220103,0.39594989445629103,0.40944656269707597,0.42008219633590793,0.43801640159734495,0.4461986935053,0.45478826798776395,0.464947987856122,0.472695406652466,0.48802471622959703,0.50614197490426,0.513714609169019,0.53595460932339,0.589972678652993,0.7004245373626571,1.0
