1.0,0.8028839565365051,0.7346719295278199,0.686192936167881,0.6512515001135191,0.627655351803986,0.597915915536397,0.5794946886035379,0.562384658554937,0.547148649286173,0.540896657114105,0.524577892128924,0.5118901227849221,0.49269860589927,0.473271020604066,0.4624238537361339,0.44929926554215105,0.44015876471262605,0.43121601522667297,0.41957756611226904,0.40604479386966297,0.39416937505520294,0.373554283750225,0.34175333686934395,0.20614780700691102,0.18384440259696,0.155092601595218,0.0766406158398355,0.00288896089285773,0.0553946558534962,0.11108311602554599,0.16810413989080403
0.8028839565365051,1.0,0.9385360239099529,0.895123305496453,0.853608119636713,0.8287022265948101,0.802734002750244,0.781201629254753,0.765223436955653,0.746152081975303,0.734523229847303,0.7209567071730391,0.704838397411035,0.688174421078174,0.6691683132415079,0.656860714998269,0.6407384300917429,0.631171066868938,0.620445187833915,0.6081795658595051,0.5909096681322901,0.57593972089706,0.5528595545732379,0.511688404428618,0.339310662118578,0.309854676824555,0.25764117702294803,0.160661288011314,0.0659891839577666,0.0127630305173931,0.0839045639884765,0.128862425472002
0.7346719295278199,0.9385360239099529,1.0,0.97263755590003,0.9374290203402091,0.9192304713186501,0.895560502377524,0.8756526788656349,0.857283639311793,0.839924548777404,0.8302066396243579,0.8164809370403159,0.800308401490787,0.784331751881913,0.769254596873772,0.7588442976971009,0.744791788376275,0.7341476711621819,0.724092425012042,0.7129946956710601,0.6957569043621109,0.67875561337048,0.655415557243703,0.611317949057227,0.408971048718739,0.375700361453611,0.310214818808133,0.20515250898226198,0.10106141978281499,0.0255764578594199,0.0516336090827696,0.0926021400140405
0.686192936167881,0.895123305496453,0.97263755590003,1.0,0.9721967113461691,0.953270761256597,0.932201006151713,0.914394010935899,0.896708195488253,0.881577452512981,0.8726430006340091,0.860712493548812,0.845345962347905,0.8306038847398292,0.816600218079814,0.806120581391971,0.7928754800545591,0.782724836358528,0.7734729804322859,0.7615024649399459,0.7448354545726948,0.728575726130915,0.7048466298746251,0.6630550493966899,0.4477082940052629,0.413961095837529,0.34610856615122604,0.239007279388867,0.130690660952104,0.0579198498114627,0.0178235570247219,0.0607504954981303
0.6512515001135191,0.853608119636713,0.9374290203402091,0.9721967113461691,1.0,0.9865030912852929,0.97111759070935,0.9546253690301301,0.9416755238795429,0.9280052912435841,0.9196378390554559,0.9088706630469159,0.8971735875420941,0.883408404218975,0.868865491684971,0.858126524259096,0.8452499758590992,0.835391331651733,0.8259080865961601,0.8136620654558191,0.7994930435955,0.785600560274086,0.762570194342721,0.7216771226335441,0.490428500873136,0.456932143912866,0.380609735941851,0.26736812976896,0.158753949497929,0.0894685342956356,0.0200877488895511,0.0141948797684974
0.627655351803986,0.8287022265948101,0.9192304713186501,0.953270761256597,0.9865030912852929,1.0,0.987415002487153,0.9721310589123728,0.961188553295107,0.9481674085456251,0.9395038508919008,0.929086194207875,0.917944613318914,0.90464151978911,0.8907367175274108,0.879179411641266,0.865801491794345,0.8556807482496619,0.8451160724200051,0.8322959957948409,0.819030806391679,0.805810212926646,0.7840839041288931,0.7441270691627121,0.510549506038116,0.47510416204670297,0.39293071363088206,0.277729306400923,0.16838236463988698,0.0934646210207215,0.0275388152813253,0.0068025452809681395
0.597915915536397,0.802734002750244,0.895560502377524,0.932201006151713,0.97111759070935,0.987415002487153,1.0,0.986532042744031,0.976142197612047,0.9640500399146651,0.955272076441769,0.945588523589903,0.935299556109563,0.923765996232815,0.910398010061502,0.899870754735517,0.8868563933757522,0.877336377392322,0.8673510566349759,0.8538430663992751,0.8416171186704878,0.829540081668385,0.8096311067432069,0.769682928751531,0.527295831104454,0.49155823682574296,0.40540025928395296,0.287676022937053,0.177895830026759,0.101461505097692,0.0359083116502684,0.00467135520379461
0.5794946886035379,0.781201629254753,0.8756526788656349,0.914394010935899,0.9546253690301301,0.9721310589123728,0.986532042744031,1.0,0.9915012558361691,0.979841155694057,0.9707593622159101,0.961044856141964,0.9502383567767041,0.9395578040453949,0.926447695480593,0.9161264914484308,0.902937762657122,0.8926547585217222,0.884395408321825,0.870970800827566,0.85904706752128,0.848328329835657,0.8301948242111841,0.7911297974452249,0.5464532640754,0.5110779406216229,0.42241422712075605,0.30343846812792796,0.19468711641745803,0.117625623461968,0.0507728744220833,0.0205770715768826
0.562384658554937,0.765223436955653,0.857283639311793,0.896708195488253,0.9416755238795429,0.961188553295107,0.976142197612047,0.9915012558361691,1.0,0.991268046125935,0.9826749838484681,0.973362338118202,0.9627920105420451,0.951942019929958,0.93947783691794,0.929322124703528,0.916708770768439,0.9070001177059791,0.8983273035000691,0.8854534702984649,0.8743099807371841,0.8638855307449259,0.84672451962585,0.80823109171737,0.562243001897841,0.526926601667387,0.435633987874288,0.316044744365847,0.209031954777232,0.13428574754678899,0.0696992485208952,0.038399244290390995
0.547148649286173,0.746152081975303,0.839924548777404,0.881577452512981,0.9280052912435841,0.9481674085456251,0.9640500399146651,0.979841155694057,0.991268046125935,1.0,0.993794177892295,0.985274326227243,0.9762708585704041,0.966446334840733,0.954532467905365,0.9453011861318041,0.933159377448862,0.924937221972987,0.9167702815396491,0.9049252198939459,0.895006706525928,0.884834119887134,0.86834173476852,0.831472251243987,0.5807754422856071,0.546306771255609,0.454664446732769,0.333195280513703,0.22416632708197,0.152488516703377,0.0920185002741555,0.0567642265291062
0.540896657114105,0.734523229847303,0.8302066396243579,0.8726430006340091,0.9196378390554559,0.9395038508919008,0.955272076441769,0.9707593622159101,0.9826749838484681,0.993794177892295,1.0,0.994137973877126,0.9853980704621971,0.9762981999640441,0.9654800204951759,0.9565563738314241,0.944088791495049,0.9361366326440641,0.9275416272151109,0.9158902465875991,0.906430183244229,0.8962401898723921,0.881386193255669,0.846475353113973,0.592668822806462,0.56134106253457,0.4750734132680479,0.351312366646397,0.23840330374892202,0.16692733083796898,0.10723530767888499,0.0632358129678734
0.524577892128924,0.7209567071730391,0.8164809370403159,0.860712493548812,0.9088706630469159,0.929086194207875,0.945588523589903,0.961044856141964,0.973362338118202,0.985274326227243,0.994137973877126,1.0,0.993556526455774,0.985501864500273,0.9757051055199821,0.9674534670462959,0.9556212002760089,0.947874324769225,0.9389350921004801,0.9276327967512641,0.918588035260396,0.9089103065668159,0.895191722964068,0.863817936154973,0.6157226147760639,0.5867058264936821,0.5024250004862371,0.37958444479443393,0.262569293441705,0.18799624990897898,0.12752813808153,0.0769568692756044
0.5118901227849221,0.704838397411035,0.800308401490787,0.845345962347905,0.8971735875420941,0.917944613318914,0.935299556109563,0.9502383567767041,0.9627920105420451,0.9762708585704041,0.9853980704621971,0.993556526455774,1.0,0.9943531906815821,0.985445834250432,0.978283960384318,0.967821788302432,0.9606450835531529,0.9521809965773499,0.941607533812813,0.932652925936745,0.9235694698343392,0.9095698022645742,0.879327442330374,0.629831184705681,0.60136808651339,0.515203378849272,0.39187904668841794,0.276932807916273,0.20310011495416197,0.14462611504831602,0.09010608938415199
0.49269860589927,0.688174421078174,0.784331751881913,0.8306038847398292,0.883408404218975,0.90464151978911,0.923765996232815,0.9395578040453949,0.951942019929958,0.966446334840733,0.9762981999640441,0.985501864500273,0.9943531906815821,1.0,0.994195568706554,0.987844037204915,0.9783351896230191,0.9713282180360291,0.963456825915072,0.953567720764338,0.9448277401082329,0.935874300743279,0.9233504640077321,0.894187978627024,0.64015762524538,0.614028662841901,0.531688773108123,0.41064343743185794,0.29375038301760303,0.21894760631895396,0.161531428141573,0.10726089422560402
0.473271020604066,0.6691683132415079,0.769254596873772,0.816600218079814,0.868865491684971,0.8907367175274108,0.910398010061502,0.926447695480593,0.93947783691794,0.954532467905365,0.9654800204951759,0.9757051055199821,0.985445834250432,0.994195568706554,1.0,0.995858785400945,0.9877188081501341,0.9813258649665931,0.974018898236475,0.964282185124591,0.956053594506027,0.9470144381915601,0.9343510040749771,0.905782264208625,0.650596109542539,0.624373204490096,0.541323605620912,0.42791255446156895,0.31316917823052304,0.238182734597506,0.18326346024789603,0.12276023470349799
0.4624238537361339,0.656860714998269,0.7588442976971009,0.806120581391971,0.858126524259096,0.879179411641266,0.899870754735517,0.9161264914484308,0.929322124703528,0.9453011861318041,0.9565563738314241,0.9674534670462959,0.978283960384318,0.987844037204915,0.995858785400945,1.0,0.994981434340116,0.988924912334963,0.9818936523987528,0.9724001723035021,0.9650736128689691,0.955898870052746,0.942578699456146,0.914178459957619,0.657478536438366,0.631219004015386,0.54609924766808,0.43149907596176795,0.318472752479156,0.24092782341187,0.19007890262629998,0.129343485981282
0.44929926554215105,0.6407384300917429,0.744791788376275,0.7928754800545591,0.8452499758590992,0.865801491794345,0.8868563933757522,0.902937762657122,0.916708770768439,0.933159377448862,0.944088791495049,0.9556212002760089,0.967821788302432,0.9783351896230191,0.9877188081501341,0.994981434340116,1.0,0.995719207818535,0.988767102731888,0.9800306024536278,0.973607574562831,0.9648226175927909,0.952382523683393,0.9258362041986491,0.675421994375769,0.648572451601578,0.5615539942676989,0.447978252036693,0.335617245282352,0.25718260807745497,0.20574760489941396,0.14320087320088398
0.44015876471262605,0.631171066868938,0.7341476711621819,0.782724836358528,0.835391331651733,0.8556807482496619,0.877336377392322,0.8926547585217222,0.9070001177059791,0.924937221972987,0.9361366326440641,0.947874324769225,0.9606450835531529,0.9713282180360291,0.9813258649665931,0.988924912334963,0.995719207818535,1.0,0.995157886106433,0.98792756447705,0.981965427420967,0.9738764644308942,0.9619330049705022,0.937058187322203,0.6827599074121,0.656811784725817,0.573022185824442,0.462661466666718,0.34974441341214796,0.272604547406671,0.22188528084392603,0.159762274171974
0.43121601522667297,0.620445187833915,0.724092425012042,0.7734729804322859,0.8259080865961601,0.8451160724200051,0.8673510566349759,0.884395408321825,0.8983273035000691,0.9167702815396491,0.9275416272151109,0.9389350921004801,0.9521809965773499,0.963456825915072,0.974018898236475,0.9818936523987528,0.988767102731888,0.995157886106433,1.0,0.995241302008138,0.989719154324216,0.982156187493091,0.9713603028978969,0.946194905841639,0.6899207686943671,0.6643037925225861,0.5816468318695749,0.47416585152887897,0.36390115731484496,0.29122387393847904,0.23768028391060897,0.17675535391232503
0.41957756611226904,0.6081795658595051,0.7129946956710601,0.7615024649399459,0.8136620654558191,0.8322959957948409,0.8538430663992751,0.870970800827566,0.8854534702984649,0.9049252198939459,0.9158902465875991,0.9276327967512641,0.941607533812813,0.953567720764338,0.964282185124591,0.9724001723035021,0.9800306024536278,0.98792756447705,0.995241302008138,1.0,0.995952626883369,0.9894703751390491,0.9794135178592859,0.9555526784173749,0.697797215041198,0.67301814900502,0.593761819833313,0.4871327073077629,0.38096207246575897,0.310065248312518,0.255222526872432,0.194369151423835
0.40604479386966297,0.5909096681322901,0.6957569043621109,0.7448354545726948,0.7994930435955,0.819030806391679,0.8416171186704878,0.85904706752128,0.8743099807371841,0.895006706525928,0.906430183244229,0.918588035260396,0.932652925936745,0.9448277401082329,0.956053594506027,0.9650736128689691,0.973607574562831,0.981965427420967,0.989719154324216,0.995952626883369,1.0,0.994520219883596,0.9852968370740279,0.963004761234332,0.707426639897527,0.6834605246951279,0.605531893029063,0.49892970407526394,0.39338483754672704,0.32079626016467,0.26861094690381304,0.20887552334318102
0.39416937505520294,0.57593972089706,0.67875561337048,0.728575726130915,0.785600560274086,0.805810212926646,0.829540081668385,0.848328329835657,0.8638855307449259,0.884834119887134,0.8962401898723921,0.9089103065668159,0.9235694698343392,0.935874300743279,0.9470144381915601,0.955898870052746,0.9648226175927909,0.9738764644308942,0.982156187493091,0.9894703751390491,0.994520219883596,1.0,0.9926964964857661,0.971059909584812,0.715160174951495,0.6917179283919389,0.6146579058732989,0.5100863093049199,0.408592701140173,0.33925534601886304,0.28827679576029697,0.22565305209273998
0.373554283750225,0.5528595545732379,0.655415557243703,0.7048466298746251,0.762570194342721,0.7840839041288931,0.8096311067432069,0.8301948242111841,0.84672451962585,0.86834173476852,0.881386193255669,0.895191722964068,0.9095698022645742,0.9233504640077321,0.9343510040749771,0.942578699456146,0.952382523683393,0.9619330049705022,0.9713603028978969,0.9794135178592859,0.9852968370740279,0.9926964964857661,1.0,0.9816184539042629,0.723602111018398,0.7062561735554771,0.638703725420864,0.533113303932027,0.42633032919358393,0.364419992400904,0.31393128976955703,0.248265762039775
0.34175333686934395,0.511688404428618,0.611317949057227,0.6630550493966899,0.7216771226335441,0.7441270691627121,0.769682928751531,0.7911297974452249,0.80823109171737,0.831472251243987,0.846475353113973,0.863817936154973,0.879327442330374,0.894187978627024,0.905782264208625,0.914178459957619,0.9258362041986491,0.937058187322203,0.946194905841639,0.9555526784173749,0.963004761234332,0.971059909584812,0.9816184539042629,1.0,0.8089016397847579,0.8006221732377629,0.748777691635313,0.653264449021335,0.5457409681986221,0.454525028929525,0.38024355785906894,0.286681701033634
0.20614780700691102,0.339310662118578,0.408971048718739,0.4477082940052629,0.490428500873136,0.510549506038116,0.527295831104454,0.5464532640754,0.562243001897841,0.5807754422856071,0.592668822806462,0.6157226147760639,0.629831184705681,0.64015762524538,0.650596109542539,0.657478536438366,0.675421994375769,0.6827599074121,0.6899207686943671,0.697797215041198,0.707426639897527,0.715160174951495,0.723602111018398,0.8089016397847579,1.0,0.9853937261693471,0.8867841708200559,0.840545464908993,0.781957375876362,0.586891928401984,0.42050784041459205,0.285093960861114
0.18384440259696,0.309854676824555,0.375700361453611,0.413961095837529,0.456932143912866,0.47510416204670297,0.49155823682574296,0.5110779406216229,0.526926601667387,0.546306771255609,0.56134106253457,0.5867058264936821,0.60136808651339,0.614028662841901,0.624373204490096,0.631219004015386,0.648572451601578,0.656811784725817,0.6643037925225861,0.67301814900502,0.6834605246951279,0.6917179283919389,0.7062561735554771,0.8006221732377629,0.9853937261693471,1.0,0.9372219307382921,0.892692498268722,0.8289577323589541,0.6444670191238521,0.48122897026210204,0.33369030299165003
0.155092601595218,0.25764117702294803,0.310214818808133,0.34610856615122604,0.380609735941851,0.39293071363088206,0.40540025928395296,0.42241422712075605,0.435633987874288,0.454664446732769,0.4750734132680479,0.5024250004862371,0.515203378849272,0.531688773108123,0.541323605620912,0.54609924766808,0.5615539942676989,0.573022185824442,0.5816468318695749,0.593761819833313,0.605531893029063,0.6146579058732989,0.638703725420864,0.748777691635313,0.8867841708200559,0.9372219307382921,1.0,0.967533718424231,0.8845999546874229,0.735866966751453,0.581920541035167,0.3974847422064461
0.0766406158398355,0.160661288011314,0.20515250898226198,0.239007279388867,0.26736812976896,0.277729306400923,0.287676022937053,0.30343846812792796,0.316044744365847,0.333195280513703,0.351312366646397,0.37958444479443393,0.39187904668841794,0.41064343743185794,0.42791255446156895,0.43149907596176795,0.447978252036693,0.462661466666718,0.47416585152887897,0.4871327073077629,0.49892970407526394,0.5100863093049199,0.533113303932027,0.653264449021335,0.840545464908993,0.892692498268722,0.967533718424231,1.0,0.94682605641525,0.8011294267518,0.6346783938221711,0.43973200635062004
0.00288896089285773,0.0659891839577666,0.10106141978281499,0.130690660952104,0.158753949497929,0.16838236463988698,0.177895830026759,0.19468711641745803,0.209031954777232,0.22416632708197,0.23840330374892202,0.262569293441705,0.276932807916273,0.29375038301760303,0.31316917823052304,0.318472752479156,0.335617245282352,0.34974441341214796,0.36390115731484496,0.38096207246575897,0.39338483754672704,0.408592701140173,0.42633032919358393,0.5457409681986221,0.781957375876362,0.8289577323589541,0.8845999546874229,0.94682605641525,1.0,0.861063253665665,0.6972686612317839,0.5293685498661239
0.0553946558534962,0.0127630305173931,0.0255764578594199,0.0579198498114627,0.0894685342956356,0.0934646210207215,0.101461505097692,0.117625623461968,0.13428574754678899,0.152488516703377,0.16692733083796898,0.18799624990897898,0.20310011495416197,0.21894760631895396,0.238182734597506,0.24092782341187,0.25718260807745497,0.272604547406671,0.29122387393847904,0.310065248312518,0.32079626016467,0.33925534601886304,0.364419992400904,0.454525028929525,0.586891928401984,0.6444670191238521,0.735866966751453,0.8011294267518,0.861063253665665,1.0,0.8630509991097741,0.694727549848464
0.11108311602554599,0.0839045639884765,0.0516336090827696,0.0178235570247219,0.0200877488895511,0.0275388152813253,0.0359083116502684,0.0507728744220833,0.0696992485208952,0.0920185002741555,0.10723530767888499,0.12752813808153,0.14462611504831602,0.161531428141573,0.18326346024789603,0.19007890262629998,0.20574760489941396,0.22188528084392603,0.23768028391060897,0.255222526872432,0.26861094690381304,0.28827679576029697,0.31393128976955703,0.38024355785906894,0.42050784041459205,0.48122897026210204,0.581920541035167,0.6346783938221711,0.6972686612317839,0.8630509991097741,1.0,0.8081481134346071
0.16810413989080403,0.128862425472002,0.0926021400140405,0.0607504954981303,0.0141948797684974,0.0068025452809681395,0.00467135520379461,0.0205770715768826,0.038399244290390995,0.0567642265291062,0.0632358129678734,0.0769568692756044,0.09010608938415199,0.10726089422560402,0.12276023470349799,0.129343485981282,0.14320087320088398,0.159762274171974,0.17675535391232503,0.194369151423835,0.20887552334318102,0.22565305209273998,0.248265762039775,0.286681701033634,0.285093960861114,0.33369030299165003,0.3974847422064461,0.43973200635062004,0.5293685498661239,0.694727549848464,0.8081481134346071,1.0
