1.0,0.802689169047384,0.735344611338155,0.685196408776076,0.655040433387463,0.61297318549959,0.578242412504805,0.537816109891336,0.519545609599474,0.48908381918628796,0.452858121994002,0.390623312868774,0.337460781289247,0.29453370761905895,0.261722794922858,0.197330085415182,0.144543193322655,0.0947633333254372,0.0652776646138614,0.0149359230750414,0.0208564861052776,0.0463409173582013,0.0751642840686845,0.10011696603697401,0.122079723489409,0.141558900029958,0.149597983548258,0.132953173524614,0.114501180477348,0.10500897960114,0.106161238118608,0.135811276872458
0.802689169047384,1.0,0.944048278579986,0.8943273494269359,0.8590743084399681,0.8220769171736559,0.7852156373994179,0.7506033165669841,0.731720942293078,0.697462070305936,0.645621191139109,0.569419599103206,0.509112013144957,0.45813971110841295,0.416061632384262,0.332615617613914,0.272624940892187,0.213509225529554,0.18046762244952802,0.13145330981179099,0.0943768673950046,0.0627565928245369,0.0330935693975677,0.000781769833244388,0.0229495734555082,0.0464266891337986,0.0561339072026476,0.0386764714253385,0.0371980614130714,0.0410408267438634,0.0524894543397809,0.105098274841349
0.735344611338155,0.944048278579986,1.0,0.9630380402172,0.924914781409843,0.888424630717521,0.8518457540007192,0.817461630967481,0.7979086489291629,0.760954349774144,0.7117259843647871,0.6368590070911611,0.573315556736173,0.519821238523819,0.47901322610346203,0.394906687896849,0.33371393516488596,0.27227411629307696,0.23589522056112397,0.18757356693301303,0.147156848986822,0.11057922305918401,0.0765443501368772,0.0396923431898221,0.0168308949293405,0.007463813492235721,0.0183976646277925,0.00607261438319661,0.00645359545324489,0.009603589498693001,0.0301234108103038,0.102284791230665
0.685196408776076,0.8943273494269359,0.9630380402172,1.0,0.9697019380275419,0.9367777240255558,0.905715860133086,0.878204141203952,0.8573323731371999,0.8217576520045831,0.775527281579141,0.700863141031048,0.639931953562893,0.58457837207582,0.544497975162712,0.46059415494530603,0.3969886515289389,0.33560555168251693,0.296558038090323,0.247159788695934,0.206553676529817,0.172641778220319,0.134922452344434,0.0944193725714054,0.0702001657729524,0.0439207557915854,0.0316117031159092,0.0376909279934732,0.0317052017212658,0.0222314576985592,0.00537028852781535,0.0782761267611288
0.655040433387463,0.8590743084399681,0.924914781409843,0.9697019380275419,1.0,0.978733283064747,0.949989381613375,0.926326648427763,0.909210293781101,0.8761695166104231,0.8336087249550921,0.7686430642095129,0.713583843475687,0.659502696804861,0.618944019602216,0.537684740893062,0.473361894608887,0.410300973180845,0.37052560213772706,0.31850041306022,0.274453947863889,0.24230143850977998,0.204565374917812,0.160940493810047,0.13842631413896697,0.111611113957489,0.0942512505170113,0.0934305140860178,0.083354579693759,0.0671629242330031,0.0255434565997631,0.0424471851840248
0.61297318549959,0.8220769171736559,0.888424630717521,0.9367777240255558,0.978733283064747,1.0,0.980121990775076,0.958914639189141,0.942446087772047,0.9144775940698909,0.8767521141625171,0.8176097689717409,0.7655127373464091,0.7113354562881221,0.670244504305867,0.5921119320111821,0.531862623556029,0.47222438739795497,0.431282532177096,0.37670897352150895,0.33278745354684697,0.30117261867813694,0.261543960695811,0.21545277401624102,0.19420224851545603,0.167391539445382,0.1489794888429,0.145836461081171,0.12886172122433198,0.107376207810515,0.0541110889206344,0.0194002617157829
0.578242412504805,0.7852156373994179,0.8518457540007192,0.905715860133086,0.949989381613375,0.980121990775076,1.0,0.986771269675443,0.972091009552986,0.9470531425310279,0.9133216899712511,0.8613507763395809,0.8117124602024351,0.760708775813131,0.7218784955245179,0.646582661338812,0.5888605535626379,0.528751585082118,0.485855002479015,0.433067093688532,0.38992287270589293,0.35970788483090205,0.318209489386931,0.27112866370759603,0.247015210943451,0.219425478881168,0.20092361829827105,0.20095028509102603,0.18187592961344498,0.148777998385488,0.0891356979797311,0.0025135541927660005
0.537816109891336,0.7506033165669841,0.817461630967481,0.878204141203952,0.926326648427763,0.958914639189141,0.986771269675443,1.0,0.9892327234869449,0.966201508438697,0.936349445386636,0.8889029426115191,0.844705825481665,0.798378751977271,0.762485749119138,0.689962554954798,0.6343018277593551,0.575715422020122,0.532611968918071,0.480463899907913,0.438024452060275,0.408453947535685,0.366040901402039,0.31643103047078097,0.289840759109579,0.260765995430177,0.242760016287876,0.24295622950426501,0.22405375225632299,0.179790174788143,0.118372840891253,0.0233234430326551
0.519545609599474,0.731720942293078,0.7979086489291629,0.8573323731371999,0.909210293781101,0.942446087772047,0.972091009552986,0.9892327234869449,1.0,0.9860343936115911,0.960270097152463,0.919458486692712,0.8777676903459599,0.8346086998430009,0.8012965377181479,0.734365049563473,0.682805685367541,0.628110271566327,0.586756599091982,0.532669926320031,0.48898754413954204,0.459406431871014,0.41711344347299,0.36929984174410707,0.342371082084427,0.31382368828988105,0.29454155996313397,0.29072794173104805,0.266773928636305,0.20978368993922,0.139640805051172,0.0410444154011588
0.48908381918628796,0.697462070305936,0.760954349774144,0.8217576520045831,0.8761695166104231,0.9144775940698909,0.9470531425310279,0.966201508438697,0.9860343936115911,1.0,0.9834561950273579,0.9485897685837941,0.911351735608914,0.8725959597481209,0.841665164710114,0.78218974972662,0.7341708963282809,0.681714171159855,0.643492608414039,0.59175762889329,0.5500126967430711,0.522496811528746,0.482195418395798,0.436788666687818,0.408561118672894,0.38092171851732104,0.36128036960495097,0.348909048585546,0.316454049008416,0.250300876171338,0.17768062952394698,0.0743856557506949
0.452858121994002,0.645621191139109,0.7117259843647871,0.775527281579141,0.8336087249550921,0.8767521141625171,0.9133216899712511,0.936349445386636,0.960270097152463,0.9834561950273579,1.0,0.9811384801874241,0.9516383726241079,0.918643150782631,0.8907647300890799,0.8381943831873779,0.795262553202471,0.745429729744267,0.709400972225088,0.6588875167532889,0.618915128860592,0.592121504831755,0.552216549476177,0.508298875313856,0.476612428126067,0.449398445976292,0.427749955611741,0.4069557903799029,0.36804870671148604,0.28912166288725105,0.20230837029421803,0.106537112018476
0.390623312868774,0.569419599103206,0.6368590070911611,0.700863141031048,0.7686430642095129,0.8176097689717409,0.8613507763395809,0.8889029426115191,0.919458486692712,0.9485897685837941,0.9811384801874241,1.0,0.9833905425754341,0.9602585959129789,0.9369554663627181,0.896547705813573,0.862483649638521,0.818592019912297,0.788342089767597,0.74268360873733,0.704958398733251,0.6802600872644029,0.6417967323325,0.600046033761265,0.5652358422010451,0.5395225765556819,0.514871949641752,0.48131933884475203,0.43474453531793994,0.346106464286163,0.249575524726871,0.15451059575844198
0.337460781289247,0.509112013144957,0.573315556736173,0.639931953562893,0.713583843475687,0.7655127373464091,0.8117124602024351,0.844705825481665,0.8777676903459599,0.911351735608914,0.9516383726241079,0.9833905425754341,1.0,0.987259057735506,0.9683567918448409,0.936968853187971,0.9068722163007149,0.8674463535600521,0.84083294100537,0.8018012773915659,0.768058799608318,0.745770496021988,0.7097159507091471,0.6687647148942889,0.632526261819717,0.607827567412323,0.583583305637744,0.549225859951933,0.49910744724993295,0.39862096687121296,0.294888828984836,0.199612557082986
0.29453370761905895,0.45813971110841295,0.519821238523819,0.58457837207582,0.659502696804861,0.7113354562881221,0.760708775813131,0.798378751977271,0.8346086998430009,0.8725959597481209,0.918643150782631,0.9602585959129789,0.987259057735506,1.0,0.989230359921737,0.9652068996193292,0.939381930656641,0.904629039779229,0.882078250561462,0.8463515543083181,0.81411621383552,0.7923038530765321,0.758337435123249,0.7215127913730659,0.685411380886625,0.662201510550255,0.635296517146645,0.593711722704213,0.539371479433456,0.42305151458826795,0.314390856635331,0.22430775247645499
0.261722794922858,0.416061632384262,0.47901322610346203,0.544497975162712,0.618944019602216,0.670244504305867,0.7218784955245179,0.762485749119138,0.8012965377181479,0.841665164710114,0.8907647300890799,0.9369554663627181,0.9683567918448409,0.989230359921737,1.0,0.984782393055055,0.963137825629216,0.934767960846124,0.9140513999246429,0.8803596566171651,0.849718339302583,0.8270454444387908,0.792988151972438,0.7578255915789058,0.7219561486139939,0.6993536294931071,0.6712373072842901,0.623178679501934,0.56789863752803,0.44436543833270603,0.332823998424879,0.24375437599162697
0.197330085415182,0.332615617613914,0.394906687896849,0.46059415494530603,0.537684740893062,0.5921119320111821,0.646582661338812,0.689962554954798,0.734365049563473,0.78218974972662,0.8381943831873779,0.896547705813573,0.936968853187971,0.9652068996193292,0.984782393055055,1.0,0.9887692647949059,0.968971929783413,0.952432090113222,0.9227628379926509,0.896072273740631,0.876269319869547,0.844701864008749,0.8150863647912728,0.777762574726971,0.7570905089519571,0.72730870942294,0.671157206580771,0.610354644992679,0.47300670948482904,0.35034386626002306,0.26116585804356196
0.144543193322655,0.272624940892187,0.33371393516488596,0.3969886515289389,0.473361894608887,0.531862623556029,0.5888605535626379,0.6343018277593551,0.682805685367541,0.7341708963282809,0.795262553202471,0.862483649638521,0.9068722163007149,0.939381930656641,0.963137825629216,0.9887692647949059,1.0,0.9894008218311771,0.9766928750641541,0.952296804779972,0.9291787940338941,0.9110845225932389,0.881909591686268,0.856849342904875,0.8197372120083399,0.800793278131928,0.773679166590448,0.710448897009065,0.643682675595187,0.4971151178963789,0.36488228275403706,0.280690342886118
0.0947633333254372,0.213509225529554,0.27227411629307696,0.33560555168251693,0.410300973180845,0.47222438739795497,0.528751585082118,0.575715422020122,0.628110271566327,0.681714171159855,0.745429729744267,0.818592019912297,0.8674463535600521,0.904629039779229,0.934767960846124,0.968971929783413,0.9894008218311771,1.0,0.9918947859256899,0.9707171028159159,0.949497253510333,0.9335079017567021,0.908219480864208,0.88479277493449,0.8509923844743129,0.833917900643007,0.8067224580742529,0.738587333498379,0.665770006508133,0.51436528491084,0.376464765887038,0.29996407070743797
0.0652776646138614,0.18046762244952802,0.23589522056112397,0.296558038090323,0.37052560213772706,0.431282532177096,0.485855002479015,0.532611968918071,0.586756599091982,0.643492608414039,0.709400972225088,0.788342089767597,0.84083294100537,0.882078250561462,0.9140513999246429,0.952432090113222,0.9766928750641541,0.9918947859256899,1.0,0.9855766323010279,0.9674645980731049,0.953591172819975,0.9314307027921259,0.9092220444476271,0.874764186406067,0.8592360887447819,0.834417709140034,0.759325145832999,0.684116786889877,0.534433969922853,0.399186562898474,0.324812816222567
0.0149359230750414,0.13145330981179099,0.18757356693301303,0.247159788695934,0.31850041306022,0.37670897352150895,0.433067093688532,0.480463899907913,0.532669926320031,0.59175762889329,0.6588875167532889,0.74268360873733,0.8018012773915659,0.8463515543083181,0.8803596566171651,0.9227628379926509,0.952296804779972,0.9707171028159159,0.9855766323010279,1.0,0.9923498642480492,0.982881753693973,0.965969439748944,0.947042911079917,0.9128083313573628,0.8995484675792141,0.880776985475167,0.800528590355623,0.726085461152629,0.5923018177974549,0.46160310187998294,0.3708611630430179
0.0208564861052776,0.0943768673950046,0.147156848986822,0.206553676529817,0.274453947863889,0.33278745354684697,0.38992287270589293,0.438024452060275,0.48898754413954204,0.5500126967430711,0.618915128860592,0.704958398733251,0.768058799608318,0.81411621383552,0.849718339302583,0.896072273740631,0.9291787940338941,0.949497253510333,0.9674645980731049,0.9923498642480492,1.0,0.993531524243927,0.979447387249885,0.96165523375691,0.930069733141018,0.917844005918984,0.9006807954139959,0.8209287913028841,0.7463349543706079,0.61451884819015,0.482662872891016,0.39169663401994104
0.0463409173582013,0.0627565928245369,0.11057922305918401,0.172641778220319,0.24230143850977998,0.30117261867813694,0.35970788483090205,0.408453947535685,0.459406431871014,0.522496811528746,0.592121504831755,0.6802600872644029,0.745770496021988,0.7923038530765321,0.8270454444387908,0.876269319869547,0.9110845225932389,0.9335079017567021,0.953591172819975,0.982881753693973,0.993531524243927,1.0,0.9897173817329941,0.971651292019606,0.9404630200017141,0.929133399159345,0.9127533089315508,0.829763291372215,0.753879766401519,0.620220289647687,0.490283030582687,0.399065579062259
0.0751642840686845,0.0330935693975677,0.0765443501368772,0.134922452344434,0.204565374917812,0.261543960695811,0.318209489386931,0.366040901402039,0.41711344347299,0.482195418395798,0.552216549476177,0.6417967323325,0.7097159507091471,0.758337435123249,0.792988151972438,0.844701864008749,0.881909591686268,0.908219480864208,0.9314307027921259,0.965969439748944,0.979447387249885,0.9897173817329941,1.0,0.988423205428835,0.9664635262421,0.957058952424059,0.939694508190606,0.8628503657959359,0.7877807495378021,0.649095859717977,0.5189548423882271,0.439907773683962
0.10011696603697401,0.000781769833244388,0.0396923431898221,0.0944193725714054,0.160940493810047,0.21545277401624102,0.27112866370759603,0.31643103047078097,0.36929984174410707,0.436788666687818,0.508298875313856,0.600046033761265,0.6687647148942889,0.7215127913730659,0.7578255915789058,0.8150863647912728,0.856849342904875,0.88479277493449,0.9092220444476271,0.947042911079917,0.96165523375691,0.971651292019606,0.988423205428835,1.0,0.9839165542965259,0.975404528734208,0.958510427259246,0.8759923180508341,0.7983749928092461,0.6553301497783071,0.526540699461421,0.44981109783482104
0.122079723489409,0.0229495734555082,0.0168308949293405,0.0702001657729524,0.13842631413896697,0.19420224851545603,0.247015210943451,0.289840759109579,0.342371082084427,0.408561118672894,0.476612428126067,0.5652358422010451,0.632526261819717,0.685411380886625,0.7219561486139939,0.777762574726971,0.8197372120083399,0.8509923844743129,0.874764186406067,0.9128083313573628,0.930069733141018,0.9404630200017141,0.9664635262421,0.9839165542965259,1.0,0.9939234660505071,0.976072505991164,0.9017976679719159,0.8199230249333399,0.6621853867711961,0.527183668746136,0.48060589904757
0.141558900029958,0.0464266891337986,0.007463813492235721,0.0439207557915854,0.111611113957489,0.167391539445382,0.219425478881168,0.260765995430177,0.31382368828988105,0.38092171851732104,0.449398445976292,0.5395225765556819,0.607827567412323,0.662201510550255,0.6993536294931071,0.7570905089519571,0.800793278131928,0.833917900643007,0.8592360887447819,0.8995484675792141,0.917844005918984,0.929133399159345,0.957058952424059,0.975404528734208,0.9939234660505071,1.0,0.984088307173693,0.907970944524889,0.8290759296544109,0.674860162076677,0.5392240877337651,0.501600443993719
0.149597983548258,0.0561339072026476,0.0183976646277925,0.0316117031159092,0.0942512505170113,0.1489794888429,0.20092361829827105,0.242760016287876,0.29454155996313397,0.36128036960495097,0.427749955611741,0.514871949641752,0.583583305637744,0.635296517146645,0.6712373072842901,0.72730870942294,0.773679166590448,0.8067224580742529,0.834417709140034,0.880776985475167,0.9006807954139959,0.9127533089315508,0.939694508190606,0.958510427259246,0.976072505991164,0.984088307173693,1.0,0.933012766490577,0.8648028401431359,0.73510705004032,0.5932822199746041,0.53859175513308
0.132953173524614,0.0386764714253385,0.00607261438319661,0.0376909279934732,0.0934305140860178,0.145836461081171,0.20095028509102603,0.24295622950426501,0.29072794173104805,0.348909048585546,0.4069557903799029,0.48131933884475203,0.549225859951933,0.593711722704213,0.623178679501934,0.671157206580771,0.710448897009065,0.738587333498379,0.759325145832999,0.800528590355623,0.8209287913028841,0.829763291372215,0.8628503657959359,0.8759923180508341,0.9017976679719159,0.907970944524889,0.933012766490577,1.0,0.967716795255595,0.7981320574341519,0.6035818924462261,0.5370786780255179
0.114501180477348,0.0371980614130714,0.00645359545324489,0.0317052017212658,0.083354579693759,0.12886172122433198,0.18187592961344498,0.22405375225632299,0.266773928636305,0.316454049008416,0.36804870671148604,0.43474453531793994,0.49910744724993295,0.539371479433456,0.56789863752803,0.610354644992679,0.643682675595187,0.665770006508133,0.684116786889877,0.726085461152629,0.7463349543706079,0.753879766401519,0.7877807495378021,0.7983749928092461,0.8199230249333399,0.8290759296544109,0.8648028401431359,0.967716795255595,1.0,0.8714549484999059,0.653547722783362,0.564063994221674
0.10500897960114,0.0410408267438634,0.009603589498693001,0.0222314576985592,0.0671629242330031,0.107376207810515,0.148777998385488,0.179790174788143,0.20978368993922,0.250300876171338,0.28912166288725105,0.346106464286163,0.39862096687121296,0.42305151458826795,0.44436543833270603,0.47300670948482904,0.4971151178963789,0.51436528491084,0.534433969922853,0.5923018177974549,0.61451884819015,0.620220289647687,0.649095859717977,0.6553301497783071,0.6621853867711961,0.674860162076677,0.73510705004032,0.7981320574341519,0.8714549484999059,1.0,0.8401025029061,0.668696477281636
0.106161238118608,0.0524894543397809,0.0301234108103038,0.00537028852781535,0.0255434565997631,0.0541110889206344,0.0891356979797311,0.118372840891253,0.139640805051172,0.17768062952394698,0.20230837029421803,0.249575524726871,0.294888828984836,0.314390856635331,0.332823998424879,0.35034386626002306,0.36488228275403706,0.376464765887038,0.399186562898474,0.46160310187998294,0.482662872891016,0.490283030582687,0.5189548423882271,0.526540699461421,0.527183668746136,0.5392240877337651,0.5932822199746041,0.6035818924462261,0.653547722783362,0.8401025029061,1.0,0.7412813304352359
0.135811276872458,0.105098274841349,0.102284791230665,0.0782761267611288,0.0424471851840248,0.0194002617157829,0.0025135541927660005,0.0233234430326551,0.0410444154011588,0.0743856557506949,0.106537112018476,0.15451059575844198,0.199612557082986,0.22430775247645499,0.24375437599162697,0.26116585804356196,0.280690342886118,0.29996407070743797,0.324812816222567,0.3708611630430179,0.39169663401994104,0.399065579062259,0.439907773683962,0.44981109783482104,0.48060589904757,0.501600443993719,0.53859175513308,0.5370786780255179,0.564063994221674,0.668696477281636,0.7412813304352359,1.0
