1.0,0.9951571313379429,0.9791102758698921,0.9501034600070941,0.9075461503568929,0.852405418961913,0.787158730151445,0.7152736362934929,0.669020298864452,0.6353139504616321,0.58152170555662,0.526111087310766,0.476794531571904,0.435192406779861,0.40066258757883794,0.37201262118585793,0.361330406757415,0.346970252055867,0.327049520066595,0.309205276627029,0.294599478273923,0.28283741080777897,0.273314180714856,0.265511381550683,0.268645108488779,0.274342184571716,0.275841197338825,0.274500059143795,0.27141350614693804,0.267363823940405,0.262868221500985,0.25824986283651796
0.9951571313379429,1.0,0.9943552804614242,0.9761644780672478,0.944431045974894,0.899674965261486,0.8439712930454351,0.7805039193250559,0.738007568949466,0.69991683898435,0.6398948691975529,0.578291764602587,0.5235581202566331,0.47743254751096503,0.43917334355335497,0.40744370082932896,0.397411699614507,0.38426816138113595,0.364013547343849,0.34544623683932396,0.33009414698013106,0.317660789600753,0.30755745650978,0.29925845770475107,0.30290307616634005,0.309230044092143,0.31083682311102395,0.30925436432127,0.30571566815290196,0.30110100950620006,0.29599179748555604,0.29075085901605296
0.9791102758698921,0.9943552804614242,1.0,0.9936817786770931,0.97397665316527,0.940916361108737,0.8961190408894609,0.8424277816340608,0.8044487495056899,0.7620396433411971,0.6959458720820351,0.628328351576754,0.568342570353529,0.5178358688221579,0.47596712410746,0.441258245989331,0.432037154194458,0.420349730229795,0.399954934261799,0.380809010831771,0.364818283333309,0.351795512268263,0.341175860389969,0.332431491182438,0.33658794142151305,0.34352602730171,0.34523166016520596,0.343405924515532,0.33941765796149603,0.334243334647034,0.328527340170172,0.32267136892674897
0.9501034600070941,0.9761644780672478,0.9936817786770931,1.0,0.9932605576169191,0.9729783360394159,0.940268260139145,0.8975779811590059,0.864844092647595,0.8183881890571051,0.746683915495071,0.673535320694065,0.608731014743088,0.5542106491426,0.509038271362109,0.471604507150543,0.46335451381801096,0.453350994186806,0.43305854965546603,0.41353585843505203,0.397066094279981,0.38357988177621,0.37254457571913,0.36343655570086897,0.36808334132135206,0.37558260327135207,0.3773718427123039,0.37531120602320095,0.370896397243561,0.365193649836943,0.358906046851874,0.35247146012968505
0.9075461503568929,0.944431045974894,0.97397665316527,0.9932605576169191,1.0,0.9931825520123599,0.9733886879371579,0.9426252293782841,0.9157421205587758,0.865723341938297,0.789176274853419,0.711286068541625,0.6423653115001601,0.584423255786385,0.53643843417329,0.496687244147529,0.489549520961708,0.481417635886665,0.461500051125101,0.4418472293575829,0.42510122833818703,0.411315309560844,0.3999971372277,0.3906343902496421,0.39572590297787397,0.40370521250944397,0.40555705856393204,0.40328117531125107,0.39848444079807294,0.392311639044405,0.38551714336388104,0.378570377559072
0.852405418961913,0.899674965261486,0.940916361108737,0.9729783360394159,0.9931825520123599,1.0,0.993465738193214,0.9751159393425841,0.9544827508414989,0.9015606451256422,0.8211836410315371,0.739583522460244,0.667459663345667,0.606863999484539,0.5567029446748331,0.515161444717595,0.509239430223159,0.503100501564079,0.48383072483667106,0.464314217005796,0.44751806324826005,0.43361814311578295,0.42216935565758507,0.412677709422082,0.41814728442907706,0.426500918368475,0.428390554034062,0.425929128461579,0.42081348650822903,0.414251850407041,0.407039922508399,0.39967247790780996
0.787158730151445,0.8439712930454351,0.8961190408894609,0.940268260139145,0.9733886879371579,0.993465738193214,1.0,0.9940465517655709,0.979805081147359,0.9247394386210219,0.841674326639927,0.7575197702469281,0.6832125082947309,0.6208191631747471,0.5691899837133061,0.526444352403719,0.5217908384448571,0.517684263295957,0.499303278684227,0.48017802839885204,0.463554632987452,0.4497267016864529,0.438301259619312,0.4288087866938449,0.434576266829726,0.443186050431821,0.44508772478565606,0.44247715162026,0.437116846726738,0.43026118391139,0.422735819456478,0.415053813874188
0.7152736362934929,0.7805039193250559,0.8424277816340608,0.8975779811590059,0.9426252293782841,0.9751159393425841,0.9940465517655709,1.0,0.992034078853675,0.935593415130289,0.8509747553219621,0.765407542642218,0.689921784272691,0.626572928194171,0.5741716218515649,0.530797584453447,0.527411791875077,0.5252954909440639,0.507987092642757,0.489468525386341,0.473212719040234,0.45962209528229103,0.4483582329132771,0.43898069783186494,0.44496226247091203,0.45371161643790997,0.45560159948403606,0.452880467579042,0.447351942377008,0.44029916416040704,0.43256631911772603,0.424677669185505
0.669020298864452,0.738007568949466,0.8044487495056899,0.864844092647595,0.9157421205587758,0.9544827508414989,0.979805081147359,0.992034078853675,1.0,0.970057228720011,0.9050116000503059,0.832955735901265,0.7667024410928158,0.709772360524538,0.661956130629282,0.6219525468031349,0.617835157835678,0.6084010349482719,0.583781625967883,0.559309852031584,0.538398259395939,0.521157100426312,0.506988968995714,0.49526119880075703,0.500782729411193,0.5093950067541789,0.5104563235174571,0.506495394673912,0.499525119698364,0.49096700313182107,0.48174870413373105,0.472440477051344
0.6353139504616321,0.69991683898435,0.7620396433411971,0.8183881890571051,0.865723341938297,0.9015606451256422,0.9247394386210219,0.935593415130289,0.970057228720011,1.0,0.981229504401381,0.94240790036078,0.8996725670355099,0.8596095420452851,0.8241815755689991,0.7935151713570892,0.786402192655537,0.759033721219365,0.718104400720575,0.6808199930342491,0.650075725464413,0.62521428603787,0.605031438796151,0.588464120738964,0.5925525740544211,0.6004208351850029,0.599672108170768,0.593295522001474,0.583640685410859,0.572347080213402,0.5604701742893261,0.548647526835585
0.58152170555662,0.6398948691975529,0.6959458720820351,0.746683915495071,0.789176274853419,0.8211836410315371,0.841674326639927,0.8509747553219621,0.9050116000503059,0.981229504401381,1.0,0.9892180244956991,0.96697409995756,0.9420079790413148,0.917923562386005,0.8959755703562661,0.886786718824668,0.8463427883440301,0.7942047564471469,0.7483333988222439,0.7110900146426329,0.681235812123144,0.657135967390847,0.6374309110216271,0.6402075593576539,0.6471503171816371,0.6449962721875889,0.6369729489889859,0.625597338916135,0.61261224569023,0.5991297122601921,0.5858136128240029
0.526111087310766,0.578291764602587,0.628328351576754,0.673535320694065,0.711286068541625,0.739583522460244,0.7575197702469281,0.765407542642218,0.832955735901265,0.94240790036078,0.9892180244956991,1.0,0.9938746870483292,0.980998608987147,0.9661317677300191,0.9513542658184371,0.9408190029254789,0.8914578223771,0.8321129784112181,0.7808689436201541,0.7396224193153208,0.706724038531629,0.680252908713693,0.6586583251590339,0.6603692372215151,0.66643532015339,0.6632679713563481,0.654194952349473,0.641797351729986,0.6278528043270799,0.613488475672902,0.5993716029817989
0.476794531571904,0.5235581202566331,0.568342570353529,0.608731014743088,0.6423653115001601,0.667459663345667,0.6832125082947309,0.689921784272691,0.7667024410928158,0.8996725670355099,0.96697409995756,0.9938746870483292,1.0,0.9964308245820859,0.988731683817312,0.9795758567219921,0.9681748266729879,0.9127885622916159,0.8488517306009549,0.794284235398737,0.75060513787116,0.7158787692591959,0.6879957614572308,0.665283292498719,0.66616558885451,0.6714836124590821,0.667596785364385,0.6578610500086121,0.6448690532434239,0.6303993620663499,0.615574478592188,0.6010546619968621
0.435192406779861,0.47743254751096503,0.5178358688221579,0.5542106491426,0.584423255786385,0.606863999484539,0.6208191631747471,0.626572928194171,0.709772360524538,0.8596095420452851,0.9420079790413148,0.980998608987147,0.9964308245820859,1.0,0.997839281899804,0.9930529877341651,0.98108469119275,0.9215530929412329,0.8546360965648959,0.7979801015587521,0.752803186345283,0.716966960790553,0.6882354909095761,0.6648564748742479,0.66509857072351,0.6698013400066789,0.665397010273784,0.6552353700241229,0.641896510818478,0.6271450422546949,0.612090646108051,0.597382805760269
0.40066258757883794,0.43917334355335497,0.47596712410746,0.509038271362109,0.53643843417329,0.5567029446748331,0.5691899837133061,0.5741716218515649,0.661956130629282,0.8241815755689991,0.917923562386005,0.9661317677300191,0.988731683817312,0.997839281899804,1.0,0.99863831775038,0.986287604467931,0.9238235464983628,0.8549174604716959,0.79691571605071,0.7507961095510991,0.714273026043386,0.6850230632091979,0.6612407111902859,0.6609833189912829,0.6651839866707661,0.660398616808409,0.649955664314179,0.636412706079254,0.6215147731731601,0.60635608838025,0.591574540240308
0.37201262118585793,0.40744370082932896,0.441258245989331,0.471604507150543,0.496687244147529,0.515161444717595,0.526444352403719,0.530797584453447,0.6219525468031349,0.7935151713570892,0.8959755703562661,0.9513542658184371,0.9795758567219921,0.9930529877341651,0.99863831775038,1.0,0.9873836512247699,0.9227834140132549,0.8525100176158091,0.793618224971665,0.746892037151223,0.709935974900191,0.680364335053829,0.656334916194477,0.655681717848141,0.659470785347849,0.654397592107068,0.64376341126759,0.630100072396343,0.615131691020151,0.5999368480729079,0.58514226269791
0.361330406757415,0.397411699614507,0.432037154194458,0.46335451381801096,0.489549520961708,0.509239430223159,0.5217908384448571,0.527411791875077,0.617835157835678,0.786402192655537,0.886786718824668,0.9408190029254789,0.9681748266729879,0.98108469119275,0.986287604467931,0.9873836512247699,1.0,0.971937771579269,0.9241006822632758,0.87938163774404,0.842097776607245,0.8117632460918921,0.787041471570359,0.766693758586684,0.765324801217352,0.7646740223024191,0.7543731381822991,0.738268950087727,0.719246398833973,0.6992250176484871,0.679371579850874,0.660336341846678
0.346970252055867,0.38426816138113595,0.420349730229795,0.453350994186806,0.481417635886665,0.503100501564079,0.517684263295957,0.5252954909440639,0.6084010349482719,0.759033721219365,0.8463427883440301,0.8914578223771,0.9127885622916159,0.9215530929412329,0.9238235464983628,0.9227834140132549,0.971937771579269,1.0,0.988064387957702,0.966705225139361,0.945336403485785,0.926359281014377,0.910073745150095,0.8962045454915659,0.894096822509712,0.887230596837082,0.869925917292973,0.846669004462141,0.8207456534977031,0.794286581865633,0.7685439569362409,0.7441796455640408
0.327049520066595,0.364013547343849,0.399954934261799,0.43305854965546603,0.461500051125101,0.48383072483667106,0.499303278684227,0.507987092642757,0.583781625967883,0.718104400720575,0.7942047564471469,0.8321129784112181,0.8488517306009549,0.8546360965648959,0.8549174604716959,0.8525100176158091,0.9241006822632758,0.988064387957702,1.0,0.994585066683736,0.9842856464423292,0.9733209461401708,0.9630533708244309,0.95384690737967,0.9513193056156608,0.940591133234251,0.919224677886588,0.8919888876276401,0.862332451959731,0.832459792967592,0.803641041510091,0.776525605054106
0.309205276627029,0.34544623683932396,0.380809010831771,0.41353585843505203,0.4418472293575829,0.464314217005796,0.48017802839885204,0.489468525386341,0.559309852031584,0.6808199930342491,0.7483333988222439,0.7808689436201541,0.794284235398737,0.7979801015587521,0.79691571605071,0.793618224971665,0.87938163774404,0.966705225139361,0.994585066683736,1.0,0.997307373986298,0.9918960044477,0.9858267869959191,0.979890074682886,0.977113237572126,0.9639240431806759,0.9401050192451541,0.910551633448305,0.878776028724965,0.8470026648771121,0.816496686634865,0.7878903497662499
0.294599478273923,0.33009414698013106,0.364818283333309,0.397066094279981,0.42510122833818703,0.44751806324826005,0.463554632987452,0.473212719040234,0.538398259395939,0.650075725464413,0.7110900146426329,0.7396224193153208,0.75060513787116,0.752803186345283,0.7507961095510991,0.746892037151223,0.842097776607245,0.945336403485785,0.9842856464423292,0.997307373986298,1.0,0.9985425706763941,0.9954754455799889,0.991884693772361,0.9889500718017091,0.974110173986742,0.948715650842607,0.917719360869971,0.8846553458415881,0.8517477157470401,0.8202498561476691,0.790777801464682
0.28283741080777897,0.317660789600753,0.351795512268263,0.38357988177621,0.411315309560844,0.43361814311578295,0.4497267016864529,0.45962209528229103,0.521157100426312,0.62521428603787,0.681235812123144,0.706724038531629,0.7158787692591959,0.716966960790553,0.714273026043386,0.709935974900191,0.8117632460918921,0.926359281014377,0.9733209461401708,0.9918960044477,0.9985425706763941,1.0,0.999152770341759,0.9973008437640458,0.9942601945037081,0.978256519643734,0.951789862602548,0.9198382848171891,0.885939790527446,0.8523105835036721,0.820191084883039,0.790183272654963
0.273314180714856,0.30755745650978,0.341175860389969,0.37254457571913,0.3999971372277,0.42216935565758507,0.438301259619312,0.4483582329132771,0.506988968995714,0.605031438796151,0.657135967390847,0.680252908713693,0.6879957614572308,0.6882354909095761,0.6850230632091979,0.680364335053829,0.787041471570359,0.910073745150095,0.9630533708244309,0.9858267869959191,0.9954754455799889,0.999152770341759,1.0,0.9994776564112661,0.9963621105795841,0.979502332622183,0.9522699485819269,0.919652488552629,0.885184048835102,0.851070463578766,0.818539838295562,0.7881822530877859
0.265511381550683,0.29925845770475107,0.332431491182438,0.36343655570086897,0.3906343902496421,0.412677709422082,0.4288087866938449,0.43898069783186494,0.49526119880075703,0.588464120738964,0.6374309110216271,0.6586583251590339,0.665283292498719,0.6648564748742479,0.6612407111902859,0.656334916194477,0.766693758586684,0.8962045454915659,0.95384690737967,0.979890074682886,0.991884693772361,0.9973008437640458,0.9994776564112661,1.0,0.9968293411132759,0.9793173239295809,0.951515988198059,0.918414375977962,0.8835393175986821,0.8490858846400658,0.8162710531152192,0.785674859403504
0.268645108488779,0.30290307616634005,0.33658794142151305,0.36808334132135206,0.39572590297787397,0.41814728442907706,0.434576266829726,0.44496226247091203,0.500782729411193,0.5925525740544211,0.6402075593576539,0.6603692372215151,0.66616558885451,0.66509857072351,0.6609833189912829,0.655681717848141,0.765324801217352,0.894096822509712,0.9513193056156608,0.977113237572126,0.9889500718017091,0.9942601945037081,0.9963621105795841,0.9968293411132759,1.0,0.9922521045657909,0.9728387064782029,0.946777318390557,0.91774198131627,0.8881145379786991,0.8592942290107121,0.8320202221354399
0.274342184571716,0.309230044092143,0.34352602730171,0.37558260327135207,0.40370521250944397,0.426500918368475,0.443186050431821,0.45371161643790997,0.5093950067541789,0.6004208351850029,0.6471503171816371,0.66643532015339,0.6714836124590821,0.6698013400066789,0.6651839866707661,0.659470785347849,0.7646740223024191,0.887230596837082,0.940591133234251,0.9639240431806759,0.974110173986742,0.978256519643734,0.979502332622183,0.9793173239295809,0.9922521045657909,1.0,0.9940609993010491,0.97943354859224,0.9599769895290979,0.9383373208394159,0.916183358750107,0.8944957821761
0.275841197338825,0.31083682311102395,0.34523166016520596,0.3773718427123039,0.40555705856393204,0.428390554034062,0.44508772478565606,0.45560159948403606,0.5104563235174571,0.599672108170768,0.6449962721875889,0.6632679713563481,0.667596785364385,0.665397010273784,0.660398616808409,0.654397592107068,0.7543731381822991,0.869925917292973,0.919224677886588,0.9401050192451541,0.948715650842607,0.951789862602548,0.9522699485819269,0.951515988198059,0.9728387064782029,0.9940609993010491,1.0,0.9955738463290641,0.984755075484591,0.970387392709605,0.954354502978501,0.937836148816737
0.274500059143795,0.30925436432127,0.343405924515532,0.37531120602320095,0.40328117531125107,0.425929128461579,0.44247715162026,0.452880467579042,0.506495394673912,0.593295522001474,0.6369729489889859,0.654194952349473,0.6578610500086121,0.6552353700241229,0.649955664314179,0.64376341126759,0.738268950087727,0.846669004462141,0.8919888876276401,0.910551633448305,0.917719360869971,0.9198382848171891,0.919652488552629,0.918414375977962,0.946777318390557,0.97943354859224,0.9955738463290641,1.0,0.996744346113978,0.9887941605383629,0.9782007307134591,0.96630444125689
0.27141350614693804,0.30571566815290196,0.33941765796149603,0.370896397243561,0.39848444079807294,0.42081348650822903,0.437116846726738,0.447351942377008,0.499525119698364,0.583640685410859,0.625597338916135,0.641797351729986,0.6448690532434239,0.641896510818478,0.636412706079254,0.630100072396343,0.719246398833973,0.8207456534977031,0.862332451959731,0.878776028724965,0.8846553458415881,0.885939790527446,0.885184048835102,0.8835393175986821,0.91774198131627,0.9599769895290979,0.984755075484591,0.996744346113978,1.0,0.997611412543764,0.991759171672351,0.9839120222612908
0.267363823940405,0.30110100950620006,0.334243334647034,0.365193649836943,0.392311639044405,0.414251850407041,0.43026118391139,0.44029916416040704,0.49096700313182107,0.572347080213402,0.61261224569023,0.6278528043270799,0.6303993620663499,0.6271450422546949,0.6215147731731601,0.615131691020151,0.6992250176484871,0.794286581865633,0.832459792967592,0.8470026648771121,0.8517477157470401,0.8523105835036721,0.851070463578766,0.8490858846400658,0.8881145379786991,0.9383373208394159,0.970387392709605,0.9887941605383629,0.997611412543764,1.0,0.998239996207588,0.993902511681656
0.262868221500985,0.29599179748555604,0.328527340170172,0.358906046851874,0.38551714336388104,0.407039922508399,0.422735819456478,0.43256631911772603,0.48174870413373105,0.5604701742893261,0.5991297122601921,0.613488475672902,0.615574478592188,0.612090646108051,0.60635608838025,0.5999368480729079,0.679371579850874,0.7685439569362409,0.803641041510091,0.816496686634865,0.8202498561476691,0.820191084883039,0.818539838295562,0.8162710531152192,0.8592942290107121,0.916183358750107,0.954354502978501,0.9782007307134591,0.991759171672351,0.998239996207588,1.0,0.998692190360275
0.25824986283651796,0.29075085901605296,0.32267136892674897,0.35247146012968505,0.378570377559072,0.39967247790780996,0.415053813874188,0.424677669185505,0.472440477051344,0.548647526835585,0.5858136128240029,0.5993716029817989,0.6010546619968621,0.597382805760269,0.591574540240308,0.58514226269791,0.660336341846678,0.7441796455640408,0.776525605054106,0.7878903497662499,0.790777801464682,0.790183272654963,0.7881822530877859,0.785674859403504,0.8320202221354399,0.8944957821761,0.937836148816737,0.96630444125689,0.9839120222612908,0.993902511681656,0.998692190360275,1.0
