1.0,0.9918410578653429,0.9610991074890161,0.8984410477304999,0.7991368134953609,0.6748655130552541,0.669109254931031,0.6544461762876329,0.632016083238652,0.6036748112431141,0.571537495802172,0.549274230194481,0.5257266007897221,0.4990072498171621,0.47100564449553495,0.443121629314837,0.4154637108868521,0.381205951052624,0.34596341456737195,0.31400500502513,0.286489913421226,0.267928555778547,0.24796680531404303,0.22321890894782997,0.20369679864520698,0.189197275233008,0.17832318949763198,0.160260477452178,0.14212614490959197,0.12841869468473102,0.11836275150733698,0.110850834723771
0.9918410578653429,1.0,0.98846818749139,0.94708672815762,0.869251592008269,0.7634302165185199,0.757116446532746,0.7407225375575641,0.715530685004115,0.683635028523375,0.6474254953672691,0.624668586976657,0.600886651551268,0.573188811267875,0.543702647961088,0.5140308361320389,0.484921428441901,0.44808043235449796,0.40933829624205204,0.37381953583472205,0.343038081595316,0.32250819378993895,0.29957600666534395,0.270383551493877,0.247220638449714,0.22997313236808803,0.217019709747416,0.19911258552169603,0.17943281395278898,0.1641311339941,0.15275643014513002,0.14419415464275198
0.9610991074890161,0.98846818749139,1.0,0.9847703387435649,0.9340893334208341,0.852429710325363,0.845587696514035,0.8274857456216469,0.799547978433835,0.7641071608037159,0.7238289105189009,0.7009686059014679,0.6774130836344611,0.64914078288371,0.6185169767379539,0.5873512582692161,0.557135492566966,0.5180078769381239,0.4759309622056379,0.436936848256303,0.40292871415853,0.38049621102387704,0.354522272903094,0.320669886268882,0.29367382057179703,0.273528158218777,0.258379699003595,0.241037441892857,0.21993958398517602,0.203068943086024,0.19036915188293602,0.180740922465481
0.8984410477304999,0.94708672815762,0.9847703387435649,1.0,0.9819384179708259,0.9303445225844441,0.923090804861501,0.903543152302527,0.873248090566145,0.834745946909941,0.7909429791054499,0.7686147882179649,0.74598983731736,0.717862883950445,0.6868047636941961,0.654811121031574,0.624185343561474,0.583546336952062,0.538838571072679,0.49696444083429403,0.4602198514517751,0.436241540108534,0.40751473834259705,0.369275899091144,0.338647435190436,0.315747845668423,0.298510465137391,0.28231047961625,0.26018512018199397,0.24199340601086702,0.228133797913127,0.21755582472889698
0.7991368134953609,0.869251592008269,0.9340893334208341,0.9819384179708259,1.0,0.9829116403652801,0.975461124762145,0.9550172425444359,0.923206160678792,0.8827060977034811,0.836584525925478,0.815608737504279,0.794780082938917,0.767785479667831,0.737330422601262,0.705543904679622,0.675532662853951,0.6346564409262739,0.5886341455244211,0.545076192450771,0.506626346533442,0.481796322097033,0.45106871129954296,0.40938078393661603,0.37586023477997,0.350756853170651,0.33184325244826,0.31744741397891807,0.294970203910915,0.27597092209981605,0.261329188568623,0.250084039361571
0.6748655130552541,0.7634302165185199,0.852429710325363,0.9303445225844441,0.9829116403652801,1.0,0.993212703718787,0.973188324777178,0.941552495938546,0.9010089957846229,0.8546674735389599,0.8358478674844441,0.817485670874393,0.792497192583707,0.7636339298973399,0.7330883391397479,0.7046530955091209,0.664849986132271,0.61900108484939,0.575172862169444,0.5362681835441769,0.511421817676617,0.47979800419555,0.43608757978613505,0.40081040235274606,0.374349849087645,0.354396345004728,0.34215731096934804,0.31999027835496896,0.300761236158349,0.285788367371242,0.274224785771071
0.669109254931031,0.757116446532746,0.845587696514035,0.923090804861501,0.975461124762145,0.993212703718787,1.0,0.9933359445104821,0.974343555583393,0.945349854965072,0.9092530654564691,0.893171007817141,0.874907609793774,0.8494235901293791,0.819649525340672,0.787933072657471,0.7583213770304058,0.716267120656291,0.6675200250006961,0.6207961531130589,0.5792594079840611,0.553500018496384,0.521764010710202,0.47581304631028204,0.438396757535481,0.41022642664989395,0.38893975281189397,0.374612823094285,0.349744492188184,0.328328436277817,0.311700315554476,0.298878018522758
0.6544461762876329,0.7407225375575641,0.8274857456216469,0.903543152302527,0.9550172425444359,0.973188324777178,0.9933359445104821,1.0,0.9937904269537849,0.976629756882111,0.9511679017657,0.938013842169001,0.9200928853138679,0.894459050901183,0.86418112748108,0.831729128127525,0.8013481645965259,0.757626315638308,0.70666007633906,0.6576924925656109,0.61410376850793,0.5877845639388579,0.5563623159236329,0.508806445115312,0.469771480241747,0.440284104240885,0.41796140007799,0.40175738578555303,0.374545289112674,0.351248852521424,0.33320317050757503,0.319305285601766
0.632016083238652,0.715530685004115,0.799547978433835,0.873248090566145,0.923206160678792,0.941552495938546,0.974343555583393,0.9937904269537849,1.0,0.9944800011880641,0.9796071180239599,0.9694460805224191,0.9520822958426759,0.926627920355387,0.8962463746427151,0.8634945664955,0.832755055078851,0.7879760783031049,0.7355118307728009,0.684997251163003,0.6399786263705279,0.613451728171525,0.5827296613545461,0.534225654442089,0.49412152935421294,0.46373547902438106,0.440694810849751,0.42288351245244704,0.393752770109593,0.36893553758735204,0.349749483510157,0.334988929501243
0.6036748112431141,0.683635028523375,0.7641071608037159,0.834745946909941,0.8827060977034811,0.9010089957846229,0.945349854965072,0.976629756882111,0.9944800011880641,1.0,0.995281752573063,0.9880587364696128,0.9714178919904279,0.9464223072100308,0.9162886551554941,0.8836266992197679,0.85289875760317,0.8076322947812359,0.754352234018494,0.702953466903161,0.6570985557220639,0.630677562319656,0.600965253026581,0.552118914383286,0.511462777153729,0.48057493416916797,0.457119325439581,0.43799496624254597,0.407386313850261,0.38141727633388794,0.36137410030320505,0.34596795649478
0.571537495802172,0.6474254953672691,0.7238289105189009,0.7909429791054499,0.836584525925478,0.8546674735389599,0.9092530654564691,0.9511679017657,0.9796071180239599,0.995281752573063,1.0,0.9955647671616881,0.979755894311409,0.955430083935437,0.9258216560854009,0.8935636156887379,0.86314820345636,0.817875592524962,0.76436448939051,0.712652973815773,0.6664751535804929,0.6404116168392571,0.611924900361047,0.563241804013103,0.522474564659605,0.491426107500751,0.46781719365141294,0.44766647916528096,0.41599183931764094,0.38921279531128794,0.368573902948531,0.352722101804519
0.549274230194481,0.624668586976657,0.7009686059014679,0.7686147882179649,0.815608737504279,0.8358478674844441,0.893171007817141,0.938013842169001,0.9694460805224191,0.9880587364696128,0.9955647671616881,1.0,0.9941084482194191,0.9786331273798041,0.956752013166311,0.9311454382355658,0.9050445407778192,0.861022196060272,0.8075371212732141,0.7552702778204259,0.7083135162876079,0.682566588806358,0.654166175514172,0.6033466581155671,0.560497329825074,0.527773271589677,0.5028533801808189,0.4874346574664629,0.45704701020054994,0.430375935123407,0.409513359607167,0.39336205922816997
0.5257266007897221,0.600886651551268,0.6774130836344611,0.74598983731736,0.794780082938917,0.817485670874393,0.874907609793774,0.9200928853138679,0.9520822958426759,0.9714178919904279,0.979755894311409,0.9941084482194191,1.0,0.9951539845225409,0.982646428624929,0.965183746535615,0.944440361056959,0.902334031047876,0.8494367793566979,0.797067502441162,0.74969234239372,0.724472647299508,0.696120738142785,0.643157108041049,0.598226551446562,0.563829786938969,0.537602037764636,0.5282930154487671,0.50001494472749,0.47393224780230103,0.453148912155668,0.436902756829908
0.4990072498171621,0.573188811267875,0.64914078288371,0.717862883950445,0.767785479667831,0.792497192583707,0.8494235901293791,0.894459050901183,0.926627920355387,0.9464223072100308,0.955430083935437,0.9786331273798041,0.9951539845225409,1.0,0.9961233683122471,0.986226584031902,0.9705547921881279,0.930615716474652,0.8787907829363208,0.8268622598232991,0.7795903243002242,0.7551059276108231,0.727086945673685,0.672717964603176,0.6263572416910389,0.5907935655100931,0.563646638450576,0.55997505274498,0.533898911427812,0.5086157774369721,0.488116122750199,0.47194947682320093
0.47100564449553495,0.543702647961088,0.6185169767379539,0.6868047636941961,0.737330422601262,0.7636339298973399,0.819649525340672,0.86418112748108,0.8962463746427151,0.9162886551554941,0.9258216560854009,0.956752013166311,0.982646428624929,0.9961233683122471,1.0,0.996953118781694,0.985947190927252,0.9482749714098521,0.89783494491469,0.8467271671472791,0.799935775453308,0.7763102597294691,0.748819213982698,0.6936394503768649,0.646379980784576,0.61006440648561,0.582318091529749,0.5837200407035981,0.5598279344534021,0.535467733216986,0.5153902092027469,0.499427454619621
0.443121629314837,0.5140308361320389,0.5873512582692161,0.654811121031574,0.705543904679622,0.7330883391397479,0.787933072657471,0.831729128127525,0.8634945664955,0.8836266992197679,0.8935636156887379,0.9311454382355658,0.965183746535615,0.986226584031902,0.996953118781694,1.0,0.9932027942371591,0.9577849428338321,0.9089000264662671,0.8588514304583001,0.8127895649146489,0.790078840873639,0.7632341942477829,0.7076932942916361,0.65994332965549,0.6231965105268449,0.59509861940424,0.600990326466928,0.5791897926754489,0.555805943673463,0.536232925745124,0.5205544763671671
0.4154637108868521,0.484921428441901,0.557135492566966,0.624185343561474,0.675532662853951,0.7046530955091209,0.7583213770304058,0.8013481645965259,0.832755055078851,0.85289875760317,0.86314820345636,0.9050445407778192,0.944440361056959,0.9705547921881279,0.985947190927252,0.9932027942371591,1.0,0.984158556862488,0.9500192544503749,0.9108643679158929,0.872894094240965,0.853095398189547,0.815469164154889,0.7507930149811091,0.696585220583043,0.655285683296827,0.6238759232294139,0.629215595527909,0.605914686083566,0.581143643435303,0.560464328301155,0.543920714700586
0.381205951052624,0.44808043235449796,0.5180078769381239,0.583546336952062,0.6346564409262739,0.664849986132271,0.716267120656291,0.757626315638308,0.7879760783031049,0.8076322947812359,0.817875592524962,0.861022196060272,0.902334031047876,0.930615716474652,0.9482749714098521,0.9577849428338321,0.984158556862488,1.0,0.9903181444454872,0.9696038008127521,0.9455679699354871,0.9304143624875569,0.874890319746249,0.796462863776344,0.7328999027821991,0.68513794989227,0.64908601030895,0.649914643694594,0.6229720857894521,0.59564257752998,0.57315435531421,0.555289196224453
0.34596341456737195,0.40933829624205204,0.4759309622056379,0.538838571072679,0.5886341455244211,0.61900108484939,0.6675200250006961,0.70666007633906,0.7355118307728009,0.754352234018494,0.76436448939051,0.8075371212732141,0.8494367793566979,0.8787907829363208,0.89783494491469,0.9089000264662671,0.9500192544503749,0.9903181444454872,1.0,0.9941818632689069,0.9815873746586808,0.9704054900727249,0.902093958490646,0.814631507676864,0.745147385972922,0.693380287735413,0.6544898038026229,0.6517680479869721,0.622569163976401,0.5938399945585351,0.5704320840823149,0.551926732193458
0.31400500502513,0.37381953583472205,0.436936848256303,0.49696444083429403,0.545076192450771,0.575172862169444,0.6207961531130589,0.6576924925656109,0.684997251163003,0.702953466903161,0.712652973815773,0.7552702778204259,0.797067502441162,0.8268622598232991,0.8467271671472791,0.8588514304583001,0.9108643679158929,0.9696038008127521,0.9941818632689069,1.0,0.996451316313542,0.98850035364064,0.91117701439897,0.8178698005752191,0.744717430728413,0.6905326350285539,0.6499580225631041,0.6445176250104561,0.613957188247161,0.5845249336669941,0.56071543654783,0.5419600176484749
0.286489913421226,0.343038081595316,0.40292871415853,0.4602198514517751,0.506626346533442,0.5362681835441769,0.5792594079840611,0.61410376850793,0.6399786263705279,0.6570985557220639,0.6664751535804929,0.7083135162876079,0.74969234239372,0.7795903243002242,0.799935775453308,0.8127895649146489,0.872894094240965,0.9455679699354871,0.9815873746586808,0.996451316313542,1.0,0.9946381325267909,0.9108986622875258,0.813779524728603,0.738352863422672,0.682717445814348,0.641155266063632,0.6336344879791539,0.602257487391827,0.5725140808518101,0.5485835140094679,0.529784513539561
0.267928555778547,0.32250819378993895,0.38049621102387704,0.436241540108534,0.481796322097033,0.511421817676617,0.553500018496384,0.5877845639388579,0.613451728171525,0.630677562319656,0.6404116168392571,0.682566588806358,0.724472647299508,0.7551059276108231,0.7763102597294691,0.790078840873639,0.853095398189547,0.9304143624875569,0.9704054900727249,0.98850035364064,0.9946381325267909,1.0,0.9452258625445209,0.8636025889849721,0.796788954491797,0.7463750860020308,0.708234381157966,0.694665184717729,0.656728577635657,0.621975109862584,0.5943509768025881,0.572784911335894
0.24796680531404303,0.29957600666534395,0.354522272903094,0.40751473834259705,0.45106871129954296,0.47979800419555,0.521764010710202,0.5563623159236329,0.5827296613545461,0.600965253026581,0.611924900361047,0.654166175514172,0.696120738142785,0.727086945673685,0.748819213982698,0.7632341942477829,0.815469164154889,0.874890319746249,0.902093958490646,0.91117701439897,0.9108986622875258,0.9452258625445209,1.0,0.9808701985903442,0.9503855208910359,0.9227318924524871,0.899884484098847,0.871863709237141,0.816719559195877,0.7685342449100959,0.7309075300421801,0.701804352394452
0.22321890894782997,0.270383551493877,0.320669886268882,0.369275899091144,0.40938078393661603,0.43608757978613505,0.47581304631028204,0.508806445115312,0.534225654442089,0.552118914383286,0.563241804013103,0.6033466581155671,0.643157108041049,0.672717964603176,0.6936394503768649,0.7076932942916361,0.7507930149811091,0.796462863776344,0.814631507676864,0.8178698005752191,0.813779524728603,0.8636025889849721,0.9808701985903442,1.0,0.9927595113556659,0.9801115615156808,0.967567886960109,0.932380067735057,0.869830175598527,0.8161303703615249,0.7744873667822421,0.742396737411973
0.20369679864520698,0.247220638449714,0.29367382057179703,0.338647435190436,0.37586023477997,0.40081040235274606,0.438396757535481,0.469771480241747,0.49412152935421294,0.511462777153729,0.522474564659605,0.560497329825074,0.598226551446562,0.6263572416910389,0.646379980784576,0.65994332965549,0.696585220583043,0.7328999027821991,0.745147385972922,0.744717430728413,0.738352863422672,0.796788954491797,0.9503855208910359,0.9927595113556659,1.0,0.9968523471348091,0.990905596595624,0.9519654163669391,0.8860369758313119,0.829957091997101,0.786628873384923,0.7533059617050609
0.189197275233008,0.22997313236808803,0.273528158218777,0.315747845668423,0.350756853170651,0.374349849087645,0.41022642664989395,0.440284104240885,0.46373547902438106,0.48057493416916797,0.491426107500751,0.527773271589677,0.563829786938969,0.5907935655100931,0.61006440648561,0.6231965105268449,0.655285683296827,0.68513794989227,0.693380287735413,0.6905326350285539,0.682717445814348,0.7463750860020308,0.9227318924524871,0.9801115615156808,0.9968523471348091,1.0,0.9984544672223109,0.957346324818626,0.8897105670872909,0.8325043083710691,0.788407260483284,0.7545351557094041
0.17832318949763198,0.217019709747416,0.258379699003595,0.298510465137391,0.33184325244826,0.354396345004728,0.38893975281189397,0.41796140007799,0.440694810849751,0.457119325439581,0.46781719365141294,0.5028533801808189,0.537602037764636,0.563646638450576,0.582318091529749,0.59509861940424,0.6238759232294139,0.64908601030895,0.6544898038026229,0.6499580225631041,0.641155266063632,0.708234381157966,0.899884484098847,0.967567886960109,0.990905596595624,0.9984544672223109,1.0,0.957526349382567,0.888947529780206,0.831166319502267,0.786695774206804,0.7525657731725909
0.160260477452178,0.19911258552169603,0.241037441892857,0.28231047961625,0.31744741397891807,0.34215731096934804,0.374612823094285,0.40175738578555303,0.42288351245244704,0.43799496624254597,0.44766647916528096,0.4874346574664629,0.5282930154487671,0.55997505274498,0.5837200407035981,0.600990326466928,0.629215595527909,0.649914643694594,0.6517680479869721,0.6445176250104561,0.6336344879791539,0.694665184717729,0.871863709237141,0.932380067735057,0.9519654163669391,0.957346324818626,0.957526349382567,1.0,0.983255125345109,0.956189652889557,0.9312879839951341,0.910480265356254
0.14212614490959197,0.17943281395278898,0.21993958398517602,0.26018512018199397,0.294970203910915,0.31999027835496896,0.349744492188184,0.374545289112674,0.393752770109593,0.407386313850261,0.41599183931764094,0.45704701020054994,0.50001494472749,0.533898911427812,0.5598279344534021,0.5791897926754489,0.605914686083566,0.6229720857894521,0.622569163976401,0.613957188247161,0.602257487391827,0.656728577635657,0.816719559195877,0.869830175598527,0.8860369758313119,0.8897105670872909,0.888947529780206,0.983255125345109,1.0,0.9935271049983241,0.9820787060880859,0.9705978622062579
0.12841869468473102,0.1641311339941,0.203068943086024,0.24199340601086702,0.27597092209981605,0.300761236158349,0.328328436277817,0.351248852521424,0.36893553758735204,0.38141727633388794,0.38921279531128794,0.430375935123407,0.47393224780230103,0.5086157774369721,0.535467733216986,0.555805943673463,0.581143643435303,0.59564257752998,0.5938399945585351,0.5845249336669941,0.5725140808518101,0.621975109862584,0.7685342449100959,0.8161303703615249,0.829957091997101,0.8325043083710691,0.831166319502267,0.956189652889557,0.9935271049983241,1.0,0.997131262365927,0.9916584509415141
0.11836275150733698,0.15275643014513002,0.19036915188293602,0.228133797913127,0.261329188568623,0.285788367371242,0.311700315554476,0.33320317050757503,0.349749483510157,0.36137410030320505,0.368573902948531,0.409513359607167,0.453148912155668,0.488116122750199,0.5153902092027469,0.536232925745124,0.560464328301155,0.57315435531421,0.5704320840823149,0.56071543654783,0.5485835140094679,0.5943509768025881,0.7309075300421801,0.7744873667822421,0.786628873384923,0.788407260483284,0.786695774206804,0.9312879839951341,0.9820787060880859,0.997131262365927,1.0,0.9985698163265679
0.110850834723771,0.14419415464275198,0.180740922465481,0.21755582472889698,0.250084039361571,0.274224785771071,0.298878018522758,0.319305285601766,0.334988929501243,0.34596795649478,0.352722101804519,0.39336205922816997,0.436902756829908,0.47194947682320093,0.499427454619621,0.5205544763671671,0.543920714700586,0.555289196224453,0.551926732193458,0.5419600176484749,0.529784513539561,0.572784911335894,0.701804352394452,0.742396737411973,0.7533059617050609,0.7545351557094041,0.7525657731725909,0.910480265356254,0.9705978622062579,0.9916584509415141,0.9985698163265679,1.0
