1.0,0.940692773745981,0.808221552062473,0.765275117407874,0.7052190587412441,0.670680549562244,0.634685554359411,0.6160384659583,0.5901914645221911,0.5598605003697521,0.529871337578725,0.505911656852397,0.484525117583111,0.45987730196381105,0.43859402296718103,0.423574594074298,0.40831602261754996,0.39308940431993894,0.36384693274380797,0.32122030388162703,0.299242496462758,0.287334538033231,0.277965427570447,0.266679735348893,0.251577838877592,0.233310595148184,0.229303555386775,0.226705345083541,0.22140802671612803,0.20431602710764002,0.21009347040423001,0.203687488192779
0.940692773745981,1.0,0.958272258817504,0.908857700131802,0.8404365811154041,0.804616460328027,0.764365624302144,0.740598516593678,0.7111555933040792,0.680206652061169,0.647013771076038,0.618218376165271,0.592496732698045,0.562683381463423,0.53660751732011,0.517884430248045,0.49922461149519204,0.48087533526675397,0.44711613017816104,0.397570328127765,0.37196385330441495,0.357971720977781,0.34883923767832303,0.33788270354974104,0.3201716470347,0.297390122210538,0.294906929181658,0.294601993624089,0.291445012080375,0.27180403888067606,0.27729945677259604,0.266391424420035
0.808221552062473,0.958272258817504,1.0,0.969004262465042,0.911999817040095,0.8783873466449781,0.8380611695258691,0.812657028195448,0.782809249893395,0.753580866750665,0.7205757629899681,0.6910959568584352,0.664993399189827,0.634011961485629,0.606389304981879,0.586413473426953,0.5666146209338531,0.547191954067938,0.512048690748967,0.45931121761398097,0.43278958864613304,0.41890780706778896,0.410631046582175,0.39989346481457705,0.381731078461234,0.357344902892413,0.35600346387829496,0.356508582782924,0.354879101281141,0.332886199951493,0.337478841652197,0.32198679722447804
0.765275117407874,0.908857700131802,0.969004262465042,1.0,0.983771972019256,0.951997585808519,0.9129711403628791,0.8900192999213711,0.8612648348689971,0.8318060686930999,0.799870146183798,0.7739112848846509,0.751705921812578,0.7233518058131709,0.697099404718308,0.678333418377191,0.659343904702984,0.640298690423308,0.6045625292857328,0.548102562559693,0.522061552707621,0.5105870065980129,0.502256227829846,0.488841418810822,0.47182504489209703,0.448682270391586,0.44643709954811794,0.443563011556577,0.440504738627405,0.4131840909820879,0.416963882791546,0.39620167522072597
0.7052190587412441,0.8404365811154041,0.911999817040095,0.983771972019256,1.0,0.982631533366676,0.953007028424738,0.932120244037578,0.9046665773191559,0.875729770131546,0.84529683208725,0.8225355019968091,0.8030972381070441,0.7760939073002991,0.7508507288293299,0.733333686634437,0.715093286231537,0.6963291706346519,0.662144452481187,0.606029784171485,0.581203050745227,0.571229052862308,0.562356326477255,0.546513228517712,0.5306747110496539,0.509183579163656,0.5054684868959509,0.49898178662890896,0.495791332306014,0.46621215427063895,0.46914722790544605,0.444400866053354
0.670680549562244,0.804616460328027,0.8783873466449781,0.951997585808519,0.982631533366676,1.0,0.991560980461142,0.970295644061902,0.942422504622419,0.913281535565874,0.8828145864158091,0.860659180659053,0.8401904353846751,0.8100977096866341,0.7832828315707719,0.7656953268118479,0.7467080579419001,0.7266798828891291,0.695402430889843,0.643130633592537,0.618968434605694,0.6079321758259421,0.597047472266055,0.578395361997551,0.562529530764469,0.541723953053373,0.535399602770827,0.524831088872508,0.523696428486386,0.49570031150097,0.49803944189312604,0.47039683526259496
0.634685554359411,0.764365624302144,0.8380611695258691,0.9129711403628791,0.953007028424738,0.991560980461142,1.0,0.988075710401661,0.9660841934825269,0.9381493535187181,0.908922743977963,0.888384780649744,0.867982006893925,0.8360342835189649,0.808278133518175,0.790703601252307,0.7714289861980219,0.750871283498236,0.721958306089848,0.6725369734201939,0.6491113480052779,0.637647651365958,0.626022665014635,0.60611218485082,0.590022705417575,0.569053540805129,0.56044637690089,0.546617741312164,0.5468296403714761,0.519759956591713,0.521274879988938,0.491073160608259
0.6160384659583,0.740598516593678,0.812657028195448,0.8900192999213711,0.932120244037578,0.970295644061902,0.988075710401661,1.0,0.992909497417622,0.967567447077384,0.9407151024760891,0.922732445565895,0.903559787193313,0.8709283541507751,0.84251147495666,0.824593649897282,0.805240046892777,0.784774225871415,0.756431004910278,0.706757976869948,0.683491201232999,0.6723102418955201,0.6616755389041651,0.642477998603011,0.625420856586193,0.6023730551815301,0.591890355187107,0.575902749945485,0.57626901253927,0.548283937332095,0.548702591345232,0.515782683670204
0.5901914645221911,0.7111555933040792,0.782809249893395,0.8612648348689971,0.9046665773191559,0.942422504622419,0.9660841934825269,0.992909497417622,1.0,0.987320425570236,0.968020516869172,0.95224352197176,0.9336947684689659,0.89965761565686,0.8707079274520171,0.853217615325435,0.8343367816864949,0.814329643444739,0.7874261038153821,0.738607161342673,0.715618113593272,0.7043378982497959,0.6968438029067869,0.6815841393003741,0.663544709026582,0.63697597265893,0.624492739368201,0.60671348054896,0.607231705015755,0.5781376279272961,0.578444429269428,0.543539558539596
0.5598605003697521,0.680206652061169,0.753580866750665,0.8318060686930999,0.875729770131546,0.913281535565874,0.9381493535187181,0.967567447077384,0.987320425570236,1.0,0.994651528400061,0.9804170748707759,0.961539407732193,0.9249750309916759,0.8954921460724141,0.879314674190287,0.8614907931013269,0.8422748240367021,0.8177210874558171,0.770857937569075,0.748138921592447,0.7361830391942149,0.7344901246530509,0.727165119076784,0.708046392465968,0.6760229588332839,0.6613770816830439,0.642251400909137,0.642915292399781,0.6123101837190289,0.613814978265761,0.577749036015332
0.529871337578725,0.647013771076038,0.7205757629899681,0.799870146183798,0.84529683208725,0.8828145864158091,0.908922743977963,0.9407151024760891,0.968020516869172,0.994651528400061,1.0,0.993044306075109,0.9778535634250459,0.940986361920782,0.911906963251673,0.896871634292532,0.8799769934620899,0.861471215703968,0.8389666161834041,0.7939467465637149,0.7722335352962441,0.7607847277299989,0.761708304123009,0.75739507035946,0.7385869005726551,0.7052055864279491,0.689170334134642,0.6682874628779879,0.668608575075826,0.636700176348806,0.637701152783855,0.599764408030057
0.505911656852397,0.618218376165271,0.6910959568584352,0.7739112848846509,0.8225355019968091,0.860659180659053,0.888384780649744,0.922732445565895,0.95224352197176,0.9804170748707759,0.993044306075109,1.0,0.9929856253873509,0.9579119716862109,0.929969351523723,0.9157275645074999,0.8994358483547249,0.8813433317727231,0.8603219967773509,0.816522144457693,0.7964194235082759,0.786704140113682,0.7866742703206501,0.7797632568892221,0.7626368499313709,0.7321515714307021,0.715388989345005,0.6919922805886299,0.691408743452889,0.658026020330062,0.656579432952929,0.615468271877854
0.484525117583111,0.592496732698045,0.664993399189827,0.751705921812578,0.8030972381070441,0.8401904353846751,0.867982006893925,0.903559787193313,0.9336947684689659,0.961539407732193,0.9778535634250459,0.9929856253873509,1.0,0.9833721199527758,0.9635908894136691,0.949607058106136,0.9345658402293741,0.918394456408482,0.8970637439221999,0.850654608711816,0.82892440565624,0.818021776526658,0.8156054291012209,0.8055090483609479,0.793487427663323,0.7704181090105559,0.755941322540829,0.731769145284359,0.724320940301425,0.682548009681759,0.679762191735854,0.637548941559339
0.45987730196381105,0.562683381463423,0.634011961485629,0.7233518058131709,0.7760939073002991,0.8100977096866341,0.8360342835189649,0.8709283541507751,0.89965761565686,0.9249750309916759,0.940986361920782,0.9579119716862109,0.9833721199527758,1.0,0.994793082672634,0.9807461990826529,0.967709762243585,0.9550051847250269,0.931992993622079,0.8802091799360781,0.8541999733248969,0.839563112449136,0.8336072406755201,0.820164872022486,0.8163210535142571,0.8047825691641409,0.7955291545015691,0.7726823111961121,0.7532942740877199,0.6977819283294289,0.694869409470516,0.6542772551303659
0.43859402296718103,0.53660751732011,0.606389304981879,0.697099404718308,0.7508507288293299,0.7832828315707719,0.808278133518175,0.84251147495666,0.8707079274520171,0.8954921460724141,0.911906963251673,0.929969351523723,0.9635908894136691,0.994793082672634,1.0,0.993266999248164,0.984343309274717,0.9731243591948299,0.9514624860540358,0.900145003141879,0.8718791788360959,0.8535728558575809,0.8452525197636551,0.8301787194537801,0.829963865013856,0.8235518402157271,0.8159635937570431,0.7928364337608771,0.7669864460861551,0.7044350122805269,0.7016269735370161,0.6620828365251881
0.423574594074298,0.517884430248045,0.586413473426953,0.678333418377191,0.733333686634437,0.7656953268118479,0.790703601252307,0.824593649897282,0.853217615325435,0.879314674190287,0.896871634292532,0.9157275645074999,0.949607058106136,0.9807461990826529,0.993266999248164,1.0,0.996932292118137,0.98551157871899,0.9675140339095101,0.9209804713748421,0.891797057644157,0.869615839059255,0.8597577251722571,0.844276379790259,0.844056479889485,0.8375987712957591,0.8287360460834341,0.803795512930994,0.7755683235722219,0.710710833589434,0.708173125906104,0.6688702322611569
0.40831602261754996,0.49922461149519204,0.5666146209338531,0.659343904702984,0.715093286231537,0.7467080579419001,0.7714289861980219,0.805240046892777,0.8343367816864949,0.8614907931013269,0.8799769934620899,0.8994358483547249,0.9345658402293741,0.967709762243585,0.984343309274717,0.996932292118137,1.0,0.9946735337520741,0.980457161835194,0.9353089016003621,0.905180813797367,0.880839635415532,0.8700962348899091,0.8543143835201559,0.8553295834843141,0.8504068159316499,0.840707546482454,0.8139143781326,0.783360151124499,0.716302037686539,0.712607941122154,0.672431076505553
0.39308940431993894,0.48087533526675397,0.547191954067938,0.640298690423308,0.6963291706346519,0.7266798828891291,0.750871283498236,0.784774225871415,0.814329643444739,0.8422748240367021,0.861471215703968,0.8813433317727231,0.918394456408482,0.9550051847250269,0.9731243591948299,0.98551157871899,0.9946735337520741,1.0,0.9895133849027121,0.943146457167909,0.91212200582403,0.8870420233403491,0.8759581405053299,0.8599856085981559,0.8631303511662841,0.860890391819499,0.8507326628282759,0.822159709529634,0.7894427215880842,0.7204219424781441,0.714534156081572,0.672708760559889
0.36384693274380797,0.44711613017816104,0.512048690748967,0.6045625292857328,0.662144452481187,0.695402430889843,0.721958306089848,0.756431004910278,0.7874261038153821,0.8177210874558171,0.8389666161834041,0.8603219967773509,0.8970637439221999,0.931992993622079,0.9514624860540358,0.9675140339095101,0.980457161835194,0.9895133849027121,1.0,0.9805329243588531,0.95908266357408,0.934490376591622,0.9216801215264119,0.902345538125193,0.902691543943971,0.8977180053245941,0.8829975369916329,0.8491702195819292,0.8081277222976451,0.7313680511545431,0.719064701648048,0.6729046146740749
0.32122030388162703,0.397570328127765,0.45931121761398097,0.548102562559693,0.606029784171485,0.643130633592537,0.6725369734201939,0.706757976869948,0.738607161342673,0.770857937569075,0.7939467465637149,0.816522144457693,0.850654608711816,0.8802091799360781,0.900145003141879,0.9209804713748421,0.9353089016003621,0.943146457167909,0.9805329243588531,1.0,0.9930951497819119,0.97032492076229,0.9556651076721071,0.932292356921637,0.927474364407272,0.917260853689249,0.896843027933499,0.8576685293179259,0.807409331858823,0.7231703890522249,0.7035120750807111,0.6535727635491341
0.299242496462758,0.37196385330441495,0.43278958864613304,0.522061552707621,0.581203050745227,0.618968434605694,0.6491113480052779,0.683491201232999,0.715618113593272,0.748138921592447,0.7722335352962441,0.7964194235082759,0.82892440565624,0.8541999733248969,0.8718791788360959,0.891797057644157,0.905180813797367,0.91212200582403,0.95908266357408,0.9930951497819119,1.0,0.9904971053061709,0.978534432133203,0.9518572090760841,0.9431576884494871,0.929165615751251,0.90629703789746,0.865329226419158,0.8149247108696508,0.730623723604719,0.7104339298046659,0.659551998431264
0.287334538033231,0.357971720977781,0.41890780706778896,0.5105870065980129,0.571229052862308,0.6079321758259421,0.637647651365958,0.6723102418955201,0.7043378982497959,0.7361830391942149,0.7607847277299989,0.786704140113682,0.818021776526658,0.839563112449136,0.8535728558575809,0.869615839059255,0.880839635415532,0.8870420233403491,0.934490376591622,0.97032492076229,0.9904971053061709,1.0,0.9930619637210519,0.963557002767587,0.95169558624234,0.9347480745112221,0.9111731048828879,0.870351024373093,0.824569723320172,0.7442110179871669,0.72703759981748,0.6768001813689521
0.277965427570447,0.34883923767832303,0.410631046582175,0.502256227829846,0.562356326477255,0.597047472266055,0.626022665014635,0.6616755389041651,0.6968438029067869,0.7344901246530509,0.761708304123009,0.7866742703206501,0.8156054291012209,0.8336072406755201,0.8452525197636551,0.8597577251722571,0.8700962348899091,0.8759581405053299,0.9216801215264119,0.9556651076721071,0.978534432133203,0.9930619637210519,1.0,0.9873422327450709,0.976605431110822,0.9534950625202109,0.9258726142896929,0.882077633408404,0.842796058444573,0.768616027247529,0.7500986321688851,0.695788992571592
0.266679735348893,0.33788270354974104,0.39989346481457705,0.488841418810822,0.546513228517712,0.578395361997551,0.60611218485082,0.642477998603011,0.6815841393003741,0.727165119076784,0.75739507035946,0.7797632568892221,0.8055090483609479,0.820164872022486,0.8301787194537801,0.844276379790259,0.8543143835201559,0.8599856085981559,0.902345538125193,0.932292356921637,0.9518572090760841,0.963557002767587,0.9873422327450709,1.0,0.992614978668098,0.9626913845659392,0.930152805793653,0.8827616326653149,0.8508549935235369,0.784469207801486,0.76280502430858,0.703257641839501
0.251577838877592,0.3201716470347,0.381731078461234,0.47182504489209703,0.5306747110496539,0.562529530764469,0.590022705417575,0.625420856586193,0.663544709026582,0.708046392465968,0.7385869005726551,0.7626368499313709,0.793487427663323,0.8163210535142571,0.829963865013856,0.844056479889485,0.8553295834843141,0.8631303511662841,0.902691543943971,0.927474364407272,0.9431576884494871,0.95169558624234,0.976605431110822,0.992614978668098,1.0,0.987389496801742,0.9627689507140501,0.9179920963073821,0.884292874663068,0.813498394260976,0.7859085416111541,0.7204535154721129
0.233310595148184,0.297390122210538,0.357344902892413,0.448682270391586,0.509183579163656,0.541723953053373,0.569053540805129,0.6023730551815301,0.63697597265893,0.6760229588332839,0.7052055864279491,0.7321515714307021,0.7704181090105559,0.8047825691641409,0.8235518402157271,0.8375987712957591,0.8504068159316499,0.860890391819499,0.8977180053245941,0.917260853689249,0.929165615751251,0.9347480745112221,0.9534950625202109,0.9626913845659392,0.987389496801742,1.0,0.987971867863235,0.94875464158741,0.910116790144759,0.831426190567243,0.7980366252505571,0.7282758885872741
0.229303555386775,0.294906929181658,0.35600346387829496,0.44643709954811794,0.5054684868959509,0.535399602770827,0.56044637690089,0.591890355187107,0.624492739368201,0.6613770816830439,0.689170334134642,0.715388989345005,0.755941322540829,0.7955291545015691,0.8159635937570431,0.8287360460834341,0.840707546482454,0.8507326628282759,0.8829975369916329,0.896843027933499,0.90629703789746,0.9111731048828879,0.9258726142896929,0.930152805793653,0.9627689507140501,0.987971867863235,1.0,0.9855668157704741,0.9486511181547109,0.862411261319866,0.828476179228438,0.757617799823136
0.226705345083541,0.294601993624089,0.356508582782924,0.443563011556577,0.49898178662890896,0.524831088872508,0.546617741312164,0.575902749945485,0.60671348054896,0.642251400909137,0.6682874628779879,0.6919922805886299,0.731769145284359,0.7726823111961121,0.7928364337608771,0.803795512930994,0.8139143781326,0.822159709529634,0.8491702195819292,0.8576685293179259,0.865329226419158,0.870351024373093,0.882077633408404,0.8827616326653149,0.9179920963073821,0.94875464158741,0.9855668157704741,1.0,0.9678133068583641,0.8769190760358501,0.845172094244519,0.7759848672104691
0.22140802671612803,0.291445012080375,0.354879101281141,0.440504738627405,0.495791332306014,0.523696428486386,0.5468296403714761,0.57626901253927,0.607231705015755,0.642915292399781,0.668608575075826,0.691408743452889,0.724320940301425,0.7532942740877199,0.7669864460861551,0.7755683235722219,0.783360151124499,0.7894427215880842,0.8081277222976451,0.807409331858823,0.8149247108696508,0.824569723320172,0.842796058444573,0.8508549935235369,0.884292874663068,0.910116790144759,0.9486511181547109,0.9678133068583641,1.0,0.9690580289607049,0.9296907262993559,0.835612386113833
0.20431602710764002,0.27180403888067606,0.332886199951493,0.4131840909820879,0.46621215427063895,0.49570031150097,0.519759956591713,0.548283937332095,0.5781376279272961,0.6123101837190289,0.636700176348806,0.658026020330062,0.682548009681759,0.6977819283294289,0.7044350122805269,0.710710833589434,0.716302037686539,0.7204219424781441,0.7313680511545431,0.7231703890522249,0.730623723604719,0.7442110179871669,0.768616027247529,0.784469207801486,0.813498394260976,0.831426190567243,0.862411261319866,0.8769190760358501,0.9690580289607049,1.0,0.9547843573358291,0.8411888367288409
0.21009347040423001,0.27729945677259604,0.337478841652197,0.416963882791546,0.46914722790544605,0.49803944189312604,0.521274879988938,0.548702591345232,0.578444429269428,0.613814978265761,0.637701152783855,0.656579432952929,0.679762191735854,0.694869409470516,0.7016269735370161,0.708173125906104,0.712607941122154,0.714534156081572,0.719064701648048,0.7035120750807111,0.7104339298046659,0.72703759981748,0.7500986321688851,0.76280502430858,0.7859085416111541,0.7980366252505571,0.828476179228438,0.845172094244519,0.9296907262993559,0.9547843573358291,1.0,0.9632187900735341
0.203687488192779,0.266391424420035,0.32198679722447804,0.39620167522072597,0.444400866053354,0.47039683526259496,0.491073160608259,0.515782683670204,0.543539558539596,0.577749036015332,0.599764408030057,0.615468271877854,0.637548941559339,0.6542772551303659,0.6620828365251881,0.6688702322611569,0.672431076505553,0.672708760559889,0.6729046146740749,0.6535727635491341,0.659551998431264,0.6768001813689521,0.695788992571592,0.703257641839501,0.7204535154721129,0.7282758885872741,0.757617799823136,0.7759848672104691,0.835612386113833,0.8411888367288409,0.9632187900735341,1.0
