1.0,0.995957069149506,0.955562650134418,0.6748725758264179,0.686493631149214,0.675690037008205,0.625673300256863,0.612690444304838,0.582862850797808,0.5314286466127921,0.48318212540284,0.4313474384486671,0.376620802145713,0.33926600824075104,0.308417371922458,0.276839279390539,0.24214037575529798,0.20894838753894396,0.181957563829858,0.162343742423448,0.149141906507383,0.13722512699781597,0.12773574422963002,0.119284639098994,0.111090792162863,0.104932743194432,0.1036540612955,0.10141412337445001,0.0989588226506215,0.0970308267721299,0.0905514428960381,0.0837990781377935
0.995957069149506,1.0,0.9781803346881279,0.738407026333952,0.747062529798163,0.730234055357787,0.670022134835552,0.6563449752031129,0.624745794884695,0.5700258123270239,0.5204348835393671,0.4671604626142271,0.41048042429945497,0.37122633377680103,0.338344013388597,0.30456904494793197,0.26813754142466,0.233720845322494,0.205614022373763,0.18505840128755896,0.170921561649335,0.158046157806182,0.147999774990776,0.13949768696303103,0.130698829699551,0.12396951442019198,0.12240592041078201,0.11972003371882699,0.11678946644638302,0.11722727800430599,0.11168498861506698,0.104991513488678
0.955562650134418,0.9781803346881279,1.0,0.8623316773009301,0.863858736546323,0.8336206189986161,0.7517063494706351,0.736849739989609,0.702138227530998,0.641524606298255,0.590370118190595,0.5354264841646721,0.475995387842377,0.433572205182655,0.397011376427188,0.35920829763565204,0.319905253683813,0.283728855005011,0.253917068958132,0.23182399766605702,0.21596535158992303,0.201274193150424,0.19025274128259803,0.18189775184779,0.171973903160718,0.164133131017356,0.16195933694432998,0.158325790681016,0.154387385144525,0.160283128418333,0.157080880395784,0.150732239652058
0.6748725758264179,0.738407026333952,0.8623316773009301,1.0,0.9871211661163941,0.933984195831721,0.8191938120146179,0.804385434927945,0.768460300372397,0.704399741394812,0.6590303894050891,0.610276765289088,0.555083391621146,0.5128141159367899,0.474063345658959,0.43335682126464004,0.3941770628035589,0.36020638131979293,0.33155218506169704,0.309664280979349,0.292453886241845,0.275916929367171,0.264523002406151,0.25817590028215404,0.247217092840536,0.23797096414619603,0.234451374035035,0.22890813996297002,0.22299068145776998,0.24100522444959802,0.243760665452363,0.23906468320749
0.686493631149214,0.747062529798163,0.863858736546323,0.9871211661163941,1.0,0.979116706313505,0.9003915445476441,0.886351270387277,0.8488126608968721,0.7804180747695211,0.7337744447681509,0.6832840014982231,0.625192211459749,0.581539238786984,0.5416346236944429,0.499074717453378,0.4572673246565179,0.42028491263983103,0.38889223160183795,0.365128979892455,0.346723539970646,0.32869121351923103,0.31663785101274705,0.310643815579122,0.29838991592645603,0.28781249193599606,0.282303324366415,0.2746626046629,0.266800034820958,0.28358229319341904,0.28327011642351,0.27546739545844295
0.675690037008205,0.730234055357787,0.8336206189986161,0.933984195831721,0.979116706313505,1.0,0.9700398313642009,0.9574986795855741,0.91930794372124,0.847953278508551,0.8014277430923191,0.7506108807020619,0.6909996383108621,0.647214306184298,0.6073298065366689,0.563999938224016,0.520410615063919,0.48097842421694703,0.447274993606925,0.422013689840805,0.402775162743267,0.38351419176742607,0.371071791759993,0.365749719096951,0.352306445420337,0.34043119100685804,0.332598840948468,0.322577206983818,0.312535627417995,0.32712673214715304,0.322927787535394,0.31146760573750204
0.625673300256863,0.670022134835552,0.7517063494706351,0.8191938120146179,0.9003915445476441,0.9700398313642009,1.0,0.989939037269517,0.9530662841679449,0.882092789774119,0.8382633795094,0.7898471032655708,0.731693703760914,0.6901547184912039,0.652484557515208,0.6106140771972479,0.5672890699984801,0.527094810796191,0.49248085323780105,0.46681660213546394,0.447639025390235,0.427967539163373,0.415743520186005,0.41151672246307797,0.397390377361094,0.3846163347077079,0.37443786182563105,0.36212134142196706,0.35002725029816195,0.361198600818346,0.35258548843256,0.337383923531823
0.612690444304838,0.6563449752031129,0.736849739989609,0.804385434927945,0.886351270387277,0.9574986795855741,0.989939037269517,1.0,0.986314421625606,0.939866583422851,0.905101528462062,0.8608858348433951,0.805240068444674,0.765874817001036,0.729629335388351,0.688120842819651,0.645841755989869,0.606902452467275,0.5726916395395999,0.546546422227497,0.525310302546905,0.5032245364349721,0.489238181463978,0.482996609036041,0.46569008782540394,0.450238613324822,0.43659137832941,0.42087825010237895,0.4057446401948421,0.41719209818560293,0.40616697584546,0.387918997462185
0.582862850797808,0.624745794884695,0.702138227530998,0.768460300372397,0.8488126608968721,0.91930794372124,0.9530662841679449,0.986314421625606,1.0,0.9833157704306391,0.959958474096795,0.921717495675682,0.8703696246885009,0.834495624256663,0.800790081125496,0.7607232302642151,0.7207180315566659,0.68422599893161,0.6513525425968709,0.625305279579594,0.602198339751634,0.577854075137641,0.562159094656746,0.553709597849994,0.5331351879982621,0.514958589541229,0.49763654341546104,0.478383774866932,0.46010945502039097,0.47163628159972704,0.45812973791093103,0.436832414209079
0.5314286466127921,0.5700258123270239,0.641524606298255,0.704399741394812,0.7804180747695211,0.847953278508551,0.882092789774119,0.939866583422851,0.9833157704306391,1.0,0.9899712555920541,0.9595376106422192,0.9145636218421279,0.8836817191037429,0.853849769783822,0.816646947176751,0.7804220342832779,0.747789919816801,0.7174368026060269,0.692325486269283,0.6678888913690749,0.6418265728737271,0.6247453084169979,0.614128364436037,0.590602421770843,0.569996911633713,0.549171003727844,0.526624872448034,0.505466231030024,0.516714261792061,0.500899252609368,0.47691449158828997
0.48318212540284,0.5204348835393671,0.590370118190595,0.6590303894050891,0.7337744447681509,0.8014277430923191,0.8382633795094,0.905101528462062,0.959958474096795,0.9899712555920541,1.0,0.9894392765287671,0.9618962244373059,0.93943841990503,0.913415041002736,0.8789394377441708,0.8463425760710379,0.817412313787413,0.789415360663391,0.764771989098609,0.7380299471441769,0.7094359405592571,0.6903872177501379,0.6774056034507621,0.650734778557624,0.627549958267796,0.6027943765073089,0.576605717580005,0.5522812365487211,0.5633967809290861,0.545340028133827,0.518667558037502
0.4313474384486671,0.4671604626142271,0.5354264841646721,0.610276765289088,0.6832840014982231,0.7506108807020619,0.7898471032655708,0.8608858348433951,0.921717495675682,0.9595376106422192,0.9894392765287671,1.0,0.9913688286024309,0.9778029168643171,0.9557183555979809,0.9242947670756109,0.8955547334730409,0.870490848982202,0.845093005348448,0.8211777056642379,0.792513832095073,0.7618501344051891,0.741153398572478,0.7261374474086569,0.696923687476644,0.671675614529095,0.643569426558901,0.614335513036166,0.587393479692635,0.598240398077179,0.578397886638721,0.549647229704614
0.376620802145713,0.41048042429945497,0.475995387842377,0.555083391621146,0.625192211459749,0.6909996383108621,0.731693703760914,0.805240068444674,0.8703696246885009,0.9145636218421279,0.9618962244373059,0.9913688286024309,1.0,0.994723290264472,0.976602873633116,0.948511147745275,0.923782118214995,0.902671031441117,0.880085840231721,0.8572639212470708,0.8273829899211229,0.795404861705907,0.773593863850438,0.75701093439894,0.7260283402869601,0.6993731872722959,0.668747504296151,0.6372907855004389,0.6084711211224799,0.6188778420286191,0.597780948062071,0.567673391330106
0.33926600824075104,0.37122633377680103,0.433572205182655,0.5128141159367899,0.581539238786984,0.647214306184298,0.6901547184912039,0.765874817001036,0.834495624256663,0.8836817191037429,0.93943841990503,0.9778029168643171,0.994723290264472,1.0,0.9930244704273,0.9748074130202959,0.9565540824811429,0.9384978744311709,0.9180092910739129,0.896977047441141,0.868598322634999,0.8373815345946379,0.815607886865962,0.796289721175118,0.7626360065507959,0.733939426398498,0.7003424471679799,0.666241056140787,0.635175617724449,0.644282914254983,0.6210078278651371,0.58882371569041
0.308417371922458,0.338344013388597,0.397011376427188,0.474063345658959,0.5416346236944429,0.6073298065366689,0.652484557515208,0.729629335388351,0.800790081125496,0.853849769783822,0.913415041002736,0.9557183555979809,0.976602873633116,0.9930244704273,1.0,0.9943068833638179,0.983512339017013,0.968139836471183,0.949506013303836,0.930653363827437,0.9051123135781459,0.875756203304294,0.8546740967100641,0.832338523142003,0.7959456752232892,0.7652006142256309,0.728771160297104,0.692169335993,0.6589909888636739,0.666404161645663,0.640784118382194,0.606504651361236
0.276839279390539,0.30456904494793197,0.35920829763565204,0.43335682126464004,0.499074717453378,0.563999938224016,0.6106140771972479,0.688120842819651,0.7607232302642151,0.816646947176751,0.8789394377441708,0.9242947670756109,0.948511147745275,0.9748074130202959,0.9943068833638179,1.0,0.9960754907566071,0.983312686006635,0.966578565405924,0.949921797442479,0.927251578762871,0.8999291533147329,0.8797249156448079,0.854930457295607,0.81649884653374,0.7842714118610451,0.745719281264301,0.7072969153141629,0.6726071627606371,0.67840041409623,0.65096858615643,0.6152067872657491
0.24214037575529798,0.26813754142466,0.319905253683813,0.3941770628035589,0.4572673246565179,0.520410615063919,0.5672890699984801,0.645841755989869,0.7207180315566659,0.7804220342832779,0.8463425760710379,0.8955547334730409,0.923782118214995,0.9565540824811429,0.983512339017013,0.9960754907566071,1.0,0.994822125031476,0.983838764680265,0.9715555320522259,0.951979998456852,0.926841016709073,0.9076148667714241,0.880303289540793,0.8397206230259692,0.805918008079192,0.765487471810111,0.725395702367086,0.689289607018777,0.6941614144570121,0.6652853914229471,0.628175825046538
0.20894838753894396,0.233720845322494,0.283728855005011,0.36020638131979293,0.42028491263983103,0.48097842421694703,0.527094810796191,0.606902452467275,0.68422599893161,0.747789919816801,0.817412313787413,0.870490848982202,0.902671031441117,0.9384978744311709,0.968139836471183,0.983312686006635,0.994822125031476,1.0,0.996942347238155,0.9901347287890699,0.973474458622393,0.950410728541602,0.932156154340516,0.902659323648185,0.860199842950723,0.825023813141903,0.783220600300241,0.7418686686348629,0.7046732125418499,0.7092500162606221,0.679448002552635,0.641340682336953
0.181957563829858,0.205614022373763,0.253917068958132,0.33155218506169704,0.38889223160183795,0.447274993606925,0.49248085323780105,0.5726916395395999,0.6513525425968709,0.7174368026060269,0.789415360663391,0.845093005348448,0.880085840231721,0.9180092910739129,0.949506013303836,0.966578565405924,0.983838764680265,0.996942347238155,1.0,0.9974502958307571,0.98314873106345,0.961842924617142,0.9444638480863249,0.9134944770102859,0.8698908440725841,0.8339064409094571,0.791342069304928,0.7493123105545708,0.711541094011055,0.7158588653940821,0.6855546600026539,0.6469484308639271
0.162343742423448,0.18505840128755896,0.23182399766605702,0.309664280979349,0.365128979892455,0.422013689840805,0.46681660213546394,0.546546422227497,0.625305279579594,0.692325486269283,0.764771989098609,0.8211777056642379,0.8572639212470708,0.896977047441141,0.930653363827437,0.949921797442479,0.9715555320522259,0.9901347287890699,0.9974502958307571,1.0,0.9927315842346222,0.9768643954484401,0.9624005643156129,0.9281031557840179,0.8821952373771199,0.8446637401466001,0.801301347857501,0.758543262873282,0.7201445218735569,0.725851964285567,0.696235740287629,0.6578023545417261
0.149141906507383,0.170921561649335,0.21596535158992303,0.292453886241845,0.346723539970646,0.402775162743267,0.447639025390235,0.525310302546905,0.602198339751634,0.6678888913690749,0.7380299471441769,0.792513832095073,0.8273829899211229,0.868598322634999,0.9051123135781459,0.927251578762871,0.951979998456852,0.973474458622393,0.98314873106345,0.9927315842346222,1.0,0.9955020412368009,0.987245709594984,0.94669609684959,0.896711519655636,0.856522710940473,0.812348504024805,0.7688382999475358,0.729786048610615,0.739329096846422,0.712242576830861,0.6750685258847541
0.13722512699781597,0.158046157806182,0.201274193150424,0.275916929367171,0.32869121351923103,0.38351419176742607,0.427967539163373,0.5032245364349721,0.577854075137641,0.6418265728737271,0.7094359405592571,0.7618501344051891,0.795404861705907,0.8373815345946379,0.875756203304294,0.8999291533147329,0.926841016709073,0.950410728541602,0.961842924617142,0.9768643954484401,0.9955020412368009,1.0,0.9967146394296329,0.9516576465038359,0.8989747186969079,0.857104771069871,0.8127429449012521,0.7690853284576892,0.729917731359725,0.742382672242962,0.7175643721249829,0.681761587883099
0.12773574422963002,0.147999774990776,0.19025274128259803,0.264523002406151,0.31663785101274705,0.371071791759993,0.415743520186005,0.489238181463978,0.562159094656746,0.6247453084169979,0.6903872177501379,0.741153398572478,0.773593863850438,0.815607886865962,0.8546740967100641,0.8797249156448079,0.9076148667714241,0.932156154340516,0.9444638480863249,0.9624005643156129,0.987245709594984,0.9967146394296329,1.0,0.9678151516514308,0.921973819199351,0.884114895639981,0.843345281789685,0.8020432604041301,0.7644533311144058,0.7741578486573921,0.745194805129314,0.705884817496156
0.119284639098994,0.13949768696303103,0.18189775184779,0.25817590028215404,0.310643815579122,0.365749719096951,0.41151672246307797,0.482996609036041,0.553709597849994,0.614128364436037,0.6774056034507621,0.7261374474086569,0.75701093439894,0.796289721175118,0.832338523142003,0.854930457295607,0.880303289540793,0.902659323648185,0.9134944770102859,0.9281031557840179,0.94669609684959,0.9516576465038359,0.9678151516514308,1.0,0.9897569520017621,0.973253354026337,0.948193886398563,0.9175484505682242,0.88733750222544,0.8779135704851959,0.8268027896620039,0.7705222375184141
0.111090792162863,0.130698829699551,0.171973903160718,0.247217092840536,0.29838991592645603,0.352306445420337,0.397390377361094,0.46569008782540394,0.5331351879982621,0.590602421770843,0.650734778557624,0.696923687476644,0.7260283402869601,0.7626360065507959,0.7959456752232892,0.81649884653374,0.8397206230259692,0.860199842950723,0.8698908440725841,0.8821952373771199,0.896711519655636,0.8989747186969079,0.921973819199351,0.9897569520017621,1.0,0.9960811969394742,0.98064798176426,0.9569212241281091,0.931757254334125,0.911750744242702,0.849532716394515,0.7852291616348142
0.104932743194432,0.12396951442019198,0.164133131017356,0.23797096414619603,0.28781249193599606,0.34043119100685804,0.3846163347077079,0.450238613324822,0.514958589541229,0.569996911633713,0.627549958267796,0.671675614529095,0.6993731872722959,0.733939426398498,0.7652006142256309,0.7842714118610451,0.805918008079192,0.825023813141903,0.8339064409094571,0.8446637401466001,0.856522710940473,0.857104771069871,0.884114895639981,0.973253354026337,0.9960811969394742,1.0,0.990845246666997,0.9717652232614221,0.950074366778083,0.9237241990902099,0.8552402474371791,0.786601434180876
0.1036540612955,0.12240592041078201,0.16195933694432998,0.234451374035035,0.282303324366415,0.332598840948468,0.37443786182563105,0.43659137832941,0.49763654341546104,0.549171003727844,0.6027943765073089,0.643569426558901,0.668747504296151,0.7003424471679799,0.728771160297104,0.745719281264301,0.765487471810111,0.783220600300241,0.791342069304928,0.801301347857501,0.812348504024805,0.8127429449012521,0.843345281789685,0.948193886398563,0.98064798176426,0.990845246666997,1.0,0.994722796803746,0.983500655606775,0.953011934450511,0.8783999191893299,0.8050499785896291
0.10141412337445001,0.11972003371882699,0.158325790681016,0.22890813996297002,0.2746626046629,0.322577206983818,0.36212134142196706,0.42087825010237895,0.478383774866932,0.526624872448034,0.576605717580005,0.614335513036166,0.6372907855004389,0.666241056140787,0.692169335993,0.7072969153141629,0.725395702367086,0.7418686686348629,0.7493123105545708,0.758543262873282,0.7688382999475358,0.7690853284576892,0.8020432604041301,0.9175484505682242,0.9569212241281091,0.9717652232614221,0.994722796803746,1.0,0.996871152319032,0.963610238720597,0.885253878320287,0.80922099219145
0.0989588226506215,0.11678946644638302,0.154387385144525,0.22299068145776998,0.266800034820958,0.312535627417995,0.35002725029816195,0.4057446401948421,0.46010945502039097,0.505466231030024,0.5522812365487211,0.587393479692635,0.6084711211224799,0.635175617724449,0.6589909888636739,0.6726071627606371,0.689289607018777,0.7046732125418499,0.711541094011055,0.7201445218735569,0.729786048610615,0.729917731359725,0.7644533311144058,0.88733750222544,0.931757254334125,0.950074366778083,0.983500655606775,0.996871152319032,1.0,0.9648426460181729,0.884165323580965,0.8066124761281279
0.0970308267721299,0.11722727800430599,0.160283128418333,0.24100522444959802,0.28358229319341904,0.32712673214715304,0.361198600818346,0.41719209818560293,0.47163628159972704,0.516714261792061,0.5633967809290861,0.598240398077179,0.6188778420286191,0.644282914254983,0.666404161645663,0.67840041409623,0.6941614144570121,0.7092500162606221,0.7158588653940821,0.725851964285567,0.739329096846422,0.742382672242962,0.7741578486573921,0.8779135704851959,0.911750744242702,0.9237241990902099,0.953011934450511,0.963610238720597,0.9648426460181729,1.0,0.9758459706686209,0.933562135293448
0.0905514428960381,0.11168498861506698,0.157080880395784,0.243760665452363,0.28327011642351,0.322927787535394,0.35258548843256,0.40616697584546,0.45812973791093103,0.500899252609368,0.545340028133827,0.578397886638721,0.597780948062071,0.6210078278651371,0.640784118382194,0.65096858615643,0.6652853914229471,0.679448002552635,0.6855546600026539,0.696235740287629,0.712242576830861,0.7175643721249829,0.745194805129314,0.8268027896620039,0.849532716394515,0.8552402474371791,0.8783999191893299,0.885253878320287,0.884165323580965,0.9758459706686209,1.0,0.9893122125249291
0.0837990781377935,0.104991513488678,0.150732239652058,0.23906468320749,0.27546739545844295,0.31146760573750204,0.337383923531823,0.387918997462185,0.436832414209079,0.47691449158828997,0.518667558037502,0.549647229704614,0.567673391330106,0.58882371569041,0.606504651361236,0.6152067872657491,0.628175825046538,0.641340682336953,0.6469484308639271,0.6578023545417261,0.6750685258847541,0.681761587883099,0.705884817496156,0.7705222375184141,0.7852291616348142,0.786601434180876,0.8050499785896291,0.80922099219145,0.8066124761281279,0.933562135293448,0.9893122125249291,1.0
