1.0,0.988645103493926,0.9408291481202221,0.8335185427669319,0.7241012484123829,0.7024864115172161,0.666580400730704,0.616444015488216,0.52019127710524,0.38575983084862997,0.294079750412853,0.233626482595347,0.202835315755607,0.18690753276258498,0.171476824736915,0.158041195197645,0.157533998375016,0.161670725809228,0.16113524237759802,0.15882790648331,0.15283159626347198,0.142298650526751,0.131726478791267,0.12227978635146501,0.11643958626619698,0.111831050785627,0.107221164214342,0.10298263916132301,0.10111333001728401,0.0984958880695485,0.0950271240656376,0.0915377891493413
0.988645103493926,1.0,0.9810695779021039,0.90707652853953,0.819313409626859,0.7983557565537142,0.7614013999435091,0.7083147836394771,0.613284383093793,0.4790268375695179,0.383981447191847,0.32025060212853,0.286245013382404,0.265422766623859,0.24485195253191896,0.226767998186382,0.22570479477310798,0.230337668462965,0.228652939879338,0.22469701866318398,0.21726306498278897,0.20428439593208,0.190734577061917,0.17839791247305398,0.171008458462561,0.16515303106055898,0.15908431430877099,0.153403187101702,0.15192074798324498,0.149382694888342,0.14520758631692599,0.140737416715417
0.9408291481202221,0.9810695779021039,1.0,0.971427555076021,0.914516341977864,0.895109034530403,0.858043976527711,0.8029371135004159,0.712671544715229,0.583144295212249,0.486952029764086,0.42113633940711,0.38412960421558595,0.3576986190936501,0.331194062587081,0.30772666761426193,0.305982610476181,0.31109938296115397,0.307990140832726,0.302042424342868,0.293005256938244,0.277310339282624,0.26037793895522604,0.24473096373078498,0.235592967381037,0.22832717101062,0.22058211424431498,0.213232551506638,0.21229843712775398,0.20994788088808802,0.20500262168532,0.199418462913958
0.8335185427669319,0.90707652853953,0.971427555076021,1.0,0.983846059131998,0.9673435615834829,0.932061793903272,0.8773320359355129,0.7975793480491998,0.680555340523964,0.587937654129445,0.522974325336932,0.48420545099194706,0.452269033820695,0.41986454273368606,0.391014397978174,0.388526209366818,0.393971118632053,0.389277025736554,0.381196177178847,0.37066205667188,0.352450786675416,0.33224947194259996,0.313355604402771,0.30254776640476694,0.29392965067475896,0.28453112407888503,0.275517303091977,0.27530355454677696,0.27330448154889797,0.267671387430732,0.261011077059978
0.7241012484123829,0.819313409626859,0.914516341977864,0.983846059131998,1.0,0.9917354697461991,0.964805498846932,0.9180334910340991,0.8526974128902859,0.748666546660082,0.660993954997985,0.598101589554462,0.55940719068752,0.524823078569157,0.489069525224408,0.456963277101792,0.45415796962764704,0.459634270786646,0.45351729376450894,0.44362504426377297,0.43227415559559,0.412684124707247,0.39034738586195605,0.36921579152992395,0.35740792549986206,0.34798994254021504,0.33747346496629604,0.327279579991344,0.32766179312752003,0.325872450148266,0.3196065357674411,0.31200630746757296
0.7024864115172161,0.7983557565537142,0.895109034530403,0.9673435615834829,0.9917354697461991,1.0,0.9905700498925629,0.9613174871161491,0.909061268175186,0.806471554395604,0.717480386314639,0.653019321372928,0.6147126587889581,0.580956170456707,0.544760028005556,0.5117286753549439,0.509318644466331,0.514695222408326,0.507292953200392,0.49581494049756697,0.48423997432813004,0.464211080939539,0.4406102187823161,0.4179878192410851,0.405755269133431,0.39603466246151203,0.384842121496039,0.37384789088483505,0.37445493635194704,0.37236829046199893,0.365176498149158,0.35646775088496097
0.666580400730704,0.7614013999435091,0.858043976527711,0.932061793903272,0.964805498846932,0.9905700498925629,1.0,0.9899899496694301,0.9526552821142129,0.853477348174141,0.7647026805468871,0.699743210284618,0.662549903087237,0.6302934477128559,0.594285452430101,0.560869208558987,0.5589252778725179,0.564097212788337,0.555457549568073,0.542495683087872,0.530892736804876,0.5107608305725201,0.486240891754329,0.462439486459681,0.44997673888599204,0.440110422865179,0.42840025814679994,0.416752066228576,0.417588121612221,0.415222087317414,0.407172866465849,0.397439346340337
0.616444015488216,0.7083147836394771,0.8029371135004159,0.8773320359355129,0.9180334910340991,0.9613174871161491,0.9899899496694301,1.0,0.9787731575165022,0.885066081882101,0.798265460754333,0.7340738391150409,0.6987610662894129,0.6686861049119399,0.633582162013027,0.60042853497279,0.599003099734307,0.6038622089667061,0.5941182566209611,0.579883463138696,0.568480553228187,0.5486396162764411,0.5236565301247911,0.499110039167241,0.48665597290015794,0.4768341607438111,0.46482174118951497,0.45272962403861106,0.453785103198891,0.451177925539003,0.442404190635655,0.43180698846798704
0.52019127710524,0.613284383093793,0.712671544715229,0.7975793480491998,0.8526974128902859,0.909061268175186,0.9526552821142129,0.9787731575165022,1.0,0.958797948474163,0.899467309190937,0.850856014104713,0.8226425767304929,0.792085933335064,0.75429006805695,0.717827375398458,0.714449427851052,0.7155713062432121,0.7006353666582379,0.6813089156393941,0.6689497229068271,0.64859371157677,0.621413875228086,0.594167723108953,0.5794018750572679,0.566867356433028,0.551919390055447,0.5370219011805639,0.5366870365799221,0.531851452198028,0.520172466392953,0.506668752849166
0.38575983084862997,0.4790268375695179,0.583144295212249,0.680555340523964,0.748666546660082,0.806471554395604,0.853477348174141,0.885066081882101,0.958797948474163,1.0,0.9865508594622672,0.9650589984983822,0.948018292792898,0.916092308242936,0.874929956987167,0.8346512637890601,0.8277536076972141,0.823026800897173,0.80144886146348,0.776029553342909,0.762538553486952,0.74208504003875,0.7131424180275121,0.6835908786547679,0.6657895416535711,0.649418149421551,0.630729005728432,0.6124380736857529,0.609638355733744,0.6016459807823089,0.5865215492116971,0.56979778990522
0.294079750412853,0.383981447191847,0.486952029764086,0.587937654129445,0.660993954997985,0.717480386314639,0.7647026805468871,0.798265460754333,0.899467309190937,0.9865508594622672,1.0,0.994910228892857,0.984931066506106,0.9534034324381531,0.911833526174999,0.8708558107585129,0.862189324893009,0.854273019813522,0.8296752465689731,0.801694789051817,0.788053850367343,0.7683041946829459,0.739422701438709,0.7096427218027571,0.690756287507328,0.6727855798362261,0.652638297744124,0.633074505413181,0.628960623413674,0.619448903352981,0.602904038695816,0.584948956951324
0.233626482595347,0.32025060212853,0.42113633940711,0.522974325336932,0.598101589554462,0.653019321372928,0.699743210284618,0.7340738391150409,0.850856014104713,0.9650589984983822,0.994910228892857,1.0,0.994507613878943,0.9636474167650941,0.922382502496705,0.88152217357535,0.871881217311733,0.8621046007797719,0.8359743208834342,0.8067893860419258,0.793238540815552,0.7741870601894921,0.7457297085212009,0.716207381586012,0.6969047301967789,0.678188550945151,0.6574119533312801,0.6373252567775799,0.6324562758238779,0.6221351957015179,0.6049360565967711,0.586462151742709
0.202835315755607,0.286245013382404,0.38412960421558595,0.48420545099194706,0.55940719068752,0.6147126587889581,0.662549903087237,0.6987610662894129,0.8226425767304929,0.948018292792898,0.984931066506106,0.994507613878943,1.0,0.985498912938534,0.956041644630249,0.923709607546801,0.9142437320726651,0.8981738750254029,0.8666484339543872,0.833122287975038,0.817993050434967,0.798509871055801,0.7692852209021391,0.7389307850879181,0.7187735354880691,0.699083922703713,0.677358612004455,0.656411600150271,0.6514501862683989,0.640986633712395,0.62339546975511,0.604459531764465
0.18690753276258498,0.265422766623859,0.3576986190936501,0.452269033820695,0.524823078569157,0.580956170456707,0.6302934477128559,0.6686861049119399,0.792085933335064,0.916092308242936,0.9534034324381531,0.9636474167650941,0.985498912938534,1.0,0.9919339343546211,0.975318770200513,0.967018939809346,0.941302973359172,0.901775657310204,0.861933865542677,0.844187648437777,0.82378320451828,0.7934021644401729,0.761912819151624,0.7408766257777379,0.72031978393096,0.697725232208921,0.675978161807837,0.671471222681208,0.661507639797834,0.643986520855408,0.6249236884614721
0.171476824736915,0.24485195253191896,0.331194062587081,0.41986454273368606,0.489069525224408,0.544760028005556,0.594285452430101,0.633582162013027,0.75429006805695,0.874929956987167,0.911833526174999,0.922382502496705,0.956041644630249,0.9919339343546211,1.0,0.9954396863155172,0.9881677728827021,0.95573195125948,0.910974075332967,0.8671673167123771,0.847801539313657,0.8270945080813711,0.7964237815452572,0.764681741681351,0.743386514765525,0.7225703314036881,0.6997534452413761,0.6778197049236371,0.6737374435722571,0.664335647589892,0.6471979800394649,0.6284006173817739
0.158041195197645,0.226767998186382,0.30772666761426193,0.391014397978174,0.456963277101792,0.5117286753549439,0.560869208558987,0.60042853497279,0.717827375398458,0.8346512637890601,0.8708558107585129,0.88152217357535,0.923709607546801,0.975318770200513,0.9954396863155172,1.0,0.993578973452551,0.9564307865602858,0.908212338969875,0.8618873481783041,0.841508604385241,0.820793982701048,0.790231294725138,0.758636521210351,0.7373727340913739,0.7165826662278929,0.693841014765405,0.6719999609043941,0.6682806972885911,0.6594016335049979,0.642734724814301,0.6243369748473471
0.157533998375016,0.22570479477310798,0.305982610476181,0.388526209366818,0.45415796962764704,0.509318644466331,0.5589252778725179,0.599003099734307,0.714449427851052,0.8277536076972141,0.862189324893009,0.871881217311733,0.9142437320726651,0.967018939809346,0.9881677728827021,0.993578973452551,1.0,0.982571729872708,0.948194807250731,0.9115987332066908,0.893566113242335,0.8700256343866261,0.8364268865943021,0.8020316799203029,0.7785426504686619,0.7556503440834379,0.7309154124432808,0.707294111936257,0.7012701398915588,0.689567641881354,0.670305059432192,0.649677963284651
0.161670725809228,0.230337668462965,0.31109938296115397,0.393971118632053,0.459634270786646,0.514695222408326,0.564097212788337,0.6038622089667061,0.7155713062432121,0.823026800897173,0.854273019813522,0.8621046007797719,0.8981738750254029,0.941302973359172,0.95573195125948,0.9564307865602858,0.982571729872708,1.0,0.990722747614163,0.97212448849453,0.958918141286691,0.9314551853770809,0.893766949379782,0.855650761548861,0.8291680439884449,0.8034667893526609,0.776108716286234,0.7501649389354169,0.740383824792639,0.724132043004477,0.7008986673877211,0.6769627276256039
0.16113524237759802,0.228652939879338,0.307990140832726,0.389277025736554,0.45351729376450894,0.507292953200392,0.555457549568073,0.5941182566209611,0.7006353666582379,0.80144886146348,0.8296752465689731,0.8359743208834342,0.8666484339543872,0.901775657310204,0.910974075332967,0.908212338969875,0.948194807250731,0.990722747614163,1.0,0.994969357648246,0.985582261685771,0.955856310451619,0.916008128277618,0.876010830778836,0.847922566492438,0.820733620409568,0.792060179656636,0.7649897074969959,0.752677137663665,0.733457247205411,0.7078324216471079,0.682004449313866
0.15882790648331,0.22469701866318398,0.302042424342868,0.381196177178847,0.44362504426377297,0.49581494049756697,0.542495683087872,0.579883463138696,0.6813089156393941,0.776029553342909,0.801694789051817,0.8067893860419258,0.833122287975038,0.861933865542677,0.8671673167123771,0.8618873481783041,0.9115987332066908,0.97212448849453,0.994969357648246,1.0,0.99353974294884,0.9624984230046291,0.921530982265753,0.880621744668188,0.8516833212878171,0.8237204204428991,0.79441767621134,0.7668379571820471,0.75280543074212,0.7316256848478649,0.704542119972153,0.677625972625269
0.15283159626347198,0.21726306498278897,0.293005256938244,0.37066205667188,0.43227415559559,0.48423997432813004,0.530892736804876,0.568480553228187,0.6689497229068271,0.762538553486952,0.788053850367343,0.793238540815552,0.817993050434967,0.844187648437777,0.847801539313657,0.841508604385241,0.893566113242335,0.958918141286691,0.985582261685771,0.99353974294884,1.0,0.9864716135216931,0.958375698226472,0.9269033187490949,0.902757774419749,0.8765254726538231,0.848084238790831,0.8208803038756959,0.806465279325466,0.7836385191161509,0.7545223648826671,0.7256115727164699
0.142298650526751,0.20428439593208,0.277310339282624,0.352450786675416,0.412684124707247,0.464211080939539,0.5107608305725201,0.5486396162764411,0.64859371157677,0.74208504003875,0.7683041946829459,0.7741870601894921,0.798509871055801,0.82378320451828,0.8270945080813711,0.820793982701048,0.8700256343866261,0.9314551853770809,0.955856310451619,0.9624984230046291,0.9864716135216931,1.0,0.9922147121820809,0.9758875873438381,0.95979991440943,0.9370624484869879,0.910783849652696,0.884930042309218,0.871160527690765,0.847385843055749,0.816590513661097,0.785849721779761
0.131726478791267,0.190734577061917,0.26037793895522604,0.33224947194259996,0.39034738586195605,0.4406102187823161,0.486240891754329,0.5236565301247911,0.621413875228086,0.7131424180275121,0.739422701438709,0.7457297085212009,0.7692852209021391,0.7934021644401729,0.7964237815452572,0.790231294725138,0.8364268865943021,0.893766949379782,0.916008128277618,0.921530982265753,0.958375698226472,0.9922147121820809,1.0,0.9954736145313821,0.985798081919443,0.96612633916226,0.9419653553447801,0.9176042294676809,0.9045738234636659,0.8805084390751429,0.8489936922695279,0.817417916702106
0.12227978635146501,0.17839791247305398,0.24473096373078498,0.313355604402771,0.36921579152992395,0.4179878192410851,0.462439486459681,0.499110039167241,0.594167723108953,0.6835908786547679,0.7096427218027571,0.716207381586012,0.7389307850879181,0.761912819151624,0.764681741681351,0.758636521210351,0.8020316799203029,0.855650761548861,0.876010830778836,0.880621744668188,0.9269033187490949,0.9758875873438381,0.9954736145313821,1.0,0.995318984410577,0.97819267310648,0.955900590724217,0.93293356140863,0.9206035804377991,0.8965682614332329,0.8648343928133921,0.832951943209114
0.11643958626619698,0.171008458462561,0.235592967381037,0.30254776640476694,0.35740792549986206,0.405755269133431,0.44997673888599204,0.48665597290015794,0.5794018750572679,0.6657895416535711,0.690756287507328,0.6969047301967789,0.7187735354880691,0.7408766257777379,0.743386514765525,0.7373727340913739,0.7785426504686619,0.8291680439884449,0.847922566492438,0.8516833212878171,0.902757774419749,0.95979991440943,0.985798081919443,0.995318984410577,1.0,0.993361218652331,0.979086161997062,0.9623060831671371,0.9512414531672941,0.9258004547771009,0.892560186715197,0.8592811344849549
0.111831050785627,0.16515303106055898,0.22832717101062,0.29392965067475896,0.34798994254021504,0.39603466246151203,0.440110422865179,0.4768341607438111,0.566867356433028,0.649418149421551,0.6727855798362261,0.678188550945151,0.699083922703713,0.72031978393096,0.7225703314036881,0.7165826662278929,0.7556503440834379,0.8034667893526609,0.820733620409568,0.8237204204428991,0.8765254726538231,0.9370624484869879,0.96612633916226,0.97819267310648,0.993361218652331,1.0,0.995990024539865,0.9872039867508591,0.9776457426504129,0.9504782859519381,0.9155569500496971,0.880789005257249
0.107221164214342,0.15908431430877099,0.22058211424431498,0.28453112407888503,0.33747346496629604,0.384842121496039,0.42840025814679994,0.46482174118951497,0.551919390055447,0.630729005728432,0.652638297744124,0.6574119533312801,0.677358612004455,0.697725232208921,0.6997534452413761,0.693841014765405,0.7309154124432808,0.776108716286234,0.792060179656636,0.79441767621134,0.848084238790831,0.910783849652696,0.9419653553447801,0.955900590724217,0.979086161997062,0.995990024539865,1.0,0.9975115327767791,0.98921248446761,0.960951564924645,0.92504319246666,0.889436259041472
0.10298263916132301,0.153403187101702,0.213232551506638,0.275517303091977,0.327279579991344,0.37384789088483505,0.416752066228576,0.45272962403861106,0.5370219011805639,0.6124380736857529,0.633074505413181,0.6373252567775799,0.656411600150271,0.675978161807837,0.6778197049236371,0.6719999609043941,0.707294111936257,0.7501649389354169,0.7649897074969959,0.7668379571820471,0.8208803038756959,0.884930042309218,0.9176042294676809,0.93293356140863,0.9623060831671371,0.9872039867508591,0.9975115327767791,1.0,0.99274015428281,0.963777151864461,0.927293764313415,0.891226784084768
0.10111333001728401,0.15192074798324498,0.21229843712775398,0.27530355454677696,0.32766179312752003,0.37445493635194704,0.417588121612221,0.453785103198891,0.5366870365799221,0.609638355733744,0.628960623413674,0.6324562758238779,0.6514501862683989,0.671471222681208,0.6737374435722571,0.6682806972885911,0.7012701398915588,0.740383824792639,0.752677137663665,0.75280543074212,0.806465279325466,0.871160527690765,0.9045738234636659,0.9206035804377991,0.9512414531672941,0.9776457426504129,0.98921248446761,0.99274015428281,1.0,0.988692050001173,0.9652227175885841,0.9387886468567289
0.0984958880695485,0.149382694888342,0.20994788088808802,0.27330448154889797,0.325872450148266,0.37236829046199893,0.415222087317414,0.451177925539003,0.531851452198028,0.6016459807823089,0.619448903352981,0.6221351957015179,0.640986633712395,0.661507639797834,0.664335647589892,0.6594016335049979,0.689567641881354,0.724132043004477,0.733457247205411,0.7316256848478649,0.7836385191161509,0.847385843055749,0.8805084390751429,0.8965682614332329,0.9258004547771009,0.9504782859519381,0.960951564924645,0.963777151864461,0.988692050001173,1.0,0.993511940427922,0.979833172814659
0.0950271240656376,0.14520758631692599,0.20500262168532,0.267671387430732,0.3196065357674411,0.365176498149158,0.407172866465849,0.442404190635655,0.520172466392953,0.5865215492116971,0.602904038695816,0.6049360565967711,0.62339546975511,0.643986520855408,0.6471979800394649,0.642734724814301,0.670305059432192,0.7008986673877211,0.7078324216471079,0.704542119972153,0.7545223648826671,0.816590513661097,0.8489936922695279,0.8648343928133921,0.892560186715197,0.9155569500496971,0.92504319246666,0.927293764313415,0.9652227175885841,0.993511940427922,1.0,0.996200749078818
0.0915377891493413,0.140737416715417,0.199418462913958,0.261011077059978,0.31200630746757296,0.35646775088496097,0.397439346340337,0.43180698846798704,0.506668752849166,0.56979778990522,0.584948956951324,0.586462151742709,0.604459531764465,0.6249236884614721,0.6284006173817739,0.6243369748473471,0.649677963284651,0.6769627276256039,0.682004449313866,0.677625972625269,0.7256115727164699,0.785849721779761,0.817417916702106,0.832951943209114,0.8592811344849549,0.880789005257249,0.889436259041472,0.891226784084768,0.9387886468567289,0.979833172814659,0.996200749078818,1.0
