1.0,0.916136009680985,0.8978847063576529,0.891101695775225,0.8877191165868922,0.8830521112235451,0.8782532170661229,0.8717214215888042,0.8685680063274929,0.8672100500696179,0.865224832693418,0.8625057489586501,0.8585828733044492,0.8551568505578571,0.851115114925944,0.8488509654199671,0.8447414696771508,0.8401913640937769,0.838525921044153,0.833926345904032,0.8292001175576508,0.8275080145468029,0.825473611681152,0.8212292953238229,0.8142051187372191,0.804223363837399,0.7920743061425329,0.778912447365389,0.753589454354462,0.7038610532399909,0.559012763951556,0.0109152830487275
0.916136009680985,1.0,0.9864219618771541,0.9798812009425971,0.976846638769814,0.973147339589022,0.97133587406926,0.9677642705708208,0.9653230812208492,0.9641332768623521,0.9625344542742191,0.9600401060963041,0.9569988940670171,0.954809225275231,0.951816573625288,0.949422404616101,0.9450790470030029,0.9405587841927541,0.9382653249014041,0.9340118822258849,0.9296590820466558,0.9259703772514151,0.923527288611751,0.917871694572947,0.910166966533725,0.901597085718465,0.8913801319596991,0.876611536917545,0.8512796360901159,0.795654249291918,0.6373935677372541,0.0329470029852694
0.8978847063576529,0.9864219618771541,1.0,0.9937146884203281,0.989701928466115,0.986447319149841,0.9844820752277391,0.9815128373431009,0.9794743411689649,0.9777986405151591,0.976046164603232,0.97388702803433,0.971243136297357,0.9687585249066691,0.965692087253948,0.963342315316669,0.9591810385765781,0.9553514469603801,0.9528458486453779,0.948722651775761,0.9450997392321071,0.9407519236306671,0.938338778631438,0.9336001471118229,0.9259929974862479,0.917547663399096,0.9071606976308729,0.892096224586075,0.8677349263372021,0.8125355714509129,0.652920055733592,0.036085581998699
0.891101695775225,0.9798812009425971,0.9937146884203281,1.0,0.996021057737481,0.99308469981929,0.9909998727862359,0.988361968796441,0.986217414129535,0.984187962002967,0.982338275351523,0.98057980812421,0.977826511168308,0.9752982842914079,0.9724402185273209,0.969962196808697,0.9660265682759659,0.962482809197231,0.9598914923502041,0.9560252134238909,0.952756879253377,0.9486130126120259,0.945690917146448,0.941058799674472,0.9342581416070891,0.926168871795236,0.9158588143080408,0.901218211348432,0.877225299909402,0.8239238371757671,0.665612399388986,0.0431181275791594
0.8877191165868922,0.976846638769814,0.989701928466115,0.996021057737481,1.0,0.997324993759581,0.995232697887324,0.9926349836067649,0.9905024113157621,0.988607344522751,0.986758771356282,0.9850407072256779,0.9824501749066942,0.98000442672223,0.9772989610501608,0.974867294045149,0.9711450055759141,0.967814882734438,0.9654561905771379,0.961740496667638,0.9582495564743181,0.954182195793861,0.9513622852794941,0.9469445905929179,0.9403038546128208,0.9325500842254929,0.9228950352779309,0.9089421428796021,0.885542945641379,0.8326206175986579,0.6751522520799461,0.0475226615705827
0.8830521112235451,0.973147339589022,0.986447319149841,0.99308469981929,0.997324993759581,1.0,0.997834604084827,0.995506744542743,0.993447092157524,0.9915155345373531,0.9896852093999781,0.9877957912156949,0.985243195686955,0.9830435541570429,0.9803571435439141,0.9779284325490871,0.9744024167591949,0.971066063888832,0.9688460442819721,0.9652930991617601,0.961845386526998,0.9578051386560759,0.954989804482086,0.950663314023232,0.944785848331715,0.937408219188723,0.927849204819731,0.9140152420256891,0.891683289347734,0.8390214331598771,0.683752788378707,0.054331185652171
0.8782532170661229,0.97133587406926,0.9844820752277391,0.9909998727862359,0.995232697887324,0.997834604084827,1.0,0.9980428924580529,0.996136678169797,0.994296563965688,0.992587126807159,0.9906844840668539,0.987962679661289,0.985591721472635,0.9828821160861769,0.980157808474552,0.9766356770608928,0.973207844639371,0.9708887569275001,0.9670512786486121,0.9632662768434559,0.959102668980616,0.956038966015922,0.9515290451490178,0.945766405858416,0.938218414592004,0.9286878783138051,0.9147056690467329,0.89301140353336,0.8408592062030649,0.6868393635924921,0.0559955950600747
0.8717214215888042,0.9677642705708208,0.9815128373431009,0.988361968796441,0.9926349836067649,0.995506744542743,0.9980428924580529,1.0,0.998451343868024,0.9965092498775721,0.9946065195552841,0.992540890317367,0.9896139611813779,0.987256960475573,0.9845037720005809,0.981666808687392,0.9782998676010892,0.97502513796438,0.9726624233052421,0.9688242731148259,0.965063574350316,0.961034531945624,0.9580176583118871,0.953801782280061,0.948387944903525,0.94132709875322,0.932102341977111,0.9183080486430591,0.8971315961553601,0.845278306007193,0.694353210465352,0.0627053542637214
0.8685680063274929,0.9653230812208492,0.9794743411689649,0.986217414129535,0.9905024113157621,0.993447092157524,0.996136678169797,0.998451343868024,1.0,0.998460690154416,0.9965786206202271,0.99465203540344,0.9918731780834329,0.989417080882653,0.986595272248638,0.98355209525401,0.980007866527261,0.9767765450857049,0.9746254871908242,0.970749934110003,0.967101092240153,0.9631677300020529,0.960057244640306,0.9557886199781122,0.9505700518873871,0.943700019442423,0.934597349702527,0.9209500361125369,0.9001693048098409,0.849076404012325,0.69915357563857,0.0673382476157493
0.8672100500696179,0.9641332768623521,0.9777986405151591,0.984187962002967,0.988607344522751,0.9915155345373531,0.994296563965688,0.9965092498775721,0.998460690154416,1.0,0.9985708931088101,0.9967657424489641,0.994179392313948,0.9916335644628119,0.988803428582098,0.985466403172091,0.981838927625452,0.9785582537558449,0.9762640984581591,0.9723694797628909,0.9685172623668571,0.964591789800448,0.9615869703959949,0.957582226916751,0.952485419442327,0.945747632050999,0.9366901703700441,0.922923357791202,0.902837439351712,0.852646217812856,0.7033236546898199,0.0685759976159587
0.865224832693418,0.9625344542742191,0.976046164603232,0.982338275351523,0.986758771356282,0.9896852093999781,0.992587126807159,0.9946065195552841,0.9965786206202271,0.9985708931088101,1.0,0.9985495974516679,0.9964400077606991,0.993931795070395,0.991084049780663,0.987930617193509,0.984317060187936,0.9809381350521942,0.978354848398775,0.9744457853870291,0.970532973388752,0.966732703322835,0.9637956602429741,0.9597967395376329,0.954888403859275,0.948476819682208,0.9396119617626959,0.926056705159734,0.9065388931616808,0.857759657251859,0.709758876798406,0.0757341605286138
0.8625057489586501,0.9600401060963041,0.97388702803433,0.98057980812421,0.9850407072256779,0.9877957912156949,0.9906844840668539,0.992540890317367,0.99465203540344,0.9967657424489641,0.9985495974516679,1.0,0.9984169738781451,0.9960813882119909,0.9930562031846378,0.98991659771813,0.986412311991722,0.9830803391580991,0.9804161378179052,0.9764489406465429,0.9724201092608901,0.9686881628930101,0.965515076292897,0.9613869686262259,0.956607583169325,0.9500865759360408,0.941434753512225,0.9282176590768979,0.909179155833853,0.8614121225181021,0.715165762553646,0.0825026578812815
0.8585828733044492,0.9569988940670171,0.971243136297357,0.977826511168308,0.9824501749066942,0.985243195686955,0.987962679661289,0.9896139611813779,0.9918731780834329,0.994179392313948,0.9964400077606991,0.9984169738781451,1.0,0.9984770338457359,0.996018123924652,0.9931222027074259,0.9898612451080029,0.9868120535665229,0.98408145348545,0.9803452953365039,0.9766405460484359,0.9732742094361571,0.97019964263446,0.965987086133955,0.9613840671810799,0.9553158817135758,0.9468526567680808,0.934218257590499,0.9155391408598471,0.869926681832811,0.7273099274142909,0.0970315075680803
0.8551568505578571,0.954809225275231,0.9687585249066691,0.9752982842914079,0.98000442672223,0.9830435541570429,0.985591721472635,0.987256960475573,0.989417080882653,0.9916335644628119,0.993931795070395,0.9960813882119909,0.9984770338457359,1.0,0.9983647472759759,0.995953748581752,0.9930946480216809,0.9901070681723209,0.9871963902509201,0.983386594366125,0.979844037192754,0.9764145620995891,0.9734412639340949,0.9691391638089499,0.964826862933142,0.959218583213952,0.950968502480838,0.93868294334564,0.920717132063528,0.876704177093741,0.735779241094677,0.10830916037819
0.851115114925944,0.951816573625288,0.965692087253948,0.9724402185273209,0.9772989610501608,0.9803571435439141,0.9828821160861769,0.9845037720005809,0.986595272248638,0.988803428582098,0.991084049780663,0.9930562031846378,0.996018123924652,0.9983647472759759,1.0,0.99844258768677,0.9961077127025871,0.99321474795937,0.990138247693457,0.986424410792838,0.982839072242215,0.979399628006072,0.976193796375082,0.971900888785975,0.9676425668720491,0.961875399767665,0.9540106103697759,0.941818935982912,0.923824239834379,0.880898492876513,0.7409202997583411,0.117247165152731
0.8488509654199671,0.949422404616101,0.963342315316669,0.969962196808697,0.974867294045149,0.9779284325490871,0.980157808474552,0.981666808687392,0.98355209525401,0.985466403172091,0.987930617193509,0.98991659771813,0.9931222027074259,0.995953748581752,0.99844258768677,1.0,0.998432375969284,0.9960775383635708,0.993218730425106,0.989656678700986,0.986024439856,0.9825415117478911,0.979499622059125,0.975399499043523,0.9712156394156508,0.96553599290654,0.95801869096248,0.94601904879647,0.928255853891234,0.8865788186186959,0.747792651787093,0.126523066037035
0.8447414696771508,0.9450790470030029,0.9591810385765781,0.9660265682759659,0.9711450055759141,0.9744024167591949,0.9766356770608928,0.9782998676010892,0.980007866527261,0.981838927625452,0.984317060187936,0.986412311991722,0.9898612451080029,0.9930946480216809,0.9961077127025871,0.998432375969284,1.0,0.9984127486713399,0.995992505212354,0.9927901900201379,0.989364884204365,0.986286324478394,0.983310388954657,0.979310656523114,0.9751344891900909,0.9694704466740172,0.9623873290501329,0.95057180239577,0.9330902901088409,0.8928933911809309,0.755787378600247,0.140777269244745
0.8401913640937769,0.9405587841927541,0.9553514469603801,0.962482809197231,0.967814882734438,0.971066063888832,0.973207844639371,0.97502513796438,0.9767765450857049,0.9785582537558449,0.9809381350521942,0.9830803391580991,0.9868120535665229,0.9901070681723209,0.99321474795937,0.9960775383635708,0.9984127486713399,1.0,0.9985174972092041,0.9961389999880171,0.993048157329861,0.9901357749621551,0.987412189268692,0.9837580313579641,0.979912013065695,0.9746011512021491,0.9680084996190649,0.9568414763334391,0.940343832011326,0.9015793836097079,0.767289524809639,0.154970290622776
0.838525921044153,0.9382653249014041,0.9528458486453779,0.9598914923502041,0.9654561905771379,0.9688460442819721,0.9708887569275001,0.9726624233052421,0.9746254871908242,0.9762640984581591,0.978354848398775,0.9804161378179052,0.98408145348545,0.9871963902509201,0.990138247693457,0.993218730425106,0.995992505212354,0.9985174972092041,1.0,0.998402665057213,0.995632702247513,0.992807656508822,0.989930506639136,0.986254326040785,0.9824487683019159,0.977185080971406,0.970722092156373,0.959802198928203,0.943730604903468,0.9048839891556228,0.77106205029392,0.15757597287707503
0.833926345904032,0.9340118822258849,0.948722651775761,0.9560252134238909,0.961740496667638,0.9652930991617601,0.9670512786486121,0.9688242731148259,0.970749934110003,0.9723694797628909,0.9744457853870291,0.9764489406465429,0.9803452953365039,0.983386594366125,0.986424410792838,0.989656678700986,0.9927901900201379,0.9961389999880171,0.998402665057213,1.0,0.998207399689587,0.9957804314383609,0.9931265857978749,0.989622976424321,0.9859177161735329,0.98091383684872,0.974946650470538,0.964492069785808,0.948863416592804,0.9116117455209101,0.780125364478985,0.16899821927664802
0.8292001175576508,0.9296590820466558,0.9450997392321071,0.952756879253377,0.9582495564743181,0.961845386526998,0.9632662768434559,0.965063574350316,0.967101092240153,0.9685172623668571,0.970532973388752,0.9724201092608901,0.9766405460484359,0.979844037192754,0.982839072242215,0.986024439856,0.989364884204365,0.993048157329861,0.995632702247513,0.998207399689587,1.0,0.998352907527785,0.996063762882452,0.9930463223880258,0.9896116029100039,0.98489808206075,0.979114194480473,0.969208245926468,0.9537392108926751,0.9183507538569309,0.7886032363922579,0.17694828454591896
0.8275080145468029,0.9259703772514151,0.9407519236306671,0.9486130126120259,0.954182195793861,0.9578051386560759,0.959102668980616,0.961034531945624,0.9631677300020529,0.964591789800448,0.966732703322835,0.9686881628930101,0.9732742094361571,0.9764145620995891,0.979399628006072,0.9825415117478911,0.986286324478394,0.9901357749621551,0.992807656508822,0.9957804314383609,0.998352907527785,1.0,0.9982060202873071,0.995274887939384,0.9920006039048042,0.9877059534907441,0.982226812005437,0.972844787003255,0.9569352081340929,0.9232171761070139,0.796887953945147,0.19043346071105602
0.825473611681152,0.923527288611751,0.938338778631438,0.945690917146448,0.9513622852794941,0.954989804482086,0.956038966015922,0.9580176583118871,0.960057244640306,0.9615869703959949,0.9637956602429741,0.965515076292897,0.97019964263446,0.9734412639340949,0.976193796375082,0.979499622059125,0.983310388954657,0.987412189268692,0.989930506639136,0.9931265857978749,0.996063762882452,0.9982060202873071,1.0,0.997894486668323,0.9947561917752891,0.990869153943734,0.9856751131473729,0.9768426889982741,0.961835126999556,0.928589525901548,0.8041542347720121,0.19917598466489003
0.8212292953238229,0.917871694572947,0.9336001471118229,0.941058799674472,0.9469445905929179,0.950663314023232,0.9515290451490178,0.953801782280061,0.9557886199781122,0.957582226916751,0.9597967395376329,0.9613869686262259,0.965987086133955,0.9691391638089499,0.971900888785975,0.975399499043523,0.979310656523114,0.9837580313579641,0.986254326040785,0.989622976424321,0.9930463223880258,0.995274887939384,0.997894486668323,1.0,0.9977931678222309,0.994302876169299,0.9895209579196841,0.9813857135545491,0.9673213867587529,0.934258621511832,0.8132792993772892,0.20780605790939802
0.8142051187372191,0.910166966533725,0.9259929974862479,0.9342581416070891,0.9403038546128208,0.944785848331715,0.945766405858416,0.948387944903525,0.9505700518873871,0.952485419442327,0.954888403859275,0.956607583169325,0.9613840671810799,0.964826862933142,0.9676425668720491,0.9712156394156508,0.9751344891900909,0.979912013065695,0.9824487683019159,0.9859177161735329,0.9896116029100039,0.9920006039048042,0.9947561917752891,0.9977931678222309,1.0,0.9973018640398459,0.9931506164071591,0.9859776588480771,0.973400746188173,0.9425557488992099,0.8259140121730291,0.22432786408697303
0.804223363837399,0.901597085718465,0.917547663399096,0.926168871795236,0.9325500842254929,0.937408219188723,0.938218414592004,0.94132709875322,0.943700019442423,0.945747632050999,0.948476819682208,0.9500865759360408,0.9553158817135758,0.959218583213952,0.961875399767665,0.96553599290654,0.9694704466740172,0.9746011512021491,0.977185080971406,0.98091383684872,0.98489808206075,0.9877059534907441,0.990869153943734,0.994302876169299,0.9973018640398459,1.0,0.996610870066192,0.990483046325921,0.97945640396967,0.950769912241362,0.839659833120928,0.243285026210439
0.7920743061425329,0.8913801319596991,0.9071606976308729,0.9158588143080408,0.9228950352779309,0.927849204819731,0.9286878783138051,0.932102341977111,0.934597349702527,0.9366901703700441,0.9396119617626959,0.941434753512225,0.9468526567680808,0.950968502480838,0.9540106103697759,0.95801869096248,0.9623873290501329,0.9680084996190649,0.970722092156373,0.974946650470538,0.979114194480473,0.982226812005437,0.9856751131473729,0.9895209579196841,0.9931506164071591,0.996610870066192,1.0,0.995250316008938,0.985848127154039,0.959238231506644,0.855103925136933,0.26593925247219297
0.778912447365389,0.876611536917545,0.892096224586075,0.901218211348432,0.9089421428796021,0.9140152420256891,0.9147056690467329,0.9183080486430591,0.9209500361125369,0.922923357791202,0.926056705159734,0.9282176590768979,0.934218257590499,0.93868294334564,0.941818935982912,0.94601904879647,0.95057180239577,0.9568414763334391,0.959802198928203,0.964492069785808,0.969208245926468,0.972844787003255,0.9768426889982741,0.9813857135545491,0.9859776588480771,0.990483046325921,0.995250316008938,1.0,0.992865993728858,0.969862908588966,0.8720711897766171,0.29456132309541805
0.753589454354462,0.8512796360901159,0.8677349263372021,0.877225299909402,0.885542945641379,0.891683289347734,0.89301140353336,0.8971315961553601,0.9001693048098409,0.902837439351712,0.9065388931616808,0.909179155833853,0.9155391408598471,0.920717132063528,0.923824239834379,0.928255853891234,0.9330902901088409,0.940343832011326,0.943730604903468,0.948863416592804,0.9537392108926751,0.9569352081340929,0.961835126999556,0.9673213867587529,0.973400746188173,0.97945640396967,0.985848127154039,0.992865993728858,1.0,0.98172363385236,0.895017468088575,0.33019991306074703
0.7038610532399909,0.795654249291918,0.8125355714509129,0.8239238371757671,0.8326206175986579,0.8390214331598771,0.8408592062030649,0.845278306007193,0.849076404012325,0.852646217812856,0.857759657251859,0.8614121225181021,0.869926681832811,0.876704177093741,0.880898492876513,0.8865788186186959,0.8928933911809309,0.9015793836097079,0.9048839891556228,0.9116117455209101,0.9183507538569309,0.9232171761070139,0.928589525901548,0.934258621511832,0.9425557488992099,0.950769912241362,0.959238231506644,0.969862908588966,0.98172363385236,1.0,0.939786478699405,0.4172386849915589
0.559012763951556,0.6373935677372541,0.652920055733592,0.665612399388986,0.6751522520799461,0.683752788378707,0.6868393635924921,0.694353210465352,0.69915357563857,0.7033236546898199,0.709758876798406,0.715165762553646,0.7273099274142909,0.735779241094677,0.7409202997583411,0.747792651787093,0.755787378600247,0.767289524809639,0.77106205029392,0.780125364478985,0.7886032363922579,0.796887953945147,0.8041542347720121,0.8132792993772892,0.8259140121730291,0.839659833120928,0.855103925136933,0.8720711897766171,0.895017468088575,0.939786478699405,1.0,0.565030074042792
0.0109152830487275,0.0329470029852694,0.036085581998699,0.0431181275791594,0.0475226615705827,0.054331185652171,0.0559955950600747,0.0627053542637214,0.0673382476157493,0.0685759976159587,0.0757341605286138,0.0825026578812815,0.0970315075680803,0.10830916037819,0.117247165152731,0.126523066037035,0.140777269244745,0.154970290622776,0.15757597287707503,0.16899821927664802,0.17694828454591896,0.19043346071105602,0.19917598466489003,0.20780605790939802,0.22432786408697303,0.243285026210439,0.26593925247219297,0.29456132309541805,0.33019991306074703,0.4172386849915589,0.565030074042792,1.0
