1.0,0.79280205188435,0.682597844796782,0.623126256271698,0.6020001900689229,0.559049250747485,0.539275612341864,0.5115171947005329,0.49098594273363394,0.469672031737489,0.446055629002259,0.41342682196665503,0.38958459979923904,0.36485000062065204,0.332112158991828,0.303299091319342,0.277592057047378,0.256909561794568,0.23708065680291698,0.228477979850094,0.21234045605654697,0.18643747311610998,0.173771044741637,0.15539469286707197,0.132091840265624,0.12463848708856899,0.0938099572740993,0.0578621993747421,0.0050898433205458895,0.000570861500146001,0.0676933837928107,0.13434971263414902
0.79280205188435,1.0,0.892240205217085,0.80369060437251,0.770527888418485,0.729261510505812,0.70425512840292,0.6799953589114749,0.653919845784438,0.628901124533016,0.604827625602635,0.573959784417893,0.549088107112665,0.530011913034351,0.50220990426939,0.45949734141290904,0.43429218343676895,0.40482313172533296,0.383977811436873,0.372912421670201,0.348764219515371,0.318304236277013,0.30363109877961697,0.28233881659349397,0.260846800633648,0.251413806552524,0.21386820488904998,0.173483300265969,0.0928698943682822,0.032531658807122,0.0766583643903432,0.15080600168041502
0.682597844796782,0.892240205217085,1.0,0.943941233525117,0.894837894351409,0.8536606337703789,0.831742333683535,0.8067963020978771,0.7797216843553471,0.753855726783597,0.7295248258063729,0.6939824269284339,0.66425501239622,0.639271853692092,0.6050591245835911,0.5547328290631159,0.5245075667428879,0.49281098304396004,0.47053901727004,0.45972578082622295,0.43665898721282703,0.408710833038796,0.391539689302676,0.36606832411478796,0.3501862915199231,0.33848077354066497,0.297069735706892,0.24627976349640898,0.15938347190248098,0.04599155649453799,0.0701988755537104,0.117239398106734
0.623126256271698,0.80369060437251,0.943941233525117,1.0,0.9531951954568109,0.909951412027067,0.8881731735802559,0.857350602744015,0.8348812660266759,0.804863519192857,0.777073066000819,0.741198124505349,0.712630587701146,0.687782053554928,0.6528491788508051,0.60284413876362,0.569196141081293,0.5407335020841679,0.519199867447419,0.506383998209542,0.484432380726558,0.45536278546882203,0.43620236149797603,0.41084852488518,0.394692676154859,0.38110318529582893,0.34302958523457,0.29048636817783,0.19784600915451803,0.0576126023069137,0.0612336762062635,0.0856228922734918
0.6020001900689229,0.770527888418485,0.894837894351409,0.9531951954568109,1.0,0.9699642823528929,0.9435659498806891,0.9173323978480921,0.900660735704268,0.874883806449838,0.8466133227624771,0.812570145272797,0.7872815153267979,0.7642652147482321,0.7311054094440441,0.685129757358627,0.6516859093382671,0.62642204464762,0.6049499094960561,0.5929292027765,0.5709032802003461,0.540436704792868,0.52091607293238,0.491881071308647,0.473538922443405,0.45716997337213894,0.411324192182276,0.354494175741101,0.242613882250784,0.0657734368261845,0.0550028006002556,0.0872969349413771
0.559049250747485,0.729261510505812,0.8536606337703789,0.909951412027067,0.9699642823528929,1.0,0.9771585418164979,0.950343150369624,0.930209376822237,0.9027541292010359,0.8752441794354351,0.8445343281672141,0.818068455549269,0.7941449708007919,0.7608301542365441,0.71472092066734,0.684573031298108,0.661167610425016,0.6394564130677529,0.629062388595181,0.6075980127649029,0.5773224755680579,0.5580820943393411,0.529589642640066,0.513267796301942,0.495301178438362,0.445606540030443,0.38617191979920296,0.266477662331728,0.0770008328245477,0.0334460719638659,0.0797921610611421
0.539275612341864,0.70425512840292,0.831742333683535,0.8881731735802559,0.9435659498806891,0.9771585418164979,1.0,0.980884192699918,0.9557159848846001,0.925902480810994,0.8987795343346401,0.866835461714547,0.8419779995993091,0.820169548040621,0.790696448255532,0.746666318520422,0.717977558708514,0.69559856319581,0.675487484140982,0.6637322209551669,0.641724370683326,0.612406710655747,0.593436606088967,0.564791595684268,0.5477198157712411,0.531303195350971,0.48271374231777703,0.4271491120697489,0.30429073303987,0.10044227693905,0.0255725172181111,0.0689012182466624
0.5115171947005329,0.6799953589114749,0.8067963020978771,0.857350602744015,0.9173323978480921,0.950343150369624,0.980884192699918,1.0,0.980955951851615,0.9553993110735899,0.9314129340543871,0.9019264831125009,0.88085859360224,0.8597948428012081,0.831923432009406,0.7916752458330228,0.7614626527076171,0.739024746169798,0.7195794716994101,0.708634269610932,0.688540817559298,0.6621147814812951,0.6429398255199951,0.6162393468403471,0.600622752847407,0.5860534585902231,0.5408885361511679,0.48502800588137107,0.35597162348795797,0.12136624384532099,0.00266169726511653,0.0483309441516004
0.49098594273363394,0.653919845784438,0.7797216843553471,0.8348812660266759,0.900660735704268,0.930209376822237,0.9557159848846001,0.980955951851615,1.0,0.9829038151527371,0.9594098705537709,0.9307113462156509,0.9110835291649041,0.8899783384075061,0.8636336000850942,0.8284005599688751,0.7981268024898229,0.7758081362200508,0.7580351597166379,0.747150048007795,0.72716521317853,0.701180362820663,0.6813270206955339,0.6556482493533861,0.639122946929333,0.624345497174817,0.5779464442170021,0.514985696287462,0.371674407570838,0.132341062820412,0.0199633612123998,0.0428978351622288
0.469672031737489,0.628901124533016,0.753855726783597,0.804863519192857,0.874883806449838,0.9027541292010359,0.925902480810994,0.9553993110735899,0.9829038151527371,1.0,0.983949506659345,0.958372272572499,0.9380516659481959,0.91659548090442,0.893748858235468,0.8615948304142541,0.8320794281676659,0.8125442908567231,0.794404790546219,0.7816948372008491,0.76146164621436,0.73558659022468,0.716889510262145,0.6931806269986391,0.67829142634965,0.6652547779198621,0.6194316044058199,0.551179297666224,0.39854265847781206,0.14426553842561401,0.0217001389439387,0.0409737513141952
0.446055629002259,0.604827625602635,0.7295248258063729,0.777073066000819,0.8466133227624771,0.8752441794354351,0.8987795343346401,0.9314129340543871,0.9594098705537709,0.983949506659345,1.0,0.9837391729453059,0.9654967009537959,0.9444749817426321,0.923986651802741,0.895265662720884,0.8702066695964641,0.852241910782951,0.834383789774611,0.821835472442902,0.80082787048008,0.7775556833208191,0.7618778898287891,0.738455888299588,0.722724276793207,0.7108042230404908,0.668576003932815,0.602368273905844,0.444310985408201,0.16769552478559,0.0366909544604853,0.022969312118988
0.41342682196665503,0.573959784417893,0.6939824269284339,0.741198124505349,0.812570145272797,0.8445343281672141,0.866835461714547,0.9019264831125009,0.9307113462156509,0.958372272572499,0.9837391729453059,1.0,0.987910449635766,0.968169156730141,0.948408100377675,0.9211407683882711,0.8965315255145391,0.8786524893869201,0.8617011368926171,0.849951355938359,0.8293262539325151,0.8077813176380331,0.793660384456541,0.7721286483651251,0.757379161887543,0.745008742788707,0.7064247382338069,0.64339646971622,0.48511842461524607,0.19011924651967,0.0485032873944305,0.0127247516948614
0.38958459979923904,0.549088107112665,0.66425501239622,0.712630587701146,0.7872815153267979,0.818068455549269,0.8419779995993091,0.88085859360224,0.9110835291649041,0.9380516659481959,0.9654967009537959,0.987910449635766,1.0,0.987422172179526,0.969128264327538,0.9457359144519809,0.9200553683455941,0.9045940173193822,0.8877361207939031,0.8748048972666909,0.8545396765000529,0.833700279620163,0.819090403560977,0.7965339859699009,0.783815519079381,0.7704613953134459,0.734416385261999,0.678499746165062,0.517079902682428,0.217244882520915,0.0683307819064498,0.0037686914914715295
0.36485000062065204,0.530011913034351,0.639271853692092,0.687782053554928,0.7642652147482321,0.7941449708007919,0.820169548040621,0.8597948428012081,0.8899783384075061,0.91659548090442,0.9444749817426321,0.968169156730141,0.987422172179526,1.0,0.986881260170229,0.9665084010750692,0.9418208784796309,0.9268989124091929,0.9098008878641559,0.897862327355684,0.878974705934328,0.85834972282415,0.843683771408051,0.8210503061689559,0.808497548449299,0.795849247557684,0.758026423628268,0.7020015022414711,0.5337510434892129,0.22747127105585002,0.079534297803819,0.00688025873114889
0.332112158991828,0.50220990426939,0.6050591245835911,0.6528491788508051,0.7311054094440441,0.7608301542365441,0.790696448255532,0.831923432009406,0.8636336000850942,0.893748858235468,0.923986651802741,0.948408100377675,0.969128264327538,0.986881260170229,1.0,0.987182162074869,0.9649971656348421,0.9493556126434491,0.932504191063792,0.920241601872489,0.900153607119544,0.8788892278825698,0.863708861093432,0.8442270900947709,0.830955303318035,0.8182651802375279,0.781879276092249,0.7256997791355659,0.550452134912356,0.241069694290293,0.105127090060945,0.016504616312408998
0.303299091319342,0.45949734141290904,0.5547328290631159,0.60284413876362,0.685129757358627,0.71472092066734,0.746666318520422,0.7916752458330228,0.8284005599688751,0.8615948304142541,0.895265662720884,0.9211407683882711,0.9457359144519809,0.9665084010750692,0.987182162074869,1.0,0.98423573265799,0.969766626817576,0.9544654253882259,0.9420656806415358,0.9236100141876149,0.903928981710341,0.8890511704520501,0.871890521767865,0.85876306317386,0.842886464899043,0.805951948464535,0.750071837522954,0.564522417611685,0.256282967357795,0.11385054568556698,0.0294804267000961
0.277592057047378,0.43429218343676895,0.5245075667428879,0.569196141081293,0.6516859093382671,0.684573031298108,0.717977558708514,0.7614626527076171,0.7981268024898229,0.8320794281676659,0.8702066695964641,0.8965315255145391,0.9200553683455941,0.9418208784796309,0.9649971656348421,0.98423573265799,1.0,0.9891256679548541,0.974012087594035,0.959400156882858,0.941481223587633,0.92069887320959,0.9061092033148209,0.889570713403355,0.8745341440954479,0.8580448089881959,0.819222254999583,0.7607048570302231,0.569622634565055,0.251856284354718,0.11575660755915401,0.0409401492212871
0.256909561794568,0.40482313172533296,0.49281098304396004,0.5407335020841679,0.62642204464762,0.661167610425016,0.69559856319581,0.739024746169798,0.7758081362200508,0.8125442908567231,0.852241910782951,0.8786524893869201,0.9045940173193822,0.9268989124091929,0.9493556126434491,0.969766626817576,0.9891256679548541,1.0,0.990076924583645,0.9761465889954971,0.9577131839228059,0.939862254696337,0.924801102954327,0.906981461036125,0.8911308167237951,0.8738221389231869,0.8339826247945151,0.769415452080746,0.5708899078096479,0.247312315915532,0.109611330352755,0.0342206210958679
0.23708065680291698,0.383977811436873,0.47053901727004,0.519199867447419,0.6049499094960561,0.6394564130677529,0.675487484140982,0.7195794716994101,0.7580351597166379,0.794404790546219,0.834383789774611,0.8617011368926171,0.8877361207939031,0.9098008878641559,0.932504191063792,0.9544654253882259,0.974012087594035,0.990076924583645,1.0,0.9887981399634859,0.970680287780859,0.9542762426691059,0.9390712009587991,0.923231011942983,0.907899620540307,0.8901607728047951,0.851991373118846,0.784826274222485,0.581279397129276,0.25170219428572604,0.11458025368474099,0.0280267453043341
0.228477979850094,0.372912421670201,0.45972578082622295,0.506383998209542,0.5929292027765,0.629062388595181,0.6637322209551669,0.708634269610932,0.747150048007795,0.7816948372008491,0.821835472442902,0.849951355938359,0.8748048972666909,0.897862327355684,0.920241601872489,0.9420656806415358,0.959400156882858,0.9761465889954971,0.9887981399634859,1.0,0.989557142127922,0.9743718125005649,0.959490854540122,0.9433936373248399,0.927949711079239,0.9093036067238041,0.8719170602402149,0.8029554987313691,0.593920126724798,0.27100032763659,0.12626629324687702,0.0338983625530629
0.21234045605654697,0.348764219515371,0.43665898721282703,0.484432380726558,0.5709032802003461,0.6075980127649029,0.641724370683326,0.688540817559298,0.72716521317853,0.76146164621436,0.80082787048008,0.8293262539325151,0.8545396765000529,0.878974705934328,0.900153607119544,0.9236100141876149,0.941481223587633,0.9577131839228059,0.970680287780859,0.989557142127922,1.0,0.989122949303302,0.9755664811101741,0.9603365589831669,0.9426412177237259,0.923368600262692,0.8873283924885441,0.8155352133405341,0.603589689860449,0.277820044348549,0.128332436658765,0.0420231207342396
0.18643747311610998,0.318304236277013,0.408710833038796,0.45536278546882203,0.540436704792868,0.5773224755680579,0.612406710655747,0.6621147814812951,0.701180362820663,0.73558659022468,0.7775556833208191,0.8077813176380331,0.833700279620163,0.85834972282415,0.8788892278825698,0.903928981710341,0.92069887320959,0.939862254696337,0.9542762426691059,0.9743718125005649,0.989122949303302,1.0,0.9899165219087741,0.9740836745165742,0.9543230768867791,0.93553667163089,0.8999588997594731,0.830037879381042,0.6224643482345179,0.29423291008139196,0.136237074563066,0.0594909196551805
0.173771044741637,0.30363109877961697,0.391539689302676,0.43620236149797603,0.52091607293238,0.5580820943393411,0.593436606088967,0.6429398255199951,0.6813270206955339,0.716889510262145,0.7618778898287891,0.793660384456541,0.819090403560977,0.843683771408051,0.863708861093432,0.8890511704520501,0.9061092033148209,0.924801102954327,0.9390712009587991,0.959490854540122,0.9755664811101741,0.9899165219087741,1.0,0.9876888907424709,0.9675809612781919,0.949851587861121,0.9134271920212571,0.8431300402116869,0.6347211003644541,0.314200852040998,0.154698217048309,0.0790532849725778
0.15539469286707197,0.28233881659349397,0.36606832411478796,0.41084852488518,0.491881071308647,0.529589642640066,0.564791595684268,0.6162393468403471,0.6556482493533861,0.6931806269986391,0.738455888299588,0.7721286483651251,0.7965339859699009,0.8210503061689559,0.8442270900947709,0.871890521767865,0.889570713403355,0.906981461036125,0.923231011942983,0.9433936373248399,0.9603365589831669,0.9740836745165742,0.9876888907424709,1.0,0.984364389623255,0.9676415128404079,0.934177299428267,0.86103604319518,0.65052928002091,0.331691996550541,0.166105989228512,0.0948474387127127
0.132091840265624,0.260846800633648,0.3501862915199231,0.394692676154859,0.473538922443405,0.513267796301942,0.5477198157712411,0.600622752847407,0.639122946929333,0.67829142634965,0.722724276793207,0.757379161887543,0.783815519079381,0.808497548449299,0.830955303318035,0.85876306317386,0.8745341440954479,0.8911308167237951,0.907899620540307,0.927949711079239,0.9426412177237259,0.9543230768867791,0.9675809612781919,0.984364389623255,1.0,0.985998319458747,0.952004879494818,0.8786858751172439,0.668488701010037,0.361553806439076,0.19100169719904397,0.10899489756936001
0.12463848708856899,0.251413806552524,0.33848077354066497,0.38110318529582893,0.45716997337213894,0.495301178438362,0.531303195350971,0.5860534585902231,0.624345497174817,0.6652547779198621,0.7108042230404908,0.745008742788707,0.7704613953134459,0.795849247557684,0.8182651802375279,0.842886464899043,0.8580448089881959,0.8738221389231869,0.8901607728047951,0.9093036067238041,0.923368600262692,0.93553667163089,0.949851587861121,0.9676415128404079,0.985998319458747,1.0,0.97458945613576,0.9028809832721431,0.7004412156156589,0.40287221087918795,0.21011003483024399,0.13485039186896902
0.0938099572740993,0.21386820488904998,0.297069735706892,0.34302958523457,0.411324192182276,0.445606540030443,0.48271374231777703,0.5408885361511679,0.5779464442170021,0.6194316044058199,0.668576003932815,0.7064247382338069,0.734416385261999,0.758026423628268,0.781879276092249,0.805951948464535,0.819222254999583,0.8339826247945151,0.851991373118846,0.8719170602402149,0.8873283924885441,0.8999588997594731,0.9134271920212571,0.934177299428267,0.952004879494818,0.97458945613576,1.0,0.937469697440622,0.750089919428229,0.44892355543405704,0.23666215348729602,0.168543690732467
0.0578621993747421,0.173483300265969,0.24627976349640898,0.29048636817783,0.354494175741101,0.38617191979920296,0.4271491120697489,0.48502800588137107,0.514985696287462,0.551179297666224,0.602368273905844,0.64339646971622,0.678499746165062,0.7020015022414711,0.7256997791355659,0.750071837522954,0.7607048570302231,0.769415452080746,0.784826274222485,0.8029554987313691,0.8155352133405341,0.830037879381042,0.8431300402116869,0.86103604319518,0.8786858751172439,0.9028809832721431,0.937469697440622,1.0,0.8870999935695391,0.535558248331993,0.27090780589434,0.229596841953443
0.0050898433205458895,0.0928698943682822,0.15938347190248098,0.19784600915451803,0.242613882250784,0.266477662331728,0.30429073303987,0.35597162348795797,0.371674407570838,0.39854265847781206,0.444310985408201,0.48511842461524607,0.517079902682428,0.5337510434892129,0.550452134912356,0.564522417611685,0.569622634565055,0.5708899078096479,0.581279397129276,0.593920126724798,0.603589689860449,0.6224643482345179,0.6347211003644541,0.65052928002091,0.668488701010037,0.7004412156156589,0.750089919428229,0.8870999935695391,1.0,0.633206264606586,0.30630182375583104,0.293327908631193
0.000570861500146001,0.032531658807122,0.04599155649453799,0.0576126023069137,0.0657734368261845,0.0770008328245477,0.10044227693905,0.12136624384532099,0.132341062820412,0.14426553842561401,0.16769552478559,0.19011924651967,0.217244882520915,0.22747127105585002,0.241069694290293,0.256282967357795,0.251856284354718,0.247312315915532,0.25170219428572604,0.27100032763659,0.277820044348549,0.29423291008139196,0.314200852040998,0.331691996550541,0.361553806439076,0.40287221087918795,0.44892355543405704,0.535558248331993,0.633206264606586,1.0,0.5592495660808261,0.408401644981796
0.0676933837928107,0.0766583643903432,0.0701988755537104,0.0612336762062635,0.0550028006002556,0.0334460719638659,0.0255725172181111,0.00266169726511653,0.0199633612123998,0.0217001389439387,0.0366909544604853,0.0485032873944305,0.0683307819064498,0.079534297803819,0.105127090060945,0.11385054568556698,0.11575660755915401,0.109611330352755,0.11458025368474099,0.12626629324687702,0.128332436658765,0.136237074563066,0.154698217048309,0.166105989228512,0.19100169719904397,0.21011003483024399,0.23666215348729602,0.27090780589434,0.30630182375583104,0.5592495660808261,1.0,0.5711328697708371
0.13434971263414902,0.15080600168041502,0.117239398106734,0.0856228922734918,0.0872969349413771,0.0797921610611421,0.0689012182466624,0.0483309441516004,0.0428978351622288,0.0409737513141952,0.022969312118988,0.0127247516948614,0.0037686914914715295,0.00688025873114889,0.016504616312408998,0.0294804267000961,0.0409401492212871,0.0342206210958679,0.0280267453043341,0.0338983625530629,0.0420231207342396,0.0594909196551805,0.0790532849725778,0.0948474387127127,0.10899489756936001,0.13485039186896902,0.168543690732467,0.229596841953443,0.293327908631193,0.408401644981796,0.5711328697708371,1.0
