1.0,0.9737293542014169,0.8553185824605342,0.7916660199115659,0.7755401315624469,0.7312693544127379,0.716806055403889,0.6790945837038911,0.634498156981564,0.59952545292367,0.5459617446772109,0.5233988761804529,0.5027243200234339,0.470557959177835,0.41800017435112397,0.36282696780809404,0.325415449269468,0.30160239675202505,0.27728483517020003,0.263929313050572,0.250304007883893,0.228709109228395,0.18131502030972102,0.146490784763048,0.0905840321605008,0.0386878919443589,0.0094338880954752,0.0329873474524849,0.0578962749023035,0.0909134200194446,0.13176370056584,0.147064528211221
0.9737293542014169,1.0,0.950825118478067,0.9080825645326001,0.8851039910987439,0.8297187457620941,0.8164001916860141,0.7771319494911779,0.730966438103351,0.69687085456824,0.641337921473581,0.617734875179911,0.5949966622022379,0.5593109975913679,0.503176915141827,0.442545218873313,0.401529883666339,0.375930419724645,0.349402626601384,0.334442445516111,0.31871116021171003,0.29354914718680397,0.236588250618077,0.193858153154295,0.12949578212266802,0.0688038251511796,0.0338825839873731,0.0108044182520688,0.0379632801247133,0.0763417358240591,0.127857372932405,0.149530479159809
0.8553185824605342,0.950825118478067,1.0,0.9893283567610329,0.958979852517595,0.89317940353154,0.8825487809344991,0.844497217655015,0.800117269666309,0.7701097343789352,0.7166134655909631,0.693599663428693,0.669985130614098,0.6325425240793779,0.576310213621216,0.513402022160159,0.470967323196021,0.445111591084399,0.417829873834877,0.40195728211017295,0.38469716386934794,0.35681963360853297,0.291682441437641,0.24182695052986397,0.171428164893996,0.10392540877675001,0.0642607082132091,0.0202861074775736,0.007627099379498509,0.0500393484102684,0.111687870271872,0.140188304829969
0.7916660199115659,0.9080825645326001,0.9893283567610329,1.0,0.985034444699539,0.935149376469705,0.924922246276637,0.8861107823803129,0.841574651394087,0.8134026514530021,0.7605140362980258,0.736950655236341,0.71184734296489,0.672300681910336,0.6141840248784599,0.54861020610025,0.504574277046239,0.478114498254724,0.45002667401339397,0.43405970539700606,0.416506214731073,0.38741854813843296,0.31766234832490997,0.264022955724337,0.19168639656712902,0.121960181420081,0.0805492321382382,0.0376859912329653,0.00978360602188273,0.0331131986127202,0.0971175277795881,0.12787621981367697
0.7755401315624469,0.8851039910987439,0.958979852517595,0.985034444699539,1.0,0.9822036409090559,0.9707571411498679,0.92919038323047,0.882435443182375,0.854203147250241,0.8000499976037379,0.774761703918997,0.7472709098396542,0.704601846481741,0.642332967079166,0.5725467192450029,0.5259265167928461,0.498131687895377,0.468657325154801,0.45281235921884605,0.4354103101679879,0.40548607469420894,0.331923429158898,0.275501271037243,0.202411459711459,0.13199556357717598,0.0899092939774385,0.04764220500516599,0.0197139968530251,0.0222385835989474,0.0849460878070786,0.11571482945439099
0.7312693544127379,0.8297187457620941,0.89317940353154,0.935149376469705,0.9822036409090559,1.0,0.9885341048292551,0.9464282533350259,0.899513336987208,0.872172243446726,0.8184040527650501,0.7920719112502609,0.7628725095606841,0.718195158924413,0.653590236828072,0.581571632506637,0.533689702362959,0.505359730011664,0.47533552509275195,0.46015293734064505,0.443481422843873,0.413579250102878,0.338059117893058,0.28026213653050297,0.20880281139411397,0.139962750668293,0.0984896535191745,0.0581060586887087,0.0309202497883804,0.008630867368952029,0.0678054718514236,0.0976074941142438
0.716806055403889,0.8164001916860141,0.8825487809344991,0.924922246276637,0.9707571411498679,0.9885341048292551,1.0,0.9843359226307289,0.9544299028599909,0.9272571324500501,0.8720379815286259,0.8453633087596941,0.815416943791373,0.76976862851906,0.7075558968740849,0.635855949779542,0.587665421484916,0.5589725645354481,0.52821186298251,0.51293160239959,0.49575708516255995,0.464052364411423,0.38153941891273996,0.317819204912459,0.246163750015639,0.17628512432130802,0.133156750407449,0.0880845540653591,0.0567005270739711,0.0161530917044982,0.0428183695078081,0.0740544006863288
0.6790945837038911,0.7771319494911779,0.844497217655015,0.8861107823803129,0.92919038323047,0.9464282533350259,0.9843359226307289,1.0,0.9908221734161329,0.9646353451725569,0.909326270964105,0.8830266025873851,0.8530780797800559,0.807622230893561,0.7500099654561551,0.6807650707182221,0.633614234893684,0.605331249331297,0.574604268376418,0.559653880923408,0.542391009636046,0.5095027262241271,0.421222184214534,0.35243724556268796,0.28263449151540504,0.21357333012456198,0.169765220074858,0.12052808599709401,0.0851540248470044,0.0446212650501333,0.0123997982793183,0.0444027065567023
0.634498156981564,0.730966438103351,0.800117269666309,0.841574651394087,0.882435443182375,0.899513336987208,0.9544299028599909,0.9908221734161329,1.0,0.985828202626438,0.9422252372092159,0.9193202209710791,0.889826171449201,0.8454054064985229,0.7953249070939259,0.730825996587484,0.685834726745207,0.658305414231942,0.6278813461931889,0.612914813250474,0.595086095888318,0.5605710321541469,0.465934685339562,0.391522378025855,0.32190554527708604,0.25197583142234503,0.20654186456326898,0.156314583677078,0.118843687868718,0.07921888874123599,0.0237370409706547,0.00962395916481595
0.59952545292367,0.69687085456824,0.7701097343789352,0.8134026514530021,0.854203147250241,0.872172243446726,0.9272571324500501,0.9646353451725569,0.985828202626438,1.0,0.9850677957285251,0.9695705438398821,0.940540645286407,0.8973776818305209,0.857475887152289,0.7993635170640171,0.7570433499923102,0.730092793914623,0.699669108921444,0.683764460121942,0.6642404317364611,0.6267885257635519,0.5235172046177891,0.44160804919271096,0.36775620552964206,0.292647291016221,0.24318596982896498,0.19622641087862197,0.159236527303376,0.1209563658548,0.0648201258135186,0.0285332957226613
0.5459617446772109,0.641337921473581,0.7166134655909631,0.7605140362980258,0.8000499976037379,0.8184040527650501,0.8720379815286259,0.909326270964105,0.9422252372092159,0.9850677957285251,1.0,0.9925620006201609,0.964864149841927,0.9242643353016441,0.8959849161901641,0.8461398782822621,0.8078084618597371,0.782246279342953,0.7527197697524741,0.7363211630011821,0.715632768047963,0.6762707857153061,0.567181625798833,0.47999298817364,0.40397172319710406,0.325761437274129,0.27362486273703696,0.23140310621807,0.195997206931661,0.16022538505382,0.10507225178132501,0.0668523047256262
0.5233988761804529,0.617734875179911,0.693599663428693,0.736950655236341,0.774761703918997,0.7920719112502609,0.8453633087596941,0.8830266025873851,0.9193202209710791,0.9695705438398821,0.9925620006201609,1.0,0.9891610922749581,0.96281719740181,0.9365696455884291,0.8871530426725129,0.8497628852254551,0.826004803910946,0.797823368375763,0.7824052482204621,0.7621583747512092,0.7220221428562841,0.6072256694498621,0.514988823663766,0.440862065099404,0.363478220014062,0.31065386985855703,0.26329952001260104,0.223312952690377,0.186369713983159,0.131319189467886,0.0915292633258792
0.5027243200234339,0.5949966622022379,0.669985130614098,0.71184734296489,0.7472709098396542,0.7628725095606841,0.815416943791373,0.8530780797800559,0.889826171449201,0.940540645286407,0.964864149841927,0.9891610922749581,1.0,0.9917974516276451,0.965114497491296,0.914487388027838,0.877654157057228,0.856157224343472,0.829845952518259,0.8160603413215392,0.797009604318451,0.756981794822371,0.638058301507529,0.542082983823118,0.47207782051631103,0.39774696777517105,0.34554377116110496,0.290763056024079,0.244899612110275,0.20619772783135298,0.15174466880999601,0.11103047390370699
0.470557959177835,0.5593109975913679,0.6325425240793779,0.672300681910336,0.704601846481741,0.718195158924413,0.76976862851906,0.807622230893561,0.8454054064985229,0.8973776818305209,0.9242643353016441,0.96281719740181,0.9917974516276451,1.0,0.9795097562894809,0.933471640654252,0.899987030245941,0.8813517323963951,0.857504068251548,0.845311671312716,0.8273719753391708,0.7877969054070629,0.666189986710019,0.567404493419878,0.500108149423003,0.427381165735074,0.375154238335252,0.315146558481546,0.264944174691368,0.22571286833989804,0.17303507846022598,0.132019869687283
0.41800017435112397,0.503176915141827,0.576310213621216,0.6141840248784599,0.642332967079166,0.653590236828072,0.7075558968740849,0.7500099654561551,0.7953249070939259,0.857475887152289,0.8959849161901641,0.9365696455884291,0.965114497491296,0.9795097562894809,1.0,0.9865757568181031,0.968847336616904,0.954575171861144,0.934223907069335,0.9222118234038978,0.9032440510846609,0.862526883274467,0.7357965233692328,0.630899627796026,0.5522831005201619,0.46653212715126097,0.40607747862747295,0.34824466330272896,0.298204306669648,0.261899835426301,0.21280916149965598,0.17138714106777697
0.36282696780809404,0.442545218873313,0.513402022160159,0.54861020610025,0.5725467192450029,0.581571632506637,0.635855949779542,0.6807650707182221,0.730825996587484,0.7993635170640171,0.8461398782822621,0.8871530426725129,0.914487388027838,0.933471640654252,0.9865757568181031,1.0,0.9955801637209399,0.9852746032054479,0.968369753885475,0.956864708938046,0.937633083773427,0.8972129363971328,0.770135035176961,0.6634336476823779,0.577999609827481,0.48426389107801,0.4189537178301939,0.364621645947115,0.31621582928175396,0.283375154770643,0.238667755798696,0.198160141918054
0.325415449269468,0.401529883666339,0.470967323196021,0.504574277046239,0.5259265167928461,0.533689702362959,0.587665421484916,0.633614234893684,0.685834726745207,0.7570433499923102,0.8078084618597371,0.8497628852254551,0.877654157057228,0.899987030245941,0.968847336616904,0.9955801637209399,1.0,0.9958178472917071,0.984508455342376,0.9746677429796751,0.95628988741945,0.9174203325192629,0.792094193296477,0.685334897523739,0.598738062974683,0.502481292970029,0.43525829780511105,0.381509785181701,0.332804992258336,0.302626635771157,0.26266401938643,0.22339416718851
0.30160239675202505,0.375930419724645,0.445111591084399,0.478114498254724,0.498131687895377,0.505359730011664,0.5589725645354481,0.605331249331297,0.658305414231942,0.730092793914623,0.782246279342953,0.826004803910946,0.856157224343472,0.8813517323963951,0.954575171861144,0.9852746032054479,0.9958178472917071,1.0,0.996410047535769,0.989221472672773,0.9725046840311429,0.935985078006496,0.8131435586633129,0.7067759626775458,0.622656770205345,0.52715843338557,0.45960328528465294,0.40369488703034495,0.35269537620887303,0.324518600630211,0.28967101713860804,0.25166487154875194
0.27728483517020003,0.349402626601384,0.417829873834877,0.45002667401339397,0.468657325154801,0.47533552509275195,0.52821186298251,0.574604268376418,0.6278813461931889,0.699669108921444,0.7527197697524741,0.797823368375763,0.829845952518259,0.857504068251548,0.934223907069335,0.968369753885475,0.984508455342376,0.996410047535769,1.0,0.9953226540378269,0.9802698641473628,0.9462004328241409,0.826578296569714,0.721367727595506,0.640172379217675,0.546089755419701,0.47873114096935,0.42123868850005297,0.36849353689644604,0.342381844385155,0.312534177858985,0.275982754008024
0.263929313050572,0.334442445516111,0.40195728211017295,0.43405970539700606,0.45281235921884605,0.46015293734064505,0.51293160239959,0.559653880923408,0.612914813250474,0.683764460121942,0.7363211630011821,0.7824052482204621,0.8160603413215392,0.845311671312716,0.9222118234038978,0.956864708938046,0.9746677429796751,0.989221472672773,0.9953226540378269,1.0,0.9947486279737221,0.9715116882186441,0.861814538476865,0.7604610513485691,0.681943064249266,0.5866645753599891,0.517437563764912,0.45687183812726706,0.400720060359596,0.377756445414728,0.35567675366613893,0.32091238121906
0.250304007883893,0.31871116021171003,0.38469716386934794,0.416506214731073,0.4354103101679879,0.443481422843873,0.49575708516255995,0.542391009636046,0.595086095888318,0.6642404317364611,0.715632768047963,0.7621583747512092,0.797009604318451,0.8273719753391708,0.9032440510846609,0.937633083773427,0.95628988741945,0.9725046840311429,0.9802698641473628,0.9947486279737221,1.0,0.988449531575761,0.890160645274927,0.7938111701905199,0.718543862678595,0.622664835212936,0.552029330296752,0.48891112389603203,0.429824340423437,0.41021921098526204,0.39611210147324705,0.36342039475342797
0.228709109228395,0.29354914718680397,0.35681963360853297,0.38741854813843296,0.40548607469420894,0.413579250102878,0.464052364411423,0.5095027262241271,0.5605710321541469,0.6267885257635519,0.6762707857153061,0.7220221428562841,0.756981794822371,0.7877969054070629,0.862526883274467,0.8972129363971328,0.9174203325192629,0.935985078006496,0.9462004328241409,0.9715116882186441,0.988449531575761,1.0,0.945276596692027,0.870529743266467,0.8022410463298499,0.701713496345771,0.6261828992895121,0.556858137425256,0.49108371776686,0.47321252478772996,0.46500609564263,0.43143002588241897
0.18131502030972102,0.236588250618077,0.291682441437641,0.31766234832490997,0.331923429158898,0.338059117893058,0.38153941891273996,0.421222184214534,0.465934685339562,0.5235172046177891,0.567181625798833,0.6072256694498621,0.638058301507529,0.666189986710019,0.7357965233692328,0.770135035176961,0.792094193296477,0.8131435586633129,0.826578296569714,0.861814538476865,0.890160645274927,0.945276596692027,1.0,0.983454049229054,0.93270854742975,0.8247398195393499,0.7414790332036341,0.6626422215992729,0.5865539551195649,0.56750584975268,0.560096652940808,0.5210772213797059
0.146490784763048,0.193858153154295,0.24182695052986397,0.264022955724337,0.275501271037243,0.28026213653050297,0.317819204912459,0.35243724556268796,0.391522378025855,0.44160804919271096,0.47999298817364,0.514988823663766,0.542082983823118,0.567404493419878,0.630899627796026,0.6634336476823779,0.685334897523739,0.7067759626775458,0.721367727595506,0.7604610513485691,0.7938111701905199,0.870529743266467,0.983454049229054,1.0,0.9613766703340421,0.854343339151399,0.7706979231707071,0.6902795047406751,0.612035452091985,0.593227816573527,0.586608991296475,0.546398396218311
0.0905840321605008,0.12949578212266802,0.171428164893996,0.19168639656712902,0.202411459711459,0.20880281139411397,0.246163750015639,0.28263449151540504,0.32190554527708604,0.36775620552964206,0.40397172319710406,0.440862065099404,0.47207782051631103,0.500108149423003,0.5522831005201619,0.577999609827481,0.598738062974683,0.622656770205345,0.640172379217675,0.681943064249266,0.718543862678595,0.8022410463298499,0.93270854742975,0.9613766703340421,1.0,0.9637598897465051,0.9151395875504922,0.846522347787091,0.7684678920949559,0.740978432219724,0.7038514777702969,0.638830169410323
0.0386878919443589,0.0688038251511796,0.10392540877675001,0.121960181420081,0.13199556357717598,0.139962750668293,0.17628512432130802,0.21357333012456198,0.25197583142234503,0.292647291016221,0.325761437274129,0.363478220014062,0.39774696777517105,0.427381165735074,0.46653212715126097,0.48426389107801,0.502481292970029,0.52715843338557,0.546089755419701,0.5866645753599891,0.622664835212936,0.701713496345771,0.8247398195393499,0.854343339151399,0.9637598897465051,1.0,0.9895202018660619,0.937638363858244,0.8655729840112941,0.831224217313065,0.7660454234434392,0.681041592473989
0.0094338880954752,0.0338825839873731,0.0642607082132091,0.0805492321382382,0.0899092939774385,0.0984896535191745,0.133156750407449,0.169765220074858,0.20654186456326898,0.24318596982896498,0.27362486273703696,0.31065386985855703,0.34554377116110496,0.375154238335252,0.40607747862747295,0.4189537178301939,0.43525829780511105,0.45960328528465294,0.47873114096935,0.517437563764912,0.552029330296752,0.6261828992895121,0.7414790332036341,0.7706979231707071,0.9151395875504922,0.9895202018660619,1.0,0.958737889202833,0.8920830344988749,0.855055289387134,0.776654536311274,0.6833930444502411
0.0329873474524849,0.0108044182520688,0.0202861074775736,0.0376859912329653,0.04764220500516599,0.0581060586887087,0.0880845540653591,0.12052808599709401,0.156314583677078,0.19622641087862197,0.23140310621807,0.26329952001260104,0.290763056024079,0.315146558481546,0.34824466330272896,0.364621645947115,0.381509785181701,0.40369488703034495,0.42123868850005297,0.45687183812726706,0.48891112389603203,0.556858137425256,0.6626422215992729,0.6902795047406751,0.846522347787091,0.937638363858244,0.958737889202833,1.0,0.9837343625729191,0.959825321620629,0.851299626638347,0.7360913602751291
0.0578962749023035,0.0379632801247133,0.007627099379498509,0.00978360602188273,0.0197139968530251,0.0309202497883804,0.0567005270739711,0.0851540248470044,0.118843687868718,0.159236527303376,0.195997206931661,0.223312952690377,0.244899612110275,0.264944174691368,0.298204306669648,0.31621582928175396,0.332804992258336,0.35269537620887303,0.36849353689644604,0.400720060359596,0.429824340423437,0.49108371776686,0.5865539551195649,0.612035452091985,0.7684678920949559,0.8655729840112941,0.8920830344988749,0.9837343625729191,1.0,0.985472326921322,0.8626733428866421,0.73855571762758
0.0909134200194446,0.0763417358240591,0.0500393484102684,0.0331131986127202,0.0222385835989474,0.008630867368952029,0.0161530917044982,0.0446212650501333,0.07921888874123599,0.1209563658548,0.16022538505382,0.186369713983159,0.20619772783135298,0.22571286833989804,0.261899835426301,0.283375154770643,0.302626635771157,0.324518600630211,0.342381844385155,0.377756445414728,0.41021921098526204,0.47321252478772996,0.56750584975268,0.593227816573527,0.740978432219724,0.831224217313065,0.855055289387134,0.959825321620629,0.985472326921322,1.0,0.9308298908401179,0.833305128442455
0.13176370056584,0.127857372932405,0.111687870271872,0.0971175277795881,0.0849460878070786,0.0678054718514236,0.0428183695078081,0.0123997982793183,0.0237370409706547,0.0648201258135186,0.10507225178132501,0.131319189467886,0.15174466880999601,0.17303507846022598,0.21280916149965598,0.238667755798696,0.26266401938643,0.28967101713860804,0.312534177858985,0.35567675366613893,0.39611210147324705,0.46500609564263,0.560096652940808,0.586608991296475,0.7038514777702969,0.7660454234434392,0.776654536311274,0.851299626638347,0.8626733428866421,0.9308298908401179,1.0,0.9776924698886881
0.147064528211221,0.149530479159809,0.140188304829969,0.12787621981367697,0.11571482945439099,0.0976074941142438,0.0740544006863288,0.0444027065567023,0.00962395916481595,0.0285332957226613,0.0668523047256262,0.0915292633258792,0.11103047390370699,0.132019869687283,0.17138714106777697,0.198160141918054,0.22339416718851,0.25166487154875194,0.275982754008024,0.32091238121906,0.36342039475342797,0.43143002588241897,0.5210772213797059,0.546398396218311,0.638830169410323,0.681041592473989,0.6833930444502411,0.7360913602751291,0.73855571762758,0.833305128442455,0.9776924698886881,1.0
