1.0,0.6579168117835129,0.50853602284682,0.42221478381061406,0.36937299738627,0.34960210420270005,0.33396396409109197,0.333089019934302,0.316936941617495,0.29933588028299,0.287536996730482,0.272017122622292,0.256332875941041,0.246998881414143,0.23564237265147803,0.222860879478142,0.217899723412556,0.21369923909735603,0.206586598900432,0.20156196733108103,0.193174976951381,0.18631586054122798,0.178706180740322,0.17556849506065902,0.18119516448764,0.173613210112121,0.171868134433591,0.17448228465172902,0.174260008395885,0.142561841427388,0.10844154750518199,0.040671600501856
0.6579168117835129,1.0,0.889683613681115,0.817762698692917,0.769832060680258,0.748997712899664,0.731794064093367,0.7233654445422291,0.7112567286320249,0.699164244316494,0.687295918516816,0.675417661676991,0.661006419669458,0.657052104538406,0.6440047294274029,0.633180223701259,0.6248977892843679,0.614421048202539,0.607323405511352,0.597048979537066,0.589010494781962,0.583331920141527,0.5788650728596609,0.570413735302595,0.5706770743461789,0.5639844986879019,0.5559911041630171,0.5475219963195179,0.530403997085554,0.45021859278041604,0.29586278014631395,0.213347824160378
0.50853602284682,0.889683613681115,1.0,0.9582533754319219,0.913973910351086,0.8953979224834681,0.8763039698399692,0.862641507542185,0.850600845136323,0.8404741136120201,0.830311141375615,0.8188304313670981,0.8079344045796079,0.8041654779593851,0.794211549312141,0.7838215435266809,0.775429437997938,0.765064353429235,0.758046907707095,0.7474812144697909,0.7423227211602579,0.7340669796666999,0.726436642160152,0.7186309349342559,0.7133183429604828,0.704384751667739,0.693429479738639,0.682349768765354,0.6565044530979189,0.547475915223873,0.337629391326361,0.244023505527203
0.42221478381061406,0.817762698692917,0.9582533754319219,1.0,0.9708907871354059,0.9533730023665379,0.9331510673932909,0.9206193778982371,0.9095544326755258,0.899945933201647,0.890605661707569,0.8778781858289809,0.866427786785759,0.861807447567073,0.8550065493565491,0.8470923642918441,0.8405299252369202,0.8310976528699009,0.8234702435842429,0.8125961678932511,0.804531019705008,0.796681233583346,0.787100631006369,0.778268186859975,0.7709033931089929,0.76222425157351,0.7492439791316469,0.740109660907616,0.709852887546083,0.5953738323541079,0.35799290022768393,0.259399607418772
0.36937299738627,0.769832060680258,0.913973910351086,0.9708907871354059,1.0,0.984205861658207,0.962951636518154,0.950001681764542,0.936838079171752,0.9255463254354399,0.9181713011885229,0.9066833642243859,0.8966155144725341,0.8926111917844971,0.885956839402765,0.8787086881666469,0.8729917119745509,0.8630680773084991,0.85572421909432,0.845507514744743,0.8371822478949978,0.829105240192506,0.8191580023562071,0.8118857741437091,0.8041405185732521,0.7947851357481441,0.779784594915846,0.7709089217921309,0.7386187223027609,0.619487869385487,0.368707351281991,0.273235727085974
0.34960210420270005,0.748997712899664,0.8953979224834681,0.9533730023665379,0.984205861658207,1.0,0.985195846218318,0.9732326647900771,0.9608215737684351,0.948612438579271,0.94051575138672,0.9296603767474,0.9196957454250809,0.913957572751733,0.905406062645163,0.897748596069432,0.891677068915072,0.8821231025213391,0.8741213919719351,0.86435750648993,0.856108908941668,0.8491905274196769,0.840056593653563,0.8328366039734499,0.824912731636737,0.815568760060623,0.800631446782921,0.789594934532279,0.7537506065244621,0.6316309534861719,0.37240755133627507,0.277322041980755
0.33396396409109197,0.731794064093367,0.8763039698399692,0.9331510673932909,0.962951636518154,0.985195846218318,1.0,0.989653223018452,0.9767693072507709,0.9633284629819729,0.955257955556203,0.944479824983851,0.934993222899999,0.92950530011106,0.920580467157105,0.9120124479949241,0.904775727841333,0.8951379013122299,0.886234220396543,0.877514070459937,0.8690546421484878,0.86375604503112,0.8549668530988801,0.8473783553413751,0.8391534836011609,0.831104997424488,0.817623147305772,0.8088268720049441,0.773547117837814,0.64740794256761,0.37952112951703104,0.28312764575681104
0.333089019934302,0.7233654445422291,0.862641507542185,0.9206193778982371,0.950001681764542,0.9732326647900771,0.989653223018452,1.0,0.9898984755100309,0.9763372520300491,0.967160646529139,0.9570066940960149,0.947388205723034,0.941793104358507,0.9327337838088959,0.9240893530562891,0.9159809072939721,0.907143872541163,0.8987602390738649,0.889914984211552,0.8809170586702819,0.875691103702029,0.86783301620793,0.8607762275687979,0.8539441327608241,0.846948213733267,0.834894306504683,0.8261270728960459,0.791206780479598,0.662061590064031,0.394404640009881,0.292155727229612
0.316936941617495,0.7112567286320249,0.850600845136323,0.9095544326755258,0.936838079171752,0.9608215737684351,0.9767693072507709,0.9898984755100309,1.0,0.9900346223356371,0.9797413281099251,0.968774449795713,0.958916220805388,0.9526873625145309,0.943127610495068,0.9355064779192929,0.9274946336962341,0.918979212968813,0.911342066210798,0.9030286626186329,0.893566206177976,0.8889471507889691,0.8811092196039909,0.8732929126061529,0.8659246175059109,0.8589158198223771,0.84612513509152,0.835443816085159,0.8020302628916421,0.6722826598172399,0.40130772481848903,0.300180032939589
0.29933588028299,0.699164244316494,0.8404741136120201,0.899945933201647,0.9255463254354399,0.948612438579271,0.9633284629819729,0.9763372520300491,0.9900346223356371,1.0,0.9917712037955931,0.980674863263723,0.970778992386403,0.964138131674244,0.953568466764728,0.944991527253894,0.936534443150929,0.9281794763018009,0.921175993435647,0.9124193242594509,0.902644762727244,0.8983610326200808,0.890389974810422,0.882434346762285,0.874489939135681,0.867658980978532,0.854941084016516,0.843501322076332,0.810811685408528,0.684581560795754,0.415200011375644,0.308212252381172
0.287536996730482,0.687295918516816,0.830311141375615,0.890605661707569,0.9181713011885229,0.94051575138672,0.955257955556203,0.967160646529139,0.9797413281099251,0.9917712037955931,1.0,0.992109336383095,0.982331596121749,0.976213421620854,0.9664931748194531,0.9582124254849191,0.9494126978096991,0.9410841792818699,0.933575125599361,0.9243831567539191,0.9141924532621899,0.908661029323845,0.900711150282679,0.893832796880212,0.8855891865182859,0.8791304325799679,0.8645168367587979,0.852888708474875,0.8208735748601009,0.694311100400198,0.419649681468298,0.30874567768831296
0.272017122622292,0.675417661676991,0.8188304313670981,0.8778781858289809,0.9066833642243859,0.9296603767474,0.944479824983851,0.9570066940960149,0.968774449795713,0.980674863263723,0.992109336383095,1.0,0.992680371102356,0.9865607081132901,0.9773334729987909,0.9693796562380791,0.9602637962120559,0.951652353036734,0.943747119099188,0.9343481274451301,0.924658277588013,0.918270007424027,0.909692220587877,0.903174234525068,0.8939420571806109,0.8880754619173209,0.8745895989602779,0.8626731928158492,0.830773103221074,0.705302643659015,0.430421317250919,0.318203809214894
0.256332875941041,0.661006419669458,0.8079344045796079,0.866427786785759,0.8966155144725341,0.9196957454250809,0.934993222899999,0.947388205723034,0.958916220805388,0.970778992386403,0.982331596121749,0.992680371102356,1.0,0.995557360025889,0.986262857782,0.978020328236626,0.968750921901988,0.960029652141968,0.951628980222629,0.942792468562024,0.932952327947354,0.925094572708285,0.9167792369477801,0.910001748610707,0.9010337570966221,0.8951433247335892,0.882327850284153,0.870636188056676,0.838635642576183,0.7134097406109878,0.435487504908041,0.32860370060835997
0.246998881414143,0.657052104538406,0.8041654779593851,0.861807447567073,0.8926111917844971,0.913957572751733,0.92950530011106,0.941793104358507,0.9526873625145309,0.964138131674244,0.976213421620854,0.9865607081132901,0.995557360025889,1.0,0.9935135990617621,0.985523262839641,0.976360785258052,0.967352779432279,0.959200595841333,0.9506942702187622,0.940557773533006,0.931801492807026,0.9239665873610621,0.916708946817082,0.907621842481999,0.901539320982915,0.8889602218750291,0.8790260380513578,0.8477074293047869,0.7213202215117109,0.44098578715204,0.334935984316695
0.23564237265147803,0.6440047294274029,0.794211549312141,0.8550065493565491,0.885956839402765,0.905406062645163,0.920580467157105,0.9327337838088959,0.943127610495068,0.953568466764728,0.9664931748194531,0.9773334729987909,0.986262857782,0.9935135990617621,1.0,0.994074279035216,0.9857908264496971,0.977762132127538,0.9701426397775089,0.9616049557044591,0.952197589034562,0.943140681185567,0.9356802603896449,0.929160783833713,0.919754524278836,0.913094873114906,0.901142147929997,0.8902261864828291,0.860546612995205,0.7300132738342909,0.446134266381775,0.33626833615130897
0.222860879478142,0.633180223701259,0.7838215435266809,0.8470923642918441,0.8787086881666469,0.897748596069432,0.9120124479949241,0.9240893530562891,0.9355064779192929,0.944991527253894,0.9582124254849191,0.9693796562380791,0.978020328236626,0.985523262839641,0.994074279035216,1.0,0.9948295195398392,0.986765863349742,0.978353528963466,0.9691759240441279,0.9597683699564721,0.951237788467049,0.9433583794311121,0.9378142668500121,0.9284215282278492,0.921306937706549,0.909876833776128,0.8992562113319251,0.871847721773278,0.740946237411968,0.45237749868330396,0.34044671079751193
0.217899723412556,0.6248977892843679,0.775429437997938,0.8405299252369202,0.8729917119745509,0.891677068915072,0.904775727841333,0.9159809072939721,0.9274946336962341,0.936534443150929,0.9494126978096991,0.9602637962120559,0.968750921901988,0.976360785258052,0.9857908264496971,0.9948295195398392,1.0,0.994437834759722,0.9863562533164059,0.976968103855195,0.967677320236229,0.958974570130072,0.9501318970570458,0.9451995032811579,0.935678865739582,0.9287050353166351,0.916777775389048,0.9046953861409549,0.876119968812746,0.744221565834504,0.454614144061118,0.34466159264602697
0.21369923909735603,0.614421048202539,0.765064353429235,0.8310976528699009,0.8630680773084991,0.8821231025213391,0.8951379013122299,0.907143872541163,0.918979212968813,0.9281794763018009,0.9410841792818699,0.951652353036734,0.960029652141968,0.967352779432279,0.977762132127538,0.986765863349742,0.994437834759722,1.0,0.9934923225372501,0.9846768620397509,0.976115382551475,0.968020472867326,0.95993077510169,0.9548170209239009,0.9450205603906301,0.937552144983778,0.9259874916580271,0.9128178755698142,0.883420130575898,0.750990977508208,0.459240582914599,0.34952457767675
0.206586598900432,0.607323405511352,0.758046907707095,0.8234702435842429,0.85572421909432,0.8741213919719351,0.886234220396543,0.8987602390738649,0.911342066210798,0.921175993435647,0.933575125599361,0.943747119099188,0.951628980222629,0.959200595841333,0.9701426397775089,0.978353528963466,0.9863562533164059,0.9934923225372501,1.0,0.9945224991055139,0.986734668593348,0.9784304190647259,0.9701221212024641,0.963837055538753,0.9534285897219029,0.9458885616933492,0.9338201615783259,0.9197248332996129,0.888592587566179,0.7517316186046891,0.46107409075160793,0.355216104017508
0.20156196733108103,0.597048979537066,0.7474812144697909,0.8125961678932511,0.845507514744743,0.86435750648993,0.877514070459937,0.889914984211552,0.9030286626186329,0.9124193242594509,0.9243831567539191,0.9343481274451301,0.942792468562024,0.9506942702187622,0.9616049557044591,0.9691759240441279,0.976968103855195,0.9846768620397509,0.9945224991055139,1.0,0.9940051086682791,0.986035247853505,0.977623133335579,0.9699345621088241,0.958814154084916,0.9502529487092242,0.936545573276727,0.921852560391364,0.8905006786946529,0.754228178187839,0.46952749566049,0.3599421256209171
0.193174976951381,0.589010494781962,0.7423227211602579,0.804531019705008,0.8371822478949978,0.856108908941668,0.8690546421484878,0.8809170586702819,0.893566206177976,0.902644762727244,0.9141924532621899,0.924658277588013,0.932952327947354,0.940557773533006,0.952197589034562,0.9597683699564721,0.967677320236229,0.976115382551475,0.986734668593348,0.9940051086682791,1.0,0.9943471494645992,0.9858814317378929,0.9775859709219129,0.966113909281479,0.957044166723099,0.9424850250841958,0.92671905060545,0.893178136014502,0.755357455275441,0.474902658337896,0.3654406915647391
0.18631586054122798,0.583331920141527,0.7340669796666999,0.796681233583346,0.829105240192506,0.8491905274196769,0.86375604503112,0.875691103702029,0.8889471507889691,0.8983610326200808,0.908661029323845,0.918270007424027,0.925094572708285,0.931801492807026,0.943140681185567,0.951237788467049,0.958974570130072,0.968020472867326,0.9784304190647259,0.986035247853505,0.9943471494645992,1.0,0.9938025012392521,0.9859170955494458,0.974932345082771,0.9652232377243539,0.9512294181779691,0.9362463037313309,0.904038940866867,0.763787218171932,0.478338461953559,0.3651496153238521
0.178706180740322,0.5788650728596609,0.726436642160152,0.787100631006369,0.8191580023562071,0.840056593653563,0.8549668530988801,0.86783301620793,0.8811092196039909,0.890389974810422,0.900711150282679,0.909692220587877,0.9167792369477801,0.9239665873610621,0.9356802603896449,0.9433583794311121,0.9501318970570458,0.95993077510169,0.9701221212024641,0.977623133335579,0.9858814317378929,0.9938025012392521,1.0,0.9921772980573809,0.9810404458209209,0.9708895817777641,0.9569279806764829,0.941273491929689,0.909433800405721,0.7644187071118079,0.474229790062935,0.361369540682021
0.17556849506065902,0.570413735302595,0.7186309349342559,0.778268186859975,0.8118857741437091,0.8328366039734499,0.8473783553413751,0.8607762275687979,0.8732929126061529,0.882434346762285,0.893832796880212,0.903174234525068,0.910001748610707,0.916708946817082,0.929160783833713,0.9378142668500121,0.9451995032811579,0.9548170209239009,0.963837055538753,0.9699345621088241,0.9775859709219129,0.9859170955494458,0.9921772980573809,1.0,0.992516710652937,0.982194688497473,0.9702879812055871,0.953446787711723,0.923830326968794,0.7761370324097571,0.48213690338967397,0.371320516082995
0.18119516448764,0.5706770743461789,0.7133183429604828,0.7709033931089929,0.8041405185732521,0.824912731636737,0.8391534836011609,0.8539441327608241,0.8659246175059109,0.874489939135681,0.8855891865182859,0.8939420571806109,0.9010337570966221,0.907621842481999,0.919754524278836,0.9284215282278492,0.935678865739582,0.9450205603906301,0.9534285897219029,0.958814154084916,0.966113909281479,0.974932345082771,0.9810404458209209,0.992516710652937,1.0,0.991549886384722,0.9806508721210792,0.962905960475218,0.9347594073957479,0.7855449113918321,0.49625802602097796,0.381728396260366
0.173613210112121,0.5639844986879019,0.704384751667739,0.76222425157351,0.7947851357481441,0.815568760060623,0.831104997424488,0.846948213733267,0.8589158198223771,0.867658980978532,0.8791304325799679,0.8880754619173209,0.8951433247335892,0.901539320982915,0.913094873114906,0.921306937706549,0.9287050353166351,0.937552144983778,0.9458885616933492,0.9502529487092242,0.957044166723099,0.9652232377243539,0.9708895817777641,0.982194688497473,0.991549886384722,1.0,0.9903801877606291,0.9721438549901059,0.94258839536504,0.796091379103604,0.505797909921908,0.390839958069133
0.171868134433591,0.5559911041630171,0.693429479738639,0.7492439791316469,0.779784594915846,0.800631446782921,0.817623147305772,0.834894306504683,0.84612513509152,0.854941084016516,0.8645168367587979,0.8745895989602779,0.882327850284153,0.8889602218750291,0.901142147929997,0.909876833776128,0.916777775389048,0.9259874916580271,0.9338201615783259,0.936545573276727,0.9424850250841958,0.9512294181779691,0.9569279806764829,0.9702879812055871,0.9806508721210792,0.9903801877606291,1.0,0.9859805826519158,0.959000288890642,0.816534433747961,0.5229678527994329,0.406616545491291
0.17448228465172902,0.5475219963195179,0.682349768765354,0.740109660907616,0.7709089217921309,0.789594934532279,0.8088268720049441,0.8261270728960459,0.835443816085159,0.843501322076332,0.852888708474875,0.8626731928158492,0.870636188056676,0.8790260380513578,0.8902261864828291,0.8992562113319251,0.9046953861409549,0.9128178755698142,0.9197248332996129,0.921852560391364,0.92671905060545,0.9362463037313309,0.941273491929689,0.953446787711723,0.962905960475218,0.9721438549901059,0.9859805826519158,1.0,0.975723302570683,0.8381641934870309,0.548629896937278,0.432889862809313
0.174260008395885,0.530403997085554,0.6565044530979189,0.709852887546083,0.7386187223027609,0.7537506065244621,0.773547117837814,0.791206780479598,0.8020302628916421,0.810811685408528,0.8208735748601009,0.830773103221074,0.838635642576183,0.8477074293047869,0.860546612995205,0.871847721773278,0.876119968812746,0.883420130575898,0.888592587566179,0.8905006786946529,0.893178136014502,0.904038940866867,0.909433800405721,0.923830326968794,0.9347594073957479,0.94258839536504,0.959000288890642,0.975723302570683,1.0,0.8898491628105609,0.601329391752359,0.47287827993446
0.142561841427388,0.45021859278041604,0.547475915223873,0.5953738323541079,0.619487869385487,0.6316309534861719,0.64740794256761,0.662061590064031,0.6722826598172399,0.684581560795754,0.694311100400198,0.705302643659015,0.7134097406109878,0.7213202215117109,0.7300132738342909,0.740946237411968,0.744221565834504,0.750990977508208,0.7517316186046891,0.754228178187839,0.755357455275441,0.763787218171932,0.7644187071118079,0.7761370324097571,0.7855449113918321,0.796091379103604,0.816534433747961,0.8381641934870309,0.8898491628105609,1.0,0.8040379935368459,0.581478438896078
0.10844154750518199,0.29586278014631395,0.337629391326361,0.35799290022768393,0.368707351281991,0.37240755133627507,0.37952112951703104,0.394404640009881,0.40130772481848903,0.415200011375644,0.419649681468298,0.430421317250919,0.435487504908041,0.44098578715204,0.446134266381775,0.45237749868330396,0.454614144061118,0.459240582914599,0.46107409075160793,0.46952749566049,0.474902658337896,0.478338461953559,0.474229790062935,0.48213690338967397,0.49625802602097796,0.505797909921908,0.5229678527994329,0.548629896937278,0.601329391752359,0.8040379935368459,1.0,0.628730023051023
0.040671600501856,0.213347824160378,0.244023505527203,0.259399607418772,0.273235727085974,0.277322041980755,0.28312764575681104,0.292155727229612,0.300180032939589,0.308212252381172,0.30874567768831296,0.318203809214894,0.32860370060835997,0.334935984316695,0.33626833615130897,0.34044671079751193,0.34466159264602697,0.34952457767675,0.355216104017508,0.3599421256209171,0.3654406915647391,0.3651496153238521,0.361369540682021,0.371320516082995,0.381728396260366,0.390839958069133,0.406616545491291,0.432889862809313,0.47287827993446,0.581478438896078,0.628730023051023,1.0
