1.0,0.9235614459020799,0.8572097303287171,0.788094034071069,0.7715153105606469,0.755353568529228,0.7393155632420759,0.7252108560875441,0.700380119890016,0.6694110923208361,0.645999915881745,0.6125085033036789,0.573599395098073,0.532528522564378,0.48429864513585796,0.431877334056404,0.37673962970071995,0.321385213760401,0.26767915850712803,0.220496006918246,0.188769861430897,0.155474770079362,0.12375862891492599,0.105145535546181,0.0745305284919367,0.0373869521386134,0.0015557263201562699,0.0363273536559123,0.0432026225803499,0.0285909186173401,0.00191312854519081,0.0286569510843474
0.9235614459020799,1.0,0.975332651639708,0.8948485041498481,0.876772911913195,0.854443284530735,0.8282082910189742,0.815273599252444,0.792816271737338,0.7672181538860391,0.745747441311109,0.712750410927896,0.676365937105605,0.6348905909453421,0.583323195087214,0.525992805570122,0.462554307940357,0.396173350366322,0.344028844132253,0.295105679837597,0.256138548018639,0.21914433705037198,0.18370233177027803,0.16135150372331303,0.12624899042062399,0.0834404744138802,0.0405632457756089,0.0016121688510684,0.0198091487972517,0.0181440806120815,0.03860261200529899,0.0536066066491807
0.8572097303287171,0.975332651639708,1.0,0.9663006877046759,0.945018179288824,0.918659409109949,0.88769947675604,0.8751365576076301,0.853248150162093,0.829291897118545,0.8082005804983791,0.775034699728995,0.740351001790601,0.6980447515959629,0.643814563351869,0.586455610812732,0.522809787150472,0.45617037650692605,0.403167687701204,0.352201113184104,0.310735563376263,0.272398160567338,0.23520289871434197,0.21207558884605,0.176531231038532,0.132451277556572,0.0852615914024904,0.0329893710050074,0.00144114644745155,0.0396907175040047,0.0606423706729262,0.0736634195735323
0.788094034071069,0.8948485041498481,0.9663006877046759,1.0,0.9808564088807851,0.9546284282663371,0.922030888332638,0.909700492135155,0.8878509618116459,0.8640633743497621,0.8428591316259009,0.809628206106468,0.776764076856001,0.734382281950902,0.678993890176356,0.62424655374863,0.5644564186829549,0.502779023321685,0.448822333985483,0.396595758605839,0.355368201826476,0.317268269619338,0.27967646739734103,0.257273729031178,0.22347142396677497,0.18060266400999103,0.129334457614968,0.0678318105447779,0.0235041398108602,0.0491990732073359,0.0728287977929184,0.0895067377395066
0.7715153105606469,0.876772911913195,0.945018179288824,0.9808564088807851,1.0,0.991272373224391,0.9578457195945029,0.9460003695551709,0.924151963659434,0.900031615257463,0.878310523173673,0.84456422024465,0.8129535085781701,0.772599541734679,0.718812481394766,0.662733663555385,0.6013443443329649,0.537933863766795,0.48493393763096704,0.43289825758142503,0.39114860211268204,0.3526154768505759,0.313972426985937,0.290602955562273,0.25648548135212196,0.21297923099334198,0.157010136019609,0.0975226146264028,0.0507950606092744,0.0585249307925563,0.0798658557867626,0.0955980796005576
0.755353568529228,0.854443284530735,0.918659409109949,0.9546284282663371,0.991272373224391,1.0,0.98373059734429,0.971888893620059,0.949662102584408,0.925225565147314,0.90455766473159,0.8719460537379371,0.841646383389024,0.8036791663463271,0.752198274336003,0.696724250877268,0.63565360178387,0.572350271497657,0.5196851988190121,0.4670594014809579,0.42401240395695,0.384567030878534,0.34475527897817404,0.321105624751257,0.286878593590904,0.24271961718123602,0.183071432338839,0.12203945175144801,0.0706453538003561,0.0668341161554878,0.0869250666866273,0.10201007981271401
0.7393155632420759,0.8282082910189742,0.88769947675604,0.922030888332638,0.9578457195945029,0.98373059734429,1.0,0.987751228941952,0.964835874873507,0.940117431722797,0.9218638927852372,0.8918239407281129,0.8628852983318299,0.8276056694813871,0.779041828824262,0.7258801328475329,0.666827346377953,0.605267418516688,0.5524252138639599,0.498572541280556,0.453600721676902,0.41286500320037106,0.37182443854004493,0.348509717833065,0.314374717966732,0.26958691007634805,0.20723777911413896,0.141630623183416,0.0837013993583808,0.0740979025840077,0.0938466184278544,0.10854360901117999
0.7252108560875441,0.815273599252444,0.8751365576076301,0.909700492135155,0.9460003695551709,0.971888893620059,0.987751228941952,1.0,0.992778171433749,0.9670340501858442,0.9484193516686401,0.9182129029899301,0.8904305165324059,0.856306311385677,0.8084587131479358,0.7556276323104079,0.696085827670041,0.633349009183592,0.5833520063018399,0.5317087456505151,0.48823527051385796,0.449402389821656,0.40939703516536297,0.38645698390518396,0.35214401696537606,0.30613294240578803,0.243976775621795,0.17023792724966902,0.10006105005374301,0.0875068941335336,0.103968037095871,0.113854900382976
0.700380119890016,0.792816271737338,0.853248150162093,0.8878509618116459,0.924151963659434,0.949662102584408,0.964835874873507,0.992778171433749,1.0,0.9850180719427891,0.9687099558750959,0.939083253461413,0.9133224833044079,0.881289694059058,0.8352017674786021,0.7843040925598841,0.7262946496809549,0.6647301274078771,0.617795547787792,0.568424757244953,0.526657847509992,0.48935200733242207,0.449858153900516,0.42702456048378207,0.39288645569506503,0.346278934893154,0.28504011725233197,0.20278024146230303,0.11900708094134,0.0980560237876822,0.11146011297498401,0.11789272024604
0.6694110923208361,0.7672181538860391,0.829291897118545,0.8640633743497621,0.900031615257463,0.925225565147314,0.940117431722797,0.9670340501858442,0.9850180719427891,1.0,0.990216372627374,0.9620272949881808,0.9392294571163109,0.9102786094482229,0.866965160998005,0.8198933976615341,0.765975917323672,0.7086992336114208,0.664184572063242,0.6162062641724799,0.575679550221356,0.538509695356893,0.497958731102163,0.474425311117635,0.44056520179808295,0.393833625364317,0.333737595806825,0.24193289723638103,0.142362470231908,0.104004806948547,0.115279562796051,0.121094559085794
0.645999915881745,0.745747441311109,0.8082005804983791,0.8428591316259009,0.878310523173673,0.90455766473159,0.9218638927852372,0.9484193516686401,0.9687099558750959,0.990216372627374,1.0,0.9901390257511459,0.968955890202932,0.942876112427742,0.9025669994963521,0.858516908699856,0.8069070258129201,0.7512862331582322,0.708711517210045,0.6616443328792221,0.621484115356962,0.584200879518943,0.542863903226009,0.520057802396676,0.4859463844802979,0.43751995838238894,0.37654214082109494,0.27160729344247897,0.15591137813584802,0.11296792772356899,0.12427092231307199,0.129649710997513
0.6125085033036789,0.712750410927896,0.775034699728995,0.809628206106468,0.84456422024465,0.8719460537379371,0.8918239407281129,0.9182129029899301,0.939083253461413,0.9620272949881808,0.9901390257511459,1.0,0.986564285703832,0.965787755084995,0.929143484223598,0.8892689195503192,0.840367776256119,0.786086286551266,0.7460800154411359,0.7004913341039289,0.6608622131516,0.6241464957329921,0.5828653369498189,0.5613962568519151,0.527973899885963,0.478972440534145,0.41656098408146597,0.29983948048074394,0.169594793201999,0.12156843204784101,0.133068221174848,0.13832692746520497
0.573599395098073,0.676365937105605,0.740351001790601,0.776764076856001,0.8129535085781701,0.841646383389024,0.8628852983318299,0.8904305165324059,0.9133224833044079,0.9392294571163109,0.968955890202932,0.986564285703832,1.0,0.9907157724604321,0.9573769948111659,0.9234882649628701,0.8772741633204622,0.8226311126127729,0.7853553927942459,0.7411987519853671,0.7014765135189539,0.666064132244808,0.625627781439644,0.6052217725193411,0.57441378368564,0.527743714623694,0.461203386974864,0.33735243320113206,0.19553696771520102,0.130096867448154,0.141176937090756,0.14748146724178698
0.532528522564378,0.6348905909453421,0.6980447515959629,0.734382281950902,0.772599541734679,0.8036791663463271,0.8276056694813871,0.856306311385677,0.881289694059058,0.9102786094482229,0.942876112427742,0.965787755084995,0.9907157724604321,1.0,0.9867626631998492,0.957681680668597,0.915208461995353,0.8632826838668409,0.829393922665153,0.787111067216237,0.747876495944177,0.7121828898415451,0.67109086735247,0.6531963615837021,0.623688118312707,0.5765338848978989,0.507238026790134,0.374707250654182,0.21958434153087103,0.139293901976849,0.150377379250103,0.157730684667512
0.48429864513585796,0.583323195087214,0.643814563351869,0.678993890176356,0.718812481394766,0.752198274336003,0.779041828824262,0.8084587131479358,0.8352017674786021,0.866965160998005,0.9025669994963521,0.929143484223598,0.9573769948111659,0.9867626631998492,1.0,0.9785658771074099,0.9424388497588101,0.8955252528315559,0.8656788522141581,0.8260282730571641,0.7882875112262081,0.752327643381914,0.7105808386590059,0.695843409213127,0.6675229912028829,0.619480381672439,0.548931114792044,0.407620130733982,0.239418022064052,0.148016747846146,0.15964370388381,0.16815050258444397
0.431877334056404,0.525992805570122,0.586455610812732,0.62424655374863,0.662733663555385,0.696724250877268,0.7258801328475329,0.7556276323104079,0.7843040925598841,0.8198933976615341,0.858516908699856,0.8892689195503192,0.9234882649628701,0.957681680668597,0.9785658771074099,1.0,0.9881954507965359,0.947907621539641,0.921927751681694,0.885389898329476,0.8515684937340319,0.819168795256552,0.7790842186096141,0.7648038819339459,0.7399793312422471,0.695420172101025,0.6217880280034019,0.457629918438671,0.26225522731776996,0.17051483828042097,0.18785252593354002,0.20002812730994501
0.37673962970071995,0.462554307940357,0.522809787150472,0.5644564186829549,0.6013443443329649,0.63565360178387,0.666827346377953,0.696085827670041,0.7262946496809549,0.765975917323672,0.8069070258129201,0.840367776256119,0.8772741633204622,0.915208461995353,0.9424388497588101,0.9881954507965359,1.0,0.9819955233396909,0.960711178116062,0.927336110579436,0.8978417885521391,0.867500695584944,0.8279711204447529,0.8151174821519759,0.7933023707417199,0.751363772067506,0.677034476836792,0.5029984350692921,0.29102522189919605,0.19115869455797002,0.209716861299004,0.22202268925555102
0.321385213760401,0.396173350366322,0.45617037650692605,0.502779023321685,0.537933863766795,0.572350271497657,0.605267418516688,0.633349009183592,0.6647301274078771,0.7086992336114208,0.7512862331582322,0.786086286551266,0.8226311126127729,0.8632826838668409,0.8955252528315559,0.947907621539641,0.9819955233396909,1.0,0.9839988812540029,0.953680751904179,0.928709683751927,0.8989311258340201,0.8588509737450899,0.848251724342065,0.828871564631246,0.788608120781905,0.715665177079909,0.543665168838101,0.324932157760831,0.209833057287839,0.22547683683220104,0.23467456279709198
0.26767915850712803,0.344028844132253,0.403167687701204,0.448822333985483,0.48493393763096704,0.5196851988190121,0.5524252138639599,0.5833520063018399,0.617795547787792,0.664184572063242,0.708711517210045,0.7460800154411359,0.7853553927942459,0.829393922665153,0.8656788522141581,0.921927751681694,0.960711178116062,0.9839988812540029,1.0,0.9909992174793059,0.9668621715481509,0.9412428452050621,0.904141323940698,0.8920177656806841,0.8721108148482328,0.831132852005063,0.764219414361453,0.582532419627322,0.346141098384069,0.22186107788710502,0.23581598690550398,0.242993618880262
0.220496006918246,0.295105679837597,0.352201113184104,0.396595758605839,0.43289825758142503,0.4670594014809579,0.498572541280556,0.5317087456505151,0.568424757244953,0.6162062641724799,0.6616443328792221,0.7004913341039289,0.7411987519853671,0.787111067216237,0.8260282730571641,0.885389898329476,0.927336110579436,0.953680751904179,0.9909992174793059,1.0,0.9863225288310279,0.966454471541875,0.932111409925879,0.919093305638592,0.8989272616844781,0.8576053831259559,0.796690452169562,0.6087574816083829,0.35997623719151706,0.230143669746197,0.24223461649669897,0.24712615042186997
0.188769861430897,0.256138548018639,0.310735563376263,0.355368201826476,0.39114860211268204,0.42401240395695,0.453600721676902,0.48823527051385796,0.526657847509992,0.575679550221356,0.621484115356962,0.6608622131516,0.7014765135189539,0.747876495944177,0.7882875112262081,0.8515684937340319,0.8978417885521391,0.928709683751927,0.9668621715481509,0.9863225288310279,1.0,0.987709044291758,0.9543904124436999,0.941724125262288,0.9216347100372541,0.8798240849191079,0.8227126079023941,0.630857494875216,0.37318767634240396,0.23945020418218,0.24947197083284697,0.251530579863363
0.155474770079362,0.21914433705037198,0.272398160567338,0.317268269619338,0.3526154768505759,0.384567030878534,0.41286500320037106,0.449402389821656,0.48935200733242207,0.538509695356893,0.584200879518943,0.6241464957329921,0.666064132244808,0.7121828898415451,0.752327643381914,0.819168795256552,0.867500695584944,0.8989311258340201,0.9412428452050621,0.966454471541875,0.987709044291758,1.0,0.988807172101938,0.974399523562234,0.9540591645414541,0.9122595702229219,0.8592831394945559,0.667319503779374,0.40094960274048996,0.26461762995874,0.271315812130094,0.267224070226298
0.12375862891492599,0.18370233177027803,0.23520289871434197,0.27967646739734103,0.313972426985937,0.34475527897817404,0.37182443854004493,0.40939703516536297,0.449858153900516,0.497958731102163,0.542863903226009,0.5828653369498189,0.625627781439644,0.67109086735247,0.7105808386590059,0.7790842186096141,0.8279711204447529,0.8588509737450899,0.904141323940698,0.932111409925879,0.9543904124436999,0.988807172101938,1.0,0.9883412037561651,0.96972325250706,0.9286799184254358,0.8793708074357169,0.691186362807664,0.421899979486193,0.28219526434418396,0.285766860441849,0.276745553449689
0.105145535546181,0.16135150372331303,0.21207558884605,0.257273729031178,0.290602955562273,0.321105624751257,0.348509717833065,0.38645698390518396,0.42702456048378207,0.474425311117635,0.520057802396676,0.5613962568519151,0.6052217725193411,0.6531963615837021,0.695843409213127,0.7648038819339459,0.8151174821519759,0.848251724342065,0.8920177656806841,0.919093305638592,0.941724125262288,0.974399523562234,0.9883412037561651,1.0,0.990359974875624,0.9491590637596651,0.897649376872362,0.709187532061124,0.43698714444179104,0.27651836666704305,0.279033523486188,0.272481344505888
0.0745305284919367,0.12624899042062399,0.176531231038532,0.22347142396677497,0.25648548135212196,0.286878593590904,0.314374717966732,0.35214401696537606,0.39288645569506503,0.44056520179808295,0.4859463844802979,0.527973899885963,0.57441378368564,0.623688118312707,0.6675229912028829,0.7399793312422471,0.7933023707417199,0.828871564631246,0.8721108148482328,0.8989272616844781,0.9216347100372541,0.9540591645414541,0.96972325250706,0.990359974875624,1.0,0.9822773716147009,0.9272870101071858,0.731322811888443,0.449998698784205,0.283718845274284,0.287685036232878,0.28272248854934195
0.0373869521386134,0.0834404744138802,0.132451277556572,0.18060266400999103,0.21297923099334198,0.24271961718123602,0.26958691007634805,0.30613294240578803,0.346278934893154,0.393833625364317,0.43751995838238894,0.478972440534145,0.527743714623694,0.5765338848978989,0.619480381672439,0.695420172101025,0.751363772067506,0.788608120781905,0.831132852005063,0.8576053831259559,0.8798240849191079,0.9122595702229219,0.9286799184254358,0.9491590637596651,0.9822773716147009,1.0,0.9434935114313651,0.740894446011151,0.45287064244968495,0.29233912747626695,0.298919462287338,0.295009547691526
0.0015557263201562699,0.0405632457756089,0.0852615914024904,0.129334457614968,0.157010136019609,0.183071432338839,0.20723777911413896,0.243976775621795,0.28504011725233197,0.333737595806825,0.37654214082109494,0.41656098408146597,0.461203386974864,0.507238026790134,0.548931114792044,0.6217880280034019,0.677034476836792,0.715665177079909,0.764219414361453,0.796690452169562,0.8227126079023941,0.8592831394945559,0.8793708074357169,0.897649376872362,0.9272870101071858,0.9434935114313651,1.0,0.8403877359990122,0.5263470417450711,0.31879974199914696,0.31985461468081894,0.313561897924023
0.0363273536559123,0.0016121688510684,0.0329893710050074,0.0678318105447779,0.0975226146264028,0.12203945175144801,0.141630623183416,0.17023792724966902,0.20278024146230303,0.24193289723638103,0.27160729344247897,0.29983948048074394,0.33735243320113206,0.374707250654182,0.407620130733982,0.457629918438671,0.5029984350692921,0.543665168838101,0.582532419627322,0.6087574816083829,0.630857494875216,0.667319503779374,0.691186362807664,0.709187532061124,0.731322811888443,0.740894446011151,0.8403877359990122,1.0,0.8987939316844721,0.396316037655039,0.364153342783698,0.3579895436561
0.0432026225803499,0.0198091487972517,0.00144114644745155,0.0235041398108602,0.0507950606092744,0.0706453538003561,0.0837013993583808,0.10006105005374301,0.11900708094134,0.142362470231908,0.15591137813584802,0.169594793201999,0.19553696771520102,0.21958434153087103,0.239418022064052,0.26225522731776996,0.29102522189919605,0.324932157760831,0.346141098384069,0.35997623719151706,0.37318767634240396,0.40094960274048996,0.421899979486193,0.43698714444179104,0.449998698784205,0.45287064244968495,0.5263470417450711,0.8987939316844721,1.0,0.37258692114333897,0.321688667581524,0.317706061316195
0.0285909186173401,0.0181440806120815,0.0396907175040047,0.0491990732073359,0.0585249307925563,0.0668341161554878,0.0740979025840077,0.0875068941335336,0.0980560237876822,0.104004806948547,0.11296792772356899,0.12156843204784101,0.130096867448154,0.139293901976849,0.148016747846146,0.17051483828042097,0.19115869455797002,0.209833057287839,0.22186107788710502,0.230143669746197,0.23945020418218,0.26461762995874,0.28219526434418396,0.27651836666704305,0.283718845274284,0.29233912747626695,0.31879974199914696,0.396316037655039,0.37258692114333897,1.0,0.934920958189366,0.660860051618676
0.00191312854519081,0.03860261200529899,0.0606423706729262,0.0728287977929184,0.0798658557867626,0.0869250666866273,0.0938466184278544,0.103968037095871,0.11146011297498401,0.115279562796051,0.12427092231307199,0.133068221174848,0.141176937090756,0.150377379250103,0.15964370388381,0.18785252593354002,0.209716861299004,0.22547683683220104,0.23581598690550398,0.24223461649669897,0.24947197083284697,0.271315812130094,0.285766860441849,0.279033523486188,0.287685036232878,0.298919462287338,0.31985461468081894,0.364153342783698,0.321688667581524,0.934920958189366,1.0,0.879682830465266
0.0286569510843474,0.0536066066491807,0.0736634195735323,0.0895067377395066,0.0955980796005576,0.10201007981271401,0.10854360901117999,0.113854900382976,0.11789272024604,0.121094559085794,0.129649710997513,0.13832692746520497,0.14748146724178698,0.157730684667512,0.16815050258444397,0.20002812730994501,0.22202268925555102,0.23467456279709198,0.242993618880262,0.24712615042186997,0.251530579863363,0.267224070226298,0.276745553449689,0.272481344505888,0.28272248854934195,0.295009547691526,0.313561897924023,0.3579895436561,0.317706061316195,0.660860051618676,0.879682830465266,1.0
