1.0,0.847894891607285,0.804425014217982,0.78024092511295,0.762836690268952,0.751971814382557,0.7422773212912321,0.733307315620725,0.726013655612907,0.7165395999793941,0.706702565051933,0.7009086371620821,0.688520814588869,0.6738679697961191,0.65409898330871,0.6424648245991371,0.6251462854251271,0.61088433141264,0.597834713692857,0.5840046822404781,0.572566467635881,0.5636168953599929,0.550742259961616,0.537885118584684,0.5235524751209241,0.503650038109451,0.480127186415248,0.45369497009012,0.39689089463359295,0.273653906742182,0.0781533603691411,0.012888242596747
0.847894891607285,1.0,0.9606353843864709,0.93734189427436,0.924976287856494,0.9093452395860991,0.899318271698087,0.891142873099803,0.8818312627475101,0.87275327283963,0.8620686468931851,0.854134914670616,0.843786850598286,0.8298896807683142,0.8108185654512149,0.7968387500272919,0.7810625363832501,0.7655757752050502,0.754237407180976,0.742969729155508,0.7313464255037141,0.719596779515958,0.7052016436087599,0.691336308123651,0.6734408303890121,0.653240295561625,0.627027757899216,0.5959965102169069,0.531649038317364,0.378075988161572,0.15379953929792997,0.0815102653043749
0.804425014217982,0.9606353843864709,1.0,0.9810033343274109,0.9686759104639259,0.9548199313101429,0.945171864815311,0.936742262688228,0.9283364085032509,0.9182355945025059,0.909350585074601,0.901892651693251,0.8930551824417509,0.8800988236998579,0.8643034644337021,0.8522389477444279,0.8383959277634659,0.8240606515488571,0.8138047126171221,0.802850249358415,0.7901212457106279,0.779619863148218,0.7665416764480971,0.754017478776932,0.7359913782046931,0.715785279781506,0.6897972387638379,0.657644166960444,0.591370319056572,0.429264670654916,0.180462789800554,0.10389712962597199
0.78024092511295,0.93734189427436,0.9810033343274109,1.0,0.9886348715918142,0.9760599429035759,0.966795634680077,0.958335336867823,0.951054931970409,0.940925614204875,0.9333820487696071,0.9255713081399151,0.9165414089495508,0.9035011934183641,0.888871308116496,0.8769581949420029,0.8644954681661071,0.8513496021504241,0.842001600454715,0.8322032708567759,0.8200005246334441,0.810113354687108,0.798337536360967,0.786632511899239,0.768717182520525,0.748924720318891,0.723181886866152,0.690918622630197,0.624350603203737,0.457523148877313,0.19511429327996102,0.117097968436365
0.762836690268952,0.924976287856494,0.9686759104639259,0.9886348715918142,1.0,0.9914598971620071,0.9831665100471209,0.975661080988836,0.9688012375896651,0.9594153498441859,0.95260990974665,0.9444179554490679,0.936029396806321,0.9239443653263689,0.911333275387042,0.9004058073535229,0.8892259215887279,0.87616229326082,0.867317427801143,0.8579101882282941,0.8469019098495871,0.83816242910449,0.8266327841900072,0.816144544873095,0.798306889113726,0.7789224003565791,0.753581229974761,0.7225802758228309,0.658444661709983,0.49107886076880497,0.22356070787873897,0.14623328040870498
0.751971814382557,0.9093452395860991,0.9548199313101429,0.9760599429035759,0.9914598971620071,1.0,0.99287287981649,0.985239154955218,0.978599997167902,0.969761711946186,0.964169433493606,0.9562937187718991,0.9488239731041841,0.9371260836886829,0.9256209485555319,0.915564087673147,0.904503616444649,0.891680907979698,0.8829157879765491,0.8738318471290949,0.8639718407157859,0.8547387741228158,0.8438397641384359,0.8344068752142421,0.8181519432271009,0.799801853877413,0.7765814947032701,0.7456834042876741,0.682512577195832,0.515461715658689,0.246073035551745,0.16906474174058703
0.7422773212912321,0.899318271698087,0.945171864815311,0.966795634680077,0.9831665100471209,0.99287287981649,1.0,0.9939549050894999,0.987082391419152,0.9786446516398509,0.9729956947607941,0.9657799773881669,0.9582482686573941,0.9470573310129058,0.93551693841306,0.9259827214996541,0.915097237670928,0.902746052627759,0.8939398494580371,0.884479859004808,0.8740682018476801,0.8662329882769642,0.856149865549756,0.847192829167056,0.831842403058584,0.8135138802184809,0.7909763408068259,0.76055008987311,0.699192117613798,0.534009737782111,0.26458482207406,0.18770025793567396
0.733307315620725,0.891142873099803,0.936742262688228,0.958335336867823,0.975661080988836,0.985239154955218,0.9939549050894999,1.0,0.9950445381683621,0.9881262109756871,0.981926066424264,0.975252302697866,0.968259207205372,0.9576576414683651,0.9463642783374241,0.9371233070847259,0.9264687646626351,0.9144496492742309,0.9059841624302049,0.89686508182252,0.8872988632160731,0.879511580570707,0.8696544897716708,0.8614096128580259,0.846485508683696,0.8288039334024828,0.8071888753958321,0.7780294410685259,0.7181808928756771,0.55181610572281,0.277355884817715,0.200506371493753
0.726013655612907,0.8818312627475101,0.9283364085032509,0.951054931970409,0.9688012375896651,0.978599997167902,0.987082391419152,0.9950445381683621,1.0,0.9951250238447629,0.9892698396076051,0.983246522708767,0.9766996646431899,0.967463378946549,0.9563216734854271,0.947553970217966,0.936955073568158,0.925322511539524,0.9172217664171509,0.908857082184647,0.899824313914593,0.8918420251628001,0.8824873656626719,0.874603461719438,0.8603705295669091,0.843631270750057,0.82271241079697,0.793553069343572,0.734907630650432,0.56975169788645,0.28628588634389096,0.20924280436566503
0.7165395999793941,0.87275327283963,0.9182355945025059,0.940925614204875,0.9594153498441859,0.969761711946186,0.9786446516398509,0.9881262109756871,0.9951250238447629,1.0,0.9951870944500999,0.990763289902038,0.98472991083339,0.976477412260981,0.965512016876801,0.9568023838334209,0.945683630357891,0.9343888645280771,0.926103720888405,0.918281500479723,0.910209607586396,0.902182845342102,0.8939713152377919,0.8861024547940071,0.8723513243980269,0.85674200694878,0.837493547421389,0.809841120345961,0.752277239316114,0.586683957794897,0.299435237526254,0.22461034745570999
0.706702565051933,0.8620686468931851,0.909350585074601,0.9333820487696071,0.95260990974665,0.964169433493606,0.9729956947607941,0.981926066424264,0.9892698396076051,0.9951870944500999,1.0,0.996470494662822,0.9914492962305699,0.98397638040878,0.97395620027954,0.965515275420482,0.955480631886529,0.9449140336245381,0.9359150117164642,0.9280603050096742,0.920153784806879,0.912675411577933,0.9048142663423442,0.8977459092669229,0.884911148182222,0.870278164228788,0.8515821488876371,0.825617392331645,0.769738018202813,0.604311313356102,0.31404126476126,0.24346687172746598
0.7009086371620821,0.854134914670616,0.901892651693251,0.9255713081399151,0.9444179554490679,0.9562937187718991,0.9657799773881669,0.975252302697866,0.983246522708767,0.990763289902038,0.996470494662822,1.0,0.9962461770614549,0.99007288674872,0.981205565705636,0.9728745099780141,0.9628092400538572,0.952645005969522,0.943818963590965,0.936320666460675,0.928613334287532,0.921632686954302,0.9142839732197379,0.907081528218927,0.8940295977081322,0.8798750178779301,0.8622100610069351,0.837009280484871,0.782110543292385,0.618212324533457,0.322983404473219,0.25212091767866296
0.688520814588869,0.843786850598286,0.8930551824417509,0.9165414089495508,0.936029396806321,0.9488239731041841,0.9582482686573941,0.968259207205372,0.9766996646431899,0.98472991083339,0.9914492962305699,0.9962461770614549,1.0,0.99556946604366,0.9884259674602459,0.981285283042756,0.9723899868929841,0.962923229588145,0.954287071118321,0.946864824646578,0.9396353958884149,0.9326108442593579,0.925593899633573,0.9187137327149429,0.9061357251488741,0.8930455244151411,0.8756762685142959,0.8514148083952521,0.7973953160375609,0.633709832707387,0.339438146782719,0.265550707686213
0.6738679697961191,0.8298896807683142,0.8800988236998579,0.9035011934183641,0.9239443653263689,0.9371260836886829,0.9470573310129058,0.9576576414683651,0.967463378946549,0.976477412260981,0.98397638040878,0.99007288674872,0.99556946604366,1.0,0.9955113722709079,0.989859670242453,0.982204556062956,0.974168624218515,0.966603680377904,0.95992092604133,0.952768499168922,0.945894487351701,0.9396725472016559,0.9326330901978409,0.9206190627566301,0.9082869871721571,0.891565229186663,0.8681404690216971,0.818161752836075,0.6611618634342961,0.36276675381693296,0.2843796319434
0.65409898330871,0.8108185654512149,0.8643034644337021,0.888871308116496,0.911333275387042,0.9256209485555319,0.93551693841306,0.9463642783374241,0.9563216734854271,0.965512016876801,0.97395620027954,0.981205565705636,0.9884259674602459,0.9955113722709079,1.0,0.996558423152273,0.990984171737052,0.9846210842139971,0.978680594807739,0.9725688842024259,0.9659452967227959,0.959857522909067,0.953726182638583,0.9468985152614979,0.9360792128123221,0.9245263861957671,0.908895665048954,0.887022566773899,0.839983939718847,0.6876571538975079,0.3880430247446521,0.30592216814055107
0.6424648245991371,0.7968387500272919,0.8522389477444279,0.8769581949420029,0.9004058073535229,0.915564087673147,0.9259827214996541,0.9371233070847259,0.947553970217966,0.9568023838334209,0.965515275420482,0.9728745099780141,0.981285283042756,0.989859670242453,0.996558423152273,1.0,0.996265996163664,0.9915110086100151,0.986324259450883,0.9804450976583481,0.9739585701768109,0.9686795025548158,0.9629081038806669,0.9562932027766771,0.946224204842161,0.934616576808787,0.9195961828333141,0.898404583849615,0.8527498927848391,0.70363583983364,0.402204860121174,0.318163151407375
0.6251462854251271,0.7810625363832501,0.8383959277634659,0.8644954681661071,0.8892259215887279,0.904503616444649,0.915097237670928,0.9264687646626351,0.936955073568158,0.945683630357891,0.955480631886529,0.9628092400538572,0.9723899868929841,0.982204556062956,0.990984171737052,0.996265996163664,1.0,0.9967981645723821,0.992617416964001,0.9872712664680741,0.981583561369115,0.976608580700558,0.970470644103851,0.964249265905603,0.955265649216772,0.944272927212403,0.9297585932001999,0.909776128476837,0.8656205465604889,0.7178846240371519,0.41945382898882894,0.33457027948073403
0.61088433141264,0.7655757752050502,0.8240606515488571,0.8513496021504241,0.87616229326082,0.891680907979698,0.902746052627759,0.9144496492742309,0.925322511539524,0.9343888645280771,0.9449140336245381,0.952645005969522,0.962923229588145,0.974168624218515,0.9846210842139971,0.9915110086100151,0.9967981645723821,1.0,0.996840990577825,0.992284114654947,0.9868947257572529,0.982716254740756,0.976944882209492,0.970886362800899,0.963179108450794,0.9519892646798271,0.938138663006978,0.918150631522174,0.876162501674557,0.733022350652504,0.43233320165960104,0.34438723742464805
0.597834713692857,0.754237407180976,0.8138047126171221,0.842001600454715,0.867317427801143,0.8829157879765491,0.8939398494580371,0.9059841624302049,0.9172217664171509,0.926103720888405,0.9359150117164642,0.943818963590965,0.954287071118321,0.966603680377904,0.978680594807739,0.986324259450883,0.992617416964001,0.996840990577825,1.0,0.9966093747179771,0.991957428519933,0.9880064290546529,0.9824139851001831,0.977052646392975,0.969660700640326,0.9588425630809592,0.946100569368131,0.9266745921749571,0.886334968244825,0.7464186710309929,0.448764036800641,0.35880292813182796
0.5840046822404781,0.742969729155508,0.802850249358415,0.8322032708567759,0.8579101882282941,0.8738318471290949,0.884479859004808,0.89686508182252,0.908857082184647,0.918281500479723,0.9280603050096742,0.936320666460675,0.946864824646578,0.95992092604133,0.9725688842024259,0.9804450976583481,0.9872712664680741,0.992284114654947,0.9966093747179771,1.0,0.996604302917019,0.9927391554549109,0.9868196335367221,0.981849744436353,0.9751342589953381,0.964700040242907,0.9525739613758779,0.9334251073676899,0.8958348954478629,0.759077839868606,0.45776922022118105,0.36835915343126097
0.572566467635881,0.7313464255037141,0.7901212457106279,0.8200005246334441,0.8469019098495871,0.8639718407157859,0.8740682018476801,0.8872988632160731,0.899824313914593,0.910209607586396,0.920153784806879,0.928613334287532,0.9396353958884149,0.952768499168922,0.9659452967227959,0.9739585701768109,0.981583561369115,0.9868947257572529,0.991957428519933,0.996604302917019,1.0,0.996703668570005,0.991215374115034,0.9864293907785909,0.980183348070389,0.970945351780992,0.959589630131935,0.9417165938734059,0.90520693948522,0.769716670683308,0.46770095969939096,0.38441530440018795
0.5636168953599929,0.719596779515958,0.779619863148218,0.810113354687108,0.83816242910449,0.8547387741228158,0.8662329882769642,0.879511580570707,0.8918420251628001,0.902182845342102,0.912675411577933,0.921632686954302,0.9326108442593579,0.945894487351701,0.959857522909067,0.9686795025548158,0.976608580700558,0.982716254740756,0.9880064290546529,0.9927391554549109,0.996703668570005,1.0,0.995925316041181,0.991489671462984,0.9859096758033771,0.9768536555877951,0.965979534594945,0.949552449182375,0.9151699504378241,0.784550703360983,0.48562212841581504,0.40428550713210404
0.550742259961616,0.7052016436087599,0.7665416764480971,0.798337536360967,0.8266327841900072,0.8438397641384359,0.856149865549756,0.8696544897716708,0.8824873656626719,0.8939713152377919,0.9048142663423442,0.9142839732197379,0.925593899633573,0.9396725472016559,0.953726182638583,0.9629081038806669,0.970470644103851,0.976944882209492,0.9824139851001831,0.9868196335367221,0.991215374115034,0.995925316041181,1.0,0.995993375110463,0.99072496017576,0.98269664565183,0.9733952044072058,0.957506046260351,0.9245716294410121,0.7922670072941221,0.48821422625061295,0.412602620322393
0.537885118584684,0.691336308123651,0.754017478776932,0.786632511899239,0.816144544873095,0.8344068752142421,0.847192829167056,0.8614096128580259,0.874603461719438,0.8861024547940071,0.8977459092669229,0.907081528218927,0.9187137327149429,0.9326330901978409,0.9468985152614979,0.9562932027766771,0.964249265905603,0.970886362800899,0.977052646392975,0.981849744436353,0.9864293907785909,0.991489671462984,0.995993375110463,1.0,0.9952788281517171,0.9880701712191121,0.9795976940436719,0.96502885308493,0.9323298318866559,0.80093904965911,0.49878114927408895,0.42717854116774606
0.5235524751209241,0.6734408303890121,0.7359913782046931,0.768717182520525,0.798306889113726,0.8181519432271009,0.831842403058584,0.846485508683696,0.8603705295669091,0.8723513243980269,0.884911148182222,0.8940295977081322,0.9061357251488741,0.9206190627566301,0.9360792128123221,0.946224204842161,0.955265649216772,0.963179108450794,0.969660700640326,0.9751342589953381,0.980183348070389,0.9859096758033771,0.99072496017576,0.9952788281517171,1.0,0.994862851409259,0.9878997419473541,0.9752948208435391,0.9449729063689001,0.821177122089815,0.5271429988950671,0.45146205271647205
0.503650038109451,0.653240295561625,0.715785279781506,0.748924720318891,0.7789224003565791,0.799801853877413,0.8135138802184809,0.8288039334024828,0.843631270750057,0.85674200694878,0.870278164228788,0.8798750178779301,0.8930455244151411,0.9082869871721571,0.9245263861957671,0.934616576808787,0.944272927212403,0.9519892646798271,0.9588425630809592,0.964700040242907,0.970945351780992,0.9768536555877951,0.98269664565183,0.9880701712191121,0.994862851409259,1.0,0.994294094175192,0.9839151623430981,0.9568281796152671,0.840930541020263,0.5486624203612489,0.47201319607260794
0.480127186415248,0.627027757899216,0.6897972387638379,0.723181886866152,0.753581229974761,0.7765814947032701,0.7909763408068259,0.8071888753958321,0.82271241079697,0.837493547421389,0.8515821488876371,0.8622100610069351,0.8756762685142959,0.891565229186663,0.908895665048954,0.9195961828333141,0.9297585932001999,0.938138663006978,0.946100569368131,0.9525739613758779,0.959589630131935,0.965979534594945,0.9733952044072058,0.9795976940436719,0.9878997419473541,0.994294094175192,1.0,0.9914702896841658,0.968699124181689,0.856935908543169,0.562773675385766,0.494806143647096
0.45369497009012,0.5959965102169069,0.657644166960444,0.690918622630197,0.7225802758228309,0.7456834042876741,0.76055008987311,0.7780294410685259,0.793553069343572,0.809841120345961,0.825617392331645,0.837009280484871,0.8514148083952521,0.8681404690216971,0.887022566773899,0.898404583849615,0.909776128476837,0.918150631522174,0.9266745921749571,0.9334251073676899,0.9417165938734059,0.949552449182375,0.957506046260351,0.96502885308493,0.9752948208435391,0.9839151623430981,0.9914702896841658,1.0,0.983486164969119,0.883175815033174,0.6057058958443149,0.539281808431091
0.39689089463359295,0.531649038317364,0.591370319056572,0.624350603203737,0.658444661709983,0.682512577195832,0.699192117613798,0.7181808928756771,0.734907630650432,0.752277239316114,0.769738018202813,0.782110543292385,0.7973953160375609,0.818161752836075,0.839983939718847,0.8527498927848391,0.8656205465604889,0.876162501674557,0.886334968244825,0.8958348954478629,0.90520693948522,0.9151699504378241,0.9245716294410121,0.9323298318866559,0.9449729063689001,0.9568281796152671,0.968699124181689,0.983486164969119,1.0,0.926335299995173,0.662202447846407,0.6021710227391739
0.273653906742182,0.378075988161572,0.429264670654916,0.457523148877313,0.49107886076880497,0.515461715658689,0.534009737782111,0.55181610572281,0.56975169788645,0.586683957794897,0.604311313356102,0.618212324533457,0.633709832707387,0.6611618634342961,0.6876571538975079,0.70363583983364,0.7178846240371519,0.733022350652504,0.7464186710309929,0.759077839868606,0.769716670683308,0.784550703360983,0.7922670072941221,0.80093904965911,0.821177122089815,0.840930541020263,0.856935908543169,0.883175815033174,0.926335299995173,1.0,0.781030143333732,0.6782249575713231
0.0781533603691411,0.15379953929792997,0.180462789800554,0.19511429327996102,0.22356070787873897,0.246073035551745,0.26458482207406,0.277355884817715,0.28628588634389096,0.299435237526254,0.31404126476126,0.322983404473219,0.339438146782719,0.36276675381693296,0.3880430247446521,0.402204860121174,0.41945382898882894,0.43233320165960104,0.448764036800641,0.45776922022118105,0.46770095969939096,0.48562212841581504,0.48821422625061295,0.49878114927408895,0.5271429988950671,0.5486624203612489,0.562773675385766,0.6057058958443149,0.662202447846407,0.781030143333732,1.0,0.8261866799133449
0.012888242596747,0.0815102653043749,0.10389712962597199,0.117097968436365,0.14623328040870498,0.16906474174058703,0.18770025793567396,0.200506371493753,0.20924280436566503,0.22461034745570999,0.24346687172746598,0.25212091767866296,0.265550707686213,0.2843796319434,0.30592216814055107,0.318163151407375,0.33457027948073403,0.34438723742464805,0.35880292813182796,0.36835915343126097,0.38441530440018795,0.40428550713210404,0.412602620322393,0.42717854116774606,0.45146205271647205,0.47201319607260794,0.494806143647096,0.539281808431091,0.6021710227391739,0.6782249575713231,0.8261866799133449,1.0
