1.0,0.783486554278025,0.7016453844757751,0.680396538061715,0.6461498660352301,0.622415435009574,0.6098698785650971,0.598919683827,0.588412691290452,0.5801659599128279,0.5666283966214261,0.5612878541585999,0.5588587829908089,0.558254777982698,0.555924826189383,0.5468681861619411,0.5397995261138779,0.533373453298866,0.532676917752075,0.525122725969405,0.518590708799887,0.515970078766683,0.510894607836044,0.508884000646546,0.499222742127216,0.4893770568800379,0.479082791427312,0.45515226076363896,0.393544138152989,0.32567427603358196,0.26542949940577204,0.146765432709284
0.783486554278025,1.0,0.9227599077403441,0.8843793002994359,0.84531077563639,0.820119417087333,0.8094238661222741,0.800458194005975,0.7889540047982859,0.779977816999611,0.759306678190538,0.7504171749367221,0.746661633295732,0.7457099071764269,0.7461062754243728,0.7405597882097741,0.7362456926625239,0.732101404033535,0.727670026037187,0.7237795742911899,0.716129031473481,0.7094208176557242,0.706549326295881,0.7019242963004639,0.6895473134335351,0.6774844683909289,0.664814938724834,0.6338878436140141,0.553859587000001,0.461235998663918,0.37477120144519,0.24442750208740802
0.7016453844757751,0.9227599077403441,1.0,0.954161167255439,0.91311897698889,0.88668925044474,0.8718575741945709,0.8654936241889369,0.853371174298165,0.841758240070567,0.825276846712203,0.815056804741606,0.8097346137336031,0.8080968303184151,0.8060056563023961,0.799127557039381,0.7960123940069009,0.7923815001660809,0.789267248482721,0.787226952430217,0.7819553799492991,0.7754134580632691,0.772345674720245,0.768578572369899,0.7579669148804771,0.7457921604595781,0.7307796217968849,0.7015601740233021,0.613547472634023,0.500028194392007,0.40952034446296504,0.28389464371643897
0.680396538061715,0.8843793002994359,0.954161167255439,1.0,0.9768160140875201,0.950116154945869,0.934156537513908,0.923891644031473,0.912837069969368,0.9013713805578001,0.887910886065158,0.8770307429612849,0.8717246342137471,0.8665314030709709,0.8615346225079908,0.855683812232635,0.8529217892859241,0.848987891873062,0.845299991835352,0.8420328785653249,0.8391757044233841,0.8324261220664742,0.8296629880990151,0.824865495369567,0.814360301014658,0.803779000693966,0.78646418130228,0.7536718842070369,0.660125652590446,0.5406998875256029,0.4311833552474721,0.29250813340043297
0.6461498660352301,0.84531077563639,0.91311897698889,0.9768160140875201,1.0,0.9797023457330291,0.9618465904506691,0.948905678988213,0.935957885025382,0.9246829513769419,0.9121018361953409,0.9018654861226422,0.897006970706456,0.8900657607338158,0.8837854620629759,0.87881592669719,0.876016290431366,0.8727500031100219,0.8682987668757031,0.865683137285056,0.863226638541376,0.8571130630824709,0.853637734557787,0.8490284669682551,0.839674358314652,0.830255575679699,0.812956416021215,0.7802315425953199,0.6836364473710649,0.561077072620111,0.448917657919911,0.302988035803415
0.622415435009574,0.820119417087333,0.88668925044474,0.950116154945869,0.9797023457330291,1.0,0.984665413107045,0.970127724950126,0.955308035426368,0.941580084777237,0.927001253755796,0.9153303644900501,0.9103442700613141,0.9026991921731229,0.896374422840008,0.893050917295806,0.890692644387992,0.8875993088515849,0.8829112805837379,0.880697694424164,0.8786667150519599,0.874837008450021,0.8712794260905741,0.8673217615390558,0.859461768638881,0.849543145499897,0.8304680388361031,0.796598572654175,0.6970406808886221,0.5713774099448039,0.45758176128170097,0.29200700523757106
0.6098698785650971,0.8094238661222741,0.8718575741945709,0.934156537513908,0.9618465904506691,0.984665413107045,1.0,0.9887851553183492,0.974111963269976,0.9593893354596341,0.944563179964125,0.932542330277918,0.9269910943694251,0.918548218099119,0.9110783551394641,0.9075502996717609,0.904212434081141,0.900205862861729,0.895559320257296,0.894213689997716,0.8922929669523771,0.888751239322754,0.884205756213514,0.877308737118859,0.8703453831325241,0.8599721660206991,0.841596524827915,0.807498460743722,0.7089476390399291,0.578861695965194,0.460152419451382,0.290038587305029
0.598919683827,0.800458194005975,0.8654936241889369,0.923891644031473,0.948905678988213,0.970127724950126,0.9887851553183492,1.0,0.9890446660827741,0.976255359349522,0.962310865419984,0.9499955268982759,0.9418178100615351,0.9330628164498499,0.9245310399630691,0.919368749287132,0.914850783500897,0.9105694439143941,0.9064342004647858,0.90401443769782,0.9016430719559909,0.8992165626110681,0.894237944458821,0.887518772987529,0.8812748944484841,0.8706138539070909,0.8520318926794269,0.8163896572865541,0.718823033412066,0.5829667082530289,0.45641073601750604,0.28824761679927
0.588412691290452,0.7889540047982859,0.853371174298165,0.912837069969368,0.935957885025382,0.955308035426368,0.974111963269976,0.9890446660827741,1.0,0.989413690091639,0.976594453053139,0.9653827697102121,0.9573950717704259,0.9482780224240941,0.9402678345799209,0.9348062623488671,0.9297702608261709,0.9247385104118809,0.920116702664498,0.916426237349968,0.913459327166245,0.911538390342408,0.9069011028321329,0.899647530751066,0.8924006391551609,0.88195937365337,0.86253993190102,0.8269814251045979,0.731808647651366,0.593132722821453,0.46051220248712504,0.282167671195666
0.5801659599128279,0.779977816999611,0.841758240070567,0.9013713805578001,0.9246829513769419,0.941580084777237,0.9593893354596341,0.976255359349522,0.989413690091639,1.0,0.9913519792344971,0.981503487725707,0.973521467974395,0.9635240746645499,0.9550009771490441,0.950233383489425,0.9456971028443009,0.9397162184966991,0.93464407370567,0.930586142045438,0.9272147892896808,0.925455152561088,0.9195379112099642,0.9123177419803821,0.905549650045138,0.8957396061196921,0.8772366284448759,0.843045493303338,0.746222242266008,0.601883558756374,0.4678792008094,0.269309990765024
0.5666283966214261,0.759306678190538,0.825276846712203,0.887910886065158,0.9121018361953409,0.927001253755796,0.944563179964125,0.962310865419984,0.976594453053139,0.9913519792344971,1.0,0.9930353727051701,0.985059675910539,0.975337419393475,0.9662552988737941,0.96008513078068,0.955122802766874,0.948210324376905,0.943295312655848,0.9388091641568671,0.935334948148323,0.932671500954766,0.9260187124367409,0.918718390130977,0.9106876917413961,0.90013699054564,0.8829998647553641,0.849024200194612,0.7517522067802529,0.60537600417239,0.46752250737722295,0.267328868638197
0.5612878541585999,0.7504171749367221,0.815056804741606,0.8770307429612849,0.9018654861226422,0.9153303644900501,0.932542330277918,0.9499955268982759,0.9653827697102121,0.981503487725707,0.9930353727051701,1.0,0.992432606817371,0.9828932663375759,0.974131869594533,0.9673599319551129,0.9618831619606439,0.954906722297456,0.9492771239591908,0.9437000090519059,0.940169812030395,0.936426714404477,0.928749494478745,0.9220105698152159,0.9139143617633321,0.9027964031126121,0.8860632951191391,0.8521028869743921,0.7552491121926509,0.6083854086190021,0.46971340516513,0.26660935413114
0.5588587829908089,0.746661633295732,0.8097346137336031,0.8717246342137471,0.897006970706456,0.9103442700613141,0.9269910943694251,0.9418178100615351,0.9573950717704259,0.973521467974395,0.985059675910539,0.992432606817371,1.0,0.9935830047587142,0.9847868421867328,0.9771947325403408,0.9710778995589558,0.9628186787661841,0.956429831329641,0.9508371823885551,0.9471748178582071,0.943316061546212,0.935162198794935,0.92697648788957,0.9188390437474351,0.909617143816551,0.893878741162541,0.8616106354568921,0.7660611602785798,0.618138605645559,0.471960142710988,0.257827324537353
0.558254777982698,0.7457099071764269,0.8080968303184151,0.8665314030709709,0.8900657607338158,0.9026991921731229,0.918548218099119,0.9330628164498499,0.9482780224240941,0.9635240746645499,0.975337419393475,0.9828932663375759,0.9935830047587142,1.0,0.994205953253376,0.9861932224762471,0.9795909716071189,0.9714017887351469,0.965062046304407,0.958532085356838,0.9543936334207951,0.950828343910477,0.941931375296175,0.9328745421001229,0.9239350075902191,0.9147608724119949,0.8997454064549449,0.8660027291259821,0.7723481684245491,0.6257518056481178,0.47816467671520396,0.26001493186999997
0.555924826189383,0.7461062754243728,0.8060056563023961,0.8615346225079908,0.8837854620629759,0.896374422840008,0.9110783551394641,0.9245310399630691,0.9402678345799209,0.9550009771490441,0.9662552988737941,0.974131869594533,0.9847868421867328,0.994205953253376,1.0,0.9923520054945301,0.984982401505984,0.976860568902016,0.970298403250304,0.962841933309409,0.9576766972963521,0.9543192631163601,0.945591831469087,0.9368995926769571,0.9277561617439979,0.9179187638460429,0.9025067431949828,0.867819174866636,0.772773980396556,0.626841607727002,0.47782747343288706,0.260336436395593
0.5468681861619411,0.7405597882097741,0.799127557039381,0.855683812232635,0.87881592669719,0.893050917295806,0.9075502996717609,0.919368749287132,0.9348062623488671,0.950233383489425,0.96008513078068,0.9673599319551129,0.9771947325403408,0.9861932224762471,0.9923520054945301,1.0,0.9946248972347859,0.9857721997457529,0.978993348255047,0.9713539324860991,0.9659888479485249,0.961500326843515,0.952376135947093,0.943258717575423,0.9353486269885241,0.924665981377435,0.9087223340156229,0.873899441632472,0.776919723465509,0.6287676801086229,0.482555639896226,0.265374889689302
0.5397995261138779,0.7362456926625239,0.7960123940069009,0.8529217892859241,0.876016290431366,0.890692644387992,0.904212434081141,0.914850783500897,0.9297702608261709,0.9456971028443009,0.955122802766874,0.9618831619606439,0.9710778995589558,0.9795909716071189,0.984982401505984,0.9946248972347859,1.0,0.9936196751092571,0.9871181531699259,0.9791956484811041,0.9740949144399159,0.968962950943287,0.9600822900366519,0.9509684206835709,0.9427302361332489,0.9318931481849859,0.9157951417929929,0.881365547801645,0.782553283758889,0.6327257026733579,0.490014770672006,0.272991561653731
0.533373453298866,0.732101404033535,0.7923815001660809,0.848987891873062,0.8727500031100219,0.8875993088515849,0.900205862861729,0.9105694439143941,0.9247385104118809,0.9397162184966991,0.948210324376905,0.954906722297456,0.9628186787661841,0.9714017887351469,0.976860568902016,0.9857721997457529,0.9936196751092571,1.0,0.994087637774068,0.986546088010576,0.980768037046702,0.974651456310657,0.96610448548755,0.957053367107484,0.9479121917544631,0.936434445237363,0.9204911577685219,0.885443981628264,0.785587169166674,0.6381863617320072,0.49814912718831605,0.27893925812621095
0.532676917752075,0.727670026037187,0.789267248482721,0.845299991835352,0.8682987668757031,0.8829112805837379,0.895559320257296,0.9064342004647858,0.920116702664498,0.93464407370567,0.943295312655848,0.9492771239591908,0.956429831329641,0.965062046304407,0.970298403250304,0.978993348255047,0.9871181531699259,0.994087637774068,1.0,0.9943819360906729,0.9880526272441469,0.982138727881272,0.973008416929376,0.9630145108438559,0.9540306679412529,0.9434484701072929,0.9275410403061121,0.890889162939124,0.787392416022424,0.640157873163354,0.49793129323069496,0.28001161856252504
0.525122725969405,0.7237795742911899,0.787226952430217,0.8420328785653249,0.865683137285056,0.880697694424164,0.894213689997716,0.90401443769782,0.916426237349968,0.930586142045438,0.9388091641568671,0.9437000090519059,0.9508371823885551,0.958532085356838,0.962841933309409,0.9713539324860991,0.9791956484811041,0.986546088010576,0.9943819360906729,1.0,0.994523695831369,0.988295428335681,0.979315859466609,0.96912386782837,0.959787467063037,0.9493377328727489,0.9338505092323559,0.8987230058627759,0.796401232518152,0.6516937401976851,0.507553838123622,0.29106215575233196
0.518590708799887,0.716129031473481,0.7819553799492991,0.8391757044233841,0.863226638541376,0.8786667150519599,0.8922929669523771,0.9016430719559909,0.913459327166245,0.9272147892896808,0.935334948148323,0.940169812030395,0.9471748178582071,0.9543936334207951,0.9576766972963521,0.9659888479485249,0.9740949144399159,0.980768037046702,0.9880526272441469,0.994523695831369,1.0,0.9941432777140521,0.9851909617877471,0.974382521797182,0.9648882140746621,0.956054681833712,0.94036588588554,0.906673756396774,0.8051526024982592,0.6590973296643271,0.5203622141620601,0.294929958389671
0.515970078766683,0.7094208176557242,0.7754134580632691,0.8324261220664742,0.8571130630824709,0.874837008450021,0.888751239322754,0.8992165626110681,0.911538390342408,0.925455152561088,0.932671500954766,0.936426714404477,0.943316061546212,0.950828343910477,0.9543192631163601,0.961500326843515,0.968962950943287,0.974651456310657,0.982138727881272,0.988295428335681,0.9941432777140521,1.0,0.99351304141242,0.9829340673267241,0.9728973757646701,0.964710637677997,0.9479092337609171,0.914878623905631,0.8148886449652091,0.668112475433168,0.526259941388791,0.287148039560419
0.510894607836044,0.706549326295881,0.772345674720245,0.8296629880990151,0.853637734557787,0.8712794260905741,0.884205756213514,0.894237944458821,0.9069011028321329,0.9195379112099642,0.9260187124367409,0.928749494478745,0.935162198794935,0.941931375296175,0.945591831469087,0.952376135947093,0.9600822900366519,0.96610448548755,0.973008416929376,0.979315859466609,0.9851909617877471,0.99351304141242,1.0,0.992462342601152,0.9812852475590681,0.9714112238564359,0.954068961883239,0.9209203715986709,0.8163580741582259,0.670890932458672,0.533407508436327,0.29398037958356604
0.508884000646546,0.7019242963004639,0.768578572369899,0.824865495369567,0.8490284669682551,0.8673217615390558,0.877308737118859,0.887518772987529,0.899647530751066,0.9123177419803821,0.918718390130977,0.9220105698152159,0.92697648788957,0.9328745421001229,0.9368995926769571,0.943258717575423,0.9509684206835709,0.957053367107484,0.9630145108438559,0.96912386782837,0.974382521797182,0.9829340673267241,0.992462342601152,1.0,0.989549915727417,0.9784139270716942,0.960758247722737,0.9286461329285529,0.826232087269257,0.678667773353817,0.545216075347734,0.308698730766756
0.499222742127216,0.6895473134335351,0.7579669148804771,0.814360301014658,0.839674358314652,0.859461768638881,0.8703453831325241,0.8812748944484841,0.8924006391551609,0.905549650045138,0.9106876917413961,0.9139143617633321,0.9188390437474351,0.9239350075902191,0.9277561617439979,0.9353486269885241,0.9427302361332489,0.9479121917544631,0.9540306679412529,0.959787467063037,0.9648882140746621,0.9728973757646701,0.9812852475590681,0.989549915727417,1.0,0.990574176709249,0.9730207430673559,0.940832709399422,0.8387780095372019,0.6885657025433161,0.551546639155453,0.32141922247875604
0.4893770568800379,0.6774844683909289,0.7457921604595781,0.803779000693966,0.830255575679699,0.849543145499897,0.8599721660206991,0.8706138539070909,0.88195937365337,0.8957396061196921,0.90013699054564,0.9027964031126121,0.909617143816551,0.9147608724119949,0.9179187638460429,0.924665981377435,0.9318931481849859,0.936434445237363,0.9434484701072929,0.9493377328727489,0.956054681833712,0.964710637677997,0.9714112238564359,0.9784139270716942,0.990574176709249,1.0,0.9875122228037471,0.956180839096763,0.8543156484330091,0.7028112279022111,0.56940415586865,0.327656089049609
0.479082791427312,0.664814938724834,0.7307796217968849,0.78646418130228,0.812956416021215,0.8304680388361031,0.841596524827915,0.8520318926794269,0.86253993190102,0.8772366284448759,0.8829998647553641,0.8860632951191391,0.893878741162541,0.8997454064549449,0.9025067431949828,0.9087223340156229,0.9157951417929929,0.9204911577685219,0.9275410403061121,0.9338505092323559,0.94036588588554,0.9479092337609171,0.954068961883239,0.960758247722737,0.9730207430673559,0.9875122228037471,1.0,0.976519787318033,0.885802810932287,0.7468072006989649,0.607653691820553,0.354303906147693
0.45515226076363896,0.6338878436140141,0.7015601740233021,0.7536718842070369,0.7802315425953199,0.796598572654175,0.807498460743722,0.8163896572865541,0.8269814251045979,0.843045493303338,0.849024200194612,0.8521028869743921,0.8616106354568921,0.8660027291259821,0.867819174866636,0.873899441632472,0.881365547801645,0.885443981628264,0.890889162939124,0.8987230058627759,0.906673756396774,0.914878623905631,0.9209203715986709,0.9286461329285529,0.940832709399422,0.956180839096763,0.976519787318033,1.0,0.937097885627165,0.8092861663406321,0.6618360340988929,0.382836817954451
0.393544138152989,0.553859587000001,0.613547472634023,0.660125652590446,0.6836364473710649,0.6970406808886221,0.7089476390399291,0.718823033412066,0.731808647651366,0.746222242266008,0.7517522067802529,0.7552491121926509,0.7660611602785798,0.7723481684245491,0.772773980396556,0.776919723465509,0.782553283758889,0.785587169166674,0.787392416022424,0.796401232518152,0.8051526024982592,0.8148886449652091,0.8163580741582259,0.826232087269257,0.8387780095372019,0.8543156484330091,0.885802810932287,0.937097885627165,1.0,0.911908726195495,0.7294142058273492,0.421222101121796
0.32567427603358196,0.461235998663918,0.500028194392007,0.5406998875256029,0.561077072620111,0.5713774099448039,0.578861695965194,0.5829667082530289,0.593132722821453,0.601883558756374,0.60537600417239,0.6083854086190021,0.618138605645559,0.6257518056481178,0.626841607727002,0.6287676801086229,0.6327257026733579,0.6381863617320072,0.640157873163354,0.6516937401976851,0.6590973296643271,0.668112475433168,0.670890932458672,0.678667773353817,0.6885657025433161,0.7028112279022111,0.7468072006989649,0.8092861663406321,0.911908726195495,1.0,0.832672920419835,0.50529615889588
0.26542949940577204,0.37477120144519,0.40952034446296504,0.4311833552474721,0.448917657919911,0.45758176128170097,0.460152419451382,0.45641073601750604,0.46051220248712504,0.4678792008094,0.46752250737722295,0.46971340516513,0.471960142710988,0.47816467671520396,0.47782747343288706,0.482555639896226,0.490014770672006,0.49814912718831605,0.49793129323069496,0.507553838123622,0.5203622141620601,0.526259941388791,0.533407508436327,0.545216075347734,0.551546639155453,0.56940415586865,0.607653691820553,0.6618360340988929,0.7294142058273492,0.832672920419835,1.0,0.6032236526488709
0.146765432709284,0.24442750208740802,0.28389464371643897,0.29250813340043297,0.302988035803415,0.29200700523757106,0.290038587305029,0.28824761679927,0.282167671195666,0.269309990765024,0.267328868638197,0.26660935413114,0.257827324537353,0.26001493186999997,0.260336436395593,0.265374889689302,0.272991561653731,0.27893925812621095,0.28001161856252504,0.29106215575233196,0.294929958389671,0.287148039560419,0.29398037958356604,0.308698730766756,0.32141922247875604,0.327656089049609,0.354303906147693,0.382836817954451,0.421222101121796,0.50529615889588,0.6032236526488709,1.0
