1.0,0.80637819324715,0.733110557869896,0.6908092930625022,0.675644360895904,0.6567252214468969,0.6371848979105289,0.637339181347432,0.627131950978823,0.616046791702078,0.6124744575362071,0.589174298588429,0.584144869798884,0.570790588718448,0.5581230691786179,0.547327699169128,0.539855470482807,0.5341415324064489,0.523861607252789,0.519270309104873,0.507500503786462,0.493751893175205,0.468497635978625,0.45214479525393203,0.43403174259167404,0.4238028317701811,0.41457375964908005,0.417502819547648,0.38116414504465995,0.27695778290506395,0.0572027903480977,0.000777844889157222
0.80637819324715,1.0,0.927800635111764,0.8813405912438179,0.8523761965121139,0.831505545282726,0.8097078938375991,0.8036338250475359,0.787488299707884,0.777120068732433,0.771359785982702,0.7510474328088591,0.7376835861310519,0.72315921944383,0.7053447066050871,0.68704795683201,0.675570586029574,0.671501489865963,0.6603020258144671,0.651019967887906,0.6359740484088701,0.6166180412981099,0.592857215228561,0.576954307190988,0.5621290095302479,0.542418031350303,0.525096861239959,0.51696905235529,0.4790286448455539,0.36791576275342897,0.0831573813327973,0.0069599143917009
0.733110557869896,0.927800635111764,1.0,0.9588080417266709,0.919627553598989,0.891540096137969,0.8667150715091478,0.8555389362828221,0.8377944925298171,0.8280285650609949,0.8203162230852521,0.802472055198984,0.7898624249291171,0.7738059111083231,0.749518139796146,0.7337442059594059,0.7206135420284359,0.7145618099134441,0.7034777827205141,0.695742428992551,0.683072462180809,0.6627077091945861,0.641544030693062,0.626901659623732,0.6124849848014511,0.594228002566676,0.573205723422319,0.561816703310036,0.5224800793930701,0.40280834952812,0.0814328401631266,0.0259136344480763
0.6908092930625022,0.8813405912438179,0.9588080417266709,1.0,0.969690211123987,0.939642868601266,0.9124578085976469,0.897721696136601,0.877651259573077,0.864840883896994,0.8558297848674509,0.8380791800324251,0.8227823391447852,0.808657231791203,0.783615339520261,0.7683904265440691,0.7572661339663321,0.7493717820390029,0.738053542215216,0.727730224262579,0.712617840560848,0.693535773199818,0.6730812359816889,0.6564777476915861,0.6452386174659821,0.625813578926589,0.605211674936145,0.589436289384201,0.553362334616193,0.433654069012395,0.0912244285404226,0.040846319474699
0.675644360895904,0.8523761965121139,0.919627553598989,0.969690211123987,1.0,0.97293509539541,0.944636978235715,0.9277150698179301,0.90422342811301,0.8870836232682628,0.877564871525073,0.858915545017386,0.8439375568683851,0.8313780611473921,0.807141927950342,0.7912277072045921,0.778693816662641,0.7685803225978219,0.7567220665920821,0.747508734000168,0.733389438026348,0.7144326107202141,0.693637988301678,0.676902128037334,0.6644972430916949,0.64354437526574,0.6208900383159379,0.606100478034562,0.568907950854371,0.44681092170309705,0.0963700966255862,0.058782175265199
0.6567252214468969,0.831505545282726,0.891540096137969,0.939642868601266,0.97293509539541,1.0,0.9810370545740791,0.9631159860542092,0.939262441423533,0.9203855975610359,0.9080085567172759,0.8905856594426159,0.8774479870892951,0.8640671610335359,0.841537001170297,0.8257820025529571,0.8110793277317421,0.7988541081732791,0.787000388246383,0.7787736042396559,0.767297998200843,0.7499327628989799,0.7304604172916691,0.7108424958047921,0.697643736741459,0.6781859719156441,0.655734682156895,0.639861714197713,0.600528191073099,0.47261377044053204,0.10200901766826401,0.0715032554826396
0.6371848979105289,0.8097078938375991,0.8667150715091478,0.9124578085976469,0.944636978235715,0.9810370545740791,1.0,0.979212974381385,0.955309161146771,0.935411652755605,0.922683721256769,0.905606506257524,0.8907739804992699,0.8756336168080309,0.853078913319392,0.8365755497282109,0.819943838999745,0.8055619272926771,0.793756451092667,0.78630544277127,0.7740287635446671,0.757692112384332,0.738766172791178,0.719720160845851,0.7075661195302201,0.6854823592660869,0.663451420161989,0.645626732486292,0.609457409006687,0.479970849286734,0.11150163661191101,0.0839862767519666
0.637339181347432,0.8036338250475359,0.8555389362828221,0.897721696136601,0.9277150698179301,0.9631159860542092,0.979212974381385,1.0,0.985273696561895,0.9655425705119408,0.952472249403882,0.9329724393837701,0.916925023998747,0.899566888268969,0.875730439936337,0.8576471398199359,0.8421897360630509,0.8288284307038809,0.815798375080162,0.808024991638705,0.7960070112545741,0.7809837436530881,0.764169348226384,0.74685285367871,0.732939631365481,0.708344093555713,0.684784815367916,0.66746647601482,0.6301765593984731,0.499346146139534,0.12148212658097801,0.0849875953984012
0.627131950978823,0.787488299707884,0.8377944925298171,0.877651259573077,0.90422342811301,0.939262441423533,0.955309161146771,0.985273696561895,1.0,0.9851612085352808,0.971239194115613,0.9521836831659221,0.934552798519333,0.9152530210206519,0.891317770388775,0.8720467085280809,0.8557378326810942,0.8417007743382131,0.828862510264693,0.820350433851385,0.8096246596847672,0.796464355285943,0.7811052901470749,0.7632823869675159,0.7475218205144242,0.7226352525265641,0.70006683972515,0.6844639862158289,0.649523255708178,0.520513990187582,0.134217188226223,0.10034945636821302
0.616046791702078,0.777120068732433,0.8280285650609949,0.864840883896994,0.8870836232682628,0.9203855975610359,0.935411652755605,0.9655425705119408,0.9851612085352808,1.0,0.9893705394165919,0.9692395879739342,0.950387040168086,0.93008803628609,0.906098793640407,0.8858868342288871,0.8675594751440259,0.853664723608096,0.840381615137256,0.8309086171440571,0.8187340330205591,0.8056958672083192,0.7919976106245509,0.775681753600309,0.759612480707351,0.736697982991634,0.7128702136179921,0.6978340982175469,0.664104863438288,0.53701524740714,0.151607607183255,0.11129688844452301
0.6124744575362071,0.771359785982702,0.8203162230852521,0.8558297848674509,0.877564871525073,0.9080085567172759,0.922683721256769,0.952472249403882,0.971239194115613,0.9893705394165919,1.0,0.9852934163438221,0.96570067147901,0.94602072290435,0.92342557317129,0.903943826440365,0.8849774049091651,0.8690884747362041,0.855267815020393,0.844401758021895,0.8304304909609459,0.8161347573518499,0.802210098067396,0.786100694223868,0.77052889942055,0.7493941071885172,0.7245567207244129,0.7060920642192091,0.673672879803724,0.5475331816712079,0.153002434707086,0.111270382388134
0.589174298588429,0.7510474328088591,0.802472055198984,0.8380791800324251,0.858915545017386,0.8905856594426159,0.905606506257524,0.9329724393837701,0.9521836831659221,0.9692395879739342,0.9852934163438221,1.0,0.984707235647387,0.9651977688595791,0.9460630444022529,0.9274822713021371,0.90841752182091,0.8921438878565051,0.8767052379540491,0.8648972633726509,0.8542782374424829,0.8384700415591251,0.824159599669831,0.80637199203921,0.7912544808258879,0.768399027208692,0.746205441734902,0.7249378251134371,0.694256461045968,0.5698883863397339,0.155315261398732,0.10781800439973199
0.584144869798884,0.7376835861310519,0.7898624249291171,0.8227823391447852,0.8439375568683851,0.8774479870892951,0.8907739804992699,0.916925023998747,0.934552798519333,0.950387040168086,0.96570067147901,0.984707235647387,1.0,0.985767184245512,0.967654485227104,0.948945616383854,0.9305490356533108,0.9150240513404929,0.897560630492215,0.886147606424231,0.877603100936441,0.8600912809707969,0.843581660943102,0.8259293879397829,0.809455241267999,0.789202263504901,0.7682554184400359,0.746969944715362,0.716700625648126,0.5906576419091489,0.159174100325285,0.10506515355789801
0.570790588718448,0.72315921944383,0.7738059111083231,0.808657231791203,0.8313780611473921,0.8640671610335359,0.8756336168080309,0.899566888268969,0.9152530210206519,0.93008803628609,0.94602072290435,0.9651977688595791,0.985767184245512,1.0,0.9852643143288531,0.966918590518411,0.9517565313359301,0.9362244544700951,0.9200256106915359,0.9078399368366759,0.8987289780629679,0.8809052141494741,0.8628565814636321,0.844131893854295,0.8260695653307579,0.8067995808250409,0.785894584739478,0.7664914116618671,0.7384313326528771,0.6136678416731071,0.182411110934106,0.111369556731236
0.5581230691786179,0.7053447066050871,0.749518139796146,0.783615339520261,0.807141927950342,0.841537001170297,0.853078913319392,0.875730439936337,0.891317770388775,0.906098793640407,0.92342557317129,0.9460630444022529,0.967654485227104,0.9852643143288531,1.0,0.9891357617315559,0.974530041078403,0.9586241919570891,0.9413463351343601,0.929892511777569,0.9191394307409151,0.901203455183687,0.8824771041767241,0.8656560133102529,0.847436255921687,0.8272675553296139,0.8084939600133209,0.7899421928383921,0.7603234939329631,0.6316162453842429,0.185960287555592,0.11300518757729301
0.547327699169128,0.68704795683201,0.7337442059594059,0.7683904265440691,0.7912277072045921,0.8257820025529571,0.8365755497282109,0.8576471398199359,0.8720467085280809,0.8858868342288871,0.903943826440365,0.9274822713021371,0.948945616383854,0.966918590518411,0.9891357617315559,1.0,0.988608012106451,0.9732109625722649,0.955633094267607,0.94541402405951,0.9337258584780871,0.91657180201343,0.8988455339676608,0.8818961954367429,0.8641115350158499,0.844717124035657,0.825265172192633,0.8058982001857858,0.774847610897855,0.642160417172145,0.188826051804737,0.119559543949294
0.539855470482807,0.675570586029574,0.7206135420284359,0.7572661339663321,0.778693816662641,0.8110793277317421,0.819943838999745,0.8421897360630509,0.8557378326810942,0.8675594751440259,0.8849774049091651,0.90841752182091,0.9305490356533108,0.9517565313359301,0.974530041078403,0.988608012106451,1.0,0.988206788928476,0.96994429486079,0.95786953648865,0.9443437668986691,0.9254829479006809,0.9056632354442351,0.8905081206656751,0.873800400516903,0.8531813777722991,0.835598945611073,0.816914646843867,0.7869734192136469,0.6514409817044741,0.191807133215072,0.115366276398146
0.5341415324064489,0.671501489865963,0.7145618099134441,0.7493717820390029,0.7685803225978219,0.7988541081732791,0.8055619272926771,0.8288284307038809,0.8417007743382131,0.853664723608096,0.8690884747362041,0.8921438878565051,0.9150240513404929,0.9362244544700951,0.9586241919570891,0.9732109625722649,0.988206788928476,1.0,0.9878672134312559,0.97541511675628,0.960724218280835,0.9406660267305771,0.9202483673671948,0.905207637637671,0.889445823203173,0.8697586466241201,0.8518029611554829,0.831934048827573,0.8023470502444159,0.67051778095928,0.20497225436159,0.128663581373116
0.523861607252789,0.6603020258144671,0.7034777827205141,0.738053542215216,0.7567220665920821,0.787000388246383,0.793756451092667,0.815798375080162,0.828862510264693,0.840381615137256,0.855267815020393,0.8767052379540491,0.897560630492215,0.9200256106915359,0.9413463351343601,0.955633094267607,0.96994429486079,0.9878672134312559,1.0,0.988547444646488,0.9735061651468628,0.9548076178279381,0.933990191958522,0.9174120173609359,0.8997723787995401,0.8797069028869491,0.861551472827138,0.83992239691478,0.8104488410343,0.6813200406659959,0.21533082528614997,0.142605445737981
0.519270309104873,0.651019967887906,0.695742428992551,0.727730224262579,0.747508734000168,0.7787736042396559,0.78630544277127,0.808024991638705,0.820350433851385,0.8309086171440571,0.844401758021895,0.8648972633726509,0.886147606424231,0.9078399368366759,0.929892511777569,0.94541402405951,0.95786953648865,0.97541511675628,0.988547444646488,1.0,0.9893748857606072,0.972102449571307,0.9525976680357728,0.936451420797859,0.918924097630537,0.898383855769586,0.878004717951784,0.8585899689643821,0.828841581245767,0.7005738560578729,0.229197019946689,0.159849019146273
0.507500503786462,0.6359740484088701,0.683072462180809,0.712617840560848,0.733389438026348,0.767297998200843,0.7740287635446671,0.7960070112545741,0.8096246596847672,0.8187340330205591,0.8304304909609459,0.8542782374424829,0.877603100936441,0.8987289780629679,0.9191394307409151,0.9337258584780871,0.9443437668986691,0.960724218280835,0.9735061651468628,0.9893748857606072,1.0,0.9839552366548701,0.963654986856332,0.946117823577122,0.928765852544457,0.906703007209522,0.8843255891771801,0.864615964862934,0.8358183745659691,0.7092362414157249,0.231959711134902,0.16773763609850398
0.493751893175205,0.6166180412981099,0.6627077091945861,0.693535773199818,0.7144326107202141,0.7499327628989799,0.757692112384332,0.7809837436530881,0.796464355285943,0.8056958672083192,0.8161347573518499,0.8384700415591251,0.8600912809707969,0.8809052141494741,0.901203455183687,0.91657180201343,0.9254829479006809,0.9406660267305771,0.9548076178279381,0.972102449571307,0.9839552366548701,1.0,0.986453345938734,0.965987589944734,0.946939304739125,0.9228613567902709,0.9003589278663179,0.8789505034434999,0.847901583500183,0.7192160855462042,0.23341259435808104,0.18106046949536497
0.468497635978625,0.592857215228561,0.641544030693062,0.6730812359816889,0.693637988301678,0.7304604172916691,0.738766172791178,0.764169348226384,0.7811052901470749,0.7919976106245509,0.802210098067396,0.824159599669831,0.843581660943102,0.8628565814636321,0.8824771041767241,0.8988455339676608,0.9056632354442351,0.9202483673671948,0.933990191958522,0.9525976680357728,0.963654986856332,0.986453345938734,1.0,0.98551638383763,0.967907187605502,0.9417196164234829,0.9161279414556321,0.8914603629414379,0.85772415677451,0.726028708760395,0.23351144806479399,0.19176921983372897
0.45214479525393203,0.576954307190988,0.626901659623732,0.6564777476915861,0.676902128037334,0.7108424958047921,0.719720160845851,0.74685285367871,0.7632823869675159,0.775681753600309,0.786100694223868,0.80637199203921,0.8259293879397829,0.844131893854295,0.8656560133102529,0.8818961954367429,0.8905081206656751,0.905207637637671,0.9174120173609359,0.936451420797859,0.946117823577122,0.965987589944734,0.98551638383763,1.0,0.98609333250233,0.958002316810513,0.932192547862576,0.9045091179265592,0.8642767327576659,0.7296963862725171,0.231647852742324,0.20044336599661303
0.43403174259167404,0.5621290095302479,0.6124849848014511,0.6452386174659821,0.6644972430916949,0.697643736741459,0.7075661195302201,0.732939631365481,0.7475218205144242,0.759612480707351,0.77052889942055,0.7912544808258879,0.809455241267999,0.8260695653307579,0.847436255921687,0.8641115350158499,0.873800400516903,0.889445823203173,0.8997723787995401,0.918924097630537,0.928765852544457,0.946939304739125,0.967907187605502,0.98609333250233,1.0,0.978270990000232,0.952525846578168,0.923701504251145,0.8840827066369009,0.7517860991620441,0.241096858621867,0.21134619732346802
0.4238028317701811,0.542418031350303,0.594228002566676,0.625813578926589,0.64354437526574,0.6781859719156441,0.6854823592660869,0.708344093555713,0.7226352525265641,0.736697982991634,0.7493941071885172,0.768399027208692,0.789202263504901,0.8067995808250409,0.8272675553296139,0.844717124035657,0.8531813777722991,0.8697586466241201,0.8797069028869491,0.898383855769586,0.906703007209522,0.9228613567902709,0.9417196164234829,0.958002316810513,0.978270990000232,1.0,0.9766341714087952,0.9470775646814391,0.90747020170297,0.7744187003055341,0.27139327419771897,0.245245299996793
0.41457375964908005,0.525096861239959,0.573205723422319,0.605211674936145,0.6208900383159379,0.655734682156895,0.663451420161989,0.684784815367916,0.70006683972515,0.7128702136179921,0.7245567207244129,0.746205441734902,0.7682554184400359,0.785894584739478,0.8084939600133209,0.825265172192633,0.835598945611073,0.8518029611554829,0.861551472827138,0.878004717951784,0.8843255891771801,0.9003589278663179,0.9161279414556321,0.932192547862576,0.952525846578168,0.9766341714087952,1.0,0.9756405503098678,0.9318392209693399,0.791646630736606,0.280539519312845,0.266657488880941
0.417502819547648,0.51696905235529,0.561816703310036,0.589436289384201,0.606100478034562,0.639861714197713,0.645626732486292,0.66746647601482,0.6844639862158289,0.6978340982175469,0.7060920642192091,0.7249378251134371,0.746969944715362,0.7664914116618671,0.7899421928383921,0.8058982001857858,0.816914646843867,0.831934048827573,0.83992239691478,0.8585899689643821,0.864615964862934,0.8789505034434999,0.8914603629414379,0.9045091179265592,0.923701504251145,0.9470775646814391,0.9756405503098678,1.0,0.963139262261807,0.820289504227532,0.310066917371965,0.295183030676405
0.38116414504465995,0.4790286448455539,0.5224800793930701,0.553362334616193,0.568907950854371,0.600528191073099,0.609457409006687,0.6301765593984731,0.649523255708178,0.664104863438288,0.673672879803724,0.694256461045968,0.716700625648126,0.7384313326528771,0.7603234939329631,0.774847610897855,0.7869734192136469,0.8023470502444159,0.8104488410343,0.828841581245767,0.8358183745659691,0.847901583500183,0.85772415677451,0.8642767327576659,0.8840827066369009,0.90747020170297,0.9318392209693399,0.963139262261807,1.0,0.8978923204182578,0.41012241854615994,0.343604897291987
0.27695778290506395,0.36791576275342897,0.40280834952812,0.433654069012395,0.44681092170309705,0.47261377044053204,0.479970849286734,0.499346146139534,0.520513990187582,0.53701524740714,0.5475331816712079,0.5698883863397339,0.5906576419091489,0.6136678416731071,0.6316162453842429,0.642160417172145,0.6514409817044741,0.67051778095928,0.6813200406659959,0.7005738560578729,0.7092362414157249,0.7192160855462042,0.726028708760395,0.7296963862725171,0.7517860991620441,0.7744187003055341,0.791646630736606,0.820289504227532,0.8978923204182578,1.0,0.626837201202361,0.43078271579033894
0.0572027903480977,0.0831573813327973,0.0814328401631266,0.0912244285404226,0.0963700966255862,0.10200901766826401,0.11150163661191101,0.12148212658097801,0.134217188226223,0.151607607183255,0.153002434707086,0.155315261398732,0.159174100325285,0.182411110934106,0.185960287555592,0.188826051804737,0.191807133215072,0.20497225436159,0.21533082528614997,0.229197019946689,0.231959711134902,0.23341259435808104,0.23351144806479399,0.231647852742324,0.241096858621867,0.27139327419771897,0.280539519312845,0.310066917371965,0.41012241854615994,0.626837201202361,1.0,0.508761264634505
0.000777844889157222,0.0069599143917009,0.0259136344480763,0.040846319474699,0.058782175265199,0.0715032554826396,0.0839862767519666,0.0849875953984012,0.10034945636821302,0.11129688844452301,0.111270382388134,0.10781800439973199,0.10506515355789801,0.111369556731236,0.11300518757729301,0.119559543949294,0.115366276398146,0.128663581373116,0.142605445737981,0.159849019146273,0.16773763609850398,0.18106046949536497,0.19176921983372897,0.20044336599661303,0.21134619732346802,0.245245299996793,0.266657488880941,0.295183030676405,0.343604897291987,0.43078271579033894,0.508761264634505,1.0
