1.0,0.8976993507650459,0.858267693995875,0.8458729305114109,0.833618881483616,0.825236876592121,0.8170014870828709,0.809447149198074,0.7959209925659001,0.786455966076615,0.7800551018598549,0.770811729921553,0.7573863171879021,0.7472573853989192,0.7381659410019591,0.729907800230016,0.716479293992909,0.7051693013244091,0.69925507136477,0.6923177230292129,0.684111853976177,0.6757749556952479,0.66755692681593,0.662276654564949,0.6549506713143011,0.64348047634418,0.635112161967706,0.6071042728914661,0.554545259098871,0.37608766208230704,0.063031762670939,0.0412971840335033
0.8976993507650459,1.0,0.972592831843037,0.957142464341114,0.9445928048206299,0.9385111410417422,0.931243562242687,0.925893861642471,0.91792340220572,0.9097932119136941,0.9041435318213579,0.8976679502669351,0.8883764049065991,0.8801429712984771,0.870716744365569,0.863342167588543,0.8518267893478879,0.843749220413321,0.8360091538123271,0.8283156892144351,0.821266689464365,0.8132350913808091,0.805951787172996,0.800402436626382,0.792905272914629,0.780334898276544,0.7716804692901379,0.7427031557055458,0.684474191947482,0.4942299839993,0.131706098213212,0.0120732920434983
0.858267693995875,0.972592831843037,1.0,0.9865951213609759,0.9766683695890771,0.9702995040271379,0.963851759819905,0.959300864205614,0.954178144566239,0.947481711160861,0.9425539833660629,0.93681857900184,0.9290732133658391,0.921982532197001,0.913721839604515,0.907191005372106,0.89675878599023,0.8898722871783491,0.883864805237053,0.877445375114297,0.8713290907965309,0.864685972812841,0.8581055125793721,0.852434153617653,0.8456120251923791,0.8341761118073009,0.8263723561728551,0.796352152853468,0.7356879862984771,0.532279673294389,0.156180980078088,0.0347314789971525
0.8458729305114109,0.957142464341114,0.9865951213609759,1.0,0.9916584569191129,0.984395695331916,0.9776208603183609,0.972610845761835,0.967406680855795,0.9608478070778659,0.9556044327684828,0.9496213356624609,0.9426098888109979,0.9361237979145971,0.928086144418006,0.922032664624846,0.9121614780728309,0.904920202804106,0.898850415177032,0.892828134847283,0.885817526790846,0.879085580836106,0.872558710716722,0.8670570506704091,0.8602412065987,0.8494223331532271,0.841945098320283,0.8130833255265791,0.7525211649734609,0.544925607867528,0.165098196442905,0.0441279562581471
0.833618881483616,0.9445928048206299,0.9766683695890771,0.9916584569191129,1.0,0.9929000857726971,0.986754540806993,0.9816209371368959,0.976914842030237,0.970387199612572,0.965511063822814,0.9600022543302191,0.952733235901515,0.9462261053709559,0.9391764669118949,0.93291105014346,0.9235914208662191,0.916098492072731,0.9103157178023671,0.9045732007364449,0.8982345348962891,0.892359425979494,0.885940403935485,0.88097410444619,0.874728406155532,0.8641589094843821,0.8563506106871229,0.8280357001548471,0.7673008577412741,0.559018856474552,0.173455368476887,0.0570038710835479
0.825236876592121,0.9385111410417422,0.9702995040271379,0.984395695331916,0.9929000857726971,1.0,0.9943408118034459,0.988704569938045,0.983569717821254,0.9776531481117651,0.972902639571084,0.966843885270008,0.958892478584423,0.9521812397457751,0.9447888433025059,0.9387700395313409,0.929754806623152,0.922146904815012,0.9165764818686271,0.911397447157897,0.9057163889626301,0.8996912113041491,0.893253887683235,0.888312678699455,0.8821323554832521,0.872617657925833,0.864810296294369,0.837247407931673,0.7760035287168001,0.5670231359838579,0.18422215986691,0.0693144273096711
0.8170014870828709,0.931243562242687,0.963851759819905,0.9776208603183609,0.986754540806993,0.9943408118034459,1.0,0.995623405264309,0.9904257890896151,0.984922051231022,0.9801379284967321,0.9737082426615981,0.965980786980572,0.959704831267523,0.95273117171573,0.9466223316584369,0.938414242612146,0.931374493500063,0.9256975356781921,0.9210320002753649,0.916026351571022,0.9103869011699679,0.903356356046833,0.8980735417281629,0.892210114979364,0.883540950638565,0.8757157853268841,0.8483729981748399,0.7869887617773041,0.579627737836602,0.19869987567861702,0.0829071841406555
0.809447149198074,0.925893861642471,0.959300864205614,0.972610845761835,0.9816209371368959,0.988704569938045,0.995623405264309,1.0,0.995686134136693,0.99035396268225,0.9852561730002941,0.978904784908455,0.9711831894581892,0.964955287215669,0.9575834987445291,0.9506565119039929,0.9426399994969059,0.9356565220143199,0.929750872838506,0.924910060708261,0.919707628621115,0.9145310455916509,0.907816902333956,0.90216011438759,0.8964289098916199,0.8878579866647801,0.8800101598677209,0.853652917703665,0.7914806986464201,0.583183757210333,0.203561640239774,0.0865509090835302
0.7959209925659001,0.91792340220572,0.954178144566239,0.967406680855795,0.976914842030237,0.983569717821254,0.9904257890896151,0.995686134136693,1.0,0.995791004037945,0.9910356196421529,0.984995303812219,0.978010792447869,0.971762722063601,0.964271200555851,0.957660999254522,0.949960188048022,0.943664648075172,0.9382177870906959,0.9338058584427958,0.9287263763581891,0.924034399694793,0.917677305590297,0.912402975068923,0.906509606157188,0.897456611278626,0.8899387243664871,0.864296756337293,0.8010573575314671,0.591145910241829,0.204031820395339,0.0888982702508801
0.786455966076615,0.9097932119136941,0.947481711160861,0.9608478070778659,0.970387199612572,0.9776531481117651,0.984922051231022,0.99035396268225,0.995791004037945,1.0,0.996277619487032,0.990475973840266,0.9835610419792199,0.977016738529412,0.969693627355473,0.9634828006959179,0.956296188272327,0.950196006002518,0.9453012560402809,0.940707372133539,0.9359239104223991,0.9317334231455241,0.926250502737633,0.9216968593960491,0.916005323124376,0.907421445073918,0.8998484580536291,0.8741917510046979,0.8101771827689871,0.5984944277692571,0.208377070351547,0.0931153074207123
0.7800551018598549,0.9041435318213579,0.9425539833660629,0.9556044327684828,0.965511063822814,0.972902639571084,0.9801379284967321,0.9852561730002941,0.9910356196421529,0.996277619487032,1.0,0.9960438048608821,0.990161387279677,0.983855210638288,0.976933639860402,0.971232619214712,0.964377616094986,0.9584537675492171,0.953382987498582,0.9487305872476579,0.943969921004048,0.9398456805047021,0.934766560348163,0.930498614258355,0.9250643264819091,0.916520719238719,0.908832486775169,0.8837876959796991,0.820902918296823,0.6091076140078101,0.21621363161957302,0.103664157199982
0.770811729921553,0.8976679502669351,0.93681857900184,0.9496213356624609,0.9600022543302191,0.966843885270008,0.9737082426615981,0.978904784908455,0.984995303812219,0.990475973840266,0.9960438048608821,1.0,0.9960588595756851,0.9905492262543221,0.9838846861084929,0.978516821810457,0.9719160665932509,0.966151457333149,0.960569292693124,0.956041438878436,0.9515391806123341,0.9471304443195521,0.942201262844217,0.938306740374717,0.9332566869426879,0.9253061027357141,0.9177300074439241,0.893814134138852,0.8319903532151859,0.6203579744623411,0.22770579982592198,0.118513135748404
0.7573863171879021,0.8883764049065991,0.9290732133658391,0.9426098888109979,0.952733235901515,0.958892478584423,0.965980786980572,0.9711831894581892,0.978010792447869,0.9835610419792199,0.990161387279677,0.9960588595756851,1.0,0.9960577096938771,0.9902092737957869,0.9849843664426999,0.9785169769088741,0.972891024553612,0.9674150600820071,0.9630069227586691,0.95891321332012,0.954902306384248,0.9501153987855359,0.945916334172121,0.941201017159073,0.9336113136698821,0.92608503099327,0.903440630158102,0.8439766462859208,0.6336697849285179,0.238309304735078,0.131030521964259
0.7472573853989192,0.8801429712984771,0.921982532197001,0.9361237979145971,0.9462261053709559,0.9521812397457751,0.959704831267523,0.964955287215669,0.971762722063601,0.977016738529412,0.983855210638288,0.9905492262543221,0.9960577096938771,1.0,0.9958239100166478,0.9903925966674499,0.9839401570314151,0.978470234107597,0.973183043014953,0.9692520599933679,0.9651285312487121,0.961428398814384,0.956895004051641,0.952727888069176,0.948678026224063,0.9412167422942829,0.9336751071054101,0.912614918643114,0.8546674898383841,0.642983059804582,0.25044897638271396,0.14630562737800198
0.7381659410019591,0.870716744365569,0.913721839604515,0.928086144418006,0.9391764669118949,0.9447888433025059,0.95273117171573,0.9575834987445291,0.964271200555851,0.969693627355473,0.976933639860402,0.9838846861084929,0.9902092737957869,0.9958239100166478,1.0,0.9964978680523509,0.9910447018051949,0.985831944087991,0.9812615768811039,0.977347507480862,0.9730354013836341,0.96900497738269,0.964302823350227,0.960299665574574,0.9564552851871779,0.9492011207118879,0.941983764991328,0.922331029971933,0.865347994230361,0.654963167196911,0.26303171905995204,0.15826483931519697
0.729907800230016,0.863342167588543,0.907191005372106,0.922032664624846,0.93291105014346,0.9387700395313409,0.9466223316584369,0.9506565119039929,0.957660999254522,0.9634828006959179,0.971232619214712,0.978516821810457,0.9849843664426999,0.9903925966674499,0.9964978680523509,1.0,0.996138669218428,0.99203299039802,0.987795739193502,0.984180971302033,0.9799293420451759,0.975881205230419,0.9714256362606078,0.9672157610572,0.9634237947990021,0.9560293927138279,0.948828763595563,0.929783916923756,0.8747030119240441,0.664667307476002,0.276351525476947,0.16984324116286498
0.716479293992909,0.8518267893478879,0.89675878599023,0.9121614780728309,0.9235914208662191,0.929754806623152,0.938414242612146,0.9426399994969059,0.949960188048022,0.956296188272327,0.964377616094986,0.9719160665932509,0.9785169769088741,0.9839401570314151,0.9910447018051949,0.996138669218428,1.0,0.9969685170415351,0.9929296523157192,0.9889909903126121,0.9848800715936351,0.980973698853193,0.9762392170042621,0.971892685701151,0.9681876901680501,0.9612812274000799,0.954279815747523,0.936705238336259,0.8810838208171341,0.6737190445098029,0.28962957350916996,0.1842802680127
0.7051693013244091,0.843749220413321,0.8898722871783491,0.904920202804106,0.916098492072731,0.922146904815012,0.931374493500063,0.9356565220143199,0.943664648075172,0.950196006002518,0.9584537675492171,0.966151457333149,0.972891024553612,0.978470234107597,0.985831944087991,0.99203299039802,0.9969685170415351,1.0,0.9970062299277601,0.993221365043962,0.98961501554242,0.9855366682363771,0.980874712880898,0.976514340031137,0.9726857766353799,0.96590060955315,0.9583490001678591,0.9417944950127758,0.887600152143442,0.6809354542269561,0.296711136965984,0.19610153474481198
0.69925507136477,0.8360091538123271,0.883864805237053,0.898850415177032,0.9103157178023671,0.9165764818686271,0.9256975356781921,0.929750872838506,0.9382177870906959,0.9453012560402809,0.953382987498582,0.960569292693124,0.9674150600820071,0.973183043014953,0.9812615768811039,0.987795739193502,0.9929296523157192,0.9970062299277601,1.0,0.997173721332313,0.9935758350626791,0.9898698166926929,0.9853161066612158,0.98078034059192,0.976729511150078,0.9699216141981809,0.962626218990905,0.946719451865346,0.8940576312556879,0.6916908427171851,0.30616618418881,0.203518776171644
0.6923177230292129,0.8283156892144351,0.877445375114297,0.892828134847283,0.9045732007364449,0.911397447157897,0.9210320002753649,0.924910060708261,0.9338058584427958,0.940707372133539,0.9487305872476579,0.956041438878436,0.9630069227586691,0.9692520599933679,0.977347507480862,0.984180971302033,0.9889909903126121,0.993221365043962,0.997173721332313,1.0,0.9970249739242141,0.993611970293871,0.989431998392284,0.9849269042038951,0.981136807015781,0.9745625157513249,0.9675450645325259,0.95212798696651,0.9015065724717809,0.705340297793886,0.320693621861597,0.21349487299210299
0.684111853976177,0.821266689464365,0.8713290907965309,0.885817526790846,0.8982345348962891,0.9057163889626301,0.916026351571022,0.919707628621115,0.9287263763581891,0.9359239104223991,0.943969921004048,0.9515391806123341,0.95891321332012,0.9651285312487121,0.9730354013836341,0.9799293420451759,0.9848800715936351,0.98961501554242,0.9935758350626791,0.9970249739242141,1.0,0.9971505366607809,0.993126992723698,0.988777305608361,0.9852260148795029,0.979340484636125,0.9722375769819291,0.957301786615645,0.907139220943986,0.714080373553173,0.33086995940054403,0.22601150476236398
0.6757749556952479,0.8132350913808091,0.864685972812841,0.879085580836106,0.892359425979494,0.8996912113041491,0.9103869011699679,0.9145310455916509,0.924034399694793,0.9317334231455241,0.9398456805047021,0.9471304443195521,0.954902306384248,0.961428398814384,0.96900497738269,0.975881205230419,0.980973698853193,0.9855366682363771,0.9898698166926929,0.993611970293871,0.9971505366607809,1.0,0.9969198774200859,0.992692060846625,0.9891351060665451,0.9837249769956771,0.977135011455566,0.9623995517586121,0.9147260815252891,0.723294839423192,0.337011924853056,0.236734783574351
0.66755692681593,0.805951787172996,0.8581055125793721,0.872558710716722,0.885940403935485,0.893253887683235,0.903356356046833,0.907816902333956,0.917677305590297,0.926250502737633,0.934766560348163,0.942201262844217,0.9501153987855359,0.956895004051641,0.964302823350227,0.9714256362606078,0.9762392170042621,0.980874712880898,0.9853161066612158,0.989431998392284,0.993126992723698,0.9969198774200859,1.0,0.9967416768498659,0.993106957431539,0.9881117629971821,0.9818516612057991,0.9674203633012021,0.9228592049367871,0.7336848085859521,0.34792678351354706,0.254276201009725
0.662276654564949,0.800402436626382,0.852434153617653,0.8670570506704091,0.88097410444619,0.888312678699455,0.8980735417281629,0.90216011438759,0.912402975068923,0.9216968593960491,0.930498614258355,0.938306740374717,0.945916334172121,0.952727888069176,0.960299665574574,0.9672157610572,0.971892685701151,0.976514340031137,0.98078034059192,0.9849269042038951,0.988777305608361,0.992692060846625,0.9967416768498659,1.0,0.9965321563845729,0.9915859724347879,0.9855899466849741,0.9721315822037929,0.9306440696309429,0.742665443059197,0.355505756787396,0.263440611126517
0.6549506713143011,0.792905272914629,0.8456120251923791,0.8602412065987,0.874728406155532,0.8821323554832521,0.892210114979364,0.8964289098916199,0.906509606157188,0.916005323124376,0.9250643264819091,0.9332566869426879,0.941201017159073,0.948678026224063,0.9564552851871779,0.9634237947990021,0.9681876901680501,0.9726857766353799,0.976729511150078,0.981136807015781,0.9852260148795029,0.9891351060665451,0.993106957431539,0.9965321563845729,1.0,0.996017450857855,0.990072488153208,0.9774044177177909,0.936451244162325,0.7515008677211009,0.370030965746356,0.281294632565852
0.64348047634418,0.780334898276544,0.8341761118073009,0.8494223331532271,0.8641589094843821,0.872617657925833,0.883540950638565,0.8878579866647801,0.897456611278626,0.907421445073918,0.916520719238719,0.9253061027357141,0.9336113136698821,0.9412167422942829,0.9492011207118879,0.9560293927138279,0.9612812274000799,0.96590060955315,0.9699216141981809,0.9745625157513249,0.979340484636125,0.9837249769956771,0.9881117629971821,0.9915859724347879,0.996017450857855,1.0,0.994921394823562,0.9837041964524851,0.9465237774315519,0.7672998143331992,0.390782149081432,0.306947829319199
0.635112161967706,0.7716804692901379,0.8263723561728551,0.841945098320283,0.8563506106871229,0.864810296294369,0.8757157853268841,0.8800101598677209,0.8899387243664871,0.8998484580536291,0.908832486775169,0.9177300074439241,0.92608503099327,0.9336751071054101,0.941983764991328,0.948828763595563,0.954279815747523,0.9583490001678591,0.962626218990905,0.9675450645325259,0.9722375769819291,0.977135011455566,0.9818516612057991,0.9855899466849741,0.990072488153208,0.994921394823562,1.0,0.990794560671998,0.9576994532067209,0.7882563688608721,0.418411086796829,0.332275814427546
0.6071042728914661,0.7427031557055458,0.796352152853468,0.8130833255265791,0.8280357001548471,0.837247407931673,0.8483729981748399,0.853652917703665,0.864296756337293,0.8741917510046979,0.8837876959796991,0.893814134138852,0.903440630158102,0.912614918643114,0.922331029971933,0.929783916923756,0.936705238336259,0.9417944950127758,0.946719451865346,0.95212798696651,0.957301786615645,0.9623995517586121,0.9674203633012021,0.9721315822037929,0.9774044177177909,0.9837041964524851,0.990794560671998,1.0,0.972846701408505,0.8179542222410371,0.45897080775466903,0.380224646342376
0.554545259098871,0.684474191947482,0.7356879862984771,0.7525211649734609,0.7673008577412741,0.7760035287168001,0.7869887617773041,0.7914806986464201,0.8010573575314671,0.8101771827689871,0.820902918296823,0.8319903532151859,0.8439766462859208,0.8546674898383841,0.865347994230361,0.8747030119240441,0.8810838208171341,0.887600152143442,0.8940576312556879,0.9015065724717809,0.907139220943986,0.9147260815252891,0.9228592049367871,0.9306440696309429,0.936451244162325,0.9465237774315519,0.9576994532067209,0.972846701408505,1.0,0.880891866626536,0.544985709882029,0.46496192885515003
0.37608766208230704,0.4942299839993,0.532279673294389,0.544925607867528,0.559018856474552,0.5670231359838579,0.579627737836602,0.583183757210333,0.591145910241829,0.5984944277692571,0.6091076140078101,0.6203579744623411,0.6336697849285179,0.642983059804582,0.654963167196911,0.664667307476002,0.6737190445098029,0.6809354542269561,0.6916908427171851,0.705340297793886,0.714080373553173,0.723294839423192,0.7336848085859521,0.742665443059197,0.7515008677211009,0.7672998143331992,0.7882563688608721,0.8179542222410371,0.880891866626536,1.0,0.7485618167453749,0.6670097811541701
0.063031762670939,0.131706098213212,0.156180980078088,0.165098196442905,0.173455368476887,0.18422215986691,0.19869987567861702,0.203561640239774,0.204031820395339,0.208377070351547,0.21621363161957302,0.22770579982592198,0.238309304735078,0.25044897638271396,0.26303171905995204,0.276351525476947,0.28962957350916996,0.296711136965984,0.30616618418881,0.320693621861597,0.33086995940054403,0.337011924853056,0.34792678351354706,0.355505756787396,0.370030965746356,0.390782149081432,0.418411086796829,0.45897080775466903,0.544985709882029,0.7485618167453749,1.0,0.8332072622946641
0.0412971840335033,0.0120732920434983,0.0347314789971525,0.0441279562581471,0.0570038710835479,0.0693144273096711,0.0829071841406555,0.0865509090835302,0.0888982702508801,0.0931153074207123,0.103664157199982,0.118513135748404,0.131030521964259,0.14630562737800198,0.15826483931519697,0.16984324116286498,0.1842802680127,0.19610153474481198,0.203518776171644,0.21349487299210299,0.22601150476236398,0.236734783574351,0.254276201009725,0.263440611126517,0.281294632565852,0.306947829319199,0.332275814427546,0.380224646342376,0.46496192885515003,0.6670097811541701,0.8332072622946641,1.0
