1.0,0.92894396176898,0.9138336089659751,0.9092476279465641,0.902779681797169,0.901063003049242,0.8980722999987109,0.8928368352839829,0.8883591344596871,0.8868943402424551,0.8832441978610259,0.8817360204144241,0.879384209369088,0.8772099673723741,0.8734750332982829,0.871331014315508,0.868321026824739,0.862525125540911,0.8595634373072379,0.856294670828619,0.853378213133041,0.8476923904097231,0.8422849637693091,0.83853194913389,0.8359971864734009,0.831585706746103,0.8265640846360809,0.818472557202693,0.8139042090692629,0.794261091306366,0.729200157152503,0.29879226098246603
0.92894396176898,1.0,0.9855910815799641,0.9787983809177572,0.9739713978560641,0.970901851464606,0.9676779023344009,0.963581804243408,0.96011547655138,0.9577687636833191,0.9554823126986891,0.953975923331685,0.950931197436806,0.948821929492936,0.9465285974684359,0.943972591643119,0.941191061097251,0.937445798739927,0.9344466221045721,0.9315483565890229,0.9275223016174381,0.923248696992252,0.919250498536087,0.917627598007609,0.915442121616954,0.9106554205876141,0.9055159280825681,0.8980544917678491,0.890744728446645,0.869406705804729,0.8060674009233059,0.346864103619474
0.9138336089659751,0.9855910815799641,1.0,0.9935327457210459,0.9888026043359001,0.9856973072565809,0.983172906782327,0.9796537733673629,0.9765028442111591,0.9742545969886608,0.971720661313081,0.9698807456564541,0.966769479013697,0.964279788178742,0.962094254301115,0.959502519945126,0.957090688215152,0.954183787428083,0.9510466605390391,0.947924724224083,0.9444005953974209,0.9403955814902311,0.936830703131843,0.9350316147031,0.9331250750214821,0.9290684211648791,0.92467033987154,0.9185515580490542,0.9121872821433009,0.8915672294970359,0.830709983108494,0.367195683047041
0.9092476279465641,0.9787983809177572,0.9935327457210459,1.0,0.9960898827693209,0.9927806724943159,0.98984833747294,0.986606800562039,0.983600317953983,0.9810969381825421,0.978022835632524,0.9761803890305759,0.9731172329193531,0.9706334541915791,0.9685277687007421,0.965875902674555,0.9632348805684291,0.96056479780781,0.958152407227216,0.955430692516018,0.9522702009151909,0.9485315010129941,0.94531895105483,0.9434374845991121,0.941687558403413,0.93818044144089,0.934510835591611,0.929185416596362,0.9231729818476669,0.90307032944472,0.8428734800819542,0.3785731484999029
0.902779681797169,0.9739713978560641,0.9888026043359001,0.9960898827693209,1.0,0.996838249289172,0.9934859860879259,0.9898724823182591,0.986872278155163,0.9842056159006801,0.981036654078282,0.9789400261894009,0.976011438781981,0.9732762628165641,0.9711001886015359,0.9683193951788929,0.9656789915500121,0.962974274332125,0.9604996317106991,0.957832555910871,0.954997667359913,0.9516408877886021,0.948268144293883,0.946341804193244,0.9447116379201609,0.941090362441684,0.937898947719182,0.9329423613253229,0.9271548826583991,0.9079810411229029,0.8483531117798659,0.382169727150281
0.901063003049242,0.970901851464606,0.9856973072565809,0.9927806724943159,0.996838249289172,1.0,0.99750266923265,0.993973952916835,0.9908965899230731,0.9878883519658442,0.984488205530329,0.982277078697725,0.979285606578394,0.976632638070765,0.974212227461759,0.9712405108613309,0.968331722177327,0.965336966630687,0.962775091871735,0.960207240378644,0.957209639739168,0.9537950395870909,0.95071353713273,0.948716324765971,0.947006614628135,0.9431729757895991,0.9399267511543951,0.9348842094904979,0.928791224676113,0.9103509634518909,0.8504620319633129,0.38601368755116
0.8980722999987109,0.9676779023344009,0.983172906782327,0.98984833747294,0.9934859860879259,0.99750266923265,1.0,0.9975845161042121,0.994661161067846,0.9914973656810581,0.988184199922726,0.9857403770701649,0.9826639710197841,0.980168333481812,0.9775568165406959,0.9746047320096619,0.9717364185743951,0.9686294390834,0.966014580120547,0.9635415265645442,0.960766384159976,0.9574829720326998,0.95450460194622,0.9524387775724742,0.951051442129933,0.9471419771863809,0.943717020165122,0.9388870920112309,0.9331961688909408,0.9148174170675659,0.8559022583774659,0.395130019761797
0.8928368352839829,0.963581804243408,0.9796537733673629,0.986606800562039,0.9898724823182591,0.993973952916835,0.9975845161042121,1.0,0.9978502782809809,0.9950949765923319,0.9915704750697779,0.9890002745739491,0.985861454262492,0.983518598278817,0.9807060448046749,0.9778577042483841,0.9750530568251958,0.9719637968943821,0.969273114287264,0.9666992255265491,0.9639963317097409,0.960636066463042,0.9576658272573471,0.9555951546675742,0.954361999390058,0.9505945903755529,0.947172637439747,0.9426049354637108,0.9374057329821059,0.919374069697874,0.861855403663637,0.401241720254016
0.8883591344596871,0.96011547655138,0.9765028442111591,0.983600317953983,0.986872278155163,0.9908965899230731,0.994661161067846,0.9978502782809809,1.0,0.998031013142964,0.9951113508071802,0.99250522432106,0.9895319260562241,0.9873770889692,0.984746652299913,0.982031257128804,0.979322329557913,0.976214950308738,0.9734675745263441,0.970917807585134,0.9684697090744008,0.965204753926743,0.962393161461302,0.9605347112733441,0.959434561832824,0.955783332435633,0.952240277597595,0.9477905561559059,0.942731609366277,0.9255676092117131,0.8689566638460658,0.4114339580300129
0.8868943402424551,0.9577687636833191,0.9742545969886608,0.9810969381825421,0.9842056159006801,0.9878883519658442,0.9914973656810581,0.9950949765923319,0.998031013142964,1.0,0.9981279343299251,0.9957074479001279,0.9929795440796589,0.9907590537717621,0.98830608364466,0.985737251886294,0.9830145423978779,0.979947946341302,0.977251004987211,0.9744659706618599,0.9720441437775691,0.9687630290302759,0.965859975144365,0.964008368412977,0.96283906288683,0.959377684176812,0.956127793778029,0.9516313901956709,0.946658445404193,0.929591924822111,0.874198097348274,0.414926513399057
0.8832441978610259,0.9554823126986891,0.971720661313081,0.978022835632524,0.981036654078282,0.984488205530329,0.988184199922726,0.9915704750697779,0.9951113508071802,0.9981279343299251,1.0,0.9984830663653821,0.9961695860805021,0.99394154269284,0.9915552300753679,0.9889595421086441,0.986323587136335,0.9833568143963308,0.9807151386759101,0.977697961803968,0.975120990085565,0.9720332028337372,0.9690003706074108,0.9674185921029308,0.9660582945282901,0.962467598200902,0.959207535428979,0.954737735492501,0.949572816674375,0.932814707670423,0.8789479399997079,0.42074203823598294
0.8817360204144241,0.953975923331685,0.9698807456564541,0.9761803890305759,0.9789400261894009,0.982277078697725,0.9857403770701649,0.9890002745739491,0.99250522432106,0.9957074479001279,0.9984830663653821,1.0,0.9985722283216691,0.996593387804008,0.9942788827585591,0.9918115778053941,0.9892300212111721,0.986293203064702,0.983741780493045,0.9808417338824851,0.9783801035231049,0.9753334801674391,0.972416955395508,0.9707123458119109,0.969294271851148,0.965711838407864,0.9625898473331,0.9581068694790071,0.9530009410471929,0.936704164628506,0.8832320496942251,0.4225179144944411
0.879384209369088,0.950931197436806,0.966769479013697,0.9731172329193531,0.976011438781981,0.979285606578394,0.9826639710197841,0.985861454262492,0.9895319260562241,0.9929795440796589,0.9961695860805021,0.9985722283216691,1.0,0.998656954390303,0.996698452401218,0.994474072351538,0.992137705706628,0.9893827968791709,0.9870119521943821,0.9840986002933879,0.9817147881681341,0.9787270103337459,0.9759498323086808,0.974171384803011,0.972872651925471,0.9695694140291681,0.966424546662494,0.9619018156278041,0.9569611366278249,0.9411202211729671,0.888229037316713,0.42894263685800105
0.8772099673723741,0.948821929492936,0.964279788178742,0.9706334541915791,0.9732762628165641,0.976632638070765,0.980168333481812,0.983518598278817,0.9873770889692,0.9907590537717621,0.99394154269284,0.996593387804008,0.998656954390303,1.0,0.9986315323250909,0.996655812504213,0.9944622177986209,0.991755379276471,0.989446184882064,0.9866868292430401,0.9844092890813391,0.98156700854918,0.978897360688429,0.977212354682701,0.9758743282605359,0.9726629033053729,0.969644388159555,0.9652532650356249,0.960594821264952,0.945675233670766,0.8937396776130999,0.43766421499066294
0.8734750332982829,0.9465285974684359,0.962094254301115,0.9685277687007421,0.9711001886015359,0.974212227461759,0.9775568165406959,0.9807060448046749,0.984746652299913,0.98830608364466,0.9915552300753679,0.9942788827585591,0.996698452401218,0.9986315323250909,1.0,0.998707439463429,0.996869140202869,0.9944436909348059,0.9922377745535541,0.989668741590485,0.9875327133469829,0.9848252916289,0.982260753764548,0.980650653899306,0.9793636099778001,0.9761822797399259,0.973173800032952,0.968750353011492,0.96384857091426,0.948842268864235,0.897539238708078,0.442408103397525
0.871331014315508,0.943972591643119,0.959502519945126,0.965875902674555,0.9683193951788929,0.9712405108613309,0.9746047320096619,0.9778577042483841,0.982031257128804,0.985737251886294,0.9889595421086441,0.9918115778053941,0.994474072351538,0.996655812504213,0.998707439463429,1.0,0.9987251063386721,0.9967053139316221,0.994616925411908,0.9921327329288371,0.9900361581148471,0.987417797632197,0.9850689896696658,0.9834647055899809,0.9820707758205609,0.9789698203487679,0.9759485123115881,0.971344063252545,0.966339789647187,0.9513993480890269,0.8999265856602908,0.446809257403053
0.868321026824739,0.941191061097251,0.957090688215152,0.9632348805684291,0.9656789915500121,0.968331722177327,0.9717364185743951,0.9750530568251958,0.979322329557913,0.9830145423978779,0.986323587136335,0.9892300212111721,0.992137705706628,0.9944622177986209,0.996869140202869,0.9987251063386721,1.0,0.9987707822151459,0.9969008450315558,0.9946195481824369,0.9925922445872242,0.990150225743253,0.9880475808871471,0.9863904272655909,0.9850429892534742,0.981850707806519,0.978984134421711,0.9742633745447821,0.969328221359739,0.954344793078039,0.903279313557231,0.4512258706065901
0.862525125540911,0.937445798739927,0.954183787428083,0.96056479780781,0.962974274332125,0.965336966630687,0.9686294390834,0.9719637968943821,0.976214950308738,0.979947946341302,0.9833568143963308,0.986293203064702,0.9893827968791709,0.991755379276471,0.9944436909348059,0.9967053139316221,0.9987707822151459,1.0,0.9987255794167429,0.9968348370321859,0.994819649799512,0.9925568534367621,0.9906061808785109,0.989010885846977,0.9876435381814308,0.9845393838695219,0.981870444450658,0.9773002185202159,0.972245843004746,0.9574138409417909,0.908663580006127,0.45956603418795294
0.8595634373072379,0.9344466221045721,0.9510466605390391,0.958152407227216,0.9604996317106991,0.962775091871735,0.966014580120547,0.969273114287264,0.9734675745263441,0.977251004987211,0.9807151386759101,0.983741780493045,0.9870119521943821,0.989446184882064,0.9922377745535541,0.994616925411908,0.9969008450315558,0.9987255794167429,1.0,0.998716263834375,0.9969396241368349,0.9947170161540521,0.992833547963564,0.9909871950393829,0.98952485221959,0.986467040452885,0.98375557570591,0.9792203271021329,0.973896427806434,0.958948255115692,0.9103592115527309,0.461805194668677
0.856294670828619,0.9315483565890229,0.947924724224083,0.955430692516018,0.957832555910871,0.960207240378644,0.9635415265645442,0.9666992255265491,0.970917807585134,0.9744659706618599,0.977697961803968,0.9808417338824851,0.9840986002933879,0.9866868292430401,0.989668741590485,0.9921327329288371,0.9946195481824369,0.9968348370321859,0.998716263834375,1.0,0.998696863912106,0.9966706893786821,0.994838514393808,0.9928138458549691,0.991334055708613,0.988307331918456,0.9854982063714771,0.9810438474016608,0.9753941210570259,0.9607157872956121,0.9122787502735742,0.46395662614836797
0.853378213133041,0.9275223016174381,0.9444005953974209,0.9522702009151909,0.954997667359913,0.957209639739168,0.960766384159976,0.9639963317097409,0.9684697090744008,0.9720441437775691,0.975120990085565,0.9783801035231049,0.9817147881681341,0.9844092890813391,0.9875327133469829,0.9900361581148471,0.9925922445872242,0.994819649799512,0.9969396241368349,0.998696863912106,1.0,0.998536655265356,0.9969138800139811,0.9948019581528249,0.993133955117744,0.99036426710472,0.987541596123121,0.9830236251484771,0.977228614082389,0.963010216857676,0.915235656451955,0.4702140549942271
0.8476923904097231,0.923248696992252,0.9403955814902311,0.9485315010129941,0.9516408877886021,0.9537950395870909,0.9574829720326998,0.960636066463042,0.965204753926743,0.9687630290302759,0.9720332028337372,0.9753334801674391,0.9787270103337459,0.98156700854918,0.9848252916289,0.987417797632197,0.990150225743253,0.9925568534367621,0.9947170161540521,0.9966706893786821,0.998536655265356,1.0,0.998771806551712,0.996703164395539,0.994980787420342,0.99253230923122,0.9897791085841701,0.98553893285309,0.9798515783921841,0.9665504066486509,0.9205007290431659,0.476101852126775
0.8422849637693091,0.919250498536087,0.936830703131843,0.94531895105483,0.948268144293883,0.95071353713273,0.95450460194622,0.9576658272573471,0.962393161461302,0.965859975144365,0.9690003706074108,0.972416955395508,0.9759498323086808,0.978897360688429,0.982260753764548,0.9850689896696658,0.9880475808871471,0.9906061808785109,0.992833547963564,0.994838514393808,0.9969138800139811,0.998771806551712,1.0,0.9983570933141741,0.996619583470591,0.9944759874852259,0.991796060052212,0.9877481404859241,0.9820840778821209,0.9691790661296171,0.923092171539754,0.4808365589791311
0.83853194913389,0.917627598007609,0.9350316147031,0.9434374845991121,0.946341804193244,0.948716324765971,0.9524387775724742,0.9555951546675742,0.9605347112733441,0.964008368412977,0.9674185921029308,0.9707123458119109,0.974171384803011,0.977212354682701,0.980650653899306,0.9834647055899809,0.9863904272655909,0.989010885846977,0.9909871950393829,0.9928138458549691,0.9948019581528249,0.996703164395539,0.9983570933141741,1.0,0.9984154581045799,0.9963252777121671,0.993732384911381,0.990022858508991,0.9846641628761842,0.9720035385223241,0.9272568657700729,0.483249273857349
0.8359971864734009,0.915442121616954,0.9331250750214821,0.941687558403413,0.9447116379201609,0.947006614628135,0.951051442129933,0.954361999390058,0.959434561832824,0.96283906288683,0.9660582945282901,0.969294271851148,0.972872651925471,0.9758743282605359,0.9793636099778001,0.9820707758205609,0.9850429892534742,0.9876435381814308,0.98952485221959,0.991334055708613,0.993133955117744,0.994980787420342,0.996619583470591,0.9984154581045799,1.0,0.998233274871937,0.9957759962077629,0.992494251554202,0.987421313880702,0.9746958181181871,0.9296566376042549,0.48819151367177205
0.831585706746103,0.9106554205876141,0.9290684211648791,0.93818044144089,0.941090362441684,0.9431729757895991,0.9471419771863809,0.9505945903755529,0.955783332435633,0.959377684176812,0.962467598200902,0.965711838407864,0.9695694140291681,0.9726629033053729,0.9761822797399259,0.9789698203487679,0.981850707806519,0.9845393838695219,0.986467040452885,0.988307331918456,0.99036426710472,0.99253230923122,0.9944759874852259,0.9963252777121671,0.998233274871937,1.0,0.9975546880292259,0.9940178209057181,0.9890550793157091,0.9772325914334691,0.9335094452885421,0.492809877138087
0.8265640846360809,0.9055159280825681,0.92467033987154,0.934510835591611,0.937898947719182,0.9399267511543951,0.943717020165122,0.947172637439747,0.952240277597595,0.956127793778029,0.959207535428979,0.9625898473331,0.966424546662494,0.969644388159555,0.973173800032952,0.9759485123115881,0.978984134421711,0.981870444450658,0.98375557570591,0.9854982063714771,0.987541596123121,0.9897791085841701,0.991796060052212,0.993732384911381,0.9957759962077629,0.9975546880292259,1.0,0.996959044671087,0.9920441891879821,0.9805319855769649,0.936584685061592,0.4950198469360121
0.818472557202693,0.8980544917678491,0.9185515580490542,0.929185416596362,0.9329423613253229,0.9348842094904979,0.9388870920112309,0.9426049354637108,0.9477905561559059,0.9516313901956709,0.954737735492501,0.9581068694790071,0.9619018156278041,0.9652532650356249,0.968750353011492,0.971344063252545,0.9742633745447821,0.9773002185202159,0.9792203271021329,0.9810438474016608,0.9830236251484771,0.98553893285309,0.9877481404859241,0.990022858508991,0.992494251554202,0.9940178209057181,0.996959044671087,1.0,0.995927748334037,0.984391269349996,0.940348538122509,0.5048791668464361
0.8139042090692629,0.890744728446645,0.9121872821433009,0.9231729818476669,0.9271548826583991,0.928791224676113,0.9331961688909408,0.9374057329821059,0.942731609366277,0.946658445404193,0.949572816674375,0.9530009410471929,0.9569611366278249,0.960594821264952,0.96384857091426,0.966339789647187,0.969328221359739,0.972245843004746,0.973896427806434,0.9753941210570259,0.977228614082389,0.9798515783921841,0.9820840778821209,0.9846641628761842,0.987421313880702,0.9890550793157091,0.9920441891879821,0.995927748334037,1.0,0.989988347730611,0.9474222954125648,0.5138642791109529
0.794261091306366,0.869406705804729,0.8915672294970359,0.90307032944472,0.9079810411229029,0.9103509634518909,0.9148174170675659,0.919374069697874,0.9255676092117131,0.929591924822111,0.932814707670423,0.936704164628506,0.9411202211729671,0.945675233670766,0.948842268864235,0.9513993480890269,0.954344793078039,0.9574138409417909,0.958948255115692,0.9607157872956121,0.963010216857676,0.9665504066486509,0.9691790661296171,0.9720035385223241,0.9746958181181871,0.9772325914334691,0.9805319855769649,0.984391269349996,0.989988347730611,1.0,0.967966611257493,0.557926439373127
0.729200157152503,0.8060674009233059,0.830709983108494,0.8428734800819542,0.8483531117798659,0.8504620319633129,0.8559022583774659,0.861855403663637,0.8689566638460658,0.874198097348274,0.8789479399997079,0.8832320496942251,0.888229037316713,0.8937396776130999,0.897539238708078,0.8999265856602908,0.903279313557231,0.908663580006127,0.9103592115527309,0.9122787502735742,0.915235656451955,0.9205007290431659,0.923092171539754,0.9272568657700729,0.9296566376042549,0.9335094452885421,0.936584685061592,0.940348538122509,0.9474222954125648,0.967966611257493,1.0,0.611036470870199
0.29879226098246603,0.346864103619474,0.367195683047041,0.3785731484999029,0.382169727150281,0.38601368755116,0.395130019761797,0.401241720254016,0.4114339580300129,0.414926513399057,0.42074203823598294,0.4225179144944411,0.42894263685800105,0.43766421499066294,0.442408103397525,0.446809257403053,0.4512258706065901,0.45956603418795294,0.461805194668677,0.46395662614836797,0.4702140549942271,0.476101852126775,0.4808365589791311,0.483249273857349,0.48819151367177205,0.492809877138087,0.4950198469360121,0.5048791668464361,0.5138642791109529,0.557926439373127,0.611036470870199,1.0
