1.0,0.8872288704197271,0.8649683281948242,0.8543767210490278,0.845674814042365,0.8408671750274742,0.833420091273216,0.82740042328138,0.8209394231032059,0.815132298373353,0.809002069229817,0.8040196980085179,0.7991959683969959,0.7968052155976508,0.7922677352074801,0.788569927700109,0.786921568386788,0.785114638955452,0.7790467170590359,0.7751006750961071,0.774875811340592,0.7740937004489699,0.7710282746455799,0.7676196505223242,0.762819065789558,0.755421526487298,0.750219050805244,0.7372702974303491,0.718210404841199,0.6676076746860871,0.541311847329987,0.268780830602846
0.8872288704197271,1.0,0.986022350738544,0.9793298057907769,0.9721803782220609,0.9666468585886671,0.961147125560569,0.956404944403294,0.951881879279184,0.947131678852478,0.9430338808133181,0.940554101301413,0.937218531561808,0.9352378661327501,0.9321263742586852,0.929013254911775,0.9270285213809409,0.925217821294914,0.9209807088566808,0.9182161215547191,0.916396334887,0.915296080272157,0.9124743361724579,0.9097158698456371,0.9059355107412399,0.899271878686642,0.8942374400832479,0.8825909615106441,0.8637453479179791,0.8161414418288441,0.6839547530139629,0.36031979899025895
0.8649683281948242,0.986022350738544,1.0,0.9930470935703058,0.9876028803568292,0.982622367994383,0.977388894958825,0.973253813857493,0.9690426100904229,0.9644251473892209,0.960555911794412,0.9581306233417242,0.9552307486641171,0.9533990687953059,0.9507780563153451,0.9482712901585258,0.9463248172597509,0.944609532900389,0.9410035244340441,0.939065594431215,0.9374763042870731,0.936207298432707,0.9337515503664091,0.9314318405065172,0.927639236727721,0.9215973195708149,0.9169140455470541,0.906266858884297,0.888082643754962,0.8427603152404342,0.7120538660111461,0.385310880222004
0.8543767210490278,0.9793298057907769,0.9930470935703058,1.0,0.995731719861888,0.9908262012121071,0.986665057766627,0.9831192539539692,0.97970386134228,0.975535797964164,0.9716441868737289,0.968991668034923,0.9664150958271809,0.964449599648926,0.961815260783249,0.9596294578348421,0.95763957004322,0.956153136812742,0.9531152742390371,0.951351058724055,0.9500902465654381,0.9493541907170041,0.9468757971901909,0.9446393613060029,0.9410261264991949,0.935911982384607,0.9313676110235491,0.921031791821269,0.903127085763459,0.859698356434042,0.729539523764127,0.39255927176160904
0.845674814042365,0.9721803782220609,0.9876028803568292,0.995731719861888,1.0,0.996409241131303,0.9927555996618821,0.989618835975197,0.98646675634835,0.982429233161121,0.978490545127217,0.976096251858469,0.9735435116833141,0.9714876027640341,0.968931354503547,0.966669987729039,0.9645315508350321,0.962876566587895,0.959963984899765,0.958288926890672,0.956920767888309,0.956267281962849,0.95368374083118,0.9516451030344449,0.948275109804658,0.94342662268492,0.9392429778173629,0.929237215554123,0.9123018052620842,0.8699498040822891,0.739858664429494,0.40073906496732103
0.8408671750274742,0.9666468585886671,0.982622367994383,0.9908262012121071,0.996409241131303,1.0,0.9974022095045151,0.9946292648993079,0.991600709859111,0.988047873523295,0.9845183665843851,0.982362747108747,0.979925221892338,0.9781178277101641,0.9756507738831981,0.9733726262074491,0.971391665917094,0.9694861496115591,0.9667140637603149,0.965051452362807,0.9639736589959701,0.9632883813494109,0.9610393572341991,0.959231458254843,0.9559166451024529,0.951219284652137,0.9473153665042839,0.9377211237833929,0.9212167952843359,0.8795115603775491,0.7503703619366071,0.40947267270033
0.833420091273216,0.961147125560569,0.977388894958825,0.986665057766627,0.9927555996618821,0.9974022095045151,1.0,0.9980693680716122,0.995407335554665,0.992145772958134,0.9891521836416759,0.9871087537092859,0.9846116564731379,0.982985955662018,0.980567255037995,0.978420651508957,0.976338837013225,0.9746074962466641,0.972210858405794,0.9705980116833008,0.969692114702112,0.9691349448013559,0.9670977653117901,0.965488175851672,0.962417865196746,0.9580968170488359,0.954382593170067,0.9454020459020841,0.9293945323003892,0.8895467082550259,0.763216429823327,0.4229579036679129
0.82740042328138,0.956404944403294,0.973253813857493,0.9831192539539692,0.989618835975197,0.9946292648993079,0.9980693680716122,1.0,0.998386862097866,0.995721772212853,0.992988531698209,0.9910321151955359,0.988753798050547,0.9871677729785749,0.985111680595855,0.9830709640236579,0.981094577583222,0.979507918453234,0.9772771563591259,0.975724176986006,0.974982854312481,0.974473144707581,0.972417009041059,0.970836719946231,0.968168546758174,0.9640148634897541,0.960261926449748,0.9517607631591658,0.936684955848735,0.897898294462392,0.7743034012041159,0.43385593136218104
0.8209394231032059,0.951881879279184,0.9690426100904229,0.97970386134228,0.98646675634835,0.991600709859111,0.995407335554665,0.998386862097866,1.0,0.9983637433035709,0.996150264768247,0.9942380279537191,0.9923676193944259,0.9909172144736491,0.9890263492129541,0.9872487405764699,0.9853498288403959,0.9838628933545931,0.9817597923577571,0.98014372336001,0.9794342702530591,0.9789251103714479,0.976684031732174,0.9749967295371289,0.972525673315749,0.968663850561953,0.965212244784947,0.9568585705407041,0.9422776109216279,0.9040433540137109,0.781321408605578,0.44015076685754
0.815132298373353,0.947131678852478,0.9644251473892209,0.975535797964164,0.982429233161121,0.988047873523295,0.992145772958134,0.995721772212853,0.9983637433035709,1.0,0.998512535752629,0.9968853995648609,0.995223867653096,0.99361910356409,0.9918171746204859,0.9899334884645641,0.988189296337383,0.986745915789836,0.9848029370505391,0.98341360887224,0.982691121509805,0.9821081690669341,0.979901538622262,0.9783016511761751,0.975922745713177,0.972287353305981,0.968992841330886,0.960881217255933,0.946349649543861,0.9088416060640592,0.786997406862562,0.4448741253342371
0.809002069229817,0.9430338808133181,0.960555911794412,0.9716441868737289,0.978490545127217,0.9845183665843851,0.9891521836416759,0.992988531698209,0.996150264768247,0.998512535752629,1.0,0.99884564881843,0.9974435289999899,0.995944745492006,0.994264873419229,0.992577127691923,0.9909515885525111,0.989612673271455,0.987881672397909,0.9865987452972099,0.9856979915441859,0.9849340366814169,0.982838615085908,0.981259545408596,0.978946486744509,0.9755326394985171,0.9721813799340759,0.9642023437142299,0.949790740924657,0.912707482789137,0.7916078406049891,0.44825318073715503
0.8040196980085179,0.940554101301413,0.9581306233417242,0.968991668034923,0.976096251858469,0.982362747108747,0.9871087537092859,0.9910321151955359,0.9942380279537191,0.9968853995648609,0.99884564881843,1.0,0.998962414196945,0.9976543525300601,0.9960077039212311,0.9943998212597049,0.992839369021731,0.99155068900288,0.989814527359517,0.988600936672227,0.987610453119279,0.98679770845258,0.984891207209899,0.9833346421795329,0.9810384855533231,0.977531004013938,0.974270723159151,0.966325544284672,0.9525706585283921,0.9159461173308341,0.7951196734353101,0.452524680731719
0.7991959683969959,0.937218531561808,0.9552307486641171,0.9664150958271809,0.9735435116833141,0.979925221892338,0.9846116564731379,0.988753798050547,0.9923676193944259,0.995223867653096,0.9974435289999899,0.998962414196945,1.0,0.9990993919784079,0.9976837078947841,0.9962268933316891,0.9947121982064341,0.993479100751899,0.9918197003488279,0.9906426965910491,0.989527663915875,0.9887249991382959,0.986715505077731,0.9850634161039871,0.982693814530896,0.97928522845921,0.975990339536905,0.9680636936123841,0.954723504167915,0.918114652661242,0.7977830181296529,0.45560217206526504
0.7968052155976508,0.9352378661327501,0.9533990687953059,0.964449599648926,0.9714876027640341,0.9781178277101641,0.982985955662018,0.9871677729785749,0.9909172144736491,0.99361910356409,0.995944745492006,0.9976543525300601,0.9990993919784079,1.0,0.998968337508791,0.9977117867232429,0.996274098169788,0.995177558267261,0.993580151949898,0.992367259604927,0.991223525120659,0.990377234781108,0.9884820703515251,0.9867930354299341,0.9842637401634441,0.9807778184528521,0.9774592432042142,0.969579168178492,0.956428940646318,0.9201654496733521,0.800387629626665,0.458924408011636
0.7922677352074801,0.9321263742586852,0.9507780563153451,0.961815260783249,0.968931354503547,0.9756507738831981,0.980567255037995,0.985111680595855,0.9890263492129541,0.9918171746204859,0.994264873419229,0.9960077039212311,0.9976837078947841,0.998968337508791,1.0,0.9990453123180141,0.9978262571033231,0.9967450950758109,0.99531478789375,0.9940056444483442,0.9929918425944659,0.9920021808949789,0.9902251231093759,0.9884848910171721,0.986143817234098,0.9827480223563578,0.9794119167319241,0.971511955547543,0.9585060868925591,0.922621461737357,0.804700584445432,0.465110222433349
0.788569927700109,0.929013254911775,0.9482712901585258,0.9596294578348421,0.966669987729039,0.9733726262074491,0.978420651508957,0.9830709640236579,0.9872487405764699,0.9899334884645641,0.992577127691923,0.9943998212597049,0.9962268933316891,0.9977117867232429,0.9990453123180141,1.0,0.9991380750769371,0.998159177055558,0.9968918252566039,0.9956375655347891,0.9946574264529091,0.9936266983688141,0.991929663004953,0.9902656342433851,0.988003917722355,0.9846965854408041,0.9815191429001391,0.973678464676433,0.9610472785416229,0.9255738064182399,0.8086695741878491,0.468745471267439
0.786921568386788,0.9270285213809409,0.9463248172597509,0.95763957004322,0.9645315508350321,0.971391665917094,0.976338837013225,0.981094577583222,0.9853498288403959,0.988189296337383,0.9909515885525111,0.992839369021731,0.9947121982064341,0.996274098169788,0.9978262571033231,0.9991380750769371,1.0,0.9991122160456041,0.9979862289619531,0.996731440289841,0.995908925733936,0.994838313301569,0.993366964967496,0.99173118537233,0.989578076010967,0.986359157299305,0.9832398687756642,0.9755196176145831,0.962845730096522,0.927830019989471,0.8118840591654399,0.47200810576926
0.785114638955452,0.925217821294914,0.944609532900389,0.956153136812742,0.962876566587895,0.9694861496115591,0.9746074962466641,0.979507918453234,0.9838628933545931,0.986745915789836,0.989612673271455,0.99155068900288,0.993479100751899,0.995177558267261,0.9967450950758109,0.998159177055558,0.9991122160456041,1.0,0.9990870862472959,0.997895766078865,0.997088574541364,0.996030318956024,0.9945253695805021,0.992877461408027,0.990812851962125,0.9878085715495799,0.9846169897761039,0.977285915329795,0.9652256624640658,0.93115404361644,0.8168067770391608,0.4757096777276721
0.7790467170590359,0.9209807088566808,0.9410035244340441,0.9531152742390371,0.959963984899765,0.9667140637603149,0.972210858405794,0.9772771563591259,0.9817597923577571,0.9848029370505391,0.987881672397909,0.989814527359517,0.9918197003488279,0.993580151949898,0.99531478789375,0.9968918252566039,0.9979862289619531,0.9990870862472959,1.0,0.9991075167883191,0.998242027002497,0.9971740602082759,0.995694508691818,0.99403926483202,0.9922004869350171,0.989505123522722,0.98630568388457,0.97934210798071,0.9674619716554309,0.9344920345606179,0.8223411497199692,0.48118176386711004
0.7751006750961071,0.9182161215547191,0.939065594431215,0.951351058724055,0.958288926890672,0.965051452362807,0.9705980116833008,0.975724176986006,0.98014372336001,0.98341360887224,0.9865987452972099,0.988600936672227,0.9906426965910491,0.992367259604927,0.9940056444483442,0.9956375655347891,0.996731440289841,0.997895766078865,0.9991075167883191,1.0,0.9991308782624921,0.998156739577533,0.996806270734855,0.995151235632004,0.9933215131064759,0.990728883453942,0.98771359945821,0.9813751088736351,0.969989591172331,0.9378195621314709,0.826673950663735,0.485035414210824
0.774875811340592,0.916396334887,0.9374763042870731,0.9500902465654381,0.956920767888309,0.9639736589959701,0.969692114702112,0.974982854312481,0.9794342702530591,0.982691121509805,0.9856979915441859,0.987610453119279,0.989527663915875,0.991223525120659,0.9929918425944659,0.9946574264529091,0.995908925733936,0.997088574541364,0.998242027002497,0.9991308782624921,1.0,0.9991790959742869,0.9980659795554,0.9965648801535429,0.994735165202497,0.99219487887558,0.9892029208108092,0.983123892045123,0.9717652139054019,0.940231393203505,0.831207272141739,0.492316185314359
0.7740937004489699,0.915296080272157,0.936207298432707,0.9493541907170041,0.956267281962849,0.9632883813494109,0.9691349448013559,0.974473144707581,0.9789251103714479,0.9821081690669341,0.9849340366814169,0.98679770845258,0.9887249991382959,0.990377234781108,0.9920021808949789,0.9936266983688141,0.994838313301569,0.996030318956024,0.9971740602082759,0.998156739577533,0.9991790959742869,1.0,0.9989592995039991,0.9975973841664151,0.9958168539906129,0.993457497834288,0.990563354180557,0.984660999237697,0.973530239147746,0.942485590449149,0.834361206249184,0.495958729882024
0.7710282746455799,0.9124743361724579,0.9337515503664091,0.9468757971901909,0.95368374083118,0.9610393572341991,0.9670977653117901,0.972417009041059,0.976684031732174,0.979901538622262,0.982838615085908,0.984891207209899,0.986715505077731,0.9884820703515251,0.9902251231093759,0.991929663004953,0.993366964967496,0.9945253695805021,0.995694508691818,0.996806270734855,0.9980659795554,0.9989592995039991,1.0,0.998769762949689,0.996979948587703,0.9946984186194959,0.9919595728328371,0.9865149411711942,0.9754876838705809,0.9453908411460049,0.8394606430610471,0.502500510963421
0.7676196505223242,0.9097158698456371,0.9314318405065172,0.9446393613060029,0.9516451030344449,0.959231458254843,0.965488175851672,0.970836719946231,0.9749967295371289,0.9783016511761751,0.981259545408596,0.9833346421795329,0.9850634161039871,0.9867930354299341,0.9884848910171721,0.9902656342433851,0.99173118537233,0.992877461408027,0.99403926483202,0.995151235632004,0.9965648801535429,0.9975973841664151,0.998769762949689,1.0,0.9987200914308929,0.996740951058458,0.994303050469553,0.989506601259042,0.979391120736964,0.9510419933248091,0.8488053524360829,0.515717805388872
0.762819065789558,0.9059355107412399,0.927639236727721,0.9410261264991949,0.948275109804658,0.9559166451024529,0.962417865196746,0.968168546758174,0.972525673315749,0.975922745713177,0.978946486744509,0.9810384855533231,0.982693814530896,0.9842637401634441,0.986143817234098,0.988003917722355,0.989578076010967,0.990812851962125,0.9922004869350171,0.9933215131064759,0.994735165202497,0.9958168539906129,0.996979948587703,0.9987200914308929,1.0,0.9984399087098771,0.9962083020970859,0.9919714866389839,0.982398693258618,0.955562802716857,0.855831596529205,0.5246498485564589
0.755421526487298,0.899271878686642,0.9215973195708149,0.935911982384607,0.94342662268492,0.951219284652137,0.9580968170488359,0.9640148634897541,0.968663850561953,0.972287353305981,0.9755326394985171,0.977531004013938,0.97928522845921,0.9807778184528521,0.9827480223563578,0.9846965854408041,0.986359157299305,0.9878085715495799,0.989505123522722,0.990728883453942,0.99219487887558,0.993457497834288,0.9946984186194959,0.996740951058458,0.9984399087098771,1.0,0.998310698122097,0.994695682092224,0.986302229262521,0.9619760762596921,0.866214027635593,0.5348756885913389
0.750219050805244,0.8942374400832479,0.9169140455470541,0.9313676110235491,0.9392429778173629,0.9473153665042839,0.954382593170067,0.960261926449748,0.965212244784947,0.968992841330886,0.9721813799340759,0.974270723159151,0.975990339536905,0.9774592432042142,0.9794119167319241,0.9815191429001391,0.9832398687756642,0.9846169897761039,0.98630568388457,0.98771359945821,0.9892029208108092,0.990563354180557,0.9919595728328371,0.994303050469553,0.9962083020970859,0.998310698122097,1.0,0.9968748941137551,0.9893189097070749,0.966363643131965,0.872441942288033,0.5455287719025821
0.7372702974303491,0.8825909615106441,0.906266858884297,0.921031791821269,0.929237215554123,0.9377211237833929,0.9454020459020841,0.9517607631591658,0.9568585705407041,0.960881217255933,0.9642023437142299,0.966325544284672,0.9680636936123841,0.969579168178492,0.971511955547543,0.973678464676433,0.9755196176145831,0.977285915329795,0.97934210798071,0.9813751088736351,0.983123892045123,0.984660999237697,0.9865149411711942,0.989506601259042,0.9919714866389839,0.994695682092224,0.9968748941137551,1.0,0.9949350042606608,0.976683933673518,0.891181323360898,0.565641800381411
0.718210404841199,0.8637453479179791,0.888082643754962,0.903127085763459,0.9123018052620842,0.9212167952843359,0.9293945323003892,0.936684955848735,0.9422776109216279,0.946349649543861,0.949790740924657,0.9525706585283921,0.954723504167915,0.956428940646318,0.9585060868925591,0.9610472785416229,0.962845730096522,0.9652256624640658,0.9674619716554309,0.969989591172331,0.9717652139054019,0.973530239147746,0.9754876838705809,0.979391120736964,0.982398693258618,0.986302229262521,0.9893189097070749,0.9949350042606608,1.0,0.9870456257467759,0.9120339907234419,0.585871698659995
0.6676076746860871,0.8161414418288441,0.8427603152404342,0.859698356434042,0.8699498040822891,0.8795115603775491,0.8895467082550259,0.897898294462392,0.9040433540137109,0.9088416060640592,0.912707482789137,0.9159461173308341,0.918114652661242,0.9201654496733521,0.922621461737357,0.9255738064182399,0.927830019989471,0.93115404361644,0.9344920345606179,0.9378195621314709,0.940231393203505,0.942485590449149,0.9453908411460049,0.9510419933248091,0.955562802716857,0.9619760762596921,0.966363643131965,0.976683933673518,0.9870456257467759,1.0,0.953531495413771,0.6346387540464661
0.541311847329987,0.6839547530139629,0.7120538660111461,0.729539523764127,0.739858664429494,0.7503703619366071,0.763216429823327,0.7743034012041159,0.781321408605578,0.786997406862562,0.7916078406049891,0.7951196734353101,0.7977830181296529,0.800387629626665,0.804700584445432,0.8086695741878491,0.8118840591654399,0.8168067770391608,0.8223411497199692,0.826673950663735,0.831207272141739,0.834361206249184,0.8394606430610471,0.8488053524360829,0.855831596529205,0.866214027635593,0.872441942288033,0.891181323360898,0.9120339907234419,0.953531495413771,1.0,0.7335962369895279
0.268780830602846,0.36031979899025895,0.385310880222004,0.39255927176160904,0.40073906496732103,0.40947267270033,0.4229579036679129,0.43385593136218104,0.44015076685754,0.4448741253342371,0.44825318073715503,0.452524680731719,0.45560217206526504,0.458924408011636,0.465110222433349,0.468745471267439,0.47200810576926,0.4757096777276721,0.48118176386711004,0.485035414210824,0.492316185314359,0.495958729882024,0.502500510963421,0.515717805388872,0.5246498485564589,0.5348756885913389,0.5455287719025821,0.565641800381411,0.585871698659995,0.6346387540464661,0.7335962369895279,1.0
