1.0,0.918148604057675,0.9019892158175491,0.89084664183952,0.8883624199197181,0.884086552044228,0.878170671497467,0.8736529280358991,0.8695296042720391,0.866840982446232,0.8631429662135089,0.86007247735318,0.8597793010331608,0.8586676180319179,0.857715741046221,0.8555369819149751,0.8529980142154259,0.851308390610562,0.8461988069415,0.841249378474054,0.836206007192389,0.833400558360545,0.8311346604013901,0.8300694896651301,0.8271203541982941,0.823732510471172,0.821281227355784,0.8138796128921341,0.80145961341292,0.7830084035048409,0.748328939057299,0.47171696254530393
0.918148604057675,1.0,0.983245044291638,0.972963040068923,0.969295226104298,0.9651426511021541,0.960237092713871,0.957288725568468,0.954842124988732,0.953114587795442,0.950004649610935,0.9465611397902199,0.9442476000784481,0.94137539954491,0.939708308345813,0.93739153589573,0.9358834559445409,0.9348362926780159,0.9316814658684179,0.927453853898475,0.923985520949994,0.921248822943699,0.91850873161797,0.916723246308154,0.9138921253253391,0.9091089142999209,0.907805492646622,0.902519196851394,0.8911001691146779,0.874958252890602,0.8381895028719251,0.514263320931829
0.9019892158175491,0.983245044291638,1.0,0.990696128601982,0.986447861235818,0.98228627583214,0.9779660065596201,0.9741641859364649,0.9719992665646919,0.9699148058601801,0.967391949355876,0.964530953461962,0.9618490863210051,0.9587844026988059,0.956724508283591,0.954088317005772,0.9522735947217059,0.950537978106522,0.9474045046539921,0.9423749058277879,0.938542805360681,0.934957462910002,0.9321069738455642,0.930139525229951,0.9277376377725741,0.922645716815853,0.9203332551454059,0.9155077776292141,0.9041811062463629,0.8893662210035709,0.855064956992313,0.529606686482877
0.89084664183952,0.972963040068923,0.990696128601982,1.0,0.9943608022198391,0.9894849366100401,0.9854718431149609,0.9813600311538709,0.979410591749973,0.9773954100932971,0.9746538933687809,0.97192862293431,0.9693354657174671,0.966774020606354,0.9651278902476891,0.9628768933146009,0.961163907110352,0.958805515609598,0.9556251495856941,0.9507245094616729,0.947255187636718,0.9429737168716371,0.9401926007236929,0.937823129362216,0.9356446930775569,0.9307933410216801,0.928307612211274,0.9234209751311229,0.912607860435484,0.89932020111839,0.8661400584378299,0.542717588233911
0.8883624199197181,0.969295226104298,0.986447861235818,0.9943608022198391,1.0,0.9956300239256279,0.991540260757306,0.987718198006448,0.985693699472994,0.983174299912823,0.980615928494753,0.978452900949607,0.9761447156177041,0.9732850511156359,0.971533697868592,0.9691680794493492,0.967059171896771,0.9639579455322259,0.960578888281125,0.955972603161592,0.952589440715116,0.948420925843091,0.945339744161053,0.943241850741808,0.9413864565101141,0.9370598590123922,0.9347690084684249,0.929662309204449,0.9192016868264209,0.9056600365349591,0.8734418923510441,0.54841863655946
0.884086552044228,0.9651426511021541,0.98228627583214,0.9894849366100401,0.9956300239256279,1.0,0.996809991732643,0.9930129371926701,0.9908250849906841,0.988018273421399,0.9858380877352769,0.983800317776885,0.981187193068992,0.977701635698869,0.975917009932175,0.9731271406659371,0.9707745966186679,0.9677202864262959,0.9642402776530291,0.9595223096809229,0.9561853952540129,0.952330793281619,0.9494764267810419,0.947609133013242,0.9459736088315649,0.941511584664914,0.9391530981655178,0.9343505486482379,0.924658303473981,0.9110611161263791,0.879429339362268,0.55591959218851
0.878170671497467,0.960237092713871,0.9779660065596201,0.9854718431149609,0.991540260757306,0.996809991732643,1.0,0.9971196708447321,0.9945627138982249,0.991695242722744,0.989257197028497,0.9867734175846049,0.98363895919375,0.9802172296331542,0.978087652535962,0.9751119753374499,0.9725040482792849,0.969275469046247,0.965638617630107,0.9610199537726851,0.9575169073173109,0.9530446662048,0.9499981171031441,0.948524442173822,0.9472715280942591,0.9432782789470799,0.940757446375897,0.9360180084637221,0.92636779906679,0.9123859874253599,0.8806304203459209,0.5557158162967011
0.8736529280358991,0.957288725568468,0.9741641859364649,0.9813600311538709,0.987718198006448,0.9930129371926701,0.9971196708447321,1.0,0.9975526540967921,0.994848006350432,0.992226446942655,0.989511978029218,0.986277586599956,0.9825928330531479,0.980031352964841,0.9769249781179059,0.9739260368520329,0.970255842728772,0.966473404143315,0.961871798135392,0.958294803395935,0.9535408918081991,0.9501744343584059,0.948752773759096,0.9474433265921,0.9439256998146959,0.9420305766718979,0.937392459596162,0.9275718745805591,0.9139088939082449,0.8821481596338401,0.556669058667785
0.8695296042720391,0.954842124988732,0.9719992665646919,0.979410591749973,0.985693699472994,0.9908250849906841,0.9945627138982249,0.9975526540967921,1.0,0.9978031255829829,0.995070563676395,0.9921826532984391,0.988790854425937,0.984893049244038,0.9818535514622609,0.97863301737261,0.975460595423776,0.9718366692473829,0.9679899126339071,0.963350634803774,0.9594284072513941,0.954850813508125,0.9515598973242579,0.9503629751473679,0.949181687753782,0.945902365836876,0.944100779125076,0.939930614547942,0.930568551557,0.917520700718987,0.885296759940912,0.557033370131149
0.866840982446232,0.953114587795442,0.9699148058601801,0.9773954100932971,0.983174299912823,0.988018273421399,0.991695242722744,0.994848006350432,0.9978031255829829,1.0,0.997799837840108,0.994811697748995,0.991230122135442,0.9869580504388531,0.983633822559029,0.98007400516368,0.976752744427003,0.973087755837072,0.969083695360104,0.964324579017343,0.960423356829153,0.9561275423505821,0.952851078911967,0.951985888817919,0.9510380725191391,0.9481415938395269,0.946334263324607,0.9424439757812559,0.9332733245516391,0.920176905529149,0.8872660117789699,0.5561349859714301
0.8631429662135089,0.950004649610935,0.967391949355876,0.9746538933687809,0.980615928494753,0.9858380877352769,0.989257197028497,0.992226446942655,0.995070563676395,0.997799837840108,1.0,0.99783755193521,0.9946626882628341,0.9902015010965401,0.9868679152153091,0.983349788703778,0.9799851701264091,0.9763068985737149,0.9723567680457971,0.9676019939369109,0.963682269203755,0.9592000981517661,0.9555793552027378,0.954375847588698,0.953257187455767,0.9505948044368381,0.948944806536069,0.945335440291744,0.9362387790453771,0.923545701105515,0.8904037879829649,0.556903632224511
0.86007247735318,0.9465611397902199,0.964530953461962,0.97192862293431,0.978452900949607,0.983800317776885,0.9867734175846049,0.989511978029218,0.9921826532984391,0.994811697748995,0.99783755193521,1.0,0.9979237593107321,0.994153016074152,0.990933658651852,0.98739260438691,0.983898694604055,0.979899127321435,0.975457025193505,0.970649184239435,0.9667366064467678,0.962382976871992,0.959007746774573,0.957862512423405,0.956419171883958,0.9538971527324341,0.9521190651237701,0.948499252320955,0.9396136486862711,0.9272755854631,0.8948938111499258,0.5601648034615679
0.8597793010331608,0.9442476000784481,0.9618490863210051,0.9693354657174671,0.9761447156177041,0.981187193068992,0.98363895919375,0.986277586599956,0.988790854425937,0.991230122135442,0.9946626882628341,0.9979237593107321,1.0,0.9975997502152979,0.9946720659309821,0.991074702055542,0.987387431612437,0.9833070504592851,0.978634455456471,0.973718914201491,0.9696731614981771,0.9655380321794599,0.9621851127633371,0.9610492429318359,0.959753834906348,0.957143662544268,0.9558152349419001,0.952583831333771,0.9436473558817191,0.9316000911320209,0.899246781518072,0.563965145037662
0.8586676180319179,0.94137539954491,0.9587844026988059,0.966774020606354,0.9732850511156359,0.977701635698869,0.9802172296331542,0.9825928330531479,0.984893049244038,0.9869580504388531,0.9902015010965401,0.994153016074152,0.9975997502152979,1.0,0.99829506706292,0.995193543533653,0.9917310011321759,0.9873320033076791,0.9821861385795649,0.977442539984235,0.9731756875936791,0.9689052084763679,0.9651267464604271,0.9636425291390699,0.9622085026999609,0.959578851470871,0.957678827516515,0.954377000053107,0.9456513728159781,0.9341105241373929,0.901313276900711,0.5695267332618239
0.857715741046221,0.939708308345813,0.956724508283591,0.9651278902476891,0.971533697868592,0.975917009932175,0.978087652535962,0.980031352964841,0.9818535514622609,0.983633822559029,0.9868679152153091,0.990933658651852,0.9946720659309821,0.99829506706292,1.0,0.9980917706266619,0.9950733596674259,0.9906322904867,0.9854075115493579,0.9807353310526,0.976510758133687,0.9721366959991621,0.968014857770631,0.965990806229387,0.9644871136568579,0.9616950249572108,0.9597998569627991,0.956637902701714,0.9480827330394491,0.9370962525096759,0.9052838400580708,0.5783177226771159
0.8555369819149751,0.93739153589573,0.954088317005772,0.9628768933146009,0.9691680794493492,0.9731271406659371,0.9751119753374499,0.9769249781179059,0.97863301737261,0.98007400516368,0.983349788703778,0.98739260438691,0.991074702055542,0.995193543533653,0.9980917706266619,1.0,0.99799167518738,0.994070911829371,0.9889926664985441,0.984583736588573,0.980401360058391,0.9760605847357471,0.9719877658440329,0.969395667401505,0.9675072643331981,0.964526392042397,0.962747680190953,0.9599421771633699,0.9513567224143729,0.9410554191585841,0.9099190561218609,0.583844030680296
0.8529980142154259,0.9358834559445409,0.9522735947217059,0.961163907110352,0.967059171896771,0.9707745966186679,0.9725040482792849,0.9739260368520329,0.975460595423776,0.976752744427003,0.9799851701264091,0.983898694604055,0.987387431612437,0.9917310011321759,0.9950733596674259,0.99799167518738,1.0,0.9976779079548029,0.993369449920917,0.9892696927608899,0.9848722531190559,0.980608025608283,0.976318987719263,0.973614736107889,0.971262979348881,0.968068446394787,0.965926156549403,0.9630268003521709,0.954301973065171,0.9443068172289308,0.913450813003274,0.5898521028847379
0.851308390610562,0.9348362926780159,0.950537978106522,0.958805515609598,0.9639579455322259,0.9677202864262959,0.969275469046247,0.970255842728772,0.9718366692473829,0.973087755837072,0.9763068985737149,0.979899127321435,0.9833070504592851,0.9873320033076791,0.9906322904867,0.994070911829371,0.9976779079548029,1.0,0.9975380473939159,0.994161629212008,0.9897973049899821,0.985283893024471,0.9807093017337769,0.9778363348807729,0.9750485983331999,0.971569576803839,0.969277822321596,0.966294253236721,0.9579374036319991,0.9482155018520408,0.9182806036225649,0.596324133856322
0.8461988069415,0.9316814658684179,0.9474045046539921,0.9556251495856941,0.960578888281125,0.9642402776530291,0.965638617630107,0.966473404143315,0.9679899126339071,0.969083695360104,0.9723567680457971,0.975457025193505,0.978634455456471,0.9821861385795649,0.9854075115493579,0.9889926664985441,0.993369449920917,0.9975380473939159,1.0,0.997934604878982,0.993949553893653,0.989410654574399,0.984583707139773,0.9815768187108299,0.9783186151571099,0.9745427041321421,0.9719334274746579,0.96893527874311,0.960753688703848,0.951509802001475,0.9228495248510171,0.600711120211999
0.841249378474054,0.927453853898475,0.9423749058277879,0.9507245094616729,0.955972603161592,0.9595223096809229,0.9610199537726851,0.961871798135392,0.963350634803774,0.964324579017343,0.9676019939369109,0.970649184239435,0.973718914201491,0.977442539984235,0.9807353310526,0.984583736588573,0.9892696927608899,0.994161629212008,0.997934604878982,1.0,0.9974539664115479,0.993539163003947,0.988967979044019,0.985568875109477,0.981984882620894,0.977977004642307,0.9754748669766758,0.972291618122105,0.9643929220320558,0.955654378348438,0.9281256456977449,0.608232027631569
0.836206007192389,0.923985520949994,0.938542805360681,0.947255187636718,0.952589440715116,0.9561853952540129,0.9575169073173109,0.958294803395935,0.9594284072513941,0.960423356829153,0.963682269203755,0.9667366064467678,0.9696731614981771,0.9731756875936791,0.976510758133687,0.980401360058391,0.9848722531190559,0.9897973049899821,0.993949553893653,0.9974539664115479,1.0,0.997678184345308,0.9937182283915471,0.9901676635144492,0.986243136346876,0.982337472365423,0.979630893491932,0.9761470395094579,0.9687854732315491,0.9599978642914521,0.933643056443277,0.615509465408407
0.833400558360545,0.921248822943699,0.934957462910002,0.9429737168716371,0.948420925843091,0.952330793281619,0.9530446662048,0.9535408918081991,0.954850813508125,0.9561275423505821,0.9592000981517661,0.962382976871992,0.9655380321794599,0.9689052084763679,0.9721366959991621,0.9760605847357471,0.980608025608283,0.985283893024471,0.989410654574399,0.993539163003947,0.997678184345308,1.0,0.9976417949020999,0.9942955015728729,0.9901117039282021,0.986081169825888,0.983250395951907,0.9794634459715429,0.972323132662722,0.963823814410124,0.938119529320128,0.6216046260093809
0.8311346604013901,0.91850873161797,0.9321069738455642,0.9401926007236929,0.945339744161053,0.9494764267810419,0.9499981171031441,0.9501744343584059,0.9515598973242579,0.952851078911967,0.9555793552027378,0.959007746774573,0.9621851127633371,0.9651267464604271,0.968014857770631,0.9719877658440329,0.976318987719263,0.9807093017337769,0.984583707139773,0.988967979044019,0.9937182283915471,0.9976417949020999,1.0,0.997533692936659,0.993805107378332,0.9895588170986409,0.9866754174635501,0.982726572992723,0.975410797474011,0.967438656916412,0.943016640044408,0.62538636880867
0.8300694896651301,0.916723246308154,0.930139525229951,0.937823129362216,0.943241850741808,0.947609133013242,0.948524442173822,0.948752773759096,0.9503629751473679,0.951985888817919,0.954375847588698,0.957862512423405,0.9610492429318359,0.9636425291390699,0.965990806229387,0.969395667401505,0.973614736107889,0.9778363348807729,0.9815768187108299,0.985568875109477,0.9901676635144492,0.9942955015728729,0.997533692936659,1.0,0.9974009753004621,0.9933844674997759,0.990221638548885,0.985829899838461,0.978750652920976,0.9706653016739909,0.946533994387159,0.629037828827734
0.8271203541982941,0.9138921253253391,0.9277376377725741,0.9356446930775569,0.9413864565101141,0.9459736088315649,0.9472715280942591,0.9474433265921,0.949181687753782,0.9510380725191391,0.953257187455767,0.956419171883958,0.959753834906348,0.9622085026999609,0.9644871136568579,0.9675072643331981,0.971262979348881,0.9750485983331999,0.9783186151571099,0.981984882620894,0.986243136346876,0.9901117039282021,0.993805107378332,0.9974009753004621,1.0,0.996934723062222,0.9935209832617571,0.988813931617768,0.981860102507112,0.97298702220126,0.948794353725491,0.634666402388786
0.823732510471172,0.9091089142999209,0.922645716815853,0.9307933410216801,0.9370598590123922,0.941511584664914,0.9432782789470799,0.9439256998146959,0.945902365836876,0.9481415938395269,0.9505948044368381,0.9538971527324341,0.957143662544268,0.959578851470871,0.9616950249572108,0.964526392042397,0.968068446394787,0.971569576803839,0.9745427041321421,0.977977004642307,0.982337472365423,0.986081169825888,0.9895588170986409,0.9933844674997759,0.996934723062222,1.0,0.9970525426752751,0.992403397659778,0.985913061271909,0.9771600993628241,0.95322625258202,0.6431890288271259
0.821281227355784,0.907805492646622,0.9203332551454059,0.928307612211274,0.9347690084684249,0.9391530981655178,0.940757446375897,0.9420305766718979,0.944100779125076,0.946334263324607,0.948944806536069,0.9521190651237701,0.9558152349419001,0.957678827516515,0.9597998569627991,0.962747680190953,0.965926156549403,0.969277822321596,0.9719334274746579,0.9754748669766758,0.979630893491932,0.983250395951907,0.9866754174635501,0.990221638548885,0.9935209832617571,0.9970525426752751,1.0,0.9961289519460171,0.9899529686832871,0.98117488916997,0.9580172472561329,0.645052982876683
0.8138796128921341,0.902519196851394,0.9155077776292141,0.9234209751311229,0.929662309204449,0.9343505486482379,0.9360180084637221,0.937392459596162,0.939930614547942,0.9424439757812559,0.945335440291744,0.948499252320955,0.952583831333771,0.954377000053107,0.956637902701714,0.9599421771633699,0.9630268003521709,0.966294253236721,0.96893527874311,0.972291618122105,0.9761470395094579,0.9794634459715429,0.982726572992723,0.985829899838461,0.988813931617768,0.992403397659778,0.9961289519460171,1.0,0.99459293085716,0.986384466722828,0.964457752250598,0.651164862533668
0.80145961341292,0.8911001691146779,0.9041811062463629,0.912607860435484,0.9192016868264209,0.924658303473981,0.92636779906679,0.9275718745805591,0.930568551557,0.9332733245516391,0.9362387790453771,0.9396136486862711,0.9436473558817191,0.9456513728159781,0.9480827330394491,0.9513567224143729,0.954301973065171,0.9579374036319991,0.960753688703848,0.9643929220320558,0.9687854732315491,0.972323132662722,0.975410797474011,0.978750652920976,0.981860102507112,0.985913061271909,0.9899529686832871,0.99459293085716,1.0,0.992209715584442,0.9716185191957091,0.66440252598707
0.7830084035048409,0.874958252890602,0.8893662210035709,0.89932020111839,0.9056600365349591,0.9110611161263791,0.9123859874253599,0.9139088939082449,0.917520700718987,0.920176905529149,0.923545701105515,0.9272755854631,0.9316000911320209,0.9341105241373929,0.9370962525096759,0.9410554191585841,0.9443068172289308,0.9482155018520408,0.951509802001475,0.955654378348438,0.9599978642914521,0.963823814410124,0.967438656916412,0.9706653016739909,0.97298702220126,0.9771600993628241,0.98117488916997,0.986384466722828,0.992209715584442,1.0,0.9815715111766509,0.6763144730589129
0.748328939057299,0.8381895028719251,0.855064956992313,0.8661400584378299,0.8734418923510441,0.879429339362268,0.8806304203459209,0.8821481596338401,0.885296759940912,0.8872660117789699,0.8904037879829649,0.8948938111499258,0.899246781518072,0.901313276900711,0.9052838400580708,0.9099190561218609,0.913450813003274,0.9182806036225649,0.9228495248510171,0.9281256456977449,0.933643056443277,0.938119529320128,0.943016640044408,0.946533994387159,0.948794353725491,0.95322625258202,0.9580172472561329,0.964457752250598,0.9716185191957091,0.9815715111766509,1.0,0.7221996563147421
0.47171696254530393,0.514263320931829,0.529606686482877,0.542717588233911,0.54841863655946,0.55591959218851,0.5557158162967011,0.556669058667785,0.557033370131149,0.5561349859714301,0.556903632224511,0.5601648034615679,0.563965145037662,0.5695267332618239,0.5783177226771159,0.583844030680296,0.5898521028847379,0.596324133856322,0.600711120211999,0.608232027631569,0.615509465408407,0.6216046260093809,0.62538636880867,0.629037828827734,0.634666402388786,0.6431890288271259,0.645052982876683,0.651164862533668,0.66440252598707,0.6763144730589129,0.7221996563147421,1.0
