1.0,0.9975411144022199,0.9892538609686591,0.9737375231999509,0.9496906508522901,0.9161480173770159,0.872741575137308,0.819903437393077,0.7589195024537049,0.6917852395493721,0.620897190184247,0.583523142824529,0.5442935368155021,0.49517181144499195,0.441270860029406,0.387146059530215,0.33588916312146805,0.289111063231512,0.247346896249202,0.21049775612572896,0.17815554028657998,0.132830013562426,0.0612035304593836,0.0262940487900548,0.007340006820096859,0.00430039027086811,0.0121120652971473,0.0176969048269376,0.0218804916981367,0.0251279737539232,0.0277202584278457,0.0298365850972761
0.9975411144022199,1.0,0.997068201205902,0.987299417464808,0.969304949843538,0.9419876738732371,0.904809238833992,0.8580104359239801,0.8026908222368381,0.740691890515588,0.674308527702437,0.638389924259277,0.598658762416961,0.54786371982542,0.49145998411235703,0.434384304464019,0.380040727978177,0.330247658529493,0.28565525292944505,0.24621502303689896,0.21153026811079398,0.16597732967093498,0.0947400210512193,0.0584889510085513,0.0384560120312168,0.026034728819377004,0.0176487216546312,0.0116284194290332,0.0071049809860105,0.0035855883047291102,0.000771143584202325,0.00152993163928527
0.9892538609686591,0.997068201205902,1.0,0.9965613107800629,0.985275975276991,0.9649090236646579,0.9347391904650709,0.894797027420065,0.845972467097771,0.789928546773646,0.728836276992014,0.6947084740740821,0.65465285660483,0.602316158770798,0.543496649380756,0.48351973617720095,0.4261113128479829,0.3733061331057,0.325876282485493,0.28382859188087894,0.24678103721283898,0.20123565365433202,0.130823348518211,0.0933111224151176,0.0722127480481979,0.0590086499496401,0.0500426814587817,0.0435807499374843,0.0387116642121293,0.0349151636029267,0.0318739697718104,0.0293841083219469
0.9737375231999509,0.987299417464808,0.9965613107800629,1.0,0.996054382685152,0.983348388504007,0.96096745005456,0.9287142561077378,0.887245858691874,0.83802105354541,0.78306235198599,0.7510994458981229,0.710957391898947,0.6572974149248609,0.5962509478878051,0.53352904400544,0.47318147238651204,0.417463807676692,0.36727506160667206,0.32268192293294107,0.283320786907964,0.23808479552130302,0.16903152459438,0.13040172143576498,0.10828915717215801,0.0943247007354303,0.0847900083203533,0.0778925874933433,0.0726814138356308,0.0686099506845919,0.0653433309358847,0.06266550604293901
0.9496906508522901,0.969304949843538,0.985275975276991,0.996054382685152,1.0,0.99559613002018,0.981728148024757,0.9579561975311421,0.9246828937056559,0.883137152779236,0.835167008475067,0.8057666264659581,0.7658382228218951,0.7111703104555279,0.6482043803084511,0.583020960206041,0.519985808897248,0.46157380232079603,0.408813037103643,0.36183380345383703,0.32029499826553604,0.27573546536063204,0.208664554325036,0.16913247195619402,0.146102357025992,0.13143005519613,0.121358972733233,0.11404774285460699,0.10850993310222501,0.10417503347833401,0.10069189316303098,0.0978331798532359
0.9161480173770159,0.9419876738732371,0.9649090236646579,0.983348388504007,0.99559613002018,1.0,0.99524359655469,0.9806346196831172,0.9563034577381422,0.9232256584995179,0.8830491043511429,0.8566076729975429,0.817247219975997,0.761983174730522,0.6975293441156271,0.6303044309899,0.564970568751679,0.504213079116979,0.44918760550997794,0.40009050702496796,0.35660737416071103,0.31314437888338303,0.248742464993047,0.20859611823104396,0.184794154559002,0.169499885349129,0.158948512294483,0.151262823854126,0.145427439653427,0.14085141566337803,0.13716940968878902,0.13414411843034302
0.872741575137308,0.904809238833992,0.9347391904650709,0.96096745005456,0.981728148024757,0.99524359655469,1.0,0.995049189417346,0.98023744820764,0.9562679284581239,0.924565143395488,0.9014453155824241,0.863042396899702,0.807674637459241,0.742276166542735,0.6735572019360698,0.606444348157672,0.543816553001899,0.48695121650069295,0.436111521530886,0.39101373190430105,0.349095847070888,0.288068503140742,0.247658510990754,0.22327660815990102,0.207478750853849,0.196526750769547,0.18852366734695103,0.182433514887331,0.177649630198186,0.173795333574927,0.170625174917117
0.819903437393077,0.8580104359239801,0.894797027420065,0.9287142561077378,0.9579561975311421,0.9806346196831172,0.995049189417346,1.0,0.9950450029914292,0.980602564152217,0.9578553547178259,0.938350815502029,0.901301227899572,0.8463704427523729,0.7806493816053729,0.7110798788653101,0.642810051197688,0.578888157312228,0.52070328852187,0.46858422008673295,0.42228128970510403,0.382350628457682,0.325364223767533,0.285081412887503,0.26034688742772305,0.244190148290577,0.23293680045632,0.224688372277226,0.21839801285695803,0.21344896984076,0.20945668987049498,0.206169817824239
0.7589195024537049,0.8026908222368381,0.845972467097771,0.887245858691874,0.9246828937056559,0.9563034577381422,0.98023744820764,0.9950450029914292,1.0,0.9952317534593059,0.981669272855128,0.965974795600114,0.930646193157552,0.8766968150201251,0.811304185002234,0.741573072828094,0.672822193713555,0.608238986848137,0.549310518950759,0.49642792785190293,0.44937811313193604,0.411831142214839,0.359451996003081,0.319695537887817,0.294853308196382,0.27849761517850896,0.267054289517677,0.25864213769093497,0.252213811111824,0.24714857472677695,0.24305780831844,0.239686739653667
0.6917852395493721,0.740691890515588,0.789928546773646,0.83802105354541,0.883137152779236,0.9232256584995179,0.9562679284581239,0.980602564152217,0.9952317534593059,1.0,0.995578520326111,0.983772916308163,0.9504728213260609,0.8980057126517191,0.8335649588755709,0.764346759328424,0.6957859748937709,0.631175891145914,0.572085371401062,0.518962966090952,0.471633494729526,0.43678651958592996,0.389431556527941,0.3505742839885,0.32586560503695505,0.309472226453523,0.29795271875523,0.28946095299648,0.28295917747469296,0.27782872720943297,0.273680734413452,0.27025952785079105
0.620897190184247,0.674308527702437,0.728836276992014,0.78306235198599,0.835167008475067,0.8830491043511429,0.924565143395488,0.9578553547178259,0.981669272855128,0.995578520326111,1.0,0.9920459275954141,0.960999506268365,0.910432786071858,0.847489557467406,0.7793892070012729,0.7116294609815501,0.647575854857713,0.588861884054284,0.535987346368489,0.48881515853241997,0.45688246674269,0.41479280187075196,0.37715171560802796,0.35279436165260303,0.336512451755225,0.325023408796132,0.316531512281818,0.310017606390724,0.304870596013736,0.30070487999294704,0.297266225805815
0.583523142824529,0.638389924259277,0.6947084740740821,0.7510994458981229,0.8057666264659581,0.8566076729975429,0.9014453155824241,0.938350815502029,0.965974795600114,0.983772916308163,0.9920459275954141,1.0,0.9880231748913051,0.954904849335009,0.9070068477057821,0.851321821643115,0.793522423974937,0.737340889118952,0.684816009799719,0.6368135711841221,0.593497099272054,0.563089203444656,0.5083972704634571,0.460868930401536,0.430286104168368,0.409891573496255,0.39551961543348496,0.38490583831712105,0.37676905857808596,0.370342484688951,0.365142868947526,0.360851882169942
0.5442935368155021,0.598658762416961,0.65465285660483,0.710957391898947,0.7658382228218951,0.817247219975997,0.863042396899702,0.901301227899572,0.930646193157552,0.9504728213260609,0.960999506268365,0.9880231748913051,1.0,0.9892832915933191,0.9611243059177091,0.9220811502382259,0.87791980630274,0.832746508728768,0.7890590213003679,0.74815890265682,0.710579577852375,0.6818965785033871,0.6107033237310799,0.551144618901489,0.5131171530303991,0.48784250908353,0.470064610731431,0.456951083665535,0.44690620541965603,0.4389773795003471,0.43256529414386496,0.42727565568213105
0.49517181144499195,0.54786371982542,0.602316158770798,0.6572974149248609,0.7111703104555279,0.761983174730522,0.807674637459241,0.8463704427523729,0.8766968150201251,0.8980057126517191,0.910432786071858,0.954904849335009,0.9892832915933191,1.0,0.991139588256949,0.9687043806369259,0.938421532307591,0.904660628033514,0.870298649930917,0.8370208004769171,0.8056987531140551,0.7792803528077901,0.694042805713874,0.6244138327035121,0.580180502375032,0.550845435766761,0.530236723888307,0.515047001905424,0.503418105683296,0.494242628529934,0.486824649758499,0.48070668970662495
0.441270860029406,0.49145998411235703,0.543496649380756,0.5962509478878051,0.6482043803084511,0.6975293441156271,0.742276166542735,0.7806493816053729,0.811304185002234,0.8335649588755709,0.847489557467406,0.9070068477057821,0.9611243059177091,0.991139588256949,1.0,0.993090569208242,0.9759965514569521,0.9532457860486829,0.928006691529382,0.902282111015191,0.877235201590512,0.8533685407779141,0.756941104556965,0.6794469506362351,0.630391294168931,0.59790836449334,0.575107974135427,0.558312206919552,0.545458734549263,0.535319927495003,0.527124930490481,0.5203672969253951
0.387146059530215,0.434384304464019,0.48351973617720095,0.53352904400544,0.583020960206041,0.6303044309899,0.6735572019360698,0.7110798788653101,0.741573072828094,0.764346759328424,0.7793892070012729,0.851321821643115,0.9220811502382259,0.9687043806369259,0.993090569208242,1.0,0.9948102468953821,0.982122237646526,0.9653151801424972,0.946643036073032,0.927509346338668,0.90624888642624,0.801356286421298,0.7180553190812891,0.665462097720056,0.630676749891323,0.606276033547129,0.5883088538743559,0.574562897207793,0.563722409394232,0.554961690985906,0.547738496857364
0.33588916312146805,0.380040727978177,0.4261113128479829,0.47318147238651204,0.519985808897248,0.564970568751679,0.606444348157672,0.642810051197688,0.672822193713555,0.6957859748937709,0.7116294609815501,0.793522423974937,0.87791980630274,0.938421532307591,0.9759965514569521,0.9948102468953821,1.0,0.996178668461522,0.986870441840879,0.9745218114118759,0.9607290483262549,0.941965973506975,0.830906484710103,0.743502121091655,0.688429706024509,0.652036985877464,0.626521534222934,0.607739574505604,0.593373484436124,0.582045813028352,0.572892540437943,0.5653464453468531
0.289111063231512,0.330247658529493,0.3733061331057,0.417463807676692,0.46157380232079603,0.504213079116979,0.543816553001899,0.578888157312228,0.608238986848137,0.631175891145914,0.647575854857713,0.737340889118952,0.832746508728768,0.904660628033514,0.9532457860486829,0.982122237646526,0.996178668461522,1.0,0.9972057054375191,0.9903872933407121,0.9812932609499692,0.964829193932442,0.8493952750805579,0.7591919824251591,0.7024472480911079,0.6649759725768989,0.638714816691166,0.6193889029560079,0.6046093945524511,0.592957280746197,0.58354279873299,0.575781982372604
0.247346896249202,0.28565525292944505,0.325876282485493,0.36727506160667206,0.408813037103643,0.44918760550997794,0.48695121650069295,0.52070328852187,0.549310518950759,0.572085371401062,0.588861884054284,0.684816009799719,0.7890590213003679,0.870298649930917,0.928006691529382,0.9653151801424972,0.986870441840879,0.9972057054375191,1.0,0.9979531617421691,0.992933292593112,0.978535485438104,0.860059785328914,0.768009336194119,0.7101782293897858,0.672011601356124,0.645271829706031,0.625597818591824,0.610554301474587,0.5986953230120389,0.589114495826857,0.5812170717043559
0.21049775612572896,0.24621502303689896,0.28382859188087894,0.32268192293294107,0.36183380345383703,0.40009050702496796,0.436111521530886,0.46858422008673295,0.49642792785190293,0.518962966090952,0.535987346368489,0.6368135711841221,0.74815890265682,0.8370208004769171,0.902282111015191,0.946643036073032,0.9745218114118759,0.9903872933407121,0.9979531617421691,1.0,0.9984900025776791,0.985924876825902,0.8653712261944381,0.7721481592152428,0.7136437916726519,0.6750513389027889,0.648020552962655,0.628135890993435,0.612933151138361,0.6009497311173511,0.591269035784031,0.583289727172708
0.17815554028657998,0.21153026811079398,0.24678103721283898,0.283320786907964,0.32029499826553604,0.35660737416071103,0.39101373190430105,0.42228128970510403,0.44937811313193604,0.471633494729526,0.48881515853241997,0.593497099272054,0.710579577852375,0.8056987531140551,0.877235201590512,0.927509346338668,0.9607290483262549,0.9812932609499692,0.992933292593112,0.9984900025776791,1.0,0.989050255639611,0.867105601039408,0.7731799075332529,0.7142884022259259,0.675456287177569,0.648263857460051,0.628263230213969,0.6129734011824699,0.60092224817776,0.591187403035211,0.583163832382631
0.132830013562426,0.16597732967093498,0.20123565365433202,0.23808479552130302,0.27573546536063204,0.31314437888338303,0.349095847070888,0.382350628457682,0.411831142214839,0.43678651958592996,0.45688246674269,0.563089203444656,0.6818965785033871,0.7792803528077901,0.8533685407779141,0.90624888642624,0.941965973506975,0.964829193932442,0.978535485438104,0.985924876825902,0.989050255639611,1.0,0.9298401697291809,0.856316602523649,0.8073953052931379,0.7743126111595541,0.750819659673422,0.7333854156930931,0.719974947019082,0.709357039729899,0.7007501374012249,0.6936367416156779
0.0612035304593836,0.0947400210512193,0.130823348518211,0.16903152459438,0.208664554325036,0.248742464993047,0.288068503140742,0.325364223767533,0.359451996003081,0.389431556527941,0.41479280187075196,0.5083972704634571,0.6107033237310799,0.694042805713874,0.756941104556965,0.801356286421298,0.830906484710103,0.8493952750805579,0.860059785328914,0.8653712261944381,0.867105601039408,0.9298401697291809,1.0,0.9862728635817841,0.9678511480395591,0.952835580722768,0.9411849514140129,0.9320777340835258,0.924828430503905,0.918947616138854,0.914093402985192,0.9100247236179879
0.0262940487900548,0.0584889510085513,0.0933111224151176,0.13040172143576498,0.16913247195619402,0.20859611823104396,0.247658510990754,0.285081412887503,0.319695537887817,0.3505742839885,0.37715171560802796,0.460868930401536,0.551144618901489,0.6244138327035121,0.6794469506362351,0.7180553190812891,0.743502121091655,0.7591919824251591,0.768009336194119,0.7721481592152428,0.7731799075332529,0.856316602523649,0.9862728635817841,1.0,0.99609784361037,0.989868774308748,0.984059128294899,0.9791004141538749,0.9749436845068091,0.9714545203787222,0.9685037922074409,0.9659853799717991
0.007340006820096859,0.0384560120312168,0.0722127480481979,0.10828915717215801,0.146102357025992,0.184794154559002,0.22327660815990102,0.26034688742772305,0.294853308196382,0.32586560503695505,0.35279436165260303,0.430286104168368,0.5131171530303991,0.580180502375032,0.630391294168931,0.665462097720056,0.688429706024509,0.7024472480911079,0.7101782293897858,0.7136437916726519,0.7142884022259259,0.8073953052931379,0.9678511480395591,0.99609784361037,1.0,0.998537172661159,0.9959147274171829,0.9932290486755321,0.990771964726977,0.9886003117451279,0.9867001272142769,0.9850386108845591
0.00430039027086811,0.026034728819377004,0.0590086499496401,0.0943247007354303,0.13143005519613,0.169499885349129,0.207478750853849,0.244190148290577,0.27849761517850896,0.309472226453523,0.336512451755225,0.409891573496255,0.48784250908353,0.550845435766761,0.59790836449334,0.630676749891323,0.652036985877464,0.6649759725768989,0.672011601356124,0.6750513389027889,0.675456287177569,0.7743126111595541,0.952835580722768,0.989868774308748,0.998537172661159,1.0,0.9993402851600841,0.9980575209924741,0.9966511859915459,0.9952950689621008,0.9940458177901909,0.9929156776644309
0.0121120652971473,0.0176487216546312,0.0500426814587817,0.0847900083203533,0.121358972733233,0.158948512294483,0.196526750769547,0.23293680045632,0.267054289517677,0.29795271875523,0.325023408796132,0.39551961543348496,0.470064610731431,0.530236723888307,0.575107974135427,0.606276033547129,0.626521534222934,0.638714816691166,0.645271829706031,0.648020552962655,0.648263857460051,0.750819659673422,0.9411849514140129,0.984059128294899,0.9959147274171829,0.9993402851600841,1.0,0.999661666080237,0.99896341816119,0.998157315541918,0.9973473413723422,0.996575977298335
0.0176969048269376,0.0116284194290332,0.0435807499374843,0.0778925874933433,0.11404774285460699,0.151262823854126,0.18852366734695103,0.224688372277226,0.25864213769093497,0.28946095299648,0.316531512281818,0.38490583831712105,0.456951083665535,0.515047001905424,0.558312206919552,0.5883088538743559,0.607739574505604,0.6193889029560079,0.625597818591824,0.628135890993435,0.628263230213969,0.7333854156930931,0.9320777340835258,0.9791004141538749,0.9932290486755321,0.9980575209924741,0.999661666080237,1.0,0.9998094446287529,0.9993979116038759,0.998903200907595,0.998389414853747
0.0218804916981367,0.0071049809860105,0.0387116642121293,0.0726814138356308,0.10850993310222501,0.145427439653427,0.182433514887331,0.21839801285695803,0.252213811111824,0.28295917747469296,0.310017606390724,0.37676905857808596,0.44690620541965603,0.503418105683296,0.545458734549263,0.574562897207793,0.593373484436124,0.6046093945524511,0.610554301474587,0.612933151138361,0.6129734011824699,0.719974947019082,0.924828430503905,0.9749436845068091,0.990771964726977,0.9966511859915459,0.99896341816119,0.9998094446287529,1.0,0.999884776539338,0.9996268926984321,0.999306648729167
0.0251279737539232,0.0035855883047291102,0.0349151636029267,0.0686099506845919,0.10417503347833401,0.14085141566337803,0.177649630198186,0.21344896984076,0.24714857472677695,0.27782872720943297,0.304870596013736,0.370342484688951,0.4389773795003471,0.494242628529934,0.535319927495003,0.563722409394232,0.582045813028352,0.592957280746197,0.5986953230120389,0.6009497311173511,0.60092224817776,0.709357039729899,0.918947616138854,0.9714545203787222,0.9886003117451279,0.9952950689621008,0.998157315541918,0.9993979116038759,0.999884776539338,1.0,0.999926345647798,0.999756688441759
0.0277202584278457,0.000771143584202325,0.0318739697718104,0.0653433309358847,0.10069189316303098,0.13716940968878902,0.173795333574927,0.20945668987049498,0.24305780831844,0.273680734413452,0.30070487999294704,0.365142868947526,0.43256529414386496,0.486824649758499,0.527124930490481,0.554961690985906,0.572892540437943,0.58354279873299,0.589114495826857,0.591269035784031,0.591187403035211,0.7007501374012249,0.914093402985192,0.9685037922074409,0.9867001272142769,0.9940458177901909,0.9973473413723422,0.998903200907595,0.9996268926984321,0.999926345647798,1.0,0.999950769138241
0.0298365850972761,0.00152993163928527,0.0293841083219469,0.06266550604293901,0.0978331798532359,0.13414411843034302,0.170625174917117,0.206169817824239,0.239686739653667,0.27025952785079105,0.297266225805815,0.360851882169942,0.42727565568213105,0.48070668970662495,0.5203672969253951,0.547738496857364,0.5653464453468531,0.575781982372604,0.5812170717043559,0.583289727172708,0.583163832382631,0.6936367416156779,0.9100247236179879,0.9659853799717991,0.9850386108845591,0.9929156776644309,0.996575977298335,0.998389414853747,0.999306648729167,0.999756688441759,0.999950769138241,1.0
