1.0,0.9738277592283051,0.841208182508767,0.6923635120477359,0.6726424746452939,0.6157736679661729,0.581678157172715,0.574792440705786,0.547050145351277,0.536311625588519,0.526097979747171,0.4967429131131729,0.47964557867612195,0.45633869655204495,0.420611290454114,0.42447927418503395,0.4207955844890539,0.407692280272199,0.384950090621358,0.34597551977839297,0.305066592063804,0.274446828363562,0.24240676495512303,0.1951279964295,0.0997195099300698,0.038545750213051004,0.0214932885290699,0.0700424773415399,0.0909016917123635,0.14379235882947,0.152060760634483,0.149459252619089
0.9738277592283051,1.0,0.9420886830348492,0.8372793525735479,0.81083396711314,0.73922956502965,0.6942311532501649,0.680956455469377,0.6423468238888029,0.6268342875674621,0.613442818016172,0.577660390203217,0.5597208067210511,0.535505196015742,0.496774424042209,0.500916863752596,0.49589486881397604,0.479936989028425,0.45460830572177297,0.40994920665469897,0.362939790063522,0.328605711272206,0.292101347931098,0.23775758478762998,0.12571309436144198,0.0530252097591899,0.0105437596606838,0.0592757447512494,0.08066091334209,0.12233262957559699,0.12622688611673,0.12297380900637099
0.841208182508767,0.9420886830348492,1.0,0.9702822076367029,0.936467738817202,0.850032742782315,0.79329066328381,0.771870369537338,0.720952846063735,0.699893620498139,0.6831059111837691,0.641293898051785,0.623843253961402,0.600624307973711,0.561200678133251,0.5653482154261751,0.5588363085108051,0.5402068758120561,0.513506747082099,0.46477097059128797,0.413297996805206,0.37679764307631297,0.33722989177901497,0.27770741125045595,0.151931887880986,0.0692712975710878,0.00663011764399285,0.037667552707201006,0.0577644891725147,0.0788600550581476,0.0759243239382777,0.0720238673822181
0.6923635120477359,0.8372793525735479,0.9702822076367029,1.0,0.979159350453771,0.9053597796185601,0.851400089090612,0.8247528360524741,0.7661274266567271,0.7408090109123571,0.720732594031836,0.674139279921646,0.657303686006391,0.635470198513935,0.5965442843826609,0.599630400770177,0.5911366078369661,0.570083521638725,0.5432870673421459,0.4930243678995129,0.4397994796754529,0.40289999689342104,0.362291014823085,0.30142418756275896,0.17046392943257802,0.0831876502972354,0.0234777915179958,0.0162006027752901,0.0349132854737642,0.0423417441443371,0.0363357716369637,0.0327746898461707
0.6726424746452939,0.81083396711314,0.936467738817202,0.979159350453771,1.0,0.9727341997388779,0.9387711310995601,0.9102296989093871,0.846502066647957,0.8171420077916701,0.792267734140348,0.738109146313802,0.7194061800240059,0.6959217978422738,0.65372717430928,0.654684906661589,0.642825443520739,0.617620427432354,0.589123539794285,0.535121678596867,0.477874529569692,0.438488615047765,0.394909594798115,0.33117483761019895,0.19315742076707101,0.0998478085715406,0.0367878404878475,0.00552894950159225,0.0259624802460306,0.0384754474014389,0.0364659637652079,0.0343718327227703
0.6157736679661729,0.73922956502965,0.850032742782315,0.9053597796185601,0.9727341997388779,1.0,0.99060640755209,0.9613593783559771,0.8950594970803248,0.862583345970208,0.8335003555368661,0.773468194416734,0.7535878438756719,0.729417446348598,0.6856447772980488,0.684123093325057,0.669025801376682,0.6403665745396651,0.611383063426406,0.555868857454345,0.49695179842441706,0.45673773485423497,0.41199243087528103,0.3482372411825331,0.20920872750329103,0.113774182043219,0.0501086983459432,0.00693988850389816,0.0144153319899573,0.0320955857011541,0.0347525097254191,0.0344405006857633
0.581678157172715,0.6942311532501649,0.79329066328381,0.851400089090612,0.9387711310995601,0.99060640755209,1.0,0.9853974877759529,0.9346970603781279,0.905757605434708,0.8735597862029741,0.808842372574198,0.7878710977049151,0.762835462330621,0.717304126043245,0.7136241116885629,0.69564097236725,0.663889508565645,0.635268078800115,0.578922369861464,0.518865262086039,0.47833886499107897,0.4327462280763111,0.369820556850319,0.230663186545403,0.13304647734963101,0.0686895400400571,0.0241742151526147,0.00146261009357644,0.0204452128773985,0.0279393179475309,0.0296616913358531
0.574792440705786,0.680956455469377,0.771870369537338,0.8247528360524741,0.9102296989093871,0.9613593783559771,0.9853974877759529,1.0,0.9815697315084492,0.962007797343628,0.92707032559831,0.8575841756588372,0.83524535590964,0.8087799416965799,0.7605858971052271,0.754873714746622,0.733917511186893,0.698789345826693,0.6709165506457371,0.61351615649588,0.5518891745009561,0.510928862958498,0.464087621698439,0.401916995716715,0.261452948780686,0.160100787181015,0.09402396430428099,0.0470082190319338,0.0221497939923436,0.00366382114411975,0.0165132843452948,0.0206321587721337
0.547050145351277,0.6423468238888029,0.720952846063735,0.7661274266567271,0.846502066647957,0.8950594970803248,0.9346970603781279,0.9815697315084492,1.0,0.991644177845968,0.954848331892746,0.8824294112984828,0.85933353922498,0.832184909915398,0.7826804386066021,0.7748863236870559,0.7513229516387141,0.713628052245927,0.6875660150096379,0.630980539470569,0.5697374154669279,0.529716315422331,0.48310468007764795,0.42394624299935296,0.286906530111112,0.184890877507469,0.11918448713932599,0.0709994330759543,0.0445970584686239,0.015298549386024998,0.00311415189772777,0.00977935077467212
0.536311625588519,0.6268342875674621,0.699893620498139,0.7408090109123571,0.8171420077916701,0.862583345970208,0.905757605434708,0.962007797343628,0.991644177845968,1.0,0.983499634661115,0.9313411440032691,0.911360605761853,0.882416938617445,0.8297649979044691,0.8202062425048751,0.793888998900863,0.7528552193265671,0.726393881304217,0.667572653622881,0.603891812086548,0.563400324200466,0.51548068270278,0.45475061096480296,0.311320127905997,0.203460431337143,0.137282485147092,0.0897494066751636,0.0629047736083049,0.0351272393866529,0.0143769570569868,0.00620139668641801
0.526097979747171,0.613442818016172,0.6831059111837691,0.720732594031836,0.792267734140348,0.8335003555368661,0.8735597862029741,0.92707032559831,0.954848331892746,0.983499634661115,1.0,0.9818517073775992,0.9674297767178729,0.9364395965444822,0.8802844291391758,0.8691699819741819,0.840257443144278,0.7959014931939431,0.7682602039695341,0.7063576478621371,0.6395707084149661,0.5984379571599139,0.549036434164196,0.48516081219843105,0.33200439669438103,0.216872768090868,0.150712739513996,0.10548481455652699,0.0791272315443555,0.0559271088350401,0.034677599026208,0.0255643597600578
0.4967429131131729,0.577660390203217,0.641293898051785,0.674139279921646,0.738109146313802,0.773468194416734,0.808842372574198,0.8575841756588372,0.8824294112984828,0.9313411440032691,0.9818517073775992,1.0,0.991916422484399,0.9598793303656271,0.9020421541375201,0.8896908171466109,0.859082427609535,0.812816039362655,0.784917561283238,0.7219789983749759,0.654303216977819,0.6139562058893879,0.5647522863031271,0.499843269990545,0.3419197969608869,0.22324584930528,0.159449700853169,0.11824143751227999,0.0933287012988812,0.0757494822366162,0.0547298326240194,0.0449566394684423
0.47964557867612195,0.5597208067210511,0.623843253961402,0.657303686006391,0.7194061800240059,0.7535878438756719,0.7878710977049151,0.83524535590964,0.85933353922498,0.911360605761853,0.9674297767178729,0.991916422484399,1.0,0.9872513609090409,0.9483542472812919,0.9359182224438042,0.9028665133449221,0.85342231096191,0.8236722700079641,0.7572019084205529,0.6861703822954449,0.6451101847138729,0.594474487520553,0.528109301481697,0.364590413897248,0.240672168024708,0.177372901830892,0.13781721592808,0.11291718907604599,0.10033133263586698,0.078537097734267,0.0675946075044897
0.45633869655204495,0.535505196015742,0.600624307973711,0.635470198513935,0.6959217978422738,0.729417446348598,0.762835462330621,0.8087799416965799,0.832184909915398,0.882416938617445,0.9364395965444822,0.9598793303656271,0.9872513609090409,1.0,0.986754510835554,0.974724823248174,0.9394875441081401,0.887240296963448,0.8556646896213751,0.7860129415232758,0.71207130429197,0.6706034010109909,0.618936490322442,0.552080078840184,0.385287874674493,0.25756951110592996,0.19543166546304397,0.157723085965924,0.13291734259218901,0.125656476190397,0.103177705501032,0.0910681359745029
0.420611290454114,0.496774424042209,0.561200678133251,0.5965442843826609,0.65372717430928,0.6856447772980488,0.717304126043245,0.7605858971052271,0.7826804386066021,0.8297649979044691,0.8802844291391758,0.9020421541375201,0.9483542472812919,0.986754510835554,1.0,0.988700081863782,0.9521599046261321,0.8984267629637779,0.865819086451468,0.7947525171905742,0.71978509577704,0.6789897278030049,0.627627497495968,0.562024658027796,0.39627276521314003,0.26803257058205,0.208708820318131,0.173872179889807,0.149813394510077,0.14817012731999,0.12558350687671102,0.11260221956832199
0.42447927418503395,0.500916863752596,0.5653482154261751,0.599630400770177,0.654684906661589,0.684123093325057,0.7136241116885629,0.754873714746622,0.7748863236870559,0.8202062425048751,0.8691699819741819,0.8896908171466109,0.9359182224438042,0.974724823248174,0.988700081863782,1.0,0.987184255114419,0.953992671386942,0.920746866552722,0.8464519375645441,0.767547021335521,0.723977708328399,0.66915571757283,0.599571715336191,0.42370659817659795,0.287321323899652,0.229409823362292,0.19852859438462303,0.17540061330068202,0.17858942795369603,0.153886760241665,0.13907520563311598
0.4207955844890539,0.49589486881397604,0.5588363085108051,0.5911366078369661,0.642825443520739,0.669025801376682,0.69564097236725,0.733917511186893,0.7513229516387141,0.793888998900863,0.840257443144278,0.859082427609535,0.9028665133449221,0.9394875441081401,0.9521599046261321,0.987184255114419,1.0,0.9895531899298,0.956491623892011,0.8806322906931171,0.799493187507644,0.7539705484050201,0.696758985741975,0.62452127013653,0.442034791514109,0.300280640355326,0.24507122887151503,0.218947341963681,0.19731353137723603,0.20519663039750896,0.178840719706076,0.162493704664342
0.407692280272199,0.479936989028425,0.5402068758120561,0.570083521638725,0.617620427432354,0.6403665745396651,0.663889508565645,0.698789345826693,0.713628052245927,0.7528552193265671,0.7959014931939431,0.812816039362655,0.85342231096191,0.887240296963448,0.8984267629637779,0.953992671386942,0.9895531899298,1.0,0.9714300298911619,0.8988673950611709,0.8195127403540992,0.773511540997784,0.7153769887091179,0.6422876441896899,0.45646048900865704,0.31148759868590803,0.259017672479523,0.236849840217424,0.216421099212193,0.228331413577925,0.20051808603347498,0.182829397879637
0.384950090621358,0.45460830572177297,0.513506747082099,0.5432870673421459,0.589123539794285,0.611383063426406,0.635268078800115,0.6709165506457371,0.6875660150096379,0.726393881304217,0.7682602039695341,0.784917561283238,0.8236722700079641,0.8556646896213751,0.865819086451468,0.920746866552722,0.956491623892011,0.9714300298911619,1.0,0.97718801447659,0.9317675906978199,0.891543033106879,0.8347520522728149,0.7631695402851499,0.5614877189885,0.39763812895287604,0.333061629916601,0.29800485542996996,0.268803556949617,0.280301230489859,0.244752099747811,0.222571998494732
0.34597551977839297,0.40994920665469897,0.46477097059128797,0.4930243678995129,0.535121678596867,0.555868857454345,0.578922369861464,0.61351615649588,0.630980539470569,0.667572653622881,0.7063576478621371,0.7219789983749759,0.7572019084205529,0.7860129415232758,0.7947525171905742,0.8464519375645441,0.8806322906931171,0.8988673950611709,0.97718801447659,1.0,0.987143668823654,0.9540344542081659,0.901193251661905,0.8344222059372121,0.628309562270443,0.45549456002275296,0.3832083594617629,0.338313647656803,0.30267476257018106,0.31324693722268,0.27249507811553003,0.24736878369456
0.305066592063804,0.362939790063522,0.413297996805206,0.4397994796754529,0.477874529569692,0.49695179842441706,0.518865262086039,0.5518891745009561,0.5697374154669279,0.603891812086548,0.6395707084149661,0.654303216977819,0.6861703822954449,0.71207130429197,0.71978509577704,0.767547021335521,0.799493187507644,0.8195127403540992,0.9317675906978199,0.987143668823654,1.0,0.9806833928147081,0.938114361033057,0.8797712874207221,0.6730886213020321,0.495557022484441,0.419762916908141,0.3696158738168471,0.330143281189265,0.337801276726981,0.291372393231836,0.263454447656064
0.274446828363562,0.328605711272206,0.37679764307631297,0.40289999689342104,0.438488615047765,0.45673773485423497,0.47833886499107897,0.510928862958498,0.529716315422331,0.563400324200466,0.5984379571599139,0.6139562058893879,0.6451101847138729,0.6706034010109909,0.6789897278030049,0.723977708328399,0.7539705484050201,0.773511540997784,0.891543033106879,0.9540344542081659,0.9806833928147081,1.0,0.987735108791641,0.946707025616865,0.730706017159724,0.542484745653205,0.46792171219159706,0.42052407315395296,0.38032872716920296,0.37829730859824395,0.317842061894707,0.28377572913182897
0.24240676495512303,0.292101347931098,0.33722989177901497,0.362291014823085,0.394909594798115,0.41199243087528103,0.4327462280763111,0.464087621698439,0.48310468007764795,0.51548068270278,0.549036434164196,0.5647522863031271,0.594474487520553,0.618936490322442,0.627627497495968,0.66915571757283,0.696758985741975,0.7153769887091179,0.8347520522728149,0.901193251661905,0.938114361033057,0.987735108791641,1.0,0.9739294188352479,0.756469903419289,0.564926398629896,0.4934102954911371,0.449519536918564,0.40986003593662895,0.400150294884671,0.330172187707324,0.292141017772784
0.1951279964295,0.23775758478762998,0.27770741125045595,0.30142418756275896,0.33117483761019895,0.3482372411825331,0.369820556850319,0.401916995716715,0.42394624299935296,0.45475061096480296,0.48516081219843105,0.499843269990545,0.528109301481697,0.552080078840184,0.562024658027796,0.599571715336191,0.62452127013653,0.6422876441896899,0.7631695402851499,0.8344222059372121,0.8797712874207221,0.946707025616865,0.9739294188352479,1.0,0.8791804901482941,0.7275689866593871,0.661519759092475,0.593424668786276,0.5361122772365731,0.49153156704616496,0.383816039498907,0.329895356290534
0.0997195099300698,0.12571309436144198,0.151931887880986,0.17046392943257802,0.19315742076707101,0.20920872750329103,0.230663186545403,0.261452948780686,0.286906530111112,0.311320127905997,0.33200439669438103,0.3419197969608869,0.364590413897248,0.385287874674493,0.39627276521314003,0.42370659817659795,0.442034791514109,0.45646048900865704,0.5614877189885,0.628309562270443,0.6730886213020321,0.730706017159724,0.756469903419289,0.8791804901482941,1.0,0.9665522901652092,0.9187119780751859,0.8003098170810821,0.7100473705005649,0.6017592875221371,0.435321960670859,0.3578632444522
0.038545750213051004,0.0530252097591899,0.0692712975710878,0.0831876502972354,0.0998478085715406,0.113774182043219,0.13304647734963101,0.160100787181015,0.184890877507469,0.203460431337143,0.216872768090868,0.22324584930528,0.240672168024708,0.25756951110592996,0.26803257058205,0.287321323899652,0.300280640355326,0.31148759868590803,0.39763812895287604,0.45549456002275296,0.495557022484441,0.542484745653205,0.564926398629896,0.7275689866593871,0.9665522901652092,1.0,0.9666718676182421,0.8328520690327281,0.73374321773497,0.601828778091484,0.42017503483252794,0.33767503004931604
0.0214932885290699,0.0105437596606838,0.00663011764399285,0.0234777915179958,0.0367878404878475,0.0501086983459432,0.0686895400400571,0.09402396430428099,0.11918448713932599,0.137282485147092,0.150712739513996,0.159449700853169,0.177372901830892,0.19543166546304397,0.208708820318131,0.229409823362292,0.24507122887151503,0.259017672479523,0.333061629916601,0.3832083594617629,0.419762916908141,0.46792171219159706,0.4934102954911371,0.661519759092475,0.9187119780751859,0.9666718676182421,1.0,0.943766265132715,0.8780337324757321,0.7268755690700741,0.502307418070483,0.40095350166884297
0.0700424773415399,0.0592757447512494,0.037667552707201006,0.0162006027752901,0.00552894950159225,0.00693988850389816,0.0241742151526147,0.0470082190319338,0.0709994330759543,0.0897494066751636,0.10548481455652699,0.11824143751227999,0.13781721592808,0.157723085965924,0.173872179889807,0.19852859438462303,0.218947341963681,0.236849840217424,0.29800485542996996,0.338313647656803,0.3696158738168471,0.42052407315395296,0.449519536918564,0.593424668786276,0.8003098170810821,0.8328520690327281,0.943766265132715,1.0,0.986889788693995,0.8332193316963249,0.5771691322357021,0.461441477653604
0.0909016917123635,0.08066091334209,0.0577644891725147,0.0349132854737642,0.0259624802460306,0.0144153319899573,0.00146261009357644,0.0221497939923436,0.0445970584686239,0.0629047736083049,0.0791272315443555,0.0933287012988812,0.11291718907604599,0.13291734259218901,0.149813394510077,0.17540061330068202,0.19731353137723603,0.216421099212193,0.268803556949617,0.30267476257018106,0.330143281189265,0.38032872716920296,0.40986003593662895,0.5361122772365731,0.7100473705005649,0.73374321773497,0.8780337324757321,0.986889788693995,1.0,0.851336273278418,0.590303344685063,0.472252986767114
0.14379235882947,0.12233262957559699,0.0788600550581476,0.0423417441443371,0.0384754474014389,0.0320955857011541,0.0204452128773985,0.00366382114411975,0.015298549386024998,0.0351272393866529,0.0559271088350401,0.0757494822366162,0.10033133263586698,0.125656476190397,0.14817012731999,0.17858942795369603,0.20519663039750896,0.228331413577925,0.280301230489859,0.31324693722268,0.337801276726981,0.37829730859824395,0.400150294884671,0.49153156704616496,0.6017592875221371,0.601828778091484,0.7268755690700741,0.8332193316963249,0.851336273278418,1.0,0.925657816731794,0.8639071796191969
0.152060760634483,0.12622688611673,0.0759243239382777,0.0363357716369637,0.0364659637652079,0.0347525097254191,0.0279393179475309,0.0165132843452948,0.00311415189772777,0.0143769570569868,0.034677599026208,0.0547298326240194,0.078537097734267,0.103177705501032,0.12558350687671102,0.153886760241665,0.178840719706076,0.20051808603347498,0.244752099747811,0.27249507811553003,0.291372393231836,0.317842061894707,0.330172187707324,0.383816039498907,0.435321960670859,0.42017503483252794,0.502307418070483,0.5771691322357021,0.590303344685063,0.925657816731794,1.0,0.9902447232109649
0.149459252619089,0.12297380900637099,0.0720238673822181,0.0327746898461707,0.0343718327227703,0.0344405006857633,0.0296616913358531,0.0206321587721337,0.00977935077467212,0.00620139668641801,0.0255643597600578,0.0449566394684423,0.0675946075044897,0.0910681359745029,0.11260221956832199,0.13907520563311598,0.162493704664342,0.182829397879637,0.222571998494732,0.24736878369456,0.263454447656064,0.28377572913182897,0.292141017772784,0.329895356290534,0.3578632444522,0.33767503004931604,0.40095350166884297,0.461441477653604,0.472252986767114,0.8639071796191969,0.9902447232109649,1.0
