1.0,0.8463699619075659,0.8183335318899259,0.804100877793492,0.7986315949835859,0.793742135192968,0.787798048223233,0.7857526446753299,0.781949021471802,0.777632674674446,0.7738625476337929,0.7730127279070191,0.7708456862998571,0.7708246924130441,0.7678470231171329,0.7625568989819158,0.7592369249968342,0.75437808891477,0.75313601474607,0.7496265019125972,0.749311526000475,0.7461804507944549,0.742371403625668,0.740399930943587,0.737593593274823,0.736812323657298,0.736956464835785,0.733044222159442,0.725588166988104,0.706959182125228,0.656237912172665,0.23077468770754397
0.8463699619075659,1.0,0.976589745023706,0.963928209010378,0.956848438119501,0.953145096986322,0.948419637173946,0.9444825514778009,0.941427118473905,0.93572286583416,0.9325141857737159,0.9298574982155541,0.92738165615419,0.926496256010068,0.924767364476206,0.9225259587338058,0.918891416902038,0.915437645670965,0.913561133568486,0.9115657542205259,0.909833617247884,0.906534097901631,0.90398434753633,0.902307970701548,0.89727675778827,0.894316962095533,0.893080355283394,0.8879925433895559,0.8766207389635259,0.8591008385770358,0.79334971094225,0.280942516953382
0.8183335318899259,0.976589745023706,1.0,0.9888511147127891,0.9831122981573659,0.9785023627561569,0.9748607614721461,0.9714240907949759,0.967933203426823,0.962784902519325,0.960070187027001,0.9579575659146998,0.95580957359819,0.953156556312082,0.9501011908907521,0.9487203794332181,0.9458328558146791,0.943145750143162,0.941125274086799,0.9395773172316779,0.937341554997753,0.934096461635857,0.9312803622485409,0.929503618433218,0.925856878223409,0.9223371687550931,0.9199355146649151,0.915312095603028,0.9030474732110659,0.884684083313867,0.8232990473552491,0.283176310633164
0.804100877793492,0.963928209010378,0.9888511147127891,1.0,0.993646117220561,0.9885466952739599,0.984266228031648,0.9802138551963591,0.976284334340343,0.9712369755616509,0.96773417622887,0.9652587725481621,0.9629598491962321,0.960792090576442,0.9581450134671908,0.956952525171755,0.9535486485041059,0.950338334813275,0.948546264225692,0.946663508173527,0.945052485504505,0.942642471310162,0.9397965342737271,0.938330329098587,0.9347434557601311,0.9315627264630141,0.930310875109435,0.9259834172438001,0.9133675014853759,0.8932107221721558,0.830730244517083,0.28604093865520697
0.7986315949835859,0.956848438119501,0.9831122981573659,0.993646117220561,1.0,0.99511777496443,0.990781247037355,0.9865105280000029,0.982241938952894,0.977732292991482,0.974243140478538,0.9710395991985358,0.9685656178434241,0.96636262089788,0.963128974430437,0.961151236438931,0.957718282403904,0.9545811131993809,0.9527247384186229,0.9511891817065741,0.94889442692664,0.9462137101563071,0.943108375723637,0.941523293922105,0.93808651476751,0.9353285512204699,0.934037916707,0.9293134169471391,0.916789757728033,0.897041625228503,0.834653850117774,0.290669452824011
0.793742135192968,0.953145096986322,0.9785023627561569,0.9885466952739599,0.99511777496443,1.0,0.99618291462172,0.9924591042789191,0.9888667333059341,0.9848621000504909,0.9811506646119499,0.977303788546256,0.97415360107168,0.9717333228802221,0.9682300457119909,0.9657742141087291,0.961804832168578,0.9584176422765041,0.9560435777943059,0.9543684092788149,0.951798528593259,0.9494530177464751,0.946447592557108,0.94494700315971,0.941380822499049,0.93877989105966,0.9380365904457819,0.93299695117019,0.920329930771269,0.900827324311041,0.837409926111174,0.29309901004654
0.787798048223233,0.948419637173946,0.9748607614721461,0.984266228031648,0.990781247037355,0.99618291462172,1.0,0.9971804055574041,0.9939366885024871,0.9896269345079359,0.9860670132830199,0.9827070682197458,0.9798378578428009,0.977185006351773,0.9734739093523349,0.9707049159643001,0.966575257452683,0.963386977297412,0.960685961345847,0.958519576876045,0.955729730846991,0.9537361255919041,0.9511215533678159,0.9492543568652259,0.945586223397347,0.9434165693924,0.9425901172372549,0.9380085228181279,0.9256271566781421,0.906326654784216,0.8424994039780609,0.29415034107356297
0.7857526446753299,0.9444825514778009,0.9714240907949759,0.9802138551963591,0.9865105280000029,0.9924591042789191,0.9971804055574041,1.0,0.9973128225411971,0.9932881912276891,0.9894102980615319,0.986018632773589,0.983017181543693,0.979955182308859,0.975989631132443,0.9732692297775809,0.9691539350189158,0.965668878979817,0.9625546749015899,0.9599284581244258,0.9568327167283041,0.9546009297818809,0.95203685939602,0.9501404808742852,0.9469318333317008,0.944799334607626,0.9442349030140419,0.9395028734952711,0.927853508883422,0.908737888999497,0.8454088765453349,0.29779190662646005
0.781949021471802,0.941427118473905,0.967933203426823,0.976284334340343,0.982241938952894,0.9888667333059341,0.9939366885024871,0.9973128225411971,1.0,0.997286626412007,0.993777224255473,0.990353549100987,0.9871286550832871,0.9839208147780341,0.9798503145794991,0.9768391578282851,0.97280794417286,0.9694035146166741,0.966447209655313,0.963765729729542,0.960826594410164,0.9587613105180129,0.9565165023730171,0.954771437262115,0.951501716134122,0.9496267759404421,0.949335183326436,0.944513231829588,0.933484088141728,0.915178722515,0.852749315009222,0.305428597861464
0.777632674674446,0.93572286583416,0.962784902519325,0.9712369755616509,0.977732292991482,0.9848621000504909,0.9896269345079359,0.9932881912276891,0.997286626412007,1.0,0.99771204162204,0.994561931620947,0.9913528171997459,0.9880745136132378,0.983947305864881,0.980819741430918,0.976897286299979,0.9733606260484241,0.9704085244937959,0.967506410103138,0.964389359503822,0.962410808904846,0.9602483266634521,0.958356192406331,0.95514708460871,0.953182915318503,0.9529924412154519,0.9483071942131309,0.93823403169038,0.9205934110354641,0.860316007898034,0.31159638993216304
0.7738625476337929,0.9325141857737159,0.960070187027001,0.96773417622887,0.974243140478538,0.9811506646119499,0.9860670132830199,0.9894102980615319,0.993777224255473,0.99771204162204,1.0,0.997744505310088,0.99470951464046,0.9914508219986279,0.9874206607265841,0.9843564906474449,0.9807468467574281,0.9772786939928929,0.974176050762362,0.9712273243454449,0.9677300492276021,0.965688081238601,0.9635385094078359,0.961922383312502,0.958774428339059,0.956892536658504,0.956389663222572,0.9516116191550159,0.9419173581725259,0.9250680674930799,0.8644643259342221,0.31503385732243605
0.7730127279070191,0.9298574982155541,0.9579575659146998,0.9652587725481621,0.9710395991985358,0.977303788546256,0.9827070682197458,0.986018632773589,0.990353549100987,0.994561931620947,0.997744505310088,1.0,0.99785538383836,0.994876271247121,0.9910035379264269,0.9876952769658001,0.9839270197756429,0.9804863863616461,0.977243524666116,0.974067271807619,0.970493127008687,0.968371061084393,0.966395288192088,0.9650416777221009,0.962170979947606,0.960039935607614,0.958970252380275,0.9545271033370529,0.945514763616935,0.928558473108407,0.868015709003711,0.31639898512653003
0.7708456862998571,0.92738165615419,0.95580957359819,0.9629598491962321,0.9685656178434241,0.97415360107168,0.9798378578428009,0.983017181543693,0.9871286550832871,0.9913528171997459,0.99470951464046,0.99785538383836,1.0,0.99778503337881,0.9944494876757201,0.991097942436682,0.9870279144531969,0.983692192619116,0.9803756223804058,0.977026976310812,0.97354185820758,0.9709528689759609,0.96898663003317,0.967457891474828,0.9645260661307429,0.9625850280530129,0.9611523026288721,0.957119041447825,0.9478630645213071,0.93111010074789,0.8721170922635519,0.31943125852841897
0.7708246924130441,0.926496256010068,0.953156556312082,0.960792090576442,0.96636262089788,0.9717333228802221,0.977185006351773,0.979955182308859,0.9839208147780341,0.9880745136132378,0.9914508219986279,0.994876271247121,0.99778503337881,1.0,0.997970675796489,0.9948478116806141,0.9906988955925359,0.987230143348049,0.9839966965686551,0.980500492754937,0.976910283490515,0.97405445561889,0.9718412766954141,0.9699060258326279,0.9668972659338051,0.9650007589327181,0.9634857186744941,0.9594944349507291,0.950614931964476,0.9340072671619971,0.875799534200604,0.32045585047610303
0.7678470231171329,0.924767364476206,0.9501011908907521,0.9581450134671908,0.963128974430437,0.9682300457119909,0.9734739093523349,0.975989631132443,0.9798503145794991,0.983947305864881,0.9874206607265841,0.9910035379264269,0.9944494876757201,0.997970675796489,1.0,0.9980431142276519,0.9945758482243571,0.991197331696723,0.988053287465054,0.9844485894099549,0.9807618906444301,0.9776465548905559,0.9752452067484241,0.973026751839065,0.9700995968789379,0.9681021635338621,0.9661659484281581,0.962564367041062,0.9536754483300459,0.937279580676755,0.8793652401768101,0.32112934928767795
0.7625568989819158,0.9225259587338058,0.9487203794332181,0.956952525171755,0.961151236438931,0.9657742141087291,0.9707049159643001,0.9732692297775809,0.9768391578282851,0.980819741430918,0.9843564906474449,0.9876952769658001,0.991097942436682,0.9948478116806141,0.9980431142276519,1.0,0.997922144244404,0.995054466440873,0.9922035765035409,0.9885456864117029,0.984987084836729,0.9817994855722758,0.9794456874653341,0.9768975589418181,0.9740583415064008,0.971885444211231,0.9693826296271161,0.9655475297166121,0.9568393254739308,0.941088698632294,0.883575080871146,0.322155418332607
0.7592369249968342,0.918891416902038,0.9458328558146791,0.9535486485041059,0.957718282403904,0.961804832168578,0.966575257452683,0.9691539350189158,0.97280794417286,0.976897286299979,0.9807468467574281,0.9839270197756429,0.9870279144531969,0.9906988955925359,0.9945758482243571,0.997922144244404,1.0,0.998102437884525,0.9955363315437541,0.9920338074131351,0.9882728219030559,0.985057953683028,0.9826744848643381,0.98010486579319,0.977405099847361,0.9750871954302941,0.97220434695354,0.9678879227711159,0.959762225846273,0.9444105714147749,0.8879467786833259,0.32783746531544705
0.75437808891477,0.915437645670965,0.943145750143162,0.950338334813275,0.9545811131993809,0.9584176422765041,0.963386977297412,0.965668878979817,0.9694035146166741,0.9733606260484241,0.9772786939928929,0.9804863863616461,0.983692192619116,0.987230143348049,0.991197331696723,0.995054466440873,0.998102437884525,1.0,0.9982261801048801,0.9951361235886371,0.991593310582221,0.9882069222833559,0.9857472184609329,0.9830247629400709,0.980260171258665,0.978021801665259,0.975014655814175,0.970692033244713,0.962648336719639,0.9476329191345179,0.891794242787778,0.330913435638763
0.75313601474607,0.913561133568486,0.941125274086799,0.948546264225692,0.9527247384186229,0.9560435777943059,0.960685961345847,0.9625546749015899,0.966447209655313,0.9704085244937959,0.974176050762362,0.977243524666116,0.9803756223804058,0.9839966965686551,0.988053287465054,0.9922035765035409,0.9955363315437541,0.9982261801048801,1.0,0.9978888141063741,0.9949305303404158,0.991688589306131,0.9891871794738599,0.9861765551893119,0.9832177792676731,0.9807639918001451,0.9775226749015351,0.973293370744086,0.9656565556098821,0.950517218070102,0.8939799615011351,0.328703080222984
0.7496265019125972,0.9115657542205259,0.9395773172316779,0.946663508173527,0.9511891817065741,0.9543684092788149,0.958519576876045,0.9599284581244258,0.963765729729542,0.967506410103138,0.9712273243454449,0.974067271807619,0.977026976310812,0.980500492754937,0.9844485894099549,0.9885456864117029,0.9920338074131351,0.9951361235886371,0.9978888141063741,1.0,0.9977810469123979,0.994876554529313,0.992317383142888,0.989269359581981,0.9862406392646401,0.9836088466515459,0.980085027529491,0.9759866476718521,0.9682057907493041,0.954023094670659,0.899588783474877,0.33376740419477197
0.749311526000475,0.909833617247884,0.937341554997753,0.945052485504505,0.94889442692664,0.951798528593259,0.955729730846991,0.9568327167283041,0.960826594410164,0.964389359503822,0.9677300492276021,0.970493127008687,0.97354185820758,0.976910283490515,0.9807618906444301,0.984987084836729,0.9882728219030559,0.991593310582221,0.9949305303404158,0.9977810469123979,1.0,0.997884711664335,0.9951259165187,0.992140322447888,0.98906753227274,0.9861423968521109,0.982350826493956,0.9786476780025458,0.970462304285842,0.956348443183755,0.9018409041803871,0.337286634907885
0.7461804507944549,0.906534097901631,0.934096461635857,0.942642471310162,0.9462137101563071,0.9494530177464751,0.9537361255919041,0.9546009297818809,0.9587613105180129,0.962410808904846,0.965688081238601,0.968371061084393,0.9709528689759609,0.97405445561889,0.9776465548905559,0.9817994855722758,0.985057953683028,0.9882069222833559,0.991688589306131,0.994876554529313,0.997884711664335,1.0,0.998068844099042,0.9953080819188471,0.992061498775631,0.98900589881835,0.985381613968823,0.981595105577192,0.973159029770072,0.958882561753057,0.9063450865021321,0.339680670495192
0.742371403625668,0.90398434753633,0.9312803622485409,0.9397965342737271,0.943108375723637,0.946447592557108,0.9511215533678159,0.95203685939602,0.9565165023730171,0.9602483266634521,0.9635385094078359,0.966395288192088,0.96898663003317,0.9718412766954141,0.9752452067484241,0.9794456874653341,0.9826744848643381,0.9857472184609329,0.9891871794738599,0.992317383142888,0.9951259165187,0.998068844099042,1.0,0.997791517143071,0.994726918757516,0.9913384765096341,0.9872226939039159,0.98338109386506,0.9748613615400691,0.9609216734333309,0.9094790431458059,0.34309341782713004
0.740399930943587,0.902307970701548,0.929503618433218,0.938330329098587,0.941523293922105,0.94494700315971,0.9492543568652259,0.9501404808742852,0.954771437262115,0.958356192406331,0.961922383312502,0.9650416777221009,0.967457891474828,0.9699060258326279,0.973026751839065,0.9768975589418181,0.98010486579319,0.9830247629400709,0.9861765551893119,0.989269359581981,0.992140322447888,0.9953080819188471,0.997791517143071,1.0,0.997695329213192,0.9944576375414692,0.990116082762741,0.985966893316665,0.977471250244756,0.963949242101109,0.9130755645612891,0.34750656515905104
0.737593593274823,0.89727675778827,0.925856878223409,0.9347434557601311,0.93808651476751,0.941380822499049,0.945586223397347,0.9469318333317008,0.951501716134122,0.95514708460871,0.958774428339059,0.962170979947606,0.9645260661307429,0.9668972659338051,0.9700995968789379,0.9740583415064008,0.977405099847361,0.980260171258665,0.9832177792676731,0.9862406392646401,0.98906753227274,0.992061498775631,0.994726918757516,0.997695329213192,1.0,0.9973245552212091,0.9930822445932959,0.9885629053329571,0.980122410500376,0.9663712901698509,0.9158898872817859,0.356367472911714
0.736812323657298,0.894316962095533,0.9223371687550931,0.9315627264630141,0.9353285512204699,0.93877989105966,0.9434165693924,0.944799334607626,0.9496267759404421,0.953182915318503,0.956892536658504,0.960039935607614,0.9625850280530129,0.9650007589327181,0.9681021635338621,0.971885444211231,0.9750871954302941,0.978021801665259,0.9807639918001451,0.9836088466515459,0.9861423968521109,0.98900589881835,0.9913384765096341,0.9944576375414692,0.9973245552212091,1.0,0.996434005994609,0.991994396979917,0.983405169475729,0.9704959740841429,0.921072177468521,0.363659365482289
0.736956464835785,0.893080355283394,0.9199355146649151,0.930310875109435,0.934037916707,0.9380365904457819,0.9425901172372549,0.9442349030140419,0.949335183326436,0.9529924412154519,0.956389663222572,0.958970252380275,0.9611523026288721,0.9634857186744941,0.9661659484281581,0.9693826296271161,0.97220434695354,0.975014655814175,0.9775226749015351,0.980085027529491,0.982350826493956,0.985381613968823,0.9872226939039159,0.990116082762741,0.9930822445932959,0.996434005994609,1.0,0.9958732452196031,0.987275675063913,0.973835074020593,0.9268272674381329,0.38026554776007504
0.733044222159442,0.8879925433895559,0.915312095603028,0.9259834172438001,0.9293134169471391,0.93299695117019,0.9380085228181279,0.9395028734952711,0.944513231829588,0.9483071942131309,0.9516116191550159,0.9545271033370529,0.957119041447825,0.9594944349507291,0.962564367041062,0.9655475297166121,0.9678879227711159,0.970692033244713,0.973293370744086,0.9759866476718521,0.9786476780025458,0.981595105577192,0.98338109386506,0.985966893316665,0.9885629053329571,0.991994396979917,0.9958732452196031,1.0,0.992822732982363,0.9798205031604491,0.935449813316452,0.383818738749762
0.725588166988104,0.8766207389635259,0.9030474732110659,0.9133675014853759,0.916789757728033,0.920329930771269,0.9256271566781421,0.927853508883422,0.933484088141728,0.93823403169038,0.9419173581725259,0.945514763616935,0.9478630645213071,0.950614931964476,0.9536754483300459,0.9568393254739308,0.959762225846273,0.962648336719639,0.9656565556098821,0.9682057907493041,0.970462304285842,0.973159029770072,0.9748613615400691,0.977471250244756,0.980122410500376,0.983405169475729,0.987275675063913,0.992822732982363,1.0,0.989642591706121,0.947595308437265,0.387479295376739
0.706959182125228,0.8591008385770358,0.884684083313867,0.8932107221721558,0.897041625228503,0.900827324311041,0.906326654784216,0.908737888999497,0.915178722515,0.9205934110354641,0.9250680674930799,0.928558473108407,0.93111010074789,0.9340072671619971,0.937279580676755,0.941088698632294,0.9444105714147749,0.9476329191345179,0.950517218070102,0.954023094670659,0.956348443183755,0.958882561753057,0.9609216734333309,0.963949242101109,0.9663712901698509,0.9704959740841429,0.973835074020593,0.9798205031604491,0.989642591706121,1.0,0.964908820832165,0.40248986800906705
0.656237912172665,0.79334971094225,0.8232990473552491,0.830730244517083,0.834653850117774,0.837409926111174,0.8424994039780609,0.8454088765453349,0.852749315009222,0.860316007898034,0.8644643259342221,0.868015709003711,0.8721170922635519,0.875799534200604,0.8793652401768101,0.883575080871146,0.8879467786833259,0.891794242787778,0.8939799615011351,0.899588783474877,0.9018409041803871,0.9063450865021321,0.9094790431458059,0.9130755645612891,0.9158898872817859,0.921072177468521,0.9268272674381329,0.935449813316452,0.947595308437265,0.964908820832165,1.0,0.47188731967676295
0.23077468770754397,0.280942516953382,0.283176310633164,0.28604093865520697,0.290669452824011,0.29309901004654,0.29415034107356297,0.29779190662646005,0.305428597861464,0.31159638993216304,0.31503385732243605,0.31639898512653003,0.31943125852841897,0.32045585047610303,0.32112934928767795,0.322155418332607,0.32783746531544705,0.330913435638763,0.328703080222984,0.33376740419477197,0.337286634907885,0.339680670495192,0.34309341782713004,0.34750656515905104,0.356367472911714,0.363659365482289,0.38026554776007504,0.383818738749762,0.387479295376739,0.40248986800906705,0.47188731967676295,1.0
