1.0,0.9590258063730199,0.809250927427213,0.784105336217281,0.6997014625038179,0.668684681705263,0.640623338125439,0.6283542175388571,0.632472266038224,0.62455871228238,0.6247559467837029,0.608889813281098,0.601822720628408,0.576217189275863,0.562146458487123,0.540101501261968,0.516836773744057,0.492346442571785,0.46090244870605895,0.44039309221966205,0.405828906864295,0.391689019541367,0.363800298735667,0.30948355984373405,0.24299692291783298,0.201899567281517,0.176095612953792,0.140270480829396,0.0740312880993769,0.027783909241255,0.0808797439937406,0.10876675478767099
0.9590258063730199,1.0,0.942501696123365,0.9146996209996601,0.818097036884408,0.781825486790825,0.748391437998552,0.7294416271558442,0.7255928609955999,0.708896355257823,0.705366674917315,0.6832998811444829,0.6754223624997849,0.646744028765368,0.630899631084326,0.606064300691431,0.582352639083063,0.559711452822783,0.527704034554138,0.503992880988146,0.464209451107521,0.447629970482655,0.415362537877397,0.358878536655913,0.288295390023898,0.24288938247978198,0.21240610888948802,0.16994950427012,0.0912127008807511,0.0360597933981593,0.0699474288775814,0.0977315792443
0.809250927427213,0.942501696123365,1.0,0.9745117099796741,0.87660717819639,0.8384867035182729,0.8019898710502429,0.7769043218112199,0.7638102621451609,0.738204243899495,0.7305461382034292,0.703260873704868,0.6951842963424351,0.665701086909953,0.6493493814490889,0.6237146201022329,0.6018666534289829,0.583700138933865,0.554214818631294,0.528986172838482,0.486905724151104,0.46900346792507397,0.43469583588028704,0.3814691378408471,0.313291759129682,0.26748652868801004,0.23467487768967302,0.188715336445239,0.103015295294878,0.04277574795152299,0.04914627757751,0.0739894900589632
0.784105336217281,0.9146996209996601,0.9745117099796741,1.0,0.9622162457364071,0.935363062219237,0.894537861672193,0.8647886134151078,0.8467363103826401,0.8153045827602621,0.8056464471055809,0.77420453856796,0.7648114089304179,0.7318226289949781,0.714075716056533,0.6864108584357211,0.6628439045612479,0.643232917640678,0.6106121677562939,0.5810449890802121,0.533062672671993,0.511630413824626,0.47242639178396395,0.41748349496508597,0.346628316052304,0.299652092401784,0.267010923389662,0.218778574945695,0.12422066962037599,0.0571639540354323,0.037204526853252,0.0637034278890504
0.6997014625038179,0.818097036884408,0.87660717819639,0.9622162457364071,1.0,0.9886677307177009,0.9453945197982271,0.9120291179348391,0.8891993478074258,0.852856707596631,0.8414347612385941,0.807108451647502,0.7967628645392479,0.761786218632983,0.7435654525500791,0.7153377120131691,0.6913038732330941,0.6712873373285521,0.6371026854392671,0.6043015085996171,0.552453198281157,0.528209256015152,0.485756385240107,0.432506140213497,0.363269969418372,0.318100666405911,0.287909516766544,0.24023309368574697,0.14142205308476402,0.0706991976178967,0.020153650367388,0.0468411250153049
0.668684681705263,0.781825486790825,0.8384867035182729,0.935363062219237,0.9886677307177009,1.0,0.9823273015240229,0.95950763858992,0.9331257940434471,0.8927808438744979,0.879524793695065,0.842176614307662,0.8308319331793129,0.7937536239965519,0.7746061677939491,0.7451915653624991,0.7199397679487499,0.6986715133028321,0.66292926738942,0.629439147708031,0.57607495967034,0.5504344771059859,0.505824955870063,0.45107296439331607,0.37974009135833897,0.33312661027264195,0.30193662329163,0.25264129564781,0.150428569950772,0.0770394185404335,0.00742524830491609,0.0330395770423888
0.640623338125439,0.748391437998552,0.8019898710502429,0.894537861672193,0.9453945197982271,0.9823273015240229,1.0,0.99277715172609,0.963497288126142,0.919929023033324,0.904962462594967,0.8650548798053771,0.852846492864057,0.8141726868666039,0.794250534002885,0.763914385994284,0.7375997722322629,0.7151371746919041,0.678380589813895,0.6454959012775471,0.592155362882353,0.56591260177706,0.520135518530644,0.46380632116976095,0.39040403049526,0.342117533176509,0.309397595709432,0.258610772329049,0.154843594897966,0.0802192851877305,0.00472361795221069,0.018958225685128
0.6283542175388571,0.7294416271558442,0.7769043218112199,0.8647886134151078,0.9120291179348391,0.95950763858992,0.99277715172609,1.0,0.9846291337271291,0.9512265218159441,0.935195631173268,0.8933264501774519,0.880518381114631,0.8403681340784169,0.819756189000192,0.788457657149588,0.7608173148900491,0.736669772995327,0.6983673812631899,0.6657457915192571,0.6119602849945021,0.585870902991479,0.539483121844937,0.48021750600864394,0.403006073884644,0.35208151753340294,0.317318993072682,0.264088842016153,0.156528012070243,0.0793980414003253,0.0069887820929491395,0.0158436842836108
0.632472266038224,0.7255928609955999,0.7638102621451609,0.8467363103826401,0.8891993478074258,0.9331257940434471,0.963497288126142,0.9846291337271291,1.0,0.990085435816363,0.9735374767546802,0.930109223698225,0.9169034562186541,0.875237332778956,0.853941117511009,0.8215269930776159,0.792186674656743,0.7657532065801149,0.7252354053381931,0.6924754587805699,0.6376418394122131,0.612382580644367,0.56578863323637,0.502007720676807,0.418960996621314,0.364234307610882,0.326767082277838,0.269944370749903,0.156005472932635,0.0748506005608736,0.000242061206574277,0.0232995750629561
0.62455871228238,0.708896355257823,0.738204243899495,0.8153045827602621,0.852856707596631,0.8927808438744979,0.919929023033324,0.9512265218159441,0.990085435816363,1.0,0.9889585347996709,0.95123164246771,0.9378836899794071,0.8954383473192931,0.873890370321159,0.840994582283294,0.8105027059754271,0.7822448176715291,0.7400950146543092,0.7073133107639691,0.651950100531807,0.627824797913511,0.581729457884208,0.515456205995066,0.428940205221085,0.372080713449298,0.33325841039706605,0.274618445238768,0.15742808962179,0.0741268479362395,0.00476795074479633,0.028656814290578
0.6247559467837029,0.705366674917315,0.7305461382034292,0.8056464471055809,0.8414347612385941,0.879524793695065,0.904962462594967,0.935195631173268,0.9735374767546802,0.9889585347996709,1.0,0.986440701843294,0.9728323917049121,0.929063440804339,0.907138420029529,0.873507983438533,0.841646503709864,0.811365585820394,0.766756334079215,0.7320381539835991,0.67398961879774,0.6500332551857549,0.6032945593768491,0.536592282808229,0.448502361551724,0.39107670868260297,0.35259068419664596,0.29383942017552195,0.175446105187976,0.0903718298408997,0.00048495726377347805,0.0285552961082011
0.608889813281098,0.6832998811444829,0.703260873704868,0.77420453856796,0.807108451647502,0.842176614307662,0.8650548798053771,0.8933264501774519,0.930109223698225,0.95123164246771,0.986440701843294,1.0,0.9869192911268749,0.9433054567962471,0.921629573635135,0.8880014365916541,0.855391700967655,0.823596856544402,0.777353993322718,0.7413671531386191,0.681794976374231,0.6585954866970041,0.6122766598326679,0.546784426492882,0.45916846486815105,0.40256982012625897,0.36544508517298796,0.30803583509133,0.19118775228909898,0.106214697767134,0.00461333256637017,0.0273381443460206
0.601822720628408,0.6754223624997849,0.6951842963424351,0.7648114089304179,0.7967628645392479,0.8308319331793129,0.852846492864057,0.880518381114631,0.9169034562186541,0.9378836899794071,0.9728323917049121,0.9869192911268749,1.0,0.984477827295251,0.9687592172240649,0.932719013202754,0.897572506112179,0.863145651897805,0.8141374020901629,0.7775339607521691,0.716136232978552,0.6905838437433269,0.64082794577315,0.5742951760468871,0.48482614836897797,0.427509785256497,0.39071228083786597,0.33132499642152696,0.206280246732321,0.11525241651575599,0.0237730958030932,0.006370407045365021
0.576217189275863,0.646744028765368,0.665701086909953,0.7318226289949781,0.761786218632983,0.7937536239965519,0.8141726868666039,0.8403681340784169,0.875237332778956,0.8954383473192931,0.929063440804339,0.9433054567962471,0.984477827295251,1.0,0.991234682861726,0.953641202177357,0.916779058409779,0.880511466253701,0.829951257214342,0.793765960607502,0.73220818205261,0.7048547842742691,0.6528379407097421,0.587152569418277,0.498329012944881,0.441937183636506,0.406591114810531,0.346817940449493,0.216571444013476,0.121661231554267,0.0439240784348445,0.0166460016850543
0.562146458487123,0.630899631084326,0.6493493814490889,0.714075716056533,0.7435654525500791,0.7746061677939491,0.794250534002885,0.819756189000192,0.853941117511009,0.873890370321159,0.907138420029529,0.921629573635135,0.9687592172240649,0.991234682861726,1.0,0.984290603606696,0.958606377960738,0.921868976517328,0.870060071597178,0.833064389930654,0.769389789707922,0.742876941623715,0.6902413677528461,0.6239115829857471,0.532322119807716,0.47502072629917896,0.44042647939974205,0.38183504860055106,0.25425078237524396,0.158924045039105,0.07832024262182401,0.0473472173152655
0.540101501261968,0.606064300691431,0.6237146201022329,0.6864108584357211,0.7153377120131691,0.7451915653624991,0.763914385994284,0.788457657149588,0.8215269930776159,0.840994582283294,0.873507983438533,0.8880014365916541,0.932719013202754,0.953641202177357,0.984290603606696,1.0,0.9910403783043941,0.955027199704389,0.903057497018673,0.8655289364084839,0.800235207316657,0.7760569485149509,0.7244038870964471,0.65821380976637,0.5643799567283421,0.506639437821096,0.4732858002148139,0.41765813924607703,0.298170699268873,0.205532619051101,0.117761631664793,0.0812538729004804
0.516836773744057,0.582352639083063,0.6018666534289829,0.6628439045612479,0.6913038732330941,0.7199397679487499,0.7375997722322629,0.7608173148900491,0.792186674656743,0.8105027059754271,0.841646503709864,0.855391700967655,0.897572506112179,0.916779058409779,0.958606377960738,0.9910403783043941,1.0,0.9822553378066919,0.9437503040063541,0.908095088148279,0.8431186605955849,0.820259939614442,0.7681659389077379,0.7052304242132379,0.6118660871446391,0.554375819759055,0.5216955399490371,0.46683449999482296,0.34872769248294205,0.25413775073225603,0.16107259526421,0.11938891642269198
0.492346442571785,0.559711452822783,0.583700138933865,0.643232917640678,0.6712873373285521,0.6986715133028321,0.7151371746919041,0.736669772995327,0.7657532065801149,0.7822448176715291,0.811365585820394,0.823596856544402,0.863145651897805,0.880511466253701,0.921868976517328,0.955027199704389,0.9822553378066919,1.0,0.9884207318364989,0.9571010980494019,0.8945571462002149,0.8719576524258481,0.8180881935018259,0.7615900590076908,0.6716633039685339,0.615242067844481,0.582687611364766,0.5264099033093571,0.402951742278789,0.30192560069613894,0.20594519010089002,0.159791705808581
0.46090244870605895,0.527704034554138,0.554214818631294,0.6106121677562939,0.6371026854392671,0.66292926738942,0.678380589813895,0.6983673812631899,0.7252354053381931,0.7400950146543092,0.766756334079215,0.777353993322718,0.8141374020901629,0.829951257214342,0.870060071597178,0.903057497018673,0.9437503040063541,0.9884207318364989,1.0,0.981439521681647,0.9301660875058531,0.908201776285894,0.853354590112706,0.8034016311780471,0.7177145262505241,0.662501719885805,0.6295693351554039,0.572373697293182,0.446700623758033,0.34181817265806397,0.243455420886682,0.19356130133428898
0.44039309221966205,0.503992880988146,0.528986172838482,0.5810449890802121,0.6043015085996171,0.629439147708031,0.6454959012775471,0.6657457915192571,0.6924754587805699,0.7073133107639691,0.7320381539835991,0.7413671531386191,0.7775339607521691,0.793765960607502,0.833064389930654,0.8655289364084839,0.908095088148279,0.9571010980494019,0.981439521681647,1.0,0.9833087082275,0.9615857240481941,0.904325880656912,0.8578032935915602,0.772820065071484,0.7153788023733342,0.6782285574449649,0.6176092405280761,0.490401990580677,0.38209859124775,0.27605182522696503,0.22109600479594899
0.405828906864295,0.464209451107521,0.486905724151104,0.533062672671993,0.552453198281157,0.57607495967034,0.592155362882353,0.6119602849945021,0.6376418394122131,0.651950100531807,0.67398961879774,0.681794976374231,0.716136232978552,0.73220818205261,0.769389789707922,0.800235207316657,0.8431186605955849,0.8945571462002149,0.9301660875058531,0.9833087082275,1.0,0.9792510897794371,0.9216662718347758,0.8799940316437909,0.798593593674473,0.741008341167098,0.7011306492060679,0.639342375595707,0.51504285990705,0.40720869129140397,0.29750913682439195,0.239636012709481
0.391689019541367,0.447629970482655,0.46900346792507397,0.511630413824626,0.528209256015152,0.5504344771059859,0.56591260177706,0.585870902991479,0.612382580644367,0.627824797913511,0.6500332551857549,0.6585954866970041,0.6905838437433269,0.7048547842742691,0.742876941623715,0.7760569485149509,0.820259939614442,0.8719576524258481,0.908201776285894,0.9615857240481941,0.9792510897794371,1.0,0.9811652706838501,0.9428714856578141,0.850829280097822,0.789662309506515,0.751610421467845,0.6921236490406371,0.571971039602124,0.463586793418489,0.336456116388404,0.26982140744501504
0.363800298735667,0.415362537877397,0.43469583588028704,0.47242639178396395,0.485756385240107,0.505824955870063,0.520135518530644,0.539483121844937,0.56578863323637,0.581729457884208,0.6032945593768491,0.6122766598326679,0.64082794577315,0.6528379407097421,0.6902413677528461,0.7244038870964471,0.7681659389077379,0.8180881935018259,0.853354590112706,0.904325880656912,0.9216662718347758,0.9811652706838501,1.0,0.9663102924618829,0.8675870540282191,0.8053512820344642,0.770544930349034,0.7155514474326571,0.603905126881414,0.499140600375721,0.360325560791162,0.287941233424046
0.30948355984373405,0.358878536655913,0.3814691378408471,0.41748349496508597,0.432506140213497,0.45107296439331607,0.46380632116976095,0.48021750600864394,0.502007720676807,0.515456205995066,0.536592282808229,0.546784426492882,0.5742951760468871,0.587152569418277,0.6239115829857471,0.65821380976637,0.7052304242132379,0.7615900590076908,0.8034016311780471,0.8578032935915602,0.8799940316437909,0.9428714856578141,0.9663102924618829,1.0,0.965694433348389,0.92820098021395,0.893057223341568,0.838919672977586,0.7320607204690529,0.6231669445001421,0.481938482786806,0.39902078136515
0.24299692291783298,0.288295390023898,0.313291759129682,0.346628316052304,0.363269969418372,0.37974009135833897,0.39040403049526,0.403006073884644,0.418960996621314,0.428940205221085,0.448502361551724,0.45916846486815105,0.48482614836897797,0.498329012944881,0.532322119807716,0.5643799567283421,0.6118660871446391,0.6716633039685339,0.7177145262505241,0.772820065071484,0.798593593674473,0.850829280097822,0.8675870540282191,0.965694433348389,1.0,0.989976240523251,0.9558243901251491,0.9047297606571222,0.807085120244285,0.699849542173787,0.5680126736181911,0.48115706629582206
0.201899567281517,0.24288938247978198,0.26748652868801004,0.299652092401784,0.318100666405911,0.33312661027264195,0.342117533176509,0.35208151753340294,0.364234307610882,0.372080713449298,0.39107670868260297,0.40256982012625897,0.427509785256497,0.441937183636506,0.47502072629917896,0.506639437821096,0.554375819759055,0.615242067844481,0.662501719885805,0.7153788023733342,0.741008341167098,0.789662309506515,0.8053512820344642,0.92820098021395,0.989976240523251,1.0,0.9834936746608891,0.9464540267545991,0.8554694233245319,0.749759372350105,0.6100265517734449,0.517210043881174
0.176095612953792,0.21240610888948802,0.23467487768967302,0.267010923389662,0.287909516766544,0.30193662329163,0.309397595709432,0.317318993072682,0.326767082277838,0.33325841039706605,0.35259068419664596,0.36544508517298796,0.39071228083786597,0.406591114810531,0.44042647939974205,0.4732858002148139,0.5216955399490371,0.582687611364766,0.6295693351554039,0.6782285574449649,0.7011306492060679,0.751610421467845,0.770544930349034,0.893057223341568,0.9558243901251491,0.9834936746608891,1.0,0.98725249653587,0.9009722832355942,0.795705936076443,0.6319612536826129,0.5296174992163329
0.140270480829396,0.16994950427012,0.188715336445239,0.218778574945695,0.24023309368574697,0.25264129564781,0.258610772329049,0.264088842016153,0.269944370749903,0.274618445238768,0.29383942017552195,0.30803583509133,0.33132499642152696,0.346817940449493,0.38183504860055106,0.41765813924607703,0.46683449999482296,0.5264099033093571,0.572373697293182,0.6176092405280761,0.639342375595707,0.6921236490406371,0.7155514474326571,0.838919672977586,0.9047297606571222,0.9464540267545991,0.98725249653587,1.0,0.945822805682815,0.8584522955209699,0.674723964037354,0.562222569075942
0.0740312880993769,0.0912127008807511,0.103015295294878,0.12422066962037599,0.14142205308476402,0.150428569950772,0.154843594897966,0.156528012070243,0.156005472932635,0.15742808962179,0.175446105187976,0.19118775228909898,0.206280246732321,0.216571444013476,0.25425078237524396,0.298170699268873,0.34872769248294205,0.402951742278789,0.446700623758033,0.490401990580677,0.51504285990705,0.571971039602124,0.603905126881414,0.7320607204690529,0.807085120244285,0.8554694233245319,0.9009722832355942,0.945822805682815,1.0,0.978471665809228,0.7817571750032299,0.6554838653775721
0.027783909241255,0.0360597933981593,0.04277574795152299,0.0571639540354323,0.0706991976178967,0.0770394185404335,0.0802192851877305,0.0793980414003253,0.0748506005608736,0.0741268479362395,0.0903718298408997,0.106214697767134,0.11525241651575599,0.121661231554267,0.158924045039105,0.205532619051101,0.25413775073225603,0.30192560069613894,0.34181817265806397,0.38209859124775,0.40720869129140397,0.463586793418489,0.499140600375721,0.6231669445001421,0.699849542173787,0.749759372350105,0.795705936076443,0.8584522955209699,0.978471665809228,1.0,0.8060402201969581,0.678079892947806
0.0808797439937406,0.0699474288775814,0.04914627757751,0.037204526853252,0.020153650367388,0.00742524830491609,0.00472361795221069,0.0069887820929491395,0.000242061206574277,0.00476795074479633,0.00048495726377347805,0.00461333256637017,0.0237730958030932,0.0439240784348445,0.07832024262182401,0.117761631664793,0.16107259526421,0.20594519010089002,0.243455420886682,0.27605182522696503,0.29750913682439195,0.336456116388404,0.360325560791162,0.481938482786806,0.5680126736181911,0.6100265517734449,0.6319612536826129,0.674723964037354,0.7817571750032299,0.8060402201969581,1.0,0.981566838300508
0.10876675478767099,0.0977315792443,0.0739894900589632,0.0637034278890504,0.0468411250153049,0.0330395770423888,0.018958225685128,0.0158436842836108,0.0232995750629561,0.028656814290578,0.0285552961082011,0.0273381443460206,0.006370407045365021,0.0166460016850543,0.0473472173152655,0.0812538729004804,0.11938891642269198,0.159791705808581,0.19356130133428898,0.22109600479594899,0.239636012709481,0.26982140744501504,0.287941233424046,0.39902078136515,0.48115706629582206,0.517210043881174,0.5296174992163329,0.562222569075942,0.6554838653775721,0.678079892947806,0.981566838300508,1.0
