1.0,0.934659843458868,0.9128429969507629,0.903494309549945,0.8978291151453399,0.893067496479306,0.888399380417014,0.8834970074172941,0.877420581034085,0.8721860050009659,0.867917244387751,0.862508561116397,0.8563448068583059,0.851125510196982,0.8450047180367399,0.8402315543554029,0.834432623544191,0.829271644526537,0.8238750419528571,0.8177892952442349,0.811125971270457,0.807659175463025,0.8021630630339509,0.794957560853215,0.788511693435083,0.781963671878052,0.7746771290680591,0.762218454545352,0.7429154683178391,0.6905853662700279,0.491783581319642,0.318344292818502
0.934659843458868,1.0,0.9855571775150229,0.977710386495428,0.9729667337999979,0.967803321749874,0.963872311417233,0.9608218035523192,0.9561002586329341,0.952821535968055,0.94873474732182,0.9450742695908521,0.939677286404047,0.935406457060554,0.929860076395146,0.9250904563536991,0.919790260052683,0.913565438669475,0.907298891274283,0.902522993942293,0.8969639155311221,0.893859376964856,0.88893529978058,0.882370161102598,0.8764025511515691,0.8707821952857799,0.8634918131396009,0.851612526612149,0.8313129769381259,0.7792149584566469,0.565583745822273,0.37715298996524
0.9128429969507629,0.9855571775150229,1.0,0.992713905870938,0.987792635152965,0.9831648816464108,0.97959704020237,0.976372145031245,0.9725597245977521,0.969226354894855,0.9650663779545591,0.961297620113381,0.9567560292194491,0.952946697996117,0.94799440290514,0.943286429004391,0.938157487832066,0.9324212901439759,0.9267250893054501,0.9224652325816279,0.917642134741905,0.9150972113266871,0.9103360111478008,0.904257484198582,0.898526273877755,0.892860586439114,0.8861285978784059,0.8758514606833578,0.855422685107503,0.805106917387085,0.5907091362716229,0.40343210084687703
0.903494309549945,0.977710386495428,0.992713905870938,1.0,0.996665033548595,0.992764613629511,0.9893335006574491,0.9862383533366479,0.9829438026495859,0.979739479095962,0.9761181702125721,0.972698373619206,0.968536232680155,0.9646477204687929,0.9596729684897479,0.9550662504074009,0.9501459456891891,0.9450478206388441,0.939808074457609,0.936159008529493,0.9315554898384979,0.92881425155858,0.9242909165631958,0.9185484424137991,0.912898876222875,0.9074043712458771,0.9007074652488141,0.890656075476914,0.8708763961957628,0.822055832919979,0.60693084725036,0.420391938686607
0.8978291151453399,0.9729667337999979,0.987792635152965,0.996665033548595,1.0,0.9967778466254051,0.9935432731537159,0.990358863284047,0.98716014607633,0.984042943821047,0.9804920920759879,0.9773193309718069,0.9733550128964001,0.9695104268044399,0.964981355795548,0.960657508972397,0.955881772207521,0.9510203921758841,0.946060458282052,0.942722641235895,0.93808642262178,0.9354448413857779,0.9311121592942799,0.9256017503944101,0.91994260962265,0.9145190953601741,0.908086762412341,0.897748364216618,0.878451227773799,0.830675742800367,0.615681129895103,0.428976940056709
0.893067496479306,0.967803321749874,0.9831648816464108,0.992764613629511,0.9967778466254051,1.0,0.997646882604328,0.995163300346731,0.992411735611692,0.9893941639015309,0.9858619157991371,0.9826220688076229,0.9791412574032329,0.975622434819415,0.971525402174302,0.9675416903373142,0.9631210718629191,0.95882355262741,0.954048620138914,0.9508434403403739,0.9464591283764409,0.9440841397555619,0.9399563155402891,0.934818120337464,0.929319952335797,0.923986351353191,0.91743480634551,0.907060599718847,0.888694130397702,0.8411789066038771,0.625486202543046,0.441763324714536
0.888399380417014,0.963872311417233,0.97959704020237,0.9893335006574491,0.9935432731537159,0.997646882604328,1.0,0.998001076276098,0.9953717062186609,0.992609040168222,0.989374834482619,0.9863683354740942,0.983124798266917,0.9795499368274009,0.9757081372139991,0.97195973991364,0.967933717444495,0.964184245074236,0.9598417739772791,0.9567930980384121,0.952746250553875,0.950283429574066,0.9462902999993509,0.9416912939145521,0.9365154301257429,0.9313403998265071,0.925030669467072,0.914789772247258,0.8967502972359841,0.850017004646945,0.6368827511683779,0.449513870266844
0.8834970074172941,0.9608218035523192,0.976372145031245,0.9862383533366479,0.990358863284047,0.995163300346731,0.998001076276098,1.0,0.998006679270619,0.9956852714039179,0.992702987017196,0.990010357003271,0.9868348057074019,0.983450189591217,0.979759740713178,0.9762041496193721,0.972419837400816,0.968928195666163,0.964988711057961,0.962031921298251,0.9581117229347309,0.955717081552493,0.9519152656366671,0.94763891203107,0.942605041015271,0.9374045321398051,0.9312118414013142,0.921209002092918,0.90374314054128,0.857671003964466,0.6467682544693051,0.46072127898921206
0.877420581034085,0.9561002586329341,0.9725597245977521,0.9829438026495859,0.98716014607633,0.992411735611692,0.9953717062186609,0.998006679270619,1.0,0.9982890295224001,0.995891663805268,0.9936233356433251,0.991022345810917,0.988077220600506,0.9847578225204731,0.9815681872124599,0.978051182891505,0.974859799654356,0.9711429535963679,0.9683121540616509,0.96464539969788,0.962320066261049,0.9586092602226959,0.9545541421558291,0.9498987979349309,0.945047816768388,0.9389985500587741,0.9293476077674151,0.9125862060201541,0.868167412551308,0.658704727972479,0.47335893101110205
0.8721860050009659,0.952821535968055,0.969226354894855,0.979739479095962,0.984042943821047,0.9893941639015309,0.992609040168222,0.9956852714039179,0.9982890295224001,1.0,0.998455568157239,0.996499731808944,0.994349505448571,0.991696496977205,0.9886700474691709,0.985786518698727,0.9827266599751271,0.9798326412040479,0.9764272624822751,0.973464478541753,0.9699169758996059,0.9676098954141791,0.9638866491094759,0.959960549417578,0.9555414900467422,0.9508936724116871,0.9450166882601958,0.9358479042174681,0.919909226386516,0.876707192501926,0.6694928033590091,0.479978013242825
0.867917244387751,0.94873474732182,0.9650663779545591,0.9761181702125721,0.9804920920759879,0.9858619157991371,0.989374834482619,0.992702987017196,0.995891663805268,0.998455568157239,1.0,0.998711090440434,0.9969811418136129,0.994699344854241,0.9918354863203679,0.9892720422434391,0.986461810530843,0.98389580144261,0.980933689725257,0.9780582792693441,0.9746158036393779,0.972400185608409,0.968585150119027,0.9649492034662079,0.9607700932075229,0.956594140391315,0.950843564779288,0.9420410598663249,0.9268519016511241,0.884825574275111,0.678424159548323,0.490743816966107
0.862508561116397,0.9450742695908521,0.961297620113381,0.972698373619206,0.9773193309718069,0.9826220688076229,0.9863683354740942,0.990010357003271,0.9936233356433251,0.996499731808944,0.998711090440434,1.0,0.9987267659528759,0.9967541658148299,0.9942291470667339,0.991818878578178,0.989270060932864,0.9867524879619392,0.9839139829614809,0.981253284619015,0.977971355638386,0.9757230417618928,0.971972061138563,0.9683517529086891,0.964284260013833,0.9602282356392869,0.9546236926919809,0.9461524007872311,0.931282931100367,0.890219070146613,0.6855261127154909,0.499686456103434
0.8563448068583059,0.939677286404047,0.9567560292194491,0.968536232680155,0.9733550128964001,0.9791412574032329,0.983124798266917,0.9868348057074019,0.991022345810917,0.994349505448571,0.9969811418136129,0.9987267659528759,1.0,0.9987511536140309,0.996818212831002,0.9947001548886829,0.992549360495203,0.990212012620818,0.9875127534313141,0.985089122908345,0.982124777950458,0.9799171298245749,0.976359532051864,0.9729883645688109,0.9690221952423359,0.9650281602968159,0.959462094306587,0.9513772582585619,0.937125035997543,0.897040626694448,0.694867511712806,0.512006712769839
0.851125510196982,0.935406457060554,0.952946697996117,0.9646477204687929,0.9695104268044399,0.975622434819415,0.9795499368274009,0.983450189591217,0.988077220600506,0.991696496977205,0.994699344854241,0.9967541658148299,0.9987511536140309,1.0,0.9987687259269381,0.9970781047479971,0.995072111722766,0.992786192440374,0.9901504021014799,0.987781063452949,0.9850936957858679,0.9829340865730329,0.979598155023952,0.976435053737146,0.972746559013222,0.968877356144434,0.9634057375570659,0.955491163337529,0.941768403566529,0.902855714790685,0.702075956843296,0.523021565167346
0.8450047180367399,0.929860076395146,0.94799440290514,0.9596729684897479,0.964981355795548,0.971525402174302,0.9757081372139991,0.979759740713178,0.9847578225204731,0.9886700474691709,0.9918354863203679,0.9942291470667339,0.996818212831002,0.9987687259269381,1.0,0.9989631246568091,0.9973248652131149,0.995239236187098,0.992963247815396,0.990759183771425,0.988289983000741,0.986178066842749,0.983242070499552,0.980270093341739,0.9767695571316328,0.9729946074674549,0.9679195039764151,0.9602789518615,0.9471207246751929,0.909455161062912,0.710787369026048,0.532949203969884
0.8402315543554029,0.9250904563536991,0.943286429004391,0.9550662504074009,0.960657508972397,0.9675416903373142,0.97195973991364,0.9762041496193721,0.9815681872124599,0.985786518698727,0.9892720422434391,0.991818878578178,0.9947001548886829,0.9970781047479971,0.9989631246568091,1.0,0.9988834883664108,0.9972039508993149,0.995209683610386,0.9932598374457909,0.9909123506517491,0.98876065075525,0.9860306405133771,0.983132660547557,0.9800154433648359,0.9764586761065459,0.9717093008873922,0.9645119210443679,0.9518002833325009,0.915283611393697,0.718911926841674,0.54231999825825
0.834432623544191,0.919790260052683,0.938157487832066,0.9501459456891891,0.955881772207521,0.9631210718629191,0.967933717444495,0.972419837400816,0.978051182891505,0.9827266599751271,0.986461810530843,0.989270060932864,0.992549360495203,0.995072111722766,0.9973248652131149,0.9988834883664108,1.0,0.9989498061256371,0.9973585143403101,0.995602023538037,0.9934581383676891,0.99159063915286,0.989115909856193,0.9864482451913579,0.98337726392086,0.979981624504522,0.9755916386550021,0.968700226105449,0.956702801638986,0.920768202098513,0.7262575964423941,0.550708158937602
0.829271644526537,0.913565438669475,0.9324212901439759,0.9450478206388441,0.9510203921758841,0.95882355262741,0.964184245074236,0.968928195666163,0.974859799654356,0.9798326412040479,0.98389580144261,0.9867524879619392,0.990212012620818,0.992786192440374,0.995239236187098,0.9972039508993149,0.9989498061256371,1.0,0.998906078169062,0.9972616897170059,0.9953359808898441,0.993568701163682,0.9913200788647041,0.9888654266400501,0.9858202624086021,0.9825557752234649,0.978172879156891,0.9715839733015129,0.9601229364560991,0.924667532153842,0.73136736226157,0.557206828242167
0.8238750419528571,0.907298891274283,0.9267250893054501,0.939808074457609,0.946060458282052,0.954048620138914,0.9598417739772791,0.964988711057961,0.9711429535963679,0.9764272624822751,0.980933689725257,0.9839139829614809,0.9875127534313141,0.9901504021014799,0.992963247815396,0.995209683610386,0.9973585143403101,0.998906078169062,1.0,0.9988540774392209,0.9972531165990409,0.9955236764244159,0.993418168103264,0.991244105590552,0.988399194896563,0.985298617875615,0.981259694291552,0.9750926442298481,0.9640390868845581,0.929351903395732,0.739004058042737,0.562719547033462
0.8177892952442349,0.902522993942293,0.9224652325816279,0.936159008529493,0.942722641235895,0.9508434403403739,0.9567930980384121,0.962031921298251,0.9683121540616509,0.973464478541753,0.9780582792693441,0.981253284619015,0.985089122908345,0.987781063452949,0.990759183771425,0.9932598374457909,0.995602023538037,0.9972616897170059,0.9988540774392209,1.0,0.998955581938599,0.9974361356749358,0.9956956571826379,0.9935846568854331,0.990868442666914,0.9879133768347509,0.984293907868088,0.978352523306496,0.9677300107416209,0.9338792548362741,0.7454159707924649,0.569820293048371
0.811125971270457,0.8969639155311221,0.917642134741905,0.9315554898384979,0.93808642262178,0.9464591283764409,0.952746250553875,0.9581117229347309,0.96464539969788,0.9699169758996059,0.9746158036393779,0.977971355638386,0.982124777950458,0.9850936957858679,0.988289983000741,0.9909123506517491,0.9934581383676891,0.9953359808898441,0.9972531165990409,0.998955581938599,1.0,0.9988204738074441,0.99734689072225,0.995453349475784,0.9930322380308481,0.9901800156805551,0.986806466466616,0.981085555701164,0.9709919130878081,0.937763060047735,0.7515233079288391,0.574845232432425
0.807659175463025,0.893859376964856,0.9150972113266871,0.92881425155858,0.9354448413857779,0.9440841397555619,0.950283429574066,0.955717081552493,0.962320066261049,0.9676098954141791,0.972400185608409,0.9757230417618928,0.9799171298245749,0.9829340865730329,0.986178066842749,0.98876065075525,0.99159063915286,0.993568701163682,0.9955236764244159,0.9974361356749358,0.9988204738074441,1.0,0.9987073159509731,0.997003370446497,0.9945952779289492,0.991934297700482,0.9886778117996371,0.9830750225242629,0.973129239907125,0.9397317552364759,0.753832734919866,0.5790052027616329
0.8021630630339509,0.88893529978058,0.9103360111478008,0.9242909165631958,0.9311121592942799,0.9399563155402891,0.9462902999993509,0.9519152656366671,0.9586092602226959,0.9638866491094759,0.968585150119027,0.971972061138563,0.976359532051864,0.979598155023952,0.983242070499552,0.9860306405133771,0.989115909856193,0.9913200788647041,0.993418168103264,0.9956956571826379,0.99734689072225,0.9987073159509731,1.0,0.9986791117951239,0.996624900526197,0.9938970786318571,0.990877421959575,0.9851596376549681,0.9756878473261871,0.9428078014158661,0.7586133517999392,0.587013708423511
0.794957560853215,0.882370161102598,0.904257484198582,0.9185484424137991,0.9256017503944101,0.934818120337464,0.9416912939145521,0.94763891203107,0.9545541421558291,0.959960549417578,0.9649492034662079,0.9683517529086891,0.9729883645688109,0.976435053737146,0.980270093341739,0.983132660547557,0.9864482451913579,0.9888654266400501,0.991244105590552,0.9935846568854331,0.995453349475784,0.997003370446497,0.9986791117951239,1.0,0.9986213556749921,0.9961223982484029,0.9933381781022991,0.9881386569682721,0.979469131270622,0.9480719921573959,0.767279984296397,0.597600987417402
0.788511693435083,0.8764025511515691,0.898526273877755,0.912898876222875,0.91994260962265,0.929319952335797,0.9365154301257429,0.942605041015271,0.9498987979349309,0.9555414900467422,0.9607700932075229,0.964284260013833,0.9690221952423359,0.972746559013222,0.9767695571316328,0.9800154433648359,0.98337726392086,0.9858202624086021,0.988399194896563,0.990868442666914,0.9930322380308481,0.9945952779289492,0.996624900526197,0.9986213556749921,1.0,0.998122162187919,0.995902548397237,0.9910984564111149,0.9834391975758601,0.954789044443434,0.780040285058905,0.6083194784185649
0.781963671878052,0.8707821952857799,0.892860586439114,0.9074043712458771,0.9145190953601741,0.923986351353191,0.9313403998265071,0.9374045321398051,0.945047816768388,0.9508936724116871,0.956594140391315,0.9602282356392869,0.9650281602968159,0.968877356144434,0.9729946074674549,0.9764586761065459,0.979981624504522,0.9825557752234649,0.985298617875615,0.9879133768347509,0.9901800156805551,0.991934297700482,0.9938970786318571,0.9961223982484029,0.998122162187919,1.0,0.997908873915505,0.994218031819077,0.987615687259915,0.9608045637744421,0.787773170662911,0.6166506047528921
0.7746771290680591,0.8634918131396009,0.8861285978784059,0.9007074652488141,0.908086762412341,0.91743480634551,0.925030669467072,0.9312118414013142,0.9389985500587741,0.9450166882601958,0.950843564779288,0.9546236926919809,0.959462094306587,0.9634057375570659,0.9679195039764151,0.9717093008873922,0.9755916386550021,0.978172879156891,0.981259694291552,0.984293907868088,0.986806466466616,0.9886778117996371,0.990877421959575,0.9933381781022991,0.995902548397237,0.997908873915505,1.0,0.9971139917726078,0.991446553317488,0.9676314344996579,0.80027543704987,0.621232734207061
0.762218454545352,0.851612526612149,0.8758514606833578,0.890656075476914,0.897748364216618,0.907060599718847,0.914789772247258,0.921209002092918,0.9293476077674151,0.9358479042174681,0.9420410598663249,0.9461524007872311,0.9513772582585619,0.955491163337529,0.9602789518615,0.9645119210443679,0.968700226105449,0.9715839733015129,0.9750926442298481,0.978352523306496,0.981085555701164,0.9830750225242629,0.9851596376549681,0.9881386569682721,0.9910984564111149,0.994218031819077,0.9971139917726078,1.0,0.995312362577508,0.9738707407511391,0.814751228103154,0.6294290214392779
0.7429154683178391,0.8313129769381259,0.855422685107503,0.8708763961957628,0.878451227773799,0.888694130397702,0.8967502972359841,0.90374314054128,0.9125862060201541,0.919909226386516,0.9268519016511241,0.931282931100367,0.937125035997543,0.941768403566529,0.9471207246751929,0.9518002833325009,0.956702801638986,0.9601229364560991,0.9640390868845581,0.9677300107416209,0.9709919130878081,0.973129239907125,0.9756878473261871,0.979469131270622,0.9834391975758601,0.987615687259915,0.991446553317488,0.995312362577508,1.0,0.9851827163105609,0.8404676894693079,0.6576039817104079
0.6905853662700279,0.7792149584566469,0.805106917387085,0.822055832919979,0.830675742800367,0.8411789066038771,0.850017004646945,0.857671003964466,0.868167412551308,0.876707192501926,0.884825574275111,0.890219070146613,0.897040626694448,0.902855714790685,0.909455161062912,0.915283611393697,0.920768202098513,0.924667532153842,0.929351903395732,0.9338792548362741,0.937763060047735,0.9397317552364759,0.9428078014158661,0.9480719921573959,0.954789044443434,0.9608045637744421,0.9676314344996579,0.9738707407511391,0.9851827163105609,1.0,0.8969308748498,0.702605380279514
0.491783581319642,0.565583745822273,0.5907091362716229,0.60693084725036,0.615681129895103,0.625486202543046,0.6368827511683779,0.6467682544693051,0.658704727972479,0.6694928033590091,0.678424159548323,0.6855261127154909,0.694867511712806,0.702075956843296,0.710787369026048,0.718911926841674,0.7262575964423941,0.73136736226157,0.739004058042737,0.7454159707924649,0.7515233079288391,0.753832734919866,0.7586133517999392,0.767279984296397,0.780040285058905,0.787773170662911,0.80027543704987,0.814751228103154,0.8404676894693079,0.8969308748498,1.0,0.761008440255638
0.318344292818502,0.37715298996524,0.40343210084687703,0.420391938686607,0.428976940056709,0.441763324714536,0.449513870266844,0.46072127898921206,0.47335893101110205,0.479978013242825,0.490743816966107,0.499686456103434,0.512006712769839,0.523021565167346,0.532949203969884,0.54231999825825,0.550708158937602,0.557206828242167,0.562719547033462,0.569820293048371,0.574845232432425,0.5790052027616329,0.587013708423511,0.597600987417402,0.6083194784185649,0.6166506047528921,0.621232734207061,0.6294290214392779,0.6576039817104079,0.702605380279514,0.761008440255638,1.0
