1,0.877074406916119,0.846501894399413,0.825988235445159,0.809207600625209,0.785857654055088,0.767596014927601,0.747688796755962,0.735823955064789,0.715917531503201,0.701104359970244,0.68553399359704,0.671515785410909,0.653882157449314,0.636929872041473,0.619618304593091,0.608771445989504,0.589731208343025,0.572324495273137,0.559419272300621,0.542244214589328,0.521070983711807,0.499799765609048,0.479384415917511,0.461982401361399,0.432768144257513,0.402126456133988,0.368492342021277,0.323788178061244,0.275184167041859,0.142482695130171,-0.0765239938658713
0.877074406916119,1,0.96508145011301,0.945939581068412,0.929956358761896,0.910191026643646,0.892419482266032,0.873287892636578,0.862017476204615,0.846778643828716,0.836150919156453,0.82137371242865,0.810741397785392,0.797218793699818,0.780886380775246,0.766691270238254,0.753749772666007,0.7386773659052,0.723992856274336,0.710556486468053,0.695070894903445,0.670728269624066,0.64778692223915,0.629524820602711,0.611319628623213,0.583747042080141,0.55347620948509,0.516143829382786,0.47206243722814,0.412689342947463,0.246074522880954,-0.0552951761616516
0.846501894399413,0.96508145011301,1,0.982079661118496,0.967575515575715,0.95268750746523,0.93821151509731,0.923163742796407,0.913296657254334,0.899932703669853,0.890691893189286,0.878650208819307,0.869635915497447,0.858184859602158,0.843429718522858,0.829920020765844,0.818288685771102,0.804002077520259,0.78901724963083,0.774514653414966,0.760826741209779,0.739891370694096,0.717791213139503,0.701713906027504,0.682751527691231,0.658053631921496,0.628300051916832,0.591114454388517,0.542694782584915,0.482896940439475,0.308496443850905,-0.0148974586896489
0.825988235445159,0.945939581068412,0.982079661118496,1,0.987770244293886,0.974308786112874,0.962556586821649,0.948354455217503,0.940047747758707,0.926756951933494,0.919168390737832,0.90933646285469,0.902816068799723,0.892480637974222,0.880180356683917,0.867913072817046,0.85759435074871,0.843834681483913,0.831708187034328,0.819440046898538,0.806639669958947,0.787033750575667,0.766356385039743,0.750932723779038,0.732896561871108,0.709854368771454,0.681454508013247,0.646249151969757,0.600362075369365,0.537236300076437,0.351899367749181,0.00447600544593649
0.809207600625209,0.929956358761896,0.967575515575715,0.987770244293886,1,0.989523477574254,0.97835936709192,0.967405951550114,0.95871506504692,0.946852666066543,0.937613393996414,0.928001007817627,0.922160796677541,0.911837871746478,0.90020778507222,0.889380707665532,0.87917783179243,0.866036203296628,0.855021278156944,0.844406459504897,0.832901592053475,0.815087905502042,0.796063385742034,0.781707841046894,0.765380324962694,0.74277705792688,0.71561919111499,0.681199021286554,0.636709289888759,0.574265996411648,0.384818523882969,0.0227224771486739
0.785857654055088,0.910191026643646,0.95268750746523,0.974308786112874,0.989523477574254,1,0.991887494293683,0.983530173678453,0.975444778694604,0.965517189291832,0.956817822947885,0.947954773170295,0.94192945871803,0.932509603644884,0.920712913479281,0.910703504373803,0.901525090509332,0.889873454683484,0.880415676484633,0.869773302013188,0.858943024046025,0.843168641706802,0.825780485430747,0.813658036583194,0.798577654732641,0.777746729030861,0.750926831967546,0.716254209093261,0.67062462911625,0.605838998687778,0.41258037646463,0.0368847818528495
0.767596014927601,0.892419482266032,0.93821151509731,0.962556586821649,0.97835936709192,0.991887494293683,1,0.993284247611521,0.986218043552782,0.977006299798854,0.969212490621068,0.961374826265444,0.955642642922005,0.946496338719404,0.935044255740315,0.925420367111197,0.916812022312289,0.905649840173611,0.896642075977725,0.886950332940612,0.876139878869193,0.861922904678606,0.846199694219887,0.835345197108973,0.820589881906425,0.79917488859012,0.773474048610619,0.739938828689263,0.695151121412656,0.630461432904513,0.433475314022045,0.044440056234866
0.747688796755962,0.873287892636578,0.923163742796407,0.948354455217503,0.967405951550114,0.983530173678453,0.993284247611521,1,0.994377609238742,0.986800098465744,0.979836458549053,0.972486909035696,0.966352292549599,0.957616015306022,0.946897940458998,0.937861070037441,0.9288539751872,0.918864795878255,0.910544496676735,0.900903517506389,0.890852606772198,0.87781928271383,0.863801572964223,0.853281342810152,0.840098213894055,0.819348986580329,0.794471731686119,0.761802098707437,0.718946630343767,0.654418041601397,0.455915385805669,0.0582701456308248
0.735823955064789,0.862017476204615,0.913296657254334,0.940047747758707,0.95871506504692,0.975444778694604,0.986218043552782,0.994377609238742,1,0.993855694235528,0.987240722548907,0.979696850840618,0.973188692484396,0.964804567024932,0.953834486959438,0.94467738983453,0.935868285808279,0.925579994448368,0.917616294892403,0.908857867927576,0.899647409030314,0.887201902650774,0.874380820434529,0.864906151540884,0.852645970076954,0.832169893287668,0.808057677609087,0.775284655136328,0.733204547877107,0.670439062883599,0.469548326237632,0.0674967478031693
0.715917531503201,0.846778643828716,0.899932703669853,0.926756951933494,0.946852666066543,0.965517189291832,0.977006299798854,0.986800098465744,0.993855694235528,1,0.995140948902926,0.98832522492638,0.98086578593767,0.972577189703392,0.961616796093619,0.952822792344206,0.944420626904288,0.934985583214653,0.927339381433984,0.919698618339859,0.91175218076052,0.900147258806396,0.888433837012035,0.879791248681282,0.868765575190797,0.84986826209204,0.826549010909355,0.794598719995454,0.75398674574156,0.693327248487413,0.489394350793353,0.0749758390710465
0.701104359970244,0.836150919156453,0.890691893189286,0.919168390737832,0.937613393996414,0.956817822947885,0.969212490621068,0.979836458549053,0.987240722548907,0.995140948902926,1,0.995379473538411,0.988844776399486,0.980755083980389,0.969858059924243,0.961150100072929,0.952820800834617,0.943602231357893,0.935784440947787,0.928093947106088,0.921034408703947,0.909401852197934,0.898156126764647,0.888975672660858,0.877716501527296,0.860040902433069,0.837214474846018,0.806722703626645,0.767233267323948,0.705370919520279,0.499300585848113,0.0755496879542363
0.68553399359704,0.82137371242865,0.878650208819307,0.90933646285469,0.928001007817627,0.947954773170295,0.961374826265444,0.972486909035696,0.979696850840618,0.98832522492638,0.995379473538411,1,0.995085617703824,0.987518812034713,0.977438192697266,0.969002755856239,0.960748420529795,0.951353263994596,0.943664379827754,0.93607338564717,0.929579060741936,0.919377517631679,0.90897287619212,0.900586396724359,0.889363703057371,0.872622729577351,0.851543583900059,0.822012631407022,0.783048937588302,0.722262569755202,0.516930316512681,0.0836248773258246
0.671515785410909,0.810741397785392,0.869635915497447,0.902816068799723,0.922160796677541,0.94192945871803,0.955642642922005,0.966352292549599,0.973188692484396,0.98086578593767,0.988844776399486,0.995085617703824,1,0.994601450167154,0.986163476163544,0.977092368432925,0.968570730666412,0.959100019208476,0.951455755655797,0.943997796565396,0.938076609793801,0.928648317711519,0.918666378446256,0.910144163524833,0.899135541169208,0.884674864734321,0.864362511402751,0.835627357249835,0.797551070718676,0.7362164632327,0.529704594924817,0.0921859462403334
0.653882157449314,0.797218793699818,0.858184859602158,0.892480637974222,0.911837871746478,0.932509603644884,0.946496338719404,0.957616015306022,0.964804567024932,0.972577189703392,0.980755083980389,0.987518812034713,0.994601450167154,1,0.994854066958153,0.987092660969242,0.978835365610122,0.969047458051366,0.961247464590477,0.953239474875105,0.946500593850893,0.937584581020861,0.928411207739789,0.920305552497135,0.90974680804773,0.897257409940535,0.878847665707093,0.851609390742305,0.813817165313393,0.754135461980387,0.548873068959472,0.103220086018613
0.636929872041473,0.780886380775246,0.843429718522858,0.880180356683917,0.90020778507222,0.920712913479281,0.935044255740315,0.946897940458998,0.953834486959438,0.961616796093619,0.969858059924243,0.977438192697266,0.986163476163544,0.994854066958153,1,0.994897596483174,0.987972760675029,0.978691090593935,0.970763739400934,0.963025369151122,0.956176236901613,0.948367511283274,0.939326114118539,0.931437749257818,0.921147462044914,0.910116840380925,0.892991220572497,0.866754286207372,0.830398818117469,0.772587768144075,0.566040804275344,0.112467936109379
0.619618304593091,0.766691270238254,0.829920020765844,0.867913072817046,0.889380707665532,0.910703504373803,0.925420367111197,0.937861070037441,0.94467738983453,0.952822792344206,0.961150100072929,0.969002755856239,0.977092368432925,0.987092660969242,0.994897596483174,1,0.995231517871522,0.987443876108884,0.979656758688661,0.97189222064348,0.965164559590508,0.957957932321526,0.949071585513472,0.941192332204486,0.931276282347101,0.920508828895389,0.903605383827763,0.877422111588143,0.842115189701297,0.785913839247912,0.576568892854304,0.117104345635134
0.608771445989504,0.753749772666007,0.818288685771102,0.85759435074871,0.87917783179243,0.901525090509332,0.916812022312289,0.9288539751872,0.935868285808279,0.944420626904288,0.952820800834617,0.960748420529795,0.968570730666412,0.978835365610122,0.987972760675029,0.995231517871522,1,0.994495540832911,0.987806360687113,0.980605227364616,0.974004113730205,0.966984333893016,0.958728990222152,0.951345131774246,0.941414093944262,0.930723152837929,0.914669066153818,0.88891545556971,0.854292424406289,0.799389972980676,0.589335747919106,0.124465828176653
0.589731208343025,0.7386773659052,0.804002077520259,0.843834681483913,0.866036203296628,0.889873454683484,0.905649840173611,0.918864795878255,0.925579994448368,0.934985583214653,0.943602231357893,0.951353263994596,0.959100019208476,0.969047458051366,0.978691090593935,0.987443876108884,0.994495540832911,1,0.995604318065023,0.989324530596986,0.982998314318769,0.976137948204683,0.968725117998388,0.961480345083743,0.951603824581278,0.941386004862465,0.925361963361534,0.90105782068765,0.869574298630756,0.816279239051035,0.609639712338158,0.142319961581365
0.572324495273137,0.723992856274336,0.78901724963083,0.831708187034328,0.855021278156944,0.880415676484633,0.896642075977725,0.910544496676735,0.917616294892403,0.927339381433984,0.935784440947787,0.943664379827754,0.951455755655797,0.961247464590477,0.970763739400934,0.979656758688661,0.987806360687113,0.995604318065023,1,0.995014945201638,0.989218354369814,0.981865630904914,0.9749260622346,0.967717463048637,0.959193560146549,0.949946914056601,0.934378869315134,0.910890409201455,0.881026651059802,0.828014752518451,0.623359317154076,0.147607004391614
0.559419272300621,0.710556486468053,0.774514653414966,0.819440046898538,0.844406459504897,0.869773302013188,0.886950332940612,0.900903517506389,0.908857867927576,0.919698618339859,0.928093947106088,0.93607338564717,0.943997796565396,0.953239474875105,0.963025369151122,0.97189222064348,0.980605227364616,0.989324530596986,0.995014945201638,1,0.995352953788206,0.988665003492377,0.981067834969265,0.973885513759059,0.965724536832373,0.956256957534638,0.941323120815849,0.917799397203539,0.890330324250962,0.839412475585382,0.632332982870546,0.154438216159849
0.542244214589328,0.695070894903445,0.760826741209779,0.806639669958947,0.832901592053475,0.858943024046025,0.876139878869193,0.890852606772198,0.899647409030314,0.91175218076052,0.921034408703947,0.929579060741936,0.938076609793801,0.946500593850893,0.956176236901613,0.965164559590508,0.974004113730205,0.982998314318769,0.989218354369814,0.995352953788206,1,0.994546916096056,0.987257058091936,0.980183237165214,0.972862104106534,0.963862066249714,0.949742660476832,0.927934435497054,0.901506525747498,0.852482135993664,0.642554540134749,0.160198996118087
0.521070983711807,0.670728269624066,0.739891370694096,0.787033750575667,0.815087905502042,0.843168641706802,0.861922904678606,0.87781928271383,0.887201902650774,0.900147258806396,0.909401852197934,0.919377517631679,0.928648317711519,0.937584581020861,0.948367511283274,0.957957932321526,0.966984333893016,0.976137948204683,0.981865630904914,0.988665003492377,0.994546916096056,1,0.994503736548124,0.98856128800549,0.980947817000425,0.972804038515861,0.958467849216528,0.937861083845925,0.913267116995442,0.864515381675814,0.656620086632645,0.174530347952801
0.499799765609048,0.64778692223915,0.717791213139503,0.766356385039743,0.796063385742034,0.825780485430747,0.846199694219887,0.863801572964223,0.874380820434529,0.888433837012035,0.898156126764647,0.90897287619212,0.918666378446256,0.928411207739789,0.939326114118539,0.949071585513472,0.958728990222152,0.968725117998388,0.9749260622346,0.981067834969265,0.987257058091936,0.994503736548124,1,0.994254584753738,0.988296567335185,0.98012424768268,0.967304423452595,0.946731673891818,0.923156851727917,0.876194953507962,0.667353521034307,0.179309123202913
0.479384415917511,0.629524820602711,0.701713906027504,0.750932723779038,0.781707841046894,0.813658036583194,0.835345197108973,0.853281342810152,0.864906151540884,0.879791248681282,0.888975672660858,0.900586396724359,0.910144163524833,0.920305552497135,0.931437749257818,0.941192332204486,0.951345131774246,0.961480345083743,0.967717463048637,0.973885513759059,0.980183237165214,0.98856128800549,0.994254584753738,1,0.994575038107095,0.986881210077082,0.975052536136474,0.955444175678427,0.932012738571895,0.884708905505314,0.678975941407877,0.190093430812758
0.461982401361399,0.611319628623213,0.682751527691231,0.732896561871108,0.765380324962694,0.798577654732641,0.820589881906425,0.840098213894055,0.852645970076954,0.868765575190797,0.877716501527296,0.889363703057371,0.899135541169208,0.90974680804773,0.921147462044914,0.931276282347101,0.941414093944262,0.951603824581278,0.959193560146549,0.965724536832373,0.972862104106534,0.980947817000425,0.988296567335185,0.994575038107095,1,0.993626499468693,0.983320729838848,0.964659078126909,0.942414435861851,0.897439911841794,0.693121918082679,0.199037090038559
0.432768144257513,0.583747042080141,0.658053631921496,0.709854368771454,0.74277705792688,0.777746729030861,0.79917488859012,0.819348986580329,0.832169893287668,0.84986826209204,0.860040902433069,0.872622729577351,0.884674864734321,0.897257409940535,0.910116840380925,0.920508828895389,0.930723152837929,0.941386004862465,0.949946914056601,0.956256957534638,0.963862066249714,0.972804038515861,0.98012424768268,0.986881210077082,0.993626499468693,1,0.990445176268019,0.973406130536397,0.95233678335501,0.908897704846332,0.709006994208705,0.217664771689855
0.402126456133988,0.55347620948509,0.628300051916832,0.681454508013247,0.71561919111499,0.750926831967546,0.773474048610619,0.794471731686119,0.808057677609087,0.826549010909355,0.837214474846018,0.851543583900059,0.864362511402751,0.878847665707093,0.892991220572497,0.903605383827763,0.914669066153818,0.925361963361534,0.934378869315134,0.941323120815849,0.949742660476832,0.958467849216528,0.967304423452595,0.975052536136474,0.983320729838848,0.990445176268019,1,0.986506707446114,0.966454588380936,0.927230385433087,0.73322859136507,0.243388656048633
0.368492342021277,0.516143829382786,0.591114454388517,0.646249151969757,0.681199021286554,0.716254209093261,0.739938828689263,0.761802098707437,0.775284655136328,0.794598719995454,0.806722703626645,0.822012631407022,0.835627357249835,0.851609390742305,0.866754286207372,0.877422111588143,0.88891545556971,0.90105782068765,0.910890409201455,0.917799397203539,0.927934435497054,0.937861083845925,0.946731673891818,0.955444175678427,0.964659078126909,0.973406130536397,0.986506707446114,1,0.983887933630556,0.944928441702677,0.764504475590601,0.269838703812081
0.323788178061244,0.47206243722814,0.542694782584915,0.600362075369365,0.636709289888759,0.67062462911625,0.695151121412656,0.718946630343767,0.733204547877107,0.75398674574156,0.767233267323948,0.783048937588302,0.797551070718676,0.813817165313393,0.830398818117469,0.842115189701297,0.854292424406289,0.869574298630756,0.881026651059802,0.890330324250962,0.901506525747498,0.913267116995442,0.923156851727917,0.932012738571895,0.942414435861851,0.95233678335501,0.966454588380936,0.983887933630556,1,0.965630043105238,0.794805381922995,0.291120678981518
0.275184167041859,0.412689342947463,0.482896940439475,0.537236300076437,0.574265996411648,0.605838998687778,0.630461432904513,0.654418041601397,0.670439062883599,0.693327248487413,0.705370919520279,0.722262569755202,0.7362164632327,0.754135461980387,0.772587768144075,0.785913839247912,0.799389972980676,0.816279239051035,0.828014752518451,0.839412475585382,0.852482135993664,0.864515381675814,0.876194953507962,0.884708905505314,0.897439911841794,0.908897704846332,0.927230385433087,0.944928441702677,0.965630043105238,1,0.845666788121615,0.359188881274311
0.142482695130171,0.246074522880954,0.308496443850905,0.351899367749181,0.384818523882969,0.41258037646463,0.433475314022045,0.455915385805669,0.469548326237632,0.489394350793353,0.499300585848113,0.516930316512681,0.529704594924817,0.548873068959472,0.566040804275344,0.576568892854304,0.589335747919106,0.609639712338158,0.623359317154076,0.632332982870546,0.642554540134749,0.656620086632645,0.667353521034307,0.678975941407877,0.693121918082679,0.709006994208705,0.73322859136507,0.764504475590601,0.794805381922995,0.845666788121615,1,0.526462337051363
-0.0765239938658713,-0.0552951761616516,-0.0148974586896489,0.00447600544593649,0.0227224771486739,0.0368847818528495,0.044440056234866,0.0582701456308248,0.0674967478031693,0.0749758390710465,0.0755496879542363,0.0836248773258246,0.0921859462403334,0.103220086018613,0.112467936109379,0.117104345635134,0.124465828176653,0.142319961581365,0.147607004391614,0.154438216159849,0.160198996118087,0.174530347952801,0.179309123202913,0.190093430812758,0.199037090038559,0.217664771689855,0.243388656048633,0.269838703812081,0.291120678981518,0.359188881274311,0.526462337051363,1
