1,0.544705877373989,0.448154551922764,0.431768699174618,0.414958376856368,0.393048445844285,0.37015991067542,0.355296482610931,0.350140426014763,0.333221352797445,0.326082185347921,0.323363286107424,0.315663959412604,0.306129679830808,0.285275363159544,0.273114758600022,0.257264529835312,0.236079318474699,0.229492227120676,0.220414122243081,0.217541951136457,0.197952814243178,0.187140478439921,0.173025797776023,0.147267485373042,0.125569421947707,0.115530448087638,0.106885062936674,0.1041399877654,0.112218304337433,0.0763451658867943,0.0555997581840642
0.544705877373989,1,0.93797065348206,0.901725319142688,0.876042180786039,0.854971612435909,0.826479628032296,0.812149907252201,0.800251118932926,0.784635608936202,0.771026644342852,0.760560591781958,0.745224562381367,0.72811407411296,0.712066465424791,0.696041826777441,0.676379295490257,0.654187330721101,0.641559737420861,0.62542413139813,0.612371474725536,0.598041171714004,0.581565997324036,0.567080289636964,0.542690691269888,0.515629273205771,0.485307113958614,0.458244840085941,0.422965925882396,0.355178793137088,0.0840323360501335,-0.0348795474036638
0.448154551922764,0.93797065348206,1,0.96797916153453,0.943005030785136,0.921889551370473,0.898246470697983,0.881646361720933,0.869190209366474,0.854278260328933,0.841007796034733,0.826057603224384,0.807748946774475,0.79055360634616,0.775469144033548,0.762184265098747,0.743470435160139,0.722191928855585,0.709937136428841,0.693470717373409,0.679370838132823,0.664980948674297,0.647234588300087,0.635350832841754,0.612067148763288,0.586790983773978,0.558806941085963,0.533049480668322,0.491852388562795,0.416280462624804,0.1180489055234,-0.0404329998929596
0.431768699174618,0.901725319142688,0.96797916153453,1,0.978468227124005,0.959209232856017,0.938813759912918,0.924317074103579,0.913283411873311,0.89897286046408,0.888466199574438,0.874930893704101,0.856656018149074,0.843719615089335,0.828169637317741,0.814777107274889,0.797104016249212,0.777245483386086,0.766251340292275,0.752381976117202,0.738368085203605,0.722730058746056,0.706110320554617,0.693288027450592,0.670870397265837,0.648266682699295,0.621731832494697,0.596802168149758,0.551306851884249,0.468006193443645,0.134012463707179,-0.0279900096662307
0.414958376856368,0.876042180786039,0.943005030785136,0.978468227124005,1,0.985264722255605,0.966186042409592,0.954259979337484,0.942385421147111,0.92848150313471,0.918292892285566,0.905915453097927,0.889884322469939,0.879030596183918,0.862891296914332,0.851025821499751,0.835060579985779,0.817753902656661,0.804951339786226,0.791116564342822,0.776959231454964,0.761489739726276,0.745380225251709,0.733478652825429,0.712905336713243,0.691507785667277,0.662113431804638,0.636144319957387,0.589589438369864,0.504417311433735,0.148760313541655,-0.0210416839971234
0.393048445844285,0.854971612435909,0.921889551370473,0.959209232856017,0.985264722255605,1,0.985380092084716,0.974118985294648,0.96213700153603,0.951179663971842,0.940676638186578,0.929749263869038,0.915961306323024,0.905494097838176,0.890325148957543,0.878265194044107,0.863068957521531,0.847237882605943,0.83494116563393,0.822464253307119,0.809406539143702,0.796623935370001,0.781954506617934,0.771964861142987,0.751563193487748,0.728981736362693,0.700003156907989,0.675169791609099,0.62771512450826,0.538744388552988,0.167187272666476,-0.00680967847934978
0.37015991067542,0.826479628032296,0.898246470697983,0.938813759912918,0.966186042409592,0.985380092084716,1,0.98913390942654,0.976948379659216,0.967510587200563,0.958447975562552,0.947514836523788,0.93494192137278,0.925047625875602,0.910004930693609,0.897826157760763,0.88351747702347,0.869272820922373,0.858891196543658,0.847720737664882,0.835201367686882,0.82462531822228,0.812415071949881,0.8033661549915,0.78504006171018,0.761611507720807,0.736024738496618,0.710507545719825,0.661541559471589,0.57051563593919,0.184520546229801,0.00525234137266744
0.355296482610931,0.812149907252201,0.881646361720933,0.924317074103579,0.954259979337484,0.974118985294648,0.98913390942654,1,0.990394582778857,0.980056883529446,0.969729309117615,0.958045746910753,0.945619957265974,0.936072601222456,0.921908207000874,0.910883562728837,0.89909842837691,0.886469263170862,0.877835136540041,0.866548974913814,0.855285281974084,0.844533603921362,0.832932397941746,0.823254092013577,0.80509671102102,0.781502019508165,0.756803199090426,0.731075605562914,0.679697666979855,0.586028413599356,0.196502052433265,0.0136598040828923
0.350140426014763,0.800251118932926,0.869190209366474,0.913283411873311,0.942385421147111,0.96213700153603,0.976948379659216,0.990394582778857,1,0.992095197593113,0.98211218137853,0.970350472935883,0.957658054685854,0.946059785106122,0.930985740279306,0.920136316742648,0.908260355079318,0.896962120193136,0.889278399218152,0.878299012105191,0.867599488242859,0.857252482741108,0.845522971477561,0.835181675216216,0.817641410805171,0.794401556388189,0.770399212930194,0.744538992823951,0.690841124006883,0.589913890527239,0.195123184962631,0.0126420561133625
0.333221352797445,0.784635608936202,0.854278260328933,0.89897286046408,0.92848150313471,0.951179663971842,0.967510587200563,0.980056883529446,0.992095197593113,1,0.992182215117149,0.980314753961833,0.968430222343571,0.955061866641875,0.938756108265059,0.926905695737735,0.91560911488742,0.905554842310484,0.898476635127976,0.888094825922859,0.877833864023476,0.868497570912817,0.857583622954961,0.847154334822981,0.829659046237993,0.805078787277584,0.781252621698917,0.756387628384194,0.701976915854979,0.603465144485579,0.204644381531384,0.0269824351522141
0.326082185347921,0.771026644342852,0.841007796034733,0.888466199574438,0.918292892285566,0.940676638186578,0.958447975562552,0.969729309117615,0.98211218137853,0.992182215117149,1,0.990966292461166,0.980545991312158,0.967521514142453,0.951457730666146,0.938383597552084,0.926544869220783,0.916319465211315,0.908979419814561,0.898552591667226,0.888600247962289,0.880114246250888,0.870053598938819,0.859505588271815,0.843456012123436,0.818870739855135,0.795487889890294,0.771100679223345,0.716481645565794,0.615061535957462,0.213316340969419,0.0382543082278985
0.323363286107424,0.760560591781958,0.826057603224384,0.874930893704101,0.905915453097927,0.929749263869038,0.947514836523788,0.958045746910753,0.970350472935883,0.980314753961833,0.990966292461166,1,0.992022788338442,0.980289178087146,0.964077102876403,0.950727453756176,0.938226105751294,0.927913341021173,0.92064602195102,0.910571293971405,0.900332345154125,0.892471799325209,0.883584929444593,0.873196352942548,0.856489055140989,0.832328602043817,0.808689763654594,0.784539972144148,0.731148221999386,0.629636747099879,0.216878383052598,0.0393090985526135
0.315663959412604,0.745224562381367,0.807748946774475,0.856656018149074,0.889884322469939,0.915961306323024,0.93494192137278,0.945619957265974,0.957658054685854,0.968430222343571,0.980545991312158,0.992022788338442,1,0.991254591129919,0.976255306479947,0.962077555997707,0.948900042200379,0.939467443768846,0.931241016077634,0.922517326905949,0.913463828063479,0.906037717139515,0.898406171715229,0.889010924793586,0.873635537718827,0.849778576955803,0.825826616834447,0.801529095993855,0.749733432449718,0.650543245754263,0.227977879040386,0.046746099305041
0.306129679830808,0.72811407411296,0.79055360634616,0.843719615089335,0.879030596183918,0.905494097838176,0.925047625875602,0.936072601222456,0.946059785106122,0.955061866641875,0.967521514142453,0.980289178087146,0.991254591129919,1,0.990573745111385,0.978533009935954,0.965994689291986,0.956593056281744,0.948494384309098,0.941125926235767,0.930574151060248,0.922545518834001,0.914931465715199,0.904769285629287,0.890222433353337,0.869821571242838,0.846889285600044,0.821553132394997,0.772374086970611,0.679336257984473,0.254436239393689,0.0638549352757279
0.285275363159544,0.712066465424791,0.775469144033548,0.828169637317741,0.862891296914332,0.890325148957543,0.910004930693609,0.921908207000874,0.930985740279306,0.938756108265059,0.951457730666146,0.964077102876403,0.976255306479947,0.990573745111385,1,0.99229953446747,0.981363989928137,0.970915053553342,0.962016094825504,0.953514922467735,0.943134029799344,0.936006001924824,0.927279432440253,0.918213272952381,0.90456577227142,0.885334546924412,0.862345003732507,0.8371639332132,0.790338424095094,0.698642263824913,0.267744389105419,0.074040878985712
0.273114758600022,0.696041826777441,0.762184265098747,0.814777107274889,0.851025821499751,0.878265194044107,0.897826157760763,0.910883562728837,0.920136316742648,0.926905695737735,0.938383597552084,0.950727453756176,0.962077555997707,0.978533009935954,0.99229953446747,1,0.993589592889611,0.984181003928562,0.97542292974114,0.965737925948722,0.95560144385733,0.947695728763908,0.937648426235218,0.929031696530337,0.915234139870738,0.897231622827212,0.875510027377735,0.850957836244559,0.805783950035297,0.718826667441809,0.287653955141766,0.0830369740759857
0.257264529835312,0.676379295490257,0.743470435160139,0.797104016249212,0.835060579985779,0.863068957521531,0.88351747702347,0.89909842837691,0.908260355079318,0.91560911488742,0.926544869220783,0.938226105751294,0.948900042200379,0.965994689291986,0.981363989928137,0.993589592889611,1,0.993150935715881,0.983857688244013,0.973750907954981,0.963679761795692,0.955935885578747,0.945810160240379,0.937642921908857,0.924719616559274,0.908214635599754,0.887707077874964,0.865133867618328,0.820226662214071,0.734312414918099,0.304345742690847,0.0967026795913978
0.236079318474699,0.654187330721101,0.722191928855585,0.777245483386086,0.817753902656661,0.847237882605943,0.869272820922373,0.886469263170862,0.896962120193136,0.905554842310484,0.916319465211315,0.927913341021173,0.939467443768846,0.956593056281744,0.970915053553342,0.984181003928562,0.993150935715881,1,0.993442205148997,0.983951719255922,0.974118572818124,0.966905377852663,0.956776296855862,0.9490187030186,0.937305293135123,0.921217669796527,0.900885928190457,0.88018148846021,0.837414638920697,0.754753174319985,0.316463492794692,0.115877673042676
0.229492227120676,0.641559737420861,0.709937136428841,0.766251340292275,0.804951339786226,0.83494116563393,0.858891196543658,0.877835136540041,0.889278399218152,0.898476635127976,0.908979419814561,0.92064602195102,0.931241016077634,0.948494384309098,0.962016094825504,0.97542292974114,0.983857688244013,0.993442205148997,1,0.993284951192027,0.983652839948702,0.975712085528335,0.966344869457555,0.958436123577543,0.94679065900944,0.93186258052711,0.913502642084298,0.892124377525883,0.848761292908232,0.765251802093891,0.325120656727334,0.1284943869077
0.220414122243081,0.62542413139813,0.693470717373409,0.752381976117202,0.791116564342822,0.822464253307119,0.847720737664882,0.866548974913814,0.878299012105191,0.888094825922859,0.898552591667226,0.910571293971405,0.922517326905949,0.941125926235767,0.953514922467735,0.965737925948722,0.973750907954981,0.983951719255922,0.993284951192027,1,0.992141714077744,0.983532203889766,0.974627917247313,0.967064511505565,0.955032436993064,0.940311039734664,0.922231383817045,0.901288877394563,0.858062834147884,0.772721512632679,0.333740722162402,0.13798796873837
0.217541951136457,0.612371474725536,0.679370838132823,0.738368085203605,0.776959231454964,0.809406539143702,0.835201367686882,0.855285281974084,0.867599488242859,0.877833864023476,0.888600247962289,0.900332345154125,0.913463828063479,0.930574151060248,0.943134029799344,0.95560144385733,0.963679761795692,0.974118572818124,0.983652839948702,0.992141714077744,1,0.992394971408019,0.98349237879767,0.97517560266863,0.962604259347567,0.948682251100122,0.931293606905073,0.910283220240781,0.868074581539383,0.781437571625135,0.332586763432385,0.144144416647708
0.197952814243178,0.598041171714004,0.664980948674297,0.722730058746056,0.761489739726276,0.796623935370001,0.82462531822228,0.844533603921362,0.857252482741108,0.868497570912817,0.880114246250888,0.892471799325209,0.906037717139515,0.922545518834001,0.936006001924824,0.947695728763908,0.955935885578747,0.966905377852663,0.975712085528335,0.983532203889766,0.992394971408019,1,0.992692515632512,0.984646074122434,0.97358193197704,0.960979305111173,0.943637652232046,0.924905236570205,0.884342701946949,0.796540747012491,0.339369138238497,0.157277354121465
0.187140478439921,0.581565997324036,0.647234588300087,0.706110320554617,0.745380225251709,0.781954506617934,0.812415071949881,0.832932397941746,0.845522971477561,0.857583622954961,0.870053598938819,0.883584929444593,0.898406171715229,0.914931465715199,0.927279432440253,0.937648426235218,0.945810160240379,0.956776296855862,0.966344869457555,0.974627917247313,0.98349237879767,0.992692515632512,1,0.992419471387396,0.981185718409483,0.968754067997105,0.952779912091405,0.935586147149067,0.896489158974679,0.808731218037032,0.354185440116857,0.174395172233582
0.173025797776023,0.567080289636964,0.635350832841754,0.693288027450592,0.733478652825429,0.771964861142987,0.8033661549915,0.823254092013577,0.835181675216216,0.847154334822981,0.859505588271815,0.873196352942548,0.889010924793586,0.904769285629287,0.918213272952381,0.929031696530337,0.937642921908857,0.9490187030186,0.958436123577543,0.967064511505565,0.97517560266863,0.984646074122434,0.992419471387396,1,0.990599173244753,0.977042881654876,0.96171539955561,0.944493433901229,0.90642817779768,0.822101964179754,0.361162580848047,0.181775688537538
0.147267485373042,0.542690691269888,0.612067148763288,0.670870397265837,0.712905336713243,0.751563193487748,0.78504006171018,0.80509671102102,0.817641410805171,0.829659046237993,0.843456012123436,0.856489055140989,0.873635537718827,0.890222433353337,0.90456577227142,0.915234139870738,0.924719616559274,0.937305293135123,0.94679065900944,0.955032436993064,0.962604259347567,0.97358193197704,0.981185718409483,0.990599173244753,1,0.98895514342331,0.974082748653886,0.957398115610208,0.920283459465077,0.833584713553455,0.360323856111108,0.190074705141781
0.125569421947707,0.515629273205771,0.586790983773978,0.648266682699295,0.691507785667277,0.728981736362693,0.761611507720807,0.781502019508165,0.794401556388189,0.805078787277584,0.818870739855135,0.832328602043817,0.849778576955803,0.869821571242838,0.885334546924412,0.897231622827212,0.908214635599754,0.921217669796527,0.93186258052711,0.940311039734664,0.948682251100122,0.960979305111173,0.968754067997105,0.977042881654876,0.98895514342331,1,0.987257658369317,0.969888749074245,0.934488065143601,0.846141388583006,0.365068394001719,0.204995206355645
0.115530448087638,0.485307113958614,0.558806941085963,0.621731832494697,0.662113431804638,0.700003156907989,0.736024738496618,0.756803199090426,0.770399212930194,0.781252621698917,0.795487889890294,0.808689763654594,0.825826616834447,0.846889285600044,0.862345003732507,0.875510027377735,0.887707077874964,0.900885928190457,0.913502642084298,0.922231383817045,0.931293606905073,0.943637652232046,0.952779912091405,0.96171539955561,0.974082748653886,0.987257658369317,1,0.983675035781155,0.950593552752914,0.867336579781819,0.385042948899453,0.22257750558125
0.106885062936674,0.458244840085941,0.533049480668322,0.596802168149758,0.636144319957387,0.675169791609099,0.710507545719825,0.731075605562914,0.744538992823951,0.756387628384194,0.771100679223345,0.784539972144148,0.801529095993855,0.821553132394997,0.8371639332132,0.850957836244559,0.865133867618328,0.88018148846021,0.892124377525883,0.901288877394563,0.910283220240781,0.924905236570205,0.935586147149067,0.944493433901229,0.957398115610208,0.969888749074245,0.983675035781155,1,0.969593090331585,0.891847063495566,0.416955159468785,0.254051241622171
0.1041399877654,0.422965925882396,0.491852388562795,0.551306851884249,0.589589438369864,0.62771512450826,0.661541559471589,0.679697666979855,0.690841124006883,0.701976915854979,0.716481645565794,0.731148221999386,0.749733432449718,0.772374086970611,0.790338424095094,0.805783950035297,0.820226662214071,0.837414638920697,0.848761292908232,0.858062834147884,0.868074581539383,0.884342701946949,0.896489158974679,0.90642817779768,0.920283459465077,0.934488065143601,0.950593552752914,0.969593090331585,1,0.929872803431253,0.470047013958177,0.303889344917875
0.112218304337433,0.355178793137088,0.416280462624804,0.468006193443645,0.504417311433735,0.538744388552988,0.57051563593919,0.586028413599356,0.589913890527239,0.603465144485579,0.615061535957462,0.629636747099879,0.650543245754263,0.679336257984473,0.698642263824913,0.718826667441809,0.734312414918099,0.754753174319985,0.765251802093891,0.772721512632679,0.781437571625135,0.796540747012491,0.808731218037032,0.822101964179754,0.833584713553455,0.846141388583006,0.867336579781819,0.891847063495566,0.929872803431253,1,0.610091190855856,0.369612174874297
0.0763451658867943,0.0840323360501335,0.1180489055234,0.134012463707179,0.148760313541655,0.167187272666476,0.184520546229801,0.196502052433265,0.195123184962631,0.204644381531384,0.213316340969419,0.216878383052598,0.227977879040386,0.254436239393689,0.267744389105419,0.287653955141766,0.304345742690847,0.316463492794692,0.325120656727334,0.333740722162402,0.332586763432385,0.339369138238497,0.354185440116857,0.361162580848047,0.360323856111108,0.365068394001719,0.385042948899453,0.416955159468785,0.470047013958177,0.610091190855856,1,0.462614474604225
0.0555997581840642,-0.0348795474036638,-0.0404329998929596,-0.0279900096662307,-0.0210416839971234,-0.00680967847934978,0.00525234137266744,0.0136598040828923,0.0126420561133625,0.0269824351522141,0.0382543082278985,0.0393090985526135,0.046746099305041,0.0638549352757279,0.074040878985712,0.0830369740759857,0.0967026795913978,0.115877673042676,0.1284943869077,0.13798796873837,0.144144416647708,0.157277354121465,0.174395172233582,0.181775688537538,0.190074705141781,0.204995206355645,0.22257750558125,0.254051241622171,0.303889344917875,0.369612174874297,0.462614474604225,1
