1,0.819220573898902,0.783655783521664,0.749904082926527,0.736465235498503,0.714606720907154,0.696883033115473,0.678999742304419,0.664333635503391,0.658165035409289,0.640647519598092,0.624114383228484,0.602823151532855,0.591315184047146,0.578961621257219,0.562805652480839,0.547942114100659,0.533360956440309,0.51878168211662,0.511226928258574,0.49475757254354,0.482219980259058,0.463940714250942,0.441623469916666,0.427163371831945,0.403957036027083,0.375767343594988,0.352327140944256,0.275104649805604,0.165954747129955,-0.0345632094475366,-0.0635731186630531
0.819220573898902,1,0.955394624118354,0.924173864669239,0.908143921905054,0.893418459563161,0.882499560300125,0.865931146107887,0.85367151040047,0.844068885258663,0.829946111871624,0.810786072277432,0.790912220401645,0.777417291833253,0.765143000422653,0.748300351711297,0.73289312670002,0.717507203012949,0.700882660046246,0.690964368774521,0.675380554538652,0.66171324467141,0.645230978101269,0.621537669272048,0.604154125429529,0.584177860412303,0.554918944500704,0.51700345199757,0.436437132908524,0.300254329518531,0.0346216803620645,-0.035777484465113
0.783655783521664,0.955394624118354,1,0.976885736052026,0.962578368509496,0.950701780162613,0.940844329739492,0.925506391674918,0.91444751682296,0.904656895105282,0.890172321748221,0.872914691747426,0.857762959794124,0.843816659709441,0.832153931871843,0.814234745770966,0.799812305947454,0.784447028265998,0.768096085216373,0.759206358396497,0.745611111465258,0.732642993137125,0.71461420967605,0.692281005898921,0.673298867581782,0.655339474961918,0.627315437541927,0.584886362758668,0.50174025866297,0.362057017436672,0.0841120820054426,-0.00773638689736647
0.749904082926527,0.924173864669239,0.976885736052026,1,0.985871898755076,0.975848624280989,0.967103422655639,0.955327505696629,0.945417322374048,0.936934771762472,0.923551372000301,0.908472752510826,0.895019394196765,0.881771360730841,0.87228849647282,0.855351376111049,0.841335689093701,0.825854842385997,0.809471847211096,0.801588648084636,0.789589098689393,0.776586384696963,0.759086035403262,0.738847351731368,0.720832083860486,0.702403618482631,0.676764598852282,0.634237263601756,0.553037427212636,0.413898707504195,0.124393831010476,0.00688046674034365
0.736465235498503,0.908143921905054,0.962578368509496,0.985871898755076,1,0.989590651244722,0.980534310449075,0.969361075977825,0.959716888975702,0.952154273128904,0.940506962104923,0.925976699419664,0.912709952130615,0.901180683786598,0.892037032085424,0.875436371649351,0.861437985950756,0.847607789731281,0.833070940885017,0.825508412725238,0.813651698791531,0.802807000490915,0.786843464196322,0.7663582229019,0.748557112809735,0.731388679284442,0.7046073073465,0.663856471009766,0.582265807472424,0.43632526815025,0.133412015020846,0.0176534748660318
0.714606720907154,0.893418459563161,0.950701780162613,0.975848624280989,0.989590651244722,1,0.992362153946566,0.983396939114229,0.974093032717229,0.965846047051495,0.955483221135935,0.942164988273542,0.928935431809537,0.918651905793763,0.910066342180467,0.894922033224962,0.881260143068964,0.867663466873719,0.853611375029348,0.845559105360035,0.834714682733494,0.824776172962214,0.809509890714492,0.790089308672878,0.773551223876546,0.756825107103071,0.730565342865352,0.689252872503286,0.609743794845413,0.463061665099151,0.157833004543401,0.0333712031291477
0.696883033115473,0.882499560300125,0.940844329739492,0.967103422655639,0.980534310449075,0.992362153946566,1,0.992446888884638,0.983191005038204,0.974255757663143,0.964894936223765,0.951867187686317,0.94002847926481,0.930416032794081,0.922572547580689,0.907906543661776,0.895157764132478,0.882232296362579,0.868794721959827,0.859633011411254,0.848401180463279,0.838204793983002,0.82308064454323,0.804103468315387,0.788148157411042,0.772320438029892,0.746488066997743,0.704805072030007,0.628602514771788,0.481739247859559,0.168723983266188,0.047520988627229
0.678999742304419,0.865931146107887,0.925506391674918,0.955327505696629,0.969361075977825,0.983396939114229,0.992446888884638,1,0.992974128877059,0.984996355827201,0.976978095563946,0.966308067930726,0.95484493173814,0.945512649496436,0.938338575278426,0.925191679694115,0.913110415400529,0.900866093482784,0.888573129380018,0.880202529526829,0.868941700726032,0.85970572612266,0.846166029327877,0.828681940215204,0.814455330738423,0.798836468885843,0.773148105684056,0.731600111037647,0.657578417526056,0.510028598530217,0.190176243488881,0.0558560265877659
0.664333635503391,0.85367151040047,0.91444751682296,0.945417322374048,0.959716888975702,0.974093032717229,0.983191005038204,0.992974128877059,1,0.994104352651024,0.987222062882443,0.977848618521078,0.967043683282719,0.957556402918608,0.950287958619547,0.937689886979273,0.927211075288039,0.915936717817933,0.903903543322981,0.896049694899347,0.885400591513986,0.87645292470337,0.864238216845934,0.847813446977233,0.834607011887021,0.819291482316638,0.795464465807896,0.755179664532985,0.682854810094743,0.531481992813762,0.201264439084923,0.0660563302988017
0.658165035409289,0.844068885258663,0.904656895105282,0.936934771762472,0.952154273128904,0.965846047051495,0.974255757663143,0.984996355827201,0.994104352651024,1,0.994071182527952,0.985885677810852,0.976201135542234,0.967233814986178,0.959825561441217,0.949078885231357,0.939232658415574,0.928982632394825,0.917835020375953,0.910431221134829,0.900735076996219,0.893085145484886,0.880989256103525,0.865189800369267,0.852850166858187,0.836442278746191,0.813068836933138,0.774014578500418,0.701406263879655,0.546143958803925,0.205966900084604,0.0698234097678282
0.640647519598092,0.829946111871624,0.890172321748221,0.923551372000301,0.940506962104923,0.955483221135935,0.964894936223765,0.976978095563946,0.987222062882443,0.994071182527952,1,0.994336379821831,0.986470202646998,0.978736728999313,0.971321387551835,0.961929250826888,0.952787391463093,0.943185258302279,0.932666197105932,0.925855607104631,0.916968429004158,0.909599593480355,0.898494837445569,0.883790050239501,0.871052441348959,0.854619009807517,0.831313269373165,0.79247598661566,0.721371316627399,0.561636626304644,0.219999146849009,0.0759822497443724
0.624114383228484,0.810786072277432,0.872914691747426,0.908472752510826,0.925976699419664,0.942164988273542,0.951867187686317,0.966308067930726,0.977848618521078,0.985885677810852,0.994336379821831,1,0.994359604082106,0.987469174271361,0.980647435334275,0.972030709302024,0.963595794866023,0.954907364061203,0.945407394715497,0.938816308962398,0.930703794437343,0.924022457814682,0.913773607738456,0.899709116746699,0.887732510933675,0.871502503005716,0.848991986652925,0.811215055201158,0.740819257697587,0.58110690278806,0.231565764779977,0.0807467790038815
0.602823151532855,0.790912220401645,0.857762959794124,0.895019394196765,0.912709952130615,0.928935431809537,0.94002847926481,0.95484493173814,0.967043683282719,0.976201135542234,0.986470202646998,0.994359604082106,1,0.995342222651467,0.989727379779686,0.982570164890223,0.974755928973437,0.966690236567799,0.958123731756865,0.952383517474169,0.944625497750062,0.938473362653425,0.92936815187564,0.915898976232237,0.903580266598148,0.888600593828468,0.868433703911177,0.833884231352099,0.763984015339013,0.604273461610565,0.2521381998136,0.10247416827151
0.591315184047146,0.777417291833253,0.843816659709441,0.881771360730841,0.901180683786598,0.918651905793763,0.930416032794081,0.945512649496436,0.957556402918608,0.967233814986178,0.978736728999313,0.987469174271361,0.995342222651467,1,0.995829012374926,0.990275750340657,0.983343718307314,0.975925987400978,0.96840804650045,0.962777645345727,0.955601699177382,0.950169940329776,0.941352127359506,0.928406109903255,0.915674616125505,0.901276607195411,0.881914077065266,0.850006415440952,0.781762199579547,0.621041349039742,0.266857949353267,0.117510384963985
0.578961621257219,0.765143000422653,0.832153931871843,0.87228849647282,0.892037032085424,0.910066342180467,0.922572547580689,0.938338575278426,0.950287958619547,0.959825561441217,0.971321387551835,0.980647435334275,0.989727379779686,0.995829012374926,1,0.995379336740262,0.98915195204734,0.981682621471547,0.974100865730827,0.968010317238837,0.960489305361801,0.95481389648609,0.946618341097223,0.934177761110968,0.921570873688782,0.907784877089717,0.888881275551579,0.85775377416245,0.790638104318291,0.630717768262827,0.277400845219181,0.13054899491638
0.562805652480839,0.748300351711297,0.814234745770966,0.855351376111049,0.875436371649351,0.894922033224962,0.907906543661776,0.925191679694115,0.937689886979273,0.949078885231357,0.961929250826888,0.972030709302024,0.982570164890223,0.990275750340657,0.995379336740262,1,0.995827011924544,0.989828794363354,0.983393208221169,0.977690150858318,0.970497422420153,0.965273946762235,0.957115563456522,0.945868308093169,0.933780822219321,0.920556159285032,0.902920810653335,0.872789385660894,0.808602631705746,0.648211184888994,0.287322295308396,0.142219516860825
0.547942114100659,0.73289312670002,0.799812305947454,0.841335689093701,0.861437985950756,0.881260143068964,0.895157764132478,0.913110415400529,0.927211075288039,0.939232658415574,0.952787391463093,0.963595794866023,0.974755928973437,0.983343718307314,0.98915195204734,0.995827011924544,1,0.995298826555161,0.988896156794896,0.983644327567674,0.976927371204957,0.971161349905104,0.9632592738095,0.952665452983391,0.941442738498565,0.929035314515593,0.911694163709575,0.883697470435725,0.820785560201061,0.663056757121102,0.298285761741306,0.153391210811089
0.533360956440309,0.717507203012949,0.784447028265998,0.825854842385997,0.847607789731281,0.867663466873719,0.882232296362579,0.900866093482784,0.915936717817933,0.928982632394825,0.943185258302279,0.954907364061203,0.966690236567799,0.975925987400978,0.981682621471547,0.989828794363354,0.995298826555161,1,0.995572338396221,0.991062288740782,0.984841247040418,0.979454200057265,0.971927724218304,0.962582080060524,0.952337092340604,0.940541907802671,0.923500518783553,0.896486798099564,0.835062075323622,0.674909516350523,0.308509521038871,0.163830536076365
0.51878168211662,0.700882660046246,0.768096085216373,0.809471847211096,0.833070940885017,0.853611375029348,0.868794721959827,0.888573129380018,0.903903543322981,0.917835020375953,0.932666197105932,0.945407394715497,0.958123731756865,0.96840804650045,0.974100865730827,0.983393208221169,0.988896156794896,0.995572338396221,1,0.996131497563793,0.990415621189314,0.985270230344655,0.978387043296492,0.96943480578934,0.959721597458958,0.948858243722594,0.931927694411561,0.906819138001805,0.846933344828849,0.688178531120867,0.315603666441424,0.173645282172517
0.511226928258574,0.690964368774521,0.759206358396497,0.801588648084636,0.825508412725238,0.845559105360035,0.859633011411254,0.880202529526829,0.896049694899347,0.910431221134829,0.925855607104631,0.938816308962398,0.952383517474169,0.962777645345727,0.968010317238837,0.977690150858318,0.983644327567674,0.991062288740782,0.996131497563793,1,0.995372320315212,0.989843553378223,0.982578803347118,0.974214205508049,0.96468836801848,0.953288610467289,0.93750101915284,0.912545833569509,0.855062304071244,0.697629991441617,0.322467478204064,0.182998127242937
0.49475757254354,0.675380554538652,0.745611111465258,0.789589098689393,0.813651698791531,0.834714682733494,0.848401180463279,0.868941700726032,0.885400591513986,0.900735076996219,0.916968429004158,0.930703794437343,0.944625497750062,0.955601699177382,0.960489305361801,0.970497422420153,0.976927371204957,0.984841247040418,0.990415621189314,0.995372320315212,1,0.995752968215301,0.988749262903735,0.981190920842739,0.97181087691345,0.9616113709163,0.947475682758916,0.923360938816898,0.868858108759583,0.717205962391063,0.344931288825562,0.197744669126877
0.482219980259058,0.66171324467141,0.732642993137125,0.776586384696963,0.802807000490915,0.824776172962214,0.838204793983002,0.85970572612266,0.87645292470337,0.893085145484886,0.909599593480355,0.924022457814682,0.938473362653425,0.950169940329776,0.95481389648609,0.965273946762235,0.971161349905104,0.979454200057265,0.985270230344655,0.989843553378223,0.995752968215301,1,0.994271829432352,0.986949487073101,0.978024873435672,0.968311079995924,0.954525966604148,0.93094818188144,0.878323440814292,0.729026181153938,0.357369477121172,0.210244677591721
0.463940714250942,0.645230978101269,0.71461420967605,0.759086035403262,0.786843464196322,0.809509890714492,0.82308064454323,0.846166029327877,0.864238216845934,0.880989256103525,0.898494837445569,0.913773607738456,0.92936815187564,0.941352127359506,0.946618341097223,0.957115563456522,0.9632592738095,0.971927724218304,0.978387043296492,0.982578803347118,0.988749262903735,0.994271829432352,1,0.993602290667683,0.984789528423329,0.976080357382433,0.96353467919678,0.942210813700615,0.892264541598236,0.752347322093626,0.37472034290316,0.224021129070092
0.441623469916666,0.621537669272048,0.692281005898921,0.738847351731368,0.7663582229019,0.790089308672878,0.804103468315387,0.828681940215204,0.847813446977233,0.865189800369267,0.883790050239501,0.899709116746699,0.915898976232237,0.928406109903255,0.934177761110968,0.945868308093169,0.952665452983391,0.962582080060524,0.96943480578934,0.974214205508049,0.981190920842739,0.986949487073101,0.993602290667683,1,0.992863292451192,0.98503690587253,0.972849305050151,0.952770736911996,0.90693007295028,0.770897486569973,0.393999471386311,0.242798646318301
0.427163371831945,0.604154125429529,0.673298867581782,0.720832083860486,0.748557112809735,0.773551223876546,0.788148157411042,0.814455330738423,0.834607011887021,0.852850166858187,0.871052441348959,0.887732510933675,0.903580266598148,0.915674616125505,0.921570873688782,0.933780822219321,0.941442738498565,0.952337092340604,0.959721597458958,0.96468836801848,0.97181087691345,0.978024873435672,0.984789528423329,0.992863292451192,1,0.991586565721691,0.979877321989876,0.959006612877063,0.914277345321448,0.77792979368066,0.398025649989246,0.240761438931672
0.403957036027083,0.584177860412303,0.655339474961918,0.702403618482631,0.731388679284442,0.756825107103071,0.772320438029892,0.798836468885843,0.819291482316638,0.836442278746191,0.854619009807517,0.871502503005716,0.888600593828468,0.901276607195411,0.907784877089717,0.920556159285032,0.929035314515593,0.940541907802671,0.948858243722594,0.953288610467289,0.9616113709163,0.968311079995924,0.976080357382433,0.98503690587253,0.991586565721691,1,0.988983940472619,0.969311614412284,0.929511913023655,0.795041779513557,0.419362430131266,0.267586152758915
0.375767343594988,0.554918944500704,0.627315437541927,0.676764598852282,0.7046073073465,0.730565342865352,0.746488066997743,0.773148105684056,0.795464465807896,0.813068836933138,0.831313269373165,0.848991986652925,0.868433703911177,0.881914077065266,0.888881275551579,0.902920810653335,0.911694163709575,0.923500518783553,0.931927694411561,0.93750101915284,0.947475682758916,0.954525966604148,0.96353467919678,0.972849305050151,0.979877321989876,0.988983940472619,1,0.98050698640356,0.943335863053951,0.812731482204137,0.440838625207674,0.277885453454168
0.352327140944256,0.51700345199757,0.584886362758668,0.634237263601756,0.663856471009766,0.689252872503286,0.704805072030007,0.731600111037647,0.755179664532985,0.774014578500418,0.79247598661566,0.811215055201158,0.833884231352099,0.850006415440952,0.85775377416245,0.872789385660894,0.883697470435725,0.896486798099564,0.906819138001805,0.912545833569509,0.923360938816898,0.93094818188144,0.942210813700615,0.952770736911996,0.959006612877063,0.969311614412284,0.98050698640356,1,0.967745612918695,0.845057275513305,0.48201168409025,0.321701655651527
0.275104649805604,0.436437132908524,0.50174025866297,0.553037427212636,0.582265807472424,0.609743794845413,0.628602514771788,0.657578417526056,0.682854810094743,0.701406263879655,0.721371316627399,0.740819257697587,0.763984015339013,0.781762199579547,0.790638104318291,0.808602631705746,0.820785560201061,0.835062075323622,0.846933344828849,0.855062304071244,0.868858108759583,0.878323440814292,0.892264541598236,0.90693007295028,0.914277345321448,0.929511913023655,0.943335863053951,0.967745612918695,1,0.901392439772951,0.569243654609315,0.374776392515635
0.165954747129955,0.300254329518531,0.362057017436672,0.413898707504195,0.43632526815025,0.463061665099151,0.481739247859559,0.510028598530217,0.531481992813762,0.546143958803925,0.561636626304644,0.58110690278806,0.604273461610565,0.621041349039742,0.630717768262827,0.648211184888994,0.663056757121102,0.674909516350523,0.688178531120867,0.697629991441617,0.717205962391063,0.729026181153938,0.752347322093626,0.770897486569973,0.77792979368066,0.795041779513557,0.812731482204137,0.845057275513305,0.901392439772951,1,0.717146423585556,0.462856022363439
-0.0345632094475366,0.0346216803620645,0.0841120820054426,0.124393831010476,0.133412015020846,0.157833004543401,0.168723983266188,0.190176243488881,0.201264439084923,0.205966900084604,0.219999146849009,0.231565764779977,0.2521381998136,0.266857949353267,0.277400845219181,0.287322295308396,0.298285761741306,0.308509521038871,0.315603666441424,0.322467478204064,0.344931288825562,0.357369477121172,0.37472034290316,0.393999471386311,0.398025649989246,0.419362430131266,0.440838625207674,0.48201168409025,0.569243654609315,0.717146423585556,1,0.555926982812652
-0.0635731186630531,-0.035777484465113,-0.00773638689736647,0.00688046674034365,0.0176534748660318,0.0333712031291477,0.047520988627229,0.0558560265877659,0.0660563302988017,0.0698234097678282,0.0759822497443724,0.0807467790038815,0.10247416827151,0.117510384963985,0.13054899491638,0.142219516860825,0.153391210811089,0.163830536076365,0.173645282172517,0.182998127242937,0.197744669126877,0.210244677591721,0.224021129070092,0.242798646318301,0.240761438931672,0.267586152758915,0.277885453454168,0.321701655651527,0.374776392515635,0.462856022363439,0.555926982812652,1
