1,0.883495747940754,0.852454251322831,0.827134756382628,0.819156478245597,0.811937717037204,0.802893653968536,0.794319682866776,0.785622715272447,0.777921165437524,0.768875959637354,0.763676528496814,0.753810377087238,0.749079361348316,0.740032123196421,0.728681538742355,0.719953993294197,0.708050000445896,0.698617312299295,0.690331127433995,0.684118463086385,0.678056021784182,0.669861909787216,0.661433438303242,0.649957139119437,0.635507313437425,0.620742216888702,0.59157242526591,0.56426580567794,0.504680037644627,0.359511944828435,-0.130242091949058
0.883495747940754,1,0.977355373992168,0.961460942228703,0.953835133791873,0.946382656899418,0.939080222957607,0.931533398473764,0.924516025651275,0.916486805996478,0.907655048648885,0.901499200211187,0.893157553371224,0.885950906030284,0.877950249086306,0.868253384595171,0.860064657633704,0.848828110135286,0.840287333033545,0.830398445341554,0.822937832029972,0.817739112171232,0.807256317863459,0.800254040123733,0.789772738845126,0.776213009060621,0.7629883439663,0.73418847868708,0.700793324832124,0.644190788945348,0.488829390812805,-0.0499646985876234
0.852454251322831,0.977355373992168,1,0.989011535825479,0.981151777797632,0.974553506700968,0.96661437590588,0.959080084132925,0.95179175417283,0.944629879541894,0.936904973102075,0.93091475333668,0.922950984331681,0.915980323631282,0.908660084481414,0.899454458033365,0.891210702736408,0.881042334817564,0.872986544205851,0.863813399291797,0.855964810022507,0.850526327177498,0.841375724926798,0.834814157998311,0.825290016230535,0.811301813266081,0.798416714748973,0.771517056548206,0.739124307545277,0.682537155307784,0.522666824771226,-0.0509593988375605
0.827134756382628,0.961460942228703,0.989011535825479,1,0.994015240517435,0.988151999553425,0.98122663615317,0.974776893517773,0.968597980916142,0.962232315731177,0.955758868879616,0.95074091553483,0.943574107309709,0.937699420309979,0.931287200790081,0.923343631972192,0.916176217322104,0.9070801798332,0.899462401017544,0.8914332399986,0.884891616783738,0.879746049653144,0.871220957792661,0.865027254125127,0.85680212166653,0.843677758532894,0.830982517932859,0.806227328834468,0.777353169767877,0.721722690256246,0.560704059290243,-0.0255025176604267
0.819156478245597,0.953835133791873,0.981151777797632,0.994015240517435,1,0.995233511539673,0.989588746523588,0.983975695666778,0.978317021006696,0.972141509380024,0.966077435954726,0.961185841604886,0.954262548123746,0.948382522232227,0.942184805332532,0.933756259348876,0.926641586372034,0.917485460591773,0.909795605225514,0.902252340704925,0.896032558892285,0.890936468183594,0.88220358734819,0.875881314015116,0.86733306126949,0.854869129235227,0.843101168466727,0.8188148648055,0.789318930796195,0.732370931612764,0.565884336129204,-0.0200336445613535
0.811937717037204,0.946382656899418,0.974553506700968,0.988151999553425,0.995233511539673,1,0.995593870863781,0.991039244756645,0.986144864055017,0.980655541166867,0.9746473785558,0.969736789332775,0.963120083597243,0.95740173113778,0.951308612242668,0.9431163516432,0.936343980576921,0.927292538989491,0.919851610682099,0.91296114147468,0.907318948957029,0.901945593259191,0.893675213483423,0.88792932067108,0.879648623845077,0.86774070140203,0.856148326812076,0.832942768579076,0.804213286941823,0.748993814999665,0.579668507313342,-0.00653133222844819
0.802893653968536,0.939080222957607,0.96661437590588,0.98122663615317,0.989588746523588,0.995593870863781,1,0.996669733123178,0.992362051397989,0.987324185392,0.981990903775316,0.97728699133032,0.971179334068931,0.965557056212226,0.959268315549788,0.951492662473488,0.944778230052756,0.936213507002335,0.929219233256785,0.92259997313013,0.917158493537608,0.911940746027424,0.903867350979621,0.89855490330579,0.890281644978981,0.878991679402382,0.868793065935214,0.84691568570039,0.818808161316628,0.763820872346508,0.594067264117138,0.00347651439141257
0.794319682866776,0.931533398473764,0.959080084132925,0.974776893517773,0.983975695666778,0.991039244756645,0.996669733123178,1,0.996880310011362,0.992574430904743,0.988099283002974,0.983652939147439,0.978430515979191,0.97316553031358,0.967173896273377,0.960263887005597,0.95401639849486,0.946306152682848,0.939599051865221,0.933453284985954,0.928147224423033,0.922939686197768,0.915337076289599,0.910570579169086,0.902554786369101,0.892238187231281,0.882227512562792,0.860995139982038,0.833452975030258,0.779342217991051,0.610687025901382,0.0196469461118465
0.785622715272447,0.924516025651275,0.95179175417283,0.968597980916142,0.978317021006696,0.986144864055017,0.992362051397989,0.996880310011362,1,0.997254541902313,0.993520261654975,0.989411474911093,0.985000947536049,0.98039392657297,0.974785478848682,0.968382744528402,0.962635826648001,0.955481302638191,0.949201971781426,0.94345811967664,0.938461883846426,0.93362546655587,0.926451252130442,0.92172729402669,0.914394647842823,0.904326699630488,0.894638742433325,0.874688482604415,0.848332425372131,0.796269711216691,0.627150998027512,0.0310968959220211
0.777921165437524,0.916486805996478,0.944629879541894,0.962232315731177,0.972141509380024,0.980655541166867,0.987324185392,0.992574430904743,0.997254541902313,1,0.997467086573734,0.994087169591495,0.990119801856712,0.985962883506784,0.980933985403603,0.974849270501719,0.969499394955959,0.962505766391434,0.956580849945149,0.951037913095763,0.946108964947669,0.940996643056031,0.933816807803413,0.929098870740765,0.92194601822874,0.911987828758906,0.902645627494638,0.883368339290236,0.857620855309335,0.805295209315457,0.636120701038961,0.0395672824057913
0.768875959637354,0.907655048648885,0.936904973102075,0.955758868879616,0.966077435954726,0.9746473785558,0.981990903775316,0.988099283002974,0.993520261654975,0.997467086573734,1,0.997885468760369,0.994748777536384,0.991161645566798,0.986670846563239,0.981379629862988,0.976449395794351,0.969827109997226,0.964440275893505,0.959208708834971,0.954352076399341,0.949465047147019,0.942379964765003,0.937814320383041,0.93099807756185,0.921637669383882,0.912644980778957,0.893877415122011,0.86924124847252,0.817426500372433,0.649694673966529,0.0490454900571129
0.763676528496814,0.901499200211187,0.93091475333668,0.95074091553483,0.961185841604886,0.969736789332775,0.97728699133032,0.983652939147439,0.989411474911093,0.994087169591495,0.997885468760369,1,0.997728187483968,0.994790884812866,0.99087502117332,0.986017011560483,0.981476561453182,0.975082779366645,0.970136614623733,0.964993301009978,0.960545066771012,0.956013853559238,0.949185997951946,0.94484548922214,0.938222437557371,0.929616405309742,0.921107765493322,0.902838273557675,0.878448490285753,0.826984217273216,0.659177693789927,0.053668644004653
0.753810377087238,0.893157553371224,0.922950984331681,0.943574107309709,0.954262548123746,0.963120083597243,0.971179334068931,0.978430515979191,0.985000947536049,0.990119801856712,0.994748777536384,0.997728187483968,1,0.997954917327925,0.994759700734955,0.99101824991732,0.987247209271742,0.981411927159408,0.976663785383374,0.971870808315063,0.967886604436581,0.963399881592425,0.956825557523597,0.952697735384608,0.946395938291591,0.938668888270646,0.930754387971859,0.91312985850831,0.889211596939887,0.83845059237219,0.66933898629873,0.0613912870171917
0.749079361348316,0.885950906030284,0.915980323631282,0.937699420309979,0.948382522232227,0.95740173113778,0.965557056212226,0.97316553031358,0.98039392657297,0.985962883506784,0.991161645566798,0.994790884812866,0.997954917327925,1,0.997736843873121,0.99483765573934,0.991482777680073,0.986016709380386,0.981482602508847,0.976956760257033,0.973115290098563,0.968783320535195,0.962316180165959,0.958377339313782,0.952225242951938,0.944709354823943,0.937139498340406,0.919991486313876,0.896565158146867,0.845916007221577,0.67604459910959,0.0650795450265658
0.740032123196421,0.877950249086306,0.908660084481414,0.931287200790081,0.942184805332532,0.951308612242668,0.959268315549788,0.967173896273377,0.974785478848682,0.980933985403603,0.986670846563239,0.99087502117332,0.994759700734955,0.997736843873121,1,0.99792417276053,0.995128518922591,0.990351967298072,0.986155277857516,0.98191508952355,0.978177507505535,0.974045600557659,0.967434825680664,0.963345248148304,0.957437833039643,0.950433374698369,0.94359182062433,0.926759341888661,0.904117501636426,0.854140072999857,0.683391066325613,0.0693672547342832
0.728681538742355,0.868253384595171,0.899454458033365,0.923343631972192,0.933756259348876,0.9431163516432,0.951492662473488,0.960263887005597,0.968382744528402,0.974849270501719,0.981379629862988,0.986017011560483,0.99101824991732,0.99483765573934,0.99792417276053,1,0.998081417459295,0.994350450919548,0.990463902452394,0.986689502076241,0.983402182252213,0.979455597728198,0.973116258036509,0.969434502198007,0.963854401204498,0.957295675468296,0.950383344568418,0.934597939978178,0.913440712946731,0.864030628453271,0.693557140122464,0.0752109371363281
0.719953993294197,0.860064657633704,0.891210702736408,0.916176217322104,0.926641586372034,0.936343980576921,0.944778230052756,0.95401639849486,0.962635826648001,0.969499394955959,0.976449395794351,0.981476561453182,0.987247209271742,0.991482777680073,0.995128518922591,0.998081417459295,1,0.99761166997389,0.994703486413638,0.991526193406405,0.988557776950863,0.984993096778095,0.979283013212971,0.975739218583979,0.970252830033953,0.964135956389773,0.957867175011015,0.942437670565784,0.921980169389102,0.874394668405774,0.703664531671618,0.0794106060033823
0.708050000445896,0.848828110135286,0.881042334817564,0.9070801798332,0.917485460591773,0.927292538989491,0.936213507002335,0.946306152682848,0.955481302638191,0.962505766391434,0.969827109997226,0.975082779366645,0.981411927159408,0.986016709380386,0.990351967298072,0.994350450919548,0.99761166997389,1,0.998168578310731,0.995876558837221,0.99331114350283,0.990285343013579,0.985672209624826,0.982275188098008,0.977281917541484,0.971189193191678,0.965211623229017,0.950978391635615,0.931712374909724,0.887226605998022,0.718112590730752,0.0910849368321875
0.698617312299295,0.840287333033545,0.872986544205851,0.899462401017544,0.909795605225514,0.919851610682099,0.929219233256785,0.939599051865221,0.949201971781426,0.956580849945149,0.964440275893505,0.970136614623733,0.976663785383374,0.981482602508847,0.986155277857516,0.990463902452394,0.994703486413638,0.998168578310731,1,0.998486180671583,0.996193482001443,0.993641653925234,0.989685619437556,0.986449357778544,0.981243947701071,0.975298380375297,0.969664457256164,0.956124464646712,0.937304711651141,0.894751993349778,0.727093308651352,0.0925383389450393
0.690331127433995,0.830398445341554,0.863813399291797,0.8914332399986,0.902252340704925,0.91296114147468,0.92259997313013,0.933453284985954,0.94345811967664,0.951037913095763,0.959208708834971,0.964993301009978,0.971870808315063,0.976956760257033,0.98191508952355,0.986689502076241,0.991526193406405,0.995876558837221,0.998486180671583,1,0.998115562189693,0.995798753170525,0.992527167404253,0.989428864089637,0.984828365136648,0.9793259579385,0.973860361752193,0.961428565176855,0.943571410927455,0.902036171668582,0.73560915874377,0.102171164799369
0.684118463086385,0.822937832029972,0.855964810022507,0.884891616783738,0.896032558892285,0.907318948957029,0.917158493537608,0.928147224423033,0.938461883846426,0.946108964947669,0.954352076399341,0.960545066771012,0.967886604436581,0.973115290098563,0.978177507505535,0.983402182252213,0.988557776950863,0.99331114350283,0.996193482001443,0.998115562189693,1,0.998018049636501,0.995084640611843,0.992318017289613,0.988134157429429,0.983338765849003,0.977688443577765,0.966093076617523,0.948724393875464,0.908088700880682,0.741786019072796,0.106434544716274
0.678056021784182,0.817739112171232,0.850526327177498,0.879746049653144,0.890936468183594,0.901945593259191,0.911940746027424,0.922939686197768,0.93362546655587,0.940996643056031,0.949465047147019,0.956013853559238,0.963399881592425,0.968783320535195,0.974045600557659,0.979455597728198,0.984993096778095,0.990285343013579,0.993641653925234,0.995798753170525,0.998018049636501,1,0.997514309955896,0.994861065730145,0.990814689475394,0.986422000874567,0.981001317534538,0.970101589096841,0.953235734297223,0.912812408738736,0.747904077420851,0.115031909821577
0.669861909787216,0.807256317863459,0.841375724926798,0.871220957792661,0.88220358734819,0.893675213483423,0.903867350979621,0.915337076289599,0.926451252130442,0.933816807803413,0.942379964765003,0.949185997951946,0.956825557523597,0.962316180165959,0.967434825680664,0.973116258036509,0.979283013212971,0.985672209624826,0.989685619437556,0.992527167404253,0.995084640611843,0.997514309955896,1,0.997791872850667,0.99444091218592,0.990012457613564,0.985007473337489,0.975002476237922,0.958769660681987,0.920460237902762,0.759078377349371,0.119082138192568
0.661433438303242,0.800254040123733,0.834814157998311,0.865027254125127,0.875881314015116,0.88792932067108,0.89855490330579,0.910570579169086,0.92172729402669,0.929098870740765,0.937814320383041,0.94484548922214,0.952697735384608,0.958377339313782,0.963345248148304,0.969434502198007,0.975739218583979,0.982275188098008,0.986449357778544,0.989428864089637,0.992318017289613,0.994861065730145,0.997791872850667,1,0.997148835894147,0.993573824668627,0.988772540807721,0.979571753775652,0.964121809406079,0.92774659375379,0.770020241229716,0.130542121530998
0.649957139119437,0.789772738845126,0.825290016230535,0.85680212166653,0.86733306126949,0.879648623845077,0.890281644978981,0.902554786369101,0.914394647842823,0.92194601822874,0.93099807756185,0.938222437557371,0.946395938291591,0.952225242951938,0.957437833039643,0.963854401204498,0.970252830033953,0.977281917541484,0.981243947701071,0.984828365136648,0.988134157429429,0.990814689475394,0.99444091218592,0.997148835894147,1,0.996908955283858,0.992385489355287,0.984270433741081,0.970027407801877,0.935695648797997,0.782052280575011,0.141407710922999
0.635507313437425,0.776213009060621,0.811301813266081,0.843677758532894,0.854869129235227,0.86774070140203,0.878991679402382,0.892238187231281,0.904326699630488,0.911987828758906,0.921637669383882,0.929616405309742,0.938668888270646,0.944709354823943,0.950433374698369,0.957295675468296,0.964135956389773,0.971189193191678,0.975298380375297,0.9793259579385,0.983338765849003,0.986422000874567,0.990012457613564,0.993573824668627,0.996908955283858,1,0.996041100484955,0.988581577786298,0.974501532361607,0.940032923190825,0.788768181599079,0.150434365632377
0.620742216888702,0.7629883439663,0.798416714748973,0.830982517932859,0.843101168466727,0.856148326812076,0.868793065935214,0.882227512562792,0.894638742433325,0.902645627494638,0.912644980778957,0.921107765493322,0.930754387971859,0.937139498340406,0.94359182062433,0.950383344568418,0.957867175011015,0.965211623229017,0.969664457256164,0.973860361752193,0.977688443577765,0.981001317534538,0.985007473337489,0.988772540807721,0.992385489355287,0.996041100484955,1,0.993812989634151,0.980163355477777,0.948774893128466,0.805674530368703,0.166505767524803
0.59157242526591,0.73418847868708,0.771517056548206,0.806227328834468,0.8188148648055,0.832942768579076,0.84691568570039,0.860995139982038,0.874688482604415,0.883368339290236,0.893877415122011,0.902838273557675,0.91312985850831,0.919991486313876,0.926759341888661,0.934597939978178,0.942437670565784,0.950978391635615,0.956124464646712,0.961428565176855,0.966093076617523,0.970101589096841,0.975002476237922,0.979571753775652,0.984270433741081,0.988581577786298,0.993812989634151,1,0.989758061835014,0.963128071167333,0.831990316147432,0.191625182690234
0.56426580567794,0.700793324832124,0.739124307545277,0.777353169767877,0.789318930796195,0.804213286941823,0.818808161316628,0.833452975030258,0.848332425372131,0.857620855309335,0.86924124847252,0.878448490285753,0.889211596939887,0.896565158146867,0.904117501636426,0.913440712946731,0.921980169389102,0.931712374909724,0.937304711651141,0.943571410927455,0.948724393875464,0.953235734297223,0.958769660681987,0.964121809406079,0.970027407801877,0.974501532361607,0.980163355477777,0.989758061835014,1,0.979420700976741,0.862824796787611,0.214599387928018
0.504680037644627,0.644190788945348,0.682537155307784,0.721722690256246,0.732370931612764,0.748993814999665,0.763820872346508,0.779342217991051,0.796269711216691,0.805295209315457,0.817426500372433,0.826984217273216,0.83845059237219,0.845916007221577,0.854140072999857,0.864030628453271,0.874394668405774,0.887226605998022,0.894751993349778,0.902036171668582,0.908088700880682,0.912812408738736,0.920460237902762,0.92774659375379,0.935695648797997,0.940032923190825,0.948774893128466,0.963128071167333,0.979420700976741,1,0.908367178800143,0.259418174025192
0.359511944828435,0.488829390812805,0.522666824771226,0.560704059290243,0.565884336129204,0.579668507313342,0.594067264117138,0.610687025901382,0.627150998027512,0.636120701038961,0.649694673966529,0.659177693789927,0.66933898629873,0.67604459910959,0.683391066325613,0.693557140122464,0.703664531671618,0.718112590730752,0.727093308651352,0.73560915874377,0.741786019072796,0.747904077420851,0.759078377349371,0.770020241229716,0.782052280575011,0.788768181599079,0.805674530368703,0.831990316147432,0.862824796787611,0.908367178800143,1,0.416030488341665
-0.130242091949058,-0.0499646985876234,-0.0509593988375605,-0.0255025176604267,-0.0200336445613535,-0.00653133222844819,0.00347651439141257,0.0196469461118465,0.0310968959220211,0.0395672824057913,0.0490454900571129,0.053668644004653,0.0613912870171917,0.0650795450265658,0.0693672547342832,0.0752109371363281,0.0794106060033823,0.0910849368321875,0.0925383389450393,0.102171164799369,0.106434544716274,0.115031909821577,0.119082138192568,0.130542121530998,0.141407710922999,0.150434365632377,0.166505767524803,0.191625182690234,0.214599387928018,0.259418174025192,0.416030488341665,1
