1,0.470508560045293,0.483263181263665,0.464571570683512,0.467594848795811,0.471540526871602,0.445394344128953,0.425503908142992,0.429045565651276,0.415820484609038,0.39914951077018,0.370511430024719,0.332162837318413,0.298830928285771,0.264595278777738,0.239007829794136,0.206550055490512,0.168382893636847,0.130894320573169,0.108493337545843,0.0897056226772039,0.0653984935384836,0.0211696671010141,-0.0213063971378702,-0.0584497144563849,-0.0790597247852555,-0.0761409435109189,-0.0389139953989384,0.0102692977278141,0.0506202799398549,0.136668958658473,0.132061155415325
0.470508560045293,1,0.882711997505526,0.802554297898481,0.75942646695024,0.725912687987925,0.661122171000652,0.619719488319387,0.570108164985965,0.524131499919578,0.477706361836801,0.445082369105329,0.396502232423935,0.359215380051211,0.3083883700431,0.283071427198455,0.233146501201515,0.171378814112843,0.113517682128113,0.0883245875012711,0.0676272872575314,0.048608976836987,0.0150242606536573,-0.0153898225192546,-0.0550788617746527,-0.0709844702889783,-0.0837262131254163,-0.0363716059274674,0.00804561647623125,0.0443607343930034,0.089077951875909,0.121937847263736
0.483263181263665,0.882711997505526,1,0.92687464618158,0.874279058273142,0.838819050308265,0.777807751386907,0.74238104088318,0.693446717189573,0.65242609305587,0.607177539738042,0.561459009620349,0.506818723000413,0.458094935761837,0.403174147976542,0.372437282183076,0.313178896783651,0.25690175642591,0.202530754867619,0.167630812194444,0.143294455300191,0.11758502892931,0.0776429200269045,0.0462008425656159,-0.00404490417185395,-0.0315623612716989,-0.0512984908225146,-0.0108486231351297,0.0229236675377231,0.0528313092539072,0.0864713495922412,0.1207192490018
0.464571570683512,0.802554297898481,0.92687464618158,1,0.947028686516531,0.901332484096563,0.845266036182948,0.809337732976687,0.759643404611219,0.720301527153194,0.67830954452102,0.629990553049705,0.576757642904337,0.521943796087484,0.473760667195433,0.440409457971811,0.383791690665799,0.330665237898713,0.278013846422195,0.237324314433464,0.21420806759966,0.187503100432268,0.147770161294605,0.110780820331168,0.0577810809545361,0.0246228532458715,-0.0238548510650837,-0.00533763019878453,0.0159589465936065,0.0417333866319306,0.0626048257765853,0.104829576496621
0.467594848795811,0.75942646695024,0.874279058273142,0.947028686516531,1,0.961794581572951,0.907948955088096,0.877738056612804,0.83138459634248,0.796528861380789,0.757574213488919,0.715864833587721,0.669484727079025,0.614323129105928,0.564977125764583,0.528745969702663,0.473067443959618,0.424545016388788,0.372925275221887,0.333096091175384,0.309238461117336,0.282066017386259,0.23617220748729,0.189994494625866,0.139053355393456,0.0959256885699157,0.0466160192633615,0.0479892539932714,0.0485851117175174,0.066921215539391,0.0725071790425899,0.110341353185695
0.471540526871602,0.725912687987925,0.838819050308265,0.901332484096563,0.961794581572951,1,0.956887589447441,0.926887471280276,0.88714444714927,0.85722815760144,0.819047187783658,0.777114882912829,0.732402394984648,0.678831003712866,0.629444021530638,0.596133397715755,0.544664337753129,0.497921375312975,0.445129728607403,0.40279523032796,0.373710077329628,0.347750278785507,0.301879365643202,0.25862725827107,0.206376623248519,0.154015369571238,0.10349493824875,0.0874892606777954,0.0838645335956743,0.0942336451079256,0.094677528016918,0.125054268671682
0.445394344128953,0.661122171000652,0.777807751386907,0.845266036182948,0.907948955088096,0.956887589447441,1,0.966269995205286,0.923665887616165,0.890612911987377,0.855729849236318,0.811166315292022,0.765506004701384,0.717996447170076,0.670146481890869,0.635633307166816,0.590608899682907,0.547664691797713,0.502054278203907,0.459103849554121,0.429096606130179,0.402739104147135,0.355610882975601,0.313787344114148,0.262784520887645,0.201750028223184,0.145368267772404,0.112197133935425,0.0942914493555702,0.104206331470981,0.114865200993968,0.134743153600041
0.425503908142992,0.619719488319387,0.74238104088318,0.809337732976687,0.877738056612804,0.926887471280276,0.966269995205286,1,0.965519440756903,0.93153793564456,0.900302584063506,0.86168804840397,0.82066458194583,0.779286231106855,0.733747264657175,0.700661548708411,0.654778122353356,0.617615657976333,0.570999583200287,0.53217365957561,0.500587321647592,0.473008243141408,0.42276230296042,0.380491235074586,0.328153252169303,0.264687287358464,0.202640614060003,0.157309639783794,0.128509501585025,0.134452025104721,0.14470717765208,0.151334967355168
0.429045565651276,0.570108164985965,0.693446717189573,0.759643404611219,0.83138459634248,0.88714444714927,0.923665887616165,0.965519440756903,1,0.972521604754439,0.942093126377169,0.901313137507628,0.866684566092309,0.82684058600901,0.781204410293998,0.751314867661824,0.706537092558198,0.67146917802738,0.62522469252738,0.584210433285569,0.553169581621987,0.525802445093471,0.472686244617964,0.423476252727822,0.366765071337809,0.297636037806855,0.232704259329,0.176944214987845,0.143966803137763,0.141077544448455,0.161551019356239,0.145260117735229
0.415820484609038,0.524131499919578,0.65242609305587,0.720301527153194,0.796528861380789,0.85722815760144,0.890612911987377,0.93153793564456,0.972521604754439,1,0.972673595713715,0.934076014839009,0.90044515468712,0.859357460409503,0.815258506051744,0.78713003844964,0.744628249531889,0.709193657344082,0.663256800679639,0.619516496207828,0.587347986122148,0.558180256403301,0.505641936124597,0.453286610940369,0.397544226346934,0.321383655270091,0.253317702024299,0.189355703717939,0.151416553643596,0.146737924169399,0.167614721391259,0.136717585964689
0.39914951077018,0.477706361836801,0.607177539738042,0.67830954452102,0.757574213488919,0.819047187783658,0.855729849236318,0.900302584063506,0.942093126377169,0.972673595713715,1,0.969617123826725,0.939470283035523,0.903065558361902,0.863116771365844,0.833506217108699,0.792675870991614,0.756488447162822,0.714808426495774,0.673063416326473,0.639701862132217,0.605553554092367,0.552652885160871,0.500446901092818,0.442797089239245,0.364730414819409,0.289227310806903,0.218148745418751,0.161241100819412,0.160722443521835,0.187851275244817,0.13589403491999
0.370511430024719,0.445082369105329,0.561459009620349,0.629990553049705,0.715864833587721,0.777114882912829,0.811166315292022,0.86168804840397,0.901313137507628,0.934076014839009,0.969617123826725,1,0.976789545912795,0.943512588686057,0.908139860897435,0.875939631627164,0.835011920738533,0.798771688739215,0.760358858916747,0.723064085012384,0.691844799589991,0.660261421934527,0.610139162123775,0.558163133286473,0.503515759992376,0.4313766678,0.359491941188052,0.284508930966272,0.202477300762191,0.199767531073016,0.215514153932398,0.158907917931397
0.332162837318413,0.396502232423935,0.506818723000413,0.576757642904337,0.669484727079025,0.732402394984648,0.765506004701384,0.82066458194583,0.866684566092309,0.90044515468712,0.939470283035523,0.976789545912795,1,0.973803791090598,0.940762044944522,0.91120486312692,0.86882557943078,0.835445796178276,0.798864773562123,0.763308792470974,0.733612890385754,0.703130841189874,0.654689691542679,0.603524429300416,0.552580886882471,0.47890871771529,0.40064470358692,0.314354751295775,0.22319634053371,0.213674969851532,0.233627196345356,0.166962739421739
0.298830928285771,0.359215380051211,0.458094935761837,0.521943796087484,0.614323129105928,0.678831003712866,0.717996447170076,0.779286231106855,0.82684058600901,0.859357460409503,0.903065558361902,0.943512588686057,0.973803791090598,1,0.974896892192926,0.945975323160791,0.90653386149703,0.872457239624634,0.837179026261269,0.803568490899444,0.775531189246913,0.748611185921436,0.69823521286941,0.647484527240408,0.59758409552113,0.518712283805626,0.431548656624341,0.328275139232177,0.226080894116838,0.215417305223116,0.236574447246526,0.173498851462403
0.264595278777738,0.3083883700431,0.403174147976542,0.473760667195433,0.564977125764583,0.629444021530638,0.670146481890869,0.733747264657175,0.781204410293998,0.815258506051744,0.863116771365844,0.908139860897435,0.940762044944522,0.974896892192926,1,0.977506813033661,0.945030968912705,0.909711349788635,0.880894127296617,0.849514897498863,0.821067353825666,0.794131453380714,0.748159360834361,0.699851474542134,0.652643003342647,0.57582765336995,0.484135056649694,0.375995565919245,0.255900036782412,0.248445382236585,0.254812749465764,0.178885665022407
0.239007829794136,0.283071427198455,0.372437282183076,0.440409457971811,0.528745969702663,0.596133397715755,0.635633307166816,0.700661548708411,0.751314867661824,0.78713003844964,0.833506217108699,0.875939631627164,0.91120486312692,0.945975323160791,0.977506813033661,1,0.97671063022566,0.943231325187082,0.916236411697361,0.885281733895567,0.858040468589115,0.833518700418922,0.788613347666867,0.743323706572788,0.699258790061161,0.618978434248339,0.52545042906261,0.407963830801033,0.278206819420457,0.264239740139157,0.263077111011368,0.182141716689296
0.206550055490512,0.233146501201515,0.313178896783651,0.383791690665799,0.473067443959618,0.544664337753129,0.590608899682907,0.654778122353356,0.706537092558198,0.744628249531889,0.792675870991614,0.835011920738533,0.86882557943078,0.90653386149703,0.945030968912705,0.97671063022566,1,0.975608137773821,0.948781367252752,0.920563051496324,0.895481012293491,0.871029638320781,0.829002616079403,0.789593841745753,0.74920832576664,0.666878005942296,0.570689747402216,0.443953899916311,0.299623224831028,0.286262095044508,0.282463643306432,0.190310099984834
0.168382893636847,0.171378814112843,0.25690175642591,0.330665237898713,0.424545016388788,0.497921375312975,0.547664691797713,0.617615657976333,0.67146917802738,0.709193657344082,0.756488447162822,0.798771688739215,0.835445796178276,0.872457239624634,0.909711349788635,0.943231325187082,0.975608137773821,1,0.977214358931465,0.949486677795631,0.929092584353775,0.905384851794113,0.868919948321433,0.831962551609295,0.796009822197275,0.711625624740683,0.612598726583176,0.47458020378543,0.3231895560376,0.301315699421997,0.290803844071792,0.204047196397517
0.130894320573169,0.113517682128113,0.202530754867619,0.278013846422195,0.372925275221887,0.445129728607403,0.502054278203907,0.570999583200287,0.62522469252738,0.663256800679639,0.714808426495774,0.760358858916747,0.798864773562123,0.837179026261269,0.880894127296617,0.916236411697361,0.948781367252752,0.977214358931465,1,0.980281323673667,0.958340007739144,0.93416104248123,0.900771158250142,0.866240445722872,0.835586243971994,0.758091344209865,0.659379831062213,0.518800406563854,0.351691931646749,0.330977814818368,0.308362660392581,0.222749396209992
0.108493337545843,0.0883245875012711,0.167630812194444,0.237324314433464,0.333096091175384,0.40279523032796,0.459103849554121,0.53217365957561,0.584210433285569,0.619516496207828,0.673063416326473,0.723064085012384,0.763308792470974,0.803568490899444,0.849514897498863,0.885281733895567,0.920563051496324,0.949486677795631,0.980281323673667,1,0.981006614474164,0.957131212361111,0.925507666570842,0.891327287568745,0.860648600649495,0.791530451037731,0.696132235606882,0.552308917775374,0.36989936722095,0.349662401443836,0.327406801805542,0.236356133171082
0.0897056226772039,0.0676272872575314,0.143294455300191,0.21420806759966,0.309238461117336,0.373710077329628,0.429096606130179,0.500587321647592,0.553169581621987,0.587347986122148,0.639701862132217,0.691844799589991,0.733612890385754,0.775531189246913,0.821067353825666,0.858040468589115,0.895481012293491,0.929092584353775,0.958340007739144,0.981006614474164,1,0.979481132790605,0.949146610259358,0.916679904311559,0.883467414974523,0.814690710871576,0.721414745384376,0.578229329689569,0.40546704777172,0.376463685672201,0.345180429126326,0.241314903901672
0.0653984935384836,0.048608976836987,0.11758502892931,0.187503100432268,0.282066017386259,0.347750278785507,0.402739104147135,0.473008243141408,0.525802445093471,0.558180256403301,0.605553554092367,0.660261421934527,0.703130841189874,0.748611185921436,0.794131453380714,0.833518700418922,0.871029638320781,0.905384851794113,0.93416104248123,0.957131212361111,0.979481132790605,1,0.975540255025824,0.94453535561792,0.908849269128143,0.840653315258298,0.748117856417904,0.597753198093745,0.420336472163587,0.391114435685898,0.357245119152336,0.264691267560263
0.0211696671010141,0.0150242606536573,0.0776429200269045,0.147770161294605,0.23617220748729,0.301879365643202,0.355610882975601,0.42276230296042,0.472686244617964,0.505641936124597,0.552652885160871,0.610139162123775,0.654689691542679,0.69823521286941,0.748159360834361,0.788613347666867,0.829002616079403,0.868919948321433,0.900771158250142,0.925507666570842,0.949146610259358,0.975540255025824,1,0.971375331130992,0.939143489494306,0.87773248992203,0.784408543847641,0.635665037651277,0.438677989396477,0.423431746152802,0.382079361589276,0.286807167027379
-0.0213063971378702,-0.0153898225192546,0.0462008425656159,0.110780820331168,0.189994494625866,0.25862725827107,0.313787344114148,0.380491235074586,0.423476252727822,0.453286610940369,0.500446901092818,0.558163133286473,0.603524429300416,0.647484527240408,0.699851474542134,0.743323706572788,0.789593841745753,0.831962551609295,0.866240445722872,0.891327287568745,0.916679904311559,0.94453535561792,0.971375331130992,1,0.973663918500419,0.912334571692122,0.824750916283653,0.67235409091791,0.483264402682819,0.466599991139639,0.399276991625766,0.316556083707307
-0.0584497144563849,-0.0550788617746527,-0.00404490417185395,0.0577810809545361,0.139053355393456,0.206376623248519,0.262784520887645,0.328153252169303,0.366765071337809,0.397544226346934,0.442797089239245,0.503515759992376,0.552580886882471,0.59758409552113,0.652643003342647,0.699258790061161,0.74920832576664,0.796009822197275,0.835586243971994,0.860648600649495,0.883467414974523,0.908849269128143,0.939143489494306,0.973663918500419,1,0.947874549324151,0.861743593619405,0.707240600858647,0.51061501784821,0.485577036219352,0.404356131083763,0.341319402205177
-0.0790597247852555,-0.0709844702889783,-0.0315623612716989,0.0246228532458715,0.0959256885699157,0.154015369571238,0.201750028223184,0.264687287358464,0.297636037806855,0.321383655270091,0.364730414819409,0.4313766678,0.47890871771529,0.518712283805626,0.57582765336995,0.618978434248339,0.666878005942296,0.711625624740683,0.758091344209865,0.791530451037731,0.814690710871576,0.840653315258298,0.87773248992203,0.912334571692122,0.947874549324151,1,0.950527897622805,0.838762376679688,0.614809302774779,0.611858951235334,0.496158303843413,0.383500233558132
-0.0761409435109189,-0.0837262131254163,-0.0512984908225146,-0.0238548510650837,0.0466160192633615,0.10349493824875,0.145368267772404,0.202640614060003,0.232704259329,0.253317702024299,0.289227310806903,0.359491941188052,0.40064470358692,0.431548656624341,0.484135056649694,0.52545042906261,0.570689747402216,0.612598726583176,0.659379831062213,0.696132235606882,0.721414745384376,0.748117856417904,0.784408543847641,0.824750916283653,0.861743593619405,0.950527897622805,1,0.931736542894842,0.698933933508109,0.70206981052173,0.564316331881938,0.391277327006754
-0.0389139953989384,-0.0363716059274674,-0.0108486231351297,-0.00533763019878453,0.0479892539932714,0.0874892606777954,0.112197133935425,0.157309639783794,0.176944214987845,0.189355703717939,0.218148745418751,0.284508930966272,0.314354751295775,0.328275139232177,0.375995565919245,0.407963830801033,0.443953899916311,0.47458020378543,0.518800406563854,0.552308917775374,0.578229329689569,0.597753198093745,0.635665037651277,0.67235409091791,0.707240600858647,0.838762376679688,0.931736542894842,1,0.808620936069133,0.824458372669284,0.612331287034376,0.434711183478173
0.0102692977278141,0.00804561647623125,0.0229236675377231,0.0159589465936065,0.0485851117175174,0.0838645335956743,0.0942914493555702,0.128509501585025,0.143966803137763,0.151416553643596,0.161241100819412,0.202477300762191,0.22319634053371,0.226080894116838,0.255900036782412,0.278206819420457,0.299623224831028,0.3231895560376,0.351691931646749,0.36989936722095,0.40546704777172,0.420336472163587,0.438677989396477,0.483264402682819,0.51061501784821,0.614809302774779,0.698933933508109,0.808620936069133,1,0.884982254207869,0.584486206428915,0.483204540547203
0.0506202799398549,0.0443607343930034,0.0528313092539072,0.0417333866319306,0.066921215539391,0.0942336451079256,0.104206331470981,0.134452025104721,0.141077544448455,0.146737924169399,0.160722443521835,0.199767531073016,0.213674969851532,0.215417305223116,0.248445382236585,0.264239740139157,0.286262095044508,0.301315699421997,0.330977814818368,0.349662401443836,0.376463685672201,0.391114435685898,0.423431746152802,0.466599991139639,0.485577036219352,0.611858951235334,0.70206981052173,0.824458372669284,0.884982254207869,1,0.748685951675635,0.504192714442543
0.136668958658473,0.089077951875909,0.0864713495922412,0.0626048257765853,0.0725071790425899,0.094677528016918,0.114865200993968,0.14470717765208,0.161551019356239,0.167614721391259,0.187851275244817,0.215514153932398,0.233627196345356,0.236574447246526,0.254812749465764,0.263077111011368,0.282463643306432,0.290803844071792,0.308362660392581,0.327406801805542,0.345180429126326,0.357245119152336,0.382079361589276,0.399276991625766,0.404356131083763,0.496158303843413,0.564316331881938,0.612331287034376,0.584486206428915,0.748685951675635,1,0.46749153185204
0.132061155415325,0.121937847263736,0.1207192490018,0.104829576496621,0.110341353185695,0.125054268671682,0.134743153600041,0.151334967355168,0.145260117735229,0.136717585964689,0.13589403491999,0.158907917931397,0.166962739421739,0.173498851462403,0.178885665022407,0.182141716689296,0.190310099984834,0.204047196397517,0.222749396209992,0.236356133171082,0.241314903901672,0.264691267560263,0.286807167027379,0.316556083707307,0.341319402205177,0.383500233558132,0.391277327006754,0.434711183478173,0.483204540547203,0.504192714442543,0.46749153185204,1
