1,0.817671273739995,0.741761421612582,0.678443852173888,0.644476381719076,0.606303560253544,0.571351424694776,0.546812045979159,0.519943121894168,0.493813010802893,0.468121643258349,0.44376665741404,0.419733025016067,0.399864699672977,0.371275615534622,0.349898314813256,0.331393938076342,0.312439864889504,0.294304076335025,0.279365811976618,0.266390745204707,0.253087763585344,0.229234264809292,0.208532916491691,0.185713670075877,0.155572332107925,0.131849499854597,0.101857103363884,0.0754644978311069,0.0442624918754788,0.0366954724435768,0.0281971496040469
0.817671273739995,1,0.95459857473614,0.9171793773815,0.891903549516917,0.864712814453017,0.842138385184353,0.822315635967791,0.801555206499866,0.780084731723904,0.760319340720167,0.741306554811859,0.721695718911622,0.701300463301228,0.672699154844441,0.651614505900634,0.63478408316995,0.616251796792457,0.597014639562999,0.584661047301088,0.568270229449091,0.55187641551363,0.525202629707446,0.501862908723211,0.47480461064888,0.437999011916419,0.407095479452811,0.365421016026661,0.311060821244133,0.243595491195385,0.145279248255752,0.0140847788855197
0.741761421612582,0.95459857473614,1,0.975530060468055,0.958251776194166,0.940073733276237,0.922861431197798,0.906515093669472,0.888511369932353,0.873633734180876,0.855914110326841,0.839299411437439,0.823245706731466,0.805334319245399,0.779486715706603,0.760840791696457,0.74619044288102,0.730523492906366,0.713002977823489,0.699896412961954,0.68311552704634,0.666232810378469,0.642411292873506,0.618322536478025,0.588408377952702,0.549702815985303,0.520158440586979,0.472625382832044,0.410532548424331,0.327702526742564,0.19353029104505,0.00853990732786875
0.678443852173888,0.9171793773815,0.975530060468055,1,0.986316830957841,0.972113843169083,0.959365160592832,0.947047176293714,0.934509306824686,0.923122813610649,0.908653670083298,0.895483428104682,0.881438637880465,0.866293804182945,0.843802212642511,0.827100746174309,0.812998285179504,0.798980019738097,0.782683275417527,0.769436956132614,0.752924475375698,0.736950322703854,0.714473948037456,0.691925043885164,0.664088886141196,0.625625763094163,0.595719647327452,0.547084830220145,0.480737495726992,0.390613362636026,0.224230652045588,0.00431315551884349
0.644476381719076,0.891903549516917,0.958251776194166,0.986316830957841,1,0.989122802027922,0.979337790748467,0.96875460410744,0.957920942098235,0.948124827252893,0.935669335940479,0.923373131964539,0.910649222562452,0.896348802806661,0.874398869060594,0.857970072632198,0.844210510780143,0.830605353802852,0.814975292737169,0.803037594831399,0.787396507784963,0.771583126121156,0.750443545338253,0.728568938355545,0.701264299699432,0.664024942947655,0.634358981268858,0.58431869230006,0.517082217618667,0.422097492854069,0.241331930818092,0.00390225237967353
0.606303560253544,0.864712814453017,0.940073733276237,0.972113843169083,0.989122802027922,1,0.992201935672354,0.983706795896301,0.974124277685647,0.966231255168717,0.954300717244642,0.942456527412948,0.930994151993891,0.917100034426534,0.897246010879959,0.881686555524002,0.869409964999561,0.856385994305673,0.84149173487229,0.830800683485831,0.816080563235977,0.800196703247778,0.78023630588076,0.758771023868663,0.73272740233896,0.695560576484717,0.665881215160475,0.616491730534831,0.547406313053515,0.450200162849003,0.260499883595213,0.00720049878552629
0.571351424694776,0.842138385184353,0.922861431197798,0.959365160592832,0.979337790748467,0.992201935672354,1,0.99353935422899,0.985875607918787,0.979166357388374,0.968296459946499,0.95852307382204,0.948493017971185,0.935726896164787,0.917074866519797,0.901932085654295,0.890461187058961,0.878519725141681,0.864010103600951,0.854069066314466,0.84050234373299,0.825749570010622,0.807124304561142,0.787315387833922,0.762049504981408,0.72708527065833,0.699102885227813,0.650613598447588,0.582305193684226,0.482703049862333,0.283866678009463,0.0111593602414001
0.546812045979159,0.822315635967791,0.906515093669472,0.947047176293714,0.96875460410744,0.983706795896301,0.99353935422899,1,0.994815129796808,0.988328830857954,0.978777256157073,0.970057958571189,0.960427996974793,0.94918930374565,0.93217215917984,0.917904120609598,0.906875815571289,0.895563852886957,0.881876161359487,0.872558398309649,0.860219449863043,0.846278996526675,0.828145656915169,0.809176773776741,0.785531926788211,0.752049680173816,0.725111095754407,0.677828777251202,0.610111568050556,0.509395988770729,0.301008387495163,0.00435457287261097
0.519943121894168,0.801555206499866,0.888511369932353,0.934509306824686,0.957920942098235,0.974124277685647,0.985875607918787,0.994815129796808,1,0.994681179987408,0.986495517098416,0.978901015870463,0.969648634400442,0.959487047487677,0.944672617997515,0.931027667468577,0.91982989613834,0.908728560018104,0.896185736580082,0.887144072687027,0.87498147185609,0.861649142868574,0.843919577352555,0.825745744802871,0.803160583262555,0.769923036099312,0.743739324370944,0.697180284310265,0.629726259308075,0.526555487617519,0.311775976376938,-0.0062980056277223
0.493813010802893,0.780084731723904,0.873633734180876,0.923122813610649,0.948124827252893,0.966231255168717,0.979166357388374,0.988328830857954,0.994681179987408,1,0.994729568097525,0.987881437053402,0.979405750929715,0.969199755288804,0.955354199844855,0.94246943627969,0.932671249479715,0.92281681577733,0.911338126093203,0.902896894137696,0.891262126494867,0.879012113923113,0.862809444893137,0.845203798863807,0.823521341388373,0.791164339157035,0.766189820828443,0.719849090874535,0.652126461482708,0.54956067601783,0.330064834028751,-0.00451253378750214
0.468121643258349,0.760319340720167,0.855914110326841,0.908653670083298,0.935669335940479,0.954300717244642,0.968296459946499,0.978777256157073,0.986495517098416,0.994729568097525,1,0.995093336919664,0.987913691227405,0.979089391932197,0.966775127839714,0.954413048507851,0.94577679270105,0.936794909775267,0.925662355937236,0.91809836540075,0.907671392465871,0.896003235938847,0.880942277853899,0.864207012165872,0.844136416171734,0.812200502294265,0.788128512378487,0.743408542156017,0.675002051841551,0.571973415557762,0.347651324425763,0.000779567254607568
0.44376665741404,0.741306554811859,0.839299411437439,0.895483428104682,0.923373131964539,0.942456527412948,0.95852307382204,0.970057958571189,0.978901015870463,0.987881437053402,0.995093336919664,1,0.995114250684521,0.98731197391701,0.976410622739353,0.965275092222157,0.957109399195694,0.948817656197856,0.937963551866032,0.931093791073801,0.92143540586801,0.910414103925888,0.896769055327842,0.881316926873157,0.862172764398398,0.832303285050489,0.808798600926311,0.765609418262919,0.699115372990243,0.59512154904323,0.368773585492907,-0.00127660420707665
0.419733025016067,0.721695718911622,0.823245706731466,0.881438637880465,0.910649222562452,0.930994151993891,0.948493017971185,0.960427996974793,0.969648634400442,0.979405750929715,0.987913691227405,0.995114250684521,1,0.994940891686485,0.985984945074033,0.976279212748412,0.968910844576761,0.960924969241641,0.950910762656725,0.944109278540164,0.935115471327324,0.9245813258638,0.912193912220486,0.897798896260655,0.87958594719789,0.851382996612112,0.828485888879238,0.787029327447371,0.722823880585122,0.622941492977005,0.395232118339516,0.00546941309749063
0.399864699672977,0.701300463301228,0.805334319245399,0.866293804182945,0.896348802806661,0.917100034426534,0.935726896164787,0.94918930374565,0.959487047487677,0.969199755288804,0.979089391932197,0.98731197391701,0.994940891686485,1,0.994738722297154,0.98741332574901,0.980576068045721,0.973093713023659,0.964000858319827,0.957091943653085,0.948739442886042,0.938785884393921,0.927570475574022,0.914013611305029,0.897192472697712,0.870556480369456,0.849629798393362,0.809711750952458,0.748167807787908,0.650087604060923,0.422839408312012,0.00479253342763518
0.371275615534622,0.672699154844441,0.779486715706603,0.843802212642511,0.874398869060594,0.897246010879959,0.917074866519797,0.93217215917984,0.944672617997515,0.955354199844855,0.966775127839714,0.976410622739353,0.985984945074033,0.994738722297154,1,0.995742029553308,0.989622652524517,0.982430132544727,0.974104185728233,0.968010745421727,0.960503566215348,0.950722343262089,0.940311076746713,0.928186970611856,0.912294389913996,0.886436242424514,0.866502764320923,0.828754422091302,0.769163005906489,0.673064475162351,0.443788325860243,0.00709452249616934
0.349898314813256,0.651614505900634,0.760840791696457,0.827100746174309,0.857970072632198,0.881686555524002,0.901932085654295,0.917904120609598,0.931027667468577,0.94246943627969,0.954413048507851,0.965275092222157,0.976279212748412,0.98741332574901,0.995742029553308,1,0.995809695616266,0.989659875797144,0.982322535448803,0.976043319819812,0.968874524778288,0.959496692706131,0.949614136708684,0.937867324820042,0.922619768149892,0.897810216553151,0.878294393164815,0.841955101916856,0.783817727959751,0.689587832727765,0.458337954569127,0.0127893517423679
0.331393938076342,0.63478408316995,0.74619044288102,0.812998285179504,0.844210510780143,0.869409964999561,0.890461187058961,0.906875815571289,0.91982989613834,0.932671249479715,0.94577679270105,0.957109399195694,0.968910844576761,0.980576068045721,0.989622652524517,0.995809695616266,1,0.995966415189437,0.990282171245961,0.984608248255511,0.978257457538569,0.969856362588265,0.960702341775002,0.949318353468523,0.935234583887341,0.913017412675552,0.893746113348093,0.859101547859648,0.802177145610373,0.709391782324849,0.475461961904996,0.0253897099722846
0.312439864889504,0.616251796792457,0.730523492906366,0.798980019738097,0.830605353802852,0.856385994305673,0.878519725141681,0.895563852886957,0.908728560018104,0.92281681577733,0.936794909775267,0.948817656197856,0.960924969241641,0.973093713023659,0.982430132544727,0.989659875797144,0.995966415189437,1,0.996156731161009,0.991055081888822,0.985697550990149,0.978248170724436,0.969963711195815,0.959619180454047,0.946954946938131,0.926179712835196,0.90786607529172,0.874714191726207,0.819583370170397,0.728086675195768,0.491603011545235,0.0359574817913003
0.294304076335025,0.597014639562999,0.713002977823489,0.782683275417527,0.814975292737169,0.84149173487229,0.864010103600951,0.881876161359487,0.896185736580082,0.911338126093203,0.925662355937236,0.937963551866032,0.950910762656725,0.964000858319827,0.974104185728233,0.982322535448803,0.990282171245961,0.996156731161009,1,0.996250768245749,0.991453354477746,0.984961488241221,0.977440004484113,0.967800747092205,0.956405335185379,0.93684703415098,0.919737271538604,0.887796846863196,0.834987761019743,0.744668815596517,0.509770848451917,0.0406579584701937
0.279365811976618,0.584661047301088,0.699896412961954,0.769436956132614,0.803037594831399,0.830800683485831,0.854069066314466,0.872558398309649,0.887144072687027,0.902896894137696,0.91809836540075,0.931093791073801,0.944109278540164,0.957091943653085,0.968010745421727,0.976043319819812,0.984608248255511,0.991055081888822,0.996250768245749,1,0.996186057589708,0.990527005385564,0.983624112392573,0.975222420785733,0.964832118232621,0.946280497320012,0.930037741236757,0.899674470078161,0.848340284892156,0.759870257325746,0.521009901850908,0.0444959361725565
0.266390745204707,0.568270229449091,0.68311552704634,0.752924475375698,0.787396507784963,0.816080563235977,0.84050234373299,0.860219449863043,0.87498147185609,0.891262126494867,0.907671392465871,0.92143540586801,0.935115471327324,0.948739442886042,0.960503566215348,0.968874524778288,0.978257457538569,0.985697550990149,0.991453354477746,0.996186057589708,1,0.9959872825923,0.989900461633693,0.982827603384535,0.973202203871632,0.956279060059128,0.940666608831976,0.912904970475732,0.863760608553398,0.778760695182762,0.539194975570574,0.0454151801102848
0.253087763585344,0.55187641551363,0.666232810378469,0.736950322703854,0.771583126121156,0.800196703247778,0.825749570010622,0.846278996526675,0.861649142868574,0.879012113923113,0.896003235938847,0.910414103925888,0.9245813258638,0.938785884393921,0.950722343262089,0.959496692706131,0.969856362588265,0.978248170724436,0.984961488241221,0.990527005385564,0.9959872825923,1,0.995449109084052,0.989494568481642,0.981230740000356,0.966413398806492,0.952009105060184,0.926954548608894,0.87890022828958,0.79691868476922,0.552431663817524,0.0486071111580817
0.229234264809292,0.525202629707446,0.642411292873506,0.714473948037456,0.750443545338253,0.78023630588076,0.807124304561142,0.828145656915169,0.843919577352555,0.862809444893137,0.880942277853899,0.896769055327842,0.912193912220486,0.927570475574022,0.940311076746713,0.949614136708684,0.960702341775002,0.969963711195815,0.977440004484113,0.983624112392573,0.989900461633693,0.995449109084052,1,0.995614833984659,0.988453070386429,0.976349651351323,0.963588319352005,0.940584657646448,0.896105003923025,0.817765514897912,0.571440685575775,0.0595842562756889
0.208532916491691,0.501862908723211,0.618322536478025,0.691925043885164,0.728568938355545,0.758771023868663,0.787315387833922,0.809176773776741,0.825745744802871,0.845203798863807,0.864207012165872,0.881316926873157,0.897798896260655,0.914013611305029,0.928186970611856,0.937867324820042,0.949318353468523,0.959619180454047,0.967800747092205,0.975222420785733,0.982827603384535,0.989494568481642,0.995614833984659,1,0.994516454670851,0.984797233910207,0.9738337041215,0.952736100985721,0.91223880082724,0.835914795265605,0.591095322079449,0.0676093071454448
0.185713670075877,0.47480461064888,0.588408377952702,0.664088886141196,0.701264299699432,0.73272740233896,0.762049504981408,0.785531926788211,0.803160583262555,0.823521341388373,0.844136416171734,0.862172764398398,0.87958594719789,0.897192472697712,0.912294389913996,0.922619768149892,0.935234583887341,0.946954946938131,0.956405335185379,0.964832118232621,0.973202203871632,0.981230740000356,0.988453070386429,0.994516454670851,1,0.992481409661437,0.983456631459581,0.965610802526005,0.927752273379726,0.856615071758288,0.615742731869794,0.0733365184958976
0.155572332107925,0.437999011916419,0.549702815985303,0.625625763094163,0.664024942947655,0.695560576484717,0.72708527065833,0.752049680173816,0.769923036099312,0.791164339157035,0.812200502294265,0.832303285050489,0.851382996612112,0.870556480369456,0.886436242424514,0.897810216553151,0.913017412675552,0.926179712835196,0.93684703415098,0.946280497320012,0.956279060059128,0.966413398806492,0.976349651351323,0.984797233910207,0.992481409661437,1,0.992991256947952,0.977965487183142,0.945218584086264,0.882148995225846,0.638680710734487,0.0861378431325327
0.131849499854597,0.407095479452811,0.520158440586979,0.595719647327452,0.634358981268858,0.665881215160475,0.699102885227813,0.725111095754407,0.743739324370944,0.766189820828443,0.788128512378487,0.808798600926311,0.828485888879238,0.849629798393362,0.866502764320923,0.878294393164815,0.893746113348093,0.90786607529172,0.919737271538604,0.930037741236757,0.940666608831976,0.952009105060184,0.963588319352005,0.9738337041215,0.983456631459581,0.992991256947952,1,0.988835039958661,0.960840429216013,0.89877168805982,0.658026456901091,0.0915927270197988
0.101857103363884,0.365421016026661,0.472625382832044,0.547084830220145,0.58431869230006,0.616491730534831,0.650613598447588,0.677828777251202,0.697180284310265,0.719849090874535,0.743408542156017,0.765609418262919,0.787029327447371,0.809711750952458,0.828754422091302,0.841955101916856,0.859101547859648,0.874714191726207,0.887796846863196,0.899674470078161,0.912904970475732,0.926954548608894,0.940584657646448,0.952736100985721,0.965610802526005,0.977965487183142,0.988835039958661,1,0.977319367321791,0.925488627284523,0.691411301953086,0.106186685727861
0.0754644978311069,0.311060821244133,0.410532548424331,0.480737495726992,0.517082217618667,0.547406313053515,0.582305193684226,0.610111568050556,0.629726259308075,0.652126461482708,0.675002051841551,0.699115372990243,0.722823880585122,0.748167807787908,0.769163005906489,0.783817727959751,0.802177145610373,0.819583370170397,0.834987761019743,0.848340284892156,0.863760608553398,0.87890022828958,0.896105003923025,0.91223880082724,0.927752273379726,0.945218584086264,0.960840429216013,0.977319367321791,1,0.958550566848735,0.74734023668632,0.127815795779693
0.0442624918754788,0.243595491195385,0.327702526742564,0.390613362636026,0.422097492854069,0.450200162849003,0.482703049862333,0.509395988770729,0.526555487617519,0.54956067601783,0.571973415557762,0.59512154904323,0.622941492977005,0.650087604060923,0.673064475162351,0.689587832727765,0.709391782324849,0.728086675195768,0.744668815596517,0.759870257325746,0.778760695182762,0.79691868476922,0.817765514897912,0.835914795265605,0.856615071758288,0.882148995225846,0.89877168805982,0.925488627284523,0.958550566848735,1,0.813002690300866,0.188579130359078
0.0366954724435768,0.145279248255752,0.19353029104505,0.224230652045588,0.241331930818092,0.260499883595213,0.283866678009463,0.301008387495163,0.311775976376938,0.330064834028751,0.347651324425763,0.368773585492907,0.395232118339516,0.422839408312012,0.443788325860243,0.458337954569127,0.475461961904996,0.491603011545235,0.509770848451917,0.521009901850908,0.539194975570574,0.552431663817524,0.571440685575775,0.591095322079449,0.615742731869794,0.638680710734487,0.658026456901091,0.691411301953086,0.74734023668632,0.813002690300866,1,0.280276763554631
0.0281971496040469,0.0140847788855197,0.00853990732786875,0.00431315551884349,0.00390225237967353,0.00720049878552629,0.0111593602414001,0.00435457287261097,-0.0062980056277223,-0.00451253378750214,0.000779567254607568,-0.00127660420707665,0.00546941309749063,0.00479253342763518,0.00709452249616934,0.0127893517423679,0.0253897099722846,0.0359574817913003,0.0406579584701937,0.0444959361725565,0.0454151801102848,0.0486071111580817,0.0595842562756889,0.0676093071454448,0.0733365184958976,0.0861378431325327,0.0915927270197988,0.106186685727861,0.127815795779693,0.188579130359078,0.280276763554631,1
