1,0.861390101762282,0.813178950811064,0.777785960131788,0.745076825496953,0.707832955690023,0.660272109391997,0.628826270411405,0.591607626498964,0.552442485226779,0.52702958743447,0.491648197902605,0.456467259625445,0.421732347613983,0.375695350404632,0.344479398607692,0.319081725600947,0.283383222740696,0.254686216006367,0.226875952243914,0.194781237058342,0.17063648027681,0.134447550565774,0.0964590302854762,0.0662690389524707,0.0343674505578961,-0.0114452363934924,-0.0597107658301294,-0.113695213684543,-0.107681544789116,-0.11172010525725,-0.067411470652906
0.861390101762282,1,0.953384838797019,0.913653196917342,0.890209267892465,0.852301497940516,0.819120846744411,0.791238654807439,0.756616168490333,0.717937578303859,0.689819635780773,0.657524564873766,0.617571329222028,0.585491659719233,0.54087697185999,0.508307386358788,0.483701268875161,0.445952352755461,0.413999423196034,0.381968719949333,0.34938943170594,0.326135892581825,0.287773824234972,0.248428256821138,0.21255624395397,0.173511179443352,0.126434896542614,0.0665846705371146,-0.0148717487546506,-0.0602982623813427,-0.0965277591762109,-0.0625652449833647
0.813178950811064,0.953384838797019,1,0.967716085164096,0.9435052195479,0.910872434119513,0.881074266797062,0.852965902676439,0.819504401231143,0.783622059262965,0.757683314121216,0.728344416414909,0.692292984382733,0.662790192511433,0.619770957028319,0.588062965082529,0.563592820722287,0.526605441345502,0.49502744306724,0.462543136664643,0.430810129364159,0.408961109792945,0.370724779952809,0.332035890358258,0.297040034682529,0.255012052506144,0.208001080360406,0.14469922154759,0.0481359596425987,-0.0185617411568618,-0.069519029578172,-0.0231087324162202
0.777785960131788,0.913653196917342,0.967716085164096,1,0.984102985316935,0.960196787931517,0.937035800550808,0.914411178531046,0.887954204441063,0.86063162690411,0.839597353280476,0.813979634399636,0.782771414184425,0.753194953956585,0.713323832249348,0.683152192249449,0.658686036416072,0.624082317263826,0.594775094321305,0.562988566119174,0.533684576295792,0.511468247381689,0.476066029683568,0.434687120269397,0.399898781097839,0.358210929441962,0.302678360172544,0.226754034618253,0.110003412735531,0.0215100868113919,-0.0509398965894311,-0.0010713022485684
0.745076825496953,0.890209267892465,0.9435052195479,0.984102985316935,1,0.985199288006176,0.963644442042746,0.944253521751162,0.92148721567699,0.897271196524906,0.876893965822098,0.852552402081461,0.821711216063527,0.792920959337991,0.754789978389904,0.72515824176054,0.701760353838183,0.668784635358989,0.641007182941685,0.610589413578374,0.581874164501458,0.560015131831518,0.525753109757995,0.48265967111176,0.447413632080353,0.405213714184266,0.346818555252395,0.266709448998736,0.142750956002596,0.0450546167540228,-0.0250021971314381,0.0175752236192376
0.707832955690023,0.852301497940516,0.910872434119513,0.960196787931517,0.985199288006176,1,0.986506927488865,0.971163639582925,0.952069542312356,0.931933158292427,0.913768524759388,0.892324776768308,0.862772084673807,0.837569391576706,0.803131488499557,0.77542527900518,0.752618238779718,0.723452597816418,0.697163991728506,0.668162153212334,0.642854299571712,0.621808984768447,0.589002111435587,0.545957937791093,0.509747754320244,0.466242896818727,0.404438214565234,0.319129148328778,0.187834746955494,0.0702884556732782,0.00239796934381413,0.0480147887992012
0.660272109391997,0.819120846744411,0.881074266797062,0.937035800550808,0.963644442042746,0.986506927488865,1,0.989877068598888,0.974920470860503,0.958559004802451,0.942832216735857,0.922719208799339,0.898476094082943,0.87678072593224,0.847762144899479,0.822955342571936,0.801986907065772,0.775233580509901,0.750399637924993,0.721816099834055,0.698956648189296,0.679168475743866,0.648525496475915,0.608543674240125,0.574145295635552,0.530549978423937,0.470221719887006,0.382174279087081,0.247771311701633,0.114992564652699,0.0372974773392062,0.076205778242483
0.628826270411405,0.791238654807439,0.852965902676439,0.914411178531046,0.944253521751162,0.971163639582925,0.989877068598888,1,0.989862621561977,0.976179378578747,0.962772975681481,0.944930605496534,0.923059537074328,0.902591970806613,0.876266650653739,0.853200739085598,0.834221494037386,0.809479596445255,0.785054593638788,0.759018502998479,0.737953584822307,0.718881930387967,0.68974272530319,0.651394209777139,0.617183386880224,0.573987801820018,0.512231726871151,0.422978713980433,0.284689926489712,0.137502590880464,0.0553322599707014,0.0885445979189932
0.591607626498964,0.756616168490333,0.819504401231143,0.887954204441063,0.92148721567699,0.952069542312356,0.974920470860503,0.989862621561977,1,0.992402511467397,0.982077545449601,0.968006057889156,0.949802461824824,0.931654025724017,0.909016418241231,0.888748981225143,0.871906547269734,0.849258012229241,0.826801398254763,0.803291612357048,0.783695454253212,0.764994439785878,0.737301400106952,0.698908326052708,0.66587921465921,0.622805638247831,0.55859905576828,0.464797801324436,0.316871081501366,0.15768022338774,0.0685296099162961,0.0962731721209918
0.552442485226779,0.717937578303859,0.783622059262965,0.86063162690411,0.897271196524906,0.931933158292427,0.958559004802451,0.976179378578747,0.992402511467397,1,0.994399558125252,0.983340750208913,0.968795062418648,0.953592433014111,0.934544416753676,0.916382990599149,0.900955306151323,0.879525630364022,0.860158584129541,0.838615149523072,0.821400961603225,0.804565623525151,0.778561990628667,0.741023377043472,0.709875019687645,0.667960741086571,0.602684278077077,0.510109875916652,0.361358236909818,0.195564764237655,0.0984061395036699,0.117756934475712
0.52702958743447,0.689819635780773,0.757683314121216,0.839597353280476,0.876893965822098,0.913768524759388,0.942832216735857,0.962772975681481,0.982077545449601,0.994399558125252,1,0.992716257078376,0.981189108079572,0.968003679487682,0.950556713593501,0.9342109918573,0.92027302702459,0.900344287001448,0.881995708805988,0.861921134045316,0.845689730382919,0.82961534574683,0.804747847330398,0.768917902500745,0.738902617152457,0.69866545292538,0.633834014627966,0.539220012175601,0.386178763599347,0.213664996056811,0.11386124548324,0.135184313890375
0.491648197902605,0.657524564873766,0.728344416414909,0.813979634399636,0.852552402081461,0.892324776768308,0.922719208799339,0.944930605496534,0.968006057889156,0.983340750208913,0.992716257078376,1,0.992037223758128,0.980966102658815,0.966069578124594,0.952506822248241,0.939976135065435,0.923088131031037,0.906519169079623,0.888052379083381,0.872538734023444,0.858079760774696,0.834976959971438,0.801929461387033,0.772924942526787,0.73379169769295,0.670940214570327,0.575893623882765,0.419318771419043,0.234139639898175,0.127657453576072,0.147566175825877
0.456467259625445,0.617571329222028,0.692292984382733,0.782771414184425,0.821711216063527,0.862772084673807,0.898476094082943,0.923059537074328,0.949802461824824,0.968795062418648,0.981189108079572,0.992037223758128,1,0.993241351942184,0.983142581776322,0.971486640153785,0.961325555200731,0.946012273793199,0.93181793913859,0.91541395201397,0.9012543970985,0.888759729786436,0.867663260975302,0.836520822353535,0.811242665212016,0.772821835405708,0.7124487229694,0.615012382168182,0.455640864092339,0.259209885113498,0.144665900102858,0.158650935431908
0.421732347613983,0.585491659719233,0.662790192511433,0.753194953956585,0.792920959337991,0.837569391576706,0.87678072593224,0.902591970806613,0.931654025724017,0.953592433014111,0.968003679487682,0.980966102658815,0.993241351942184,1,0.994024714548077,0.983840104001603,0.975426054931273,0.962567183830738,0.950700672457825,0.936260443625932,0.923426837566485,0.912208450662034,0.891588076428656,0.863220094505245,0.839567553609537,0.803444034917839,0.744050984679421,0.647173450898303,0.491800489516977,0.287562859539076,0.164103876973101,0.17584059226802
0.375695350404632,0.54087697185999,0.619770957028319,0.713323832249348,0.754789978389904,0.803131488499557,0.847762144899479,0.876266650653739,0.909016418241231,0.934544416753676,0.950556713593501,0.966069578124594,0.983142581776322,0.994024714548077,1,0.99453558380897,0.988234976608745,0.977784244472926,0.967536623756876,0.954846450865491,0.944684085778588,0.935546093686577,0.918346726693978,0.89288173040566,0.872162948513301,0.83572858397456,0.779744672291134,0.684392483621942,0.523353498826434,0.305234904948155,0.179340356591711,0.188364640376181
0.344479398607692,0.508307386358788,0.588062965082529,0.683152192249449,0.72515824176054,0.77542527900518,0.822955342571936,0.853200739085598,0.888748981225143,0.916382990599149,0.9342109918573,0.952506822248241,0.971486640153785,0.983840104001603,0.99453558380897,1,0.995860475687859,0.9874132289335,0.978245932761793,0.966595816474788,0.958107453663954,0.949502101579156,0.934713078396248,0.911798282718663,0.89188978347191,0.856804142113835,0.803754302079445,0.710730965143535,0.546595365429093,0.320551863329853,0.190817439660577,0.200768511732207
0.319081725600947,0.483701268875161,0.563592820722287,0.658686036416072,0.701760353838183,0.752618238779718,0.801986907065772,0.834221494037386,0.871906547269734,0.900955306151323,0.92027302702459,0.939976135065435,0.961325555200731,0.975426054931273,0.988234976608745,0.995860475687859,1,0.994044897467095,0.986055520312741,0.975683662628979,0.968554002832054,0.960011240092488,0.945759164986289,0.925231791105149,0.906782684578955,0.872719740558264,0.821032250036334,0.72760408182921,0.561539362903616,0.33016016109804,0.203519286984994,0.210446854055255
0.283383222740696,0.445952352755461,0.526605441345502,0.624082317263826,0.668784635358989,0.723452597816418,0.775233580509901,0.809479596445255,0.849258012229241,0.879525630364022,0.900344287001448,0.923088131031037,0.946012273793199,0.962567183830738,0.977784244472926,0.9874132289335,0.994044897467095,1,0.994632648234721,0.986309460291663,0.979892656158971,0.972806504821212,0.959900054616121,0.940473805705046,0.92259442760645,0.889229895040242,0.838793182456391,0.745261812714113,0.577895820788732,0.337858782166162,0.213422539451451,0.22107080503773
0.254686216006367,0.413999423196034,0.49502744306724,0.594775094321305,0.641007182941685,0.697163991728506,0.750399637924993,0.785054593638788,0.826801398254763,0.860158584129541,0.881995708805988,0.906519169079623,0.93181793913859,0.950700672457825,0.967536623756876,0.978245932761793,0.986055520312741,0.994632648234721,1,0.994714332256162,0.988737779221184,0.983022359461824,0.972195709120041,0.95541364383739,0.939243332408123,0.909178125210862,0.860665837298285,0.770546102320527,0.60524260230141,0.361916902430796,0.237371057897224,0.240659779683627
0.226875952243914,0.381968719949333,0.462543136664643,0.562988566119174,0.610589413578374,0.668162153212334,0.721816099834055,0.759018502998479,0.803291612357048,0.838615149523072,0.861921134045316,0.888052379083381,0.91541395201397,0.936260443625932,0.954846450865491,0.966595816474788,0.975683662628979,0.986309460291663,0.994714332256162,1,0.994986489643763,0.989665681485477,0.979698048748921,0.964740114053892,0.949895566465794,0.920436357326133,0.872491409936083,0.78357133067665,0.619349337434602,0.371699213305578,0.252828673945719,0.250908412564607
0.194781237058342,0.34938943170594,0.430810129364159,0.533684576295792,0.581874164501458,0.642854299571712,0.698956648189296,0.737953584822307,0.783695454253212,0.821400961603225,0.845689730382919,0.872538734023444,0.9012543970985,0.923426837566485,0.944684085778588,0.958107453663954,0.968554002832054,0.979892656158971,0.988737779221184,0.994986489643763,1,0.994849818588957,0.986007356207973,0.972743141789586,0.95940024593972,0.931439718302351,0.885690120902999,0.79923964461482,0.641839487545335,0.394234392030796,0.273746985427995,0.268209933888765
0.17063648027681,0.326135892581825,0.408961109792945,0.511468247381689,0.560015131831518,0.621808984768447,0.679168475743866,0.718881930387967,0.764994439785878,0.804565623525151,0.82961534574683,0.858079760774696,0.888759729786436,0.912208450662034,0.935546093686577,0.949502101579156,0.960011240092488,0.972806504821212,0.983022359461824,0.989665681485477,0.994849818588957,1,0.99410480097948,0.982894433527032,0.97179760508858,0.946605685902691,0.903940410177161,0.821709547232762,0.666346863728752,0.412473939733116,0.29093501951171,0.281479004089146
0.134447550565774,0.287773824234972,0.370724779952809,0.476066029683568,0.525753109757995,0.589002111435587,0.648525496475915,0.68974272530319,0.737301400106952,0.778561990628667,0.804747847330398,0.834976959971438,0.867663260975302,0.891588076428656,0.918346726693978,0.934713078396248,0.945759164986289,0.959900054616121,0.972195709120041,0.979698048748921,0.986007356207973,0.99410480097948,1,0.992206655935922,0.982157307372928,0.959058363528904,0.918684902446097,0.840814165242941,0.683201652128492,0.424091052099418,0.303748818834292,0.295162133176353
0.0964590302854762,0.248428256821138,0.332035890358258,0.434687120269397,0.48265967111176,0.545957937791093,0.608543674240125,0.651394209777139,0.698908326052708,0.741023377043472,0.768917902500745,0.801929461387033,0.836520822353535,0.863220094505245,0.89288173040566,0.911798282718663,0.925231791105149,0.940473805705046,0.95541364383739,0.964740114053892,0.972743141789586,0.982894433527032,0.992206655935922,1,0.992838162146717,0.97451560502739,0.942021474642871,0.869586296565628,0.713389749887869,0.460348784578042,0.33761882345055,0.319061380642164
0.0662690389524707,0.21255624395397,0.297040034682529,0.399898781097839,0.447413632080353,0.509747754320244,0.574145295635552,0.617183386880224,0.66587921465921,0.709875019687645,0.738902617152457,0.772924942526787,0.811242665212016,0.839567553609537,0.872162948513301,0.89188978347191,0.906782684578955,0.92259442760645,0.939243332408123,0.949895566465794,0.95940024593972,0.97179760508858,0.982157307372928,0.992838162146717,1,0.98690337394399,0.958783129817152,0.892787172786363,0.742483198135037,0.491904304491885,0.366144980671583,0.336520145292816
0.0343674505578961,0.173511179443352,0.255012052506144,0.358210929441962,0.405213714184266,0.466242896818727,0.530549978423937,0.573987801820018,0.622805638247831,0.667960741086571,0.69866545292538,0.73379169769295,0.772821835405708,0.803444034917839,0.83572858397456,0.856804142113835,0.872719740558264,0.889229895040242,0.909178125210862,0.920436357326133,0.931439718302351,0.946605685902691,0.959058363528904,0.97451560502739,0.98690337394399,1,0.98120606397049,0.927831648810796,0.793323685184823,0.553648546518906,0.426014899670128,0.377187334895294
-0.0114452363934924,0.126434896542614,0.208001080360406,0.302678360172544,0.346818555252395,0.404438214565234,0.470221719887006,0.512231726871151,0.55859905576828,0.602684278077077,0.633834014627966,0.670940214570327,0.7124487229694,0.744050984679421,0.779744672291134,0.803754302079445,0.821032250036334,0.838793182456391,0.860665837298285,0.872491409936083,0.885690120902999,0.903940410177161,0.918684902446097,0.942021474642871,0.958783129817152,0.98120606397049,1,0.965755384314681,0.840813462990446,0.600227115817017,0.470260183968227,0.41034249119401
-0.0597107658301294,0.0665846705371146,0.14469922154759,0.226754034618253,0.266709448998736,0.319129148328778,0.382174279087081,0.422978713980433,0.464797801324436,0.510109875916652,0.539220012175601,0.575893623882765,0.615012382168182,0.647173450898303,0.684392483621942,0.710730965143535,0.72760408182921,0.745261812714113,0.770546102320527,0.78357133067665,0.79923964461482,0.821709547232762,0.840814165242941,0.869586296565628,0.892787172786363,0.927831648810796,0.965755384314681,1,0.921580306296106,0.71883695954018,0.576373808773633,0.4828611400905
-0.113695213684543,-0.0148717487546506,0.0481359596425987,0.110003412735531,0.142750956002596,0.187834746955494,0.247771311701633,0.284689926489712,0.316871081501366,0.361358236909818,0.386178763599347,0.419318771419043,0.455640864092339,0.491800489516977,0.523353498826434,0.546595365429093,0.561539362903616,0.577895820788732,0.60524260230141,0.619349337434602,0.641839487545335,0.666346863728752,0.683201652128492,0.713389749887869,0.742483198135037,0.793323685184823,0.840813462990446,0.921580306296106,1,0.846716214177893,0.698710460610114,0.554445580263829
-0.107681544789116,-0.0602982623813427,-0.0185617411568618,0.0215100868113919,0.0450546167540228,0.0702884556732782,0.114992564652699,0.137502590880464,0.15768022338774,0.195564764237655,0.213664996056811,0.234139639898175,0.259209885113498,0.287562859539076,0.305234904948155,0.320551863329853,0.33016016109804,0.337858782166162,0.361916902430796,0.371699213305578,0.394234392030796,0.412473939733116,0.424091052099418,0.460348784578042,0.491904304491885,0.553648546518906,0.600227115817017,0.71883695954018,0.846716214177893,1,0.820711913203105,0.567833641160312
-0.11172010525725,-0.0965277591762109,-0.069519029578172,-0.0509398965894311,-0.0250021971314381,0.00239796934381413,0.0372974773392062,0.0553322599707014,0.0685296099162961,0.0984061395036699,0.11386124548324,0.127657453576072,0.144665900102858,0.164103876973101,0.179340356591711,0.190817439660577,0.203519286984994,0.213422539451451,0.237371057897224,0.252828673945719,0.273746985427995,0.29093501951171,0.303748818834292,0.33761882345055,0.366144980671583,0.426014899670128,0.470260183968227,0.576373808773633,0.698710460610114,0.820711913203105,1,0.695300946956084
-0.067411470652906,-0.0625652449833647,-0.0231087324162202,-0.0010713022485684,0.0175752236192376,0.0480147887992012,0.076205778242483,0.0885445979189932,0.0962731721209918,0.117756934475712,0.135184313890375,0.147566175825877,0.158650935431908,0.17584059226802,0.188364640376181,0.200768511732207,0.210446854055255,0.22107080503773,0.240659779683627,0.250908412564607,0.268209933888765,0.281479004089146,0.295162133176353,0.319061380642164,0.336520145292816,0.377187334895294,0.41034249119401,0.4828611400905,0.554445580263829,0.567833641160312,0.695300946956084,1
