1,0.909220703707634,0.88659195596463,0.874702288324367,0.867917212294546,0.861339634011485,0.853833825025155,0.849320122696146,0.84240950898304,0.837046027650426,0.83208312942992,0.826810711118392,0.821960897257938,0.817138369203013,0.809736433560135,0.800366946612882,0.788187846588387,0.771988828491411,0.759678315413893,0.747722522784149,0.722352210882419,0.699596991763379,0.681413868304789,0.661712876054153,0.645029011695602,0.619936422922008,0.59824803426275,0.563854446304996,0.522953227476861,0.448607020395466,0.313089874580389,-0.0148569265177888
0.909220703707634,1,0.982017218622528,0.973518944922402,0.968242091303802,0.962675385970093,0.95738116613904,0.953790308088738,0.949154586592779,0.944077142287928,0.940159085854651,0.935486960700173,0.931136038444518,0.926134507386891,0.918845837318896,0.909436711089209,0.897744713156453,0.881246912532726,0.866449157510794,0.853255006897313,0.825720821602971,0.799691406566278,0.780076878905323,0.757767213247524,0.741733653101738,0.715812109454195,0.694729317910572,0.658334172265862,0.613062169138854,0.531876461086518,0.379166261613317,0.00784908484502519
0.88659195596463,0.982017218622528,1,0.99222191057273,0.986775868346489,0.981858939328897,0.976826561424181,0.973188043468016,0.969204959827452,0.96473643749085,0.960719997722386,0.956828082448601,0.952591846083529,0.947627288830576,0.940725252632146,0.932113865396243,0.919992542374178,0.90349624927899,0.888299760685759,0.875689157503902,0.846702884255621,0.820331107715138,0.799737290050005,0.7777067680108,0.761735119687172,0.735143739096639,0.714012797312829,0.678416972316649,0.634448954016829,0.554144225519969,0.397387752595097,0.0264524487632775
0.874702288324367,0.973518944922402,0.99222191057273,1,0.995296346883839,0.991304096949116,0.987157860344503,0.983837690576637,0.979611628073339,0.97553446149898,0.971741213785494,0.967920846951305,0.964089511828149,0.959048836932433,0.952384524562286,0.943769829636818,0.931941106320699,0.915611227012322,0.900895297393967,0.888901687429738,0.860315629146092,0.833858940505415,0.81413441740908,0.792412336776756,0.777395858758103,0.750784451784618,0.730410244388073,0.696054641633214,0.652880196592794,0.575197919420235,0.421275332225274,0.0475605637081054
0.867917212294546,0.968242091303802,0.986775868346489,0.995296346883839,1,0.99593289268326,0.99217549327009,0.98894954229061,0.985220083852906,0.981400893893139,0.977922940331411,0.974278141456353,0.970646218584984,0.965800285195131,0.95956088116803,0.951090053473436,0.939628630896064,0.923742497273493,0.909713192180229,0.897969216667037,0.869644716358313,0.843365031151943,0.823558184561184,0.801982473742885,0.787140791565592,0.760788906975199,0.740630035867737,0.706201815528214,0.663043083967909,0.585644918917481,0.430435523590599,0.0570280140112842
0.861339634011485,0.962675385970093,0.981858939328897,0.991304096949116,0.99593289268326,1,0.99660901882463,0.993239733588821,0.989471639802776,0.985677337359614,0.98224279899722,0.978574814714346,0.974844601779948,0.970016100338891,0.964053175268572,0.955679187095143,0.944458291673854,0.928750413387913,0.915005267960658,0.903657297326548,0.875930124975945,0.849644803956502,0.830198001841644,0.809055748219371,0.794710735287412,0.768618643723534,0.74873863096255,0.714178079408825,0.671230784678747,0.593714246128433,0.437753619859458,0.0590252431022164
0.853833825025155,0.95738116613904,0.976826561424181,0.987157860344503,0.99217549327009,0.99660901882463,1,0.997200693728455,0.993422326226622,0.989509190864042,0.986100913833608,0.982413199468779,0.978521159464723,0.973450321509402,0.967479118983693,0.959278749683732,0.947804218306563,0.932664556795757,0.918955958818744,0.907812277764679,0.879722645012949,0.85380053454043,0.834363640590925,0.813717939458769,0.799692357496325,0.773601657063869,0.753728206560273,0.719544000649169,0.67648205993934,0.599706905871518,0.443696087216351,0.0689847810825165
0.849320122696146,0.953790308088738,0.973188043468016,0.983837690576637,0.98894954229061,0.993239733588821,0.997200693728455,1,0.997159574275683,0.99356861708386,0.990016568891218,0.986375186675791,0.982571728767498,0.977247814129748,0.971129952748763,0.963207411741938,0.95164537904666,0.936521378277741,0.922813057882017,0.911516225059163,0.883209749235293,0.857305238413286,0.838425447236522,0.817886537147935,0.803902316442344,0.778023993652693,0.757872879411939,0.72414178573241,0.681403403133641,0.605474394875144,0.450702006079925,0.0795334381822996
0.84240950898304,0.949154586592779,0.969204959827452,0.979611628073339,0.985220083852906,0.989471639802776,0.993422326226622,0.997159574275683,1,0.997401252236146,0.994078624288304,0.990729586504271,0.987164278163689,0.982129479777667,0.976105571356243,0.96823803264494,0.956993593939645,0.942275042326241,0.9289005992705,0.917809110165426,0.890314076655214,0.865038438539627,0.846632039475445,0.826357363633825,0.813165084004231,0.788045384404474,0.768252544195477,0.73555671968235,0.69390090414257,0.619390259723208,0.466246495064164,0.0948292946397178
0.837046027650426,0.944077142287928,0.96473643749085,0.97553446149898,0.981400893893139,0.985677337359614,0.989509190864042,0.99356861708386,0.997401252236146,1,0.997783242138798,0.995006714611712,0.991697487831598,0.987063059780395,0.98179431174912,0.974994594650059,0.964747124584036,0.951086510741588,0.938327649835537,0.927646888637357,0.900860684254257,0.876419367985658,0.858728865584305,0.839171897776898,0.826439925710417,0.801948581871449,0.782801640494604,0.750837440612285,0.71018959042915,0.636767614113378,0.485138229343938,0.110331065803216
0.83208312942992,0.940159085854651,0.960719997722386,0.971741213785494,0.977922940331411,0.98224279899722,0.986100913833608,0.990016568891218,0.994078624288304,0.997783242138798,1,0.997962061218155,0.994971529199259,0.990928715036143,0.985972822467821,0.979438740409258,0.969583057350256,0.956204478531371,0.94362707188147,0.93324186465537,0.90701737530597,0.882915092675186,0.865223642007395,0.845884101747623,0.83311757994386,0.80893129997012,0.790214936284553,0.75879828803841,0.719226486393512,0.647056758285807,0.49732339843625,0.118636441479437
0.826810711118392,0.935486960700173,0.956828082448601,0.967920846951305,0.974278141456353,0.978574814714346,0.982413199468779,0.986375186675791,0.990729586504271,0.995006714611712,0.997962061218155,1,0.998094562668017,0.994776447289878,0.990257805874506,0.984212587113209,0.974969337200118,0.962293243831278,0.950165965745095,0.940343880696362,0.914776147413342,0.891215677163139,0.873902934327241,0.854836107315043,0.842528024200767,0.818904264697678,0.800853809650727,0.770095712026345,0.731424160333886,0.660418092784446,0.511975955579421,0.128632946719907
0.821960897257938,0.931136038444518,0.952591846083529,0.964089511828149,0.970646218584984,0.974844601779948,0.978521159464723,0.982571728767498,0.987164278163689,0.991697487831598,0.994971529199259,0.998094562668017,1,0.997852304784113,0.994177118430128,0.98865555255591,0.980191563750259,0.968023113654502,0.95630792226398,0.946900275483002,0.921861361871596,0.898837539544986,0.881816138162855,0.862759722680906,0.850774292646361,0.827340160294223,0.809637122535085,0.779440922563919,0.741251278796373,0.671532207040949,0.52436294404838,0.133644889917016
0.817138369203013,0.926134507386891,0.947627288830576,0.959048836932433,0.965800285195131,0.970016100338891,0.973450321509402,0.977247814129748,0.982129479777667,0.987063059780395,0.990928715036143,0.994776447289878,0.997852304784113,1,0.997815308294094,0.993206952765377,0.98586707290189,0.974904607261691,0.964111867299184,0.955481685077961,0.932006092327514,0.910126316033381,0.893692214133185,0.875309424791527,0.864002569778271,0.841278369615121,0.824249845479412,0.795137723738476,0.758135173363379,0.689509285959866,0.542675879313994,0.145087143463611
0.809736433560135,0.918845837318896,0.940725252632146,0.952384524562286,0.95956088116803,0.964053175268572,0.967479118983693,0.971129952748763,0.976105571356243,0.98179431174912,0.985972822467821,0.990257805874506,0.994177118430128,0.997815308294094,1,0.997316428617679,0.99178919179694,0.982499304151709,0.972957503588576,0.965009343542646,0.943283937485457,0.922924356432107,0.907351924064711,0.890033520867212,0.87928751186951,0.857407355564792,0.841103373427002,0.812835350167856,0.776082764013532,0.708335635518083,0.563089799617581,0.156435943709573
0.800366946612882,0.909436711089209,0.932113865396243,0.943769829636818,0.951090053473436,0.955679187095143,0.959278749683732,0.963207411741938,0.96823803264494,0.974994594650059,0.979438740409258,0.984212587113209,0.98865555255591,0.993206952765377,0.997316428617679,1,0.997044562142366,0.990201947485878,0.982469837112978,0.975513467797501,0.955880075928702,0.937539015252144,0.923156117410522,0.90738700740142,0.896935026489478,0.876178983323153,0.86074070506467,0.833037419995047,0.79682481796668,0.729814544807589,0.585064267621935,0.167751986574948
0.788187846588387,0.897744713156453,0.919992542374178,0.931941106320699,0.939628630896064,0.944458291673854,0.947804218306563,0.95164537904666,0.956993593939645,0.964747124584036,0.969583057350256,0.974969337200118,0.980191563750259,0.98586707290189,0.99178919179694,0.997044562142366,1,0.996731069147639,0.991249278648421,0.985639204164701,0.968913625871149,0.953214729999017,0.940581663294872,0.926529366208848,0.916738646715081,0.897466678197993,0.883501323461339,0.856676683559424,0.821514945827059,0.755973816560502,0.611777318017647,0.181461948406889
0.771988828491411,0.881246912532726,0.90349624927899,0.915611227012322,0.923742497273493,0.928750413387913,0.932664556795757,0.936521378277741,0.942275042326241,0.951086510741588,0.956204478531371,0.962293243831278,0.968023113654502,0.974904607261691,0.982499304151709,0.990201947485878,0.996731069147639,1,0.997485942676936,0.993560219136557,0.980494590777278,0.967727122653724,0.956956113838406,0.944943805130372,0.93622675052781,0.918693084674676,0.906209089309505,0.881061483737513,0.847364824523576,0.784040874045342,0.6422668942973,0.198922412599708
0.759678315413893,0.866449157510794,0.888299760685759,0.900895297393967,0.909713192180229,0.915005267960658,0.918955958818744,0.922813057882017,0.9289005992705,0.938327649835537,0.94362707188147,0.950165965745095,0.95630792226398,0.964111867299184,0.972957503588576,0.982469837112978,0.991249278648421,0.997485942676936,1,0.998036601602302,0.989049372433587,0.979001833906275,0.970007342387332,0.959664848987231,0.951888430238973,0.936381350875244,0.925041091611481,0.901833505604756,0.869678981134218,0.809090216383632,0.66724583061564,0.21122291053335
0.747722522784149,0.853255006897313,0.875689157503902,0.888901687429738,0.897969216667037,0.903657297326548,0.907812277764679,0.911516225059163,0.917809110165426,0.927646888637357,0.93324186465537,0.940343880696362,0.946900275483002,0.955481685077961,0.965009343542646,0.975513467797501,0.985639204164701,0.993560219136557,0.998036601602302,1,0.994156131716634,0.985755017397651,0.978056613782183,0.969022224894058,0.962112585976716,0.947944052290879,0.937379113230745,0.916043773103996,0.885888875256049,0.82729643073516,0.687204781710446,0.224456004222435
0.722352210882419,0.825720821602971,0.846702884255621,0.860315629146092,0.869644716358313,0.875930124975945,0.879722645012949,0.883209749235293,0.890314076655214,0.900860684254257,0.90701737530597,0.914776147413342,0.921861361871596,0.932006092327514,0.943283937485457,0.955880075928702,0.968913625871149,0.980494590777278,0.989049372433587,0.994156131716634,1,0.996708789913119,0.991901597639895,0.985784258362138,0.980670819717006,0.970466969522354,0.961749978689448,0.944157286946912,0.917831327392181,0.863138053982745,0.719807050742489,0.239909646232986
0.699596991763379,0.799691406566278,0.820331107715138,0.833858940505415,0.843365031151943,0.849644803956502,0.85380053454043,0.857305238413286,0.865038438539627,0.876419367985658,0.882915092675186,0.891215677163139,0.898837539544986,0.910126316033381,0.922924356432107,0.937539015252144,0.953214729999017,0.967727122653724,0.979001833906275,0.985755017397651,0.996708789913119,1,0.997735633849978,0.99383408431362,0.98981377306426,0.982394258692863,0.97517939358642,0.960146430860421,0.935876284452301,0.884012593797429,0.742099958594158,0.251347975365918
0.681413868304789,0.780076878905323,0.799737290050005,0.81413441740908,0.823558184561184,0.830198001841644,0.834363640590925,0.838425447236522,0.846632039475445,0.858728865584305,0.865223642007395,0.873902934327241,0.881816138162855,0.893692214133185,0.907351924064711,0.923156117410522,0.940581663294872,0.956956113838406,0.970007342387332,0.978056613782183,0.991901597639895,0.997735633849978,1,0.997750593526284,0.99475702841562,0.989126249635337,0.983167632107788,0.969933856140015,0.947943109950221,0.898492609301267,0.759952916627446,0.26425686471782
0.661712876054153,0.757767213247524,0.7777067680108,0.792412336776756,0.801982473742885,0.809055748219371,0.813717939458769,0.817886537147935,0.826357363633825,0.839171897776898,0.845884101747623,0.854836107315043,0.862759722680906,0.875309424791527,0.890033520867212,0.90738700740142,0.926529366208848,0.944943805130372,0.959664848987231,0.969022224894058,0.985784258362138,0.99383408431362,0.997750593526284,1,0.998084093307065,0.99423022353625,0.98940597817911,0.978003873261794,0.957934803874899,0.910982702311926,0.7767711634203,0.276006022175946
0.645029011695602,0.741733653101738,0.761735119687172,0.777395858758103,0.787140791565592,0.794710735287412,0.799692357496325,0.803902316442344,0.813165084004231,0.826439925710417,0.83311757994386,0.842528024200767,0.850774292646361,0.864002569778271,0.87928751186951,0.896935026489478,0.916738646715081,0.93622675052781,0.951888430238973,0.962112585976716,0.980670819717006,0.98981377306426,0.99475702841562,0.998084093307065,1,0.997134870147153,0.99319571575563,0.983722653740961,0.965308646483511,0.921348839475073,0.792432999209422,0.290852681070683
0.619936422922008,0.715812109454195,0.735143739096639,0.750784451784618,0.760788906975199,0.768618643723534,0.773601657063869,0.778023993652693,0.788045384404474,0.801948581871449,0.80893129997012,0.818904264697678,0.827340160294223,0.841278369615121,0.857407355564792,0.876178983323153,0.897466678197993,0.918693084674676,0.936381350875244,0.947944052290879,0.970466969522354,0.982394258692863,0.989126249635337,0.99423022353625,0.997134870147153,1,0.997331286440508,0.98999075567053,0.973761660869498,0.933164499538452,0.806817803488064,0.300079785820289
0.59824803426275,0.694729317910572,0.714012797312829,0.730410244388073,0.740630035867737,0.74873863096255,0.753728206560273,0.757872879411939,0.768252544195477,0.782801640494604,0.790214936284553,0.800853809650727,0.809637122535085,0.824249845479412,0.841103373427002,0.86074070506467,0.883501323461339,0.906209089309505,0.925041091611481,0.937379113230745,0.961749978689448,0.97517939358642,0.983167632107788,0.98940597817911,0.99319571575563,0.997331286440508,1,0.994558424812351,0.980727970221838,0.943290671677426,0.823076968728191,0.314791346273455
0.563854446304996,0.658334172265862,0.678416972316649,0.696054641633214,0.706201815528214,0.714178079408825,0.719544000649169,0.72414178573241,0.73555671968235,0.750837440612285,0.75879828803841,0.770095712026345,0.779440922563919,0.795137723738476,0.812835350167856,0.833037419995047,0.856676683559424,0.881061483737513,0.901833505604756,0.916043773103996,0.944157286946912,0.960146430860421,0.969933856140015,0.978003873261794,0.983722653740961,0.98999075567053,0.994558424812351,1,0.990787941511947,0.961072003600546,0.846098896934913,0.340205245363856
0.522953227476861,0.613062169138854,0.634448954016829,0.652880196592794,0.663043083967909,0.671230784678747,0.67648205993934,0.681403403133641,0.69390090414257,0.71018959042915,0.719226486393512,0.731424160333886,0.741251278796373,0.758135173363379,0.776082764013532,0.79682481796668,0.821514945827059,0.847364824523576,0.869678981134218,0.885888875256049,0.917831327392181,0.935876284452301,0.947943109950221,0.957934803874899,0.965308646483511,0.973761660869498,0.980727970221838,0.990787941511947,1,0.980741935642097,0.877006324905094,0.381758486689356
0.448607020395466,0.531876461086518,0.554144225519969,0.575197919420235,0.585644918917481,0.593714246128433,0.599706905871518,0.605474394875144,0.619390259723208,0.636767614113378,0.647056758285807,0.660418092784446,0.671532207040949,0.689509285959866,0.708335635518083,0.729814544807589,0.755973816560502,0.784040874045342,0.809090216383632,0.82729643073516,0.863138053982745,0.884012593797429,0.898492609301267,0.910982702311926,0.921348839475073,0.933164499538452,0.943290671677426,0.961072003600546,0.980741935642097,1,0.921316255258456,0.447792206475836
0.313089874580389,0.379166261613317,0.397387752595097,0.421275332225274,0.430435523590599,0.437753619859458,0.443696087216351,0.450702006079925,0.466246495064164,0.485138229343938,0.49732339843625,0.511975955579421,0.52436294404838,0.542675879313994,0.563089799617581,0.585064267621935,0.611777318017647,0.6422668942973,0.66724583061564,0.687204781710446,0.719807050742489,0.742099958594158,0.759952916627446,0.7767711634203,0.792432999209422,0.806817803488064,0.823076968728191,0.846098896934913,0.877006324905094,0.921316255258456,1,0.587038584134668
-0.0148569265177888,0.00784908484502519,0.0264524487632775,0.0475605637081054,0.0570280140112842,0.0590252431022164,0.0689847810825165,0.0795334381822996,0.0948292946397178,0.110331065803216,0.118636441479437,0.128632946719907,0.133644889917016,0.145087143463611,0.156435943709573,0.167751986574948,0.181461948406889,0.198922412599708,0.21122291053335,0.224456004222435,0.239909646232986,0.251347975365918,0.26425686471782,0.276006022175946,0.290852681070683,0.300079785820289,0.314791346273455,0.340205245363856,0.381758486689356,0.447792206475836,0.587038584134668,1
