1,0.941551383336129,0.909156038033105,0.886746829612729,0.869005432988884,0.847558429903985,0.826307136892968,0.80525700217414,0.786490294733624,0.760762553627159,0.73156571170653,0.687469788490066,0.653873685030106,0.603296348675787,0.562375533594026,0.52379055984815,0.47917165699665,0.439161593823767,0.391066266070999,0.340338275181579,0.307759355146031,0.267929146762606,0.230710432569297,0.198177267725645,0.157329077017726,0.113238828267006,0.0557098872715414,0.00496413177633869,-0.0212891713317875,-0.0543445618569315,-0.0759992258143396,0.00770309028265402
0.941551383336129,1,0.978857849811889,0.963182789580794,0.947562259047502,0.930900817652286,0.91578074918175,0.898948366882203,0.8843138563555,0.862759619665126,0.836493977355155,0.79728840736237,0.765774053361048,0.720180616406001,0.682031268576887,0.645340699038666,0.60476802713161,0.564724250201689,0.518520025429718,0.469489785382804,0.437004810291543,0.39746039414814,0.359166283474726,0.323810381050974,0.282810411275584,0.235398267525519,0.17465069411595,0.12152944556266,0.0858138052556194,0.04043657897638,-0.0190170445444105,0.0431596864934638
0.909156038033105,0.978857849811889,1,0.989729287247487,0.98031595829105,0.967836294489787,0.957274575103107,0.944164300603646,0.931777928226145,0.913236229250524,0.889979916310334,0.856396791022765,0.82857304010666,0.788300016148552,0.753995148869152,0.72061191058818,0.683510594071296,0.646734923045932,0.603207595840889,0.557611323262791,0.526891368569513,0.488667667140974,0.450568894234732,0.415136246035425,0.375791745109605,0.329140014616233,0.268733273949814,0.213273654056376,0.172515646425746,0.11605501113078,0.0275586335277781,0.0727424736683051
0.886746829612729,0.963182789580794,0.989729287247487,1,0.992356129416991,0.982936890614902,0.973346869445422,0.963771575053813,0.953263723002244,0.937687826681519,0.91771770737645,0.887282888527375,0.862668178909734,0.826155113746059,0.794657985685819,0.763026276050885,0.728267421498974,0.69281307208676,0.650552946567726,0.60701008766183,0.577255013043762,0.539667322145606,0.502381617664334,0.467461143668872,0.429804382053913,0.383496632789943,0.323559328962392,0.266958407888735,0.222222420405846,0.159827611880567,0.0585498964378778,0.0807322781360023
0.869005432988884,0.947562259047502,0.98031595829105,0.992356129416991,1,0.99406762161833,0.986706306059583,0.978055135128658,0.969296507941152,0.955678621977008,0.937873814347977,0.910784348116766,0.887336207614827,0.853270989398057,0.823012184947549,0.792608493152946,0.759335811921304,0.72619577120569,0.685661036672414,0.643804213435422,0.615997999394163,0.579645630791368,0.543407608660734,0.508579091426548,0.471653100965148,0.426399389470267,0.366030116070313,0.30848799384443,0.261846464125118,0.195983545300383,0.085941603522195,0.0945087737612573
0.847558429903985,0.930900817652286,0.967836294489787,0.982936890614902,0.99406762161833,1,0.994708447545952,0.988055497876619,0.980653845939145,0.970025383332353,0.954447217126555,0.930753395092168,0.909497790727194,0.878606973368399,0.850999398829753,0.822636918019394,0.791604713992666,0.759729610330167,0.721424258774168,0.681711538635061,0.654809928983344,0.619416809125867,0.584345091349262,0.549977298346239,0.513462957164791,0.468390292662127,0.408189818817496,0.350483813152577,0.302713431547597,0.234202730122466,0.119067138069186,0.115689510196639
0.826307136892968,0.91578074918175,0.957274575103107,0.973346869445422,0.986706306059583,0.994708447545952,1,0.994879198795043,0.988582199214224,0.979261038919714,0.965188438981358,0.944393719292114,0.924184088537047,0.895357831962771,0.869819007156344,0.843462992020073,0.814804250078397,0.785270774634814,0.749576484019756,0.711555500800314,0.685855775265099,0.651862489161975,0.617616329016395,0.584220239382005,0.548061706698869,0.503565476197838,0.444053572355649,0.386909581327763,0.338444602510035,0.268633966830835,0.145951901461869,0.128368816921712
0.80525700217414,0.898948366882203,0.944164300603646,0.963771575053813,0.978055135128658,0.988055497876619,0.994879198795043,1,0.996355316488021,0.989341651557431,0.977886758267294,0.959333479753925,0.94118591402696,0.915275768367882,0.891604230481306,0.86609631209052,0.838523326235632,0.809994020976693,0.775445974410837,0.739597961419686,0.715158912318926,0.682620254718713,0.650143647774049,0.618481050456269,0.584155336047593,0.539981668204257,0.482578983727956,0.425477509293079,0.374820743137107,0.301454025316883,0.167877960330208,0.139175282693829
0.786490294733624,0.8843138563555,0.931777928226145,0.953263723002244,0.969296507941152,0.980653845939145,0.988582199214224,0.996355316488021,1,0.995266705139585,0.985866867586343,0.969424352841721,0.952196040393616,0.92798294867053,0.905816167218528,0.881674703769909,0.855010877192381,0.827914605938348,0.794705560130058,0.760365679255799,0.736694991121795,0.705061083318967,0.673049954155472,0.642218768143472,0.608993166954925,0.565438776212932,0.509145390898625,0.452403117784682,0.402093067750877,0.327717745263691,0.189509084828201,0.148155587752599
0.760762553627159,0.862759619665126,0.913236229250524,0.937687826681519,0.955678621977008,0.970025383332353,0.979261038919714,0.989341651557431,0.995266705139585,1,0.994852987504271,0.982073782902501,0.967706284118362,0.947263389296363,0.927381355279764,0.905645964269862,0.880899480989712,0.85529742801233,0.824285018847447,0.792590181130179,0.770255992904195,0.739715204248141,0.709350466437992,0.679763584358811,0.648120140119483,0.605365002655151,0.5508294266141,0.495707302966116,0.445356477986488,0.368883365840688,0.225830137965721,0.170930925951765
0.73156571170653,0.836493977355155,0.889979916310334,0.91771770737645,0.937873814347977,0.954447217126555,0.965188438981358,0.977886758267294,0.985866867586343,0.994852987504271,1,0.992720470173878,0.981965390701736,0.965760766095291,0.948610252585873,0.929091484781203,0.906386761173875,0.882992497508125,0.85496721844922,0.825704409319952,0.80491604222742,0.776301465701502,0.748193310126026,0.720594688345482,0.690564573177243,0.649111600534024,0.596631541459042,0.542645092856685,0.491823708263201,0.411079840802658,0.262756624601139,0.191827589638322
0.687469788490066,0.79728840736237,0.856396791022765,0.887282888527375,0.910784348116766,0.930753395092168,0.944393719292114,0.959333479753925,0.969424352841721,0.982073782902501,0.992720470173878,1,0.995230593210123,0.983655158009923,0.970193256533616,0.954528914374041,0.935639793804242,0.915799999532942,0.891375403597623,0.86530012335787,0.846674091288575,0.819551054183055,0.794530468748789,0.76872400263416,0.741436106080702,0.702003989632423,0.651656720413846,0.599652520777642,0.548993781759695,0.465297854027981,0.310205399876255,0.217175868803145
0.653873685030106,0.765774053361048,0.82857304010666,0.862668178909734,0.887336207614827,0.909497790727194,0.924184088537047,0.94118591402696,0.952196040393616,0.967706284118362,0.981965390701736,0.995230593210123,1,0.993643590971568,0.983413335207351,0.970569239478613,0.954367388841059,0.936700999167079,0.914839090954174,0.890968949564126,0.873488777013477,0.848066132820084,0.825120317568017,0.801550221047937,0.776340194142202,0.738548066086184,0.690446868751538,0.639844220905574,0.589484750594465,0.504032906326166,0.34431232285538,0.236928216408707
0.603296348675787,0.720180616406001,0.788300016148552,0.826155113746059,0.853270989398057,0.878606973368399,0.895357831962771,0.915275768367882,0.92798294867053,0.947263389296363,0.965760766095291,0.983655158009923,0.993643590971568,1,0.994907503741475,0.986253177681423,0.974115955835126,0.959366864756052,0.941048271089329,0.921160248829517,0.905495277405619,0.883212076356317,0.862675738854456,0.841031119968385,0.818643188015795,0.784082754023186,0.739636815238171,0.691816596555152,0.641856032371159,0.552314499216494,0.390584207077973,0.264722265771204
0.562375533594026,0.682031268576887,0.753995148869152,0.794657985685819,0.823012184947549,0.850999398829753,0.869819007156344,0.891604230481306,0.905816167218528,0.927381355279764,0.948610252585873,0.970193256533616,0.983413335207351,0.994907503741475,1,0.995250095194657,0.98594320832806,0.973730214961149,0.958582987915038,0.941585953562795,0.927135387462142,0.907575648398682,0.888965056878376,0.86886068795804,0.848888150249969,0.816250885586209,0.775201028647495,0.729612576330227,0.681228411117672,0.592338444622348,0.425692505731261,0.278802651467215
0.52379055984815,0.645340699038666,0.72061191058818,0.763026276050885,0.792608493152946,0.822636918019394,0.843462992020073,0.86609631209052,0.881674703769909,0.905645964269862,0.929091484781203,0.954528914374041,0.970569239478613,0.986253177681423,0.995250095194657,1,0.995390996588499,0.986924061533978,0.974827714002985,0.960869063981487,0.94823574722753,0.931096371859657,0.914827929808093,0.896305632605049,0.877962216168047,0.84837657571175,0.810813369481859,0.76803690145096,0.720555764486977,0.631658778533831,0.45953360912227,0.300338326097239
0.47917165699665,0.60476802713161,0.683510594071296,0.728267421498974,0.759335811921304,0.791604713992666,0.814804250078397,0.838523326235632,0.855010877192381,0.880899480989712,0.906386761173875,0.935639793804242,0.954367388841059,0.974115955835126,0.98594320832806,0.995390996588499,1,0.995717293642875,0.986919091622355,0.9757275026304,0.965286262731137,0.950590367493377,0.936090733964945,0.919062537428199,0.902869301814541,0.876145911230723,0.840441151033468,0.799227824570997,0.753296542916893,0.662557252623655,0.486717189993538,0.314638453394285
0.439161593823767,0.564724250201689,0.646734923045932,0.69281307208676,0.72619577120569,0.759729610330167,0.785270774634814,0.809994020976693,0.827914605938348,0.85529742801233,0.882992497508125,0.915799999532942,0.936700999167079,0.959366864756052,0.973730214961149,0.986924061533978,0.995717293642875,1,0.99476664556587,0.985868781512599,0.977128375193615,0.964544778880881,0.952572197374987,0.937758228365887,0.923232942744354,0.899559140232357,0.866620690989257,0.827676482593962,0.782884593691049,0.692313824635796,0.513153741838773,0.329416444184417
0.391066266070999,0.518520025429718,0.603207595840889,0.650552946567726,0.685661036672414,0.721424258774168,0.749576484019756,0.775445974410837,0.794705560130058,0.824285018847447,0.85496721844922,0.891375403597623,0.914839090954174,0.941048271089329,0.958582987915038,0.974827714002985,0.986919091622355,0.99476664556587,1,0.995170370160703,0.988903967601329,0.979485964413508,0.969655425912943,0.957604211957001,0.945320381964178,0.924691280991095,0.894253274426637,0.859170135195244,0.817083123930151,0.726328181579469,0.545426098035174,0.34822234777009
0.340338275181579,0.469489785382804,0.557611323262791,0.60701008766183,0.643804213435422,0.681711538635061,0.711555500800314,0.739597961419686,0.760365679255799,0.792590181130179,0.825704409319952,0.86530012335787,0.890968949564126,0.921160248829517,0.941585953562795,0.960869063981487,0.9757275026304,0.985868781512599,0.995170370160703,1,0.996373181333235,0.989958335177377,0.982093084069919,0.971750447504447,0.961443427694094,0.943865559080949,0.916707818892869,0.884496490929315,0.844358643949894,0.754172077984879,0.570891382200318,0.361406539590482
0.307759355146031,0.437004810291543,0.526891368569513,0.577255013043762,0.615997999394163,0.654809928983344,0.685855775265099,0.715158912318926,0.736694991121795,0.770255992904195,0.80491604222742,0.846674091288575,0.873488777013477,0.905495277405619,0.927135387462142,0.94823574722753,0.965286262731137,0.977128375193615,0.988903967601329,0.996373181333235,1,0.995749523399934,0.989754613893765,0.98061074916021,0.971183599563713,0.955878679699406,0.930893302676762,0.899935413185096,0.862059576439943,0.773094173420933,0.587851814145351,0.373996438509463
0.267929146762606,0.39746039414814,0.488667667140974,0.539667322145606,0.579645630791368,0.619416809125867,0.651862489161975,0.682620254718713,0.705061083318967,0.739715204248141,0.776301465701502,0.819551054183055,0.848066132820084,0.883212076356317,0.907575648398682,0.931096371859657,0.950590367493377,0.964544778880881,0.979485964413508,0.989958335177377,0.995749523399934,1,0.995848390764973,0.988831341726078,0.98120243063484,0.968741365424942,0.946347117631659,0.917869052201418,0.882529936851815,0.794753338570628,0.610630952208168,0.394524468628668
0.230710432569297,0.359166283474726,0.450568894234732,0.502381617664334,0.543407608660734,0.584345091349262,0.617616329016395,0.650143647774049,0.673049954155472,0.709350466437992,0.748193310126026,0.794530468748789,0.825120317568017,0.862675738854456,0.888965056878376,0.914827929808093,0.936090733964945,0.952572197374987,0.969655425912943,0.982093084069919,0.989754613893765,0.995848390764973,1,0.995336335846748,0.98946219817644,0.979531731408291,0.9603158257753,0.933645449783716,0.900452572089746,0.814443151826727,0.632279566829137,0.409677240559324
0.198177267725645,0.323810381050974,0.415136246035425,0.467461143668872,0.508579091426548,0.549977298346239,0.584220239382005,0.618481050456269,0.642218768143472,0.679763584358811,0.720594688345482,0.76872400263416,0.801550221047937,0.841031119968385,0.86886068795804,0.896305632605049,0.919062537428199,0.937758228365887,0.957604211957001,0.971750447504447,0.98061074916021,0.988831341726078,0.995336335846748,1,0.995821078844171,0.988128501540984,0.971866099644043,0.948324168009437,0.918012798503264,0.835096393297562,0.655715692182158,0.422893488861084
0.157329077017726,0.282810411275584,0.375791745109605,0.429804382053913,0.471653100965148,0.513462957164791,0.548061706698869,0.584155336047593,0.608993166954925,0.648120140119483,0.690564573177243,0.741436106080702,0.776340194142202,0.818643188015795,0.848888150249969,0.877962216168047,0.902869301814541,0.923232942744354,0.945320381964178,0.961443427694094,0.971183599563713,0.98120243063484,0.98946219817644,0.995821078844171,1,0.994386788314992,0.98113363257634,0.960526598917894,0.93235282332093,0.848369189200393,0.668953141283771,0.431416232716416
0.113238828267006,0.235398267525519,0.329140014616233,0.383496632789943,0.426399389470267,0.468390292662127,0.503565476197838,0.539981668204257,0.565438776212932,0.605365002655151,0.649111600534024,0.702003989632423,0.738548066086184,0.784082754023186,0.816250885586209,0.84837657571175,0.876145911230723,0.899559140232357,0.924691280991095,0.943865559080949,0.955878679699406,0.968741365424942,0.979531731408291,0.988128501540984,0.994386788314992,1,0.991184135925501,0.973173506478959,0.948903609153958,0.867146694382654,0.691280505496133,0.445142121430778
0.0557098872715414,0.17465069411595,0.268733273949814,0.323559328962392,0.366030116070313,0.408189818817496,0.444053572355649,0.482578983727956,0.509145390898625,0.5508294266141,0.596631541459042,0.651656720413846,0.690446868751538,0.739636815238171,0.775201028647495,0.810813369481859,0.840441151033468,0.866620690989257,0.894253274426637,0.916707818892869,0.930893302676762,0.946347117631659,0.9603158257753,0.971866099644043,0.98113363257634,0.991184135925501,1,0.987695513300075,0.968129202822893,0.893532236013234,0.721906703246746,0.465744521747721
0.00496413177633869,0.12152944556266,0.213273654056376,0.266958407888735,0.30848799384443,0.350483813152577,0.386909581327763,0.425477509293079,0.452403117784682,0.495707302966116,0.542645092856685,0.599652520777642,0.639844220905574,0.691816596555152,0.729612576330227,0.76803690145096,0.799227824570997,0.827676482593962,0.859170135195244,0.884496490929315,0.899935413185096,0.917869052201418,0.933645449783716,0.948324168009437,0.960526598917894,0.973173506478959,0.987695513300075,1,0.984235654110695,0.926213413635788,0.765213261590793,0.49737126466538
-0.0212891713317875,0.0858138052556194,0.172515646425746,0.222222420405846,0.261846464125118,0.302713431547597,0.338444602510035,0.374820743137107,0.402093067750877,0.445356477986488,0.491823708263201,0.548993781759695,0.589484750594465,0.641856032371159,0.681228411117672,0.720555764486977,0.753296542916893,0.782884593691049,0.817083123930151,0.844358643949894,0.862059576439943,0.882529936851815,0.900452572089746,0.918012798503264,0.93235282332093,0.948903609153958,0.968129202822893,0.984235654110695,1,0.958040868292789,0.818471843439915,0.535813162723308
-0.0543445618569315,0.04043657897638,0.11605501113078,0.159827611880567,0.195983545300383,0.234202730122466,0.268633966830835,0.301454025316883,0.327717745263691,0.368883365840688,0.411079840802658,0.465297854027981,0.504032906326166,0.552314499216494,0.592338444622348,0.631658778533831,0.662557252623655,0.692313824635796,0.726328181579469,0.754172077984879,0.773094173420933,0.794753338570628,0.814443151826727,0.835096393297562,0.848369189200393,0.867146694382654,0.893532236013234,0.926213413635788,0.958040868292789,1,0.880367602540889,0.571187572666378
-0.0759992258143396,-0.0190170445444105,0.0275586335277781,0.0585498964378778,0.085941603522195,0.119067138069186,0.145951901461869,0.167877960330208,0.189509084828201,0.225830137965721,0.262756624601139,0.310205399876255,0.34431232285538,0.390584207077973,0.425692505731261,0.45953360912227,0.486717189993538,0.513153741838773,0.545426098035174,0.570891382200318,0.587851814145351,0.610630952208168,0.632279566829137,0.655715692182158,0.668953141283771,0.691280505496133,0.721906703246746,0.765213261590793,0.818471843439915,0.880367602540889,1,0.675193930036266
0.00770309028265402,0.0431596864934638,0.0727424736683051,0.0807322781360023,0.0945087737612573,0.115689510196639,0.128368816921712,0.139175282693829,0.148155587752599,0.170930925951765,0.191827589638322,0.217175868803145,0.236928216408707,0.264722265771204,0.278802651467215,0.300338326097239,0.314638453394285,0.329416444184417,0.34822234777009,0.361406539590482,0.373996438509463,0.394524468628668,0.409677240559324,0.422893488861084,0.431416232716416,0.445142121430778,0.465744521747721,0.49737126466538,0.535813162723308,0.571187572666378,0.675193930036266,1
