1,0.893773606407893,0.848807439584089,0.821661266836959,0.776187835773774,0.753336837159421,0.730641932813041,0.690687395759489,0.650391480998337,0.614672442215523,0.562816106201825,0.507871662248344,0.487388630058421,0.454117665145181,0.41067098770905,0.346833593772013,0.260770756988377,0.169521757606832,0.0895994978922635,0.0345898987622592,-0.0257463112181477,-0.0705787234336993,-0.153576336442509,-0.17740339256479,-0.19664359856024,-0.243245192012634,-0.273401062450748,-0.25370037218637,-0.244412893349255,-0.187378170350046,-0.142581343018952,-0.178793701772009
0.893773606407893,1,0.962784294102399,0.925306504449288,0.882247590500895,0.856687425367594,0.824902849360923,0.779348799364246,0.735495541073963,0.694217350897234,0.649500423657105,0.599287892448192,0.5729825325646,0.536649901551018,0.487454391115509,0.413958953993437,0.313891924238236,0.210509292453648,0.125686405104148,0.0684699348174047,0.00577813091504848,-0.0352514141411855,-0.126350028043963,-0.160375505746411,-0.181689108965325,-0.225762283696439,-0.254749129787856,-0.235702680205542,-0.223974746496841,-0.166701299914776,-0.116502323063708,-0.156957005150948
0.848807439584089,0.962784294102399,1,0.966047115298739,0.931153440807983,0.900944290175352,0.869827624963253,0.830117008257025,0.791762234596306,0.754265277270323,0.712505081991425,0.667592742164716,0.641332112453558,0.605233852268973,0.557099681380797,0.489223343848228,0.395456557598717,0.294949880561874,0.211145373038165,0.151759982964539,0.0851518337987748,0.0402381398726389,-0.0541453830603666,-0.0964984332712418,-0.124732278361468,-0.171188715412404,-0.20645674076043,-0.201063983455973,-0.198699060973907,-0.141779704124936,-0.0912966034118255,-0.150121577656879
0.821661266836959,0.925306504449288,0.966047115298739,1,0.970780195929307,0.941701896102044,0.913353441186251,0.880146004938774,0.8480434045584,0.812736460428146,0.777031537045569,0.73640265961579,0.711375535038572,0.675418475523094,0.633114870767884,0.567526162758734,0.472664306126109,0.370860868757241,0.286294308241303,0.224897283904034,0.154612764397801,0.106273660079225,0.00496712687981458,-0.0489889517533354,-0.0846024161711858,-0.133668940043416,-0.171395089544845,-0.169460987587054,-0.167559205271537,-0.109641587110438,-0.0780922158345853,-0.123806910472865
0.776187835773774,0.882247590500895,0.931153440807983,0.970780195929307,1,0.983266024811056,0.950677008125344,0.917849520161777,0.891289530683125,0.862256275337663,0.832387648341002,0.792866958001261,0.766906612089687,0.726424730409932,0.681446565738008,0.622634355265138,0.53478674571554,0.43443907623863,0.349532706621228,0.282047110405184,0.207037327290106,0.15404322708084,0.0566713622520531,0.00777201862045524,-0.0299066893061945,-0.0776511545422996,-0.116030903092308,-0.124793653267366,-0.126917046200651,-0.0706552932132175,-0.0441783633095066,-0.108176904770893
0.753336837159421,0.856687425367594,0.900944290175352,0.941701896102044,0.983266024811056,1,0.983507797054388,0.952185682476336,0.926161771903311,0.899290815083241,0.872811930255272,0.834212297847307,0.807834762397013,0.768041173481779,0.724583084913625,0.668605221724325,0.584074404793721,0.485566735550753,0.399788790489097,0.327697550739155,0.253550578168426,0.200035694795287,0.100541936649689,0.0499965611307534,0.0103266097089397,-0.0380593288124763,-0.0799022293607912,-0.0954754093172811,-0.0993537018507417,-0.0502004659509269,-0.0266081908016943,-0.0915439514095045
0.730641932813041,0.824902849360923,0.869827624963253,0.913353441186251,0.950677008125344,0.983507797054388,1,0.987691331374216,0.962140955730613,0.934927895464889,0.909188452375163,0.872515425564868,0.847858555836264,0.813037747937914,0.776574510840955,0.724199630910844,0.646973026526906,0.558553055813092,0.476405502500294,0.399590723599961,0.326913689403381,0.274248993984558,0.168599221075837,0.112593684834887,0.0718772075171751,0.0241040237585391,-0.0198147536776615,-0.0406028750520173,-0.0525249912003153,-0.0188619172759447,-0.0155052931121821,-0.0801938272748238
0.690687395759489,0.779348799364246,0.830117008257025,0.880146004938774,0.917849520161777,0.952185682476336,0.987691331374216,1,0.988597628050959,0.963320093942075,0.938825795882713,0.904433870893586,0.881990001590473,0.851391453617112,0.820414376380577,0.774237474193807,0.705876023769494,0.626498284134512,0.548917033399023,0.469283686589299,0.397927109967927,0.345532127280153,0.239059012228783,0.177452631947274,0.133589492859598,0.0860812214917297,0.0407609127047507,0.0141980768142125,-0.00581843659887291,0.0171591307747656,0.00402443115547413,-0.056315684500574
0.650391480998337,0.735495541073963,0.791762234596306,0.8480434045584,0.891289530683125,0.926161771903311,0.962140955730613,0.988597628050959,1,0.988194424189912,0.965107688383859,0.932667515748544,0.911694613959557,0.88374159796555,0.855069876968535,0.816236425322068,0.755274704615971,0.679577559411545,0.604596051426825,0.524035060585848,0.453746954693283,0.40012584391583,0.298442812253628,0.231984124445357,0.182827550028299,0.134964334103777,0.0883218948701815,0.0550150815065591,0.0296908581525307,0.0500482213786139,0.0285921076634588,-0.0272420033863266
0.614672442215523,0.694217350897234,0.754265277270323,0.812736460428146,0.862256275337663,0.899290815083241,0.934927895464889,0.963320093942075,0.988194424189912,1,0.985389690200869,0.956484988362246,0.937092894977473,0.912609647422741,0.886511843136301,0.853643229706373,0.799072698996319,0.72697441509019,0.654754478736725,0.575454875535905,0.505637419484009,0.450747108165042,0.352809968400695,0.283384565393158,0.230879624223365,0.184469233982674,0.137463023200118,0.0968427261048612,0.0671101718295546,0.087833614258694,0.054430865746048,-0.00895204046405968
0.562816106201825,0.649500423657105,0.712505081991425,0.777031537045569,0.832387648341002,0.872811930255272,0.909188452375163,0.938825795882713,0.965107688383859,0.985389690200869,1,0.982405573899027,0.965445111893204,0.944043858476203,0.919589727961535,0.888126271544918,0.835978656218094,0.766357357940292,0.697398583320732,0.624040264899101,0.554390011991523,0.500530590239578,0.401270605694034,0.33002004977198,0.276093801387463,0.231070865100351,0.182603728927706,0.13508561183984,0.104855590771006,0.132899904398081,0.0932893116573792,0.0181453975484162
0.507871662248344,0.599287892448192,0.667592742164716,0.73640265961579,0.792866958001261,0.834212297847307,0.872515425564868,0.904433870893586,0.932667515748544,0.956484988362246,0.982405573899027,1,0.987608596410754,0.970915003153044,0.949865241634056,0.921427549358316,0.874363913431857,0.810802504167893,0.748299574406508,0.683036945912644,0.617451387195983,0.563941790150582,0.466504898376989,0.387439467408924,0.328043914708402,0.282759322585191,0.235581716459813,0.185579274783308,0.147017565264987,0.176707305934633,0.113678071536596,0.0428737696373524
0.487388630058421,0.5729825325646,0.641332112453558,0.711375535038572,0.766906612089687,0.807834762397013,0.847858555836264,0.881990001590473,0.911694613959557,0.937092894977473,0.965445111893204,0.987608596410754,1,0.988028274391253,0.968811056086963,0.941796992595237,0.898359800937392,0.838615078053444,0.776910623215315,0.711722293357553,0.646738804447391,0.593391131403417,0.498447339169583,0.418917161143688,0.358785909957371,0.313834091731519,0.265718958414575,0.212306479456352,0.169927428830591,0.195856709810262,0.131282229351241,0.0575478365064103
0.454117665145181,0.536649901551018,0.605233852268973,0.675418475523094,0.726424730409932,0.768041173481779,0.813037747937914,0.851391453617112,0.88374159796555,0.912609647422741,0.944043858476203,0.970915003153044,0.988028274391253,1,0.989424355638128,0.966228321346908,0.929279334501959,0.875562490424758,0.818794879750705,0.76296476644372,0.702584524460987,0.652868179710665,0.559357227195971,0.471839993891752,0.408792452637945,0.366140497624108,0.317777064000452,0.259039255060979,0.211616707821437,0.233836402888774,0.162644774264767,0.0860226142599309
0.41067098770905,0.487454391115509,0.557099681380797,0.633114870767884,0.681446565738008,0.724583084913625,0.776574510840955,0.820414376380577,0.855069876968535,0.886511843136301,0.919589727961535,0.949865241634056,0.968811056086963,0.989424355638128,1,0.989336567533236,0.958939931604772,0.91201762635495,0.860586750119109,0.807280365049029,0.751209187005052,0.704143518123817,0.613273754328233,0.519875956756362,0.45431232672264,0.413099298517583,0.365798546356078,0.305181531366618,0.252445624155947,0.269765429967313,0.184988908220506,0.112256533923521
0.346833593772013,0.413958953993437,0.489223343848228,0.567526162758734,0.622634355265138,0.668605221724325,0.724199630910844,0.774237474193807,0.816236425322068,0.853643229706373,0.888126271544918,0.921427549358316,0.941796992595237,0.966228321346908,0.989336567533236,1,0.986478370054655,0.947252751664337,0.902151123488801,0.851056453402074,0.799301854908037,0.753818148648653,0.671447549654421,0.575145974567872,0.506871618875985,0.468242137981284,0.421877684310029,0.355265135918788,0.296367263538626,0.309012275639678,0.214383789752556,0.144676816893636
0.260770756988377,0.313891924238236,0.395456557598717,0.472664306126109,0.53478674571554,0.584074404793721,0.646973026526906,0.705876023769494,0.755274704615971,0.799072698996319,0.835978656218094,0.874363913431857,0.898359800937392,0.929279334501959,0.958939931604772,0.986478370054655,1,0.98394031539485,0.950511879732563,0.904984120906818,0.860372518932054,0.818546515909004,0.74694242991717,0.656451168429036,0.589105816804346,0.553612406790865,0.506183576640826,0.429357728097419,0.362341077043413,0.358777101944016,0.249523468568157,0.179391795812172
0.169521757606832,0.210509292453648,0.294949880561874,0.370860868757241,0.43443907623863,0.485566735550753,0.558553055813092,0.626498284134512,0.679577559411545,0.72697441509019,0.766357357940292,0.810802504167893,0.838615078053444,0.875562490424758,0.91201762635495,0.947252751664337,0.98394031539485,1,0.987062384835231,0.94751979291527,0.911849212805252,0.875792261831767,0.813496582690491,0.731405242508205,0.667128082604116,0.634688767677175,0.587109746693781,0.503644028053628,0.429466094305941,0.402689142864142,0.272128894966896,0.203768734655451
0.0895994978922635,0.125686405104148,0.211145373038165,0.286294308241303,0.349532706621228,0.399788790489097,0.476405502500294,0.548917033399023,0.604596051426825,0.654754478736725,0.697398583320732,0.748299574406508,0.776910623215315,0.818794879750705,0.860586750119109,0.902151123488801,0.950511879732563,0.987062384835231,1,0.976708920740912,0.949177591052932,0.920447345492862,0.867978659358837,0.787467905496181,0.723096798579785,0.694148315284904,0.651180483085098,0.567896872704235,0.489153017445442,0.451300707755138,0.298163572078585,0.233685392866603
0.0345898987622592,0.0684699348174047,0.151759982964539,0.224897283904034,0.282047110405184,0.327697550739155,0.399590723599961,0.469283686589299,0.524035060585848,0.575454875535905,0.624040264899101,0.683036945912644,0.711722293357553,0.76296476644372,0.807280365049029,0.851056453402074,0.904984120906818,0.94751979291527,0.976708920740912,1,0.983725041064913,0.966894412441226,0.926795413848448,0.85119544369282,0.787624126034561,0.762368772577282,0.727067534941409,0.648095234129118,0.56684945174689,0.535454312305704,0.361759595078424,0.293794649770137
-0.0257463112181477,0.00577813091504848,0.0851518337987748,0.154612764397801,0.207037327290106,0.253550578168426,0.326913689403381,0.397927109967927,0.453746954693283,0.505637419484009,0.554390011991523,0.617451387195983,0.646738804447391,0.702584524460987,0.751209187005052,0.799301854908037,0.860372518932054,0.911849212805252,0.949177591052932,0.983725041064913,1,0.987912022599075,0.95877937668626,0.881158829822768,0.817892735912857,0.795927823590996,0.765268490232934,0.691407338361962,0.609963105661234,0.571636154090662,0.384244431708325,0.325748367535979
-0.0705787234336993,-0.0352514141411855,0.0402381398726389,0.106273660079225,0.15404322708084,0.200035694795287,0.274248993984558,0.345532127280153,0.40012584391583,0.450747108165042,0.500530590239578,0.563941790150582,0.593391131403417,0.652868179710665,0.704143518123817,0.753818148648653,0.818546515909004,0.875792261831767,0.920447345492862,0.966894412441226,0.987912022599075,1,0.977892100669539,0.903315985646869,0.840892703520712,0.821752002333177,0.795455396212271,0.722872537531443,0.641521951185329,0.60503272701863,0.405922711628735,0.344020850724759
-0.153576336442509,-0.126350028043963,-0.0541453830603666,0.00496712687981458,0.0566713622520531,0.100541936649689,0.168599221075837,0.239059012228783,0.298442812253628,0.352809968400695,0.401270605694034,0.466504898376989,0.498447339169583,0.559357227195971,0.613273754328233,0.671447549654421,0.74694242991717,0.813496582690491,0.867978659358837,0.926795413848448,0.95877937668626,0.977892100669539,1,0.939351047306133,0.881658554896979,0.869581137924812,0.857041905290009,0.799854135012733,0.719664819860076,0.673930018907359,0.479389732590341,0.415540374462184
-0.17740339256479,-0.160375505746411,-0.0964984332712418,-0.0489889517533354,0.00777201862045524,0.0499965611307534,0.112593684834887,0.177452631947274,0.231984124445357,0.283384565393158,0.33002004977198,0.387439467408924,0.418917161143688,0.471839993891752,0.519875956756362,0.575145974567872,0.656451168429036,0.731405242508205,0.787467905496181,0.85119544369282,0.881158829822768,0.903315985646869,0.939351047306133,1,0.985429733584531,0.961833099157974,0.929956462985161,0.860396138665294,0.800660322883818,0.747953965683008,0.540308470755055,0.427642531120271
-0.19664359856024,-0.181689108965325,-0.124732278361468,-0.0846024161711858,-0.0299066893061945,0.0103266097089397,0.0718772075171751,0.133589492859598,0.182827550028299,0.230879624223365,0.276093801387463,0.328043914708402,0.358785909957371,0.408792452637945,0.45431232672264,0.506871618875985,0.589105816804346,0.667128082604116,0.723096798579785,0.787624126034561,0.817892735912857,0.840892703520712,0.881658554896979,0.985429733584531,1,0.987145640575957,0.954836644074685,0.883010607816957,0.833342369131403,0.765372396734852,0.55122593893596,0.418713383300627
-0.243245192012634,-0.225762283696439,-0.171188715412404,-0.133668940043416,-0.0776511545422996,-0.0380593288124763,0.0241040237585391,0.0860812214917297,0.134964334103777,0.184469233982674,0.231070865100351,0.282759322585191,0.313834091731519,0.366140497624108,0.413099298517583,0.468242137981284,0.553612406790865,0.634688767677175,0.694148315284904,0.762368772577282,0.795927823590996,0.821752002333177,0.869581137924812,0.961833099157974,0.987145640575957,1,0.983743875283528,0.910585589780263,0.861358586266095,0.773999113480042,0.545507261361965,0.41525688590914
-0.273401062450748,-0.254749129787856,-0.20645674076043,-0.171395089544845,-0.116030903092308,-0.0799022293607912,-0.0198147536776615,0.0407609127047507,0.0883218948701815,0.137463023200118,0.182603728927706,0.235581716459813,0.265718958414575,0.317777064000452,0.365798546356078,0.421877684310029,0.506183576640826,0.587109746693781,0.651180483085098,0.727067534941409,0.765268490232934,0.795455396212271,0.857041905290009,0.929956462985161,0.954836644074685,0.983743875283528,1,0.962233595426907,0.913717045141325,0.816879509048056,0.579171553525366,0.449108809396932
-0.25370037218637,-0.235702680205542,-0.201063983455973,-0.169460987587054,-0.124793653267366,-0.0954754093172811,-0.0406028750520173,0.0141980768142125,0.0550150815065591,0.0968427261048612,0.13508561183984,0.185579274783308,0.212306479456352,0.259039255060979,0.305181531366618,0.355265135918788,0.429357728097419,0.503644028053628,0.567896872704235,0.648095234129118,0.691407338361962,0.722872537531443,0.799854135012733,0.860396138665294,0.883010607816957,0.910585589780263,0.962233595426907,1,0.970738967972879,0.873717594937826,0.651656719798002,0.511220406414778
-0.244412893349255,-0.223974746496841,-0.198699060973907,-0.167559205271537,-0.126917046200651,-0.0993537018507417,-0.0525249912003153,-0.00581843659887291,0.0296908581525307,0.0671101718295546,0.104855590771006,0.147017565264987,0.169927428830591,0.211616707821437,0.252445624155947,0.296367263538626,0.362341077043413,0.429466094305941,0.489153017445442,0.56684945174689,0.609963105661234,0.641521951185329,0.719664819860076,0.800660322883818,0.833342369131403,0.861358586266095,0.913717045141325,0.970738967972879,1,0.91352238418932,0.696062242534148,0.529895291004048
-0.187378170350046,-0.166701299914776,-0.141779704124936,-0.109641587110438,-0.0706552932132175,-0.0502004659509269,-0.0188619172759447,0.0171591307747656,0.0500482213786139,0.087833614258694,0.132899904398081,0.176707305934633,0.195856709810262,0.233836402888774,0.269765429967313,0.309012275639678,0.358777101944016,0.402689142864142,0.451300707755138,0.535454312305704,0.571636154090662,0.60503272701863,0.673930018907359,0.747953965683008,0.765372396734852,0.773999113480042,0.816879509048056,0.873717594937826,0.91352238418932,1,0.776556836979449,0.578731146233547
-0.142581343018952,-0.116502323063708,-0.0912966034118255,-0.0780922158345853,-0.0441783633095066,-0.0266081908016943,-0.0155052931121821,0.00402443115547413,0.0285921076634588,0.054430865746048,0.0932893116573792,0.113678071536596,0.131282229351241,0.162644774264767,0.184988908220506,0.214383789752556,0.249523468568157,0.272128894966896,0.298163572078585,0.361759595078424,0.384244431708325,0.405922711628735,0.479389732590341,0.540308470755055,0.55122593893596,0.545507261361965,0.579171553525366,0.651656719798002,0.696062242534148,0.776556836979449,1,0.737146698700714
-0.178793701772009,-0.156957005150948,-0.150121577656879,-0.123806910472865,-0.108176904770893,-0.0915439514095045,-0.0801938272748238,-0.056315684500574,-0.0272420033863266,-0.00895204046405968,0.0181453975484162,0.0428737696373524,0.0575478365064103,0.0860226142599309,0.112256533923521,0.144676816893636,0.179391795812172,0.203768734655451,0.233685392866603,0.293794649770137,0.325748367535979,0.344020850724759,0.415540374462184,0.427642531120271,0.418713383300627,0.41525688590914,0.449108809396932,0.511220406414778,0.529895291004048,0.578731146233547,0.737146698700714,1
